,logged,day,location,model name,avg daily demand,inventory size,test days,init days,gurobi status,nvars,calc time,ncons,num patients,num SCD patients,num Other patients,num units requested,num units requested SCD,num units requested Other,num supplied products,num O- in inventory,num O+ in inventory,num A- in inventory,num A+ in inventory,num B- in inventory,num B+ in inventory,num AB- in inventory,num AB+ in inventory,num Fya-Fyb- in inventory,num Fya+Fyb- in inventory,num Fya-Fyb+ in inventory,num Fya+Fyb+ in inventory,num R0 in inventory,num outdates,num outdates O-,num outdates O+,num outdates A-,num outdates A+,num outdates B-,num outdates B+,num outdates AB-,num outdates AB+,num shortages,num shortages O-,num shortages O+,num shortages A-,num shortages A+,num shortages B-,num shortages B+,num shortages AB-,num shortages AB+,num shortages SCD,num shortages Other,num mismatched patients SCD A,num mismatched patients SCD B,num mismatched patients SCD D,num mismatched patients SCD C,num mismatched patients SCD c,num mismatched patients SCD E,num mismatched patients SCD e,num mismatched patients SCD K,num mismatched patients SCD k,num mismatched patients SCD Fya,num mismatched patients SCD Fyb,num mismatched patients SCD Jka,num mismatched patients SCD Jkb,num mismatched patients SCD M,num mismatched patients SCD N,num mismatched patients SCD S,num mismatched patients SCD s,num mismatched patients Other A,num mismatched patients Other B,num mismatched patients Other D,num mismatched patients Other C,num mismatched patients Other c,num mismatched patients Other E,num mismatched patients Other e,num mismatched patients Other K,num mismatched patients Other k,num mismatched patients Other Fya,num mismatched patients Other Fyb,num mismatched patients Other Jka,num mismatched patients Other Jkb,num mismatched patients Other M,num mismatched patients Other N,num mismatched patients Other S,num mismatched patients Other s,num mismatched units SCD A,num mismatched units SCD B,num mismatched units SCD D,num mismatched units SCD C,num mismatched units SCD c,num mismatched units SCD E,num mismatched units SCD e,num mismatched units SCD K,num mismatched units SCD k,num mismatched units SCD Fya,num mismatched units SCD Fyb,num mismatched units SCD Jka,num mismatched units SCD Jkb,num mismatched units SCD M,num mismatched units SCD N,num mismatched units SCD S,num mismatched units SCD s,num mismatched units Other A,num mismatched units Other B,num mismatched units Other D,num mismatched units Other C,num mismatched units Other c,num mismatched units Other E,num mismatched units Other e,num mismatched units Other K,num mismatched units Other k,num mismatched units Other Fya,num mismatched units Other Fyb,num mismatched units Other Jka,num mismatched units Other Jkb,num mismatched units Other M,num mismatched units Other N,num mismatched units Other S,num mismatched units Other s
0,1.0,0.0,London_198,,151,453,1092.0,70.0,2.0,137259.0,0.6623065068852156,756.0,2.0,0.0,2.0,2.0,0.0,2.0,453.0,68.0,165.0,32.0,128.0,13.0,38.0,2.0,7.0,6.0,70.0,162.0,215.0,51.0,0.0,0.0,0.0,0.0,0.0,0.0,0.0,0.0,0.0,0.0,0.0,0.0,0.0,0.0,0.0,0.0,0.0,0.0,0.0,0.0,0.0,0.0,0.0,0.0,0.0,0.0,0.0,0.0,0.0,0.0,0.0,0.0,0.0,0.0,0.0,0.0,0.0,0.0,0.0,0.0,0.0,0.0,0.0,0.0,0.0,0.0,0.0,0.0,0.0,0.0,1.0,1.0,0.0,0.0,0.0,0.0,0.0,0.0,0.0,0.0,0.0,0.0,0.0,0.0,0.0,0.0,0.0,0.0,0.0,0.0,0.0,0.0,0.0,0.0,0.0,0.0,0.0,0.0,0.0,0.0,0.0,0.0,0.0,0.0,1.0,1.0,0.0,0.0
1,1.0,1.0,London_198,,151,453,1092.0,70.0,2.0,177576.0,0.49023920204490423,845.0,134.0,2.0,132.0,262.0,19.0,243.0,2.0,68.0,164.0,32.0,129.0,13.0,38.0,2.0,7.0,6.0,69.0,163.0,215.0,52.0,0.0,0.0,0.0,0.0,0.0,0.0,0.0,0.0,0.0,50.0,0.0,10.0,5.0,29.0,0.0,2.0,1.0,3.0,2.0,48.0,0.0,0.0,0.0,0.0,0.0,0.0,0.0,0.0,0.0,0.0,0.0,0.0,0.0,0.0,0.0,0.0,0.0,0.0,0.0,0.0,3.0,1.0,0.0,0.0,0.0,1.0,2.0,2.0,2.0,2.0,21.0,21.0,7.0,4.0,0.0,0.0,0.0,0.0,0.0,0.0,0.0,0.0,0.0,0.0,0.0,0.0,0.0,0.0,0.0,0.0,0.0,0.0,0.0,0.0,5.0,1.0,0.0,0.0,0.0,1.0,2.0,4.0,2.0,6.0,31.0,27.0,10.0,6.0
2,1.0,2.0,London_198,,151,453,1092.0,70.0,2.0,153114.0,0.5107838320545852,791.0,99.0,0.0,99.0,173.0,0.0,173.0,161.0,75.0,150.0,32.0,138.0,11.0,35.0,2.0,10.0,9.0,62.0,149.0,233.0,50.0,0.0,0.0,0.0,0.0,0.0,0.0,0.0,0.0,0.0,28.0,0.0,9.0,5.0,12.0,0.0,0.0,0.0,2.0,0.0,28.0,0.0,0.0,0.0,0.0,0.0,0.0,0.0,0.0,0.0,0.0,0.0,0.0,0.0,0.0,0.0,0.0,0.0,0.0,0.0,0.0,2.0,1.0,2.0,0.0,1.0,0.0,2.0,2.0,5.0,3.0,11.0,10.0,7.0,3.0,0.0,0.0,0.0,0.0,0.0,0.0,0.0,0.0,0.0,0.0,0.0,0.0,0.0,0.0,0.0,0.0,0.0,0.0,0.0,0.0,2.0,1.0,2.0,0.0,1.0,0.0,3.0,3.0,6.0,3.0,18.0,15.0,10.0,4.0
3,1.0,3.0,London_198,,151,453,1092.0,70.0,2.0,158097.0,0.482089624973014,802.0,18.0,1.0,17.0,43.0,8.0,35.0,132.0,67.0,156.0,31.0,144.0,10.0,33.0,1.0,11.0,7.0,59.0,156.0,231.0,54.0,0.0,0.0,0.0,0.0,0.0,0.0,0.0,0.0,0.0,8.0,0.0,2.0,1.0,3.0,0.0,2.0,0.0,0.0,1.0,7.0,0.0,0.0,0.0,0.0,0.0,0.0,0.0,0.0,0.0,0.0,0.0,0.0,0.0,0.0,0.0,0.0,0.0,0.0,0.0,0.0,0.0,0.0,0.0,0.0,0.0,0.0,0.0,0.0,0.0,0.0,5.0,3.0,1.0,0.0,0.0,0.0,0.0,0.0,0.0,0.0,0.0,0.0,0.0,0.0,0.0,0.0,0.0,0.0,0.0,0.0,0.0,0.0,0.0,0.0,0.0,0.0,0.0,0.0,0.0,0.0,0.0,0.0,0.0,0.0,7.0,5.0,1.0,0.0
4,1.0,4.0,London_198,,151,453,1092.0,70.0,2.0,203850.0,1.5038117461372167,903.0,144.0,1.0,143.0,254.0,11.0,243.0,25.0,67.0,158.0,32.0,143.0,9.0,30.0,2.0,12.0,9.0,55.0,156.0,233.0,55.0,0.0,0.0,0.0,0.0,0.0,0.0,0.0,0.0,0.0,71.0,0.0,31.0,5.0,25.0,1.0,4.0,0.0,5.0,1.0,70.0,0.0,0.0,0.0,0.0,0.0,0.0,0.0,0.0,0.0,0.0,0.0,0.0,0.0,0.0,1.0,0.0,0.0,0.0,0.0,0.0,0.0,0.0,1.0,0.0,1.0,0.0,2.0,2.0,0.0,2.0,11.0,17.0,5.0,1.0,0.0,0.0,0.0,0.0,0.0,0.0,0.0,0.0,0.0,0.0,0.0,0.0,0.0,0.0,2.0,0.0,0.0,0.0,0.0,0.0,0.0,0.0,1.0,0.0,1.0,0.0,3.0,3.0,0.0,2.0,17.0,23.0,7.0,1.0
5,1.0,5.0,London_198,,151,453,1092.0,70.0,2.0,187995.0,0.5621076549869031,868.0,113.0,2.0,111.0,203.0,18.0,185.0,139.0,67.0,165.0,23.0,144.0,8.0,36.0,3.0,7.0,6.0,59.0,169.0,219.0,61.0,0.0,0.0,0.0,0.0,0.0,0.0,0.0,0.0,0.0,36.0,0.0,8.0,4.0,16.0,2.0,3.0,0.0,3.0,2.0,34.0,0.0,0.0,0.0,0.0,0.0,0.0,0.0,0.0,0.0,0.0,0.0,0.0,0.0,1.0,0.0,0.0,0.0,0.0,0.0,0.0,0.0,0.0,0.0,0.0,2.0,0.0,0.0,1.0,0.0,1.0,18.0,15.0,6.0,2.0,0.0,0.0,0.0,0.0,0.0,0.0,0.0,0.0,0.0,0.0,0.0,0.0,0.0,4.0,0.0,0.0,0.0,0.0,0.0,0.0,0.0,0.0,0.0,0.0,2.0,0.0,0.0,2.0,0.0,2.0,24.0,21.0,9.0,3.0
6,1.0,6.0,London_198,,151,453,1092.0,70.0,2.0,183918.0,0.6532698371447623,859.0,66.0,0.0,66.0,118.0,0.0,118.0,133.0,78.0,176.0,27.0,120.0,7.0,34.0,2.0,9.0,8.0,73.0,159.0,213.0,45.0,0.0,0.0,0.0,0.0,0.0,0.0,0.0,0.0,0.0,28.0,0.0,11.0,2.0,11.0,0.0,3.0,0.0,1.0,0.0,28.0,0.0,0.0,0.0,0.0,0.0,0.0,0.0,0.0,0.0,0.0,0.0,0.0,0.0,0.0,0.0,0.0,0.0,0.0,0.0,0.0,0.0,0.0,0.0,0.0,0.0,0.0,0.0,0.0,0.0,2.0,5.0,8.0,1.0,0.0,0.0,0.0,0.0,0.0,0.0,0.0,0.0,0.0,0.0,0.0,0.0,0.0,0.0,0.0,0.0,0.0,0.0,0.0,0.0,0.0,0.0,0.0,0.0,0.0,0.0,0.0,0.0,0.0,0.0,3.0,10.0,11.0,1.0,0.0
7,1.0,7.0,London_198,,151,453,1092.0,70.0,2.0,191619.0,0.6330768668558449,876.0,87.0,2.0,85.0,153.0,20.0,133.0,70.0,75.0,174.0,33.0,116.0,8.0,34.0,3.0,10.0,9.0,82.0,146.0,216.0,45.0,0.0,0.0,0.0,0.0,0.0,0.0,0.0,0.0,0.0,25.0,0.0,7.0,1.0,11.0,0.0,1.0,3.0,2.0,1.0,24.0,0.0,0.0,0.0,0.0,0.0,0.0,0.0,0.0,0.0,0.0,0.0,0.0,0.0,1.0,0.0,0.0,0.0,0.0,0.0,0.0,0.0,0.0,0.0,0.0,0.0,0.0,0.0,0.0,0.0,5.0,12.0,17.0,3.0,1.0,0.0,0.0,0.0,0.0,0.0,0.0,0.0,0.0,0.0,0.0,0.0,0.0,0.0,9.0,0.0,0.0,0.0,0.0,0.0,0.0,0.0,0.0,0.0,0.0,0.0,0.0,0.0,0.0,0.0,5.0,19.0,27.0,3.0,1.0
8,1.0,8.0,London_198,,151,453,1092.0,70.0,2.0,181653.0,0.4221054988447577,854.0,145.0,2.0,143.0,257.0,19.0,238.0,111.0,74.0,160.0,36.0,123.0,12.0,37.0,2.0,9.0,9.0,74.0,140.0,230.0,53.0,0.0,0.0,0.0,0.0,0.0,0.0,0.0,0.0,0.0,46.0,0.0,12.0,0.0,30.0,0.0,2.0,0.0,2.0,1.0,45.0,0.0,0.0,0.0,0.0,0.0,0.0,0.0,0.0,0.0,0.0,0.0,0.0,0.0,0.0,0.0,0.0,0.0,0.0,0.0,0.0,0.0,0.0,0.0,0.0,1.0,2.0,2.0,3.0,1.0,0.0,20.0,20.0,5.0,4.0,0.0,0.0,0.0,0.0,0.0,0.0,0.0,0.0,0.0,0.0,0.0,0.0,0.0,0.0,0.0,0.0,0.0,0.0,0.0,0.0,0.0,0.0,0.0,0.0,1.0,3.0,2.0,4.0,1.0,0.0,26.0,24.0,7.0,5.0
9,1.0,9.0,London_198,,151,453,1092.0,70.0,2.0,144960.0,0.34649703302420676,773.0,130.0,0.0,130.0,233.0,0.0,233.0,176.0,70.0,171.0,30.0,115.0,14.0,44.0,2.0,7.0,13.0,72.0,142.0,226.0,59.0,0.0,0.0,0.0,0.0,0.0,0.0,0.0,0.0,0.0,26.0,0.0,2.0,0.0,18.0,0.0,0.0,1.0,5.0,0.0,26.0,0.0,0.0,0.0,0.0,0.0,0.0,0.0,0.0,0.0,0.0,0.0,0.0,0.0,0.0,0.0,0.0,0.0,0.0,0.0,0.0,1.0,6.0,0.0,1.0,2.0,0.0,8.0,4.0,1.0,7.0,21.0,25.0,12.0,6.0,0.0,0.0,0.0,0.0,0.0,0.0,0.0,0.0,0.0,0.0,0.0,0.0,0.0,0.0,0.0,0.0,0.0,0.0,0.0,0.0,1.0,9.0,0.0,2.0,2.0,0.0,10.0,9.0,2.0,10.0,34.0,37.0,15.0,10.0
10,1.0,10.0,London_198,,151,453,1092.0,70.0,2.0,120951.0,0.28655941179022193,720.0,107.0,1.0,106.0,185.0,9.0,176.0,190.0,66.0,166.0,31.0,128.0,13.0,37.0,3.0,9.0,6.0,71.0,158.0,218.0,56.0,0.0,0.0,0.0,0.0,0.0,0.0,0.0,0.0,0.0,5.0,0.0,0.0,0.0,4.0,0.0,1.0,0.0,0.0,1.0,4.0,0.0,0.0,0.0,0.0,0.0,0.0,0.0,0.0,0.0,0.0,0.0,0.0,0.0,0.0,0.0,0.0,0.0,0.0,0.0,0.0,0.0,6.0,1.0,1.0,0.0,0.0,7.0,6.0,0.0,5.0,18.0,32.0,13.0,5.0,0.0,0.0,0.0,0.0,0.0,0.0,0.0,0.0,0.0,0.0,0.0,0.0,0.0,0.0,0.0,0.0,0.0,0.0,0.0,0.0,0.0,6.0,1.0,2.0,0.0,0.0,10.0,10.0,0.0,8.0,21.0,43.0,14.0,8.0
11,1.0,11.0,London_198,,151,453,1092.0,70.0,2.0,97848.0,0.2361272699199617,669.0,49.0,2.0,47.0,99.0,17.0,82.0,170.0,55.0,165.0,36.0,131.0,12.0,43.0,3.0,8.0,9.0,74.0,162.0,208.0,64.0,0.0,0.0,0.0,0.0,0.0,0.0,0.0,0.0,0.0,0.0,0.0,0.0,0.0,0.0,0.0,0.0,0.0,0.0,0.0,0.0,0.0,0.0,0.0,0.0,0.0,0.0,0.0,0.0,0.0,0.0,0.0,0.0,0.0,1.0,0.0,0.0,1.0,0.0,0.0,0.0,0.0,1.0,1.0,2.0,1.0,0.0,4.0,4.0,3.0,6.0,7.0,13.0,4.0,7.0,0.0,0.0,0.0,0.0,0.0,0.0,0.0,0.0,0.0,0.0,0.0,0.0,0.0,5.0,0.0,0.0,5.0,0.0,0.0,0.0,0.0,1.0,1.0,2.0,1.0,0.0,6.0,6.0,3.0,9.0,12.0,18.0,7.0,10.0
12,1.0,12.0,London_198,,151,453,1092.0,70.0,2.0,102378.0,0.2683476861566305,679.0,69.0,0.0,69.0,115.0,0.0,115.0,99.0,73.0,160.0,33.0,130.0,11.0,35.0,3.0,8.0,10.0,75.0,147.0,221.0,73.0,0.0,0.0,0.0,0.0,0.0,0.0,0.0,0.0,0.0,0.0,0.0,0.0,0.0,0.0,0.0,0.0,0.0,0.0,0.0,0.0,0.0,0.0,0.0,0.0,0.0,0.0,0.0,0.0,0.0,0.0,0.0,0.0,0.0,0.0,0.0,0.0,0.0,0.0,0.0,0.0,0.0,5.0,0.0,0.0,3.0,0.0,3.0,1.0,5.0,3.0,14.0,15.0,9.0,1.0,0.0,0.0,0.0,0.0,0.0,0.0,0.0,0.0,0.0,0.0,0.0,0.0,0.0,0.0,0.0,0.0,0.0,0.0,0.0,0.0,0.0,7.0,0.0,0.0,4.0,0.0,3.0,1.0,6.0,5.0,26.0,20.0,11.0,2.0
13,1.0,13.0,London_198,,151,453,1092.0,70.0,2.0,93318.0,0.2328627200331539,659.0,15.0,0.0,15.0,24.0,0.0,24.0,115.0,82.0,158.0,29.0,127.0,13.0,32.0,4.0,8.0,10.0,79.0,150.0,214.0,76.0,0.0,0.0,0.0,0.0,0.0,0.0,0.0,0.0,0.0,0.0,0.0,0.0,0.0,0.0,0.0,0.0,0.0,0.0,0.0,0.0,0.0,0.0,0.0,0.0,0.0,0.0,0.0,0.0,0.0,0.0,0.0,0.0,0.0,0.0,0.0,0.0,0.0,0.0,0.0,0.0,0.0,1.0,0.0,0.0,1.0,0.0,0.0,0.0,2.0,1.0,3.0,4.0,1.0,0.0,0.0,0.0,0.0,0.0,0.0,0.0,0.0,0.0,0.0,0.0,0.0,0.0,0.0,0.0,0.0,0.0,0.0,0.0,0.0,0.0,0.0,1.0,0.0,0.0,1.0,0.0,0.0,0.0,2.0,2.0,5.0,5.0,1.0,0.0
14,1.0,14.0,London_198,,151,453,1092.0,70.0,2.0,120498.0,0.28439323185011744,719.0,8.0,0.0,8.0,16.0,0.0,16.0,24.0,86.0,153.0,30.0,125.0,13.0,32.0,4.0,10.0,10.0,80.0,151.0,212.0,77.0,0.0,0.0,0.0,0.0,0.0,0.0,0.0,0.0,0.0,1.0,0.0,0.0,0.0,1.0,0.0,0.0,0.0,0.0,0.0,1.0,0.0,0.0,0.0,0.0,0.0,0.0,0.0,0.0,0.0,0.0,0.0,0.0,0.0,0.0,0.0,0.0,0.0,0.0,0.0,0.0,0.0,1.0,0.0,0.0,0.0,0.0,0.0,0.0,0.0,0.0,1.0,0.0,2.0,0.0,0.0,0.0,0.0,0.0,0.0,0.0,0.0,0.0,0.0,0.0,0.0,0.0,0.0,0.0,0.0,0.0,0.0,0.0,0.0,0.0,0.0,1.0,0.0,0.0,0.0,0.0,0.0,0.0,0.0,0.0,1.0,0.0,3.0,0.0
15,1.0,15.0,London_198,,151,453,1092.0,70.0,2.0,161268.0,0.37792893894948065,809.0,72.0,3.0,69.0,145.0,23.0,122.0,14.0,86.0,151.0,31.0,125.0,13.0,33.0,4.0,10.0,10.0,82.0,148.0,213.0,76.0,0.0,0.0,0.0,0.0,0.0,0.0,0.0,0.0,0.0,22.0,0.0,4.0,1.0,8.0,1.0,3.0,1.0,4.0,2.0,20.0,0.0,0.0,0.0,0.0,0.0,0.0,0.0,0.0,0.0,0.0,0.0,0.0,0.0,0.0,1.0,0.0,0.0,0.0,0.0,0.0,0.0,4.0,1.0,2.0,1.0,1.0,4.0,2.0,0.0,0.0,10.0,7.0,3.0,3.0,0.0,0.0,0.0,0.0,0.0,0.0,0.0,0.0,0.0,0.0,0.0,0.0,0.0,0.0,7.0,0.0,0.0,0.0,0.0,0.0,0.0,6.0,1.0,2.0,1.0,1.0,5.0,2.0,0.0,0.0,14.0,9.0,3.0,3.0
16,1.0,16.0,London_198,,151,453,1092.0,70.0,2.0,172140.0,0.4330789528321475,833.0,201.0,2.0,199.0,351.0,17.0,334.0,105.0,93.0,161.0,28.0,114.0,11.0,38.0,3.0,5.0,10.0,78.0,142.0,223.0,72.0,0.0,0.0,0.0,0.0,0.0,0.0,0.0,0.0,0.0,62.0,0.0,9.0,9.0,30.0,1.0,6.0,0.0,7.0,1.0,61.0,0.0,0.0,0.0,0.0,0.0,0.0,0.0,0.0,0.0,0.0,0.0,0.0,0.0,0.0,0.0,0.0,0.0,0.0,0.0,0.0,0.0,7.0,1.0,2.0,1.0,0.0,3.0,2.0,5.0,6.0,25.0,41.0,20.0,3.0,0.0,0.0,0.0,0.0,0.0,0.0,0.0,0.0,0.0,0.0,0.0,0.0,0.0,0.0,0.0,0.0,0.0,0.0,0.0,0.0,0.0,10.0,1.0,2.0,1.0,0.0,4.0,2.0,6.0,10.0,39.0,53.0,24.0,5.0
17,1.0,17.0,London_198,,151,453,1092.0,70.0,2.0,120498.0,0.2883136859163642,719.0,0.0,0.0,0.0,0.0,0.0,0.0,242.0,88.0,156.0,28.0,113.0,13.0,46.0,4.0,5.0,5.0,68.0,167.0,213.0,60.0,0.0,0.0,0.0,0.0,0.0,0.0,0.0,0.0,0.0,0.0,0.0,0.0,0.0,0.0,0.0,0.0,0.0,0.0,0.0,0.0,0.0,0.0,0.0,0.0,0.0,0.0,0.0,0.0,0.0,0.0,0.0,0.0,0.0,0.0,0.0,0.0,0.0,0.0,0.0,0.0,0.0,0.0,0.0,0.0,0.0,0.0,0.0,0.0,0.0,0.0,0.0,0.0,0.0,0.0,0.0,0.0,0.0,0.0,0.0,0.0,0.0,0.0,0.0,0.0,0.0,0.0,0.0,0.0,0.0,0.0,0.0,0.0,0.0,0.0,0.0,0.0,0.0,0.0,0.0,0.0,0.0,0.0,0.0,0.0,0.0,0.0,0.0,0.0
18,1.0,18.0,London_198,,151,453,1092.0,70.0,2.0,163986.0,0.47764048213139176,815.0,32.0,0.0,32.0,62.0,0.0,62.0,0.0,88.0,156.0,28.0,113.0,13.0,46.0,4.0,5.0,5.0,68.0,167.0,213.0,60.0,0.0,0.0,0.0,0.0,0.0,0.0,0.0,0.0,0.0,14.0,0.0,2.0,1.0,7.0,0.0,4.0,0.0,0.0,0.0,14.0,0.0,0.0,0.0,0.0,0.0,0.0,0.0,0.0,0.0,0.0,0.0,0.0,0.0,0.0,0.0,0.0,0.0,0.0,0.0,0.0,0.0,0.0,0.0,0.0,0.0,0.0,0.0,0.0,0.0,0.0,1.0,3.0,1.0,2.0,0.0,0.0,0.0,0.0,0.0,0.0,0.0,0.0,0.0,0.0,0.0,0.0,0.0,0.0,0.0,0.0,0.0,0.0,0.0,0.0,0.0,0.0,0.0,0.0,0.0,0.0,0.0,0.0,0.0,0.0,1.0,5.0,1.0,3.0
19,1.0,19.0,London_198,,151,453,1092.0,70.0,2.0,190713.0,0.8074447051621974,874.0,98.0,2.0,96.0,185.0,18.0,167.0,36.0,92.0,147.0,31.0,120.0,11.0,42.0,4.0,6.0,5.0,71.0,176.0,201.0,50.0,0.0,0.0,0.0,0.0,0.0,0.0,0.0,0.0,0.0,28.0,0.0,8.0,1.0,9.0,1.0,6.0,0.0,3.0,2.0,26.0,0.0,0.0,0.0,0.0,0.0,0.0,0.0,0.0,0.0,0.0,0.0,0.0,0.0,0.0,0.0,0.0,0.0,0.0,0.0,0.0,2.0,0.0,0.0,0.0,0.0,0.0,2.0,0.0,2.0,5.0,16.0,19.0,7.0,2.0,0.0,0.0,0.0,0.0,0.0,0.0,0.0,0.0,0.0,0.0,0.0,0.0,0.0,0.0,0.0,0.0,0.0,0.0,0.0,0.0,2.0,0.0,0.0,0.0,0.0,0.0,2.0,0.0,2.0,6.0,21.0,30.0,8.0,3.0
20,1.0,20.0,London_198,,151,453,1092.0,70.0,2.0,184824.0,0.4056672800797969,861.0,165.0,0.0,165.0,298.0,0.0,298.0,129.0,76.0,161.0,29.0,132.0,8.0,38.0,2.0,7.0,6.0,69.0,178.0,200.0,56.0,0.0,0.0,0.0,0.0,0.0,0.0,0.0,0.0,0.0,65.0,0.0,16.0,6.0,29.0,1.0,4.0,3.0,6.0,0.0,65.0,0.0,0.0,0.0,0.0,0.0,0.0,0.0,0.0,0.0,0.0,0.0,0.0,0.0,0.0,0.0,0.0,0.0,0.0,0.0,0.0,2.0,2.0,1.0,1.0,0.0,0.0,2.0,3.0,4.0,7.0,21.0,29.0,9.0,3.0,0.0,0.0,0.0,0.0,0.0,0.0,0.0,0.0,0.0,0.0,0.0,0.0,0.0,0.0,0.0,0.0,0.0,0.0,0.0,0.0,2.0,2.0,2.0,1.0,0.0,0.0,3.0,4.0,5.0,9.0,32.0,42.0,13.0,5.0
21,1.0,21.0,London_198,,151,453,1092.0,70.0,2.0,145413.0,0.37803313112817705,774.0,87.0,1.0,86.0,164.0,9.0,155.0,185.0,81.0,171.0,26.0,116.0,8.0,40.0,4.0,7.0,6.0,72.0,186.0,189.0,56.0,0.0,0.0,0.0,0.0,0.0,0.0,0.0,0.0,0.0,23.0,0.0,3.0,5.0,11.0,0.0,1.0,0.0,3.0,1.0,22.0,0.0,0.0,0.0,0.0,0.0,0.0,0.0,0.0,0.0,0.0,0.0,0.0,0.0,0.0,0.0,0.0,0.0,0.0,0.0,0.0,1.0,0.0,1.0,0.0,1.0,0.0,1.0,2.0,0.0,4.0,12.0,14.0,4.0,1.0,0.0,0.0,0.0,0.0,0.0,0.0,0.0,0.0,0.0,0.0,0.0,0.0,0.0,0.0,0.0,0.0,0.0,0.0,0.0,0.0,1.0,0.0,1.0,0.0,1.0,0.0,1.0,2.0,0.0,6.0,18.0,20.0,5.0,1.0
22,1.0,22.0,London_198,,151,453,1092.0,70.0,2.0,146319.0,0.3378187899943441,776.0,83.0,0.0,83.0,137.0,0.0,137.0,120.0,86.0,182.0,25.0,107.0,9.0,36.0,2.0,6.0,8.0,80.0,176.0,189.0,54.0,0.0,0.0,0.0,0.0,0.0,0.0,0.0,0.0,0.0,23.0,0.0,1.0,4.0,10.0,0.0,3.0,1.0,4.0,0.0,23.0,0.0,0.0,0.0,0.0,0.0,0.0,0.0,0.0,0.0,0.0,0.0,0.0,0.0,0.0,0.0,0.0,0.0,0.0,0.0,0.0,2.0,0.0,0.0,0.0,1.0,0.0,2.0,4.0,1.0,5.0,9.0,9.0,5.0,1.0,0.0,0.0,0.0,0.0,0.0,0.0,0.0,0.0,0.0,0.0,0.0,0.0,0.0,0.0,0.0,0.0,0.0,0.0,0.0,0.0,2.0,0.0,0.0,0.0,1.0,0.0,2.0,4.0,1.0,7.0,13.0,10.0,5.0,1.0
23,1.0,23.0,London_198,,151,453,1092.0,70.0,2.0,144960.0,0.3953099278733134,773.0,109.0,2.0,107.0,203.0,17.0,186.0,103.0,88.0,189.0,18.0,105.0,8.0,37.0,3.0,5.0,8.0,67.0,179.0,199.0,58.0,0.0,0.0,0.0,0.0,0.0,0.0,0.0,0.0,0.0,36.0,0.0,0.0,5.0,20.0,0.0,7.0,1.0,3.0,2.0,34.0,0.0,0.0,0.0,0.0,0.0,0.0,0.0,0.0,0.0,0.0,0.0,0.0,0.0,0.0,1.0,0.0,0.0,0.0,0.0,0.0,1.0,3.0,1.0,1.0,0.0,0.0,5.0,4.0,1.0,5.0,15.0,20.0,11.0,5.0,0.0,0.0,0.0,0.0,0.0,0.0,0.0,0.0,0.0,0.0,0.0,0.0,0.0,0.0,5.0,0.0,0.0,0.0,0.0,0.0,1.0,5.0,1.0,1.0,0.0,0.0,8.0,5.0,2.0,5.0,18.0,29.0,14.0,5.0
24,1.0,24.0,London_198,,151,453,1092.0,70.0,2.0,131823.0,0.4125028580892831,744.0,24.0,1.0,23.0,46.0,8.0,38.0,146.0,85.0,178.0,27.0,113.0,10.0,30.0,1.0,9.0,8.0,61.0,178.0,206.0,49.0,0.0,0.0,0.0,0.0,0.0,0.0,0.0,0.0,0.0,2.0,0.0,0.0,0.0,2.0,0.0,0.0,0.0,0.0,0.0,2.0,0.0,0.0,0.0,0.0,0.0,0.0,0.0,0.0,0.0,0.0,0.0,0.0,0.0,0.0,0.0,0.0,0.0,0.0,0.0,0.0,0.0,2.0,0.0,1.0,0.0,0.0,0.0,0.0,0.0,1.0,3.0,8.0,1.0,2.0,0.0,0.0,0.0,0.0,0.0,0.0,0.0,0.0,0.0,0.0,0.0,0.0,0.0,0.0,0.0,0.0,0.0,0.0,0.0,0.0,0.0,2.0,0.0,1.0,0.0,0.0,0.0,0.0,0.0,1.0,4.0,10.0,1.0,3.0
25,1.0,25.0,London_198,,151,453,1092.0,70.0,2.0,168516.0,0.4529869130346924,825.0,60.0,2.0,58.0,127.0,18.0,109.0,42.0,78.0,176.0,27.0,120.0,11.0,31.0,1.0,9.0,8.0,66.0,169.0,210.0,50.0,0.0,0.0,0.0,0.0,0.0,0.0,0.0,0.0,0.0,24.0,0.0,4.0,5.0,9.0,0.0,4.0,0.0,2.0,1.0,23.0,0.0,0.0,0.0,0.0,0.0,0.0,0.0,0.0,0.0,0.0,0.0,0.0,0.0,0.0,0.0,0.0,0.0,0.0,0.0,0.0,2.0,0.0,0.0,0.0,1.0,0.0,0.0,1.0,0.0,1.0,7.0,6.0,2.0,1.0,0.0,0.0,0.0,0.0,0.0,0.0,0.0,0.0,0.0,0.0,0.0,0.0,0.0,0.0,0.0,0.0,0.0,0.0,0.0,0.0,2.0,0.0,0.0,0.0,1.0,0.0,0.0,1.0,0.0,1.0,11.0,8.0,2.0,2.0
26,1.0,26.0,London_198,,151,453,1092.0,70.0,2.0,187995.0,0.5493231220170856,868.0,61.0,1.0,60.0,124.0,9.0,115.0,81.0,74.0,179.0,29.0,122.0,12.0,29.0,1.0,7.0,8.0,72.0,161.0,212.0,52.0,0.0,0.0,0.0,0.0,0.0,0.0,0.0,0.0,0.0,22.0,0.0,3.0,3.0,10.0,1.0,3.0,0.0,2.0,1.0,21.0,0.0,0.0,0.0,0.0,0.0,0.0,0.0,0.0,0.0,0.0,0.0,0.0,0.0,0.0,0.0,0.0,0.0,0.0,0.0,0.0,0.0,0.0,0.0,0.0,0.0,0.0,1.0,2.0,1.0,1.0,7.0,11.0,3.0,2.0,0.0,0.0,0.0,0.0,0.0,0.0,0.0,0.0,0.0,0.0,0.0,0.0,0.0,0.0,0.0,0.0,0.0,0.0,0.0,0.0,0.0,0.0,0.0,0.0,0.0,0.0,1.0,4.0,1.0,1.0,12.0,16.0,5.0,4.0
27,1.0,27.0,London_198,,151,453,1092.0,70.0,2.0,198414.0,0.6997763940598816,891.0,154.0,0.0,154.0,260.0,0.0,260.0,82.0,71.0,185.0,32.0,121.0,9.0,26.0,1.0,8.0,7.0,67.0,172.0,207.0,52.0,0.0,0.0,0.0,0.0,0.0,0.0,0.0,0.0,0.0,55.0,0.0,11.0,3.0,33.0,1.0,5.0,0.0,2.0,0.0,55.0,0.0,0.0,0.0,0.0,0.0,0.0,0.0,0.0,0.0,0.0,0.0,0.0,0.0,0.0,0.0,0.0,0.0,0.0,0.0,0.0,0.0,0.0,0.0,0.0,0.0,0.0,2.0,1.0,1.0,5.0,19.0,32.0,4.0,5.0,0.0,0.0,0.0,0.0,0.0,0.0,0.0,0.0,0.0,0.0,0.0,0.0,0.0,0.0,0.0,0.0,0.0,0.0,0.0,0.0,0.0,0.0,0.0,0.0,0.0,0.0,2.0,2.0,1.0,6.0,25.0,42.0,7.0,6.0
28,1.0,28.0,London_198,,151,453,1092.0,70.0,2.0,167610.0,0.5095965540967882,823.0,135.0,0.0,135.0,233.0,0.0,233.0,166.0,69.0,179.0,28.0,119.0,14.0,34.0,3.0,7.0,8.0,67.0,176.0,202.0,52.0,0.0,0.0,0.0,0.0,0.0,0.0,0.0,0.0,0.0,44.0,0.0,3.0,8.0,22.0,0.0,3.0,1.0,7.0,0.0,44.0,0.0,0.0,0.0,0.0,0.0,0.0,0.0,0.0,0.0,0.0,0.0,0.0,0.0,0.0,0.0,0.0,0.0,0.0,0.0,0.0,3.0,3.0,0.0,2.0,0.0,0.0,6.0,1.0,0.0,7.0,10.0,23.0,12.0,0.0,0.0,0.0,0.0,0.0,0.0,0.0,0.0,0.0,0.0,0.0,0.0,0.0,0.0,0.0,0.0,0.0,0.0,0.0,0.0,0.0,3.0,4.0,0.0,2.0,0.0,0.0,7.0,2.0,0.0,14.0,13.0,35.0,16.0,0.0
29,1.0,29.0,London_198,,151,453,1092.0,70.0,2.0,141789.0,1.085968510946259,766.0,32.0,2.0,30.0,79.0,18.0,61.0,159.0,69.0,175.0,25.0,121.0,12.0,40.0,3.0,8.0,6.0,78.0,161.0,208.0,52.0,0.0,0.0,0.0,0.0,0.0,0.0,0.0,0.0,0.0,7.0,0.0,0.0,0.0,4.0,0.0,1.0,0.0,2.0,1.0,6.0,0.0,0.0,0.0,0.0,0.0,0.0,0.0,0.0,0.0,0.0,0.0,0.0,0.0,0.0,0.0,0.0,0.0,0.0,0.0,0.0,1.0,1.0,0.0,1.0,0.0,0.0,1.0,0.0,0.0,3.0,1.0,7.0,3.0,3.0,0.0,0.0,0.0,0.0,0.0,0.0,0.0,0.0,0.0,0.0,0.0,0.0,0.0,0.0,0.0,0.0,0.0,0.0,0.0,0.0,1.0,1.0,0.0,1.0,0.0,0.0,1.0,0.0,0.0,4.0,2.0,13.0,3.0,6.0
30,1.0,30.0,London_198,,151,453,1092.0,70.0,2.0,170328.0,0.636007206980139,829.0,149.0,1.0,148.0,264.0,9.0,255.0,55.0,70.0,165.0,33.0,120.0,11.0,43.0,3.0,8.0,5.0,80.0,152.0,216.0,49.0,0.0,0.0,0.0,0.0,0.0,0.0,0.0,0.0,0.0,48.0,0.0,6.0,2.0,23.0,1.0,13.0,0.0,3.0,1.0,47.0,0.0,0.0,0.0,0.0,0.0,0.0,0.0,0.0,0.0,0.0,0.0,0.0,0.0,0.0,0.0,0.0,0.0,0.0,0.0,0.0,1.0,3.0,2.0,1.0,0.0,0.0,9.0,1.0,0.0,6.0,20.0,23.0,7.0,10.0,0.0,0.0,0.0,0.0,0.0,0.0,0.0,0.0,0.0,0.0,0.0,0.0,0.0,0.0,0.0,0.0,0.0,0.0,0.0,0.0,1.0,3.0,2.0,1.0,0.0,0.0,10.0,1.0,0.0,8.0,28.0,28.0,7.0,17.0
31,1.0,31.0,London_198,,151,453,1092.0,70.0,2.0,140883.0,0.4494400571566075,764.0,116.0,0.0,116.0,202.0,0.0,202.0,185.0,62.0,191.0,22.0,124.0,7.0,35.0,3.0,9.0,8.0,75.0,159.0,211.0,67.0,0.0,0.0,0.0,0.0,0.0,0.0,0.0,0.0,0.0,25.0,0.0,0.0,0.0,14.0,0.0,4.0,1.0,6.0,0.0,25.0,0.0,0.0,0.0,0.0,0.0,0.0,0.0,0.0,0.0,0.0,0.0,0.0,0.0,0.0,0.0,0.0,0.0,0.0,0.0,0.0,2.0,4.0,0.0,1.0,0.0,0.0,4.0,4.0,5.0,7.0,16.0,22.0,6.0,4.0,0.0,0.0,0.0,0.0,0.0,0.0,0.0,0.0,0.0,0.0,0.0,0.0,0.0,0.0,0.0,0.0,0.0,0.0,0.0,0.0,3.0,5.0,0.0,2.0,0.0,0.0,4.0,5.0,7.0,11.0,21.0,27.0,8.0,7.0
32,1.0,32.0,London_198,,151,453,1092.0,70.0,2.0,118686.0,0.3169603240676224,715.0,63.0,2.0,61.0,117.0,16.0,101.0,164.0,53.0,193.0,23.0,136.0,13.0,26.0,2.0,7.0,9.0,70.0,174.0,200.0,58.0,0.0,0.0,0.0,0.0,0.0,0.0,0.0,0.0,0.0,6.0,0.0,0.0,0.0,3.0,0.0,3.0,0.0,0.0,2.0,4.0,0.0,0.0,0.0,0.0,0.0,0.0,0.0,0.0,0.0,0.0,0.0,0.0,0.0,0.0,0.0,0.0,0.0,0.0,0.0,0.0,0.0,0.0,0.0,0.0,1.0,0.0,2.0,1.0,3.0,6.0,13.0,10.0,11.0,2.0,0.0,0.0,0.0,0.0,0.0,0.0,0.0,0.0,0.0,0.0,0.0,0.0,0.0,0.0,0.0,0.0,0.0,0.0,0.0,0.0,0.0,0.0,0.0,0.0,1.0,0.0,2.0,1.0,4.0,7.0,18.0,16.0,12.0,3.0
33,1.0,33.0,London_198,,151,453,1092.0,70.0,2.0,120498.0,0.40871685999445617,719.0,6.0,2.0,4.0,27.0,19.0,8.0,95.0,47.0,193.0,21.0,144.0,13.0,26.0,3.0,6.0,9.0,71.0,182.0,191.0,60.0,0.0,0.0,0.0,0.0,0.0,0.0,0.0,0.0,0.0,1.0,0.0,0.0,0.0,0.0,0.0,1.0,0.0,0.0,0.0,1.0,0.0,0.0,0.0,0.0,0.0,0.0,0.0,0.0,0.0,0.0,0.0,0.0,0.0,1.0,1.0,0.0,0.0,0.0,0.0,0.0,1.0,0.0,0.0,0.0,0.0,0.0,0.0,0.0,0.0,0.0,1.0,0.0,1.0,1.0,0.0,0.0,0.0,0.0,0.0,0.0,0.0,0.0,0.0,0.0,0.0,0.0,0.0,7.0,6.0,0.0,0.0,0.0,0.0,0.0,1.0,0.0,0.0,0.0,0.0,0.0,0.0,0.0,0.0,0.0,3.0,0.0,2.0,1.0
34,1.0,34.0,London_198,,151,453,1092.0,70.0,2.0,159003.0,0.4623067509382963,804.0,79.0,0.0,79.0,139.0,0.0,139.0,26.0,49.0,190.0,24.0,141.0,13.0,27.0,3.0,6.0,9.0,75.0,171.0,198.0,58.0,0.0,0.0,0.0,0.0,0.0,0.0,0.0,0.0,0.0,33.0,0.0,9.0,4.0,16.0,0.0,3.0,0.0,1.0,0.0,33.0,0.0,0.0,0.0,0.0,0.0,0.0,0.0,0.0,0.0,0.0,0.0,0.0,0.0,0.0,0.0,0.0,0.0,0.0,0.0,0.0,1.0,0.0,0.0,0.0,1.0,0.0,2.0,2.0,2.0,1.0,8.0,14.0,5.0,2.0,0.0,0.0,0.0,0.0,0.0,0.0,0.0,0.0,0.0,0.0,0.0,0.0,0.0,0.0,0.0,0.0,0.0,0.0,0.0,0.0,1.0,0.0,0.0,0.0,1.0,0.0,3.0,2.0,2.0,1.0,11.0,19.0,5.0,3.0
35,1.0,35.0,London_198,,151,453,1092.0,70.0,2.0,160815.0,0.43883783696219325,808.0,89.0,2.0,87.0,160.0,16.0,144.0,87.0,49.0,178.0,28.0,146.0,13.0,30.0,3.0,6.0,10.0,71.0,171.0,201.0,59.0,0.0,0.0,0.0,0.0,0.0,0.0,0.0,0.0,0.0,26.0,0.0,5.0,1.0,11.0,0.0,7.0,1.0,1.0,2.0,24.0,0.0,0.0,0.0,0.0,0.0,0.0,0.0,0.0,0.0,0.0,0.0,0.0,0.0,1.0,0.0,0.0,0.0,0.0,0.0,0.0,0.0,0.0,0.0,0.0,1.0,0.0,2.0,0.0,0.0,0.0,10.0,15.0,3.0,1.0,0.0,0.0,0.0,0.0,0.0,0.0,0.0,0.0,0.0,0.0,0.0,0.0,0.0,3.0,0.0,0.0,0.0,0.0,0.0,0.0,0.0,0.0,0.0,0.0,1.0,0.0,3.0,0.0,0.0,0.0,13.0,19.0,3.0,2.0
36,1.0,36.0,London_198,,151,453,1092.0,70.0,2.0,160362.0,0.42912287381477654,807.0,63.0,1.0,62.0,121.0,9.0,112.0,115.0,52.0,185.0,30.0,136.0,12.0,29.0,3.0,6.0,9.0,75.0,172.0,197.0,56.0,0.0,0.0,0.0,0.0,0.0,0.0,0.0,0.0,0.0,22.0,0.0,4.0,1.0,11.0,0.0,5.0,0.0,1.0,1.0,21.0,0.0,0.0,0.0,0.0,0.0,0.0,0.0,0.0,0.0,0.0,0.0,0.0,0.0,0.0,0.0,0.0,0.0,0.0,0.0,0.0,0.0,0.0,0.0,0.0,0.0,0.0,1.0,2.0,1.0,0.0,7.0,8.0,1.0,3.0,0.0,0.0,0.0,0.0,0.0,0.0,0.0,0.0,0.0,0.0,0.0,0.0,0.0,0.0,0.0,0.0,0.0,0.0,0.0,0.0,0.0,0.0,0.0,0.0,0.0,0.0,1.0,2.0,2.0,0.0,9.0,12.0,1.0,4.0
37,1.0,37.0,London_198,,151,453,1092.0,70.0,2.0,171234.0,0.4692674740217626,831.0,111.0,2.0,109.0,207.0,18.0,189.0,74.0,57.0,191.0,26.0,122.0,11.0,34.0,3.0,9.0,10.0,75.0,172.0,196.0,62.0,0.0,0.0,0.0,0.0,0.0,0.0,0.0,0.0,0.0,35.0,2.0,9.0,3.0,12.0,0.0,6.0,0.0,3.0,2.0,33.0,0.0,0.0,0.0,0.0,0.0,0.0,0.0,0.0,0.0,0.0,0.0,0.0,0.0,0.0,0.0,0.0,0.0,0.0,0.0,0.0,1.0,0.0,0.0,1.0,0.0,0.0,3.0,3.0,0.0,1.0,15.0,16.0,2.0,4.0,0.0,0.0,0.0,0.0,0.0,0.0,0.0,0.0,0.0,0.0,0.0,0.0,0.0,0.0,0.0,0.0,0.0,0.0,0.0,0.0,1.0,0.0,0.0,1.0,0.0,0.0,4.0,3.0,0.0,1.0,23.0,23.0,3.0,5.0
38,1.0,38.0,London_198,,151,453,1092.0,70.0,2.0,159003.0,0.389582762029022,804.0,111.0,0.0,111.0,187.0,0.0,187.0,149.0,60.0,190.0,27.0,109.0,16.0,37.0,5.0,9.0,6.0,69.0,166.0,212.0,56.0,0.0,0.0,0.0,0.0,0.0,0.0,0.0,0.0,0.0,26.0,0.0,3.0,3.0,14.0,0.0,2.0,0.0,4.0,0.0,26.0,0.0,0.0,0.0,0.0,0.0,0.0,0.0,0.0,0.0,0.0,0.0,0.0,0.0,0.0,0.0,0.0,0.0,0.0,0.0,0.0,1.0,0.0,0.0,0.0,0.0,0.0,3.0,2.0,0.0,1.0,17.0,15.0,9.0,4.0,0.0,0.0,0.0,0.0,0.0,0.0,0.0,0.0,0.0,0.0,0.0,0.0,0.0,0.0,0.0,0.0,0.0,0.0,0.0,0.0,1.0,0.0,0.0,0.0,0.0,0.0,3.0,2.0,0.0,1.0,23.0,20.0,10.0,6.0
39,1.0,39.0,London_198,,151,453,1092.0,70.0,2.0,146319.0,0.4514412630815059,776.0,93.0,0.0,93.0,159.0,0.0,159.0,141.0,69.0,187.0,26.0,112.0,16.0,27.0,5.0,11.0,4.0,67.0,168.0,214.0,62.0,0.0,0.0,0.0,0.0,0.0,0.0,0.0,0.0,0.0,22.0,0.0,1.0,3.0,13.0,0.0,5.0,0.0,0.0,0.0,22.0,0.0,0.0,0.0,0.0,0.0,0.0,0.0,0.0,0.0,0.0,0.0,0.0,0.0,0.0,0.0,0.0,0.0,0.0,0.0,0.0,1.0,1.0,1.0,0.0,0.0,0.0,2.0,2.0,2.0,0.0,9.0,22.0,4.0,2.0,0.0,0.0,0.0,0.0,0.0,0.0,0.0,0.0,0.0,0.0,0.0,0.0,0.0,0.0,0.0,0.0,0.0,0.0,0.0,0.0,1.0,1.0,1.0,0.0,0.0,0.0,2.0,5.0,3.0,0.0,11.0,31.0,5.0,2.0
40,1.0,40.0,London_198,,151,453,1092.0,70.0,2.0,131370.0,0.35837937984615564,743.0,88.0,2.0,86.0,163.0,19.0,144.0,124.0,69.0,179.0,22.0,120.0,15.0,32.0,4.0,12.0,5.0,59.0,176.0,213.0,62.0,0.0,0.0,0.0,0.0,0.0,0.0,0.0,0.0,0.0,19.0,0.0,0.0,5.0,10.0,0.0,0.0,1.0,3.0,1.0,18.0,0.0,0.0,0.0,0.0,0.0,0.0,0.0,0.0,0.0,0.0,0.0,0.0,0.0,0.0,1.0,0.0,0.0,0.0,0.0,0.0,3.0,0.0,0.0,2.0,0.0,0.0,4.0,2.0,1.0,3.0,17.0,12.0,6.0,1.0,0.0,0.0,0.0,0.0,0.0,0.0,0.0,0.0,0.0,0.0,0.0,0.0,0.0,0.0,8.0,0.0,0.0,0.0,0.0,0.0,4.0,0.0,0.0,3.0,0.0,0.0,5.0,3.0,1.0,6.0,24.0,16.0,7.0,2.0
41,1.0,41.0,London_198,,151,453,1092.0,70.0,2.0,127746.0,0.46926983492448926,735.0,35.0,0.0,35.0,64.0,0.0,64.0,123.0,64.0,180.0,24.0,126.0,14.0,30.0,3.0,12.0,8.0,62.0,169.0,214.0,65.0,0.0,0.0,0.0,0.0,0.0,0.0,0.0,0.0,0.0,5.0,0.0,0.0,0.0,2.0,0.0,0.0,0.0,3.0,0.0,5.0,0.0,0.0,0.0,0.0,0.0,0.0,0.0,0.0,0.0,0.0,0.0,0.0,0.0,0.0,0.0,0.0,0.0,0.0,0.0,0.0,1.0,0.0,0.0,0.0,1.0,0.0,2.0,1.0,4.0,1.0,4.0,9.0,0.0,2.0,0.0,0.0,0.0,0.0,0.0,0.0,0.0,0.0,0.0,0.0,0.0,0.0,0.0,0.0,0.0,0.0,0.0,0.0,0.0,0.0,1.0,0.0,0.0,0.0,1.0,0.0,3.0,2.0,4.0,1.0,7.0,11.0,0.0,2.0
42,1.0,42.0,London_198,,151,453,1092.0,70.0,2.0,142242.0,0.5065233171917498,767.0,50.0,2.0,48.0,109.0,17.0,92.0,57.0,57.0,175.0,24.0,133.0,17.0,32.0,4.0,11.0,7.0,60.0,167.0,219.0,67.0,0.0,0.0,0.0,0.0,0.0,0.0,0.0,0.0,0.0,19.0,0.0,1.0,1.0,13.0,0.0,4.0,0.0,0.0,2.0,17.0,0.0,0.0,0.0,0.0,0.0,0.0,0.0,0.0,0.0,0.0,0.0,0.0,0.0,1.0,1.0,0.0,0.0,0.0,0.0,0.0,0.0,0.0,1.0,0.0,0.0,0.0,1.0,0.0,0.0,1.0,7.0,8.0,1.0,2.0,0.0,0.0,0.0,0.0,0.0,0.0,0.0,0.0,0.0,0.0,0.0,0.0,0.0,1.0,1.0,0.0,0.0,0.0,0.0,0.0,0.0,0.0,1.0,0.0,0.0,0.0,1.0,0.0,0.0,2.0,9.0,11.0,1.0,2.0
43,1.0,43.0,London_198,,151,453,1092.0,70.0,2.0,166251.0,0.4415899319574237,820.0,148.0,0.0,148.0,257.0,0.0,257.0,64.0,65.0,175.0,22.0,131.0,14.0,29.0,5.0,12.0,9.0,65.0,164.0,215.0,72.0,0.0,0.0,0.0,0.0,0.0,0.0,0.0,0.0,0.0,40.0,4.0,11.0,7.0,17.0,0.0,1.0,0.0,0.0,0.0,40.0,0.0,0.0,0.0,0.0,0.0,0.0,0.0,0.0,0.0,0.0,0.0,0.0,0.0,0.0,0.0,0.0,0.0,0.0,0.0,0.0,1.0,0.0,1.0,0.0,0.0,1.0,3.0,2.0,3.0,3.0,22.0,25.0,11.0,3.0,0.0,0.0,0.0,0.0,0.0,0.0,0.0,0.0,0.0,0.0,0.0,0.0,0.0,0.0,0.0,0.0,0.0,0.0,0.0,0.0,1.0,0.0,1.0,0.0,0.0,1.0,6.0,2.0,3.0,6.0,39.0,35.0,15.0,4.0
44,1.0,44.0,London_198,,151,453,1092.0,70.0,2.0,145866.0,0.31666426290757954,775.0,17.0,2.0,15.0,41.0,18.0,23.0,198.0,63.0,177.0,22.0,128.0,13.0,37.0,2.0,11.0,9.0,61.0,156.0,227.0,81.0,0.0,0.0,0.0,0.0,0.0,0.0,0.0,0.0,0.0,6.0,0.0,0.0,0.0,3.0,0.0,1.0,2.0,0.0,2.0,4.0,0.0,0.0,0.0,0.0,0.0,0.0,0.0,0.0,0.0,0.0,0.0,0.0,0.0,0.0,1.0,0.0,0.0,0.0,0.0,0.0,0.0,0.0,0.0,1.0,0.0,0.0,0.0,0.0,1.0,0.0,0.0,1.0,0.0,0.0,0.0,0.0,0.0,0.0,0.0,0.0,0.0,0.0,0.0,0.0,0.0,0.0,0.0,0.0,5.0,0.0,0.0,0.0,0.0,0.0,0.0,0.0,0.0,1.0,0.0,0.0,0.0,0.0,1.0,0.0,0.0,1.0,0.0,0.0
45,1.0,45.0,London_198,,151,453,1092.0,70.0,2.0,172593.0,0.6094280609395355,834.0,89.0,1.0,88.0,180.0,11.0,169.0,26.0,66.0,179.0,25.0,127.0,13.0,31.0,2.0,10.0,7.0,64.0,158.0,224.0,72.0,0.0,0.0,0.0,0.0,0.0,0.0,0.0,0.0,0.0,33.0,0.0,5.0,4.0,15.0,2.0,4.0,0.0,3.0,1.0,32.0,0.0,0.0,0.0,0.0,0.0,0.0,0.0,0.0,0.0,0.0,0.0,0.0,0.0,0.0,0.0,0.0,0.0,0.0,0.0,0.0,0.0,0.0,0.0,0.0,0.0,0.0,1.0,2.0,1.0,1.0,14.0,13.0,7.0,5.0,0.0,0.0,0.0,0.0,0.0,0.0,0.0,0.0,0.0,0.0,0.0,0.0,0.0,0.0,0.0,0.0,0.0,0.0,0.0,0.0,0.0,0.0,0.0,0.0,0.0,0.0,1.0,2.0,1.0,1.0,20.0,24.0,9.0,7.0
46,1.0,46.0,London_198,,151,453,1092.0,70.0,2.0,182559.0,0.8279862289782614,856.0,96.0,0.0,96.0,166.0,0.0,166.0,126.0,58.0,184.0,28.0,130.0,16.0,28.0,3.0,6.0,8.0,66.0,162.0,217.0,61.0,0.0,0.0,0.0,0.0,0.0,0.0,0.0,0.0,0.0,33.0,0.0,4.0,4.0,20.0,0.0,3.0,0.0,2.0,0.0,33.0,0.0,0.0,0.0,0.0,0.0,0.0,0.0,0.0,0.0,0.0,0.0,0.0,0.0,0.0,0.0,0.0,0.0,0.0,0.0,0.0,0.0,0.0,0.0,0.0,0.0,0.0,3.0,0.0,0.0,5.0,12.0,24.0,4.0,6.0,0.0,0.0,0.0,0.0,0.0,0.0,0.0,0.0,0.0,0.0,0.0,0.0,0.0,0.0,0.0,0.0,0.0,0.0,0.0,0.0,0.0,0.0,0.0,0.0,0.0,0.0,5.0,0.0,0.0,5.0,16.0,35.0,5.0,7.0
47,1.0,47.0,London_198,,151,453,1092.0,70.0,2.0,179388.0,0.5920212960336357,849.0,123.0,2.0,121.0,220.0,17.0,203.0,115.0,68.0,175.0,28.0,123.0,18.0,32.0,3.0,6.0,9.0,71.0,164.0,209.0,58.0,0.0,0.0,0.0,0.0,0.0,0.0,0.0,0.0,0.0,32.0,0.0,7.0,1.0,12.0,1.0,8.0,1.0,2.0,2.0,30.0,0.0,0.0,0.0,0.0,0.0,0.0,0.0,0.0,0.0,0.0,0.0,0.0,0.0,0.0,1.0,0.0,0.0,0.0,0.0,0.0,1.0,1.0,0.0,0.0,0.0,0.0,3.0,5.0,2.0,1.0,17.0,15.0,10.0,8.0,0.0,0.0,0.0,0.0,0.0,0.0,0.0,0.0,0.0,0.0,0.0,0.0,0.0,0.0,3.0,0.0,0.0,0.0,0.0,0.0,1.0,2.0,0.0,0.0,0.0,0.0,5.0,7.0,2.0,2.0,26.0,19.0,11.0,8.0
48,1.0,48.0,London_198,,151,453,1092.0,70.0,2.0,163080.0,0.5532830851152539,813.0,53.0,0.0,53.0,90.0,0.0,90.0,164.0,63.0,177.0,34.0,125.0,15.0,30.0,4.0,5.0,6.0,81.0,156.0,210.0,46.0,0.0,0.0,0.0,0.0,0.0,0.0,0.0,0.0,0.0,10.0,0.0,1.0,1.0,6.0,0.0,1.0,1.0,0.0,0.0,10.0,0.0,0.0,0.0,0.0,0.0,0.0,0.0,0.0,0.0,0.0,0.0,0.0,0.0,0.0,0.0,0.0,0.0,0.0,0.0,0.0,0.0,1.0,0.0,0.0,1.0,0.0,1.0,0.0,1.0,5.0,8.0,6.0,3.0,1.0,0.0,0.0,0.0,0.0,0.0,0.0,0.0,0.0,0.0,0.0,0.0,0.0,0.0,0.0,0.0,0.0,0.0,0.0,0.0,0.0,0.0,1.0,0.0,0.0,1.0,0.0,1.0,0.0,2.0,6.0,12.0,8.0,3.0,2.0
49,1.0,49.0,London_198,,151,453,1092.0,70.0,2.0,175764.0,0.7720615260768682,841.0,157.0,2.0,155.0,286.0,18.0,268.0,75.0,66.0,172.0,31.0,123.0,15.0,34.0,4.0,8.0,7.0,78.0,155.0,213.0,46.0,0.0,0.0,0.0,0.0,0.0,0.0,0.0,0.0,0.0,57.0,0.0,7.0,6.0,33.0,0.0,10.0,0.0,1.0,2.0,55.0,0.0,0.0,0.0,0.0,0.0,0.0,0.0,0.0,0.0,0.0,0.0,0.0,0.0,1.0,0.0,0.0,0.0,0.0,0.0,0.0,1.0,3.0,1.0,0.0,3.0,1.0,2.0,4.0,2.0,4.0,20.0,21.0,10.0,9.0,0.0,0.0,0.0,0.0,0.0,0.0,0.0,0.0,0.0,0.0,0.0,0.0,0.0,5.0,0.0,0.0,0.0,0.0,0.0,0.0,1.0,4.0,1.0,0.0,3.0,1.0,3.0,7.0,3.0,4.0,29.0,26.0,13.0,12.0
50,1.0,50.0,London_198,,151,453,1092.0,70.0,2.0,143601.0,0.6209678258746862,770.0,63.0,1.0,62.0,120.0,9.0,111.0,190.0,61.0,192.0,31.0,125.0,7.0,28.0,2.0,7.0,7.0,83.0,150.0,213.0,50.0,0.0,0.0,0.0,0.0,0.0,0.0,0.0,0.0,0.0,10.0,0.0,0.0,0.0,8.0,0.0,1.0,0.0,1.0,0.0,10.0,0.0,0.0,0.0,0.0,0.0,0.0,0.0,0.0,0.0,0.0,0.0,0.0,1.0,0.0,0.0,1.0,0.0,0.0,0.0,0.0,0.0,2.0,0.0,0.0,4.0,0.0,6.0,0.0,2.0,4.0,10.0,14.0,1.0,5.0,0.0,0.0,0.0,0.0,0.0,0.0,0.0,0.0,0.0,0.0,0.0,0.0,4.0,0.0,0.0,2.0,0.0,0.0,0.0,0.0,0.0,6.0,0.0,0.0,4.0,0.0,8.0,0.0,5.0,4.0,13.0,21.0,2.0,7.0
51,1.0,51.0,London_198,,151,453,1092.0,70.0,2.0,153567.0,0.9891866880934685,792.0,138.0,2.0,136.0,253.0,16.0,237.0,104.0,54.0,185.0,28.0,133.0,8.0,37.0,1.0,7.0,5.0,73.0,151.0,224.0,46.0,0.0,0.0,0.0,0.0,0.0,0.0,0.0,0.0,0.0,35.0,0.0,1.0,1.0,27.0,0.0,4.0,0.0,2.0,2.0,33.0,0.0,0.0,0.0,0.0,0.0,0.0,0.0,0.0,0.0,0.0,0.0,0.0,0.0,1.0,0.0,0.0,0.0,0.0,0.0,0.0,1.0,4.0,0.0,0.0,3.0,0.0,5.0,1.0,0.0,3.0,17.0,27.0,5.0,5.0,0.0,0.0,0.0,0.0,0.0,0.0,0.0,0.0,0.0,0.0,0.0,0.0,0.0,5.0,0.0,0.0,0.0,0.0,0.0,0.0,1.0,5.0,0.0,0.0,3.0,0.0,7.0,1.0,0.0,3.0,25.0,36.0,6.0,7.0
52,1.0,52.0,London_198,,151,453,1092.0,70.0,2.0,124575.0,0.4897510639857501,728.0,16.0,0.0,16.0,28.0,0.0,28.0,191.0,68.0,167.0,29.0,134.0,8.0,37.0,1.0,9.0,8.0,82.0,154.0,209.0,58.0,0.0,0.0,0.0,0.0,0.0,0.0,0.0,0.0,0.0,2.0,0.0,0.0,0.0,0.0,0.0,1.0,0.0,1.0,0.0,2.0,0.0,0.0,0.0,0.0,0.0,0.0,0.0,0.0,0.0,0.0,0.0,0.0,0.0,0.0,0.0,0.0,0.0,0.0,0.0,0.0,1.0,0.0,0.0,0.0,0.0,0.0,0.0,0.0,1.0,1.0,3.0,2.0,1.0,1.0,0.0,0.0,0.0,0.0,0.0,0.0,0.0,0.0,0.0,0.0,0.0,0.0,0.0,0.0,0.0,0.0,0.0,0.0,0.0,0.0,1.0,0.0,0.0,0.0,0.0,0.0,0.0,0.0,1.0,1.0,5.0,4.0,1.0,3.0
53,1.0,53.0,London_198,,151,453,1092.0,70.0,2.0,150849.0,0.510098614031449,786.0,122.0,2.0,120.0,230.0,19.0,211.0,24.0,64.0,168.0,29.0,130.0,11.0,39.0,1.0,11.0,6.0,79.0,153.0,215.0,56.0,0.0,0.0,0.0,0.0,0.0,0.0,0.0,0.0,0.0,27.0,0.0,0.0,0.0,20.0,0.0,5.0,0.0,2.0,2.0,25.0,0.0,0.0,0.0,0.0,0.0,0.0,0.0,0.0,0.0,0.0,0.0,0.0,0.0,1.0,0.0,0.0,0.0,0.0,0.0,0.0,1.0,3.0,2.0,1.0,2.0,1.0,0.0,3.0,4.0,4.0,20.0,17.0,14.0,5.0,0.0,0.0,0.0,0.0,0.0,0.0,0.0,0.0,0.0,0.0,0.0,0.0,0.0,1.0,0.0,0.0,0.0,0.0,0.0,0.0,2.0,4.0,2.0,2.0,2.0,1.0,0.0,4.0,4.0,6.0,27.0,27.0,17.0,7.0
54,1.0,54.0,London_198,,151,453,1092.0,70.0,2.0,128652.0,0.505214906996116,737.0,77.0,0.0,77.0,135.0,0.0,135.0,169.0,69.0,157.0,22.0,148.0,12.0,33.0,2.0,10.0,7.0,78.0,155.0,213.0,59.0,0.0,0.0,0.0,0.0,0.0,0.0,0.0,0.0,0.0,10.0,0.0,0.0,0.0,5.0,0.0,1.0,1.0,3.0,0.0,10.0,0.0,0.0,0.0,0.0,0.0,0.0,0.0,0.0,0.0,0.0,0.0,0.0,0.0,0.0,0.0,0.0,0.0,0.0,0.0,0.0,0.0,1.0,0.0,0.0,1.0,1.0,0.0,5.0,0.0,3.0,14.0,15.0,7.0,7.0,0.0,0.0,0.0,0.0,0.0,0.0,0.0,0.0,0.0,0.0,0.0,0.0,0.0,0.0,0.0,0.0,0.0,0.0,0.0,0.0,0.0,1.0,0.0,0.0,1.0,2.0,0.0,5.0,0.0,3.0,30.0,18.0,9.0,9.0
55,1.0,55.0,London_198,,151,453,1092.0,70.0,2.0,127746.0,0.3770285800565034,735.0,5.0,0.0,5.0,9.0,0.0,9.0,121.0,67.0,154.0,24.0,144.0,14.0,37.0,2.0,11.0,8.0,74.0,152.0,219.0,61.0,0.0,0.0,0.0,0.0,0.0,0.0,0.0,0.0,0.0,0.0,0.0,0.0,0.0,0.0,0.0,0.0,0.0,0.0,0.0,0.0,0.0,0.0,0.0,0.0,0.0,0.0,0.0,0.0,0.0,0.0,0.0,0.0,0.0,0.0,0.0,0.0,0.0,0.0,0.0,0.0,0.0,0.0,0.0,0.0,0.0,0.0,0.0,0.0,0.0,0.0,0.0,2.0,1.0,0.0,0.0,0.0,0.0,0.0,0.0,0.0,0.0,0.0,0.0,0.0,0.0,0.0,0.0,0.0,0.0,0.0,0.0,0.0,0.0,0.0,0.0,0.0,0.0,0.0,0.0,0.0,0.0,0.0,0.0,0.0,0.0,3.0,1.0,0.0
56,1.0,56.0,London_198,,151,453,1092.0,70.0,2.0,163533.0,0.6719173861201853,814.0,109.0,2.0,107.0,195.0,16.0,179.0,9.0,67.0,158.0,23.0,141.0,14.0,37.0,2.0,11.0,8.0,76.0,152.0,217.0,61.0,0.0,0.0,0.0,0.0,0.0,0.0,0.0,0.0,0.0,34.0,0.0,5.0,0.0,18.0,0.0,4.0,1.0,6.0,2.0,32.0,0.0,0.0,0.0,0.0,0.0,0.0,0.0,0.0,0.0,0.0,0.0,0.0,0.0,0.0,0.0,0.0,0.0,0.0,0.0,0.0,0.0,2.0,0.0,0.0,0.0,0.0,0.0,1.0,1.0,4.0,12.0,25.0,8.0,7.0,0.0,0.0,0.0,0.0,0.0,0.0,0.0,0.0,0.0,0.0,0.0,0.0,0.0,0.0,0.0,0.0,0.0,0.0,0.0,0.0,0.0,3.0,0.0,0.0,0.0,0.0,0.0,1.0,1.0,7.0,15.0,38.0,10.0,12.0
57,1.0,57.0,London_198,,151,453,1092.0,70.0,2.0,162627.0,0.5318280109204352,812.0,100.0,2.0,98.0,194.0,19.0,175.0,131.0,71.0,150.0,30.0,138.0,15.0,36.0,2.0,11.0,7.0,68.0,156.0,222.0,58.0,0.0,0.0,0.0,0.0,0.0,0.0,0.0,0.0,0.0,24.0,0.0,4.0,1.0,14.0,0.0,4.0,0.0,1.0,2.0,22.0,0.0,0.0,0.0,0.0,0.0,0.0,0.0,0.0,0.0,0.0,0.0,0.0,0.0,0.0,1.0,0.0,0.0,0.0,0.0,0.0,0.0,0.0,0.0,0.0,0.0,0.0,2.0,1.0,2.0,1.0,13.0,26.0,9.0,4.0,0.0,0.0,0.0,0.0,0.0,0.0,0.0,0.0,0.0,0.0,0.0,0.0,0.0,0.0,3.0,0.0,0.0,0.0,0.0,0.0,0.0,0.0,0.0,0.0,0.0,0.0,2.0,2.0,4.0,1.0,20.0,41.0,15.0,8.0
58,1.0,58.0,London_198,,151,453,1092.0,70.0,2.0,154473.0,0.5157692269422114,794.0,52.0,0.0,52.0,89.0,0.0,89.0,147.0,58.0,166.0,29.0,144.0,14.0,28.0,2.0,12.0,6.0,76.0,159.0,212.0,54.0,0.0,0.0,0.0,0.0,0.0,0.0,0.0,0.0,0.0,21.0,0.0,2.0,0.0,15.0,0.0,2.0,0.0,2.0,0.0,21.0,0.0,0.0,0.0,0.0,0.0,0.0,0.0,0.0,0.0,0.0,0.0,0.0,0.0,0.0,0.0,0.0,0.0,0.0,0.0,0.0,0.0,0.0,0.0,0.0,0.0,0.0,1.0,2.0,0.0,1.0,8.0,6.0,0.0,1.0,0.0,0.0,0.0,0.0,0.0,0.0,0.0,0.0,0.0,0.0,0.0,0.0,0.0,0.0,0.0,0.0,0.0,0.0,0.0,0.0,0.0,0.0,0.0,0.0,0.0,0.0,1.0,3.0,0.0,1.0,14.0,7.0,0.0,1.0
59,1.0,59.0,London_198,,151,453,1092.0,70.0,2.0,172140.0,0.410621251212433,833.0,110.0,2.0,108.0,197.0,18.0,179.0,57.0,59.0,180.0,26.0,134.0,15.0,28.0,2.0,9.0,8.0,75.0,162.0,208.0,58.0,0.0,0.0,0.0,0.0,0.0,0.0,0.0,0.0,0.0,30.0,0.0,5.0,2.0,14.0,0.0,5.0,0.0,4.0,2.0,28.0,0.0,0.0,0.0,0.0,0.0,0.0,0.0,0.0,0.0,0.0,0.0,0.0,0.0,0.0,1.0,0.0,0.0,0.0,0.0,0.0,1.0,0.0,0.0,0.0,1.0,0.0,4.0,2.0,3.0,1.0,15.0,19.0,6.0,3.0,0.0,0.0,0.0,0.0,0.0,0.0,0.0,0.0,0.0,0.0,0.0,0.0,0.0,0.0,6.0,0.0,0.0,0.0,0.0,0.0,1.0,0.0,0.0,0.0,1.0,0.0,4.0,2.0,3.0,2.0,25.0,25.0,7.0,5.0
60,1.0,60.0,London_198,,151,453,1092.0,70.0,2.0,160815.0,0.3923330930992961,808.0,122.0,0.0,122.0,213.0,0.0,213.0,144.0,60.0,180.0,36.0,118.0,17.0,33.0,2.0,7.0,8.0,67.0,173.0,205.0,65.0,0.0,0.0,0.0,0.0,0.0,0.0,0.0,0.0,0.0,30.0,0.0,4.0,3.0,18.0,0.0,3.0,0.0,2.0,0.0,30.0,0.0,0.0,0.0,0.0,0.0,0.0,0.0,0.0,0.0,0.0,0.0,0.0,0.0,0.0,0.0,0.0,0.0,0.0,0.0,0.0,0.0,0.0,1.0,0.0,1.0,0.0,4.0,5.0,0.0,3.0,15.0,18.0,6.0,3.0,0.0,0.0,0.0,0.0,0.0,0.0,0.0,0.0,0.0,0.0,0.0,0.0,0.0,0.0,0.0,0.0,0.0,0.0,0.0,0.0,0.0,0.0,1.0,0.0,1.0,0.0,5.0,6.0,0.0,4.0,24.0,22.0,8.0,4.0
61,1.0,61.0,London_198,,151,453,1092.0,70.0,2.0,139977.0,0.47656493191607296,762.0,69.0,1.0,68.0,137.0,9.0,128.0,169.0,58.0,175.0,27.0,130.0,18.0,37.0,3.0,5.0,8.0,62.0,174.0,209.0,66.0,0.0,0.0,0.0,0.0,0.0,0.0,0.0,0.0,0.0,18.0,0.0,1.0,3.0,10.0,0.0,4.0,0.0,0.0,1.0,17.0,0.0,0.0,0.0,0.0,0.0,0.0,0.0,0.0,0.0,0.0,0.0,0.0,0.0,0.0,0.0,0.0,0.0,0.0,0.0,0.0,2.0,2.0,1.0,0.0,1.0,1.0,1.0,5.0,0.0,4.0,7.0,16.0,3.0,3.0,0.0,0.0,0.0,0.0,0.0,0.0,0.0,0.0,0.0,0.0,0.0,0.0,0.0,0.0,0.0,0.0,0.0,0.0,0.0,0.0,2.0,2.0,1.0,0.0,1.0,2.0,1.0,6.0,0.0,7.0,12.0,24.0,4.0,4.0
62,1.0,62.0,London_198,,151,453,1092.0,70.0,2.0,141336.0,0.5844253341201693,765.0,22.0,0.0,22.0,36.0,0.0,36.0,99.0,55.0,185.0,27.0,133.0,15.0,34.0,1.0,3.0,9.0,63.0,158.0,223.0,70.0,0.0,0.0,0.0,0.0,0.0,0.0,0.0,0.0,0.0,5.0,0.0,0.0,0.0,5.0,0.0,0.0,0.0,0.0,0.0,5.0,0.0,0.0,0.0,0.0,0.0,0.0,0.0,0.0,0.0,0.0,0.0,0.0,0.0,0.0,0.0,0.0,0.0,0.0,0.0,0.0,0.0,0.0,0.0,0.0,0.0,0.0,0.0,2.0,0.0,3.0,1.0,4.0,0.0,3.0,0.0,0.0,0.0,0.0,0.0,0.0,0.0,0.0,0.0,0.0,0.0,0.0,0.0,0.0,0.0,0.0,0.0,0.0,0.0,0.0,0.0,0.0,0.0,0.0,0.0,0.0,0.0,2.0,0.0,6.0,2.0,4.0,0.0,4.0
63,1.0,63.0,London_198,,151,453,1092.0,70.0,2.0,163080.0,0.721328437095508,813.0,141.0,2.0,139.0,258.0,19.0,239.0,28.0,57.0,181.0,28.0,133.0,13.0,36.0,2.0,3.0,9.0,62.0,159.0,223.0,73.0,0.0,0.0,0.0,0.0,0.0,0.0,0.0,0.0,0.0,38.0,0.0,12.0,4.0,16.0,0.0,3.0,0.0,3.0,2.0,36.0,0.0,0.0,0.0,0.0,0.0,0.0,0.0,0.0,0.0,0.0,0.0,0.0,0.0,0.0,1.0,0.0,0.0,0.0,0.0,0.0,0.0,0.0,0.0,0.0,4.0,0.0,0.0,1.0,0.0,2.0,14.0,21.0,9.0,2.0,0.0,0.0,0.0,0.0,0.0,0.0,0.0,0.0,0.0,0.0,0.0,0.0,0.0,0.0,7.0,0.0,0.0,0.0,0.0,0.0,0.0,0.0,0.0,0.0,5.0,0.0,0.0,1.0,0.0,2.0,24.0,35.0,12.0,2.0
64,1.0,64.0,London_198,,151,453,1092.0,70.0,2.0,139524.0,0.31492141098715365,761.0,56.0,1.0,55.0,101.0,9.0,92.0,193.0,62.0,170.0,36.0,123.0,12.0,41.0,2.0,7.0,7.0,70.0,163.0,213.0,58.0,0.0,0.0,0.0,0.0,0.0,0.0,0.0,0.0,0.0,9.0,0.0,1.0,0.0,7.0,0.0,1.0,0.0,0.0,0.0,9.0,0.0,0.0,0.0,0.0,0.0,0.0,0.0,0.0,0.0,0.0,0.0,0.0,0.0,1.0,0.0,0.0,0.0,0.0,0.0,0.0,1.0,1.0,0.0,0.0,1.0,1.0,1.0,2.0,2.0,1.0,7.0,16.0,10.0,0.0,0.0,0.0,0.0,0.0,0.0,0.0,0.0,0.0,0.0,0.0,0.0,0.0,0.0,8.0,0.0,0.0,0.0,0.0,0.0,0.0,1.0,2.0,0.0,0.0,1.0,2.0,2.0,3.0,2.0,1.0,10.0,24.0,12.0,0.0
65,1.0,65.0,London_198,,151,453,1092.0,70.0,2.0,147225.0,0.554382235975936,778.0,58.0,0.0,58.0,89.0,0.0,89.0,89.0,62.0,169.0,37.0,128.0,13.0,34.0,3.0,7.0,11.0,69.0,170.0,203.0,58.0,0.0,0.0,0.0,0.0,0.0,0.0,0.0,0.0,0.0,12.0,0.0,0.0,2.0,9.0,0.0,1.0,0.0,0.0,0.0,12.0,0.0,0.0,0.0,0.0,0.0,0.0,0.0,0.0,0.0,0.0,0.0,0.0,0.0,0.0,0.0,0.0,0.0,0.0,0.0,0.0,0.0,1.0,0.0,0.0,0.0,0.0,0.0,3.0,1.0,1.0,10.0,7.0,2.0,2.0,0.0,0.0,0.0,0.0,0.0,0.0,0.0,0.0,0.0,0.0,0.0,0.0,0.0,0.0,0.0,0.0,0.0,0.0,0.0,0.0,0.0,1.0,0.0,0.0,0.0,0.0,0.0,5.0,2.0,2.0,14.0,11.0,3.0,2.0
66,1.0,66.0,London_198,,151,453,1092.0,70.0,2.0,159456.0,0.8373017690610141,805.0,116.0,2.0,114.0,223.0,20.0,203.0,75.0,60.0,174.0,34.0,125.0,13.0,32.0,3.0,12.0,9.0,71.0,162.0,211.0,60.0,0.0,0.0,0.0,0.0,0.0,0.0,0.0,0.0,0.0,38.0,0.0,2.0,5.0,24.0,0.0,5.0,0.0,2.0,1.0,37.0,0.0,0.0,0.0,0.0,0.0,0.0,0.0,0.0,0.0,0.0,0.0,0.0,0.0,1.0,1.0,0.0,1.0,0.0,0.0,0.0,0.0,0.0,0.0,0.0,2.0,1.0,1.0,4.0,3.0,3.0,13.0,21.0,1.0,6.0,0.0,0.0,0.0,0.0,0.0,0.0,0.0,0.0,0.0,0.0,0.0,0.0,0.0,7.0,9.0,0.0,7.0,0.0,0.0,0.0,0.0,0.0,0.0,0.0,2.0,1.0,2.0,6.0,5.0,4.0,20.0,34.0,2.0,8.0
67,1.0,67.0,London_198,,151,453,1092.0,70.0,2.0,141789.0,0.3893441988620907,766.0,57.0,0.0,57.0,104.0,0.0,104.0,159.0,61.0,157.0,39.0,137.0,12.0,32.0,3.0,12.0,9.0,68.0,161.0,215.0,58.0,0.0,0.0,0.0,0.0,0.0,0.0,0.0,0.0,0.0,14.0,0.0,0.0,3.0,9.0,0.0,1.0,0.0,1.0,0.0,14.0,0.0,0.0,0.0,0.0,0.0,0.0,0.0,0.0,0.0,0.0,0.0,0.0,0.0,0.0,0.0,0.0,0.0,0.0,0.0,0.0,0.0,0.0,0.0,0.0,1.0,0.0,1.0,2.0,1.0,3.0,14.0,11.0,2.0,3.0,0.0,0.0,0.0,0.0,0.0,0.0,0.0,0.0,0.0,0.0,0.0,0.0,0.0,0.0,0.0,0.0,0.0,0.0,0.0,0.0,0.0,0.0,0.0,0.0,1.0,0.0,1.0,3.0,2.0,3.0,21.0,15.0,3.0,3.0
68,1.0,68.0,London_198,,151,453,1092.0,70.0,2.0,147225.0,0.5486933179199696,778.0,88.0,0.0,88.0,145.0,0.0,145.0,79.0,70.0,157.0,38.0,130.0,12.0,29.0,3.0,14.0,6.0,60.0,163.0,224.0,55.0,0.0,0.0,0.0,0.0,0.0,0.0,0.0,0.0,0.0,13.0,0.0,1.0,5.0,6.0,0.0,0.0,0.0,1.0,0.0,13.0,0.0,0.0,0.0,0.0,0.0,0.0,0.0,0.0,0.0,0.0,0.0,0.0,0.0,0.0,0.0,0.0,0.0,0.0,0.0,0.0,0.0,2.0,0.0,0.0,2.0,0.0,3.0,2.0,0.0,1.0,10.0,18.0,2.0,6.0,0.0,0.0,0.0,0.0,0.0,0.0,0.0,0.0,0.0,0.0,0.0,0.0,0.0,0.0,0.0,0.0,0.0,0.0,0.0,0.0,0.0,3.0,0.0,0.0,2.0,0.0,3.0,3.0,0.0,1.0,17.0,27.0,2.0,10.0
69,1.0,69.0,London_198,,151,453,1092.0,70.0,2.0,149037.0,0.4001054698601365,782.0,77.0,1.0,76.0,138.0,10.0,128.0,123.0,76.0,157.0,29.0,128.0,9.0,35.0,2.0,17.0,6.0,72.0,156.0,219.0,57.0,0.0,0.0,0.0,0.0,0.0,0.0,0.0,0.0,0.0,19.0,0.0,1.0,2.0,13.0,0.0,2.0,0.0,1.0,0.0,19.0,0.0,0.0,0.0,0.0,0.0,0.0,0.0,0.0,0.0,0.0,0.0,0.0,0.0,0.0,0.0,0.0,0.0,0.0,0.0,0.0,1.0,3.0,0.0,1.0,2.0,0.0,1.0,5.0,0.0,1.0,13.0,15.0,4.0,4.0,0.0,0.0,0.0,0.0,0.0,0.0,0.0,0.0,0.0,0.0,0.0,0.0,0.0,0.0,0.0,0.0,0.0,0.0,0.0,0.0,1.0,4.0,0.0,1.0,2.0,0.0,1.0,5.0,0.0,2.0,17.0,20.0,4.0,4.0
70,1.0,70.0,London_198,,151,453,1092.0,70.0,2.0,153114.0,0.4037701520137489,791.0,69.0,0.0,69.0,117.0,0.0,117.0,110.0,66.0,170.0,26.0,127.0,14.0,34.0,2.0,14.0,7.0,76.0,155.0,215.0,53.0,0.0,0.0,0.0,0.0,0.0,0.0,0.0,0.0,0.0,21.0,0.0,4.0,4.0,10.0,0.0,0.0,1.0,2.0,0.0,21.0,0.0,0.0,0.0,0.0,0.0,0.0,0.0,0.0,0.0,0.0,0.0,0.0,0.0,0.0,0.0,0.0,0.0,0.0,0.0,0.0,0.0,1.0,0.0,0.0,0.0,0.0,1.0,2.0,0.0,3.0,9.0,14.0,2.0,5.0,0.0,0.0,0.0,0.0,0.0,0.0,0.0,0.0,0.0,0.0,0.0,0.0,0.0,0.0,0.0,0.0,0.0,0.0,0.0,0.0,0.0,1.0,0.0,0.0,0.0,0.0,1.0,3.0,0.0,4.0,11.0,19.0,2.0,6.0
71,1.0,71.0,London_198,,151,453,1092.0,70.0,2.0,156285.0,0.5415567189920694,798.0,76.0,0.0,76.0,124.0,0.0,124.0,82.0,65.0,184.0,25.0,120.0,11.0,34.0,2.0,12.0,9.0,75.0,158.0,211.0,51.0,0.0,0.0,0.0,0.0,0.0,0.0,0.0,0.0,0.0,22.0,0.0,6.0,5.0,6.0,0.0,0.0,1.0,4.0,0.0,22.0,0.0,0.0,0.0,0.0,0.0,0.0,0.0,0.0,0.0,0.0,0.0,0.0,0.0,0.0,0.0,0.0,0.0,0.0,0.0,0.0,2.0,2.0,0.0,0.0,1.0,1.0,1.0,4.0,0.0,3.0,10.0,13.0,0.0,1.0,0.0,0.0,0.0,0.0,0.0,0.0,0.0,0.0,0.0,0.0,0.0,0.0,0.0,0.0,0.0,0.0,0.0,0.0,0.0,0.0,2.0,3.0,0.0,0.0,1.0,2.0,1.0,4.0,0.0,3.0,13.0,18.0,0.0,1.0
72,1.0,72.0,London_198,,151,453,1092.0,70.0,2.0,163533.0,0.5411276197992265,814.0,136.0,2.0,134.0,244.0,17.0,227.0,88.0,75.0,178.0,26.0,115.0,10.0,34.0,3.0,12.0,11.0,69.0,166.0,207.0,50.0,0.0,0.0,0.0,0.0,0.0,0.0,0.0,0.0,0.0,38.0,0.0,13.0,9.0,10.0,0.0,4.0,1.0,1.0,2.0,36.0,0.0,0.0,0.0,0.0,0.0,0.0,0.0,0.0,0.0,0.0,0.0,0.0,0.0,0.0,0.0,0.0,0.0,0.0,0.0,0.0,0.0,0.0,1.0,1.0,0.0,1.0,4.0,1.0,0.0,2.0,16.0,23.0,6.0,2.0,0.0,0.0,0.0,0.0,0.0,0.0,0.0,0.0,0.0,0.0,0.0,0.0,0.0,0.0,0.0,0.0,0.0,0.0,0.0,0.0,0.0,0.0,1.0,1.0,0.0,1.0,5.0,1.0,0.0,2.0,20.0,32.0,7.0,2.0
73,1.0,73.0,London_198,,151,453,1092.0,70.0,2.0,137259.0,0.40794582408852875,756.0,54.0,0.0,54.0,93.0,0.0,93.0,171.0,71.0,181.0,29.0,121.0,10.0,30.0,2.0,9.0,7.0,80.0,171.0,195.0,51.0,0.0,0.0,0.0,0.0,0.0,0.0,0.0,0.0,0.0,13.0,0.0,2.0,2.0,7.0,0.0,0.0,1.0,1.0,0.0,13.0,0.0,0.0,0.0,0.0,0.0,0.0,0.0,0.0,0.0,0.0,0.0,0.0,0.0,0.0,0.0,0.0,0.0,0.0,0.0,0.0,1.0,0.0,0.0,0.0,0.0,0.0,2.0,1.0,0.0,3.0,13.0,11.0,5.0,1.0,0.0,0.0,0.0,0.0,0.0,0.0,0.0,0.0,0.0,0.0,0.0,0.0,0.0,0.0,0.0,0.0,0.0,0.0,0.0,0.0,1.0,0.0,0.0,0.0,0.0,0.0,2.0,2.0,0.0,3.0,19.0,14.0,5.0,1.0
74,1.0,74.0,London_198,,151,453,1092.0,70.0,2.0,153567.0,0.718427746091038,792.0,24.0,2.0,22.0,59.0,20.0,39.0,71.0,66.0,178.0,27.0,131.0,10.0,29.0,2.0,10.0,7.0,77.0,163.0,206.0,49.0,0.0,0.0,0.0,0.0,0.0,0.0,0.0,0.0,0.0,11.0,0.0,2.0,1.0,5.0,0.0,2.0,0.0,1.0,2.0,9.0,0.0,0.0,0.0,0.0,0.0,0.0,0.0,0.0,0.0,0.0,0.0,0.0,0.0,0.0,2.0,0.0,0.0,0.0,0.0,0.0,0.0,0.0,0.0,0.0,1.0,0.0,0.0,0.0,0.0,0.0,3.0,3.0,2.0,2.0,0.0,0.0,0.0,0.0,0.0,0.0,0.0,0.0,0.0,0.0,0.0,0.0,0.0,0.0,6.0,0.0,0.0,0.0,0.0,0.0,0.0,0.0,0.0,0.0,1.0,0.0,0.0,0.0,0.0,0.0,4.0,5.0,3.0,4.0
75,1.0,75.0,London_198,,151,453,1092.0,70.0,2.0,185277.0,0.5881562929134816,862.0,132.0,2.0,130.0,238.0,15.0,223.0,34.0,61.0,184.0,25.0,137.0,11.0,26.0,2.0,7.0,5.0,82.0,152.0,214.0,50.0,0.0,0.0,0.0,0.0,0.0,0.0,0.0,0.0,0.0,43.0,0.0,15.0,2.0,15.0,0.0,7.0,1.0,3.0,2.0,41.0,0.0,0.0,0.0,0.0,0.0,0.0,0.0,0.0,0.0,0.0,0.0,0.0,0.0,0.0,0.0,0.0,0.0,0.0,0.0,0.0,1.0,0.0,0.0,0.0,0.0,0.0,2.0,4.0,0.0,3.0,17.0,24.0,5.0,4.0,0.0,0.0,0.0,0.0,0.0,0.0,0.0,0.0,0.0,0.0,0.0,0.0,0.0,0.0,0.0,0.0,0.0,0.0,0.0,0.0,1.0,0.0,0.0,0.0,0.0,0.0,3.0,5.0,0.0,3.0,23.0,34.0,6.0,6.0
76,1.0,76.0,London_198,,151,453,1092.0,70.0,2.0,162627.0,0.49986564996652305,812.0,98.0,1.0,97.0,185.0,9.0,176.0,163.0,64.0,179.0,29.0,127.0,12.0,32.0,2.0,8.0,5.0,69.0,156.0,223.0,51.0,0.0,0.0,0.0,0.0,0.0,0.0,0.0,0.0,0.0,31.0,0.0,3.0,3.0,20.0,0.0,4.0,0.0,1.0,1.0,30.0,0.0,0.0,0.0,0.0,0.0,0.0,0.0,0.0,0.0,0.0,0.0,0.0,0.0,0.0,0.0,0.0,0.0,0.0,0.0,0.0,1.0,0.0,0.0,0.0,1.0,0.0,2.0,0.0,0.0,7.0,20.0,18.0,6.0,2.0,0.0,0.0,0.0,0.0,0.0,0.0,0.0,0.0,0.0,0.0,0.0,0.0,0.0,0.0,0.0,0.0,0.0,0.0,0.0,0.0,1.0,0.0,0.0,0.0,1.0,0.0,2.0,0.0,0.0,10.0,32.0,27.0,7.0,3.0
77,1.0,77.0,London_198,,151,453,1092.0,70.0,2.0,153567.0,0.5832413651514798,792.0,82.0,1.0,81.0,136.0,8.0,128.0,123.0,67.0,179.0,24.0,130.0,7.0,35.0,2.0,9.0,10.0,73.0,164.0,206.0,62.0,0.0,0.0,0.0,0.0,0.0,0.0,0.0,0.0,0.0,21.0,0.0,1.0,3.0,11.0,0.0,2.0,2.0,2.0,0.0,21.0,0.0,0.0,0.0,0.0,0.0,0.0,0.0,0.0,0.0,0.0,0.0,0.0,0.0,0.0,1.0,0.0,0.0,0.0,0.0,0.0,0.0,6.0,0.0,0.0,2.0,0.0,0.0,1.0,0.0,2.0,12.0,12.0,4.0,3.0,0.0,0.0,0.0,0.0,0.0,0.0,0.0,0.0,0.0,0.0,0.0,0.0,0.0,0.0,7.0,0.0,0.0,0.0,0.0,0.0,0.0,7.0,0.0,0.0,2.0,0.0,0.0,1.0,0.0,3.0,19.0,16.0,5.0,3.0
78,1.0,78.0,London_198,,151,453,1092.0,70.0,2.0,160815.0,0.5528565729036927,808.0,116.0,0.0,116.0,212.0,0.0,212.0,105.0,66.0,169.0,30.0,132.0,7.0,36.0,2.0,11.0,12.0,73.0,157.0,211.0,57.0,0.0,0.0,0.0,0.0,0.0,0.0,0.0,0.0,0.0,34.0,0.0,10.0,3.0,15.0,0.0,2.0,2.0,2.0,0.0,34.0,0.0,0.0,0.0,0.0,0.0,0.0,0.0,0.0,0.0,0.0,0.0,0.0,0.0,0.0,0.0,0.0,0.0,0.0,0.0,0.0,1.0,0.0,0.0,0.0,0.0,1.0,2.0,4.0,1.0,4.0,19.0,16.0,6.0,2.0,0.0,0.0,0.0,0.0,0.0,0.0,0.0,0.0,0.0,0.0,0.0,0.0,0.0,0.0,0.0,0.0,0.0,0.0,0.0,0.0,1.0,0.0,0.0,0.0,0.0,2.0,3.0,7.0,1.0,6.0,31.0,25.0,10.0,3.0
79,1.0,79.0,London_198,,151,453,1092.0,70.0,2.0,152208.0,0.50522695411928,789.0,116.0,2.0,114.0,216.0,19.0,197.0,159.0,67.0,154.0,29.0,144.0,12.0,38.0,3.0,6.0,8.0,82.0,172.0,191.0,56.0,0.0,0.0,0.0,0.0,0.0,0.0,0.0,0.0,0.0,26.0,0.0,2.0,4.0,12.0,1.0,3.0,0.0,4.0,2.0,24.0,0.0,0.0,0.0,0.0,0.0,0.0,0.0,0.0,0.0,0.0,0.0,0.0,0.0,0.0,1.0,0.0,0.0,0.0,0.0,0.0,1.0,0.0,0.0,0.0,2.0,0.0,1.0,1.0,0.0,2.0,22.0,20.0,10.0,3.0,0.0,0.0,0.0,0.0,0.0,0.0,0.0,0.0,0.0,0.0,0.0,0.0,0.0,0.0,3.0,0.0,0.0,0.0,0.0,0.0,2.0,0.0,0.0,0.0,2.0,0.0,2.0,2.0,0.0,3.0,29.0,32.0,12.0,4.0
80,1.0,80.0,London_198,,151,453,1092.0,70.0,2.0,138165.0,0.304178488207981,758.0,37.0,0.0,37.0,67.0,0.0,67.0,154.0,73.0,154.0,25.0,142.0,9.0,38.0,4.0,8.0,10.0,78.0,177.0,188.0,63.0,0.0,0.0,0.0,0.0,0.0,0.0,0.0,0.0,0.0,8.0,0.0,0.0,1.0,3.0,0.0,2.0,0.0,2.0,0.0,8.0,0.0,0.0,0.0,0.0,0.0,0.0,0.0,0.0,0.0,0.0,0.0,0.0,0.0,0.0,0.0,0.0,0.0,0.0,0.0,0.0,0.0,0.0,0.0,0.0,1.0,0.0,1.0,3.0,0.0,2.0,7.0,5.0,7.0,1.0,0.0,0.0,0.0,0.0,0.0,0.0,0.0,0.0,0.0,0.0,0.0,0.0,0.0,0.0,0.0,0.0,0.0,0.0,0.0,0.0,0.0,0.0,0.0,0.0,1.0,0.0,1.0,3.0,0.0,3.0,12.0,10.0,10.0,1.0
81,1.0,81.0,London_198,,151,453,1092.0,70.0,2.0,160815.0,0.5640337569639087,808.0,51.0,0.0,51.0,85.0,0.0,85.0,52.0,73.0,159.0,27.0,139.0,8.0,37.0,2.0,8.0,9.0,79.0,173.0,192.0,62.0,0.0,0.0,0.0,0.0,0.0,0.0,0.0,0.0,0.0,12.0,0.0,2.0,3.0,5.0,0.0,1.0,0.0,1.0,0.0,12.0,0.0,0.0,0.0,0.0,0.0,0.0,0.0,0.0,0.0,0.0,0.0,0.0,0.0,0.0,0.0,0.0,0.0,0.0,0.0,0.0,0.0,0.0,0.0,0.0,0.0,0.0,0.0,3.0,0.0,1.0,8.0,10.0,2.0,0.0,0.0,0.0,0.0,0.0,0.0,0.0,0.0,0.0,0.0,0.0,0.0,0.0,0.0,0.0,0.0,0.0,0.0,0.0,0.0,0.0,0.0,0.0,0.0,0.0,0.0,0.0,0.0,4.0,0.0,2.0,11.0,14.0,2.0,0.0
82,1.0,82.0,London_198,,151,453,1092.0,70.0,2.0,178029.0,0.47386342706158757,846.0,92.0,2.0,90.0,171.0,17.0,154.0,67.0,70.0,171.0,21.0,133.0,11.0,38.0,2.0,7.0,8.0,74.0,174.0,197.0,68.0,0.0,0.0,0.0,0.0,0.0,0.0,0.0,0.0,0.0,31.0,0.0,3.0,3.0,18.0,0.0,3.0,0.0,4.0,2.0,29.0,0.0,0.0,0.0,0.0,0.0,0.0,0.0,0.0,0.0,0.0,0.0,0.0,0.0,0.0,0.0,0.0,0.0,0.0,0.0,0.0,0.0,0.0,0.0,1.0,1.0,0.0,2.0,0.0,1.0,0.0,8.0,14.0,8.0,2.0,0.0,0.0,0.0,0.0,0.0,0.0,0.0,0.0,0.0,0.0,0.0,0.0,0.0,0.0,0.0,0.0,0.0,0.0,0.0,0.0,0.0,0.0,0.0,1.0,1.0,0.0,2.0,0.0,3.0,0.0,12.0,17.0,11.0,2.0
83,1.0,83.0,London_198,,151,453,1092.0,70.0,2.0,173499.0,0.3987189009785652,836.0,93.0,2.0,91.0,174.0,18.0,156.0,108.0,67.0,172.0,25.0,141.0,12.0,26.0,2.0,8.0,5.0,73.0,173.0,202.0,69.0,0.0,0.0,0.0,0.0,0.0,0.0,0.0,0.0,0.0,22.0,0.0,3.0,1.0,13.0,0.0,3.0,1.0,1.0,2.0,20.0,0.0,0.0,0.0,0.0,0.0,0.0,0.0,0.0,0.0,0.0,0.0,0.0,0.0,0.0,0.0,0.0,0.0,0.0,0.0,0.0,1.0,0.0,0.0,1.0,1.0,0.0,2.0,0.0,1.0,1.0,17.0,11.0,9.0,2.0,0.0,0.0,0.0,0.0,0.0,0.0,0.0,0.0,0.0,0.0,0.0,0.0,0.0,0.0,0.0,0.0,0.0,0.0,0.0,0.0,1.0,0.0,0.0,1.0,1.0,0.0,3.0,0.0,1.0,1.0,26.0,18.0,12.0,2.0
84,1.0,84.0,London_198,,151,453,1092.0,70.0,2.0,167610.0,0.40521784499287605,823.0,127.0,2.0,125.0,231.0,18.0,213.0,125.0,68.0,159.0,30.0,143.0,10.0,29.0,3.0,11.0,7.0,67.0,168.0,211.0,60.0,0.0,0.0,0.0,0.0,0.0,0.0,0.0,0.0,0.0,42.0,0.0,4.0,3.0,27.0,0.0,3.0,2.0,3.0,1.0,41.0,0.0,0.0,0.0,0.0,0.0,0.0,0.0,0.0,0.0,0.0,0.0,0.0,0.0,0.0,1.0,0.0,0.0,0.0,0.0,0.0,0.0,1.0,0.0,0.0,6.0,0.0,1.0,3.0,2.0,2.0,15.0,16.0,4.0,4.0,0.0,0.0,0.0,0.0,0.0,0.0,0.0,0.0,0.0,0.0,0.0,0.0,0.0,0.0,7.0,0.0,0.0,0.0,0.0,0.0,0.0,1.0,0.0,0.0,6.0,0.0,2.0,4.0,2.0,3.0,20.0,27.0,5.0,4.0
85,1.0,85.0,London_198,,151,453,1092.0,70.0,2.0,142695.0,0.40066652302630246,768.0,82.0,0.0,82.0,139.0,0.0,139.0,165.0,63.0,159.0,35.0,130.0,16.0,38.0,0.0,12.0,5.0,62.0,163.0,223.0,59.0,0.0,0.0,0.0,0.0,0.0,0.0,0.0,0.0,0.0,15.0,0.0,0.0,0.0,14.0,0.0,0.0,0.0,1.0,0.0,15.0,0.0,0.0,0.0,0.0,0.0,0.0,0.0,0.0,0.0,0.0,0.0,0.0,0.0,0.0,0.0,0.0,0.0,0.0,0.0,0.0,0.0,1.0,0.0,0.0,4.0,1.0,0.0,2.0,0.0,3.0,9.0,19.0,6.0,2.0,0.0,0.0,0.0,0.0,0.0,0.0,0.0,0.0,0.0,0.0,0.0,0.0,0.0,0.0,0.0,0.0,0.0,0.0,0.0,0.0,0.0,1.0,0.0,0.0,4.0,2.0,0.0,2.0,0.0,4.0,12.0,30.0,7.0,3.0
86,1.0,86.0,London_198,,151,453,1092.0,70.0,2.0,138618.0,0.5498857861384749,759.0,94.0,1.0,93.0,183.0,11.0,172.0,113.0,71.0,164.0,23.0,123.0,14.0,47.0,1.0,10.0,8.0,60.0,166.0,219.0,58.0,0.0,0.0,0.0,0.0,0.0,0.0,0.0,0.0,0.0,25.0,0.0,0.0,0.0,21.0,0.0,0.0,0.0,4.0,1.0,24.0,0.0,0.0,0.0,0.0,0.0,0.0,0.0,0.0,0.0,0.0,0.0,0.0,0.0,0.0,1.0,0.0,0.0,0.0,0.0,0.0,0.0,2.0,0.0,1.0,6.0,0.0,1.0,3.0,0.0,0.0,8.0,22.0,3.0,2.0,0.0,0.0,0.0,0.0,0.0,0.0,0.0,0.0,0.0,0.0,0.0,0.0,0.0,0.0,1.0,0.0,0.0,0.0,0.0,0.0,0.0,2.0,0.0,1.0,6.0,0.0,1.0,4.0,0.0,0.0,11.0,32.0,3.0,2.0
87,1.0,87.0,London_198,,151,453,1092.0,70.0,2.0,126840.0,0.3358482129406184,733.0,113.0,1.0,112.0,204.0,10.0,194.0,131.0,71.0,165.0,23.0,128.0,14.0,44.0,1.0,7.0,8.0,79.0,161.0,205.0,56.0,0.0,0.0,0.0,0.0,0.0,0.0,0.0,0.0,0.0,13.0,0.0,0.0,0.0,10.0,1.0,0.0,0.0,2.0,1.0,12.0,0.0,0.0,0.0,0.0,0.0,0.0,0.0,0.0,0.0,0.0,0.0,0.0,0.0,1.0,0.0,0.0,0.0,0.0,0.0,0.0,0.0,0.0,0.0,0.0,5.0,0.0,0.0,2.0,2.0,4.0,17.0,19.0,6.0,2.0,0.0,0.0,0.0,0.0,0.0,0.0,0.0,0.0,0.0,0.0,0.0,0.0,0.0,1.0,0.0,0.0,0.0,0.0,0.0,0.0,0.0,0.0,0.0,0.0,5.0,0.0,0.0,4.0,2.0,4.0,26.0,24.0,6.0,3.0
88,1.0,88.0,London_198,,151,453,1092.0,70.0,2.0,102378.0,0.3194605899043381,679.0,65.0,0.0,65.0,117.0,0.0,117.0,179.0,72.0,180.0,18.0,121.0,12.0,43.0,3.0,4.0,10.0,71.0,160.0,212.0,62.0,0.0,0.0,0.0,0.0,0.0,0.0,0.0,0.0,0.0,0.0,0.0,0.0,0.0,0.0,0.0,0.0,0.0,0.0,0.0,0.0,0.0,0.0,0.0,0.0,0.0,0.0,0.0,0.0,0.0,0.0,0.0,0.0,0.0,0.0,0.0,0.0,0.0,0.0,0.0,0.0,0.0,1.0,0.0,0.0,2.0,0.0,5.0,5.0,3.0,9.0,14.0,13.0,10.0,4.0,0.0,0.0,0.0,0.0,0.0,0.0,0.0,0.0,0.0,0.0,0.0,0.0,0.0,0.0,0.0,0.0,0.0,0.0,0.0,0.0,0.0,1.0,0.0,0.0,2.0,0.0,7.0,6.0,4.0,10.0,22.0,20.0,11.0,8.0
89,1.0,89.0,London_198,,151,453,1092.0,70.0,2.0,109173.0,0.29969063680619,694.0,13.0,0.0,13.0,24.0,0.0,24.0,117.0,71.0,180.0,14.0,125.0,16.0,41.0,4.0,2.0,9.0,65.0,163.0,216.0,67.0,0.0,0.0,0.0,0.0,0.0,0.0,0.0,0.0,0.0,1.0,0.0,0.0,0.0,0.0,0.0,0.0,0.0,1.0,0.0,1.0,0.0,0.0,0.0,0.0,0.0,0.0,0.0,0.0,0.0,0.0,0.0,0.0,0.0,0.0,0.0,0.0,0.0,0.0,0.0,0.0,0.0,0.0,0.0,0.0,1.0,0.0,3.0,0.0,0.0,1.0,1.0,7.0,2.0,2.0,0.0,0.0,0.0,0.0,0.0,0.0,0.0,0.0,0.0,0.0,0.0,0.0,0.0,0.0,0.0,0.0,0.0,0.0,0.0,0.0,0.0,0.0,0.0,0.0,1.0,0.0,3.0,0.0,0.0,2.0,3.0,9.0,3.0,2.0
90,1.0,90.0,London_198,,151,453,1092.0,70.0,2.0,133635.0,0.41356517816893756,748.0,77.0,2.0,75.0,160.0,19.0,141.0,23.0,74.0,173.0,17.0,128.0,15.0,41.0,3.0,2.0,9.0,59.0,171.0,214.0,66.0,0.0,0.0,0.0,0.0,0.0,0.0,0.0,0.0,0.0,12.0,0.0,0.0,0.0,9.0,0.0,2.0,0.0,1.0,2.0,10.0,0.0,0.0,0.0,0.0,0.0,0.0,0.0,0.0,0.0,0.0,0.0,0.0,0.0,1.0,0.0,0.0,0.0,0.0,0.0,0.0,1.0,1.0,0.0,0.0,1.0,0.0,3.0,5.0,0.0,2.0,17.0,12.0,5.0,1.0,0.0,0.0,0.0,0.0,0.0,0.0,0.0,0.0,0.0,0.0,0.0,0.0,0.0,3.0,0.0,0.0,0.0,0.0,0.0,0.0,1.0,1.0,0.0,0.0,1.0,0.0,5.0,7.0,0.0,2.0,20.0,21.0,8.0,3.0
91,1.0,91.0,London_198,,151,453,1092.0,70.0,2.0,139524.0,0.7269685450010002,761.0,98.0,1.0,97.0,162.0,10.0,152.0,124.0,68.0,180.0,28.0,119.0,12.0,40.0,2.0,4.0,13.0,56.0,183.0,201.0,70.0,0.0,0.0,0.0,0.0,0.0,0.0,0.0,0.0,0.0,17.0,0.0,1.0,0.0,16.0,0.0,0.0,0.0,0.0,0.0,17.0,0.0,0.0,0.0,0.0,0.0,0.0,0.0,0.0,0.0,0.0,0.0,0.0,0.0,0.0,0.0,0.0,0.0,0.0,0.0,0.0,1.0,3.0,2.0,0.0,5.0,0.0,7.0,6.0,1.0,7.0,15.0,18.0,9.0,3.0,0.0,0.0,0.0,0.0,0.0,0.0,0.0,0.0,0.0,0.0,0.0,0.0,0.0,0.0,0.0,0.0,0.0,0.0,0.0,0.0,1.0,4.0,3.0,0.0,5.0,0.0,7.0,7.0,1.0,8.0,20.0,26.0,12.0,4.0
92,1.0,92.0,London_198,,151,453,1092.0,70.0,2.0,133635.0,0.3238578741438687,748.0,99.0,0.0,99.0,169.0,0.0,169.0,135.0,59.0,169.0,26.0,133.0,8.0,48.0,3.0,7.0,14.0,72.0,165.0,202.0,78.0,0.0,0.0,0.0,0.0,0.0,0.0,0.0,0.0,0.0,22.0,0.0,1.0,0.0,21.0,0.0,0.0,0.0,0.0,0.0,22.0,0.0,0.0,0.0,0.0,0.0,0.0,0.0,0.0,0.0,0.0,0.0,0.0,0.0,0.0,0.0,0.0,0.0,0.0,0.0,0.0,1.0,8.0,0.0,0.0,3.0,1.0,2.0,4.0,1.0,5.0,13.0,23.0,14.0,5.0,0.0,0.0,0.0,0.0,0.0,0.0,0.0,0.0,0.0,0.0,0.0,0.0,0.0,0.0,0.0,0.0,0.0,0.0,0.0,0.0,1.0,9.0,0.0,0.0,3.0,2.0,2.0,6.0,1.0,6.0,17.0,34.0,16.0,7.0
93,1.0,93.0,London_198,,151,453,1092.0,70.0,2.0,126840.0,0.2796522618737072,733.0,7.0,0.0,7.0,10.0,0.0,10.0,139.0,71.0,158.0,27.0,141.0,7.0,39.0,4.0,6.0,13.0,73.0,151.0,216.0,77.0,0.0,0.0,0.0,0.0,0.0,0.0,0.0,0.0,0.0,0.0,0.0,0.0,0.0,0.0,0.0,0.0,0.0,0.0,0.0,0.0,0.0,0.0,0.0,0.0,0.0,0.0,0.0,0.0,0.0,0.0,0.0,0.0,0.0,0.0,0.0,0.0,0.0,0.0,0.0,0.0,0.0,1.0,0.0,1.0,1.0,0.0,0.0,0.0,2.0,0.0,2.0,0.0,1.0,0.0,0.0,0.0,0.0,0.0,0.0,0.0,0.0,0.0,0.0,0.0,0.0,0.0,0.0,0.0,0.0,0.0,0.0,0.0,0.0,0.0,0.0,1.0,0.0,1.0,1.0,0.0,0.0,0.0,2.0,0.0,2.0,0.0,1.0,0.0
94,1.0,94.0,London_198,,151,453,1092.0,70.0,2.0,164892.0,0.43168142391368747,817.0,68.0,1.0,67.0,123.0,11.0,112.0,10.0,71.0,160.0,25.0,142.0,7.0,37.0,4.0,7.0,13.0,73.0,157.0,210.0,77.0,0.0,0.0,0.0,0.0,0.0,0.0,0.0,0.0,0.0,23.0,0.0,5.0,1.0,14.0,0.0,1.0,0.0,2.0,1.0,22.0,0.0,0.0,0.0,0.0,0.0,0.0,0.0,0.0,0.0,0.0,0.0,0.0,0.0,0.0,0.0,0.0,0.0,0.0,0.0,0.0,1.0,0.0,0.0,0.0,0.0,0.0,1.0,2.0,0.0,1.0,9.0,15.0,1.0,1.0,0.0,0.0,0.0,0.0,0.0,0.0,0.0,0.0,0.0,0.0,0.0,0.0,0.0,0.0,0.0,0.0,0.0,0.0,0.0,0.0,1.0,0.0,0.0,0.0,0.0,0.0,1.0,2.0,0.0,3.0,13.0,19.0,1.0,2.0
95,1.0,95.0,London_198,,151,453,1092.0,70.0,2.0,186183.0,0.6211928960401565,864.0,107.0,0.0,107.0,181.0,0.0,181.0,79.0,72.0,178.0,27.0,122.0,8.0,38.0,4.0,4.0,10.0,75.0,155.0,213.0,67.0,0.0,0.0,0.0,0.0,0.0,0.0,0.0,0.0,0.0,37.0,0.0,13.0,6.0,16.0,0.0,0.0,0.0,2.0,0.0,37.0,0.0,0.0,0.0,0.0,0.0,0.0,0.0,0.0,0.0,0.0,0.0,0.0,0.0,0.0,0.0,0.0,0.0,0.0,0.0,0.0,1.0,0.0,1.0,0.0,0.0,1.0,4.0,2.0,0.0,2.0,9.0,21.0,5.0,4.0,0.0,0.0,0.0,0.0,0.0,0.0,0.0,0.0,0.0,0.0,0.0,0.0,0.0,0.0,0.0,0.0,0.0,0.0,0.0,0.0,1.0,0.0,1.0,0.0,0.0,1.0,4.0,2.0,0.0,3.0,13.0,28.0,5.0,5.0
96,1.0,96.0,London_198,,151,453,1092.0,70.0,2.0,187542.0,0.4371875668875873,867.0,72.0,2.0,70.0,135.0,19.0,116.0,119.0,74.0,168.0,28.0,130.0,9.0,33.0,4.0,7.0,11.0,71.0,155.0,216.0,65.0,0.0,0.0,0.0,0.0,0.0,0.0,0.0,0.0,0.0,28.0,0.0,5.0,3.0,13.0,0.0,2.0,1.0,4.0,2.0,26.0,0.0,0.0,0.0,0.0,0.0,0.0,0.0,0.0,0.0,0.0,0.0,0.0,0.0,1.0,0.0,0.0,0.0,0.0,0.0,0.0,0.0,0.0,0.0,0.0,0.0,1.0,1.0,1.0,1.0,0.0,9.0,13.0,5.0,0.0,0.0,0.0,0.0,0.0,0.0,0.0,0.0,0.0,0.0,0.0,0.0,0.0,0.0,3.0,0.0,0.0,0.0,0.0,0.0,0.0,0.0,0.0,0.0,0.0,0.0,2.0,1.0,1.0,1.0,0.0,13.0,20.0,5.0,0.0
97,1.0,97.0,London_198,,151,453,1092.0,70.0,2.0,197508.0,0.5219579390250146,889.0,149.0,2.0,147.0,278.0,19.0,259.0,89.0,71.0,176.0,26.0,124.0,10.0,32.0,5.0,9.0,12.0,83.0,150.0,208.0,69.0,0.0,0.0,0.0,0.0,0.0,0.0,0.0,0.0,0.0,71.0,0.0,22.0,7.0,36.0,0.0,4.0,0.0,2.0,2.0,69.0,0.0,0.0,0.0,0.0,0.0,0.0,0.0,0.0,0.0,0.0,0.0,0.0,0.0,0.0,1.0,0.0,0.0,0.0,0.0,0.0,2.0,0.0,0.0,0.0,1.0,1.0,4.0,0.0,2.0,4.0,21.0,17.0,8.0,4.0,0.0,0.0,0.0,0.0,0.0,0.0,0.0,0.0,0.0,0.0,0.0,0.0,0.0,0.0,2.0,0.0,0.0,0.0,0.0,0.0,3.0,0.0,0.0,0.0,1.0,1.0,5.0,0.0,2.0,4.0,30.0,24.0,12.0,4.0
98,1.0,98.0,London_198,,151,453,1092.0,70.0,2.0,164892.0,0.5621776711195707,817.0,82.0,1.0,81.0,148.0,10.0,138.0,152.0,72.0,173.0,18.0,123.0,12.0,37.0,4.0,14.0,11.0,87.0,157.0,198.0,71.0,0.0,0.0,0.0,0.0,0.0,0.0,0.0,0.0,0.0,29.0,0.0,14.0,4.0,11.0,0.0,0.0,0.0,0.0,1.0,28.0,0.0,0.0,0.0,0.0,0.0,0.0,0.0,0.0,0.0,0.0,0.0,0.0,0.0,1.0,0.0,0.0,0.0,0.0,0.0,0.0,0.0,0.0,0.0,0.0,2.0,1.0,3.0,2.0,0.0,4.0,8.0,14.0,4.0,2.0,0.0,0.0,0.0,0.0,0.0,0.0,0.0,0.0,0.0,0.0,0.0,0.0,0.0,2.0,0.0,0.0,0.0,0.0,0.0,0.0,0.0,0.0,0.0,0.0,2.0,1.0,4.0,3.0,0.0,6.0,13.0,21.0,4.0,4.0
99,1.0,99.0,London_198,,151,453,1092.0,70.0,2.0,167157.0,0.6131650470197201,822.0,95.0,0.0,95.0,167.0,0.0,167.0,102.0,78.0,178.0,17.0,122.0,12.0,36.0,3.0,7.0,11.0,78.0,153.0,211.0,70.0,0.0,0.0,0.0,0.0,0.0,0.0,0.0,0.0,0.0,31.0,0.0,14.0,6.0,11.0,0.0,0.0,0.0,0.0,0.0,31.0,0.0,0.0,0.0,0.0,0.0,0.0,0.0,0.0,0.0,0.0,0.0,0.0,0.0,0.0,0.0,0.0,0.0,0.0,0.0,0.0,0.0,0.0,0.0,1.0,0.0,0.0,0.0,3.0,1.0,3.0,10.0,12.0,3.0,3.0,0.0,0.0,0.0,0.0,0.0,0.0,0.0,0.0,0.0,0.0,0.0,0.0,0.0,0.0,0.0,0.0,0.0,0.0,0.0,0.0,0.0,0.0,0.0,1.0,0.0,0.0,0.0,5.0,1.0,4.0,13.0,19.0,4.0,5.0
100,1.0,100.0,London_198,,151,453,1092.0,70.0,2.0,163080.0,0.5416750269941986,813.0,32.0,0.0,32.0,54.0,0.0,54.0,121.0,74.0,174.0,16.0,132.0,16.0,35.0,1.0,5.0,8.0,70.0,157.0,218.0,72.0,0.0,0.0,0.0,0.0,0.0,0.0,0.0,0.0,0.0,11.0,0.0,3.0,3.0,4.0,0.0,0.0,0.0,1.0,0.0,11.0,0.0,0.0,0.0,0.0,0.0,0.0,0.0,0.0,0.0,0.0,0.0,0.0,0.0,0.0,0.0,0.0,0.0,0.0,0.0,0.0,0.0,0.0,0.0,0.0,2.0,0.0,0.0,2.0,0.0,2.0,3.0,4.0,3.0,2.0,0.0,0.0,0.0,0.0,0.0,0.0,0.0,0.0,0.0,0.0,0.0,0.0,0.0,0.0,0.0,0.0,0.0,0.0,0.0,0.0,0.0,0.0,0.0,0.0,2.0,0.0,0.0,3.0,0.0,3.0,3.0,6.0,3.0,3.0
101,1.0,101.0,London_198,,151,453,1092.0,70.0,2.0,190713.0,1.0077300800476223,874.0,154.0,0.0,154.0,261.0,0.0,261.0,39.0,71.0,165.0,14.0,142.0,15.0,38.0,3.0,5.0,7.0,75.0,165.0,206.0,71.0,0.0,0.0,0.0,0.0,0.0,0.0,0.0,0.0,0.0,57.0,0.0,11.0,7.0,32.0,0.0,5.0,0.0,2.0,0.0,57.0,0.0,0.0,0.0,0.0,0.0,0.0,0.0,0.0,0.0,0.0,0.0,0.0,0.0,0.0,0.0,0.0,0.0,0.0,0.0,0.0,1.0,0.0,0.0,0.0,0.0,0.0,0.0,3.0,1.0,1.0,20.0,18.0,5.0,6.0,0.0,0.0,0.0,0.0,0.0,0.0,0.0,0.0,0.0,0.0,0.0,0.0,0.0,0.0,0.0,0.0,0.0,0.0,0.0,0.0,1.0,0.0,0.0,0.0,0.0,0.0,0.0,5.0,2.0,1.0,29.0,28.0,7.0,11.0
102,1.0,102.0,London_198,,151,453,1092.0,70.0,2.0,155379.0,0.6107933900784701,796.0,150.0,1.0,149.0,266.0,10.0,256.0,166.0,57.0,167.0,16.0,140.0,16.0,43.0,4.0,10.0,9.0,68.0,167.0,209.0,76.0,0.0,0.0,0.0,0.0,0.0,0.0,0.0,0.0,0.0,41.0,0.0,9.0,6.0,23.0,0.0,0.0,0.0,3.0,1.0,40.0,0.0,0.0,0.0,0.0,0.0,0.0,0.0,0.0,0.0,0.0,0.0,0.0,0.0,0.0,1.0,0.0,0.0,0.0,0.0,0.0,0.0,2.0,1.0,0.0,1.0,0.0,2.0,1.0,3.0,3.0,23.0,27.0,9.0,3.0,0.0,0.0,0.0,0.0,0.0,0.0,0.0,0.0,0.0,0.0,0.0,0.0,0.0,0.0,2.0,0.0,0.0,0.0,0.0,0.0,0.0,3.0,1.0,0.0,1.0,0.0,2.0,1.0,5.0,3.0,32.0,38.0,9.0,4.0
103,1.0,103.0,London_198,,151,453,1092.0,70.0,2.0,130011.0,0.7193606479559094,740.0,52.0,2.0,50.0,104.0,19.0,85.0,198.0,64.0,170.0,20.0,129.0,17.0,37.0,5.0,11.0,9.0,70.0,161.0,213.0,73.0,0.0,0.0,0.0,0.0,0.0,0.0,0.0,0.0,0.0,12.0,0.0,2.0,1.0,7.0,0.0,1.0,0.0,1.0,1.0,11.0,0.0,0.0,0.0,0.0,0.0,0.0,0.0,0.0,0.0,0.0,0.0,0.0,0.0,0.0,0.0,0.0,0.0,0.0,0.0,0.0,0.0,1.0,1.0,1.0,2.0,0.0,5.0,0.0,0.0,4.0,7.0,11.0,4.0,2.0,0.0,0.0,0.0,0.0,0.0,0.0,0.0,0.0,0.0,0.0,0.0,0.0,0.0,0.0,0.0,0.0,0.0,0.0,0.0,0.0,0.0,1.0,1.0,2.0,2.0,0.0,6.0,0.0,0.0,4.0,11.0,16.0,6.0,4.0
104,1.0,104.0,London_198,,151,453,1092.0,70.0,2.0,144507.0,0.5116051451768726,772.0,22.0,2.0,20.0,57.0,18.0,39.0,80.0,70.0,172.0,24.0,121.0,13.0,39.0,4.0,10.0,11.0,75.0,148.0,219.0,76.0,0.0,0.0,0.0,0.0,0.0,0.0,0.0,0.0,0.0,3.0,0.0,0.0,0.0,1.0,0.0,1.0,0.0,1.0,1.0,2.0,0.0,0.0,0.0,0.0,0.0,0.0,0.0,0.0,0.0,0.0,0.0,0.0,0.0,1.0,0.0,0.0,0.0,0.0,0.0,0.0,0.0,1.0,1.0,0.0,0.0,0.0,1.0,1.0,0.0,0.0,1.0,5.0,3.0,1.0,0.0,0.0,0.0,0.0,0.0,0.0,0.0,0.0,0.0,0.0,0.0,0.0,0.0,6.0,0.0,0.0,0.0,0.0,0.0,0.0,0.0,2.0,1.0,0.0,0.0,0.0,2.0,1.0,0.0,0.0,1.0,6.0,3.0,2.0
105,1.0,105.0,London_198,,151,453,1092.0,70.0,2.0,165345.0,0.6146262891124934,818.0,86.0,0.0,86.0,146.0,0.0,146.0,52.0,66.0,178.0,26.0,123.0,13.0,33.0,4.0,10.0,6.0,77.0,142.0,228.0,64.0,0.0,0.0,0.0,0.0,0.0,0.0,0.0,0.0,0.0,30.0,0.0,5.0,2.0,17.0,0.0,2.0,1.0,3.0,0.0,30.0,0.0,0.0,0.0,0.0,0.0,0.0,0.0,0.0,0.0,0.0,0.0,0.0,0.0,0.0,0.0,0.0,0.0,0.0,0.0,0.0,1.0,1.0,1.0,1.0,0.0,0.0,2.0,4.0,1.0,1.0,9.0,16.0,4.0,6.0,0.0,0.0,0.0,0.0,0.0,0.0,0.0,0.0,0.0,0.0,0.0,0.0,0.0,0.0,0.0,0.0,0.0,0.0,0.0,0.0,1.0,2.0,1.0,1.0,0.0,0.0,2.0,5.0,1.0,1.0,13.0,21.0,6.0,8.0
106,1.0,106.0,London_198,,151,453,1092.0,70.0,2.0,161721.0,0.7074305559508502,810.0,78.0,0.0,78.0,128.0,0.0,128.0,104.0,63.0,181.0,30.0,116.0,14.0,36.0,3.0,10.0,9.0,76.0,139.0,229.0,68.0,0.0,0.0,0.0,0.0,0.0,0.0,0.0,0.0,0.0,21.0,0.0,3.0,1.0,11.0,0.0,4.0,0.0,2.0,0.0,21.0,0.0,0.0,0.0,0.0,0.0,0.0,0.0,0.0,0.0,0.0,0.0,0.0,0.0,0.0,0.0,0.0,0.0,0.0,0.0,0.0,0.0,0.0,0.0,0.0,0.0,0.0,0.0,0.0,2.0,1.0,13.0,16.0,2.0,2.0,0.0,0.0,0.0,0.0,0.0,0.0,0.0,0.0,0.0,0.0,0.0,0.0,0.0,0.0,0.0,0.0,0.0,0.0,0.0,0.0,0.0,0.0,0.0,0.0,0.0,0.0,0.0,0.0,2.0,1.0,16.0,21.0,2.0,2.0
107,1.0,107.0,London_198,,151,453,1092.0,70.0,2.0,170328.0,0.4549965460319072,829.0,119.0,2.0,117.0,207.0,16.0,191.0,96.0,71.0,179.0,30.0,114.0,14.0,36.0,0.0,9.0,9.0,78.0,144.0,222.0,63.0,0.0,0.0,0.0,0.0,0.0,0.0,0.0,0.0,0.0,31.0,0.0,7.0,3.0,12.0,0.0,5.0,0.0,4.0,2.0,29.0,0.0,0.0,0.0,0.0,0.0,0.0,0.0,0.0,0.0,0.0,0.0,0.0,0.0,0.0,1.0,0.0,0.0,0.0,0.0,0.0,0.0,2.0,1.0,0.0,0.0,0.0,0.0,2.0,1.0,1.0,17.0,17.0,2.0,3.0,0.0,0.0,0.0,0.0,0.0,0.0,0.0,0.0,0.0,0.0,0.0,0.0,0.0,0.0,5.0,0.0,0.0,0.0,0.0,0.0,0.0,2.0,1.0,0.0,0.0,0.0,0.0,4.0,1.0,1.0,24.0,23.0,3.0,3.0
108,1.0,108.0,London_198,,151,453,1092.0,70.0,2.0,151755.0,0.42215917888097465,788.0,123.0,1.0,122.0,224.0,9.0,215.0,155.0,72.0,167.0,31.0,120.0,14.0,37.0,0.0,12.0,10.0,92.0,135.0,216.0,56.0,0.0,0.0,0.0,0.0,0.0,0.0,0.0,0.0,0.0,24.0,0.0,3.0,2.0,13.0,0.0,2.0,0.0,4.0,1.0,23.0,0.0,0.0,0.0,0.0,0.0,0.0,0.0,0.0,0.0,0.0,0.0,0.0,0.0,0.0,0.0,0.0,0.0,0.0,0.0,0.0,0.0,0.0,0.0,0.0,1.0,0.0,5.0,3.0,0.0,4.0,14.0,21.0,2.0,5.0,0.0,0.0,0.0,0.0,0.0,0.0,0.0,0.0,0.0,0.0,0.0,0.0,0.0,0.0,0.0,0.0,0.0,0.0,0.0,0.0,0.0,0.0,0.0,0.0,1.0,0.0,7.0,3.0,0.0,5.0,21.0,30.0,2.0,9.0
109,1.0,109.0,London_198,,151,453,1092.0,70.0,2.0,134088.0,0.4080495529342443,749.0,70.0,0.0,70.0,123.0,0.0,123.0,179.0,56.0,172.0,37.0,130.0,9.0,38.0,2.0,9.0,11.0,89.0,131.0,222.0,55.0,0.0,0.0,0.0,0.0,0.0,0.0,0.0,0.0,0.0,6.0,0.0,0.0,0.0,4.0,0.0,1.0,0.0,1.0,0.0,6.0,0.0,0.0,0.0,0.0,0.0,0.0,0.0,0.0,0.0,0.0,0.0,0.0,0.0,0.0,0.0,0.0,0.0,0.0,0.0,0.0,0.0,3.0,1.0,0.0,1.0,0.0,9.0,1.0,2.0,5.0,11.0,22.0,10.0,3.0,0.0,0.0,0.0,0.0,0.0,0.0,0.0,0.0,0.0,0.0,0.0,0.0,0.0,0.0,0.0,0.0,0.0,0.0,0.0,0.0,0.0,5.0,1.0,0.0,1.0,0.0,12.0,1.0,2.0,6.0,14.0,30.0,12.0,3.0
110,1.0,110.0,London_198,,151,453,1092.0,70.0,2.0,138618.0,0.5178818148560822,759.0,48.0,2.0,46.0,95.0,18.0,77.0,112.0,57.0,163.0,39.0,143.0,10.0,34.0,2.0,5.0,10.0,79.0,136.0,228.0,60.0,0.0,0.0,0.0,0.0,0.0,0.0,0.0,0.0,0.0,9.0,0.0,0.0,2.0,4.0,0.0,2.0,0.0,1.0,2.0,7.0,0.0,0.0,0.0,0.0,0.0,0.0,0.0,0.0,0.0,0.0,0.0,0.0,0.0,0.0,0.0,0.0,0.0,0.0,0.0,0.0,1.0,4.0,0.0,0.0,0.0,0.0,2.0,2.0,0.0,3.0,9.0,7.0,9.0,1.0,0.0,0.0,0.0,0.0,0.0,0.0,0.0,0.0,0.0,0.0,0.0,0.0,0.0,0.0,0.0,0.0,0.0,0.0,0.0,0.0,1.0,5.0,0.0,0.0,0.0,0.0,3.0,2.0,0.0,3.0,10.0,10.0,11.0,3.0
111,1.0,111.0,London_198,,151,453,1092.0,70.0,2.0,155832.0,0.3568509549368173,797.0,69.0,2.0,67.0,138.0,18.0,120.0,69.0,58.0,160.0,38.0,148.0,11.0,31.0,2.0,5.0,6.0,73.0,137.0,237.0,62.0,0.0,0.0,0.0,0.0,0.0,0.0,0.0,0.0,0.0,20.0,0.0,5.0,3.0,9.0,1.0,2.0,0.0,0.0,2.0,18.0,0.0,0.0,0.0,0.0,0.0,0.0,0.0,0.0,0.0,0.0,0.0,0.0,0.0,0.0,1.0,0.0,0.0,0.0,0.0,0.0,0.0,2.0,0.0,0.0,0.0,0.0,3.0,3.0,1.0,2.0,6.0,11.0,6.0,3.0,0.0,0.0,0.0,0.0,0.0,0.0,0.0,0.0,0.0,0.0,0.0,0.0,0.0,0.0,3.0,0.0,0.0,0.0,0.0,0.0,0.0,3.0,0.0,0.0,0.0,0.0,3.0,4.0,1.0,3.0,7.0,15.0,8.0,4.0
112,1.0,112.0,London_198,,151,453,1092.0,70.0,2.0,164892.0,0.7490458050742745,817.0,122.0,0.0,122.0,213.0,0.0,213.0,87.0,61.0,161.0,33.0,148.0,10.0,32.0,2.0,6.0,7.0,75.0,139.0,232.0,59.0,0.0,0.0,0.0,0.0,0.0,0.0,0.0,0.0,0.0,30.0,0.0,6.0,1.0,18.0,0.0,4.0,0.0,1.0,0.0,30.0,0.0,0.0,0.0,0.0,0.0,0.0,0.0,0.0,0.0,0.0,0.0,0.0,0.0,0.0,0.0,0.0,0.0,0.0,0.0,0.0,0.0,1.0,0.0,0.0,0.0,0.0,1.0,3.0,3.0,1.0,21.0,23.0,9.0,2.0,0.0,0.0,0.0,0.0,0.0,0.0,0.0,0.0,0.0,0.0,0.0,0.0,0.0,0.0,0.0,0.0,0.0,0.0,0.0,0.0,0.0,2.0,0.0,0.0,0.0,0.0,1.0,3.0,6.0,1.0,33.0,33.0,11.0,5.0
113,1.0,113.0,London_198,,151,453,1092.0,70.0,2.0,142242.0,0.4473670329898596,767.0,51.0,0.0,51.0,90.0,0.0,90.0,165.0,68.0,160.0,32.0,139.0,14.0,28.0,5.0,7.0,9.0,70.0,136.0,238.0,52.0,0.0,0.0,0.0,0.0,0.0,0.0,0.0,0.0,0.0,8.0,0.0,0.0,2.0,4.0,0.0,1.0,0.0,1.0,0.0,8.0,0.0,0.0,0.0,0.0,0.0,0.0,0.0,0.0,0.0,0.0,0.0,0.0,0.0,0.0,0.0,0.0,0.0,0.0,0.0,0.0,1.0,2.0,0.0,0.0,3.0,0.0,3.0,2.0,0.0,3.0,9.0,6.0,2.0,3.0,0.0,0.0,0.0,0.0,0.0,0.0,0.0,0.0,0.0,0.0,0.0,0.0,0.0,0.0,0.0,0.0,0.0,0.0,0.0,0.0,1.0,2.0,0.0,0.0,4.0,0.0,4.0,3.0,0.0,4.0,13.0,8.0,2.0,4.0
114,1.0,114.0,London_198,,151,453,1092.0,70.0,2.0,153567.0,0.5682599700521678,792.0,118.0,2.0,116.0,224.0,17.0,207.0,76.0,58.0,161.0,29.0,143.0,17.0,31.0,1.0,13.0,10.0,68.0,141.0,234.0,56.0,0.0,0.0,0.0,0.0,0.0,0.0,0.0,0.0,0.0,29.0,0.0,3.0,6.0,16.0,0.0,3.0,0.0,1.0,2.0,27.0,0.0,0.0,0.0,0.0,0.0,0.0,0.0,0.0,0.0,0.0,0.0,0.0,0.0,0.0,0.0,0.0,0.0,0.0,0.0,0.0,3.0,1.0,1.0,0.0,0.0,0.0,4.0,4.0,1.0,8.0,15.0,24.0,9.0,4.0,0.0,0.0,0.0,0.0,0.0,0.0,0.0,0.0,0.0,0.0,0.0,0.0,0.0,0.0,0.0,0.0,0.0,0.0,0.0,0.0,4.0,2.0,2.0,0.0,0.0,0.0,4.0,4.0,1.0,9.0,19.0,38.0,10.0,5.0
115,1.0,115.0,London_198,,151,453,1092.0,70.0,2.0,126840.0,0.28470655088312924,733.0,53.0,0.0,53.0,93.0,0.0,93.0,155.0,63.0,162.0,35.0,131.0,15.0,33.0,1.0,13.0,12.0,62.0,163.0,216.0,62.0,0.0,0.0,0.0,0.0,0.0,0.0,0.0,0.0,0.0,7.0,0.0,4.0,0.0,3.0,0.0,0.0,0.0,0.0,0.0,7.0,0.0,0.0,0.0,0.0,0.0,0.0,0.0,0.0,0.0,0.0,0.0,0.0,0.0,0.0,0.0,0.0,0.0,0.0,0.0,0.0,0.0,0.0,2.0,0.0,1.0,0.0,4.0,1.0,0.0,5.0,8.0,15.0,5.0,2.0,0.0,0.0,0.0,0.0,0.0,0.0,0.0,0.0,0.0,0.0,0.0,0.0,0.0,0.0,0.0,0.0,0.0,0.0,0.0,0.0,0.0,0.0,2.0,0.0,1.0,0.0,5.0,1.0,0.0,7.0,12.0,22.0,7.0,3.0
116,1.0,116.0,London_198,,151,453,1092.0,70.0,2.0,132276.0,0.3005419068504125,745.0,101.0,2.0,99.0,194.0,20.0,174.0,80.0,65.0,160.0,35.0,129.0,14.0,34.0,1.0,15.0,15.0,60.0,163.0,215.0,67.0,0.0,0.0,0.0,0.0,0.0,0.0,0.0,0.0,0.0,14.0,0.0,3.0,0.0,8.0,0.0,1.0,0.0,2.0,1.0,13.0,0.0,0.0,0.0,0.0,0.0,0.0,0.0,0.0,0.0,0.0,0.0,0.0,0.0,0.0,2.0,0.0,0.0,0.0,0.0,0.0,0.0,0.0,0.0,1.0,1.0,1.0,6.0,3.0,1.0,4.0,19.0,25.0,9.0,4.0,0.0,0.0,0.0,0.0,0.0,0.0,0.0,0.0,0.0,0.0,0.0,0.0,0.0,0.0,10.0,0.0,0.0,0.0,0.0,0.0,0.0,0.0,0.0,1.0,1.0,1.0,7.0,5.0,1.0,6.0,29.0,38.0,10.0,7.0
117,1.0,117.0,London_198,,151,453,1092.0,70.0,2.0,124575.0,0.4013175289146602,728.0,88.0,2.0,86.0,152.0,15.0,137.0,171.0,54.0,182.0,40.0,117.0,15.0,31.0,0.0,14.0,14.0,76.0,153.0,210.0,68.0,0.0,0.0,0.0,0.0,0.0,0.0,0.0,0.0,0.0,12.0,0.0,0.0,0.0,10.0,0.0,0.0,0.0,2.0,1.0,11.0,0.0,0.0,0.0,0.0,0.0,0.0,0.0,0.0,0.0,0.0,0.0,0.0,1.0,0.0,0.0,1.0,0.0,0.0,0.0,0.0,1.0,3.0,1.0,0.0,0.0,1.0,1.0,0.0,2.0,6.0,10.0,16.0,10.0,3.0,0.0,0.0,0.0,0.0,0.0,0.0,0.0,0.0,0.0,0.0,0.0,0.0,1.0,0.0,0.0,3.0,0.0,0.0,0.0,0.0,1.0,4.0,1.0,0.0,0.0,1.0,1.0,0.0,2.0,8.0,17.0,20.0,12.0,5.0
118,1.0,118.0,London_198,,151,453,1092.0,70.0,2.0,115515.0,0.32105994201265275,708.0,56.0,1.0,55.0,95.0,9.0,86.0,127.0,48.0,180.0,35.0,123.0,15.0,39.0,1.0,12.0,17.0,84.0,158.0,194.0,60.0,0.0,0.0,0.0,0.0,0.0,0.0,0.0,0.0,0.0,4.0,0.0,0.0,0.0,2.0,0.0,2.0,0.0,0.0,1.0,3.0,0.0,0.0,0.0,0.0,0.0,0.0,0.0,0.0,0.0,0.0,0.0,0.0,0.0,0.0,0.0,0.0,0.0,0.0,0.0,0.0,0.0,2.0,1.0,0.0,0.0,0.0,3.0,0.0,1.0,3.0,14.0,11.0,6.0,2.0,0.0,0.0,0.0,0.0,0.0,0.0,0.0,0.0,0.0,0.0,0.0,0.0,0.0,0.0,0.0,0.0,0.0,0.0,0.0,0.0,0.0,3.0,1.0,0.0,0.0,0.0,4.0,0.0,1.0,3.0,18.0,12.0,8.0,2.0
119,1.0,119.0,London_198,,151,453,1092.0,70.0,2.0,123216.0,0.5195441730320454,725.0,57.0,1.0,56.0,111.0,8.0,103.0,86.0,53.0,185.0,34.0,121.0,14.0,33.0,1.0,12.0,13.0,87.0,159.0,194.0,58.0,0.0,0.0,0.0,0.0,0.0,0.0,0.0,0.0,0.0,9.0,0.0,0.0,0.0,3.0,3.0,0.0,0.0,3.0,0.0,9.0,0.0,0.0,0.0,0.0,0.0,0.0,0.0,0.0,0.0,0.0,0.0,0.0,0.0,0.0,1.0,0.0,0.0,0.0,0.0,0.0,2.0,0.0,0.0,0.0,0.0,0.0,4.0,0.0,0.0,2.0,10.0,11.0,9.0,0.0,0.0,0.0,0.0,0.0,0.0,0.0,0.0,0.0,0.0,0.0,0.0,0.0,0.0,0.0,7.0,0.0,0.0,0.0,0.0,0.0,2.0,0.0,0.0,0.0,0.0,0.0,6.0,0.0,0.0,3.0,12.0,13.0,10.0,0.0
120,1.0,120.0,London_198,,151,453,1092.0,70.0,2.0,135447.0,0.31504951510578394,752.0,43.0,0.0,43.0,87.0,0.0,87.0,96.0,52.0,177.0,36.0,127.0,18.0,30.0,0.0,13.0,12.0,88.0,166.0,187.0,60.0,0.0,0.0,0.0,0.0,0.0,0.0,0.0,0.0,0.0,10.0,0.0,1.0,0.0,6.0,0.0,1.0,0.0,2.0,0.0,10.0,0.0,0.0,0.0,0.0,0.0,0.0,0.0,0.0,0.0,0.0,0.0,0.0,0.0,0.0,0.0,0.0,0.0,0.0,0.0,0.0,1.0,0.0,1.0,0.0,1.0,1.0,2.0,1.0,2.0,3.0,8.0,4.0,5.0,1.0,0.0,0.0,0.0,0.0,0.0,0.0,0.0,0.0,0.0,0.0,0.0,0.0,0.0,0.0,0.0,0.0,0.0,0.0,0.0,0.0,1.0,0.0,1.0,0.0,1.0,3.0,4.0,1.0,4.0,6.0,14.0,5.0,7.0,1.0
121,1.0,121.0,London_198,,151,453,1092.0,70.0,2.0,169422.0,1.0055927890352905,827.0,54.0,2.0,52.0,111.0,19.0,92.0,71.0,52.0,179.0,36.0,124.0,17.0,33.0,0.0,12.0,13.0,85.0,169.0,186.0,63.0,0.0,0.0,0.0,0.0,0.0,0.0,0.0,0.0,0.0,26.0,0.0,8.0,1.0,13.0,2.0,1.0,0.0,1.0,2.0,24.0,0.0,0.0,0.0,0.0,0.0,0.0,0.0,0.0,0.0,0.0,0.0,0.0,0.0,0.0,1.0,0.0,0.0,0.0,0.0,0.0,1.0,0.0,0.0,0.0,1.0,0.0,0.0,0.0,0.0,0.0,5.0,12.0,4.0,0.0,0.0,0.0,0.0,0.0,0.0,0.0,0.0,0.0,0.0,0.0,0.0,0.0,0.0,0.0,1.0,0.0,0.0,0.0,0.0,0.0,1.0,0.0,0.0,0.0,1.0,0.0,0.0,0.0,0.0,0.0,7.0,16.0,5.0,0.0
122,1.0,122.0,London_198,,151,453,1092.0,70.0,2.0,192072.0,0.547842636005953,877.0,89.0,0.0,89.0,162.0,0.0,162.0,66.0,57.0,181.0,33.0,131.0,12.0,30.0,0.0,9.0,15.0,86.0,167.0,185.0,64.0,0.0,0.0,0.0,0.0,0.0,0.0,0.0,0.0,0.0,43.0,0.0,7.0,2.0,24.0,2.0,3.0,0.0,5.0,0.0,43.0,0.0,0.0,0.0,0.0,0.0,0.0,0.0,0.0,0.0,0.0,0.0,0.0,0.0,0.0,0.0,0.0,0.0,0.0,0.0,0.0,0.0,0.0,0.0,0.0,1.0,0.0,0.0,2.0,1.0,3.0,6.0,9.0,3.0,3.0,0.0,0.0,0.0,0.0,0.0,0.0,0.0,0.0,0.0,0.0,0.0,0.0,0.0,0.0,0.0,0.0,0.0,0.0,0.0,0.0,0.0,0.0,0.0,0.0,1.0,0.0,0.0,2.0,1.0,3.0,10.0,11.0,4.0,4.0
123,1.0,123.0,London_198,,151,453,1092.0,70.0,2.0,206115.0,0.6814457890577614,908.0,111.0,0.0,111.0,198.0,0.0,198.0,93.0,59.0,183.0,32.0,125.0,10.0,32.0,0.0,12.0,15.0,85.0,166.0,187.0,66.0,0.0,0.0,0.0,0.0,0.0,0.0,0.0,0.0,0.0,48.0,0.0,16.0,2.0,22.0,2.0,5.0,0.0,1.0,0.0,48.0,0.0,0.0,0.0,0.0,0.0,0.0,0.0,0.0,0.0,0.0,0.0,0.0,0.0,0.0,0.0,0.0,0.0,0.0,0.0,0.0,0.0,0.0,0.0,0.0,1.0,0.0,1.0,0.0,0.0,2.0,12.0,19.0,5.0,2.0,0.0,0.0,0.0,0.0,0.0,0.0,0.0,0.0,0.0,0.0,0.0,0.0,0.0,0.0,0.0,0.0,0.0,0.0,0.0,0.0,0.0,0.0,0.0,0.0,1.0,0.0,1.0,0.0,0.0,2.0,15.0,27.0,6.0,3.0
124,1.0,124.0,London_198,,151,453,1092.0,70.0,2.0,203850.0,0.5747296009212732,903.0,101.0,2.0,99.0,185.0,17.0,168.0,120.0,69.0,179.0,32.0,124.0,6.0,29.0,0.0,14.0,17.0,88.0,160.0,188.0,55.0,0.0,0.0,0.0,0.0,0.0,0.0,0.0,0.0,0.0,37.0,0.0,11.0,2.0,14.0,1.0,3.0,1.0,5.0,2.0,35.0,0.0,0.0,0.0,0.0,0.0,0.0,0.0,0.0,0.0,0.0,0.0,0.0,0.0,0.0,0.0,0.0,0.0,0.0,0.0,0.0,0.0,0.0,0.0,0.0,1.0,0.0,0.0,1.0,3.0,1.0,12.0,23.0,1.0,3.0,0.0,0.0,0.0,0.0,0.0,0.0,0.0,0.0,0.0,0.0,0.0,0.0,0.0,0.0,0.0,0.0,0.0,0.0,0.0,0.0,0.0,0.0,0.0,0.0,1.0,0.0,0.0,1.0,4.0,1.0,17.0,30.0,1.0,3.0
125,1.0,125.0,London_198,,151,453,1092.0,70.0,2.0,196602.0,0.42990969284437597,887.0,111.0,2.0,109.0,208.0,18.0,190.0,118.0,63.0,173.0,42.0,112.0,10.0,38.0,1.0,14.0,11.0,78.0,163.0,201.0,48.0,0.0,0.0,0.0,0.0,0.0,0.0,0.0,0.0,0.0,47.0,0.0,11.0,3.0,26.0,0.0,5.0,0.0,2.0,2.0,45.0,0.0,0.0,0.0,0.0,0.0,0.0,0.0,0.0,0.0,0.0,0.0,0.0,0.0,0.0,0.0,0.0,0.0,0.0,0.0,0.0,0.0,0.0,0.0,0.0,1.0,1.0,2.0,0.0,0.0,3.0,12.0,17.0,3.0,0.0,0.0,0.0,0.0,0.0,0.0,0.0,0.0,0.0,0.0,0.0,0.0,0.0,0.0,0.0,0.0,0.0,0.0,0.0,0.0,0.0,0.0,0.0,0.0,0.0,1.0,2.0,4.0,0.0,0.0,3.0,16.0,29.0,4.0,0.0
126,1.0,126.0,London_198,,151,453,1092.0,70.0,2.0,182106.0,0.6099396080244333,855.0,138.0,2.0,136.0,247.0,18.0,229.0,119.0,65.0,178.0,34.0,105.0,12.0,47.0,2.0,10.0,12.0,68.0,167.0,206.0,50.0,0.0,0.0,0.0,0.0,0.0,0.0,0.0,0.0,0.0,59.0,0.0,20.0,7.0,29.0,1.0,0.0,0.0,2.0,2.0,57.0,0.0,0.0,0.0,0.0,0.0,0.0,0.0,0.0,0.0,0.0,0.0,0.0,0.0,0.0,1.0,0.0,0.0,0.0,0.0,0.0,1.0,0.0,0.0,0.0,1.0,0.0,6.0,3.0,0.0,4.0,14.0,22.0,3.0,5.0,0.0,0.0,0.0,0.0,0.0,0.0,0.0,0.0,0.0,0.0,0.0,0.0,0.0,0.0,5.0,0.0,0.0,0.0,0.0,0.0,1.0,0.0,0.0,0.0,1.0,0.0,6.0,4.0,0.0,5.0,17.0,28.0,6.0,5.0
127,1.0,127.0,London_198,,151,453,1092.0,70.0,2.0,149943.0,0.6426490540616214,784.0,117.0,0.0,117.0,209.0,0.0,209.0,149.0,65.0,169.0,28.0,112.0,16.0,51.0,2.0,10.0,7.0,67.0,173.0,206.0,52.0,0.0,0.0,0.0,0.0,0.0,0.0,0.0,0.0,0.0,27.0,0.0,5.0,7.0,15.0,0.0,0.0,0.0,0.0,0.0,27.0,0.0,0.0,0.0,0.0,0.0,0.0,0.0,0.0,0.0,0.0,0.0,0.0,0.0,0.0,0.0,0.0,0.0,0.0,0.0,0.0,0.0,0.0,0.0,0.0,4.0,1.0,4.0,3.0,4.0,3.0,17.0,22.0,5.0,2.0,0.0,0.0,0.0,0.0,0.0,0.0,0.0,0.0,0.0,0.0,0.0,0.0,0.0,0.0,0.0,0.0,0.0,0.0,0.0,0.0,0.0,0.0,0.0,0.0,4.0,2.0,8.0,3.0,6.0,5.0,24.0,30.0,7.0,2.0
128,1.0,128.0,London_198,,151,453,1092.0,70.0,2.0,130464.0,0.5085370747838169,741.0,71.0,1.0,70.0,132.0,11.0,121.0,163.0,60.0,179.0,27.0,111.0,21.0,48.0,0.0,7.0,7.0,59.0,168.0,219.0,54.0,0.0,0.0,0.0,0.0,0.0,0.0,0.0,0.0,0.0,17.0,0.0,0.0,0.0,17.0,0.0,0.0,0.0,0.0,1.0,16.0,0.0,0.0,0.0,0.0,0.0,0.0,0.0,0.0,0.0,0.0,0.0,0.0,0.0,0.0,1.0,0.0,0.0,0.0,0.0,0.0,0.0,0.0,0.0,0.0,0.0,1.0,2.0,1.0,2.0,1.0,5.0,19.0,8.0,2.0,0.0,0.0,0.0,0.0,0.0,0.0,0.0,0.0,0.0,0.0,0.0,0.0,0.0,0.0,1.0,0.0,0.0,0.0,0.0,0.0,0.0,0.0,0.0,0.0,0.0,2.0,2.0,1.0,2.0,1.0,10.0,24.0,11.0,3.0
129,1.0,129.0,London_198,,151,453,1092.0,70.0,2.0,127293.0,0.33025339897722006,734.0,128.0,1.0,127.0,239.0,10.0,229.0,100.0,67.0,168.0,30.0,110.0,22.0,47.0,0.0,9.0,7.0,64.0,158.0,224.0,59.0,0.0,0.0,0.0,0.0,0.0,0.0,0.0,0.0,0.0,13.0,0.0,0.0,0.0,12.0,1.0,0.0,0.0,0.0,1.0,12.0,0.0,0.0,0.0,0.0,0.0,0.0,0.0,0.0,0.0,0.0,0.0,0.0,0.0,1.0,0.0,1.0,0.0,0.0,0.0,0.0,1.0,5.0,0.0,3.0,0.0,2.0,7.0,4.0,7.0,5.0,20.0,31.0,8.0,4.0,0.0,0.0,0.0,0.0,0.0,0.0,0.0,0.0,0.0,0.0,0.0,0.0,0.0,4.0,0.0,1.0,0.0,0.0,0.0,0.0,1.0,6.0,0.0,5.0,0.0,3.0,10.0,5.0,7.0,6.0,34.0,40.0,9.0,7.0
130,1.0,130.0,London_198,,151,453,1092.0,70.0,2.0,93318.0,0.2278365248348564,659.0,60.0,0.0,60.0,97.0,0.0,97.0,213.0,65.0,161.0,31.0,122.0,14.0,47.0,0.0,13.0,12.0,65.0,165.0,211.0,56.0,0.0,0.0,0.0,0.0,0.0,0.0,0.0,0.0,0.0,0.0,0.0,0.0,0.0,0.0,0.0,0.0,0.0,0.0,0.0,0.0,0.0,0.0,0.0,0.0,0.0,0.0,0.0,0.0,0.0,0.0,0.0,0.0,0.0,0.0,0.0,0.0,0.0,0.0,0.0,0.0,0.0,6.0,1.0,0.0,1.0,0.0,4.0,2.0,5.0,0.0,8.0,20.0,8.0,3.0,0.0,0.0,0.0,0.0,0.0,0.0,0.0,0.0,0.0,0.0,0.0,0.0,0.0,0.0,0.0,0.0,0.0,0.0,0.0,0.0,0.0,8.0,1.0,0.0,1.0,0.0,4.0,2.0,5.0,0.0,13.0,31.0,11.0,5.0
131,1.0,131.0,London_198,,151,453,1092.0,70.0,2.0,86976.0,0.4274093210697174,645.0,37.0,0.0,37.0,65.0,0.0,65.0,97.0,69.0,166.0,31.0,107.0,21.0,51.0,0.0,8.0,8.0,60.0,171.0,214.0,49.0,0.0,0.0,0.0,0.0,0.0,0.0,0.0,0.0,0.0,0.0,0.0,0.0,0.0,0.0,0.0,0.0,0.0,0.0,0.0,0.0,0.0,0.0,0.0,0.0,0.0,0.0,0.0,0.0,0.0,0.0,0.0,0.0,0.0,0.0,0.0,0.0,0.0,0.0,0.0,0.0,1.0,1.0,0.0,1.0,1.0,0.0,5.0,3.0,2.0,1.0,6.0,10.0,5.0,1.0,0.0,0.0,0.0,0.0,0.0,0.0,0.0,0.0,0.0,0.0,0.0,0.0,0.0,0.0,0.0,0.0,0.0,0.0,0.0,0.0,1.0,1.0,0.0,1.0,1.0,0.0,8.0,5.0,2.0,2.0,10.0,15.0,6.0,1.0
132,1.0,132.0,London_198,,151,453,1092.0,70.0,2.0,97395.0,0.2534692289773375,668.0,33.0,2.0,31.0,68.0,19.0,49.0,65.0,70.0,166.0,29.0,103.0,20.0,57.0,0.0,8.0,9.0,66.0,171.0,207.0,53.0,0.0,0.0,0.0,0.0,0.0,0.0,0.0,0.0,0.0,0.0,0.0,0.0,0.0,0.0,0.0,0.0,0.0,0.0,0.0,0.0,0.0,0.0,0.0,0.0,0.0,0.0,0.0,0.0,0.0,1.0,0.0,0.0,2.0,2.0,0.0,0.0,1.0,0.0,0.0,0.0,0.0,0.0,0.0,0.0,0.0,0.0,1.0,1.0,2.0,1.0,6.0,11.0,3.0,3.0,0.0,0.0,0.0,0.0,0.0,0.0,0.0,0.0,0.0,2.0,0.0,0.0,6.0,15.0,0.0,0.0,7.0,0.0,0.0,0.0,0.0,0.0,0.0,0.0,0.0,0.0,1.0,1.0,3.0,2.0,8.0,16.0,3.0,4.0
133,1.0,133.0,London_198,,151,453,1092.0,70.0,2.0,119592.0,0.29897103807888925,717.0,27.0,1.0,26.0,67.0,10.0,57.0,68.0,67.0,184.0,30.0,103.0,15.0,46.0,0.0,8.0,10.0,68.0,160.0,215.0,63.0,0.0,0.0,0.0,0.0,0.0,0.0,0.0,0.0,0.0,2.0,0.0,0.0,0.0,2.0,0.0,0.0,0.0,0.0,0.0,2.0,0.0,0.0,0.0,0.0,0.0,0.0,0.0,0.0,0.0,0.0,0.0,0.0,0.0,0.0,0.0,0.0,0.0,0.0,0.0,0.0,0.0,0.0,1.0,0.0,0.0,0.0,4.0,0.0,2.0,2.0,3.0,7.0,2.0,2.0,0.0,0.0,0.0,0.0,0.0,0.0,0.0,0.0,0.0,0.0,0.0,0.0,0.0,0.0,0.0,0.0,0.0,0.0,0.0,0.0,0.0,0.0,2.0,0.0,0.0,0.0,4.0,0.0,3.0,4.0,4.0,15.0,3.0,4.0
134,1.0,134.0,London_198,,151,453,1092.0,70.0,2.0,149037.0,0.7306848170701414,782.0,74.0,0.0,74.0,132.0,0.0,132.0,63.0,59.0,181.0,28.0,119.0,16.0,42.0,0.0,8.0,11.0,70.0,159.0,213.0,68.0,0.0,0.0,0.0,0.0,0.0,0.0,0.0,0.0,0.0,22.0,0.0,0.0,3.0,14.0,0.0,0.0,1.0,4.0,0.0,22.0,0.0,0.0,0.0,0.0,0.0,0.0,0.0,0.0,0.0,0.0,0.0,0.0,0.0,0.0,0.0,0.0,0.0,0.0,0.0,0.0,0.0,2.0,3.0,0.0,0.0,0.0,3.0,1.0,2.0,1.0,7.0,14.0,6.0,1.0,0.0,0.0,0.0,0.0,0.0,0.0,0.0,0.0,0.0,0.0,0.0,0.0,0.0,0.0,0.0,0.0,0.0,0.0,0.0,0.0,0.0,3.0,4.0,0.0,0.0,0.0,3.0,1.0,2.0,1.0,12.0,20.0,9.0,2.0
135,1.0,135.0,London_198,,151,453,1092.0,70.0,2.0,158550.0,0.46446406887844205,803.0,69.0,0.0,69.0,122.0,0.0,122.0,91.0,62.0,176.0,31.0,117.0,14.0,46.0,1.0,6.0,11.0,71.0,158.0,213.0,67.0,0.0,0.0,0.0,0.0,0.0,0.0,0.0,0.0,0.0,20.0,0.0,3.0,3.0,14.0,0.0,0.0,0.0,0.0,0.0,20.0,0.0,0.0,0.0,0.0,0.0,0.0,0.0,0.0,0.0,0.0,0.0,0.0,0.0,0.0,0.0,0.0,0.0,0.0,0.0,0.0,0.0,1.0,2.0,0.0,1.0,1.0,4.0,0.0,0.0,2.0,12.0,8.0,5.0,3.0,0.0,0.0,0.0,0.0,0.0,0.0,0.0,0.0,0.0,0.0,0.0,0.0,0.0,0.0,0.0,0.0,0.0,0.0,0.0,0.0,0.0,2.0,2.0,0.0,1.0,1.0,4.0,0.0,0.0,2.0,14.0,10.0,5.0,4.0
136,1.0,136.0,London_198,,151,453,1092.0,70.0,2.0,168969.0,0.5014969990588725,826.0,110.0,1.0,109.0,205.0,11.0,194.0,81.0,67.0,179.0,26.0,115.0,17.0,43.0,1.0,5.0,9.0,68.0,165.0,211.0,54.0,0.0,0.0,0.0,0.0,0.0,0.0,0.0,0.0,0.0,40.0,0.0,5.0,6.0,23.0,1.0,1.0,1.0,3.0,1.0,39.0,0.0,0.0,0.0,0.0,0.0,0.0,0.0,0.0,0.0,0.0,0.0,0.0,0.0,0.0,1.0,0.0,0.0,0.0,0.0,0.0,0.0,0.0,3.0,0.0,2.0,0.0,4.0,1.0,0.0,2.0,13.0,19.0,10.0,4.0,0.0,0.0,0.0,0.0,0.0,0.0,0.0,0.0,0.0,0.0,0.0,0.0,0.0,0.0,6.0,0.0,0.0,0.0,0.0,0.0,0.0,0.0,3.0,0.0,3.0,0.0,4.0,1.0,0.0,2.0,19.0,26.0,14.0,4.0
137,1.0,137.0,London_198,,151,453,1092.0,70.0,2.0,155379.0,0.37856634613126516,796.0,42.0,0.0,42.0,66.0,0.0,66.0,133.0,75.0,183.0,20.0,112.0,19.0,36.0,1.0,7.0,9.0,75.0,162.0,207.0,55.0,0.0,0.0,0.0,0.0,0.0,0.0,0.0,0.0,0.0,12.0,0.0,0.0,1.0,9.0,1.0,0.0,0.0,1.0,0.0,12.0,0.0,0.0,0.0,0.0,0.0,0.0,0.0,0.0,0.0,0.0,0.0,0.0,0.0,0.0,0.0,0.0,0.0,0.0,0.0,0.0,1.0,1.0,0.0,0.0,1.0,0.0,2.0,0.0,1.0,3.0,4.0,8.0,2.0,1.0,0.0,0.0,0.0,0.0,0.0,0.0,0.0,0.0,0.0,0.0,0.0,0.0,0.0,0.0,0.0,0.0,0.0,0.0,0.0,0.0,1.0,1.0,0.0,0.0,1.0,0.0,2.0,0.0,1.0,3.0,5.0,12.0,2.0,1.0
138,1.0,138.0,London_198,,151,453,1092.0,70.0,2.0,182559.0,0.5074934270232916,856.0,106.0,2.0,104.0,206.0,19.0,187.0,47.0,76.0,188.0,22.0,109.0,14.0,35.0,1.0,8.0,10.0,68.0,170.0,205.0,55.0,0.0,0.0,0.0,0.0,0.0,0.0,0.0,0.0,0.0,38.0,0.0,7.0,3.0,21.0,0.0,4.0,1.0,2.0,2.0,36.0,0.0,0.0,0.0,0.0,0.0,0.0,0.0,0.0,0.0,0.0,0.0,0.0,0.0,1.0,0.0,0.0,0.0,0.0,0.0,0.0,1.0,0.0,0.0,0.0,0.0,0.0,3.0,1.0,0.0,1.0,14.0,19.0,3.0,6.0,0.0,0.0,0.0,0.0,0.0,0.0,0.0,0.0,0.0,0.0,0.0,0.0,0.0,3.0,0.0,0.0,0.0,0.0,0.0,0.0,1.0,0.0,0.0,0.0,0.0,0.0,4.0,1.0,0.0,3.0,19.0,29.0,5.0,9.0
139,1.0,139.0,London_198,,151,453,1092.0,70.0,2.0,173499.0,0.5855182250961661,836.0,145.0,2.0,143.0,260.0,19.0,241.0,135.0,73.0,189.0,26.0,117.0,12.0,30.0,1.0,5.0,7.0,80.0,154.0,212.0,57.0,0.0,0.0,0.0,0.0,0.0,0.0,0.0,0.0,0.0,53.0,0.0,2.0,9.0,30.0,1.0,2.0,2.0,7.0,2.0,51.0,0.0,0.0,0.0,0.0,0.0,0.0,0.0,0.0,0.0,0.0,0.0,0.0,0.0,0.0,1.0,0.0,0.0,0.0,0.0,0.0,2.0,3.0,0.0,0.0,0.0,0.0,11.0,1.0,0.0,3.0,16.0,18.0,3.0,5.0,0.0,0.0,0.0,0.0,0.0,0.0,0.0,0.0,0.0,0.0,0.0,0.0,0.0,0.0,7.0,0.0,0.0,0.0,0.0,0.0,2.0,3.0,0.0,0.0,0.0,0.0,15.0,1.0,0.0,5.0,22.0,25.0,3.0,6.0
140,1.0,140.0,London_198,,151,453,1092.0,70.0,2.0,148584.0,0.43029937194660306,781.0,102.0,1.0,101.0,192.0,10.0,182.0,166.0,85.0,173.0,29.0,119.0,12.0,24.0,1.0,10.0,9.0,78.0,140.0,226.0,55.0,0.0,0.0,0.0,0.0,0.0,0.0,0.0,0.0,0.0,25.0,0.0,0.0,2.0,20.0,0.0,1.0,0.0,2.0,0.0,25.0,0.0,0.0,0.0,0.0,0.0,0.0,0.0,0.0,0.0,0.0,0.0,0.0,0.0,1.0,0.0,0.0,0.0,0.0,0.0,0.0,2.0,0.0,0.0,1.0,1.0,0.0,12.0,2.0,1.0,6.0,13.0,18.0,9.0,2.0,0.0,0.0,0.0,0.0,0.0,0.0,0.0,0.0,0.0,0.0,0.0,0.0,0.0,7.0,0.0,0.0,0.0,0.0,0.0,0.0,2.0,0.0,0.0,1.0,1.0,0.0,15.0,2.0,1.0,8.0,17.0,23.0,12.0,3.0
141,1.0,141.0,London_198,,151,453,1092.0,70.0,2.0,141789.0,0.36651656217873096,766.0,63.0,0.0,63.0,110.0,0.0,110.0,150.0,73.0,172.0,28.0,120.0,11.0,35.0,2.0,12.0,12.0,82.0,145.0,214.0,56.0,0.0,0.0,0.0,0.0,0.0,0.0,0.0,0.0,0.0,13.0,0.0,0.0,0.0,12.0,0.0,0.0,0.0,1.0,0.0,13.0,0.0,0.0,0.0,0.0,0.0,0.0,0.0,0.0,0.0,0.0,0.0,0.0,0.0,0.0,0.0,0.0,0.0,0.0,0.0,0.0,1.0,3.0,0.0,0.0,1.0,0.0,1.0,1.0,0.0,2.0,10.0,12.0,7.0,3.0,0.0,0.0,0.0,0.0,0.0,0.0,0.0,0.0,0.0,0.0,0.0,0.0,0.0,0.0,0.0,0.0,0.0,0.0,0.0,0.0,1.0,3.0,0.0,0.0,1.0,0.0,1.0,2.0,0.0,2.0,16.0,14.0,11.0,3.0
142,1.0,142.0,London_198,,151,453,1092.0,70.0,2.0,144960.0,0.7248250900302082,773.0,70.0,0.0,70.0,117.0,0.0,117.0,90.0,63.0,184.0,30.0,124.0,8.0,29.0,1.0,14.0,10.0,80.0,141.0,222.0,61.0,0.0,0.0,0.0,0.0,0.0,0.0,0.0,0.0,0.0,15.0,0.0,0.0,3.0,10.0,0.0,0.0,0.0,2.0,0.0,15.0,0.0,0.0,0.0,0.0,0.0,0.0,0.0,0.0,0.0,0.0,0.0,0.0,0.0,0.0,0.0,0.0,0.0,0.0,0.0,0.0,0.0,1.0,0.0,1.0,2.0,0.0,5.0,1.0,0.0,3.0,12.0,13.0,4.0,0.0,0.0,0.0,0.0,0.0,0.0,0.0,0.0,0.0,0.0,0.0,0.0,0.0,0.0,0.0,0.0,0.0,0.0,0.0,0.0,0.0,0.0,1.0,0.0,2.0,2.0,0.0,7.0,1.0,0.0,3.0,17.0,16.0,4.0,0.0
143,1.0,143.0,London_198,,151,453,1092.0,70.0,2.0,159909.0,0.6380959069356322,806.0,10.0,0.0,10.0,15.0,0.0,15.0,93.0,69.0,180.0,29.0,115.0,11.0,33.0,3.0,13.0,9.0,78.0,149.0,217.0,66.0,0.0,0.0,0.0,0.0,0.0,0.0,0.0,0.0,0.0,2.0,0.0,0.0,0.0,2.0,0.0,0.0,0.0,0.0,0.0,2.0,0.0,0.0,0.0,0.0,0.0,0.0,0.0,0.0,0.0,0.0,0.0,0.0,0.0,0.0,0.0,0.0,0.0,0.0,0.0,0.0,0.0,0.0,0.0,0.0,0.0,0.0,0.0,1.0,0.0,0.0,1.0,1.0,0.0,0.0,0.0,0.0,0.0,0.0,0.0,0.0,0.0,0.0,0.0,0.0,0.0,0.0,0.0,0.0,0.0,0.0,0.0,0.0,0.0,0.0,0.0,0.0,0.0,0.0,0.0,0.0,0.0,1.0,0.0,0.0,1.0,1.0,0.0,0.0
144,1.0,144.0,London_198,,151,453,1092.0,70.0,2.0,213816.0,0.5585303690750152,925.0,123.0,1.0,122.0,218.0,10.0,208.0,12.0,69.0,179.0,29.0,114.0,11.0,34.0,3.0,14.0,9.0,80.0,149.0,215.0,63.0,0.0,0.0,0.0,0.0,0.0,0.0,0.0,0.0,0.0,54.0,0.0,21.0,8.0,19.0,2.0,3.0,0.0,1.0,1.0,53.0,0.0,0.0,0.0,0.0,0.0,0.0,0.0,0.0,0.0,0.0,0.0,0.0,0.0,0.0,1.0,0.0,0.0,0.0,0.0,0.0,0.0,0.0,0.0,0.0,0.0,0.0,1.0,0.0,0.0,2.0,11.0,18.0,2.0,0.0,0.0,0.0,0.0,0.0,0.0,0.0,0.0,0.0,0.0,0.0,0.0,0.0,0.0,0.0,2.0,0.0,0.0,0.0,0.0,0.0,0.0,0.0,0.0,0.0,0.0,0.0,1.0,0.0,0.0,2.0,18.0,29.0,4.0,0.0
145,1.0,145.0,London_198,,151,453,1092.0,70.0,2.0,199320.0,0.5028969091363251,893.0,114.0,2.0,112.0,211.0,19.0,192.0,139.0,60.0,188.0,24.0,121.0,7.0,38.0,4.0,11.0,11.0,77.0,142.0,223.0,58.0,0.0,0.0,0.0,0.0,0.0,0.0,0.0,0.0,0.0,50.0,0.0,9.0,5.0,24.0,5.0,6.0,0.0,1.0,2.0,48.0,0.0,0.0,0.0,0.0,0.0,0.0,0.0,0.0,0.0,0.0,0.0,0.0,0.0,0.0,0.0,0.0,0.0,0.0,0.0,0.0,0.0,0.0,0.0,0.0,0.0,0.0,3.0,1.0,0.0,3.0,14.0,16.0,4.0,2.0,0.0,0.0,0.0,0.0,0.0,0.0,0.0,0.0,0.0,0.0,0.0,0.0,0.0,0.0,0.0,0.0,0.0,0.0,0.0,0.0,0.0,0.0,0.0,0.0,0.0,0.0,3.0,1.0,0.0,4.0,19.0,20.0,6.0,3.0
146,1.0,146.0,London_198,,151,453,1092.0,70.0,2.0,186636.0,0.5134260759223253,865.0,100.0,2.0,98.0,193.0,18.0,175.0,123.0,64.0,193.0,24.0,106.0,11.0,41.0,4.0,10.0,9.0,83.0,152.0,209.0,52.0,0.0,0.0,0.0,0.0,0.0,0.0,0.0,0.0,0.0,37.0,0.0,6.0,4.0,20.0,0.0,4.0,0.0,3.0,2.0,35.0,0.0,0.0,0.0,0.0,0.0,0.0,0.0,0.0,0.0,0.0,0.0,0.0,0.0,1.0,0.0,0.0,0.0,0.0,0.0,0.0,0.0,0.0,1.0,0.0,0.0,0.0,0.0,0.0,1.0,1.0,15.0,14.0,4.0,3.0,0.0,0.0,0.0,0.0,0.0,0.0,0.0,0.0,0.0,0.0,0.0,0.0,0.0,3.0,0.0,0.0,0.0,0.0,0.0,0.0,0.0,0.0,1.0,0.0,0.0,0.0,0.0,0.0,2.0,1.0,19.0,21.0,6.0,5.0
147,1.0,147.0,London_198,,151,453,1092.0,70.0,2.0,177576.0,0.5359211459290236,845.0,105.0,0.0,105.0,169.0,0.0,169.0,125.0,51.0,193.0,26.0,111.0,15.0,40.0,5.0,12.0,6.0,79.0,147.0,221.0,43.0,0.0,0.0,0.0,0.0,0.0,0.0,0.0,0.0,0.0,27.0,0.0,5.0,4.0,15.0,0.0,2.0,0.0,1.0,0.0,27.0,0.0,0.0,0.0,0.0,0.0,0.0,0.0,0.0,0.0,0.0,0.0,0.0,0.0,0.0,0.0,0.0,0.0,0.0,0.0,0.0,1.0,0.0,0.0,0.0,0.0,1.0,0.0,2.0,1.0,5.0,15.0,17.0,3.0,3.0,0.0,0.0,0.0,0.0,0.0,0.0,0.0,0.0,0.0,0.0,0.0,0.0,0.0,0.0,0.0,0.0,0.0,0.0,0.0,0.0,2.0,0.0,0.0,0.0,0.0,1.0,0.0,2.0,1.0,6.0,20.0,25.0,3.0,3.0
148,1.0,148.0,London_198,,151,453,1092.0,70.0,2.0,163533.0,0.4763514439109713,814.0,85.0,0.0,85.0,156.0,0.0,156.0,129.0,59.0,176.0,28.0,116.0,16.0,39.0,4.0,15.0,9.0,76.0,133.0,235.0,49.0,0.0,0.0,0.0,0.0,0.0,0.0,0.0,0.0,0.0,25.0,0.0,5.0,2.0,14.0,0.0,0.0,0.0,4.0,0.0,25.0,0.0,0.0,0.0,0.0,0.0,0.0,0.0,0.0,0.0,0.0,0.0,0.0,0.0,0.0,0.0,0.0,0.0,0.0,0.0,0.0,0.0,4.0,0.0,0.0,0.0,0.0,5.0,1.0,2.0,6.0,13.0,18.0,9.0,3.0,0.0,0.0,0.0,0.0,0.0,0.0,0.0,0.0,0.0,0.0,0.0,0.0,0.0,0.0,0.0,0.0,0.0,0.0,0.0,0.0,0.0,4.0,0.0,0.0,0.0,0.0,5.0,1.0,2.0,7.0,19.0,27.0,10.0,7.0
149,1.0,149.0,London_198,,151,453,1092.0,70.0,2.0,159909.0,0.5389756739605218,806.0,94.0,2.0,92.0,165.0,16.0,149.0,110.0,60.0,170.0,31.0,120.0,18.0,36.0,4.0,14.0,9.0,78.0,125.0,241.0,53.0,0.0,0.0,0.0,0.0,0.0,0.0,0.0,0.0,0.0,27.0,0.0,4.0,2.0,16.0,0.0,2.0,0.0,3.0,2.0,25.0,0.0,0.0,0.0,0.0,0.0,0.0,0.0,0.0,0.0,0.0,0.0,0.0,0.0,0.0,1.0,0.0,0.0,0.0,0.0,0.0,0.0,2.0,0.0,0.0,1.0,0.0,1.0,5.0,3.0,3.0,9.0,20.0,6.0,4.0,0.0,0.0,0.0,0.0,0.0,0.0,0.0,0.0,0.0,0.0,0.0,0.0,0.0,0.0,6.0,0.0,0.0,0.0,0.0,0.0,0.0,2.0,0.0,0.0,1.0,0.0,1.0,6.0,3.0,4.0,13.0,29.0,9.0,7.0
150,1.0,150.0,London_198,,151,453,1092.0,70.0,2.0,150849.0,0.6204319070093334,786.0,155.0,1.0,154.0,278.0,9.0,269.0,123.0,53.0,177.0,29.0,128.0,18.0,32.0,2.0,14.0,10.0,83.0,115.0,245.0,60.0,0.0,0.0,0.0,0.0,0.0,0.0,0.0,0.0,0.0,32.0,0.0,0.0,2.0,27.0,0.0,0.0,0.0,3.0,1.0,31.0,0.0,0.0,0.0,0.0,0.0,0.0,0.0,0.0,0.0,0.0,0.0,0.0,0.0,0.0,0.0,0.0,0.0,0.0,0.0,0.0,3.0,7.0,0.0,0.0,0.0,0.0,3.0,6.0,3.0,6.0,26.0,33.0,10.0,7.0,0.0,0.0,0.0,0.0,0.0,0.0,0.0,0.0,0.0,0.0,0.0,0.0,0.0,0.0,0.0,0.0,0.0,0.0,0.0,0.0,4.0,11.0,0.0,0.0,0.0,0.0,5.0,8.0,3.0,10.0,41.0,46.0,12.0,10.0
151,1.0,151.0,London_198,,151,453,1092.0,70.0,2.0,115968.0,0.28217778797261417,709.0,27.0,0.0,27.0,43.0,0.0,43.0,217.0,68.0,154.0,32.0,121.0,12.0,51.0,2.0,13.0,12.0,85.0,133.0,223.0,44.0,0.0,0.0,0.0,0.0,0.0,0.0,0.0,0.0,0.0,2.0,0.0,0.0,0.0,2.0,0.0,0.0,0.0,0.0,0.0,2.0,0.0,0.0,0.0,0.0,0.0,0.0,0.0,0.0,0.0,0.0,0.0,0.0,0.0,0.0,0.0,0.0,0.0,0.0,0.0,0.0,0.0,0.0,0.0,0.0,0.0,0.0,0.0,2.0,2.0,2.0,2.0,3.0,7.0,0.0,0.0,0.0,0.0,0.0,0.0,0.0,0.0,0.0,0.0,0.0,0.0,0.0,0.0,0.0,0.0,0.0,0.0,0.0,0.0,0.0,0.0,0.0,0.0,0.0,0.0,0.0,0.0,3.0,3.0,2.0,3.0,4.0,9.0,0.0
152,1.0,152.0,London_198,,151,453,1092.0,70.0,2.0,140430.0,0.5032513260375708,763.0,20.0,2.0,18.0,49.0,18.0,31.0,41.0,62.0,154.0,30.0,127.0,14.0,53.0,2.0,11.0,12.0,90.0,136.0,215.0,44.0,0.0,0.0,0.0,0.0,0.0,0.0,0.0,0.0,0.0,5.0,0.0,0.0,0.0,3.0,0.0,2.0,0.0,0.0,2.0,3.0,0.0,0.0,0.0,0.0,0.0,0.0,0.0,0.0,0.0,0.0,0.0,0.0,0.0,0.0,0.0,1.0,0.0,0.0,0.0,0.0,0.0,0.0,0.0,0.0,0.0,0.0,1.0,1.0,0.0,0.0,2.0,4.0,1.0,1.0,0.0,0.0,0.0,0.0,0.0,0.0,0.0,0.0,0.0,0.0,0.0,0.0,0.0,0.0,0.0,4.0,0.0,0.0,0.0,0.0,0.0,0.0,0.0,0.0,0.0,0.0,1.0,1.0,0.0,0.0,2.0,6.0,1.0,1.0
153,1.0,153.0,London_198,,151,453,1092.0,70.0,2.0,173952.0,0.6130117911379784,837.0,108.0,2.0,106.0,200.0,18.0,182.0,36.0,59.0,157.0,33.0,130.0,7.0,54.0,3.0,10.0,13.0,97.0,143.0,200.0,43.0,0.0,0.0,0.0,0.0,0.0,0.0,0.0,0.0,0.0,40.0,0.0,7.0,7.0,18.0,1.0,1.0,0.0,6.0,2.0,38.0,0.0,0.0,0.0,0.0,0.0,0.0,0.0,0.0,0.0,0.0,0.0,0.0,0.0,0.0,0.0,0.0,0.0,0.0,0.0,0.0,1.0,0.0,0.0,0.0,1.0,0.0,3.0,2.0,1.0,0.0,15.0,22.0,3.0,5.0,0.0,0.0,0.0,0.0,0.0,0.0,0.0,0.0,0.0,0.0,0.0,0.0,0.0,0.0,0.0,0.0,0.0,0.0,0.0,0.0,1.0,0.0,0.0,0.0,1.0,0.0,4.0,3.0,1.0,0.0,20.0,31.0,3.0,5.0
154,1.0,154.0,London_198,,151,453,1092.0,70.0,2.0,164439.0,1.001322312047705,816.0,122.0,0.0,122.0,211.0,0.0,211.0,125.0,62.0,156.0,29.0,127.0,12.0,55.0,3.0,9.0,11.0,88.0,165.0,189.0,45.0,0.0,0.0,0.0,0.0,0.0,0.0,0.0,0.0,0.0,42.0,0.0,7.0,5.0,22.0,0.0,2.0,1.0,5.0,0.0,42.0,0.0,0.0,0.0,0.0,0.0,0.0,0.0,0.0,0.0,0.0,0.0,0.0,0.0,0.0,0.0,0.0,0.0,0.0,0.0,0.0,0.0,0.0,0.0,0.0,2.0,1.0,1.0,3.0,0.0,2.0,12.0,24.0,6.0,3.0,0.0,0.0,0.0,0.0,0.0,0.0,0.0,0.0,0.0,0.0,0.0,0.0,0.0,0.0,0.0,0.0,0.0,0.0,0.0,0.0,0.0,0.0,0.0,0.0,2.0,1.0,1.0,3.0,0.0,3.0,14.0,39.0,7.0,5.0
155,1.0,155.0,London_198,,151,453,1092.0,70.0,2.0,142695.0,0.335669704945758,768.0,37.0,0.0,37.0,63.0,0.0,63.0,152.0,59.0,161.0,29.0,126.0,14.0,50.0,2.0,12.0,13.0,72.0,171.0,197.0,44.0,0.0,0.0,0.0,0.0,0.0,0.0,0.0,0.0,0.0,10.0,0.0,0.0,0.0,10.0,0.0,0.0,0.0,0.0,0.0,10.0,0.0,0.0,0.0,0.0,0.0,0.0,0.0,0.0,0.0,0.0,0.0,0.0,0.0,0.0,0.0,0.0,0.0,0.0,0.0,0.0,0.0,2.0,0.0,0.0,3.0,0.0,0.0,1.0,0.0,1.0,4.0,9.0,0.0,2.0,0.0,0.0,0.0,0.0,0.0,0.0,0.0,0.0,0.0,0.0,0.0,0.0,0.0,0.0,0.0,0.0,0.0,0.0,0.0,0.0,0.0,2.0,0.0,0.0,3.0,0.0,0.0,2.0,0.0,1.0,4.0,12.0,0.0,3.0
156,1.0,156.0,London_198,,151,453,1092.0,70.0,2.0,164439.0,0.5551996959839016,816.0,119.0,2.0,117.0,226.0,17.0,209.0,46.0,61.0,164.0,27.0,124.0,15.0,50.0,3.0,9.0,13.0,72.0,177.0,191.0,43.0,0.0,0.0,0.0,0.0,0.0,0.0,0.0,0.0,0.0,47.0,0.0,13.0,5.0,23.0,0.0,4.0,1.0,1.0,2.0,45.0,0.0,0.0,0.0,0.0,0.0,0.0,0.0,0.0,0.0,0.0,0.0,0.0,0.0,0.0,1.0,0.0,1.0,0.0,0.0,0.0,0.0,0.0,0.0,1.0,1.0,0.0,0.0,0.0,2.0,2.0,17.0,20.0,5.0,3.0,0.0,0.0,0.0,0.0,0.0,0.0,0.0,0.0,0.0,0.0,0.0,0.0,0.0,0.0,1.0,0.0,1.0,0.0,0.0,0.0,0.0,0.0,0.0,1.0,1.0,0.0,0.0,0.0,2.0,2.0,21.0,29.0,6.0,4.0
157,1.0,157.0,London_198,,151,453,1092.0,70.0,2.0,141336.0,0.5496683421079069,765.0,145.0,0.0,145.0,263.0,0.0,263.0,143.0,54.0,180.0,24.0,123.0,16.0,43.0,4.0,9.0,15.0,74.0,166.0,198.0,49.0,0.0,0.0,0.0,0.0,0.0,0.0,0.0,0.0,0.0,40.0,0.0,3.0,4.0,23.0,0.0,2.0,3.0,5.0,0.0,40.0,0.0,0.0,0.0,0.0,0.0,0.0,0.0,0.0,0.0,0.0,0.0,0.0,0.0,0.0,0.0,0.0,0.0,0.0,0.0,0.0,1.0,0.0,1.0,0.0,2.0,0.0,10.0,2.0,1.0,3.0,17.0,23.0,11.0,4.0,0.0,0.0,0.0,0.0,0.0,0.0,0.0,0.0,0.0,0.0,0.0,0.0,0.0,0.0,0.0,0.0,0.0,0.0,0.0,0.0,1.0,0.0,1.0,0.0,2.0,0.0,14.0,4.0,1.0,4.0,24.0,37.0,15.0,5.0
158,1.0,158.0,London_198,,151,453,1092.0,70.0,2.0,96489.0,0.22620198596268892,666.0,29.0,2.0,27.0,64.0,20.0,44.0,195.0,53.0,178.0,25.0,118.0,15.0,54.0,2.0,8.0,13.0,75.0,159.0,206.0,54.0,0.0,0.0,0.0,0.0,0.0,0.0,0.0,0.0,0.0,0.0,0.0,0.0,0.0,0.0,0.0,0.0,0.0,0.0,0.0,0.0,0.0,0.0,0.0,0.0,0.0,0.0,0.0,0.0,0.0,0.0,0.0,0.0,1.0,0.0,2.0,2.0,0.0,0.0,0.0,0.0,1.0,0.0,0.0,1.0,3.0,0.0,2.0,1.0,1.0,2.0,3.0,8.0,5.0,2.0,0.0,0.0,0.0,0.0,0.0,0.0,0.0,0.0,0.0,0.0,0.0,0.0,4.0,0.0,18.0,4.0,0.0,0.0,0.0,0.0,1.0,0.0,0.0,1.0,4.0,0.0,2.0,1.0,1.0,2.0,7.0,10.0,6.0,4.0
159,1.0,159.0,London_198,,151,453,1092.0,70.0,2.0,115515.0,0.24960394902154803,708.0,52.0,2.0,50.0,107.0,15.0,92.0,64.0,63.0,180.0,26.0,117.0,15.0,41.0,2.0,9.0,13.0,74.0,152.0,214.0,49.0,0.0,0.0,0.0,0.0,0.0,0.0,0.0,0.0,0.0,7.0,0.0,0.0,0.0,7.0,0.0,0.0,0.0,0.0,0.0,7.0,0.0,0.0,0.0,0.0,0.0,0.0,0.0,0.0,0.0,1.0,0.0,0.0,1.0,0.0,0.0,2.0,0.0,0.0,0.0,0.0,1.0,3.0,0.0,2.0,3.0,0.0,7.0,2.0,0.0,5.0,10.0,6.0,3.0,1.0,0.0,0.0,0.0,0.0,0.0,0.0,0.0,0.0,0.0,2.0,0.0,0.0,3.0,0.0,0.0,4.0,0.0,0.0,0.0,0.0,1.0,3.0,0.0,2.0,3.0,0.0,8.0,4.0,0.0,5.0,15.0,9.0,4.0,2.0
160,1.0,160.0,London_198,,151,453,1092.0,70.0,2.0,130464.0,0.2928466531448066,741.0,70.0,1.0,69.0,127.0,9.0,118.0,97.0,65.0,182.0,24.0,128.0,12.0,34.0,1.0,7.0,8.0,74.0,162.0,209.0,59.0,0.0,0.0,0.0,0.0,0.0,0.0,0.0,0.0,0.0,13.0,0.0,0.0,2.0,10.0,0.0,1.0,0.0,0.0,1.0,12.0,0.0,0.0,0.0,0.0,0.0,0.0,0.0,0.0,0.0,0.0,0.0,0.0,0.0,0.0,0.0,0.0,0.0,0.0,0.0,0.0,0.0,0.0,0.0,2.0,1.0,0.0,2.0,2.0,1.0,4.0,13.0,10.0,9.0,2.0,0.0,0.0,0.0,0.0,0.0,0.0,0.0,0.0,0.0,0.0,0.0,0.0,0.0,0.0,0.0,0.0,0.0,0.0,0.0,0.0,0.0,0.0,0.0,2.0,1.0,0.0,3.0,3.0,2.0,4.0,17.0,15.0,11.0,2.0
161,1.0,161.0,London_198,,151,453,1092.0,70.0,2.0,139071.0,0.35080777015537024,760.0,55.0,1.0,54.0,112.0,8.0,104.0,105.0,57.0,181.0,32.0,119.0,15.0,39.0,1.0,9.0,6.0,73.0,164.0,210.0,65.0,0.0,0.0,0.0,0.0,0.0,0.0,0.0,0.0,0.0,16.0,0.0,1.0,3.0,11.0,0.0,1.0,0.0,0.0,0.0,16.0,0.0,0.0,0.0,0.0,0.0,0.0,0.0,0.0,0.0,0.0,0.0,0.0,0.0,0.0,1.0,0.0,0.0,0.0,0.0,0.0,1.0,1.0,0.0,0.0,0.0,0.0,3.0,2.0,2.0,0.0,10.0,7.0,4.0,3.0,0.0,0.0,0.0,0.0,0.0,0.0,0.0,0.0,0.0,0.0,0.0,0.0,0.0,0.0,7.0,0.0,0.0,0.0,0.0,0.0,1.0,1.0,0.0,0.0,0.0,0.0,3.0,3.0,3.0,0.0,15.0,12.0,5.0,4.0
162,1.0,162.0,London_198,,151,453,1092.0,70.0,2.0,150396.0,0.6645441718865186,785.0,110.0,0.0,110.0,205.0,0.0,205.0,85.0,52.0,175.0,34.0,122.0,16.0,41.0,3.0,10.0,7.0,81.0,150.0,215.0,70.0,0.0,0.0,0.0,0.0,0.0,0.0,0.0,0.0,0.0,29.0,0.0,6.0,3.0,19.0,0.0,0.0,0.0,1.0,0.0,29.0,0.0,0.0,0.0,0.0,0.0,0.0,0.0,0.0,0.0,0.0,0.0,0.0,0.0,0.0,0.0,0.0,0.0,0.0,0.0,0.0,0.0,1.0,1.0,0.0,2.0,0.0,4.0,2.0,4.0,5.0,19.0,17.0,9.0,4.0,0.0,0.0,0.0,0.0,0.0,0.0,0.0,0.0,0.0,0.0,0.0,0.0,0.0,0.0,0.0,0.0,0.0,0.0,0.0,0.0,0.0,1.0,1.0,0.0,3.0,0.0,4.0,2.0,4.0,6.0,33.0,25.0,13.0,4.0
163,1.0,163.0,London_198,,151,453,1092.0,70.0,2.0,135447.0,0.5240897990297526,752.0,11.0,2.0,9.0,36.0,19.0,17.0,153.0,55.0,177.0,30.0,118.0,15.0,49.0,1.0,8.0,7.0,68.0,155.0,223.0,66.0,0.0,0.0,0.0,0.0,0.0,0.0,0.0,0.0,0.0,2.0,0.0,0.0,0.0,0.0,1.0,1.0,0.0,0.0,1.0,1.0,0.0,0.0,0.0,0.0,0.0,0.0,0.0,0.0,0.0,0.0,0.0,0.0,0.0,0.0,1.0,0.0,1.0,0.0,0.0,0.0,0.0,0.0,0.0,0.0,1.0,0.0,0.0,0.0,0.0,1.0,1.0,0.0,1.0,1.0,0.0,0.0,0.0,0.0,0.0,0.0,0.0,0.0,0.0,0.0,0.0,0.0,0.0,0.0,3.0,0.0,6.0,0.0,0.0,0.0,0.0,0.0,0.0,0.0,1.0,0.0,0.0,0.0,0.0,1.0,2.0,0.0,1.0,2.0
164,1.0,164.0,London_198,,151,453,1092.0,70.0,2.0,171234.0,0.48707135906443,831.0,20.0,0.0,20.0,32.0,0.0,32.0,28.0,54.0,173.0,35.0,125.0,11.0,45.0,1.0,9.0,6.0,71.0,147.0,229.0,65.0,0.0,0.0,0.0,0.0,0.0,0.0,0.0,0.0,0.0,4.0,0.0,2.0,0.0,2.0,0.0,0.0,0.0,0.0,0.0,4.0,0.0,0.0,0.0,0.0,0.0,0.0,0.0,0.0,0.0,0.0,0.0,0.0,0.0,0.0,0.0,0.0,0.0,0.0,0.0,0.0,0.0,0.0,0.0,0.0,2.0,0.0,0.0,0.0,0.0,0.0,3.0,7.0,2.0,1.0,0.0,0.0,0.0,0.0,0.0,0.0,0.0,0.0,0.0,0.0,0.0,0.0,0.0,0.0,0.0,0.0,0.0,0.0,0.0,0.0,0.0,0.0,0.0,0.0,2.0,0.0,0.0,0.0,0.0,0.0,4.0,9.0,2.0,2.0
165,1.0,165.0,London_198,,151,453,1092.0,70.0,2.0,216081.0,0.6129723219200969,930.0,195.0,0.0,195.0,334.0,0.0,334.0,26.0,53.0,169.0,37.0,125.0,11.0,48.0,1.0,9.0,6.0,73.0,146.0,228.0,65.0,0.0,0.0,0.0,0.0,0.0,0.0,0.0,0.0,0.0,85.0,0.0,32.0,4.0,38.0,3.0,5.0,0.0,3.0,0.0,85.0,0.0,0.0,0.0,0.0,0.0,0.0,0.0,0.0,0.0,0.0,0.0,0.0,0.0,0.0,0.0,0.0,0.0,0.0,0.0,0.0,1.0,0.0,1.0,1.0,1.0,0.0,4.0,5.0,0.0,2.0,23.0,29.0,1.0,1.0,0.0,0.0,0.0,0.0,0.0,0.0,0.0,0.0,0.0,0.0,0.0,0.0,0.0,0.0,0.0,0.0,0.0,0.0,0.0,0.0,1.0,0.0,1.0,1.0,1.0,0.0,5.0,5.0,0.0,2.0,31.0,40.0,1.0,1.0
166,1.0,166.0,London_198,,151,453,1092.0,70.0,2.0,163986.0,0.6042652409523726,815.0,71.0,2.0,69.0,142.0,17.0,125.0,189.0,49.0,195.0,27.0,120.0,11.0,40.0,0.0,11.0,8.0,68.0,140.0,237.0,75.0,0.0,0.0,0.0,0.0,0.0,0.0,0.0,0.0,0.0,23.0,0.0,0.0,3.0,16.0,0.0,3.0,0.0,1.0,2.0,21.0,0.0,0.0,0.0,0.0,0.0,0.0,0.0,0.0,0.0,0.0,0.0,0.0,0.0,0.0,0.0,0.0,0.0,0.0,0.0,0.0,2.0,2.0,0.0,0.0,2.0,0.0,0.0,2.0,0.0,1.0,7.0,17.0,3.0,6.0,0.0,0.0,0.0,0.0,0.0,0.0,0.0,0.0,0.0,0.0,0.0,0.0,0.0,0.0,0.0,0.0,0.0,0.0,0.0,0.0,2.0,2.0,0.0,0.0,2.0,0.0,0.0,2.0,0.0,1.0,8.0,28.0,3.0,6.0
167,1.0,167.0,London_198,,151,453,1092.0,70.0,2.0,163986.0,0.7795732931699604,815.0,112.0,2.0,110.0,201.0,18.0,183.0,94.0,57.0,194.0,24.0,118.0,15.0,32.0,0.0,13.0,10.0,77.0,135.0,231.0,69.0,0.0,0.0,0.0,0.0,0.0,0.0,0.0,0.0,0.0,26.0,0.0,1.0,2.0,15.0,2.0,4.0,0.0,2.0,2.0,24.0,0.0,0.0,0.0,0.0,0.0,0.0,0.0,0.0,0.0,0.0,0.0,0.0,0.0,0.0,0.0,0.0,0.0,0.0,0.0,0.0,1.0,4.0,0.0,0.0,2.0,0.0,1.0,2.0,1.0,4.0,18.0,24.0,5.0,3.0,0.0,0.0,0.0,0.0,0.0,0.0,0.0,0.0,0.0,0.0,0.0,0.0,0.0,0.0,0.0,0.0,0.0,0.0,0.0,0.0,1.0,5.0,0.0,0.0,3.0,0.0,1.0,2.0,1.0,4.0,25.0,35.0,5.0,4.0
168,1.0,168.0,London_198,,151,453,1092.0,70.0,2.0,153114.0,0.5528883701190352,791.0,106.0,2.0,104.0,198.0,18.0,180.0,144.0,60.0,172.0,34.0,135.0,18.0,24.0,1.0,9.0,4.0,68.0,145.0,236.0,60.0,0.0,0.0,0.0,0.0,0.0,0.0,0.0,0.0,0.0,28.0,0.0,2.0,1.0,21.0,0.0,1.0,2.0,1.0,1.0,27.0,0.0,0.0,0.0,0.0,0.0,0.0,0.0,0.0,0.0,0.0,0.0,0.0,0.0,0.0,1.0,0.0,0.0,0.0,0.0,0.0,1.0,0.0,1.0,0.0,2.0,0.0,1.0,1.0,0.0,0.0,17.0,20.0,5.0,4.0,0.0,0.0,0.0,0.0,0.0,0.0,0.0,0.0,0.0,0.0,0.0,0.0,0.0,0.0,8.0,0.0,0.0,0.0,0.0,0.0,1.0,0.0,1.0,0.0,2.0,0.0,1.0,1.0,0.0,0.0,21.0,31.0,5.0,4.0
169,1.0,169.0,London_198,,151,453,1092.0,70.0,2.0,141336.0,0.41679836390540004,765.0,54.0,0.0,54.0,97.0,0.0,97.0,150.0,66.0,165.0,37.0,135.0,15.0,28.0,1.0,6.0,6.0,76.0,138.0,233.0,50.0,0.0,0.0,0.0,0.0,0.0,0.0,0.0,0.0,0.0,11.0,0.0,0.0,0.0,9.0,0.0,1.0,1.0,0.0,0.0,11.0,0.0,0.0,0.0,0.0,0.0,0.0,0.0,0.0,0.0,0.0,0.0,0.0,0.0,0.0,0.0,0.0,0.0,0.0,0.0,0.0,0.0,2.0,0.0,0.0,1.0,0.0,1.0,1.0,1.0,3.0,12.0,11.0,4.0,4.0,0.0,0.0,0.0,0.0,0.0,0.0,0.0,0.0,0.0,0.0,0.0,0.0,0.0,0.0,0.0,0.0,0.0,0.0,0.0,0.0,0.0,3.0,0.0,0.0,1.0,0.0,1.0,1.0,1.0,3.0,15.0,12.0,4.0,6.0
170,1.0,170.0,London_198,,151,453,1092.0,70.0,2.0,164439.0,1.0731336860917509,816.0,95.0,1.0,94.0,175.0,11.0,164.0,77.0,69.0,171.0,37.0,123.0,16.0,28.0,1.0,8.0,8.0,72.0,143.0,230.0,58.0,0.0,0.0,0.0,0.0,0.0,0.0,0.0,0.0,0.0,29.0,0.0,1.0,2.0,20.0,2.0,2.0,0.0,2.0,1.0,28.0,0.0,0.0,0.0,0.0,0.0,0.0,0.0,0.0,0.0,0.0,0.0,0.0,0.0,0.0,1.0,0.0,0.0,0.0,0.0,0.0,0.0,1.0,0.0,0.0,1.0,0.0,2.0,2.0,2.0,1.0,9.0,19.0,3.0,2.0,0.0,0.0,0.0,0.0,0.0,0.0,0.0,0.0,0.0,0.0,0.0,0.0,0.0,0.0,4.0,0.0,0.0,0.0,0.0,0.0,0.0,1.0,0.0,0.0,1.0,0.0,2.0,2.0,2.0,2.0,12.0,28.0,5.0,5.0
171,1.0,171.0,London_198,,151,453,1092.0,70.0,2.0,161721.0,0.4763095329981297,810.0,114.0,1.0,113.0,202.0,10.0,192.0,120.0,65.0,169.0,38.0,124.0,18.0,27.0,1.0,11.0,9.0,69.0,138.0,237.0,67.0,0.0,0.0,0.0,0.0,0.0,0.0,0.0,0.0,0.0,33.0,0.0,6.0,4.0,15.0,1.0,4.0,1.0,2.0,1.0,32.0,0.0,0.0,0.0,0.0,0.0,0.0,0.0,0.0,0.0,0.0,0.0,0.0,0.0,1.0,0.0,0.0,0.0,0.0,0.0,0.0,0.0,1.0,0.0,0.0,0.0,0.0,6.0,3.0,3.0,3.0,14.0,17.0,5.0,7.0,0.0,0.0,0.0,0.0,0.0,0.0,0.0,0.0,0.0,0.0,0.0,0.0,0.0,4.0,0.0,0.0,0.0,0.0,0.0,0.0,0.0,3.0,0.0,0.0,0.0,0.0,7.0,3.0,4.0,3.0,19.0,24.0,6.0,10.0
172,1.0,172.0,London_198,,151,453,1092.0,70.0,2.0,138165.0,0.6781865649390966,758.0,72.0,0.0,72.0,128.0,0.0,128.0,136.0,59.0,171.0,28.0,136.0,13.0,32.0,1.0,13.0,7.0,76.0,141.0,229.0,64.0,0.0,0.0,0.0,0.0,0.0,0.0,0.0,0.0,0.0,15.0,0.0,0.0,0.0,13.0,0.0,0.0,0.0,2.0,0.0,15.0,0.0,0.0,0.0,0.0,0.0,0.0,0.0,0.0,0.0,0.0,0.0,0.0,0.0,0.0,0.0,0.0,0.0,0.0,0.0,0.0,0.0,1.0,0.0,0.0,0.0,0.0,3.0,1.0,0.0,1.0,11.0,13.0,6.0,6.0,0.0,0.0,0.0,0.0,0.0,0.0,0.0,0.0,0.0,0.0,0.0,0.0,0.0,0.0,0.0,0.0,0.0,0.0,0.0,0.0,0.0,1.0,0.0,0.0,0.0,0.0,4.0,1.0,0.0,2.0,16.0,15.0,6.0,6.0
173,1.0,173.0,London_198,,151,453,1092.0,70.0,2.0,140883.0,0.3565448089502752,764.0,33.0,0.0,33.0,51.0,0.0,51.0,100.0,56.0,177.0,39.0,120.0,12.0,36.0,1.0,12.0,7.0,78.0,134.0,234.0,56.0,0.0,0.0,0.0,0.0,0.0,0.0,0.0,0.0,0.0,5.0,0.0,0.0,0.0,4.0,0.0,0.0,0.0,1.0,0.0,5.0,0.0,0.0,0.0,0.0,0.0,0.0,0.0,0.0,0.0,0.0,0.0,0.0,0.0,0.0,0.0,0.0,0.0,0.0,0.0,0.0,0.0,1.0,0.0,0.0,0.0,1.0,1.0,0.0,0.0,0.0,4.0,5.0,1.0,3.0,0.0,0.0,0.0,0.0,0.0,0.0,0.0,0.0,0.0,0.0,0.0,0.0,0.0,0.0,0.0,0.0,0.0,0.0,0.0,0.0,0.0,1.0,0.0,0.0,0.0,1.0,1.0,0.0,0.0,0.0,4.0,8.0,1.0,3.0
174,1.0,174.0,London_198,,151,453,1092.0,70.0,2.0,167157.0,0.7949930590111762,822.0,108.0,2.0,106.0,207.0,19.0,188.0,45.0,57.0,179.0,39.0,119.0,10.0,33.0,2.0,14.0,8.0,81.0,133.0,231.0,61.0,0.0,0.0,0.0,0.0,0.0,0.0,0.0,0.0,0.0,32.0,0.0,2.0,3.0,20.0,0.0,5.0,0.0,2.0,2.0,30.0,0.0,0.0,0.0,0.0,0.0,0.0,0.0,0.0,0.0,0.0,0.0,0.0,0.0,1.0,0.0,0.0,0.0,0.0,0.0,0.0,0.0,0.0,0.0,0.0,3.0,0.0,2.0,0.0,1.0,2.0,14.0,22.0,3.0,3.0,0.0,0.0,0.0,0.0,0.0,0.0,0.0,0.0,0.0,0.0,0.0,0.0,0.0,1.0,0.0,0.0,0.0,0.0,0.0,0.0,0.0,0.0,0.0,0.0,3.0,0.0,2.0,0.0,2.0,3.0,23.0,32.0,4.0,4.0
175,1.0,175.0,London_198,,151,453,1092.0,70.0,2.0,157191.0,0.6145506820175797,800.0,142.0,1.0,141.0,244.0,10.0,234.0,142.0,60.0,166.0,46.0,128.0,11.0,34.0,2.0,6.0,12.0,95.0,132.0,214.0,54.0,0.0,0.0,0.0,0.0,0.0,0.0,0.0,0.0,0.0,37.0,0.0,4.0,0.0,28.0,0.0,4.0,0.0,1.0,0.0,37.0,0.0,0.0,0.0,0.0,0.0,0.0,0.0,0.0,0.0,0.0,0.0,0.0,0.0,0.0,0.0,0.0,0.0,0.0,0.0,0.0,0.0,0.0,1.0,0.0,0.0,1.0,2.0,2.0,2.0,7.0,13.0,25.0,4.0,6.0,0.0,0.0,0.0,0.0,0.0,0.0,0.0,0.0,0.0,0.0,0.0,0.0,0.0,0.0,0.0,0.0,0.0,0.0,0.0,0.0,0.0,0.0,1.0,0.0,0.0,2.0,2.0,3.0,2.0,8.0,21.0,34.0,5.0,7.0
176,1.0,176.0,London_198,,151,453,1092.0,70.0,2.0,127746.0,0.41440139804035425,735.0,104.0,0.0,104.0,177.0,0.0,177.0,192.0,60.0,142.0,49.0,132.0,14.0,45.0,2.0,9.0,9.0,86.0,137.0,221.0,46.0,0.0,0.0,0.0,0.0,0.0,0.0,0.0,0.0,0.0,10.0,0.0,0.0,0.0,9.0,0.0,0.0,0.0,1.0,0.0,10.0,0.0,0.0,0.0,0.0,0.0,0.0,0.0,0.0,0.0,0.0,0.0,0.0,0.0,0.0,0.0,0.0,0.0,0.0,0.0,0.0,0.0,4.0,0.0,0.0,3.0,1.0,5.0,2.0,6.0,8.0,13.0,29.0,9.0,7.0,0.0,0.0,0.0,0.0,0.0,0.0,0.0,0.0,0.0,0.0,0.0,0.0,0.0,0.0,0.0,0.0,0.0,0.0,0.0,0.0,0.0,4.0,0.0,0.0,3.0,2.0,5.0,3.0,8.0,9.0,19.0,40.0,13.0,9.0
177,1.0,177.0,London_198,,151,453,1092.0,70.0,2.0,117327.0,0.3790493970736861,712.0,31.0,0.0,31.0,52.0,0.0,52.0,162.0,58.0,156.0,53.0,129.0,10.0,37.0,3.0,7.0,15.0,87.0,151.0,200.0,62.0,0.0,0.0,0.0,0.0,0.0,0.0,0.0,0.0,0.0,1.0,0.0,0.0,0.0,1.0,0.0,0.0,0.0,0.0,0.0,1.0,0.0,0.0,0.0,0.0,0.0,0.0,0.0,0.0,0.0,0.0,0.0,0.0,0.0,0.0,0.0,0.0,0.0,0.0,0.0,0.0,0.0,0.0,0.0,0.0,0.0,0.0,0.0,0.0,0.0,2.0,4.0,11.0,3.0,1.0,0.0,0.0,0.0,0.0,0.0,0.0,0.0,0.0,0.0,0.0,0.0,0.0,0.0,0.0,0.0,0.0,0.0,0.0,0.0,0.0,0.0,0.0,0.0,0.0,0.0,0.0,0.0,0.0,0.0,2.0,6.0,20.0,3.0,2.0
178,1.0,178.0,London_198,,151,453,1092.0,70.0,2.0,134994.0,0.45117069012485445,751.0,4.0,1.0,3.0,16.0,11.0,5.0,51.0,57.0,162.0,51.0,121.0,11.0,36.0,3.0,12.0,16.0,82.0,147.0,208.0,63.0,0.0,0.0,0.0,0.0,0.0,0.0,0.0,0.0,0.0,3.0,0.0,0.0,2.0,1.0,0.0,0.0,0.0,0.0,1.0,2.0,0.0,0.0,0.0,0.0,0.0,0.0,0.0,0.0,0.0,0.0,0.0,0.0,0.0,0.0,0.0,0.0,0.0,0.0,0.0,0.0,0.0,0.0,0.0,0.0,0.0,0.0,0.0,0.0,0.0,1.0,1.0,0.0,1.0,0.0,0.0,0.0,0.0,0.0,0.0,0.0,0.0,0.0,0.0,0.0,0.0,0.0,0.0,0.0,0.0,0.0,0.0,0.0,0.0,0.0,0.0,0.0,0.0,0.0,0.0,0.0,0.0,0.0,0.0,1.0,2.0,0.0,1.0,0.0
179,1.0,179.0,London_198,,151,453,1092.0,70.0,2.0,177576.0,0.45673721097409725,845.0,110.0,0.0,110.0,204.0,0.0,204.0,3.0,58.0,162.0,48.0,122.0,12.0,36.0,3.0,12.0,16.0,81.0,149.0,207.0,63.0,0.0,0.0,0.0,0.0,0.0,0.0,0.0,0.0,0.0,37.0,0.0,12.0,4.0,19.0,0.0,2.0,0.0,0.0,0.0,37.0,0.0,0.0,0.0,0.0,0.0,0.0,0.0,0.0,0.0,0.0,0.0,0.0,0.0,0.0,0.0,0.0,0.0,0.0,0.0,0.0,1.0,1.0,0.0,0.0,1.0,0.0,2.0,0.0,0.0,2.0,11.0,15.0,4.0,4.0,0.0,0.0,0.0,0.0,0.0,0.0,0.0,0.0,0.0,0.0,0.0,0.0,0.0,0.0,0.0,0.0,0.0,0.0,0.0,0.0,1.0,1.0,0.0,0.0,1.0,0.0,2.0,0.0,0.0,4.0,13.0,22.0,4.0,4.0
180,1.0,180.0,London_198,,151,453,1092.0,70.0,2.0,165345.0,0.7313346350565553,818.0,99.0,2.0,97.0,184.0,19.0,165.0,144.0,58.0,166.0,45.0,125.0,8.0,37.0,4.0,10.0,14.0,66.0,162.0,211.0,61.0,0.0,0.0,0.0,0.0,0.0,0.0,0.0,0.0,0.0,32.0,0.0,7.0,4.0,16.0,0.0,3.0,0.0,2.0,2.0,30.0,0.0,0.0,0.0,0.0,0.0,0.0,0.0,0.0,0.0,0.0,0.0,0.0,0.0,1.0,0.0,0.0,0.0,0.0,0.0,0.0,2.0,0.0,0.0,1.0,2.0,0.0,2.0,2.0,0.0,0.0,16.0,19.0,9.0,3.0,0.0,0.0,0.0,0.0,0.0,0.0,0.0,0.0,0.0,0.0,0.0,0.0,0.0,2.0,0.0,0.0,0.0,0.0,0.0,0.0,2.0,0.0,0.0,2.0,2.0,0.0,2.0,2.0,0.0,0.0,20.0,28.0,15.0,5.0
181,1.0,181.0,London_198,,151,453,1092.0,70.0,2.0,156285.0,0.5515183929819614,798.0,103.0,2.0,101.0,182.0,19.0,163.0,126.0,46.0,178.0,49.0,127.0,6.0,35.0,2.0,10.0,14.0,47.0,156.0,236.0,64.0,0.0,0.0,0.0,0.0,0.0,0.0,0.0,0.0,0.0,21.0,0.0,6.0,0.0,12.0,0.0,3.0,0.0,0.0,2.0,19.0,0.0,0.0,0.0,0.0,0.0,0.0,0.0,0.0,0.0,0.0,0.0,0.0,0.0,0.0,1.0,0.0,0.0,0.0,0.0,0.0,1.0,0.0,0.0,0.0,3.0,0.0,2.0,4.0,2.0,2.0,12.0,21.0,7.0,3.0,0.0,0.0,0.0,0.0,0.0,0.0,0.0,0.0,0.0,0.0,0.0,0.0,0.0,0.0,3.0,0.0,0.0,0.0,0.0,0.0,1.0,0.0,0.0,0.0,4.0,0.0,2.0,5.0,3.0,3.0,22.0,33.0,7.0,5.0
182,1.0,182.0,London_198,,151,453,1092.0,70.0,2.0,149490.0,0.6407302778679878,783.0,142.0,1.0,141.0,253.0,10.0,243.0,138.0,53.0,173.0,49.0,123.0,6.0,38.0,0.0,11.0,12.0,57.0,163.0,221.0,64.0,0.0,0.0,0.0,0.0,0.0,0.0,0.0,0.0,0.0,39.0,0.0,9.0,3.0,24.0,0.0,2.0,1.0,0.0,0.0,39.0,0.0,0.0,0.0,0.0,0.0,0.0,0.0,0.0,0.0,0.0,0.0,0.0,0.0,1.0,0.0,0.0,0.0,0.0,0.0,0.0,0.0,1.0,0.0,0.0,8.0,0.0,6.0,4.0,0.0,2.0,17.0,25.0,10.0,2.0,0.0,0.0,0.0,0.0,0.0,0.0,0.0,0.0,0.0,0.0,0.0,0.0,0.0,8.0,0.0,0.0,0.0,0.0,0.0,0.0,0.0,1.0,0.0,0.0,8.0,0.0,6.0,4.0,0.0,2.0,26.0,32.0,15.0,4.0
183,1.0,183.0,London_198,,151,453,1092.0,70.0,2.0,115515.0,0.27856790111400187,708.0,58.0,0.0,58.0,109.0,0.0,109.0,188.0,52.0,178.0,40.0,127.0,6.0,40.0,0.0,10.0,12.0,56.0,146.0,239.0,64.0,0.0,0.0,0.0,0.0,0.0,0.0,0.0,0.0,0.0,2.0,0.0,0.0,0.0,2.0,0.0,0.0,0.0,0.0,0.0,2.0,0.0,0.0,0.0,0.0,0.0,0.0,0.0,0.0,0.0,0.0,0.0,0.0,0.0,0.0,0.0,0.0,0.0,0.0,0.0,0.0,0.0,0.0,2.0,1.0,2.0,0.0,7.0,4.0,4.0,1.0,10.0,12.0,6.0,1.0,0.0,0.0,0.0,0.0,0.0,0.0,0.0,0.0,0.0,0.0,0.0,0.0,0.0,0.0,0.0,0.0,0.0,0.0,0.0,0.0,0.0,0.0,2.0,1.0,2.0,0.0,12.0,5.0,4.0,1.0,16.0,22.0,10.0,1.0
184,1.0,184.0,London_198,,151,453,1092.0,70.0,2.0,129558.0,0.32713075214996934,739.0,43.0,0.0,43.0,77.0,0.0,77.0,107.0,52.0,176.0,32.0,127.0,9.0,44.0,1.0,12.0,13.0,65.0,154.0,221.0,68.0,0.0,0.0,0.0,0.0,0.0,0.0,0.0,0.0,0.0,8.0,0.0,0.0,0.0,6.0,0.0,0.0,2.0,0.0,0.0,8.0,0.0,0.0,0.0,0.0,0.0,0.0,0.0,0.0,0.0,0.0,0.0,0.0,0.0,0.0,0.0,0.0,0.0,0.0,0.0,0.0,0.0,0.0,1.0,0.0,1.0,1.0,1.0,3.0,2.0,2.0,8.0,7.0,5.0,3.0,0.0,0.0,0.0,0.0,0.0,0.0,0.0,0.0,0.0,0.0,0.0,0.0,0.0,0.0,0.0,0.0,0.0,0.0,0.0,0.0,0.0,0.0,1.0,0.0,1.0,1.0,2.0,3.0,4.0,2.0,13.0,9.0,5.0,3.0
185,1.0,185.0,London_198,,151,453,1092.0,70.0,2.0,155832.0,0.47527651907876134,797.0,65.0,0.0,65.0,107.0,0.0,107.0,64.0,56.0,181.0,33.0,119.0,12.0,42.0,0.0,10.0,14.0,63.0,154.0,222.0,72.0,0.0,0.0,0.0,0.0,0.0,0.0,0.0,0.0,0.0,14.0,0.0,3.0,3.0,5.0,0.0,2.0,1.0,0.0,0.0,14.0,0.0,0.0,0.0,0.0,0.0,0.0,0.0,0.0,0.0,0.0,0.0,0.0,0.0,0.0,0.0,0.0,0.0,0.0,0.0,0.0,0.0,0.0,0.0,0.0,3.0,0.0,0.0,0.0,0.0,1.0,10.0,14.0,5.0,2.0,0.0,0.0,0.0,0.0,0.0,0.0,0.0,0.0,0.0,0.0,0.0,0.0,0.0,0.0,0.0,0.0,0.0,0.0,0.0,0.0,0.0,0.0,0.0,0.0,3.0,0.0,0.0,0.0,0.0,2.0,13.0,19.0,5.0,3.0
186,1.0,186.0,London_198,,151,453,1092.0,70.0,2.0,165345.0,0.8415793080348521,818.0,122.0,1.0,121.0,233.0,10.0,223.0,87.0,64.0,175.0,26.0,124.0,15.0,39.0,0.0,10.0,11.0,61.0,155.0,226.0,70.0,0.0,0.0,0.0,0.0,0.0,0.0,0.0,0.0,0.0,49.0,0.0,5.0,3.0,34.0,0.0,4.0,1.0,2.0,1.0,48.0,0.0,0.0,0.0,0.0,0.0,0.0,0.0,0.0,0.0,0.0,0.0,0.0,0.0,0.0,1.0,0.0,0.0,0.0,0.0,0.0,0.0,1.0,0.0,0.0,3.0,0.0,0.0,1.0,0.0,1.0,17.0,17.0,5.0,5.0,0.0,0.0,0.0,0.0,0.0,0.0,0.0,0.0,0.0,0.0,0.0,0.0,0.0,0.0,2.0,0.0,0.0,0.0,0.0,0.0,0.0,1.0,0.0,0.0,3.0,0.0,0.0,1.0,0.0,2.0,20.0,23.0,5.0,6.0
187,1.0,187.0,London_198,,151,453,1092.0,70.0,2.0,150849.0,0.996484437957406,786.0,31.0,2.0,29.0,70.0,19.0,51.0,145.0,59.0,186.0,28.0,130.0,13.0,32.0,1.0,4.0,11.0,73.0,135.0,234.0,71.0,0.0,0.0,0.0,0.0,0.0,0.0,0.0,0.0,0.0,7.0,0.0,0.0,0.0,6.0,0.0,1.0,0.0,0.0,1.0,6.0,0.0,0.0,0.0,0.0,0.0,0.0,0.0,0.0,0.0,0.0,0.0,0.0,0.0,0.0,0.0,0.0,0.0,0.0,0.0,0.0,0.0,0.0,0.0,0.0,1.0,0.0,0.0,1.0,0.0,1.0,4.0,7.0,4.0,2.0,0.0,0.0,0.0,0.0,0.0,0.0,0.0,0.0,0.0,0.0,0.0,0.0,0.0,0.0,0.0,0.0,0.0,0.0,0.0,0.0,0.0,0.0,0.0,0.0,1.0,0.0,0.0,1.0,0.0,1.0,5.0,8.0,4.0,2.0
188,1.0,188.0,London_198,,151,453,1092.0,70.0,2.0,178029.0,0.5616334739606827,846.0,117.0,2.0,115.0,208.0,18.0,190.0,50.0,63.0,190.0,25.0,125.0,12.0,33.0,1.0,4.0,11.0,69.0,133.0,240.0,58.0,0.0,0.0,0.0,0.0,0.0,0.0,0.0,0.0,0.0,44.0,0.0,10.0,9.0,18.0,0.0,6.0,1.0,0.0,1.0,43.0,0.0,0.0,0.0,0.0,0.0,0.0,0.0,0.0,0.0,0.0,0.0,0.0,0.0,0.0,0.0,0.0,0.0,0.0,0.0,0.0,0.0,0.0,0.0,0.0,1.0,0.0,0.0,2.0,0.0,3.0,22.0,15.0,6.0,5.0,0.0,0.0,0.0,0.0,0.0,0.0,0.0,0.0,0.0,0.0,0.0,0.0,0.0,0.0,0.0,0.0,0.0,0.0,0.0,0.0,0.0,0.0,0.0,0.0,1.0,0.0,0.0,2.0,0.0,3.0,30.0,22.0,6.0,8.0
189,1.0,189.0,London_198,,151,453,1092.0,70.0,2.0,161721.0,0.4769993389490992,810.0,49.0,0.0,49.0,83.0,0.0,83.0,139.0,46.0,191.0,28.0,134.0,10.0,35.0,1.0,8.0,7.0,78.0,133.0,235.0,54.0,0.0,0.0,0.0,0.0,0.0,0.0,0.0,0.0,0.0,11.0,0.0,1.0,3.0,6.0,0.0,0.0,0.0,1.0,0.0,11.0,0.0,0.0,0.0,0.0,0.0,0.0,0.0,0.0,0.0,0.0,0.0,0.0,0.0,0.0,0.0,0.0,0.0,0.0,0.0,0.0,0.0,0.0,0.0,0.0,0.0,0.0,1.0,2.0,0.0,0.0,2.0,8.0,0.0,3.0,0.0,0.0,0.0,0.0,0.0,0.0,0.0,0.0,0.0,0.0,0.0,0.0,0.0,0.0,0.0,0.0,0.0,0.0,0.0,0.0,0.0,0.0,0.0,0.0,0.0,0.0,2.0,3.0,0.0,0.0,2.0,8.0,0.0,4.0
190,1.0,190.0,London_198,,151,453,1092.0,70.0,2.0,179388.0,0.8623842229135334,849.0,121.0,0.0,121.0,202.0,0.0,202.0,65.0,41.0,199.0,28.0,131.0,11.0,34.0,2.0,7.0,7.0,79.0,131.0,236.0,62.0,0.0,0.0,0.0,0.0,0.0,0.0,0.0,0.0,0.0,53.0,0.0,8.0,7.0,29.0,0.0,6.0,0.0,3.0,0.0,53.0,0.0,0.0,0.0,0.0,0.0,0.0,0.0,0.0,0.0,0.0,0.0,0.0,0.0,0.0,0.0,0.0,0.0,0.0,0.0,0.0,1.0,0.0,1.0,0.0,0.0,1.0,1.0,2.0,2.0,2.0,9.0,18.0,3.0,3.0,0.0,0.0,0.0,0.0,0.0,0.0,0.0,0.0,0.0,0.0,0.0,0.0,0.0,0.0,0.0,0.0,0.0,0.0,0.0,0.0,1.0,0.0,1.0,0.0,0.0,2.0,1.0,3.0,2.0,2.0,13.0,23.0,4.0,3.0
191,1.0,191.0,London_198,,151,453,1092.0,70.0,2.0,165345.0,0.42259220499545336,818.0,121.0,2.0,119.0,216.0,16.0,200.0,122.0,46.0,206.0,29.0,116.0,12.0,31.0,3.0,10.0,6.0,73.0,145.0,229.0,60.0,0.0,0.0,0.0,0.0,0.0,0.0,0.0,0.0,0.0,40.0,0.0,4.0,2.0,26.0,1.0,7.0,0.0,0.0,2.0,38.0,0.0,0.0,0.0,0.0,0.0,0.0,0.0,0.0,0.0,0.0,0.0,0.0,0.0,0.0,1.0,0.0,0.0,0.0,0.0,0.0,1.0,0.0,0.0,0.0,1.0,0.0,3.0,4.0,1.0,4.0,12.0,15.0,8.0,5.0,0.0,0.0,0.0,0.0,0.0,0.0,0.0,0.0,0.0,0.0,0.0,0.0,0.0,0.0,3.0,0.0,0.0,0.0,0.0,0.0,1.0,0.0,0.0,0.0,1.0,0.0,5.0,4.0,1.0,4.0,17.0,20.0,11.0,6.0
192,1.0,192.0,London_198,,151,453,1092.0,70.0,2.0,145866.0,0.4863114939071238,775.0,90.0,1.0,89.0,172.0,9.0,163.0,143.0,47.0,207.0,16.0,127.0,12.0,30.0,4.0,10.0,10.0,69.0,147.0,227.0,70.0,0.0,0.0,0.0,0.0,0.0,0.0,0.0,0.0,0.0,20.0,0.0,5.0,2.0,9.0,0.0,1.0,0.0,3.0,1.0,19.0,0.0,0.0,0.0,0.0,0.0,0.0,0.0,0.0,0.0,0.0,0.0,0.0,0.0,0.0,0.0,0.0,0.0,0.0,0.0,0.0,0.0,0.0,1.0,0.0,1.0,0.0,0.0,5.0,2.0,4.0,18.0,18.0,6.0,7.0,0.0,0.0,0.0,0.0,0.0,0.0,0.0,0.0,0.0,0.0,0.0,0.0,0.0,0.0,0.0,0.0,0.0,0.0,0.0,0.0,0.0,0.0,1.0,0.0,1.0,0.0,0.0,7.0,2.0,4.0,24.0,29.0,7.0,11.0
193,1.0,193.0,London_198,,151,453,1092.0,70.0,2.0,137712.0,0.549276445992291,757.0,87.0,0.0,87.0,158.0,0.0,158.0,124.0,53.0,194.0,24.0,131.0,8.0,29.0,4.0,10.0,9.0,77.0,133.0,234.0,71.0,0.0,0.0,0.0,0.0,0.0,0.0,0.0,0.0,0.0,8.0,0.0,0.0,0.0,6.0,1.0,0.0,1.0,0.0,0.0,8.0,0.0,0.0,0.0,0.0,0.0,0.0,0.0,0.0,0.0,0.0,0.0,0.0,0.0,0.0,0.0,0.0,0.0,0.0,0.0,0.0,1.0,0.0,0.0,1.0,1.0,0.0,9.0,2.0,2.0,4.0,13.0,17.0,6.0,2.0,0.0,0.0,0.0,0.0,0.0,0.0,0.0,0.0,0.0,0.0,0.0,0.0,0.0,0.0,0.0,0.0,0.0,0.0,0.0,0.0,1.0,0.0,0.0,1.0,1.0,0.0,10.0,2.0,2.0,4.0,17.0,26.0,7.0,3.0
194,1.0,194.0,London_198,,151,453,1092.0,70.0,2.0,127746.0,0.36144512286409736,735.0,80.0,2.0,78.0,155.0,18.0,137.0,147.0,64.0,177.0,28.0,126.0,8.0,41.0,2.0,7.0,11.0,80.0,137.0,225.0,62.0,0.0,0.0,0.0,0.0,0.0,0.0,0.0,0.0,0.0,13.0,0.0,0.0,0.0,7.0,0.0,2.0,1.0,3.0,2.0,11.0,0.0,0.0,0.0,0.0,0.0,0.0,0.0,0.0,0.0,0.0,0.0,0.0,0.0,0.0,0.0,1.0,0.0,0.0,0.0,0.0,0.0,0.0,0.0,1.0,2.0,2.0,8.0,3.0,1.0,2.0,13.0,15.0,10.0,0.0,0.0,0.0,0.0,0.0,0.0,0.0,0.0,0.0,0.0,0.0,0.0,0.0,0.0,0.0,0.0,1.0,0.0,0.0,0.0,0.0,0.0,0.0,0.0,1.0,2.0,4.0,13.0,3.0,1.0,2.0,20.0,22.0,12.0,0.0
195,1.0,195.0,London_198,,151,453,1092.0,70.0,2.0,129105.0,0.43128805002197623,738.0,36.0,2.0,34.0,75.0,18.0,57.0,118.0,58.0,176.0,28.0,126.0,12.0,43.0,3.0,7.0,16.0,81.0,147.0,209.0,64.0,0.0,0.0,0.0,0.0,0.0,0.0,0.0,0.0,0.0,5.0,0.0,0.0,0.0,4.0,1.0,0.0,0.0,0.0,2.0,3.0,0.0,0.0,0.0,0.0,0.0,0.0,0.0,0.0,0.0,0.0,0.0,0.0,0.0,1.0,1.0,0.0,0.0,0.0,0.0,0.0,0.0,0.0,2.0,0.0,0.0,0.0,4.0,0.0,1.0,3.0,6.0,5.0,1.0,1.0,0.0,0.0,0.0,0.0,0.0,0.0,0.0,0.0,0.0,0.0,0.0,0.0,0.0,1.0,1.0,0.0,0.0,0.0,0.0,0.0,0.0,0.0,2.0,0.0,0.0,0.0,5.0,0.0,1.0,6.0,7.0,7.0,1.0,1.0
196,1.0,196.0,London_198,,151,453,1092.0,70.0,2.0,152661.0,0.6109223819803447,790.0,112.0,0.0,112.0,180.0,0.0,180.0,54.0,62.0,171.0,33.0,124.0,14.0,42.0,4.0,3.0,15.0,75.0,145.0,218.0,60.0,0.0,0.0,0.0,0.0,0.0,0.0,0.0,0.0,0.0,24.0,0.0,1.0,3.0,19.0,0.0,1.0,0.0,0.0,0.0,24.0,0.0,0.0,0.0,0.0,0.0,0.0,0.0,0.0,0.0,0.0,0.0,0.0,0.0,0.0,0.0,0.0,0.0,0.0,0.0,0.0,0.0,0.0,0.0,1.0,0.0,0.0,3.0,2.0,3.0,6.0,14.0,22.0,7.0,3.0,0.0,0.0,0.0,0.0,0.0,0.0,0.0,0.0,0.0,0.0,0.0,0.0,0.0,0.0,0.0,0.0,0.0,0.0,0.0,0.0,0.0,0.0,0.0,1.0,0.0,0.0,3.0,5.0,3.0,9.0,19.0,28.0,9.0,4.0
197,1.0,197.0,London_198,,151,453,1092.0,70.0,2.0,137259.0,0.3803110548760742,756.0,95.0,0.0,95.0,164.0,0.0,164.0,141.0,62.0,181.0,33.0,111.0,21.0,37.0,2.0,6.0,11.0,67.0,160.0,215.0,58.0,0.0,0.0,0.0,0.0,0.0,0.0,0.0,0.0,0.0,17.0,0.0,0.0,4.0,11.0,0.0,0.0,0.0,2.0,0.0,17.0,0.0,0.0,0.0,0.0,0.0,0.0,0.0,0.0,0.0,0.0,0.0,0.0,0.0,0.0,0.0,0.0,0.0,0.0,0.0,0.0,0.0,0.0,1.0,0.0,2.0,0.0,3.0,1.0,1.0,5.0,14.0,25.0,8.0,2.0,0.0,0.0,0.0,0.0,0.0,0.0,0.0,0.0,0.0,0.0,0.0,0.0,0.0,0.0,0.0,0.0,0.0,0.0,0.0,0.0,0.0,0.0,1.0,0.0,2.0,0.0,4.0,1.0,1.0,5.0,19.0,36.0,10.0,2.0
198,1.0,198.0,London_198,,151,453,1092.0,70.0,2.0,129105.0,0.3146582830231637,738.0,20.0,2.0,18.0,48.0,17.0,31.0,137.0,62.0,176.0,30.0,118.0,16.0,42.0,2.0,7.0,13.0,63.0,170.0,207.0,61.0,0.0,0.0,0.0,0.0,0.0,0.0,0.0,0.0,0.0,5.0,0.0,0.0,1.0,2.0,0.0,2.0,0.0,0.0,2.0,3.0,0.0,0.0,0.0,0.0,0.0,0.0,0.0,0.0,0.0,0.0,0.0,0.0,0.0,0.0,1.0,0.0,1.0,0.0,0.0,0.0,0.0,0.0,2.0,0.0,0.0,0.0,1.0,0.0,2.0,0.0,3.0,4.0,0.0,2.0,0.0,0.0,0.0,0.0,0.0,0.0,0.0,0.0,0.0,0.0,0.0,0.0,0.0,0.0,2.0,0.0,3.0,0.0,0.0,0.0,0.0,0.0,2.0,0.0,0.0,0.0,1.0,0.0,2.0,0.0,4.0,9.0,0.0,2.0
199,1.0,199.0,London_198,,151,453,1092.0,70.0,2.0,159456.0,0.39740014006383717,805.0,51.0,0.0,51.0,86.0,0.0,86.0,31.0,66.0,170.0,28.0,124.0,16.0,38.0,3.0,8.0,14.0,68.0,163.0,208.0,61.0,0.0,0.0,0.0,0.0,0.0,0.0,0.0,0.0,0.0,20.0,0.0,2.0,1.0,15.0,0.0,0.0,0.0,2.0,0.0,20.0,0.0,0.0,0.0,0.0,0.0,0.0,0.0,0.0,0.0,0.0,0.0,0.0,0.0,0.0,0.0,0.0,0.0,0.0,0.0,0.0,0.0,0.0,1.0,0.0,1.0,0.0,2.0,1.0,0.0,0.0,6.0,8.0,0.0,3.0,0.0,0.0,0.0,0.0,0.0,0.0,0.0,0.0,0.0,0.0,0.0,0.0,0.0,0.0,0.0,0.0,0.0,0.0,0.0,0.0,0.0,0.0,1.0,0.0,1.0,0.0,3.0,1.0,0.0,0.0,9.0,11.0,0.0,5.0
200,1.0,200.0,London_198,,151,453,1092.0,70.0,2.0,172593.0,0.5911376629956067,834.0,80.0,2.0,78.0,158.0,20.0,138.0,55.0,63.0,172.0,24.0,134.0,14.0,37.0,1.0,8.0,11.0,72.0,159.0,211.0,63.0,0.0,0.0,0.0,0.0,0.0,0.0,0.0,0.0,0.0,35.0,0.0,7.0,4.0,21.0,0.0,2.0,0.0,1.0,2.0,33.0,0.0,0.0,0.0,0.0,0.0,0.0,0.0,0.0,0.0,0.0,0.0,0.0,0.0,0.0,2.0,0.0,0.0,0.0,0.0,0.0,0.0,0.0,1.0,0.0,1.0,0.0,1.0,1.0,1.0,1.0,13.0,9.0,1.0,0.0,0.0,0.0,0.0,0.0,0.0,0.0,0.0,0.0,0.0,0.0,0.0,0.0,0.0,0.0,7.0,0.0,0.0,0.0,0.0,0.0,0.0,0.0,1.0,0.0,1.0,0.0,2.0,2.0,1.0,1.0,20.0,12.0,1.0,0.0
201,1.0,201.0,London_198,,151,453,1092.0,70.0,2.0,169422.0,0.5137985770124942,827.0,137.0,2.0,135.0,240.0,15.0,225.0,97.0,66.0,178.0,24.0,130.0,15.0,32.0,2.0,6.0,5.0,79.0,154.0,215.0,59.0,0.0,0.0,0.0,0.0,0.0,0.0,0.0,0.0,0.0,48.0,0.0,14.0,4.0,20.0,0.0,5.0,0.0,5.0,2.0,46.0,0.0,0.0,0.0,0.0,0.0,0.0,0.0,0.0,0.0,0.0,0.0,0.0,0.0,0.0,0.0,0.0,0.0,0.0,0.0,0.0,1.0,1.0,0.0,1.0,0.0,0.0,3.0,3.0,0.0,6.0,18.0,22.0,6.0,4.0,0.0,0.0,0.0,0.0,0.0,0.0,0.0,0.0,0.0,0.0,0.0,0.0,0.0,0.0,0.0,0.0,0.0,0.0,0.0,0.0,1.0,1.0,0.0,3.0,0.0,0.0,4.0,5.0,0.0,7.0,22.0,34.0,8.0,6.0
202,1.0,202.0,London_198,,151,453,1092.0,70.0,2.0,144054.0,0.6427568609360605,771.0,101.0,1.0,100.0,184.0,9.0,175.0,150.0,63.0,183.0,19.0,131.0,15.0,33.0,3.0,6.0,8.0,69.0,151.0,225.0,65.0,0.0,0.0,0.0,0.0,0.0,0.0,0.0,0.0,0.0,21.0,0.0,3.0,2.0,12.0,0.0,1.0,0.0,3.0,1.0,20.0,0.0,0.0,0.0,0.0,0.0,0.0,0.0,0.0,0.0,0.0,0.0,0.0,0.0,0.0,0.0,0.0,0.0,0.0,0.0,0.0,1.0,0.0,2.0,0.0,1.0,0.0,1.0,3.0,2.0,3.0,16.0,27.0,4.0,4.0,0.0,0.0,0.0,0.0,0.0,0.0,0.0,0.0,0.0,0.0,0.0,0.0,0.0,0.0,0.0,0.0,0.0,0.0,0.0,0.0,1.0,0.0,2.0,0.0,1.0,0.0,1.0,5.0,2.0,3.0,25.0,40.0,4.0,4.0
203,1.0,203.0,London_198,,151,453,1092.0,70.0,2.0,130464.0,0.3092966608237475,741.0,102.0,1.0,101.0,190.0,8.0,182.0,143.0,54.0,179.0,25.0,136.0,18.0,33.0,3.0,5.0,8.0,70.0,143.0,232.0,56.0,0.0,0.0,0.0,0.0,0.0,0.0,0.0,0.0,0.0,12.0,0.0,2.0,4.0,2.0,0.0,0.0,0.0,4.0,0.0,12.0,0.0,0.0,0.0,0.0,0.0,0.0,0.0,0.0,0.0,0.0,0.0,0.0,0.0,0.0,1.0,0.0,0.0,0.0,0.0,0.0,1.0,0.0,0.0,0.0,0.0,0.0,4.0,2.0,4.0,7.0,25.0,23.0,9.0,4.0,0.0,0.0,0.0,0.0,0.0,0.0,0.0,0.0,0.0,0.0,0.0,0.0,0.0,0.0,8.0,0.0,0.0,0.0,0.0,0.0,1.0,0.0,0.0,0.0,0.0,0.0,4.0,3.0,7.0,8.0,31.0,38.0,13.0,6.0
204,1.0,204.0,London_198,,151,453,1092.0,70.0,2.0,117780.0,0.2742373198270798,713.0,60.0,0.0,60.0,109.0,0.0,109.0,170.0,63.0,176.0,24.0,136.0,21.0,27.0,1.0,5.0,12.0,68.0,155.0,218.0,50.0,0.0,0.0,0.0,0.0,0.0,0.0,0.0,0.0,0.0,1.0,0.0,0.0,0.0,1.0,0.0,0.0,0.0,0.0,0.0,1.0,0.0,0.0,0.0,0.0,0.0,0.0,0.0,0.0,0.0,0.0,0.0,0.0,0.0,0.0,0.0,0.0,0.0,0.0,0.0,0.0,1.0,1.0,0.0,0.0,4.0,0.0,1.0,3.0,1.0,6.0,12.0,12.0,8.0,4.0,0.0,0.0,0.0,0.0,0.0,0.0,0.0,0.0,0.0,0.0,0.0,0.0,0.0,0.0,0.0,0.0,0.0,0.0,0.0,0.0,2.0,1.0,0.0,0.0,4.0,0.0,2.0,6.0,1.0,8.0,16.0,19.0,12.0,9.0
205,1.0,205.0,London_198,,151,453,1092.0,70.0,2.0,130011.0,0.42741390177980065,740.0,37.0,2.0,35.0,77.0,19.0,58.0,108.0,59.0,186.0,27.0,125.0,23.0,23.0,1.0,9.0,11.0,72.0,168.0,202.0,51.0,0.0,0.0,0.0,0.0,0.0,0.0,0.0,0.0,0.0,5.0,0.0,0.0,0.0,3.0,1.0,1.0,0.0,0.0,1.0,4.0,0.0,0.0,0.0,0.0,0.0,0.0,0.0,0.0,0.0,0.0,0.0,0.0,0.0,0.0,1.0,0.0,1.0,0.0,0.0,0.0,0.0,0.0,0.0,0.0,1.0,0.0,0.0,2.0,0.0,5.0,5.0,10.0,3.0,3.0,0.0,0.0,0.0,0.0,0.0,0.0,0.0,0.0,0.0,0.0,0.0,0.0,0.0,0.0,8.0,0.0,7.0,0.0,0.0,0.0,0.0,0.0,0.0,0.0,1.0,0.0,0.0,3.0,0.0,6.0,10.0,13.0,5.0,6.0
206,1.0,206.0,London_198,,151,453,1092.0,70.0,2.0,154020.0,0.5114480569027364,793.0,105.0,0.0,105.0,186.0,0.0,186.0,69.0,55.0,177.0,23.0,143.0,15.0,29.0,1.0,10.0,10.0,84.0,158.0,201.0,57.0,0.0,0.0,0.0,0.0,0.0,0.0,0.0,0.0,0.0,18.0,0.0,3.0,1.0,10.0,1.0,2.0,0.0,1.0,0.0,18.0,0.0,0.0,0.0,0.0,0.0,0.0,0.0,0.0,0.0,0.0,0.0,0.0,0.0,0.0,0.0,0.0,0.0,0.0,0.0,0.0,0.0,1.0,0.0,0.0,0.0,1.0,2.0,2.0,1.0,5.0,15.0,23.0,6.0,6.0,0.0,0.0,0.0,0.0,0.0,0.0,0.0,0.0,0.0,0.0,0.0,0.0,0.0,0.0,0.0,0.0,0.0,0.0,0.0,0.0,0.0,2.0,0.0,0.0,0.0,1.0,4.0,2.0,1.0,7.0,20.0,31.0,9.0,7.0
207,1.0,207.0,London_198,,151,453,1092.0,70.0,2.0,136353.0,0.5710750611033291,754.0,1.0,0.0,1.0,2.0,0.0,2.0,153.0,73.0,163.0,30.0,141.0,10.0,25.0,1.0,10.0,8.0,86.0,161.0,198.0,50.0,0.0,0.0,0.0,0.0,0.0,0.0,0.0,0.0,0.0,0.0,0.0,0.0,0.0,0.0,0.0,0.0,0.0,0.0,0.0,0.0,0.0,0.0,0.0,0.0,0.0,0.0,0.0,0.0,0.0,0.0,0.0,0.0,0.0,0.0,0.0,0.0,0.0,0.0,0.0,0.0,0.0,0.0,0.0,0.0,0.0,0.0,0.0,0.0,0.0,0.0,0.0,1.0,1.0,0.0,0.0,0.0,0.0,0.0,0.0,0.0,0.0,0.0,0.0,0.0,0.0,0.0,0.0,0.0,0.0,0.0,0.0,0.0,0.0,0.0,0.0,0.0,0.0,0.0,0.0,0.0,0.0,0.0,0.0,0.0,0.0,2.0,1.0,0.0
208,1.0,208.0,London_198,,151,453,1092.0,70.0,2.0,182106.0,0.5077801179140806,855.0,137.0,2.0,135.0,237.0,17.0,220.0,2.0,72.0,164.0,30.0,141.0,10.0,25.0,1.0,10.0,8.0,86.0,163.0,196.0,50.0,0.0,0.0,0.0,0.0,0.0,0.0,0.0,0.0,0.0,45.0,0.0,14.0,5.0,20.0,1.0,3.0,0.0,2.0,2.0,43.0,0.0,0.0,0.0,0.0,0.0,0.0,0.0,0.0,0.0,0.0,0.0,0.0,0.0,1.0,0.0,0.0,0.0,0.0,0.0,0.0,1.0,0.0,0.0,0.0,1.0,1.0,2.0,0.0,1.0,3.0,21.0,31.0,5.0,6.0,0.0,0.0,0.0,0.0,0.0,0.0,0.0,0.0,0.0,0.0,0.0,0.0,0.0,2.0,0.0,0.0,0.0,0.0,0.0,0.0,1.0,0.0,0.0,0.0,1.0,1.0,2.0,0.0,2.0,3.0,31.0,42.0,6.0,8.0
209,1.0,209.0,London_198,,151,453,1092.0,70.0,2.0,161721.0,0.37898165080696344,810.0,145.0,2.0,143.0,261.0,18.0,243.0,158.0,75.0,173.0,23.0,132.0,11.0,26.0,1.0,12.0,7.0,79.0,164.0,203.0,58.0,0.0,0.0,0.0,0.0,0.0,0.0,0.0,0.0,0.0,37.0,0.0,4.0,4.0,19.0,2.0,4.0,2.0,2.0,2.0,35.0,0.0,0.0,0.0,0.0,0.0,0.0,0.0,0.0,0.0,0.0,0.0,0.0,0.0,0.0,0.0,0.0,0.0,0.0,0.0,0.0,1.0,0.0,2.0,0.0,3.0,0.0,6.0,6.0,1.0,2.0,25.0,23.0,17.0,4.0,0.0,0.0,0.0,0.0,0.0,0.0,0.0,0.0,0.0,0.0,0.0,0.0,0.0,0.0,0.0,0.0,0.0,0.0,0.0,0.0,1.0,0.0,2.0,0.0,3.0,0.0,7.0,8.0,1.0,2.0,40.0,36.0,19.0,8.0
210,1.0,210.0,London_198,,151,453,1092.0,70.0,2.0,132276.0,0.5834106798283756,745.0,2.0,2.0,0.0,18.0,18.0,0.0,187.0,68.0,156.0,20.0,161.0,13.0,23.0,3.0,9.0,11.0,69.0,164.0,209.0,66.0,0.0,0.0,0.0,0.0,0.0,0.0,0.0,0.0,0.0,1.0,0.0,0.0,0.0,1.0,0.0,0.0,0.0,0.0,1.0,0.0,0.0,0.0,0.0,0.0,0.0,0.0,0.0,0.0,0.0,0.0,0.0,0.0,0.0,0.0,1.0,0.0,0.0,0.0,0.0,0.0,0.0,0.0,0.0,0.0,0.0,0.0,0.0,0.0,0.0,0.0,0.0,0.0,0.0,0.0,0.0,0.0,0.0,0.0,0.0,0.0,0.0,0.0,0.0,0.0,0.0,0.0,0.0,0.0,8.0,0.0,0.0,0.0,0.0,0.0,0.0,0.0,0.0,0.0,0.0,0.0,0.0,0.0,0.0,0.0,0.0,0.0,0.0,0.0
211,1.0,211.0,London_198,,151,453,1092.0,70.0,2.0,168063.0,0.5951340710744262,824.0,97.0,0.0,97.0,168.0,0.0,168.0,11.0,68.0,151.0,21.0,161.0,13.0,26.0,4.0,9.0,5.0,71.0,164.0,213.0,59.0,0.0,0.0,0.0,0.0,0.0,0.0,0.0,0.0,0.0,26.0,0.0,5.0,3.0,12.0,0.0,3.0,0.0,3.0,0.0,26.0,0.0,0.0,0.0,0.0,0.0,0.0,0.0,0.0,0.0,0.0,0.0,0.0,0.0,0.0,0.0,0.0,0.0,0.0,0.0,0.0,2.0,2.0,0.0,0.0,0.0,0.0,0.0,1.0,0.0,2.0,15.0,17.0,3.0,1.0,0.0,0.0,0.0,0.0,0.0,0.0,0.0,0.0,0.0,0.0,0.0,0.0,0.0,0.0,0.0,0.0,0.0,0.0,0.0,0.0,2.0,2.0,0.0,0.0,0.0,0.0,0.0,2.0,0.0,3.0,19.0,23.0,3.0,3.0
212,1.0,212.0,London_198,,151,453,1092.0,70.0,2.0,166704.0,0.3596042979042977,821.0,117.0,1.0,116.0,205.0,11.0,194.0,124.0,75.0,158.0,27.0,136.0,14.0,32.0,5.0,6.0,7.0,77.0,162.0,207.0,55.0,0.0,0.0,0.0,0.0,0.0,0.0,0.0,0.0,0.0,31.0,0.0,6.0,3.0,17.0,0.0,5.0,0.0,0.0,1.0,30.0,0.0,0.0,0.0,0.0,0.0,0.0,0.0,0.0,0.0,0.0,0.0,0.0,0.0,0.0,1.0,0.0,0.0,0.0,0.0,0.0,1.0,0.0,0.0,0.0,2.0,0.0,7.0,3.0,3.0,8.0,12.0,28.0,7.0,0.0,0.0,0.0,0.0,0.0,0.0,0.0,0.0,0.0,0.0,0.0,0.0,0.0,0.0,0.0,4.0,0.0,0.0,0.0,0.0,0.0,1.0,0.0,0.0,0.0,2.0,0.0,9.0,5.0,4.0,10.0,13.0,37.0,8.0,0.0
213,1.0,213.0,London_198,,151,453,1092.0,70.0,2.0,149490.0,0.45334209804423153,783.0,40.0,1.0,39.0,76.0,10.0,66.0,152.0,70.0,155.0,33.0,133.0,12.0,37.0,4.0,9.0,7.0,80.0,165.0,201.0,44.0,0.0,0.0,0.0,0.0,0.0,0.0,0.0,0.0,0.0,11.0,0.0,1.0,2.0,6.0,1.0,0.0,0.0,1.0,1.0,10.0,0.0,0.0,0.0,0.0,0.0,0.0,0.0,0.0,0.0,0.0,0.0,0.0,0.0,1.0,0.0,0.0,0.0,0.0,0.0,0.0,0.0,0.0,1.0,0.0,0.0,1.0,5.0,0.0,0.0,1.0,3.0,5.0,6.0,4.0,0.0,0.0,0.0,0.0,0.0,0.0,0.0,0.0,0.0,0.0,0.0,0.0,0.0,2.0,0.0,0.0,0.0,0.0,0.0,0.0,0.0,0.0,1.0,0.0,0.0,2.0,5.0,0.0,0.0,1.0,3.0,9.0,6.0,6.0
214,1.0,214.0,London_198,,151,453,1092.0,70.0,2.0,168516.0,0.48062594910152256,825.0,151.0,0.0,151.0,267.0,0.0,267.0,57.0,66.0,156.0,33.0,131.0,12.0,43.0,4.0,8.0,5.0,80.0,161.0,207.0,52.0,0.0,0.0,0.0,0.0,0.0,0.0,0.0,0.0,0.0,51.0,0.0,16.0,7.0,23.0,0.0,0.0,0.0,5.0,0.0,51.0,0.0,0.0,0.0,0.0,0.0,0.0,0.0,0.0,0.0,0.0,0.0,0.0,0.0,0.0,0.0,0.0,0.0,0.0,0.0,0.0,1.0,0.0,1.0,0.0,1.0,1.0,5.0,0.0,0.0,3.0,26.0,25.0,8.0,4.0,0.0,0.0,0.0,0.0,0.0,0.0,0.0,0.0,0.0,0.0,0.0,0.0,0.0,0.0,0.0,0.0,0.0,0.0,0.0,0.0,2.0,0.0,1.0,0.0,1.0,2.0,7.0,0.0,0.0,3.0,44.0,38.0,9.0,5.0
215,1.0,215.0,London_198,,151,453,1092.0,70.0,2.0,140883.0,0.5339521521236748,764.0,4.0,0.0,4.0,8.0,0.0,8.0,178.0,57.0,159.0,35.0,138.0,16.0,34.0,5.0,9.0,4.0,65.0,177.0,207.0,55.0,0.0,0.0,0.0,0.0,0.0,0.0,0.0,0.0,0.0,2.0,0.0,0.0,1.0,1.0,0.0,0.0,0.0,0.0,0.0,2.0,0.0,0.0,0.0,0.0,0.0,0.0,0.0,0.0,0.0,0.0,0.0,0.0,0.0,0.0,0.0,0.0,0.0,0.0,0.0,0.0,0.0,0.0,0.0,0.0,0.0,0.0,0.0,0.0,0.0,0.0,0.0,1.0,0.0,0.0,0.0,0.0,0.0,0.0,0.0,0.0,0.0,0.0,0.0,0.0,0.0,0.0,0.0,0.0,0.0,0.0,0.0,0.0,0.0,0.0,0.0,0.0,0.0,0.0,0.0,0.0,0.0,0.0,0.0,0.0,0.0,3.0,0.0,0.0
216,1.0,216.0,London_198,,151,453,1092.0,70.0,2.0,173952.0,0.46776561392471194,837.0,171.0,2.0,169.0,315.0,19.0,296.0,5.0,57.0,161.0,33.0,137.0,17.0,34.0,5.0,9.0,4.0,67.0,175.0,207.0,56.0,0.0,0.0,0.0,0.0,0.0,0.0,0.0,0.0,0.0,51.0,0.0,17.0,3.0,26.0,0.0,2.0,0.0,3.0,2.0,49.0,0.0,0.0,0.0,0.0,0.0,0.0,0.0,0.0,0.0,0.0,0.0,0.0,0.0,1.0,0.0,0.0,0.0,0.0,0.0,0.0,0.0,3.0,0.0,0.0,1.0,1.0,12.0,3.0,4.0,7.0,22.0,36.0,14.0,6.0,0.0,0.0,0.0,0.0,0.0,0.0,0.0,0.0,0.0,0.0,0.0,0.0,0.0,6.0,0.0,0.0,0.0,0.0,0.0,0.0,0.0,3.0,0.0,0.0,1.0,2.0,17.0,4.0,4.0,8.0,33.0,49.0,18.0,8.0
217,1.0,217.0,London_198,,151,453,1092.0,70.0,2.0,124575.0,0.2784663359634578,728.0,56.0,1.0,55.0,113.0,10.0,103.0,224.0,54.0,181.0,22.0,146.0,9.0,31.0,5.0,5.0,8.0,75.0,169.0,201.0,56.0,0.0,0.0,0.0,0.0,0.0,0.0,0.0,0.0,0.0,6.0,0.0,3.0,0.0,3.0,0.0,0.0,0.0,0.0,0.0,6.0,0.0,0.0,0.0,0.0,0.0,0.0,0.0,0.0,0.0,0.0,0.0,0.0,0.0,0.0,0.0,0.0,0.0,0.0,0.0,0.0,0.0,2.0,1.0,2.0,1.0,0.0,7.0,2.0,1.0,3.0,6.0,9.0,2.0,2.0,0.0,0.0,0.0,0.0,0.0,0.0,0.0,0.0,0.0,0.0,0.0,0.0,0.0,0.0,0.0,0.0,0.0,0.0,0.0,0.0,0.0,3.0,1.0,3.0,1.0,0.0,9.0,4.0,1.0,5.0,6.0,13.0,2.0,2.0
218,1.0,218.0,London_198,,151,453,1092.0,70.0,2.0,135447.0,0.48930935305543244,752.0,47.0,0.0,47.0,80.0,0.0,80.0,106.0,49.0,177.0,24.0,151.0,7.0,32.0,6.0,7.0,9.0,71.0,165.0,208.0,66.0,0.0,0.0,0.0,0.0,0.0,0.0,0.0,0.0,0.0,6.0,0.0,1.0,0.0,4.0,0.0,1.0,0.0,0.0,0.0,6.0,0.0,0.0,0.0,0.0,0.0,0.0,0.0,0.0,0.0,0.0,0.0,0.0,0.0,0.0,0.0,0.0,0.0,0.0,0.0,0.0,0.0,0.0,0.0,0.0,1.0,0.0,5.0,3.0,0.0,3.0,7.0,9.0,1.0,3.0,0.0,0.0,0.0,0.0,0.0,0.0,0.0,0.0,0.0,0.0,0.0,0.0,0.0,0.0,0.0,0.0,0.0,0.0,0.0,0.0,0.0,0.0,0.0,0.0,1.0,0.0,9.0,5.0,0.0,3.0,9.0,12.0,1.0,4.0
219,1.0,219.0,London_198,,151,453,1092.0,70.0,2.0,146772.0,0.4350928971543908,777.0,63.0,0.0,63.0,108.0,0.0,108.0,70.0,53.0,180.0,22.0,146.0,5.0,33.0,6.0,8.0,9.0,77.0,150.0,217.0,70.0,0.0,0.0,0.0,0.0,0.0,0.0,0.0,0.0,0.0,14.0,0.0,2.0,1.0,9.0,0.0,2.0,0.0,0.0,0.0,14.0,0.0,0.0,0.0,0.0,0.0,0.0,0.0,0.0,0.0,0.0,0.0,0.0,0.0,0.0,0.0,0.0,0.0,0.0,0.0,0.0,1.0,0.0,0.0,0.0,0.0,0.0,1.0,3.0,0.0,3.0,7.0,9.0,1.0,4.0,0.0,0.0,0.0,0.0,0.0,0.0,0.0,0.0,0.0,0.0,0.0,0.0,0.0,0.0,0.0,0.0,0.0,0.0,0.0,0.0,1.0,0.0,0.0,0.0,0.0,0.0,1.0,3.0,0.0,4.0,11.0,12.0,1.0,5.0
220,1.0,220.0,London_198,,151,453,1092.0,70.0,2.0,154473.0,0.434273824095726,794.0,141.0,1.0,140.0,267.0,11.0,256.0,88.0,59.0,173.0,26.0,141.0,8.0,33.0,6.0,7.0,8.0,73.0,151.0,221.0,72.0,0.0,0.0,0.0,0.0,0.0,0.0,0.0,0.0,0.0,58.0,0.0,10.0,2.0,36.0,0.0,3.0,0.0,7.0,1.0,57.0,0.0,0.0,0.0,0.0,0.0,0.0,0.0,0.0,0.0,0.0,0.0,0.0,0.0,0.0,1.0,0.0,0.0,0.0,0.0,0.0,0.0,0.0,0.0,0.0,4.0,1.0,4.0,3.0,0.0,4.0,17.0,26.0,10.0,3.0,0.0,0.0,0.0,0.0,0.0,0.0,0.0,0.0,0.0,0.0,0.0,0.0,0.0,0.0,3.0,0.0,0.0,0.0,0.0,0.0,0.0,0.0,0.0,0.0,4.0,2.0,5.0,4.0,0.0,6.0,26.0,39.0,12.0,4.0
221,1.0,221.0,London_198,,151,453,1092.0,70.0,2.0,132729.0,0.284265813883394,746.0,66.0,0.0,66.0,115.0,0.0,115.0,167.0,65.0,167.0,37.0,126.0,9.0,37.0,2.0,10.0,6.0,67.0,159.0,221.0,59.0,0.0,0.0,0.0,0.0,0.0,0.0,0.0,0.0,0.0,10.0,0.0,2.0,0.0,7.0,0.0,0.0,0.0,1.0,0.0,10.0,0.0,0.0,0.0,0.0,0.0,0.0,0.0,0.0,0.0,0.0,0.0,0.0,0.0,0.0,0.0,0.0,0.0,0.0,0.0,0.0,0.0,0.0,1.0,0.0,4.0,0.0,4.0,1.0,1.0,8.0,14.0,11.0,5.0,7.0,0.0,0.0,0.0,0.0,0.0,0.0,0.0,0.0,0.0,0.0,0.0,0.0,0.0,0.0,0.0,0.0,0.0,0.0,0.0,0.0,0.0,0.0,1.0,0.0,4.0,0.0,5.0,1.0,1.0,11.0,24.0,15.0,6.0,9.0
222,1.0,222.0,London_198,,151,453,1092.0,70.0,2.0,145413.0,0.47475296910852194,774.0,58.0,2.0,56.0,119.0,19.0,100.0,100.0,66.0,165.0,42.0,128.0,8.0,34.0,2.0,8.0,9.0,66.0,166.0,212.0,63.0,0.0,0.0,0.0,0.0,0.0,0.0,0.0,0.0,0.0,18.0,0.0,7.0,1.0,8.0,0.0,1.0,0.0,1.0,2.0,16.0,0.0,0.0,0.0,0.0,0.0,0.0,0.0,0.0,0.0,0.0,0.0,0.0,0.0,1.0,0.0,0.0,0.0,0.0,0.0,0.0,0.0,0.0,0.0,0.0,2.0,0.0,0.0,3.0,1.0,1.0,13.0,9.0,4.0,1.0,0.0,0.0,0.0,0.0,0.0,0.0,0.0,0.0,0.0,0.0,0.0,0.0,0.0,3.0,0.0,0.0,0.0,0.0,0.0,0.0,0.0,0.0,0.0,0.0,2.0,0.0,0.0,4.0,1.0,1.0,16.0,12.0,5.0,1.0
223,1.0,223.0,London_198,,151,453,1092.0,70.0,2.0,162174.0,0.5623401838820428,811.0,140.0,2.0,138.0,256.0,19.0,237.0,80.0,66.0,177.0,36.0,129.0,6.0,28.0,3.0,8.0,11.0,68.0,158.0,216.0,62.0,0.0,0.0,0.0,0.0,0.0,0.0,0.0,0.0,0.0,48.0,0.0,9.0,3.0,22.0,1.0,4.0,0.0,9.0,2.0,46.0,0.0,0.0,0.0,0.0,0.0,0.0,0.0,0.0,0.0,0.0,0.0,0.0,0.0,0.0,1.0,0.0,0.0,0.0,0.0,0.0,0.0,0.0,0.0,0.0,1.0,0.0,3.0,2.0,1.0,1.0,18.0,16.0,8.0,4.0,0.0,0.0,0.0,0.0,0.0,0.0,0.0,0.0,0.0,0.0,0.0,0.0,0.0,0.0,5.0,0.0,0.0,0.0,0.0,0.0,0.0,0.0,0.0,0.0,1.0,0.0,3.0,4.0,1.0,1.0,26.0,20.0,12.0,5.0
224,1.0,224.0,London_198,,151,453,1092.0,70.0,2.0,133635.0,0.49260827107355,748.0,11.0,1.0,10.0,31.0,10.0,21.0,179.0,65.0,187.0,39.0,121.0,9.0,27.0,1.0,4.0,14.0,66.0,153.0,220.0,72.0,0.0,0.0,0.0,0.0,0.0,0.0,0.0,0.0,0.0,2.0,0.0,0.0,0.0,2.0,0.0,0.0,0.0,0.0,0.0,2.0,0.0,0.0,0.0,0.0,0.0,0.0,0.0,0.0,0.0,0.0,0.0,0.0,0.0,1.0,0.0,0.0,0.0,0.0,0.0,0.0,0.0,0.0,0.0,0.0,0.0,0.0,0.0,1.0,1.0,0.0,1.0,1.0,0.0,2.0,0.0,0.0,0.0,0.0,0.0,0.0,0.0,0.0,0.0,0.0,0.0,0.0,0.0,8.0,0.0,0.0,0.0,0.0,0.0,0.0,0.0,0.0,0.0,0.0,0.0,0.0,0.0,2.0,1.0,0.0,2.0,3.0,0.0,2.0
225,1.0,225.0,London_198,,151,453,1092.0,70.0,2.0,171687.0,0.44442488299682736,832.0,39.0,0.0,39.0,66.0,0.0,66.0,29.0,67.0,182.0,39.0,123.0,9.0,28.0,1.0,4.0,8.0,73.0,154.0,218.0,65.0,0.0,0.0,0.0,0.0,0.0,0.0,0.0,0.0,0.0,10.0,0.0,3.0,1.0,5.0,0.0,1.0,0.0,0.0,0.0,10.0,0.0,0.0,0.0,0.0,0.0,0.0,0.0,0.0,0.0,0.0,0.0,0.0,0.0,0.0,0.0,0.0,0.0,0.0,0.0,0.0,0.0,1.0,0.0,0.0,1.0,0.0,1.0,0.0,0.0,1.0,13.0,4.0,0.0,1.0,0.0,0.0,0.0,0.0,0.0,0.0,0.0,0.0,0.0,0.0,0.0,0.0,0.0,0.0,0.0,0.0,0.0,0.0,0.0,0.0,0.0,1.0,0.0,0.0,1.0,0.0,1.0,0.0,0.0,2.0,19.0,5.0,0.0,1.0
226,1.0,226.0,London_198,,151,453,1092.0,70.0,2.0,202038.0,0.51077747088857,899.0,80.0,0.0,80.0,141.0,0.0,141.0,47.0,67.0,180.0,35.0,127.0,8.0,31.0,1.0,4.0,7.0,78.0,156.0,212.0,62.0,0.0,0.0,0.0,0.0,0.0,0.0,0.0,0.0,0.0,31.0,0.0,14.0,2.0,9.0,0.0,3.0,0.0,3.0,0.0,31.0,0.0,0.0,0.0,0.0,0.0,0.0,0.0,0.0,0.0,0.0,0.0,0.0,0.0,0.0,0.0,0.0,0.0,0.0,0.0,0.0,1.0,0.0,0.0,0.0,0.0,0.0,0.0,0.0,0.0,0.0,11.0,13.0,3.0,0.0,0.0,0.0,0.0,0.0,0.0,0.0,0.0,0.0,0.0,0.0,0.0,0.0,0.0,0.0,0.0,0.0,0.0,0.0,0.0,0.0,1.0,0.0,0.0,0.0,0.0,0.0,0.0,0.0,0.0,0.0,13.0,17.0,4.0,0.0
227,1.0,227.0,London_198,,151,453,1092.0,70.0,2.0,208833.0,0.5707839909009635,914.0,190.0,0.0,190.0,329.0,0.0,329.0,89.0,63.0,182.0,32.0,130.0,7.0,33.0,2.0,4.0,9.0,87.0,149.0,208.0,67.0,0.0,0.0,0.0,0.0,0.0,0.0,0.0,0.0,0.0,75.0,0.0,26.0,7.0,31.0,1.0,7.0,0.0,3.0,0.0,75.0,0.0,0.0,0.0,0.0,0.0,0.0,0.0,0.0,0.0,0.0,0.0,0.0,0.0,0.0,0.0,0.0,0.0,0.0,0.0,0.0,1.0,0.0,0.0,1.0,2.0,0.0,4.0,0.0,3.0,2.0,14.0,29.0,3.0,6.0,0.0,0.0,0.0,0.0,0.0,0.0,0.0,0.0,0.0,0.0,0.0,0.0,0.0,0.0,0.0,0.0,0.0,0.0,0.0,0.0,1.0,0.0,0.0,1.0,2.0,0.0,4.0,0.0,3.0,4.0,20.0,40.0,3.0,10.0
228,1.0,228.0,London_198,,151,453,1092.0,70.0,2.0,164892.0,0.3657197360880673,817.0,71.0,1.0,70.0,128.0,10.0,118.0,203.0,62.0,160.0,36.0,146.0,8.0,31.0,3.0,7.0,6.0,92.0,160.0,195.0,73.0,0.0,0.0,0.0,0.0,0.0,0.0,0.0,0.0,0.0,21.0,0.0,7.0,0.0,11.0,0.0,1.0,1.0,1.0,1.0,20.0,0.0,0.0,0.0,0.0,0.0,0.0,0.0,0.0,0.0,0.0,0.0,0.0,0.0,0.0,1.0,0.0,0.0,0.0,0.0,0.0,0.0,0.0,1.0,0.0,0.0,0.0,3.0,0.0,1.0,1.0,12.0,8.0,2.0,1.0,0.0,0.0,0.0,0.0,0.0,0.0,0.0,0.0,0.0,0.0,0.0,0.0,0.0,0.0,6.0,0.0,0.0,0.0,0.0,0.0,0.0,0.0,1.0,0.0,0.0,0.0,4.0,0.0,1.0,1.0,19.0,11.0,2.0,4.0
229,1.0,229.0,London_198,,151,453,1092.0,70.0,2.0,183465.0,0.6896864450536668,858.0,145.0,2.0,143.0,254.0,19.0,235.0,90.0,66.0,155.0,31.0,144.0,8.0,38.0,3.0,8.0,7.0,89.0,164.0,193.0,68.0,0.0,0.0,0.0,0.0,0.0,0.0,0.0,0.0,0.0,48.0,0.0,12.0,3.0,22.0,0.0,7.0,1.0,3.0,2.0,46.0,0.0,0.0,0.0,0.0,0.0,0.0,0.0,0.0,0.0,0.0,0.0,0.0,0.0,0.0,0.0,0.0,0.0,0.0,0.0,0.0,0.0,1.0,0.0,0.0,0.0,0.0,0.0,3.0,1.0,2.0,15.0,16.0,4.0,4.0,0.0,0.0,0.0,0.0,0.0,0.0,0.0,0.0,0.0,0.0,0.0,0.0,0.0,0.0,0.0,0.0,0.0,0.0,0.0,0.0,0.0,2.0,0.0,0.0,0.0,0.0,0.0,4.0,1.0,3.0,19.0,21.0,6.0,5.0
230,1.0,230.0,London_198,,151,453,1092.0,70.0,2.0,151755.0,0.34178156312555075,788.0,50.0,2.0,48.0,108.0,18.0,90.0,169.0,63.0,168.0,34.0,129.0,13.0,36.0,3.0,7.0,9.0,67.0,177.0,200.0,59.0,0.0,0.0,0.0,0.0,0.0,0.0,0.0,0.0,0.0,9.0,0.0,0.0,1.0,2.0,1.0,5.0,0.0,0.0,1.0,8.0,0.0,0.0,0.0,0.0,0.0,0.0,0.0,0.0,0.0,0.0,0.0,0.0,0.0,1.0,0.0,0.0,0.0,0.0,0.0,0.0,0.0,0.0,0.0,0.0,0.0,0.0,2.0,0.0,0.0,1.0,7.0,8.0,3.0,3.0,0.0,0.0,0.0,0.0,0.0,0.0,0.0,0.0,0.0,0.0,0.0,0.0,0.0,2.0,0.0,0.0,0.0,0.0,0.0,0.0,0.0,0.0,0.0,0.0,0.0,0.0,3.0,0.0,0.0,1.0,7.0,11.0,3.0,3.0
231,1.0,231.0,London_198,,151,453,1092.0,70.0,2.0,163080.0,0.48809363902546465,813.0,47.0,0.0,47.0,76.0,0.0,76.0,89.0,67.0,171.0,31.0,127.0,15.0,32.0,3.0,7.0,9.0,72.0,168.0,204.0,56.0,0.0,0.0,0.0,0.0,0.0,0.0,0.0,0.0,0.0,19.0,0.0,0.0,0.0,14.0,0.0,4.0,0.0,1.0,0.0,19.0,0.0,0.0,0.0,0.0,0.0,0.0,0.0,0.0,0.0,0.0,0.0,0.0,0.0,0.0,0.0,0.0,0.0,0.0,0.0,0.0,0.0,0.0,1.0,0.0,0.0,0.0,2.0,1.0,0.0,0.0,3.0,7.0,4.0,0.0,0.0,0.0,0.0,0.0,0.0,0.0,0.0,0.0,0.0,0.0,0.0,0.0,0.0,0.0,0.0,0.0,0.0,0.0,0.0,0.0,0.0,0.0,1.0,0.0,0.0,0.0,2.0,1.0,0.0,0.0,4.0,13.0,7.0,0.0
232,1.0,232.0,London_198,,151,453,1092.0,70.0,2.0,187089.0,0.5588575950823724,866.0,118.0,0.0,118.0,201.0,0.0,201.0,51.0,62.0,170.0,31.0,129.0,18.0,32.0,3.0,8.0,10.0,75.0,152.0,216.0,52.0,0.0,0.0,0.0,0.0,0.0,0.0,0.0,0.0,0.0,44.0,0.0,10.0,3.0,25.0,1.0,3.0,1.0,1.0,0.0,44.0,0.0,0.0,0.0,0.0,0.0,0.0,0.0,0.0,0.0,0.0,0.0,0.0,0.0,0.0,0.0,0.0,0.0,0.0,0.0,0.0,1.0,0.0,0.0,0.0,0.0,0.0,2.0,0.0,1.0,1.0,23.0,16.0,3.0,2.0,0.0,0.0,0.0,0.0,0.0,0.0,0.0,0.0,0.0,0.0,0.0,0.0,0.0,0.0,0.0,0.0,0.0,0.0,0.0,0.0,1.0,0.0,0.0,0.0,0.0,0.0,3.0,0.0,1.0,1.0,31.0,27.0,3.0,5.0
233,1.0,233.0,London_198,,151,453,1092.0,70.0,2.0,177123.0,0.3680152529850602,844.0,118.0,2.0,116.0,215.0,16.0,199.0,139.0,55.0,164.0,33.0,137.0,18.0,34.0,1.0,11.0,7.0,78.0,157.0,211.0,56.0,0.0,0.0,0.0,0.0,0.0,0.0,0.0,0.0,0.0,38.0,0.0,14.0,1.0,15.0,1.0,4.0,1.0,2.0,2.0,36.0,0.0,0.0,0.0,0.0,0.0,0.0,0.0,0.0,0.0,0.0,0.0,0.0,0.0,0.0,1.0,0.0,0.0,0.0,0.0,0.0,0.0,0.0,0.0,0.0,1.0,0.0,2.0,3.0,1.0,0.0,15.0,19.0,1.0,2.0,0.0,0.0,0.0,0.0,0.0,0.0,0.0,0.0,0.0,0.0,0.0,0.0,0.0,0.0,3.0,0.0,0.0,0.0,0.0,0.0,0.0,0.0,0.0,0.0,1.0,0.0,5.0,3.0,1.0,0.0,19.0,28.0,1.0,3.0
234,1.0,234.0,London_198,,151,453,1092.0,70.0,2.0,163533.0,0.5703136550728232,814.0,133.0,1.0,132.0,228.0,9.0,219.0,150.0,57.0,172.0,38.0,130.0,13.0,31.0,1.0,11.0,6.0,84.0,136.0,227.0,57.0,0.0,0.0,0.0,0.0,0.0,0.0,0.0,0.0,0.0,40.0,0.0,4.0,4.0,23.0,0.0,6.0,0.0,3.0,1.0,39.0,0.0,0.0,0.0,0.0,0.0,0.0,0.0,0.0,0.0,0.0,0.0,0.0,0.0,0.0,0.0,0.0,0.0,0.0,0.0,0.0,0.0,0.0,1.0,2.0,0.0,0.0,4.0,0.0,7.0,3.0,24.0,16.0,6.0,3.0,0.0,0.0,0.0,0.0,0.0,0.0,0.0,0.0,0.0,0.0,0.0,0.0,0.0,0.0,0.0,0.0,0.0,0.0,0.0,0.0,0.0,0.0,2.0,2.0,0.0,0.0,5.0,0.0,9.0,3.0,33.0,26.0,8.0,4.0
235,1.0,235.0,London_198,,151,453,1092.0,70.0,2.0,134994.0,0.4830672419629991,751.0,7.0,0.0,7.0,12.0,0.0,12.0,164.0,64.0,169.0,38.0,126.0,15.0,31.0,3.0,7.0,6.0,81.0,142.0,224.0,58.0,0.0,0.0,0.0,0.0,0.0,0.0,0.0,0.0,0.0,1.0,0.0,0.0,0.0,0.0,0.0,0.0,0.0,1.0,0.0,1.0,0.0,0.0,0.0,0.0,0.0,0.0,0.0,0.0,0.0,0.0,0.0,0.0,0.0,0.0,0.0,0.0,0.0,0.0,0.0,0.0,0.0,0.0,1.0,0.0,0.0,0.0,0.0,2.0,0.0,0.0,2.0,1.0,3.0,0.0,0.0,0.0,0.0,0.0,0.0,0.0,0.0,0.0,0.0,0.0,0.0,0.0,0.0,0.0,0.0,0.0,0.0,0.0,0.0,0.0,0.0,0.0,1.0,0.0,0.0,0.0,0.0,2.0,0.0,0.0,4.0,1.0,4.0,0.0
236,1.0,236.0,London_198,,151,453,1092.0,70.0,2.0,179388.0,0.7562054889276624,849.0,86.0,2.0,84.0,166.0,18.0,148.0,11.0,63.0,172.0,39.0,122.0,15.0,31.0,3.0,8.0,6.0,79.0,143.0,225.0,59.0,0.0,0.0,0.0,0.0,0.0,0.0,0.0,0.0,0.0,23.0,0.0,1.0,0.0,12.0,0.0,7.0,1.0,2.0,2.0,21.0,0.0,0.0,0.0,0.0,0.0,0.0,0.0,0.0,0.0,0.0,0.0,0.0,0.0,0.0,0.0,0.0,0.0,0.0,0.0,0.0,0.0,0.0,0.0,0.0,0.0,0.0,4.0,0.0,1.0,0.0,16.0,19.0,1.0,1.0,0.0,0.0,0.0,0.0,0.0,0.0,0.0,0.0,0.0,0.0,0.0,0.0,0.0,0.0,0.0,0.0,0.0,0.0,0.0,0.0,0.0,0.0,0.0,0.0,0.0,0.0,6.0,0.0,2.0,0.0,21.0,22.0,1.0,1.0
237,1.0,237.0,London_198,,151,453,1092.0,70.0,2.0,185730.0,0.6452377801761031,863.0,90.0,2.0,88.0,162.0,18.0,144.0,113.0,61.0,174.0,34.0,125.0,17.0,30.0,3.0,9.0,10.0,71.0,153.0,219.0,67.0,0.0,0.0,0.0,0.0,0.0,0.0,0.0,0.0,0.0,35.0,0.0,6.0,3.0,22.0,1.0,2.0,0.0,1.0,2.0,33.0,0.0,0.0,0.0,0.0,0.0,0.0,0.0,0.0,0.0,0.0,0.0,0.0,0.0,1.0,1.0,0.0,0.0,0.0,0.0,0.0,0.0,0.0,0.0,0.0,2.0,0.0,2.0,2.0,1.0,5.0,8.0,11.0,4.0,4.0,0.0,0.0,0.0,0.0,0.0,0.0,0.0,0.0,0.0,0.0,0.0,0.0,0.0,1.0,3.0,0.0,0.0,0.0,0.0,0.0,0.0,0.0,0.0,0.0,2.0,0.0,4.0,2.0,1.0,6.0,10.0,15.0,4.0,6.0
238,1.0,238.0,London_198,,151,453,1092.0,70.0,2.0,191166.0,0.5968630819115788,875.0,193.0,0.0,193.0,335.0,0.0,335.0,101.0,49.0,186.0,35.0,129.0,9.0,33.0,3.0,9.0,12.0,76.0,145.0,220.0,71.0,0.0,0.0,0.0,0.0,0.0,0.0,0.0,0.0,0.0,67.0,1.0,18.0,2.0,37.0,0.0,7.0,2.0,0.0,0.0,67.0,0.0,0.0,0.0,0.0,0.0,0.0,0.0,0.0,0.0,0.0,0.0,0.0,0.0,0.0,0.0,0.0,0.0,0.0,0.0,0.0,3.0,0.0,1.0,0.0,1.0,0.0,2.0,2.0,2.0,4.0,22.0,33.0,11.0,4.0,0.0,0.0,0.0,0.0,0.0,0.0,0.0,0.0,0.0,0.0,0.0,0.0,0.0,0.0,0.0,0.0,0.0,0.0,0.0,0.0,4.0,0.0,1.0,0.0,1.0,0.0,3.0,3.0,3.0,5.0,33.0,47.0,13.0,6.0
239,1.0,239.0,London_198,,151,453,1092.0,70.0,2.0,131370.0,0.4178498119581491,743.0,89.0,0.0,89.0,137.0,0.0,137.0,229.0,50.0,186.0,25.0,129.0,17.0,39.0,5.0,2.0,12.0,82.0,146.0,213.0,79.0,0.0,0.0,0.0,0.0,0.0,0.0,0.0,0.0,0.0,11.0,0.0,0.0,2.0,7.0,0.0,0.0,0.0,2.0,0.0,11.0,0.0,0.0,0.0,0.0,0.0,0.0,0.0,0.0,0.0,0.0,0.0,0.0,0.0,0.0,0.0,0.0,0.0,0.0,0.0,0.0,3.0,4.0,2.0,0.0,0.0,0.0,9.0,0.0,2.0,10.0,14.0,19.0,8.0,5.0,0.0,0.0,0.0,0.0,0.0,0.0,0.0,0.0,0.0,0.0,0.0,0.0,0.0,0.0,0.0,0.0,0.0,0.0,0.0,0.0,4.0,5.0,2.0,0.0,0.0,0.0,12.0,0.0,2.0,13.0,16.0,25.0,9.0,6.0
240,1.0,240.0,London_198,,151,453,1092.0,70.0,2.0,115968.0,0.2672686611767858,709.0,12.0,2.0,10.0,30.0,17.0,13.0,122.0,63.0,171.0,21.0,129.0,15.0,44.0,4.0,6.0,12.0,73.0,153.0,215.0,78.0,0.0,0.0,0.0,0.0,0.0,0.0,0.0,0.0,0.0,4.0,0.0,0.0,0.0,2.0,0.0,2.0,0.0,0.0,2.0,2.0,0.0,0.0,0.0,0.0,0.0,0.0,0.0,0.0,0.0,0.0,0.0,0.0,0.0,0.0,1.0,0.0,1.0,0.0,0.0,0.0,0.0,0.0,0.0,0.0,0.0,0.0,0.0,0.0,0.0,0.0,0.0,1.0,0.0,0.0,0.0,0.0,0.0,0.0,0.0,0.0,0.0,0.0,0.0,0.0,0.0,0.0,0.0,0.0,2.0,0.0,1.0,0.0,0.0,0.0,0.0,0.0,0.0,0.0,0.0,0.0,0.0,0.0,0.0,0.0,0.0,1.0,0.0,0.0
241,1.0,241.0,London_198,,151,453,1092.0,70.0,2.0,140883.0,0.6337569521274418,764.0,141.0,0.0,141.0,251.0,0.0,251.0,12.0,65.0,170.0,18.0,132.0,14.0,44.0,4.0,6.0,12.0,71.0,150.0,220.0,74.0,0.0,0.0,0.0,0.0,0.0,0.0,0.0,0.0,0.0,33.0,0.0,4.0,4.0,22.0,0.0,0.0,0.0,3.0,0.0,33.0,0.0,0.0,0.0,0.0,0.0,0.0,0.0,0.0,0.0,0.0,0.0,0.0,0.0,0.0,0.0,0.0,0.0,0.0,0.0,0.0,0.0,7.0,1.0,0.0,0.0,1.0,5.0,5.0,5.0,7.0,21.0,29.0,4.0,4.0,0.0,0.0,0.0,0.0,0.0,0.0,0.0,0.0,0.0,0.0,0.0,0.0,0.0,0.0,0.0,0.0,0.0,0.0,0.0,0.0,0.0,9.0,1.0,0.0,0.0,1.0,7.0,8.0,6.0,14.0,32.0,43.0,4.0,4.0
242,1.0,242.0,London_198,,151,453,1092.0,70.0,2.0,97395.0,0.253707431955263,668.0,44.0,2.0,42.0,96.0,20.0,76.0,203.0,71.0,176.0,16.0,126.0,12.0,42.0,2.0,8.0,12.0,76.0,155.0,210.0,61.0,0.0,0.0,0.0,0.0,0.0,0.0,0.0,0.0,0.0,0.0,0.0,0.0,0.0,0.0,0.0,0.0,0.0,0.0,0.0,0.0,0.0,0.0,0.0,0.0,0.0,0.0,0.0,0.0,0.0,0.0,0.0,0.0,0.0,0.0,2.0,2.0,0.0,0.0,0.0,0.0,3.0,3.0,0.0,1.0,1.0,0.0,6.0,2.0,1.0,2.0,6.0,15.0,7.0,5.0,0.0,0.0,0.0,0.0,0.0,0.0,0.0,0.0,0.0,0.0,0.0,0.0,0.0,0.0,13.0,6.0,0.0,0.0,0.0,0.0,3.0,4.0,0.0,2.0,1.0,0.0,9.0,2.0,1.0,3.0,10.0,29.0,7.0,7.0
243,1.0,243.0,London_198,,151,453,1092.0,70.0,2.0,116421.0,0.27748763002455235,710.0,75.0,2.0,73.0,140.0,15.0,125.0,96.0,70.0,174.0,17.0,129.0,15.0,36.0,3.0,9.0,13.0,70.0,151.0,219.0,66.0,0.0,0.0,0.0,0.0,0.0,0.0,0.0,0.0,0.0,1.0,0.0,0.0,0.0,0.0,0.0,0.0,0.0,1.0,1.0,0.0,0.0,0.0,0.0,0.0,0.0,0.0,0.0,0.0,0.0,0.0,0.0,0.0,0.0,0.0,0.0,1.0,0.0,0.0,0.0,0.0,4.0,4.0,1.0,0.0,0.0,0.0,8.0,3.0,1.0,6.0,9.0,19.0,5.0,4.0,0.0,0.0,0.0,0.0,0.0,0.0,0.0,0.0,0.0,0.0,0.0,0.0,0.0,0.0,0.0,1.0,0.0,0.0,0.0,0.0,4.0,6.0,1.0,0.0,0.0,0.0,10.0,3.0,1.0,9.0,12.0,32.0,5.0,5.0
244,1.0,244.0,London_198,,151,453,1092.0,70.0,2.0,120498.0,0.40556965908035636,719.0,39.0,1.0,38.0,71.0,9.0,62.0,136.0,56.0,187.0,22.0,125.0,16.0,38.0,2.0,7.0,7.0,77.0,146.0,223.0,66.0,0.0,0.0,0.0,0.0,0.0,0.0,0.0,0.0,0.0,5.0,0.0,0.0,0.0,4.0,0.0,1.0,0.0,0.0,1.0,4.0,0.0,0.0,0.0,0.0,0.0,0.0,0.0,0.0,0.0,0.0,0.0,0.0,0.0,0.0,0.0,1.0,0.0,0.0,0.0,0.0,0.0,2.0,0.0,0.0,0.0,0.0,2.0,0.0,1.0,2.0,8.0,6.0,4.0,1.0,0.0,0.0,0.0,0.0,0.0,0.0,0.0,0.0,0.0,0.0,0.0,0.0,0.0,0.0,0.0,1.0,0.0,0.0,0.0,0.0,0.0,4.0,0.0,0.0,0.0,0.0,2.0,0.0,1.0,3.0,11.0,9.0,6.0,2.0
245,1.0,245.0,London_198,,151,453,1092.0,70.0,2.0,141789.0,0.64488884806633,766.0,18.0,1.0,17.0,38.0,8.0,30.0,60.0,59.0,175.0,23.0,131.0,16.0,37.0,2.0,10.0,6.0,82.0,141.0,224.0,71.0,0.0,0.0,0.0,0.0,0.0,0.0,0.0,0.0,0.0,3.0,0.0,0.0,0.0,2.0,0.0,0.0,0.0,1.0,0.0,3.0,0.0,0.0,0.0,0.0,0.0,0.0,0.0,0.0,0.0,0.0,0.0,0.0,0.0,0.0,1.0,0.0,0.0,0.0,0.0,0.0,0.0,1.0,0.0,0.0,0.0,0.0,1.0,1.0,1.0,1.0,3.0,3.0,2.0,1.0,0.0,0.0,0.0,0.0,0.0,0.0,0.0,0.0,0.0,0.0,0.0,0.0,0.0,0.0,6.0,0.0,0.0,0.0,0.0,0.0,0.0,1.0,0.0,0.0,0.0,0.0,2.0,3.0,1.0,1.0,3.0,4.0,2.0,2.0
246,1.0,246.0,London_198,,151,453,1092.0,70.0,2.0,177123.0,0.5274220858700573,844.0,73.0,0.0,73.0,128.0,0.0,128.0,33.0,61.0,173.0,26.0,129.0,15.0,36.0,2.0,11.0,5.0,91.0,142.0,215.0,70.0,0.0,0.0,0.0,0.0,0.0,0.0,0.0,0.0,0.0,26.0,0.0,8.0,1.0,15.0,0.0,0.0,0.0,2.0,0.0,26.0,0.0,0.0,0.0,0.0,0.0,0.0,0.0,0.0,0.0,0.0,0.0,0.0,0.0,0.0,0.0,0.0,0.0,0.0,0.0,0.0,2.0,0.0,0.0,0.0,0.0,0.0,1.0,1.0,1.0,3.0,12.0,11.0,4.0,2.0,0.0,0.0,0.0,0.0,0.0,0.0,0.0,0.0,0.0,0.0,0.0,0.0,0.0,0.0,0.0,0.0,0.0,0.0,0.0,0.0,2.0,0.0,0.0,0.0,0.0,0.0,1.0,2.0,1.0,3.0,19.0,13.0,4.0,3.0
247,1.0,247.0,London_198,,151,453,1092.0,70.0,2.0,189807.0,0.6833148528821766,872.0,123.0,2.0,121.0,219.0,19.0,200.0,90.0,66.0,170.0,27.0,118.0,16.0,42.0,3.0,11.0,6.0,88.0,149.0,210.0,61.0,0.0,0.0,0.0,0.0,0.0,0.0,0.0,0.0,0.0,45.0,0.0,18.0,0.0,19.0,1.0,1.0,1.0,5.0,2.0,43.0,0.0,0.0,0.0,0.0,0.0,0.0,0.0,0.0,0.0,0.0,0.0,0.0,0.0,0.0,0.0,0.0,0.0,0.0,0.0,0.0,0.0,3.0,0.0,0.0,0.0,2.0,0.0,0.0,3.0,5.0,14.0,19.0,6.0,3.0,0.0,0.0,0.0,0.0,0.0,0.0,0.0,0.0,0.0,0.0,0.0,0.0,0.0,0.0,0.0,0.0,0.0,0.0,0.0,0.0,0.0,5.0,0.0,0.0,0.0,4.0,0.0,0.0,4.0,7.0,20.0,29.0,6.0,4.0
248,1.0,248.0,London_198,,151,453,1092.0,70.0,2.0,181653.0,0.5660640390124172,854.0,23.0,0.0,23.0,36.0,0.0,36.0,141.0,66.0,169.0,31.0,124.0,10.0,42.0,3.0,8.0,7.0,88.0,147.0,211.0,57.0,0.0,0.0,0.0,0.0,0.0,0.0,0.0,0.0,0.0,11.0,0.0,3.0,1.0,6.0,0.0,0.0,0.0,1.0,0.0,11.0,0.0,0.0,0.0,0.0,0.0,0.0,0.0,0.0,0.0,0.0,0.0,0.0,0.0,0.0,0.0,0.0,0.0,0.0,0.0,0.0,1.0,0.0,0.0,0.0,0.0,0.0,1.0,0.0,0.0,1.0,1.0,3.0,0.0,0.0,0.0,0.0,0.0,0.0,0.0,0.0,0.0,0.0,0.0,0.0,0.0,0.0,0.0,0.0,0.0,0.0,0.0,0.0,0.0,0.0,1.0,0.0,0.0,0.0,0.0,0.0,1.0,0.0,0.0,1.0,1.0,4.0,0.0,0.0
249,1.0,249.0,London_198,,151,453,1092.0,70.0,2.0,221970.0,0.5656935409642756,943.0,199.0,0.0,199.0,347.0,0.0,347.0,20.0,66.0,168.0,32.0,125.0,10.0,42.0,3.0,7.0,8.0,89.0,149.0,207.0,61.0,0.0,0.0,0.0,0.0,0.0,0.0,0.0,0.0,0.0,96.0,0.0,30.0,11.0,48.0,0.0,1.0,1.0,5.0,0.0,96.0,0.0,0.0,0.0,0.0,0.0,0.0,0.0,0.0,0.0,0.0,0.0,0.0,0.0,0.0,0.0,0.0,0.0,0.0,0.0,0.0,0.0,0.0,0.0,0.0,0.0,0.0,5.0,1.0,0.0,4.0,17.0,26.0,5.0,4.0,0.0,0.0,0.0,0.0,0.0,0.0,0.0,0.0,0.0,0.0,0.0,0.0,0.0,0.0,0.0,0.0,0.0,0.0,0.0,0.0,0.0,0.0,0.0,0.0,0.0,0.0,6.0,2.0,0.0,4.0,25.0,38.0,5.0,7.0
250,1.0,250.0,London_198,,151,453,1092.0,70.0,2.0,162627.0,0.49743416788987815,812.0,77.0,2.0,75.0,138.0,17.0,121.0,191.0,64.0,152.0,37.0,122.0,17.0,47.0,4.0,10.0,5.0,94.0,140.0,214.0,64.0,0.0,0.0,0.0,0.0,0.0,0.0,0.0,0.0,0.0,22.0,0.0,3.0,5.0,13.0,0.0,0.0,0.0,1.0,1.0,21.0,0.0,0.0,0.0,0.0,0.0,0.0,0.0,0.0,0.0,0.0,0.0,0.0,0.0,0.0,0.0,0.0,0.0,0.0,0.0,0.0,0.0,0.0,0.0,0.0,0.0,0.0,0.0,0.0,0.0,3.0,13.0,8.0,4.0,1.0,0.0,0.0,0.0,0.0,0.0,0.0,0.0,0.0,0.0,0.0,0.0,0.0,0.0,0.0,0.0,0.0,0.0,0.0,0.0,0.0,0.0,0.0,0.0,0.0,0.0,0.0,0.0,0.0,0.0,4.0,21.0,10.0,5.0,1.0
251,1.0,251.0,London_198,,151,453,1092.0,70.0,2.0,164439.0,0.5566259210463613,816.0,85.0,2.0,83.0,156.0,18.0,138.0,101.0,72.0,170.0,25.0,116.0,15.0,42.0,4.0,9.0,3.0,87.0,143.0,220.0,60.0,0.0,0.0,0.0,0.0,0.0,0.0,0.0,0.0,0.0,31.0,0.0,4.0,2.0,20.0,0.0,2.0,0.0,3.0,2.0,29.0,0.0,0.0,0.0,0.0,0.0,0.0,0.0,0.0,0.0,0.0,0.0,0.0,0.0,0.0,0.0,0.0,0.0,0.0,0.0,0.0,1.0,0.0,0.0,0.0,0.0,0.0,3.0,0.0,0.0,4.0,11.0,14.0,2.0,4.0,0.0,0.0,0.0,0.0,0.0,0.0,0.0,0.0,0.0,0.0,0.0,0.0,0.0,0.0,0.0,0.0,0.0,0.0,0.0,0.0,1.0,0.0,0.0,0.0,0.0,0.0,4.0,0.0,0.0,5.0,18.0,21.0,3.0,6.0
252,1.0,252.0,London_198,,151,453,1092.0,70.0,2.0,164439.0,0.5736717360559851,816.0,147.0,2.0,145.0,273.0,18.0,255.0,93.0,59.0,180.0,31.0,122.0,8.0,39.0,5.0,9.0,3.0,83.0,149.0,218.0,66.0,0.0,0.0,0.0,0.0,0.0,0.0,0.0,0.0,0.0,50.0,0.0,16.0,4.0,23.0,0.0,4.0,0.0,3.0,1.0,49.0,0.0,0.0,0.0,0.0,0.0,0.0,0.0,0.0,0.0,0.0,0.0,0.0,0.0,0.0,1.0,0.0,0.0,0.0,0.0,0.0,1.0,0.0,0.0,0.0,1.0,0.0,6.0,1.0,0.0,10.0,15.0,23.0,9.0,4.0,0.0,0.0,0.0,0.0,0.0,0.0,0.0,0.0,0.0,0.0,0.0,0.0,0.0,0.0,6.0,0.0,0.0,0.0,0.0,0.0,1.0,0.0,0.0,0.0,1.0,0.0,7.0,1.0,0.0,12.0,24.0,30.0,11.0,5.0
253,1.0,253.0,London_198,,151,453,1092.0,70.0,2.0,136353.0,1.046412403928116,754.0,27.0,0.0,27.0,54.0,0.0,54.0,181.0,59.0,167.0,31.0,133.0,8.0,42.0,5.0,8.0,10.0,87.0,140.0,216.0,67.0,0.0,0.0,0.0,0.0,0.0,0.0,0.0,0.0,0.0,6.0,0.0,0.0,0.0,6.0,0.0,0.0,0.0,0.0,0.0,6.0,0.0,0.0,0.0,0.0,0.0,0.0,0.0,0.0,0.0,0.0,0.0,0.0,0.0,0.0,0.0,0.0,0.0,0.0,0.0,0.0,0.0,1.0,0.0,0.0,0.0,0.0,2.0,1.0,1.0,2.0,5.0,3.0,3.0,1.0,0.0,0.0,0.0,0.0,0.0,0.0,0.0,0.0,0.0,0.0,0.0,0.0,0.0,0.0,0.0,0.0,0.0,0.0,0.0,0.0,0.0,1.0,0.0,0.0,0.0,0.0,3.0,2.0,3.0,3.0,7.0,5.0,3.0,1.0
254,1.0,254.0,London_198,,151,453,1092.0,70.0,2.0,165345.0,0.7370325068477541,818.0,132.0,1.0,131.0,230.0,11.0,219.0,39.0,55.0,170.0,32.0,130.0,9.0,44.0,4.0,9.0,9.0,86.0,141.0,217.0,64.0,0.0,0.0,0.0,0.0,0.0,0.0,0.0,0.0,0.0,33.0,0.0,11.0,3.0,16.0,0.0,1.0,1.0,1.0,1.0,32.0,0.0,0.0,0.0,0.0,0.0,0.0,0.0,0.0,0.0,0.0,0.0,0.0,0.0,0.0,0.0,0.0,0.0,0.0,0.0,0.0,1.0,0.0,0.0,0.0,1.0,0.0,3.0,4.0,0.0,2.0,20.0,25.0,10.0,2.0,0.0,0.0,0.0,0.0,0.0,0.0,0.0,0.0,0.0,0.0,0.0,0.0,0.0,0.0,0.0,0.0,0.0,0.0,0.0,0.0,1.0,0.0,0.0,0.0,1.0,0.0,5.0,4.0,0.0,3.0,25.0,35.0,10.0,4.0
255,1.0,255.0,London_198,,151,453,1092.0,70.0,2.0,142242.0,0.5614266060292721,767.0,66.0,1.0,65.0,119.0,10.0,109.0,165.0,57.0,174.0,36.0,128.0,11.0,34.0,3.0,10.0,6.0,87.0,152.0,208.0,61.0,0.0,0.0,0.0,0.0,0.0,0.0,0.0,0.0,0.0,17.0,0.0,0.0,0.0,11.0,1.0,3.0,1.0,1.0,1.0,16.0,0.0,0.0,0.0,0.0,0.0,0.0,0.0,0.0,0.0,0.0,0.0,0.0,0.0,1.0,0.0,0.0,0.0,0.0,0.0,0.0,0.0,6.0,0.0,1.0,0.0,1.0,1.0,0.0,0.0,0.0,13.0,8.0,2.0,1.0,0.0,0.0,0.0,0.0,0.0,0.0,0.0,0.0,0.0,0.0,0.0,0.0,0.0,1.0,0.0,0.0,0.0,0.0,0.0,0.0,0.0,7.0,0.0,1.0,0.0,1.0,1.0,0.0,0.0,0.0,21.0,10.0,2.0,2.0
256,1.0,256.0,London_198,,151,453,1092.0,70.0,2.0,151755.0,0.5359367372002453,788.0,49.0,0.0,49.0,86.0,0.0,86.0,85.0,54.0,156.0,37.0,143.0,9.0,41.0,3.0,10.0,8.0,78.0,151.0,216.0,57.0,0.0,0.0,0.0,0.0,0.0,0.0,0.0,0.0,0.0,13.0,0.0,4.0,0.0,8.0,0.0,1.0,0.0,0.0,0.0,13.0,0.0,0.0,0.0,0.0,0.0,0.0,0.0,0.0,0.0,0.0,0.0,0.0,0.0,0.0,0.0,0.0,0.0,0.0,0.0,0.0,0.0,1.0,0.0,0.0,0.0,0.0,1.0,1.0,0.0,2.0,8.0,10.0,1.0,3.0,0.0,0.0,0.0,0.0,0.0,0.0,0.0,0.0,0.0,0.0,0.0,0.0,0.0,0.0,0.0,0.0,0.0,0.0,0.0,0.0,0.0,1.0,0.0,0.0,0.0,0.0,1.0,1.0,0.0,3.0,14.0,15.0,2.0,5.0
257,1.0,257.0,London_198,,151,453,1092.0,70.0,2.0,174405.0,0.49079092987813056,838.0,97.0,0.0,97.0,178.0,0.0,178.0,66.0,49.0,158.0,42.0,145.0,9.0,39.0,0.0,11.0,8.0,76.0,140.0,229.0,64.0,0.0,0.0,0.0,0.0,0.0,0.0,0.0,0.0,0.0,30.0,0.0,9.0,3.0,15.0,0.0,1.0,0.0,2.0,0.0,30.0,0.0,0.0,0.0,0.0,0.0,0.0,0.0,0.0,0.0,0.0,0.0,0.0,0.0,0.0,0.0,0.0,0.0,0.0,0.0,0.0,0.0,1.0,1.0,0.0,1.0,0.0,0.0,0.0,0.0,1.0,15.0,9.0,2.0,2.0,0.0,0.0,0.0,0.0,0.0,0.0,0.0,0.0,0.0,0.0,0.0,0.0,0.0,0.0,0.0,0.0,0.0,0.0,0.0,0.0,0.0,1.0,1.0,0.0,1.0,0.0,0.0,0.0,0.0,2.0,24.0,17.0,3.0,2.0
258,1.0,258.0,London_198,,151,453,1092.0,70.0,2.0,165798.0,0.44178534112870693,819.0,63.0,2.0,61.0,117.0,19.0,98.0,126.0,57.0,144.0,46.0,146.0,9.0,39.0,1.0,11.0,10.0,55.0,177.0,211.0,56.0,0.0,0.0,0.0,0.0,0.0,0.0,0.0,0.0,0.0,25.0,0.0,7.0,0.0,15.0,0.0,3.0,0.0,0.0,2.0,23.0,0.0,0.0,0.0,0.0,0.0,0.0,0.0,0.0,0.0,0.0,0.0,0.0,0.0,1.0,0.0,0.0,0.0,0.0,0.0,0.0,0.0,0.0,0.0,0.0,2.0,2.0,1.0,1.0,0.0,2.0,11.0,13.0,4.0,2.0,0.0,0.0,0.0,0.0,0.0,0.0,0.0,0.0,0.0,0.0,0.0,0.0,0.0,5.0,0.0,0.0,0.0,0.0,0.0,0.0,0.0,0.0,0.0,0.0,2.0,2.0,1.0,1.0,0.0,2.0,13.0,19.0,4.0,3.0
259,1.0,259.0,London_198,,151,453,1092.0,70.0,2.0,179388.0,0.3944766269996762,849.0,146.0,1.0,145.0,250.0,10.0,240.0,71.0,63.0,151.0,41.0,143.0,10.0,33.0,2.0,10.0,12.0,53.0,171.0,217.0,60.0,0.0,0.0,0.0,0.0,0.0,0.0,0.0,0.0,0.0,44.0,0.0,17.0,6.0,15.0,0.0,4.0,0.0,2.0,0.0,44.0,0.0,0.0,0.0,0.0,0.0,0.0,0.0,0.0,0.0,0.0,0.0,0.0,0.0,0.0,0.0,0.0,0.0,0.0,0.0,0.0,1.0,1.0,0.0,0.0,2.0,1.0,2.0,0.0,0.0,5.0,24.0,26.0,10.0,5.0,0.0,0.0,0.0,0.0,0.0,0.0,0.0,0.0,0.0,0.0,0.0,0.0,0.0,0.0,0.0,0.0,0.0,0.0,0.0,0.0,2.0,1.0,0.0,0.0,2.0,2.0,2.0,0.0,0.0,5.0,33.0,34.0,15.0,5.0
260,1.0,260.0,London_198,,151,453,1092.0,70.0,2.0,149037.0,0.6288740891031921,782.0,103.0,0.0,103.0,175.0,0.0,175.0,187.0,59.0,158.0,41.0,141.0,14.0,23.0,3.0,14.0,9.0,75.0,162.0,207.0,57.0,0.0,0.0,0.0,0.0,0.0,0.0,0.0,0.0,0.0,29.0,0.0,4.0,3.0,19.0,0.0,2.0,0.0,1.0,0.0,29.0,0.0,0.0,0.0,0.0,0.0,0.0,0.0,0.0,0.0,0.0,0.0,0.0,0.0,0.0,0.0,0.0,0.0,0.0,0.0,0.0,3.0,1.0,0.0,0.0,1.0,0.0,1.0,3.0,1.0,3.0,9.0,12.0,6.0,2.0,0.0,0.0,0.0,0.0,0.0,0.0,0.0,0.0,0.0,0.0,0.0,0.0,0.0,0.0,0.0,0.0,0.0,0.0,0.0,0.0,3.0,1.0,0.0,0.0,1.0,0.0,1.0,5.0,1.0,4.0,15.0,22.0,8.0,2.0
261,1.0,261.0,London_198,,151,453,1092.0,70.0,2.0,142695.0,0.32899837009608746,768.0,87.0,0.0,87.0,151.0,0.0,151.0,132.0,70.0,151.0,42.0,133.0,8.0,34.0,4.0,11.0,10.0,68.0,151.0,224.0,49.0,0.0,0.0,0.0,0.0,0.0,0.0,0.0,0.0,0.0,9.0,0.0,4.0,0.0,5.0,0.0,0.0,0.0,0.0,0.0,9.0,0.0,0.0,0.0,0.0,0.0,0.0,0.0,0.0,0.0,0.0,0.0,0.0,0.0,0.0,0.0,0.0,0.0,0.0,0.0,0.0,0.0,1.0,1.0,0.0,0.0,0.0,2.0,0.0,2.0,2.0,17.0,21.0,11.0,4.0,0.0,0.0,0.0,0.0,0.0,0.0,0.0,0.0,0.0,0.0,0.0,0.0,0.0,0.0,0.0,0.0,0.0,0.0,0.0,0.0,0.0,1.0,1.0,0.0,0.0,0.0,3.0,0.0,2.0,2.0,25.0,31.0,16.0,5.0
262,1.0,262.0,London_198,,151,453,1092.0,70.0,2.0,139977.0,0.6983171128667891,762.0,95.0,1.0,94.0,164.0,11.0,153.0,138.0,70.0,171.0,34.0,112.0,8.0,38.0,2.0,18.0,9.0,72.0,136.0,236.0,50.0,0.0,0.0,0.0,0.0,0.0,0.0,0.0,0.0,0.0,16.0,0.0,2.0,3.0,11.0,0.0,0.0,0.0,0.0,1.0,15.0,0.0,0.0,0.0,0.0,0.0,0.0,0.0,0.0,0.0,0.0,0.0,0.0,0.0,0.0,1.0,0.0,0.0,0.0,0.0,0.0,1.0,1.0,0.0,0.0,1.0,0.0,3.0,9.0,2.0,3.0,11.0,15.0,5.0,7.0,0.0,0.0,0.0,0.0,0.0,0.0,0.0,0.0,0.0,0.0,0.0,0.0,0.0,0.0,2.0,0.0,0.0,0.0,0.0,0.0,1.0,2.0,0.0,0.0,1.0,0.0,3.0,14.0,2.0,5.0,20.0,22.0,5.0,12.0
263,1.0,263.0,London_198,,151,453,1092.0,70.0,2.0,130011.0,0.42378414887934923,740.0,130.0,0.0,130.0,222.0,0.0,222.0,137.0,61.0,176.0,39.0,120.0,6.0,35.0,1.0,15.0,10.0,72.0,147.0,224.0,45.0,0.0,0.0,0.0,0.0,0.0,0.0,0.0,0.0,0.0,19.0,0.0,4.0,0.0,15.0,0.0,0.0,0.0,0.0,0.0,19.0,0.0,0.0,0.0,0.0,0.0,0.0,0.0,0.0,0.0,0.0,0.0,0.0,0.0,0.0,0.0,0.0,0.0,0.0,0.0,0.0,1.0,1.0,0.0,0.0,1.0,0.0,2.0,8.0,2.0,9.0,22.0,19.0,11.0,3.0,0.0,0.0,0.0,0.0,0.0,0.0,0.0,0.0,0.0,0.0,0.0,0.0,0.0,0.0,0.0,0.0,0.0,0.0,0.0,0.0,1.0,1.0,0.0,0.0,1.0,0.0,2.0,17.0,2.0,12.0,33.0,20.0,15.0,5.0
264,1.0,264.0,London_198,,151,453,1092.0,70.0,2.0,96036.0,0.24888493097387254,665.0,10.0,2.0,8.0,32.0,19.0,13.0,195.0,69.0,171.0,29.0,119.0,11.0,42.0,2.0,10.0,11.0,75.0,138.0,229.0,52.0,0.0,0.0,0.0,0.0,0.0,0.0,0.0,0.0,0.0,0.0,0.0,0.0,0.0,0.0,0.0,0.0,0.0,0.0,0.0,0.0,0.0,0.0,0.0,0.0,0.0,0.0,0.0,0.0,0.0,1.0,0.0,0.0,1.0,1.0,0.0,1.0,0.0,0.0,0.0,0.0,0.0,0.0,1.0,0.0,0.0,0.0,0.0,0.0,0.0,1.0,1.0,2.0,0.0,1.0,0.0,0.0,0.0,0.0,0.0,0.0,0.0,0.0,0.0,1.0,0.0,0.0,6.0,6.0,0.0,4.0,0.0,0.0,0.0,0.0,0.0,0.0,1.0,0.0,0.0,0.0,0.0,0.0,0.0,1.0,1.0,3.0,0.0,1.0
265,1.0,265.0,London_198,,151,453,1092.0,70.0,2.0,135447.0,0.3643630100414157,752.0,30.0,2.0,28.0,65.0,19.0,46.0,32.0,71.0,168.0,32.0,125.0,7.0,37.0,2.0,11.0,9.0,75.0,131.0,238.0,49.0,0.0,0.0,0.0,0.0,0.0,0.0,0.0,0.0,0.0,5.0,0.0,1.0,0.0,4.0,0.0,0.0,0.0,0.0,1.0,4.0,0.0,0.0,0.0,0.0,0.0,0.0,0.0,0.0,0.0,0.0,0.0,0.0,0.0,0.0,1.0,0.0,0.0,0.0,0.0,0.0,1.0,1.0,0.0,0.0,0.0,0.0,3.0,2.0,0.0,3.0,2.0,8.0,1.0,4.0,0.0,0.0,0.0,0.0,0.0,0.0,0.0,0.0,0.0,0.0,0.0,0.0,0.0,0.0,3.0,0.0,0.0,0.0,0.0,0.0,1.0,1.0,0.0,0.0,0.0,0.0,5.0,3.0,0.0,3.0,3.0,12.0,1.0,4.0
266,1.0,266.0,London_198,,151,453,1092.0,70.0,2.0,159003.0,0.6396491001360118,804.0,74.0,1.0,73.0,136.0,10.0,126.0,53.0,73.0,169.0,32.0,120.0,5.0,39.0,2.0,13.0,9.0,73.0,134.0,237.0,53.0,0.0,0.0,0.0,0.0,0.0,0.0,0.0,0.0,0.0,21.0,0.0,3.0,2.0,13.0,0.0,1.0,1.0,1.0,1.0,20.0,0.0,0.0,0.0,0.0,0.0,0.0,0.0,0.0,0.0,0.0,0.0,0.0,0.0,1.0,0.0,0.0,0.0,0.0,0.0,0.0,1.0,0.0,0.0,0.0,1.0,0.0,3.0,5.0,2.0,4.0,13.0,13.0,3.0,1.0,0.0,0.0,0.0,0.0,0.0,0.0,0.0,0.0,0.0,0.0,0.0,0.0,0.0,6.0,0.0,0.0,0.0,0.0,0.0,0.0,1.0,0.0,0.0,0.0,1.0,0.0,4.0,6.0,2.0,6.0,19.0,20.0,3.0,1.0
267,1.0,267.0,London_198,,151,453,1092.0,70.0,2.0,155832.0,0.5339337498880923,797.0,105.0,0.0,105.0,188.0,0.0,188.0,109.0,70.0,169.0,28.0,131.0,5.0,35.0,2.0,13.0,8.0,74.0,133.0,238.0,58.0,0.0,0.0,0.0,0.0,0.0,0.0,0.0,0.0,0.0,29.0,0.0,9.0,5.0,11.0,1.0,0.0,0.0,3.0,0.0,29.0,0.0,0.0,0.0,0.0,0.0,0.0,0.0,0.0,0.0,0.0,0.0,0.0,0.0,0.0,0.0,0.0,0.0,0.0,0.0,0.0,0.0,0.0,1.0,0.0,0.0,0.0,6.0,4.0,1.0,2.0,11.0,14.0,7.0,5.0,0.0,0.0,0.0,0.0,0.0,0.0,0.0,0.0,0.0,0.0,0.0,0.0,0.0,0.0,0.0,0.0,0.0,0.0,0.0,0.0,0.0,0.0,1.0,0.0,0.0,0.0,7.0,5.0,1.0,3.0,16.0,19.0,9.0,8.0
268,1.0,268.0,London_198,,151,453,1092.0,70.0,2.0,137712.0,0.5134362580720335,757.0,86.0,0.0,86.0,143.0,0.0,143.0,141.0,76.0,161.0,22.0,131.0,8.0,37.0,3.0,15.0,10.0,75.0,137.0,231.0,49.0,0.0,0.0,0.0,0.0,0.0,0.0,0.0,0.0,0.0,19.0,0.0,1.0,3.0,11.0,0.0,2.0,0.0,2.0,0.0,19.0,0.0,0.0,0.0,0.0,0.0,0.0,0.0,0.0,0.0,0.0,0.0,0.0,0.0,0.0,0.0,0.0,0.0,0.0,0.0,0.0,2.0,3.0,0.0,0.0,1.0,0.0,7.0,2.0,1.0,3.0,13.0,16.0,5.0,1.0,0.0,0.0,0.0,0.0,0.0,0.0,0.0,0.0,0.0,0.0,0.0,0.0,0.0,0.0,0.0,0.0,0.0,0.0,0.0,0.0,2.0,5.0,0.0,0.0,1.0,0.0,7.0,2.0,1.0,4.0,22.0,24.0,5.0,1.0
269,1.0,269.0,London_198,,151,453,1092.0,70.0,2.0,127293.0,0.2745322610717267,734.0,54.0,0.0,54.0,94.0,0.0,94.0,120.0,76.0,169.0,24.0,123.0,11.0,29.0,3.0,18.0,11.0,78.0,135.0,229.0,47.0,0.0,0.0,0.0,0.0,0.0,0.0,0.0,0.0,0.0,3.0,0.0,0.0,0.0,2.0,0.0,0.0,0.0,1.0,0.0,3.0,0.0,0.0,0.0,0.0,0.0,0.0,0.0,0.0,0.0,0.0,0.0,0.0,0.0,0.0,0.0,0.0,0.0,0.0,0.0,0.0,0.0,3.0,0.0,0.0,1.0,0.0,3.0,3.0,0.0,2.0,5.0,15.0,4.0,1.0,0.0,0.0,0.0,0.0,0.0,0.0,0.0,0.0,0.0,0.0,0.0,0.0,0.0,0.0,0.0,0.0,0.0,0.0,0.0,0.0,0.0,4.0,0.0,0.0,1.0,0.0,4.0,8.0,0.0,3.0,9.0,25.0,4.0,1.0
270,1.0,270.0,London_198,,151,453,1092.0,70.0,2.0,144960.0,0.41130344895645976,773.0,60.0,1.0,59.0,116.0,10.0,106.0,88.0,76.0,171.0,22.0,125.0,13.0,28.0,3.0,15.0,12.0,78.0,137.0,226.0,52.0,0.0,0.0,0.0,0.0,0.0,0.0,0.0,0.0,0.0,13.0,0.0,1.0,1.0,10.0,0.0,1.0,0.0,0.0,0.0,13.0,0.0,0.0,0.0,0.0,0.0,0.0,0.0,0.0,0.0,0.0,0.0,0.0,0.0,0.0,1.0,0.0,0.0,0.0,0.0,0.0,0.0,2.0,0.0,0.0,1.0,0.0,2.0,1.0,0.0,3.0,6.0,14.0,2.0,0.0,0.0,0.0,0.0,0.0,0.0,0.0,0.0,0.0,0.0,0.0,0.0,0.0,0.0,0.0,7.0,0.0,0.0,0.0,0.0,0.0,0.0,3.0,0.0,0.0,1.0,0.0,3.0,1.0,0.0,3.0,9.0,20.0,2.0,0.0
271,1.0,271.0,London_198,,151,453,1092.0,70.0,2.0,154926.0,0.4400510380510241,795.0,154.0,2.0,152.0,287.0,19.0,268.0,95.0,70.0,168.0,26.0,125.0,14.0,32.0,3.0,15.0,9.0,84.0,140.0,220.0,55.0,0.0,0.0,0.0,0.0,0.0,0.0,0.0,0.0,0.0,38.0,0.0,2.0,6.0,24.0,1.0,1.0,1.0,3.0,2.0,36.0,0.0,0.0,0.0,0.0,0.0,0.0,0.0,0.0,0.0,0.0,0.0,0.0,0.0,0.0,0.0,0.0,0.0,0.0,0.0,0.0,1.0,3.0,1.0,1.0,3.0,0.0,4.0,4.0,3.0,2.0,22.0,24.0,8.0,9.0,0.0,0.0,0.0,0.0,0.0,0.0,0.0,0.0,0.0,0.0,0.0,0.0,0.0,0.0,0.0,0.0,0.0,0.0,0.0,0.0,1.0,4.0,1.0,2.0,4.0,0.0,5.0,4.0,3.0,3.0,34.0,33.0,9.0,12.0
272,1.0,272.0,London_198,,151,453,1092.0,70.0,2.0,119139.0,0.3128465609624982,716.0,43.0,2.0,41.0,92.0,18.0,74.0,219.0,73.0,160.0,23.0,122.0,21.0,41.0,0.0,13.0,8.0,83.0,150.0,212.0,49.0,0.0,0.0,0.0,0.0,0.0,0.0,0.0,0.0,0.0,2.0,0.0,0.0,0.0,1.0,0.0,1.0,0.0,0.0,1.0,1.0,0.0,0.0,0.0,0.0,0.0,0.0,0.0,0.0,0.0,0.0,0.0,0.0,0.0,0.0,0.0,0.0,0.0,0.0,0.0,0.0,2.0,3.0,0.0,3.0,3.0,0.0,2.0,1.0,0.0,8.0,9.0,12.0,5.0,1.0,0.0,0.0,0.0,0.0,0.0,0.0,0.0,0.0,0.0,0.0,0.0,0.0,0.0,0.0,0.0,0.0,0.0,0.0,0.0,0.0,2.0,3.0,0.0,5.0,3.0,0.0,3.0,2.0,0.0,13.0,14.0,16.0,6.0,1.0
273,1.0,273.0,London_198,,151,453,1092.0,70.0,2.0,139524.0,0.5939761640038341,761.0,52.0,0.0,52.0,101.0,0.0,101.0,82.0,73.0,153.0,28.0,122.0,18.0,45.0,1.0,13.0,9.0,79.0,142.0,223.0,49.0,0.0,0.0,0.0,0.0,0.0,0.0,0.0,0.0,0.0,10.0,0.0,1.0,0.0,9.0,0.0,0.0,0.0,0.0,0.0,10.0,0.0,0.0,0.0,0.0,0.0,0.0,0.0,0.0,0.0,0.0,0.0,0.0,0.0,0.0,0.0,0.0,0.0,0.0,0.0,0.0,0.0,1.0,0.0,0.0,1.0,0.0,3.0,1.0,0.0,4.0,6.0,9.0,6.0,3.0,0.0,0.0,0.0,0.0,0.0,0.0,0.0,0.0,0.0,0.0,0.0,0.0,0.0,0.0,0.0,0.0,0.0,0.0,0.0,0.0,0.0,1.0,0.0,0.0,1.0,0.0,3.0,1.0,0.0,5.0,9.0,17.0,6.0,3.0
274,1.0,274.0,London_198,,151,453,1092.0,70.0,2.0,154926.0,0.5330044720321894,795.0,40.0,0.0,40.0,70.0,0.0,70.0,86.0,66.0,166.0,29.0,130.0,13.0,34.0,1.0,14.0,10.0,69.0,149.0,225.0,50.0,0.0,0.0,0.0,0.0,0.0,0.0,0.0,0.0,0.0,12.0,0.0,3.0,0.0,7.0,0.0,0.0,0.0,2.0,0.0,12.0,0.0,0.0,0.0,0.0,0.0,0.0,0.0,0.0,0.0,0.0,0.0,0.0,0.0,0.0,0.0,0.0,0.0,0.0,0.0,0.0,0.0,0.0,0.0,0.0,0.0,0.0,0.0,2.0,0.0,1.0,4.0,7.0,1.0,0.0,0.0,0.0,0.0,0.0,0.0,0.0,0.0,0.0,0.0,0.0,0.0,0.0,0.0,0.0,0.0,0.0,0.0,0.0,0.0,0.0,0.0,0.0,0.0,0.0,0.0,0.0,0.0,3.0,0.0,1.0,5.0,10.0,1.0,0.0
275,1.0,275.0,London_198,,151,453,1092.0,70.0,2.0,184371.0,1.0769121970515698,860.0,53.0,2.0,51.0,109.0,16.0,93.0,51.0,70.0,159.0,30.0,127.0,14.0,37.0,1.0,15.0,11.0,74.0,143.0,225.0,51.0,0.0,0.0,0.0,0.0,0.0,0.0,0.0,0.0,0.0,19.0,0.0,8.0,0.0,9.0,0.0,1.0,0.0,1.0,2.0,17.0,0.0,0.0,0.0,0.0,0.0,0.0,0.0,0.0,0.0,0.0,0.0,0.0,0.0,0.0,1.0,0.0,0.0,0.0,0.0,0.0,0.0,0.0,0.0,0.0,0.0,0.0,1.0,0.0,0.0,0.0,13.0,7.0,1.0,0.0,0.0,0.0,0.0,0.0,0.0,0.0,0.0,0.0,0.0,0.0,0.0,0.0,0.0,0.0,5.0,0.0,0.0,0.0,0.0,0.0,0.0,0.0,0.0,0.0,0.0,0.0,1.0,0.0,0.0,0.0,21.0,9.0,1.0,0.0
276,1.0,276.0,London_198,,151,453,1092.0,70.0,2.0,212457.0,0.6432082958053797,922.0,149.0,1.0,148.0,255.0,9.0,246.0,72.0,63.0,162.0,36.0,129.0,13.0,37.0,1.0,12.0,10.0,80.0,136.0,227.0,47.0,0.0,0.0,0.0,0.0,0.0,0.0,0.0,0.0,0.0,70.0,0.0,23.0,2.0,37.0,0.0,4.0,0.0,4.0,1.0,69.0,0.0,0.0,0.0,0.0,0.0,0.0,0.0,0.0,0.0,0.0,0.0,0.0,0.0,0.0,0.0,0.0,0.0,0.0,0.0,0.0,0.0,0.0,0.0,0.0,0.0,0.0,1.0,2.0,1.0,3.0,24.0,18.0,4.0,3.0,0.0,0.0,0.0,0.0,0.0,0.0,0.0,0.0,0.0,0.0,0.0,0.0,0.0,0.0,0.0,0.0,0.0,0.0,0.0,0.0,0.0,0.0,0.0,0.0,0.0,0.0,1.0,2.0,1.0,3.0,32.0,22.0,6.0,3.0
277,1.0,277.0,London_198,,151,453,1092.0,70.0,2.0,187995.0,0.5508138509467244,868.0,86.0,0.0,86.0,151.0,0.0,151.0,132.0,65.0,159.0,37.0,126.0,16.0,37.0,0.0,13.0,10.0,61.0,133.0,249.0,56.0,0.0,0.0,0.0,0.0,0.0,0.0,0.0,0.0,0.0,34.0,0.0,13.0,1.0,15.0,0.0,3.0,0.0,2.0,0.0,34.0,0.0,0.0,0.0,0.0,0.0,0.0,0.0,0.0,0.0,0.0,0.0,0.0,0.0,0.0,0.0,0.0,0.0,0.0,0.0,0.0,1.0,0.0,0.0,0.0,0.0,0.0,2.0,1.0,0.0,2.0,13.0,17.0,4.0,2.0,0.0,0.0,0.0,0.0,0.0,0.0,0.0,0.0,0.0,0.0,0.0,0.0,0.0,0.0,0.0,0.0,0.0,0.0,0.0,0.0,1.0,0.0,0.0,0.0,0.0,0.0,3.0,2.0,0.0,2.0,16.0,24.0,4.0,4.0
278,1.0,278.0,London_198,,151,453,1092.0,70.0,2.0,190713.0,0.5348636519629508,874.0,116.0,2.0,114.0,210.0,18.0,192.0,87.0,64.0,158.0,33.0,129.0,16.0,39.0,1.0,13.0,6.0,60.0,136.0,251.0,51.0,0.0,0.0,0.0,0.0,0.0,0.0,0.0,0.0,0.0,41.0,0.0,9.0,5.0,21.0,0.0,4.0,0.0,2.0,2.0,39.0,0.0,0.0,0.0,0.0,0.0,0.0,0.0,0.0,0.0,0.0,0.0,0.0,0.0,0.0,0.0,0.0,0.0,0.0,0.0,0.0,0.0,0.0,0.0,0.0,1.0,0.0,1.0,1.0,0.0,1.0,16.0,23.0,4.0,0.0,0.0,0.0,0.0,0.0,0.0,0.0,0.0,0.0,0.0,0.0,0.0,0.0,0.0,0.0,0.0,0.0,0.0,0.0,0.0,0.0,0.0,0.0,0.0,0.0,1.0,0.0,1.0,1.0,0.0,1.0,22.0,32.0,4.0,0.0
279,1.0,279.0,London_198,,151,453,1092.0,70.0,2.0,173499.0,0.5863829972222447,836.0,82.0,2.0,80.0,164.0,18.0,146.0,136.0,64.0,143.0,37.0,138.0,15.0,44.0,2.0,10.0,6.0,54.0,156.0,237.0,46.0,0.0,0.0,0.0,0.0,0.0,0.0,0.0,0.0,0.0,27.0,0.0,4.0,3.0,16.0,1.0,1.0,0.0,2.0,2.0,25.0,0.0,0.0,0.0,0.0,0.0,0.0,0.0,0.0,0.0,0.0,0.0,0.0,0.0,0.0,1.0,0.0,0.0,0.0,0.0,0.0,0.0,0.0,0.0,0.0,0.0,0.0,4.0,1.0,0.0,1.0,9.0,12.0,7.0,2.0,0.0,0.0,0.0,0.0,0.0,0.0,0.0,0.0,0.0,0.0,0.0,0.0,0.0,0.0,1.0,0.0,0.0,0.0,0.0,0.0,0.0,0.0,0.0,0.0,0.0,0.0,4.0,2.0,0.0,1.0,10.0,15.0,8.0,3.0
280,1.0,280.0,London_198,,151,453,1092.0,70.0,2.0,173499.0,0.7336554969660938,836.0,92.0,0.0,92.0,163.0,0.0,163.0,104.0,64.0,149.0,38.0,144.0,12.0,35.0,2.0,9.0,7.0,63.0,152.0,231.0,50.0,0.0,0.0,0.0,0.0,0.0,0.0,0.0,0.0,0.0,30.0,0.0,3.0,0.0,20.0,0.0,4.0,1.0,2.0,0.0,30.0,0.0,0.0,0.0,0.0,0.0,0.0,0.0,0.0,0.0,0.0,0.0,0.0,0.0,0.0,0.0,0.0,0.0,0.0,0.0,0.0,0.0,0.0,0.0,0.0,0.0,0.0,3.0,3.0,0.0,2.0,12.0,16.0,5.0,4.0,0.0,0.0,0.0,0.0,0.0,0.0,0.0,0.0,0.0,0.0,0.0,0.0,0.0,0.0,0.0,0.0,0.0,0.0,0.0,0.0,0.0,0.0,0.0,0.0,0.0,0.0,3.0,4.0,0.0,2.0,19.0,21.0,7.0,5.0
281,1.0,281.0,London_198,,151,453,1092.0,70.0,2.0,168063.0,0.5661250459961593,824.0,165.0,0.0,165.0,278.0,0.0,278.0,117.0,68.0,158.0,32.0,132.0,15.0,34.0,3.0,11.0,9.0,74.0,134.0,236.0,48.0,0.0,0.0,0.0,0.0,0.0,0.0,0.0,0.0,0.0,49.0,0.0,8.0,5.0,30.0,0.0,4.0,0.0,2.0,0.0,49.0,0.0,0.0,0.0,0.0,0.0,0.0,0.0,0.0,0.0,0.0,0.0,0.0,0.0,0.0,0.0,0.0,0.0,0.0,0.0,0.0,1.0,1.0,0.0,0.0,1.0,1.0,7.0,5.0,2.0,4.0,21.0,22.0,19.0,5.0,0.0,0.0,0.0,0.0,0.0,0.0,0.0,0.0,0.0,0.0,0.0,0.0,0.0,0.0,0.0,0.0,0.0,0.0,0.0,0.0,1.0,2.0,0.0,0.0,1.0,2.0,8.0,7.0,4.0,7.0,30.0,30.0,23.0,7.0
282,1.0,282.0,London_198,,151,453,1092.0,70.0,2.0,121857.0,0.32944644894450903,722.0,56.0,2.0,54.0,110.0,17.0,93.0,203.0,76.0,173.0,27.0,113.0,18.0,34.0,4.0,8.0,12.0,79.0,152.0,210.0,56.0,0.0,0.0,0.0,0.0,0.0,0.0,0.0,0.0,0.0,6.0,0.0,0.0,0.0,3.0,0.0,2.0,0.0,1.0,2.0,4.0,0.0,0.0,0.0,0.0,0.0,0.0,0.0,0.0,0.0,0.0,0.0,0.0,0.0,0.0,0.0,0.0,0.0,0.0,0.0,0.0,0.0,1.0,0.0,0.0,0.0,0.0,5.0,6.0,0.0,5.0,10.0,11.0,12.0,3.0,0.0,0.0,0.0,0.0,0.0,0.0,0.0,0.0,0.0,0.0,0.0,0.0,0.0,0.0,0.0,0.0,0.0,0.0,0.0,0.0,0.0,1.0,0.0,0.0,0.0,0.0,6.0,8.0,0.0,5.0,11.0,15.0,15.0,4.0
283,1.0,283.0,London_198,,151,453,1092.0,70.0,2.0,125028.0,0.6547440059948713,729.0,84.0,0.0,84.0,151.0,0.0,151.0,87.0,80.0,175.0,23.0,116.0,14.0,33.0,3.0,9.0,13.0,72.0,165.0,203.0,60.0,0.0,0.0,0.0,0.0,0.0,0.0,0.0,0.0,0.0,11.0,0.0,0.0,0.0,9.0,0.0,0.0,0.0,2.0,0.0,11.0,0.0,0.0,0.0,0.0,0.0,0.0,0.0,0.0,0.0,0.0,0.0,0.0,0.0,0.0,0.0,0.0,0.0,0.0,0.0,0.0,0.0,2.0,1.0,0.0,1.0,0.0,7.0,2.0,1.0,5.0,14.0,16.0,10.0,4.0,0.0,0.0,0.0,0.0,0.0,0.0,0.0,0.0,0.0,0.0,0.0,0.0,0.0,0.0,0.0,0.0,0.0,0.0,0.0,0.0,0.0,3.0,1.0,0.0,1.0,0.0,10.0,3.0,1.0,9.0,19.0,24.0,12.0,5.0
284,1.0,284.0,London_198,,151,453,1092.0,70.0,2.0,124122.0,0.29424685100093484,727.0,27.0,2.0,25.0,63.0,20.0,43.0,129.0,81.0,176.0,23.0,110.0,11.0,39.0,4.0,9.0,15.0,61.0,172.0,205.0,56.0,0.0,0.0,0.0,0.0,0.0,0.0,0.0,0.0,0.0,3.0,0.0,0.0,0.0,3.0,0.0,0.0,0.0,0.0,0.0,3.0,0.0,0.0,0.0,0.0,0.0,0.0,0.0,0.0,0.0,0.0,0.0,0.0,0.0,0.0,2.0,1.0,0.0,0.0,0.0,0.0,0.0,0.0,0.0,1.0,1.0,0.0,0.0,3.0,0.0,2.0,6.0,7.0,6.0,0.0,0.0,0.0,0.0,0.0,0.0,0.0,0.0,0.0,0.0,0.0,0.0,0.0,0.0,0.0,15.0,1.0,0.0,0.0,0.0,0.0,0.0,0.0,0.0,2.0,1.0,0.0,0.0,3.0,0.0,3.0,7.0,9.0,7.0,0.0
285,1.0,285.0,London_198,,151,453,1092.0,70.0,2.0,154473.0,0.6500755718443543,794.0,72.0,2.0,70.0,131.0,15.0,116.0,59.0,73.0,179.0,24.0,117.0,13.0,36.0,3.0,8.0,13.0,66.0,162.0,212.0,55.0,0.0,0.0,0.0,0.0,0.0,0.0,0.0,0.0,0.0,18.0,0.0,1.0,1.0,13.0,0.0,0.0,0.0,3.0,2.0,16.0,0.0,0.0,0.0,0.0,0.0,0.0,0.0,0.0,0.0,0.0,0.0,0.0,0.0,0.0,0.0,0.0,0.0,0.0,0.0,0.0,0.0,4.0,2.0,2.0,0.0,0.0,2.0,5.0,0.0,5.0,9.0,10.0,6.0,2.0,0.0,0.0,0.0,0.0,0.0,0.0,0.0,0.0,0.0,0.0,0.0,0.0,0.0,0.0,0.0,0.0,0.0,0.0,0.0,0.0,0.0,6.0,2.0,2.0,0.0,0.0,2.0,7.0,0.0,7.0,16.0,12.0,11.0,3.0
286,1.0,286.0,London_198,,151,453,1092.0,70.0,2.0,161721.0,0.4687563441693783,810.0,94.0,1.0,93.0,165.0,9.0,156.0,93.0,66.0,166.0,32.0,129.0,11.0,37.0,3.0,9.0,11.0,60.0,173.0,209.0,49.0,0.0,0.0,0.0,0.0,0.0,0.0,0.0,0.0,0.0,22.0,0.0,2.0,3.0,10.0,0.0,3.0,0.0,4.0,1.0,21.0,0.0,0.0,0.0,0.0,0.0,0.0,0.0,0.0,0.0,0.0,0.0,0.0,0.0,0.0,0.0,0.0,0.0,0.0,0.0,0.0,2.0,0.0,2.0,1.0,0.0,0.0,4.0,2.0,1.0,1.0,10.0,16.0,6.0,6.0,0.0,0.0,0.0,0.0,0.0,0.0,0.0,0.0,0.0,0.0,0.0,0.0,0.0,0.0,0.0,0.0,0.0,0.0,0.0,0.0,3.0,0.0,3.0,2.0,0.0,0.0,5.0,2.0,1.0,1.0,13.0,23.0,7.0,7.0
287,1.0,287.0,London_198,,151,453,1092.0,70.0,2.0,164439.0,0.7509601530618966,816.0,112.0,1.0,111.0,201.0,8.0,193.0,121.0,68.0,172.0,24.0,129.0,12.0,35.0,2.0,11.0,8.0,55.0,173.0,217.0,51.0,0.0,0.0,0.0,0.0,0.0,0.0,0.0,0.0,0.0,35.0,0.0,3.0,3.0,18.0,0.0,4.0,0.0,7.0,1.0,34.0,0.0,0.0,0.0,0.0,0.0,0.0,0.0,0.0,0.0,0.0,0.0,0.0,0.0,0.0,1.0,0.0,0.0,0.0,0.0,0.0,1.0,0.0,0.0,0.0,3.0,0.0,1.0,3.0,1.0,1.0,14.0,18.0,8.0,4.0,0.0,0.0,0.0,0.0,0.0,0.0,0.0,0.0,0.0,0.0,0.0,0.0,0.0,0.0,7.0,0.0,0.0,0.0,0.0,0.0,1.0,0.0,0.0,0.0,4.0,0.0,1.0,3.0,2.0,1.0,17.0,24.0,8.0,5.0
288,1.0,288.0,London_198,,151,453,1092.0,70.0,2.0,146319.0,0.45170204783789814,776.0,46.0,0.0,46.0,73.0,0.0,73.0,142.0,65.0,165.0,26.0,143.0,12.0,30.0,2.0,10.0,11.0,62.0,170.0,210.0,54.0,0.0,0.0,0.0,0.0,0.0,0.0,0.0,0.0,0.0,10.0,0.0,1.0,2.0,6.0,0.0,1.0,0.0,0.0,0.0,10.0,0.0,0.0,0.0,0.0,0.0,0.0,0.0,0.0,0.0,0.0,0.0,0.0,0.0,0.0,0.0,0.0,0.0,0.0,0.0,0.0,0.0,0.0,0.0,0.0,0.0,0.0,0.0,1.0,0.0,0.0,5.0,8.0,7.0,1.0,0.0,0.0,0.0,0.0,0.0,0.0,0.0,0.0,0.0,0.0,0.0,0.0,0.0,0.0,0.0,0.0,0.0,0.0,0.0,0.0,0.0,0.0,0.0,0.0,0.0,0.0,0.0,1.0,0.0,0.0,7.0,13.0,8.0,1.0
289,1.0,289.0,London_198,,151,453,1092.0,70.0,2.0,148584.0,0.4515193731058389,781.0,113.0,2.0,111.0,201.0,19.0,182.0,56.0,66.0,168.0,30.0,132.0,12.0,33.0,2.0,10.0,11.0,62.0,179.0,201.0,56.0,0.0,0.0,0.0,0.0,0.0,0.0,0.0,0.0,0.0,30.0,0.0,9.0,1.0,15.0,1.0,0.0,2.0,2.0,2.0,28.0,0.0,0.0,0.0,0.0,0.0,0.0,0.0,0.0,0.0,0.0,0.0,0.0,0.0,0.0,1.0,0.0,0.0,0.0,0.0,0.0,0.0,0.0,1.0,0.0,0.0,0.0,0.0,0.0,0.0,5.0,17.0,21.0,8.0,5.0,0.0,0.0,0.0,0.0,0.0,0.0,0.0,0.0,0.0,0.0,0.0,0.0,0.0,0.0,1.0,0.0,0.0,0.0,0.0,0.0,0.0,0.0,1.0,0.0,0.0,0.0,0.0,0.0,0.0,7.0,28.0,29.0,11.0,5.0
290,1.0,290.0,London_198,,151,453,1092.0,70.0,2.0,112344.0,0.294767095008865,701.0,117.0,0.0,117.0,212.0,0.0,212.0,141.0,62.0,172.0,28.0,134.0,11.0,32.0,1.0,13.0,10.0,74.0,180.0,189.0,53.0,0.0,0.0,0.0,0.0,0.0,0.0,0.0,0.0,0.0,5.0,0.0,0.0,0.0,0.0,0.0,3.0,0.0,2.0,0.0,5.0,0.0,0.0,0.0,0.0,0.0,0.0,0.0,0.0,0.0,0.0,0.0,0.0,0.0,0.0,0.0,0.0,0.0,0.0,0.0,0.0,2.0,0.0,0.0,0.0,1.0,1.0,8.0,6.0,4.0,3.0,27.0,31.0,14.0,9.0,0.0,0.0,0.0,0.0,0.0,0.0,0.0,0.0,0.0,0.0,0.0,0.0,0.0,0.0,0.0,0.0,0.0,0.0,0.0,0.0,3.0,0.0,0.0,0.0,1.0,1.0,8.0,7.0,6.0,3.0,38.0,45.0,18.0,16.0
291,1.0,291.0,London_198,,151,453,1092.0,70.0,2.0,70215.0,0.16910099191591144,608.0,56.0,0.0,56.0,109.0,0.0,109.0,203.0,69.0,171.0,35.0,137.0,10.0,20.0,1.0,10.0,7.0,74.0,172.0,200.0,63.0,0.0,0.0,0.0,0.0,0.0,0.0,0.0,0.0,0.0,0.0,0.0,0.0,0.0,0.0,0.0,0.0,0.0,0.0,0.0,0.0,0.0,0.0,0.0,0.0,0.0,0.0,0.0,0.0,0.0,0.0,0.0,0.0,0.0,0.0,0.0,0.0,0.0,0.0,0.0,0.0,0.0,1.0,0.0,0.0,2.0,1.0,9.0,4.0,2.0,3.0,9.0,17.0,1.0,4.0,0.0,0.0,0.0,0.0,0.0,0.0,0.0,0.0,0.0,0.0,0.0,0.0,0.0,0.0,0.0,0.0,0.0,0.0,0.0,0.0,0.0,1.0,0.0,0.0,2.0,4.0,18.0,4.0,3.0,3.0,13.0,25.0,1.0,8.0
292,1.0,292.0,London_198,,151,453,1092.0,70.0,2.0,74292.0,0.181337954942137,617.0,32.0,2.0,30.0,77.0,17.0,60.0,109.0,72.0,179.0,31.0,124.0,10.0,25.0,0.0,12.0,8.0,60.0,174.0,211.0,65.0,0.0,0.0,0.0,0.0,0.0,0.0,0.0,0.0,0.0,0.0,0.0,0.0,0.0,0.0,0.0,0.0,0.0,0.0,0.0,0.0,0.0,0.0,0.0,0.0,0.0,0.0,0.0,0.0,0.0,0.0,0.0,0.0,1.0,1.0,0.0,1.0,0.0,0.0,0.0,0.0,1.0,0.0,2.0,0.0,1.0,0.0,4.0,1.0,4.0,1.0,8.0,9.0,10.0,1.0,0.0,0.0,0.0,0.0,0.0,0.0,0.0,0.0,0.0,0.0,0.0,0.0,5.0,3.0,0.0,2.0,0.0,0.0,0.0,0.0,2.0,0.0,3.0,0.0,1.0,0.0,5.0,2.0,9.0,1.0,16.0,13.0,12.0,2.0
293,1.0,293.0,London_198,,151,453,1092.0,70.0,2.0,105549.0,0.5013390320818871,686.0,95.0,2.0,93.0,189.0,18.0,171.0,77.0,83.0,186.0,18.0,133.0,6.0,19.0,0.0,8.0,8.0,58.0,175.0,212.0,64.0,0.0,0.0,0.0,0.0,0.0,0.0,0.0,0.0,0.0,4.0,0.0,0.0,0.0,0.0,0.0,2.0,0.0,2.0,1.0,3.0,0.0,0.0,0.0,0.0,0.0,0.0,0.0,0.0,0.0,0.0,0.0,0.0,0.0,0.0,0.0,0.0,0.0,0.0,0.0,0.0,1.0,5.0,0.0,0.0,4.0,1.0,9.0,13.0,8.0,8.0,23.0,22.0,17.0,3.0,0.0,0.0,0.0,0.0,0.0,0.0,0.0,0.0,0.0,0.0,0.0,0.0,0.0,0.0,0.0,0.0,0.0,0.0,0.0,0.0,1.0,6.0,0.0,0.0,4.0,1.0,10.0,18.0,9.0,14.0,35.0,32.0,23.0,5.0
294,1.0,294.0,London_198,,151,453,1092.0,70.0,2.0,98301.0,0.2687075410503894,670.0,2.0,2.0,0.0,18.0,18.0,0.0,184.0,82.0,175.0,21.0,133.0,8.0,26.0,2.0,6.0,11.0,46.0,162.0,234.0,57.0,0.0,0.0,0.0,0.0,0.0,0.0,0.0,0.0,0.0,0.0,0.0,0.0,0.0,0.0,0.0,0.0,0.0,0.0,0.0,0.0,0.0,0.0,0.0,0.0,0.0,0.0,0.0,0.0,0.0,0.0,0.0,0.0,0.0,0.0,1.0,0.0,0.0,0.0,0.0,0.0,0.0,0.0,0.0,0.0,0.0,0.0,0.0,0.0,0.0,0.0,0.0,0.0,0.0,0.0,0.0,0.0,0.0,0.0,0.0,0.0,0.0,0.0,0.0,0.0,0.0,0.0,0.0,0.0,5.0,0.0,0.0,0.0,0.0,0.0,0.0,0.0,0.0,0.0,0.0,0.0,0.0,0.0,0.0,0.0,0.0,0.0,0.0,0.0
295,1.0,295.0,London_198,,151,453,1092.0,70.0,2.0,146772.0,0.5386566841043532,777.0,7.0,0.0,7.0,14.0,0.0,14.0,18.0,84.0,173.0,21.0,132.0,8.0,26.0,2.0,7.0,7.0,50.0,152.0,244.0,47.0,0.0,0.0,0.0,0.0,0.0,0.0,0.0,0.0,0.0,3.0,0.0,0.0,1.0,1.0,0.0,1.0,0.0,0.0,0.0,3.0,0.0,0.0,0.0,0.0,0.0,0.0,0.0,0.0,0.0,0.0,0.0,0.0,0.0,0.0,0.0,0.0,0.0,0.0,0.0,0.0,0.0,0.0,0.0,0.0,0.0,0.0,0.0,0.0,0.0,0.0,2.0,1.0,1.0,1.0,0.0,0.0,0.0,0.0,0.0,0.0,0.0,0.0,0.0,0.0,0.0,0.0,0.0,0.0,0.0,0.0,0.0,0.0,0.0,0.0,0.0,0.0,0.0,0.0,0.0,0.0,0.0,0.0,0.0,0.0,3.0,1.0,1.0,1.0
296,1.0,296.0,London_198,,151,453,1092.0,70.0,2.0,187995.0,0.8033586640376598,868.0,1.0,1.0,0.0,11.0,11.0,0.0,10.0,84.0,172.0,21.0,132.0,9.0,26.0,2.0,7.0,7.0,50.0,152.0,244.0,45.0,0.0,0.0,0.0,0.0,0.0,0.0,0.0,0.0,0.0,1.0,0.0,0.0,0.0,1.0,0.0,0.0,0.0,0.0,1.0,0.0,0.0,0.0,0.0,0.0,0.0,0.0,0.0,0.0,0.0,0.0,0.0,0.0,0.0,0.0,1.0,0.0,0.0,0.0,0.0,0.0,0.0,0.0,0.0,0.0,0.0,0.0,0.0,0.0,0.0,0.0,0.0,0.0,0.0,0.0,0.0,0.0,0.0,0.0,0.0,0.0,0.0,0.0,0.0,0.0,0.0,0.0,0.0,0.0,1.0,0.0,0.0,0.0,0.0,0.0,0.0,0.0,0.0,0.0,0.0,0.0,0.0,0.0,0.0,0.0,0.0,0.0,0.0,0.0
297,1.0,297.0,London_198,,151,453,1092.0,70.0,2.0,230124.0,0.580958073027432,961.0,77.0,1.0,76.0,141.0,10.0,131.0,1.0,84.0,172.0,21.0,132.0,9.0,26.0,2.0,7.0,6.0,50.0,152.0,245.0,44.0,0.0,0.0,0.0,0.0,0.0,0.0,0.0,0.0,0.0,50.0,0.0,13.0,6.0,23.0,1.0,1.0,0.0,6.0,1.0,49.0,0.0,0.0,0.0,0.0,0.0,0.0,0.0,0.0,0.0,0.0,0.0,0.0,0.0,1.0,0.0,0.0,0.0,0.0,0.0,0.0,0.0,0.0,1.0,1.0,0.0,0.0,1.0,0.0,0.0,2.0,9.0,9.0,5.0,0.0,0.0,0.0,0.0,0.0,0.0,0.0,0.0,0.0,0.0,0.0,0.0,0.0,0.0,3.0,0.0,0.0,0.0,0.0,0.0,0.0,0.0,0.0,2.0,1.0,0.0,0.0,1.0,0.0,0.0,2.0,13.0,12.0,7.0,0.0
298,1.0,298.0,London_198,,151,453,1092.0,70.0,2.0,246432.0,0.651746479794383,997.0,222.0,0.0,222.0,386.0,0.0,386.0,57.0,84.0,175.0,19.0,128.0,8.0,30.0,3.0,6.0,3.0,52.0,154.0,244.0,42.0,0.0,0.0,0.0,0.0,0.0,0.0,0.0,0.0,0.0,110.0,0.0,48.0,13.0,32.0,1.0,9.0,1.0,6.0,0.0,110.0,0.0,0.0,0.0,0.0,0.0,0.0,0.0,0.0,0.0,0.0,0.0,0.0,0.0,0.0,0.0,0.0,0.0,0.0,0.0,0.0,1.0,0.0,0.0,0.0,0.0,0.0,3.0,1.0,1.0,5.0,19.0,19.0,6.0,2.0,0.0,0.0,0.0,0.0,0.0,0.0,0.0,0.0,0.0,0.0,0.0,0.0,0.0,0.0,0.0,0.0,0.0,0.0,0.0,0.0,1.0,0.0,0.0,0.0,0.0,0.0,6.0,1.0,1.0,7.0,25.0,24.0,6.0,3.0
299,1.0,299.0,London_198,,151,453,1092.0,70.0,2.0,185730.0,0.6250925839412957,863.0,234.0,0.0,234.0,415.0,0.0,415.0,192.0,86.0,178.0,21.0,118.0,11.0,30.0,4.0,5.0,4.0,61.0,151.0,237.0,45.0,0.0,0.0,0.0,0.0,0.0,0.0,0.0,0.0,0.0,90.0,0.0,20.0,13.0,41.0,0.0,7.0,1.0,8.0,0.0,90.0,0.0,0.0,0.0,0.0,0.0,0.0,0.0,0.0,0.0,0.0,0.0,0.0,0.0,0.0,0.0,0.0,0.0,0.0,0.0,0.0,1.0,2.0,2.0,0.0,0.0,0.0,5.0,7.0,0.0,3.0,29.0,38.0,15.0,3.0,0.0,0.0,0.0,0.0,0.0,0.0,0.0,0.0,0.0,0.0,0.0,0.0,0.0,0.0,0.0,0.0,0.0,0.0,0.0,0.0,1.0,3.0,2.0,0.0,0.0,0.0,5.0,10.0,0.0,3.0,45.0,49.0,17.0,4.0
300,1.0,300.0,London_198,,151,453,1092.0,70.0,2.0,111438.0,0.5901683049742132,699.0,36.0,2.0,34.0,72.0,19.0,53.0,265.0,75.0,188.0,28.0,120.0,8.0,27.0,3.0,4.0,8.0,65.0,157.0,223.0,56.0,0.0,0.0,0.0,0.0,0.0,0.0,0.0,0.0,0.0,4.0,0.0,0.0,0.0,0.0,0.0,3.0,0.0,1.0,2.0,2.0,0.0,0.0,0.0,0.0,0.0,0.0,0.0,0.0,0.0,0.0,0.0,0.0,0.0,0.0,0.0,0.0,0.0,0.0,0.0,0.0,0.0,1.0,1.0,0.0,0.0,0.0,2.0,2.0,2.0,0.0,5.0,4.0,1.0,3.0,0.0,0.0,0.0,0.0,0.0,0.0,0.0,0.0,0.0,0.0,0.0,0.0,0.0,0.0,0.0,0.0,0.0,0.0,0.0,0.0,0.0,2.0,1.0,0.0,0.0,0.0,3.0,3.0,2.0,0.0,7.0,4.0,1.0,5.0
301,1.0,301.0,London_198,,151,453,1092.0,70.0,2.0,135447.0,0.3917106019798666,752.0,85.0,1.0,84.0,167.0,10.0,157.0,51.0,73.0,176.0,30.0,135.0,9.0,24.0,3.0,3.0,7.0,70.0,161.0,215.0,54.0,0.0,0.0,0.0,0.0,0.0,0.0,0.0,0.0,0.0,21.0,0.0,0.0,1.0,11.0,0.0,7.0,1.0,1.0,0.0,21.0,0.0,0.0,0.0,0.0,0.0,0.0,0.0,0.0,0.0,0.0,0.0,0.0,0.0,0.0,0.0,0.0,0.0,0.0,0.0,0.0,2.0,3.0,0.0,0.0,0.0,0.0,7.0,4.0,1.0,7.0,15.0,15.0,7.0,3.0,0.0,0.0,0.0,0.0,0.0,0.0,0.0,0.0,0.0,0.0,0.0,0.0,0.0,0.0,0.0,0.0,0.0,0.0,0.0,0.0,2.0,4.0,0.0,0.0,0.0,0.0,11.0,4.0,2.0,9.0,24.0,22.0,8.0,6.0
302,1.0,302.0,London_198,,151,453,1092.0,70.0,2.0,137712.0,0.3790183481760323,757.0,68.0,0.0,68.0,131.0,0.0,131.0,131.0,62.0,172.0,25.0,146.0,11.0,30.0,4.0,3.0,7.0,60.0,173.0,213.0,49.0,0.0,0.0,0.0,0.0,0.0,0.0,0.0,0.0,0.0,15.0,0.0,1.0,1.0,9.0,0.0,2.0,0.0,2.0,0.0,15.0,0.0,0.0,0.0,0.0,0.0,0.0,0.0,0.0,0.0,0.0,0.0,0.0,0.0,0.0,0.0,0.0,0.0,0.0,0.0,0.0,2.0,0.0,0.0,1.0,0.0,0.0,2.0,2.0,0.0,0.0,13.0,12.0,9.0,1.0,0.0,0.0,0.0,0.0,0.0,0.0,0.0,0.0,0.0,0.0,0.0,0.0,0.0,0.0,0.0,0.0,0.0,0.0,0.0,0.0,3.0,0.0,0.0,1.0,0.0,0.0,2.0,2.0,0.0,0.0,23.0,20.0,15.0,1.0
303,1.0,303.0,London_198,,151,453,1092.0,70.0,2.0,148131.0,0.4649191969074309,780.0,17.0,0.0,17.0,28.0,0.0,28.0,103.0,57.0,170.0,31.0,141.0,15.0,33.0,3.0,3.0,8.0,72.0,167.0,206.0,56.0,0.0,0.0,0.0,0.0,0.0,0.0,0.0,0.0,0.0,3.0,0.0,1.0,0.0,1.0,0.0,1.0,0.0,0.0,0.0,3.0,0.0,0.0,0.0,0.0,0.0,0.0,0.0,0.0,0.0,0.0,0.0,0.0,0.0,0.0,0.0,0.0,0.0,0.0,0.0,0.0,0.0,0.0,0.0,0.0,0.0,0.0,0.0,2.0,0.0,0.0,2.0,1.0,0.0,0.0,0.0,0.0,0.0,0.0,0.0,0.0,0.0,0.0,0.0,0.0,0.0,0.0,0.0,0.0,0.0,0.0,0.0,0.0,0.0,0.0,0.0,0.0,0.0,0.0,0.0,0.0,0.0,2.0,0.0,0.0,3.0,1.0,0.0,0.0
304,1.0,304.0,London_198,,151,453,1092.0,70.0,2.0,179841.0,0.3927524690516293,850.0,92.0,1.0,91.0,171.0,11.0,160.0,23.0,62.0,173.0,29.0,141.0,12.0,29.0,3.0,4.0,8.0,75.0,165.0,205.0,56.0,0.0,0.0,0.0,0.0,0.0,0.0,0.0,0.0,0.0,34.0,0.0,8.0,3.0,17.0,0.0,2.0,0.0,4.0,1.0,33.0,0.0,0.0,0.0,0.0,0.0,0.0,0.0,0.0,0.0,0.0,0.0,0.0,0.0,0.0,1.0,0.0,0.0,0.0,0.0,0.0,0.0,0.0,0.0,0.0,0.0,0.0,0.0,0.0,0.0,2.0,21.0,13.0,2.0,0.0,0.0,0.0,0.0,0.0,0.0,0.0,0.0,0.0,0.0,0.0,0.0,0.0,0.0,0.0,1.0,0.0,0.0,0.0,0.0,0.0,0.0,0.0,0.0,0.0,0.0,0.0,0.0,0.0,0.0,2.0,28.0,22.0,3.0,0.0
305,1.0,305.0,London_198,,151,453,1092.0,70.0,2.0,181653.0,0.5742901659104973,854.0,75.0,0.0,75.0,133.0,0.0,133.0,108.0,66.0,166.0,25.0,142.0,14.0,32.0,2.0,6.0,7.0,77.0,160.0,209.0,49.0,0.0,0.0,0.0,0.0,0.0,0.0,0.0,0.0,0.0,30.0,0.0,8.0,1.0,15.0,1.0,2.0,0.0,3.0,0.0,30.0,0.0,0.0,0.0,0.0,0.0,0.0,0.0,0.0,0.0,0.0,0.0,0.0,0.0,0.0,0.0,0.0,0.0,0.0,0.0,0.0,0.0,0.0,0.0,0.0,0.0,0.0,0.0,0.0,0.0,0.0,8.0,14.0,3.0,1.0,0.0,0.0,0.0,0.0,0.0,0.0,0.0,0.0,0.0,0.0,0.0,0.0,0.0,0.0,0.0,0.0,0.0,0.0,0.0,0.0,0.0,0.0,0.0,0.0,0.0,0.0,0.0,0.0,0.0,0.0,13.0,22.0,3.0,2.0
306,1.0,306.0,London_198,,151,453,1092.0,70.0,2.0,180294.0,0.5442812880501151,851.0,147.0,2.0,145.0,272.0,19.0,253.0,84.0,64.0,171.0,22.0,146.0,12.0,31.0,2.0,5.0,7.0,79.0,163.0,204.0,44.0,0.0,0.0,0.0,0.0,0.0,0.0,0.0,0.0,0.0,58.0,0.0,24.0,5.0,24.0,0.0,2.0,1.0,2.0,2.0,56.0,0.0,0.0,0.0,0.0,0.0,0.0,0.0,0.0,0.0,0.0,0.0,0.0,0.0,1.0,0.0,0.0,0.0,0.0,0.0,0.0,0.0,0.0,0.0,1.0,0.0,0.0,2.0,2.0,1.0,1.0,18.0,21.0,4.0,4.0,0.0,0.0,0.0,0.0,0.0,0.0,0.0,0.0,0.0,0.0,0.0,0.0,0.0,4.0,0.0,0.0,0.0,0.0,0.0,0.0,0.0,0.0,0.0,1.0,0.0,0.0,2.0,3.0,2.0,1.0,24.0,30.0,4.0,6.0
307,1.0,307.0,London_198,,151,453,1092.0,70.0,2.0,149037.0,0.3412583260796964,782.0,81.0,2.0,79.0,157.0,19.0,138.0,175.0,72.0,159.0,32.0,131.0,10.0,42.0,2.0,5.0,4.0,73.0,169.0,207.0,53.0,0.0,0.0,0.0,0.0,0.0,0.0,0.0,0.0,0.0,23.0,0.0,11.0,2.0,8.0,0.0,0.0,1.0,1.0,2.0,21.0,0.0,0.0,0.0,0.0,0.0,0.0,0.0,0.0,0.0,0.0,0.0,0.0,0.0,0.0,0.0,0.0,0.0,0.0,0.0,0.0,3.0,0.0,0.0,0.0,0.0,0.0,2.0,1.0,0.0,4.0,11.0,9.0,11.0,3.0,0.0,0.0,0.0,0.0,0.0,0.0,0.0,0.0,0.0,0.0,0.0,0.0,0.0,0.0,0.0,0.0,0.0,0.0,0.0,0.0,3.0,0.0,0.0,0.0,0.0,0.0,4.0,1.0,0.0,4.0,15.0,13.0,15.0,5.0
308,1.0,308.0,London_198,,151,453,1092.0,70.0,2.0,152208.0,0.6464060849975795,789.0,131.0,1.0,130.0,234.0,10.0,224.0,104.0,71.0,160.0,31.0,135.0,11.0,41.0,1.0,3.0,5.0,72.0,181.0,195.0,57.0,0.0,0.0,0.0,0.0,0.0,0.0,0.0,0.0,0.0,40.0,0.0,11.0,3.0,18.0,0.0,5.0,1.0,2.0,0.0,40.0,0.0,0.0,0.0,0.0,0.0,0.0,0.0,0.0,0.0,0.0,0.0,0.0,0.0,1.0,0.0,0.0,0.0,0.0,0.0,0.0,0.0,0.0,0.0,0.0,0.0,0.0,2.0,1.0,1.0,4.0,15.0,21.0,11.0,7.0,0.0,0.0,0.0,0.0,0.0,0.0,0.0,0.0,0.0,0.0,0.0,0.0,0.0,7.0,0.0,0.0,0.0,0.0,0.0,0.0,0.0,0.0,0.0,0.0,0.0,0.0,2.0,1.0,1.0,5.0,24.0,33.0,11.0,11.0
309,1.0,309.0,London_198,,151,453,1092.0,70.0,2.0,129105.0,0.47386173089034855,738.0,83.0,0.0,83.0,149.0,0.0,149.0,172.0,63.0,170.0,37.0,123.0,11.0,41.0,2.0,6.0,6.0,79.0,162.0,206.0,55.0,0.0,0.0,0.0,0.0,0.0,0.0,0.0,0.0,0.0,15.0,0.0,2.0,0.0,10.0,0.0,0.0,0.0,3.0,0.0,15.0,0.0,0.0,0.0,0.0,0.0,0.0,0.0,0.0,0.0,0.0,0.0,0.0,0.0,0.0,0.0,0.0,0.0,0.0,0.0,0.0,0.0,0.0,0.0,0.0,3.0,0.0,1.0,4.0,1.0,2.0,14.0,18.0,9.0,0.0,0.0,0.0,0.0,0.0,0.0,0.0,0.0,0.0,0.0,0.0,0.0,0.0,0.0,0.0,0.0,0.0,0.0,0.0,0.0,0.0,0.0,0.0,0.0,0.0,3.0,0.0,1.0,6.0,1.0,2.0,17.0,30.0,9.0,0.0
310,1.0,310.0,London_198,,151,453,1092.0,70.0,2.0,122310.0,0.27931967400945723,723.0,108.0,0.0,108.0,184.0,0.0,184.0,124.0,66.0,158.0,29.0,141.0,7.0,43.0,3.0,6.0,9.0,82.0,153.0,209.0,64.0,0.0,0.0,0.0,0.0,0.0,0.0,0.0,0.0,0.0,13.0,0.0,0.0,1.0,10.0,0.0,1.0,1.0,0.0,0.0,13.0,0.0,0.0,0.0,0.0,0.0,0.0,0.0,0.0,0.0,0.0,0.0,0.0,0.0,0.0,0.0,0.0,0.0,0.0,0.0,0.0,0.0,4.0,0.0,1.0,9.0,0.0,4.0,4.0,1.0,7.0,19.0,22.0,14.0,2.0,0.0,0.0,0.0,0.0,0.0,0.0,0.0,0.0,0.0,0.0,0.0,0.0,0.0,0.0,0.0,0.0,0.0,0.0,0.0,0.0,0.0,5.0,0.0,1.0,10.0,0.0,4.0,6.0,1.0,7.0,30.0,32.0,14.0,3.0
311,1.0,311.0,London_198,,151,453,1092.0,70.0,2.0,104190.0,0.2471118860412389,683.0,0.0,0.0,0.0,0.0,0.0,0.0,166.0,62.0,160.0,38.0,129.0,10.0,46.0,3.0,5.0,6.0,80.0,158.0,209.0,62.0,0.0,0.0,0.0,0.0,0.0,0.0,0.0,0.0,0.0,0.0,0.0,0.0,0.0,0.0,0.0,0.0,0.0,0.0,0.0,0.0,0.0,0.0,0.0,0.0,0.0,0.0,0.0,0.0,0.0,0.0,0.0,0.0,0.0,0.0,0.0,0.0,0.0,0.0,0.0,0.0,0.0,0.0,0.0,0.0,0.0,0.0,0.0,0.0,0.0,0.0,0.0,0.0,0.0,0.0,0.0,0.0,0.0,0.0,0.0,0.0,0.0,0.0,0.0,0.0,0.0,0.0,0.0,0.0,0.0,0.0,0.0,0.0,0.0,0.0,0.0,0.0,0.0,0.0,0.0,0.0,0.0,0.0,0.0,0.0,0.0,0.0,0.0,0.0
312,1.0,312.0,London_198,,151,453,1092.0,70.0,2.0,135900.0,0.3094134679995477,753.0,25.0,1.0,24.0,48.0,10.0,38.0,0.0,62.0,160.0,38.0,129.0,10.0,46.0,3.0,5.0,6.0,80.0,158.0,209.0,62.0,0.0,0.0,0.0,0.0,0.0,0.0,0.0,0.0,0.0,3.0,0.0,1.0,0.0,2.0,0.0,0.0,0.0,0.0,1.0,2.0,0.0,0.0,0.0,0.0,0.0,0.0,0.0,0.0,0.0,0.0,0.0,0.0,0.0,0.0,1.0,0.0,0.0,0.0,0.0,0.0,1.0,0.0,0.0,0.0,0.0,0.0,0.0,0.0,0.0,4.0,7.0,2.0,1.0,0.0,0.0,0.0,0.0,0.0,0.0,0.0,0.0,0.0,0.0,0.0,0.0,0.0,0.0,0.0,4.0,0.0,0.0,0.0,0.0,0.0,1.0,0.0,0.0,0.0,0.0,0.0,0.0,0.0,0.0,5.0,13.0,2.0,2.0,0.0
313,1.0,313.0,London_198,,151,453,1092.0,70.0,2.0,164892.0,0.6013275249861181,817.0,95.0,2.0,93.0,190.0,19.0,171.0,44.0,53.0,161.0,38.0,133.0,11.0,49.0,4.0,4.0,8.0,72.0,164.0,209.0,64.0,0.0,0.0,0.0,0.0,0.0,0.0,0.0,0.0,0.0,36.0,0.0,14.0,2.0,16.0,0.0,2.0,1.0,1.0,1.0,35.0,0.0,0.0,0.0,0.0,0.0,0.0,0.0,0.0,0.0,0.0,0.0,0.0,0.0,0.0,0.0,0.0,0.0,0.0,0.0,0.0,2.0,0.0,0.0,0.0,0.0,0.0,1.0,3.0,0.0,2.0,15.0,13.0,6.0,5.0,0.0,0.0,0.0,0.0,0.0,0.0,0.0,0.0,0.0,0.0,0.0,0.0,0.0,0.0,0.0,0.0,0.0,0.0,0.0,0.0,3.0,0.0,0.0,0.0,0.0,0.0,1.0,5.0,0.0,4.0,21.0,19.0,7.0,8.0
314,1.0,314.0,London_198,,151,453,1092.0,70.0,2.0,156738.0,0.6147371048573405,799.0,136.0,2.0,134.0,252.0,18.0,234.0,122.0,56.0,171.0,42.0,130.0,7.0,43.0,2.0,2.0,8.0,62.0,158.0,225.0,63.0,0.0,0.0,0.0,0.0,0.0,0.0,0.0,0.0,0.0,43.0,0.0,11.0,6.0,16.0,1.0,6.0,0.0,3.0,2.0,41.0,0.0,0.0,0.0,0.0,0.0,0.0,0.0,0.0,0.0,0.0,0.0,0.0,0.0,1.0,0.0,0.0,0.0,0.0,0.0,0.0,0.0,0.0,0.0,0.0,0.0,0.0,0.0,2.0,1.0,3.0,21.0,23.0,4.0,0.0,0.0,0.0,0.0,0.0,0.0,0.0,0.0,0.0,0.0,0.0,0.0,0.0,0.0,2.0,0.0,0.0,0.0,0.0,0.0,0.0,0.0,0.0,0.0,0.0,0.0,0.0,0.0,2.0,1.0,5.0,31.0,30.0,5.0,0.0
315,1.0,315.0,London_198,,151,453,1092.0,70.0,2.0,139524.0,0.43615218019112945,761.0,81.0,0.0,81.0,137.0,0.0,137.0,186.0,62.0,162.0,32.0,131.0,11.0,47.0,4.0,4.0,6.0,60.0,150.0,237.0,65.0,0.0,0.0,0.0,0.0,0.0,0.0,0.0,0.0,0.0,9.0,0.0,1.0,0.0,8.0,0.0,0.0,0.0,0.0,0.0,9.0,0.0,0.0,0.0,0.0,0.0,0.0,0.0,0.0,0.0,0.0,0.0,0.0,0.0,0.0,0.0,0.0,0.0,0.0,0.0,0.0,0.0,1.0,0.0,0.0,1.0,0.0,4.0,0.0,1.0,5.0,8.0,18.0,6.0,4.0,0.0,0.0,0.0,0.0,0.0,0.0,0.0,0.0,0.0,0.0,0.0,0.0,0.0,0.0,0.0,0.0,0.0,0.0,0.0,0.0,0.0,1.0,0.0,0.0,1.0,0.0,5.0,0.0,1.0,7.0,10.0,27.0,6.0,9.0
316,1.0,316.0,London_198,,151,453,1092.0,70.0,2.0,146772.0,0.4777283619623631,777.0,28.0,0.0,28.0,47.0,0.0,47.0,122.0,68.0,163.0,33.0,122.0,13.0,45.0,3.0,6.0,6.0,67.0,152.0,228.0,60.0,0.0,0.0,0.0,0.0,0.0,0.0,0.0,0.0,0.0,6.0,0.0,1.0,0.0,3.0,0.0,2.0,0.0,0.0,0.0,6.0,0.0,0.0,0.0,0.0,0.0,0.0,0.0,0.0,0.0,0.0,0.0,0.0,0.0,0.0,0.0,0.0,0.0,0.0,0.0,0.0,1.0,0.0,0.0,0.0,1.0,0.0,1.0,0.0,0.0,2.0,3.0,8.0,4.0,2.0,0.0,0.0,0.0,0.0,0.0,0.0,0.0,0.0,0.0,0.0,0.0,0.0,0.0,0.0,0.0,0.0,0.0,0.0,0.0,0.0,1.0,0.0,0.0,0.0,1.0,0.0,1.0,0.0,0.0,3.0,4.0,13.0,5.0,2.0
317,1.0,317.0,London_198,,151,453,1092.0,70.0,2.0,170781.0,0.5418670470826328,830.0,122.0,2.0,120.0,228.0,16.0,212.0,40.0,62.0,161.0,38.0,123.0,13.0,47.0,3.0,6.0,6.0,68.0,155.0,224.0,61.0,0.0,0.0,0.0,0.0,0.0,0.0,0.0,0.0,0.0,34.0,0.0,6.0,3.0,19.0,0.0,3.0,0.0,3.0,2.0,32.0,0.0,0.0,0.0,0.0,0.0,0.0,0.0,0.0,0.0,0.0,0.0,0.0,0.0,0.0,1.0,0.0,0.0,0.0,0.0,0.0,3.0,0.0,0.0,0.0,4.0,0.0,1.0,2.0,1.0,4.0,13.0,25.0,7.0,6.0,0.0,0.0,0.0,0.0,0.0,0.0,0.0,0.0,0.0,0.0,0.0,0.0,0.0,0.0,2.0,0.0,0.0,0.0,0.0,0.0,4.0,0.0,0.0,0.0,4.0,0.0,1.0,2.0,1.0,5.0,21.0,34.0,7.0,6.0
318,1.0,318.0,London_198,,151,453,1092.0,70.0,2.0,148131.0,0.5582983640488237,780.0,42.0,1.0,41.0,78.0,9.0,69.0,171.0,65.0,159.0,39.0,120.0,15.0,44.0,4.0,7.0,8.0,78.0,148.0,219.0,62.0,0.0,0.0,0.0,0.0,0.0,0.0,0.0,0.0,0.0,3.0,0.0,0.0,0.0,3.0,0.0,0.0,0.0,0.0,1.0,2.0,0.0,0.0,0.0,0.0,0.0,0.0,0.0,0.0,0.0,0.0,0.0,0.0,0.0,0.0,0.0,0.0,0.0,0.0,0.0,0.0,0.0,0.0,0.0,0.0,0.0,0.0,3.0,3.0,0.0,1.0,8.0,13.0,6.0,0.0,0.0,0.0,0.0,0.0,0.0,0.0,0.0,0.0,0.0,0.0,0.0,0.0,0.0,0.0,0.0,0.0,0.0,0.0,0.0,0.0,0.0,0.0,0.0,0.0,0.0,0.0,3.0,4.0,0.0,1.0,12.0,21.0,8.0,0.0
319,1.0,319.0,London_198,,151,453,1092.0,70.0,2.0,170781.0,0.5365669880993664,830.0,74.0,0.0,74.0,115.0,0.0,115.0,67.0,61.0,163.0,40.0,117.0,16.0,43.0,5.0,8.0,8.0,75.0,156.0,214.0,53.0,0.0,0.0,0.0,0.0,0.0,0.0,0.0,0.0,0.0,17.0,0.0,2.0,1.0,12.0,0.0,1.0,1.0,0.0,0.0,17.0,0.0,0.0,0.0,0.0,0.0,0.0,0.0,0.0,0.0,0.0,0.0,0.0,0.0,0.0,0.0,0.0,0.0,0.0,0.0,0.0,0.0,0.0,0.0,0.0,0.0,0.0,0.0,0.0,0.0,3.0,10.0,13.0,5.0,2.0,0.0,0.0,0.0,0.0,0.0,0.0,0.0,0.0,0.0,0.0,0.0,0.0,0.0,0.0,0.0,0.0,0.0,0.0,0.0,0.0,0.0,0.0,0.0,0.0,0.0,0.0,0.0,0.0,0.0,4.0,13.0,17.0,5.0,2.0
320,1.0,320.0,London_198,,151,453,1092.0,70.0,2.0,178482.0,0.7418735709507018,847.0,113.0,2.0,111.0,199.0,18.0,181.0,88.0,63.0,160.0,42.0,113.0,16.0,43.0,4.0,12.0,9.0,74.0,156.0,214.0,44.0,0.0,0.0,0.0,0.0,0.0,0.0,0.0,0.0,0.0,43.0,0.0,10.0,3.0,20.0,0.0,8.0,1.0,1.0,2.0,41.0,0.0,0.0,0.0,0.0,0.0,0.0,0.0,0.0,0.0,0.0,0.0,0.0,0.0,0.0,0.0,0.0,0.0,0.0,0.0,0.0,0.0,0.0,0.0,0.0,4.0,0.0,3.0,3.0,0.0,1.0,19.0,19.0,8.0,2.0,0.0,0.0,0.0,0.0,0.0,0.0,0.0,0.0,0.0,0.0,0.0,0.0,0.0,0.0,0.0,0.0,0.0,0.0,0.0,0.0,0.0,0.0,0.0,0.0,4.0,0.0,3.0,3.0,0.0,1.0,24.0,24.0,8.0,2.0
321,1.0,321.0,London_198,,151,453,1092.0,70.0,2.0,166704.0,0.72333376808092,821.0,142.0,2.0,140.0,256.0,18.0,238.0,118.0,68.0,146.0,46.0,122.0,15.0,39.0,5.0,12.0,10.0,65.0,162.0,216.0,36.0,0.0,0.0,0.0,0.0,0.0,0.0,0.0,0.0,0.0,39.0,0.0,8.0,1.0,21.0,1.0,5.0,0.0,3.0,2.0,37.0,0.0,0.0,0.0,0.0,0.0,0.0,0.0,0.0,0.0,0.0,0.0,0.0,0.0,0.0,0.0,0.0,0.0,0.0,0.0,0.0,2.0,1.0,0.0,0.0,2.0,0.0,2.0,1.0,1.0,2.0,18.0,25.0,12.0,4.0,0.0,0.0,0.0,0.0,0.0,0.0,0.0,0.0,0.0,0.0,0.0,0.0,0.0,0.0,0.0,0.0,0.0,0.0,0.0,0.0,2.0,1.0,0.0,0.0,2.0,0.0,2.0,2.0,1.0,3.0,26.0,33.0,13.0,6.0
322,1.0,322.0,London_198,,151,453,1092.0,70.0,2.0,134088.0,0.4235696180257946,749.0,101.0,0.0,101.0,172.0,0.0,172.0,179.0,64.0,165.0,22.0,132.0,13.0,44.0,6.0,7.0,7.0,68.0,158.0,220.0,43.0,0.0,0.0,0.0,0.0,0.0,0.0,0.0,0.0,0.0,14.0,0.0,0.0,0.0,14.0,0.0,0.0,0.0,0.0,0.0,14.0,0.0,0.0,0.0,0.0,0.0,0.0,0.0,0.0,0.0,0.0,0.0,0.0,0.0,0.0,0.0,0.0,0.0,0.0,0.0,0.0,2.0,0.0,0.0,0.0,2.0,0.0,10.0,4.0,0.0,3.0,14.0,11.0,10.0,5.0,0.0,0.0,0.0,0.0,0.0,0.0,0.0,0.0,0.0,0.0,0.0,0.0,0.0,0.0,0.0,0.0,0.0,0.0,0.0,0.0,2.0,0.0,0.0,0.0,2.0,0.0,14.0,4.0,0.0,6.0,21.0,16.0,13.0,7.0
323,1.0,323.0,London_198,,151,453,1092.0,70.0,2.0,122310.0,0.377587947063148,723.0,30.0,0.0,30.0,52.0,0.0,52.0,147.0,69.0,172.0,28.0,120.0,11.0,47.0,0.0,6.0,9.0,71.0,156.0,217.0,47.0,0.0,0.0,0.0,0.0,0.0,0.0,0.0,0.0,0.0,1.0,0.0,0.0,0.0,1.0,0.0,0.0,0.0,0.0,0.0,1.0,0.0,0.0,0.0,0.0,0.0,0.0,0.0,0.0,0.0,0.0,0.0,0.0,0.0,0.0,0.0,0.0,0.0,0.0,0.0,0.0,0.0,0.0,2.0,0.0,0.0,1.0,2.0,0.0,1.0,4.0,6.0,7.0,6.0,2.0,0.0,0.0,0.0,0.0,0.0,0.0,0.0,0.0,0.0,0.0,0.0,0.0,0.0,0.0,0.0,0.0,0.0,0.0,0.0,0.0,0.0,0.0,2.0,0.0,0.0,2.0,3.0,0.0,2.0,8.0,13.0,10.0,9.0,3.0
324,1.0,324.0,London_198,,151,453,1092.0,70.0,2.0,152208.0,0.9502510810270905,789.0,100.0,2.0,98.0,180.0,17.0,163.0,51.0,72.0,163.0,34.0,114.0,13.0,50.0,0.0,7.0,10.0,71.0,156.0,216.0,45.0,0.0,0.0,0.0,0.0,0.0,0.0,0.0,0.0,0.0,23.0,0.0,2.0,3.0,12.0,0.0,2.0,0.0,4.0,2.0,21.0,0.0,0.0,0.0,0.0,0.0,0.0,0.0,0.0,0.0,0.0,0.0,0.0,0.0,0.0,1.0,0.0,1.0,0.0,0.0,0.0,1.0,1.0,0.0,0.0,2.0,0.0,4.0,5.0,1.0,2.0,20.0,20.0,8.0,1.0,0.0,0.0,0.0,0.0,0.0,0.0,0.0,0.0,0.0,0.0,0.0,0.0,0.0,0.0,1.0,0.0,1.0,0.0,0.0,0.0,1.0,1.0,0.0,0.0,2.0,0.0,6.0,5.0,1.0,2.0,26.0,27.0,9.0,1.0
325,1.0,325.0,London_198,,151,453,1092.0,70.0,2.0,146319.0,0.34670524415560067,776.0,36.0,0.0,36.0,70.0,0.0,70.0,134.0,75.0,174.0,28.0,109.0,14.0,46.0,1.0,6.0,10.0,70.0,154.0,219.0,48.0,0.0,0.0,0.0,0.0,0.0,0.0,0.0,0.0,0.0,12.0,0.0,1.0,0.0,9.0,0.0,0.0,1.0,1.0,0.0,12.0,0.0,0.0,0.0,0.0,0.0,0.0,0.0,0.0,0.0,0.0,0.0,0.0,0.0,0.0,0.0,0.0,0.0,0.0,0.0,0.0,0.0,1.0,1.0,0.0,0.0,0.0,0.0,1.0,0.0,3.0,7.0,4.0,5.0,1.0,0.0,0.0,0.0,0.0,0.0,0.0,0.0,0.0,0.0,0.0,0.0,0.0,0.0,0.0,0.0,0.0,0.0,0.0,0.0,0.0,0.0,1.0,1.0,0.0,0.0,0.0,0.0,1.0,0.0,8.0,11.0,7.0,6.0,1.0
326,1.0,326.0,London_198,,151,453,1092.0,70.0,2.0,170781.0,0.5479365501087159,830.0,123.0,2.0,121.0,211.0,20.0,191.0,51.0,74.0,166.0,30.0,110.0,17.0,48.0,1.0,7.0,12.0,69.0,157.0,215.0,52.0,0.0,0.0,0.0,0.0,0.0,0.0,0.0,0.0,0.0,36.0,0.0,6.0,0.0,28.0,0.0,0.0,1.0,1.0,1.0,35.0,0.0,0.0,0.0,0.0,0.0,0.0,0.0,0.0,0.0,0.0,0.0,0.0,0.0,0.0,1.0,0.0,0.0,0.0,0.0,0.0,1.0,2.0,0.0,0.0,0.0,0.0,2.0,4.0,0.0,4.0,18.0,19.0,12.0,3.0,0.0,0.0,0.0,0.0,0.0,0.0,0.0,0.0,0.0,0.0,0.0,0.0,0.0,0.0,6.0,0.0,0.0,0.0,0.0,0.0,1.0,3.0,0.0,0.0,0.0,0.0,2.0,5.0,0.0,5.0,23.0,27.0,14.0,5.0
327,1.0,327.0,London_198,,151,453,1092.0,70.0,2.0,155832.0,0.4690913180820644,797.0,71.0,2.0,69.0,145.0,15.0,130.0,150.0,77.0,168.0,27.0,121.0,9.0,39.0,3.0,9.0,14.0,78.0,145.0,216.0,62.0,0.0,0.0,0.0,0.0,0.0,0.0,0.0,0.0,0.0,21.0,0.0,2.0,2.0,13.0,0.0,1.0,0.0,3.0,2.0,19.0,0.0,0.0,0.0,0.0,0.0,0.0,0.0,0.0,0.0,0.0,0.0,0.0,0.0,0.0,0.0,0.0,0.0,0.0,0.0,0.0,0.0,0.0,1.0,0.0,0.0,0.0,1.0,4.0,2.0,0.0,10.0,11.0,8.0,4.0,0.0,0.0,0.0,0.0,0.0,0.0,0.0,0.0,0.0,0.0,0.0,0.0,0.0,0.0,0.0,0.0,0.0,0.0,0.0,0.0,0.0,0.0,1.0,0.0,0.0,0.0,1.0,7.0,2.0,0.0,19.0,14.0,12.0,6.0
328,1.0,328.0,London_198,,151,453,1092.0,70.0,2.0,170328.0,0.5662493158597499,829.0,134.0,1.0,133.0,230.0,9.0,221.0,101.0,72.0,171.0,29.0,121.0,10.0,40.0,3.0,7.0,11.0,84.0,146.0,212.0,61.0,0.0,0.0,0.0,0.0,0.0,0.0,0.0,0.0,0.0,50.0,0.0,8.0,10.0,23.0,0.0,4.0,0.0,5.0,1.0,49.0,0.0,0.0,0.0,0.0,0.0,0.0,0.0,0.0,0.0,0.0,0.0,0.0,0.0,0.0,0.0,0.0,0.0,0.0,0.0,0.0,1.0,0.0,2.0,0.0,0.0,0.0,3.0,1.0,1.0,4.0,13.0,19.0,7.0,4.0,0.0,0.0,0.0,0.0,0.0,0.0,0.0,0.0,0.0,0.0,0.0,0.0,0.0,0.0,0.0,0.0,0.0,0.0,0.0,0.0,1.0,0.0,2.0,0.0,0.0,0.0,3.0,1.0,1.0,4.0,21.0,24.0,7.0,6.0
329,1.0,329.0,London_198,,151,453,1092.0,70.0,2.0,149037.0,0.58121024700813,782.0,1.0,1.0,0.0,8.0,8.0,0.0,147.0,60.0,171.0,29.0,136.0,14.0,39.0,0.0,4.0,17.0,70.0,142.0,224.0,64.0,0.0,0.0,0.0,0.0,0.0,0.0,0.0,0.0,0.0,0.0,0.0,0.0,0.0,0.0,0.0,0.0,0.0,0.0,0.0,0.0,0.0,0.0,0.0,0.0,0.0,0.0,0.0,0.0,0.0,0.0,0.0,0.0,0.0,0.0,1.0,0.0,0.0,0.0,0.0,0.0,0.0,0.0,0.0,0.0,0.0,0.0,0.0,0.0,0.0,0.0,0.0,0.0,0.0,0.0,0.0,0.0,0.0,0.0,0.0,0.0,0.0,0.0,0.0,0.0,0.0,0.0,0.0,0.0,4.0,0.0,0.0,0.0,0.0,0.0,0.0,0.0,0.0,0.0,0.0,0.0,0.0,0.0,0.0,0.0,0.0,0.0,0.0,0.0
330,1.0,330.0,London_198,,151,453,1092.0,70.0,2.0,187995.0,0.4540632590651512,868.0,167.0,0.0,167.0,297.0,0.0,297.0,8.0,64.0,165.0,29.0,137.0,14.0,40.0,0.0,4.0,16.0,70.0,138.0,229.0,61.0,0.0,0.0,0.0,0.0,0.0,0.0,0.0,0.0,0.0,67.0,0.0,21.0,1.0,34.0,0.0,7.0,0.0,4.0,0.0,67.0,0.0,0.0,0.0,0.0,0.0,0.0,0.0,0.0,0.0,0.0,0.0,0.0,0.0,0.0,0.0,0.0,0.0,0.0,0.0,0.0,1.0,1.0,0.0,0.0,1.0,0.0,3.0,3.0,1.0,4.0,20.0,23.0,7.0,2.0,0.0,0.0,0.0,0.0,0.0,0.0,0.0,0.0,0.0,0.0,0.0,0.0,0.0,0.0,0.0,0.0,0.0,0.0,0.0,0.0,1.0,1.0,0.0,0.0,1.0,0.0,3.0,3.0,2.0,5.0,25.0,36.0,10.0,3.0
331,1.0,331.0,London_198,,151,453,1092.0,70.0,2.0,147225.0,0.5437757130712271,778.0,111.0,2.0,109.0,206.0,19.0,187.0,186.0,57.0,161.0,31.0,138.0,10.0,49.0,1.0,6.0,13.0,73.0,160.0,207.0,68.0,0.0,0.0,0.0,0.0,0.0,0.0,0.0,0.0,0.0,27.0,0.0,2.0,3.0,14.0,1.0,0.0,2.0,5.0,1.0,26.0,0.0,0.0,0.0,0.0,0.0,0.0,0.0,0.0,0.0,0.0,0.0,0.0,0.0,0.0,1.0,0.0,1.0,0.0,0.0,0.0,1.0,0.0,0.0,2.0,3.0,0.0,2.0,4.0,1.0,6.0,16.0,14.0,5.0,7.0,0.0,0.0,0.0,0.0,0.0,0.0,0.0,0.0,0.0,0.0,0.0,0.0,0.0,0.0,5.0,0.0,7.0,0.0,0.0,0.0,1.0,0.0,0.0,3.0,3.0,0.0,2.0,4.0,1.0,8.0,20.0,16.0,5.0,10.0
332,1.0,332.0,London_198,,151,453,1092.0,70.0,2.0,136806.0,0.4069146499969065,755.0,10.0,0.0,10.0,21.0,0.0,21.0,161.0,61.0,171.0,34.0,131.0,6.0,43.0,1.0,6.0,14.0,69.0,157.0,213.0,69.0,0.0,0.0,0.0,0.0,0.0,0.0,0.0,0.0,0.0,1.0,0.0,0.0,0.0,1.0,0.0,0.0,0.0,0.0,0.0,1.0,0.0,0.0,0.0,0.0,0.0,0.0,0.0,0.0,0.0,0.0,0.0,0.0,0.0,0.0,0.0,0.0,0.0,0.0,0.0,0.0,0.0,0.0,0.0,0.0,0.0,0.0,1.0,0.0,0.0,0.0,1.0,5.0,0.0,1.0,0.0,0.0,0.0,0.0,0.0,0.0,0.0,0.0,0.0,0.0,0.0,0.0,0.0,0.0,0.0,0.0,0.0,0.0,0.0,0.0,0.0,0.0,0.0,0.0,0.0,0.0,1.0,0.0,0.0,0.0,2.0,6.0,0.0,1.0
333,1.0,333.0,London_198,,151,453,1092.0,70.0,2.0,174405.0,0.49238135293126106,838.0,132.0,0.0,132.0,229.0,0.0,229.0,20.0,60.0,172.0,37.0,125.0,6.0,45.0,1.0,7.0,14.0,66.0,160.0,213.0,72.0,0.0,0.0,0.0,0.0,0.0,0.0,0.0,0.0,0.0,49.0,0.0,12.0,1.0,32.0,2.0,0.0,0.0,2.0,0.0,49.0,0.0,0.0,0.0,0.0,0.0,0.0,0.0,0.0,0.0,0.0,0.0,0.0,0.0,0.0,0.0,0.0,0.0,0.0,0.0,0.0,1.0,0.0,1.0,0.0,2.0,0.0,3.0,3.0,0.0,4.0,20.0,27.0,9.0,7.0,0.0,0.0,0.0,0.0,0.0,0.0,0.0,0.0,0.0,0.0,0.0,0.0,0.0,0.0,0.0,0.0,0.0,0.0,0.0,0.0,2.0,0.0,1.0,0.0,3.0,0.0,3.0,6.0,0.0,4.0,26.0,36.0,9.0,11.0
334,1.0,334.0,London_198,,151,453,1092.0,70.0,2.0,146319.0,0.7278733029961586,776.0,159.0,2.0,157.0,279.0,17.0,262.0,155.0,63.0,177.0,30.0,128.0,4.0,43.0,1.0,7.0,16.0,76.0,161.0,200.0,64.0,0.0,0.0,0.0,0.0,0.0,0.0,0.0,0.0,0.0,30.0,0.0,1.0,4.0,20.0,0.0,1.0,1.0,3.0,2.0,28.0,0.0,0.0,0.0,0.0,0.0,0.0,0.0,0.0,0.0,0.0,0.0,0.0,0.0,0.0,0.0,0.0,0.0,0.0,0.0,0.0,1.0,6.0,1.0,2.0,2.0,0.0,5.0,7.0,5.0,8.0,15.0,38.0,8.0,7.0,0.0,0.0,0.0,0.0,0.0,0.0,0.0,0.0,0.0,0.0,0.0,0.0,0.0,0.0,0.0,0.0,0.0,0.0,0.0,0.0,2.0,7.0,1.0,2.0,2.0,0.0,5.0,8.0,6.0,11.0,19.0,60.0,11.0,10.0
335,1.0,335.0,London_198,,151,453,1092.0,70.0,2.0,104190.0,0.2971849050372839,683.0,5.0,2.0,3.0,21.0,18.0,3.0,223.0,60.0,157.0,36.0,138.0,7.0,45.0,2.0,8.0,19.0,67.0,155.0,212.0,69.0,0.0,0.0,0.0,0.0,0.0,0.0,0.0,0.0,0.0,0.0,0.0,0.0,0.0,0.0,0.0,0.0,0.0,0.0,0.0,0.0,0.0,0.0,0.0,0.0,0.0,0.0,0.0,0.0,0.0,1.0,0.0,0.0,1.0,0.0,0.0,0.0,0.0,0.0,0.0,0.0,0.0,0.0,0.0,0.0,1.0,0.0,0.0,0.0,0.0,0.0,0.0,1.0,0.0,0.0,0.0,0.0,0.0,0.0,0.0,0.0,0.0,0.0,0.0,2.0,0.0,0.0,2.0,0.0,0.0,0.0,0.0,0.0,0.0,0.0,0.0,0.0,0.0,0.0,1.0,0.0,0.0,0.0,0.0,0.0,0.0,1.0,0.0,0.0
336,1.0,336.0,London_198,,151,453,1092.0,70.0,2.0,143148.0,0.4852768490090966,769.0,14.0,2.0,12.0,41.0,18.0,23.0,21.0,59.0,160.0,37.0,139.0,6.0,40.0,3.0,9.0,14.0,66.0,152.0,221.0,60.0,0.0,0.0,0.0,0.0,0.0,0.0,0.0,0.0,0.0,3.0,0.0,1.0,1.0,1.0,0.0,0.0,0.0,0.0,1.0,2.0,0.0,0.0,0.0,0.0,0.0,0.0,0.0,0.0,0.0,0.0,0.0,0.0,0.0,0.0,1.0,0.0,0.0,0.0,0.0,0.0,0.0,1.0,0.0,0.0,0.0,0.0,2.0,0.0,0.0,0.0,2.0,4.0,1.0,1.0,0.0,0.0,0.0,0.0,0.0,0.0,0.0,0.0,0.0,0.0,0.0,0.0,0.0,0.0,7.0,0.0,0.0,0.0,0.0,0.0,0.0,1.0,0.0,0.0,0.0,0.0,3.0,0.0,0.0,0.0,2.0,5.0,1.0,1.0
337,1.0,337.0,London_198,,151,453,1092.0,70.0,2.0,175764.0,0.7762586229946464,841.0,111.0,0.0,111.0,188.0,0.0,188.0,36.0,66.0,151.0,36.0,137.0,8.0,43.0,3.0,9.0,14.0,72.0,142.0,225.0,51.0,0.0,0.0,0.0,0.0,0.0,0.0,0.0,0.0,0.0,34.0,0.0,9.0,3.0,17.0,0.0,0.0,2.0,3.0,0.0,34.0,0.0,0.0,0.0,0.0,0.0,0.0,0.0,0.0,0.0,0.0,0.0,0.0,0.0,0.0,0.0,0.0,0.0,0.0,0.0,0.0,1.0,0.0,0.0,0.0,0.0,1.0,4.0,2.0,0.0,5.0,22.0,16.0,4.0,3.0,0.0,0.0,0.0,0.0,0.0,0.0,0.0,0.0,0.0,0.0,0.0,0.0,0.0,0.0,0.0,0.0,0.0,0.0,0.0,0.0,1.0,0.0,0.0,0.0,0.0,2.0,6.0,2.0,0.0,6.0,29.0,25.0,4.0,3.0
338,1.0,338.0,London_198,,151,453,1092.0,70.0,2.0,164439.0,0.42415486997924745,816.0,188.0,1.0,187.0,338.0,11.0,327.0,139.0,61.0,168.0,36.0,128.0,9.0,43.0,1.0,7.0,15.0,62.0,131.0,245.0,59.0,0.0,0.0,0.0,0.0,0.0,0.0,0.0,0.0,0.0,60.0,0.0,8.0,7.0,39.0,0.0,1.0,2.0,3.0,1.0,59.0,0.0,0.0,0.0,0.0,0.0,0.0,0.0,0.0,0.0,0.0,0.0,0.0,0.0,0.0,1.0,0.0,0.0,0.0,0.0,0.0,2.0,0.0,1.0,0.0,0.0,3.0,7.0,10.0,2.0,7.0,25.0,35.0,9.0,4.0,0.0,0.0,0.0,0.0,0.0,0.0,0.0,0.0,0.0,0.0,0.0,0.0,0.0,0.0,2.0,0.0,0.0,0.0,0.0,0.0,2.0,0.0,1.0,0.0,0.0,6.0,7.0,12.0,2.0,11.0,39.0,47.0,11.0,8.0
339,1.0,339.0,London_198,,151,453,1092.0,70.0,2.0,110532.0,0.4291648021899164,697.0,22.0,1.0,21.0,45.0,10.0,35.0,235.0,61.0,160.0,33.0,138.0,12.0,39.0,4.0,6.0,8.0,67.0,154.0,224.0,50.0,0.0,0.0,0.0,0.0,0.0,0.0,0.0,0.0,0.0,0.0,0.0,0.0,0.0,0.0,0.0,0.0,0.0,0.0,0.0,0.0,0.0,0.0,0.0,0.0,0.0,0.0,0.0,0.0,0.0,0.0,0.0,0.0,0.0,1.0,0.0,1.0,0.0,0.0,0.0,0.0,0.0,0.0,0.0,0.0,0.0,0.0,1.0,2.0,0.0,3.0,8.0,3.0,5.0,0.0,0.0,0.0,0.0,0.0,0.0,0.0,0.0,0.0,0.0,0.0,0.0,0.0,0.0,7.0,0.0,4.0,0.0,0.0,0.0,0.0,0.0,0.0,0.0,0.0,0.0,0.0,2.0,2.0,0.0,4.0,12.0,5.0,9.0,0.0
340,1.0,340.0,London_198,,151,453,1092.0,70.0,2.0,149490.0,0.37214138987474144,783.0,9.0,0.0,9.0,13.0,0.0,13.0,45.0,60.0,161.0,30.0,143.0,9.0,38.0,4.0,8.0,8.0,71.0,142.0,232.0,53.0,0.0,0.0,0.0,0.0,0.0,0.0,0.0,0.0,0.0,4.0,0.0,0.0,0.0,4.0,0.0,0.0,0.0,0.0,0.0,4.0,0.0,0.0,0.0,0.0,0.0,0.0,0.0,0.0,0.0,0.0,0.0,0.0,0.0,0.0,0.0,0.0,0.0,0.0,0.0,0.0,0.0,0.0,0.0,0.0,0.0,0.0,0.0,1.0,0.0,0.0,2.0,1.0,1.0,0.0,0.0,0.0,0.0,0.0,0.0,0.0,0.0,0.0,0.0,0.0,0.0,0.0,0.0,0.0,0.0,0.0,0.0,0.0,0.0,0.0,0.0,0.0,0.0,0.0,0.0,0.0,0.0,2.0,0.0,0.0,2.0,1.0,1.0,0.0
341,1.0,341.0,London_198,,151,453,1092.0,70.0,2.0,188901.0,0.5800685819704086,870.0,47.0,0.0,47.0,79.0,0.0,79.0,7.0,59.0,157.0,32.0,144.0,9.0,38.0,4.0,10.0,8.0,70.0,142.0,233.0,53.0,0.0,0.0,0.0,0.0,0.0,0.0,0.0,0.0,0.0,20.0,1.0,5.0,4.0,7.0,0.0,2.0,0.0,1.0,0.0,20.0,0.0,0.0,0.0,0.0,0.0,0.0,0.0,0.0,0.0,0.0,0.0,0.0,0.0,0.0,0.0,0.0,0.0,0.0,0.0,0.0,0.0,0.0,0.0,0.0,0.0,0.0,1.0,1.0,0.0,1.0,8.0,10.0,2.0,1.0,0.0,0.0,0.0,0.0,0.0,0.0,0.0,0.0,0.0,0.0,0.0,0.0,0.0,0.0,0.0,0.0,0.0,0.0,0.0,0.0,0.0,0.0,0.0,0.0,0.0,0.0,2.0,1.0,0.0,1.0,11.0,15.0,3.0,4.0
342,1.0,342.0,London_198,,151,453,1092.0,70.0,2.0,213363.0,0.6312619878444821,924.0,205.0,2.0,203.0,353.0,19.0,334.0,49.0,60.0,161.0,33.0,138.0,7.0,40.0,4.0,10.0,8.0,77.0,146.0,222.0,52.0,0.0,0.0,0.0,0.0,0.0,0.0,0.0,0.0,0.0,94.0,3.0,20.0,11.0,46.0,0.0,10.0,0.0,4.0,2.0,92.0,0.0,0.0,0.0,0.0,0.0,0.0,0.0,0.0,0.0,0.0,0.0,0.0,0.0,0.0,0.0,0.0,0.0,0.0,0.0,0.0,2.0,0.0,0.0,0.0,1.0,0.0,0.0,2.0,0.0,2.0,24.0,32.0,5.0,4.0,0.0,0.0,0.0,0.0,0.0,0.0,0.0,0.0,0.0,0.0,0.0,0.0,0.0,0.0,0.0,0.0,0.0,0.0,0.0,0.0,2.0,0.0,0.0,0.0,1.0,0.0,0.0,2.0,0.0,2.0,29.0,43.0,5.0,4.0
343,1.0,343.0,London_198,,151,453,1092.0,70.0,2.0,149037.0,0.3288851969409734,782.0,111.0,1.0,110.0,214.0,10.0,204.0,187.0,61.0,167.0,31.0,131.0,7.0,40.0,6.0,10.0,10.0,76.0,146.0,221.0,53.0,0.0,0.0,0.0,0.0,0.0,0.0,0.0,0.0,0.0,28.0,0.0,6.0,0.0,18.0,0.0,3.0,0.0,1.0,0.0,28.0,0.0,0.0,0.0,0.0,0.0,0.0,0.0,0.0,0.0,0.0,0.0,0.0,0.0,0.0,0.0,0.0,0.0,0.0,0.0,0.0,0.0,1.0,1.0,0.0,1.0,1.0,2.0,6.0,2.0,2.0,20.0,19.0,14.0,4.0,0.0,0.0,0.0,0.0,0.0,0.0,0.0,0.0,0.0,0.0,0.0,0.0,0.0,0.0,0.0,0.0,0.0,0.0,0.0,0.0,0.0,2.0,1.0,0.0,1.0,2.0,3.0,7.0,2.0,2.0,26.0,26.0,17.0,5.0
344,1.0,344.0,London_198,,151,453,1092.0,70.0,2.0,134541.0,0.2689847028814256,750.0,80.0,0.0,80.0,139.0,0.0,139.0,164.0,59.0,166.0,26.0,139.0,12.0,39.0,4.0,8.0,10.0,62.0,147.0,234.0,63.0,0.0,0.0,0.0,0.0,0.0,0.0,0.0,0.0,0.0,13.0,0.0,0.0,1.0,12.0,0.0,0.0,0.0,0.0,0.0,13.0,0.0,0.0,0.0,0.0,0.0,0.0,0.0,0.0,0.0,0.0,0.0,0.0,0.0,0.0,0.0,0.0,0.0,0.0,0.0,0.0,0.0,0.0,0.0,0.0,0.0,0.0,3.0,3.0,1.0,2.0,9.0,10.0,6.0,6.0,0.0,0.0,0.0,0.0,0.0,0.0,0.0,0.0,0.0,0.0,0.0,0.0,0.0,0.0,0.0,0.0,0.0,0.0,0.0,0.0,0.0,0.0,0.0,0.0,0.0,0.0,3.0,5.0,1.0,3.0,10.0,15.0,9.0,9.0
345,1.0,345.0,London_198,,151,453,1092.0,70.0,2.0,137259.0,0.2785373718943447,756.0,78.0,0.0,78.0,142.0,0.0,142.0,117.0,62.0,168.0,31.0,135.0,8.0,35.0,4.0,10.0,10.0,66.0,151.0,226.0,64.0,0.0,0.0,0.0,0.0,0.0,0.0,0.0,0.0,0.0,9.0,0.0,1.0,0.0,5.0,0.0,2.0,0.0,1.0,0.0,9.0,0.0,0.0,0.0,0.0,0.0,0.0,0.0,0.0,0.0,0.0,0.0,0.0,0.0,0.0,0.0,0.0,0.0,0.0,0.0,0.0,2.0,0.0,2.0,0.0,0.0,0.0,3.0,2.0,2.0,3.0,13.0,14.0,7.0,4.0,0.0,0.0,0.0,0.0,0.0,0.0,0.0,0.0,0.0,0.0,0.0,0.0,0.0,0.0,0.0,0.0,0.0,0.0,0.0,0.0,3.0,0.0,2.0,0.0,0.0,0.0,5.0,5.0,3.0,4.0,17.0,20.0,10.0,9.0
346,1.0,346.0,London_198,,151,453,1092.0,70.0,2.0,137259.0,0.2991455919109285,756.0,115.0,1.0,114.0,207.0,11.0,196.0,128.0,60.0,160.0,31.0,145.0,8.0,37.0,2.0,10.0,15.0,66.0,155.0,217.0,61.0,0.0,0.0,0.0,0.0,0.0,0.0,0.0,0.0,0.0,16.0,0.0,1.0,0.0,11.0,0.0,2.0,0.0,2.0,1.0,15.0,0.0,0.0,0.0,0.0,0.0,0.0,0.0,0.0,0.0,0.0,0.0,0.0,0.0,0.0,1.0,0.0,0.0,0.0,0.0,0.0,4.0,0.0,0.0,0.0,0.0,0.0,3.0,7.0,1.0,5.0,20.0,29.0,12.0,7.0,0.0,0.0,0.0,0.0,0.0,0.0,0.0,0.0,0.0,0.0,0.0,0.0,0.0,0.0,4.0,0.0,0.0,0.0,0.0,0.0,7.0,0.0,0.0,0.0,0.0,0.0,5.0,9.0,2.0,5.0,30.0,39.0,20.0,7.0
347,1.0,347.0,London_198,,151,453,1092.0,70.0,2.0,116874.0,0.2670285829808563,711.0,9.0,0.0,9.0,18.0,0.0,18.0,181.0,52.0,167.0,33.0,144.0,7.0,39.0,2.0,9.0,15.0,66.0,158.0,214.0,61.0,0.0,0.0,0.0,0.0,0.0,0.0,0.0,0.0,0.0,0.0,0.0,0.0,0.0,0.0,0.0,0.0,0.0,0.0,0.0,0.0,0.0,0.0,0.0,0.0,0.0,0.0,0.0,0.0,0.0,0.0,0.0,0.0,0.0,0.0,0.0,0.0,0.0,0.0,0.0,0.0,0.0,0.0,0.0,0.0,0.0,0.0,0.0,0.0,0.0,1.0,3.0,2.0,2.0,0.0,0.0,0.0,0.0,0.0,0.0,0.0,0.0,0.0,0.0,0.0,0.0,0.0,0.0,0.0,0.0,0.0,0.0,0.0,0.0,0.0,0.0,0.0,0.0,0.0,0.0,0.0,0.0,0.0,0.0,1.0,5.0,3.0,2.0,0.0
348,1.0,348.0,London_198,,151,453,1092.0,70.0,2.0,154926.0,0.4007830850314349,795.0,86.0,2.0,84.0,162.0,19.0,143.0,18.0,53.0,169.0,33.0,142.0,7.0,40.0,0.0,9.0,13.0,65.0,162.0,213.0,58.0,0.0,0.0,0.0,0.0,0.0,0.0,0.0,0.0,0.0,27.0,0.0,9.0,2.0,12.0,0.0,1.0,0.0,3.0,2.0,25.0,0.0,0.0,0.0,0.0,0.0,0.0,0.0,0.0,0.0,0.0,0.0,0.0,0.0,1.0,0.0,0.0,0.0,0.0,0.0,0.0,3.0,0.0,1.0,0.0,0.0,0.0,3.0,0.0,1.0,1.0,10.0,17.0,7.0,1.0,0.0,0.0,0.0,0.0,0.0,0.0,0.0,0.0,0.0,0.0,0.0,0.0,0.0,3.0,0.0,0.0,0.0,0.0,0.0,0.0,4.0,0.0,1.0,0.0,0.0,0.0,4.0,0.0,2.0,1.0,11.0,23.0,10.0,1.0
349,1.0,349.0,London_198,,151,453,1092.0,70.0,2.0,150396.0,0.9172979020513594,785.0,92.0,2.0,90.0,177.0,19.0,158.0,108.0,56.0,160.0,34.0,150.0,10.0,34.0,1.0,8.0,12.0,71.0,160.0,210.0,59.0,0.0,0.0,0.0,0.0,0.0,0.0,0.0,0.0,0.0,19.0,0.0,6.0,0.0,11.0,0.0,0.0,0.0,2.0,2.0,17.0,0.0,0.0,0.0,0.0,0.0,0.0,0.0,0.0,0.0,0.0,0.0,0.0,0.0,0.0,1.0,0.0,0.0,0.0,0.0,0.0,0.0,1.0,2.0,0.0,0.0,0.0,4.0,5.0,1.0,5.0,15.0,17.0,7.0,5.0,0.0,0.0,0.0,0.0,0.0,0.0,0.0,0.0,0.0,0.0,0.0,0.0,0.0,0.0,1.0,0.0,0.0,0.0,0.0,0.0,0.0,1.0,2.0,0.0,0.0,0.0,6.0,6.0,2.0,5.0,25.0,25.0,9.0,9.0
350,1.0,350.0,London_198,,151,453,1092.0,70.0,2.0,147678.0,0.5306490811053663,779.0,60.0,1.0,59.0,110.0,10.0,100.0,138.0,61.0,159.0,22.0,149.0,15.0,39.0,2.0,6.0,8.0,63.0,160.0,222.0,60.0,0.0,0.0,0.0,0.0,0.0,0.0,0.0,0.0,0.0,16.0,0.0,8.0,2.0,5.0,0.0,0.0,0.0,1.0,1.0,15.0,0.0,0.0,0.0,0.0,0.0,0.0,0.0,0.0,0.0,0.0,0.0,0.0,0.0,0.0,0.0,0.0,0.0,0.0,0.0,0.0,1.0,1.0,0.0,0.0,0.0,0.0,0.0,5.0,2.0,4.0,5.0,10.0,4.0,3.0,0.0,0.0,0.0,0.0,0.0,0.0,0.0,0.0,0.0,0.0,0.0,0.0,0.0,0.0,0.0,0.0,0.0,0.0,0.0,0.0,1.0,1.0,0.0,0.0,0.0,0.0,0.0,9.0,2.0,5.0,6.0,15.0,4.0,3.0
351,1.0,351.0,London_198,,151,453,1092.0,70.0,2.0,168063.0,0.36117423395626247,824.0,96.0,0.0,96.0,164.0,0.0,164.0,79.0,68.0,156.0,24.0,143.0,11.0,41.0,2.0,8.0,6.0,59.0,171.0,217.0,69.0,0.0,0.0,0.0,0.0,0.0,0.0,0.0,0.0,0.0,27.0,0.0,11.0,1.0,13.0,0.0,0.0,0.0,2.0,0.0,27.0,0.0,0.0,0.0,0.0,0.0,0.0,0.0,0.0,0.0,0.0,0.0,0.0,0.0,0.0,0.0,0.0,0.0,0.0,0.0,0.0,0.0,0.0,0.0,0.0,0.0,0.0,4.0,2.0,1.0,2.0,13.0,16.0,5.0,1.0,0.0,0.0,0.0,0.0,0.0,0.0,0.0,0.0,0.0,0.0,0.0,0.0,0.0,0.0,0.0,0.0,0.0,0.0,0.0,0.0,0.0,0.0,0.0,0.0,0.0,0.0,4.0,3.0,1.0,3.0,18.0,22.0,5.0,1.0
352,1.0,352.0,London_198,,151,453,1092.0,70.0,2.0,169875.0,1.3318115880247205,828.0,54.0,0.0,54.0,94.0,0.0,94.0,121.0,62.0,160.0,29.0,146.0,10.0,34.0,2.0,10.0,6.0,59.0,169.0,219.0,72.0,0.0,0.0,0.0,0.0,0.0,0.0,0.0,0.0,0.0,20.0,0.0,9.0,6.0,4.0,0.0,0.0,0.0,1.0,0.0,20.0,0.0,0.0,0.0,0.0,0.0,0.0,0.0,0.0,0.0,0.0,0.0,0.0,0.0,0.0,0.0,0.0,0.0,0.0,0.0,0.0,0.0,0.0,0.0,1.0,0.0,0.0,1.0,0.0,1.0,2.0,10.0,9.0,2.0,4.0,0.0,0.0,0.0,0.0,0.0,0.0,0.0,0.0,0.0,0.0,0.0,0.0,0.0,0.0,0.0,0.0,0.0,0.0,0.0,0.0,0.0,0.0,0.0,1.0,0.0,0.0,1.0,0.0,1.0,2.0,15.0,13.0,3.0,5.0
353,1.0,353.0,London_198,,151,453,1092.0,70.0,2.0,191619.0,0.5257648329716176,876.0,139.0,0.0,139.0,235.0,0.0,235.0,63.0,60.0,158.0,29.0,149.0,9.0,35.0,3.0,10.0,5.0,68.0,164.0,216.0,76.0,0.0,0.0,0.0,0.0,0.0,0.0,0.0,0.0,0.0,45.0,0.0,15.0,5.0,19.0,0.0,1.0,0.0,5.0,0.0,45.0,0.0,0.0,0.0,0.0,0.0,0.0,0.0,0.0,0.0,0.0,0.0,0.0,0.0,0.0,0.0,0.0,0.0,0.0,0.0,0.0,1.0,1.0,1.0,0.0,0.0,0.0,7.0,0.0,2.0,0.0,12.0,23.0,10.0,8.0,0.0,0.0,0.0,0.0,0.0,0.0,0.0,0.0,0.0,0.0,0.0,0.0,0.0,0.0,0.0,0.0,0.0,0.0,0.0,0.0,1.0,1.0,3.0,0.0,0.0,0.0,9.0,0.0,3.0,0.0,18.0,28.0,13.0,11.0
354,1.0,354.0,London_198,,151,453,1092.0,70.0,2.0,162627.0,0.450927774887532,812.0,102.0,1.0,101.0,200.0,10.0,190.0,157.0,53.0,153.0,32.0,150.0,7.0,42.0,5.0,11.0,7.0,66.0,167.0,213.0,71.0,0.0,0.0,0.0,0.0,0.0,0.0,0.0,0.0,0.0,29.0,0.0,10.0,5.0,14.0,0.0,0.0,0.0,0.0,1.0,28.0,0.0,0.0,0.0,0.0,0.0,0.0,0.0,0.0,0.0,0.0,0.0,0.0,0.0,0.0,1.0,0.0,0.0,0.0,0.0,0.0,0.0,0.0,1.0,0.0,1.0,0.0,6.0,0.0,0.0,1.0,16.0,17.0,8.0,5.0,0.0,0.0,0.0,0.0,0.0,0.0,0.0,0.0,0.0,0.0,0.0,0.0,0.0,0.0,4.0,0.0,0.0,0.0,0.0,0.0,0.0,0.0,1.0,0.0,1.0,0.0,8.0,0.0,0.0,1.0,23.0,25.0,12.0,7.0
355,1.0,355.0,London_198,,151,453,1092.0,70.0,2.0,163533.0,0.4500099641736597,814.0,20.0,2.0,18.0,48.0,19.0,29.0,152.0,50.0,150.0,30.0,158.0,12.0,38.0,6.0,9.0,7.0,69.0,167.0,210.0,65.0,0.0,0.0,0.0,0.0,0.0,0.0,0.0,0.0,0.0,5.0,0.0,0.0,0.0,3.0,0.0,1.0,0.0,1.0,1.0,4.0,0.0,0.0,0.0,0.0,0.0,0.0,0.0,0.0,0.0,0.0,0.0,0.0,0.0,0.0,0.0,0.0,0.0,0.0,0.0,0.0,0.0,0.0,0.0,0.0,0.0,0.0,1.0,2.0,0.0,1.0,3.0,3.0,1.0,1.0,0.0,0.0,0.0,0.0,0.0,0.0,0.0,0.0,0.0,0.0,0.0,0.0,0.0,0.0,0.0,0.0,0.0,0.0,0.0,0.0,0.0,0.0,0.0,0.0,0.0,0.0,1.0,2.0,0.0,1.0,4.0,3.0,1.0,2.0
356,1.0,356.0,London_198,,151,453,1092.0,70.0,2.0,195696.0,0.5341336219571531,885.0,114.0,2.0,112.0,205.0,18.0,187.0,33.0,55.0,157.0,32.0,143.0,10.0,41.0,6.0,9.0,5.0,64.0,164.0,220.0,56.0,0.0,0.0,0.0,0.0,0.0,0.0,0.0,0.0,0.0,46.0,0.0,15.0,8.0,15.0,0.0,4.0,0.0,4.0,2.0,44.0,0.0,0.0,0.0,0.0,0.0,0.0,0.0,0.0,0.0,0.0,0.0,0.0,0.0,0.0,0.0,0.0,0.0,0.0,0.0,0.0,0.0,0.0,0.0,0.0,0.0,0.0,1.0,3.0,1.0,0.0,11.0,9.0,1.0,0.0,0.0,0.0,0.0,0.0,0.0,0.0,0.0,0.0,0.0,0.0,0.0,0.0,0.0,0.0,0.0,0.0,0.0,0.0,0.0,0.0,0.0,0.0,0.0,0.0,0.0,0.0,1.0,3.0,1.0,0.0,14.0,10.0,1.0,0.0
357,1.0,357.0,London_198,,151,453,1092.0,70.0,2.0,185730.0,0.4651717022061348,863.0,152.0,0.0,152.0,253.0,0.0,253.0,118.0,57.0,157.0,31.0,125.0,15.0,47.0,8.0,13.0,5.0,73.0,161.0,214.0,56.0,0.0,0.0,0.0,0.0,0.0,0.0,0.0,0.0,0.0,61.0,0.0,22.0,7.0,28.0,0.0,4.0,0.0,0.0,0.0,61.0,0.0,0.0,0.0,0.0,0.0,0.0,0.0,0.0,0.0,0.0,0.0,0.0,0.0,0.0,0.0,0.0,0.0,0.0,0.0,0.0,0.0,0.0,0.0,0.0,0.0,0.0,5.0,1.0,2.0,4.0,12.0,19.0,10.0,2.0,0.0,0.0,0.0,0.0,0.0,0.0,0.0,0.0,0.0,0.0,0.0,0.0,0.0,0.0,0.0,0.0,0.0,0.0,0.0,0.0,0.0,0.0,0.0,0.0,0.0,0.0,8.0,1.0,2.0,5.0,17.0,31.0,13.0,2.0
358,1.0,358.0,London_198,,151,453,1092.0,70.0,2.0,151755.0,0.44760308787226677,788.0,131.0,0.0,131.0,221.0,0.0,221.0,170.0,59.0,158.0,35.0,127.0,8.0,43.0,6.0,17.0,6.0,72.0,166.0,209.0,57.0,0.0,0.0,0.0,0.0,0.0,0.0,0.0,0.0,0.0,33.0,0.0,11.0,5.0,14.0,0.0,2.0,0.0,1.0,0.0,33.0,0.0,0.0,0.0,0.0,0.0,0.0,0.0,0.0,0.0,0.0,0.0,0.0,0.0,0.0,0.0,0.0,0.0,0.0,0.0,0.0,1.0,0.0,0.0,0.0,0.0,0.0,5.0,4.0,5.0,7.0,26.0,21.0,8.0,4.0,0.0,0.0,0.0,0.0,0.0,0.0,0.0,0.0,0.0,0.0,0.0,0.0,0.0,0.0,0.0,0.0,0.0,0.0,0.0,0.0,1.0,0.0,0.0,0.0,0.0,0.0,5.0,5.0,6.0,8.0,41.0,26.0,9.0,5.0
359,1.0,359.0,London_198,,151,453,1092.0,70.0,2.0,124122.0,0.28122125309892,727.0,51.0,2.0,49.0,105.0,16.0,89.0,172.0,51.0,167.0,31.0,117.0,7.0,54.0,6.0,20.0,5.0,81.0,159.0,208.0,59.0,0.0,0.0,0.0,0.0,0.0,0.0,0.0,0.0,0.0,2.0,0.0,0.0,0.0,2.0,0.0,0.0,0.0,0.0,0.0,2.0,0.0,0.0,0.0,0.0,0.0,0.0,0.0,0.0,0.0,0.0,0.0,0.0,0.0,0.0,1.0,0.0,0.0,0.0,0.0,0.0,2.0,2.0,1.0,1.0,0.0,0.0,4.0,3.0,1.0,1.0,12.0,15.0,4.0,5.0,0.0,0.0,0.0,0.0,0.0,0.0,0.0,0.0,0.0,0.0,0.0,0.0,0.0,0.0,6.0,0.0,0.0,0.0,0.0,0.0,3.0,3.0,1.0,2.0,0.0,0.0,4.0,4.0,1.0,1.0,21.0,26.0,6.0,8.0
360,1.0,360.0,London_198,,151,453,1092.0,70.0,2.0,132276.0,0.29042964801192284,745.0,42.0,1.0,41.0,78.0,9.0,69.0,102.0,49.0,164.0,33.0,135.0,6.0,47.0,6.0,13.0,4.0,76.0,163.0,210.0,51.0,0.0,0.0,0.0,0.0,0.0,0.0,0.0,0.0,0.0,2.0,0.0,0.0,0.0,1.0,1.0,0.0,0.0,0.0,1.0,1.0,0.0,0.0,0.0,0.0,0.0,0.0,0.0,0.0,0.0,0.0,0.0,0.0,0.0,0.0,0.0,0.0,0.0,0.0,0.0,0.0,2.0,0.0,0.0,1.0,1.0,0.0,3.0,0.0,1.0,2.0,13.0,7.0,4.0,3.0,0.0,0.0,0.0,0.0,0.0,0.0,0.0,0.0,0.0,0.0,0.0,0.0,0.0,0.0,0.0,0.0,0.0,0.0,0.0,0.0,2.0,0.0,0.0,1.0,1.0,0.0,5.0,0.0,1.0,2.0,25.0,9.0,4.0,4.0
361,1.0,361.0,London_198,,151,453,1092.0,70.0,2.0,148584.0,0.4314266031142324,781.0,148.0,0.0,148.0,242.0,0.0,242.0,69.0,47.0,173.0,31.0,126.0,9.0,50.0,8.0,9.0,4.0,72.0,177.0,200.0,54.0,0.0,0.0,0.0,0.0,0.0,0.0,0.0,0.0,0.0,26.0,0.0,4.0,3.0,16.0,0.0,3.0,0.0,0.0,0.0,26.0,0.0,0.0,0.0,0.0,0.0,0.0,0.0,0.0,0.0,0.0,0.0,0.0,0.0,0.0,0.0,0.0,0.0,0.0,0.0,0.0,8.0,1.0,0.0,0.0,0.0,0.0,8.0,0.0,2.0,7.0,27.0,29.0,8.0,7.0,0.0,0.0,0.0,0.0,0.0,0.0,0.0,0.0,0.0,0.0,0.0,0.0,0.0,0.0,0.0,0.0,0.0,0.0,0.0,0.0,8.0,2.0,0.0,0.0,0.0,0.0,9.0,0.0,2.0,9.0,42.0,40.0,11.0,9.0
362,1.0,362.0,London_198,,151,453,1092.0,70.0,2.0,116874.0,0.27504508197307587,711.0,22.0,2.0,20.0,54.0,18.0,36.0,204.0,52.0,152.0,29.0,144.0,20.0,45.0,7.0,4.0,4.0,70.0,173.0,206.0,41.0,0.0,0.0,0.0,0.0,0.0,0.0,0.0,0.0,0.0,4.0,0.0,0.0,0.0,2.0,0.0,1.0,0.0,1.0,1.0,3.0,0.0,0.0,0.0,0.0,0.0,0.0,0.0,0.0,0.0,0.0,0.0,0.0,0.0,0.0,0.0,1.0,0.0,0.0,0.0,0.0,1.0,0.0,1.0,0.0,0.0,0.0,1.0,0.0,0.0,1.0,5.0,2.0,2.0,1.0,0.0,0.0,0.0,0.0,0.0,0.0,0.0,0.0,0.0,0.0,0.0,0.0,0.0,0.0,0.0,3.0,0.0,0.0,0.0,0.0,1.0,0.0,1.0,0.0,0.0,0.0,1.0,0.0,0.0,1.0,8.0,3.0,3.0,2.0
363,1.0,363.0,London_198,,151,453,1092.0,70.0,2.0,147678.0,0.44246445409953594,779.0,58.0,2.0,56.0,107.0,18.0,89.0,42.0,50.0,162.0,24.0,146.0,18.0,42.0,7.0,4.0,4.0,71.0,169.0,209.0,39.0,0.0,0.0,0.0,0.0,0.0,0.0,0.0,0.0,0.0,14.0,0.0,1.0,1.0,8.0,1.0,0.0,0.0,3.0,2.0,12.0,0.0,0.0,0.0,0.0,0.0,0.0,0.0,0.0,0.0,0.0,0.0,0.0,0.0,1.0,1.0,0.0,0.0,0.0,0.0,0.0,2.0,0.0,0.0,0.0,0.0,0.0,1.0,1.0,0.0,0.0,9.0,13.0,2.0,2.0,0.0,0.0,0.0,0.0,0.0,0.0,0.0,0.0,0.0,0.0,0.0,0.0,0.0,1.0,3.0,0.0,0.0,0.0,0.0,0.0,2.0,0.0,0.0,0.0,0.0,0.0,1.0,1.0,0.0,0.0,14.0,16.0,2.0,2.0
364,1.0,364.0,London_198,,151,453,1092.0,70.0,2.0,154473.0,0.43981905886903405,794.0,59.0,0.0,59.0,99.0,0.0,99.0,76.0,55.0,163.0,26.0,142.0,14.0,42.0,7.0,4.0,5.0,71.0,179.0,198.0,37.0,0.0,0.0,0.0,0.0,0.0,0.0,0.0,0.0,0.0,21.0,0.0,5.0,1.0,12.0,0.0,2.0,0.0,1.0,0.0,21.0,0.0,0.0,0.0,0.0,0.0,0.0,0.0,0.0,0.0,0.0,0.0,0.0,0.0,0.0,0.0,0.0,0.0,0.0,0.0,0.0,0.0,0.0,0.0,1.0,0.0,0.0,1.0,3.0,1.0,3.0,6.0,13.0,4.0,2.0,0.0,0.0,0.0,0.0,0.0,0.0,0.0,0.0,0.0,0.0,0.0,0.0,0.0,0.0,0.0,0.0,0.0,0.0,0.0,0.0,0.0,0.0,0.0,1.0,0.0,0.0,1.0,6.0,1.0,6.0,8.0,17.0,4.0,2.0
365,1.0,365.0,London_198,,151,453,1092.0,70.0,2.0,162627.0,0.41782853892073035,812.0,126.0,0.0,126.0,236.0,0.0,236.0,67.0,54.0,159.0,28.0,146.0,12.0,44.0,5.0,5.0,7.0,79.0,170.0,197.0,40.0,0.0,0.0,0.0,0.0,0.0,0.0,0.0,0.0,0.0,43.0,0.0,15.0,2.0,18.0,0.0,4.0,0.0,4.0,0.0,43.0,0.0,0.0,0.0,0.0,0.0,0.0,0.0,0.0,0.0,0.0,0.0,0.0,0.0,0.0,0.0,0.0,0.0,0.0,0.0,0.0,0.0,0.0,0.0,0.0,1.0,0.0,0.0,2.0,0.0,7.0,18.0,25.0,6.0,2.0,0.0,0.0,0.0,0.0,0.0,0.0,0.0,0.0,0.0,0.0,0.0,0.0,0.0,0.0,0.0,0.0,0.0,0.0,0.0,0.0,0.0,0.0,0.0,0.0,1.0,0.0,0.0,3.0,0.0,8.0,25.0,39.0,7.0,2.0
366,1.0,366.0,London_198,,151,453,1092.0,70.0,2.0,133635.0,0.4739592440892011,748.0,51.0,2.0,49.0,95.0,17.0,78.0,161.0,51.0,166.0,30.0,133.0,12.0,53.0,2.0,6.0,10.0,83.0,151.0,209.0,55.0,0.0,0.0,0.0,0.0,0.0,0.0,0.0,0.0,0.0,9.0,0.0,0.0,0.0,7.0,0.0,2.0,0.0,0.0,2.0,7.0,0.0,0.0,0.0,0.0,0.0,0.0,0.0,0.0,0.0,0.0,0.0,0.0,0.0,0.0,0.0,0.0,0.0,0.0,0.0,0.0,0.0,0.0,0.0,0.0,0.0,0.0,3.0,1.0,1.0,4.0,14.0,10.0,7.0,1.0,0.0,0.0,0.0,0.0,0.0,0.0,0.0,0.0,0.0,0.0,0.0,0.0,0.0,0.0,0.0,0.0,0.0,0.0,0.0,0.0,0.0,0.0,0.0,0.0,0.0,0.0,3.0,1.0,1.0,4.0,22.0,12.0,9.0,1.0
367,1.0,367.0,London_198,,151,453,1092.0,70.0,2.0,153114.0,0.8678097259253263,791.0,73.0,0.0,73.0,125.0,0.0,125.0,67.0,48.0,167.0,27.0,134.0,11.0,55.0,3.0,8.0,11.0,84.0,160.0,198.0,61.0,0.0,0.0,0.0,0.0,0.0,0.0,0.0,0.0,0.0,19.0,0.0,7.0,0.0,11.0,1.0,0.0,0.0,0.0,0.0,19.0,0.0,0.0,0.0,0.0,0.0,0.0,0.0,0.0,0.0,0.0,0.0,0.0,0.0,0.0,0.0,0.0,0.0,0.0,0.0,0.0,0.0,0.0,1.0,0.0,2.0,0.0,2.0,0.0,0.0,1.0,8.0,17.0,4.0,2.0,0.0,0.0,0.0,0.0,0.0,0.0,0.0,0.0,0.0,0.0,0.0,0.0,0.0,0.0,0.0,0.0,0.0,0.0,0.0,0.0,0.0,0.0,1.0,0.0,3.0,0.0,2.0,0.0,0.0,1.0,11.0,25.0,5.0,2.0
368,1.0,368.0,London_198,,151,453,1092.0,70.0,2.0,151302.0,0.4354196060448885,787.0,110.0,2.0,108.0,214.0,20.0,194.0,95.0,51.0,178.0,25.0,118.0,16.0,51.0,4.0,10.0,8.0,82.0,153.0,210.0,60.0,0.0,0.0,0.0,0.0,0.0,0.0,0.0,0.0,0.0,31.0,0.0,10.0,3.0,16.0,0.0,0.0,0.0,2.0,1.0,30.0,0.0,0.0,0.0,0.0,0.0,0.0,0.0,0.0,0.0,0.0,0.0,0.0,0.0,0.0,1.0,0.0,0.0,0.0,0.0,0.0,0.0,1.0,0.0,0.0,0.0,0.0,2.0,2.0,2.0,2.0,17.0,22.0,8.0,3.0,0.0,0.0,0.0,0.0,0.0,0.0,0.0,0.0,0.0,0.0,0.0,0.0,0.0,0.0,9.0,0.0,0.0,0.0,0.0,0.0,0.0,1.0,0.0,0.0,0.0,0.0,3.0,3.0,2.0,3.0,27.0,30.0,11.0,5.0
369,1.0,369.0,London_198,,151,453,1092.0,70.0,2.0,144507.0,0.5236146131064743,772.0,102.0,2.0,100.0,199.0,15.0,184.0,157.0,56.0,176.0,28.0,119.0,8.0,50.0,5.0,11.0,8.0,84.0,138.0,223.0,60.0,0.0,0.0,0.0,0.0,0.0,0.0,0.0,0.0,0.0,20.0,0.0,5.0,2.0,12.0,0.0,0.0,0.0,1.0,2.0,18.0,0.0,0.0,0.0,0.0,0.0,0.0,0.0,0.0,0.0,0.0,0.0,0.0,0.0,0.0,0.0,1.0,0.0,0.0,0.0,0.0,0.0,2.0,2.0,0.0,0.0,0.0,1.0,3.0,5.0,2.0,17.0,29.0,2.0,4.0,0.0,0.0,0.0,0.0,0.0,0.0,0.0,0.0,0.0,0.0,0.0,0.0,0.0,0.0,0.0,3.0,0.0,0.0,0.0,0.0,0.0,3.0,2.0,0.0,0.0,0.0,3.0,6.0,9.0,2.0,25.0,43.0,3.0,7.0
370,1.0,370.0,London_198,,151,453,1092.0,70.0,2.0,129105.0,0.33268519886769354,738.0,49.0,1.0,48.0,94.0,9.0,85.0,157.0,64.0,171.0,14.0,131.0,14.0,46.0,2.0,11.0,8.0,83.0,137.0,225.0,66.0,0.0,0.0,0.0,0.0,0.0,0.0,0.0,0.0,0.0,7.0,0.0,0.0,0.0,6.0,0.0,1.0,0.0,0.0,1.0,6.0,0.0,0.0,0.0,0.0,0.0,0.0,0.0,0.0,0.0,0.0,0.0,0.0,0.0,0.0,0.0,0.0,0.0,0.0,0.0,0.0,2.0,1.0,0.0,0.0,1.0,0.0,0.0,3.0,0.0,4.0,6.0,9.0,4.0,5.0,0.0,0.0,0.0,0.0,0.0,0.0,0.0,0.0,0.0,0.0,0.0,0.0,0.0,0.0,0.0,0.0,0.0,0.0,0.0,0.0,2.0,1.0,0.0,0.0,1.0,0.0,0.0,4.0,0.0,6.0,7.0,13.0,7.0,6.0
371,1.0,371.0,London_198,,151,453,1092.0,70.0,2.0,142242.0,0.5744234749581665,767.0,42.0,1.0,41.0,80.0,8.0,72.0,75.0,54.0,185.0,22.0,121.0,14.0,45.0,2.0,10.0,7.0,85.0,133.0,228.0,64.0,0.0,0.0,0.0,0.0,0.0,0.0,0.0,0.0,0.0,7.0,0.0,0.0,0.0,5.0,0.0,2.0,0.0,0.0,0.0,7.0,0.0,0.0,0.0,0.0,0.0,0.0,0.0,0.0,0.0,0.0,0.0,0.0,0.0,0.0,1.0,0.0,0.0,0.0,0.0,0.0,0.0,0.0,0.0,0.0,1.0,0.0,3.0,2.0,0.0,1.0,9.0,7.0,5.0,1.0,0.0,0.0,0.0,0.0,0.0,0.0,0.0,0.0,0.0,0.0,0.0,0.0,0.0,0.0,8.0,0.0,0.0,0.0,0.0,0.0,0.0,0.0,0.0,0.0,1.0,0.0,5.0,3.0,0.0,2.0,10.0,9.0,6.0,1.0
372,1.0,372.0,London_198,,151,453,1092.0,70.0,2.0,166704.0,0.43927529198117554,821.0,91.0,0.0,91.0,153.0,0.0,153.0,68.0,53.0,191.0,22.0,126.0,13.0,37.0,2.0,9.0,7.0,87.0,137.0,222.0,59.0,0.0,0.0,0.0,0.0,0.0,0.0,0.0,0.0,0.0,27.0,0.0,4.0,3.0,18.0,1.0,1.0,0.0,0.0,0.0,27.0,0.0,0.0,0.0,0.0,0.0,0.0,0.0,0.0,0.0,0.0,0.0,0.0,0.0,0.0,0.0,0.0,0.0,0.0,0.0,0.0,1.0,2.0,0.0,1.0,0.0,0.0,4.0,3.0,2.0,3.0,11.0,20.0,3.0,2.0,0.0,0.0,0.0,0.0,0.0,0.0,0.0,0.0,0.0,0.0,0.0,0.0,0.0,0.0,0.0,0.0,0.0,0.0,0.0,0.0,1.0,2.0,0.0,2.0,0.0,0.0,5.0,3.0,2.0,3.0,13.0,29.0,3.0,2.0
373,1.0,373.0,London_198,,151,453,1092.0,70.0,2.0,168969.0,0.4960045220796019,826.0,149.0,2.0,147.0,275.0,19.0,256.0,115.0,57.0,184.0,27.0,129.0,13.0,36.0,0.0,7.0,10.0,91.0,136.0,216.0,58.0,0.0,0.0,0.0,0.0,0.0,0.0,0.0,0.0,0.0,50.0,0.0,6.0,5.0,34.0,1.0,3.0,0.0,1.0,2.0,48.0,0.0,0.0,0.0,0.0,0.0,0.0,0.0,0.0,0.0,0.0,0.0,0.0,0.0,0.0,1.0,0.0,0.0,0.0,0.0,0.0,1.0,0.0,0.0,0.0,0.0,0.0,5.0,2.0,0.0,0.0,21.0,32.0,7.0,5.0,0.0,0.0,0.0,0.0,0.0,0.0,0.0,0.0,0.0,0.0,0.0,0.0,0.0,0.0,1.0,0.0,0.0,0.0,0.0,0.0,1.0,0.0,0.0,0.0,0.0,0.0,6.0,3.0,0.0,0.0,34.0,46.0,9.0,9.0
374,1.0,374.0,London_198,,151,453,1092.0,70.0,2.0,140883.0,0.4227588230278343,764.0,6.0,0.0,6.0,11.0,0.0,11.0,185.0,54.0,167.0,34.0,141.0,11.0,35.0,0.0,11.0,11.0,76.0,138.0,228.0,65.0,0.0,0.0,0.0,0.0,0.0,0.0,0.0,0.0,0.0,1.0,0.0,0.0,0.0,0.0,0.0,1.0,0.0,0.0,0.0,1.0,0.0,0.0,0.0,0.0,0.0,0.0,0.0,0.0,0.0,0.0,0.0,0.0,0.0,0.0,0.0,0.0,0.0,0.0,0.0,0.0,0.0,0.0,0.0,0.0,0.0,0.0,0.0,0.0,0.0,0.0,1.0,2.0,0.0,1.0,0.0,0.0,0.0,0.0,0.0,0.0,0.0,0.0,0.0,0.0,0.0,0.0,0.0,0.0,0.0,0.0,0.0,0.0,0.0,0.0,0.0,0.0,0.0,0.0,0.0,0.0,0.0,0.0,0.0,0.0,1.0,2.0,0.0,2.0
375,1.0,375.0,London_198,,151,453,1092.0,70.0,2.0,187089.0,0.47880675503984094,866.0,108.0,0.0,108.0,178.0,0.0,178.0,8.0,55.0,167.0,33.0,140.0,11.0,36.0,0.0,11.0,12.0,77.0,138.0,226.0,63.0,0.0,0.0,0.0,0.0,0.0,0.0,0.0,0.0,0.0,38.0,0.0,6.0,1.0,24.0,0.0,6.0,1.0,0.0,0.0,38.0,0.0,0.0,0.0,0.0,0.0,0.0,0.0,0.0,0.0,0.0,0.0,0.0,0.0,0.0,0.0,0.0,0.0,0.0,0.0,0.0,0.0,0.0,0.0,0.0,2.0,1.0,2.0,2.0,0.0,0.0,9.0,22.0,5.0,3.0,0.0,0.0,0.0,0.0,0.0,0.0,0.0,0.0,0.0,0.0,0.0,0.0,0.0,0.0,0.0,0.0,0.0,0.0,0.0,0.0,0.0,0.0,0.0,0.0,2.0,2.0,3.0,3.0,0.0,0.0,12.0,26.0,5.0,5.0
376,1.0,376.0,London_198,,151,453,1092.0,70.0,2.0,173499.0,0.48601916898041964,836.0,57.0,2.0,55.0,111.0,17.0,94.0,115.0,66.0,170.0,35.0,135.0,6.0,30.0,1.0,10.0,18.0,76.0,145.0,214.0,56.0,0.0,0.0,0.0,0.0,0.0,0.0,0.0,0.0,0.0,20.0,0.0,2.0,2.0,12.0,0.0,4.0,0.0,0.0,2.0,18.0,0.0,0.0,0.0,0.0,0.0,0.0,0.0,0.0,0.0,0.0,0.0,0.0,0.0,1.0,0.0,0.0,0.0,0.0,0.0,0.0,0.0,0.0,0.0,0.0,0.0,0.0,0.0,0.0,0.0,0.0,9.0,8.0,1.0,1.0,0.0,0.0,0.0,0.0,0.0,0.0,0.0,0.0,0.0,0.0,0.0,0.0,0.0,1.0,0.0,0.0,0.0,0.0,0.0,0.0,0.0,0.0,0.0,0.0,0.0,0.0,0.0,0.0,0.0,0.0,11.0,12.0,1.0,3.0
377,1.0,377.0,London_198,,151,453,1092.0,70.0,2.0,195696.0,0.4748403967823833,885.0,137.0,2.0,135.0,254.0,18.0,236.0,62.0,67.0,178.0,29.0,128.0,8.0,30.0,1.0,12.0,18.0,74.0,149.0,212.0,55.0,0.0,0.0,0.0,0.0,0.0,0.0,0.0,0.0,0.0,55.0,0.0,10.0,1.0,33.0,0.0,10.0,0.0,1.0,2.0,53.0,0.0,0.0,0.0,0.0,0.0,0.0,0.0,0.0,0.0,0.0,0.0,0.0,0.0,0.0,0.0,0.0,0.0,0.0,0.0,0.0,1.0,0.0,0.0,0.0,0.0,0.0,2.0,1.0,0.0,2.0,13.0,21.0,2.0,4.0,0.0,0.0,0.0,0.0,0.0,0.0,0.0,0.0,0.0,0.0,0.0,0.0,0.0,0.0,0.0,0.0,0.0,0.0,0.0,0.0,1.0,0.0,0.0,0.0,0.0,0.0,2.0,4.0,0.0,2.0,25.0,28.0,3.0,6.0
378,1.0,378.0,London_198,,151,453,1092.0,70.0,2.0,169422.0,0.42272541392594576,827.0,179.0,2.0,177.0,327.0,18.0,309.0,149.0,53.0,186.0,35.0,121.0,11.0,34.0,1.0,12.0,13.0,70.0,135.0,235.0,58.0,0.0,0.0,0.0,0.0,0.0,0.0,0.0,0.0,0.0,52.0,0.0,12.0,3.0,30.0,0.0,5.0,0.0,2.0,1.0,51.0,0.0,0.0,0.0,0.0,0.0,0.0,0.0,0.0,0.0,0.0,0.0,0.0,0.0,0.0,1.0,0.0,0.0,0.0,0.0,0.0,2.0,0.0,0.0,0.0,0.0,0.0,5.0,2.0,1.0,5.0,16.0,29.0,1.0,2.0,0.0,0.0,0.0,0.0,0.0,0.0,0.0,0.0,0.0,0.0,0.0,0.0,0.0,0.0,5.0,0.0,0.0,0.0,0.0,0.0,3.0,0.0,0.0,0.0,0.0,0.0,8.0,3.0,1.0,5.0,26.0,43.0,1.0,5.0
379,1.0,379.0,London_198,,151,453,1092.0,70.0,2.0,126840.0,0.6585633510258049,733.0,3.0,0.0,3.0,6.0,0.0,6.0,233.0,53.0,165.0,38.0,127.0,13.0,45.0,3.0,9.0,8.0,70.0,139.0,236.0,39.0,0.0,0.0,0.0,0.0,0.0,0.0,0.0,0.0,0.0,1.0,0.0,0.0,0.0,0.0,0.0,0.0,0.0,1.0,0.0,1.0,0.0,0.0,0.0,0.0,0.0,0.0,0.0,0.0,0.0,0.0,0.0,0.0,0.0,0.0,0.0,0.0,0.0,0.0,0.0,0.0,0.0,0.0,0.0,0.0,0.0,0.0,0.0,0.0,0.0,0.0,1.0,0.0,0.0,0.0,0.0,0.0,0.0,0.0,0.0,0.0,0.0,0.0,0.0,0.0,0.0,0.0,0.0,0.0,0.0,0.0,0.0,0.0,0.0,0.0,0.0,0.0,0.0,0.0,0.0,0.0,0.0,0.0,0.0,0.0,2.0,0.0,0.0,0.0
380,1.0,380.0,London_198,,151,453,1092.0,70.0,2.0,161268.0,0.5921517489477992,809.0,57.0,1.0,56.0,109.0,11.0,98.0,5.0,53.0,166.0,39.0,125.0,14.0,44.0,3.0,9.0,8.0,71.0,138.0,236.0,41.0,0.0,0.0,0.0,0.0,0.0,0.0,0.0,0.0,0.0,16.0,0.0,5.0,0.0,9.0,1.0,0.0,0.0,1.0,1.0,15.0,0.0,0.0,0.0,0.0,0.0,0.0,0.0,0.0,0.0,0.0,0.0,0.0,0.0,0.0,0.0,0.0,0.0,0.0,0.0,0.0,0.0,0.0,0.0,0.0,0.0,1.0,1.0,1.0,0.0,0.0,4.0,16.0,4.0,1.0,0.0,0.0,0.0,0.0,0.0,0.0,0.0,0.0,0.0,0.0,0.0,0.0,0.0,0.0,0.0,0.0,0.0,0.0,0.0,0.0,0.0,0.0,0.0,0.0,0.0,1.0,1.0,1.0,0.0,0.0,7.0,23.0,5.0,2.0
381,1.0,381.0,London_198,,151,453,1092.0,70.0,2.0,177576.0,0.5838325209915638,845.0,157.0,1.0,156.0,286.0,10.0,276.0,74.0,63.0,154.0,43.0,124.0,13.0,41.0,4.0,11.0,9.0,70.0,140.0,234.0,40.0,0.0,0.0,0.0,0.0,0.0,0.0,0.0,0.0,0.0,57.0,0.0,17.0,2.0,31.0,1.0,4.0,0.0,2.0,1.0,56.0,0.0,0.0,0.0,0.0,0.0,0.0,0.0,0.0,0.0,0.0,0.0,0.0,0.0,0.0,0.0,0.0,0.0,0.0,0.0,0.0,0.0,0.0,2.0,0.0,1.0,1.0,4.0,2.0,1.0,4.0,16.0,25.0,3.0,3.0,0.0,0.0,0.0,0.0,0.0,0.0,0.0,0.0,0.0,0.0,0.0,0.0,0.0,0.0,0.0,0.0,0.0,0.0,0.0,0.0,0.0,0.0,2.0,0.0,1.0,2.0,4.0,2.0,1.0,4.0,20.0,34.0,6.0,5.0
382,1.0,382.0,London_198,,151,453,1092.0,70.0,2.0,138165.0,0.5128212019335479,758.0,23.0,0.0,23.0,37.0,0.0,37.0,185.0,66.0,165.0,45.0,121.0,14.0,32.0,3.0,7.0,8.0,64.0,157.0,224.0,28.0,0.0,0.0,0.0,0.0,0.0,0.0,0.0,0.0,0.0,0.0,0.0,0.0,0.0,0.0,0.0,0.0,0.0,0.0,0.0,0.0,0.0,0.0,0.0,0.0,0.0,0.0,0.0,0.0,0.0,0.0,0.0,0.0,0.0,0.0,0.0,0.0,0.0,0.0,0.0,0.0,0.0,0.0,0.0,0.0,1.0,0.0,1.0,0.0,1.0,1.0,2.0,5.0,2.0,2.0,0.0,0.0,0.0,0.0,0.0,0.0,0.0,0.0,0.0,0.0,0.0,0.0,0.0,0.0,0.0,0.0,0.0,0.0,0.0,0.0,0.0,0.0,0.0,0.0,1.0,0.0,1.0,0.0,1.0,3.0,4.0,6.0,2.0,2.0
383,1.0,383.0,London_198,,151,453,1092.0,70.0,2.0,174405.0,0.5201728569809347,838.0,124.0,0.0,124.0,210.0,0.0,210.0,37.0,68.0,161.0,43.0,123.0,15.0,32.0,3.0,8.0,11.0,60.0,159.0,223.0,33.0,0.0,0.0,0.0,0.0,0.0,0.0,0.0,0.0,0.0,41.0,0.0,9.0,1.0,26.0,0.0,4.0,1.0,0.0,0.0,41.0,0.0,0.0,0.0,0.0,0.0,0.0,0.0,0.0,0.0,0.0,0.0,0.0,0.0,0.0,0.0,0.0,0.0,0.0,0.0,0.0,0.0,0.0,0.0,0.0,1.0,0.0,3.0,1.0,0.0,2.0,18.0,22.0,5.0,3.0,0.0,0.0,0.0,0.0,0.0,0.0,0.0,0.0,0.0,0.0,0.0,0.0,0.0,0.0,0.0,0.0,0.0,0.0,0.0,0.0,0.0,0.0,0.0,0.0,1.0,0.0,4.0,3.0,0.0,3.0,23.0,29.0,7.0,5.0
384,1.0,384.0,London_198,,151,453,1092.0,70.0,2.0,155379.0,0.4267639450263232,796.0,36.0,2.0,34.0,83.0,19.0,64.0,142.0,64.0,161.0,44.0,119.0,11.0,41.0,2.0,11.0,13.0,62.0,138.0,240.0,42.0,0.0,0.0,0.0,0.0,0.0,0.0,0.0,0.0,0.0,7.0,0.0,0.0,0.0,5.0,0.0,2.0,0.0,0.0,2.0,5.0,0.0,0.0,0.0,0.0,0.0,0.0,0.0,0.0,0.0,0.0,0.0,0.0,0.0,0.0,0.0,0.0,0.0,0.0,0.0,0.0,1.0,0.0,0.0,0.0,1.0,0.0,0.0,2.0,0.0,1.0,8.0,10.0,2.0,1.0,0.0,0.0,0.0,0.0,0.0,0.0,0.0,0.0,0.0,0.0,0.0,0.0,0.0,0.0,0.0,0.0,0.0,0.0,0.0,0.0,1.0,0.0,0.0,0.0,1.0,0.0,0.0,3.0,0.0,1.0,12.0,16.0,3.0,1.0
385,1.0,385.0,London_198,,151,453,1092.0,70.0,2.0,173952.0,0.5951685858890414,837.0,225.0,1.0,224.0,384.0,10.0,374.0,58.0,64.0,162.0,41.0,127.0,11.0,35.0,2.0,11.0,12.0,69.0,140.0,232.0,44.0,0.0,0.0,0.0,0.0,0.0,0.0,0.0,0.0,0.0,84.0,0.0,35.0,8.0,30.0,0.0,0.0,7.0,4.0,0.0,84.0,0.0,0.0,0.0,0.0,0.0,0.0,0.0,0.0,0.0,0.0,0.0,0.0,0.0,0.0,0.0,0.0,0.0,0.0,0.0,0.0,0.0,2.0,3.0,0.0,2.0,0.0,4.0,2.0,2.0,6.0,23.0,40.0,2.0,4.0,0.0,0.0,0.0,0.0,0.0,0.0,0.0,0.0,0.0,0.0,0.0,0.0,0.0,0.0,0.0,0.0,0.0,0.0,0.0,0.0,0.0,2.0,4.0,0.0,2.0,0.0,5.0,2.0,2.0,8.0,31.0,48.0,2.0,5.0
386,1.0,386.0,London_198,,151,453,1092.0,70.0,2.0,99660.0,0.25311452406458557,673.0,38.0,0.0,38.0,69.0,0.0,69.0,260.0,62.0,178.0,35.0,130.0,11.0,26.0,2.0,9.0,10.0,77.0,152.0,214.0,55.0,0.0,0.0,0.0,0.0,0.0,0.0,0.0,0.0,0.0,1.0,0.0,0.0,0.0,1.0,0.0,0.0,0.0,0.0,0.0,1.0,0.0,0.0,0.0,0.0,0.0,0.0,0.0,0.0,0.0,0.0,0.0,0.0,0.0,0.0,0.0,0.0,0.0,0.0,0.0,0.0,0.0,1.0,0.0,0.0,2.0,0.0,3.0,2.0,1.0,1.0,7.0,10.0,4.0,4.0,0.0,0.0,0.0,0.0,0.0,0.0,0.0,0.0,0.0,0.0,0.0,0.0,0.0,0.0,0.0,0.0,0.0,0.0,0.0,0.0,0.0,2.0,0.0,0.0,2.0,0.0,3.0,2.0,2.0,2.0,13.0,15.0,4.0,8.0
387,1.0,387.0,London_198,,151,453,1092.0,70.0,2.0,112344.0,0.26554934587329626,701.0,30.0,0.0,30.0,59.0,0.0,59.0,68.0,65.0,177.0,34.0,119.0,13.0,32.0,2.0,11.0,14.0,77.0,144.0,218.0,59.0,0.0,0.0,0.0,0.0,0.0,0.0,0.0,0.0,0.0,3.0,0.0,0.0,0.0,3.0,0.0,0.0,0.0,0.0,0.0,3.0,0.0,0.0,0.0,0.0,0.0,0.0,0.0,0.0,0.0,0.0,0.0,0.0,0.0,0.0,0.0,0.0,0.0,0.0,0.0,0.0,2.0,0.0,0.0,0.0,3.0,0.0,3.0,1.0,0.0,2.0,4.0,8.0,4.0,2.0,0.0,0.0,0.0,0.0,0.0,0.0,0.0,0.0,0.0,0.0,0.0,0.0,0.0,0.0,0.0,0.0,0.0,0.0,0.0,0.0,2.0,0.0,0.0,0.0,3.0,0.0,3.0,1.0,0.0,3.0,6.0,18.0,4.0,5.0
388,1.0,388.0,London_198,,151,453,1092.0,70.0,2.0,129105.0,0.5237452029250562,738.0,64.0,1.0,63.0,120.0,11.0,109.0,54.0,73.0,177.0,34.0,111.0,15.0,31.0,2.0,10.0,16.0,74.0,139.0,224.0,65.0,0.0,0.0,0.0,0.0,0.0,0.0,0.0,0.0,0.0,15.0,0.0,0.0,0.0,15.0,0.0,0.0,0.0,0.0,1.0,14.0,0.0,0.0,0.0,0.0,0.0,0.0,0.0,0.0,0.0,0.0,0.0,0.0,0.0,0.0,1.0,0.0,0.0,0.0,0.0,0.0,0.0,2.0,0.0,0.0,1.0,0.0,3.0,2.0,1.0,4.0,10.0,13.0,7.0,2.0,0.0,0.0,0.0,0.0,0.0,0.0,0.0,0.0,0.0,0.0,0.0,0.0,0.0,0.0,7.0,0.0,0.0,0.0,0.0,0.0,0.0,4.0,0.0,0.0,1.0,0.0,3.0,2.0,1.0,4.0,12.0,18.0,7.0,2.0
389,1.0,389.0,London_198,,151,453,1092.0,70.0,2.0,137712.0,0.4095846121199429,757.0,52.0,0.0,52.0,87.0,0.0,87.0,88.0,68.0,167.0,34.0,112.0,18.0,41.0,0.0,13.0,12.0,78.0,123.0,240.0,60.0,0.0,0.0,0.0,0.0,0.0,0.0,0.0,0.0,0.0,20.0,0.0,5.0,0.0,15.0,0.0,0.0,0.0,0.0,0.0,20.0,0.0,0.0,0.0,0.0,0.0,0.0,0.0,0.0,0.0,0.0,0.0,0.0,0.0,0.0,0.0,0.0,0.0,0.0,0.0,0.0,1.0,0.0,0.0,0.0,0.0,0.0,1.0,0.0,0.0,2.0,8.0,6.0,5.0,0.0,0.0,0.0,0.0,0.0,0.0,0.0,0.0,0.0,0.0,0.0,0.0,0.0,0.0,0.0,0.0,0.0,0.0,0.0,0.0,0.0,1.0,0.0,0.0,0.0,0.0,0.0,2.0,0.0,0.0,2.0,11.0,7.0,9.0,0.0
390,1.0,390.0,London_198,,151,453,1092.0,70.0,2.0,155379.0,0.6929763639345765,796.0,67.0,2.0,65.0,147.0,19.0,128.0,62.0,59.0,167.0,34.0,117.0,18.0,44.0,0.0,14.0,16.0,81.0,128.0,228.0,65.0,0.0,0.0,0.0,0.0,0.0,0.0,0.0,0.0,0.0,26.0,0.0,6.0,1.0,14.0,0.0,1.0,0.0,4.0,2.0,24.0,0.0,0.0,0.0,0.0,0.0,0.0,0.0,0.0,0.0,0.0,0.0,0.0,0.0,1.0,0.0,0.0,0.0,0.0,0.0,0.0,0.0,1.0,0.0,0.0,0.0,0.0,3.0,0.0,2.0,6.0,12.0,7.0,5.0,0.0,0.0,0.0,0.0,0.0,0.0,0.0,0.0,0.0,0.0,0.0,0.0,0.0,0.0,4.0,0.0,0.0,0.0,0.0,0.0,0.0,0.0,1.0,0.0,0.0,0.0,0.0,3.0,0.0,2.0,7.0,15.0,11.0,7.0,0.0
391,1.0,391.0,London_198,,151,453,1092.0,70.0,2.0,160362.0,0.5655939439311624,807.0,99.0,2.0,97.0,192.0,19.0,173.0,101.0,55.0,169.0,29.0,133.0,18.0,39.0,0.0,10.0,18.0,76.0,143.0,216.0,64.0,0.0,0.0,0.0,0.0,0.0,0.0,0.0,0.0,0.0,30.0,0.0,10.0,1.0,18.0,0.0,1.0,0.0,0.0,2.0,28.0,0.0,0.0,0.0,0.0,0.0,0.0,0.0,0.0,0.0,0.0,0.0,0.0,0.0,0.0,1.0,0.0,0.0,0.0,0.0,0.0,1.0,0.0,0.0,0.0,0.0,0.0,4.0,3.0,2.0,1.0,15.0,19.0,2.0,2.0,0.0,0.0,0.0,0.0,0.0,0.0,0.0,0.0,0.0,0.0,0.0,0.0,0.0,0.0,2.0,0.0,0.0,0.0,0.0,0.0,1.0,0.0,0.0,0.0,0.0,0.0,7.0,3.0,3.0,2.0,21.0,23.0,2.0,2.0
392,1.0,392.0,London_198,,151,453,1092.0,70.0,2.0,152661.0,0.3734342639800161,790.0,10.0,1.0,9.0,30.0,10.0,20.0,135.0,54.0,169.0,34.0,125.0,18.0,40.0,0.0,13.0,22.0,76.0,128.0,227.0,67.0,0.0,0.0,0.0,0.0,0.0,0.0,0.0,0.0,0.0,3.0,0.0,3.0,0.0,0.0,0.0,0.0,0.0,0.0,1.0,2.0,0.0,0.0,0.0,0.0,0.0,0.0,0.0,0.0,0.0,0.0,0.0,0.0,0.0,1.0,0.0,0.0,0.0,0.0,0.0,0.0,0.0,0.0,0.0,0.0,0.0,0.0,0.0,0.0,0.0,1.0,4.0,2.0,0.0,0.0,0.0,0.0,0.0,0.0,0.0,0.0,0.0,0.0,0.0,0.0,0.0,0.0,0.0,5.0,0.0,0.0,0.0,0.0,0.0,0.0,0.0,0.0,0.0,0.0,0.0,0.0,0.0,0.0,0.0,2.0,7.0,2.0,0.0,0.0
393,1.0,393.0,London_198,,151,453,1092.0,70.0,2.0,187089.0,0.6885137080680579,866.0,135.0,0.0,135.0,232.0,0.0,232.0,22.0,50.0,169.0,35.0,129.0,18.0,39.0,0.0,13.0,17.0,85.0,124.0,227.0,61.0,0.0,0.0,0.0,0.0,0.0,0.0,0.0,0.0,0.0,44.0,0.0,12.0,4.0,22.0,0.0,6.0,0.0,0.0,0.0,44.0,0.0,0.0,0.0,0.0,0.0,0.0,0.0,0.0,0.0,0.0,0.0,0.0,0.0,0.0,0.0,0.0,0.0,0.0,0.0,0.0,1.0,2.0,3.0,0.0,0.0,0.0,1.0,1.0,1.0,3.0,16.0,19.0,6.0,2.0,0.0,0.0,0.0,0.0,0.0,0.0,0.0,0.0,0.0,0.0,0.0,0.0,0.0,0.0,0.0,0.0,0.0,0.0,0.0,0.0,1.0,3.0,5.0,0.0,0.0,0.0,2.0,2.0,1.0,3.0,21.0,31.0,7.0,4.0
394,1.0,394.0,London_198,,151,453,1092.0,70.0,2.0,170781.0,0.5508857399690896,830.0,99.0,0.0,99.0,172.0,0.0,172.0,166.0,65.0,152.0,46.0,114.0,17.0,47.0,1.0,11.0,18.0,92.0,123.0,220.0,59.0,0.0,0.0,0.0,0.0,0.0,0.0,0.0,0.0,0.0,32.0,0.0,8.0,0.0,18.0,0.0,3.0,1.0,2.0,0.0,32.0,0.0,0.0,0.0,0.0,0.0,0.0,0.0,0.0,0.0,0.0,0.0,0.0,0.0,0.0,0.0,0.0,0.0,0.0,0.0,0.0,0.0,1.0,1.0,0.0,1.0,0.0,4.0,1.0,0.0,6.0,14.0,18.0,5.0,3.0,0.0,0.0,0.0,0.0,0.0,0.0,0.0,0.0,0.0,0.0,0.0,0.0,0.0,0.0,0.0,0.0,0.0,0.0,0.0,0.0,0.0,1.0,1.0,0.0,1.0,0.0,4.0,1.0,0.0,7.0,17.0,30.0,5.0,3.0
395,1.0,395.0,London_198,,151,453,1092.0,70.0,2.0,165798.0,0.6948450850322843,819.0,130.0,0.0,130.0,223.0,0.0,223.0,121.0,66.0,156.0,38.0,115.0,15.0,55.0,1.0,7.0,21.0,89.0,141.0,202.0,61.0,0.0,0.0,0.0,0.0,0.0,0.0,0.0,0.0,0.0,32.0,0.0,9.0,3.0,20.0,0.0,0.0,0.0,0.0,0.0,32.0,0.0,0.0,0.0,0.0,0.0,0.0,0.0,0.0,0.0,0.0,0.0,0.0,0.0,0.0,0.0,0.0,0.0,0.0,0.0,0.0,3.0,0.0,1.0,0.0,1.0,0.0,3.0,5.0,1.0,5.0,30.0,17.0,14.0,3.0,0.0,0.0,0.0,0.0,0.0,0.0,0.0,0.0,0.0,0.0,0.0,0.0,0.0,0.0,0.0,0.0,0.0,0.0,0.0,0.0,3.0,0.0,1.0,0.0,1.0,0.0,4.0,5.0,1.0,7.0,40.0,24.0,19.0,4.0
396,1.0,396.0,London_198,,151,453,1092.0,70.0,2.0,139524.0,0.5846390228252858,761.0,85.0,1.0,84.0,152.0,10.0,142.0,171.0,64.0,150.0,43.0,123.0,16.0,47.0,3.0,7.0,17.0,95.0,154.0,187.0,66.0,0.0,0.0,0.0,0.0,0.0,0.0,0.0,0.0,0.0,16.0,0.0,4.0,2.0,10.0,0.0,0.0,0.0,0.0,0.0,16.0,0.0,0.0,0.0,0.0,0.0,0.0,0.0,0.0,0.0,0.0,0.0,0.0,0.0,0.0,1.0,0.0,0.0,0.0,0.0,0.0,2.0,0.0,0.0,1.0,0.0,0.0,5.0,4.0,0.0,7.0,18.0,15.0,2.0,9.0,0.0,0.0,0.0,0.0,0.0,0.0,0.0,0.0,0.0,0.0,0.0,0.0,0.0,0.0,8.0,0.0,0.0,0.0,0.0,0.0,2.0,0.0,0.0,3.0,0.0,0.0,6.0,4.0,0.0,11.0,27.0,25.0,2.0,12.0
397,1.0,397.0,London_198,,151,453,1092.0,70.0,2.0,134541.0,0.4070682991296053,750.0,24.0,2.0,22.0,57.0,19.0,38.0,128.0,55.0,157.0,33.0,127.0,17.0,49.0,4.0,11.0,15.0,82.0,158.0,198.0,65.0,0.0,0.0,0.0,0.0,0.0,0.0,0.0,0.0,0.0,5.0,0.0,0.0,0.0,4.0,0.0,1.0,0.0,0.0,1.0,4.0,0.0,0.0,0.0,0.0,0.0,0.0,0.0,0.0,0.0,0.0,1.0,0.0,0.0,0.0,0.0,1.0,0.0,0.0,0.0,0.0,1.0,1.0,0.0,0.0,0.0,0.0,0.0,1.0,1.0,1.0,3.0,7.0,4.0,1.0,0.0,0.0,0.0,0.0,0.0,0.0,0.0,0.0,0.0,0.0,2.0,0.0,0.0,0.0,0.0,2.0,0.0,0.0,0.0,0.0,1.0,1.0,0.0,0.0,0.0,0.0,0.0,1.0,1.0,2.0,5.0,10.0,6.0,2.0
398,1.0,398.0,London_198,,151,453,1092.0,70.0,2.0,159003.0,0.48320150515064597,804.0,108.0,2.0,106.0,190.0,18.0,172.0,44.0,60.0,167.0,34.0,118.0,16.0,41.0,4.0,13.0,11.0,74.0,157.0,211.0,55.0,0.0,0.0,0.0,0.0,0.0,0.0,0.0,0.0,0.0,30.0,0.0,10.0,1.0,17.0,0.0,1.0,0.0,1.0,2.0,28.0,0.0,0.0,0.0,0.0,0.0,0.0,0.0,0.0,0.0,0.0,0.0,0.0,0.0,0.0,0.0,0.0,0.0,0.0,0.0,0.0,1.0,0.0,0.0,1.0,2.0,0.0,7.0,7.0,1.0,3.0,18.0,27.0,9.0,8.0,0.0,0.0,0.0,0.0,0.0,0.0,0.0,0.0,0.0,0.0,0.0,0.0,0.0,0.0,0.0,0.0,0.0,0.0,0.0,0.0,1.0,0.0,0.0,2.0,2.0,0.0,9.0,8.0,2.0,3.0,24.0,32.0,13.0,10.0
399,1.0,399.0,London_198,,151,453,1092.0,70.0,2.0,148131.0,0.4150431191083044,780.0,113.0,0.0,113.0,209.0,0.0,209.0,139.0,57.0,162.0,35.0,132.0,11.0,41.0,5.0,10.0,9.0,70.0,161.0,213.0,50.0,0.0,0.0,0.0,0.0,0.0,0.0,0.0,0.0,0.0,27.0,0.0,13.0,1.0,13.0,0.0,0.0,0.0,0.0,0.0,27.0,0.0,0.0,0.0,0.0,0.0,0.0,0.0,0.0,0.0,0.0,0.0,0.0,0.0,0.0,0.0,0.0,0.0,0.0,0.0,0.0,2.0,1.0,2.0,1.0,3.0,0.0,1.0,4.0,1.0,6.0,17.0,27.0,6.0,6.0,0.0,0.0,0.0,0.0,0.0,0.0,0.0,0.0,0.0,0.0,0.0,0.0,0.0,0.0,0.0,0.0,0.0,0.0,0.0,0.0,3.0,1.0,2.0,2.0,3.0,0.0,1.0,5.0,1.0,7.0,24.0,39.0,10.0,7.0
400,1.0,400.0,London_198,,151,453,1092.0,70.0,2.0,133182.0,0.2691032870206982,747.0,66.0,0.0,66.0,120.0,0.0,120.0,167.0,66.0,156.0,36.0,122.0,12.0,45.0,3.0,13.0,8.0,65.0,159.0,221.0,47.0,0.0,0.0,0.0,0.0,0.0,0.0,0.0,0.0,0.0,4.0,0.0,1.0,0.0,3.0,0.0,0.0,0.0,0.0,0.0,4.0,0.0,0.0,0.0,0.0,0.0,0.0,0.0,0.0,0.0,0.0,0.0,0.0,0.0,0.0,0.0,0.0,0.0,0.0,0.0,0.0,2.0,0.0,0.0,1.0,0.0,0.0,2.0,5.0,2.0,11.0,14.0,12.0,5.0,6.0,0.0,0.0,0.0,0.0,0.0,0.0,0.0,0.0,0.0,0.0,0.0,0.0,0.0,0.0,0.0,0.0,0.0,0.0,0.0,0.0,2.0,0.0,0.0,2.0,0.0,0.0,3.0,6.0,2.0,14.0,23.0,19.0,6.0,9.0
401,1.0,401.0,London_198,,151,453,1092.0,70.0,2.0,131370.0,0.28430131101049483,743.0,97.0,2.0,95.0,169.0,16.0,153.0,112.0,67.0,149.0,35.0,127.0,13.0,47.0,3.0,12.0,7.0,63.0,149.0,234.0,52.0,0.0,0.0,0.0,0.0,0.0,0.0,0.0,0.0,0.0,8.0,0.0,0.0,0.0,8.0,0.0,0.0,0.0,0.0,0.0,8.0,0.0,0.0,0.0,0.0,0.0,0.0,0.0,0.0,0.0,0.0,0.0,0.0,0.0,0.0,1.0,0.0,0.0,0.0,0.0,0.0,4.0,5.0,1.0,0.0,2.0,1.0,5.0,4.0,9.0,4.0,12.0,22.0,11.0,2.0,0.0,0.0,0.0,0.0,0.0,0.0,0.0,0.0,0.0,0.0,0.0,0.0,0.0,0.0,7.0,0.0,0.0,0.0,0.0,0.0,4.0,6.0,1.0,0.0,2.0,2.0,6.0,6.0,11.0,5.0,17.0,30.0,13.0,2.0
402,1.0,402.0,London_198,,151,453,1092.0,70.0,2.0,122763.0,0.27008870313875377,724.0,33.0,1.0,32.0,63.0,9.0,54.0,155.0,61.0,150.0,44.0,136.0,12.0,38.0,3.0,9.0,5.0,63.0,144.0,241.0,46.0,0.0,0.0,0.0,0.0,0.0,0.0,0.0,0.0,0.0,2.0,0.0,0.0,0.0,2.0,0.0,0.0,0.0,0.0,1.0,1.0,0.0,0.0,0.0,0.0,0.0,0.0,0.0,0.0,0.0,0.0,0.0,0.0,0.0,0.0,0.0,0.0,0.0,0.0,0.0,0.0,1.0,0.0,0.0,0.0,1.0,0.0,5.0,3.0,2.0,1.0,5.0,7.0,3.0,0.0,0.0,0.0,0.0,0.0,0.0,0.0,0.0,0.0,0.0,0.0,0.0,0.0,0.0,0.0,0.0,0.0,0.0,0.0,0.0,0.0,1.0,0.0,0.0,0.0,1.0,0.0,8.0,5.0,2.0,1.0,8.0,11.0,3.0,0.0
403,1.0,403.0,London_198,,151,453,1092.0,70.0,2.0,155379.0,0.4795784188900143,796.0,80.0,0.0,80.0,135.0,0.0,135.0,59.0,59.0,155.0,42.0,128.0,13.0,42.0,5.0,9.0,4.0,72.0,144.0,233.0,43.0,0.0,0.0,0.0,0.0,0.0,0.0,0.0,0.0,0.0,23.0,0.0,13.0,0.0,6.0,1.0,3.0,0.0,0.0,0.0,23.0,0.0,0.0,0.0,0.0,0.0,0.0,0.0,0.0,0.0,0.0,0.0,0.0,0.0,0.0,0.0,0.0,0.0,0.0,0.0,0.0,0.0,0.0,0.0,0.0,0.0,0.0,0.0,5.0,0.0,2.0,9.0,20.0,3.0,2.0,0.0,0.0,0.0,0.0,0.0,0.0,0.0,0.0,0.0,0.0,0.0,0.0,0.0,0.0,0.0,0.0,0.0,0.0,0.0,0.0,0.0,0.0,0.0,0.0,0.0,0.0,0.0,7.0,0.0,3.0,15.0,29.0,5.0,3.0
404,1.0,404.0,London_198,,151,453,1092.0,70.0,2.0,159909.0,0.37912649591453373,806.0,57.0,2.0,55.0,116.0,18.0,98.0,98.0,61.0,154.0,38.0,120.0,14.0,48.0,7.0,11.0,6.0,70.0,153.0,224.0,47.0,0.0,0.0,0.0,0.0,0.0,0.0,0.0,0.0,0.0,16.0,0.0,4.0,0.0,10.0,0.0,2.0,0.0,0.0,2.0,14.0,0.0,0.0,0.0,0.0,0.0,0.0,0.0,0.0,0.0,0.0,0.0,0.0,0.0,0.0,0.0,1.0,0.0,0.0,0.0,0.0,0.0,0.0,0.0,0.0,0.0,0.0,2.0,2.0,1.0,1.0,11.0,13.0,6.0,3.0,0.0,0.0,0.0,0.0,0.0,0.0,0.0,0.0,0.0,0.0,0.0,0.0,0.0,0.0,0.0,3.0,0.0,0.0,0.0,0.0,0.0,0.0,0.0,0.0,0.0,0.0,2.0,2.0,1.0,1.0,16.0,19.0,8.0,3.0
405,1.0,405.0,London_198,,151,453,1092.0,70.0,2.0,173046.0,0.43364460906013846,835.0,133.0,2.0,131.0,248.0,18.0,230.0,81.0,58.0,149.0,37.0,134.0,12.0,46.0,5.0,12.0,7.0,73.0,150.0,223.0,42.0,0.0,0.0,0.0,0.0,0.0,0.0,0.0,0.0,0.0,47.0,0.0,14.0,2.0,24.0,2.0,0.0,0.0,5.0,2.0,45.0,0.0,0.0,0.0,0.0,0.0,0.0,0.0,0.0,0.0,0.0,0.0,0.0,0.0,0.0,0.0,0.0,0.0,0.0,0.0,0.0,1.0,0.0,1.0,0.0,0.0,0.0,3.0,2.0,2.0,4.0,9.0,22.0,9.0,4.0,0.0,0.0,0.0,0.0,0.0,0.0,0.0,0.0,0.0,0.0,0.0,0.0,0.0,0.0,0.0,0.0,0.0,0.0,0.0,0.0,1.0,0.0,1.0,0.0,0.0,0.0,4.0,4.0,3.0,5.0,13.0,27.0,12.0,5.0
406,1.0,406.0,London_198,,151,453,1092.0,70.0,2.0,151755.0,0.5996395719703287,788.0,6.0,0.0,6.0,9.0,0.0,9.0,148.0,66.0,150.0,30.0,136.0,6.0,47.0,4.0,14.0,8.0,69.0,158.0,218.0,47.0,0.0,0.0,0.0,0.0,0.0,0.0,0.0,0.0,0.0,0.0,0.0,0.0,0.0,0.0,0.0,0.0,0.0,0.0,0.0,0.0,0.0,0.0,0.0,0.0,0.0,0.0,0.0,0.0,0.0,0.0,0.0,0.0,0.0,0.0,0.0,0.0,0.0,0.0,0.0,0.0,0.0,0.0,0.0,0.0,0.0,0.0,0.0,0.0,0.0,0.0,1.0,2.0,0.0,1.0,0.0,0.0,0.0,0.0,0.0,0.0,0.0,0.0,0.0,0.0,0.0,0.0,0.0,0.0,0.0,0.0,0.0,0.0,0.0,0.0,0.0,0.0,0.0,0.0,0.0,0.0,0.0,0.0,0.0,0.0,1.0,2.0,0.0,1.0
407,1.0,407.0,London_198,,151,453,1092.0,70.0,2.0,185730.0,0.5957531710155308,863.0,122.0,0.0,122.0,208.0,0.0,208.0,9.0,66.0,153.0,30.0,132.0,8.0,46.0,4.0,14.0,9.0,70.0,157.0,217.0,46.0,0.0,0.0,0.0,0.0,0.0,0.0,0.0,0.0,0.0,50.0,0.0,17.0,2.0,29.0,1.0,0.0,0.0,1.0,0.0,50.0,0.0,0.0,0.0,0.0,0.0,0.0,0.0,0.0,0.0,0.0,0.0,0.0,0.0,0.0,0.0,0.0,0.0,0.0,0.0,0.0,0.0,0.0,0.0,0.0,1.0,0.0,1.0,1.0,0.0,3.0,18.0,13.0,3.0,3.0,0.0,0.0,0.0,0.0,0.0,0.0,0.0,0.0,0.0,0.0,0.0,0.0,0.0,0.0,0.0,0.0,0.0,0.0,0.0,0.0,0.0,0.0,0.0,0.0,1.0,0.0,2.0,1.0,0.0,4.0,25.0,23.0,4.0,3.0
408,1.0,408.0,London_198,,151,453,1092.0,70.0,2.0,168063.0,0.38417026307433844,824.0,95.0,2.0,93.0,176.0,17.0,159.0,125.0,70.0,150.0,32.0,130.0,8.0,46.0,6.0,11.0,7.0,73.0,171.0,202.0,50.0,0.0,0.0,0.0,0.0,0.0,0.0,0.0,0.0,0.0,30.0,0.0,12.0,1.0,13.0,1.0,2.0,0.0,1.0,2.0,28.0,0.0,0.0,0.0,0.0,0.0,0.0,0.0,0.0,0.0,0.0,0.0,0.0,0.0,0.0,0.0,0.0,0.0,0.0,0.0,0.0,1.0,0.0,1.0,0.0,1.0,0.0,0.0,0.0,0.0,1.0,13.0,12.0,6.0,0.0,0.0,0.0,0.0,0.0,0.0,0.0,0.0,0.0,0.0,0.0,0.0,0.0,0.0,0.0,0.0,0.0,0.0,0.0,0.0,0.0,1.0,0.0,1.0,0.0,2.0,0.0,0.0,0.0,0.0,2.0,14.0,20.0,8.0,0.0
409,1.0,409.0,London_198,,151,453,1092.0,70.0,2.0,155832.0,0.46995033393613994,797.0,121.0,0.0,121.0,202.0,0.0,202.0,109.0,61.0,141.0,35.0,139.0,9.0,53.0,3.0,12.0,7.0,85.0,155.0,206.0,46.0,0.0,0.0,0.0,0.0,0.0,0.0,0.0,0.0,0.0,28.0,0.0,9.0,2.0,14.0,1.0,0.0,0.0,2.0,0.0,28.0,0.0,0.0,0.0,0.0,0.0,0.0,0.0,0.0,0.0,0.0,0.0,0.0,0.0,0.0,0.0,0.0,0.0,0.0,0.0,0.0,3.0,1.0,1.0,0.0,1.0,0.0,2.0,1.0,2.0,5.0,16.0,28.0,12.0,7.0,0.0,0.0,0.0,0.0,0.0,0.0,0.0,0.0,0.0,0.0,0.0,0.0,0.0,0.0,0.0,0.0,0.0,0.0,0.0,0.0,3.0,1.0,1.0,0.0,1.0,0.0,3.0,1.0,3.0,7.0,24.0,37.0,13.0,7.0
410,1.0,410.0,London_198,,151,453,1092.0,70.0,2.0,130464.0,0.31342965085059404,741.0,124.0,2.0,122.0,222.0,20.0,202.0,158.0,71.0,138.0,33.0,142.0,9.0,45.0,3.0,12.0,10.0,73.0,145.0,225.0,52.0,0.0,0.0,0.0,0.0,0.0,0.0,0.0,0.0,0.0,15.0,0.0,2.0,1.0,11.0,0.0,0.0,0.0,1.0,1.0,14.0,0.0,0.0,0.0,0.0,0.0,0.0,0.0,0.0,0.0,0.0,0.0,0.0,0.0,0.0,2.0,0.0,0.0,0.0,0.0,0.0,1.0,2.0,0.0,1.0,2.0,0.0,10.0,5.0,3.0,8.0,19.0,21.0,12.0,5.0,0.0,0.0,0.0,0.0,0.0,0.0,0.0,0.0,0.0,0.0,0.0,0.0,0.0,0.0,11.0,0.0,0.0,0.0,0.0,0.0,1.0,3.0,0.0,2.0,2.0,0.0,12.0,6.0,3.0,12.0,27.0,28.0,13.0,7.0
411,1.0,411.0,London_198,,151,453,1092.0,70.0,2.0,108267.0,0.27798337885178626,692.0,24.0,2.0,22.0,53.0,15.0,38.0,196.0,71.0,151.0,36.0,123.0,12.0,41.0,3.0,16.0,12.0,69.0,136.0,236.0,55.0,0.0,0.0,0.0,0.0,0.0,0.0,0.0,0.0,0.0,0.0,0.0,0.0,0.0,0.0,0.0,0.0,0.0,0.0,0.0,0.0,0.0,0.0,0.0,0.0,0.0,0.0,0.0,0.0,0.0,1.0,0.0,0.0,1.0,0.0,0.0,2.0,0.0,0.0,0.0,0.0,1.0,2.0,0.0,1.0,1.0,0.0,4.0,0.0,1.0,2.0,3.0,5.0,3.0,2.0,0.0,0.0,0.0,0.0,0.0,0.0,0.0,0.0,0.0,4.0,0.0,0.0,3.0,0.0,0.0,4.0,0.0,0.0,0.0,0.0,1.0,4.0,0.0,2.0,1.0,0.0,5.0,0.0,1.0,3.0,5.0,9.0,4.0,3.0
412,1.0,412.0,London_198,,151,453,1092.0,70.0,2.0,128199.0,0.27980818785727024,736.0,107.0,1.0,106.0,190.0,9.0,181.0,53.0,72.0,154.0,37.0,128.0,14.0,34.0,2.0,12.0,9.0,71.0,130.0,243.0,50.0,0.0,0.0,0.0,0.0,0.0,0.0,0.0,0.0,0.0,13.0,0.0,0.0,1.0,11.0,0.0,1.0,0.0,0.0,1.0,12.0,0.0,0.0,0.0,0.0,0.0,0.0,0.0,0.0,0.0,0.0,0.0,0.0,1.0,0.0,0.0,0.0,0.0,0.0,0.0,0.0,2.0,1.0,0.0,2.0,3.0,0.0,4.0,4.0,4.0,9.0,22.0,23.0,8.0,5.0,0.0,0.0,0.0,0.0,0.0,0.0,0.0,0.0,0.0,0.0,0.0,0.0,2.0,0.0,0.0,0.0,0.0,0.0,0.0,0.0,2.0,2.0,0.0,4.0,3.0,0.0,6.0,7.0,6.0,12.0,37.0,32.0,9.0,6.0
413,1.0,413.0,London_198,,151,453,1092.0,70.0,2.0,120045.0,0.2588302199728787,718.0,30.0,1.0,29.0,58.0,8.0,50.0,166.0,69.0,150.0,34.0,138.0,19.0,32.0,0.0,11.0,11.0,74.0,144.0,224.0,62.0,0.0,0.0,0.0,0.0,0.0,0.0,0.0,0.0,0.0,1.0,0.0,0.0,0.0,1.0,0.0,0.0,0.0,0.0,0.0,1.0,0.0,0.0,0.0,0.0,0.0,0.0,0.0,0.0,0.0,0.0,0.0,0.0,0.0,0.0,1.0,0.0,0.0,0.0,0.0,0.0,0.0,2.0,0.0,0.0,0.0,0.0,2.0,3.0,0.0,1.0,2.0,5.0,5.0,2.0,0.0,0.0,0.0,0.0,0.0,0.0,0.0,0.0,0.0,0.0,0.0,0.0,0.0,0.0,6.0,0.0,0.0,0.0,0.0,0.0,0.0,3.0,0.0,0.0,0.0,0.0,3.0,3.0,0.0,4.0,4.0,7.0,7.0,5.0
414,1.0,414.0,London_198,,151,453,1092.0,70.0,2.0,149490.0,0.8085324680432677,783.0,64.0,0.0,64.0,108.0,0.0,108.0,57.0,63.0,156.0,37.0,129.0,21.0,36.0,0.0,11.0,10.0,73.0,150.0,220.0,60.0,0.0,0.0,0.0,0.0,0.0,0.0,0.0,0.0,0.0,19.0,0.0,3.0,2.0,11.0,0.0,0.0,1.0,2.0,0.0,19.0,0.0,0.0,0.0,0.0,0.0,0.0,0.0,0.0,0.0,0.0,0.0,0.0,0.0,0.0,0.0,0.0,0.0,0.0,0.0,0.0,0.0,0.0,0.0,0.0,1.0,0.0,2.0,2.0,2.0,4.0,5.0,9.0,7.0,0.0,0.0,0.0,0.0,0.0,0.0,0.0,0.0,0.0,0.0,0.0,0.0,0.0,0.0,0.0,0.0,0.0,0.0,0.0,0.0,0.0,0.0,0.0,0.0,0.0,1.0,0.0,4.0,2.0,2.0,5.0,8.0,16.0,7.0,0.0
415,1.0,415.0,London_198,,151,453,1092.0,70.0,2.0,176217.0,0.5560972339008003,842.0,6.0,2.0,4.0,25.0,19.0,6.0,78.0,68.0,161.0,35.0,122.0,23.0,34.0,0.0,10.0,9.0,79.0,148.0,217.0,51.0,0.0,0.0,0.0,0.0,0.0,0.0,0.0,0.0,0.0,3.0,0.0,2.0,0.0,0.0,1.0,0.0,0.0,0.0,2.0,1.0,0.0,0.0,0.0,0.0,0.0,0.0,0.0,0.0,0.0,0.0,0.0,0.0,0.0,0.0,1.0,0.0,0.0,0.0,0.0,0.0,0.0,0.0,0.0,0.0,0.0,0.0,1.0,0.0,0.0,1.0,1.0,0.0,1.0,0.0,0.0,0.0,0.0,0.0,0.0,0.0,0.0,0.0,0.0,0.0,0.0,0.0,0.0,0.0,1.0,0.0,0.0,0.0,0.0,0.0,0.0,0.0,0.0,0.0,0.0,0.0,1.0,0.0,0.0,1.0,1.0,0.0,1.0,0.0
416,1.0,416.0,London_198,,151,453,1092.0,70.0,2.0,239637.0,0.6929118689149618,982.0,134.0,0.0,134.0,230.0,0.0,230.0,9.0,66.0,162.0,36.0,124.0,20.0,34.0,0.0,11.0,9.0,81.0,145.0,218.0,53.0,0.0,0.0,0.0,0.0,0.0,0.0,0.0,0.0,0.0,70.0,5.0,35.0,7.0,23.0,0.0,0.0,0.0,0.0,0.0,70.0,0.0,0.0,0.0,0.0,0.0,0.0,0.0,0.0,0.0,0.0,0.0,0.0,0.0,0.0,0.0,0.0,0.0,0.0,0.0,0.0,1.0,0.0,0.0,0.0,0.0,1.0,0.0,1.0,0.0,2.0,13.0,16.0,8.0,1.0,0.0,0.0,0.0,0.0,0.0,0.0,0.0,0.0,0.0,0.0,0.0,0.0,0.0,0.0,0.0,0.0,0.0,0.0,0.0,0.0,1.0,0.0,0.0,0.0,0.0,2.0,0.0,1.0,0.0,5.0,18.0,24.0,9.0,2.0
417,1.0,417.0,London_198,,151,453,1092.0,70.0,2.0,226953.0,0.5072106458246708,954.0,171.0,0.0,171.0,286.0,0.0,286.0,117.0,63.0,171.0,31.0,131.0,17.0,30.0,0.0,10.0,11.0,73.0,144.0,225.0,57.0,0.0,0.0,0.0,0.0,0.0,0.0,0.0,0.0,0.0,78.0,0.0,31.0,5.0,37.0,0.0,5.0,0.0,0.0,0.0,78.0,0.0,0.0,0.0,0.0,0.0,0.0,0.0,0.0,0.0,0.0,0.0,0.0,0.0,0.0,0.0,0.0,0.0,0.0,0.0,0.0,0.0,2.0,3.0,0.0,2.0,0.0,0.0,2.0,0.0,3.0,20.0,17.0,9.0,1.0,0.0,0.0,0.0,0.0,0.0,0.0,0.0,0.0,0.0,0.0,0.0,0.0,0.0,0.0,0.0,0.0,0.0,0.0,0.0,0.0,0.0,2.0,3.0,0.0,3.0,0.0,0.0,2.0,0.0,4.0,30.0,22.0,12.0,1.0
418,1.0,418.0,London_198,,151,453,1092.0,70.0,2.0,188448.0,0.494001500075683,869.0,15.0,2.0,13.0,37.0,17.0,20.0,162.0,66.0,166.0,29.0,138.0,15.0,31.0,0.0,8.0,10.0,77.0,139.0,227.0,66.0,0.0,0.0,0.0,0.0,0.0,0.0,0.0,0.0,0.0,7.0,0.0,1.0,2.0,2.0,0.0,2.0,0.0,0.0,2.0,5.0,0.0,0.0,0.0,0.0,0.0,0.0,0.0,0.0,0.0,0.0,0.0,0.0,0.0,1.0,0.0,0.0,0.0,0.0,0.0,0.0,0.0,0.0,0.0,0.0,0.0,0.0,1.0,0.0,0.0,0.0,1.0,0.0,2.0,0.0,0.0,0.0,0.0,0.0,0.0,0.0,0.0,0.0,0.0,0.0,0.0,0.0,0.0,2.0,0.0,0.0,0.0,0.0,0.0,0.0,0.0,0.0,0.0,0.0,0.0,0.0,1.0,0.0,0.0,0.0,2.0,0.0,3.0,0.0
419,1.0,419.0,London_198,,151,453,1092.0,70.0,2.0,220611.0,0.6751423447858542,940.0,165.0,2.0,163.0,317.0,18.0,299.0,23.0,67.0,166.0,29.0,142.0,11.0,28.0,1.0,9.0,11.0,81.0,136.0,225.0,63.0,0.0,0.0,0.0,0.0,0.0,0.0,0.0,0.0,0.0,87.0,0.0,26.0,5.0,41.0,0.0,14.0,0.0,1.0,2.0,85.0,0.0,0.0,0.0,0.0,0.0,0.0,0.0,0.0,0.0,0.0,0.0,0.0,0.0,0.0,0.0,0.0,0.0,0.0,0.0,0.0,0.0,0.0,0.0,0.0,0.0,0.0,0.0,2.0,2.0,1.0,10.0,22.0,4.0,0.0,0.0,0.0,0.0,0.0,0.0,0.0,0.0,0.0,0.0,0.0,0.0,0.0,0.0,0.0,0.0,0.0,0.0,0.0,0.0,0.0,0.0,0.0,0.0,0.0,0.0,0.0,0.0,3.0,3.0,1.0,17.0,26.0,4.0,0.0
420,1.0,420.0,London_198,,151,453,1092.0,70.0,2.0,184824.0,0.4597789440304041,861.0,117.0,2.0,115.0,214.0,18.0,196.0,153.0,69.0,160.0,27.0,135.0,16.0,35.0,2.0,9.0,8.0,81.0,158.0,206.0,52.0,0.0,0.0,0.0,0.0,0.0,0.0,0.0,0.0,0.0,47.0,2.0,16.0,5.0,22.0,1.0,0.0,0.0,1.0,1.0,46.0,0.0,0.0,0.0,0.0,0.0,0.0,0.0,0.0,0.0,0.0,0.0,0.0,0.0,0.0,1.0,0.0,0.0,0.0,0.0,0.0,2.0,0.0,0.0,0.0,0.0,0.0,3.0,9.0,3.0,2.0,15.0,12.0,5.0,5.0,0.0,0.0,0.0,0.0,0.0,0.0,0.0,0.0,0.0,0.0,0.0,0.0,0.0,0.0,5.0,0.0,0.0,0.0,0.0,0.0,2.0,0.0,0.0,0.0,0.0,0.0,3.0,13.0,5.0,2.0,22.0,16.0,7.0,7.0
421,1.0,421.0,London_198,,151,453,1092.0,70.0,2.0,167610.0,0.42195166600868106,823.0,159.0,0.0,159.0,270.0,0.0,270.0,130.0,72.0,151.0,29.0,142.0,15.0,31.0,3.0,10.0,11.0,95.0,151.0,196.0,52.0,0.0,0.0,0.0,0.0,0.0,0.0,0.0,0.0,0.0,54.0,1.0,19.0,10.0,23.0,0.0,1.0,0.0,0.0,0.0,54.0,0.0,0.0,0.0,0.0,0.0,0.0,0.0,0.0,0.0,0.0,0.0,0.0,0.0,0.0,0.0,0.0,0.0,0.0,0.0,0.0,1.0,0.0,1.0,2.0,4.0,1.0,2.0,1.0,2.0,2.0,26.0,23.0,8.0,4.0,0.0,0.0,0.0,0.0,0.0,0.0,0.0,0.0,0.0,0.0,0.0,0.0,0.0,0.0,0.0,0.0,0.0,0.0,0.0,0.0,1.0,0.0,1.0,2.0,4.0,2.0,4.0,1.0,2.0,3.0,34.0,33.0,9.0,5.0
422,1.0,422.0,London_198,,151,453,1092.0,70.0,2.0,135900.0,0.33647148008458316,753.0,160.0,1.0,159.0,275.0,11.0,264.0,186.0,70.0,158.0,25.0,138.0,14.0,31.0,2.0,15.0,10.0,89.0,141.0,213.0,53.0,0.0,0.0,0.0,0.0,0.0,0.0,0.0,0.0,0.0,21.0,0.0,2.0,2.0,17.0,0.0,0.0,0.0,0.0,1.0,20.0,0.0,0.0,0.0,0.0,0.0,0.0,0.0,0.0,0.0,0.0,0.0,0.0,0.0,0.0,1.0,0.0,0.0,0.0,0.0,0.0,1.0,3.0,1.0,0.0,4.0,0.0,9.0,8.0,3.0,7.0,24.0,30.0,17.0,7.0,0.0,0.0,0.0,0.0,0.0,0.0,0.0,0.0,0.0,0.0,0.0,0.0,0.0,0.0,1.0,0.0,0.0,0.0,0.0,0.0,2.0,3.0,1.0,0.0,4.0,0.0,14.0,10.0,5.0,8.0,31.0,44.0,20.0,10.0
423,1.0,423.0,London_198,,151,453,1092.0,70.0,2.0,87429.0,0.2314103441312909,646.0,6.0,1.0,5.0,21.0,10.0,11.0,234.0,63.0,179.0,28.0,124.0,12.0,34.0,2.0,11.0,8.0,97.0,151.0,197.0,57.0,0.0,0.0,0.0,0.0,0.0,0.0,0.0,0.0,0.0,0.0,0.0,0.0,0.0,0.0,0.0,0.0,0.0,0.0,0.0,0.0,0.0,0.0,0.0,0.0,0.0,0.0,0.0,0.0,0.0,0.0,0.0,0.0,0.0,1.0,0.0,1.0,0.0,0.0,0.0,0.0,0.0,0.0,0.0,0.0,0.0,0.0,0.0,0.0,0.0,0.0,0.0,1.0,0.0,0.0,0.0,0.0,0.0,0.0,0.0,0.0,0.0,0.0,0.0,0.0,0.0,0.0,0.0,7.0,0.0,2.0,0.0,0.0,0.0,0.0,0.0,0.0,0.0,0.0,0.0,0.0,0.0,0.0,0.0,0.0,0.0,2.0,0.0,0.0
424,1.0,424.0,London_198,,151,453,1092.0,70.0,2.0,114609.0,0.4002042938955128,706.0,53.0,0.0,53.0,87.0,0.0,87.0,21.0,60.0,183.0,28.0,126.0,6.0,37.0,2.0,11.0,8.0,95.0,145.0,205.0,59.0,0.0,0.0,0.0,0.0,0.0,0.0,0.0,0.0,0.0,1.0,0.0,0.0,0.0,0.0,0.0,0.0,0.0,1.0,0.0,1.0,0.0,0.0,0.0,0.0,0.0,0.0,0.0,0.0,0.0,0.0,0.0,0.0,0.0,0.0,0.0,0.0,0.0,0.0,0.0,0.0,0.0,3.0,0.0,0.0,0.0,0.0,1.0,5.0,5.0,2.0,4.0,14.0,11.0,0.0,0.0,0.0,0.0,0.0,0.0,0.0,0.0,0.0,0.0,0.0,0.0,0.0,0.0,0.0,0.0,0.0,0.0,0.0,0.0,0.0,0.0,3.0,0.0,0.0,0.0,0.0,1.0,7.0,5.0,2.0,7.0,18.0,13.0,0.0
425,1.0,425.0,London_198,,151,453,1092.0,70.0,2.0,123216.0,0.49996163812465966,725.0,39.0,0.0,39.0,72.0,0.0,72.0,85.0,65.0,177.0,33.0,124.0,6.0,33.0,4.0,11.0,8.0,95.0,144.0,206.0,55.0,0.0,0.0,0.0,0.0,0.0,0.0,0.0,0.0,0.0,7.0,0.0,0.0,0.0,5.0,2.0,0.0,0.0,0.0,0.0,7.0,0.0,0.0,0.0,0.0,0.0,0.0,0.0,0.0,0.0,0.0,0.0,0.0,0.0,0.0,0.0,0.0,0.0,0.0,0.0,0.0,0.0,0.0,1.0,1.0,1.0,0.0,2.0,3.0,0.0,1.0,7.0,10.0,4.0,2.0,0.0,0.0,0.0,0.0,0.0,0.0,0.0,0.0,0.0,0.0,0.0,0.0,0.0,0.0,0.0,0.0,0.0,0.0,0.0,0.0,0.0,0.0,1.0,2.0,1.0,0.0,4.0,4.0,0.0,2.0,9.0,17.0,4.0,3.0
426,1.0,426.0,London_198,,151,453,1092.0,70.0,2.0,146772.0,0.5349207709077746,777.0,58.0,2.0,56.0,118.0,19.0,99.0,61.0,64.0,182.0,31.0,127.0,4.0,30.0,4.0,11.0,7.0,94.0,143.0,209.0,53.0,0.0,0.0,0.0,0.0,0.0,0.0,0.0,0.0,0.0,16.0,0.0,2.0,0.0,7.0,2.0,2.0,0.0,3.0,2.0,14.0,0.0,0.0,0.0,0.0,0.0,0.0,0.0,0.0,0.0,0.0,0.0,0.0,0.0,1.0,0.0,0.0,1.0,0.0,0.0,0.0,0.0,1.0,0.0,0.0,2.0,0.0,0.0,1.0,1.0,0.0,7.0,10.0,4.0,1.0,0.0,0.0,0.0,0.0,0.0,0.0,0.0,0.0,0.0,0.0,0.0,0.0,0.0,2.0,0.0,0.0,1.0,0.0,0.0,0.0,0.0,1.0,0.0,0.0,2.0,0.0,0.0,2.0,1.0,0.0,9.0,12.0,5.0,1.0
427,1.0,427.0,London_198,,151,453,1092.0,70.0,2.0,155379.0,0.6021181880496442,796.0,103.0,1.0,102.0,191.0,10.0,181.0,82.0,71.0,173.0,29.0,130.0,5.0,29.0,4.0,12.0,10.0,83.0,136.0,224.0,52.0,0.0,0.0,0.0,0.0,0.0,0.0,0.0,0.0,0.0,26.0,0.0,6.0,0.0,13.0,1.0,0.0,1.0,5.0,0.0,26.0,0.0,0.0,0.0,0.0,0.0,0.0,0.0,0.0,0.0,0.0,0.0,0.0,0.0,0.0,0.0,0.0,0.0,0.0,0.0,0.0,0.0,0.0,0.0,1.0,3.0,0.0,1.0,2.0,0.0,0.0,16.0,19.0,6.0,5.0,0.0,0.0,0.0,0.0,0.0,0.0,0.0,0.0,0.0,0.0,0.0,0.0,0.0,0.0,0.0,0.0,0.0,0.0,0.0,0.0,0.0,0.0,0.0,1.0,3.0,0.0,1.0,2.0,0.0,0.0,24.0,29.0,7.0,6.0
428,1.0,428.0,London_198,,151,453,1092.0,70.0,2.0,143601.0,0.8017466440796852,770.0,61.0,0.0,61.0,96.0,0.0,96.0,152.0,55.0,175.0,32.0,122.0,9.0,41.0,3.0,16.0,9.0,79.0,136.0,229.0,59.0,0.0,0.0,0.0,0.0,0.0,0.0,0.0,0.0,0.0,7.0,0.0,0.0,0.0,7.0,0.0,0.0,0.0,0.0,0.0,7.0,0.0,0.0,0.0,0.0,0.0,0.0,0.0,0.0,0.0,0.0,0.0,0.0,0.0,0.0,0.0,0.0,0.0,0.0,0.0,0.0,1.0,1.0,0.0,0.0,1.0,0.0,2.0,0.0,0.0,2.0,11.0,10.0,4.0,2.0,0.0,0.0,0.0,0.0,0.0,0.0,0.0,0.0,0.0,0.0,0.0,0.0,0.0,0.0,0.0,0.0,0.0,0.0,0.0,0.0,1.0,2.0,0.0,0.0,1.0,0.0,3.0,0.0,0.0,2.0,14.0,11.0,6.0,2.0
429,1.0,429.0,London_198,,151,453,1092.0,70.0,2.0,163080.0,0.4368438529781997,813.0,80.0,0.0,80.0,131.0,0.0,131.0,86.0,47.0,181.0,34.0,126.0,8.0,43.0,3.0,11.0,10.0,81.0,136.0,226.0,62.0,0.0,0.0,0.0,0.0,0.0,0.0,0.0,0.0,0.0,16.0,0.0,4.0,0.0,9.0,0.0,0.0,1.0,2.0,0.0,16.0,0.0,0.0,0.0,0.0,0.0,0.0,0.0,0.0,0.0,0.0,0.0,0.0,0.0,0.0,0.0,0.0,0.0,0.0,0.0,0.0,0.0,1.0,0.0,0.0,0.0,0.0,4.0,0.0,0.0,1.0,18.0,12.0,4.0,6.0,0.0,0.0,0.0,0.0,0.0,0.0,0.0,0.0,0.0,0.0,0.0,0.0,0.0,0.0,0.0,0.0,0.0,0.0,0.0,0.0,0.0,1.0,0.0,0.0,0.0,0.0,4.0,0.0,0.0,1.0,22.0,15.0,4.0,8.0
430,1.0,430.0,London_198,,151,453,1092.0,70.0,2.0,167610.0,0.8000214050989598,823.0,63.0,1.0,62.0,118.0,11.0,107.0,106.0,50.0,177.0,32.0,135.0,11.0,39.0,1.0,8.0,10.0,74.0,149.0,220.0,65.0,0.0,0.0,0.0,0.0,0.0,0.0,0.0,0.0,0.0,22.0,0.0,5.0,2.0,11.0,0.0,1.0,1.0,2.0,1.0,21.0,0.0,0.0,0.0,0.0,0.0,0.0,0.0,0.0,0.0,0.0,0.0,0.0,0.0,0.0,1.0,0.0,0.0,0.0,0.0,0.0,2.0,1.0,0.0,0.0,0.0,0.0,3.0,1.0,0.0,2.0,8.0,13.0,1.0,6.0,0.0,0.0,0.0,0.0,0.0,0.0,0.0,0.0,0.0,0.0,0.0,0.0,0.0,0.0,7.0,0.0,0.0,0.0,0.0,0.0,2.0,1.0,0.0,0.0,0.0,0.0,3.0,1.0,0.0,2.0,11.0,17.0,2.0,7.0
431,1.0,431.0,London_198,,151,453,1092.0,70.0,2.0,189354.0,0.43695259001106024,871.0,170.0,0.0,170.0,289.0,0.0,289.0,82.0,54.0,175.0,33.0,135.0,8.0,37.0,2.0,9.0,8.0,77.0,154.0,214.0,70.0,0.0,0.0,0.0,0.0,0.0,0.0,0.0,0.0,0.0,61.0,2.0,16.0,2.0,30.0,0.0,5.0,1.0,5.0,0.0,61.0,0.0,0.0,0.0,0.0,0.0,0.0,0.0,0.0,0.0,0.0,0.0,0.0,0.0,0.0,0.0,0.0,0.0,0.0,0.0,0.0,0.0,0.0,1.0,0.0,0.0,0.0,2.0,2.0,1.0,6.0,31.0,21.0,5.0,3.0,0.0,0.0,0.0,0.0,0.0,0.0,0.0,0.0,0.0,0.0,0.0,0.0,0.0,0.0,0.0,0.0,0.0,0.0,0.0,0.0,0.0,0.0,1.0,0.0,0.0,0.0,2.0,2.0,1.0,7.0,43.0,28.0,5.0,4.0
432,1.0,432.0,London_198,,151,453,1092.0,70.0,2.0,151302.0,0.5199419120326638,787.0,12.0,2.0,10.0,34.0,19.0,15.0,193.0,56.0,163.0,33.0,124.0,11.0,52.0,9.0,5.0,7.0,74.0,162.0,210.0,62.0,0.0,0.0,0.0,0.0,0.0,0.0,0.0,0.0,0.0,4.0,0.0,2.0,0.0,1.0,0.0,1.0,0.0,0.0,2.0,2.0,0.0,0.0,0.0,0.0,0.0,0.0,0.0,0.0,0.0,0.0,0.0,0.0,0.0,1.0,0.0,0.0,0.0,0.0,0.0,0.0,0.0,0.0,0.0,0.0,0.0,0.0,0.0,1.0,0.0,2.0,1.0,1.0,0.0,0.0,0.0,0.0,0.0,0.0,0.0,0.0,0.0,0.0,0.0,0.0,0.0,0.0,0.0,3.0,0.0,0.0,0.0,0.0,0.0,0.0,0.0,0.0,0.0,0.0,0.0,0.0,0.0,1.0,0.0,2.0,1.0,2.0,0.0,0.0
433,1.0,433.0,London_198,,151,453,1092.0,70.0,2.0,184824.0,0.4965832349844277,861.0,106.0,2.0,104.0,200.0,19.0,181.0,20.0,58.0,157.0,33.0,128.0,12.0,51.0,9.0,5.0,8.0,72.0,158.0,215.0,60.0,0.0,0.0,0.0,0.0,0.0,0.0,0.0,0.0,0.0,36.0,0.0,13.0,4.0,18.0,0.0,1.0,0.0,0.0,2.0,34.0,0.0,0.0,0.0,0.0,0.0,0.0,0.0,0.0,0.0,0.0,0.0,0.0,0.0,0.0,0.0,0.0,0.0,0.0,0.0,0.0,2.0,0.0,2.0,0.0,1.0,0.0,3.0,1.0,1.0,2.0,12.0,20.0,5.0,3.0,0.0,0.0,0.0,0.0,0.0,0.0,0.0,0.0,0.0,0.0,0.0,0.0,0.0,0.0,0.0,0.0,0.0,0.0,0.0,0.0,2.0,0.0,2.0,0.0,1.0,0.0,3.0,1.0,1.0,4.0,18.0,28.0,7.0,4.0
434,1.0,434.0,London_198,,151,453,1092.0,70.0,2.0,178029.0,1.1527409439440817,846.0,136.0,1.0,135.0,238.0,10.0,228.0,125.0,55.0,164.0,33.0,123.0,12.0,51.0,8.0,7.0,12.0,75.0,148.0,218.0,65.0,0.0,0.0,0.0,0.0,0.0,0.0,0.0,0.0,0.0,62.0,0.0,20.0,4.0,32.0,0.0,4.0,0.0,2.0,1.0,61.0,0.0,0.0,0.0,0.0,0.0,0.0,0.0,0.0,0.0,0.0,0.0,0.0,0.0,0.0,0.0,0.0,0.0,0.0,0.0,0.0,3.0,0.0,0.0,0.0,0.0,1.0,3.0,4.0,1.0,4.0,20.0,16.0,4.0,3.0,0.0,0.0,0.0,0.0,0.0,0.0,0.0,0.0,0.0,0.0,0.0,0.0,0.0,0.0,0.0,0.0,0.0,0.0,0.0,0.0,3.0,0.0,0.0,0.0,0.0,2.0,4.0,5.0,1.0,5.0,26.0,22.0,4.0,4.0
435,1.0,435.0,London_198,,151,453,1092.0,70.0,2.0,157644.0,0.5550030479207635,801.0,174.0,0.0,174.0,297.0,0.0,297.0,133.0,59.0,165.0,31.0,129.0,8.0,50.0,6.0,5.0,10.0,78.0,144.0,221.0,71.0,0.0,0.0,0.0,0.0,0.0,0.0,0.0,0.0,0.0,45.0,0.0,10.0,0.0,25.0,1.0,4.0,0.0,5.0,0.0,45.0,0.0,0.0,0.0,0.0,0.0,0.0,0.0,0.0,0.0,0.0,0.0,0.0,0.0,0.0,0.0,0.0,0.0,0.0,0.0,0.0,2.0,1.0,0.0,0.0,1.0,0.0,6.0,7.0,2.0,5.0,26.0,29.0,11.0,8.0,0.0,0.0,0.0,0.0,0.0,0.0,0.0,0.0,0.0,0.0,0.0,0.0,0.0,0.0,0.0,0.0,0.0,0.0,0.0,0.0,2.0,1.0,0.0,0.0,1.0,0.0,10.0,10.0,4.0,5.0,42.0,35.0,12.0,10.0
436,1.0,436.0,London_198,,151,453,1092.0,70.0,2.0,106455.0,0.29693566798232496,688.0,29.0,0.0,29.0,48.0,0.0,48.0,227.0,66.0,168.0,34.0,120.0,11.0,45.0,3.0,6.0,11.0,79.0,155.0,208.0,67.0,0.0,0.0,0.0,0.0,0.0,0.0,0.0,0.0,0.0,0.0,0.0,0.0,0.0,0.0,0.0,0.0,0.0,0.0,0.0,0.0,0.0,0.0,0.0,0.0,0.0,0.0,0.0,0.0,0.0,0.0,0.0,0.0,0.0,0.0,0.0,0.0,0.0,0.0,0.0,0.0,0.0,0.0,0.0,0.0,1.0,0.0,2.0,2.0,5.0,0.0,2.0,6.0,2.0,4.0,0.0,0.0,0.0,0.0,0.0,0.0,0.0,0.0,0.0,0.0,0.0,0.0,0.0,0.0,0.0,0.0,0.0,0.0,0.0,0.0,0.0,0.0,0.0,0.0,1.0,0.0,3.0,2.0,5.0,0.0,3.0,11.0,2.0,5.0
437,1.0,437.0,London_198,,151,453,1092.0,70.0,2.0,122310.0,0.4138453961350024,723.0,52.0,0.0,52.0,85.0,0.0,85.0,48.0,65.0,185.0,31.0,115.0,10.0,40.0,3.0,4.0,12.0,70.0,170.0,201.0,63.0,0.0,0.0,0.0,0.0,0.0,0.0,0.0,0.0,0.0,7.0,0.0,0.0,0.0,6.0,0.0,0.0,0.0,1.0,0.0,7.0,0.0,0.0,0.0,0.0,0.0,0.0,0.0,0.0,0.0,0.0,0.0,0.0,0.0,0.0,0.0,0.0,0.0,0.0,0.0,0.0,0.0,1.0,0.0,0.0,0.0,0.0,5.0,0.0,0.0,2.0,5.0,9.0,7.0,3.0,0.0,0.0,0.0,0.0,0.0,0.0,0.0,0.0,0.0,0.0,0.0,0.0,0.0,0.0,0.0,0.0,0.0,0.0,0.0,0.0,0.0,1.0,0.0,0.0,0.0,0.0,6.0,0.0,0.0,3.0,8.0,12.0,8.0,4.0
438,1.0,438.0,London_198,,151,453,1092.0,70.0,2.0,126387.0,0.8082244140096009,732.0,35.0,1.0,34.0,74.0,10.0,64.0,72.0,58.0,194.0,31.0,118.0,9.0,37.0,2.0,4.0,15.0,74.0,173.0,191.0,66.0,0.0,0.0,0.0,0.0,0.0,0.0,0.0,0.0,0.0,7.0,0.0,1.0,0.0,5.0,0.0,1.0,0.0,0.0,1.0,6.0,0.0,0.0,0.0,0.0,0.0,0.0,0.0,0.0,0.0,0.0,0.0,0.0,0.0,0.0,1.0,0.0,0.0,0.0,0.0,0.0,0.0,0.0,0.0,0.0,0.0,0.0,0.0,1.0,0.0,1.0,3.0,11.0,4.0,7.0,0.0,0.0,0.0,0.0,0.0,0.0,0.0,0.0,0.0,0.0,0.0,0.0,0.0,0.0,6.0,0.0,0.0,0.0,0.0,0.0,0.0,0.0,0.0,0.0,0.0,0.0,0.0,1.0,0.0,2.0,4.0,17.0,6.0,11.0
439,1.0,439.0,London_198,,151,453,1092.0,70.0,2.0,140883.0,0.557675015879795,764.0,91.0,2.0,89.0,168.0,19.0,149.0,64.0,55.0,193.0,32.0,117.0,13.0,39.0,0.0,4.0,13.0,77.0,177.0,186.0,71.0,0.0,0.0,0.0,0.0,0.0,0.0,0.0,0.0,0.0,18.0,0.0,3.0,0.0,11.0,0.0,2.0,0.0,2.0,1.0,17.0,0.0,0.0,0.0,0.0,0.0,0.0,0.0,0.0,0.0,0.0,0.0,0.0,0.0,0.0,0.0,0.0,0.0,0.0,0.0,0.0,0.0,1.0,0.0,0.0,0.0,0.0,0.0,1.0,3.0,2.0,13.0,23.0,10.0,3.0,0.0,0.0,0.0,0.0,0.0,0.0,0.0,0.0,0.0,0.0,0.0,0.0,0.0,0.0,0.0,0.0,0.0,0.0,0.0,0.0,0.0,2.0,0.0,0.0,0.0,0.0,0.0,2.0,5.0,4.0,19.0,29.0,11.0,3.0
440,1.0,440.0,London_198,,151,453,1092.0,70.0,2.0,137712.0,0.3690220599528402,757.0,73.0,2.0,71.0,146.0,18.0,128.0,129.0,57.0,184.0,36.0,115.0,10.0,47.0,0.0,4.0,13.0,77.0,167.0,196.0,70.0,0.0,0.0,0.0,0.0,0.0,0.0,0.0,0.0,0.0,13.0,0.0,0.0,0.0,7.0,0.0,4.0,1.0,1.0,1.0,12.0,0.0,0.0,0.0,0.0,0.0,0.0,0.0,0.0,0.0,0.0,0.0,0.0,0.0,0.0,0.0,0.0,0.0,0.0,0.0,0.0,0.0,2.0,0.0,0.0,2.0,0.0,1.0,1.0,3.0,2.0,8.0,16.0,3.0,2.0,0.0,0.0,0.0,0.0,0.0,0.0,0.0,0.0,0.0,0.0,0.0,0.0,0.0,0.0,0.0,0.0,0.0,0.0,0.0,0.0,0.0,2.0,0.0,0.0,2.0,0.0,1.0,1.0,4.0,2.0,11.0,28.0,4.0,4.0
441,1.0,441.0,London_198,,151,453,1092.0,70.0,2.0,142695.0,0.4131280439905822,768.0,134.0,0.0,134.0,239.0,0.0,239.0,120.0,56.0,180.0,38.0,117.0,16.0,41.0,0.0,5.0,9.0,80.0,150.0,214.0,59.0,0.0,0.0,0.0,0.0,0.0,0.0,0.0,0.0,0.0,27.0,0.0,0.0,0.0,19.0,0.0,5.0,0.0,3.0,0.0,27.0,0.0,0.0,0.0,0.0,0.0,0.0,0.0,0.0,0.0,0.0,0.0,0.0,0.0,0.0,0.0,0.0,0.0,0.0,0.0,0.0,0.0,6.0,0.0,1.0,0.0,0.0,8.0,4.0,7.0,3.0,25.0,23.0,10.0,7.0,0.0,0.0,0.0,0.0,0.0,0.0,0.0,0.0,0.0,0.0,0.0,0.0,0.0,0.0,0.0,0.0,0.0,0.0,0.0,0.0,0.0,9.0,0.0,1.0,0.0,0.0,11.0,8.0,7.0,3.0,38.0,35.0,11.0,8.0
442,1.0,442.0,London_198,,151,453,1092.0,70.0,2.0,122310.0,0.500283463858068,723.0,20.0,0.0,20.0,38.0,0.0,38.0,194.0,55.0,159.0,31.0,139.0,19.0,38.0,3.0,9.0,6.0,72.0,171.0,204.0,57.0,0.0,0.0,0.0,0.0,0.0,0.0,0.0,0.0,0.0,0.0,0.0,0.0,0.0,0.0,0.0,0.0,0.0,0.0,0.0,0.0,0.0,0.0,0.0,0.0,0.0,0.0,0.0,0.0,0.0,0.0,0.0,0.0,0.0,0.0,0.0,0.0,0.0,0.0,0.0,0.0,0.0,2.0,0.0,0.0,0.0,0.0,3.0,0.0,0.0,2.0,2.0,7.0,1.0,5.0,0.0,0.0,0.0,0.0,0.0,0.0,0.0,0.0,0.0,0.0,0.0,0.0,0.0,0.0,0.0,0.0,0.0,0.0,0.0,0.0,0.0,3.0,0.0,0.0,0.0,0.0,4.0,0.0,0.0,2.0,2.0,10.0,1.0,7.0
443,1.0,443.0,London_198,,151,453,1092.0,70.0,2.0,154926.0,0.4993091900832951,795.0,44.0,2.0,42.0,81.0,16.0,65.0,38.0,50.0,167.0,34.0,141.0,13.0,34.0,3.0,11.0,6.0,69.0,183.0,195.0,57.0,0.0,0.0,0.0,0.0,0.0,0.0,0.0,0.0,0.0,10.0,0.0,0.0,1.0,8.0,0.0,1.0,0.0,0.0,0.0,10.0,0.0,0.0,0.0,0.0,0.0,0.0,0.0,0.0,0.0,0.0,0.0,0.0,0.0,0.0,1.0,1.0,0.0,0.0,0.0,0.0,1.0,0.0,0.0,0.0,0.0,0.0,0.0,0.0,0.0,0.0,4.0,12.0,0.0,3.0,0.0,0.0,0.0,0.0,0.0,0.0,0.0,0.0,0.0,0.0,0.0,0.0,0.0,0.0,5.0,1.0,0.0,0.0,0.0,0.0,1.0,0.0,0.0,0.0,0.0,0.0,0.0,0.0,0.0,0.0,4.0,19.0,0.0,3.0
444,1.0,444.0,London_198,,151,453,1092.0,70.0,2.0,176217.0,0.5447574211284518,842.0,41.0,1.0,40.0,80.0,9.0,71.0,65.0,43.0,170.0,41.0,139.0,13.0,34.0,3.0,10.0,9.0,71.0,170.0,203.0,54.0,0.0,0.0,0.0,0.0,0.0,0.0,0.0,0.0,0.0,15.0,0.0,4.0,0.0,8.0,0.0,2.0,0.0,1.0,1.0,14.0,0.0,0.0,0.0,0.0,0.0,0.0,0.0,0.0,0.0,0.0,0.0,0.0,0.0,0.0,0.0,0.0,0.0,0.0,0.0,0.0,0.0,1.0,1.0,0.0,0.0,0.0,1.0,1.0,0.0,1.0,6.0,6.0,2.0,1.0,0.0,0.0,0.0,0.0,0.0,0.0,0.0,0.0,0.0,0.0,0.0,0.0,0.0,0.0,0.0,0.0,0.0,0.0,0.0,0.0,0.0,1.0,1.0,0.0,0.0,0.0,2.0,1.0,0.0,1.0,9.0,8.0,4.0,1.0
445,1.0,445.0,London_198,,151,453,1092.0,70.0,2.0,200226.0,0.7052976738195866,895.0,172.0,0.0,172.0,292.0,0.0,292.0,49.0,45.0,166.0,43.0,139.0,15.0,31.0,3.0,11.0,10.0,76.0,160.0,207.0,53.0,0.0,0.0,0.0,0.0,0.0,0.0,0.0,0.0,0.0,57.0,3.0,11.0,3.0,28.0,0.0,4.0,0.0,8.0,0.0,57.0,0.0,0.0,0.0,0.0,0.0,0.0,0.0,0.0,0.0,0.0,0.0,0.0,0.0,0.0,0.0,0.0,0.0,0.0,0.0,0.0,1.0,0.0,1.0,0.0,0.0,0.0,5.0,5.0,1.0,1.0,23.0,37.0,7.0,7.0,0.0,0.0,0.0,0.0,0.0,0.0,0.0,0.0,0.0,0.0,0.0,0.0,0.0,0.0,0.0,0.0,0.0,0.0,0.0,0.0,1.0,0.0,1.0,0.0,0.0,0.0,6.0,9.0,2.0,1.0,31.0,57.0,10.0,10.0
446,1.0,446.0,London_198,,151,453,1092.0,70.0,2.0,166251.0,0.41516871005296707,820.0,90.0,2.0,88.0,167.0,18.0,149.0,202.0,59.0,170.0,31.0,127.0,13.0,39.0,1.0,13.0,8.0,96.0,149.0,200.0,66.0,0.0,0.0,0.0,0.0,0.0,0.0,0.0,0.0,0.0,27.0,0.0,3.0,3.0,15.0,0.0,6.0,0.0,0.0,2.0,25.0,0.0,0.0,0.0,0.0,0.0,0.0,0.0,0.0,0.0,0.0,0.0,0.0,0.0,0.0,0.0,0.0,0.0,0.0,0.0,0.0,0.0,0.0,1.0,0.0,0.0,0.0,2.0,0.0,1.0,1.0,21.0,21.0,9.0,5.0,0.0,0.0,0.0,0.0,0.0,0.0,0.0,0.0,0.0,0.0,0.0,0.0,0.0,0.0,0.0,0.0,0.0,0.0,0.0,0.0,0.0,0.0,1.0,0.0,0.0,0.0,3.0,0.0,1.0,1.0,34.0,25.0,12.0,6.0
447,1.0,447.0,London_198,,151,453,1092.0,70.0,2.0,150849.0,0.42161559290252626,786.0,88.0,2.0,86.0,164.0,18.0,146.0,112.0,51.0,171.0,35.0,138.0,14.0,31.0,1.0,12.0,11.0,81.0,148.0,213.0,72.0,0.0,0.0,0.0,0.0,0.0,0.0,0.0,0.0,0.0,25.0,0.0,0.0,0.0,18.0,1.0,4.0,0.0,2.0,2.0,23.0,0.0,0.0,0.0,0.0,0.0,0.0,0.0,0.0,0.0,0.0,0.0,0.0,0.0,1.0,1.0,0.0,0.0,0.0,0.0,0.0,1.0,2.0,0.0,0.0,0.0,1.0,5.0,1.0,0.0,5.0,13.0,20.0,11.0,1.0,0.0,0.0,0.0,0.0,0.0,0.0,0.0,0.0,0.0,0.0,0.0,0.0,0.0,7.0,2.0,0.0,0.0,0.0,0.0,0.0,1.0,4.0,0.0,0.0,0.0,1.0,7.0,1.0,0.0,5.0,20.0,26.0,13.0,2.0
448,1.0,448.0,London_198,,151,453,1092.0,70.0,2.0,149943.0,0.3610236900858581,784.0,105.0,0.0,105.0,182.0,0.0,182.0,121.0,56.0,172.0,36.0,135.0,11.0,33.0,2.0,8.0,10.0,92.0,138.0,213.0,75.0,0.0,0.0,0.0,0.0,0.0,0.0,0.0,0.0,0.0,24.0,0.0,2.0,1.0,11.0,0.0,4.0,1.0,5.0,0.0,24.0,0.0,0.0,0.0,0.0,0.0,0.0,0.0,0.0,0.0,0.0,0.0,0.0,0.0,0.0,0.0,0.0,0.0,0.0,0.0,0.0,2.0,3.0,0.0,0.0,1.0,0.0,7.0,0.0,0.0,2.0,16.0,22.0,7.0,3.0,0.0,0.0,0.0,0.0,0.0,0.0,0.0,0.0,0.0,0.0,0.0,0.0,0.0,0.0,0.0,0.0,0.0,0.0,0.0,0.0,2.0,3.0,0.0,0.0,1.0,0.0,7.0,0.0,0.0,2.0,24.0,28.0,11.0,3.0
449,1.0,449.0,London_198,,151,453,1092.0,70.0,2.0,137259.0,0.3415470100007951,756.0,35.0,0.0,35.0,66.0,0.0,66.0,141.0,71.0,162.0,27.0,136.0,11.0,35.0,2.0,9.0,9.0,81.0,151.0,212.0,76.0,0.0,0.0,0.0,0.0,0.0,0.0,0.0,0.0,0.0,6.0,0.0,0.0,0.0,4.0,0.0,2.0,0.0,0.0,0.0,6.0,0.0,0.0,0.0,0.0,0.0,0.0,0.0,0.0,0.0,0.0,0.0,0.0,0.0,0.0,0.0,0.0,0.0,0.0,0.0,0.0,1.0,2.0,0.0,0.0,0.0,0.0,3.0,2.0,2.0,3.0,7.0,11.0,6.0,0.0,0.0,0.0,0.0,0.0,0.0,0.0,0.0,0.0,0.0,0.0,0.0,0.0,0.0,0.0,0.0,0.0,0.0,0.0,0.0,0.0,1.0,2.0,0.0,0.0,0.0,0.0,6.0,2.0,3.0,3.0,9.0,15.0,7.0,0.0
450,1.0,450.0,London_198,,151,453,1092.0,70.0,2.0,157191.0,0.4516878540161997,800.0,95.0,2.0,93.0,183.0,17.0,166.0,57.0,70.0,169.0,27.0,135.0,11.0,32.0,2.0,7.0,11.0,76.0,146.0,220.0,69.0,0.0,0.0,0.0,0.0,0.0,0.0,0.0,0.0,0.0,28.0,0.0,3.0,1.0,15.0,0.0,5.0,0.0,4.0,2.0,26.0,0.0,0.0,0.0,0.0,0.0,0.0,0.0,0.0,0.0,0.0,0.0,0.0,0.0,0.0,0.0,0.0,0.0,0.0,0.0,0.0,1.0,3.0,0.0,2.0,0.0,0.0,8.0,5.0,0.0,5.0,13.0,18.0,6.0,2.0,0.0,0.0,0.0,0.0,0.0,0.0,0.0,0.0,0.0,0.0,0.0,0.0,0.0,0.0,0.0,0.0,0.0,0.0,0.0,0.0,1.0,6.0,0.0,3.0,0.0,0.0,11.0,7.0,0.0,7.0,21.0,26.0,6.0,2.0
451,1.0,451.0,London_198,,151,453,1092.0,70.0,2.0,158550.0,0.726197780109942,803.0,55.0,0.0,55.0,98.0,0.0,98.0,122.0,68.0,189.0,20.0,126.0,8.0,33.0,2.0,7.0,9.0,79.0,156.0,209.0,67.0,0.0,0.0,0.0,0.0,0.0,0.0,0.0,0.0,0.0,17.0,0.0,3.0,1.0,6.0,0.0,2.0,0.0,5.0,0.0,17.0,0.0,0.0,0.0,0.0,0.0,0.0,0.0,0.0,0.0,0.0,0.0,0.0,0.0,0.0,0.0,0.0,0.0,0.0,0.0,0.0,1.0,0.0,0.0,0.0,1.0,1.0,3.0,2.0,0.0,2.0,6.0,12.0,3.0,3.0,0.0,0.0,0.0,0.0,0.0,0.0,0.0,0.0,0.0,0.0,0.0,0.0,0.0,0.0,0.0,0.0,0.0,0.0,0.0,0.0,1.0,0.0,0.0,0.0,1.0,1.0,4.0,2.0,0.0,2.0,8.0,24.0,4.0,3.0
452,1.0,452.0,London_198,,151,453,1092.0,70.0,2.0,172140.0,1.3123773438856006,833.0,93.0,2.0,91.0,178.0,20.0,158.0,73.0,65.0,190.0,17.0,127.0,10.0,34.0,2.0,8.0,6.0,83.0,163.0,201.0,63.0,0.0,0.0,0.0,0.0,0.0,0.0,0.0,0.0,0.0,28.0,0.0,4.0,1.0,17.0,0.0,4.0,2.0,0.0,1.0,27.0,0.0,0.0,0.0,0.0,0.0,0.0,0.0,0.0,0.0,0.0,0.0,0.0,0.0,0.0,2.0,0.0,0.0,0.0,0.0,0.0,0.0,0.0,0.0,0.0,0.0,1.0,3.0,2.0,1.0,4.0,6.0,16.0,7.0,4.0,0.0,0.0,0.0,0.0,0.0,0.0,0.0,0.0,0.0,0.0,0.0,0.0,0.0,0.0,10.0,0.0,0.0,0.0,0.0,0.0,0.0,0.0,0.0,0.0,0.0,2.0,4.0,2.0,1.0,6.0,10.0,24.0,7.0,4.0
453,1.0,453.0,London_198,,151,453,1092.0,70.0,2.0,166251.0,0.4832266990561038,820.0,53.0,2.0,51.0,93.0,15.0,78.0,127.0,70.0,182.0,16.0,124.0,11.0,37.0,2.0,11.0,6.0,72.0,158.0,217.0,62.0,0.0,0.0,0.0,0.0,0.0,0.0,0.0,0.0,0.0,14.0,0.0,4.0,2.0,6.0,0.0,1.0,0.0,1.0,2.0,12.0,0.0,0.0,0.0,0.0,0.0,0.0,0.0,0.0,0.0,0.0,0.0,0.0,0.0,0.0,0.0,0.0,0.0,0.0,0.0,0.0,0.0,0.0,1.0,0.0,0.0,0.0,0.0,3.0,0.0,1.0,9.0,8.0,5.0,1.0,0.0,0.0,0.0,0.0,0.0,0.0,0.0,0.0,0.0,0.0,0.0,0.0,0.0,0.0,0.0,0.0,0.0,0.0,0.0,0.0,0.0,0.0,1.0,0.0,0.0,0.0,0.0,5.0,0.0,1.0,11.0,14.0,6.0,2.0
454,1.0,454.0,London_198,,151,453,1092.0,70.0,2.0,184824.0,0.5765713800210506,861.0,138.0,1.0,137.0,263.0,9.0,254.0,63.0,65.0,185.0,18.0,121.0,12.0,39.0,2.0,11.0,7.0,68.0,161.0,217.0,54.0,0.0,0.0,0.0,0.0,0.0,0.0,0.0,0.0,0.0,54.0,0.0,16.0,3.0,23.0,1.0,5.0,2.0,4.0,1.0,53.0,0.0,0.0,0.0,0.0,0.0,0.0,0.0,0.0,0.0,0.0,0.0,0.0,0.0,0.0,0.0,0.0,0.0,0.0,0.0,0.0,3.0,0.0,0.0,0.0,0.0,1.0,0.0,2.0,1.0,3.0,22.0,19.0,7.0,1.0,0.0,0.0,0.0,0.0,0.0,0.0,0.0,0.0,0.0,0.0,0.0,0.0,0.0,0.0,0.0,0.0,0.0,0.0,0.0,0.0,3.0,0.0,0.0,0.0,0.0,1.0,0.0,2.0,1.0,4.0,34.0,26.0,8.0,1.0
455,1.0,455.0,London_198,,151,453,1092.0,70.0,2.0,159456.0,0.5883869861718267,805.0,94.0,1.0,93.0,167.0,8.0,159.0,163.0,56.0,191.0,23.0,121.0,12.0,35.0,2.0,13.0,7.0,61.0,159.0,226.0,58.0,0.0,0.0,0.0,0.0,0.0,0.0,0.0,0.0,0.0,27.0,0.0,5.0,0.0,20.0,0.0,0.0,1.0,1.0,1.0,26.0,0.0,0.0,0.0,0.0,0.0,0.0,0.0,0.0,0.0,0.0,0.0,0.0,0.0,0.0,1.0,0.0,0.0,0.0,0.0,0.0,0.0,0.0,1.0,0.0,0.0,0.0,1.0,9.0,0.0,2.0,16.0,18.0,8.0,3.0,0.0,0.0,0.0,0.0,0.0,0.0,0.0,0.0,0.0,0.0,0.0,0.0,0.0,0.0,2.0,0.0,0.0,0.0,0.0,0.0,0.0,0.0,1.0,0.0,0.0,0.0,1.0,12.0,0.0,2.0,24.0,26.0,12.0,3.0
456,1.0,456.0,London_198,,151,453,1092.0,70.0,2.0,144507.0,0.5148149409797043,772.0,81.0,0.0,81.0,141.0,0.0,141.0,126.0,72.0,175.0,26.0,117.0,11.0,38.0,2.0,12.0,8.0,61.0,156.0,228.0,55.0,0.0,0.0,0.0,0.0,0.0,0.0,0.0,0.0,0.0,15.0,0.0,1.0,0.0,5.0,0.0,7.0,1.0,1.0,0.0,15.0,0.0,0.0,0.0,0.0,0.0,0.0,0.0,0.0,0.0,0.0,0.0,0.0,0.0,0.0,0.0,0.0,0.0,0.0,0.0,0.0,0.0,0.0,1.0,0.0,1.0,1.0,3.0,1.0,1.0,0.0,9.0,16.0,9.0,5.0,0.0,0.0,0.0,0.0,0.0,0.0,0.0,0.0,0.0,0.0,0.0,0.0,0.0,0.0,0.0,0.0,0.0,0.0,0.0,0.0,0.0,0.0,1.0,0.0,1.0,2.0,4.0,1.0,1.0,0.0,14.0,25.0,16.0,7.0
457,1.0,457.0,London_198,,151,453,1092.0,70.0,2.0,148131.0,0.5412752849515527,780.0,66.0,2.0,64.0,127.0,19.0,108.0,115.0,85.0,171.0,25.0,118.0,6.0,40.0,1.0,7.0,9.0,73.0,140.0,231.0,55.0,0.0,0.0,0.0,0.0,0.0,0.0,0.0,0.0,0.0,17.0,0.0,3.0,0.0,8.0,1.0,5.0,0.0,0.0,2.0,15.0,0.0,0.0,0.0,0.0,0.0,0.0,0.0,0.0,0.0,0.0,0.0,0.0,0.0,0.0,0.0,0.0,0.0,0.0,0.0,0.0,0.0,1.0,0.0,0.0,0.0,1.0,1.0,3.0,1.0,0.0,12.0,10.0,5.0,1.0,0.0,0.0,0.0,0.0,0.0,0.0,0.0,0.0,0.0,0.0,0.0,0.0,0.0,0.0,0.0,0.0,0.0,0.0,0.0,0.0,0.0,1.0,0.0,0.0,0.0,2.0,1.0,4.0,2.0,0.0,18.0,17.0,6.0,2.0
458,1.0,458.0,London_198,,151,453,1092.0,70.0,2.0,146319.0,0.5566161011811346,776.0,89.0,0.0,89.0,156.0,0.0,156.0,88.0,75.0,182.0,27.0,111.0,6.0,44.0,1.0,7.0,9.0,70.0,143.0,231.0,58.0,0.0,0.0,0.0,0.0,0.0,0.0,0.0,0.0,0.0,23.0,0.0,3.0,0.0,17.0,1.0,0.0,1.0,1.0,0.0,23.0,0.0,0.0,0.0,0.0,0.0,0.0,0.0,0.0,0.0,0.0,0.0,0.0,0.0,0.0,0.0,0.0,0.0,0.0,0.0,0.0,0.0,2.0,0.0,0.0,1.0,0.0,3.0,7.0,2.0,3.0,9.0,18.0,6.0,9.0,0.0,0.0,0.0,0.0,0.0,0.0,0.0,0.0,0.0,0.0,0.0,0.0,0.0,0.0,0.0,0.0,0.0,0.0,0.0,0.0,0.0,2.0,0.0,0.0,1.0,0.0,5.0,10.0,2.0,4.0,13.0,24.0,6.0,10.0
459,1.0,459.0,London_198,,151,453,1092.0,70.0,2.0,140430.0,0.3003876940347254,763.0,57.0,0.0,57.0,92.0,0.0,92.0,121.0,68.0,186.0,21.0,122.0,5.0,39.0,0.0,12.0,10.0,63.0,159.0,221.0,73.0,0.0,0.0,0.0,0.0,0.0,0.0,0.0,0.0,0.0,12.0,0.0,0.0,2.0,7.0,0.0,1.0,0.0,2.0,0.0,12.0,0.0,0.0,0.0,0.0,0.0,0.0,0.0,0.0,0.0,0.0,0.0,0.0,0.0,0.0,0.0,0.0,0.0,0.0,0.0,0.0,0.0,0.0,0.0,0.0,0.0,0.0,1.0,2.0,1.0,2.0,9.0,7.0,6.0,2.0,0.0,0.0,0.0,0.0,0.0,0.0,0.0,0.0,0.0,0.0,0.0,0.0,0.0,0.0,0.0,0.0,0.0,0.0,0.0,0.0,0.0,0.0,0.0,0.0,0.0,0.0,2.0,3.0,1.0,3.0,10.0,11.0,6.0,2.0
460,1.0,460.0,London_198,,151,453,1092.0,70.0,2.0,141789.0,0.3100467410404235,766.0,122.0,2.0,120.0,227.0,17.0,210.0,75.0,70.0,180.0,26.0,116.0,6.0,44.0,0.0,11.0,12.0,59.0,160.0,222.0,68.0,0.0,0.0,0.0,0.0,0.0,0.0,0.0,0.0,0.0,31.0,0.0,0.0,1.0,20.0,0.0,1.0,2.0,7.0,1.0,30.0,0.0,0.0,0.0,0.0,0.0,0.0,0.0,0.0,0.0,0.0,0.0,0.0,0.0,1.0,0.0,0.0,0.0,0.0,0.0,0.0,1.0,2.0,0.0,0.0,0.0,2.0,3.0,2.0,1.0,1.0,18.0,24.0,4.0,8.0,0.0,0.0,0.0,0.0,0.0,0.0,0.0,0.0,0.0,0.0,0.0,0.0,0.0,2.0,0.0,0.0,0.0,0.0,0.0,0.0,2.0,2.0,0.0,0.0,0.0,3.0,4.0,2.0,1.0,1.0,31.0,34.0,4.0,13.0
461,1.0,461.0,London_198,,151,453,1092.0,70.0,2.0,120045.0,0.3186451238580048,718.0,73.0,2.0,71.0,152.0,18.0,134.0,178.0,59.0,193.0,27.0,118.0,9.0,36.0,2.0,9.0,13.0,72.0,142.0,226.0,64.0,0.0,0.0,0.0,0.0,0.0,0.0,0.0,0.0,0.0,11.0,0.0,0.0,0.0,7.0,0.0,2.0,2.0,0.0,2.0,9.0,0.0,0.0,0.0,0.0,0.0,0.0,0.0,0.0,0.0,0.0,0.0,0.0,0.0,0.0,0.0,0.0,0.0,0.0,0.0,0.0,0.0,2.0,0.0,0.0,0.0,0.0,2.0,2.0,2.0,2.0,9.0,20.0,8.0,5.0,0.0,0.0,0.0,0.0,0.0,0.0,0.0,0.0,0.0,0.0,0.0,0.0,0.0,0.0,0.0,0.0,0.0,0.0,0.0,0.0,0.0,3.0,0.0,0.0,0.0,0.0,2.0,2.0,2.0,3.0,17.0,33.0,12.0,9.0
462,1.0,462.0,London_198,,151,453,1092.0,70.0,2.0,126387.0,0.3676178439054638,732.0,3.0,2.0,1.0,19.0,18.0,1.0,122.0,56.0,195.0,24.0,123.0,12.0,32.0,1.0,10.0,16.0,82.0,150.0,205.0,64.0,0.0,0.0,0.0,0.0,0.0,0.0,0.0,0.0,0.0,2.0,0.0,0.0,0.0,2.0,0.0,0.0,0.0,0.0,1.0,1.0,0.0,0.0,0.0,0.0,0.0,0.0,0.0,0.0,0.0,0.0,0.0,0.0,0.0,0.0,1.0,0.0,0.0,0.0,0.0,0.0,0.0,0.0,0.0,0.0,0.0,0.0,0.0,0.0,0.0,0.0,0.0,0.0,0.0,0.0,0.0,0.0,0.0,0.0,0.0,0.0,0.0,0.0,0.0,0.0,0.0,0.0,0.0,0.0,6.0,0.0,0.0,0.0,0.0,0.0,0.0,0.0,0.0,0.0,0.0,0.0,0.0,0.0,0.0,0.0,0.0,0.0,0.0,0.0
463,1.0,463.0,London_198,,151,453,1092.0,70.0,2.0,162627.0,0.8566103370394558,812.0,124.0,0.0,124.0,211.0,0.0,211.0,14.0,59.0,191.0,24.0,123.0,12.0,33.0,1.0,10.0,14.0,87.0,144.0,208.0,52.0,0.0,0.0,0.0,0.0,0.0,0.0,0.0,0.0,0.0,30.0,0.0,1.0,1.0,20.0,0.0,6.0,1.0,1.0,0.0,30.0,0.0,0.0,0.0,0.0,0.0,0.0,0.0,0.0,0.0,0.0,0.0,0.0,0.0,0.0,0.0,0.0,0.0,0.0,0.0,0.0,1.0,3.0,0.0,0.0,2.0,0.0,2.0,1.0,1.0,3.0,13.0,24.0,6.0,3.0,0.0,0.0,0.0,0.0,0.0,0.0,0.0,0.0,0.0,0.0,0.0,0.0,0.0,0.0,0.0,0.0,0.0,0.0,0.0,0.0,1.0,4.0,0.0,0.0,2.0,0.0,2.0,1.0,2.0,4.0,18.0,38.0,8.0,3.0
464,1.0,464.0,London_198,,151,453,1092.0,70.0,2.0,146319.0,0.7705129659734666,776.0,17.0,1.0,16.0,39.0,11.0,28.0,162.0,70.0,165.0,28.0,128.0,12.0,38.0,1.0,11.0,10.0,72.0,150.0,221.0,53.0,0.0,0.0,0.0,0.0,0.0,0.0,0.0,0.0,0.0,6.0,0.0,0.0,0.0,4.0,0.0,0.0,0.0,2.0,1.0,5.0,0.0,0.0,0.0,0.0,0.0,0.0,0.0,0.0,0.0,0.0,0.0,0.0,0.0,0.0,1.0,0.0,0.0,0.0,0.0,0.0,0.0,0.0,0.0,0.0,0.0,0.0,0.0,1.0,0.0,0.0,3.0,2.0,2.0,0.0,0.0,0.0,0.0,0.0,0.0,0.0,0.0,0.0,0.0,0.0,0.0,0.0,0.0,0.0,5.0,0.0,0.0,0.0,0.0,0.0,0.0,0.0,0.0,0.0,0.0,0.0,0.0,1.0,0.0,0.0,4.0,2.0,3.0,0.0
465,1.0,465.0,London_198,,151,453,1092.0,70.0,2.0,181653.0,0.5195678991731256,854.0,88.0,1.0,87.0,158.0,10.0,148.0,28.0,65.0,178.0,27.0,122.0,13.0,37.0,1.0,10.0,7.0,73.0,152.0,221.0,54.0,0.0,0.0,0.0,0.0,0.0,0.0,0.0,0.0,0.0,39.0,0.0,7.0,4.0,22.0,1.0,1.0,1.0,3.0,1.0,38.0,0.0,0.0,0.0,0.0,0.0,0.0,0.0,0.0,0.0,0.0,0.0,0.0,0.0,1.0,0.0,0.0,0.0,0.0,0.0,0.0,1.0,1.0,0.0,0.0,0.0,0.0,3.0,1.0,0.0,0.0,13.0,9.0,1.0,4.0,0.0,0.0,0.0,0.0,0.0,0.0,0.0,0.0,0.0,0.0,0.0,0.0,0.0,3.0,0.0,0.0,0.0,0.0,0.0,0.0,1.0,1.0,0.0,0.0,0.0,0.0,4.0,2.0,0.0,0.0,18.0,14.0,1.0,5.0
466,1.0,466.0,London_198,,151,453,1092.0,70.0,2.0,184371.0,0.5270048521924764,860.0,107.0,0.0,107.0,187.0,0.0,187.0,93.0,62.0,190.0,32.0,106.0,12.0,40.0,2.0,9.0,5.0,70.0,152.0,226.0,57.0,0.0,0.0,0.0,0.0,0.0,0.0,0.0,0.0,0.0,39.0,0.0,9.0,5.0,17.0,0.0,5.0,0.0,3.0,0.0,39.0,0.0,0.0,0.0,0.0,0.0,0.0,0.0,0.0,0.0,0.0,0.0,0.0,0.0,0.0,0.0,0.0,0.0,0.0,0.0,0.0,0.0,0.0,0.0,0.0,1.0,0.0,3.0,0.0,1.0,3.0,11.0,21.0,3.0,1.0,0.0,0.0,0.0,0.0,0.0,0.0,0.0,0.0,0.0,0.0,0.0,0.0,0.0,0.0,0.0,0.0,0.0,0.0,0.0,0.0,0.0,0.0,0.0,0.0,1.0,0.0,4.0,0.0,1.0,4.0,12.0,26.0,4.0,2.0
467,1.0,467.0,London_198,,151,453,1092.0,70.0,2.0,174858.0,0.8407664350233972,839.0,120.0,0.0,120.0,198.0,0.0,198.0,127.0,72.0,176.0,31.0,104.0,11.0,49.0,2.0,8.0,9.0,79.0,146.0,219.0,66.0,0.0,0.0,0.0,0.0,0.0,0.0,0.0,0.0,0.0,33.0,0.0,5.0,2.0,20.0,0.0,2.0,0.0,4.0,0.0,33.0,0.0,0.0,0.0,0.0,0.0,0.0,0.0,0.0,0.0,0.0,0.0,0.0,0.0,0.0,0.0,0.0,0.0,0.0,0.0,0.0,2.0,0.0,2.0,0.0,1.0,0.0,5.0,1.0,0.0,1.0,10.0,25.0,7.0,6.0,0.0,0.0,0.0,0.0,0.0,0.0,0.0,0.0,0.0,0.0,0.0,0.0,0.0,0.0,0.0,0.0,0.0,0.0,0.0,0.0,2.0,0.0,2.0,0.0,1.0,0.0,5.0,1.0,0.0,2.0,15.0,42.0,8.0,8.0
468,1.0,468.0,London_198,,151,453,1092.0,70.0,2.0,162627.0,0.7555198320187628,812.0,129.0,2.0,127.0,245.0,19.0,226.0,144.0,69.0,160.0,35.0,122.0,11.0,46.0,3.0,7.0,11.0,70.0,158.0,214.0,68.0,0.0,0.0,0.0,0.0,0.0,0.0,0.0,0.0,0.0,39.0,0.0,8.0,4.0,19.0,0.0,3.0,2.0,3.0,2.0,37.0,0.0,0.0,0.0,0.0,0.0,0.0,0.0,0.0,0.0,0.0,0.0,0.0,0.0,1.0,0.0,0.0,1.0,0.0,0.0,0.0,2.0,0.0,2.0,0.0,3.0,0.0,4.0,3.0,0.0,4.0,16.0,28.0,6.0,6.0,0.0,0.0,0.0,0.0,0.0,0.0,0.0,0.0,0.0,0.0,0.0,0.0,0.0,1.0,0.0,0.0,1.0,0.0,0.0,0.0,2.0,0.0,3.0,0.0,3.0,0.0,6.0,3.0,0.0,8.0,23.0,42.0,8.0,8.0
469,1.0,469.0,London_198,,151,453,1092.0,70.0,2.0,147678.0,0.5585904291365296,779.0,15.0,1.0,14.0,34.0,10.0,24.0,164.0,75.0,179.0,24.0,118.0,9.0,34.0,3.0,11.0,11.0,76.0,155.0,211.0,66.0,0.0,0.0,0.0,0.0,0.0,0.0,0.0,0.0,0.0,2.0,0.0,0.0,0.0,1.0,0.0,1.0,0.0,0.0,0.0,2.0,0.0,0.0,0.0,0.0,0.0,0.0,0.0,0.0,0.0,0.0,0.0,0.0,0.0,0.0,0.0,0.0,0.0,0.0,0.0,0.0,0.0,1.0,0.0,0.0,2.0,0.0,2.0,2.0,0.0,0.0,2.0,3.0,0.0,0.0,0.0,0.0,0.0,0.0,0.0,0.0,0.0,0.0,0.0,0.0,0.0,0.0,0.0,0.0,0.0,0.0,0.0,0.0,0.0,0.0,0.0,1.0,0.0,0.0,2.0,0.0,2.0,4.0,0.0,0.0,3.0,3.0,0.0,0.0
470,1.0,470.0,London_198,,151,453,1092.0,70.0,2.0,184824.0,0.6181770940311253,861.0,99.0,0.0,99.0,161.0,0.0,161.0,31.0,65.0,183.0,25.0,119.0,10.0,36.0,4.0,11.0,11.0,75.0,147.0,220.0,66.0,0.0,0.0,0.0,0.0,0.0,0.0,0.0,0.0,0.0,34.0,0.0,9.0,0.0,18.0,0.0,3.0,1.0,3.0,0.0,34.0,0.0,0.0,0.0,0.0,0.0,0.0,0.0,0.0,0.0,0.0,0.0,0.0,0.0,0.0,0.0,0.0,0.0,0.0,0.0,0.0,0.0,0.0,0.0,0.0,0.0,1.0,2.0,2.0,1.0,0.0,14.0,17.0,3.0,1.0,0.0,0.0,0.0,0.0,0.0,0.0,0.0,0.0,0.0,0.0,0.0,0.0,0.0,0.0,0.0,0.0,0.0,0.0,0.0,0.0,0.0,0.0,0.0,0.0,0.0,1.0,3.0,2.0,1.0,0.0,18.0,23.0,4.0,2.0
471,1.0,471.0,London_198,,151,453,1092.0,70.0,2.0,182559.0,1.160162112209946,856.0,167.0,0.0,167.0,275.0,0.0,275.0,109.0,61.0,183.0,27.0,121.0,10.0,39.0,4.0,8.0,11.0,69.0,146.0,227.0,62.0,0.0,0.0,0.0,0.0,0.0,0.0,0.0,0.0,0.0,55.0,0.0,12.0,6.0,32.0,0.0,5.0,0.0,0.0,0.0,55.0,0.0,0.0,0.0,0.0,0.0,0.0,0.0,0.0,0.0,0.0,0.0,0.0,0.0,0.0,0.0,0.0,0.0,0.0,0.0,0.0,2.0,0.0,1.0,1.0,1.0,0.0,3.0,6.0,3.0,0.0,28.0,25.0,7.0,4.0,0.0,0.0,0.0,0.0,0.0,0.0,0.0,0.0,0.0,0.0,0.0,0.0,0.0,0.0,0.0,0.0,0.0,0.0,0.0,0.0,2.0,0.0,1.0,2.0,1.0,0.0,4.0,7.0,4.0,0.0,42.0,30.0,9.0,4.0
472,1.0,472.0,London_198,,151,453,1092.0,70.0,2.0,142695.0,0.44787312601692975,768.0,29.0,1.0,28.0,61.0,11.0,50.0,190.0,66.0,178.0,29.0,124.0,9.0,41.0,0.0,6.0,9.0,61.0,141.0,242.0,50.0,0.0,0.0,0.0,0.0,0.0,0.0,0.0,0.0,0.0,4.0,0.0,0.0,0.0,4.0,0.0,0.0,0.0,0.0,1.0,3.0,0.0,0.0,0.0,0.0,0.0,0.0,0.0,0.0,0.0,0.0,0.0,0.0,0.0,0.0,1.0,0.0,0.0,0.0,0.0,0.0,0.0,0.0,0.0,0.0,0.0,1.0,0.0,0.0,1.0,0.0,3.0,5.0,0.0,0.0,0.0,0.0,0.0,0.0,0.0,0.0,0.0,0.0,0.0,0.0,0.0,0.0,0.0,0.0,1.0,0.0,0.0,0.0,0.0,0.0,0.0,0.0,0.0,0.0,0.0,1.0,0.0,0.0,1.0,0.0,5.0,7.0,0.0,0.0
473,1.0,473.0,London_198,,151,453,1092.0,70.0,2.0,171687.0,1.0111095530446619,832.0,71.0,0.0,71.0,118.0,0.0,118.0,48.0,63.0,170.0,35.0,123.0,9.0,45.0,0.0,8.0,9.0,66.0,136.0,242.0,49.0,0.0,0.0,0.0,0.0,0.0,0.0,0.0,0.0,0.0,25.0,0.0,3.0,2.0,17.0,0.0,0.0,3.0,0.0,0.0,25.0,0.0,0.0,0.0,0.0,0.0,0.0,0.0,0.0,0.0,0.0,0.0,0.0,0.0,0.0,0.0,0.0,0.0,0.0,0.0,0.0,0.0,1.0,0.0,1.0,1.0,0.0,0.0,2.0,2.0,0.0,9.0,12.0,3.0,1.0,0.0,0.0,0.0,0.0,0.0,0.0,0.0,0.0,0.0,0.0,0.0,0.0,0.0,0.0,0.0,0.0,0.0,0.0,0.0,0.0,0.0,1.0,0.0,1.0,2.0,0.0,0.0,3.0,2.0,0.0,15.0,14.0,4.0,1.0
474,1.0,474.0,London_198,,151,453,1092.0,70.0,2.0,189354.0,0.5665446470957249,871.0,134.0,2.0,132.0,249.0,19.0,230.0,76.0,68.0,169.0,39.0,113.0,11.0,46.0,0.0,7.0,12.0,68.0,133.0,240.0,43.0,0.0,0.0,0.0,0.0,0.0,0.0,0.0,0.0,0.0,53.0,0.0,16.0,1.0,34.0,0.0,1.0,0.0,1.0,2.0,51.0,0.0,0.0,0.0,0.0,0.0,0.0,0.0,0.0,0.0,0.0,0.0,0.0,0.0,1.0,0.0,0.0,0.0,0.0,0.0,0.0,0.0,1.0,0.0,0.0,0.0,0.0,1.0,0.0,3.0,3.0,16.0,18.0,7.0,2.0,0.0,0.0,0.0,0.0,0.0,0.0,0.0,0.0,0.0,0.0,0.0,0.0,0.0,5.0,0.0,0.0,0.0,0.0,0.0,0.0,0.0,1.0,0.0,0.0,0.0,0.0,1.0,0.0,3.0,4.0,19.0,29.0,9.0,2.0
475,1.0,475.0,London_198,,151,453,1092.0,70.0,2.0,162174.0,0.4949144918937236,811.0,80.0,2.0,78.0,161.0,19.0,142.0,158.0,68.0,165.0,37.0,119.0,10.0,45.0,1.0,8.0,10.0,67.0,136.0,240.0,37.0,0.0,0.0,0.0,0.0,0.0,0.0,0.0,0.0,0.0,20.0,0.0,5.0,1.0,14.0,0.0,0.0,0.0,0.0,2.0,18.0,0.0,0.0,0.0,0.0,0.0,0.0,0.0,0.0,0.0,0.0,0.0,0.0,0.0,0.0,0.0,0.0,0.0,0.0,0.0,0.0,1.0,1.0,0.0,0.0,1.0,0.0,3.0,3.0,7.0,4.0,10.0,14.0,2.0,2.0,0.0,0.0,0.0,0.0,0.0,0.0,0.0,0.0,0.0,0.0,0.0,0.0,0.0,0.0,0.0,0.0,0.0,0.0,0.0,0.0,1.0,1.0,0.0,0.0,1.0,0.0,4.0,3.0,9.0,4.0,17.0,21.0,2.0,2.0
476,1.0,476.0,London_198,,151,453,1092.0,70.0,2.0,162174.0,0.41895858221687376,811.0,84.0,1.0,83.0,149.0,10.0,139.0,112.0,69.0,174.0,29.0,122.0,9.0,40.0,1.0,9.0,10.0,57.0,153.0,233.0,45.0,0.0,0.0,0.0,0.0,0.0,0.0,0.0,0.0,0.0,23.0,0.0,5.0,2.0,16.0,0.0,0.0,0.0,0.0,1.0,22.0,0.0,0.0,0.0,0.0,0.0,0.0,0.0,0.0,0.0,0.0,0.0,0.0,0.0,0.0,0.0,0.0,0.0,0.0,0.0,0.0,0.0,2.0,2.0,1.0,1.0,0.0,3.0,5.0,4.0,1.0,11.0,16.0,5.0,0.0,0.0,0.0,0.0,0.0,0.0,0.0,0.0,0.0,0.0,0.0,0.0,0.0,0.0,0.0,0.0,0.0,0.0,0.0,0.0,0.0,0.0,2.0,3.0,1.0,1.0,0.0,4.0,6.0,5.0,1.0,15.0,22.0,7.0,0.0
477,1.0,477.0,London_198,,151,453,1092.0,70.0,2.0,168063.0,0.5586628450546414,824.0,76.0,0.0,76.0,129.0,0.0,129.0,107.0,78.0,172.0,33.0,118.0,9.0,32.0,1.0,10.0,8.0,69.0,152.0,224.0,48.0,0.0,0.0,0.0,0.0,0.0,0.0,0.0,0.0,0.0,24.0,0.0,3.0,1.0,19.0,0.0,0.0,1.0,0.0,0.0,24.0,0.0,0.0,0.0,0.0,0.0,0.0,0.0,0.0,0.0,0.0,0.0,0.0,0.0,0.0,0.0,0.0,0.0,0.0,0.0,0.0,0.0,0.0,1.0,0.0,1.0,0.0,2.0,2.0,0.0,2.0,10.0,9.0,3.0,1.0,0.0,0.0,0.0,0.0,0.0,0.0,0.0,0.0,0.0,0.0,0.0,0.0,0.0,0.0,0.0,0.0,0.0,0.0,0.0,0.0,0.0,0.0,1.0,0.0,1.0,0.0,2.0,3.0,0.0,2.0,15.0,13.0,3.0,1.0
478,1.0,478.0,London_198,,151,453,1092.0,70.0,2.0,181200.0,0.5439100919757038,853.0,120.0,0.0,120.0,213.0,0.0,213.0,94.0,70.0,178.0,31.0,123.0,10.0,30.0,1.0,10.0,8.0,61.0,153.0,231.0,59.0,0.0,0.0,0.0,0.0,0.0,0.0,0.0,0.0,0.0,43.0,0.0,13.0,4.0,20.0,0.0,0.0,1.0,5.0,0.0,43.0,0.0,0.0,0.0,0.0,0.0,0.0,0.0,0.0,0.0,0.0,0.0,0.0,0.0,0.0,0.0,0.0,0.0,0.0,0.0,0.0,0.0,0.0,0.0,0.0,2.0,0.0,0.0,0.0,0.0,1.0,11.0,16.0,5.0,2.0,0.0,0.0,0.0,0.0,0.0,0.0,0.0,0.0,0.0,0.0,0.0,0.0,0.0,0.0,0.0,0.0,0.0,0.0,0.0,0.0,0.0,0.0,0.0,0.0,2.0,0.0,0.0,0.0,0.0,1.0,15.0,21.0,5.0,2.0
479,1.0,479.0,London_198,,151,453,1092.0,70.0,2.0,160362.0,0.3501750889699906,807.0,128.0,0.0,128.0,223.0,0.0,223.0,137.0,59.0,186.0,31.0,117.0,14.0,37.0,0.0,9.0,9.0,60.0,162.0,222.0,53.0,0.0,0.0,0.0,0.0,0.0,0.0,0.0,0.0,0.0,37.0,0.0,7.0,3.0,21.0,0.0,0.0,1.0,5.0,0.0,37.0,0.0,0.0,0.0,0.0,0.0,0.0,0.0,0.0,0.0,0.0,0.0,0.0,0.0,0.0,0.0,0.0,0.0,0.0,0.0,0.0,0.0,0.0,0.0,0.0,0.0,0.0,5.0,3.0,0.0,6.0,23.0,25.0,5.0,2.0,0.0,0.0,0.0,0.0,0.0,0.0,0.0,0.0,0.0,0.0,0.0,0.0,0.0,0.0,0.0,0.0,0.0,0.0,0.0,0.0,0.0,0.0,0.0,0.0,0.0,0.0,8.0,4.0,0.0,7.0,30.0,39.0,5.0,3.0
480,1.0,480.0,London_198,,151,453,1092.0,70.0,2.0,135900.0,0.5004938030615449,753.0,80.0,1.0,79.0,141.0,10.0,131.0,164.0,66.0,169.0,43.0,115.0,13.0,37.0,1.0,9.0,7.0,69.0,158.0,219.0,48.0,0.0,0.0,0.0,0.0,0.0,0.0,0.0,0.0,0.0,13.0,0.0,1.0,0.0,12.0,0.0,0.0,0.0,0.0,1.0,12.0,0.0,0.0,0.0,0.0,0.0,0.0,0.0,0.0,0.0,0.0,0.0,0.0,0.0,0.0,1.0,0.0,0.0,0.0,0.0,0.0,0.0,1.0,0.0,1.0,1.0,1.0,3.0,1.0,0.0,6.0,12.0,14.0,6.0,4.0,0.0,0.0,0.0,0.0,0.0,0.0,0.0,0.0,0.0,0.0,0.0,0.0,0.0,0.0,5.0,0.0,0.0,0.0,0.0,0.0,0.0,1.0,0.0,1.0,1.0,1.0,3.0,2.0,0.0,10.0,16.0,24.0,8.0,6.0
481,1.0,481.0,London_198,,151,453,1092.0,70.0,2.0,130917.0,0.7243601139634848,742.0,12.0,2.0,10.0,37.0,19.0,18.0,117.0,66.0,169.0,36.0,123.0,13.0,36.0,0.0,10.0,9.0,76.0,152.0,216.0,46.0,0.0,0.0,0.0,0.0,0.0,0.0,0.0,0.0,0.0,3.0,0.0,0.0,0.0,2.0,0.0,1.0,0.0,0.0,2.0,1.0,0.0,0.0,0.0,0.0,0.0,0.0,0.0,0.0,0.0,0.0,0.0,0.0,0.0,0.0,0.0,0.0,0.0,0.0,0.0,0.0,0.0,0.0,0.0,0.0,0.0,0.0,0.0,0.0,0.0,0.0,2.0,3.0,0.0,1.0,0.0,0.0,0.0,0.0,0.0,0.0,0.0,0.0,0.0,0.0,0.0,0.0,0.0,0.0,0.0,0.0,0.0,0.0,0.0,0.0,0.0,0.0,0.0,0.0,0.0,0.0,0.0,0.0,0.0,0.0,3.0,5.0,0.0,1.0
482,1.0,482.0,London_198,,151,453,1092.0,70.0,2.0,167610.0,0.3867526079993695,823.0,84.0,2.0,82.0,165.0,18.0,147.0,22.0,64.0,171.0,38.0,117.0,13.0,37.0,1.0,12.0,8.0,77.0,147.0,221.0,37.0,0.0,0.0,0.0,0.0,0.0,0.0,0.0,0.0,0.0,33.0,0.0,5.0,5.0,16.0,0.0,4.0,0.0,3.0,2.0,31.0,0.0,0.0,0.0,0.0,0.0,0.0,0.0,0.0,0.0,0.0,0.0,0.0,0.0,0.0,0.0,0.0,0.0,0.0,0.0,0.0,1.0,0.0,1.0,0.0,0.0,0.0,0.0,0.0,1.0,0.0,7.0,13.0,5.0,3.0,0.0,0.0,0.0,0.0,0.0,0.0,0.0,0.0,0.0,0.0,0.0,0.0,0.0,0.0,0.0,0.0,0.0,0.0,0.0,0.0,1.0,0.0,1.0,0.0,0.0,0.0,0.0,0.0,2.0,0.0,10.0,20.0,8.0,5.0
483,1.0,483.0,London_198,,151,453,1092.0,70.0,2.0,173952.0,0.4408207789529115,837.0,149.0,0.0,149.0,269.0,0.0,269.0,101.0,64.0,166.0,34.0,113.0,17.0,44.0,2.0,13.0,5.0,74.0,148.0,226.0,35.0,0.0,0.0,0.0,0.0,0.0,0.0,0.0,0.0,0.0,55.0,0.0,14.0,3.0,31.0,0.0,4.0,0.0,3.0,0.0,55.0,0.0,0.0,0.0,0.0,0.0,0.0,0.0,0.0,0.0,0.0,0.0,0.0,0.0,0.0,0.0,0.0,0.0,0.0,0.0,0.0,1.0,0.0,1.0,0.0,1.0,0.0,2.0,1.0,1.0,1.0,19.0,28.0,11.0,5.0,0.0,0.0,0.0,0.0,0.0,0.0,0.0,0.0,0.0,0.0,0.0,0.0,0.0,0.0,0.0,0.0,0.0,0.0,0.0,0.0,1.0,0.0,1.0,0.0,1.0,0.0,2.0,1.0,1.0,1.0,30.0,40.0,14.0,5.0
484,1.0,484.0,London_198,,151,453,1092.0,70.0,2.0,139524.0,0.6953172229696065,761.0,55.0,0.0,55.0,92.0,0.0,92.0,184.0,65.0,168.0,38.0,108.0,15.0,46.0,2.0,11.0,8.0,89.0,145.0,211.0,49.0,0.0,0.0,0.0,0.0,0.0,0.0,0.0,0.0,0.0,5.0,0.0,0.0,0.0,4.0,0.0,0.0,0.0,1.0,0.0,5.0,0.0,0.0,0.0,0.0,0.0,0.0,0.0,0.0,0.0,0.0,0.0,0.0,0.0,0.0,0.0,0.0,0.0,0.0,0.0,0.0,0.0,1.0,0.0,1.0,0.0,0.0,2.0,0.0,1.0,5.0,9.0,11.0,8.0,1.0,0.0,0.0,0.0,0.0,0.0,0.0,0.0,0.0,0.0,0.0,0.0,0.0,0.0,0.0,0.0,0.0,0.0,0.0,0.0,0.0,0.0,1.0,0.0,1.0,0.0,0.0,2.0,0.0,1.0,10.0,13.0,19.0,9.0,2.0
485,1.0,485.0,London_198,,151,453,1092.0,70.0,2.0,162627.0,0.5632169470191002,812.0,75.0,2.0,73.0,138.0,16.0,122.0,87.0,60.0,171.0,35.0,107.0,14.0,50.0,4.0,12.0,9.0,88.0,154.0,202.0,61.0,0.0,0.0,0.0,0.0,0.0,0.0,0.0,0.0,0.0,21.0,0.0,1.0,4.0,13.0,0.0,2.0,0.0,1.0,2.0,19.0,0.0,0.0,0.0,0.0,0.0,0.0,0.0,0.0,0.0,0.0,0.0,0.0,0.0,0.0,1.0,0.0,0.0,0.0,0.0,0.0,1.0,0.0,0.0,0.0,2.0,0.0,2.0,1.0,2.0,4.0,10.0,14.0,3.0,4.0,0.0,0.0,0.0,0.0,0.0,0.0,0.0,0.0,0.0,0.0,0.0,0.0,0.0,0.0,6.0,0.0,0.0,0.0,0.0,0.0,1.0,0.0,0.0,0.0,2.0,0.0,2.0,1.0,3.0,5.0,17.0,18.0,5.0,6.0
486,1.0,486.0,London_198,,151,453,1092.0,70.0,2.0,159909.0,0.5960794279817492,806.0,53.0,1.0,52.0,98.0,9.0,89.0,104.0,58.0,180.0,33.0,109.0,13.0,48.0,4.0,8.0,5.0,87.0,152.0,209.0,56.0,0.0,0.0,0.0,0.0,0.0,0.0,0.0,0.0,0.0,15.0,0.0,0.0,2.0,13.0,0.0,0.0,0.0,0.0,1.0,14.0,0.0,0.0,0.0,0.0,0.0,0.0,0.0,0.0,0.0,0.0,0.0,0.0,0.0,0.0,0.0,0.0,0.0,0.0,0.0,0.0,0.0,3.0,1.0,1.0,0.0,0.0,1.0,2.0,0.0,4.0,10.0,6.0,6.0,3.0,0.0,0.0,0.0,0.0,0.0,0.0,0.0,0.0,0.0,0.0,0.0,0.0,0.0,0.0,0.0,0.0,0.0,0.0,0.0,0.0,0.0,3.0,1.0,2.0,0.0,0.0,1.0,2.0,0.0,4.0,12.0,7.0,11.0,3.0
487,1.0,487.0,London_198,,151,453,1092.0,70.0,2.0,159909.0,0.3978662558365613,806.0,90.0,0.0,90.0,158.0,0.0,158.0,67.0,57.0,191.0,29.0,103.0,12.0,49.0,3.0,9.0,5.0,85.0,156.0,207.0,63.0,0.0,0.0,0.0,0.0,0.0,0.0,0.0,0.0,0.0,28.0,0.0,0.0,2.0,22.0,0.0,3.0,0.0,1.0,0.0,28.0,0.0,0.0,0.0,0.0,0.0,0.0,0.0,0.0,0.0,0.0,0.0,0.0,0.0,0.0,0.0,0.0,0.0,0.0,0.0,0.0,1.0,2.0,1.0,2.0,0.0,1.0,2.0,1.0,0.0,3.0,13.0,16.0,7.0,8.0,0.0,0.0,0.0,0.0,0.0,0.0,0.0,0.0,0.0,0.0,0.0,0.0,0.0,0.0,0.0,0.0,0.0,0.0,0.0,0.0,1.0,2.0,2.0,2.0,0.0,2.0,2.0,1.0,0.0,4.0,19.0,20.0,7.0,11.0
488,1.0,488.0,London_198,,151,453,1092.0,70.0,2.0,154926.0,0.5706600400153548,795.0,142.0,2.0,140.0,257.0,18.0,239.0,116.0,62.0,182.0,33.0,108.0,12.0,42.0,2.0,12.0,5.0,72.0,153.0,223.0,63.0,0.0,0.0,0.0,0.0,0.0,0.0,0.0,0.0,0.0,41.0,0.0,0.0,0.0,36.0,0.0,3.0,0.0,2.0,2.0,39.0,0.0,0.0,0.0,0.0,0.0,0.0,0.0,0.0,0.0,0.0,0.0,0.0,0.0,0.0,0.0,0.0,0.0,0.0,0.0,0.0,0.0,5.0,0.0,2.0,0.0,0.0,8.0,0.0,5.0,6.0,25.0,22.0,17.0,5.0,0.0,0.0,0.0,0.0,0.0,0.0,0.0,0.0,0.0,0.0,0.0,0.0,0.0,0.0,0.0,0.0,0.0,0.0,0.0,0.0,0.0,8.0,0.0,2.0,0.0,0.0,12.0,0.0,6.0,6.0,34.0,30.0,21.0,7.0
489,1.0,489.0,London_198,,151,453,1092.0,70.0,2.0,129558.0,0.45983556495048106,739.0,21.0,2.0,19.0,48.0,18.0,30.0,182.0,65.0,172.0,33.0,117.0,10.0,40.0,2.0,14.0,7.0,75.0,154.0,217.0,63.0,0.0,0.0,0.0,0.0,0.0,0.0,0.0,0.0,0.0,3.0,0.0,0.0,0.0,2.0,1.0,0.0,0.0,0.0,2.0,1.0,0.0,0.0,0.0,0.0,0.0,0.0,0.0,0.0,0.0,0.0,0.0,0.0,0.0,1.0,0.0,0.0,0.0,0.0,0.0,0.0,0.0,0.0,0.0,0.0,1.0,0.0,1.0,0.0,1.0,0.0,2.0,7.0,0.0,2.0,0.0,0.0,0.0,0.0,0.0,0.0,0.0,0.0,0.0,0.0,0.0,0.0,0.0,1.0,0.0,0.0,0.0,0.0,0.0,0.0,0.0,0.0,0.0,0.0,1.0,0.0,1.0,0.0,1.0,0.0,3.0,10.0,0.0,2.0
490,1.0,490.0,London_198,,151,453,1092.0,70.0,2.0,159456.0,0.36210507713258266,805.0,100.0,0.0,100.0,166.0,0.0,166.0,30.0,64.0,180.0,28.0,115.0,11.0,39.0,2.0,14.0,7.0,72.0,154.0,220.0,64.0,0.0,0.0,0.0,0.0,0.0,0.0,0.0,0.0,0.0,25.0,0.0,3.0,1.0,18.0,0.0,3.0,0.0,0.0,0.0,25.0,0.0,0.0,0.0,0.0,0.0,0.0,0.0,0.0,0.0,0.0,0.0,0.0,0.0,0.0,0.0,0.0,0.0,0.0,0.0,0.0,0.0,0.0,0.0,0.0,0.0,0.0,0.0,2.0,1.0,3.0,15.0,18.0,11.0,5.0,0.0,0.0,0.0,0.0,0.0,0.0,0.0,0.0,0.0,0.0,0.0,0.0,0.0,0.0,0.0,0.0,0.0,0.0,0.0,0.0,0.0,0.0,0.0,0.0,0.0,0.0,0.0,3.0,1.0,3.0,22.0,24.0,15.0,8.0
491,1.0,491.0,London_198,,151,453,1092.0,70.0,2.0,148584.0,0.7177735150326043,781.0,97.0,0.0,97.0,170.0,0.0,170.0,122.0,66.0,172.0,33.0,118.0,12.0,37.0,1.0,14.0,10.0,76.0,157.0,210.0,58.0,0.0,0.0,0.0,0.0,0.0,0.0,0.0,0.0,0.0,24.0,0.0,1.0,2.0,19.0,0.0,2.0,0.0,0.0,0.0,24.0,0.0,0.0,0.0,0.0,0.0,0.0,0.0,0.0,0.0,0.0,0.0,0.0,0.0,0.0,0.0,0.0,0.0,0.0,0.0,0.0,0.0,1.0,0.0,0.0,1.0,0.0,2.0,1.0,0.0,5.0,20.0,17.0,6.0,7.0,0.0,0.0,0.0,0.0,0.0,0.0,0.0,0.0,0.0,0.0,0.0,0.0,0.0,0.0,0.0,0.0,0.0,0.0,0.0,0.0,0.0,1.0,0.0,0.0,1.0,0.0,3.0,1.0,0.0,6.0,27.0,22.0,6.0,8.0
492,1.0,492.0,London_198,,151,453,1092.0,70.0,2.0,143601.0,0.5902132298797369,770.0,4.0,2.0,2.0,20.0,17.0,3.0,134.0,70.0,178.0,37.0,103.0,12.0,40.0,1.0,12.0,12.0,66.0,164.0,211.0,63.0,0.0,0.0,0.0,0.0,0.0,0.0,0.0,0.0,0.0,2.0,0.0,0.0,0.0,0.0,0.0,2.0,0.0,0.0,2.0,0.0,0.0,0.0,0.0,0.0,0.0,0.0,0.0,0.0,0.0,0.0,0.0,0.0,0.0,0.0,0.0,0.0,1.0,0.0,0.0,0.0,0.0,0.0,0.0,0.0,0.0,0.0,0.0,0.0,0.0,0.0,0.0,0.0,0.0,0.0,0.0,0.0,0.0,0.0,0.0,0.0,0.0,0.0,0.0,0.0,0.0,0.0,0.0,0.0,0.0,0.0,1.0,0.0,0.0,0.0,0.0,0.0,0.0,0.0,0.0,0.0,0.0,0.0,0.0,0.0,0.0,0.0,0.0,0.0
493,1.0,493.0,London_198,,151,453,1092.0,70.0,2.0,186183.0,0.6954432378988713,864.0,63.0,0.0,63.0,109.0,0.0,109.0,5.0,70.0,178.0,38.0,103.0,13.0,38.0,1.0,12.0,11.0,65.0,165.0,212.0,61.0,0.0,0.0,0.0,0.0,0.0,0.0,0.0,0.0,0.0,25.0,0.0,5.0,3.0,15.0,0.0,1.0,0.0,1.0,0.0,25.0,0.0,0.0,0.0,0.0,0.0,0.0,0.0,0.0,0.0,0.0,0.0,0.0,0.0,0.0,0.0,0.0,0.0,0.0,0.0,0.0,0.0,1.0,1.0,0.0,0.0,0.0,0.0,0.0,1.0,2.0,10.0,7.0,2.0,2.0,0.0,0.0,0.0,0.0,0.0,0.0,0.0,0.0,0.0,0.0,0.0,0.0,0.0,0.0,0.0,0.0,0.0,0.0,0.0,0.0,0.0,1.0,1.0,0.0,0.0,0.0,0.0,0.0,1.0,2.0,16.0,11.0,2.0,4.0
494,1.0,494.0,London_198,,151,453,1092.0,70.0,2.0,198867.0,0.49075843999162316,892.0,136.0,2.0,134.0,236.0,20.0,216.0,69.0,75.0,170.0,39.0,103.0,17.0,36.0,1.0,12.0,11.0,72.0,168.0,202.0,56.0,0.0,0.0,0.0,0.0,0.0,0.0,0.0,0.0,0.0,56.0,0.0,18.0,7.0,27.0,0.0,4.0,0.0,0.0,1.0,55.0,0.0,0.0,0.0,0.0,0.0,0.0,0.0,0.0,0.0,0.0,0.0,0.0,0.0,0.0,1.0,0.0,0.0,0.0,0.0,0.0,0.0,0.0,1.0,0.0,0.0,0.0,2.0,1.0,1.0,2.0,12.0,17.0,3.0,3.0,0.0,0.0,0.0,0.0,0.0,0.0,0.0,0.0,0.0,0.0,0.0,0.0,0.0,0.0,8.0,0.0,0.0,0.0,0.0,0.0,0.0,0.0,1.0,0.0,0.0,0.0,2.0,1.0,2.0,2.0,14.0,23.0,3.0,4.0
495,1.0,495.0,London_198,,151,453,1092.0,70.0,2.0,178935.0,0.5011735400184989,848.0,125.0,2.0,123.0,228.0,15.0,213.0,139.0,82.0,168.0,43.0,107.0,14.0,25.0,2.0,12.0,10.0,69.0,161.0,213.0,49.0,0.0,0.0,0.0,0.0,0.0,0.0,0.0,0.0,0.0,52.0,0.0,18.0,3.0,29.0,0.0,0.0,0.0,2.0,2.0,50.0,0.0,0.0,0.0,0.0,0.0,0.0,0.0,0.0,0.0,0.0,0.0,0.0,0.0,0.0,0.0,0.0,0.0,0.0,0.0,0.0,2.0,0.0,1.0,0.0,0.0,1.0,3.0,2.0,0.0,1.0,14.0,13.0,1.0,3.0,0.0,0.0,0.0,0.0,0.0,0.0,0.0,0.0,0.0,0.0,0.0,0.0,0.0,0.0,0.0,0.0,0.0,0.0,0.0,0.0,2.0,0.0,1.0,0.0,0.0,2.0,3.0,2.0,0.0,1.0,25.0,19.0,1.0,5.0
496,1.0,496.0,London_198,,151,453,1092.0,70.0,2.0,164892.0,0.4402482029981911,817.0,71.0,1.0,70.0,132.0,9.0,123.0,132.0,63.0,171.0,46.0,107.0,16.0,37.0,2.0,11.0,10.0,75.0,159.0,209.0,51.0,0.0,0.0,0.0,0.0,0.0,0.0,0.0,0.0,0.0,23.0,0.0,7.0,4.0,8.0,0.0,3.0,0.0,1.0,1.0,22.0,0.0,0.0,0.0,0.0,0.0,0.0,0.0,0.0,0.0,0.0,0.0,0.0,0.0,0.0,0.0,0.0,0.0,0.0,0.0,0.0,0.0,0.0,0.0,0.0,1.0,0.0,2.0,1.0,1.0,2.0,10.0,11.0,3.0,2.0,0.0,0.0,0.0,0.0,0.0,0.0,0.0,0.0,0.0,0.0,0.0,0.0,0.0,0.0,0.0,0.0,0.0,0.0,0.0,0.0,0.0,0.0,0.0,0.0,1.0,0.0,3.0,1.0,1.0,2.0,13.0,17.0,3.0,3.0
497,1.0,497.0,London_198,,151,453,1092.0,70.0,2.0,171687.0,0.5979259328451008,832.0,107.0,1.0,106.0,194.0,8.0,186.0,82.0,64.0,176.0,46.0,98.0,10.0,45.0,2.0,12.0,11.0,70.0,172.0,200.0,55.0,0.0,0.0,0.0,0.0,0.0,0.0,0.0,0.0,0.0,45.0,0.0,11.0,5.0,23.0,0.0,3.0,0.0,3.0,1.0,44.0,0.0,0.0,0.0,0.0,0.0,0.0,0.0,0.0,0.0,0.0,0.0,0.0,0.0,0.0,1.0,0.0,0.0,0.0,0.0,0.0,1.0,0.0,1.0,0.0,1.0,0.0,1.0,0.0,0.0,4.0,12.0,20.0,8.0,3.0,0.0,0.0,0.0,0.0,0.0,0.0,0.0,0.0,0.0,0.0,0.0,0.0,0.0,0.0,4.0,0.0,0.0,0.0,0.0,0.0,1.0,0.0,1.0,0.0,1.0,0.0,1.0,0.0,0.0,6.0,15.0,28.0,11.0,4.0
498,1.0,498.0,London_198,,151,453,1092.0,70.0,2.0,163080.0,0.6756024989299476,813.0,140.0,0.0,140.0,235.0,0.0,235.0,132.0,74.0,149.0,42.0,112.0,13.0,48.0,1.0,14.0,17.0,58.0,163.0,215.0,65.0,0.0,0.0,0.0,0.0,0.0,0.0,0.0,0.0,0.0,40.0,0.0,11.0,0.0,20.0,1.0,4.0,0.0,4.0,0.0,40.0,0.0,0.0,0.0,0.0,0.0,0.0,0.0,0.0,0.0,0.0,0.0,0.0,0.0,0.0,0.0,0.0,0.0,0.0,0.0,0.0,2.0,1.0,1.0,0.0,1.0,0.0,0.0,2.0,0.0,6.0,18.0,30.0,10.0,4.0,0.0,0.0,0.0,0.0,0.0,0.0,0.0,0.0,0.0,0.0,0.0,0.0,0.0,0.0,0.0,0.0,0.0,0.0,0.0,0.0,2.0,1.0,1.0,0.0,1.0,0.0,0.0,4.0,0.0,6.0,21.0,43.0,13.0,4.0
499,1.0,499.0,London_198,,151,453,1092.0,70.0,2.0,131823.0,0.33783021103590727,744.0,7.0,2.0,5.0,27.0,19.0,8.0,178.0,75.0,168.0,30.0,106.0,12.0,45.0,2.0,15.0,13.0,65.0,169.0,206.0,71.0,0.0,0.0,0.0,0.0,0.0,0.0,0.0,0.0,0.0,3.0,0.0,0.0,0.0,2.0,1.0,0.0,0.0,0.0,1.0,2.0,0.0,0.0,0.0,0.0,0.0,0.0,0.0,0.0,0.0,1.0,0.0,0.0,0.0,0.0,1.0,0.0,1.0,0.0,0.0,0.0,0.0,0.0,0.0,0.0,0.0,0.0,0.0,0.0,0.0,0.0,0.0,0.0,0.0,1.0,0.0,0.0,0.0,0.0,0.0,0.0,0.0,0.0,0.0,1.0,0.0,0.0,0.0,0.0,7.0,0.0,3.0,0.0,0.0,0.0,0.0,0.0,0.0,0.0,0.0,0.0,0.0,0.0,0.0,0.0,0.0,0.0,0.0,2.0
500,1.0,500.0,London_198,,151,453,1092.0,70.0,2.0,173046.0,0.3984615078661591,835.0,118.0,0.0,118.0,211.0,0.0,211.0,18.0,74.0,162.0,30.0,115.0,7.0,47.0,2.0,16.0,12.0,69.0,162.0,210.0,70.0,0.0,0.0,0.0,0.0,0.0,0.0,0.0,0.0,0.0,43.0,0.0,18.0,1.0,24.0,0.0,0.0,0.0,0.0,0.0,43.0,0.0,0.0,0.0,0.0,0.0,0.0,0.0,0.0,0.0,0.0,0.0,0.0,0.0,0.0,0.0,0.0,0.0,0.0,0.0,0.0,0.0,0.0,0.0,0.0,2.0,0.0,0.0,1.0,0.0,3.0,19.0,14.0,8.0,5.0,0.0,0.0,0.0,0.0,0.0,0.0,0.0,0.0,0.0,0.0,0.0,0.0,0.0,0.0,0.0,0.0,0.0,0.0,0.0,0.0,0.0,0.0,0.0,0.0,2.0,0.0,0.0,1.0,0.0,3.0,22.0,18.0,10.0,6.0
501,1.0,501.0,London_198,,151,453,1092.0,70.0,2.0,158550.0,0.551701941061765,803.0,122.0,0.0,122.0,233.0,0.0,233.0,139.0,71.0,172.0,24.0,110.0,9.0,49.0,1.0,17.0,14.0,63.0,157.0,219.0,79.0,0.0,0.0,0.0,0.0,0.0,0.0,0.0,0.0,0.0,36.0,0.0,15.0,0.0,21.0,0.0,0.0,0.0,0.0,0.0,36.0,0.0,0.0,0.0,0.0,0.0,0.0,0.0,0.0,0.0,0.0,0.0,0.0,0.0,0.0,0.0,0.0,0.0,0.0,0.0,0.0,0.0,1.0,0.0,0.0,0.0,0.0,1.0,1.0,0.0,7.0,16.0,20.0,10.0,2.0,0.0,0.0,0.0,0.0,0.0,0.0,0.0,0.0,0.0,0.0,0.0,0.0,0.0,0.0,0.0,0.0,0.0,0.0,0.0,0.0,0.0,1.0,0.0,0.0,0.0,0.0,2.0,1.0,0.0,8.0,30.0,29.0,14.0,3.0
502,1.0,502.0,London_198,,151,453,1092.0,70.0,2.0,133182.0,0.30040621710941195,747.0,60.0,2.0,58.0,125.0,17.0,108.0,167.0,81.0,158.0,30.0,122.0,4.0,43.0,3.0,12.0,16.0,61.0,163.0,213.0,74.0,0.0,0.0,0.0,0.0,0.0,0.0,0.0,0.0,0.0,9.0,0.0,2.0,1.0,4.0,0.0,1.0,0.0,1.0,2.0,7.0,0.0,0.0,0.0,0.0,0.0,0.0,0.0,0.0,0.0,0.0,0.0,0.0,0.0,0.0,0.0,0.0,0.0,0.0,0.0,0.0,0.0,0.0,0.0,1.0,0.0,0.0,0.0,1.0,0.0,3.0,12.0,13.0,5.0,1.0,0.0,0.0,0.0,0.0,0.0,0.0,0.0,0.0,0.0,0.0,0.0,0.0,0.0,0.0,0.0,0.0,0.0,0.0,0.0,0.0,0.0,0.0,0.0,1.0,0.0,0.0,0.0,1.0,0.0,4.0,17.0,15.0,9.0,2.0
503,1.0,503.0,London_198,,151,453,1092.0,70.0,2.0,141336.0,0.3390299610327929,765.0,13.0,2.0,11.0,36.0,18.0,18.0,101.0,73.0,166.0,35.0,123.0,8.0,35.0,2.0,11.0,17.0,71.0,161.0,204.0,83.0,0.0,0.0,0.0,0.0,0.0,0.0,0.0,0.0,0.0,5.0,0.0,1.0,0.0,2.0,0.0,2.0,0.0,0.0,2.0,3.0,0.0,0.0,0.0,0.0,0.0,0.0,0.0,0.0,0.0,0.0,0.0,0.0,0.0,0.0,0.0,0.0,0.0,0.0,0.0,0.0,0.0,0.0,0.0,0.0,0.0,0.0,0.0,0.0,0.0,0.0,2.0,1.0,0.0,0.0,0.0,0.0,0.0,0.0,0.0,0.0,0.0,0.0,0.0,0.0,0.0,0.0,0.0,0.0,0.0,0.0,0.0,0.0,0.0,0.0,0.0,0.0,0.0,0.0,0.0,0.0,0.0,0.0,0.0,0.0,2.0,1.0,0.0,0.0
504,1.0,504.0,London_198,,151,453,1092.0,70.0,2.0,169875.0,0.47319407598115504,828.0,113.0,2.0,111.0,211.0,18.0,193.0,13.0,72.0,163.0,37.0,125.0,8.0,33.0,2.0,13.0,16.0,72.0,159.0,206.0,80.0,0.0,0.0,0.0,0.0,0.0,0.0,0.0,0.0,0.0,42.0,0.0,18.0,2.0,17.0,0.0,3.0,0.0,2.0,1.0,41.0,0.0,0.0,0.0,0.0,0.0,0.0,0.0,0.0,0.0,0.0,0.0,0.0,0.0,0.0,1.0,0.0,0.0,0.0,0.0,0.0,1.0,0.0,0.0,0.0,0.0,1.0,2.0,0.0,1.0,1.0,11.0,17.0,5.0,1.0,0.0,0.0,0.0,0.0,0.0,0.0,0.0,0.0,0.0,0.0,0.0,0.0,0.0,0.0,7.0,0.0,0.0,0.0,0.0,0.0,2.0,0.0,0.0,0.0,0.0,1.0,3.0,0.0,1.0,2.0,15.0,29.0,7.0,1.0
505,1.0,505.0,London_198,,151,453,1092.0,70.0,2.0,157191.0,0.46033305302262306,800.0,104.0,0.0,104.0,195.0,0.0,195.0,136.0,83.0,160.0,35.0,111.0,10.0,40.0,2.0,12.0,12.0,70.0,175.0,196.0,67.0,0.0,0.0,0.0,0.0,0.0,0.0,0.0,0.0,0.0,33.0,0.0,11.0,1.0,18.0,0.0,0.0,1.0,2.0,0.0,33.0,0.0,0.0,0.0,0.0,0.0,0.0,0.0,0.0,0.0,0.0,0.0,0.0,0.0,0.0,0.0,0.0,0.0,0.0,0.0,0.0,1.0,0.0,0.0,1.0,1.0,0.0,0.0,1.0,2.0,1.0,15.0,17.0,5.0,2.0,0.0,0.0,0.0,0.0,0.0,0.0,0.0,0.0,0.0,0.0,0.0,0.0,0.0,0.0,0.0,0.0,0.0,0.0,0.0,0.0,1.0,0.0,0.0,1.0,1.0,0.0,0.0,3.0,3.0,1.0,25.0,25.0,6.0,4.0
506,1.0,506.0,London_198,,151,453,1092.0,70.0,2.0,148584.0,0.6286960209254175,781.0,126.0,1.0,125.0,222.0,11.0,211.0,131.0,65.0,168.0,36.0,120.0,13.0,37.0,1.0,13.0,12.0,75.0,170.0,196.0,71.0,0.0,0.0,0.0,0.0,0.0,0.0,0.0,0.0,0.0,36.0,0.0,8.0,2.0,25.0,0.0,0.0,1.0,0.0,1.0,35.0,0.0,0.0,0.0,0.0,0.0,0.0,0.0,0.0,0.0,0.0,0.0,0.0,0.0,0.0,1.0,0.0,0.0,0.0,0.0,0.0,0.0,0.0,0.0,0.0,0.0,0.0,0.0,0.0,0.0,2.0,14.0,13.0,5.0,1.0,0.0,0.0,0.0,0.0,0.0,0.0,0.0,0.0,0.0,0.0,0.0,0.0,0.0,0.0,8.0,0.0,0.0,0.0,0.0,0.0,0.0,0.0,0.0,0.0,0.0,0.0,0.0,0.0,0.0,3.0,23.0,17.0,6.0,2.0
507,1.0,507.0,London_198,,151,453,1092.0,70.0,2.0,134994.0,0.5723124830983579,751.0,16.0,1.0,15.0,38.0,10.0,28.0,170.0,73.0,169.0,30.0,122.0,18.0,31.0,0.0,10.0,8.0,75.0,161.0,209.0,61.0,0.0,0.0,0.0,0.0,0.0,0.0,0.0,0.0,0.0,6.0,0.0,0.0,1.0,4.0,1.0,0.0,0.0,0.0,1.0,5.0,0.0,0.0,0.0,0.0,0.0,0.0,0.0,0.0,0.0,0.0,0.0,0.0,0.0,1.0,0.0,0.0,0.0,0.0,0.0,0.0,1.0,0.0,0.0,0.0,0.0,0.0,1.0,0.0,0.0,1.0,2.0,2.0,0.0,0.0,0.0,0.0,0.0,0.0,0.0,0.0,0.0,0.0,0.0,0.0,0.0,0.0,0.0,4.0,0.0,0.0,0.0,0.0,0.0,0.0,2.0,0.0,0.0,0.0,0.0,0.0,1.0,0.0,0.0,2.0,3.0,5.0,0.0,0.0
508,1.0,508.0,London_198,,151,453,1092.0,70.0,2.0,167157.0,0.5756176309660077,822.0,81.0,0.0,81.0,143.0,0.0,143.0,26.0,71.0,172.0,30.0,126.0,12.0,32.0,0.0,10.0,8.0,74.0,159.0,212.0,61.0,0.0,0.0,0.0,0.0,0.0,0.0,0.0,0.0,0.0,23.0,0.0,7.0,2.0,14.0,0.0,0.0,0.0,0.0,0.0,23.0,0.0,0.0,0.0,0.0,0.0,0.0,0.0,0.0,0.0,0.0,0.0,0.0,0.0,0.0,0.0,0.0,0.0,0.0,0.0,0.0,1.0,0.0,0.0,0.0,0.0,0.0,1.0,4.0,1.0,1.0,10.0,13.0,7.0,0.0,0.0,0.0,0.0,0.0,0.0,0.0,0.0,0.0,0.0,0.0,0.0,0.0,0.0,0.0,0.0,0.0,0.0,0.0,0.0,0.0,1.0,0.0,0.0,0.0,0.0,0.0,1.0,5.0,1.0,2.0,14.0,17.0,7.0,0.0
509,1.0,509.0,London_198,,151,453,1092.0,70.0,2.0,171234.0,0.6920764120295644,831.0,66.0,0.0,66.0,123.0,0.0,123.0,105.0,67.0,166.0,37.0,128.0,12.0,33.0,0.0,10.0,5.0,69.0,169.0,210.0,57.0,0.0,0.0,0.0,0.0,0.0,0.0,0.0,0.0,0.0,14.0,0.0,3.0,3.0,8.0,0.0,0.0,0.0,0.0,0.0,14.0,0.0,0.0,0.0,0.0,0.0,0.0,0.0,0.0,0.0,0.0,0.0,0.0,0.0,0.0,0.0,0.0,0.0,0.0,0.0,0.0,0.0,1.0,0.0,0.0,0.0,0.0,3.0,0.0,0.0,6.0,11.0,16.0,2.0,4.0,0.0,0.0,0.0,0.0,0.0,0.0,0.0,0.0,0.0,0.0,0.0,0.0,0.0,0.0,0.0,0.0,0.0,0.0,0.0,0.0,0.0,1.0,0.0,0.0,0.0,0.0,3.0,0.0,0.0,6.0,17.0,24.0,2.0,4.0
510,1.0,510.0,London_198,,151,453,1092.0,70.0,2.0,179841.0,0.5474892759229988,850.0,69.0,2.0,67.0,125.0,19.0,106.0,93.0,62.0,169.0,39.0,129.0,13.0,30.0,1.0,10.0,5.0,74.0,160.0,214.0,52.0,0.0,0.0,0.0,0.0,0.0,0.0,0.0,0.0,0.0,26.0,0.0,4.0,1.0,16.0,0.0,2.0,0.0,3.0,2.0,24.0,0.0,0.0,0.0,0.0,0.0,0.0,0.0,0.0,0.0,0.0,0.0,0.0,0.0,1.0,0.0,0.0,1.0,0.0,0.0,0.0,0.0,0.0,0.0,0.0,0.0,1.0,3.0,2.0,0.0,0.0,3.0,12.0,1.0,2.0,0.0,0.0,0.0,0.0,0.0,0.0,0.0,0.0,0.0,0.0,0.0,0.0,0.0,1.0,0.0,0.0,1.0,0.0,0.0,0.0,0.0,0.0,0.0,0.0,0.0,4.0,3.0,3.0,0.0,0.0,4.0,20.0,1.0,2.0
511,1.0,511.0,London_198,,151,453,1092.0,70.0,2.0,186636.0,0.48985227313824,865.0,172.0,1.0,171.0,303.0,10.0,293.0,75.0,65.0,176.0,33.0,124.0,17.0,28.0,1.0,9.0,4.0,72.0,166.0,211.0,50.0,0.0,0.0,0.0,0.0,0.0,0.0,0.0,0.0,0.0,57.0,0.0,21.0,4.0,28.0,0.0,3.0,0.0,1.0,0.0,57.0,0.0,0.0,0.0,0.0,0.0,0.0,0.0,0.0,0.0,0.0,0.0,0.0,0.0,0.0,0.0,0.0,0.0,0.0,0.0,0.0,1.0,0.0,0.0,0.0,0.0,0.0,3.0,3.0,4.0,3.0,29.0,29.0,3.0,1.0,0.0,0.0,0.0,0.0,0.0,0.0,0.0,0.0,0.0,0.0,0.0,0.0,0.0,0.0,0.0,0.0,0.0,0.0,0.0,0.0,1.0,0.0,0.0,0.0,0.0,0.0,4.0,4.0,8.0,3.0,42.0,41.0,4.0,1.0
512,1.0,512.0,London_198,,151,453,1092.0,70.0,2.0,139524.0,0.6875464899931103,761.0,132.0,0.0,132.0,212.0,0.0,212.0,210.0,63.0,169.0,47.0,121.0,8.0,34.0,2.0,9.0,7.0,77.0,158.0,211.0,49.0,0.0,0.0,0.0,0.0,0.0,0.0,0.0,0.0,0.0,29.0,0.0,5.0,0.0,24.0,0.0,0.0,0.0,0.0,0.0,29.0,0.0,0.0,0.0,0.0,0.0,0.0,0.0,0.0,0.0,0.0,0.0,0.0,0.0,0.0,0.0,0.0,0.0,0.0,0.0,0.0,2.0,0.0,0.0,0.0,3.0,1.0,3.0,11.0,0.0,5.0,16.0,18.0,7.0,6.0,0.0,0.0,0.0,0.0,0.0,0.0,0.0,0.0,0.0,0.0,0.0,0.0,0.0,0.0,0.0,0.0,0.0,0.0,0.0,0.0,2.0,0.0,0.0,0.0,4.0,1.0,3.0,11.0,0.0,8.0,22.0,24.0,9.0,10.0
513,1.0,513.0,London_198,,151,453,1092.0,70.0,2.0,111438.0,0.24171298509463668,699.0,50.0,0.0,50.0,90.0,0.0,90.0,171.0,64.0,148.0,38.0,146.0,8.0,40.0,2.0,7.0,8.0,81.0,149.0,215.0,55.0,0.0,0.0,0.0,0.0,0.0,0.0,0.0,0.0,0.0,2.0,0.0,0.0,0.0,2.0,0.0,0.0,0.0,0.0,0.0,2.0,0.0,0.0,0.0,0.0,0.0,0.0,0.0,0.0,0.0,0.0,0.0,0.0,0.0,0.0,0.0,0.0,0.0,0.0,0.0,0.0,0.0,4.0,0.0,1.0,0.0,1.0,1.0,3.0,4.0,4.0,13.0,7.0,4.0,3.0,0.0,0.0,0.0,0.0,0.0,0.0,0.0,0.0,0.0,0.0,0.0,0.0,0.0,0.0,0.0,0.0,0.0,0.0,0.0,0.0,0.0,6.0,0.0,2.0,0.0,3.0,1.0,4.0,5.0,5.0,18.0,10.0,7.0,3.0
514,1.0,514.0,London_198,,151,453,1092.0,70.0,2.0,120498.0,0.27286503021605313,719.0,28.0,1.0,27.0,50.0,11.0,39.0,85.0,67.0,137.0,30.0,150.0,8.0,49.0,3.0,9.0,8.0,73.0,156.0,216.0,48.0,0.0,0.0,0.0,0.0,0.0,0.0,0.0,0.0,0.0,1.0,0.0,0.0,0.0,1.0,0.0,0.0,0.0,0.0,0.0,1.0,0.0,0.0,0.0,0.0,0.0,0.0,0.0,0.0,0.0,0.0,0.0,0.0,0.0,0.0,1.0,0.0,0.0,0.0,0.0,0.0,1.0,0.0,0.0,0.0,1.0,0.0,1.0,0.0,0.0,0.0,2.0,5.0,0.0,1.0,0.0,0.0,0.0,0.0,0.0,0.0,0.0,0.0,0.0,0.0,0.0,0.0,0.0,0.0,9.0,0.0,0.0,0.0,0.0,0.0,1.0,0.0,0.0,0.0,2.0,0.0,1.0,0.0,0.0,0.0,3.0,6.0,0.0,1.0
515,1.0,515.0,London_198,,151,453,1092.0,70.0,2.0,140430.0,0.42589976196177304,763.0,172.0,0.0,172.0,311.0,0.0,311.0,48.0,71.0,141.0,34.0,135.0,9.0,52.0,3.0,8.0,7.0,72.0,152.0,222.0,52.0,0.0,0.0,0.0,0.0,0.0,0.0,0.0,0.0,0.0,44.0,0.0,13.0,0.0,27.0,0.0,0.0,0.0,4.0,0.0,44.0,0.0,0.0,0.0,0.0,0.0,0.0,0.0,0.0,0.0,0.0,0.0,0.0,0.0,0.0,0.0,0.0,0.0,0.0,0.0,0.0,2.0,1.0,0.0,3.0,4.0,0.0,2.0,7.0,0.0,6.0,25.0,33.0,10.0,4.0,0.0,0.0,0.0,0.0,0.0,0.0,0.0,0.0,0.0,0.0,0.0,0.0,0.0,0.0,0.0,0.0,0.0,0.0,0.0,0.0,3.0,1.0,0.0,5.0,4.0,0.0,2.0,11.0,0.0,11.0,43.0,51.0,15.0,7.0
516,1.0,516.0,London_198,,151,453,1092.0,70.0,2.0,93318.0,0.223509029019624,659.0,29.0,2.0,27.0,73.0,19.0,54.0,234.0,66.0,164.0,23.0,125.0,16.0,48.0,4.0,7.0,8.0,72.0,157.0,216.0,67.0,0.0,0.0,0.0,0.0,0.0,0.0,0.0,0.0,0.0,0.0,0.0,0.0,0.0,0.0,0.0,0.0,0.0,0.0,0.0,0.0,0.0,0.0,0.0,0.0,0.0,0.0,0.0,0.0,0.0,1.0,0.0,0.0,0.0,1.0,0.0,1.0,0.0,0.0,0.0,0.0,0.0,2.0,0.0,0.0,1.0,0.0,1.0,0.0,2.0,2.0,4.0,11.0,2.0,4.0,0.0,0.0,0.0,0.0,0.0,0.0,0.0,0.0,0.0,1.0,0.0,0.0,0.0,5.0,0.0,1.0,0.0,0.0,0.0,0.0,0.0,4.0,0.0,0.0,2.0,0.0,2.0,0.0,3.0,2.0,5.0,16.0,3.0,7.0
517,1.0,517.0,London_198,,151,453,1092.0,70.0,2.0,116874.0,0.33821474597789347,711.0,2.0,2.0,0.0,19.0,19.0,0.0,73.0,70.0,154.0,32.0,128.0,12.0,44.0,5.0,8.0,6.0,84.0,150.0,213.0,67.0,0.0,0.0,0.0,0.0,0.0,0.0,0.0,0.0,0.0,1.0,0.0,1.0,0.0,0.0,0.0,0.0,0.0,0.0,1.0,0.0,0.0,0.0,0.0,0.0,0.0,0.0,0.0,0.0,0.0,0.0,0.0,0.0,0.0,0.0,1.0,0.0,0.0,0.0,0.0,0.0,0.0,0.0,0.0,0.0,0.0,0.0,0.0,0.0,0.0,0.0,0.0,0.0,0.0,0.0,0.0,0.0,0.0,0.0,0.0,0.0,0.0,0.0,0.0,0.0,0.0,0.0,0.0,0.0,2.0,0.0,0.0,0.0,0.0,0.0,0.0,0.0,0.0,0.0,0.0,0.0,0.0,0.0,0.0,0.0,0.0,0.0,0.0,0.0
518,1.0,518.0,London_198,,151,453,1092.0,70.0,2.0,154473.0,0.4959643690381199,794.0,28.0,1.0,27.0,56.0,10.0,46.0,14.0,68.0,157.0,33.0,122.0,15.0,44.0,5.0,9.0,7.0,76.0,150.0,220.0,66.0,0.0,0.0,0.0,0.0,0.0,0.0,0.0,0.0,0.0,10.0,0.0,3.0,1.0,5.0,0.0,0.0,0.0,1.0,1.0,9.0,0.0,0.0,0.0,0.0,0.0,0.0,0.0,0.0,0.0,0.0,0.0,0.0,0.0,0.0,0.0,0.0,0.0,0.0,0.0,0.0,0.0,0.0,0.0,0.0,1.0,0.0,0.0,0.0,0.0,1.0,2.0,5.0,1.0,0.0,0.0,0.0,0.0,0.0,0.0,0.0,0.0,0.0,0.0,0.0,0.0,0.0,0.0,0.0,0.0,0.0,0.0,0.0,0.0,0.0,0.0,0.0,0.0,0.0,1.0,0.0,0.0,0.0,0.0,1.0,2.0,5.0,1.0,0.0
519,1.0,519.0,London_198,,151,453,1092.0,70.0,2.0,183012.0,0.538132247980684,857.0,118.0,0.0,118.0,211.0,0.0,211.0,35.0,63.0,156.0,34.0,126.0,15.0,47.0,3.0,9.0,7.0,79.0,148.0,219.0,66.0,0.0,0.0,0.0,0.0,0.0,0.0,0.0,0.0,0.0,47.0,0.0,12.0,3.0,22.0,0.0,4.0,0.0,6.0,0.0,47.0,0.0,0.0,0.0,0.0,0.0,0.0,0.0,0.0,0.0,0.0,0.0,0.0,0.0,0.0,0.0,0.0,0.0,0.0,0.0,0.0,2.0,0.0,0.0,0.0,0.0,0.0,2.0,3.0,1.0,2.0,14.0,22.0,7.0,4.0,0.0,0.0,0.0,0.0,0.0,0.0,0.0,0.0,0.0,0.0,0.0,0.0,0.0,0.0,0.0,0.0,0.0,0.0,0.0,0.0,2.0,0.0,0.0,0.0,0.0,0.0,3.0,3.0,1.0,2.0,21.0,28.0,9.0,5.0
520,1.0,520.0,London_198,,151,453,1092.0,70.0,2.0,167610.0,0.45424196193926036,823.0,121.0,0.0,121.0,219.0,0.0,219.0,129.0,68.0,160.0,35.0,124.0,15.0,38.0,4.0,9.0,7.0,70.0,159.0,217.0,62.0,0.0,0.0,0.0,0.0,0.0,0.0,0.0,0.0,0.0,34.0,0.0,10.0,4.0,19.0,0.0,0.0,1.0,0.0,0.0,34.0,0.0,0.0,0.0,0.0,0.0,0.0,0.0,0.0,0.0,0.0,0.0,0.0,0.0,0.0,0.0,0.0,0.0,0.0,0.0,0.0,2.0,0.0,1.0,0.0,1.0,0.0,4.0,8.0,3.0,6.0,14.0,29.0,9.0,3.0,0.0,0.0,0.0,0.0,0.0,0.0,0.0,0.0,0.0,0.0,0.0,0.0,0.0,0.0,0.0,0.0,0.0,0.0,0.0,0.0,2.0,0.0,1.0,0.0,1.0,0.0,5.0,10.0,4.0,9.0,21.0,42.0,10.0,5.0
521,1.0,521.0,London_198,,151,453,1092.0,70.0,2.0,146772.0,0.44577540713362396,777.0,48.0,0.0,48.0,85.0,0.0,85.0,169.0,56.0,163.0,44.0,132.0,12.0,38.0,0.0,8.0,6.0,64.0,173.0,210.0,66.0,0.0,0.0,0.0,0.0,0.0,0.0,0.0,0.0,0.0,12.0,0.0,2.0,1.0,7.0,0.0,1.0,0.0,1.0,0.0,12.0,0.0,0.0,0.0,0.0,0.0,0.0,0.0,0.0,0.0,0.0,0.0,0.0,0.0,0.0,0.0,0.0,0.0,0.0,0.0,0.0,0.0,1.0,0.0,0.0,0.0,1.0,1.0,1.0,0.0,3.0,9.0,9.0,2.0,2.0,0.0,0.0,0.0,0.0,0.0,0.0,0.0,0.0,0.0,0.0,0.0,0.0,0.0,0.0,0.0,0.0,0.0,0.0,0.0,0.0,0.0,1.0,0.0,0.0,0.0,2.0,1.0,2.0,0.0,4.0,13.0,16.0,2.0,2.0
522,1.0,522.0,London_198,,151,453,1092.0,70.0,2.0,157191.0,0.5851779570803046,800.0,117.0,1.0,116.0,219.0,10.0,209.0,66.0,56.0,168.0,44.0,121.0,12.0,43.0,0.0,9.0,6.0,67.0,173.0,207.0,63.0,0.0,0.0,0.0,0.0,0.0,0.0,0.0,0.0,0.0,34.0,0.0,10.0,4.0,15.0,0.0,3.0,0.0,2.0,1.0,33.0,0.0,0.0,0.0,0.0,0.0,0.0,0.0,0.0,0.0,0.0,0.0,0.0,0.0,0.0,1.0,0.0,0.0,0.0,0.0,0.0,0.0,4.0,0.0,1.0,3.0,0.0,4.0,5.0,1.0,2.0,15.0,22.0,7.0,5.0,0.0,0.0,0.0,0.0,0.0,0.0,0.0,0.0,0.0,0.0,0.0,0.0,0.0,0.0,4.0,0.0,0.0,0.0,0.0,0.0,0.0,5.0,0.0,1.0,3.0,0.0,5.0,7.0,1.0,2.0,19.0,34.0,8.0,8.0
523,1.0,523.0,London_198,,151,453,1092.0,70.0,2.0,136353.0,0.5715266221668571,754.0,136.0,2.0,134.0,237.0,19.0,218.0,160.0,57.0,181.0,37.0,120.0,15.0,32.0,2.0,9.0,4.0,79.0,171.0,199.0,64.0,0.0,0.0,0.0,0.0,0.0,0.0,0.0,0.0,0.0,18.0,0.0,0.0,0.0,14.0,0.0,3.0,0.0,1.0,2.0,16.0,0.0,0.0,0.0,0.0,0.0,0.0,0.0,0.0,0.0,0.0,0.0,0.0,0.0,0.0,0.0,0.0,0.0,0.0,0.0,0.0,1.0,0.0,0.0,3.0,2.0,0.0,7.0,3.0,6.0,3.0,23.0,27.0,13.0,6.0,0.0,0.0,0.0,0.0,0.0,0.0,0.0,0.0,0.0,0.0,0.0,0.0,0.0,0.0,0.0,0.0,0.0,0.0,0.0,0.0,2.0,0.0,0.0,4.0,2.0,0.0,7.0,3.0,9.0,4.0,32.0,35.0,16.0,8.0
524,1.0,524.0,London_198,,151,453,1092.0,70.0,2.0,105096.0,0.28787836199626327,685.0,9.0,2.0,7.0,30.0,18.0,12.0,203.0,65.0,176.0,29.0,121.0,18.0,36.0,0.0,8.0,8.0,73.0,170.0,202.0,50.0,0.0,0.0,0.0,0.0,0.0,0.0,0.0,0.0,0.0,0.0,0.0,0.0,0.0,0.0,0.0,0.0,0.0,0.0,0.0,0.0,0.0,0.0,0.0,0.0,0.0,0.0,0.0,0.0,0.0,0.0,0.0,0.0,0.0,0.0,0.0,1.0,0.0,0.0,0.0,0.0,1.0,0.0,0.0,0.0,0.0,0.0,0.0,0.0,0.0,0.0,3.0,1.0,0.0,0.0,0.0,0.0,0.0,0.0,0.0,0.0,0.0,0.0,0.0,0.0,0.0,0.0,0.0,0.0,0.0,3.0,0.0,0.0,0.0,0.0,1.0,0.0,0.0,0.0,0.0,0.0,0.0,0.0,0.0,0.0,4.0,2.0,0.0,0.0
525,1.0,525.0,London_198,,151,453,1092.0,70.0,2.0,138165.0,0.3499088720418513,758.0,70.0,0.0,70.0,109.0,0.0,109.0,30.0,56.0,181.0,30.0,122.0,16.0,40.0,0.0,8.0,8.0,78.0,162.0,205.0,49.0,0.0,0.0,0.0,0.0,0.0,0.0,0.0,0.0,0.0,8.0,0.0,0.0,0.0,5.0,1.0,2.0,0.0,0.0,0.0,8.0,0.0,0.0,0.0,0.0,0.0,0.0,0.0,0.0,0.0,0.0,0.0,0.0,0.0,0.0,0.0,0.0,0.0,0.0,0.0,0.0,0.0,1.0,0.0,0.0,0.0,1.0,2.0,1.0,2.0,2.0,12.0,13.0,3.0,3.0,0.0,0.0,0.0,0.0,0.0,0.0,0.0,0.0,0.0,0.0,0.0,0.0,0.0,0.0,0.0,0.0,0.0,0.0,0.0,0.0,0.0,1.0,0.0,0.0,0.0,2.0,2.0,2.0,2.0,2.0,14.0,18.0,4.0,3.0
526,1.0,526.0,London_198,,151,453,1092.0,70.0,2.0,134541.0,0.48421175102703273,750.0,15.0,0.0,15.0,25.0,0.0,25.0,98.0,55.0,176.0,17.0,138.0,18.0,40.0,0.0,9.0,9.0,80.0,163.0,201.0,57.0,0.0,0.0,0.0,0.0,0.0,0.0,0.0,0.0,0.0,2.0,0.0,0.0,0.0,1.0,0.0,1.0,0.0,0.0,0.0,2.0,0.0,0.0,0.0,0.0,0.0,0.0,0.0,0.0,0.0,0.0,0.0,0.0,0.0,0.0,0.0,0.0,0.0,0.0,0.0,0.0,0.0,0.0,1.0,0.0,0.0,0.0,3.0,0.0,0.0,1.0,2.0,3.0,0.0,0.0,0.0,0.0,0.0,0.0,0.0,0.0,0.0,0.0,0.0,0.0,0.0,0.0,0.0,0.0,0.0,0.0,0.0,0.0,0.0,0.0,0.0,0.0,1.0,0.0,0.0,0.0,4.0,0.0,0.0,1.0,3.0,5.0,0.0,0.0
527,1.0,527.0,London_198,,151,453,1092.0,70.0,2.0,165345.0,0.5843830869998783,818.0,170.0,2.0,168.0,292.0,16.0,276.0,22.0,53.0,179.0,18.0,133.0,19.0,42.0,0.0,9.0,9.0,78.0,168.0,198.0,55.0,0.0,0.0,0.0,0.0,0.0,0.0,0.0,0.0,0.0,51.0,0.0,10.0,3.0,28.0,0.0,5.0,0.0,5.0,2.0,49.0,0.0,0.0,0.0,0.0,0.0,0.0,0.0,0.0,0.0,0.0,0.0,0.0,0.0,0.0,1.0,0.0,0.0,0.0,0.0,0.0,0.0,0.0,1.0,0.0,2.0,0.0,2.0,2.0,2.0,5.0,26.0,26.0,9.0,3.0,0.0,0.0,0.0,0.0,0.0,0.0,0.0,0.0,0.0,0.0,0.0,0.0,0.0,0.0,4.0,0.0,0.0,0.0,0.0,0.0,0.0,0.0,1.0,0.0,2.0,0.0,2.0,2.0,2.0,5.0,29.0,37.0,10.0,5.0
528,1.0,528.0,London_198,,151,453,1092.0,70.0,2.0,120951.0,0.2968149280641228,720.0,10.0,1.0,9.0,23.0,9.0,14.0,211.0,70.0,170.0,25.0,119.0,15.0,44.0,1.0,9.0,9.0,65.0,156.0,223.0,53.0,0.0,0.0,0.0,0.0,0.0,0.0,0.0,0.0,0.0,1.0,0.0,0.0,0.0,1.0,0.0,0.0,0.0,0.0,1.0,0.0,0.0,0.0,0.0,0.0,0.0,0.0,0.0,0.0,0.0,0.0,0.0,0.0,0.0,0.0,0.0,0.0,0.0,0.0,0.0,0.0,0.0,0.0,0.0,0.0,0.0,0.0,0.0,1.0,0.0,0.0,1.0,6.0,0.0,1.0,0.0,0.0,0.0,0.0,0.0,0.0,0.0,0.0,0.0,0.0,0.0,0.0,0.0,0.0,0.0,0.0,0.0,0.0,0.0,0.0,0.0,0.0,0.0,0.0,0.0,0.0,0.0,1.0,0.0,0.0,2.0,8.0,0.0,1.0
529,1.0,529.0,London_198,,151,453,1092.0,70.0,2.0,159456.0,0.37653730693273246,805.0,75.0,0.0,75.0,138.0,0.0,138.0,17.0,69.0,170.0,26.0,117.0,15.0,45.0,2.0,9.0,9.0,67.0,153.0,224.0,52.0,0.0,0.0,0.0,0.0,0.0,0.0,0.0,0.0,0.0,23.0,0.0,6.0,1.0,14.0,0.0,0.0,1.0,1.0,0.0,23.0,0.0,0.0,0.0,0.0,0.0,0.0,0.0,0.0,0.0,0.0,0.0,0.0,0.0,0.0,0.0,0.0,0.0,0.0,0.0,0.0,0.0,0.0,1.0,0.0,2.0,0.0,1.0,4.0,0.0,4.0,15.0,11.0,2.0,0.0,0.0,0.0,0.0,0.0,0.0,0.0,0.0,0.0,0.0,0.0,0.0,0.0,0.0,0.0,0.0,0.0,0.0,0.0,0.0,0.0,0.0,0.0,1.0,0.0,2.0,0.0,1.0,5.0,0.0,5.0,22.0,17.0,2.0,0.0
530,1.0,530.0,London_198,,151,453,1092.0,70.0,2.0,163533.0,0.6074202149175107,814.0,115.0,2.0,113.0,218.0,18.0,200.0,98.0,65.0,184.0,23.0,109.0,12.0,48.0,1.0,11.0,6.0,72.0,143.0,232.0,54.0,0.0,0.0,0.0,0.0,0.0,0.0,0.0,0.0,0.0,37.0,0.0,6.0,5.0,19.0,1.0,3.0,1.0,2.0,2.0,35.0,0.0,0.0,0.0,0.0,0.0,0.0,0.0,0.0,0.0,0.0,0.0,0.0,0.0,0.0,0.0,0.0,0.0,0.0,0.0,0.0,0.0,0.0,1.0,0.0,0.0,0.0,3.0,1.0,0.0,0.0,17.0,26.0,3.0,4.0,0.0,0.0,0.0,0.0,0.0,0.0,0.0,0.0,0.0,0.0,0.0,0.0,0.0,0.0,0.0,0.0,0.0,0.0,0.0,0.0,0.0,0.0,1.0,0.0,0.0,0.0,4.0,1.0,0.0,0.0,27.0,38.0,3.0,6.0
531,1.0,531.0,London_198,,151,453,1092.0,70.0,2.0,155379.0,0.7018028679303825,796.0,136.0,2.0,134.0,256.0,18.0,238.0,150.0,58.0,188.0,26.0,112.0,17.0,40.0,2.0,10.0,4.0,68.0,152.0,229.0,48.0,0.0,0.0,0.0,0.0,0.0,0.0,0.0,0.0,0.0,34.0,0.0,7.0,5.0,16.0,1.0,1.0,1.0,3.0,2.0,32.0,0.0,0.0,0.0,0.0,0.0,0.0,0.0,0.0,0.0,0.0,0.0,0.0,0.0,1.0,1.0,0.0,0.0,0.0,0.0,0.0,1.0,0.0,0.0,0.0,0.0,1.0,9.0,3.0,0.0,5.0,22.0,34.0,8.0,12.0,0.0,0.0,0.0,0.0,0.0,0.0,0.0,0.0,0.0,0.0,0.0,0.0,0.0,2.0,2.0,0.0,0.0,0.0,0.0,0.0,1.0,0.0,0.0,0.0,0.0,2.0,12.0,5.0,0.0,6.0,34.0,44.0,10.0,18.0
532,1.0,532.0,London_198,,151,453,1092.0,70.0,2.0,130011.0,0.36320729390718043,740.0,67.0,0.0,67.0,119.0,0.0,119.0,196.0,66.0,162.0,37.0,123.0,10.0,40.0,3.0,12.0,7.0,74.0,154.0,218.0,55.0,0.0,0.0,0.0,0.0,0.0,0.0,0.0,0.0,0.0,9.0,0.0,0.0,1.0,5.0,0.0,1.0,1.0,1.0,0.0,9.0,0.0,0.0,0.0,0.0,0.0,0.0,0.0,0.0,0.0,0.0,0.0,0.0,0.0,0.0,0.0,0.0,0.0,0.0,0.0,0.0,0.0,1.0,0.0,0.0,3.0,0.0,8.0,0.0,4.0,4.0,15.0,14.0,5.0,6.0,0.0,0.0,0.0,0.0,0.0,0.0,0.0,0.0,0.0,0.0,0.0,0.0,0.0,0.0,0.0,0.0,0.0,0.0,0.0,0.0,0.0,1.0,0.0,0.0,3.0,0.0,10.0,0.0,4.0,7.0,22.0,18.0,6.0,7.0
533,1.0,533.0,London_198,,151,453,1092.0,70.0,2.0,136353.0,0.28847389412112534,754.0,47.0,0.0,47.0,91.0,0.0,91.0,106.0,70.0,155.0,35.0,126.0,10.0,44.0,1.0,12.0,7.0,77.0,160.0,209.0,49.0,0.0,0.0,0.0,0.0,0.0,0.0,0.0,0.0,0.0,8.0,0.0,0.0,1.0,6.0,0.0,0.0,0.0,1.0,0.0,8.0,0.0,0.0,0.0,0.0,0.0,0.0,0.0,0.0,0.0,0.0,0.0,0.0,0.0,0.0,0.0,0.0,0.0,0.0,0.0,0.0,0.0,4.0,0.0,0.0,0.0,0.0,1.0,0.0,1.0,5.0,8.0,15.0,2.0,3.0,0.0,0.0,0.0,0.0,0.0,0.0,0.0,0.0,0.0,0.0,0.0,0.0,0.0,0.0,0.0,0.0,0.0,0.0,0.0,0.0,0.0,8.0,0.0,0.0,0.0,0.0,1.0,0.0,1.0,7.0,13.0,25.0,3.0,6.0
534,1.0,534.0,London_198,,151,453,1092.0,70.0,2.0,144054.0,0.32736611599102616,771.0,69.0,2.0,67.0,139.0,17.0,122.0,80.0,68.0,155.0,35.0,125.0,7.0,51.0,1.0,11.0,7.0,67.0,169.0,210.0,41.0,0.0,0.0,0.0,0.0,0.0,0.0,0.0,0.0,0.0,22.0,0.0,0.0,3.0,11.0,1.0,2.0,1.0,4.0,2.0,20.0,0.0,0.0,0.0,0.0,0.0,0.0,0.0,0.0,0.0,0.0,0.0,0.0,0.0,0.0,1.0,0.0,0.0,0.0,0.0,0.0,0.0,1.0,0.0,0.0,1.0,0.0,3.0,2.0,3.0,8.0,6.0,19.0,5.0,2.0,0.0,0.0,0.0,0.0,0.0,0.0,0.0,0.0,0.0,0.0,0.0,0.0,0.0,0.0,1.0,0.0,0.0,0.0,0.0,0.0,0.0,1.0,0.0,0.0,1.0,0.0,4.0,3.0,3.0,11.0,7.0,28.0,5.0,3.0
535,1.0,535.0,London_198,,151,453,1092.0,70.0,2.0,163080.0,0.4297579440753907,813.0,99.0,0.0,99.0,161.0,0.0,161.0,92.0,66.0,161.0,39.0,128.0,6.0,40.0,2.0,11.0,7.0,66.0,167.0,213.0,44.0,0.0,0.0,0.0,0.0,0.0,0.0,0.0,0.0,0.0,29.0,0.0,7.0,1.0,14.0,1.0,3.0,0.0,3.0,0.0,29.0,0.0,0.0,0.0,0.0,0.0,0.0,0.0,0.0,0.0,0.0,0.0,0.0,0.0,0.0,0.0,0.0,0.0,0.0,0.0,0.0,0.0,0.0,2.0,0.0,1.0,0.0,1.0,1.0,0.0,4.0,18.0,16.0,7.0,5.0,0.0,0.0,0.0,0.0,0.0,0.0,0.0,0.0,0.0,0.0,0.0,0.0,0.0,0.0,0.0,0.0,0.0,0.0,0.0,0.0,0.0,0.0,2.0,0.0,1.0,0.0,1.0,2.0,0.0,4.0,22.0,18.0,8.0,6.0
536,1.0,536.0,London_198,,151,453,1092.0,70.0,2.0,154020.0,0.416597677860409,793.0,12.0,2.0,10.0,37.0,20.0,17.0,119.0,65.0,171.0,22.0,136.0,8.0,43.0,1.0,7.0,7.0,73.0,163.0,210.0,53.0,0.0,0.0,0.0,0.0,0.0,0.0,0.0,0.0,0.0,4.0,0.0,1.0,1.0,2.0,0.0,0.0,0.0,0.0,1.0,3.0,0.0,0.0,0.0,0.0,0.0,0.0,0.0,0.0,0.0,0.0,0.0,0.0,0.0,0.0,2.0,0.0,0.0,0.0,0.0,0.0,0.0,0.0,0.0,0.0,0.0,0.0,1.0,0.0,0.0,1.0,1.0,3.0,1.0,0.0,0.0,0.0,0.0,0.0,0.0,0.0,0.0,0.0,0.0,0.0,0.0,0.0,0.0,0.0,10.0,0.0,0.0,0.0,0.0,0.0,0.0,0.0,0.0,0.0,0.0,0.0,1.0,0.0,0.0,2.0,1.0,5.0,1.0,0.0
537,1.0,537.0,London_198,,151,453,1092.0,70.0,2.0,194790.0,0.488640823867172,883.0,169.0,2.0,167.0,298.0,15.0,283.0,27.0,63.0,175.0,21.0,138.0,10.0,36.0,1.0,9.0,5.0,76.0,153.0,219.0,54.0,0.0,0.0,0.0,0.0,0.0,0.0,0.0,0.0,0.0,63.0,0.0,14.0,9.0,36.0,1.0,1.0,1.0,1.0,2.0,61.0,0.0,0.0,0.0,0.0,0.0,0.0,0.0,0.0,0.0,0.0,0.0,0.0,0.0,0.0,0.0,0.0,0.0,0.0,0.0,0.0,0.0,0.0,0.0,0.0,1.0,0.0,3.0,1.0,1.0,7.0,16.0,26.0,6.0,8.0,0.0,0.0,0.0,0.0,0.0,0.0,0.0,0.0,0.0,0.0,0.0,0.0,0.0,0.0,0.0,0.0,0.0,0.0,0.0,0.0,0.0,0.0,0.0,0.0,1.0,0.0,3.0,1.0,1.0,9.0,21.0,38.0,9.0,11.0
538,1.0,538.0,London_198,,151,453,1092.0,70.0,2.0,160362.0,0.39245867007412016,807.0,127.0,1.0,126.0,215.0,9.0,206.0,184.0,66.0,179.0,26.0,127.0,12.0,35.0,0.0,8.0,7.0,70.0,160.0,216.0,52.0,0.0,0.0,0.0,0.0,0.0,0.0,0.0,0.0,0.0,25.0,0.0,0.0,2.0,17.0,1.0,3.0,1.0,1.0,1.0,24.0,0.0,0.0,0.0,0.0,0.0,0.0,0.0,0.0,0.0,0.0,0.0,0.0,0.0,0.0,0.0,0.0,0.0,0.0,0.0,0.0,0.0,0.0,3.0,0.0,1.0,0.0,5.0,2.0,1.0,8.0,24.0,21.0,12.0,4.0,0.0,0.0,0.0,0.0,0.0,0.0,0.0,0.0,0.0,0.0,0.0,0.0,0.0,0.0,0.0,0.0,0.0,0.0,0.0,0.0,0.0,0.0,3.0,0.0,1.0,0.0,5.0,3.0,1.0,9.0,31.0,27.0,13.0,4.0
539,1.0,539.0,London_198,,151,453,1092.0,70.0,2.0,143601.0,0.303601031890139,770.0,30.0,1.0,29.0,56.0,8.0,48.0,166.0,72.0,172.0,24.0,122.0,11.0,45.0,0.0,7.0,8.0,64.0,151.0,230.0,54.0,0.0,0.0,0.0,0.0,0.0,0.0,0.0,0.0,0.0,6.0,0.0,0.0,0.0,6.0,0.0,0.0,0.0,0.0,0.0,6.0,0.0,0.0,0.0,0.0,0.0,0.0,0.0,0.0,0.0,0.0,0.0,0.0,0.0,0.0,1.0,0.0,0.0,0.0,0.0,0.0,0.0,0.0,1.0,0.0,0.0,0.0,1.0,2.0,0.0,0.0,7.0,5.0,3.0,2.0,0.0,0.0,0.0,0.0,0.0,0.0,0.0,0.0,0.0,0.0,0.0,0.0,0.0,0.0,5.0,0.0,0.0,0.0,0.0,0.0,0.0,0.0,1.0,0.0,0.0,0.0,2.0,2.0,0.0,0.0,11.0,5.0,3.0,2.0
540,1.0,540.0,London_198,,151,453,1092.0,70.0,2.0,170781.0,0.447621732018888,830.0,72.0,0.0,72.0,114.0,0.0,114.0,43.0,75.0,162.0,24.0,129.0,11.0,46.0,0.0,6.0,8.0,68.0,143.0,234.0,50.0,0.0,0.0,0.0,0.0,0.0,0.0,0.0,0.0,0.0,19.0,0.0,5.0,0.0,14.0,0.0,0.0,0.0,0.0,0.0,19.0,0.0,0.0,0.0,0.0,0.0,0.0,0.0,0.0,0.0,0.0,0.0,0.0,0.0,0.0,0.0,0.0,0.0,0.0,0.0,0.0,0.0,0.0,1.0,0.0,0.0,0.0,3.0,1.0,1.0,1.0,13.0,14.0,5.0,4.0,0.0,0.0,0.0,0.0,0.0,0.0,0.0,0.0,0.0,0.0,0.0,0.0,0.0,0.0,0.0,0.0,0.0,0.0,0.0,0.0,0.0,0.0,1.0,0.0,0.0,0.0,3.0,1.0,1.0,1.0,17.0,19.0,5.0,7.0
541,1.0,541.0,London_198,,151,453,1092.0,70.0,2.0,179388.0,0.5122199160978198,849.0,182.0,2.0,180.0,312.0,19.0,293.0,92.0,80.0,169.0,22.0,113.0,12.0,44.0,3.0,10.0,5.0,76.0,154.0,218.0,49.0,0.0,0.0,0.0,0.0,0.0,0.0,0.0,0.0,0.0,58.0,0.0,14.0,3.0,39.0,2.0,0.0,0.0,0.0,2.0,56.0,0.0,0.0,0.0,0.0,0.0,0.0,0.0,0.0,0.0,0.0,0.0,0.0,0.0,0.0,0.0,0.0,0.0,0.0,0.0,0.0,1.0,2.0,4.0,0.0,4.0,0.0,4.0,0.0,1.0,7.0,24.0,26.0,5.0,5.0,0.0,0.0,0.0,0.0,0.0,0.0,0.0,0.0,0.0,0.0,0.0,0.0,0.0,0.0,0.0,0.0,0.0,0.0,0.0,0.0,2.0,2.0,4.0,0.0,4.0,0.0,6.0,0.0,1.0,9.0,32.0,37.0,5.0,6.0
542,1.0,542.0,London_198,,151,453,1092.0,70.0,2.0,135900.0,0.5363080441020429,753.0,1.0,0.0,1.0,2.0,0.0,2.0,211.0,72.0,173.0,23.0,125.0,10.0,36.0,2.0,12.0,7.0,84.0,158.0,204.0,53.0,0.0,0.0,0.0,0.0,0.0,0.0,0.0,0.0,0.0,0.0,0.0,0.0,0.0,0.0,0.0,0.0,0.0,0.0,0.0,0.0,0.0,0.0,0.0,0.0,0.0,0.0,0.0,0.0,0.0,0.0,0.0,0.0,0.0,0.0,0.0,0.0,0.0,0.0,0.0,0.0,0.0,0.0,1.0,0.0,0.0,0.0,0.0,0.0,0.0,0.0,0.0,0.0,1.0,0.0,0.0,0.0,0.0,0.0,0.0,0.0,0.0,0.0,0.0,0.0,0.0,0.0,0.0,0.0,0.0,0.0,0.0,0.0,0.0,0.0,0.0,0.0,1.0,0.0,0.0,0.0,0.0,0.0,0.0,0.0,0.0,0.0,2.0,0.0
543,1.0,543.0,London_198,,151,453,1092.0,70.0,2.0,187542.0,0.5275640850886703,867.0,19.0,0.0,19.0,31.0,0.0,31.0,2.0,72.0,175.0,23.0,123.0,10.0,36.0,2.0,12.0,7.0,85.0,157.0,204.0,54.0,0.0,0.0,0.0,0.0,0.0,0.0,0.0,0.0,0.0,5.0,0.0,1.0,0.0,3.0,0.0,0.0,0.0,1.0,0.0,5.0,0.0,0.0,0.0,0.0,0.0,0.0,0.0,0.0,0.0,0.0,0.0,0.0,0.0,0.0,0.0,0.0,0.0,0.0,0.0,0.0,0.0,0.0,0.0,0.0,0.0,0.0,0.0,0.0,0.0,1.0,5.0,5.0,0.0,0.0,0.0,0.0,0.0,0.0,0.0,0.0,0.0,0.0,0.0,0.0,0.0,0.0,0.0,0.0,0.0,0.0,0.0,0.0,0.0,0.0,0.0,0.0,0.0,0.0,0.0,0.0,0.0,0.0,0.0,1.0,8.0,7.0,0.0,0.0
544,1.0,544.0,London_198,,151,453,1092.0,70.0,2.0,224688.0,0.7026035459712148,949.0,179.0,2.0,177.0,332.0,17.0,315.0,25.0,71.0,179.0,27.0,120.0,10.0,35.0,2.0,9.0,6.0,87.0,156.0,204.0,52.0,0.0,0.0,0.0,0.0,0.0,0.0,0.0,0.0,0.0,93.0,0.0,25.0,5.0,47.0,1.0,7.0,1.0,7.0,2.0,91.0,0.0,0.0,0.0,0.0,0.0,0.0,0.0,0.0,0.0,0.0,0.0,0.0,0.0,0.0,0.0,0.0,0.0,0.0,0.0,0.0,0.0,0.0,0.0,0.0,0.0,1.0,1.0,0.0,1.0,3.0,14.0,21.0,6.0,2.0,0.0,0.0,0.0,0.0,0.0,0.0,0.0,0.0,0.0,0.0,0.0,0.0,0.0,0.0,0.0,0.0,0.0,0.0,0.0,0.0,0.0,0.0,0.0,0.0,0.0,2.0,1.0,0.0,1.0,4.0,26.0,33.0,6.0,3.0
545,1.0,545.0,London_198,,151,453,1092.0,70.0,2.0,183012.0,0.4123022158164531,857.0,122.0,2.0,120.0,215.0,18.0,197.0,166.0,68.0,177.0,26.0,127.0,12.0,28.0,3.0,12.0,7.0,80.0,144.0,222.0,51.0,0.0,0.0,0.0,0.0,0.0,0.0,0.0,0.0,0.0,50.0,0.0,11.0,10.0,26.0,0.0,2.0,0.0,1.0,2.0,48.0,0.0,0.0,0.0,0.0,0.0,0.0,0.0,0.0,0.0,0.0,0.0,0.0,0.0,0.0,0.0,0.0,0.0,0.0,0.0,0.0,0.0,0.0,0.0,0.0,0.0,0.0,0.0,2.0,0.0,1.0,10.0,24.0,7.0,1.0,0.0,0.0,0.0,0.0,0.0,0.0,0.0,0.0,0.0,0.0,0.0,0.0,0.0,0.0,0.0,0.0,0.0,0.0,0.0,0.0,0.0,0.0,0.0,0.0,0.0,0.0,0.0,2.0,0.0,2.0,14.0,33.0,9.0,1.0
546,1.0,546.0,London_198,,151,453,1092.0,70.0,2.0,168063.0,0.5797728968318552,824.0,81.0,2.0,79.0,165.0,18.0,147.0,118.0,73.0,185.0,21.0,125.0,10.0,25.0,3.0,11.0,8.0,76.0,144.0,225.0,47.0,0.0,0.0,0.0,0.0,0.0,0.0,0.0,0.0,0.0,28.0,0.0,11.0,2.0,11.0,0.0,1.0,1.0,2.0,1.0,27.0,0.0,0.0,0.0,0.0,0.0,0.0,0.0,0.0,0.0,0.0,0.0,0.0,0.0,0.0,1.0,0.0,0.0,0.0,0.0,0.0,0.0,0.0,0.0,1.0,0.0,0.0,4.0,1.0,0.0,0.0,6.0,19.0,2.0,2.0,0.0,0.0,0.0,0.0,0.0,0.0,0.0,0.0,0.0,0.0,0.0,0.0,0.0,0.0,7.0,0.0,0.0,0.0,0.0,0.0,0.0,0.0,0.0,1.0,0.0,0.0,5.0,1.0,0.0,0.0,8.0,29.0,2.0,2.0
547,1.0,547.0,London_198,,151,453,1092.0,70.0,2.0,170328.0,0.4067465129774064,829.0,50.0,0.0,50.0,82.0,0.0,82.0,114.0,64.0,185.0,28.0,126.0,13.0,27.0,4.0,6.0,3.0,84.0,155.0,211.0,38.0,0.0,0.0,0.0,0.0,0.0,0.0,0.0,0.0,0.0,10.0,0.0,2.0,1.0,6.0,0.0,0.0,0.0,1.0,0.0,10.0,0.0,0.0,0.0,0.0,0.0,0.0,0.0,0.0,0.0,0.0,0.0,0.0,0.0,0.0,0.0,0.0,0.0,0.0,0.0,0.0,0.0,0.0,0.0,0.0,0.0,0.0,7.0,1.0,0.0,0.0,8.0,11.0,2.0,1.0,0.0,0.0,0.0,0.0,0.0,0.0,0.0,0.0,0.0,0.0,0.0,0.0,0.0,0.0,0.0,0.0,0.0,0.0,0.0,0.0,0.0,0.0,0.0,0.0,0.0,0.0,7.0,1.0,0.0,0.0,10.0,15.0,3.0,1.0
548,1.0,548.0,London_198,,151,453,1092.0,70.0,2.0,186636.0,0.794142534956336,865.0,132.0,1.0,131.0,238.0,11.0,227.0,62.0,58.0,189.0,26.0,132.0,10.0,29.0,4.0,5.0,7.0,79.0,152.0,215.0,40.0,0.0,0.0,0.0,0.0,0.0,0.0,0.0,0.0,0.0,48.0,0.0,7.0,3.0,34.0,0.0,0.0,0.0,4.0,1.0,47.0,0.0,0.0,0.0,0.0,0.0,0.0,0.0,0.0,0.0,0.0,0.0,0.0,0.0,0.0,1.0,0.0,0.0,0.0,0.0,0.0,1.0,0.0,0.0,0.0,1.0,0.0,7.0,1.0,2.0,1.0,16.0,23.0,6.0,4.0,0.0,0.0,0.0,0.0,0.0,0.0,0.0,0.0,0.0,0.0,0.0,0.0,0.0,0.0,1.0,0.0,0.0,0.0,0.0,0.0,1.0,0.0,0.0,0.0,1.0,0.0,8.0,2.0,3.0,1.0,25.0,30.0,7.0,7.0
549,1.0,549.0,London_198,,151,453,1092.0,70.0,2.0,164439.0,0.5947949460241944,816.0,128.0,1.0,127.0,241.0,10.0,231.0,148.0,61.0,187.0,29.0,116.0,9.0,35.0,4.0,12.0,4.0,56.0,168.0,225.0,48.0,0.0,0.0,0.0,0.0,0.0,0.0,0.0,0.0,0.0,41.0,0.0,6.0,4.0,28.0,1.0,0.0,0.0,2.0,1.0,40.0,0.0,0.0,0.0,0.0,0.0,0.0,0.0,0.0,0.0,0.0,0.0,0.0,0.0,1.0,0.0,1.0,0.0,0.0,0.0,0.0,1.0,0.0,0.0,1.0,1.0,0.0,2.0,4.0,1.0,2.0,15.0,17.0,10.0,7.0,0.0,0.0,0.0,0.0,0.0,0.0,0.0,0.0,0.0,0.0,0.0,0.0,0.0,2.0,0.0,2.0,0.0,0.0,0.0,0.0,1.0,0.0,0.0,2.0,1.0,0.0,2.0,5.0,1.0,3.0,25.0,24.0,12.0,11.0
550,1.0,550.0,London_198,,151,453,1092.0,70.0,2.0,141789.0,0.434066312154755,766.0,125.0,0.0,125.0,218.0,0.0,218.0,167.0,71.0,179.0,19.0,119.0,9.0,43.0,2.0,11.0,7.0,43.0,182.0,221.0,52.0,0.0,0.0,0.0,0.0,0.0,0.0,0.0,0.0,0.0,30.0,0.0,0.0,0.0,26.0,0.0,0.0,0.0,4.0,0.0,30.0,0.0,0.0,0.0,0.0,0.0,0.0,0.0,0.0,0.0,0.0,0.0,0.0,0.0,0.0,0.0,0.0,0.0,0.0,0.0,0.0,0.0,5.0,0.0,2.0,1.0,0.0,3.0,6.0,1.0,1.0,17.0,25.0,6.0,7.0,0.0,0.0,0.0,0.0,0.0,0.0,0.0,0.0,0.0,0.0,0.0,0.0,0.0,0.0,0.0,0.0,0.0,0.0,0.0,0.0,0.0,6.0,0.0,2.0,1.0,0.0,3.0,8.0,1.0,1.0,23.0,39.0,10.0,10.0
551,1.0,551.0,London_198,,151,453,1092.0,70.0,2.0,120045.0,0.3361311610788107,718.0,1.0,0.0,1.0,1.0,0.0,1.0,173.0,69.0,186.0,22.0,130.0,10.0,28.0,0.0,8.0,6.0,44.0,188.0,215.0,47.0,0.0,0.0,0.0,0.0,0.0,0.0,0.0,0.0,0.0,0.0,0.0,0.0,0.0,0.0,0.0,0.0,0.0,0.0,0.0,0.0,0.0,0.0,0.0,0.0,0.0,0.0,0.0,0.0,0.0,0.0,0.0,0.0,0.0,0.0,0.0,0.0,0.0,0.0,0.0,0.0,0.0,0.0,0.0,0.0,0.0,0.0,0.0,0.0,0.0,0.0,0.0,0.0,0.0,0.0,0.0,0.0,0.0,0.0,0.0,0.0,0.0,0.0,0.0,0.0,0.0,0.0,0.0,0.0,0.0,0.0,0.0,0.0,0.0,0.0,0.0,0.0,0.0,0.0,0.0,0.0,0.0,0.0,0.0,0.0,0.0,0.0,0.0,0.0
552,1.0,552.0,London_198,,151,453,1092.0,70.0,2.0,157191.0,0.5496024789754301,800.0,58.0,2.0,56.0,112.0,19.0,93.0,1.0,69.0,187.0,21.0,130.0,10.0,28.0,0.0,8.0,6.0,44.0,188.0,215.0,47.0,0.0,0.0,0.0,0.0,0.0,0.0,0.0,0.0,0.0,19.0,0.0,7.0,1.0,9.0,0.0,2.0,0.0,0.0,2.0,17.0,0.0,0.0,0.0,0.0,0.0,0.0,0.0,0.0,0.0,0.0,0.0,0.0,0.0,1.0,0.0,0.0,1.0,0.0,0.0,0.0,0.0,0.0,0.0,0.0,0.0,1.0,0.0,2.0,1.0,1.0,7.0,10.0,4.0,2.0,0.0,0.0,0.0,0.0,0.0,0.0,0.0,0.0,0.0,0.0,0.0,0.0,0.0,2.0,0.0,0.0,1.0,0.0,0.0,0.0,0.0,0.0,0.0,0.0,0.0,1.0,0.0,2.0,1.0,1.0,8.0,15.0,6.0,2.0
553,1.0,553.0,London_198,,151,453,1092.0,70.0,2.0,168516.0,1.0199166689999402,825.0,137.0,1.0,136.0,245.0,10.0,235.0,69.0,67.0,185.0,26.0,125.0,13.0,27.0,0.0,10.0,4.0,50.0,180.0,219.0,43.0,0.0,0.0,0.0,0.0,0.0,0.0,0.0,0.0,0.0,50.0,0.0,18.0,2.0,26.0,0.0,1.0,1.0,2.0,0.0,50.0,0.0,0.0,0.0,0.0,0.0,0.0,0.0,0.0,0.0,0.0,0.0,0.0,0.0,0.0,0.0,0.0,0.0,0.0,0.0,0.0,0.0,0.0,0.0,0.0,0.0,0.0,1.0,1.0,2.0,2.0,17.0,25.0,5.0,4.0,0.0,0.0,0.0,0.0,0.0,0.0,0.0,0.0,0.0,0.0,0.0,0.0,0.0,0.0,0.0,0.0,0.0,0.0,0.0,0.0,0.0,0.0,0.0,0.0,0.0,0.0,2.0,1.0,2.0,2.0,24.0,37.0,5.0,5.0
554,1.0,554.0,London_198,,151,453,1092.0,70.0,2.0,134541.0,0.45458861300721765,750.0,104.0,0.0,104.0,176.0,0.0,176.0,168.0,63.0,177.0,34.0,128.0,8.0,31.0,1.0,11.0,8.0,64.0,158.0,223.0,56.0,0.0,0.0,0.0,0.0,0.0,0.0,0.0,0.0,0.0,16.0,0.0,1.0,0.0,11.0,0.0,0.0,0.0,4.0,0.0,16.0,0.0,0.0,0.0,0.0,0.0,0.0,0.0,0.0,0.0,0.0,0.0,0.0,0.0,0.0,0.0,0.0,0.0,0.0,0.0,0.0,0.0,0.0,3.0,0.0,0.0,0.0,1.0,3.0,2.0,2.0,20.0,19.0,8.0,4.0,0.0,0.0,0.0,0.0,0.0,0.0,0.0,0.0,0.0,0.0,0.0,0.0,0.0,0.0,0.0,0.0,0.0,0.0,0.0,0.0,0.0,0.0,4.0,0.0,0.0,0.0,1.0,3.0,3.0,3.0,28.0,21.0,9.0,4.0
555,1.0,555.0,London_198,,151,453,1092.0,70.0,2.0,117780.0,0.6367928290273994,713.0,88.0,0.0,88.0,166.0,0.0,166.0,152.0,67.0,176.0,39.0,120.0,6.0,35.0,2.0,8.0,11.0,65.0,160.0,217.0,60.0,0.0,0.0,0.0,0.0,0.0,0.0,0.0,0.0,0.0,10.0,0.0,0.0,0.0,8.0,0.0,0.0,1.0,1.0,0.0,10.0,0.0,0.0,0.0,0.0,0.0,0.0,0.0,0.0,0.0,0.0,0.0,0.0,0.0,0.0,0.0,0.0,0.0,0.0,0.0,0.0,0.0,0.0,0.0,1.0,2.0,0.0,5.0,4.0,5.0,1.0,15.0,22.0,8.0,6.0,0.0,0.0,0.0,0.0,0.0,0.0,0.0,0.0,0.0,0.0,0.0,0.0,0.0,0.0,0.0,0.0,0.0,0.0,0.0,0.0,0.0,0.0,0.0,2.0,2.0,0.0,5.0,5.0,6.0,1.0,24.0,33.0,10.0,7.0
556,1.0,556.0,London_198,,151,453,1092.0,70.0,2.0,103737.0,0.6102443849667907,682.0,98.0,1.0,97.0,188.0,11.0,177.0,149.0,69.0,172.0,30.0,133.0,5.0,34.0,1.0,9.0,11.0,63.0,173.0,206.0,63.0,0.0,0.0,0.0,0.0,0.0,0.0,0.0,0.0,0.0,0.0,0.0,0.0,0.0,0.0,0.0,0.0,0.0,0.0,0.0,0.0,0.0,0.0,0.0,0.0,0.0,0.0,0.0,0.0,0.0,0.0,0.0,0.0,0.0,0.0,1.0,0.0,0.0,0.0,0.0,0.0,1.0,3.0,0.0,1.0,2.0,0.0,6.0,4.0,4.0,4.0,19.0,22.0,12.0,3.0,0.0,0.0,0.0,0.0,0.0,0.0,0.0,0.0,0.0,0.0,0.0,0.0,0.0,0.0,7.0,0.0,0.0,0.0,0.0,0.0,1.0,5.0,0.0,1.0,2.0,0.0,10.0,5.0,4.0,4.0,31.0,31.0,15.0,5.0
557,1.0,557.0,London_198,,151,453,1092.0,70.0,2.0,86523.0,0.23452787986025214,644.0,29.0,0.0,29.0,46.0,0.0,46.0,188.0,67.0,182.0,29.0,128.0,8.0,34.0,2.0,3.0,13.0,65.0,167.0,208.0,61.0,0.0,0.0,0.0,0.0,0.0,0.0,0.0,0.0,0.0,0.0,0.0,0.0,0.0,0.0,0.0,0.0,0.0,0.0,0.0,0.0,0.0,0.0,0.0,0.0,0.0,0.0,0.0,0.0,0.0,0.0,0.0,0.0,0.0,0.0,0.0,0.0,0.0,0.0,0.0,0.0,0.0,0.0,0.0,1.0,1.0,0.0,1.0,1.0,0.0,1.0,7.0,10.0,2.0,1.0,0.0,0.0,0.0,0.0,0.0,0.0,0.0,0.0,0.0,0.0,0.0,0.0,0.0,0.0,0.0,0.0,0.0,0.0,0.0,0.0,0.0,0.0,0.0,1.0,1.0,0.0,1.0,3.0,0.0,1.0,9.0,14.0,2.0,1.0
558,1.0,558.0,London_198,,151,453,1092.0,70.0,2.0,99207.0,0.3077505698893219,672.0,24.0,2.0,22.0,55.0,19.0,36.0,46.0,67.0,181.0,27.0,130.0,9.0,33.0,2.0,4.0,13.0,70.0,171.0,199.0,62.0,0.0,0.0,0.0,0.0,0.0,0.0,0.0,0.0,0.0,0.0,0.0,0.0,0.0,0.0,0.0,0.0,0.0,0.0,0.0,0.0,0.0,0.0,0.0,0.0,0.0,0.0,0.0,0.0,0.0,1.0,0.0,0.0,1.0,1.0,0.0,0.0,0.0,0.0,0.0,0.0,0.0,0.0,0.0,0.0,0.0,0.0,3.0,1.0,0.0,0.0,1.0,3.0,1.0,3.0,0.0,0.0,0.0,0.0,0.0,0.0,0.0,0.0,0.0,8.0,0.0,0.0,5.0,7.0,0.0,0.0,0.0,0.0,0.0,0.0,0.0,0.0,0.0,0.0,0.0,0.0,3.0,1.0,0.0,0.0,1.0,4.0,1.0,4.0
559,1.0,559.0,London_198,,151,453,1092.0,70.0,2.0,129105.0,0.5657781108748168,738.0,96.0,2.0,94.0,184.0,19.0,165.0,55.0,69.0,184.0,28.0,130.0,5.0,30.0,2.0,5.0,12.0,77.0,165.0,199.0,62.0,0.0,0.0,0.0,0.0,0.0,0.0,0.0,0.0,0.0,14.0,0.0,1.0,1.0,12.0,0.0,0.0,0.0,0.0,1.0,13.0,0.0,0.0,0.0,0.0,0.0,0.0,0.0,0.0,0.0,0.0,0.0,0.0,0.0,0.0,1.0,0.0,0.0,0.0,0.0,0.0,1.0,4.0,0.0,1.0,0.0,1.0,5.0,5.0,0.0,4.0,13.0,26.0,10.0,9.0,0.0,0.0,0.0,0.0,0.0,0.0,0.0,0.0,0.0,0.0,0.0,0.0,0.0,0.0,9.0,0.0,0.0,0.0,0.0,0.0,1.0,5.0,0.0,1.0,0.0,1.0,5.0,8.0,0.0,4.0,20.0,32.0,11.0,14.0
560,1.0,560.0,London_198,,151,453,1092.0,70.0,2.0,120498.0,0.48545438912697136,719.0,6.0,1.0,5.0,20.0,10.0,10.0,161.0,75.0,188.0,29.0,120.0,6.0,28.0,1.0,6.0,8.0,70.0,169.0,206.0,63.0,0.0,0.0,0.0,0.0,0.0,0.0,0.0,0.0,0.0,0.0,0.0,0.0,0.0,0.0,0.0,0.0,0.0,0.0,0.0,0.0,0.0,0.0,0.0,0.0,0.0,0.0,0.0,0.0,0.0,0.0,0.0,0.0,0.0,0.0,0.0,0.0,0.0,0.0,0.0,0.0,0.0,1.0,0.0,0.0,0.0,0.0,1.0,0.0,1.0,0.0,0.0,2.0,0.0,0.0,0.0,0.0,0.0,0.0,0.0,0.0,0.0,0.0,0.0,0.0,0.0,0.0,0.0,0.0,0.0,0.0,0.0,0.0,0.0,0.0,0.0,1.0,0.0,0.0,0.0,0.0,1.0,0.0,1.0,0.0,0.0,3.0,0.0,0.0
561,1.0,561.0,London_198,,151,453,1092.0,70.0,2.0,159456.0,0.5593124108854681,805.0,90.0,0.0,90.0,148.0,0.0,148.0,20.0,71.0,185.0,32.0,125.0,6.0,27.0,1.0,6.0,8.0,72.0,165.0,208.0,61.0,0.0,0.0,0.0,0.0,0.0,0.0,0.0,0.0,0.0,28.0,0.0,5.0,2.0,18.0,0.0,1.0,1.0,1.0,0.0,28.0,0.0,0.0,0.0,0.0,0.0,0.0,0.0,0.0,0.0,0.0,0.0,0.0,0.0,0.0,0.0,0.0,0.0,0.0,0.0,0.0,0.0,0.0,0.0,1.0,0.0,0.0,7.0,0.0,0.0,4.0,11.0,16.0,3.0,2.0,0.0,0.0,0.0,0.0,0.0,0.0,0.0,0.0,0.0,0.0,0.0,0.0,0.0,0.0,0.0,0.0,0.0,0.0,0.0,0.0,0.0,0.0,0.0,1.0,0.0,0.0,8.0,0.0,0.0,6.0,17.0,21.0,4.0,2.0
562,1.0,562.0,London_198,,151,453,1092.0,70.0,2.0,165798.0,0.6588467890396714,819.0,67.0,0.0,67.0,119.0,0.0,119.0,110.0,56.0,185.0,30.0,131.0,10.0,33.0,2.0,6.0,9.0,70.0,161.0,213.0,62.0,0.0,0.0,0.0,0.0,0.0,0.0,0.0,0.0,0.0,18.0,0.0,5.0,2.0,9.0,0.0,1.0,0.0,1.0,0.0,18.0,0.0,0.0,0.0,0.0,0.0,0.0,0.0,0.0,0.0,0.0,0.0,0.0,0.0,0.0,0.0,0.0,0.0,0.0,0.0,0.0,0.0,0.0,0.0,0.0,0.0,0.0,3.0,1.0,0.0,2.0,9.0,14.0,1.0,5.0,0.0,0.0,0.0,0.0,0.0,0.0,0.0,0.0,0.0,0.0,0.0,0.0,0.0,0.0,0.0,0.0,0.0,0.0,0.0,0.0,0.0,0.0,0.0,0.0,0.0,0.0,4.0,1.0,0.0,3.0,13.0,18.0,1.0,8.0
563,1.0,563.0,London_198,,151,453,1092.0,70.0,2.0,179841.0,0.5303620391059667,850.0,119.0,0.0,119.0,215.0,0.0,215.0,93.0,53.0,178.0,31.0,140.0,9.0,34.0,2.0,6.0,14.0,68.0,167.0,204.0,66.0,0.0,0.0,0.0,0.0,0.0,0.0,0.0,0.0,0.0,32.0,0.0,11.0,4.0,13.0,0.0,2.0,0.0,2.0,0.0,32.0,0.0,0.0,0.0,0.0,0.0,0.0,0.0,0.0,0.0,0.0,0.0,0.0,0.0,0.0,0.0,0.0,0.0,0.0,0.0,0.0,0.0,0.0,0.0,0.0,0.0,0.0,3.0,0.0,0.0,2.0,16.0,23.0,3.0,4.0,0.0,0.0,0.0,0.0,0.0,0.0,0.0,0.0,0.0,0.0,0.0,0.0,0.0,0.0,0.0,0.0,0.0,0.0,0.0,0.0,0.0,0.0,0.0,0.0,0.0,0.0,5.0,0.0,0.0,3.0,24.0,33.0,4.0,5.0
564,1.0,564.0,London_198,,151,453,1092.0,70.0,2.0,163986.0,0.5700262170284986,815.0,23.0,1.0,22.0,43.0,10.0,33.0,153.0,64.0,188.0,23.0,124.0,9.0,35.0,3.0,7.0,11.0,81.0,153.0,208.0,62.0,0.0,0.0,0.0,0.0,0.0,0.0,0.0,0.0,0.0,7.0,0.0,1.0,0.0,5.0,0.0,0.0,0.0,1.0,1.0,6.0,0.0,0.0,0.0,0.0,0.0,0.0,0.0,0.0,0.0,0.0,0.0,0.0,0.0,0.0,1.0,0.0,0.0,0.0,0.0,0.0,0.0,0.0,0.0,0.0,0.0,0.0,0.0,1.0,0.0,0.0,3.0,4.0,2.0,0.0,0.0,0.0,0.0,0.0,0.0,0.0,0.0,0.0,0.0,0.0,0.0,0.0,0.0,0.0,7.0,0.0,0.0,0.0,0.0,0.0,0.0,0.0,0.0,0.0,0.0,0.0,0.0,1.0,0.0,0.0,4.0,6.0,2.0,0.0
565,1.0,565.0,London_198,,151,453,1092.0,70.0,2.0,199320.0,0.5048923520371318,893.0,133.0,2.0,131.0,230.0,19.0,211.0,29.0,67.0,183.0,25.0,120.0,10.0,38.0,3.0,7.0,9.0,83.0,151.0,210.0,54.0,0.0,0.0,0.0,0.0,0.0,0.0,0.0,0.0,0.0,58.0,0.0,15.0,1.0,36.0,0.0,3.0,0.0,3.0,2.0,56.0,0.0,0.0,0.0,0.0,0.0,0.0,0.0,0.0,0.0,0.0,0.0,0.0,0.0,0.0,0.0,0.0,0.0,0.0,0.0,0.0,2.0,0.0,0.0,0.0,0.0,0.0,0.0,0.0,2.0,0.0,17.0,17.0,1.0,2.0,0.0,0.0,0.0,0.0,0.0,0.0,0.0,0.0,0.0,0.0,0.0,0.0,0.0,0.0,0.0,0.0,0.0,0.0,0.0,0.0,2.0,0.0,0.0,0.0,0.0,0.0,0.0,0.0,2.0,0.0,23.0,21.0,1.0,2.0
566,1.0,566.0,London_198,,151,453,1092.0,70.0,2.0,178935.0,0.5759905949234962,848.0,154.0,2.0,152.0,281.0,18.0,263.0,130.0,75.0,173.0,36.0,109.0,8.0,39.0,5.0,8.0,10.0,83.0,140.0,220.0,47.0,0.0,0.0,0.0,0.0,0.0,0.0,0.0,0.0,0.0,54.0,0.0,14.0,0.0,31.0,0.0,3.0,1.0,5.0,2.0,52.0,0.0,0.0,0.0,0.0,0.0,0.0,0.0,0.0,0.0,0.0,0.0,0.0,0.0,0.0,0.0,0.0,0.0,0.0,0.0,0.0,1.0,0.0,1.0,0.0,4.0,0.0,1.0,2.0,1.0,1.0,15.0,17.0,4.0,2.0,0.0,0.0,0.0,0.0,0.0,0.0,0.0,0.0,0.0,0.0,0.0,0.0,0.0,0.0,0.0,0.0,0.0,0.0,0.0,0.0,1.0,0.0,1.0,0.0,4.0,0.0,2.0,2.0,1.0,1.0,23.0,21.0,4.0,3.0
567,1.0,567.0,London_198,,151,453,1092.0,70.0,2.0,143601.0,0.4457682389765978,770.0,113.0,0.0,113.0,195.0,0.0,195.0,178.0,78.0,182.0,27.0,108.0,10.0,37.0,5.0,6.0,6.0,89.0,135.0,223.0,52.0,0.0,0.0,0.0,0.0,0.0,0.0,0.0,0.0,0.0,16.0,0.0,0.0,0.0,11.0,0.0,2.0,1.0,2.0,0.0,16.0,0.0,0.0,0.0,0.0,0.0,0.0,0.0,0.0,0.0,0.0,0.0,0.0,0.0,0.0,0.0,0.0,0.0,0.0,0.0,0.0,2.0,1.0,1.0,1.0,7.0,0.0,2.0,4.0,0.0,8.0,19.0,16.0,4.0,7.0,0.0,0.0,0.0,0.0,0.0,0.0,0.0,0.0,0.0,0.0,0.0,0.0,0.0,0.0,0.0,0.0,0.0,0.0,0.0,0.0,3.0,1.0,1.0,3.0,7.0,0.0,2.0,5.0,0.0,9.0,22.0,21.0,6.0,11.0
568,1.0,568.0,London_198,,151,453,1092.0,70.0,2.0,137712.0,0.3278232042212039,757.0,83.0,0.0,83.0,140.0,0.0,140.0,168.0,75.0,181.0,33.0,111.0,6.0,32.0,2.0,13.0,6.0,92.0,140.0,215.0,58.0,0.0,0.0,0.0,0.0,0.0,0.0,0.0,0.0,0.0,18.0,0.0,0.0,0.0,15.0,0.0,0.0,0.0,3.0,0.0,18.0,0.0,0.0,0.0,0.0,0.0,0.0,0.0,0.0,0.0,0.0,0.0,0.0,0.0,0.0,0.0,0.0,0.0,0.0,0.0,0.0,0.0,2.0,1.0,0.0,1.0,0.0,0.0,3.0,1.0,6.0,17.0,11.0,0.0,4.0,0.0,0.0,0.0,0.0,0.0,0.0,0.0,0.0,0.0,0.0,0.0,0.0,0.0,0.0,0.0,0.0,0.0,0.0,0.0,0.0,0.0,6.0,1.0,0.0,1.0,0.0,0.0,3.0,2.0,13.0,26.0,19.0,0.0,6.0
569,1.0,569.0,London_198,,151,453,1092.0,70.0,2.0,138165.0,0.2944094038102776,758.0,4.0,2.0,2.0,19.0,16.0,3.0,116.0,86.0,176.0,20.0,117.0,9.0,33.0,3.0,9.0,6.0,90.0,132.0,225.0,44.0,0.0,0.0,0.0,0.0,0.0,0.0,0.0,0.0,0.0,2.0,0.0,0.0,0.0,1.0,0.0,1.0,0.0,0.0,1.0,1.0,0.0,0.0,0.0,0.0,0.0,0.0,0.0,0.0,0.0,0.0,0.0,0.0,0.0,0.0,1.0,0.0,0.0,0.0,0.0,0.0,0.0,0.0,0.0,0.0,0.0,0.0,0.0,0.0,0.0,0.0,0.0,0.0,0.0,0.0,0.0,0.0,0.0,0.0,0.0,0.0,0.0,0.0,0.0,0.0,0.0,0.0,0.0,0.0,8.0,0.0,0.0,0.0,0.0,0.0,0.0,0.0,0.0,0.0,0.0,0.0,0.0,0.0,0.0,0.0,0.0,0.0,0.0,0.0
570,1.0,570.0,London_198,,151,453,1092.0,70.0,2.0,171687.0,0.40594710409641266,832.0,90.0,1.0,89.0,166.0,9.0,157.0,14.0,83.0,176.0,20.0,121.0,9.0,31.0,3.0,10.0,4.0,94.0,123.0,232.0,38.0,0.0,0.0,0.0,0.0,0.0,0.0,0.0,0.0,0.0,30.0,0.0,5.0,2.0,20.0,0.0,3.0,0.0,0.0,1.0,29.0,0.0,0.0,0.0,0.0,0.0,0.0,0.0,0.0,0.0,0.0,0.0,0.0,0.0,0.0,0.0,0.0,0.0,0.0,0.0,0.0,1.0,1.0,0.0,0.0,0.0,0.0,2.0,0.0,1.0,1.0,15.0,14.0,1.0,0.0,0.0,0.0,0.0,0.0,0.0,0.0,0.0,0.0,0.0,0.0,0.0,0.0,0.0,0.0,0.0,0.0,0.0,0.0,0.0,0.0,1.0,2.0,0.0,0.0,0.0,0.0,3.0,0.0,1.0,1.0,23.0,19.0,1.0,0.0
571,1.0,571.0,London_198,,151,453,1092.0,70.0,2.0,170328.0,0.37375020794570446,829.0,106.0,0.0,106.0,184.0,0.0,184.0,105.0,74.0,179.0,24.0,117.0,7.0,36.0,4.0,12.0,5.0,83.0,130.0,235.0,44.0,0.0,0.0,0.0,0.0,0.0,0.0,0.0,0.0,0.0,39.0,0.0,11.0,7.0,18.0,0.0,1.0,0.0,2.0,0.0,39.0,0.0,0.0,0.0,0.0,0.0,0.0,0.0,0.0,0.0,0.0,0.0,0.0,0.0,0.0,0.0,0.0,0.0,0.0,0.0,0.0,0.0,0.0,1.0,0.0,1.0,0.0,0.0,0.0,0.0,0.0,9.0,22.0,4.0,2.0,0.0,0.0,0.0,0.0,0.0,0.0,0.0,0.0,0.0,0.0,0.0,0.0,0.0,0.0,0.0,0.0,0.0,0.0,0.0,0.0,0.0,0.0,1.0,0.0,1.0,0.0,0.0,0.0,0.0,0.0,14.0,27.0,4.0,2.0
572,1.0,572.0,London_198,,151,453,1092.0,70.0,2.0,157644.0,0.5466698019299656,801.0,88.0,2.0,86.0,161.0,18.0,143.0,122.0,67.0,170.0,29.0,108.0,10.0,44.0,4.0,21.0,10.0,80.0,137.0,226.0,55.0,0.0,0.0,0.0,0.0,0.0,0.0,0.0,0.0,0.0,24.0,0.0,1.0,4.0,15.0,0.0,3.0,1.0,0.0,2.0,22.0,0.0,0.0,0.0,0.0,0.0,0.0,0.0,0.0,0.0,0.0,0.0,0.0,0.0,0.0,0.0,0.0,0.0,0.0,0.0,0.0,1.0,0.0,1.0,0.0,1.0,0.0,1.0,0.0,0.0,4.0,9.0,20.0,5.0,2.0,0.0,0.0,0.0,0.0,0.0,0.0,0.0,0.0,0.0,0.0,0.0,0.0,0.0,0.0,0.0,0.0,0.0,0.0,0.0,0.0,1.0,0.0,1.0,0.0,1.0,0.0,1.0,0.0,0.0,8.0,12.0,25.0,6.0,3.0
573,1.0,573.0,London_198,,151,453,1092.0,70.0,2.0,158550.0,0.8063939490821213,803.0,102.0,2.0,100.0,195.0,18.0,177.0,111.0,68.0,177.0,30.0,103.0,13.0,40.0,2.0,20.0,12.0,78.0,146.0,217.0,60.0,0.0,0.0,0.0,0.0,0.0,0.0,0.0,0.0,0.0,25.0,0.0,1.0,5.0,16.0,1.0,2.0,0.0,0.0,2.0,23.0,0.0,0.0,0.0,0.0,0.0,0.0,0.0,0.0,0.0,0.0,0.0,0.0,0.0,0.0,1.0,0.0,0.0,0.0,0.0,0.0,1.0,0.0,0.0,0.0,0.0,0.0,0.0,1.0,0.0,4.0,17.0,16.0,3.0,2.0,0.0,0.0,0.0,0.0,0.0,0.0,0.0,0.0,0.0,0.0,0.0,0.0,0.0,0.0,1.0,0.0,0.0,0.0,0.0,0.0,2.0,0.0,0.0,0.0,0.0,0.0,0.0,1.0,0.0,5.0,25.0,24.0,3.0,4.0
574,1.0,574.0,London_198,,151,453,1092.0,70.0,2.0,149943.0,0.3172526250127703,784.0,107.0,0.0,107.0,189.0,0.0,189.0,139.0,65.0,175.0,34.0,108.0,16.0,39.0,2.0,14.0,9.0,68.0,171.0,205.0,63.0,0.0,0.0,0.0,0.0,0.0,0.0,0.0,0.0,0.0,22.0,0.0,5.0,2.0,11.0,0.0,2.0,1.0,1.0,0.0,22.0,0.0,0.0,0.0,0.0,0.0,0.0,0.0,0.0,0.0,0.0,0.0,0.0,0.0,0.0,0.0,0.0,0.0,0.0,0.0,0.0,0.0,1.0,0.0,0.0,1.0,0.0,0.0,1.0,2.0,1.0,16.0,26.0,6.0,4.0,0.0,0.0,0.0,0.0,0.0,0.0,0.0,0.0,0.0,0.0,0.0,0.0,0.0,0.0,0.0,0.0,0.0,0.0,0.0,0.0,0.0,1.0,0.0,0.0,2.0,0.0,0.0,2.0,3.0,2.0,22.0,36.0,7.0,5.0
575,1.0,575.0,London_198,,151,453,1092.0,70.0,2.0,135447.0,0.4370291600935161,752.0,104.0,0.0,104.0,177.0,0.0,177.0,153.0,55.0,165.0,35.0,133.0,13.0,38.0,0.0,14.0,9.0,73.0,154.0,217.0,69.0,0.0,0.0,0.0,0.0,0.0,0.0,0.0,0.0,0.0,17.0,0.0,3.0,0.0,10.0,0.0,3.0,1.0,0.0,0.0,17.0,0.0,0.0,0.0,0.0,0.0,0.0,0.0,0.0,0.0,0.0,0.0,0.0,0.0,0.0,0.0,0.0,0.0,0.0,0.0,0.0,1.0,0.0,0.0,0.0,2.0,0.0,3.0,6.0,3.0,9.0,10.0,20.0,7.0,0.0,0.0,0.0,0.0,0.0,0.0,0.0,0.0,0.0,0.0,0.0,0.0,0.0,0.0,0.0,0.0,0.0,0.0,0.0,0.0,0.0,2.0,0.0,0.0,0.0,2.0,0.0,3.0,8.0,4.0,9.0,13.0,26.0,8.0,0.0
576,1.0,576.0,London_198,,151,453,1092.0,70.0,2.0,129558.0,0.5199095569550991,739.0,55.0,2.0,53.0,112.0,17.0,95.0,148.0,50.0,177.0,28.0,142.0,9.0,38.0,0.0,9.0,9.0,76.0,157.0,211.0,60.0,0.0,0.0,0.0,0.0,0.0,0.0,0.0,0.0,0.0,16.0,0.0,0.0,2.0,7.0,2.0,4.0,0.0,1.0,2.0,14.0,0.0,0.0,0.0,0.0,0.0,0.0,0.0,0.0,0.0,0.0,0.0,0.0,0.0,0.0,1.0,0.0,1.0,0.0,0.0,0.0,1.0,1.0,0.0,0.0,0.0,1.0,1.0,1.0,5.0,2.0,5.0,17.0,4.0,2.0,0.0,0.0,0.0,0.0,0.0,0.0,0.0,0.0,0.0,0.0,0.0,0.0,0.0,0.0,2.0,0.0,2.0,0.0,0.0,0.0,1.0,1.0,0.0,0.0,0.0,1.0,1.0,1.0,6.0,2.0,7.0,25.0,4.0,3.0
577,1.0,577.0,London_198,,151,453,1092.0,70.0,2.0,138165.0,0.8005326809361577,758.0,11.0,0.0,11.0,16.0,0.0,16.0,75.0,53.0,178.0,24.0,145.0,5.0,39.0,0.0,9.0,9.0,68.0,158.0,218.0,59.0,0.0,0.0,0.0,0.0,0.0,0.0,0.0,0.0,0.0,4.0,0.0,1.0,0.0,3.0,0.0,0.0,0.0,0.0,0.0,4.0,0.0,0.0,0.0,0.0,0.0,0.0,0.0,0.0,0.0,0.0,0.0,0.0,0.0,0.0,0.0,0.0,0.0,0.0,0.0,0.0,0.0,0.0,0.0,0.0,1.0,0.0,0.0,0.0,0.0,0.0,2.0,2.0,2.0,0.0,0.0,0.0,0.0,0.0,0.0,0.0,0.0,0.0,0.0,0.0,0.0,0.0,0.0,0.0,0.0,0.0,0.0,0.0,0.0,0.0,0.0,0.0,0.0,0.0,1.0,0.0,0.0,0.0,0.0,0.0,2.0,3.0,3.0,0.0
578,1.0,578.0,London_198,,151,453,1092.0,70.0,2.0,171687.0,0.6044187280349433,832.0,91.0,2.0,89.0,164.0,20.0,144.0,11.0,56.0,178.0,25.0,141.0,3.0,42.0,0.0,8.0,9.0,69.0,160.0,215.0,60.0,0.0,0.0,0.0,0.0,0.0,0.0,0.0,0.0,0.0,32.0,0.0,8.0,3.0,15.0,2.0,1.0,0.0,3.0,2.0,30.0,0.0,0.0,0.0,0.0,0.0,0.0,0.0,0.0,0.0,0.0,0.0,0.0,0.0,0.0,2.0,0.0,0.0,0.0,0.0,0.0,0.0,0.0,0.0,0.0,1.0,0.0,0.0,1.0,1.0,0.0,17.0,14.0,2.0,4.0,0.0,0.0,0.0,0.0,0.0,0.0,0.0,0.0,0.0,0.0,0.0,0.0,0.0,0.0,9.0,0.0,0.0,0.0,0.0,0.0,0.0,0.0,0.0,0.0,1.0,0.0,0.0,1.0,1.0,0.0,21.0,17.0,2.0,4.0
579,1.0,579.0,London_198,,151,453,1092.0,70.0,2.0,175764.0,0.5035567560698837,841.0,116.0,2.0,114.0,210.0,15.0,195.0,116.0,56.0,194.0,28.0,132.0,3.0,33.0,1.0,6.0,9.0,62.0,155.0,227.0,63.0,0.0,0.0,0.0,0.0,0.0,0.0,0.0,0.0,0.0,45.0,0.0,13.0,3.0,19.0,3.0,2.0,1.0,4.0,2.0,43.0,0.0,0.0,0.0,0.0,0.0,0.0,0.0,0.0,0.0,0.0,0.0,0.0,0.0,0.0,0.0,0.0,0.0,0.0,0.0,0.0,1.0,0.0,0.0,0.0,0.0,1.0,0.0,1.0,3.0,3.0,12.0,26.0,5.0,4.0,0.0,0.0,0.0,0.0,0.0,0.0,0.0,0.0,0.0,0.0,0.0,0.0,0.0,0.0,0.0,0.0,0.0,0.0,0.0,0.0,1.0,0.0,0.0,0.0,0.0,1.0,0.0,2.0,3.0,4.0,17.0,37.0,6.0,5.0
580,1.0,580.0,London_198,,151,453,1092.0,70.0,2.0,159456.0,0.5744086459744722,805.0,100.0,1.0,99.0,193.0,9.0,184.0,131.0,61.0,178.0,29.0,129.0,2.0,45.0,1.0,8.0,8.0,67.0,141.0,237.0,64.0,0.0,0.0,0.0,0.0,0.0,0.0,0.0,0.0,0.0,30.0,0.0,16.0,1.0,12.0,0.0,1.0,0.0,0.0,1.0,29.0,0.0,0.0,0.0,0.0,0.0,0.0,0.0,0.0,0.0,0.0,0.0,0.0,0.0,0.0,0.0,1.0,0.0,0.0,0.0,0.0,1.0,1.0,1.0,0.0,3.0,0.0,1.0,2.0,1.0,0.0,12.0,13.0,4.0,0.0,0.0,0.0,0.0,0.0,0.0,0.0,0.0,0.0,0.0,0.0,0.0,0.0,0.0,0.0,0.0,1.0,0.0,0.0,0.0,0.0,2.0,1.0,1.0,0.0,3.0,0.0,1.0,3.0,1.0,0.0,14.0,19.0,6.0,0.0
581,1.0,581.0,London_198,,151,453,1092.0,70.0,2.0,149943.0,0.4940989329479635,784.0,108.0,1.0,107.0,186.0,8.0,178.0,139.0,72.0,172.0,24.0,131.0,5.0,39.0,1.0,9.0,7.0,68.0,130.0,248.0,72.0,0.0,0.0,0.0,0.0,0.0,0.0,0.0,0.0,0.0,21.0,0.0,14.0,2.0,4.0,0.0,0.0,1.0,0.0,1.0,20.0,0.0,0.0,0.0,0.0,0.0,0.0,0.0,0.0,0.0,0.0,0.0,0.0,0.0,0.0,1.0,0.0,0.0,0.0,0.0,0.0,0.0,0.0,0.0,1.0,0.0,0.0,2.0,2.0,1.0,2.0,13.0,17.0,7.0,3.0,0.0,0.0,0.0,0.0,0.0,0.0,0.0,0.0,0.0,0.0,0.0,0.0,0.0,0.0,5.0,0.0,0.0,0.0,0.0,0.0,0.0,0.0,0.0,1.0,0.0,0.0,2.0,2.0,1.0,2.0,18.0,25.0,7.0,4.0
582,1.0,582.0,London_198,,151,453,1092.0,70.0,2.0,139524.0,0.3045951430685818,761.0,70.0,0.0,70.0,121.0,0.0,121.0,157.0,72.0,164.0,24.0,134.0,9.0,43.0,1.0,6.0,10.0,67.0,137.0,239.0,73.0,0.0,0.0,0.0,0.0,0.0,0.0,0.0,0.0,0.0,9.0,0.0,1.0,4.0,2.0,0.0,0.0,0.0,2.0,0.0,9.0,0.0,0.0,0.0,0.0,0.0,0.0,0.0,0.0,0.0,0.0,0.0,0.0,0.0,0.0,0.0,0.0,0.0,0.0,0.0,0.0,1.0,1.0,0.0,0.0,1.0,0.0,3.0,3.0,0.0,3.0,16.0,14.0,6.0,6.0,0.0,0.0,0.0,0.0,0.0,0.0,0.0,0.0,0.0,0.0,0.0,0.0,0.0,0.0,0.0,0.0,0.0,0.0,0.0,0.0,1.0,1.0,0.0,0.0,1.0,0.0,3.0,3.0,0.0,4.0,22.0,22.0,7.0,8.0
583,1.0,583.0,London_198,,151,453,1092.0,70.0,2.0,147225.0,0.4505467808339745,778.0,84.0,2.0,82.0,157.0,19.0,138.0,106.0,63.0,164.0,25.0,133.0,12.0,47.0,2.0,7.0,9.0,64.0,137.0,243.0,66.0,0.0,0.0,0.0,0.0,0.0,0.0,0.0,0.0,0.0,20.0,0.0,10.0,0.0,8.0,1.0,0.0,1.0,0.0,2.0,18.0,0.0,0.0,0.0,0.0,0.0,0.0,0.0,0.0,0.0,0.0,0.0,0.0,0.0,0.0,1.0,0.0,0.0,0.0,0.0,0.0,1.0,0.0,0.0,1.0,3.0,0.0,0.0,2.0,1.0,2.0,13.0,20.0,4.0,4.0,0.0,0.0,0.0,0.0,0.0,0.0,0.0,0.0,0.0,0.0,0.0,0.0,0.0,0.0,1.0,0.0,0.0,0.0,0.0,0.0,1.0,0.0,0.0,1.0,3.0,0.0,0.0,3.0,1.0,2.0,18.0,30.0,7.0,5.0
584,1.0,584.0,London_198,,151,453,1092.0,70.0,2.0,147678.0,0.5042467729654163,779.0,50.0,0.0,50.0,85.0,0.0,85.0,110.0,66.0,170.0,30.0,117.0,15.0,43.0,4.0,8.0,8.0,67.0,139.0,239.0,59.0,0.0,0.0,0.0,0.0,0.0,0.0,0.0,0.0,0.0,11.0,0.0,5.0,0.0,5.0,0.0,0.0,0.0,1.0,0.0,11.0,0.0,0.0,0.0,0.0,0.0,0.0,0.0,0.0,0.0,0.0,0.0,0.0,0.0,0.0,0.0,0.0,0.0,0.0,0.0,0.0,1.0,0.0,0.0,0.0,1.0,0.0,0.0,1.0,0.0,2.0,7.0,11.0,2.0,2.0,0.0,0.0,0.0,0.0,0.0,0.0,0.0,0.0,0.0,0.0,0.0,0.0,0.0,0.0,0.0,0.0,0.0,0.0,0.0,0.0,1.0,0.0,0.0,0.0,1.0,0.0,0.0,1.0,0.0,3.0,8.0,15.0,2.0,2.0
585,1.0,585.0,London_198,,151,453,1092.0,70.0,2.0,162627.0,0.4752471330575645,812.0,90.0,0.0,90.0,155.0,0.0,155.0,67.0,64.0,173.0,35.0,109.0,15.0,47.0,4.0,6.0,6.0,72.0,135.0,240.0,51.0,0.0,0.0,0.0,0.0,0.0,0.0,0.0,0.0,0.0,29.0,0.0,10.0,0.0,18.0,0.0,0.0,0.0,1.0,0.0,29.0,0.0,0.0,0.0,0.0,0.0,0.0,0.0,0.0,0.0,0.0,0.0,0.0,0.0,0.0,0.0,0.0,0.0,0.0,0.0,0.0,1.0,1.0,0.0,0.0,1.0,0.0,1.0,0.0,0.0,2.0,10.0,14.0,7.0,0.0,0.0,0.0,0.0,0.0,0.0,0.0,0.0,0.0,0.0,0.0,0.0,0.0,0.0,0.0,0.0,0.0,0.0,0.0,0.0,0.0,1.0,1.0,0.0,0.0,1.0,0.0,1.0,0.0,0.0,2.0,14.0,19.0,9.0,0.0
586,1.0,586.0,London_198,,151,453,1092.0,70.0,2.0,163080.0,0.3916688619647175,813.0,68.0,2.0,66.0,122.0,17.0,105.0,109.0,65.0,167.0,39.0,104.0,20.0,48.0,6.0,4.0,8.0,81.0,150.0,214.0,41.0,0.0,0.0,0.0,0.0,0.0,0.0,0.0,0.0,0.0,20.0,0.0,5.0,1.0,11.0,0.0,1.0,0.0,2.0,2.0,18.0,0.0,0.0,0.0,0.0,0.0,0.0,0.0,0.0,0.0,0.0,0.0,0.0,0.0,1.0,0.0,0.0,0.0,0.0,0.0,0.0,0.0,0.0,2.0,0.0,2.0,0.0,1.0,5.0,0.0,0.0,15.0,12.0,2.0,3.0,0.0,0.0,0.0,0.0,0.0,0.0,0.0,0.0,0.0,0.0,0.0,0.0,0.0,2.0,0.0,0.0,0.0,0.0,0.0,0.0,0.0,0.0,2.0,0.0,3.0,0.0,1.0,5.0,0.0,0.0,21.0,14.0,3.0,3.0
587,1.0,587.0,London_198,,151,453,1092.0,70.0,2.0,180747.0,0.6228491370566189,852.0,124.0,2.0,122.0,235.0,18.0,217.0,86.0,65.0,179.0,34.0,108.0,19.0,39.0,5.0,4.0,6.0,74.0,146.0,227.0,40.0,0.0,0.0,0.0,0.0,0.0,0.0,0.0,0.0,0.0,42.0,0.0,8.0,0.0,22.0,0.0,8.0,2.0,2.0,2.0,40.0,0.0,0.0,0.0,0.0,0.0,0.0,0.0,0.0,0.0,0.0,0.0,0.0,0.0,0.0,0.0,0.0,0.0,0.0,0.0,0.0,2.0,0.0,0.0,0.0,0.0,0.0,1.0,2.0,0.0,4.0,18.0,16.0,8.0,2.0,0.0,0.0,0.0,0.0,0.0,0.0,0.0,0.0,0.0,0.0,0.0,0.0,0.0,0.0,0.0,0.0,0.0,0.0,0.0,0.0,2.0,0.0,0.0,0.0,0.0,0.0,1.0,2.0,0.0,4.0,25.0,25.0,10.0,4.0
588,1.0,588.0,London_198,,151,453,1092.0,70.0,2.0,163986.0,0.5268274638801813,815.0,94.0,2.0,92.0,181.0,18.0,163.0,149.0,68.0,172.0,28.0,114.0,13.0,49.0,5.0,4.0,7.0,83.0,150.0,213.0,47.0,0.0,0.0,0.0,0.0,0.0,0.0,0.0,0.0,0.0,32.0,0.0,7.0,0.0,21.0,0.0,2.0,0.0,2.0,1.0,31.0,0.0,0.0,0.0,0.0,0.0,0.0,0.0,0.0,0.0,0.0,0.0,0.0,0.0,0.0,1.0,0.0,0.0,0.0,0.0,0.0,0.0,0.0,0.0,0.0,0.0,0.0,3.0,2.0,1.0,0.0,11.0,17.0,8.0,3.0,0.0,0.0,0.0,0.0,0.0,0.0,0.0,0.0,0.0,0.0,0.0,0.0,0.0,0.0,6.0,0.0,0.0,0.0,0.0,0.0,0.0,0.0,0.0,0.0,0.0,0.0,3.0,3.0,1.0,0.0,14.0,22.0,10.0,3.0
589,1.0,589.0,London_198,,151,453,1092.0,70.0,2.0,163533.0,0.3915853789076209,814.0,65.0,0.0,65.0,106.0,0.0,106.0,120.0,69.0,155.0,35.0,125.0,15.0,45.0,3.0,6.0,5.0,77.0,146.0,225.0,35.0,0.0,0.0,0.0,0.0,0.0,0.0,0.0,0.0,0.0,18.0,0.0,3.0,1.0,11.0,0.0,1.0,0.0,2.0,0.0,18.0,0.0,0.0,0.0,0.0,0.0,0.0,0.0,0.0,0.0,0.0,0.0,0.0,0.0,0.0,0.0,0.0,0.0,0.0,0.0,0.0,0.0,0.0,0.0,0.0,0.0,0.0,0.0,0.0,0.0,1.0,7.0,9.0,1.0,4.0,0.0,0.0,0.0,0.0,0.0,0.0,0.0,0.0,0.0,0.0,0.0,0.0,0.0,0.0,0.0,0.0,0.0,0.0,0.0,0.0,0.0,0.0,0.0,0.0,0.0,0.0,0.0,0.0,0.0,1.0,13.0,14.0,2.0,7.0
590,1.0,590.0,London_198,,151,453,1092.0,70.0,2.0,178935.0,0.4558199478778988,848.0,92.0,1.0,91.0,169.0,11.0,158.0,76.0,71.0,155.0,27.0,125.0,18.0,47.0,3.0,7.0,5.0,77.0,135.0,236.0,45.0,0.0,0.0,0.0,0.0,0.0,0.0,0.0,0.0,0.0,32.0,0.0,9.0,1.0,14.0,0.0,3.0,0.0,5.0,1.0,31.0,0.0,0.0,0.0,0.0,0.0,0.0,0.0,0.0,0.0,0.0,0.0,0.0,0.0,0.0,1.0,0.0,0.0,0.0,0.0,0.0,0.0,0.0,0.0,0.0,0.0,0.0,1.0,0.0,0.0,2.0,11.0,18.0,2.0,3.0,0.0,0.0,0.0,0.0,0.0,0.0,0.0,0.0,0.0,0.0,0.0,0.0,0.0,0.0,2.0,0.0,0.0,0.0,0.0,0.0,0.0,0.0,0.0,0.0,0.0,0.0,1.0,0.0,0.0,2.0,15.0,25.0,3.0,4.0
591,1.0,591.0,London_198,,151,453,1092.0,70.0,2.0,173952.0,0.5620806440711021,837.0,137.0,1.0,136.0,231.0,10.0,221.0,113.0,74.0,155.0,35.0,115.0,21.0,44.0,4.0,5.0,8.0,77.0,146.0,222.0,46.0,0.0,0.0,0.0,0.0,0.0,0.0,0.0,0.0,0.0,35.0,0.0,4.0,3.0,23.0,1.0,1.0,2.0,1.0,1.0,34.0,0.0,0.0,0.0,0.0,0.0,0.0,0.0,0.0,0.0,0.0,0.0,0.0,0.0,1.0,0.0,0.0,0.0,0.0,0.0,0.0,2.0,0.0,0.0,2.0,0.0,0.0,4.0,5.0,1.0,3.0,16.0,20.0,12.0,2.0,0.0,0.0,0.0,0.0,0.0,0.0,0.0,0.0,0.0,0.0,0.0,0.0,0.0,2.0,0.0,0.0,0.0,0.0,0.0,0.0,2.0,0.0,0.0,2.0,0.0,0.0,6.0,7.0,1.0,3.0,22.0,30.0,12.0,2.0
592,1.0,592.0,London_198,,151,453,1092.0,70.0,2.0,144507.0,0.42563466588035226,772.0,73.0,0.0,73.0,136.0,0.0,136.0,173.0,82.0,152.0,32.0,117.0,19.0,42.0,1.0,8.0,12.0,73.0,147.0,221.0,57.0,0.0,0.0,0.0,0.0,0.0,0.0,0.0,0.0,0.0,16.0,0.0,0.0,0.0,13.0,0.0,1.0,0.0,2.0,0.0,16.0,0.0,0.0,0.0,0.0,0.0,0.0,0.0,0.0,0.0,0.0,0.0,0.0,0.0,0.0,0.0,0.0,0.0,0.0,0.0,0.0,1.0,3.0,0.0,1.0,1.0,0.0,2.0,3.0,2.0,2.0,14.0,13.0,7.0,2.0,0.0,0.0,0.0,0.0,0.0,0.0,0.0,0.0,0.0,0.0,0.0,0.0,0.0,0.0,0.0,0.0,0.0,0.0,0.0,0.0,1.0,4.0,0.0,1.0,1.0,0.0,2.0,5.0,2.0,3.0,23.0,16.0,11.0,2.0
593,1.0,593.0,London_198,,151,453,1092.0,70.0,2.0,149037.0,0.5347795370034873,782.0,71.0,0.0,71.0,103.0,0.0,103.0,111.0,86.0,165.0,31.0,108.0,16.0,39.0,1.0,7.0,12.0,77.0,145.0,219.0,68.0,0.0,0.0,0.0,0.0,0.0,0.0,0.0,0.0,0.0,13.0,0.0,0.0,0.0,10.0,0.0,2.0,0.0,1.0,0.0,13.0,0.0,0.0,0.0,0.0,0.0,0.0,0.0,0.0,0.0,0.0,0.0,0.0,0.0,0.0,0.0,0.0,0.0,0.0,0.0,0.0,0.0,2.0,0.0,0.0,0.0,0.0,3.0,2.0,0.0,3.0,12.0,14.0,9.0,6.0,0.0,0.0,0.0,0.0,0.0,0.0,0.0,0.0,0.0,0.0,0.0,0.0,0.0,0.0,0.0,0.0,0.0,0.0,0.0,0.0,0.0,2.0,0.0,0.0,0.0,0.0,3.0,3.0,0.0,3.0,15.0,20.0,11.0,9.0
594,1.0,594.0,London_198,,151,453,1092.0,70.0,2.0,150849.0,0.45596218202263117,786.0,65.0,2.0,63.0,132.0,19.0,113.0,86.0,78.0,176.0,19.0,114.0,16.0,37.0,3.0,10.0,12.0,75.0,142.0,224.0,66.0,0.0,0.0,0.0,0.0,0.0,0.0,0.0,0.0,0.0,21.0,0.0,1.0,3.0,14.0,0.0,2.0,0.0,1.0,2.0,19.0,0.0,0.0,0.0,0.0,0.0,0.0,0.0,0.0,0.0,0.0,0.0,0.0,0.0,0.0,0.0,0.0,0.0,0.0,0.0,0.0,1.0,2.0,0.0,0.0,0.0,0.0,3.0,0.0,1.0,1.0,11.0,15.0,4.0,1.0,0.0,0.0,0.0,0.0,0.0,0.0,0.0,0.0,0.0,0.0,0.0,0.0,0.0,0.0,0.0,0.0,0.0,0.0,0.0,0.0,1.0,3.0,0.0,0.0,0.0,0.0,3.0,0.0,1.0,1.0,15.0,23.0,5.0,2.0
595,1.0,595.0,London_198,,151,453,1092.0,70.0,2.0,163533.0,0.559901841217652,814.0,158.0,1.0,157.0,260.0,10.0,250.0,81.0,77.0,180.0,24.0,111.0,18.0,32.0,2.0,9.0,11.0,77.0,158.0,207.0,60.0,0.0,0.0,0.0,0.0,0.0,0.0,0.0,0.0,0.0,41.0,0.0,6.0,1.0,27.0,0.0,4.0,1.0,2.0,0.0,41.0,0.0,0.0,0.0,0.0,0.0,0.0,0.0,0.0,0.0,0.0,0.0,0.0,0.0,0.0,0.0,0.0,0.0,0.0,0.0,0.0,1.0,0.0,0.0,1.0,3.0,0.0,1.0,3.0,3.0,5.0,22.0,39.0,12.0,7.0,0.0,0.0,0.0,0.0,0.0,0.0,0.0,0.0,0.0,0.0,0.0,0.0,0.0,0.0,0.0,0.0,0.0,0.0,0.0,0.0,1.0,0.0,0.0,1.0,3.0,0.0,1.0,3.0,3.0,5.0,35.0,48.0,15.0,10.0
596,1.0,596.0,London_198,,151,453,1092.0,70.0,2.0,120498.0,0.7278946470469236,719.0,117.0,0.0,117.0,209.0,0.0,209.0,194.0,72.0,169.0,24.0,127.0,19.0,36.0,2.0,4.0,10.0,68.0,147.0,228.0,51.0,0.0,0.0,0.0,0.0,0.0,0.0,0.0,0.0,0.0,13.0,0.0,0.0,0.0,9.0,0.0,1.0,0.0,3.0,0.0,13.0,0.0,0.0,0.0,0.0,0.0,0.0,0.0,0.0,0.0,0.0,0.0,0.0,0.0,0.0,0.0,0.0,0.0,0.0,0.0,0.0,0.0,3.0,0.0,1.0,6.0,0.0,8.0,4.0,8.0,8.0,23.0,20.0,7.0,4.0,0.0,0.0,0.0,0.0,0.0,0.0,0.0,0.0,0.0,0.0,0.0,0.0,0.0,0.0,0.0,0.0,0.0,0.0,0.0,0.0,0.0,4.0,0.0,2.0,6.0,0.0,12.0,6.0,13.0,11.0,34.0,26.0,8.0,5.0
597,1.0,597.0,London_198,,151,453,1092.0,70.0,2.0,97395.0,0.25563680101186037,668.0,15.0,0.0,15.0,22.0,0.0,22.0,187.0,69.0,165.0,31.0,126.0,19.0,36.0,2.0,5.0,10.0,62.0,161.0,220.0,58.0,0.0,0.0,0.0,0.0,0.0,0.0,0.0,0.0,0.0,0.0,0.0,0.0,0.0,0.0,0.0,0.0,0.0,0.0,0.0,0.0,0.0,0.0,0.0,0.0,0.0,0.0,0.0,0.0,0.0,0.0,0.0,0.0,0.0,0.0,0.0,0.0,0.0,0.0,0.0,0.0,0.0,0.0,0.0,0.0,0.0,0.0,1.0,1.0,0.0,1.0,2.0,1.0,1.0,0.0,0.0,0.0,0.0,0.0,0.0,0.0,0.0,0.0,0.0,0.0,0.0,0.0,0.0,0.0,0.0,0.0,0.0,0.0,0.0,0.0,0.0,0.0,0.0,0.0,0.0,0.0,1.0,1.0,0.0,1.0,2.0,1.0,1.0,0.0
598,1.0,598.0,London_198,,151,453,1092.0,70.0,2.0,130917.0,0.5776059199124575,742.0,117.0,1.0,116.0,214.0,11.0,203.0,22.0,73.0,160.0,32.0,128.0,18.0,35.0,2.0,5.0,13.0,63.0,161.0,216.0,60.0,0.0,0.0,0.0,0.0,0.0,0.0,0.0,0.0,0.0,21.0,0.0,0.0,0.0,13.0,0.0,1.0,2.0,5.0,0.0,21.0,0.0,0.0,0.0,0.0,0.0,0.0,0.0,0.0,0.0,0.0,0.0,0.0,0.0,0.0,1.0,0.0,0.0,0.0,0.0,0.0,0.0,2.0,0.0,0.0,3.0,0.0,3.0,8.0,1.0,7.0,19.0,25.0,6.0,2.0,0.0,0.0,0.0,0.0,0.0,0.0,0.0,0.0,0.0,0.0,0.0,0.0,0.0,0.0,7.0,0.0,0.0,0.0,0.0,0.0,0.0,2.0,0.0,0.0,3.0,0.0,5.0,11.0,1.0,8.0,31.0,37.0,8.0,2.0
599,1.0,599.0,London_198,,151,453,1092.0,70.0,2.0,115515.0,0.26302860397845507,708.0,0.0,0.0,0.0,0.0,0.0,0.0,175.0,61.0,166.0,29.0,128.0,18.0,41.0,3.0,7.0,15.0,70.0,154.0,214.0,70.0,0.0,0.0,0.0,0.0,0.0,0.0,0.0,0.0,0.0,0.0,0.0,0.0,0.0,0.0,0.0,0.0,0.0,0.0,0.0,0.0,0.0,0.0,0.0,0.0,0.0,0.0,0.0,0.0,0.0,0.0,0.0,0.0,0.0,0.0,0.0,0.0,0.0,0.0,0.0,0.0,0.0,0.0,0.0,0.0,0.0,0.0,0.0,0.0,0.0,0.0,0.0,0.0,0.0,0.0,0.0,0.0,0.0,0.0,0.0,0.0,0.0,0.0,0.0,0.0,0.0,0.0,0.0,0.0,0.0,0.0,0.0,0.0,0.0,0.0,0.0,0.0,0.0,0.0,0.0,0.0,0.0,0.0,0.0,0.0,0.0,0.0,0.0,0.0
600,1.0,600.0,London_198,,151,453,1092.0,70.0,2.0,161721.0,0.4683858461212367,810.0,26.0,2.0,24.0,66.0,19.0,47.0,0.0,61.0,166.0,29.0,128.0,18.0,41.0,3.0,7.0,15.0,70.0,154.0,214.0,70.0,0.0,0.0,0.0,0.0,0.0,0.0,0.0,0.0,0.0,7.0,0.0,2.0,0.0,3.0,0.0,2.0,0.0,0.0,1.0,6.0,0.0,0.0,0.0,0.0,0.0,0.0,0.0,0.0,0.0,0.0,0.0,0.0,0.0,1.0,0.0,0.0,0.0,0.0,0.0,0.0,0.0,0.0,0.0,0.0,0.0,0.0,0.0,0.0,0.0,3.0,3.0,4.0,3.0,1.0,0.0,0.0,0.0,0.0,0.0,0.0,0.0,0.0,0.0,0.0,0.0,0.0,0.0,5.0,0.0,0.0,0.0,0.0,0.0,0.0,0.0,0.0,0.0,0.0,0.0,0.0,0.0,0.0,0.0,3.0,3.0,6.0,4.0,2.0
601,1.0,601.0,London_198,,151,453,1092.0,70.0,2.0,199773.0,0.7070865919813514,894.0,150.0,2.0,148.0,287.0,19.0,268.0,49.0,63.0,156.0,29.0,141.0,16.0,40.0,2.0,6.0,12.0,72.0,144.0,225.0,66.0,0.0,0.0,0.0,0.0,0.0,0.0,0.0,0.0,0.0,60.0,0.0,20.0,7.0,19.0,0.0,12.0,0.0,2.0,2.0,58.0,0.0,0.0,0.0,0.0,0.0,0.0,0.0,0.0,0.0,0.0,0.0,0.0,0.0,0.0,0.0,0.0,0.0,0.0,0.0,0.0,0.0,1.0,0.0,0.0,0.0,1.0,0.0,1.0,0.0,3.0,17.0,18.0,5.0,3.0,0.0,0.0,0.0,0.0,0.0,0.0,0.0,0.0,0.0,0.0,0.0,0.0,0.0,0.0,0.0,0.0,0.0,0.0,0.0,0.0,0.0,2.0,0.0,0.0,0.0,1.0,0.0,1.0,0.0,4.0,27.0,28.0,7.0,4.0
602,1.0,602.0,London_198,,151,453,1092.0,70.0,2.0,167157.0,0.5404521250165999,822.0,22.0,1.0,21.0,43.0,10.0,33.0,176.0,61.0,159.0,23.0,142.0,13.0,42.0,4.0,9.0,12.0,76.0,148.0,217.0,82.0,0.0,0.0,0.0,0.0,0.0,0.0,0.0,0.0,0.0,5.0,0.0,1.0,3.0,0.0,0.0,0.0,0.0,1.0,0.0,5.0,0.0,0.0,0.0,0.0,0.0,0.0,0.0,0.0,0.0,0.0,0.0,0.0,0.0,0.0,0.0,0.0,0.0,0.0,0.0,0.0,0.0,0.0,0.0,0.0,0.0,0.0,0.0,1.0,0.0,1.0,1.0,5.0,0.0,0.0,0.0,0.0,0.0,0.0,0.0,0.0,0.0,0.0,0.0,0.0,0.0,0.0,0.0,0.0,0.0,0.0,0.0,0.0,0.0,0.0,0.0,0.0,0.0,0.0,0.0,0.0,0.0,1.0,0.0,1.0,2.0,5.0,0.0,0.0
603,1.0,603.0,London_198,,151,453,1092.0,70.0,2.0,194337.0,0.7980227030348033,882.0,138.0,0.0,138.0,233.0,0.0,233.0,32.0,58.0,157.0,27.0,141.0,13.0,45.0,4.0,8.0,10.0,78.0,139.0,226.0,78.0,0.0,0.0,0.0,0.0,0.0,0.0,0.0,0.0,0.0,46.0,0.0,15.0,3.0,25.0,0.0,1.0,0.0,2.0,0.0,46.0,0.0,0.0,0.0,0.0,0.0,0.0,0.0,0.0,0.0,0.0,0.0,0.0,0.0,0.0,0.0,0.0,0.0,0.0,0.0,0.0,1.0,0.0,0.0,0.0,1.0,0.0,1.0,2.0,0.0,3.0,17.0,23.0,3.0,2.0,0.0,0.0,0.0,0.0,0.0,0.0,0.0,0.0,0.0,0.0,0.0,0.0,0.0,0.0,0.0,0.0,0.0,0.0,0.0,0.0,2.0,0.0,0.0,0.0,1.0,0.0,1.0,3.0,0.0,3.0,28.0,31.0,4.0,2.0
604,1.0,604.0,London_198,,151,453,1092.0,70.0,2.0,170781.0,0.5689909250941128,830.0,111.0,0.0,111.0,187.0,0.0,187.0,151.0,59.0,159.0,33.0,131.0,11.0,49.0,3.0,8.0,10.0,77.0,138.0,228.0,76.0,0.0,0.0,0.0,0.0,0.0,0.0,0.0,0.0,0.0,34.0,0.0,7.0,3.0,20.0,0.0,1.0,0.0,3.0,0.0,34.0,0.0,0.0,0.0,0.0,0.0,0.0,0.0,0.0,0.0,0.0,0.0,0.0,0.0,0.0,0.0,0.0,0.0,0.0,0.0,0.0,0.0,0.0,0.0,0.0,0.0,0.0,9.0,3.0,1.0,2.0,13.0,12.0,7.0,1.0,0.0,0.0,0.0,0.0,0.0,0.0,0.0,0.0,0.0,0.0,0.0,0.0,0.0,0.0,0.0,0.0,0.0,0.0,0.0,0.0,0.0,0.0,0.0,0.0,0.0,0.0,9.0,3.0,1.0,3.0,20.0,19.0,8.0,1.0
605,1.0,605.0,London_198,,151,453,1092.0,70.0,2.0,155832.0,0.4096228089183569,797.0,88.0,0.0,88.0,159.0,0.0,159.0,131.0,58.0,154.0,32.0,132.0,17.0,45.0,4.0,11.0,8.0,73.0,154.0,218.0,79.0,0.0,0.0,0.0,0.0,0.0,0.0,0.0,0.0,0.0,25.0,0.0,8.0,1.0,13.0,0.0,0.0,1.0,2.0,0.0,25.0,0.0,0.0,0.0,0.0,0.0,0.0,0.0,0.0,0.0,0.0,0.0,0.0,0.0,0.0,0.0,0.0,0.0,0.0,0.0,0.0,3.0,0.0,1.0,0.0,1.0,0.0,6.0,3.0,2.0,3.0,13.0,18.0,7.0,4.0,0.0,0.0,0.0,0.0,0.0,0.0,0.0,0.0,0.0,0.0,0.0,0.0,0.0,0.0,0.0,0.0,0.0,0.0,0.0,0.0,4.0,0.0,1.0,0.0,1.0,0.0,13.0,4.0,3.0,5.0,20.0,29.0,9.0,7.0
606,1.0,606.0,London_198,,151,453,1092.0,70.0,2.0,143148.0,0.41432396695017815,769.0,196.0,1.0,195.0,347.0,10.0,337.0,119.0,59.0,153.0,31.0,138.0,13.0,45.0,4.0,10.0,9.0,80.0,160.0,204.0,67.0,0.0,0.0,0.0,0.0,0.0,0.0,0.0,0.0,0.0,44.0,0.0,0.0,2.0,38.0,0.0,1.0,1.0,2.0,0.0,44.0,0.0,0.0,0.0,0.0,0.0,0.0,0.0,0.0,0.0,0.0,0.0,0.0,0.0,0.0,1.0,0.0,0.0,0.0,0.0,0.0,0.0,1.0,2.0,5.0,4.0,0.0,9.0,4.0,7.0,4.0,23.0,38.0,11.0,3.0,0.0,0.0,0.0,0.0,0.0,0.0,0.0,0.0,0.0,0.0,0.0,0.0,0.0,0.0,8.0,0.0,0.0,0.0,0.0,0.0,0.0,2.0,2.0,9.0,4.0,0.0,13.0,4.0,8.0,4.0,28.0,63.0,14.0,4.0
607,1.0,607.0,London_198,,151,453,1092.0,70.0,2.0,84258.0,0.22153130592778325,639.0,21.0,2.0,19.0,57.0,19.0,38.0,274.0,56.0,180.0,30.0,124.0,10.0,42.0,2.0,9.0,8.0,71.0,170.0,204.0,71.0,0.0,0.0,0.0,0.0,0.0,0.0,0.0,0.0,0.0,0.0,0.0,0.0,0.0,0.0,0.0,0.0,0.0,0.0,0.0,0.0,0.0,0.0,0.0,0.0,0.0,0.0,0.0,0.0,0.0,0.0,1.0,0.0,0.0,0.0,0.0,1.0,0.0,0.0,0.0,0.0,0.0,0.0,0.0,0.0,1.0,0.0,2.0,3.0,0.0,0.0,4.0,8.0,3.0,2.0,0.0,0.0,0.0,0.0,0.0,0.0,0.0,0.0,0.0,0.0,8.0,0.0,0.0,0.0,0.0,5.0,0.0,0.0,0.0,0.0,0.0,0.0,0.0,0.0,1.0,0.0,4.0,5.0,0.0,0.0,7.0,14.0,5.0,4.0
608,1.0,608.0,London_198,,151,453,1092.0,70.0,2.0,103284.0,0.307038787053898,681.0,10.0,2.0,8.0,31.0,18.0,13.0,57.0,57.0,187.0,29.0,115.0,10.0,43.0,3.0,9.0,8.0,68.0,165.0,212.0,62.0,0.0,0.0,0.0,0.0,0.0,0.0,0.0,0.0,0.0,0.0,0.0,0.0,0.0,0.0,0.0,0.0,0.0,0.0,0.0,0.0,0.0,0.0,0.0,0.0,0.0,0.0,0.0,0.0,0.0,0.0,0.0,0.0,0.0,0.0,0.0,2.0,0.0,0.0,0.0,0.0,0.0,0.0,0.0,0.0,0.0,0.0,1.0,1.0,0.0,0.0,2.0,2.0,1.0,0.0,0.0,0.0,0.0,0.0,0.0,0.0,0.0,0.0,0.0,0.0,0.0,0.0,0.0,0.0,0.0,5.0,0.0,0.0,0.0,0.0,0.0,0.0,0.0,0.0,0.0,0.0,1.0,3.0,0.0,0.0,2.0,3.0,1.0,0.0
609,1.0,609.0,London_198,,151,453,1092.0,70.0,2.0,133635.0,0.6248657498508692,748.0,25.0,0.0,25.0,38.0,0.0,38.0,31.0,53.0,189.0,32.0,122.0,8.0,39.0,3.0,7.0,6.0,71.0,161.0,215.0,58.0,0.0,0.0,0.0,0.0,0.0,0.0,0.0,0.0,0.0,3.0,0.0,0.0,0.0,3.0,0.0,0.0,0.0,0.0,0.0,3.0,0.0,0.0,0.0,0.0,0.0,0.0,0.0,0.0,0.0,0.0,0.0,0.0,0.0,0.0,0.0,0.0,0.0,0.0,0.0,0.0,0.0,1.0,1.0,0.0,0.0,1.0,1.0,0.0,0.0,3.0,5.0,4.0,3.0,1.0,0.0,0.0,0.0,0.0,0.0,0.0,0.0,0.0,0.0,0.0,0.0,0.0,0.0,0.0,0.0,0.0,0.0,0.0,0.0,0.0,0.0,2.0,1.0,0.0,0.0,2.0,1.0,0.0,0.0,3.0,6.0,4.0,4.0,1.0
610,1.0,610.0,London_198,,151,453,1092.0,70.0,2.0,168969.0,0.9249373278580606,826.0,100.0,0.0,100.0,170.0,0.0,170.0,35.0,54.0,191.0,31.0,118.0,8.0,41.0,3.0,7.0,7.0,76.0,164.0,206.0,59.0,0.0,0.0,0.0,0.0,0.0,0.0,0.0,0.0,0.0,30.0,0.0,5.0,2.0,19.0,0.0,3.0,0.0,1.0,0.0,30.0,0.0,0.0,0.0,0.0,0.0,0.0,0.0,0.0,0.0,0.0,0.0,0.0,0.0,0.0,0.0,0.0,0.0,0.0,0.0,0.0,1.0,1.0,0.0,0.0,0.0,0.0,0.0,1.0,0.0,2.0,12.0,16.0,6.0,1.0,0.0,0.0,0.0,0.0,0.0,0.0,0.0,0.0,0.0,0.0,0.0,0.0,0.0,0.0,0.0,0.0,0.0,0.0,0.0,0.0,2.0,1.0,0.0,0.0,0.0,0.0,0.0,1.0,0.0,2.0,18.0,19.0,8.0,1.0
611,1.0,611.0,London_198,,151,453,1092.0,70.0,2.0,167610.0,0.44786776998080313,823.0,103.0,2.0,101.0,185.0,16.0,169.0,114.0,57.0,178.0,35.0,113.0,13.0,47.0,5.0,5.0,6.0,69.0,169.0,209.0,60.0,0.0,0.0,0.0,0.0,0.0,0.0,0.0,0.0,0.0,22.0,0.0,8.0,3.0,6.0,0.0,0.0,0.0,5.0,1.0,21.0,0.0,0.0,0.0,0.0,0.0,0.0,0.0,0.0,0.0,0.0,0.0,0.0,0.0,0.0,0.0,0.0,0.0,0.0,0.0,0.0,2.0,1.0,0.0,0.0,0.0,0.0,0.0,2.0,1.0,4.0,13.0,17.0,5.0,2.0,0.0,0.0,0.0,0.0,0.0,0.0,0.0,0.0,0.0,0.0,0.0,0.0,0.0,0.0,0.0,0.0,0.0,0.0,0.0,0.0,2.0,2.0,0.0,0.0,0.0,0.0,0.0,3.0,1.0,4.0,17.0,26.0,6.0,3.0
612,1.0,612.0,London_198,,151,453,1092.0,70.0,2.0,175311.0,0.7869318169541657,840.0,64.0,1.0,63.0,114.0,9.0,105.0,142.0,60.0,178.0,34.0,117.0,14.0,40.0,5.0,5.0,9.0,88.0,160.0,196.0,52.0,0.0,0.0,0.0,0.0,0.0,0.0,0.0,0.0,0.0,18.0,0.0,9.0,0.0,7.0,0.0,1.0,0.0,1.0,1.0,17.0,0.0,0.0,0.0,0.0,0.0,0.0,0.0,0.0,0.0,0.0,0.0,0.0,0.0,0.0,0.0,0.0,0.0,0.0,0.0,0.0,0.0,0.0,1.0,0.0,0.0,0.0,0.0,1.0,0.0,1.0,6.0,11.0,3.0,1.0,0.0,0.0,0.0,0.0,0.0,0.0,0.0,0.0,0.0,0.0,0.0,0.0,0.0,0.0,0.0,0.0,0.0,0.0,0.0,0.0,0.0,0.0,1.0,0.0,0.0,0.0,0.0,1.0,0.0,1.0,7.0,15.0,4.0,2.0
613,1.0,613.0,London_198,,151,453,1092.0,70.0,2.0,193431.0,0.5518838460557163,880.0,69.0,0.0,69.0,120.0,0.0,120.0,75.0,55.0,177.0,30.0,121.0,17.0,39.0,5.0,9.0,9.0,93.0,152.0,199.0,52.0,0.0,0.0,0.0,0.0,0.0,0.0,0.0,0.0,0.0,21.0,0.0,6.0,2.0,10.0,0.0,2.0,0.0,1.0,0.0,21.0,0.0,0.0,0.0,0.0,0.0,0.0,0.0,0.0,0.0,0.0,0.0,0.0,0.0,0.0,0.0,0.0,0.0,0.0,0.0,0.0,2.0,0.0,0.0,0.0,0.0,0.0,0.0,0.0,1.0,1.0,11.0,10.0,0.0,3.0,0.0,0.0,0.0,0.0,0.0,0.0,0.0,0.0,0.0,0.0,0.0,0.0,0.0,0.0,0.0,0.0,0.0,0.0,0.0,0.0,2.0,0.0,0.0,0.0,0.0,0.0,0.0,0.0,1.0,1.0,14.0,15.0,0.0,4.0
614,1.0,614.0,London_198,,151,453,1092.0,70.0,2.0,202491.0,0.5492067970335484,900.0,114.0,2.0,112.0,219.0,18.0,201.0,82.0,62.0,173.0,32.0,116.0,15.0,40.0,5.0,10.0,9.0,92.0,142.0,210.0,53.0,0.0,0.0,0.0,0.0,0.0,0.0,0.0,0.0,0.0,48.0,0.0,17.0,4.0,16.0,1.0,5.0,2.0,3.0,2.0,46.0,0.0,0.0,0.0,0.0,0.0,0.0,0.0,0.0,0.0,0.0,0.0,0.0,0.0,0.0,0.0,0.0,0.0,0.0,0.0,0.0,0.0,1.0,3.0,0.0,0.0,2.0,2.0,1.0,1.0,1.0,11.0,15.0,3.0,3.0,0.0,0.0,0.0,0.0,0.0,0.0,0.0,0.0,0.0,0.0,0.0,0.0,0.0,0.0,0.0,0.0,0.0,0.0,0.0,0.0,0.0,1.0,3.0,0.0,0.0,3.0,3.0,1.0,3.0,1.0,17.0,19.0,7.0,4.0
615,1.0,615.0,London_198,,151,453,1092.0,70.0,2.0,187542.0,0.482285374077037,867.0,109.0,2.0,107.0,214.0,18.0,196.0,125.0,51.0,176.0,40.0,117.0,14.0,41.0,1.0,13.0,9.0,73.0,155.0,216.0,57.0,0.0,0.0,0.0,0.0,0.0,0.0,0.0,0.0,0.0,47.0,0.0,12.0,2.0,25.0,1.0,4.0,0.0,3.0,2.0,45.0,0.0,0.0,0.0,0.0,0.0,0.0,0.0,0.0,0.0,0.0,0.0,0.0,0.0,0.0,1.0,0.0,0.0,0.0,0.0,0.0,0.0,1.0,1.0,0.0,1.0,0.0,2.0,0.0,0.0,2.0,17.0,16.0,2.0,1.0,0.0,0.0,0.0,0.0,0.0,0.0,0.0,0.0,0.0,0.0,0.0,0.0,0.0,0.0,1.0,0.0,0.0,0.0,0.0,0.0,0.0,2.0,1.0,0.0,1.0,0.0,2.0,0.0,0.0,3.0,22.0,23.0,2.0,1.0
616,1.0,616.0,London_198,,151,453,1092.0,70.0,2.0,173046.0,0.7166583288926631,835.0,169.0,0.0,169.0,292.0,0.0,292.0,119.0,52.0,158.0,34.0,137.0,14.0,43.0,3.0,12.0,9.0,64.0,153.0,227.0,52.0,0.0,0.0,0.0,0.0,0.0,0.0,0.0,0.0,0.0,68.0,0.0,12.0,4.0,38.0,0.0,4.0,2.0,8.0,0.0,68.0,0.0,0.0,0.0,0.0,0.0,0.0,0.0,0.0,0.0,0.0,0.0,0.0,0.0,0.0,0.0,0.0,0.0,0.0,0.0,0.0,3.0,2.0,1.0,0.0,5.0,0.0,9.0,1.0,0.0,2.0,20.0,25.0,5.0,7.0,0.0,0.0,0.0,0.0,0.0,0.0,0.0,0.0,0.0,0.0,0.0,0.0,0.0,0.0,0.0,0.0,0.0,0.0,0.0,0.0,3.0,3.0,1.0,0.0,5.0,0.0,13.0,1.0,0.0,2.0,31.0,35.0,5.0,8.0
617,1.0,617.0,London_198,,151,453,1092.0,70.0,2.0,128199.0,0.43609644495882094,736.0,138.0,0.0,138.0,238.0,0.0,238.0,185.0,64.0,158.0,38.0,135.0,12.0,38.0,2.0,6.0,9.0,63.0,169.0,212.0,60.0,0.0,0.0,0.0,0.0,0.0,0.0,0.0,0.0,0.0,15.0,0.0,0.0,0.0,9.0,0.0,6.0,0.0,0.0,0.0,15.0,0.0,0.0,0.0,0.0,0.0,0.0,0.0,0.0,0.0,0.0,0.0,0.0,0.0,0.0,0.0,0.0,0.0,0.0,0.0,0.0,0.0,5.0,2.0,0.0,4.0,0.0,5.0,4.0,5.0,6.0,18.0,35.0,12.0,7.0,0.0,0.0,0.0,0.0,0.0,0.0,0.0,0.0,0.0,0.0,0.0,0.0,0.0,0.0,0.0,0.0,0.0,0.0,0.0,0.0,0.0,8.0,2.0,0.0,4.0,0.0,8.0,5.0,5.0,8.0,31.0,51.0,15.0,10.0
618,1.0,618.0,London_198,,151,453,1092.0,70.0,2.0,84711.0,0.21834268304519355,640.0,24.0,2.0,22.0,53.0,17.0,36.0,216.0,64.0,145.0,37.0,142.0,10.0,41.0,2.0,12.0,9.0,63.0,187.0,194.0,51.0,0.0,0.0,0.0,0.0,0.0,0.0,0.0,0.0,0.0,0.0,0.0,0.0,0.0,0.0,0.0,0.0,0.0,0.0,0.0,0.0,0.0,0.0,0.0,0.0,0.0,0.0,0.0,0.0,0.0,1.0,1.0,0.0,1.0,0.0,1.0,1.0,1.0,0.0,0.0,0.0,1.0,0.0,0.0,0.0,0.0,0.0,1.0,0.0,0.0,1.0,3.0,4.0,3.0,1.0,0.0,0.0,0.0,0.0,0.0,0.0,0.0,0.0,0.0,2.0,4.0,0.0,4.0,0.0,6.0,2.0,8.0,0.0,0.0,0.0,1.0,0.0,0.0,0.0,0.0,0.0,1.0,0.0,0.0,1.0,8.0,4.0,3.0,1.0
619,1.0,619.0,London_198,,151,453,1092.0,70.0,2.0,101472.0,0.2660545059479773,677.0,64.0,0.0,64.0,111.0,0.0,111.0,53.0,65.0,152.0,35.0,139.0,8.0,39.0,2.0,13.0,10.0,55.0,179.0,209.0,49.0,0.0,0.0,0.0,0.0,0.0,0.0,0.0,0.0,0.0,0.0,0.0,0.0,0.0,0.0,0.0,0.0,0.0,0.0,0.0,0.0,0.0,0.0,0.0,0.0,0.0,0.0,0.0,0.0,0.0,0.0,0.0,0.0,0.0,0.0,0.0,0.0,0.0,0.0,0.0,0.0,5.0,6.0,1.0,0.0,0.0,0.0,5.0,8.0,0.0,6.0,18.0,16.0,9.0,0.0,0.0,0.0,0.0,0.0,0.0,0.0,0.0,0.0,0.0,0.0,0.0,0.0,0.0,0.0,0.0,0.0,0.0,0.0,0.0,0.0,6.0,6.0,1.0,0.0,0.0,0.0,6.0,11.0,0.0,9.0,23.0,20.0,13.0,0.0
620,1.0,620.0,London_198,,151,453,1092.0,70.0,2.0,100113.0,0.2601462609600276,674.0,7.0,2.0,5.0,26.0,20.0,6.0,111.0,71.0,167.0,33.0,129.0,9.0,36.0,1.0,7.0,11.0,62.0,201.0,179.0,53.0,0.0,0.0,0.0,0.0,0.0,0.0,0.0,0.0,0.0,0.0,0.0,0.0,0.0,0.0,0.0,0.0,0.0,0.0,0.0,0.0,0.0,0.0,0.0,0.0,0.0,0.0,0.0,0.0,0.0,0.0,0.0,0.0,1.0,0.0,2.0,1.0,0.0,0.0,0.0,0.0,0.0,0.0,0.0,0.0,0.0,0.0,0.0,0.0,0.0,0.0,1.0,1.0,0.0,0.0,0.0,0.0,0.0,0.0,0.0,0.0,0.0,0.0,0.0,0.0,0.0,0.0,1.0,0.0,14.0,4.0,0.0,0.0,0.0,0.0,0.0,0.0,0.0,0.0,0.0,0.0,0.0,0.0,0.0,0.0,1.0,1.0,0.0,0.0
621,1.0,621.0,London_198,,151,453,1092.0,70.0,2.0,135900.0,0.34731462015770376,753.0,73.0,2.0,71.0,139.0,15.0,124.0,26.0,67.0,171.0,35.0,134.0,11.0,27.0,1.0,7.0,7.0,65.0,192.0,189.0,50.0,0.0,0.0,0.0,0.0,0.0,0.0,0.0,0.0,0.0,9.0,0.0,0.0,0.0,6.0,0.0,0.0,0.0,3.0,1.0,8.0,0.0,0.0,0.0,0.0,0.0,0.0,0.0,0.0,0.0,0.0,0.0,0.0,0.0,0.0,0.0,1.0,0.0,0.0,0.0,0.0,0.0,4.0,1.0,0.0,1.0,0.0,6.0,1.0,0.0,4.0,6.0,18.0,11.0,2.0,0.0,0.0,0.0,0.0,0.0,0.0,0.0,0.0,0.0,0.0,0.0,0.0,0.0,0.0,0.0,1.0,0.0,0.0,0.0,0.0,0.0,5.0,1.0,0.0,1.0,0.0,8.0,1.0,0.0,6.0,10.0,21.0,13.0,2.0
622,1.0,622.0,London_198,,151,453,1092.0,70.0,2.0,139977.0,0.4197643909137696,762.0,114.0,1.0,113.0,202.0,9.0,193.0,118.0,68.0,168.0,42.0,123.0,12.0,32.0,2.0,6.0,6.0,52.0,180.0,215.0,57.0,0.0,0.0,0.0,0.0,0.0,0.0,0.0,0.0,0.0,22.0,0.0,0.0,0.0,20.0,0.0,1.0,1.0,0.0,1.0,21.0,0.0,0.0,0.0,0.0,0.0,0.0,0.0,0.0,0.0,0.0,0.0,0.0,0.0,0.0,0.0,0.0,0.0,0.0,0.0,0.0,1.0,3.0,1.0,0.0,3.0,0.0,6.0,4.0,0.0,7.0,14.0,22.0,6.0,7.0,0.0,0.0,0.0,0.0,0.0,0.0,0.0,0.0,0.0,0.0,0.0,0.0,0.0,0.0,0.0,0.0,0.0,0.0,0.0,0.0,1.0,3.0,1.0,0.0,3.0,0.0,9.0,6.0,0.0,9.0,24.0,28.0,6.0,11.0
623,1.0,623.0,London_198,,151,453,1092.0,70.0,2.0,124122.0,0.714352693175897,727.0,57.0,1.0,56.0,110.0,8.0,102.0,162.0,58.0,179.0,33.0,128.0,9.0,36.0,2.0,8.0,7.0,64.0,170.0,212.0,50.0,0.0,0.0,0.0,0.0,0.0,0.0,0.0,0.0,0.0,9.0,0.0,0.0,0.0,3.0,0.0,1.0,2.0,3.0,0.0,9.0,0.0,0.0,0.0,0.0,0.0,0.0,0.0,0.0,0.0,0.0,0.0,0.0,0.0,0.0,1.0,0.0,0.0,0.0,0.0,0.0,0.0,0.0,0.0,0.0,4.0,0.0,4.0,2.0,0.0,2.0,11.0,10.0,4.0,4.0,0.0,0.0,0.0,0.0,0.0,0.0,0.0,0.0,0.0,0.0,0.0,0.0,0.0,0.0,5.0,0.0,0.0,0.0,0.0,0.0,0.0,0.0,0.0,0.0,4.0,0.0,7.0,4.0,0.0,2.0,18.0,15.0,6.0,7.0
624,1.0,624.0,London_198,,151,453,1092.0,70.0,2.0,137712.0,0.41737450612708926,757.0,16.0,0.0,16.0,30.0,0.0,30.0,96.0,58.0,167.0,35.0,132.0,13.0,41.0,1.0,6.0,8.0,69.0,159.0,217.0,56.0,0.0,0.0,0.0,0.0,0.0,0.0,0.0,0.0,0.0,6.0,0.0,1.0,0.0,5.0,0.0,0.0,0.0,0.0,0.0,6.0,0.0,0.0,0.0,0.0,0.0,0.0,0.0,0.0,0.0,0.0,0.0,0.0,0.0,0.0,0.0,0.0,0.0,0.0,0.0,0.0,0.0,0.0,0.0,1.0,0.0,0.0,0.0,0.0,0.0,1.0,4.0,3.0,1.0,0.0,0.0,0.0,0.0,0.0,0.0,0.0,0.0,0.0,0.0,0.0,0.0,0.0,0.0,0.0,0.0,0.0,0.0,0.0,0.0,0.0,0.0,0.0,0.0,1.0,0.0,0.0,0.0,0.0,0.0,1.0,6.0,3.0,1.0,0.0
625,1.0,625.0,London_198,,151,453,1092.0,70.0,2.0,176217.0,0.5919667258858681,842.0,52.0,2.0,50.0,98.0,19.0,79.0,22.0,59.0,172.0,37.0,123.0,13.0,41.0,1.0,7.0,9.0,73.0,160.0,211.0,56.0,0.0,0.0,0.0,0.0,0.0,0.0,0.0,0.0,0.0,17.0,0.0,6.0,1.0,5.0,2.0,2.0,0.0,1.0,2.0,15.0,0.0,0.0,0.0,0.0,0.0,0.0,0.0,0.0,0.0,0.0,0.0,0.0,0.0,0.0,0.0,0.0,0.0,0.0,0.0,0.0,0.0,0.0,0.0,0.0,0.0,0.0,1.0,0.0,0.0,4.0,16.0,6.0,3.0,0.0,0.0,0.0,0.0,0.0,0.0,0.0,0.0,0.0,0.0,0.0,0.0,0.0,0.0,0.0,0.0,0.0,0.0,0.0,0.0,0.0,0.0,0.0,0.0,0.0,0.0,0.0,1.0,0.0,0.0,5.0,19.0,10.0,4.0,0.0
626,1.0,626.0,London_198,,151,453,1092.0,70.0,2.0,208833.0,0.5906177631113678,914.0,125.0,0.0,125.0,212.0,0.0,212.0,61.0,58.0,163.0,38.0,130.0,10.0,46.0,1.0,7.0,10.0,66.0,161.0,216.0,56.0,0.0,0.0,0.0,0.0,0.0,0.0,0.0,0.0,0.0,58.0,0.0,23.0,3.0,25.0,0.0,5.0,0.0,2.0,0.0,58.0,0.0,0.0,0.0,0.0,0.0,0.0,0.0,0.0,0.0,0.0,0.0,0.0,0.0,0.0,0.0,0.0,0.0,0.0,0.0,0.0,0.0,0.0,0.0,0.0,0.0,0.0,0.0,0.0,0.0,5.0,16.0,25.0,4.0,1.0,0.0,0.0,0.0,0.0,0.0,0.0,0.0,0.0,0.0,0.0,0.0,0.0,0.0,0.0,0.0,0.0,0.0,0.0,0.0,0.0,0.0,0.0,0.0,0.0,0.0,0.0,0.0,0.0,0.0,5.0,21.0,36.0,6.0,1.0
627,1.0,627.0,London_198,,151,453,1092.0,70.0,2.0,199773.0,0.5027126639615744,894.0,94.0,0.0,94.0,152.0,0.0,152.0,116.0,56.0,164.0,38.0,128.0,12.0,51.0,0.0,4.0,8.0,65.0,168.0,212.0,56.0,0.0,0.0,0.0,0.0,0.0,0.0,0.0,0.0,0.0,43.0,3.0,10.0,3.0,17.0,0.0,6.0,0.0,4.0,0.0,43.0,0.0,0.0,0.0,0.0,0.0,0.0,0.0,0.0,0.0,0.0,0.0,0.0,0.0,0.0,0.0,0.0,0.0,0.0,0.0,0.0,1.0,0.0,0.0,0.0,0.0,0.0,2.0,0.0,0.0,0.0,6.0,9.0,1.0,2.0,0.0,0.0,0.0,0.0,0.0,0.0,0.0,0.0,0.0,0.0,0.0,0.0,0.0,0.0,0.0,0.0,0.0,0.0,0.0,0.0,1.0,0.0,0.0,0.0,0.0,0.0,4.0,0.0,0.0,0.0,9.0,12.0,1.0,2.0
628,1.0,628.0,London_198,,151,453,1092.0,70.0,2.0,207927.0,0.4707667650654912,912.0,121.0,2.0,119.0,223.0,17.0,206.0,85.0,55.0,168.0,35.0,129.0,10.0,48.0,1.0,7.0,10.0,82.0,151.0,210.0,60.0,0.0,0.0,0.0,0.0,0.0,0.0,0.0,0.0,0.0,52.0,3.0,21.0,5.0,16.0,1.0,4.0,0.0,2.0,2.0,50.0,0.0,0.0,0.0,0.0,0.0,0.0,0.0,0.0,0.0,0.0,0.0,0.0,0.0,1.0,0.0,0.0,0.0,0.0,0.0,0.0,0.0,0.0,0.0,0.0,0.0,0.0,0.0,1.0,0.0,0.0,13.0,12.0,5.0,2.0,0.0,0.0,0.0,0.0,0.0,0.0,0.0,0.0,0.0,0.0,0.0,0.0,0.0,5.0,0.0,0.0,0.0,0.0,0.0,0.0,0.0,0.0,0.0,0.0,0.0,0.0,0.0,1.0,0.0,0.0,17.0,19.0,8.0,2.0
629,1.0,629.0,London_198,,151,453,1092.0,70.0,2.0,199320.0,0.5087021780200303,893.0,131.0,2.0,129.0,237.0,18.0,219.0,132.0,60.0,186.0,27.0,121.0,9.0,40.0,1.0,9.0,5.0,77.0,155.0,216.0,60.0,0.0,0.0,0.0,0.0,0.0,0.0,0.0,0.0,0.0,54.0,0.0,20.0,2.0,28.0,0.0,3.0,0.0,1.0,2.0,52.0,0.0,0.0,0.0,0.0,0.0,0.0,0.0,0.0,0.0,0.0,0.0,0.0,0.0,0.0,0.0,0.0,0.0,0.0,0.0,0.0,0.0,0.0,1.0,0.0,0.0,1.0,1.0,2.0,0.0,3.0,18.0,16.0,1.0,1.0,0.0,0.0,0.0,0.0,0.0,0.0,0.0,0.0,0.0,0.0,0.0,0.0,0.0,0.0,0.0,0.0,0.0,0.0,0.0,0.0,0.0,0.0,1.0,0.0,0.0,1.0,2.0,2.0,0.0,3.0,25.0,24.0,1.0,1.0
630,1.0,630.0,London_198,,151,453,1092.0,70.0,2.0,171234.0,0.8044772371649742,831.0,107.0,2.0,105.0,201.0,18.0,183.0,133.0,63.0,194.0,27.0,120.0,8.0,31.0,1.0,9.0,6.0,68.0,148.0,231.0,62.0,0.0,0.0,0.0,0.0,0.0,0.0,0.0,0.0,0.0,31.0,4.0,13.0,1.0,11.0,0.0,1.0,0.0,1.0,2.0,29.0,0.0,0.0,0.0,0.0,0.0,0.0,0.0,0.0,0.0,0.0,0.0,0.0,0.0,0.0,1.0,0.0,0.0,0.0,0.0,0.0,1.0,0.0,1.0,1.0,0.0,0.0,1.0,0.0,1.0,1.0,11.0,18.0,3.0,1.0,0.0,0.0,0.0,0.0,0.0,0.0,0.0,0.0,0.0,0.0,0.0,0.0,0.0,0.0,4.0,0.0,0.0,0.0,0.0,0.0,1.0,0.0,1.0,1.0,0.0,0.0,1.0,0.0,1.0,1.0,14.0,30.0,4.0,1.0
631,1.0,631.0,London_198,,151,453,1092.0,70.0,2.0,158097.0,0.45368948113173246,802.0,94.0,0.0,94.0,175.0,0.0,175.0,143.0,62.0,178.0,26.0,137.0,8.0,32.0,1.0,9.0,5.0,73.0,147.0,228.0,51.0,0.0,0.0,0.0,0.0,0.0,0.0,0.0,0.0,0.0,31.0,0.0,14.0,0.0,14.0,1.0,1.0,0.0,1.0,0.0,31.0,0.0,0.0,0.0,0.0,0.0,0.0,0.0,0.0,0.0,0.0,0.0,0.0,0.0,0.0,0.0,0.0,0.0,0.0,0.0,0.0,0.0,0.0,0.0,0.0,0.0,0.0,4.0,3.0,4.0,3.0,13.0,11.0,11.0,1.0,0.0,0.0,0.0,0.0,0.0,0.0,0.0,0.0,0.0,0.0,0.0,0.0,0.0,0.0,0.0,0.0,0.0,0.0,0.0,0.0,0.0,0.0,0.0,0.0,0.0,0.0,5.0,5.0,5.0,3.0,19.0,16.0,13.0,2.0
632,1.0,632.0,London_198,,151,453,1092.0,70.0,2.0,145413.0,0.5156161929480731,774.0,90.0,1.0,89.0,165.0,11.0,154.0,119.0,52.0,186.0,32.0,129.0,6.0,38.0,1.0,9.0,3.0,90.0,153.0,207.0,59.0,0.0,0.0,0.0,0.0,0.0,0.0,0.0,0.0,0.0,21.0,0.0,3.0,0.0,14.0,1.0,0.0,1.0,2.0,1.0,20.0,0.0,0.0,0.0,0.0,0.0,0.0,0.0,0.0,0.0,0.0,0.0,0.0,0.0,0.0,1.0,0.0,0.0,0.0,0.0,0.0,1.0,2.0,1.0,0.0,1.0,1.0,4.0,2.0,3.0,4.0,14.0,15.0,8.0,11.0,0.0,0.0,0.0,0.0,0.0,0.0,0.0,0.0,0.0,0.0,0.0,0.0,0.0,0.0,3.0,0.0,0.0,0.0,0.0,0.0,1.0,4.0,1.0,0.0,1.0,1.0,6.0,2.0,4.0,5.0,18.0,23.0,9.0,16.0
633,1.0,633.0,London_198,,151,453,1092.0,70.0,2.0,137259.0,0.4782697851769626,756.0,94.0,1.0,93.0,174.0,10.0,164.0,127.0,48.0,173.0,34.0,143.0,7.0,37.0,2.0,9.0,7.0,91.0,147.0,208.0,55.0,0.0,0.0,0.0,0.0,0.0,0.0,0.0,0.0,0.0,22.0,0.0,1.0,1.0,13.0,1.0,0.0,2.0,4.0,1.0,21.0,0.0,0.0,0.0,0.0,0.0,0.0,0.0,0.0,0.0,0.0,0.0,0.0,0.0,1.0,0.0,0.0,0.0,0.0,0.0,0.0,1.0,1.0,1.0,1.0,1.0,0.0,4.0,1.0,4.0,4.0,14.0,19.0,9.0,6.0,0.0,0.0,0.0,0.0,0.0,0.0,0.0,0.0,0.0,0.0,0.0,0.0,0.0,1.0,0.0,0.0,0.0,0.0,0.0,0.0,1.0,2.0,1.0,4.0,1.0,0.0,5.0,1.0,4.0,4.0,21.0,26.0,10.0,10.0
634,1.0,634.0,London_198,,151,453,1092.0,70.0,2.0,125028.0,0.7060101060196757,729.0,90.0,0.0,90.0,162.0,0.0,162.0,135.0,48.0,177.0,33.0,143.0,7.0,33.0,3.0,9.0,6.0,90.0,137.0,220.0,54.0,0.0,0.0,0.0,0.0,0.0,0.0,0.0,0.0,0.0,13.0,0.0,0.0,0.0,11.0,0.0,0.0,0.0,2.0,0.0,13.0,0.0,0.0,0.0,0.0,0.0,0.0,0.0,0.0,0.0,0.0,0.0,0.0,0.0,0.0,0.0,0.0,0.0,0.0,0.0,0.0,0.0,0.0,1.0,0.0,1.0,0.0,2.0,4.0,3.0,1.0,16.0,13.0,8.0,5.0,0.0,0.0,0.0,0.0,0.0,0.0,0.0,0.0,0.0,0.0,0.0,0.0,0.0,0.0,0.0,0.0,0.0,0.0,0.0,0.0,0.0,0.0,1.0,0.0,1.0,0.0,2.0,4.0,6.0,1.0,24.0,16.0,10.0,7.0
635,1.0,635.0,London_198,,151,453,1092.0,70.0,2.0,110985.0,0.377196507062763,698.0,60.0,0.0,60.0,108.0,0.0,108.0,145.0,55.0,171.0,34.0,136.0,10.0,32.0,3.0,12.0,7.0,96.0,148.0,202.0,58.0,0.0,0.0,0.0,0.0,0.0,0.0,0.0,0.0,0.0,0.0,0.0,0.0,0.0,0.0,0.0,0.0,0.0,0.0,0.0,0.0,0.0,0.0,0.0,0.0,0.0,0.0,0.0,0.0,0.0,0.0,0.0,0.0,0.0,0.0,0.0,0.0,0.0,0.0,0.0,0.0,1.0,3.0,0.0,0.0,1.0,0.0,9.0,1.0,2.0,3.0,15.0,11.0,8.0,4.0,0.0,0.0,0.0,0.0,0.0,0.0,0.0,0.0,0.0,0.0,0.0,0.0,0.0,0.0,0.0,0.0,0.0,0.0,0.0,0.0,1.0,4.0,0.0,0.0,1.0,0.0,11.0,1.0,3.0,4.0,25.0,16.0,10.0,6.0
636,1.0,636.0,London_198,,151,453,1092.0,70.0,2.0,118233.0,0.3993807469960302,714.0,28.0,2.0,26.0,72.0,19.0,53.0,108.0,69.0,165.0,28.0,131.0,10.0,37.0,2.0,11.0,7.0,93.0,142.0,211.0,64.0,0.0,0.0,0.0,0.0,0.0,0.0,0.0,0.0,0.0,6.0,0.0,0.0,0.0,4.0,0.0,2.0,0.0,0.0,2.0,4.0,0.0,0.0,0.0,0.0,0.0,0.0,0.0,0.0,0.0,0.0,0.0,0.0,0.0,1.0,0.0,0.0,0.0,0.0,0.0,0.0,0.0,2.0,0.0,0.0,0.0,0.0,2.0,2.0,2.0,1.0,6.0,6.0,1.0,2.0,0.0,0.0,0.0,0.0,0.0,0.0,0.0,0.0,0.0,0.0,0.0,0.0,0.0,1.0,0.0,0.0,0.0,0.0,0.0,0.0,0.0,2.0,0.0,0.0,0.0,0.0,3.0,2.0,3.0,1.0,7.0,11.0,1.0,2.0
637,1.0,637.0,London_198,,151,453,1092.0,70.0,2.0,145866.0,0.5343798229005188,775.0,98.0,1.0,97.0,185.0,10.0,175.0,49.0,69.0,164.0,32.0,129.0,13.0,33.0,2.0,11.0,7.0,94.0,139.0,213.0,63.0,0.0,0.0,0.0,0.0,0.0,0.0,0.0,0.0,0.0,19.0,0.0,1.0,0.0,13.0,0.0,1.0,0.0,4.0,0.0,19.0,0.0,0.0,0.0,0.0,0.0,0.0,0.0,0.0,0.0,0.0,0.0,0.0,0.0,0.0,0.0,0.0,0.0,0.0,0.0,0.0,0.0,1.0,0.0,0.0,0.0,0.0,4.0,1.0,0.0,4.0,20.0,23.0,11.0,2.0,0.0,0.0,0.0,0.0,0.0,0.0,0.0,0.0,0.0,0.0,0.0,0.0,0.0,0.0,0.0,0.0,0.0,0.0,0.0,0.0,0.0,1.0,0.0,0.0,0.0,0.0,4.0,1.0,0.0,4.0,29.0,34.0,15.0,4.0
638,1.0,638.0,London_198,,151,453,1092.0,70.0,2.0,136806.0,0.46188035095110536,755.0,2.0,0.0,2.0,5.0,0.0,5.0,157.0,63.0,168.0,30.0,125.0,11.0,42.0,3.0,11.0,11.0,79.0,149.0,214.0,63.0,0.0,0.0,0.0,0.0,0.0,0.0,0.0,0.0,0.0,1.0,0.0,0.0,0.0,1.0,0.0,0.0,0.0,0.0,0.0,1.0,0.0,0.0,0.0,0.0,0.0,0.0,0.0,0.0,0.0,0.0,0.0,0.0,0.0,0.0,0.0,0.0,0.0,0.0,0.0,0.0,0.0,0.0,0.0,0.0,0.0,0.0,0.0,0.0,0.0,0.0,0.0,0.0,0.0,0.0,0.0,0.0,0.0,0.0,0.0,0.0,0.0,0.0,0.0,0.0,0.0,0.0,0.0,0.0,0.0,0.0,0.0,0.0,0.0,0.0,0.0,0.0,0.0,0.0,0.0,0.0,0.0,0.0,0.0,0.0,0.0,0.0,0.0,0.0
639,1.0,639.0,London_198,,151,453,1092.0,70.0,2.0,180294.0,0.5818905611522496,851.0,118.0,0.0,118.0,192.0,0.0,192.0,3.0,63.0,169.0,27.0,126.0,11.0,43.0,3.0,11.0,11.0,79.0,149.0,214.0,64.0,0.0,0.0,0.0,0.0,0.0,0.0,0.0,0.0,0.0,38.0,0.0,9.0,4.0,19.0,1.0,1.0,0.0,4.0,0.0,38.0,0.0,0.0,0.0,0.0,0.0,0.0,0.0,0.0,0.0,0.0,0.0,0.0,0.0,0.0,0.0,0.0,0.0,0.0,0.0,0.0,0.0,0.0,0.0,0.0,0.0,0.0,1.0,1.0,0.0,2.0,16.0,19.0,2.0,1.0,0.0,0.0,0.0,0.0,0.0,0.0,0.0,0.0,0.0,0.0,0.0,0.0,0.0,0.0,0.0,0.0,0.0,0.0,0.0,0.0,0.0,0.0,0.0,0.0,0.0,0.0,1.0,2.0,0.0,2.0,24.0,25.0,3.0,1.0
640,1.0,640.0,London_198,,151,453,1092.0,70.0,2.0,157644.0,0.489416419994086,801.0,61.0,1.0,60.0,115.0,11.0,104.0,134.0,70.0,181.0,25.0,107.0,7.0,46.0,6.0,11.0,9.0,77.0,151.0,216.0,63.0,0.0,0.0,0.0,0.0,0.0,0.0,0.0,0.0,0.0,22.0,0.0,2.0,4.0,11.0,1.0,2.0,0.0,2.0,1.0,21.0,0.0,0.0,0.0,0.0,0.0,0.0,0.0,0.0,0.0,0.0,0.0,0.0,0.0,0.0,1.0,0.0,0.0,0.0,0.0,0.0,1.0,0.0,0.0,0.0,0.0,0.0,2.0,1.0,0.0,3.0,7.0,7.0,4.0,1.0,0.0,0.0,0.0,0.0,0.0,0.0,0.0,0.0,0.0,0.0,0.0,0.0,0.0,0.0,3.0,0.0,0.0,0.0,0.0,0.0,1.0,0.0,0.0,0.0,0.0,0.0,2.0,1.0,0.0,4.0,9.0,9.0,4.0,1.0
641,1.0,641.0,London_198,,151,453,1092.0,70.0,2.0,165345.0,0.7573822860140353,818.0,92.0,0.0,92.0,155.0,0.0,155.0,79.0,62.0,180.0,30.0,113.0,11.0,42.0,4.0,11.0,12.0,81.0,141.0,219.0,65.0,0.0,0.0,0.0,0.0,0.0,0.0,0.0,0.0,0.0,29.0,0.0,5.0,0.0,20.0,0.0,1.0,0.0,3.0,0.0,29.0,0.0,0.0,0.0,0.0,0.0,0.0,0.0,0.0,0.0,0.0,0.0,0.0,0.0,0.0,0.0,0.0,0.0,0.0,0.0,0.0,1.0,2.0,1.0,0.0,0.0,0.0,1.0,2.0,1.0,2.0,12.0,14.0,2.0,4.0,0.0,0.0,0.0,0.0,0.0,0.0,0.0,0.0,0.0,0.0,0.0,0.0,0.0,0.0,0.0,0.0,0.0,0.0,0.0,0.0,2.0,2.0,1.0,0.0,0.0,0.0,1.0,3.0,1.0,4.0,18.0,17.0,2.0,5.0
642,1.0,642.0,London_198,,151,453,1092.0,70.0,2.0,160815.0,0.4373622399289161,808.0,102.0,2.0,100.0,192.0,19.0,173.0,104.0,67.0,176.0,31.0,121.0,14.0,33.0,3.0,8.0,11.0,92.0,135.0,215.0,57.0,0.0,0.0,0.0,0.0,0.0,0.0,0.0,0.0,0.0,32.0,0.0,5.0,3.0,18.0,0.0,4.0,0.0,2.0,2.0,30.0,0.0,0.0,0.0,0.0,0.0,0.0,0.0,0.0,0.0,0.0,0.0,0.0,0.0,0.0,0.0,0.0,0.0,0.0,0.0,0.0,0.0,1.0,1.0,0.0,0.0,1.0,0.0,2.0,2.0,2.0,15.0,12.0,5.0,3.0,0.0,0.0,0.0,0.0,0.0,0.0,0.0,0.0,0.0,0.0,0.0,0.0,0.0,0.0,0.0,0.0,0.0,0.0,0.0,0.0,0.0,1.0,1.0,0.0,0.0,2.0,0.0,2.0,3.0,2.0,19.0,18.0,5.0,5.0
643,1.0,643.0,London_198,,151,453,1092.0,70.0,2.0,156738.0,0.5768428519368172,799.0,110.0,2.0,108.0,215.0,19.0,196.0,123.0,63.0,178.0,23.0,131.0,15.0,29.0,4.0,10.0,10.0,92.0,141.0,210.0,57.0,0.0,0.0,0.0,0.0,0.0,0.0,0.0,0.0,0.0,33.0,0.0,10.0,5.0,13.0,1.0,1.0,0.0,3.0,2.0,31.0,0.0,0.0,0.0,0.0,0.0,0.0,0.0,0.0,0.0,0.0,0.0,0.0,0.0,0.0,1.0,0.0,0.0,0.0,0.0,0.0,0.0,0.0,1.0,0.0,0.0,0.0,1.0,1.0,2.0,3.0,14.0,19.0,8.0,2.0,0.0,0.0,0.0,0.0,0.0,0.0,0.0,0.0,0.0,0.0,0.0,0.0,0.0,0.0,1.0,0.0,0.0,0.0,0.0,0.0,0.0,0.0,1.0,0.0,0.0,0.0,1.0,1.0,3.0,4.0,24.0,27.0,10.0,4.0
644,1.0,644.0,London_198,,151,453,1092.0,70.0,2.0,151755.0,0.4761706627905369,788.0,130.0,1.0,129.0,239.0,10.0,229.0,156.0,61.0,174.0,31.0,133.0,9.0,32.0,5.0,8.0,5.0,92.0,143.0,213.0,61.0,0.0,0.0,0.0,0.0,0.0,0.0,0.0,0.0,0.0,25.0,0.0,6.0,3.0,11.0,0.0,0.0,0.0,5.0,1.0,24.0,0.0,0.0,0.0,0.0,0.0,0.0,0.0,0.0,0.0,0.0,0.0,0.0,0.0,0.0,0.0,0.0,0.0,0.0,0.0,0.0,1.0,0.0,0.0,1.0,0.0,0.0,4.0,4.0,2.0,9.0,17.0,25.0,7.0,3.0,0.0,0.0,0.0,0.0,0.0,0.0,0.0,0.0,0.0,0.0,0.0,0.0,0.0,0.0,0.0,0.0,0.0,0.0,0.0,0.0,1.0,0.0,0.0,1.0,0.0,0.0,7.0,4.0,3.0,10.0,25.0,41.0,8.0,5.0
645,1.0,645.0,London_198,,151,453,1092.0,70.0,2.0,119139.0,0.39013482886366546,716.0,11.0,0.0,11.0,19.0,0.0,19.0,190.0,48.0,187.0,31.0,127.0,6.0,39.0,5.0,10.0,8.0,92.0,142.0,211.0,69.0,0.0,0.0,0.0,0.0,0.0,0.0,0.0,0.0,0.0,0.0,0.0,0.0,0.0,0.0,0.0,0.0,0.0,0.0,0.0,0.0,0.0,0.0,0.0,0.0,0.0,0.0,0.0,0.0,0.0,0.0,0.0,0.0,0.0,0.0,0.0,0.0,0.0,0.0,0.0,0.0,1.0,1.0,0.0,0.0,0.0,0.0,1.0,0.0,2.0,0.0,3.0,2.0,0.0,2.0,0.0,0.0,0.0,0.0,0.0,0.0,0.0,0.0,0.0,0.0,0.0,0.0,0.0,0.0,0.0,0.0,0.0,0.0,0.0,0.0,1.0,1.0,0.0,0.0,0.0,0.0,2.0,0.0,3.0,0.0,4.0,3.0,0.0,3.0
646,1.0,646.0,London_198,,151,453,1092.0,70.0,2.0,144054.0,0.3864984391257167,771.0,28.0,0.0,28.0,54.0,0.0,54.0,19.0,51.0,185.0,28.0,127.0,5.0,40.0,5.0,12.0,9.0,95.0,142.0,207.0,71.0,0.0,0.0,0.0,0.0,0.0,0.0,0.0,0.0,0.0,2.0,0.0,0.0,0.0,2.0,0.0,0.0,0.0,0.0,0.0,2.0,0.0,0.0,0.0,0.0,0.0,0.0,0.0,0.0,0.0,0.0,0.0,0.0,0.0,0.0,0.0,0.0,0.0,0.0,0.0,0.0,0.0,0.0,0.0,0.0,0.0,0.0,1.0,2.0,0.0,0.0,6.0,5.0,3.0,0.0,0.0,0.0,0.0,0.0,0.0,0.0,0.0,0.0,0.0,0.0,0.0,0.0,0.0,0.0,0.0,0.0,0.0,0.0,0.0,0.0,0.0,0.0,0.0,0.0,0.0,0.0,1.0,3.0,0.0,0.0,10.0,6.0,3.0,0.0
647,1.0,647.0,London_198,,151,453,1092.0,70.0,2.0,171234.0,0.43770618201233447,831.0,128.0,0.0,128.0,219.0,0.0,219.0,51.0,52.0,179.0,35.0,125.0,6.0,42.0,4.0,10.0,12.0,93.0,143.0,205.0,69.0,0.0,0.0,0.0,0.0,0.0,0.0,0.0,0.0,0.0,39.0,0.0,15.0,5.0,13.0,0.0,0.0,0.0,6.0,0.0,39.0,0.0,0.0,0.0,0.0,0.0,0.0,0.0,0.0,0.0,0.0,0.0,0.0,0.0,0.0,0.0,0.0,0.0,0.0,0.0,0.0,2.0,0.0,0.0,0.0,0.0,1.0,2.0,3.0,1.0,4.0,13.0,25.0,13.0,3.0,0.0,0.0,0.0,0.0,0.0,0.0,0.0,0.0,0.0,0.0,0.0,0.0,0.0,0.0,0.0,0.0,0.0,0.0,0.0,0.0,2.0,0.0,0.0,0.0,0.0,2.0,2.0,3.0,1.0,5.0,21.0,30.0,14.0,4.0
648,1.0,648.0,London_198,,151,453,1092.0,70.0,2.0,144054.0,0.6681227700319141,771.0,101.0,1.0,100.0,178.0,10.0,168.0,157.0,49.0,184.0,25.0,131.0,8.0,40.0,5.0,11.0,12.0,84.0,156.0,201.0,70.0,0.0,0.0,0.0,0.0,0.0,0.0,0.0,0.0,0.0,16.0,0.0,7.0,1.0,6.0,0.0,0.0,0.0,2.0,1.0,15.0,0.0,0.0,0.0,0.0,0.0,0.0,0.0,0.0,0.0,0.0,0.0,0.0,0.0,0.0,1.0,0.0,0.0,0.0,0.0,0.0,4.0,0.0,1.0,0.0,0.0,1.0,0.0,2.0,1.0,4.0,13.0,23.0,10.0,2.0,0.0,0.0,0.0,0.0,0.0,0.0,0.0,0.0,0.0,0.0,0.0,0.0,0.0,0.0,7.0,0.0,0.0,0.0,0.0,0.0,4.0,0.0,1.0,0.0,0.0,2.0,0.0,2.0,1.0,4.0,20.0,36.0,12.0,4.0
649,1.0,649.0,London_198,,151,453,1092.0,70.0,2.0,137712.0,0.307408413849771,757.0,65.0,2.0,63.0,125.0,19.0,106.0,149.0,60.0,169.0,33.0,136.0,9.0,41.0,3.0,2.0,9.0,85.0,161.0,198.0,52.0,0.0,0.0,0.0,0.0,0.0,0.0,0.0,0.0,0.0,10.0,0.0,1.0,1.0,7.0,0.0,1.0,0.0,0.0,2.0,8.0,0.0,0.0,0.0,0.0,0.0,0.0,0.0,0.0,0.0,0.0,1.0,0.0,0.0,0.0,0.0,0.0,0.0,0.0,0.0,0.0,1.0,1.0,1.0,0.0,1.0,0.0,0.0,0.0,0.0,0.0,10.0,13.0,1.0,4.0,0.0,0.0,0.0,0.0,0.0,0.0,0.0,0.0,0.0,0.0,1.0,0.0,0.0,0.0,0.0,0.0,0.0,0.0,0.0,0.0,1.0,1.0,1.0,0.0,1.0,0.0,0.0,0.0,0.0,0.0,13.0,17.0,1.0,7.0
650,1.0,650.0,London_198,,151,453,1092.0,70.0,2.0,154473.0,0.771298506995663,794.0,121.0,2.0,119.0,223.0,18.0,205.0,102.0,60.0,180.0,32.0,120.0,10.0,41.0,5.0,5.0,5.0,75.0,166.0,207.0,48.0,0.0,0.0,0.0,0.0,0.0,0.0,0.0,0.0,0.0,32.0,0.0,6.0,6.0,17.0,0.0,3.0,0.0,0.0,1.0,31.0,0.0,0.0,0.0,0.0,0.0,0.0,0.0,0.0,0.0,0.0,0.0,0.0,0.0,0.0,0.0,0.0,0.0,0.0,0.0,0.0,1.0,1.0,3.0,0.0,0.0,0.0,3.0,0.0,1.0,3.0,17.0,24.0,7.0,6.0,0.0,0.0,0.0,0.0,0.0,0.0,0.0,0.0,0.0,0.0,0.0,0.0,0.0,0.0,0.0,0.0,0.0,0.0,0.0,0.0,1.0,1.0,3.0,0.0,0.0,0.0,4.0,0.0,1.0,3.0,28.0,37.0,8.0,9.0
651,1.0,651.0,London_198,,151,453,1092.0,70.0,2.0,138618.0,0.4820158330257982,759.0,42.0,0.0,42.0,67.0,0.0,67.0,163.0,70.0,167.0,29.0,129.0,9.0,35.0,6.0,8.0,6.0,87.0,157.0,203.0,48.0,0.0,0.0,0.0,0.0,0.0,0.0,0.0,0.0,0.0,2.0,0.0,0.0,0.0,2.0,0.0,0.0,0.0,0.0,0.0,2.0,0.0,0.0,0.0,0.0,0.0,0.0,0.0,0.0,0.0,0.0,0.0,0.0,0.0,0.0,0.0,0.0,0.0,0.0,0.0,0.0,0.0,0.0,0.0,1.0,1.0,0.0,1.0,1.0,1.0,1.0,4.0,6.0,6.0,0.0,0.0,0.0,0.0,0.0,0.0,0.0,0.0,0.0,0.0,0.0,0.0,0.0,0.0,0.0,0.0,0.0,0.0,0.0,0.0,0.0,0.0,0.0,0.0,2.0,1.0,0.0,2.0,1.0,2.0,1.0,7.0,8.0,10.0,0.0
652,1.0,652.0,London_198,,151,453,1092.0,70.0,2.0,168063.0,0.6365285301581025,824.0,21.0,0.0,21.0,34.0,0.0,34.0,64.0,69.0,160.0,27.0,137.0,10.0,36.0,6.0,8.0,7.0,88.0,153.0,205.0,42.0,0.0,0.0,0.0,0.0,0.0,0.0,0.0,0.0,0.0,7.0,0.0,1.0,0.0,5.0,0.0,0.0,0.0,1.0,0.0,7.0,0.0,0.0,0.0,0.0,0.0,0.0,0.0,0.0,0.0,0.0,0.0,0.0,0.0,0.0,0.0,0.0,0.0,0.0,0.0,0.0,0.0,0.0,0.0,0.0,0.0,0.0,1.0,0.0,0.0,0.0,2.0,5.0,3.0,0.0,0.0,0.0,0.0,0.0,0.0,0.0,0.0,0.0,0.0,0.0,0.0,0.0,0.0,0.0,0.0,0.0,0.0,0.0,0.0,0.0,0.0,0.0,0.0,0.0,0.0,0.0,1.0,0.0,0.0,0.0,2.0,7.0,3.0,0.0
653,1.0,653.0,London_198,,151,453,1092.0,70.0,2.0,200226.0,0.6237589931115508,895.0,133.0,2.0,131.0,247.0,16.0,231.0,23.0,67.0,154.0,27.0,144.0,10.0,37.0,7.0,7.0,7.0,84.0,158.0,204.0,43.0,0.0,0.0,0.0,0.0,0.0,0.0,0.0,0.0,0.0,57.0,0.0,19.0,6.0,25.0,1.0,5.0,0.0,1.0,2.0,55.0,0.0,0.0,0.0,0.0,0.0,0.0,0.0,0.0,0.0,0.0,0.0,0.0,0.0,0.0,0.0,0.0,0.0,0.0,0.0,0.0,1.0,0.0,0.0,0.0,0.0,0.0,1.0,0.0,2.0,1.0,8.0,19.0,1.0,0.0,0.0,0.0,0.0,0.0,0.0,0.0,0.0,0.0,0.0,0.0,0.0,0.0,0.0,0.0,0.0,0.0,0.0,0.0,0.0,0.0,1.0,0.0,0.0,0.0,0.0,0.0,1.0,0.0,2.0,3.0,17.0,23.0,2.0,0.0
654,1.0,654.0,London_198,,151,453,1092.0,70.0,2.0,178029.0,0.425214507849887,846.0,120.0,1.0,119.0,220.0,9.0,211.0,134.0,66.0,162.0,24.0,135.0,10.0,41.0,6.0,9.0,11.0,93.0,148.0,201.0,61.0,0.0,0.0,0.0,0.0,0.0,0.0,0.0,0.0,0.0,44.0,0.0,9.0,7.0,23.0,0.0,4.0,0.0,1.0,1.0,43.0,0.0,0.0,0.0,0.0,0.0,0.0,0.0,0.0,0.0,0.0,0.0,0.0,0.0,0.0,0.0,0.0,0.0,0.0,0.0,0.0,0.0,0.0,0.0,0.0,1.0,0.0,3.0,1.0,0.0,3.0,14.0,17.0,7.0,1.0,0.0,0.0,0.0,0.0,0.0,0.0,0.0,0.0,0.0,0.0,0.0,0.0,0.0,0.0,0.0,0.0,0.0,0.0,0.0,0.0,0.0,0.0,0.0,0.0,1.0,0.0,3.0,2.0,0.0,3.0,19.0,21.0,9.0,1.0
655,1.0,655.0,London_198,,151,453,1092.0,70.0,2.0,162627.0,1.2054659079294652,812.0,128.0,0.0,128.0,210.0,0.0,210.0,141.0,68.0,164.0,26.0,129.0,12.0,38.0,8.0,8.0,12.0,86.0,154.0,201.0,52.0,0.0,0.0,0.0,0.0,0.0,0.0,0.0,0.0,0.0,33.0,0.0,5.0,7.0,18.0,0.0,3.0,0.0,0.0,0.0,33.0,0.0,0.0,0.0,0.0,0.0,0.0,0.0,0.0,0.0,0.0,0.0,0.0,0.0,0.0,0.0,0.0,0.0,0.0,0.0,0.0,0.0,1.0,0.0,0.0,2.0,0.0,0.0,4.0,0.0,6.0,22.0,22.0,12.0,8.0,0.0,0.0,0.0,0.0,0.0,0.0,0.0,0.0,0.0,0.0,0.0,0.0,0.0,0.0,0.0,0.0,0.0,0.0,0.0,0.0,0.0,2.0,0.0,0.0,2.0,0.0,0.0,6.0,0.0,10.0,28.0,32.0,15.0,14.0
656,1.0,656.0,London_198,,151,453,1092.0,70.0,2.0,141336.0,0.42930973996408284,765.0,118.0,2.0,116.0,206.0,18.0,188.0,165.0,69.0,169.0,23.0,129.0,14.0,37.0,4.0,8.0,12.0,82.0,154.0,205.0,45.0,0.0,0.0,0.0,0.0,0.0,0.0,0.0,0.0,0.0,27.0,0.0,0.0,2.0,18.0,0.0,4.0,0.0,3.0,2.0,25.0,0.0,0.0,0.0,0.0,0.0,0.0,0.0,0.0,0.0,0.0,0.0,0.0,0.0,0.0,0.0,0.0,0.0,0.0,0.0,0.0,1.0,0.0,0.0,2.0,0.0,1.0,4.0,0.0,0.0,5.0,14.0,19.0,10.0,2.0,0.0,0.0,0.0,0.0,0.0,0.0,0.0,0.0,0.0,0.0,0.0,0.0,0.0,0.0,0.0,0.0,0.0,0.0,0.0,0.0,1.0,0.0,0.0,3.0,0.0,1.0,5.0,0.0,0.0,8.0,22.0,25.0,12.0,2.0
657,1.0,657.0,London_198,,151,453,1092.0,70.0,2.0,121404.0,0.2985496630426496,721.0,35.0,2.0,33.0,76.0,18.0,58.0,152.0,66.0,160.0,27.0,140.0,14.0,36.0,5.0,5.0,11.0,76.0,150.0,216.0,41.0,0.0,0.0,0.0,0.0,0.0,0.0,0.0,0.0,0.0,6.0,0.0,0.0,0.0,5.0,1.0,0.0,0.0,0.0,2.0,4.0,0.0,0.0,0.0,0.0,0.0,0.0,0.0,0.0,0.0,0.0,0.0,0.0,0.0,1.0,1.0,0.0,0.0,0.0,0.0,0.0,1.0,0.0,0.0,0.0,1.0,0.0,1.0,2.0,0.0,0.0,5.0,9.0,4.0,0.0,0.0,0.0,0.0,0.0,0.0,0.0,0.0,0.0,0.0,0.0,0.0,0.0,0.0,2.0,1.0,0.0,0.0,0.0,0.0,0.0,1.0,0.0,0.0,0.0,1.0,0.0,1.0,3.0,0.0,0.0,7.0,14.0,5.0,0.0
658,1.0,658.0,London_198,,151,453,1092.0,70.0,2.0,148584.0,0.3796965000219643,781.0,107.0,0.0,107.0,191.0,0.0,191.0,58.0,67.0,171.0,26.0,129.0,12.0,37.0,6.0,5.0,9.0,72.0,149.0,223.0,41.0,0.0,0.0,0.0,0.0,0.0,0.0,0.0,0.0,0.0,31.0,0.0,3.0,5.0,15.0,0.0,6.0,0.0,2.0,0.0,31.0,0.0,0.0,0.0,0.0,0.0,0.0,0.0,0.0,0.0,0.0,0.0,0.0,0.0,0.0,0.0,0.0,0.0,0.0,0.0,0.0,0.0,1.0,0.0,0.0,3.0,0.0,0.0,3.0,1.0,4.0,23.0,15.0,12.0,4.0,0.0,0.0,0.0,0.0,0.0,0.0,0.0,0.0,0.0,0.0,0.0,0.0,0.0,0.0,0.0,0.0,0.0,0.0,0.0,0.0,0.0,1.0,0.0,0.0,3.0,0.0,0.0,3.0,1.0,6.0,31.0,25.0,16.0,6.0
659,1.0,659.0,London_198,,151,453,1092.0,70.0,2.0,131823.0,0.41855879104696214,744.0,19.0,0.0,19.0,36.0,0.0,36.0,146.0,69.0,172.0,25.0,137.0,9.0,33.0,1.0,7.0,7.0,62.0,143.0,241.0,40.0,0.0,0.0,0.0,0.0,0.0,0.0,0.0,0.0,0.0,2.0,0.0,0.0,1.0,1.0,0.0,0.0,0.0,0.0,0.0,2.0,0.0,0.0,0.0,0.0,0.0,0.0,0.0,0.0,0.0,0.0,0.0,0.0,0.0,0.0,0.0,0.0,0.0,0.0,0.0,0.0,0.0,0.0,0.0,0.0,0.0,0.0,0.0,1.0,0.0,1.0,4.0,3.0,1.0,2.0,0.0,0.0,0.0,0.0,0.0,0.0,0.0,0.0,0.0,0.0,0.0,0.0,0.0,0.0,0.0,0.0,0.0,0.0,0.0,0.0,0.0,0.0,0.0,0.0,0.0,0.0,0.0,1.0,0.0,1.0,8.0,4.0,1.0,4.0
660,1.0,660.0,London_198,,151,453,1092.0,70.0,2.0,160362.0,0.47955287899821997,807.0,65.0,2.0,63.0,138.0,17.0,121.0,34.0,68.0,166.0,26.0,139.0,10.0,35.0,1.0,8.0,6.0,61.0,149.0,237.0,40.0,0.0,0.0,0.0,0.0,0.0,0.0,0.0,0.0,0.0,27.0,0.0,6.0,3.0,11.0,0.0,4.0,0.0,3.0,2.0,25.0,0.0,0.0,0.0,0.0,0.0,0.0,0.0,0.0,0.0,0.0,0.0,0.0,0.0,0.0,0.0,0.0,0.0,0.0,0.0,0.0,0.0,0.0,0.0,0.0,0.0,1.0,0.0,2.0,0.0,2.0,6.0,14.0,3.0,4.0,0.0,0.0,0.0,0.0,0.0,0.0,0.0,0.0,0.0,0.0,0.0,0.0,0.0,0.0,0.0,0.0,0.0,0.0,0.0,0.0,0.0,0.0,0.0,0.0,0.0,2.0,0.0,2.0,0.0,3.0,9.0,21.0,4.0,4.0
661,1.0,661.0,London_198,,151,453,1092.0,70.0,2.0,164439.0,0.440672067925334,816.0,113.0,0.0,113.0,195.0,0.0,195.0,77.0,74.0,166.0,27.0,128.0,14.0,37.0,1.0,6.0,8.0,56.0,151.0,238.0,42.0,0.0,0.0,0.0,0.0,0.0,0.0,0.0,0.0,0.0,31.0,0.0,7.0,6.0,18.0,0.0,0.0,0.0,0.0,0.0,31.0,0.0,0.0,0.0,0.0,0.0,0.0,0.0,0.0,0.0,0.0,0.0,0.0,0.0,0.0,0.0,0.0,0.0,0.0,0.0,0.0,0.0,0.0,1.0,0.0,0.0,1.0,1.0,3.0,0.0,2.0,15.0,21.0,6.0,3.0,0.0,0.0,0.0,0.0,0.0,0.0,0.0,0.0,0.0,0.0,0.0,0.0,0.0,0.0,0.0,0.0,0.0,0.0,0.0,0.0,0.0,0.0,1.0,0.0,0.0,2.0,1.0,4.0,0.0,3.0,24.0,30.0,6.0,3.0
662,1.0,662.0,London_198,,151,453,1092.0,70.0,2.0,142242.0,0.3132919690106064,767.0,97.0,2.0,95.0,188.0,20.0,168.0,147.0,77.0,164.0,24.0,126.0,10.0,41.0,1.0,10.0,12.0,54.0,153.0,234.0,53.0,0.0,0.0,0.0,0.0,0.0,0.0,0.0,0.0,0.0,18.0,0.0,5.0,4.0,8.0,0.0,1.0,0.0,0.0,2.0,16.0,0.0,0.0,0.0,0.0,0.0,0.0,0.0,0.0,0.0,0.0,0.0,0.0,0.0,0.0,2.0,0.0,0.0,0.0,0.0,0.0,1.0,0.0,1.0,0.0,0.0,0.0,4.0,1.0,1.0,9.0,21.0,24.0,13.0,3.0,0.0,0.0,0.0,0.0,0.0,0.0,0.0,0.0,0.0,0.0,0.0,0.0,0.0,0.0,12.0,0.0,0.0,0.0,0.0,0.0,1.0,0.0,1.0,0.0,0.0,0.0,6.0,1.0,1.0,11.0,37.0,37.0,20.0,5.0
663,1.0,663.0,London_198,,151,453,1092.0,70.0,2.0,130917.0,0.3273124350234866,742.0,122.0,2.0,120.0,215.0,15.0,200.0,155.0,70.0,178.0,27.0,118.0,10.0,37.0,1.0,12.0,12.0,60.0,146.0,235.0,61.0,0.0,0.0,0.0,0.0,0.0,0.0,0.0,0.0,0.0,21.0,0.0,0.0,1.0,18.0,0.0,0.0,1.0,1.0,1.0,20.0,0.0,0.0,0.0,0.0,0.0,0.0,0.0,0.0,0.0,0.0,0.0,0.0,1.0,0.0,0.0,0.0,0.0,0.0,0.0,0.0,4.0,7.0,1.0,1.0,3.0,0.0,8.0,7.0,4.0,13.0,21.0,29.0,19.0,6.0,0.0,0.0,0.0,0.0,0.0,0.0,0.0,0.0,0.0,0.0,0.0,0.0,3.0,0.0,0.0,0.0,0.0,0.0,0.0,0.0,4.0,10.0,1.0,2.0,4.0,0.0,12.0,10.0,4.0,16.0,31.0,40.0,27.0,6.0
664,1.0,664.0,London_198,,151,453,1092.0,70.0,2.0,103284.0,0.3171527700033039,681.0,54.0,1.0,53.0,97.0,9.0,88.0,185.0,76.0,166.0,22.0,131.0,14.0,39.0,2.0,3.0,8.0,65.0,146.0,234.0,47.0,0.0,0.0,0.0,0.0,0.0,0.0,0.0,0.0,0.0,0.0,0.0,0.0,0.0,0.0,0.0,0.0,0.0,0.0,0.0,0.0,0.0,0.0,0.0,0.0,0.0,0.0,0.0,0.0,0.0,1.0,0.0,0.0,0.0,0.0,0.0,1.0,0.0,0.0,0.0,0.0,0.0,0.0,0.0,1.0,0.0,0.0,2.0,0.0,1.0,2.0,10.0,13.0,7.0,4.0,0.0,0.0,0.0,0.0,0.0,0.0,0.0,0.0,0.0,4.0,0.0,0.0,0.0,0.0,0.0,3.0,0.0,0.0,0.0,0.0,0.0,0.0,0.0,1.0,0.0,0.0,2.0,0.0,2.0,2.0,14.0,18.0,8.0,9.0
665,1.0,665.0,London_198,,151,453,1092.0,70.0,2.0,115968.0,0.28885963885113597,709.0,37.0,1.0,36.0,74.0,8.0,66.0,97.0,69.0,160.0,25.0,137.0,16.0,37.0,2.0,7.0,8.0,65.0,142.0,238.0,53.0,0.0,0.0,0.0,0.0,0.0,0.0,0.0,0.0,0.0,2.0,0.0,0.0,0.0,1.0,0.0,0.0,0.0,1.0,0.0,2.0,0.0,0.0,0.0,0.0,0.0,0.0,0.0,0.0,0.0,0.0,0.0,0.0,0.0,0.0,1.0,0.0,0.0,0.0,0.0,0.0,1.0,2.0,0.0,0.0,0.0,0.0,1.0,7.0,0.0,3.0,7.0,5.0,3.0,3.0,0.0,0.0,0.0,0.0,0.0,0.0,0.0,0.0,0.0,0.0,0.0,0.0,0.0,0.0,5.0,0.0,0.0,0.0,0.0,0.0,1.0,2.0,0.0,0.0,0.0,0.0,1.0,11.0,0.0,4.0,10.0,6.0,7.0,4.0
666,1.0,666.0,London_198,,151,453,1092.0,70.0,2.0,146772.0,0.6934949408750981,777.0,64.0,0.0,64.0,110.0,0.0,110.0,71.0,66.0,158.0,33.0,135.0,13.0,38.0,2.0,8.0,9.0,71.0,149.0,224.0,53.0,0.0,0.0,0.0,0.0,0.0,0.0,0.0,0.0,0.0,11.0,0.0,0.0,0.0,10.0,0.0,0.0,1.0,0.0,0.0,11.0,0.0,0.0,0.0,0.0,0.0,0.0,0.0,0.0,0.0,0.0,0.0,0.0,0.0,0.0,0.0,0.0,0.0,0.0,0.0,0.0,3.0,3.0,0.0,1.0,2.0,0.0,4.0,5.0,0.0,5.0,6.0,15.0,2.0,5.0,0.0,0.0,0.0,0.0,0.0,0.0,0.0,0.0,0.0,0.0,0.0,0.0,0.0,0.0,0.0,0.0,0.0,0.0,0.0,0.0,4.0,5.0,0.0,2.0,3.0,0.0,5.0,6.0,0.0,6.0,8.0,20.0,2.0,9.0
667,1.0,667.0,London_198,,151,453,1092.0,70.0,2.0,156285.0,0.5986186310183257,798.0,72.0,2.0,70.0,139.0,19.0,120.0,92.0,62.0,160.0,34.0,134.0,13.0,38.0,2.0,10.0,9.0,66.0,157.0,221.0,56.0,0.0,0.0,0.0,0.0,0.0,0.0,0.0,0.0,0.0,17.0,0.0,0.0,0.0,10.0,1.0,5.0,0.0,1.0,1.0,16.0,0.0,0.0,0.0,0.0,0.0,0.0,0.0,0.0,0.0,0.0,0.0,0.0,0.0,0.0,1.0,0.0,1.0,0.0,0.0,0.0,1.0,5.0,0.0,0.0,0.0,0.0,2.0,5.0,0.0,2.0,5.0,20.0,2.0,2.0,0.0,0.0,0.0,0.0,0.0,0.0,0.0,0.0,0.0,0.0,0.0,0.0,0.0,0.0,8.0,0.0,6.0,0.0,0.0,0.0,1.0,7.0,0.0,0.0,0.0,0.0,2.0,7.0,0.0,4.0,9.0,29.0,4.0,2.0
668,1.0,668.0,London_198,,151,453,1092.0,70.0,2.0,163986.0,0.48356505995616317,815.0,53.0,0.0,53.0,95.0,0.0,95.0,104.0,60.0,161.0,32.0,133.0,14.0,42.0,2.0,9.0,9.0,67.0,151.0,226.0,56.0,0.0,0.0,0.0,0.0,0.0,0.0,0.0,0.0,0.0,17.0,0.0,1.0,1.0,13.0,0.0,1.0,0.0,1.0,0.0,17.0,0.0,0.0,0.0,0.0,0.0,0.0,0.0,0.0,0.0,0.0,0.0,0.0,0.0,0.0,0.0,0.0,0.0,0.0,0.0,0.0,1.0,3.0,0.0,0.0,0.0,0.0,2.0,2.0,0.0,3.0,8.0,8.0,3.0,1.0,0.0,0.0,0.0,0.0,0.0,0.0,0.0,0.0,0.0,0.0,0.0,0.0,0.0,0.0,0.0,0.0,0.0,0.0,0.0,0.0,1.0,4.0,0.0,0.0,0.0,0.0,2.0,4.0,0.0,5.0,12.0,14.0,3.0,1.0
669,1.0,669.0,London_198,,151,453,1092.0,70.0,2.0,188448.0,0.6573924559634179,869.0,86.0,0.0,86.0,153.0,0.0,153.0,64.0,60.0,167.0,32.0,130.0,15.0,37.0,2.0,10.0,9.0,68.0,161.0,215.0,58.0,0.0,0.0,0.0,0.0,0.0,0.0,0.0,0.0,0.0,33.0,0.0,7.0,1.0,23.0,0.0,2.0,0.0,0.0,0.0,33.0,0.0,0.0,0.0,0.0,0.0,0.0,0.0,0.0,0.0,0.0,0.0,0.0,0.0,0.0,0.0,0.0,0.0,0.0,0.0,0.0,1.0,0.0,0.0,0.0,0.0,0.0,3.0,1.0,1.0,3.0,10.0,12.0,3.0,2.0,0.0,0.0,0.0,0.0,0.0,0.0,0.0,0.0,0.0,0.0,0.0,0.0,0.0,0.0,0.0,0.0,0.0,0.0,0.0,0.0,1.0,0.0,0.0,0.0,0.0,0.0,4.0,1.0,1.0,3.0,13.0,18.0,5.0,3.0
670,1.0,670.0,London_198,,151,453,1092.0,70.0,2.0,187995.0,0.5402775460388511,868.0,123.0,2.0,121.0,223.0,17.0,206.0,89.0,54.0,172.0,33.0,140.0,11.0,35.0,1.0,7.0,10.0,71.0,163.0,209.0,70.0,0.0,0.0,0.0,0.0,0.0,0.0,0.0,0.0,0.0,52.0,0.0,13.0,5.0,26.0,0.0,6.0,0.0,2.0,2.0,50.0,0.0,0.0,0.0,0.0,0.0,0.0,0.0,0.0,0.0,0.0,0.0,0.0,0.0,0.0,0.0,0.0,0.0,0.0,0.0,0.0,0.0,0.0,0.0,0.0,1.0,0.0,1.0,4.0,0.0,3.0,14.0,19.0,7.0,3.0,0.0,0.0,0.0,0.0,0.0,0.0,0.0,0.0,0.0,0.0,0.0,0.0,0.0,0.0,0.0,0.0,0.0,0.0,0.0,0.0,0.0,0.0,0.0,0.0,1.0,0.0,1.0,5.0,0.0,3.0,21.0,21.0,10.0,3.0
671,1.0,671.0,London_198,,151,453,1092.0,70.0,2.0,169422.0,0.4349370489362627,827.0,157.0,2.0,155.0,269.0,18.0,251.0,124.0,58.0,171.0,33.0,139.0,10.0,34.0,3.0,5.0,9.0,74.0,146.0,224.0,62.0,0.0,0.0,0.0,0.0,0.0,0.0,0.0,0.0,0.0,46.0,0.0,12.0,3.0,23.0,0.0,3.0,0.0,5.0,2.0,44.0,0.0,0.0,0.0,0.0,0.0,0.0,0.0,0.0,0.0,0.0,0.0,0.0,0.0,0.0,0.0,0.0,0.0,0.0,0.0,0.0,0.0,0.0,2.0,0.0,0.0,0.0,4.0,1.0,0.0,7.0,21.0,23.0,6.0,5.0,0.0,0.0,0.0,0.0,0.0,0.0,0.0,0.0,0.0,0.0,0.0,0.0,0.0,0.0,0.0,0.0,0.0,0.0,0.0,0.0,0.0,0.0,2.0,0.0,0.0,0.0,4.0,2.0,0.0,8.0,27.0,29.0,7.0,5.0
672,1.0,672.0,London_198,,151,453,1092.0,70.0,2.0,132729.0,0.3866762740071863,746.0,56.0,2.0,54.0,116.0,18.0,98.0,184.0,66.0,170.0,39.0,131.0,6.0,33.0,1.0,7.0,11.0,68.0,150.0,224.0,56.0,0.0,0.0,0.0,0.0,0.0,0.0,0.0,0.0,0.0,12.0,0.0,0.0,0.0,11.0,0.0,0.0,1.0,0.0,1.0,11.0,0.0,0.0,0.0,0.0,0.0,0.0,0.0,0.0,0.0,0.0,0.0,0.0,0.0,0.0,1.0,0.0,0.0,0.0,0.0,0.0,1.0,0.0,0.0,0.0,0.0,0.0,4.0,3.0,1.0,3.0,5.0,12.0,1.0,1.0,0.0,0.0,0.0,0.0,0.0,0.0,0.0,0.0,0.0,0.0,0.0,0.0,0.0,0.0,7.0,0.0,0.0,0.0,0.0,0.0,1.0,0.0,0.0,0.0,0.0,0.0,6.0,5.0,2.0,5.0,7.0,23.0,1.0,1.0
673,1.0,673.0,London_198,,151,453,1092.0,70.0,2.0,144507.0,0.5797209071461111,772.0,6.0,0.0,6.0,12.0,0.0,12.0,90.0,70.0,162.0,33.0,138.0,7.0,36.0,1.0,6.0,9.0,77.0,140.0,227.0,48.0,0.0,0.0,0.0,0.0,0.0,0.0,0.0,0.0,0.0,1.0,0.0,1.0,0.0,0.0,0.0,0.0,0.0,0.0,0.0,1.0,0.0,0.0,0.0,0.0,0.0,0.0,0.0,0.0,0.0,0.0,0.0,0.0,0.0,0.0,0.0,0.0,0.0,0.0,0.0,0.0,0.0,0.0,0.0,0.0,0.0,0.0,1.0,1.0,0.0,0.0,1.0,0.0,0.0,1.0,0.0,0.0,0.0,0.0,0.0,0.0,0.0,0.0,0.0,0.0,0.0,0.0,0.0,0.0,0.0,0.0,0.0,0.0,0.0,0.0,0.0,0.0,0.0,0.0,0.0,0.0,1.0,2.0,0.0,0.0,2.0,0.0,0.0,1.0
674,1.0,674.0,London_198,,151,453,1092.0,70.0,2.0,190713.0,0.6693406491540372,874.0,132.0,1.0,131.0,239.0,11.0,228.0,11.0,70.0,160.0,33.0,138.0,7.0,38.0,1.0,6.0,9.0,78.0,139.0,227.0,48.0,0.0,0.0,0.0,0.0,0.0,0.0,0.0,0.0,0.0,56.0,0.0,15.0,0.0,36.0,0.0,3.0,1.0,1.0,1.0,55.0,0.0,0.0,0.0,0.0,0.0,0.0,0.0,0.0,0.0,0.0,0.0,0.0,0.0,0.0,1.0,0.0,0.0,0.0,0.0,0.0,0.0,0.0,0.0,0.0,0.0,1.0,3.0,0.0,0.0,3.0,18.0,19.0,7.0,3.0,0.0,0.0,0.0,0.0,0.0,0.0,0.0,0.0,0.0,0.0,0.0,0.0,0.0,0.0,2.0,0.0,0.0,0.0,0.0,0.0,0.0,0.0,0.0,0.0,0.0,2.0,6.0,0.0,0.0,4.0,30.0,23.0,9.0,4.0
675,1.0,675.0,London_198,,151,453,1092.0,70.0,2.0,170328.0,0.44906274788081646,829.0,119.0,1.0,118.0,222.0,10.0,212.0,145.0,72.0,168.0,33.0,125.0,7.0,40.0,2.0,6.0,9.0,76.0,138.0,230.0,48.0,0.0,0.0,0.0,0.0,0.0,0.0,0.0,0.0,0.0,46.0,0.0,8.0,5.0,29.0,3.0,1.0,0.0,0.0,1.0,45.0,0.0,0.0,0.0,0.0,0.0,0.0,0.0,0.0,0.0,0.0,0.0,0.0,0.0,1.0,0.0,0.0,0.0,0.0,0.0,0.0,1.0,0.0,1.0,0.0,0.0,1.0,4.0,2.0,2.0,2.0,12.0,19.0,4.0,4.0,0.0,0.0,0.0,0.0,0.0,0.0,0.0,0.0,0.0,0.0,0.0,0.0,0.0,2.0,0.0,0.0,0.0,0.0,0.0,0.0,1.0,0.0,1.0,0.0,0.0,1.0,4.0,2.0,2.0,3.0,19.0,30.0,5.0,5.0
676,1.0,676.0,London_198,,151,453,1092.0,70.0,2.0,160362.0,0.5790477481205016,807.0,82.0,0.0,82.0,135.0,0.0,135.0,140.0,76.0,163.0,34.0,125.0,10.0,36.0,2.0,7.0,4.0,71.0,139.0,239.0,49.0,0.0,0.0,0.0,0.0,0.0,0.0,0.0,0.0,0.0,22.0,0.0,1.0,1.0,14.0,0.0,4.0,1.0,1.0,0.0,22.0,0.0,0.0,0.0,0.0,0.0,0.0,0.0,0.0,0.0,0.0,0.0,0.0,0.0,0.0,0.0,0.0,0.0,0.0,0.0,0.0,0.0,0.0,0.0,0.0,0.0,0.0,1.0,1.0,0.0,3.0,10.0,13.0,6.0,3.0,0.0,0.0,0.0,0.0,0.0,0.0,0.0,0.0,0.0,0.0,0.0,0.0,0.0,0.0,0.0,0.0,0.0,0.0,0.0,0.0,0.0,0.0,0.0,0.0,0.0,0.0,1.0,1.0,0.0,3.0,16.0,18.0,7.0,4.0
677,1.0,677.0,London_198,,151,453,1092.0,70.0,2.0,167157.0,0.48822750500403345,822.0,85.0,0.0,85.0,139.0,0.0,139.0,99.0,76.0,159.0,28.0,134.0,11.0,34.0,3.0,8.0,5.0,77.0,143.0,228.0,47.0,0.0,0.0,0.0,0.0,0.0,0.0,0.0,0.0,0.0,23.0,0.0,7.0,3.0,12.0,0.0,1.0,0.0,0.0,0.0,23.0,0.0,0.0,0.0,0.0,0.0,0.0,0.0,0.0,0.0,0.0,0.0,0.0,0.0,0.0,0.0,0.0,0.0,0.0,0.0,0.0,2.0,0.0,2.0,0.0,1.0,0.0,4.0,3.0,0.0,1.0,17.0,11.0,13.0,1.0,0.0,0.0,0.0,0.0,0.0,0.0,0.0,0.0,0.0,0.0,0.0,0.0,0.0,0.0,0.0,0.0,0.0,0.0,0.0,0.0,2.0,0.0,2.0,0.0,1.0,0.0,5.0,3.0,0.0,1.0,25.0,18.0,16.0,2.0
678,1.0,678.0,London_198,,151,453,1092.0,70.0,2.0,167157.0,0.39828128716908395,822.0,101.0,2.0,99.0,194.0,19.0,175.0,106.0,78.0,163.0,25.0,146.0,6.0,26.0,2.0,7.0,7.0,67.0,145.0,234.0,51.0,0.0,0.0,0.0,0.0,0.0,0.0,0.0,0.0,0.0,35.0,0.0,13.0,1.0,15.0,1.0,3.0,0.0,2.0,2.0,33.0,0.0,0.0,0.0,0.0,0.0,0.0,0.0,0.0,0.0,0.0,0.0,0.0,0.0,0.0,0.0,0.0,0.0,0.0,0.0,0.0,0.0,0.0,0.0,0.0,4.0,0.0,0.0,1.0,1.0,3.0,18.0,11.0,2.0,3.0,0.0,0.0,0.0,0.0,0.0,0.0,0.0,0.0,0.0,0.0,0.0,0.0,0.0,0.0,0.0,0.0,0.0,0.0,0.0,0.0,0.0,0.0,0.0,0.0,5.0,0.0,0.0,2.0,1.0,3.0,28.0,15.0,2.0,4.0
679,1.0,679.0,London_198,,151,453,1092.0,70.0,2.0,161268.0,0.5103701269254088,809.0,110.0,1.0,109.0,198.0,10.0,188.0,120.0,73.0,155.0,31.0,143.0,8.0,34.0,1.0,8.0,11.0,81.0,147.0,214.0,60.0,0.0,0.0,0.0,0.0,0.0,0.0,0.0,0.0,0.0,24.0,0.0,5.0,1.0,14.0,0.0,2.0,0.0,2.0,0.0,24.0,0.0,0.0,0.0,0.0,0.0,0.0,0.0,0.0,0.0,0.0,0.0,0.0,0.0,0.0,0.0,0.0,0.0,0.0,0.0,0.0,0.0,0.0,0.0,0.0,0.0,0.0,1.0,2.0,1.0,3.0,19.0,23.0,6.0,6.0,0.0,0.0,0.0,0.0,0.0,0.0,0.0,0.0,0.0,0.0,0.0,0.0,0.0,0.0,0.0,0.0,0.0,0.0,0.0,0.0,0.0,0.0,0.0,0.0,0.0,0.0,1.0,2.0,1.0,4.0,26.0,34.0,7.0,8.0
680,1.0,680.0,London_198,,151,453,1092.0,70.0,2.0,153114.0,0.675173545954749,791.0,48.0,0.0,48.0,80.0,0.0,80.0,156.0,59.0,164.0,32.0,147.0,6.0,36.0,0.0,9.0,9.0,68.0,138.0,238.0,58.0,0.0,0.0,0.0,0.0,0.0,0.0,0.0,0.0,0.0,15.0,0.0,5.0,1.0,8.0,0.0,0.0,1.0,0.0,0.0,15.0,0.0,0.0,0.0,0.0,0.0,0.0,0.0,0.0,0.0,0.0,0.0,0.0,0.0,0.0,0.0,0.0,0.0,0.0,0.0,0.0,1.0,0.0,0.0,0.0,0.0,0.0,1.0,0.0,0.0,1.0,6.0,9.0,5.0,0.0,0.0,0.0,0.0,0.0,0.0,0.0,0.0,0.0,0.0,0.0,0.0,0.0,0.0,0.0,0.0,0.0,0.0,0.0,0.0,0.0,1.0,0.0,0.0,0.0,0.0,0.0,1.0,0.0,0.0,1.0,8.0,10.0,6.0,0.0
681,1.0,681.0,London_198,,151,453,1092.0,70.0,2.0,172140.0,0.4192998360376805,833.0,95.0,0.0,95.0,164.0,0.0,164.0,61.0,58.0,164.0,35.0,144.0,6.0,37.0,0.0,9.0,13.0,65.0,141.0,234.0,56.0,0.0,0.0,0.0,0.0,0.0,0.0,0.0,0.0,0.0,31.0,0.0,14.0,5.0,10.0,0.0,1.0,0.0,1.0,0.0,31.0,0.0,0.0,0.0,0.0,0.0,0.0,0.0,0.0,0.0,0.0,0.0,0.0,0.0,0.0,0.0,0.0,0.0,0.0,0.0,0.0,0.0,0.0,0.0,0.0,0.0,0.0,0.0,1.0,0.0,2.0,5.0,18.0,4.0,4.0,0.0,0.0,0.0,0.0,0.0,0.0,0.0,0.0,0.0,0.0,0.0,0.0,0.0,0.0,0.0,0.0,0.0,0.0,0.0,0.0,0.0,0.0,0.0,0.0,0.0,0.0,0.0,2.0,0.0,3.0,7.0,30.0,4.0,4.0
682,1.0,682.0,London_198,,151,453,1092.0,70.0,2.0,163533.0,0.5172759909182787,814.0,123.0,1.0,122.0,218.0,11.0,207.0,109.0,65.0,166.0,27.0,142.0,6.0,36.0,0.0,11.0,14.0,58.0,141.0,240.0,53.0,0.0,0.0,0.0,0.0,0.0,0.0,0.0,0.0,0.0,32.0,0.0,10.0,3.0,16.0,0.0,0.0,0.0,3.0,1.0,31.0,0.0,0.0,0.0,0.0,0.0,0.0,0.0,0.0,0.0,0.0,0.0,0.0,0.0,0.0,1.0,0.0,0.0,0.0,0.0,0.0,1.0,2.0,1.0,0.0,0.0,0.0,2.0,2.0,1.0,3.0,22.0,15.0,9.0,2.0,0.0,0.0,0.0,0.0,0.0,0.0,0.0,0.0,0.0,0.0,0.0,0.0,0.0,0.0,4.0,0.0,0.0,0.0,0.0,0.0,1.0,2.0,2.0,0.0,0.0,0.0,2.0,2.0,1.0,3.0,30.0,22.0,12.0,3.0
683,1.0,683.0,London_198,,151,453,1092.0,70.0,2.0,139524.0,0.4672240170184523,761.0,115.0,0.0,115.0,207.0,0.0,207.0,164.0,63.0,164.0,36.0,134.0,10.0,37.0,0.0,9.0,13.0,62.0,150.0,228.0,55.0,0.0,0.0,0.0,0.0,0.0,0.0,0.0,0.0,0.0,22.0,0.0,6.0,4.0,10.0,0.0,0.0,1.0,1.0,0.0,22.0,0.0,0.0,0.0,0.0,0.0,0.0,0.0,0.0,0.0,0.0,0.0,0.0,0.0,0.0,0.0,0.0,0.0,0.0,0.0,0.0,2.0,2.0,4.0,2.0,1.0,0.0,3.0,1.0,0.0,7.0,21.0,25.0,12.0,3.0,0.0,0.0,0.0,0.0,0.0,0.0,0.0,0.0,0.0,0.0,0.0,0.0,0.0,0.0,0.0,0.0,0.0,0.0,0.0,0.0,3.0,2.0,4.0,3.0,1.0,0.0,4.0,1.0,0.0,9.0,29.0,36.0,12.0,4.0
684,1.0,684.0,London_198,,151,453,1092.0,70.0,2.0,124122.0,0.41909492504782975,727.0,53.0,2.0,51.0,119.0,19.0,100.0,178.0,67.0,156.0,38.0,133.0,11.0,38.0,2.0,8.0,8.0,64.0,157.0,224.0,53.0,0.0,0.0,0.0,0.0,0.0,0.0,0.0,0.0,0.0,12.0,0.0,0.0,0.0,11.0,0.0,1.0,0.0,0.0,1.0,11.0,0.0,0.0,0.0,0.0,0.0,0.0,0.0,0.0,0.0,0.0,0.0,0.0,0.0,1.0,0.0,0.0,0.0,0.0,0.0,0.0,0.0,2.0,1.0,0.0,0.0,0.0,5.0,1.0,1.0,5.0,8.0,12.0,6.0,1.0,0.0,0.0,0.0,0.0,0.0,0.0,0.0,0.0,0.0,0.0,0.0,0.0,0.0,9.0,0.0,0.0,0.0,0.0,0.0,0.0,0.0,3.0,2.0,0.0,0.0,0.0,7.0,2.0,1.0,7.0,16.0,23.0,8.0,4.0
685,1.0,685.0,London_198,,151,453,1092.0,70.0,2.0,130917.0,0.32130650500766933,742.0,32.0,2.0,30.0,72.0,19.0,53.0,87.0,62.0,159.0,41.0,136.0,7.0,39.0,2.0,7.0,9.0,73.0,152.0,219.0,57.0,0.0,0.0,0.0,0.0,0.0,0.0,0.0,0.0,0.0,7.0,0.0,1.0,0.0,6.0,0.0,0.0,0.0,0.0,2.0,5.0,0.0,0.0,0.0,0.0,0.0,0.0,0.0,0.0,0.0,0.0,0.0,0.0,0.0,0.0,1.0,0.0,0.0,0.0,0.0,0.0,0.0,0.0,2.0,1.0,1.0,1.0,0.0,1.0,0.0,1.0,7.0,7.0,2.0,0.0,0.0,0.0,0.0,0.0,0.0,0.0,0.0,0.0,0.0,0.0,0.0,0.0,0.0,0.0,3.0,0.0,0.0,0.0,0.0,0.0,0.0,0.0,2.0,1.0,1.0,2.0,0.0,1.0,0.0,1.0,11.0,9.0,2.0,0.0
686,1.0,686.0,London_198,,151,453,1092.0,70.0,2.0,148131.0,0.5300152180716395,780.0,75.0,1.0,74.0,150.0,10.0,140.0,51.0,60.0,160.0,41.0,132.0,8.0,43.0,2.0,7.0,9.0,70.0,153.0,221.0,58.0,0.0,0.0,0.0,0.0,0.0,0.0,0.0,0.0,0.0,16.0,0.0,5.0,1.0,9.0,0.0,0.0,1.0,0.0,1.0,15.0,0.0,0.0,0.0,0.0,0.0,0.0,0.0,0.0,0.0,0.0,0.0,0.0,0.0,0.0,0.0,0.0,0.0,0.0,0.0,0.0,1.0,0.0,1.0,0.0,0.0,0.0,3.0,0.0,0.0,3.0,13.0,24.0,6.0,4.0,0.0,0.0,0.0,0.0,0.0,0.0,0.0,0.0,0.0,0.0,0.0,0.0,0.0,0.0,0.0,0.0,0.0,0.0,0.0,0.0,1.0,0.0,1.0,0.0,0.0,0.0,4.0,0.0,0.0,5.0,20.0,37.0,8.0,7.0
687,1.0,687.0,London_198,,151,453,1092.0,70.0,2.0,150849.0,0.36547236307524145,786.0,118.0,0.0,118.0,198.0,0.0,198.0,115.0,65.0,152.0,36.0,141.0,9.0,38.0,3.0,9.0,5.0,75.0,153.0,220.0,50.0,0.0,0.0,0.0,0.0,0.0,0.0,0.0,0.0,0.0,25.0,0.0,5.0,1.0,14.0,0.0,3.0,0.0,2.0,0.0,25.0,0.0,0.0,0.0,0.0,0.0,0.0,0.0,0.0,0.0,0.0,0.0,0.0,0.0,0.0,0.0,0.0,0.0,0.0,0.0,0.0,1.0,0.0,1.0,0.0,0.0,0.0,2.0,3.0,1.0,4.0,13.0,24.0,6.0,5.0,0.0,0.0,0.0,0.0,0.0,0.0,0.0,0.0,0.0,0.0,0.0,0.0,0.0,0.0,0.0,0.0,0.0,0.0,0.0,0.0,1.0,0.0,2.0,0.0,0.0,0.0,2.0,4.0,1.0,5.0,16.0,33.0,7.0,8.0
688,1.0,688.0,London_198,,151,453,1092.0,70.0,2.0,144507.0,0.4418415951076895,772.0,95.0,0.0,95.0,156.0,0.0,156.0,159.0,66.0,157.0,38.0,137.0,9.0,34.0,5.0,7.0,6.0,76.0,146.0,225.0,45.0,0.0,0.0,0.0,0.0,0.0,0.0,0.0,0.0,0.0,12.0,0.0,3.0,1.0,7.0,0.0,1.0,0.0,0.0,0.0,12.0,0.0,0.0,0.0,0.0,0.0,0.0,0.0,0.0,0.0,0.0,0.0,0.0,0.0,0.0,0.0,0.0,0.0,0.0,0.0,0.0,2.0,1.0,1.0,0.0,2.0,0.0,0.0,1.0,1.0,2.0,14.0,13.0,15.0,4.0,0.0,0.0,0.0,0.0,0.0,0.0,0.0,0.0,0.0,0.0,0.0,0.0,0.0,0.0,0.0,0.0,0.0,0.0,0.0,0.0,2.0,1.0,1.0,0.0,2.0,0.0,0.0,2.0,2.0,2.0,20.0,22.0,21.0,6.0
689,1.0,689.0,London_198,,151,453,1092.0,70.0,2.0,130011.0,0.5248389639891684,740.0,45.0,0.0,45.0,75.0,0.0,75.0,139.0,61.0,170.0,29.0,144.0,8.0,34.0,4.0,3.0,5.0,67.0,163.0,218.0,53.0,0.0,0.0,0.0,0.0,0.0,0.0,0.0,0.0,0.0,6.0,0.0,0.0,1.0,5.0,0.0,0.0,0.0,0.0,0.0,6.0,0.0,0.0,0.0,0.0,0.0,0.0,0.0,0.0,0.0,0.0,0.0,0.0,0.0,0.0,0.0,0.0,0.0,0.0,0.0,0.0,1.0,1.0,0.0,0.0,0.0,0.0,2.0,1.0,0.0,3.0,6.0,12.0,3.0,0.0,0.0,0.0,0.0,0.0,0.0,0.0,0.0,0.0,0.0,0.0,0.0,0.0,0.0,0.0,0.0,0.0,0.0,0.0,0.0,0.0,1.0,2.0,0.0,0.0,0.0,0.0,2.0,1.0,0.0,3.0,8.0,20.0,3.0,0.0
690,1.0,690.0,London_198,,151,453,1092.0,70.0,2.0,148131.0,0.4748705409001559,780.0,127.0,1.0,126.0,233.0,10.0,223.0,67.0,67.0,170.0,32.0,130.0,11.0,32.0,5.0,6.0,6.0,65.0,176.0,206.0,59.0,0.0,0.0,0.0,0.0,0.0,0.0,0.0,0.0,0.0,34.0,0.0,3.0,7.0,19.0,0.0,4.0,0.0,1.0,1.0,33.0,0.0,0.0,0.0,0.0,0.0,0.0,0.0,0.0,0.0,0.0,0.0,0.0,0.0,0.0,1.0,0.0,0.0,0.0,0.0,0.0,2.0,1.0,1.0,0.0,7.0,0.0,5.0,6.0,2.0,7.0,23.0,23.0,10.0,2.0,0.0,0.0,0.0,0.0,0.0,0.0,0.0,0.0,0.0,0.0,0.0,0.0,0.0,0.0,6.0,0.0,0.0,0.0,0.0,0.0,3.0,1.0,1.0,0.0,8.0,0.0,7.0,13.0,3.0,12.0,36.0,35.0,14.0,3.0
691,1.0,691.0,London_198,,151,453,1092.0,70.0,2.0,125481.0,0.3871614949312061,730.0,30.0,2.0,28.0,68.0,19.0,49.0,181.0,71.0,169.0,22.0,134.0,13.0,32.0,4.0,8.0,6.0,72.0,162.0,213.0,65.0,0.0,0.0,0.0,0.0,0.0,0.0,0.0,0.0,0.0,4.0,0.0,0.0,0.0,3.0,0.0,1.0,0.0,0.0,1.0,3.0,0.0,0.0,0.0,0.0,0.0,0.0,0.0,0.0,0.0,0.0,0.0,0.0,0.0,0.0,0.0,0.0,0.0,0.0,0.0,0.0,0.0,1.0,0.0,0.0,0.0,0.0,0.0,1.0,0.0,2.0,3.0,8.0,1.0,3.0,0.0,0.0,0.0,0.0,0.0,0.0,0.0,0.0,0.0,0.0,0.0,0.0,0.0,0.0,0.0,0.0,0.0,0.0,0.0,0.0,0.0,1.0,0.0,0.0,0.0,0.0,0.0,1.0,0.0,3.0,3.0,10.0,1.0,5.0
692,1.0,692.0,London_198,,151,453,1092.0,70.0,2.0,146772.0,0.5677923678886145,777.0,96.0,2.0,94.0,177.0,18.0,159.0,50.0,66.0,177.0,25.0,131.0,13.0,29.0,4.0,8.0,8.0,69.0,161.0,215.0,63.0,0.0,0.0,0.0,0.0,0.0,0.0,0.0,0.0,0.0,25.0,0.0,3.0,7.0,13.0,0.0,1.0,0.0,1.0,1.0,24.0,0.0,0.0,0.0,0.0,0.0,0.0,0.0,0.0,0.0,0.0,0.0,0.0,0.0,0.0,0.0,0.0,0.0,0.0,0.0,0.0,1.0,1.0,0.0,2.0,0.0,0.0,1.0,1.0,1.0,12.0,13.0,20.0,2.0,6.0,0.0,0.0,0.0,0.0,0.0,0.0,0.0,0.0,0.0,0.0,0.0,0.0,0.0,0.0,0.0,0.0,0.0,0.0,0.0,0.0,1.0,1.0,0.0,3.0,0.0,0.0,2.0,1.0,2.0,16.0,21.0,29.0,3.0,8.0
693,1.0,693.0,London_198,,151,453,1092.0,70.0,2.0,144960.0,0.5561940239276737,773.0,39.0,0.0,39.0,66.0,0.0,66.0,132.0,60.0,180.0,30.0,129.0,13.0,30.0,4.0,7.0,4.0,73.0,146.0,230.0,53.0,0.0,0.0,0.0,0.0,0.0,0.0,0.0,0.0,0.0,8.0,0.0,0.0,1.0,6.0,0.0,0.0,0.0,1.0,0.0,8.0,0.0,0.0,0.0,0.0,0.0,0.0,0.0,0.0,0.0,0.0,0.0,0.0,0.0,0.0,0.0,0.0,0.0,0.0,0.0,0.0,0.0,1.0,0.0,0.0,0.0,0.0,0.0,1.0,0.0,2.0,5.0,10.0,3.0,0.0,0.0,0.0,0.0,0.0,0.0,0.0,0.0,0.0,0.0,0.0,0.0,0.0,0.0,0.0,0.0,0.0,0.0,0.0,0.0,0.0,0.0,1.0,0.0,0.0,0.0,0.0,0.0,1.0,0.0,3.0,6.0,14.0,4.0,0.0
694,1.0,694.0,London_198,,151,453,1092.0,70.0,2.0,163986.0,0.5957705858163536,815.0,177.0,0.0,177.0,310.0,0.0,310.0,52.0,60.0,178.0,26.0,129.0,12.0,38.0,4.0,6.0,4.0,71.0,151.0,227.0,60.0,0.0,0.0,0.0,0.0,0.0,0.0,0.0,0.0,0.0,55.0,0.0,11.0,2.0,28.0,0.0,2.0,2.0,10.0,0.0,55.0,0.0,0.0,0.0,0.0,0.0,0.0,0.0,0.0,0.0,0.0,0.0,0.0,0.0,0.0,0.0,0.0,0.0,0.0,0.0,0.0,0.0,2.0,0.0,1.0,0.0,0.0,4.0,3.0,1.0,10.0,28.0,29.0,11.0,3.0,0.0,0.0,0.0,0.0,0.0,0.0,0.0,0.0,0.0,0.0,0.0,0.0,0.0,0.0,0.0,0.0,0.0,0.0,0.0,0.0,0.0,5.0,0.0,2.0,0.0,0.0,4.0,3.0,1.0,16.0,42.0,40.0,14.0,4.0
695,1.0,695.0,London_198,,151,453,1092.0,70.0,2.0,117780.0,0.33388828090392053,713.0,11.0,2.0,9.0,29.0,16.0,13.0,226.0,60.0,175.0,30.0,131.0,10.0,38.0,0.0,9.0,4.0,66.0,167.0,216.0,52.0,0.0,0.0,0.0,0.0,0.0,0.0,0.0,0.0,0.0,0.0,0.0,0.0,0.0,0.0,0.0,0.0,0.0,0.0,0.0,0.0,0.0,0.0,0.0,0.0,0.0,0.0,0.0,0.0,0.0,0.0,0.0,0.0,1.0,0.0,1.0,1.0,0.0,0.0,0.0,0.0,1.0,1.0,0.0,0.0,0.0,0.0,0.0,0.0,0.0,1.0,0.0,0.0,0.0,0.0,0.0,0.0,0.0,0.0,0.0,0.0,0.0,0.0,0.0,0.0,0.0,0.0,2.0,0.0,8.0,2.0,0.0,0.0,0.0,0.0,1.0,1.0,0.0,0.0,0.0,0.0,0.0,0.0,0.0,1.0,0.0,0.0,0.0,0.0
696,1.0,696.0,London_198,,151,453,1092.0,70.0,2.0,147678.0,0.35026048100553453,779.0,19.0,1.0,18.0,43.0,9.0,34.0,29.0,62.0,174.0,29.0,135.0,11.0,32.0,0.0,10.0,4.0,69.0,160.0,220.0,46.0,0.0,0.0,0.0,0.0,0.0,0.0,0.0,0.0,0.0,3.0,0.0,1.0,0.0,1.0,0.0,0.0,0.0,1.0,1.0,2.0,0.0,0.0,0.0,0.0,0.0,0.0,0.0,0.0,0.0,0.0,0.0,0.0,0.0,0.0,0.0,0.0,0.0,0.0,0.0,0.0,0.0,0.0,0.0,0.0,0.0,0.0,2.0,0.0,1.0,1.0,2.0,4.0,2.0,1.0,0.0,0.0,0.0,0.0,0.0,0.0,0.0,0.0,0.0,0.0,0.0,0.0,0.0,0.0,0.0,0.0,0.0,0.0,0.0,0.0,0.0,0.0,0.0,0.0,0.0,0.0,2.0,0.0,1.0,1.0,2.0,8.0,2.0,1.0
697,1.0,697.0,London_198,,151,453,1092.0,70.0,2.0,179388.0,0.5357767608948052,849.0,147.0,0.0,147.0,258.0,0.0,258.0,30.0,63.0,172.0,27.0,132.0,11.0,37.0,1.0,10.0,4.0,73.0,164.0,212.0,49.0,0.0,0.0,0.0,0.0,0.0,0.0,0.0,0.0,0.0,49.0,0.0,15.0,2.0,22.0,1.0,4.0,1.0,4.0,0.0,49.0,0.0,0.0,0.0,0.0,0.0,0.0,0.0,0.0,0.0,0.0,0.0,0.0,0.0,0.0,0.0,0.0,0.0,0.0,0.0,0.0,0.0,0.0,0.0,0.0,0.0,0.0,0.0,1.0,0.0,5.0,17.0,29.0,9.0,5.0,0.0,0.0,0.0,0.0,0.0,0.0,0.0,0.0,0.0,0.0,0.0,0.0,0.0,0.0,0.0,0.0,0.0,0.0,0.0,0.0,0.0,0.0,0.0,0.0,0.0,0.0,0.0,2.0,0.0,9.0,25.0,41.0,12.0,9.0
698,1.0,698.0,London_198,,151,453,1092.0,70.0,2.0,150396.0,0.5558054489083588,785.0,19.0,2.0,17.0,51.0,18.0,33.0,174.0,63.0,181.0,25.0,121.0,8.0,42.0,2.0,11.0,6.0,69.0,163.0,215.0,56.0,0.0,0.0,0.0,0.0,0.0,0.0,0.0,0.0,0.0,9.0,0.0,0.0,0.0,6.0,0.0,2.0,0.0,1.0,2.0,7.0,0.0,0.0,0.0,0.0,0.0,0.0,0.0,0.0,0.0,0.0,0.0,0.0,0.0,0.0,0.0,0.0,0.0,0.0,0.0,0.0,0.0,0.0,0.0,1.0,0.0,0.0,3.0,0.0,0.0,1.0,2.0,4.0,1.0,2.0,0.0,0.0,0.0,0.0,0.0,0.0,0.0,0.0,0.0,0.0,0.0,0.0,0.0,0.0,0.0,0.0,0.0,0.0,0.0,0.0,0.0,0.0,0.0,3.0,0.0,0.0,5.0,0.0,0.0,1.0,5.0,7.0,1.0,4.0
699,1.0,699.0,London_198,,151,453,1092.0,70.0,2.0,185730.0,0.9042719590943307,863.0,169.0,2.0,167.0,303.0,18.0,285.0,21.0,65.0,175.0,29.0,120.0,7.0,44.0,2.0,11.0,5.0,68.0,160.0,220.0,54.0,0.0,0.0,0.0,0.0,0.0,0.0,0.0,0.0,0.0,62.0,0.0,13.0,1.0,39.0,1.0,4.0,2.0,2.0,2.0,60.0,0.0,0.0,0.0,0.0,0.0,0.0,0.0,0.0,0.0,0.0,0.0,0.0,0.0,1.0,0.0,0.0,0.0,0.0,0.0,0.0,1.0,0.0,0.0,0.0,1.0,0.0,2.0,1.0,5.0,3.0,31.0,26.0,5.0,3.0,0.0,0.0,0.0,0.0,0.0,0.0,0.0,0.0,0.0,0.0,0.0,0.0,0.0,1.0,0.0,0.0,0.0,0.0,0.0,0.0,1.0,0.0,0.0,0.0,1.0,0.0,2.0,2.0,9.0,4.0,42.0,35.0,5.0,3.0
700,1.0,700.0,London_198,,151,453,1092.0,70.0,2.0,149943.0,0.6573546840809286,784.0,56.0,0.0,56.0,96.0,0.0,96.0,196.0,73.0,164.0,28.0,126.0,12.0,43.0,1.0,6.0,9.0,70.0,152.0,222.0,57.0,0.0,0.0,0.0,0.0,0.0,0.0,0.0,0.0,0.0,13.0,0.0,2.0,2.0,6.0,0.0,2.0,0.0,1.0,0.0,13.0,0.0,0.0,0.0,0.0,0.0,0.0,0.0,0.0,0.0,0.0,0.0,0.0,0.0,0.0,0.0,0.0,0.0,0.0,0.0,0.0,0.0,2.0,0.0,1.0,0.0,0.0,2.0,1.0,1.0,3.0,10.0,9.0,2.0,3.0,0.0,0.0,0.0,0.0,0.0,0.0,0.0,0.0,0.0,0.0,0.0,0.0,0.0,0.0,0.0,0.0,0.0,0.0,0.0,0.0,0.0,3.0,0.0,1.0,0.0,0.0,2.0,2.0,1.0,5.0,15.0,12.0,3.0,6.0
701,1.0,701.0,London_198,,151,453,1092.0,70.0,2.0,166704.0,0.5885106110945344,821.0,134.0,0.0,134.0,231.0,0.0,231.0,77.0,62.0,176.0,33.0,120.0,17.0,39.0,1.0,5.0,7.0,76.0,148.0,222.0,51.0,0.0,0.0,0.0,0.0,0.0,0.0,0.0,0.0,0.0,34.0,0.0,10.0,1.0,17.0,0.0,4.0,2.0,0.0,0.0,34.0,0.0,0.0,0.0,0.0,0.0,0.0,0.0,0.0,0.0,0.0,0.0,0.0,0.0,0.0,0.0,0.0,0.0,0.0,0.0,0.0,1.0,0.0,0.0,0.0,3.0,1.0,4.0,0.0,0.0,3.0,22.0,23.0,13.0,6.0,0.0,0.0,0.0,0.0,0.0,0.0,0.0,0.0,0.0,0.0,0.0,0.0,0.0,0.0,0.0,0.0,0.0,0.0,0.0,0.0,1.0,0.0,0.0,0.0,3.0,2.0,4.0,0.0,0.0,3.0,31.0,30.0,14.0,7.0
702,1.0,702.0,London_198,,151,453,1092.0,70.0,2.0,141789.0,0.3376255228649825,766.0,12.0,2.0,10.0,35.0,17.0,18.0,171.0,65.0,193.0,32.0,112.0,12.0,30.0,4.0,5.0,10.0,77.0,146.0,220.0,55.0,0.0,0.0,0.0,0.0,0.0,0.0,0.0,0.0,0.0,4.0,0.0,0.0,0.0,2.0,0.0,2.0,0.0,0.0,2.0,2.0,0.0,0.0,0.0,0.0,0.0,0.0,0.0,0.0,0.0,0.0,0.0,0.0,0.0,0.0,0.0,0.0,0.0,0.0,0.0,0.0,0.0,1.0,0.0,0.0,0.0,0.0,0.0,0.0,1.0,0.0,2.0,0.0,2.0,1.0,0.0,0.0,0.0,0.0,0.0,0.0,0.0,0.0,0.0,0.0,0.0,0.0,0.0,0.0,0.0,0.0,0.0,0.0,0.0,0.0,0.0,1.0,0.0,0.0,0.0,0.0,0.0,0.0,1.0,0.0,4.0,0.0,3.0,1.0
703,1.0,703.0,London_198,,151,453,1092.0,70.0,2.0,176217.0,0.48693555616773665,842.0,95.0,0.0,95.0,157.0,0.0,157.0,16.0,63.0,192.0,32.0,116.0,11.0,30.0,4.0,5.0,12.0,78.0,144.0,219.0,58.0,0.0,0.0,0.0,0.0,0.0,0.0,0.0,0.0,0.0,34.0,0.0,10.0,1.0,21.0,1.0,1.0,0.0,0.0,0.0,34.0,0.0,0.0,0.0,0.0,0.0,0.0,0.0,0.0,0.0,0.0,0.0,0.0,0.0,0.0,0.0,0.0,0.0,0.0,0.0,0.0,1.0,0.0,0.0,0.0,0.0,0.0,3.0,0.0,0.0,2.0,14.0,10.0,5.0,2.0,0.0,0.0,0.0,0.0,0.0,0.0,0.0,0.0,0.0,0.0,0.0,0.0,0.0,0.0,0.0,0.0,0.0,0.0,0.0,0.0,2.0,0.0,0.0,0.0,0.0,0.0,3.0,0.0,0.0,3.0,19.0,11.0,6.0,2.0
704,1.0,704.0,London_198,,151,453,1092.0,70.0,2.0,174858.0,0.3476984661538154,839.0,114.0,2.0,112.0,208.0,20.0,188.0,107.0,71.0,170.0,32.0,122.0,13.0,31.0,5.0,9.0,12.0,63.0,144.0,234.0,55.0,0.0,0.0,0.0,0.0,0.0,0.0,0.0,0.0,0.0,37.0,0.0,9.0,1.0,22.0,0.0,4.0,0.0,1.0,2.0,35.0,0.0,0.0,0.0,0.0,0.0,0.0,0.0,0.0,0.0,0.0,0.0,0.0,0.0,0.0,2.0,0.0,0.0,0.0,0.0,0.0,0.0,0.0,0.0,0.0,0.0,0.0,2.0,1.0,0.0,1.0,10.0,20.0,8.0,3.0,0.0,0.0,0.0,0.0,0.0,0.0,0.0,0.0,0.0,0.0,0.0,0.0,0.0,0.0,10.0,0.0,0.0,0.0,0.0,0.0,0.0,0.0,0.0,0.0,0.0,0.0,2.0,2.0,0.0,1.0,11.0,29.0,11.0,3.0
705,1.0,705.0,London_198,,151,453,1092.0,70.0,2.0,157644.0,0.5590395408216864,801.0,118.0,2.0,116.0,213.0,15.0,198.0,145.0,78.0,163.0,30.0,127.0,10.0,30.0,5.0,10.0,12.0,69.0,151.0,221.0,54.0,0.0,0.0,0.0,0.0,0.0,0.0,0.0,0.0,0.0,33.0,0.0,12.0,4.0,10.0,0.0,4.0,0.0,3.0,2.0,31.0,0.0,0.0,0.0,0.0,0.0,0.0,0.0,0.0,0.0,0.0,0.0,0.0,0.0,0.0,0.0,0.0,0.0,0.0,0.0,0.0,0.0,0.0,1.0,0.0,0.0,1.0,5.0,2.0,0.0,6.0,17.0,24.0,5.0,7.0,0.0,0.0,0.0,0.0,0.0,0.0,0.0,0.0,0.0,0.0,0.0,0.0,0.0,0.0,0.0,0.0,0.0,0.0,0.0,0.0,0.0,0.0,1.0,0.0,0.0,1.0,5.0,4.0,0.0,6.0,24.0,34.0,6.0,8.0
706,1.0,706.0,London_198,,151,453,1092.0,70.0,2.0,144054.0,0.5204979330301285,771.0,70.0,1.0,69.0,120.0,9.0,111.0,157.0,73.0,173.0,24.0,123.0,9.0,35.0,4.0,12.0,11.0,61.0,152.0,229.0,54.0,0.0,0.0,0.0,0.0,0.0,0.0,0.0,0.0,0.0,14.0,0.0,5.0,2.0,5.0,0.0,2.0,0.0,0.0,1.0,13.0,0.0,0.0,0.0,0.0,0.0,0.0,0.0,0.0,0.0,0.0,0.0,0.0,0.0,0.0,0.0,0.0,0.0,0.0,0.0,0.0,1.0,0.0,0.0,0.0,0.0,0.0,1.0,2.0,0.0,2.0,11.0,10.0,11.0,1.0,0.0,0.0,0.0,0.0,0.0,0.0,0.0,0.0,0.0,0.0,0.0,0.0,0.0,0.0,0.0,0.0,0.0,0.0,0.0,0.0,1.0,0.0,0.0,0.0,0.0,0.0,2.0,2.0,0.0,2.0,16.0,16.0,12.0,1.0
707,1.0,707.0,London_198,,151,453,1092.0,70.0,2.0,158097.0,0.878683771006763,802.0,97.0,1.0,96.0,165.0,8.0,157.0,92.0,65.0,175.0,33.0,114.0,11.0,42.0,3.0,10.0,10.0,71.0,151.0,221.0,55.0,0.0,0.0,0.0,0.0,0.0,0.0,0.0,0.0,0.0,23.0,0.0,11.0,2.0,5.0,0.0,2.0,1.0,2.0,0.0,23.0,0.0,0.0,0.0,0.0,0.0,0.0,0.0,0.0,0.0,0.0,0.0,0.0,0.0,0.0,1.0,0.0,0.0,0.0,0.0,0.0,2.0,0.0,1.0,0.0,0.0,0.0,0.0,1.0,2.0,4.0,18.0,20.0,5.0,7.0,0.0,0.0,0.0,0.0,0.0,0.0,0.0,0.0,0.0,0.0,0.0,0.0,0.0,0.0,6.0,0.0,0.0,0.0,0.0,0.0,2.0,0.0,1.0,0.0,0.0,0.0,0.0,2.0,2.0,6.0,22.0,27.0,5.0,8.0
708,1.0,708.0,London_198,,151,453,1092.0,70.0,2.0,154473.0,0.32599752419628203,794.0,106.0,0.0,106.0,177.0,0.0,177.0,129.0,64.0,178.0,30.0,107.0,12.0,46.0,5.0,11.0,13.0,78.0,139.0,223.0,52.0,0.0,0.0,0.0,0.0,0.0,0.0,0.0,0.0,0.0,29.0,0.0,12.0,0.0,14.0,0.0,3.0,0.0,0.0,0.0,29.0,0.0,0.0,0.0,0.0,0.0,0.0,0.0,0.0,0.0,0.0,0.0,0.0,0.0,0.0,0.0,0.0,0.0,0.0,0.0,0.0,1.0,1.0,0.0,0.0,2.0,1.0,1.0,3.0,2.0,5.0,14.0,21.0,3.0,3.0,0.0,0.0,0.0,0.0,0.0,0.0,0.0,0.0,0.0,0.0,0.0,0.0,0.0,0.0,0.0,0.0,0.0,0.0,0.0,0.0,1.0,1.0,0.0,0.0,2.0,1.0,1.0,3.0,3.0,7.0,19.0,27.0,3.0,4.0
709,1.0,709.0,London_198,,151,453,1092.0,70.0,2.0,142242.0,0.31408036686480045,767.0,96.0,2.0,94.0,183.0,19.0,164.0,133.0,59.0,170.0,43.0,118.0,13.0,39.0,4.0,7.0,12.0,80.0,148.0,213.0,45.0,0.0,0.0,0.0,0.0,0.0,0.0,0.0,0.0,0.0,23.0,0.0,9.0,0.0,7.0,1.0,3.0,1.0,2.0,2.0,21.0,0.0,0.0,0.0,0.0,0.0,0.0,0.0,0.0,0.0,0.0,0.0,0.0,0.0,0.0,0.0,0.0,0.0,0.0,0.0,0.0,2.0,0.0,0.0,1.0,1.0,0.0,5.0,4.0,1.0,4.0,17.0,20.0,4.0,5.0,0.0,0.0,0.0,0.0,0.0,0.0,0.0,0.0,0.0,0.0,0.0,0.0,0.0,0.0,0.0,0.0,0.0,0.0,0.0,0.0,3.0,0.0,0.0,2.0,1.0,0.0,7.0,6.0,3.0,5.0,24.0,33.0,6.0,9.0
710,1.0,710.0,London_198,,151,453,1092.0,70.0,2.0,137712.0,0.344678508117795,757.0,36.0,0.0,36.0,71.0,0.0,71.0,138.0,70.0,170.0,29.0,126.0,8.0,39.0,6.0,5.0,9.0,81.0,147.0,216.0,46.0,0.0,0.0,0.0,0.0,0.0,0.0,0.0,0.0,0.0,5.0,0.0,0.0,0.0,3.0,0.0,1.0,0.0,1.0,0.0,5.0,0.0,0.0,0.0,0.0,0.0,0.0,0.0,0.0,0.0,0.0,0.0,0.0,0.0,0.0,0.0,0.0,0.0,0.0,0.0,0.0,0.0,0.0,0.0,0.0,0.0,0.0,0.0,1.0,0.0,4.0,5.0,7.0,5.0,1.0,0.0,0.0,0.0,0.0,0.0,0.0,0.0,0.0,0.0,0.0,0.0,0.0,0.0,0.0,0.0,0.0,0.0,0.0,0.0,0.0,0.0,0.0,0.0,0.0,0.0,0.0,0.0,2.0,0.0,5.0,6.0,12.0,6.0,1.0
711,1.0,711.0,London_198,,151,453,1092.0,70.0,2.0,166251.0,0.3416023510508239,820.0,71.0,0.0,71.0,121.0,0.0,121.0,62.0,80.0,169.0,28.0,125.0,8.0,30.0,6.0,7.0,9.0,79.0,147.0,218.0,42.0,0.0,0.0,0.0,0.0,0.0,0.0,0.0,0.0,0.0,18.0,0.0,4.0,0.0,12.0,0.0,1.0,0.0,1.0,0.0,18.0,0.0,0.0,0.0,0.0,0.0,0.0,0.0,0.0,0.0,0.0,0.0,0.0,0.0,0.0,0.0,0.0,0.0,0.0,0.0,0.0,0.0,1.0,0.0,0.0,0.0,0.0,1.0,0.0,0.0,1.0,10.0,14.0,1.0,2.0,0.0,0.0,0.0,0.0,0.0,0.0,0.0,0.0,0.0,0.0,0.0,0.0,0.0,0.0,0.0,0.0,0.0,0.0,0.0,0.0,0.0,1.0,0.0,0.0,0.0,0.0,1.0,0.0,0.0,1.0,12.0,22.0,1.0,3.0
712,1.0,712.0,London_198,,151,453,1092.0,70.0,2.0,167157.0,0.37201882200315595,822.0,87.0,2.0,85.0,154.0,17.0,137.0,93.0,76.0,164.0,29.0,129.0,11.0,29.0,6.0,9.0,12.0,81.0,148.0,212.0,48.0,0.0,0.0,0.0,0.0,0.0,0.0,0.0,0.0,0.0,23.0,0.0,6.0,3.0,12.0,0.0,2.0,0.0,0.0,2.0,21.0,0.0,0.0,0.0,0.0,0.0,0.0,0.0,0.0,0.0,0.0,0.0,0.0,0.0,0.0,0.0,0.0,0.0,0.0,0.0,0.0,0.0,1.0,0.0,0.0,3.0,0.0,1.0,1.0,0.0,0.0,16.0,16.0,7.0,2.0,0.0,0.0,0.0,0.0,0.0,0.0,0.0,0.0,0.0,0.0,0.0,0.0,0.0,0.0,0.0,0.0,0.0,0.0,0.0,0.0,0.0,1.0,0.0,0.0,3.0,0.0,1.0,1.0,0.0,0.0,18.0,21.0,9.0,3.0
713,1.0,713.0,London_198,,151,453,1092.0,70.0,2.0,167157.0,0.38257497805170715,822.0,93.0,2.0,91.0,191.0,18.0,173.0,106.0,72.0,150.0,25.0,141.0,18.0,31.0,3.0,13.0,13.0,87.0,161.0,192.0,56.0,0.0,0.0,0.0,0.0,0.0,0.0,0.0,0.0,0.0,20.0,0.0,4.0,2.0,10.0,0.0,4.0,0.0,0.0,2.0,18.0,0.0,0.0,0.0,0.0,0.0,0.0,0.0,0.0,0.0,0.0,0.0,0.0,0.0,0.0,0.0,0.0,0.0,0.0,0.0,0.0,1.0,1.0,1.0,0.0,3.0,0.0,0.0,3.0,0.0,2.0,16.0,15.0,3.0,5.0,0.0,0.0,0.0,0.0,0.0,0.0,0.0,0.0,0.0,0.0,0.0,0.0,0.0,0.0,0.0,0.0,0.0,0.0,0.0,0.0,1.0,1.0,1.0,0.0,3.0,0.0,0.0,4.0,0.0,2.0,26.0,26.0,5.0,6.0
714,1.0,714.0,London_198,,151,453,1092.0,70.0,2.0,168063.0,0.46366601693443954,824.0,58.0,2.0,56.0,110.0,18.0,92.0,146.0,80.0,155.0,22.0,139.0,19.0,25.0,1.0,12.0,7.0,76.0,166.0,204.0,51.0,0.0,0.0,0.0,0.0,0.0,0.0,0.0,0.0,0.0,13.0,0.0,3.0,0.0,7.0,0.0,2.0,0.0,1.0,2.0,11.0,0.0,0.0,0.0,0.0,0.0,0.0,0.0,0.0,0.0,0.0,0.0,0.0,0.0,0.0,1.0,0.0,0.0,0.0,0.0,0.0,2.0,0.0,0.0,0.0,3.0,0.0,2.0,1.0,1.0,3.0,8.0,15.0,3.0,3.0,0.0,0.0,0.0,0.0,0.0,0.0,0.0,0.0,0.0,0.0,0.0,0.0,0.0,0.0,3.0,0.0,0.0,0.0,0.0,0.0,2.0,0.0,0.0,0.0,3.0,0.0,3.0,1.0,1.0,3.0,12.0,20.0,4.0,3.0
715,1.0,715.0,London_198,,151,453,1092.0,70.0,2.0,181200.0,0.5593267348594964,853.0,138.0,0.0,138.0,213.0,0.0,213.0,88.0,79.0,153.0,25.0,135.0,20.0,29.0,1.0,11.0,7.0,68.0,168.0,210.0,50.0,0.0,0.0,0.0,0.0,0.0,0.0,0.0,0.0,0.0,50.0,0.0,9.0,7.0,30.0,0.0,2.0,1.0,1.0,0.0,50.0,0.0,0.0,0.0,0.0,0.0,0.0,0.0,0.0,0.0,0.0,0.0,0.0,0.0,0.0,0.0,0.0,0.0,0.0,0.0,0.0,0.0,1.0,0.0,0.0,3.0,0.0,0.0,0.0,3.0,1.0,15.0,24.0,5.0,6.0,0.0,0.0,0.0,0.0,0.0,0.0,0.0,0.0,0.0,0.0,0.0,0.0,0.0,0.0,0.0,0.0,0.0,0.0,0.0,0.0,0.0,1.0,0.0,0.0,3.0,0.0,0.0,0.0,3.0,1.0,20.0,32.0,5.0,10.0
716,1.0,716.0,London_198,,151,453,1092.0,70.0,2.0,159456.0,0.3990984840784222,805.0,112.0,1.0,111.0,211.0,11.0,200.0,140.0,63.0,164.0,27.0,141.0,16.0,34.0,2.0,6.0,8.0,62.0,151.0,232.0,57.0,0.0,0.0,0.0,0.0,0.0,0.0,0.0,0.0,0.0,34.0,0.0,3.0,4.0,22.0,0.0,3.0,0.0,2.0,1.0,33.0,0.0,0.0,0.0,0.0,0.0,0.0,0.0,0.0,0.0,0.0,0.0,0.0,0.0,0.0,1.0,0.0,0.0,0.0,0.0,0.0,1.0,0.0,0.0,0.0,0.0,0.0,0.0,4.0,0.0,4.0,13.0,18.0,7.0,6.0,0.0,0.0,0.0,0.0,0.0,0.0,0.0,0.0,0.0,0.0,0.0,0.0,0.0,0.0,2.0,0.0,0.0,0.0,0.0,0.0,1.0,0.0,0.0,0.0,0.0,0.0,0.0,5.0,0.0,5.0,22.0,27.0,7.0,9.0
717,1.0,717.0,London_198,,151,453,1092.0,70.0,2.0,151302.0,0.4273167899809778,787.0,105.0,1.0,104.0,190.0,10.0,180.0,144.0,62.0,168.0,27.0,143.0,12.0,30.0,3.0,8.0,8.0,67.0,147.0,231.0,57.0,0.0,0.0,0.0,0.0,0.0,0.0,0.0,0.0,0.0,25.0,0.0,4.0,2.0,13.0,1.0,5.0,0.0,0.0,1.0,24.0,0.0,0.0,0.0,0.0,0.0,0.0,0.0,0.0,0.0,0.0,0.0,0.0,0.0,1.0,0.0,0.0,0.0,0.0,0.0,0.0,1.0,0.0,0.0,1.0,3.0,0.0,1.0,0.0,0.0,2.0,22.0,15.0,10.0,4.0,0.0,0.0,0.0,0.0,0.0,0.0,0.0,0.0,0.0,0.0,0.0,0.0,0.0,1.0,0.0,0.0,0.0,0.0,0.0,0.0,1.0,0.0,0.0,2.0,4.0,0.0,1.0,0.0,0.0,7.0,34.0,20.0,13.0,9.0
718,1.0,718.0,London_198,,151,453,1092.0,70.0,2.0,136353.0,0.466095183044672,754.0,89.0,0.0,89.0,144.0,0.0,144.0,142.0,64.0,165.0,29.0,139.0,8.0,37.0,2.0,9.0,8.0,67.0,152.0,226.0,64.0,0.0,0.0,0.0,0.0,0.0,0.0,0.0,0.0,0.0,13.0,0.0,5.0,3.0,5.0,0.0,0.0,0.0,0.0,0.0,13.0,0.0,0.0,0.0,0.0,0.0,0.0,0.0,0.0,0.0,0.0,0.0,0.0,0.0,0.0,0.0,0.0,0.0,0.0,0.0,0.0,2.0,0.0,0.0,0.0,6.0,1.0,4.0,1.0,3.0,4.0,17.0,14.0,8.0,1.0,0.0,0.0,0.0,0.0,0.0,0.0,0.0,0.0,0.0,0.0,0.0,0.0,0.0,0.0,0.0,0.0,0.0,0.0,0.0,0.0,3.0,0.0,0.0,0.0,6.0,2.0,4.0,1.0,5.0,4.0,25.0,21.0,10.0,2.0
719,1.0,719.0,London_198,,151,453,1092.0,70.0,2.0,124575.0,0.426124834921211,728.0,23.0,0.0,23.0,36.0,0.0,36.0,121.0,64.0,170.0,27.0,139.0,12.0,33.0,2.0,6.0,10.0,68.0,166.0,209.0,52.0,0.0,0.0,0.0,0.0,0.0,0.0,0.0,0.0,0.0,2.0,0.0,0.0,1.0,1.0,0.0,0.0,0.0,0.0,0.0,2.0,0.0,0.0,0.0,0.0,0.0,0.0,0.0,0.0,0.0,0.0,0.0,0.0,0.0,0.0,0.0,0.0,0.0,0.0,0.0,0.0,1.0,0.0,0.0,1.0,0.0,0.0,0.0,0.0,2.0,2.0,3.0,6.0,1.0,3.0,0.0,0.0,0.0,0.0,0.0,0.0,0.0,0.0,0.0,0.0,0.0,0.0,0.0,0.0,0.0,0.0,0.0,0.0,0.0,0.0,1.0,0.0,0.0,1.0,0.0,0.0,0.0,0.0,2.0,2.0,3.0,10.0,1.0,5.0
720,1.0,720.0,London_198,,151,453,1092.0,70.0,2.0,152208.0,0.8838924490846694,789.0,73.0,2.0,71.0,154.0,19.0,135.0,34.0,63.0,180.0,20.0,137.0,13.0,32.0,2.0,6.0,10.0,73.0,167.0,203.0,55.0,0.0,0.0,0.0,0.0,0.0,0.0,0.0,0.0,0.0,17.0,0.0,1.0,1.0,11.0,0.0,2.0,0.0,2.0,2.0,15.0,0.0,0.0,0.0,0.0,0.0,0.0,0.0,0.0,0.0,0.0,0.0,0.0,0.0,0.0,0.0,0.0,0.0,0.0,0.0,0.0,1.0,1.0,0.0,0.0,2.0,0.0,0.0,2.0,0.0,0.0,7.0,12.0,2.0,4.0,0.0,0.0,0.0,0.0,0.0,0.0,0.0,0.0,0.0,0.0,0.0,0.0,0.0,0.0,0.0,0.0,0.0,0.0,0.0,0.0,1.0,1.0,0.0,0.0,2.0,0.0,0.0,2.0,0.0,0.0,15.0,17.0,4.0,6.0
721,1.0,721.0,London_198,,151,453,1092.0,70.0,2.0,157644.0,0.5165707168634981,801.0,111.0,1.0,110.0,204.0,10.0,194.0,107.0,67.0,171.0,26.0,124.0,16.0,40.0,2.0,7.0,8.0,66.0,161.0,218.0,55.0,0.0,0.0,0.0,0.0,0.0,0.0,0.0,0.0,0.0,30.0,0.0,6.0,5.0,16.0,0.0,2.0,0.0,1.0,0.0,30.0,0.0,0.0,0.0,0.0,0.0,0.0,0.0,0.0,0.0,0.0,0.0,0.0,0.0,0.0,0.0,0.0,0.0,0.0,0.0,0.0,0.0,1.0,1.0,0.0,1.0,0.0,2.0,1.0,2.0,2.0,13.0,20.0,2.0,4.0,0.0,0.0,0.0,0.0,0.0,0.0,0.0,0.0,0.0,0.0,0.0,0.0,0.0,0.0,0.0,0.0,0.0,0.0,0.0,0.0,0.0,2.0,1.0,0.0,1.0,0.0,2.0,2.0,3.0,2.0,24.0,28.0,2.0,5.0
722,1.0,722.0,London_198,,151,453,1092.0,70.0,2.0,143148.0,0.4525547530502081,769.0,82.0,0.0,82.0,145.0,0.0,145.0,153.0,66.0,164.0,34.0,134.0,11.0,33.0,3.0,8.0,7.0,68.0,157.0,221.0,56.0,0.0,0.0,0.0,0.0,0.0,0.0,0.0,0.0,0.0,17.0,0.0,3.0,0.0,10.0,1.0,1.0,1.0,1.0,0.0,17.0,0.0,0.0,0.0,0.0,0.0,0.0,0.0,0.0,0.0,0.0,0.0,0.0,0.0,0.0,0.0,0.0,0.0,0.0,0.0,0.0,0.0,1.0,1.0,0.0,4.0,0.0,2.0,3.0,3.0,2.0,13.0,13.0,4.0,5.0,0.0,0.0,0.0,0.0,0.0,0.0,0.0,0.0,0.0,0.0,0.0,0.0,0.0,0.0,0.0,0.0,0.0,0.0,0.0,0.0,0.0,1.0,1.0,0.0,4.0,0.0,2.0,3.0,3.0,2.0,17.0,17.0,5.0,5.0
723,1.0,723.0,London_198,,151,453,1092.0,70.0,2.0,132729.0,0.4136628119740635,746.0,88.0,0.0,88.0,160.0,0.0,160.0,117.0,62.0,173.0,29.0,124.0,14.0,44.0,2.0,5.0,7.0,71.0,165.0,210.0,58.0,0.0,0.0,0.0,0.0,0.0,0.0,0.0,0.0,0.0,13.0,0.0,2.0,1.0,10.0,0.0,0.0,0.0,0.0,0.0,13.0,0.0,0.0,0.0,0.0,0.0,0.0,0.0,0.0,0.0,0.0,0.0,0.0,0.0,0.0,0.0,0.0,0.0,0.0,0.0,0.0,0.0,2.0,0.0,0.0,2.0,0.0,2.0,5.0,2.0,4.0,13.0,21.0,11.0,5.0,0.0,0.0,0.0,0.0,0.0,0.0,0.0,0.0,0.0,0.0,0.0,0.0,0.0,0.0,0.0,0.0,0.0,0.0,0.0,0.0,0.0,3.0,0.0,0.0,2.0,0.0,4.0,5.0,4.0,6.0,18.0,32.0,13.0,7.0
724,1.0,724.0,London_198,,151,453,1092.0,70.0,2.0,123216.0,0.6113695038948208,725.0,52.0,1.0,51.0,100.0,11.0,89.0,134.0,61.0,174.0,39.0,113.0,10.0,45.0,4.0,7.0,7.0,61.0,166.0,219.0,54.0,0.0,0.0,0.0,0.0,0.0,0.0,0.0,0.0,0.0,6.0,0.0,0.0,0.0,6.0,0.0,0.0,0.0,0.0,1.0,5.0,0.0,0.0,0.0,0.0,0.0,0.0,0.0,0.0,0.0,0.0,0.0,0.0,0.0,0.0,1.0,0.0,0.0,0.0,0.0,0.0,2.0,0.0,0.0,1.0,4.0,0.0,3.0,3.0,2.0,0.0,7.0,12.0,2.0,1.0,0.0,0.0,0.0,0.0,0.0,0.0,0.0,0.0,0.0,0.0,0.0,0.0,0.0,0.0,3.0,0.0,0.0,0.0,0.0,0.0,2.0,0.0,0.0,1.0,4.0,0.0,5.0,4.0,2.0,0.0,9.0,21.0,3.0,1.0
725,1.0,725.0,London_198,,151,453,1092.0,70.0,2.0,129105.0,0.45677562104538083,738.0,4.0,0.0,4.0,7.0,0.0,7.0,85.0,59.0,170.0,36.0,118.0,9.0,49.0,5.0,7.0,7.0,61.0,162.0,223.0,59.0,0.0,0.0,0.0,0.0,0.0,0.0,0.0,0.0,0.0,0.0,0.0,0.0,0.0,0.0,0.0,0.0,0.0,0.0,0.0,0.0,0.0,0.0,0.0,0.0,0.0,0.0,0.0,0.0,0.0,0.0,0.0,0.0,0.0,0.0,0.0,0.0,0.0,0.0,0.0,0.0,0.0,0.0,0.0,0.0,1.0,0.0,0.0,1.0,0.0,1.0,0.0,2.0,0.0,0.0,0.0,0.0,0.0,0.0,0.0,0.0,0.0,0.0,0.0,0.0,0.0,0.0,0.0,0.0,0.0,0.0,0.0,0.0,0.0,0.0,0.0,0.0,0.0,0.0,1.0,0.0,0.0,1.0,0.0,1.0,0.0,3.0,0.0,0.0
726,1.0,726.0,London_198,,151,453,1092.0,70.0,2.0,159456.0,0.708028560038656,805.0,133.0,2.0,131.0,248.0,19.0,229.0,7.0,57.0,172.0,37.0,120.0,9.0,46.0,5.0,7.0,7.0,61.0,163.0,222.0,60.0,0.0,0.0,0.0,0.0,0.0,0.0,0.0,0.0,0.0,39.0,0.0,4.0,1.0,29.0,2.0,1.0,0.0,2.0,2.0,37.0,0.0,0.0,0.0,0.0,0.0,0.0,0.0,0.0,0.0,0.0,0.0,0.0,0.0,1.0,0.0,0.0,0.0,0.0,0.0,0.0,0.0,1.0,0.0,0.0,1.0,1.0,2.0,5.0,3.0,2.0,16.0,20.0,11.0,8.0,0.0,0.0,0.0,0.0,0.0,0.0,0.0,0.0,0.0,0.0,0.0,0.0,0.0,6.0,0.0,0.0,0.0,0.0,0.0,0.0,0.0,1.0,0.0,0.0,1.0,2.0,2.0,5.0,3.0,2.0,20.0,27.0,16.0,14.0
727,1.0,727.0,London_198,,151,453,1092.0,70.0,2.0,139524.0,1.0462664510123432,761.0,108.0,2.0,106.0,196.0,19.0,177.0,183.0,53.0,162.0,42.0,139.0,14.0,38.0,2.0,3.0,8.0,58.0,156.0,231.0,48.0,0.0,0.0,0.0,0.0,0.0,0.0,0.0,0.0,0.0,30.0,0.0,5.0,2.0,21.0,0.0,0.0,0.0,2.0,2.0,28.0,0.0,0.0,0.0,0.0,0.0,0.0,0.0,0.0,0.0,0.0,0.0,0.0,0.0,0.0,1.0,0.0,0.0,0.0,0.0,0.0,1.0,1.0,0.0,1.0,1.0,0.0,2.0,4.0,3.0,2.0,14.0,15.0,6.0,3.0,0.0,0.0,0.0,0.0,0.0,0.0,0.0,0.0,0.0,0.0,0.0,0.0,0.0,0.0,2.0,0.0,0.0,0.0,0.0,0.0,1.0,1.0,0.0,1.0,1.0,0.0,3.0,5.0,4.0,2.0,22.0,23.0,10.0,4.0
728,1.0,728.0,London_198,,151,453,1092.0,70.0,2.0,131370.0,0.28249440691433847,743.0,92.0,1.0,91.0,186.0,10.0,176.0,138.0,61.0,149.0,35.0,142.0,14.0,41.0,5.0,6.0,11.0,56.0,160.0,226.0,51.0,0.0,0.0,0.0,0.0,0.0,0.0,0.0,0.0,0.0,27.0,0.0,5.0,3.0,15.0,0.0,0.0,2.0,2.0,1.0,26.0,0.0,0.0,0.0,0.0,0.0,0.0,0.0,0.0,0.0,0.0,0.0,0.0,0.0,0.0,0.0,0.0,0.0,0.0,0.0,0.0,0.0,1.0,0.0,0.0,2.0,0.0,6.0,1.0,0.0,2.0,14.0,17.0,9.0,3.0,0.0,0.0,0.0,0.0,0.0,0.0,0.0,0.0,0.0,0.0,0.0,0.0,0.0,0.0,0.0,0.0,0.0,0.0,0.0,0.0,0.0,1.0,0.0,0.0,2.0,0.0,8.0,1.0,0.0,2.0,23.0,24.0,10.0,5.0
729,1.0,729.0,London_198,,151,453,1092.0,70.0,2.0,120498.0,0.263117988826707,719.0,31.0,0.0,31.0,55.0,0.0,55.0,136.0,56.0,161.0,33.0,140.0,12.0,39.0,4.0,8.0,9.0,72.0,165.0,207.0,60.0,0.0,0.0,0.0,0.0,0.0,0.0,0.0,0.0,0.0,2.0,0.0,0.0,0.0,1.0,0.0,0.0,0.0,1.0,0.0,2.0,0.0,0.0,0.0,0.0,0.0,0.0,0.0,0.0,0.0,0.0,0.0,0.0,0.0,0.0,0.0,0.0,0.0,0.0,0.0,0.0,0.0,1.0,0.0,0.0,1.0,0.0,3.0,1.0,0.0,1.0,4.0,5.0,5.0,1.0,0.0,0.0,0.0,0.0,0.0,0.0,0.0,0.0,0.0,0.0,0.0,0.0,0.0,0.0,0.0,0.0,0.0,0.0,0.0,0.0,0.0,2.0,0.0,0.0,1.0,0.0,4.0,4.0,0.0,1.0,5.0,11.0,8.0,2.0
730,1.0,730.0,London_198,,151,453,1092.0,70.0,2.0,140883.0,0.7513606890570372,764.0,57.0,0.0,57.0,95.0,0.0,95.0,52.0,52.0,169.0,28.0,144.0,12.0,40.0,2.0,6.0,9.0,73.0,166.0,205.0,59.0,0.0,0.0,0.0,0.0,0.0,0.0,0.0,0.0,0.0,14.0,0.0,1.0,2.0,8.0,0.0,0.0,0.0,3.0,0.0,14.0,0.0,0.0,0.0,0.0,0.0,0.0,0.0,0.0,0.0,0.0,0.0,0.0,0.0,0.0,0.0,0.0,0.0,0.0,0.0,0.0,0.0,2.0,0.0,0.0,0.0,0.0,3.0,1.0,0.0,5.0,6.0,10.0,3.0,2.0,0.0,0.0,0.0,0.0,0.0,0.0,0.0,0.0,0.0,0.0,0.0,0.0,0.0,0.0,0.0,0.0,0.0,0.0,0.0,0.0,0.0,3.0,0.0,0.0,0.0,0.0,3.0,2.0,0.0,7.0,7.0,13.0,4.0,4.0
731,1.0,731.0,London_198,,151,453,1092.0,70.0,2.0,172140.0,0.6059151939116418,833.0,63.0,0.0,63.0,113.0,0.0,113.0,73.0,46.0,172.0,36.0,146.0,12.0,34.0,0.0,7.0,10.0,73.0,169.0,201.0,62.0,0.0,0.0,0.0,0.0,0.0,0.0,0.0,0.0,0.0,21.0,0.0,8.0,2.0,7.0,0.0,2.0,0.0,2.0,0.0,21.0,0.0,0.0,0.0,0.0,0.0,0.0,0.0,0.0,0.0,0.0,0.0,0.0,0.0,0.0,0.0,0.0,0.0,0.0,0.0,0.0,0.0,1.0,0.0,0.0,0.0,0.0,1.0,0.0,0.0,1.0,7.0,12.0,1.0,1.0,0.0,0.0,0.0,0.0,0.0,0.0,0.0,0.0,0.0,0.0,0.0,0.0,0.0,0.0,0.0,0.0,0.0,0.0,0.0,0.0,0.0,1.0,0.0,0.0,0.0,0.0,1.0,0.0,0.0,1.0,11.0,16.0,1.0,1.0
732,1.0,732.0,London_198,,151,453,1092.0,70.0,2.0,197508.0,0.7128422020468861,889.0,54.0,1.0,53.0,103.0,10.0,93.0,82.0,48.0,167.0,31.0,152.0,11.0,39.0,0.0,5.0,10.0,77.0,169.0,197.0,61.0,0.0,0.0,0.0,0.0,0.0,0.0,0.0,0.0,0.0,21.0,0.0,5.0,1.0,10.0,0.0,1.0,0.0,4.0,1.0,20.0,0.0,0.0,0.0,0.0,0.0,0.0,0.0,0.0,0.0,0.0,0.0,0.0,0.0,0.0,1.0,0.0,0.0,0.0,0.0,0.0,1.0,0.0,0.0,0.0,2.0,0.0,0.0,1.0,0.0,1.0,5.0,10.0,4.0,0.0,0.0,0.0,0.0,0.0,0.0,0.0,0.0,0.0,0.0,0.0,0.0,0.0,0.0,0.0,2.0,0.0,0.0,0.0,0.0,0.0,1.0,0.0,0.0,0.0,2.0,0.0,0.0,2.0,0.0,1.0,7.0,16.0,6.0,0.0
733,1.0,733.0,London_198,,151,453,1092.0,70.0,2.0,219705.0,0.6908606239594519,938.0,147.0,2.0,145.0,274.0,19.0,255.0,66.0,46.0,177.0,29.0,151.0,10.0,38.0,0.0,2.0,12.0,72.0,168.0,201.0,64.0,0.0,0.0,0.0,0.0,0.0,0.0,0.0,0.0,0.0,64.0,0.0,25.0,9.0,20.0,0.0,7.0,0.0,3.0,1.0,63.0,0.0,0.0,0.0,0.0,0.0,0.0,0.0,0.0,0.0,0.0,0.0,0.0,0.0,0.0,0.0,0.0,0.0,0.0,0.0,0.0,0.0,0.0,0.0,0.0,0.0,1.0,0.0,1.0,0.0,0.0,14.0,27.0,2.0,2.0,0.0,0.0,0.0,0.0,0.0,0.0,0.0,0.0,0.0,0.0,0.0,0.0,0.0,0.0,0.0,0.0,0.0,0.0,0.0,0.0,0.0,0.0,0.0,0.0,0.0,1.0,0.0,1.0,0.0,0.0,23.0,35.0,2.0,2.0
734,1.0,734.0,London_198,,151,453,1092.0,70.0,2.0,196602.0,0.4158172239549458,887.0,129.0,2.0,127.0,230.0,18.0,212.0,158.0,47.0,171.0,38.0,137.0,12.0,41.0,2.0,5.0,16.0,72.0,162.0,203.0,59.0,0.0,0.0,0.0,0.0,0.0,0.0,0.0,0.0,0.0,51.0,0.0,12.0,4.0,25.0,0.0,6.0,1.0,3.0,2.0,49.0,0.0,0.0,0.0,0.0,0.0,0.0,0.0,0.0,0.0,0.0,0.0,0.0,0.0,0.0,0.0,0.0,0.0,0.0,0.0,0.0,0.0,1.0,0.0,0.0,0.0,1.0,1.0,3.0,1.0,2.0,17.0,19.0,8.0,2.0,0.0,0.0,0.0,0.0,0.0,0.0,0.0,0.0,0.0,0.0,0.0,0.0,0.0,0.0,0.0,0.0,0.0,0.0,0.0,0.0,0.0,1.0,0.0,0.0,0.0,2.0,1.0,3.0,1.0,2.0,26.0,25.0,11.0,2.0
735,1.0,735.0,London_198,,151,453,1092.0,70.0,2.0,178935.0,0.7954750321805477,848.0,60.0,0.0,60.0,103.0,0.0,103.0,139.0,51.0,168.0,39.0,137.0,9.0,40.0,3.0,6.0,12.0,73.0,155.0,213.0,51.0,0.0,0.0,0.0,0.0,0.0,0.0,0.0,0.0,0.0,21.0,0.0,6.0,0.0,8.0,0.0,4.0,2.0,1.0,0.0,21.0,0.0,0.0,0.0,0.0,0.0,0.0,0.0,0.0,0.0,0.0,0.0,0.0,0.0,0.0,0.0,0.0,0.0,0.0,0.0,0.0,0.0,0.0,0.0,0.0,0.0,0.0,0.0,1.0,0.0,0.0,12.0,6.0,5.0,2.0,0.0,0.0,0.0,0.0,0.0,0.0,0.0,0.0,0.0,0.0,0.0,0.0,0.0,0.0,0.0,0.0,0.0,0.0,0.0,0.0,0.0,0.0,0.0,0.0,0.0,0.0,0.0,1.0,0.0,0.0,19.0,8.0,6.0,3.0
736,1.0,736.0,London_198,,151,453,1092.0,70.0,2.0,194790.0,0.5137731910217553,883.0,141.0,0.0,141.0,248.0,0.0,248.0,64.0,52.0,174.0,36.0,139.0,10.0,33.0,3.0,6.0,12.0,78.0,155.0,208.0,55.0,0.0,0.0,0.0,0.0,0.0,0.0,0.0,0.0,0.0,53.0,0.0,23.0,6.0,19.0,0.0,2.0,0.0,3.0,0.0,53.0,0.0,0.0,0.0,0.0,0.0,0.0,0.0,0.0,0.0,0.0,0.0,0.0,0.0,0.0,0.0,0.0,0.0,0.0,0.0,0.0,0.0,0.0,0.0,0.0,0.0,0.0,1.0,1.0,3.0,2.0,16.0,26.0,9.0,7.0,0.0,0.0,0.0,0.0,0.0,0.0,0.0,0.0,0.0,0.0,0.0,0.0,0.0,0.0,0.0,0.0,0.0,0.0,0.0,0.0,0.0,0.0,0.0,0.0,0.0,0.0,1.0,2.0,3.0,2.0,20.0,33.0,11.0,8.0
737,1.0,737.0,London_198,,151,453,1092.0,70.0,2.0,174405.0,0.5042156449053437,838.0,188.0,2.0,186.0,351.0,16.0,335.0,158.0,50.0,178.0,33.0,143.0,10.0,30.0,2.0,7.0,17.0,66.0,148.0,222.0,65.0,0.0,0.0,0.0,0.0,0.0,0.0,0.0,0.0,0.0,56.0,0.0,19.0,0.0,23.0,2.0,3.0,3.0,6.0,2.0,54.0,0.0,0.0,0.0,0.0,0.0,0.0,0.0,0.0,0.0,0.0,0.0,0.0,0.0,0.0,1.0,0.0,0.0,0.0,0.0,0.0,0.0,4.0,2.0,0.0,0.0,0.0,1.0,3.0,1.0,3.0,25.0,34.0,11.0,4.0,0.0,0.0,0.0,0.0,0.0,0.0,0.0,0.0,0.0,0.0,0.0,0.0,0.0,0.0,5.0,0.0,0.0,0.0,0.0,0.0,0.0,4.0,2.0,0.0,0.0,0.0,1.0,4.0,1.0,4.0,38.0,51.0,13.0,8.0
738,1.0,738.0,London_198,,151,453,1092.0,70.0,2.0,114156.0,0.2949166421312839,705.0,78.0,1.0,77.0,145.0,9.0,136.0,246.0,65.0,171.0,30.0,136.0,15.0,27.0,1.0,8.0,11.0,62.0,157.0,223.0,46.0,0.0,0.0,0.0,0.0,0.0,0.0,0.0,0.0,0.0,0.0,0.0,0.0,0.0,0.0,0.0,0.0,0.0,0.0,0.0,0.0,0.0,0.0,0.0,0.0,0.0,0.0,0.0,0.0,0.0,0.0,0.0,0.0,0.0,0.0,0.0,0.0,0.0,0.0,0.0,0.0,1.0,7.0,5.0,0.0,1.0,0.0,1.0,3.0,2.0,10.0,13.0,15.0,11.0,5.0,0.0,0.0,0.0,0.0,0.0,0.0,0.0,0.0,0.0,0.0,0.0,0.0,0.0,0.0,0.0,0.0,0.0,0.0,0.0,0.0,1.0,14.0,5.0,0.0,1.0,0.0,3.0,5.0,2.0,15.0,20.0,22.0,14.0,6.0
739,1.0,739.0,London_198,,151,453,1092.0,70.0,2.0,101019.0,0.28562992811203003,676.0,31.0,0.0,31.0,63.0,0.0,63.0,145.0,60.0,168.0,32.0,138.0,16.0,30.0,2.0,7.0,8.0,61.0,148.0,236.0,49.0,0.0,0.0,0.0,0.0,0.0,0.0,0.0,0.0,0.0,0.0,0.0,0.0,0.0,0.0,0.0,0.0,0.0,0.0,0.0,0.0,0.0,0.0,0.0,0.0,0.0,0.0,0.0,0.0,0.0,0.0,0.0,0.0,0.0,0.0,0.0,0.0,0.0,0.0,0.0,0.0,0.0,2.0,0.0,0.0,0.0,0.0,6.0,1.0,3.0,0.0,8.0,3.0,4.0,0.0,0.0,0.0,0.0,0.0,0.0,0.0,0.0,0.0,0.0,0.0,0.0,0.0,0.0,0.0,0.0,0.0,0.0,0.0,0.0,0.0,0.0,3.0,0.0,0.0,0.0,0.0,9.0,2.0,5.0,0.0,15.0,3.0,6.0,0.0
740,1.0,740.0,London_198,,151,453,1092.0,70.0,2.0,121404.0,0.2819504849612713,721.0,10.0,2.0,8.0,28.0,18.0,10.0,63.0,60.0,158.0,34.0,139.0,15.0,38.0,1.0,8.0,9.0,70.0,150.0,224.0,51.0,0.0,0.0,0.0,0.0,0.0,0.0,0.0,0.0,0.0,2.0,0.0,0.0,0.0,0.0,0.0,2.0,0.0,0.0,2.0,0.0,0.0,0.0,0.0,0.0,0.0,0.0,0.0,0.0,0.0,0.0,0.0,0.0,0.0,0.0,0.0,0.0,0.0,0.0,0.0,0.0,0.0,0.0,0.0,0.0,1.0,0.0,2.0,1.0,0.0,0.0,3.0,2.0,2.0,0.0,0.0,0.0,0.0,0.0,0.0,0.0,0.0,0.0,0.0,0.0,0.0,0.0,0.0,0.0,0.0,0.0,0.0,0.0,0.0,0.0,0.0,0.0,0.0,0.0,1.0,0.0,2.0,1.0,0.0,0.0,4.0,3.0,3.0,0.0
741,1.0,741.0,London_198,,151,453,1092.0,70.0,2.0,147678.0,0.5299295221921057,779.0,66.0,2.0,64.0,123.0,18.0,105.0,10.0,56.0,161.0,35.0,137.0,16.0,38.0,1.0,9.0,10.0,72.0,149.0,222.0,52.0,0.0,0.0,0.0,0.0,0.0,0.0,0.0,0.0,0.0,16.0,0.0,0.0,1.0,14.0,1.0,0.0,0.0,0.0,2.0,14.0,0.0,0.0,0.0,0.0,0.0,0.0,0.0,0.0,0.0,0.0,0.0,0.0,0.0,0.0,1.0,0.0,0.0,0.0,0.0,0.0,0.0,1.0,4.0,2.0,1.0,0.0,1.0,1.0,0.0,5.0,11.0,10.0,8.0,2.0,0.0,0.0,0.0,0.0,0.0,0.0,0.0,0.0,0.0,0.0,0.0,0.0,0.0,0.0,3.0,0.0,0.0,0.0,0.0,0.0,0.0,1.0,4.0,3.0,1.0,0.0,1.0,1.0,0.0,6.0,16.0,17.0,10.0,3.0
742,1.0,742.0,London_198,,151,453,1092.0,70.0,2.0,154926.0,0.37557704211212695,795.0,203.0,0.0,203.0,356.0,0.0,356.0,87.0,58.0,169.0,31.0,133.0,12.0,39.0,1.0,10.0,12.0,76.0,139.0,226.0,56.0,0.0,0.0,0.0,0.0,0.0,0.0,0.0,0.0,0.0,46.0,0.0,8.0,2.0,33.0,0.0,0.0,0.0,3.0,0.0,46.0,0.0,0.0,0.0,0.0,0.0,0.0,0.0,0.0,0.0,0.0,0.0,0.0,0.0,0.0,0.0,0.0,0.0,0.0,0.0,0.0,1.0,0.0,2.0,1.0,4.0,1.0,6.0,2.0,3.0,8.0,34.0,46.0,14.0,12.0,0.0,0.0,0.0,0.0,0.0,0.0,0.0,0.0,0.0,0.0,0.0,0.0,0.0,0.0,0.0,0.0,0.0,0.0,0.0,0.0,1.0,0.0,2.0,2.0,5.0,2.0,8.0,2.0,4.0,12.0,49.0,62.0,19.0,16.0
743,1.0,743.0,London_198,,151,453,1092.0,70.0,2.0,95130.0,0.25799620104953647,663.0,37.0,0.0,37.0,63.0,0.0,63.0,283.0,66.0,164.0,26.0,123.0,9.0,53.0,2.0,10.0,10.0,74.0,162.0,207.0,60.0,0.0,0.0,0.0,0.0,0.0,0.0,0.0,0.0,0.0,0.0,0.0,0.0,0.0,0.0,0.0,0.0,0.0,0.0,0.0,0.0,0.0,0.0,0.0,0.0,0.0,0.0,0.0,0.0,0.0,0.0,0.0,0.0,0.0,0.0,0.0,0.0,0.0,0.0,0.0,0.0,2.0,0.0,0.0,1.0,2.0,0.0,3.0,2.0,0.0,5.0,7.0,12.0,4.0,4.0,0.0,0.0,0.0,0.0,0.0,0.0,0.0,0.0,0.0,0.0,0.0,0.0,0.0,0.0,0.0,0.0,0.0,0.0,0.0,0.0,3.0,0.0,0.0,1.0,2.0,0.0,4.0,2.0,0.0,7.0,13.0,17.0,6.0,5.0
744,1.0,744.0,London_198,,151,453,1092.0,70.0,2.0,111438.0,0.2975598559714854,699.0,19.0,2.0,17.0,45.0,17.0,28.0,63.0,74.0,154.0,31.0,128.0,9.0,47.0,2.0,8.0,10.0,73.0,174.0,196.0,58.0,0.0,0.0,0.0,0.0,0.0,0.0,0.0,0.0,0.0,2.0,0.0,0.0,0.0,0.0,0.0,2.0,0.0,0.0,2.0,0.0,0.0,0.0,0.0,0.0,0.0,0.0,0.0,0.0,0.0,0.0,0.0,0.0,0.0,0.0,1.0,1.0,1.0,0.0,0.0,0.0,0.0,0.0,0.0,0.0,2.0,1.0,4.0,0.0,1.0,0.0,4.0,2.0,4.0,0.0,0.0,0.0,0.0,0.0,0.0,0.0,0.0,0.0,0.0,0.0,0.0,0.0,0.0,0.0,3.0,1.0,4.0,0.0,0.0,0.0,0.0,0.0,0.0,0.0,2.0,1.0,5.0,0.0,2.0,0.0,6.0,2.0,4.0,0.0
745,1.0,745.0,London_198,,151,453,1092.0,70.0,2.0,139524.0,0.47972211008891463,761.0,75.0,0.0,75.0,134.0,0.0,134.0,38.0,70.0,146.0,32.0,136.0,10.0,47.0,3.0,9.0,9.0,72.0,173.0,199.0,57.0,0.0,0.0,0.0,0.0,0.0,0.0,0.0,0.0,0.0,16.0,0.0,0.0,0.0,10.0,0.0,0.0,0.0,6.0,0.0,16.0,0.0,0.0,0.0,0.0,0.0,0.0,0.0,0.0,0.0,0.0,0.0,0.0,0.0,0.0,0.0,0.0,0.0,0.0,0.0,0.0,0.0,1.0,1.0,0.0,2.0,0.0,3.0,1.0,2.0,5.0,9.0,13.0,9.0,4.0,0.0,0.0,0.0,0.0,0.0,0.0,0.0,0.0,0.0,0.0,0.0,0.0,0.0,0.0,0.0,0.0,0.0,0.0,0.0,0.0,0.0,1.0,1.0,0.0,2.0,0.0,5.0,2.0,2.0,6.0,15.0,14.0,12.0,5.0
746,1.0,746.0,London_198,,151,453,1092.0,70.0,2.0,140430.0,0.3610169489402324,763.0,31.0,2.0,29.0,70.0,20.0,50.0,98.0,64.0,158.0,32.0,128.0,12.0,47.0,3.0,9.0,10.0,69.0,179.0,195.0,53.0,0.0,0.0,0.0,0.0,0.0,0.0,0.0,0.0,0.0,5.0,0.0,1.0,0.0,4.0,0.0,0.0,0.0,0.0,1.0,4.0,0.0,0.0,0.0,0.0,0.0,0.0,0.0,0.0,0.0,0.0,0.0,0.0,0.0,0.0,2.0,1.0,0.0,0.0,0.0,0.0,0.0,0.0,0.0,0.0,1.0,0.0,1.0,0.0,0.0,0.0,5.0,7.0,1.0,2.0,0.0,0.0,0.0,0.0,0.0,0.0,0.0,0.0,0.0,0.0,0.0,0.0,0.0,0.0,9.0,1.0,0.0,0.0,0.0,0.0,0.0,0.0,0.0,0.0,1.0,0.0,1.0,0.0,0.0,0.0,9.0,10.0,2.0,3.0
747,1.0,747.0,London_198,,151,453,1092.0,70.0,2.0,169422.0,0.774511736119166,827.0,62.0,2.0,60.0,121.0,15.0,106.0,54.0,68.0,162.0,35.0,127.0,13.0,35.0,3.0,10.0,5.0,74.0,174.0,200.0,51.0,0.0,0.0,0.0,0.0,0.0,0.0,0.0,0.0,0.0,24.0,0.0,7.0,0.0,11.0,0.0,4.0,0.0,2.0,2.0,22.0,0.0,0.0,0.0,0.0,0.0,0.0,0.0,0.0,0.0,0.0,0.0,0.0,0.0,0.0,0.0,0.0,0.0,0.0,0.0,0.0,0.0,0.0,0.0,0.0,1.0,0.0,2.0,1.0,0.0,2.0,3.0,16.0,3.0,2.0,0.0,0.0,0.0,0.0,0.0,0.0,0.0,0.0,0.0,0.0,0.0,0.0,0.0,0.0,0.0,0.0,0.0,0.0,0.0,0.0,0.0,0.0,0.0,0.0,1.0,0.0,2.0,2.0,0.0,2.0,4.0,21.0,4.0,3.0
748,1.0,748.0,London_198,,151,453,1092.0,70.0,2.0,192525.0,0.9908284561242908,878.0,165.0,1.0,164.0,271.0,9.0,262.0,74.0,56.0,167.0,32.0,134.0,12.0,40.0,3.0,9.0,6.0,82.0,166.0,199.0,56.0,0.0,0.0,0.0,0.0,0.0,0.0,0.0,0.0,0.0,71.0,0.0,17.0,3.0,44.0,0.0,3.0,0.0,4.0,1.0,70.0,0.0,0.0,0.0,0.0,0.0,0.0,0.0,0.0,0.0,0.0,0.0,0.0,0.0,0.0,0.0,0.0,0.0,0.0,0.0,0.0,0.0,0.0,0.0,0.0,0.0,0.0,3.0,2.0,1.0,3.0,15.0,29.0,3.0,3.0,0.0,0.0,0.0,0.0,0.0,0.0,0.0,0.0,0.0,0.0,0.0,0.0,0.0,0.0,0.0,0.0,0.0,0.0,0.0,0.0,0.0,0.0,0.0,0.0,0.0,0.0,4.0,3.0,2.0,3.0,20.0,41.0,4.0,6.0
749,1.0,749.0,London_198,,151,453,1092.0,70.0,2.0,152208.0,0.4924528989940882,789.0,92.0,1.0,91.0,175.0,8.0,167.0,165.0,51.0,183.0,27.0,131.0,11.0,43.0,3.0,4.0,8.0,85.0,169.0,191.0,53.0,0.0,0.0,0.0,0.0,0.0,0.0,0.0,0.0,0.0,24.0,0.0,7.0,0.0,12.0,2.0,2.0,1.0,0.0,0.0,24.0,0.0,0.0,0.0,0.0,0.0,0.0,0.0,0.0,0.0,0.0,0.0,0.0,0.0,0.0,1.0,0.0,0.0,0.0,0.0,0.0,1.0,0.0,0.0,1.0,0.0,0.0,1.0,0.0,0.0,1.0,11.0,18.0,5.0,3.0,0.0,0.0,0.0,0.0,0.0,0.0,0.0,0.0,0.0,0.0,0.0,0.0,0.0,0.0,6.0,0.0,0.0,0.0,0.0,0.0,1.0,0.0,0.0,1.0,0.0,0.0,1.0,0.0,0.0,1.0,15.0,27.0,5.0,3.0
750,1.0,750.0,London_198,,151,453,1092.0,70.0,2.0,142695.0,0.44505026191473007,768.0,100.0,0.0,100.0,169.0,0.0,169.0,134.0,53.0,173.0,28.0,135.0,10.0,49.0,0.0,5.0,8.0,86.0,165.0,194.0,53.0,0.0,0.0,0.0,0.0,0.0,0.0,0.0,0.0,0.0,23.0,0.0,4.0,0.0,17.0,0.0,0.0,1.0,1.0,0.0,23.0,0.0,0.0,0.0,0.0,0.0,0.0,0.0,0.0,0.0,0.0,0.0,0.0,0.0,0.0,0.0,0.0,0.0,0.0,0.0,0.0,1.0,0.0,0.0,0.0,0.0,1.0,1.0,1.0,0.0,5.0,14.0,21.0,7.0,3.0,0.0,0.0,0.0,0.0,0.0,0.0,0.0,0.0,0.0,0.0,0.0,0.0,0.0,0.0,0.0,0.0,0.0,0.0,0.0,0.0,1.0,0.0,0.0,0.0,0.0,1.0,1.0,1.0,0.0,7.0,22.0,26.0,9.0,5.0
751,1.0,751.0,London_198,,151,453,1092.0,70.0,2.0,135900.0,0.4636477851308882,753.0,62.0,2.0,60.0,121.0,19.0,102.0,132.0,58.0,177.0,22.0,124.0,12.0,57.0,0.0,3.0,6.0,80.0,168.0,199.0,58.0,0.0,0.0,0.0,0.0,0.0,0.0,0.0,0.0,0.0,9.0,0.0,2.0,0.0,4.0,1.0,0.0,1.0,1.0,1.0,8.0,0.0,0.0,0.0,0.0,0.0,0.0,0.0,0.0,0.0,0.0,0.0,0.0,0.0,0.0,1.0,0.0,1.0,0.0,0.0,0.0,1.0,0.0,0.0,1.0,0.0,0.0,4.0,2.0,0.0,2.0,10.0,14.0,5.0,8.0,0.0,0.0,0.0,0.0,0.0,0.0,0.0,0.0,0.0,0.0,0.0,0.0,0.0,0.0,7.0,0.0,6.0,0.0,0.0,0.0,1.0,0.0,0.0,2.0,0.0,0.0,4.0,2.0,0.0,2.0,12.0,19.0,7.0,10.0
752,1.0,752.0,London_198,,151,453,1092.0,70.0,2.0,144960.0,0.5364666220266372,773.0,52.0,0.0,52.0,89.0,0.0,89.0,101.0,57.0,165.0,23.0,142.0,12.0,51.0,0.0,3.0,8.0,82.0,165.0,198.0,59.0,0.0,0.0,0.0,0.0,0.0,0.0,0.0,0.0,0.0,14.0,0.0,1.0,0.0,11.0,0.0,0.0,0.0,2.0,0.0,14.0,0.0,0.0,0.0,0.0,0.0,0.0,0.0,0.0,0.0,0.0,0.0,0.0,0.0,0.0,0.0,0.0,0.0,0.0,0.0,0.0,1.0,0.0,0.0,1.0,0.0,0.0,2.0,2.0,2.0,2.0,1.0,12.0,2.0,1.0,0.0,0.0,0.0,0.0,0.0,0.0,0.0,0.0,0.0,0.0,0.0,0.0,0.0,0.0,0.0,0.0,0.0,0.0,0.0,0.0,1.0,0.0,0.0,1.0,0.0,0.0,2.0,3.0,2.0,3.0,2.0,15.0,2.0,1.0
753,1.0,753.0,London_198,,151,453,1092.0,70.0,2.0,162627.0,0.8483550630044192,812.0,96.0,0.0,96.0,166.0,0.0,166.0,67.0,62.0,169.0,22.0,134.0,14.0,47.0,1.0,4.0,8.0,82.0,156.0,207.0,56.0,0.0,0.0,0.0,0.0,0.0,0.0,0.0,0.0,0.0,33.0,0.0,5.0,1.0,22.0,1.0,1.0,1.0,2.0,0.0,33.0,0.0,0.0,0.0,0.0,0.0,0.0,0.0,0.0,0.0,0.0,0.0,0.0,0.0,0.0,0.0,0.0,0.0,0.0,0.0,0.0,0.0,0.0,0.0,0.0,0.0,1.0,5.0,1.0,2.0,3.0,8.0,11.0,4.0,2.0,0.0,0.0,0.0,0.0,0.0,0.0,0.0,0.0,0.0,0.0,0.0,0.0,0.0,0.0,0.0,0.0,0.0,0.0,0.0,0.0,0.0,0.0,0.0,0.0,0.0,2.0,5.0,1.0,2.0,6.0,9.0,14.0,5.0,5.0
754,1.0,754.0,London_198,,151,453,1092.0,70.0,2.0,157191.0,0.5594545600470155,800.0,90.0,2.0,88.0,168.0,17.0,151.0,113.0,58.0,161.0,26.0,138.0,13.0,51.0,1.0,5.0,8.0,74.0,163.0,208.0,62.0,0.0,0.0,0.0,0.0,0.0,0.0,0.0,0.0,0.0,22.0,0.0,3.0,2.0,11.0,2.0,1.0,2.0,1.0,2.0,20.0,0.0,0.0,0.0,0.0,0.0,0.0,0.0,0.0,0.0,0.0,0.0,0.0,0.0,1.0,0.0,0.0,0.0,0.0,0.0,0.0,0.0,1.0,0.0,2.0,0.0,0.0,2.0,6.0,0.0,1.0,13.0,15.0,8.0,2.0,0.0,0.0,0.0,0.0,0.0,0.0,0.0,0.0,0.0,0.0,0.0,0.0,0.0,3.0,0.0,0.0,0.0,0.0,0.0,0.0,0.0,1.0,0.0,3.0,0.0,0.0,3.0,8.0,0.0,2.0,16.0,24.0,10.0,2.0
755,1.0,755.0,London_198,,151,453,1092.0,70.0,2.0,148131.0,1.0132237360812724,780.0,93.0,2.0,91.0,175.0,18.0,157.0,126.0,68.0,145.0,29.0,142.0,12.0,52.0,2.0,3.0,5.0,73.0,177.0,198.0,59.0,0.0,0.0,0.0,0.0,0.0,0.0,0.0,0.0,0.0,24.0,0.0,3.0,0.0,18.0,0.0,2.0,1.0,0.0,2.0,22.0,0.0,0.0,0.0,0.0,0.0,0.0,0.0,0.0,0.0,0.0,0.0,0.0,0.0,0.0,0.0,0.0,0.0,0.0,0.0,0.0,2.0,1.0,0.0,1.0,0.0,1.0,1.0,2.0,1.0,2.0,14.0,17.0,6.0,3.0,0.0,0.0,0.0,0.0,0.0,0.0,0.0,0.0,0.0,0.0,0.0,0.0,0.0,0.0,0.0,0.0,0.0,0.0,0.0,0.0,3.0,1.0,0.0,2.0,0.0,1.0,1.0,4.0,2.0,4.0,18.0,23.0,10.0,4.0
756,1.0,756.0,London_198,,151,453,1092.0,70.0,2.0,144054.0,0.44322988693602383,771.0,102.0,2.0,100.0,193.0,18.0,175.0,124.0,70.0,160.0,23.0,133.0,13.0,47.0,2.0,5.0,8.0,64.0,167.0,214.0,62.0,0.0,0.0,0.0,0.0,0.0,0.0,0.0,0.0,0.0,16.0,0.0,1.0,1.0,13.0,0.0,0.0,1.0,0.0,1.0,15.0,0.0,0.0,0.0,0.0,0.0,0.0,0.0,0.0,0.0,0.0,0.0,0.0,0.0,0.0,1.0,0.0,0.0,0.0,0.0,0.0,2.0,0.0,0.0,1.0,2.0,1.0,3.0,3.0,1.0,1.0,17.0,16.0,6.0,5.0,0.0,0.0,0.0,0.0,0.0,0.0,0.0,0.0,0.0,0.0,0.0,0.0,0.0,0.0,5.0,0.0,0.0,0.0,0.0,0.0,2.0,0.0,0.0,1.0,2.0,2.0,3.0,4.0,1.0,1.0,28.0,22.0,9.0,7.0
757,1.0,757.0,London_198,,151,453,1092.0,70.0,2.0,139071.0,0.3489139049779624,760.0,98.0,0.0,98.0,176.0,0.0,176.0,163.0,68.0,170.0,24.0,118.0,17.0,50.0,0.0,6.0,9.0,65.0,159.0,220.0,50.0,0.0,0.0,0.0,0.0,0.0,0.0,0.0,0.0,0.0,25.0,0.0,3.0,0.0,15.0,1.0,1.0,2.0,3.0,0.0,25.0,0.0,0.0,0.0,0.0,0.0,0.0,0.0,0.0,0.0,0.0,0.0,0.0,0.0,0.0,0.0,0.0,0.0,0.0,0.0,0.0,3.0,0.0,0.0,0.0,0.0,0.0,3.0,4.0,1.0,1.0,19.0,18.0,13.0,4.0,0.0,0.0,0.0,0.0,0.0,0.0,0.0,0.0,0.0,0.0,0.0,0.0,0.0,0.0,0.0,0.0,0.0,0.0,0.0,0.0,3.0,0.0,0.0,0.0,0.0,0.0,4.0,6.0,1.0,1.0,28.0,26.0,18.0,5.0
758,1.0,758.0,London_198,,151,453,1092.0,70.0,2.0,139524.0,0.49845381802879274,761.0,2.0,1.0,1.0,13.0,11.0,2.0,133.0,74.0,159.0,29.0,121.0,13.0,49.0,2.0,6.0,6.0,67.0,160.0,220.0,44.0,0.0,0.0,0.0,0.0,0.0,0.0,0.0,0.0,0.0,1.0,0.0,0.0,0.0,1.0,0.0,0.0,0.0,0.0,1.0,0.0,0.0,0.0,0.0,0.0,0.0,0.0,0.0,0.0,0.0,0.0,0.0,0.0,0.0,0.0,1.0,0.0,0.0,0.0,0.0,0.0,0.0,0.0,0.0,0.0,0.0,0.0,0.0,0.0,0.0,0.0,0.0,1.0,0.0,0.0,0.0,0.0,0.0,0.0,0.0,0.0,0.0,0.0,0.0,0.0,0.0,0.0,0.0,0.0,5.0,0.0,0.0,0.0,0.0,0.0,0.0,0.0,0.0,0.0,0.0,0.0,0.0,0.0,0.0,0.0,0.0,1.0,0.0,0.0
759,1.0,759.0,London_198,,151,453,1092.0,70.0,2.0,186183.0,0.6686560048256069,864.0,95.0,1.0,94.0,182.0,10.0,172.0,8.0,75.0,162.0,30.0,115.0,13.0,50.0,2.0,6.0,4.0,68.0,161.0,220.0,43.0,0.0,0.0,0.0,0.0,0.0,0.0,0.0,0.0,0.0,41.0,0.0,16.0,0.0,17.0,2.0,5.0,1.0,0.0,1.0,40.0,0.0,0.0,0.0,0.0,0.0,0.0,0.0,0.0,0.0,0.0,0.0,0.0,0.0,1.0,0.0,0.0,0.0,0.0,0.0,0.0,1.0,0.0,0.0,0.0,0.0,1.0,0.0,2.0,0.0,0.0,7.0,12.0,7.0,0.0,0.0,0.0,0.0,0.0,0.0,0.0,0.0,0.0,0.0,0.0,0.0,0.0,0.0,3.0,0.0,0.0,0.0,0.0,0.0,0.0,1.0,0.0,0.0,0.0,0.0,3.0,0.0,3.0,0.0,0.0,10.0,16.0,8.0,0.0
760,1.0,760.0,London_198,,151,453,1092.0,70.0,2.0,188901.0,0.5782401680480689,870.0,124.0,0.0,124.0,222.0,0.0,222.0,109.0,79.0,155.0,27.0,117.0,12.0,55.0,3.0,5.0,6.0,68.0,170.0,209.0,45.0,0.0,0.0,0.0,0.0,0.0,0.0,0.0,0.0,0.0,52.0,0.0,13.0,4.0,32.0,0.0,1.0,0.0,2.0,0.0,52.0,0.0,0.0,0.0,0.0,0.0,0.0,0.0,0.0,0.0,0.0,0.0,0.0,0.0,0.0,0.0,0.0,0.0,0.0,0.0,0.0,2.0,0.0,0.0,0.0,0.0,0.0,1.0,3.0,2.0,0.0,15.0,18.0,8.0,3.0,0.0,0.0,0.0,0.0,0.0,0.0,0.0,0.0,0.0,0.0,0.0,0.0,0.0,0.0,0.0,0.0,0.0,0.0,0.0,0.0,2.0,0.0,0.0,0.0,0.0,0.0,1.0,5.0,2.0,0.0,22.0,24.0,9.0,4.0
761,1.0,761.0,London_198,,151,453,1092.0,70.0,2.0,172140.0,0.6396365410182625,833.0,8.0,0.0,8.0,16.0,0.0,16.0,134.0,71.0,162.0,25.0,123.0,12.0,50.0,1.0,9.0,7.0,74.0,169.0,203.0,47.0,0.0,0.0,0.0,0.0,0.0,0.0,0.0,0.0,0.0,1.0,0.0,1.0,0.0,0.0,0.0,0.0,0.0,0.0,0.0,1.0,0.0,0.0,0.0,0.0,0.0,0.0,0.0,0.0,0.0,0.0,0.0,0.0,0.0,0.0,0.0,0.0,0.0,0.0,0.0,0.0,0.0,0.0,0.0,0.0,0.0,0.0,0.0,0.0,0.0,0.0,3.0,2.0,0.0,1.0,0.0,0.0,0.0,0.0,0.0,0.0,0.0,0.0,0.0,0.0,0.0,0.0,0.0,0.0,0.0,0.0,0.0,0.0,0.0,0.0,0.0,0.0,0.0,0.0,0.0,0.0,0.0,0.0,0.0,0.0,7.0,2.0,0.0,2.0
762,1.0,762.0,London_198,,151,453,1092.0,70.0,2.0,205662.0,0.6542194799985737,907.0,135.0,2.0,133.0,257.0,19.0,238.0,15.0,73.0,159.0,26.0,122.0,12.0,51.0,1.0,9.0,8.0,76.0,171.0,198.0,45.0,0.0,0.0,0.0,0.0,0.0,0.0,0.0,0.0,0.0,65.0,0.0,17.0,6.0,28.0,0.0,7.0,1.0,6.0,2.0,63.0,0.0,0.0,0.0,0.0,0.0,0.0,0.0,0.0,0.0,0.0,0.0,0.0,0.0,0.0,0.0,0.0,0.0,0.0,0.0,0.0,1.0,0.0,0.0,0.0,0.0,0.0,2.0,3.0,0.0,1.0,11.0,16.0,5.0,2.0,0.0,0.0,0.0,0.0,0.0,0.0,0.0,0.0,0.0,0.0,0.0,0.0,0.0,0.0,0.0,0.0,0.0,0.0,0.0,0.0,1.0,0.0,0.0,0.0,0.0,0.0,2.0,4.0,0.0,1.0,17.0,23.0,9.0,5.0
763,1.0,763.0,London_198,,151,453,1092.0,70.0,2.0,185277.0,0.5952876380179077,862.0,211.0,1.0,210.0,367.0,10.0,357.0,142.0,67.0,156.0,30.0,130.0,16.0,41.0,2.0,11.0,9.0,76.0,184.0,184.0,45.0,0.0,0.0,0.0,0.0,0.0,0.0,0.0,0.0,0.0,84.0,0.0,30.0,5.0,38.0,0.0,2.0,0.0,9.0,0.0,84.0,0.0,0.0,0.0,0.0,0.0,0.0,0.0,0.0,0.0,0.0,0.0,0.0,0.0,0.0,0.0,0.0,0.0,0.0,0.0,0.0,2.0,0.0,1.0,0.0,2.0,1.0,4.0,3.0,0.0,4.0,24.0,36.0,10.0,5.0,0.0,0.0,0.0,0.0,0.0,0.0,0.0,0.0,0.0,0.0,0.0,0.0,0.0,0.0,0.0,0.0,0.0,0.0,0.0,0.0,2.0,0.0,1.0,0.0,2.0,1.0,4.0,5.0,0.0,5.0,32.0,46.0,11.0,5.0
764,1.0,764.0,London_198,,151,453,1092.0,70.0,2.0,120498.0,0.45087984995916486,719.0,65.0,0.0,65.0,108.0,0.0,108.0,239.0,68.0,169.0,27.0,133.0,13.0,32.0,1.0,10.0,7.0,76.0,166.0,204.0,51.0,0.0,0.0,0.0,0.0,0.0,0.0,0.0,0.0,0.0,3.0,0.0,0.0,0.0,1.0,0.0,1.0,0.0,1.0,0.0,3.0,0.0,0.0,0.0,0.0,0.0,0.0,0.0,0.0,0.0,0.0,0.0,0.0,0.0,0.0,0.0,0.0,0.0,0.0,0.0,0.0,1.0,3.0,0.0,0.0,1.0,0.0,6.0,6.0,1.0,4.0,10.0,8.0,8.0,3.0,0.0,0.0,0.0,0.0,0.0,0.0,0.0,0.0,0.0,0.0,0.0,0.0,0.0,0.0,0.0,0.0,0.0,0.0,0.0,0.0,1.0,3.0,0.0,0.0,1.0,0.0,6.0,7.0,1.0,5.0,17.0,13.0,9.0,5.0
765,1.0,765.0,London_198,,151,453,1092.0,70.0,2.0,120498.0,0.25602712389081717,719.0,118.0,0.0,118.0,202.0,0.0,202.0,104.0,58.0,157.0,26.0,143.0,13.0,40.0,3.0,13.0,9.0,75.0,173.0,196.0,55.0,0.0,0.0,0.0,0.0,0.0,0.0,0.0,0.0,0.0,10.0,0.0,4.0,0.0,6.0,0.0,0.0,0.0,0.0,0.0,10.0,0.0,0.0,0.0,0.0,0.0,0.0,0.0,0.0,0.0,0.0,0.0,0.0,0.0,0.0,0.0,0.0,0.0,0.0,0.0,0.0,2.0,2.0,0.0,2.0,2.0,0.0,6.0,2.0,1.0,7.0,16.0,31.0,19.0,3.0,0.0,0.0,0.0,0.0,0.0,0.0,0.0,0.0,0.0,0.0,0.0,0.0,0.0,0.0,0.0,0.0,0.0,0.0,0.0,0.0,2.0,2.0,0.0,3.0,2.0,0.0,8.0,2.0,1.0,12.0,23.0,45.0,24.0,4.0
766,1.0,766.0,London_198,,151,453,1092.0,70.0,2.0,106908.0,0.28010610095225275,689.0,20.0,1.0,19.0,43.0,11.0,32.0,185.0,58.0,167.0,19.0,144.0,16.0,37.0,1.0,11.0,15.0,80.0,170.0,188.0,66.0,0.0,0.0,0.0,0.0,0.0,0.0,0.0,0.0,0.0,0.0,0.0,0.0,0.0,0.0,0.0,0.0,0.0,0.0,0.0,0.0,0.0,0.0,0.0,0.0,0.0,0.0,0.0,0.0,0.0,0.0,0.0,0.0,0.0,0.0,1.0,0.0,0.0,0.0,0.0,0.0,0.0,1.0,0.0,0.0,0.0,0.0,3.0,0.0,1.0,0.0,3.0,6.0,3.0,0.0,0.0,0.0,0.0,0.0,0.0,0.0,0.0,0.0,0.0,0.0,0.0,0.0,0.0,0.0,8.0,0.0,0.0,0.0,0.0,0.0,0.0,1.0,0.0,0.0,0.0,0.0,4.0,0.0,1.0,0.0,5.0,10.0,4.0,0.0
767,1.0,767.0,London_198,,151,453,1092.0,70.0,2.0,139977.0,0.5538782470393926,762.0,50.0,0.0,50.0,85.0,0.0,85.0,43.0,57.0,180.0,19.0,130.0,18.0,37.0,1.0,11.0,14.0,78.0,169.0,192.0,66.0,0.0,0.0,0.0,0.0,0.0,0.0,0.0,0.0,0.0,13.0,0.0,7.0,1.0,4.0,0.0,0.0,0.0,1.0,0.0,13.0,0.0,0.0,0.0,0.0,0.0,0.0,0.0,0.0,0.0,0.0,0.0,0.0,0.0,0.0,0.0,0.0,0.0,0.0,0.0,0.0,0.0,0.0,0.0,1.0,0.0,0.0,2.0,1.0,0.0,1.0,12.0,9.0,4.0,1.0,0.0,0.0,0.0,0.0,0.0,0.0,0.0,0.0,0.0,0.0,0.0,0.0,0.0,0.0,0.0,0.0,0.0,0.0,0.0,0.0,0.0,0.0,0.0,2.0,0.0,0.0,2.0,1.0,0.0,2.0,22.0,14.0,4.0,2.0
768,1.0,768.0,London_198,,151,453,1092.0,70.0,2.0,158550.0,0.5512790319044143,803.0,39.0,2.0,37.0,82.0,19.0,63.0,62.0,57.0,189.0,23.0,129.0,11.0,35.0,1.0,8.0,13.0,72.0,173.0,195.0,71.0,0.0,0.0,0.0,0.0,0.0,0.0,0.0,0.0,0.0,14.0,0.0,4.0,0.0,8.0,0.0,1.0,0.0,1.0,2.0,12.0,0.0,0.0,0.0,0.0,0.0,0.0,0.0,0.0,0.0,0.0,0.0,0.0,0.0,1.0,0.0,0.0,0.0,0.0,0.0,0.0,0.0,0.0,0.0,0.0,0.0,0.0,0.0,0.0,0.0,1.0,4.0,4.0,3.0,0.0,0.0,0.0,0.0,0.0,0.0,0.0,0.0,0.0,0.0,0.0,0.0,0.0,0.0,4.0,0.0,0.0,0.0,0.0,0.0,0.0,0.0,0.0,0.0,0.0,0.0,0.0,0.0,0.0,0.0,1.0,6.0,7.0,4.0,0.0
769,1.0,769.0,London_198,,151,453,1092.0,70.0,2.0,181200.0,0.6016673410777003,853.0,95.0,2.0,93.0,174.0,19.0,155.0,60.0,60.0,191.0,27.0,128.0,9.0,32.0,1.0,5.0,10.0,74.0,159.0,210.0,65.0,0.0,0.0,0.0,0.0,0.0,0.0,0.0,0.0,0.0,36.0,0.0,13.0,2.0,15.0,0.0,2.0,1.0,3.0,2.0,34.0,0.0,0.0,0.0,0.0,0.0,0.0,0.0,0.0,0.0,0.0,0.0,0.0,0.0,0.0,0.0,0.0,0.0,0.0,0.0,0.0,1.0,1.0,1.0,0.0,0.0,0.0,0.0,0.0,0.0,0.0,18.0,14.0,5.0,1.0,0.0,0.0,0.0,0.0,0.0,0.0,0.0,0.0,0.0,0.0,0.0,0.0,0.0,0.0,0.0,0.0,0.0,0.0,0.0,0.0,1.0,1.0,1.0,0.0,0.0,0.0,0.0,0.0,0.0,0.0,28.0,18.0,6.0,1.0
770,1.0,770.0,London_198,,151,453,1092.0,70.0,2.0,181200.0,1.1820558081381023,853.0,116.0,1.0,115.0,221.0,10.0,211.0,109.0,60.0,191.0,28.0,122.0,11.0,32.0,1.0,8.0,9.0,65.0,163.0,216.0,66.0,0.0,0.0,0.0,0.0,0.0,0.0,0.0,0.0,0.0,42.0,0.0,12.0,3.0,19.0,0.0,2.0,0.0,6.0,1.0,41.0,0.0,0.0,0.0,0.0,0.0,0.0,0.0,0.0,0.0,0.0,0.0,0.0,0.0,0.0,0.0,0.0,0.0,0.0,0.0,0.0,1.0,0.0,0.0,0.0,0.0,0.0,3.0,0.0,1.0,4.0,11.0,16.0,7.0,3.0,0.0,0.0,0.0,0.0,0.0,0.0,0.0,0.0,0.0,0.0,0.0,0.0,0.0,0.0,0.0,0.0,0.0,0.0,0.0,0.0,1.0,0.0,0.0,0.0,0.0,0.0,3.0,0.0,2.0,4.0,17.0,26.0,11.0,3.0
771,1.0,771.0,London_198,,151,453,1092.0,70.0,2.0,169875.0,0.7505962371360511,828.0,63.0,0.0,63.0,106.0,0.0,106.0,143.0,76.0,171.0,27.0,124.0,12.0,31.0,4.0,8.0,9.0,62.0,176.0,206.0,67.0,0.0,0.0,0.0,0.0,0.0,0.0,0.0,0.0,0.0,22.0,0.0,10.0,3.0,9.0,0.0,0.0,0.0,0.0,0.0,22.0,0.0,0.0,0.0,0.0,0.0,0.0,0.0,0.0,0.0,0.0,0.0,0.0,0.0,0.0,0.0,0.0,0.0,0.0,0.0,0.0,0.0,0.0,0.0,0.0,0.0,1.0,1.0,1.0,0.0,2.0,9.0,6.0,5.0,0.0,0.0,0.0,0.0,0.0,0.0,0.0,0.0,0.0,0.0,0.0,0.0,0.0,0.0,0.0,0.0,0.0,0.0,0.0,0.0,0.0,0.0,0.0,0.0,0.0,0.0,1.0,1.0,1.0,0.0,2.0,12.0,6.0,6.0,0.0
772,1.0,772.0,London_198,,151,453,1092.0,70.0,2.0,166704.0,0.48688437696546316,821.0,145.0,0.0,145.0,256.0,0.0,256.0,69.0,67.0,172.0,29.0,131.0,12.0,29.0,5.0,8.0,8.0,61.0,176.0,208.0,62.0,0.0,0.0,0.0,0.0,0.0,0.0,0.0,0.0,0.0,44.0,0.0,17.0,3.0,18.0,0.0,2.0,0.0,4.0,0.0,44.0,0.0,0.0,0.0,0.0,0.0,0.0,0.0,0.0,0.0,0.0,0.0,0.0,0.0,0.0,0.0,0.0,0.0,0.0,0.0,0.0,0.0,0.0,0.0,0.0,0.0,0.0,3.0,2.0,1.0,4.0,16.0,24.0,2.0,3.0,0.0,0.0,0.0,0.0,0.0,0.0,0.0,0.0,0.0,0.0,0.0,0.0,0.0,0.0,0.0,0.0,0.0,0.0,0.0,0.0,0.0,0.0,0.0,0.0,0.0,0.0,4.0,4.0,1.0,6.0,27.0,32.0,2.0,3.0
773,1.0,773.0,London_198,,151,453,1092.0,70.0,2.0,129105.0,0.28149170195683837,738.0,121.0,0.0,121.0,214.0,0.0,214.0,189.0,63.0,161.0,34.0,141.0,11.0,33.0,4.0,6.0,8.0,66.0,179.0,200.0,58.0,0.0,0.0,0.0,0.0,0.0,0.0,0.0,0.0,0.0,14.0,0.0,2.0,1.0,8.0,0.0,0.0,2.0,1.0,0.0,14.0,0.0,0.0,0.0,0.0,0.0,0.0,0.0,0.0,0.0,0.0,0.0,0.0,0.0,0.0,0.0,0.0,0.0,0.0,0.0,0.0,0.0,6.0,1.0,1.0,5.0,0.0,6.0,8.0,3.0,6.0,27.0,26.0,9.0,6.0,0.0,0.0,0.0,0.0,0.0,0.0,0.0,0.0,0.0,0.0,0.0,0.0,0.0,0.0,0.0,0.0,0.0,0.0,0.0,0.0,0.0,6.0,1.0,1.0,5.0,0.0,7.0,13.0,3.0,6.0,46.0,40.0,11.0,8.0
774,1.0,774.0,London_198,,151,453,1092.0,70.0,2.0,104643.0,0.26104535395279527,684.0,37.0,1.0,36.0,70.0,10.0,60.0,188.0,70.0,171.0,22.0,125.0,18.0,39.0,2.0,6.0,7.0,69.0,188.0,189.0,57.0,0.0,0.0,0.0,0.0,0.0,0.0,0.0,0.0,0.0,0.0,0.0,0.0,0.0,0.0,0.0,0.0,0.0,0.0,0.0,0.0,0.0,0.0,0.0,0.0,0.0,0.0,0.0,0.0,0.0,0.0,0.0,0.0,0.0,0.0,1.0,0.0,0.0,0.0,0.0,0.0,1.0,1.0,0.0,0.0,4.0,0.0,2.0,1.0,3.0,2.0,6.0,8.0,4.0,4.0,0.0,0.0,0.0,0.0,0.0,0.0,0.0,0.0,0.0,0.0,0.0,0.0,0.0,0.0,6.0,0.0,0.0,0.0,0.0,0.0,1.0,2.0,0.0,0.0,4.0,0.0,2.0,1.0,5.0,2.0,9.0,10.0,5.0,6.0
775,1.0,775.0,London_198,,151,453,1092.0,70.0,2.0,126387.0,0.3676221820060164,732.0,45.0,2.0,43.0,101.0,19.0,82.0,70.0,67.0,172.0,25.0,121.0,19.0,41.0,2.0,6.0,5.0,60.0,186.0,202.0,61.0,0.0,0.0,0.0,0.0,0.0,0.0,0.0,0.0,0.0,10.0,0.0,0.0,2.0,6.0,0.0,1.0,0.0,1.0,1.0,9.0,0.0,0.0,0.0,0.0,0.0,0.0,0.0,0.0,0.0,0.0,0.0,0.0,0.0,0.0,0.0,0.0,0.0,0.0,0.0,0.0,0.0,1.0,0.0,0.0,0.0,0.0,1.0,0.0,0.0,2.0,9.0,9.0,4.0,0.0,0.0,0.0,0.0,0.0,0.0,0.0,0.0,0.0,0.0,0.0,0.0,0.0,0.0,0.0,0.0,0.0,0.0,0.0,0.0,0.0,0.0,2.0,0.0,0.0,0.0,0.0,1.0,0.0,0.0,3.0,16.0,13.0,4.0,0.0
776,1.0,776.0,London_198,,151,453,1092.0,70.0,2.0,141789.0,0.41210266295820475,766.0,44.0,2.0,42.0,88.0,18.0,70.0,77.0,74.0,179.0,23.0,104.0,19.0,44.0,2.0,8.0,5.0,63.0,181.0,204.0,59.0,0.0,0.0,0.0,0.0,0.0,0.0,0.0,0.0,0.0,6.0,0.0,2.0,0.0,3.0,0.0,1.0,0.0,0.0,1.0,5.0,0.0,0.0,0.0,0.0,0.0,0.0,0.0,0.0,0.0,0.0,0.0,0.0,0.0,0.0,0.0,0.0,0.0,0.0,0.0,0.0,1.0,0.0,1.0,0.0,1.0,0.0,1.0,0.0,0.0,0.0,3.0,8.0,0.0,2.0,0.0,0.0,0.0,0.0,0.0,0.0,0.0,0.0,0.0,0.0,0.0,0.0,0.0,0.0,0.0,0.0,0.0,0.0,0.0,0.0,1.0,0.0,2.0,0.0,1.0,0.0,2.0,0.0,0.0,0.0,3.0,12.0,0.0,3.0
777,1.0,777.0,London_198,,151,453,1092.0,70.0,2.0,173046.0,0.8773795948363841,835.0,133.0,0.0,133.0,221.0,0.0,221.0,73.0,74.0,176.0,25.0,102.0,20.0,45.0,3.0,8.0,8.0,71.0,171.0,203.0,58.0,0.0,0.0,0.0,0.0,0.0,0.0,0.0,0.0,0.0,40.0,0.0,16.0,6.0,16.0,0.0,1.0,1.0,0.0,0.0,40.0,0.0,0.0,0.0,0.0,0.0,0.0,0.0,0.0,0.0,0.0,0.0,0.0,0.0,0.0,0.0,0.0,0.0,0.0,0.0,0.0,0.0,4.0,1.0,1.0,1.0,0.0,3.0,2.0,5.0,4.0,21.0,14.0,3.0,5.0,0.0,0.0,0.0,0.0,0.0,0.0,0.0,0.0,0.0,0.0,0.0,0.0,0.0,0.0,0.0,0.0,0.0,0.0,0.0,0.0,0.0,6.0,2.0,2.0,2.0,0.0,4.0,3.0,5.0,5.0,32.0,20.0,4.0,5.0
778,1.0,778.0,London_198,,151,453,1092.0,70.0,2.0,143601.0,0.7105473049450666,770.0,24.0,0.0,24.0,38.0,0.0,38.0,162.0,77.0,180.0,24.0,104.0,20.0,37.0,3.0,8.0,2.0,84.0,163.0,204.0,55.0,0.0,0.0,0.0,0.0,0.0,0.0,0.0,0.0,0.0,2.0,0.0,0.0,0.0,1.0,0.0,0.0,0.0,1.0,0.0,2.0,0.0,0.0,0.0,0.0,0.0,0.0,0.0,0.0,0.0,0.0,0.0,0.0,0.0,0.0,0.0,0.0,0.0,0.0,0.0,0.0,0.0,2.0,0.0,0.0,0.0,0.0,1.0,0.0,1.0,0.0,7.0,3.0,2.0,0.0,0.0,0.0,0.0,0.0,0.0,0.0,0.0,0.0,0.0,0.0,0.0,0.0,0.0,0.0,0.0,0.0,0.0,0.0,0.0,0.0,0.0,3.0,0.0,0.0,0.0,0.0,1.0,0.0,1.0,0.0,8.0,4.0,2.0,0.0
779,1.0,779.0,London_198,,151,453,1092.0,70.0,2.0,168969.0,0.6473833310883492,826.0,46.0,2.0,44.0,94.0,16.0,78.0,35.0,86.0,174.0,30.0,93.0,20.0,38.0,3.0,9.0,2.0,86.0,161.0,204.0,52.0,0.0,0.0,0.0,0.0,0.0,0.0,0.0,0.0,0.0,15.0,0.0,2.0,0.0,11.0,0.0,0.0,1.0,1.0,0.0,15.0,0.0,0.0,0.0,0.0,0.0,0.0,0.0,0.0,0.0,0.0,0.0,0.0,0.0,0.0,1.0,0.0,0.0,0.0,0.0,0.0,1.0,1.0,1.0,0.0,1.0,0.0,2.0,2.0,1.0,1.0,10.0,6.0,4.0,2.0,0.0,0.0,0.0,0.0,0.0,0.0,0.0,0.0,0.0,0.0,0.0,0.0,0.0,0.0,4.0,0.0,0.0,0.0,0.0,0.0,1.0,2.0,1.0,0.0,1.0,0.0,3.0,2.0,1.0,2.0,15.0,11.0,5.0,2.0
780,1.0,780.0,London_198,,151,453,1092.0,70.0,2.0,187995.0,0.4868008878547698,868.0,166.0,1.0,165.0,307.0,9.0,298.0,69.0,81.0,180.0,30.0,103.0,14.0,35.0,1.0,9.0,4.0,84.0,152.0,213.0,49.0,0.0,0.0,0.0,0.0,0.0,0.0,0.0,0.0,0.0,58.0,0.0,10.0,6.0,33.0,0.0,3.0,1.0,5.0,1.0,57.0,0.0,0.0,0.0,0.0,0.0,0.0,0.0,0.0,0.0,0.0,0.0,0.0,0.0,0.0,0.0,0.0,0.0,0.0,0.0,0.0,0.0,0.0,1.0,0.0,1.0,0.0,8.0,2.0,3.0,9.0,19.0,28.0,5.0,6.0,0.0,0.0,0.0,0.0,0.0,0.0,0.0,0.0,0.0,0.0,0.0,0.0,0.0,0.0,0.0,0.0,0.0,0.0,0.0,0.0,0.0,0.0,1.0,0.0,1.0,0.0,10.0,3.0,3.0,10.0,29.0,44.0,6.0,9.0
781,1.0,781.0,London_198,,151,453,1092.0,70.0,2.0,133182.0,0.9896715129725635,747.0,168.0,0.0,168.0,269.0,0.0,269.0,209.0,58.0,164.0,31.0,126.0,18.0,49.0,2.0,5.0,10.0,70.0,149.0,224.0,56.0,0.0,0.0,0.0,0.0,0.0,0.0,0.0,0.0,0.0,18.0,0.0,0.0,0.0,13.0,0.0,0.0,0.0,5.0,0.0,18.0,0.0,0.0,0.0,0.0,0.0,0.0,0.0,0.0,0.0,0.0,0.0,0.0,0.0,0.0,0.0,0.0,0.0,0.0,0.0,0.0,0.0,11.0,0.0,0.0,2.0,0.0,18.0,5.0,2.0,9.0,32.0,31.0,13.0,7.0,0.0,0.0,0.0,0.0,0.0,0.0,0.0,0.0,0.0,0.0,0.0,0.0,0.0,0.0,0.0,0.0,0.0,0.0,0.0,0.0,0.0,14.0,0.0,0.0,2.0,0.0,24.0,5.0,2.0,11.0,44.0,40.0,15.0,10.0
782,1.0,782.0,London_198,,151,453,1092.0,70.0,2.0,85164.0,0.1960640368051827,641.0,58.0,2.0,56.0,113.0,18.0,95.0,239.0,58.0,150.0,35.0,142.0,13.0,45.0,3.0,7.0,7.0,75.0,156.0,215.0,50.0,0.0,0.0,0.0,0.0,0.0,0.0,0.0,0.0,0.0,0.0,0.0,0.0,0.0,0.0,0.0,0.0,0.0,0.0,0.0,0.0,0.0,0.0,0.0,0.0,0.0,0.0,0.0,0.0,0.0,0.0,1.0,0.0,1.0,0.0,0.0,2.0,0.0,0.0,0.0,0.0,0.0,2.0,0.0,3.0,0.0,0.0,6.0,3.0,1.0,5.0,13.0,12.0,4.0,5.0,0.0,0.0,0.0,0.0,0.0,0.0,0.0,0.0,0.0,0.0,3.0,0.0,4.0,0.0,0.0,7.0,0.0,0.0,0.0,0.0,0.0,4.0,0.0,3.0,0.0,0.0,8.0,4.0,2.0,7.0,22.0,17.0,4.0,8.0
783,1.0,783.0,London_198,,151,453,1092.0,70.0,2.0,84711.0,0.20510690892115235,640.0,2.0,2.0,0.0,18.0,18.0,0.0,113.0,68.0,152.0,34.0,137.0,12.0,40.0,2.0,8.0,8.0,69.0,156.0,220.0,43.0,0.0,0.0,0.0,0.0,0.0,0.0,0.0,0.0,0.0,0.0,0.0,0.0,0.0,0.0,0.0,0.0,0.0,0.0,0.0,0.0,0.0,0.0,0.0,0.0,0.0,0.0,0.0,0.0,0.0,0.0,0.0,0.0,0.0,1.0,1.0,0.0,0.0,0.0,0.0,0.0,0.0,0.0,0.0,0.0,0.0,0.0,0.0,0.0,0.0,0.0,0.0,0.0,0.0,0.0,0.0,0.0,0.0,0.0,0.0,0.0,0.0,0.0,0.0,0.0,0.0,0.0,0.0,7.0,6.0,0.0,0.0,0.0,0.0,0.0,0.0,0.0,0.0,0.0,0.0,0.0,0.0,0.0,0.0,0.0,0.0,0.0,0.0,0.0
784,1.0,784.0,London_198,,151,453,1092.0,70.0,2.0,119592.0,0.5810530239250511,717.0,10.0,0.0,10.0,20.0,0.0,20.0,18.0,67.0,160.0,28.0,137.0,8.0,43.0,2.0,8.0,4.0,70.0,149.0,230.0,42.0,0.0,0.0,0.0,0.0,0.0,0.0,0.0,0.0,0.0,0.0,0.0,0.0,0.0,0.0,0.0,0.0,0.0,0.0,0.0,0.0,0.0,0.0,0.0,0.0,0.0,0.0,0.0,0.0,0.0,0.0,0.0,0.0,0.0,0.0,0.0,0.0,0.0,0.0,0.0,0.0,0.0,0.0,0.0,0.0,0.0,0.0,3.0,1.0,0.0,2.0,0.0,3.0,0.0,2.0,0.0,0.0,0.0,0.0,0.0,0.0,0.0,0.0,0.0,0.0,0.0,0.0,0.0,0.0,0.0,0.0,0.0,0.0,0.0,0.0,0.0,0.0,0.0,0.0,0.0,0.0,3.0,1.0,0.0,3.0,0.0,5.0,0.0,6.0
785,1.0,785.0,London_198,,151,453,1092.0,70.0,2.0,159456.0,0.44758349983021617,805.0,105.0,0.0,105.0,165.0,0.0,165.0,20.0,65.0,163.0,26.0,137.0,10.0,41.0,2.0,9.0,4.0,68.0,155.0,226.0,43.0,0.0,0.0,0.0,0.0,0.0,0.0,0.0,0.0,0.0,29.0,0.0,5.0,2.0,16.0,0.0,2.0,2.0,2.0,0.0,29.0,0.0,0.0,0.0,0.0,0.0,0.0,0.0,0.0,0.0,0.0,0.0,0.0,0.0,0.0,0.0,0.0,0.0,0.0,0.0,0.0,1.0,1.0,0.0,0.0,4.0,1.0,3.0,1.0,0.0,2.0,14.0,17.0,4.0,6.0,0.0,0.0,0.0,0.0,0.0,0.0,0.0,0.0,0.0,0.0,0.0,0.0,0.0,0.0,0.0,0.0,0.0,0.0,0.0,0.0,1.0,1.0,0.0,0.0,4.0,1.0,3.0,1.0,0.0,2.0,17.0,23.0,4.0,7.0
786,1.0,786.0,London_198,,151,453,1092.0,70.0,2.0,159003.0,0.38845112593844533,804.0,35.0,2.0,33.0,68.0,17.0,51.0,119.0,73.0,168.0,24.0,127.0,10.0,35.0,3.0,13.0,3.0,64.0,169.0,217.0,49.0,0.0,0.0,0.0,0.0,0.0,0.0,0.0,0.0,0.0,12.0,0.0,2.0,2.0,5.0,0.0,3.0,0.0,0.0,2.0,10.0,0.0,0.0,0.0,0.0,0.0,0.0,0.0,0.0,0.0,0.0,0.0,0.0,0.0,0.0,1.0,0.0,1.0,0.0,0.0,0.0,1.0,0.0,0.0,0.0,0.0,0.0,0.0,2.0,0.0,1.0,5.0,3.0,2.0,1.0,0.0,0.0,0.0,0.0,0.0,0.0,0.0,0.0,0.0,0.0,0.0,0.0,0.0,0.0,1.0,0.0,1.0,0.0,0.0,0.0,1.0,0.0,0.0,0.0,0.0,0.0,0.0,2.0,0.0,1.0,7.0,4.0,3.0,1.0
787,1.0,787.0,London_198,,151,453,1092.0,70.0,2.0,194337.0,0.5458567421883345,882.0,16.0,0.0,16.0,25.0,0.0,25.0,40.0,74.0,168.0,22.0,127.0,10.0,36.0,4.0,12.0,3.0,63.0,170.0,217.0,50.0,0.0,0.0,0.0,0.0,0.0,0.0,0.0,0.0,0.0,7.0,0.0,0.0,1.0,6.0,0.0,0.0,0.0,0.0,0.0,7.0,0.0,0.0,0.0,0.0,0.0,0.0,0.0,0.0,0.0,0.0,0.0,0.0,0.0,0.0,0.0,0.0,0.0,0.0,0.0,0.0,0.0,0.0,0.0,0.0,0.0,0.0,1.0,0.0,1.0,0.0,2.0,5.0,2.0,0.0,0.0,0.0,0.0,0.0,0.0,0.0,0.0,0.0,0.0,0.0,0.0,0.0,0.0,0.0,0.0,0.0,0.0,0.0,0.0,0.0,0.0,0.0,0.0,0.0,0.0,0.0,1.0,0.0,1.0,0.0,2.0,7.0,2.0,0.0
788,1.0,788.0,London_198,,151,453,1092.0,70.0,2.0,231936.0,0.6713450979441404,965.0,170.0,2.0,168.0,320.0,20.0,300.0,16.0,75.0,171.0,22.0,125.0,9.0,35.0,4.0,12.0,3.0,61.0,175.0,214.0,53.0,0.0,0.0,0.0,0.0,0.0,0.0,0.0,0.0,0.0,82.0,0.0,31.0,11.0,30.0,3.0,4.0,0.0,3.0,2.0,80.0,0.0,0.0,0.0,0.0,0.0,0.0,0.0,0.0,0.0,0.0,0.0,0.0,0.0,0.0,1.0,0.0,0.0,0.0,0.0,0.0,1.0,0.0,0.0,0.0,0.0,0.0,2.0,1.0,1.0,0.0,21.0,26.0,3.0,3.0,0.0,0.0,0.0,0.0,0.0,0.0,0.0,0.0,0.0,0.0,0.0,0.0,0.0,0.0,6.0,0.0,0.0,0.0,0.0,0.0,1.0,0.0,0.0,0.0,0.0,0.0,2.0,1.0,1.0,0.0,29.0,29.0,5.0,3.0
789,1.0,789.0,London_198,,151,453,1092.0,70.0,2.0,191619.0,0.6229359221179038,876.0,84.0,2.0,82.0,160.0,15.0,145.0,170.0,81.0,164.0,28.0,133.0,8.0,24.0,4.0,11.0,8.0,71.0,156.0,218.0,60.0,0.0,0.0,0.0,0.0,0.0,0.0,0.0,0.0,0.0,39.0,0.0,6.0,5.0,21.0,0.0,2.0,2.0,3.0,2.0,37.0,0.0,0.0,0.0,0.0,0.0,0.0,0.0,0.0,0.0,0.0,0.0,0.0,0.0,0.0,0.0,0.0,0.0,0.0,0.0,0.0,0.0,0.0,0.0,0.0,0.0,0.0,0.0,1.0,0.0,2.0,9.0,16.0,4.0,1.0,0.0,0.0,0.0,0.0,0.0,0.0,0.0,0.0,0.0,0.0,0.0,0.0,0.0,0.0,0.0,0.0,0.0,0.0,0.0,0.0,0.0,0.0,0.0,0.0,0.0,0.0,0.0,1.0,0.0,3.0,14.0,22.0,4.0,1.0
790,1.0,790.0,London_198,,151,453,1092.0,70.0,2.0,209286.0,0.5296148569323123,915.0,173.0,1.0,172.0,302.0,9.0,293.0,84.0,83.0,168.0,29.0,124.0,10.0,23.0,2.0,14.0,9.0,82.0,159.0,203.0,57.0,0.0,0.0,0.0,0.0,0.0,0.0,0.0,0.0,0.0,77.0,0.0,15.0,10.0,39.0,1.0,6.0,1.0,5.0,1.0,76.0,0.0,0.0,0.0,0.0,0.0,0.0,0.0,0.0,0.0,0.0,0.0,0.0,0.0,0.0,0.0,0.0,0.0,0.0,0.0,0.0,0.0,1.0,0.0,0.0,5.0,0.0,0.0,3.0,1.0,3.0,30.0,25.0,3.0,1.0,0.0,0.0,0.0,0.0,0.0,0.0,0.0,0.0,0.0,0.0,0.0,0.0,0.0,0.0,0.0,0.0,0.0,0.0,0.0,0.0,0.0,2.0,0.0,0.0,5.0,0.0,0.0,5.0,1.0,4.0,39.0,39.0,5.0,1.0
791,1.0,791.0,London_198,,151,453,1092.0,70.0,2.0,168969.0,0.7747008360456675,826.0,157.0,1.0,156.0,277.0,8.0,269.0,175.0,74.0,161.0,26.0,142.0,8.0,25.0,5.0,12.0,10.0,85.0,161.0,197.0,57.0,0.0,0.0,0.0,0.0,0.0,0.0,0.0,0.0,0.0,44.0,0.0,6.0,6.0,21.0,3.0,5.0,0.0,3.0,0.0,44.0,0.0,0.0,0.0,0.0,0.0,0.0,0.0,0.0,0.0,0.0,0.0,0.0,0.0,0.0,1.0,0.0,0.0,0.0,0.0,0.0,2.0,1.0,0.0,1.0,1.0,1.0,3.0,4.0,0.0,4.0,21.0,28.0,6.0,7.0,0.0,0.0,0.0,0.0,0.0,0.0,0.0,0.0,0.0,0.0,0.0,0.0,0.0,0.0,7.0,0.0,0.0,0.0,0.0,0.0,2.0,3.0,0.0,1.0,1.0,4.0,3.0,7.0,0.0,4.0,28.0,41.0,7.0,12.0
792,1.0,792.0,London_198,,151,453,1092.0,70.0,2.0,134541.0,0.33743165899068117,750.0,71.0,0.0,71.0,114.0,0.0,114.0,202.0,68.0,170.0,33.0,124.0,6.0,40.0,3.0,9.0,10.0,85.0,163.0,195.0,50.0,0.0,0.0,0.0,0.0,0.0,0.0,0.0,0.0,0.0,9.0,0.0,0.0,0.0,7.0,0.0,0.0,0.0,2.0,0.0,9.0,0.0,0.0,0.0,0.0,0.0,0.0,0.0,0.0,0.0,0.0,0.0,0.0,0.0,0.0,0.0,0.0,0.0,0.0,0.0,0.0,1.0,2.0,0.0,2.0,0.0,0.0,1.0,5.0,1.0,2.0,9.0,21.0,6.0,5.0,0.0,0.0,0.0,0.0,0.0,0.0,0.0,0.0,0.0,0.0,0.0,0.0,0.0,0.0,0.0,0.0,0.0,0.0,0.0,0.0,1.0,2.0,0.0,2.0,0.0,0.0,1.0,5.0,1.0,3.0,11.0,29.0,7.0,10.0
793,1.0,793.0,London_198,,151,453,1092.0,70.0,2.0,132729.0,0.48133161291480064,746.0,55.0,2.0,53.0,108.0,19.0,89.0,100.0,66.0,180.0,33.0,119.0,3.0,39.0,3.0,10.0,12.0,95.0,143.0,203.0,57.0,0.0,0.0,0.0,0.0,0.0,0.0,0.0,0.0,0.0,9.0,0.0,0.0,3.0,3.0,1.0,0.0,1.0,1.0,1.0,8.0,0.0,0.0,0.0,0.0,0.0,0.0,0.0,0.0,0.0,0.0,0.0,0.0,0.0,0.0,1.0,0.0,1.0,0.0,0.0,0.0,1.0,3.0,0.0,1.0,1.0,0.0,7.0,4.0,3.0,2.0,8.0,12.0,9.0,6.0,0.0,0.0,0.0,0.0,0.0,0.0,0.0,0.0,0.0,0.0,0.0,0.0,0.0,0.0,6.0,0.0,7.0,0.0,0.0,0.0,1.0,4.0,0.0,2.0,1.0,0.0,8.0,5.0,3.0,3.0,11.0,15.0,11.0,11.0
794,1.0,794.0,London_198,,151,453,1092.0,70.0,2.0,135900.0,0.502440971089527,753.0,44.0,0.0,44.0,75.0,0.0,75.0,87.0,67.0,173.0,35.0,123.0,3.0,41.0,3.0,8.0,9.0,93.0,153.0,198.0,56.0,0.0,0.0,0.0,0.0,0.0,0.0,0.0,0.0,0.0,8.0,0.0,0.0,1.0,3.0,2.0,0.0,1.0,1.0,0.0,8.0,0.0,0.0,0.0,0.0,0.0,0.0,0.0,0.0,0.0,0.0,0.0,0.0,0.0,0.0,0.0,0.0,0.0,0.0,0.0,0.0,1.0,1.0,1.0,0.0,0.0,0.0,1.0,1.0,0.0,1.0,1.0,7.0,3.0,4.0,0.0,0.0,0.0,0.0,0.0,0.0,0.0,0.0,0.0,0.0,0.0,0.0,0.0,0.0,0.0,0.0,0.0,0.0,0.0,0.0,1.0,1.0,1.0,0.0,0.0,0.0,1.0,1.0,0.0,1.0,1.0,12.0,3.0,5.0
795,1.0,795.0,London_198,,151,453,1092.0,70.0,2.0,146772.0,0.5731604900211096,777.0,119.0,0.0,119.0,211.0,0.0,211.0,61.0,59.0,179.0,33.0,128.0,5.0,40.0,2.0,7.0,10.0,99.0,153.0,191.0,61.0,0.0,0.0,0.0,0.0,0.0,0.0,0.0,0.0,0.0,25.0,0.0,1.0,1.0,22.0,0.0,0.0,0.0,1.0,0.0,25.0,0.0,0.0,0.0,0.0,0.0,0.0,0.0,0.0,0.0,0.0,0.0,0.0,0.0,0.0,0.0,0.0,0.0,0.0,0.0,0.0,0.0,4.0,1.0,0.0,0.0,0.0,4.0,2.0,0.0,7.0,11.0,21.0,10.0,5.0,0.0,0.0,0.0,0.0,0.0,0.0,0.0,0.0,0.0,0.0,0.0,0.0,0.0,0.0,0.0,0.0,0.0,0.0,0.0,0.0,0.0,5.0,1.0,0.0,0.0,0.0,5.0,2.0,0.0,10.0,17.0,34.0,11.0,7.0
796,1.0,796.0,London_198,,151,453,1092.0,70.0,2.0,127293.0,0.549744158051908,734.0,55.0,2.0,53.0,108.0,17.0,91.0,169.0,70.0,183.0,39.0,115.0,6.0,34.0,0.0,6.0,11.0,89.0,160.0,193.0,58.0,0.0,0.0,0.0,0.0,0.0,0.0,0.0,0.0,0.0,7.0,0.0,0.0,0.0,4.0,1.0,1.0,0.0,1.0,1.0,6.0,0.0,0.0,0.0,0.0,0.0,0.0,0.0,0.0,0.0,0.0,0.0,0.0,0.0,1.0,0.0,1.0,0.0,0.0,0.0,0.0,0.0,4.0,0.0,0.0,0.0,0.0,1.0,1.0,1.0,3.0,9.0,13.0,5.0,3.0,0.0,0.0,0.0,0.0,0.0,0.0,0.0,0.0,0.0,0.0,0.0,0.0,0.0,6.0,0.0,5.0,0.0,0.0,0.0,0.0,0.0,6.0,0.0,0.0,0.0,0.0,2.0,1.0,3.0,4.0,14.0,17.0,6.0,4.0
797,1.0,797.0,London_198,,151,453,1092.0,70.0,2.0,143148.0,0.44652847899124026,769.0,87.0,2.0,85.0,168.0,18.0,150.0,92.0,60.0,184.0,40.0,117.0,10.0,33.0,0.0,9.0,10.0,86.0,154.0,203.0,54.0,0.0,0.0,0.0,0.0,0.0,0.0,0.0,0.0,0.0,17.0,0.0,0.0,3.0,11.0,0.0,2.0,0.0,1.0,2.0,15.0,0.0,0.0,0.0,0.0,0.0,0.0,0.0,0.0,0.0,0.0,0.0,0.0,0.0,0.0,0.0,0.0,0.0,0.0,0.0,0.0,0.0,1.0,0.0,2.0,0.0,1.0,3.0,2.0,0.0,3.0,15.0,16.0,3.0,6.0,0.0,0.0,0.0,0.0,0.0,0.0,0.0,0.0,0.0,0.0,0.0,0.0,0.0,0.0,0.0,0.0,0.0,0.0,0.0,0.0,0.0,1.0,0.0,2.0,0.0,2.0,4.0,2.0,0.0,4.0,19.0,20.0,4.0,9.0
798,1.0,798.0,London_198,,151,453,1092.0,70.0,2.0,144960.0,0.5022465118672699,773.0,86.0,2.0,84.0,169.0,18.0,151.0,128.0,45.0,178.0,31.0,131.0,17.0,36.0,2.0,13.0,12.0,86.0,147.0,208.0,57.0,0.0,0.0,0.0,0.0,0.0,0.0,0.0,0.0,0.0,13.0,0.0,5.0,1.0,3.0,0.0,0.0,2.0,2.0,1.0,12.0,0.0,0.0,0.0,0.0,0.0,0.0,0.0,0.0,0.0,0.0,0.0,0.0,0.0,0.0,1.0,0.0,0.0,0.0,0.0,0.0,2.0,1.0,0.0,0.0,0.0,1.0,5.0,4.0,0.0,8.0,7.0,23.0,8.0,5.0,0.0,0.0,0.0,0.0,0.0,0.0,0.0,0.0,0.0,0.0,0.0,0.0,0.0,0.0,7.0,0.0,0.0,0.0,0.0,0.0,2.0,1.0,0.0,0.0,0.0,2.0,5.0,6.0,0.0,10.0,9.0,34.0,9.0,8.0
799,1.0,799.0,London_198,,151,453,1092.0,70.0,2.0,142695.0,0.3925772770307958,768.0,29.0,0.0,29.0,47.0,0.0,47.0,141.0,55.0,178.0,31.0,124.0,16.0,40.0,2.0,7.0,6.0,94.0,145.0,208.0,53.0,0.0,0.0,0.0,0.0,0.0,0.0,0.0,0.0,0.0,7.0,0.0,2.0,0.0,2.0,0.0,1.0,0.0,2.0,0.0,7.0,0.0,0.0,0.0,0.0,0.0,0.0,0.0,0.0,0.0,0.0,0.0,0.0,0.0,0.0,0.0,0.0,0.0,0.0,0.0,0.0,0.0,0.0,1.0,0.0,2.0,1.0,1.0,0.0,0.0,2.0,5.0,10.0,1.0,2.0,0.0,0.0,0.0,0.0,0.0,0.0,0.0,0.0,0.0,0.0,0.0,0.0,0.0,0.0,0.0,0.0,0.0,0.0,0.0,0.0,0.0,0.0,1.0,0.0,2.0,1.0,1.0,0.0,0.0,2.0,6.0,12.0,1.0,3.0
800,1.0,800.0,London_198,,151,453,1092.0,70.0,2.0,170781.0,0.5260157338343561,830.0,46.0,1.0,45.0,96.0,11.0,85.0,35.0,57.0,171.0,32.0,132.0,15.0,39.0,2.0,5.0,9.0,94.0,140.0,210.0,59.0,0.0,0.0,0.0,0.0,0.0,0.0,0.0,0.0,0.0,19.0,0.0,6.0,1.0,10.0,0.0,0.0,1.0,1.0,1.0,18.0,0.0,0.0,0.0,0.0,0.0,0.0,0.0,0.0,0.0,0.0,0.0,0.0,0.0,0.0,1.0,0.0,0.0,0.0,0.0,0.0,0.0,0.0,0.0,0.0,1.0,0.0,3.0,1.0,0.0,1.0,6.0,7.0,0.0,2.0,0.0,0.0,0.0,0.0,0.0,0.0,0.0,0.0,0.0,0.0,0.0,0.0,0.0,0.0,5.0,0.0,0.0,0.0,0.0,0.0,0.0,0.0,0.0,0.0,1.0,0.0,3.0,1.0,0.0,2.0,8.0,9.0,0.0,2.0
801,1.0,801.0,London_198,,151,453,1092.0,70.0,2.0,185730.0,0.41056381398811936,863.0,110.0,1.0,109.0,187.0,10.0,177.0,58.0,64.0,174.0,32.0,122.0,16.0,39.0,3.0,3.0,7.0,101.0,130.0,215.0,57.0,0.0,0.0,0.0,0.0,0.0,0.0,0.0,0.0,0.0,40.0,0.0,12.0,5.0,17.0,1.0,0.0,2.0,3.0,1.0,39.0,0.0,0.0,0.0,0.0,0.0,0.0,0.0,0.0,0.0,0.0,0.0,0.0,0.0,1.0,0.0,0.0,0.0,0.0,0.0,0.0,3.0,0.0,0.0,0.0,1.0,0.0,2.0,1.0,0.0,3.0,16.0,17.0,8.0,1.0,0.0,0.0,0.0,0.0,0.0,0.0,0.0,0.0,0.0,0.0,0.0,0.0,0.0,4.0,0.0,0.0,0.0,0.0,0.0,0.0,3.0,0.0,0.0,0.0,1.0,0.0,2.0,1.0,0.0,3.0,19.0,23.0,9.0,1.0
802,1.0,802.0,London_198,,151,453,1092.0,70.0,2.0,175764.0,0.5272592089604586,841.0,116.0,0.0,116.0,213.0,0.0,213.0,121.0,59.0,184.0,39.0,117.0,10.0,37.0,2.0,5.0,8.0,93.0,148.0,204.0,54.0,0.0,0.0,0.0,0.0,0.0,0.0,0.0,0.0,0.0,38.0,0.0,10.0,1.0,25.0,0.0,0.0,0.0,2.0,0.0,38.0,0.0,0.0,0.0,0.0,0.0,0.0,0.0,0.0,0.0,0.0,0.0,0.0,0.0,0.0,0.0,0.0,0.0,0.0,0.0,0.0,1.0,0.0,2.0,0.0,3.0,0.0,1.0,2.0,0.0,0.0,8.0,19.0,2.0,3.0,0.0,0.0,0.0,0.0,0.0,0.0,0.0,0.0,0.0,0.0,0.0,0.0,0.0,0.0,0.0,0.0,0.0,0.0,0.0,0.0,1.0,0.0,2.0,0.0,3.0,0.0,1.0,2.0,0.0,0.0,20.0,31.0,5.0,3.0
803,1.0,803.0,London_198,,151,453,1092.0,70.0,2.0,161268.0,0.7388782911002636,809.0,120.0,0.0,120.0,204.0,0.0,204.0,151.0,78.0,156.0,35.0,133.0,11.0,33.0,1.0,6.0,8.0,72.0,156.0,217.0,56.0,0.0,0.0,0.0,0.0,0.0,0.0,0.0,0.0,0.0,27.0,0.0,9.0,2.0,14.0,0.0,0.0,2.0,0.0,0.0,27.0,0.0,0.0,0.0,0.0,0.0,0.0,0.0,0.0,0.0,0.0,0.0,0.0,0.0,0.0,0.0,0.0,0.0,0.0,0.0,0.0,0.0,0.0,0.0,0.0,2.0,0.0,1.0,2.0,2.0,5.0,26.0,18.0,10.0,6.0,0.0,0.0,0.0,0.0,0.0,0.0,0.0,0.0,0.0,0.0,0.0,0.0,0.0,0.0,0.0,0.0,0.0,0.0,0.0,0.0,0.0,0.0,0.0,0.0,2.0,0.0,1.0,3.0,3.0,5.0,38.0,22.0,13.0,8.0
804,1.0,804.0,London_198,,151,453,1092.0,70.0,2.0,137712.0,0.43007412017323077,757.0,73.0,2.0,71.0,142.0,19.0,123.0,155.0,76.0,156.0,32.0,135.0,8.0,38.0,1.0,7.0,9.0,73.0,172.0,199.0,53.0,0.0,0.0,0.0,0.0,0.0,0.0,0.0,0.0,0.0,15.0,0.0,0.0,0.0,12.0,0.0,3.0,0.0,0.0,2.0,13.0,0.0,0.0,0.0,0.0,0.0,0.0,0.0,0.0,0.0,0.0,0.0,0.0,0.0,0.0,0.0,0.0,0.0,0.0,0.0,0.0,2.0,0.0,0.0,2.0,2.0,0.0,5.0,0.0,1.0,6.0,12.0,13.0,7.0,4.0,0.0,0.0,0.0,0.0,0.0,0.0,0.0,0.0,0.0,0.0,0.0,0.0,0.0,0.0,0.0,0.0,0.0,0.0,0.0,0.0,3.0,0.0,0.0,3.0,2.0,0.0,7.0,0.0,1.0,6.0,22.0,20.0,9.0,7.0
805,1.0,805.0,London_198,,151,453,1092.0,70.0,2.0,145413.0,0.6755516780540347,774.0,35.0,1.0,34.0,74.0,10.0,64.0,102.0,78.0,153.0,37.0,132.0,6.0,33.0,5.0,9.0,10.0,77.0,173.0,193.0,54.0,0.0,0.0,0.0,0.0,0.0,0.0,0.0,0.0,0.0,6.0,0.0,0.0,0.0,4.0,0.0,2.0,0.0,0.0,0.0,6.0,0.0,0.0,0.0,0.0,0.0,0.0,0.0,0.0,0.0,0.0,0.0,0.0,0.0,0.0,0.0,0.0,0.0,0.0,0.0,0.0,0.0,2.0,0.0,1.0,1.0,0.0,2.0,2.0,0.0,1.0,2.0,8.0,1.0,1.0,0.0,0.0,0.0,0.0,0.0,0.0,0.0,0.0,0.0,0.0,0.0,0.0,0.0,0.0,0.0,0.0,0.0,0.0,0.0,0.0,0.0,4.0,0.0,2.0,1.0,0.0,2.0,2.0,0.0,1.0,4.0,13.0,1.0,2.0
806,1.0,806.0,London_198,,151,453,1092.0,70.0,2.0,173046.0,0.5075919169466943,835.0,178.0,0.0,178.0,307.0,0.0,307.0,65.0,69.0,167.0,36.0,122.0,7.0,36.0,5.0,11.0,12.0,79.0,153.0,209.0,61.0,0.0,0.0,0.0,0.0,0.0,0.0,0.0,0.0,0.0,58.0,0.0,6.0,6.0,35.0,0.0,4.0,0.0,7.0,0.0,58.0,0.0,0.0,0.0,0.0,0.0,0.0,0.0,0.0,0.0,0.0,0.0,0.0,0.0,0.0,0.0,0.0,0.0,0.0,0.0,0.0,0.0,0.0,1.0,0.0,3.0,0.0,3.0,2.0,2.0,3.0,26.0,29.0,7.0,6.0,0.0,0.0,0.0,0.0,0.0,0.0,0.0,0.0,0.0,0.0,0.0,0.0,0.0,0.0,0.0,0.0,0.0,0.0,0.0,0.0,0.0,0.0,1.0,0.0,3.0,0.0,3.0,2.0,2.0,5.0,38.0,43.0,10.0,9.0
807,1.0,807.0,London_198,,151,453,1092.0,70.0,2.0,120498.0,0.36333419708535075,719.0,14.0,0.0,14.0,19.0,0.0,19.0,218.0,69.0,187.0,25.0,119.0,11.0,32.0,5.0,5.0,9.0,64.0,167.0,213.0,59.0,0.0,0.0,0.0,0.0,0.0,0.0,0.0,0.0,0.0,1.0,0.0,0.0,0.0,1.0,0.0,0.0,0.0,0.0,0.0,1.0,0.0,0.0,0.0,0.0,0.0,0.0,0.0,0.0,0.0,0.0,0.0,0.0,0.0,0.0,0.0,0.0,0.0,0.0,0.0,0.0,0.0,1.0,0.0,1.0,0.0,0.0,0.0,2.0,0.0,1.0,2.0,4.0,2.0,1.0,0.0,0.0,0.0,0.0,0.0,0.0,0.0,0.0,0.0,0.0,0.0,0.0,0.0,0.0,0.0,0.0,0.0,0.0,0.0,0.0,0.0,1.0,0.0,1.0,0.0,0.0,0.0,3.0,0.0,1.0,2.0,5.0,2.0,1.0
808,1.0,808.0,London_198,,151,453,1092.0,70.0,2.0,153114.0,0.4929062419105321,791.0,98.0,1.0,97.0,168.0,11.0,157.0,18.0,69.0,181.0,27.0,121.0,13.0,32.0,5.0,5.0,10.0,63.0,164.0,216.0,60.0,0.0,0.0,0.0,0.0,0.0,0.0,0.0,0.0,0.0,32.0,0.0,5.0,2.0,18.0,0.0,1.0,0.0,6.0,1.0,31.0,0.0,0.0,0.0,0.0,0.0,0.0,0.0,0.0,0.0,0.0,0.0,0.0,0.0,0.0,1.0,0.0,0.0,0.0,0.0,0.0,0.0,0.0,0.0,0.0,3.0,0.0,5.0,1.0,0.0,4.0,17.0,14.0,4.0,7.0,0.0,0.0,0.0,0.0,0.0,0.0,0.0,0.0,0.0,0.0,0.0,0.0,0.0,0.0,2.0,0.0,0.0,0.0,0.0,0.0,0.0,0.0,0.0,0.0,4.0,0.0,5.0,1.0,0.0,4.0,23.0,16.0,4.0,8.0
809,1.0,809.0,London_198,,151,453,1092.0,70.0,2.0,146772.0,0.5273695208597928,777.0,89.0,0.0,89.0,155.0,0.0,155.0,114.0,71.0,199.0,25.0,105.0,12.0,33.0,4.0,4.0,10.0,68.0,164.0,211.0,65.0,0.0,0.0,0.0,0.0,0.0,0.0,0.0,0.0,0.0,21.0,0.0,4.0,2.0,11.0,0.0,1.0,0.0,3.0,0.0,21.0,0.0,0.0,0.0,0.0,0.0,0.0,0.0,0.0,0.0,0.0,0.0,0.0,0.0,0.0,0.0,0.0,0.0,0.0,0.0,0.0,0.0,2.0,0.0,0.0,2.0,0.0,2.0,2.0,2.0,5.0,11.0,20.0,8.0,2.0,0.0,0.0,0.0,0.0,0.0,0.0,0.0,0.0,0.0,0.0,0.0,0.0,0.0,0.0,0.0,0.0,0.0,0.0,0.0,0.0,0.0,4.0,0.0,0.0,2.0,0.0,2.0,3.0,4.0,5.0,17.0,27.0,9.0,2.0
810,1.0,810.0,London_198,,151,453,1092.0,70.0,2.0,152208.0,0.4440166321583092,789.0,8.0,2.0,6.0,29.0,19.0,10.0,115.0,70.0,201.0,28.0,108.0,8.0,32.0,1.0,5.0,14.0,71.0,171.0,197.0,76.0,0.0,0.0,0.0,0.0,0.0,0.0,0.0,0.0,0.0,2.0,0.0,1.0,0.0,0.0,0.0,1.0,0.0,0.0,2.0,0.0,0.0,0.0,0.0,0.0,0.0,0.0,0.0,0.0,0.0,0.0,0.0,0.0,0.0,0.0,0.0,0.0,0.0,0.0,0.0,0.0,0.0,0.0,0.0,0.0,0.0,0.0,0.0,0.0,0.0,0.0,1.0,3.0,0.0,0.0,0.0,0.0,0.0,0.0,0.0,0.0,0.0,0.0,0.0,0.0,0.0,0.0,0.0,0.0,0.0,0.0,0.0,0.0,0.0,0.0,0.0,0.0,0.0,0.0,0.0,0.0,0.0,0.0,0.0,0.0,1.0,4.0,0.0,0.0
811,1.0,811.0,London_198,,151,453,1092.0,70.0,2.0,190713.0,0.5560130579397082,874.0,177.0,2.0,175.0,307.0,19.0,288.0,19.0,67.0,206.0,29.0,108.0,7.0,30.0,1.0,5.0,12.0,71.0,171.0,199.0,71.0,0.0,0.0,0.0,0.0,0.0,0.0,0.0,0.0,0.0,66.0,0.0,17.0,5.0,34.0,0.0,8.0,0.0,2.0,2.0,64.0,0.0,0.0,0.0,0.0,0.0,0.0,0.0,0.0,0.0,0.0,0.0,0.0,0.0,0.0,1.0,0.0,0.0,0.0,0.0,0.0,0.0,0.0,0.0,0.0,0.0,0.0,0.0,2.0,1.0,3.0,22.0,25.0,6.0,4.0,0.0,0.0,0.0,0.0,0.0,0.0,0.0,0.0,0.0,0.0,0.0,0.0,0.0,0.0,2.0,0.0,0.0,0.0,0.0,0.0,0.0,0.0,0.0,0.0,0.0,0.0,0.0,2.0,1.0,4.0,30.0,36.0,6.0,4.0
812,1.0,812.0,London_198,,151,453,1092.0,70.0,2.0,149490.0,0.4121769608464092,783.0,23.0,1.0,22.0,45.0,10.0,35.0,191.0,56.0,193.0,28.0,115.0,6.0,46.0,3.0,6.0,10.0,69.0,155.0,219.0,68.0,0.0,0.0,0.0,0.0,0.0,0.0,0.0,0.0,0.0,2.0,0.0,2.0,0.0,0.0,0.0,0.0,0.0,0.0,1.0,1.0,0.0,0.0,0.0,0.0,0.0,0.0,0.0,0.0,0.0,0.0,0.0,0.0,0.0,0.0,0.0,0.0,0.0,0.0,0.0,0.0,0.0,1.0,0.0,0.0,0.0,0.0,0.0,0.0,0.0,0.0,7.0,2.0,3.0,2.0,0.0,0.0,0.0,0.0,0.0,0.0,0.0,0.0,0.0,0.0,0.0,0.0,0.0,0.0,0.0,0.0,0.0,0.0,0.0,0.0,0.0,1.0,0.0,0.0,0.0,0.0,0.0,0.0,0.0,0.0,11.0,3.0,3.0,2.0
813,1.0,813.0,London_198,,151,453,1092.0,70.0,2.0,184371.0,0.6561286589130759,860.0,144.0,0.0,144.0,250.0,0.0,250.0,38.0,53.0,200.0,26.0,114.0,7.0,43.0,3.0,7.0,9.0,72.0,155.0,217.0,69.0,0.0,0.0,0.0,0.0,0.0,0.0,0.0,0.0,0.0,54.0,0.0,11.0,4.0,29.0,0.0,7.0,0.0,3.0,0.0,54.0,0.0,0.0,0.0,0.0,0.0,0.0,0.0,0.0,0.0,0.0,0.0,0.0,0.0,0.0,0.0,0.0,0.0,0.0,0.0,0.0,0.0,3.0,0.0,0.0,0.0,1.0,3.0,6.0,1.0,2.0,19.0,17.0,11.0,2.0,0.0,0.0,0.0,0.0,0.0,0.0,0.0,0.0,0.0,0.0,0.0,0.0,0.0,0.0,0.0,0.0,0.0,0.0,0.0,0.0,0.0,4.0,0.0,0.0,0.0,1.0,4.0,11.0,2.0,2.0,25.0,23.0,14.0,3.0
814,1.0,814.0,London_198,,151,453,1092.0,70.0,2.0,159456.0,0.522130707046017,805.0,135.0,0.0,135.0,235.0,0.0,235.0,163.0,54.0,192.0,32.0,124.0,6.0,34.0,3.0,8.0,15.0,77.0,147.0,214.0,69.0,0.0,0.0,0.0,0.0,0.0,0.0,0.0,0.0,0.0,34.0,0.0,3.0,1.0,27.0,0.0,0.0,0.0,3.0,0.0,34.0,0.0,0.0,0.0,0.0,0.0,0.0,0.0,0.0,0.0,0.0,0.0,0.0,0.0,0.0,0.0,0.0,0.0,0.0,0.0,0.0,3.0,2.0,1.0,0.0,1.0,0.0,3.0,4.0,2.0,4.0,22.0,27.0,11.0,5.0,0.0,0.0,0.0,0.0,0.0,0.0,0.0,0.0,0.0,0.0,0.0,0.0,0.0,0.0,0.0,0.0,0.0,0.0,0.0,0.0,3.0,3.0,1.0,0.0,1.0,0.0,6.0,4.0,2.0,4.0,32.0,40.0,12.0,7.0
815,1.0,815.0,London_198,,151,453,1092.0,70.0,2.0,136806.0,0.4934826029930264,755.0,3.0,0.0,3.0,6.0,0.0,6.0,182.0,68.0,158.0,24.0,140.0,7.0,41.0,2.0,13.0,14.0,75.0,142.0,222.0,75.0,0.0,0.0,0.0,0.0,0.0,0.0,0.0,0.0,0.0,1.0,0.0,0.0,0.0,1.0,0.0,0.0,0.0,0.0,0.0,1.0,0.0,0.0,0.0,0.0,0.0,0.0,0.0,0.0,0.0,0.0,0.0,0.0,0.0,0.0,0.0,0.0,0.0,0.0,0.0,0.0,0.0,0.0,0.0,0.0,0.0,0.0,0.0,0.0,0.0,0.0,1.0,0.0,1.0,0.0,0.0,0.0,0.0,0.0,0.0,0.0,0.0,0.0,0.0,0.0,0.0,0.0,0.0,0.0,0.0,0.0,0.0,0.0,0.0,0.0,0.0,0.0,0.0,0.0,0.0,0.0,0.0,0.0,0.0,0.0,2.0,0.0,2.0,0.0
816,1.0,816.0,London_198,,151,453,1092.0,70.0,2.0,172140.0,0.44777693995274603,833.0,118.0,1.0,117.0,197.0,10.0,187.0,4.0,68.0,156.0,25.0,141.0,7.0,41.0,2.0,13.0,14.0,75.0,142.0,222.0,75.0,0.0,0.0,0.0,0.0,0.0,0.0,0.0,0.0,0.0,38.0,0.0,12.0,0.0,25.0,0.0,0.0,1.0,0.0,1.0,37.0,0.0,0.0,0.0,0.0,0.0,0.0,0.0,0.0,0.0,0.0,0.0,0.0,0.0,0.0,1.0,0.0,0.0,0.0,0.0,0.0,0.0,1.0,1.0,1.0,1.0,0.0,3.0,1.0,0.0,1.0,9.0,18.0,10.0,2.0,0.0,0.0,0.0,0.0,0.0,0.0,0.0,0.0,0.0,0.0,0.0,0.0,0.0,0.0,7.0,0.0,0.0,0.0,0.0,0.0,0.0,1.0,1.0,1.0,1.0,0.0,3.0,1.0,0.0,1.0,15.0,25.0,11.0,2.0
817,1.0,817.0,London_198,,151,453,1092.0,70.0,2.0,163533.0,0.3934466438367963,814.0,72.0,2.0,70.0,130.0,19.0,111.0,141.0,69.0,152.0,25.0,144.0,8.0,42.0,2.0,11.0,13.0,73.0,144.0,223.0,80.0,0.0,0.0,0.0,0.0,0.0,0.0,0.0,0.0,0.0,19.0,0.0,1.0,0.0,16.0,0.0,1.0,1.0,0.0,1.0,18.0,0.0,0.0,0.0,0.0,0.0,0.0,0.0,0.0,0.0,0.0,0.0,0.0,0.0,0.0,0.0,0.0,0.0,0.0,0.0,0.0,0.0,0.0,0.0,0.0,0.0,0.0,4.0,0.0,0.0,1.0,7.0,11.0,6.0,2.0,0.0,0.0,0.0,0.0,0.0,0.0,0.0,0.0,0.0,0.0,0.0,0.0,0.0,0.0,0.0,0.0,0.0,0.0,0.0,0.0,0.0,0.0,0.0,0.0,0.0,0.0,4.0,0.0,0.0,2.0,8.0,15.0,6.0,3.0
818,1.0,818.0,London_198,,151,453,1092.0,70.0,2.0,174405.0,0.7115172310732305,838.0,105.0,2.0,103.0,193.0,18.0,175.0,94.0,75.0,157.0,26.0,127.0,8.0,50.0,2.0,8.0,10.0,68.0,147.0,228.0,73.0,0.0,0.0,0.0,0.0,0.0,0.0,0.0,0.0,0.0,34.0,0.0,8.0,2.0,17.0,0.0,4.0,0.0,3.0,1.0,33.0,0.0,0.0,0.0,0.0,0.0,0.0,0.0,0.0,0.0,0.0,0.0,0.0,0.0,0.0,0.0,0.0,0.0,0.0,0.0,0.0,1.0,0.0,0.0,0.0,1.0,0.0,2.0,2.0,2.0,1.0,10.0,13.0,7.0,1.0,0.0,0.0,0.0,0.0,0.0,0.0,0.0,0.0,0.0,0.0,0.0,0.0,0.0,0.0,0.0,0.0,0.0,0.0,0.0,0.0,1.0,0.0,0.0,0.0,1.0,0.0,2.0,2.0,2.0,1.0,16.0,19.0,9.0,1.0
819,1.0,819.0,London_198,,151,453,1092.0,70.0,2.0,162174.0,0.44085833500139415,811.0,68.0,0.0,68.0,112.0,0.0,112.0,137.0,69.0,170.0,22.0,126.0,9.0,48.0,3.0,6.0,9.0,71.0,154.0,219.0,72.0,0.0,0.0,0.0,0.0,0.0,0.0,0.0,0.0,0.0,13.0,0.0,0.0,0.0,10.0,0.0,2.0,0.0,1.0,0.0,13.0,0.0,0.0,0.0,0.0,0.0,0.0,0.0,0.0,0.0,0.0,0.0,0.0,0.0,0.0,0.0,0.0,0.0,0.0,0.0,0.0,0.0,1.0,0.0,0.0,0.0,0.0,0.0,2.0,1.0,2.0,9.0,12.0,0.0,0.0,0.0,0.0,0.0,0.0,0.0,0.0,0.0,0.0,0.0,0.0,0.0,0.0,0.0,0.0,0.0,0.0,0.0,0.0,0.0,0.0,0.0,1.0,0.0,0.0,0.0,0.0,0.0,2.0,1.0,2.0,13.0,15.0,0.0,0.0
820,1.0,820.0,London_198,,151,453,1092.0,70.0,2.0,172140.0,0.5617915370967239,833.0,91.0,0.0,91.0,159.0,0.0,159.0,91.0,65.0,159.0,30.0,131.0,10.0,51.0,2.0,5.0,10.0,65.0,173.0,205.0,73.0,0.0,0.0,0.0,0.0,0.0,0.0,0.0,0.0,0.0,41.0,0.0,5.0,1.0,24.0,3.0,2.0,0.0,6.0,0.0,41.0,0.0,0.0,0.0,0.0,0.0,0.0,0.0,0.0,0.0,0.0,0.0,0.0,0.0,0.0,0.0,0.0,0.0,0.0,0.0,0.0,1.0,0.0,0.0,0.0,0.0,0.0,0.0,1.0,0.0,2.0,9.0,17.0,5.0,2.0,0.0,0.0,0.0,0.0,0.0,0.0,0.0,0.0,0.0,0.0,0.0,0.0,0.0,0.0,0.0,0.0,0.0,0.0,0.0,0.0,1.0,0.0,0.0,0.0,0.0,0.0,0.0,2.0,0.0,2.0,12.0,23.0,5.0,4.0
821,1.0,821.0,London_198,,151,453,1092.0,70.0,2.0,171234.0,0.9021081950049847,831.0,141.0,2.0,139.0,240.0,16.0,224.0,94.0,58.0,155.0,32.0,139.0,15.0,46.0,3.0,5.0,11.0,74.0,166.0,202.0,62.0,0.0,0.0,0.0,0.0,0.0,0.0,0.0,0.0,0.0,34.0,0.0,14.0,4.0,8.0,0.0,6.0,1.0,1.0,0.0,34.0,0.0,0.0,0.0,0.0,0.0,0.0,0.0,0.0,0.0,0.0,0.0,0.0,0.0,0.0,1.0,0.0,0.0,0.0,0.0,0.0,1.0,0.0,0.0,1.0,0.0,0.0,1.0,2.0,0.0,1.0,16.0,29.0,4.0,6.0,0.0,0.0,0.0,0.0,0.0,0.0,0.0,0.0,0.0,0.0,0.0,0.0,0.0,0.0,8.0,0.0,0.0,0.0,0.0,0.0,1.0,0.0,0.0,1.0,0.0,0.0,1.0,3.0,0.0,1.0,26.0,43.0,7.0,7.0
822,1.0,822.0,London_198,,151,453,1092.0,70.0,2.0,146772.0,0.5949520641006529,777.0,45.0,1.0,44.0,84.0,9.0,75.0,189.0,70.0,162.0,29.0,130.0,14.0,39.0,4.0,5.0,8.0,62.0,163.0,220.0,56.0,0.0,0.0,0.0,0.0,0.0,0.0,0.0,0.0,0.0,10.0,0.0,2.0,3.0,4.0,1.0,0.0,0.0,0.0,1.0,9.0,0.0,0.0,0.0,0.0,0.0,0.0,0.0,0.0,0.0,0.0,0.0,0.0,0.0,0.0,0.0,0.0,0.0,0.0,0.0,0.0,0.0,0.0,0.0,0.0,0.0,0.0,2.0,3.0,1.0,3.0,7.0,5.0,4.0,0.0,0.0,0.0,0.0,0.0,0.0,0.0,0.0,0.0,0.0,0.0,0.0,0.0,0.0,0.0,0.0,0.0,0.0,0.0,0.0,0.0,0.0,0.0,0.0,0.0,0.0,0.0,2.0,4.0,1.0,5.0,9.0,7.0,4.0,0.0
823,1.0,823.0,London_198,,151,453,1092.0,70.0,2.0,176670.0,0.4129913228098303,843.0,161.0,0.0,161.0,286.0,0.0,286.0,63.0,69.0,170.0,27.0,121.0,13.0,41.0,5.0,7.0,7.0,60.0,160.0,226.0,60.0,0.0,0.0,0.0,0.0,0.0,0.0,0.0,0.0,0.0,57.0,0.0,15.0,6.0,26.0,1.0,4.0,1.0,4.0,0.0,57.0,0.0,0.0,0.0,0.0,0.0,0.0,0.0,0.0,0.0,0.0,0.0,0.0,0.0,0.0,0.0,0.0,0.0,0.0,0.0,0.0,0.0,0.0,0.0,0.0,1.0,0.0,6.0,2.0,2.0,7.0,21.0,33.0,8.0,3.0,0.0,0.0,0.0,0.0,0.0,0.0,0.0,0.0,0.0,0.0,0.0,0.0,0.0,0.0,0.0,0.0,0.0,0.0,0.0,0.0,0.0,0.0,0.0,0.0,1.0,0.0,7.0,4.0,2.0,9.0,26.0,41.0,8.0,4.0
824,1.0,824.0,London_198,,151,453,1092.0,70.0,2.0,138618.0,0.3064816410187632,759.0,62.0,2.0,60.0,126.0,18.0,108.0,195.0,68.0,167.0,39.0,122.0,13.0,31.0,3.0,10.0,9.0,68.0,148.0,228.0,75.0,0.0,0.0,0.0,0.0,0.0,0.0,0.0,0.0,0.0,9.0,0.0,0.0,0.0,4.0,0.0,4.0,0.0,1.0,2.0,7.0,0.0,0.0,0.0,0.0,0.0,0.0,0.0,0.0,0.0,0.0,0.0,0.0,0.0,0.0,0.0,0.0,0.0,0.0,0.0,0.0,0.0,1.0,0.0,0.0,1.0,0.0,3.0,0.0,1.0,3.0,8.0,11.0,4.0,5.0,0.0,0.0,0.0,0.0,0.0,0.0,0.0,0.0,0.0,0.0,0.0,0.0,0.0,0.0,0.0,0.0,0.0,0.0,0.0,0.0,0.0,1.0,0.0,0.0,1.0,0.0,3.0,0.0,1.0,3.0,10.0,13.0,4.0,5.0
825,1.0,825.0,London_198,,151,453,1092.0,70.0,2.0,139977.0,0.30922634107992053,762.0,22.0,2.0,20.0,53.0,18.0,35.0,100.0,76.0,158.0,39.0,123.0,16.0,31.0,4.0,6.0,6.0,79.0,147.0,221.0,83.0,0.0,0.0,0.0,0.0,0.0,0.0,0.0,0.0,0.0,2.0,0.0,0.0,0.0,1.0,1.0,0.0,0.0,0.0,2.0,0.0,0.0,0.0,0.0,0.0,0.0,0.0,0.0,0.0,0.0,0.0,0.0,0.0,0.0,1.0,1.0,0.0,0.0,0.0,0.0,0.0,0.0,1.0,0.0,0.0,0.0,0.0,0.0,0.0,1.0,3.0,4.0,5.0,2.0,0.0,0.0,0.0,0.0,0.0,0.0,0.0,0.0,0.0,0.0,0.0,0.0,0.0,0.0,4.0,1.0,0.0,0.0,0.0,0.0,0.0,0.0,1.0,0.0,0.0,0.0,0.0,0.0,0.0,1.0,3.0,6.0,5.0,3.0,0.0
826,1.0,826.0,London_198,,151,453,1092.0,70.0,2.0,169875.0,0.7938319868408144,828.0,122.0,0.0,122.0,199.0,0.0,199.0,41.0,80.0,150.0,37.0,125.0,14.0,34.0,4.0,9.0,4.0,77.0,144.0,228.0,79.0,0.0,0.0,0.0,0.0,0.0,0.0,0.0,0.0,0.0,32.0,0.0,7.0,2.0,15.0,0.0,3.0,0.0,5.0,0.0,32.0,0.0,0.0,0.0,0.0,0.0,0.0,0.0,0.0,0.0,0.0,0.0,0.0,0.0,0.0,0.0,0.0,0.0,0.0,0.0,0.0,0.0,0.0,0.0,0.0,0.0,0.0,1.0,1.0,2.0,3.0,16.0,32.0,3.0,2.0,0.0,0.0,0.0,0.0,0.0,0.0,0.0,0.0,0.0,0.0,0.0,0.0,0.0,0.0,0.0,0.0,0.0,0.0,0.0,0.0,0.0,0.0,0.0,0.0,0.0,0.0,1.0,1.0,2.0,3.0,20.0,45.0,4.0,2.0
827,1.0,827.0,London_198,,151,453,1092.0,70.0,2.0,154926.0,0.44437533197924495,795.0,55.0,0.0,55.0,90.0,0.0,90.0,151.0,73.0,156.0,28.0,131.0,13.0,36.0,5.0,11.0,5.0,82.0,157.0,209.0,77.0,0.0,0.0,0.0,0.0,0.0,0.0,0.0,0.0,0.0,18.0,0.0,2.0,7.0,6.0,0.0,2.0,0.0,1.0,0.0,18.0,0.0,0.0,0.0,0.0,0.0,0.0,0.0,0.0,0.0,0.0,0.0,0.0,0.0,0.0,0.0,0.0,0.0,0.0,0.0,0.0,1.0,0.0,0.0,0.0,1.0,0.0,2.0,0.0,0.0,2.0,7.0,13.0,1.0,0.0,0.0,0.0,0.0,0.0,0.0,0.0,0.0,0.0,0.0,0.0,0.0,0.0,0.0,0.0,0.0,0.0,0.0,0.0,0.0,0.0,1.0,0.0,0.0,0.0,1.0,0.0,2.0,0.0,0.0,2.0,9.0,18.0,1.0,0.0
828,1.0,828.0,London_198,,151,453,1092.0,70.0,2.0,173952.0,0.4761580240447074,837.0,119.0,2.0,117.0,231.0,17.0,214.0,62.0,74.0,149.0,30.0,128.0,14.0,43.0,6.0,9.0,6.0,87.0,159.0,201.0,75.0,0.0,0.0,0.0,0.0,0.0,0.0,0.0,0.0,0.0,38.0,0.0,6.0,4.0,11.0,2.0,13.0,0.0,2.0,2.0,36.0,0.0,0.0,0.0,0.0,0.0,0.0,0.0,0.0,0.0,0.0,0.0,0.0,0.0,0.0,0.0,0.0,0.0,0.0,0.0,0.0,0.0,0.0,0.0,0.0,0.0,1.0,0.0,1.0,1.0,5.0,18.0,19.0,7.0,3.0,0.0,0.0,0.0,0.0,0.0,0.0,0.0,0.0,0.0,0.0,0.0,0.0,0.0,0.0,0.0,0.0,0.0,0.0,0.0,0.0,0.0,0.0,0.0,0.0,0.0,2.0,0.0,2.0,1.0,5.0,25.0,26.0,8.0,4.0
829,1.0,829.0,London_198,,151,453,1092.0,70.0,2.0,161268.0,0.5946763420943171,809.0,136.0,0.0,136.0,231.0,0.0,231.0,155.0,69.0,159.0,37.0,119.0,10.0,47.0,6.0,6.0,10.0,68.0,162.0,213.0,68.0,0.0,0.0,0.0,0.0,0.0,0.0,0.0,0.0,0.0,41.0,0.0,4.0,4.0,22.0,0.0,6.0,1.0,4.0,0.0,41.0,0.0,0.0,0.0,0.0,0.0,0.0,0.0,0.0,0.0,0.0,0.0,0.0,0.0,0.0,0.0,0.0,0.0,0.0,0.0,0.0,0.0,0.0,0.0,0.0,0.0,0.0,1.0,0.0,0.0,5.0,20.0,20.0,12.0,5.0,0.0,0.0,0.0,0.0,0.0,0.0,0.0,0.0,0.0,0.0,0.0,0.0,0.0,0.0,0.0,0.0,0.0,0.0,0.0,0.0,0.0,0.0,0.0,0.0,0.0,0.0,1.0,0.0,0.0,8.0,29.0,24.0,15.0,5.0
830,1.0,830.0,London_198,,151,453,1092.0,70.0,2.0,136353.0,0.3110001008026302,754.0,46.0,2.0,44.0,98.0,20.0,78.0,163.0,75.0,176.0,40.0,104.0,9.0,34.0,5.0,10.0,12.0,73.0,168.0,200.0,59.0,0.0,0.0,0.0,0.0,0.0,0.0,0.0,0.0,0.0,9.0,0.0,0.0,0.0,6.0,0.0,2.0,0.0,1.0,1.0,8.0,0.0,0.0,0.0,0.0,0.0,0.0,0.0,0.0,0.0,0.0,0.0,0.0,1.0,0.0,2.0,0.0,0.0,0.0,0.0,0.0,0.0,0.0,0.0,0.0,0.0,0.0,1.0,1.0,2.0,4.0,8.0,9.0,4.0,3.0,0.0,0.0,0.0,0.0,0.0,0.0,0.0,0.0,0.0,0.0,0.0,0.0,7.0,0.0,12.0,0.0,0.0,0.0,0.0,0.0,0.0,0.0,0.0,0.0,0.0,0.0,1.0,3.0,2.0,4.0,9.0,11.0,5.0,3.0
831,1.0,831.0,London_198,,151,453,1092.0,70.0,2.0,149943.0,0.4441067110747099,784.0,5.0,2.0,3.0,20.0,15.0,5.0,79.0,67.0,180.0,40.0,113.0,6.0,35.0,4.0,8.0,12.0,81.0,170.0,190.0,60.0,0.0,0.0,0.0,0.0,0.0,0.0,0.0,0.0,0.0,3.0,0.0,1.0,0.0,1.0,0.0,0.0,0.0,1.0,2.0,1.0,0.0,0.0,0.0,0.0,0.0,0.0,0.0,0.0,0.0,0.0,0.0,0.0,0.0,0.0,0.0,0.0,0.0,0.0,0.0,0.0,0.0,0.0,0.0,0.0,0.0,0.0,0.0,0.0,0.0,0.0,1.0,1.0,0.0,0.0,0.0,0.0,0.0,0.0,0.0,0.0,0.0,0.0,0.0,0.0,0.0,0.0,0.0,0.0,0.0,0.0,0.0,0.0,0.0,0.0,0.0,0.0,0.0,0.0,0.0,0.0,0.0,0.0,0.0,0.0,1.0,2.0,0.0,0.0
832,1.0,832.0,London_198,,151,453,1092.0,70.0,2.0,187995.0,0.7953951889649034,868.0,110.0,1.0,109.0,192.0,9.0,183.0,9.0,63.0,184.0,40.0,113.0,7.0,35.0,4.0,7.0,12.0,82.0,165.0,194.0,58.0,0.0,0.0,0.0,0.0,0.0,0.0,0.0,0.0,0.0,40.0,0.0,11.0,3.0,20.0,2.0,4.0,0.0,0.0,1.0,39.0,0.0,0.0,0.0,0.0,0.0,0.0,0.0,0.0,0.0,0.0,0.0,0.0,0.0,0.0,0.0,0.0,0.0,0.0,0.0,0.0,0.0,0.0,1.0,0.0,0.0,0.0,1.0,3.0,2.0,4.0,17.0,18.0,4.0,4.0,0.0,0.0,0.0,0.0,0.0,0.0,0.0,0.0,0.0,0.0,0.0,0.0,0.0,0.0,0.0,0.0,0.0,0.0,0.0,0.0,0.0,0.0,1.0,0.0,0.0,0.0,1.0,3.0,2.0,5.0,22.0,27.0,5.0,4.0
833,1.0,833.0,London_198,,151,453,1092.0,70.0,2.0,170328.0,1.0082876938395202,829.0,126.0,1.0,125.0,221.0,8.0,213.0,125.0,53.0,179.0,43.0,124.0,8.0,34.0,4.0,8.0,10.0,83.0,165.0,195.0,59.0,0.0,0.0,0.0,0.0,0.0,0.0,0.0,0.0,0.0,38.0,0.0,11.0,4.0,18.0,2.0,2.0,0.0,1.0,1.0,37.0,0.0,0.0,0.0,0.0,0.0,0.0,0.0,0.0,0.0,0.0,0.0,0.0,0.0,0.0,1.0,0.0,0.0,0.0,0.0,0.0,1.0,0.0,1.0,0.0,6.0,0.0,5.0,2.0,0.0,2.0,13.0,18.0,10.0,2.0,0.0,0.0,0.0,0.0,0.0,0.0,0.0,0.0,0.0,0.0,0.0,0.0,0.0,0.0,6.0,0.0,0.0,0.0,0.0,0.0,1.0,0.0,1.0,0.0,6.0,0.0,5.0,3.0,0.0,2.0,18.0,25.0,12.0,3.0
834,1.0,834.0,London_198,,151,453,1092.0,70.0,2.0,151302.0,0.3854168450925499,787.0,150.0,0.0,150.0,248.0,0.0,248.0,162.0,66.0,175.0,40.0,118.0,9.0,35.0,2.0,8.0,8.0,85.0,165.0,195.0,54.0,0.0,0.0,0.0,0.0,0.0,0.0,0.0,0.0,0.0,36.0,0.0,8.0,4.0,24.0,0.0,0.0,0.0,0.0,0.0,36.0,0.0,0.0,0.0,0.0,0.0,0.0,0.0,0.0,0.0,0.0,0.0,0.0,0.0,0.0,0.0,0.0,0.0,0.0,0.0,0.0,0.0,1.0,1.0,2.0,7.0,0.0,6.0,4.0,1.0,10.0,16.0,21.0,5.0,6.0,0.0,0.0,0.0,0.0,0.0,0.0,0.0,0.0,0.0,0.0,0.0,0.0,0.0,0.0,0.0,0.0,0.0,0.0,0.0,0.0,0.0,1.0,1.0,3.0,7.0,0.0,7.0,7.0,1.0,12.0,21.0,31.0,6.0,8.0
835,1.0,835.0,London_198,,151,453,1092.0,70.0,2.0,110985.0,0.25309115601703525,698.0,14.0,2.0,12.0,40.0,19.0,21.0,192.0,64.0,189.0,38.0,114.0,11.0,31.0,2.0,4.0,9.0,69.0,170.0,205.0,57.0,0.0,0.0,0.0,0.0,0.0,0.0,0.0,0.0,0.0,2.0,0.0,0.0,0.0,1.0,1.0,0.0,0.0,0.0,1.0,1.0,0.0,0.0,0.0,0.0,0.0,0.0,0.0,0.0,0.0,1.0,0.0,0.0,0.0,0.0,1.0,0.0,1.0,0.0,0.0,0.0,0.0,0.0,0.0,0.0,0.0,0.0,1.0,1.0,1.0,1.0,3.0,2.0,1.0,1.0,0.0,0.0,0.0,0.0,0.0,0.0,0.0,0.0,0.0,2.0,0.0,0.0,0.0,0.0,7.0,0.0,8.0,0.0,0.0,0.0,0.0,0.0,0.0,0.0,0.0,0.0,1.0,1.0,1.0,1.0,3.0,3.0,1.0,1.0
836,1.0,836.0,London_198,,151,453,1092.0,70.0,2.0,137259.0,0.3001204209867865,756.0,123.0,0.0,123.0,208.0,0.0,208.0,32.0,67.0,185.0,40.0,114.0,8.0,32.0,3.0,4.0,9.0,74.0,161.0,209.0,60.0,0.0,0.0,0.0,0.0,0.0,0.0,0.0,0.0,0.0,24.0,0.0,0.0,3.0,21.0,0.0,0.0,0.0,0.0,0.0,24.0,0.0,0.0,0.0,0.0,0.0,0.0,0.0,0.0,0.0,0.0,0.0,0.0,0.0,0.0,0.0,0.0,0.0,0.0,0.0,0.0,0.0,1.0,1.0,0.0,0.0,0.0,7.0,2.0,0.0,9.0,13.0,22.0,5.0,2.0,0.0,0.0,0.0,0.0,0.0,0.0,0.0,0.0,0.0,0.0,0.0,0.0,0.0,0.0,0.0,0.0,0.0,0.0,0.0,0.0,0.0,3.0,1.0,0.0,0.0,0.0,7.0,3.0,0.0,13.0,16.0,26.0,7.0,3.0
837,1.0,837.0,London_198,,151,453,1092.0,70.0,2.0,113703.0,0.29050658899359405,704.0,27.0,0.0,27.0,46.0,0.0,46.0,169.0,64.0,183.0,28.0,113.0,8.0,46.0,4.0,7.0,10.0,68.0,161.0,214.0,62.0,0.0,0.0,0.0,0.0,0.0,0.0,0.0,0.0,0.0,1.0,0.0,0.0,0.0,1.0,0.0,0.0,0.0,0.0,0.0,1.0,0.0,0.0,0.0,0.0,0.0,0.0,0.0,0.0,0.0,0.0,0.0,0.0,0.0,0.0,0.0,0.0,0.0,0.0,0.0,0.0,0.0,1.0,0.0,0.0,0.0,1.0,0.0,1.0,0.0,1.0,7.0,8.0,3.0,1.0,0.0,0.0,0.0,0.0,0.0,0.0,0.0,0.0,0.0,0.0,0.0,0.0,0.0,0.0,0.0,0.0,0.0,0.0,0.0,0.0,0.0,1.0,0.0,0.0,0.0,2.0,0.0,1.0,0.0,2.0,13.0,11.0,3.0,2.0
838,1.0,838.0,London_198,,151,453,1092.0,70.0,2.0,139524.0,0.287053138948977,761.0,62.0,2.0,60.0,122.0,17.0,105.0,45.0,67.0,171.0,30.0,113.0,7.0,49.0,6.0,10.0,10.0,68.0,158.0,217.0,64.0,0.0,0.0,0.0,0.0,0.0,0.0,0.0,0.0,0.0,15.0,0.0,2.0,4.0,8.0,0.0,1.0,0.0,0.0,2.0,13.0,0.0,0.0,0.0,0.0,0.0,0.0,0.0,0.0,0.0,1.0,0.0,0.0,0.0,1.0,0.0,0.0,0.0,0.0,0.0,0.0,0.0,0.0,0.0,0.0,0.0,0.0,0.0,3.0,2.0,2.0,12.0,13.0,3.0,4.0,0.0,0.0,0.0,0.0,0.0,0.0,0.0,0.0,0.0,3.0,0.0,0.0,0.0,3.0,0.0,0.0,0.0,0.0,0.0,0.0,0.0,0.0,0.0,0.0,0.0,0.0,0.0,4.0,4.0,2.0,17.0,22.0,3.0,5.0
839,1.0,839.0,London_198,,151,453,1092.0,70.0,2.0,149943.0,0.6834698689635843,784.0,87.0,2.0,85.0,178.0,18.0,160.0,95.0,63.0,175.0,25.0,127.0,9.0,36.0,5.0,13.0,7.0,67.0,160.0,219.0,65.0,0.0,0.0,0.0,0.0,0.0,0.0,0.0,0.0,0.0,28.0,0.0,5.0,4.0,17.0,0.0,2.0,0.0,0.0,2.0,26.0,0.0,0.0,0.0,0.0,0.0,0.0,0.0,0.0,0.0,0.0,0.0,0.0,0.0,0.0,0.0,0.0,0.0,0.0,0.0,0.0,0.0,0.0,2.0,0.0,2.0,0.0,4.0,1.0,1.0,2.0,10.0,17.0,4.0,3.0,0.0,0.0,0.0,0.0,0.0,0.0,0.0,0.0,0.0,0.0,0.0,0.0,0.0,0.0,0.0,0.0,0.0,0.0,0.0,0.0,0.0,0.0,2.0,0.0,2.0,0.0,5.0,2.0,1.0,2.0,16.0,27.0,6.0,4.0
840,1.0,840.0,London_198,,151,453,1092.0,70.0,2.0,151755.0,0.7860006070695817,788.0,77.0,2.0,75.0,160.0,18.0,142.0,121.0,67.0,164.0,26.0,134.0,11.0,32.0,4.0,15.0,8.0,73.0,162.0,210.0,60.0,0.0,0.0,0.0,0.0,0.0,0.0,0.0,0.0,0.0,27.0,0.0,5.0,6.0,16.0,0.0,0.0,0.0,0.0,1.0,26.0,0.0,0.0,0.0,0.0,0.0,0.0,0.0,0.0,0.0,0.0,0.0,0.0,0.0,0.0,1.0,0.0,0.0,0.0,0.0,0.0,0.0,0.0,0.0,0.0,1.0,0.0,0.0,0.0,1.0,1.0,6.0,14.0,5.0,1.0,0.0,0.0,0.0,0.0,0.0,0.0,0.0,0.0,0.0,0.0,0.0,0.0,0.0,0.0,6.0,0.0,0.0,0.0,0.0,0.0,0.0,0.0,0.0,0.0,1.0,0.0,0.0,0.0,1.0,1.0,8.0,22.0,6.0,1.0
841,1.0,841.0,London_198,,151,453,1092.0,70.0,2.0,158550.0,0.37423224095255136,803.0,58.0,0.0,58.0,102.0,0.0,102.0,112.0,74.0,150.0,20.0,141.0,13.0,30.0,6.0,19.0,5.0,79.0,152.0,217.0,65.0,0.0,0.0,0.0,0.0,0.0,0.0,0.0,0.0,0.0,14.0,0.0,1.0,3.0,10.0,0.0,0.0,0.0,0.0,0.0,14.0,0.0,0.0,0.0,0.0,0.0,0.0,0.0,0.0,0.0,0.0,0.0,0.0,0.0,0.0,0.0,0.0,0.0,0.0,0.0,0.0,0.0,0.0,0.0,0.0,1.0,0.0,2.0,1.0,0.0,2.0,7.0,11.0,4.0,0.0,0.0,0.0,0.0,0.0,0.0,0.0,0.0,0.0,0.0,0.0,0.0,0.0,0.0,0.0,0.0,0.0,0.0,0.0,0.0,0.0,0.0,0.0,0.0,0.0,1.0,0.0,3.0,1.0,0.0,2.0,9.0,15.0,4.0,0.0
842,1.0,842.0,London_198,,151,453,1092.0,70.0,2.0,164892.0,0.5153257800266147,817.0,106.0,1.0,105.0,191.0,11.0,180.0,78.0,70.0,161.0,20.0,133.0,16.0,28.0,7.0,18.0,5.0,84.0,158.0,206.0,65.0,0.0,0.0,0.0,0.0,0.0,0.0,0.0,0.0,0.0,40.0,0.0,11.0,6.0,16.0,2.0,1.0,0.0,4.0,1.0,39.0,0.0,0.0,0.0,0.0,0.0,0.0,0.0,0.0,0.0,0.0,0.0,0.0,0.0,0.0,1.0,0.0,0.0,0.0,0.0,0.0,1.0,1.0,0.0,0.0,1.0,1.0,1.0,1.0,0.0,4.0,10.0,15.0,6.0,2.0,0.0,0.0,0.0,0.0,0.0,0.0,0.0,0.0,0.0,0.0,0.0,0.0,0.0,0.0,7.0,0.0,0.0,0.0,0.0,0.0,1.0,2.0,0.0,0.0,1.0,1.0,2.0,1.0,0.0,4.0,10.0,21.0,6.0,3.0
843,1.0,843.0,London_198,,151,453,1092.0,70.0,2.0,152208.0,0.4373142560943961,789.0,98.0,1.0,97.0,179.0,10.0,169.0,124.0,70.0,159.0,32.0,118.0,17.0,32.0,5.0,20.0,6.0,86.0,154.0,207.0,55.0,0.0,0.0,0.0,0.0,0.0,0.0,0.0,0.0,0.0,22.0,0.0,1.0,2.0,15.0,2.0,2.0,0.0,0.0,1.0,21.0,0.0,0.0,0.0,0.0,0.0,0.0,0.0,0.0,0.0,0.0,0.0,0.0,0.0,1.0,0.0,0.0,0.0,0.0,0.0,0.0,1.0,0.0,0.0,1.0,1.0,0.0,0.0,2.0,1.0,5.0,14.0,13.0,8.0,5.0,0.0,0.0,0.0,0.0,0.0,0.0,0.0,0.0,0.0,0.0,0.0,0.0,0.0,1.0,0.0,0.0,0.0,0.0,0.0,0.0,1.0,0.0,0.0,1.0,2.0,0.0,0.0,2.0,2.0,8.0,23.0,18.0,11.0,8.0
844,1.0,844.0,London_198,,151,453,1092.0,70.0,2.0,136353.0,0.5180328809656203,754.0,91.0,0.0,91.0,153.0,0.0,153.0,137.0,75.0,162.0,34.0,118.0,8.0,32.0,5.0,19.0,5.0,73.0,157.0,218.0,45.0,0.0,0.0,0.0,0.0,0.0,0.0,0.0,0.0,0.0,17.0,0.0,0.0,0.0,12.0,0.0,1.0,2.0,2.0,0.0,17.0,0.0,0.0,0.0,0.0,0.0,0.0,0.0,0.0,0.0,0.0,0.0,0.0,0.0,0.0,0.0,0.0,0.0,0.0,0.0,0.0,0.0,0.0,1.0,0.0,0.0,0.0,4.0,4.0,2.0,5.0,14.0,14.0,7.0,1.0,0.0,0.0,0.0,0.0,0.0,0.0,0.0,0.0,0.0,0.0,0.0,0.0,0.0,0.0,0.0,0.0,0.0,0.0,0.0,0.0,0.0,0.0,1.0,0.0,0.0,0.0,5.0,4.0,2.0,8.0,20.0,24.0,9.0,1.0
845,1.0,845.0,London_198,,151,453,1092.0,70.0,2.0,128652.0,0.8708327719941735,737.0,22.0,0.0,22.0,43.0,0.0,43.0,128.0,72.0,156.0,36.0,121.0,9.0,39.0,3.0,17.0,4.0,73.0,165.0,211.0,51.0,0.0,0.0,0.0,0.0,0.0,0.0,0.0,0.0,0.0,3.0,0.0,0.0,0.0,3.0,0.0,0.0,0.0,0.0,0.0,3.0,0.0,0.0,0.0,0.0,0.0,0.0,0.0,0.0,0.0,0.0,0.0,0.0,0.0,0.0,0.0,0.0,0.0,0.0,0.0,0.0,0.0,0.0,0.0,0.0,0.0,1.0,0.0,0.0,0.0,1.0,3.0,1.0,0.0,0.0,0.0,0.0,0.0,0.0,0.0,0.0,0.0,0.0,0.0,0.0,0.0,0.0,0.0,0.0,0.0,0.0,0.0,0.0,0.0,0.0,0.0,0.0,0.0,0.0,0.0,4.0,0.0,0.0,0.0,2.0,5.0,2.0,0.0,0.0
846,1.0,846.0,London_198,,151,453,1092.0,70.0,2.0,158550.0,0.4760998960118741,803.0,123.0,2.0,121.0,230.0,19.0,211.0,36.0,77.0,163.0,36.0,113.0,9.0,39.0,3.0,13.0,4.0,77.0,170.0,202.0,51.0,0.0,0.0,0.0,0.0,0.0,0.0,0.0,0.0,0.0,36.0,0.0,16.0,0.0,15.0,1.0,4.0,0.0,0.0,2.0,34.0,0.0,0.0,0.0,0.0,0.0,0.0,0.0,0.0,0.0,0.0,0.0,0.0,0.0,0.0,0.0,0.0,0.0,0.0,0.0,0.0,2.0,0.0,0.0,0.0,0.0,0.0,1.0,3.0,1.0,3.0,13.0,25.0,10.0,1.0,0.0,0.0,0.0,0.0,0.0,0.0,0.0,0.0,0.0,0.0,0.0,0.0,0.0,0.0,0.0,0.0,0.0,0.0,0.0,0.0,2.0,0.0,0.0,0.0,0.0,0.0,1.0,4.0,1.0,4.0,20.0,35.0,13.0,1.0
847,1.0,847.0,London_198,,151,453,1092.0,70.0,2.0,142242.0,0.5771187520585954,767.0,99.0,1.0,98.0,178.0,10.0,168.0,162.0,72.0,146.0,38.0,125.0,14.0,45.0,2.0,11.0,5.0,80.0,162.0,206.0,47.0,0.0,0.0,0.0,0.0,0.0,0.0,0.0,0.0,0.0,20.0,0.0,4.0,0.0,16.0,0.0,0.0,0.0,0.0,0.0,20.0,0.0,0.0,0.0,0.0,0.0,0.0,0.0,0.0,0.0,0.0,0.0,0.0,0.0,0.0,0.0,0.0,0.0,0.0,0.0,0.0,0.0,0.0,0.0,1.0,0.0,0.0,1.0,6.0,3.0,6.0,15.0,16.0,9.0,6.0,0.0,0.0,0.0,0.0,0.0,0.0,0.0,0.0,0.0,0.0,0.0,0.0,0.0,0.0,0.0,0.0,0.0,0.0,0.0,0.0,0.0,0.0,0.0,1.0,0.0,0.0,2.0,10.0,6.0,7.0,22.0,20.0,12.0,6.0
848,1.0,848.0,London_198,,151,453,1092.0,70.0,2.0,128652.0,0.2918116869404912,737.0,13.0,0.0,13.0,21.0,0.0,21.0,152.0,63.0,144.0,39.0,130.0,18.0,41.0,2.0,16.0,7.0,77.0,157.0,212.0,67.0,0.0,0.0,0.0,0.0,0.0,0.0,0.0,0.0,0.0,2.0,0.0,0.0,0.0,2.0,0.0,0.0,0.0,0.0,0.0,2.0,0.0,0.0,0.0,0.0,0.0,0.0,0.0,0.0,0.0,0.0,0.0,0.0,0.0,0.0,0.0,0.0,0.0,0.0,0.0,0.0,0.0,0.0,0.0,0.0,2.0,0.0,0.0,0.0,0.0,0.0,0.0,2.0,1.0,1.0,0.0,0.0,0.0,0.0,0.0,0.0,0.0,0.0,0.0,0.0,0.0,0.0,0.0,0.0,0.0,0.0,0.0,0.0,0.0,0.0,0.0,0.0,0.0,0.0,2.0,0.0,0.0,0.0,0.0,0.0,0.0,2.0,1.0,2.0
849,1.0,849.0,London_198,,151,453,1092.0,70.0,2.0,163533.0,0.7315195559058338,814.0,109.0,0.0,109.0,177.0,0.0,177.0,17.0,66.0,145.0,35.0,130.0,16.0,41.0,2.0,18.0,7.0,76.0,158.0,212.0,70.0,0.0,0.0,0.0,0.0,0.0,0.0,0.0,0.0,0.0,25.0,0.0,10.0,1.0,13.0,0.0,0.0,1.0,0.0,0.0,25.0,0.0,0.0,0.0,0.0,0.0,0.0,0.0,0.0,0.0,0.0,0.0,0.0,0.0,0.0,0.0,0.0,0.0,0.0,0.0,0.0,0.0,0.0,1.0,0.0,1.0,0.0,5.0,3.0,0.0,5.0,13.0,20.0,5.0,4.0,0.0,0.0,0.0,0.0,0.0,0.0,0.0,0.0,0.0,0.0,0.0,0.0,0.0,0.0,0.0,0.0,0.0,0.0,0.0,0.0,0.0,0.0,1.0,0.0,1.0,0.0,8.0,5.0,0.0,7.0,19.0,26.0,6.0,4.0
850,1.0,850.0,London_198,,151,453,1092.0,70.0,2.0,165345.0,0.574766657082364,818.0,72.0,1.0,71.0,138.0,11.0,127.0,139.0,70.0,150.0,29.0,134.0,13.0,37.0,2.0,18.0,10.0,77.0,162.0,204.0,66.0,0.0,0.0,0.0,0.0,0.0,0.0,0.0,0.0,0.0,19.0,0.0,5.0,1.0,11.0,0.0,1.0,1.0,0.0,1.0,18.0,0.0,0.0,0.0,0.0,0.0,0.0,0.0,0.0,0.0,0.0,0.0,0.0,0.0,0.0,1.0,0.0,0.0,0.0,0.0,0.0,0.0,0.0,1.0,0.0,0.0,0.0,2.0,0.0,4.0,5.0,9.0,14.0,4.0,5.0,0.0,0.0,0.0,0.0,0.0,0.0,0.0,0.0,0.0,0.0,0.0,0.0,0.0,0.0,7.0,0.0,0.0,0.0,0.0,0.0,0.0,0.0,1.0,0.0,0.0,0.0,2.0,0.0,4.0,6.0,11.0,22.0,4.0,8.0
851,1.0,851.0,London_198,,151,453,1092.0,70.0,2.0,169875.0,0.5951102979015559,828.0,49.0,0.0,49.0,88.0,0.0,88.0,104.0,75.0,155.0,25.0,129.0,15.0,37.0,1.0,16.0,11.0,84.0,160.0,198.0,54.0,0.0,0.0,0.0,0.0,0.0,0.0,0.0,0.0,0.0,19.0,0.0,6.0,3.0,7.0,0.0,2.0,0.0,1.0,0.0,19.0,0.0,0.0,0.0,0.0,0.0,0.0,0.0,0.0,0.0,0.0,0.0,0.0,0.0,0.0,0.0,0.0,0.0,0.0,0.0,0.0,0.0,0.0,0.0,0.0,1.0,0.0,1.0,1.0,1.0,1.0,8.0,6.0,2.0,2.0,0.0,0.0,0.0,0.0,0.0,0.0,0.0,0.0,0.0,0.0,0.0,0.0,0.0,0.0,0.0,0.0,0.0,0.0,0.0,0.0,0.0,0.0,0.0,0.0,1.0,0.0,1.0,1.0,2.0,2.0,13.0,6.0,3.0,2.0
852,1.0,852.0,London_198,,151,453,1092.0,70.0,2.0,190260.0,0.7039938368834555,873.0,141.0,2.0,139.0,242.0,19.0,223.0,54.0,73.0,152.0,23.0,136.0,16.0,37.0,1.0,15.0,12.0,88.0,156.0,197.0,61.0,0.0,0.0,0.0,0.0,0.0,0.0,0.0,0.0,0.0,50.0,0.0,13.0,2.0,22.0,0.0,8.0,1.0,4.0,2.0,48.0,0.0,0.0,0.0,0.0,0.0,0.0,0.0,0.0,0.0,0.0,0.0,0.0,0.0,0.0,0.0,0.0,0.0,0.0,0.0,0.0,0.0,0.0,0.0,0.0,0.0,0.0,4.0,0.0,0.0,1.0,15.0,20.0,4.0,6.0,0.0,0.0,0.0,0.0,0.0,0.0,0.0,0.0,0.0,0.0,0.0,0.0,0.0,0.0,0.0,0.0,0.0,0.0,0.0,0.0,0.0,0.0,0.0,0.0,0.0,0.0,6.0,0.0,0.0,1.0,18.0,26.0,5.0,8.0
853,1.0,853.0,London_198,,151,453,1092.0,70.0,2.0,160362.0,0.5272876960225403,807.0,113.0,2.0,111.0,214.0,19.0,195.0,152.0,63.0,151.0,35.0,138.0,17.0,37.0,1.0,11.0,10.0,84.0,141.0,218.0,59.0,0.0,0.0,0.0,0.0,0.0,0.0,0.0,0.0,0.0,37.0,0.0,9.0,1.0,21.0,0.0,6.0,0.0,0.0,2.0,35.0,0.0,0.0,0.0,0.0,0.0,0.0,0.0,0.0,0.0,0.0,0.0,0.0,0.0,0.0,0.0,0.0,0.0,0.0,0.0,0.0,0.0,0.0,0.0,0.0,0.0,1.0,1.0,1.0,1.0,6.0,19.0,13.0,9.0,1.0,0.0,0.0,0.0,0.0,0.0,0.0,0.0,0.0,0.0,0.0,0.0,0.0,0.0,0.0,0.0,0.0,0.0,0.0,0.0,0.0,0.0,0.0,0.0,0.0,0.0,2.0,1.0,1.0,1.0,6.0,23.0,20.0,11.0,1.0
854,1.0,854.0,London_198,,151,453,1092.0,70.0,2.0,148131.0,0.5013085741084069,780.0,7.0,1.0,6.0,21.0,10.0,11.0,143.0,64.0,154.0,35.0,126.0,21.0,40.0,2.0,11.0,7.0,83.0,140.0,223.0,61.0,0.0,0.0,0.0,0.0,0.0,0.0,0.0,0.0,0.0,3.0,0.0,3.0,0.0,0.0,0.0,0.0,0.0,0.0,1.0,2.0,0.0,0.0,0.0,0.0,0.0,0.0,0.0,0.0,0.0,0.0,0.0,0.0,0.0,0.0,0.0,0.0,0.0,0.0,0.0,0.0,0.0,0.0,0.0,0.0,0.0,0.0,0.0,1.0,2.0,0.0,0.0,1.0,0.0,2.0,0.0,0.0,0.0,0.0,0.0,0.0,0.0,0.0,0.0,0.0,0.0,0.0,0.0,0.0,0.0,0.0,0.0,0.0,0.0,0.0,0.0,0.0,0.0,0.0,0.0,0.0,0.0,2.0,2.0,0.0,0.0,1.0,0.0,2.0
855,1.0,855.0,London_198,,151,453,1092.0,70.0,2.0,188448.0,0.5455170371569693,869.0,161.0,0.0,161.0,275.0,0.0,275.0,10.0,63.0,153.0,35.0,128.0,19.0,42.0,2.0,11.0,7.0,83.0,141.0,222.0,60.0,0.0,0.0,0.0,0.0,0.0,0.0,0.0,0.0,0.0,55.0,0.0,24.0,2.0,19.0,0.0,2.0,1.0,7.0,0.0,55.0,0.0,0.0,0.0,0.0,0.0,0.0,0.0,0.0,0.0,0.0,0.0,0.0,0.0,0.0,0.0,0.0,0.0,0.0,0.0,0.0,0.0,0.0,0.0,0.0,0.0,0.0,2.0,2.0,3.0,3.0,10.0,29.0,2.0,2.0,0.0,0.0,0.0,0.0,0.0,0.0,0.0,0.0,0.0,0.0,0.0,0.0,0.0,0.0,0.0,0.0,0.0,0.0,0.0,0.0,0.0,0.0,0.0,0.0,0.0,0.0,2.0,2.0,5.0,6.0,19.0,39.0,3.0,5.0
856,1.0,856.0,London_198,,151,453,1092.0,70.0,2.0,154473.0,0.4089088349137455,794.0,160.0,0.0,160.0,273.0,0.0,273.0,189.0,57.0,170.0,39.0,121.0,10.0,39.0,4.0,13.0,4.0,89.0,147.0,213.0,52.0,0.0,0.0,0.0,0.0,0.0,0.0,0.0,0.0,0.0,39.0,0.0,8.0,3.0,22.0,0.0,2.0,1.0,3.0,0.0,39.0,0.0,0.0,0.0,0.0,0.0,0.0,0.0,0.0,0.0,0.0,0.0,0.0,0.0,0.0,0.0,0.0,0.0,0.0,0.0,0.0,0.0,1.0,0.0,0.0,2.0,1.0,8.0,1.0,2.0,2.0,23.0,34.0,9.0,6.0,0.0,0.0,0.0,0.0,0.0,0.0,0.0,0.0,0.0,0.0,0.0,0.0,0.0,0.0,0.0,0.0,0.0,0.0,0.0,0.0,0.0,1.0,0.0,0.0,2.0,2.0,9.0,1.0,2.0,2.0,30.0,51.0,12.0,8.0
857,1.0,857.0,London_198,,151,453,1092.0,70.0,2.0,121857.0,0.3794396270532161,722.0,15.0,0.0,15.0,26.0,0.0,26.0,211.0,66.0,175.0,34.0,117.0,13.0,33.0,3.0,12.0,9.0,78.0,151.0,215.0,56.0,0.0,0.0,0.0,0.0,0.0,0.0,0.0,0.0,0.0,1.0,0.0,0.0,0.0,1.0,0.0,0.0,0.0,0.0,0.0,1.0,0.0,0.0,0.0,0.0,0.0,0.0,0.0,0.0,0.0,0.0,0.0,0.0,0.0,0.0,0.0,0.0,0.0,0.0,0.0,0.0,0.0,0.0,0.0,0.0,0.0,0.0,1.0,0.0,0.0,0.0,3.0,7.0,1.0,1.0,0.0,0.0,0.0,0.0,0.0,0.0,0.0,0.0,0.0,0.0,0.0,0.0,0.0,0.0,0.0,0.0,0.0,0.0,0.0,0.0,0.0,0.0,0.0,0.0,0.0,0.0,1.0,0.0,0.0,0.0,4.0,11.0,2.0,1.0
858,1.0,858.0,London_198,,151,453,1092.0,70.0,2.0,154473.0,0.6236268600914627,794.0,60.0,1.0,59.0,104.0,10.0,94.0,25.0,67.0,172.0,38.0,113.0,11.0,36.0,3.0,13.0,9.0,77.0,148.0,219.0,55.0,0.0,0.0,0.0,0.0,0.0,0.0,0.0,0.0,0.0,7.0,0.0,3.0,0.0,3.0,0.0,0.0,0.0,1.0,1.0,6.0,0.0,0.0,0.0,0.0,0.0,0.0,0.0,0.0,0.0,0.0,0.0,0.0,0.0,0.0,1.0,0.0,0.0,0.0,0.0,0.0,0.0,0.0,0.0,0.0,0.0,0.0,2.0,2.0,1.0,1.0,10.0,9.0,0.0,1.0,0.0,0.0,0.0,0.0,0.0,0.0,0.0,0.0,0.0,0.0,0.0,0.0,0.0,0.0,5.0,0.0,0.0,0.0,0.0,0.0,0.0,0.0,0.0,0.0,0.0,0.0,2.0,2.0,1.0,2.0,14.0,14.0,0.0,1.0
859,1.0,859.0,London_198,,151,453,1092.0,70.0,2.0,161268.0,0.5578744728118181,809.0,37.0,2.0,35.0,83.0,19.0,64.0,93.0,67.0,172.0,33.0,114.0,8.0,43.0,3.0,13.0,7.0,75.0,154.0,217.0,55.0,0.0,0.0,0.0,0.0,0.0,0.0,0.0,0.0,0.0,11.0,0.0,5.0,0.0,5.0,0.0,1.0,0.0,0.0,2.0,9.0,0.0,0.0,0.0,0.0,0.0,0.0,0.0,0.0,0.0,0.0,0.0,0.0,0.0,0.0,0.0,0.0,0.0,0.0,0.0,0.0,0.0,0.0,0.0,0.0,0.0,0.0,2.0,1.0,0.0,2.0,8.0,7.0,3.0,1.0,0.0,0.0,0.0,0.0,0.0,0.0,0.0,0.0,0.0,0.0,0.0,0.0,0.0,0.0,0.0,0.0,0.0,0.0,0.0,0.0,0.0,0.0,0.0,0.0,0.0,0.0,3.0,1.0,0.0,2.0,8.0,14.0,3.0,2.0
860,1.0,860.0,London_198,,151,453,1092.0,70.0,2.0,186183.0,0.779404184082523,864.0,156.0,2.0,154.0,275.0,18.0,257.0,52.0,63.0,178.0,34.0,109.0,8.0,46.0,4.0,11.0,9.0,73.0,153.0,218.0,50.0,0.0,0.0,0.0,0.0,0.0,0.0,0.0,0.0,0.0,58.0,1.0,15.0,2.0,32.0,0.0,5.0,0.0,3.0,2.0,56.0,0.0,0.0,0.0,0.0,0.0,0.0,0.0,0.0,0.0,0.0,0.0,0.0,0.0,0.0,0.0,0.0,0.0,0.0,0.0,0.0,0.0,0.0,2.0,0.0,2.0,0.0,2.0,1.0,2.0,2.0,20.0,20.0,7.0,6.0,0.0,0.0,0.0,0.0,0.0,0.0,0.0,0.0,0.0,0.0,0.0,0.0,0.0,0.0,0.0,0.0,0.0,0.0,0.0,0.0,0.0,0.0,2.0,0.0,2.0,0.0,2.0,1.0,2.0,2.0,24.0,25.0,8.0,7.0
861,1.0,861.0,London_198,,151,453,1092.0,70.0,2.0,145413.0,0.5203243498690426,774.0,88.0,0.0,88.0,161.0,0.0,161.0,176.0,69.0,174.0,29.0,104.0,8.0,54.0,5.0,10.0,9.0,65.0,135.0,244.0,41.0,0.0,0.0,0.0,0.0,0.0,0.0,0.0,0.0,0.0,15.0,0.0,0.0,0.0,10.0,0.0,2.0,2.0,1.0,0.0,15.0,0.0,0.0,0.0,0.0,0.0,0.0,0.0,0.0,0.0,0.0,0.0,0.0,0.0,0.0,0.0,0.0,0.0,0.0,0.0,0.0,3.0,2.0,0.0,1.0,0.0,1.0,0.0,8.0,2.0,5.0,15.0,20.0,7.0,4.0,0.0,0.0,0.0,0.0,0.0,0.0,0.0,0.0,0.0,0.0,0.0,0.0,0.0,0.0,0.0,0.0,0.0,0.0,0.0,0.0,3.0,2.0,0.0,1.0,0.0,2.0,0.0,9.0,2.0,6.0,20.0,29.0,9.0,6.0
862,1.0,862.0,London_198,,151,453,1092.0,70.0,2.0,146319.0,0.5510588230099529,776.0,137.0,0.0,137.0,236.0,0.0,236.0,133.0,72.0,171.0,28.0,113.0,8.0,45.0,4.0,12.0,12.0,67.0,143.0,231.0,50.0,0.0,0.0,0.0,0.0,0.0,0.0,0.0,0.0,0.0,28.0,0.0,0.0,0.0,21.0,0.0,1.0,1.0,5.0,0.0,28.0,0.0,0.0,0.0,0.0,0.0,0.0,0.0,0.0,0.0,0.0,0.0,0.0,0.0,0.0,0.0,0.0,0.0,0.0,0.0,0.0,1.0,2.0,0.0,2.0,1.0,1.0,6.0,5.0,2.0,2.0,33.0,15.0,11.0,5.0,0.0,0.0,0.0,0.0,0.0,0.0,0.0,0.0,0.0,0.0,0.0,0.0,0.0,0.0,0.0,0.0,0.0,0.0,0.0,0.0,1.0,3.0,0.0,2.0,1.0,1.0,6.0,6.0,2.0,3.0,46.0,19.0,13.0,5.0
863,1.0,863.0,London_198,,151,453,1092.0,70.0,2.0,122763.0,0.5136532329488546,724.0,69.0,2.0,67.0,129.0,16.0,113.0,191.0,62.0,169.0,33.0,132.0,6.0,40.0,4.0,7.0,11.0,70.0,157.0,215.0,57.0,0.0,0.0,0.0,0.0,0.0,0.0,0.0,0.0,0.0,2.0,0.0,0.0,0.0,0.0,0.0,0.0,2.0,0.0,0.0,2.0,0.0,0.0,0.0,0.0,0.0,0.0,0.0,0.0,0.0,1.0,0.0,0.0,0.0,0.0,1.0,0.0,0.0,0.0,0.0,0.0,3.0,1.0,0.0,1.0,1.0,0.0,4.0,1.0,3.0,2.0,12.0,12.0,4.0,4.0,0.0,0.0,0.0,0.0,0.0,0.0,0.0,0.0,0.0,1.0,0.0,0.0,0.0,0.0,8.0,0.0,0.0,0.0,0.0,0.0,3.0,1.0,0.0,2.0,1.0,0.0,5.0,1.0,3.0,3.0,17.0,20.0,6.0,8.0
864,1.0,864.0,London_198,,151,453,1092.0,70.0,2.0,125934.0,0.49506322806701064,731.0,53.0,1.0,52.0,106.0,9.0,97.0,126.0,46.0,183.0,29.0,145.0,8.0,34.0,2.0,6.0,5.0,72.0,143.0,233.0,49.0,0.0,0.0,0.0,0.0,0.0,0.0,0.0,0.0,0.0,1.0,0.0,0.0,0.0,1.0,0.0,0.0,0.0,0.0,0.0,1.0,0.0,0.0,0.0,0.0,0.0,0.0,0.0,0.0,0.0,0.0,0.0,0.0,0.0,0.0,0.0,0.0,0.0,0.0,0.0,0.0,0.0,2.0,0.0,2.0,0.0,0.0,3.0,1.0,2.0,1.0,13.0,7.0,8.0,2.0,0.0,0.0,0.0,0.0,0.0,0.0,0.0,0.0,0.0,0.0,0.0,0.0,0.0,0.0,0.0,0.0,0.0,0.0,0.0,0.0,0.0,3.0,0.0,3.0,0.0,0.0,3.0,1.0,2.0,1.0,21.0,10.0,11.0,4.0
865,1.0,865.0,London_198,,151,453,1092.0,70.0,2.0,137712.0,0.5107089800294489,757.0,9.0,0.0,9.0,13.0,0.0,13.0,105.0,56.0,173.0,28.0,149.0,9.0,30.0,2.0,6.0,3.0,72.0,143.0,235.0,46.0,0.0,0.0,0.0,0.0,0.0,0.0,0.0,0.0,0.0,1.0,0.0,0.0,0.0,1.0,0.0,0.0,0.0,0.0,0.0,1.0,0.0,0.0,0.0,0.0,0.0,0.0,0.0,0.0,0.0,0.0,0.0,0.0,0.0,0.0,0.0,0.0,0.0,0.0,0.0,0.0,0.0,0.0,0.0,0.0,0.0,0.0,0.0,0.0,0.0,0.0,2.0,2.0,0.0,1.0,0.0,0.0,0.0,0.0,0.0,0.0,0.0,0.0,0.0,0.0,0.0,0.0,0.0,0.0,0.0,0.0,0.0,0.0,0.0,0.0,0.0,0.0,0.0,0.0,0.0,0.0,0.0,0.0,0.0,0.0,2.0,3.0,0.0,1.0
866,1.0,866.0,London_198,,151,453,1092.0,70.0,2.0,187089.0,0.655323269777,866.0,93.0,2.0,91.0,171.0,18.0,153.0,12.0,57.0,173.0,29.0,146.0,9.0,31.0,2.0,6.0,3.0,72.0,141.0,237.0,47.0,0.0,0.0,0.0,0.0,0.0,0.0,0.0,0.0,0.0,32.0,0.0,17.0,1.0,8.0,1.0,2.0,0.0,3.0,2.0,30.0,0.0,0.0,0.0,0.0,0.0,0.0,0.0,0.0,0.0,0.0,0.0,0.0,0.0,0.0,0.0,0.0,0.0,0.0,0.0,0.0,1.0,0.0,0.0,0.0,0.0,0.0,0.0,4.0,0.0,1.0,13.0,13.0,4.0,3.0,0.0,0.0,0.0,0.0,0.0,0.0,0.0,0.0,0.0,0.0,0.0,0.0,0.0,0.0,0.0,0.0,0.0,0.0,0.0,0.0,1.0,0.0,0.0,0.0,0.0,0.0,0.0,5.0,0.0,1.0,18.0,17.0,4.0,5.0
867,1.0,867.0,London_198,,151,453,1092.0,70.0,2.0,190713.0,0.5689251869916916,874.0,137.0,2.0,135.0,244.0,18.0,226.0,107.0,49.0,186.0,24.0,144.0,8.0,32.0,4.0,6.0,3.0,65.0,153.0,232.0,46.0,0.0,0.0,0.0,0.0,0.0,0.0,0.0,0.0,0.0,54.0,0.0,14.0,3.0,28.0,2.0,6.0,0.0,1.0,2.0,52.0,0.0,0.0,0.0,0.0,0.0,0.0,0.0,0.0,0.0,0.0,0.0,0.0,0.0,0.0,0.0,0.0,0.0,0.0,0.0,0.0,2.0,0.0,0.0,0.0,1.0,0.0,1.0,1.0,0.0,4.0,20.0,27.0,6.0,2.0,0.0,0.0,0.0,0.0,0.0,0.0,0.0,0.0,0.0,0.0,0.0,0.0,0.0,0.0,0.0,0.0,0.0,0.0,0.0,0.0,2.0,0.0,0.0,0.0,1.0,0.0,2.0,1.0,0.0,4.0,29.0,36.0,7.0,2.0
868,1.0,868.0,London_198,,151,453,1092.0,70.0,2.0,166251.0,0.44767972198314965,820.0,123.0,0.0,123.0,194.0,0.0,194.0,151.0,51.0,195.0,22.0,135.0,6.0,37.0,2.0,5.0,6.0,65.0,160.0,222.0,57.0,0.0,0.0,0.0,0.0,0.0,0.0,0.0,0.0,0.0,38.0,0.0,11.0,1.0,21.0,0.0,2.0,0.0,3.0,0.0,38.0,0.0,0.0,0.0,0.0,0.0,0.0,0.0,0.0,0.0,0.0,0.0,0.0,0.0,0.0,0.0,0.0,0.0,0.0,0.0,0.0,0.0,0.0,0.0,0.0,0.0,0.0,2.0,1.0,3.0,1.0,14.0,23.0,9.0,3.0,0.0,0.0,0.0,0.0,0.0,0.0,0.0,0.0,0.0,0.0,0.0,0.0,0.0,0.0,0.0,0.0,0.0,0.0,0.0,0.0,0.0,0.0,0.0,0.0,0.0,0.0,2.0,2.0,4.0,1.0,19.0,35.0,9.0,5.0
869,1.0,869.0,London_198,,151,453,1092.0,70.0,2.0,144054.0,0.35375470691360533,771.0,29.0,0.0,29.0,48.0,0.0,48.0,141.0,56.0,200.0,25.0,118.0,6.0,39.0,2.0,7.0,10.0,73.0,172.0,198.0,62.0,0.0,0.0,0.0,0.0,0.0,0.0,0.0,0.0,0.0,5.0,0.0,2.0,0.0,2.0,0.0,1.0,0.0,0.0,0.0,5.0,0.0,0.0,0.0,0.0,0.0,0.0,0.0,0.0,0.0,0.0,0.0,0.0,0.0,0.0,0.0,0.0,0.0,0.0,0.0,0.0,0.0,0.0,0.0,0.0,0.0,0.0,1.0,0.0,1.0,3.0,5.0,5.0,2.0,1.0,0.0,0.0,0.0,0.0,0.0,0.0,0.0,0.0,0.0,0.0,0.0,0.0,0.0,0.0,0.0,0.0,0.0,0.0,0.0,0.0,0.0,0.0,0.0,0.0,0.0,0.0,1.0,0.0,1.0,3.0,8.0,8.0,2.0,1.0
870,1.0,870.0,London_198,,151,453,1092.0,70.0,2.0,163986.0,0.4859918858855963,815.0,138.0,2.0,136.0,258.0,17.0,241.0,42.0,55.0,205.0,26.0,112.0,6.0,41.0,2.0,6.0,10.0,72.0,162.0,209.0,66.0,0.0,0.0,0.0,0.0,0.0,0.0,0.0,0.0,0.0,40.0,0.0,12.0,4.0,18.0,0.0,3.0,0.0,3.0,2.0,38.0,0.0,0.0,0.0,0.0,0.0,0.0,0.0,0.0,0.0,0.0,0.0,0.0,0.0,0.0,0.0,0.0,0.0,0.0,0.0,0.0,1.0,0.0,0.0,0.0,2.0,0.0,4.0,2.0,4.0,3.0,19.0,26.0,11.0,3.0,0.0,0.0,0.0,0.0,0.0,0.0,0.0,0.0,0.0,0.0,0.0,0.0,0.0,0.0,0.0,0.0,0.0,0.0,0.0,0.0,1.0,0.0,0.0,0.0,2.0,0.0,4.0,2.0,4.0,6.0,33.0,34.0,12.0,3.0
871,1.0,871.0,London_198,,151,453,1092.0,70.0,2.0,140883.0,0.6232690399046987,764.0,110.0,0.0,110.0,184.0,0.0,184.0,181.0,55.0,202.0,19.0,117.0,6.0,46.0,0.0,8.0,13.0,60.0,168.0,212.0,71.0,0.0,0.0,0.0,0.0,0.0,0.0,0.0,0.0,0.0,25.0,0.0,2.0,2.0,19.0,0.0,0.0,1.0,1.0,0.0,25.0,0.0,0.0,0.0,0.0,0.0,0.0,0.0,0.0,0.0,0.0,0.0,0.0,0.0,0.0,0.0,0.0,0.0,0.0,0.0,0.0,6.0,0.0,0.0,1.0,1.0,0.0,2.0,1.0,4.0,5.0,20.0,29.0,14.0,6.0,0.0,0.0,0.0,0.0,0.0,0.0,0.0,0.0,0.0,0.0,0.0,0.0,0.0,0.0,0.0,0.0,0.0,0.0,0.0,0.0,7.0,0.0,0.0,2.0,1.0,0.0,3.0,2.0,4.0,7.0,28.0,40.0,18.0,8.0
872,1.0,872.0,London_198,,151,453,1092.0,70.0,2.0,125934.0,0.30230321013368666,731.0,49.0,2.0,47.0,106.0,20.0,86.0,147.0,62.0,193.0,16.0,124.0,10.0,38.0,1.0,9.0,13.0,67.0,163.0,210.0,77.0,0.0,0.0,0.0,0.0,0.0,0.0,0.0,0.0,0.0,8.0,0.0,2.0,2.0,2.0,0.0,0.0,2.0,0.0,1.0,7.0,0.0,0.0,0.0,0.0,0.0,0.0,0.0,0.0,0.0,0.0,0.0,0.0,0.0,0.0,2.0,0.0,0.0,0.0,0.0,0.0,0.0,3.0,0.0,0.0,0.0,0.0,3.0,3.0,0.0,7.0,10.0,10.0,8.0,3.0,0.0,0.0,0.0,0.0,0.0,0.0,0.0,0.0,0.0,0.0,0.0,0.0,0.0,0.0,14.0,0.0,0.0,0.0,0.0,0.0,0.0,4.0,0.0,0.0,0.0,0.0,4.0,4.0,0.0,8.0,12.0,17.0,11.0,4.0
873,1.0,873.0,London_198,,151,453,1092.0,70.0,2.0,140883.0,0.4188918271102011,764.0,53.0,2.0,51.0,108.0,15.0,93.0,92.0,52.0,192.0,19.0,131.0,14.0,33.0,0.0,12.0,16.0,74.0,145.0,218.0,80.0,0.0,0.0,0.0,0.0,0.0,0.0,0.0,0.0,0.0,10.0,0.0,2.0,2.0,4.0,0.0,0.0,0.0,2.0,2.0,8.0,0.0,0.0,0.0,0.0,0.0,0.0,0.0,0.0,0.0,0.0,0.0,0.0,0.0,0.0,0.0,0.0,0.0,0.0,0.0,0.0,2.0,1.0,1.0,0.0,1.0,0.0,2.0,1.0,1.0,2.0,9.0,12.0,6.0,3.0,0.0,0.0,0.0,0.0,0.0,0.0,0.0,0.0,0.0,0.0,0.0,0.0,0.0,0.0,0.0,0.0,0.0,0.0,0.0,0.0,2.0,1.0,1.0,0.0,1.0,0.0,3.0,1.0,1.0,3.0,12.0,20.0,7.0,4.0
874,1.0,874.0,London_198,,151,453,1092.0,70.0,2.0,154926.0,0.33258355781435966,795.0,90.0,1.0,89.0,163.0,9.0,154.0,83.0,60.0,182.0,18.0,131.0,16.0,36.0,0.0,10.0,14.0,75.0,148.0,216.0,83.0,0.0,0.0,0.0,0.0,0.0,0.0,0.0,0.0,0.0,21.0,0.0,6.0,3.0,10.0,0.0,1.0,0.0,1.0,1.0,20.0,0.0,0.0,0.0,0.0,0.0,0.0,0.0,0.0,0.0,0.0,0.0,0.0,0.0,0.0,0.0,0.0,0.0,0.0,0.0,0.0,0.0,1.0,1.0,0.0,1.0,0.0,3.0,3.0,0.0,3.0,7.0,16.0,12.0,3.0,0.0,0.0,0.0,0.0,0.0,0.0,0.0,0.0,0.0,0.0,0.0,0.0,0.0,0.0,0.0,0.0,0.0,0.0,0.0,0.0,0.0,1.0,1.0,0.0,1.0,0.0,5.0,5.0,0.0,3.0,9.0,21.0,16.0,5.0
875,1.0,875.0,London_198,,151,453,1092.0,70.0,2.0,147225.0,0.899493413977325,778.0,77.0,1.0,76.0,141.0,8.0,133.0,125.0,52.0,174.0,17.0,152.0,17.0,29.0,2.0,10.0,9.0,77.0,159.0,208.0,76.0,0.0,0.0,0.0,0.0,0.0,0.0,0.0,0.0,0.0,14.0,0.0,4.0,1.0,6.0,0.0,0.0,0.0,3.0,0.0,14.0,0.0,0.0,0.0,0.0,0.0,0.0,0.0,0.0,0.0,0.0,0.0,0.0,0.0,0.0,1.0,0.0,0.0,0.0,0.0,0.0,0.0,0.0,0.0,1.0,0.0,0.0,3.0,1.0,0.0,4.0,5.0,16.0,4.0,1.0,0.0,0.0,0.0,0.0,0.0,0.0,0.0,0.0,0.0,0.0,0.0,0.0,0.0,0.0,6.0,0.0,0.0,0.0,0.0,0.0,0.0,0.0,0.0,2.0,0.0,0.0,3.0,2.0,0.0,4.0,8.0,20.0,4.0,2.0
876,1.0,876.0,London_198,,151,453,1092.0,70.0,2.0,142242.0,0.4870052309706807,767.0,29.0,0.0,29.0,51.0,0.0,51.0,122.0,51.0,181.0,18.0,139.0,12.0,37.0,4.0,11.0,13.0,67.0,162.0,211.0,66.0,0.0,0.0,0.0,0.0,0.0,0.0,0.0,0.0,0.0,6.0,0.0,1.0,1.0,4.0,0.0,0.0,0.0,0.0,0.0,6.0,0.0,0.0,0.0,0.0,0.0,0.0,0.0,0.0,0.0,0.0,0.0,0.0,0.0,0.0,0.0,0.0,0.0,0.0,0.0,0.0,0.0,0.0,0.0,0.0,1.0,0.0,1.0,0.0,0.0,3.0,5.0,4.0,5.0,2.0,0.0,0.0,0.0,0.0,0.0,0.0,0.0,0.0,0.0,0.0,0.0,0.0,0.0,0.0,0.0,0.0,0.0,0.0,0.0,0.0,0.0,0.0,0.0,0.0,1.0,0.0,1.0,0.0,0.0,4.0,7.0,5.0,5.0,3.0
877,1.0,877.0,London_198,,151,453,1092.0,70.0,2.0,169422.0,0.6627600328065455,827.0,137.0,2.0,135.0,233.0,19.0,214.0,43.0,57.0,185.0,16.0,129.0,12.0,39.0,4.0,11.0,13.0,71.0,169.0,200.0,69.0,0.0,0.0,0.0,0.0,0.0,0.0,0.0,0.0,0.0,39.0,0.0,13.0,6.0,16.0,1.0,0.0,0.0,3.0,2.0,37.0,0.0,0.0,0.0,0.0,0.0,0.0,0.0,0.0,0.0,0.0,0.0,0.0,0.0,0.0,1.0,0.0,0.0,0.0,0.0,0.0,2.0,0.0,0.0,1.0,0.0,0.0,2.0,5.0,0.0,1.0,18.0,15.0,11.0,6.0,0.0,0.0,0.0,0.0,0.0,0.0,0.0,0.0,0.0,0.0,0.0,0.0,0.0,0.0,1.0,0.0,0.0,0.0,0.0,0.0,2.0,0.0,0.0,1.0,0.0,0.0,2.0,6.0,0.0,1.0,30.0,20.0,12.0,8.0
878,1.0,878.0,London_198,,151,453,1092.0,70.0,2.0,145866.0,0.40160973905585706,775.0,104.0,0.0,104.0,178.0,0.0,178.0,162.0,51.0,175.0,18.0,132.0,12.0,45.0,6.0,14.0,8.0,71.0,164.0,210.0,61.0,0.0,0.0,0.0,0.0,0.0,0.0,0.0,0.0,0.0,22.0,0.0,4.0,4.0,12.0,1.0,0.0,0.0,1.0,0.0,22.0,0.0,0.0,0.0,0.0,0.0,0.0,0.0,0.0,0.0,0.0,0.0,0.0,0.0,0.0,0.0,0.0,0.0,0.0,0.0,0.0,3.0,0.0,0.0,0.0,2.0,2.0,1.0,6.0,1.0,3.0,20.0,19.0,11.0,4.0,0.0,0.0,0.0,0.0,0.0,0.0,0.0,0.0,0.0,0.0,0.0,0.0,0.0,0.0,0.0,0.0,0.0,0.0,0.0,0.0,4.0,0.0,0.0,0.0,3.0,2.0,2.0,8.0,1.0,3.0,29.0,22.0,11.0,5.0
879,1.0,879.0,London_198,,151,453,1092.0,70.0,2.0,135447.0,0.45801627612672746,752.0,61.0,0.0,61.0,101.0,0.0,101.0,138.0,48.0,172.0,20.0,139.0,12.0,41.0,5.0,16.0,7.0,83.0,159.0,204.0,68.0,0.0,0.0,0.0,0.0,0.0,0.0,0.0,0.0,0.0,8.0,0.0,0.0,0.0,7.0,0.0,0.0,0.0,1.0,0.0,8.0,0.0,0.0,0.0,0.0,0.0,0.0,0.0,0.0,0.0,0.0,0.0,0.0,0.0,0.0,0.0,0.0,0.0,0.0,0.0,0.0,0.0,0.0,0.0,1.0,0.0,1.0,1.0,3.0,0.0,3.0,8.0,14.0,5.0,6.0,0.0,0.0,0.0,0.0,0.0,0.0,0.0,0.0,0.0,0.0,0.0,0.0,0.0,0.0,0.0,0.0,0.0,0.0,0.0,0.0,0.0,0.0,0.0,2.0,0.0,1.0,2.0,3.0,0.0,4.0,9.0,20.0,5.0,7.0
880,1.0,880.0,London_198,,151,453,1092.0,70.0,2.0,146772.0,0.9723537410609424,777.0,74.0,2.0,72.0,139.0,17.0,122.0,85.0,54.0,174.0,20.0,126.0,12.0,48.0,5.0,14.0,9.0,82.0,166.0,196.0,78.0,0.0,0.0,0.0,0.0,0.0,0.0,0.0,0.0,0.0,10.0,0.0,2.0,1.0,4.0,0.0,0.0,0.0,3.0,1.0,9.0,0.0,0.0,0.0,0.0,0.0,0.0,0.0,0.0,0.0,0.0,0.0,0.0,0.0,1.0,0.0,0.0,0.0,0.0,0.0,0.0,0.0,1.0,0.0,0.0,0.0,1.0,0.0,3.0,0.0,4.0,10.0,18.0,9.0,5.0,0.0,0.0,0.0,0.0,0.0,0.0,0.0,0.0,0.0,0.0,0.0,0.0,0.0,1.0,0.0,0.0,0.0,0.0,0.0,0.0,0.0,1.0,0.0,0.0,0.0,1.0,0.0,4.0,0.0,6.0,17.0,27.0,10.0,7.0
881,1.0,881.0,London_198,,151,453,1092.0,70.0,2.0,144507.0,0.39677155390381813,772.0,115.0,2.0,113.0,218.0,18.0,200.0,117.0,55.0,183.0,23.0,123.0,15.0,37.0,4.0,13.0,9.0,87.0,157.0,200.0,70.0,0.0,0.0,0.0,0.0,0.0,0.0,0.0,0.0,0.0,27.0,0.0,1.0,3.0,19.0,0.0,2.0,0.0,2.0,2.0,25.0,0.0,0.0,0.0,0.0,0.0,0.0,0.0,0.0,0.0,0.0,0.0,0.0,0.0,0.0,0.0,0.0,0.0,0.0,0.0,0.0,1.0,2.0,1.0,0.0,0.0,0.0,2.0,3.0,0.0,8.0,16.0,16.0,9.0,4.0,0.0,0.0,0.0,0.0,0.0,0.0,0.0,0.0,0.0,0.0,0.0,0.0,0.0,0.0,0.0,0.0,0.0,0.0,0.0,0.0,1.0,2.0,1.0,0.0,0.0,0.0,2.0,4.0,0.0,11.0,31.0,23.0,11.0,5.0
882,1.0,882.0,London_198,,151,453,1092.0,70.0,2.0,131370.0,0.4798462849576026,743.0,18.0,2.0,16.0,49.0,18.0,31.0,163.0,55.0,182.0,24.0,134.0,10.0,37.0,1.0,10.0,9.0,80.0,158.0,206.0,67.0,0.0,0.0,0.0,0.0,0.0,0.0,0.0,0.0,0.0,3.0,0.0,0.0,0.0,2.0,0.0,0.0,0.0,1.0,1.0,2.0,0.0,0.0,0.0,0.0,0.0,0.0,0.0,0.0,0.0,0.0,0.0,0.0,0.0,0.0,1.0,0.0,0.0,0.0,0.0,0.0,0.0,0.0,0.0,0.0,0.0,0.0,0.0,0.0,0.0,0.0,3.0,3.0,0.0,0.0,0.0,0.0,0.0,0.0,0.0,0.0,0.0,0.0,0.0,0.0,0.0,0.0,0.0,0.0,5.0,0.0,0.0,0.0,0.0,0.0,0.0,0.0,0.0,0.0,0.0,0.0,0.0,0.0,0.0,0.0,5.0,5.0,0.0,0.0
883,1.0,883.0,London_198,,151,453,1092.0,70.0,2.0,167610.0,0.5266830050386488,823.0,66.0,0.0,66.0,112.0,0.0,112.0,35.0,56.0,178.0,28.0,131.0,11.0,40.0,1.0,8.0,9.0,76.0,153.0,215.0,55.0,0.0,0.0,0.0,0.0,0.0,0.0,0.0,0.0,0.0,20.0,0.0,5.0,1.0,13.0,0.0,0.0,0.0,1.0,0.0,20.0,0.0,0.0,0.0,0.0,0.0,0.0,0.0,0.0,0.0,0.0,0.0,0.0,0.0,0.0,0.0,0.0,0.0,0.0,0.0,0.0,0.0,0.0,0.0,0.0,0.0,0.0,2.0,0.0,1.0,0.0,9.0,12.0,2.0,1.0,0.0,0.0,0.0,0.0,0.0,0.0,0.0,0.0,0.0,0.0,0.0,0.0,0.0,0.0,0.0,0.0,0.0,0.0,0.0,0.0,0.0,0.0,0.0,0.0,0.0,0.0,2.0,0.0,1.0,0.0,13.0,18.0,5.0,1.0
884,1.0,884.0,London_198,,151,453,1092.0,70.0,2.0,192978.0,1.1003508639987558,879.0,115.0,1.0,114.0,210.0,11.0,199.0,77.0,48.0,173.0,25.0,136.0,14.0,46.0,2.0,9.0,9.0,77.0,159.0,208.0,59.0,0.0,0.0,0.0,0.0,0.0,0.0,0.0,0.0,0.0,53.0,2.0,19.0,4.0,21.0,0.0,1.0,0.0,6.0,1.0,52.0,0.0,0.0,0.0,0.0,0.0,0.0,0.0,0.0,0.0,0.0,0.0,0.0,0.0,0.0,1.0,0.0,0.0,0.0,0.0,0.0,0.0,0.0,0.0,0.0,0.0,2.0,1.0,2.0,2.0,1.0,15.0,24.0,2.0,0.0,0.0,0.0,0.0,0.0,0.0,0.0,0.0,0.0,0.0,0.0,0.0,0.0,0.0,0.0,1.0,0.0,0.0,0.0,0.0,0.0,0.0,0.0,0.0,0.0,0.0,2.0,1.0,2.0,2.0,1.0,22.0,36.0,2.0,0.0
885,1.0,885.0,London_198,,151,453,1092.0,70.0,2.0,183012.0,0.6442476620431989,857.0,86.0,1.0,85.0,167.0,10.0,157.0,117.0,61.0,169.0,33.0,125.0,9.0,46.0,3.0,7.0,9.0,66.0,157.0,221.0,58.0,0.0,0.0,0.0,0.0,0.0,0.0,0.0,0.0,0.0,37.0,1.0,14.0,3.0,14.0,1.0,1.0,0.0,3.0,1.0,36.0,0.0,0.0,0.0,0.0,0.0,0.0,0.0,0.0,0.0,0.0,0.0,0.0,0.0,1.0,0.0,0.0,0.0,0.0,0.0,0.0,1.0,0.0,0.0,0.0,2.0,0.0,2.0,0.0,0.0,1.0,4.0,12.0,3.0,7.0,0.0,0.0,0.0,0.0,0.0,0.0,0.0,0.0,0.0,0.0,0.0,0.0,0.0,2.0,0.0,0.0,0.0,0.0,0.0,0.0,1.0,0.0,0.0,0.0,2.0,0.0,3.0,0.0,0.0,1.0,5.0,18.0,3.0,8.0
886,1.0,886.0,London_198,,151,453,1092.0,70.0,2.0,180747.0,0.46188297518529,852.0,183.0,0.0,183.0,313.0,0.0,313.0,94.0,59.0,172.0,35.0,121.0,7.0,51.0,2.0,6.0,7.0,68.0,160.0,218.0,61.0,0.0,0.0,0.0,0.0,0.0,0.0,0.0,0.0,0.0,65.0,1.0,20.0,5.0,29.0,0.0,5.0,2.0,3.0,0.0,65.0,0.0,0.0,0.0,0.0,0.0,0.0,0.0,0.0,0.0,0.0,0.0,0.0,0.0,0.0,0.0,0.0,0.0,0.0,0.0,0.0,3.0,1.0,0.0,0.0,1.0,0.0,1.0,3.0,0.0,0.0,22.0,22.0,7.0,2.0,0.0,0.0,0.0,0.0,0.0,0.0,0.0,0.0,0.0,0.0,0.0,0.0,0.0,0.0,0.0,0.0,0.0,0.0,0.0,0.0,4.0,1.0,0.0,0.0,1.0,0.0,1.0,3.0,0.0,0.0,26.0,32.0,7.0,2.0
887,1.0,887.0,London_198,,151,453,1092.0,70.0,2.0,127746.0,0.33228837605565786,735.0,13.0,0.0,13.0,26.0,0.0,26.0,208.0,74.0,160.0,36.0,124.0,12.0,40.0,3.0,4.0,10.0,69.0,151.0,223.0,63.0,0.0,0.0,0.0,0.0,0.0,0.0,0.0,0.0,0.0,0.0,0.0,0.0,0.0,0.0,0.0,0.0,0.0,0.0,0.0,0.0,0.0,0.0,0.0,0.0,0.0,0.0,0.0,0.0,0.0,0.0,0.0,0.0,0.0,0.0,0.0,0.0,0.0,0.0,0.0,0.0,0.0,0.0,0.0,0.0,0.0,0.0,0.0,1.0,1.0,1.0,2.0,4.0,0.0,1.0,0.0,0.0,0.0,0.0,0.0,0.0,0.0,0.0,0.0,0.0,0.0,0.0,0.0,0.0,0.0,0.0,0.0,0.0,0.0,0.0,0.0,0.0,0.0,0.0,0.0,0.0,0.0,1.0,1.0,3.0,5.0,6.0,0.0,2.0
888,1.0,888.0,London_198,,151,453,1092.0,70.0,2.0,161268.0,0.38383131101727486,809.0,99.0,2.0,97.0,181.0,19.0,162.0,26.0,77.0,161.0,37.0,124.0,9.0,38.0,3.0,4.0,10.0,73.0,147.0,223.0,63.0,0.0,0.0,0.0,0.0,0.0,0.0,0.0,0.0,0.0,38.0,0.0,7.0,0.0,22.0,0.0,5.0,0.0,4.0,2.0,36.0,0.0,0.0,0.0,0.0,0.0,0.0,0.0,0.0,0.0,0.0,0.0,0.0,0.0,0.0,0.0,0.0,0.0,0.0,0.0,0.0,0.0,0.0,0.0,1.0,0.0,0.0,1.0,1.0,0.0,1.0,8.0,18.0,1.0,5.0,0.0,0.0,0.0,0.0,0.0,0.0,0.0,0.0,0.0,0.0,0.0,0.0,0.0,0.0,0.0,0.0,0.0,0.0,0.0,0.0,0.0,0.0,0.0,2.0,0.0,0.0,2.0,1.0,0.0,2.0,9.0,26.0,2.0,5.0
889,1.0,889.0,London_198,,151,453,1092.0,70.0,2.0,149943.0,0.5176849539857358,784.0,95.0,1.0,94.0,173.0,10.0,163.0,109.0,72.0,164.0,37.0,120.0,9.0,43.0,3.0,5.0,11.0,69.0,151.0,222.0,62.0,0.0,0.0,0.0,0.0,0.0,0.0,0.0,0.0,0.0,26.0,0.0,1.0,3.0,17.0,0.0,2.0,0.0,3.0,0.0,26.0,0.0,0.0,0.0,0.0,0.0,0.0,0.0,0.0,0.0,0.0,0.0,0.0,0.0,0.0,0.0,0.0,0.0,0.0,0.0,0.0,1.0,0.0,0.0,0.0,1.0,0.0,1.0,3.0,0.0,3.0,9.0,19.0,6.0,4.0,0.0,0.0,0.0,0.0,0.0,0.0,0.0,0.0,0.0,0.0,0.0,0.0,0.0,0.0,0.0,0.0,0.0,0.0,0.0,0.0,1.0,0.0,0.0,0.0,1.0,0.0,1.0,4.0,0.0,3.0,15.0,22.0,6.0,5.0
890,1.0,890.0,London_198,,151,453,1092.0,70.0,2.0,143148.0,0.6462445978540927,769.0,121.0,0.0,121.0,218.0,0.0,218.0,128.0,62.0,168.0,38.0,120.0,9.0,47.0,4.0,5.0,12.0,73.0,150.0,218.0,59.0,0.0,0.0,0.0,0.0,0.0,0.0,0.0,0.0,0.0,29.0,0.0,11.0,5.0,13.0,0.0,0.0,0.0,0.0,0.0,29.0,0.0,0.0,0.0,0.0,0.0,0.0,0.0,0.0,0.0,0.0,0.0,0.0,0.0,0.0,0.0,0.0,0.0,0.0,0.0,0.0,0.0,1.0,0.0,0.0,2.0,0.0,1.0,2.0,0.0,4.0,19.0,19.0,7.0,4.0,0.0,0.0,0.0,0.0,0.0,0.0,0.0,0.0,0.0,0.0,0.0,0.0,0.0,0.0,0.0,0.0,0.0,0.0,0.0,0.0,0.0,2.0,0.0,0.0,2.0,0.0,1.0,2.0,0.0,5.0,31.0,31.0,7.0,4.0
891,1.0,891.0,London_198,,151,453,1092.0,70.0,2.0,116874.0,0.7978849650826305,711.0,25.0,0.0,25.0,40.0,0.0,40.0,169.0,69.0,162.0,39.0,121.0,5.0,47.0,4.0,6.0,9.0,78.0,160.0,206.0,57.0,0.0,0.0,0.0,0.0,0.0,0.0,0.0,0.0,0.0,0.0,0.0,0.0,0.0,0.0,0.0,0.0,0.0,0.0,0.0,0.0,0.0,0.0,0.0,0.0,0.0,0.0,0.0,0.0,0.0,0.0,0.0,0.0,0.0,0.0,0.0,0.0,0.0,0.0,0.0,0.0,0.0,2.0,0.0,0.0,0.0,0.0,3.0,0.0,0.0,2.0,3.0,5.0,3.0,1.0,0.0,0.0,0.0,0.0,0.0,0.0,0.0,0.0,0.0,0.0,0.0,0.0,0.0,0.0,0.0,0.0,0.0,0.0,0.0,0.0,0.0,2.0,0.0,0.0,0.0,0.0,3.0,0.0,0.0,3.0,5.0,6.0,6.0,1.0
892,1.0,892.0,London_198,,151,453,1092.0,70.0,2.0,139071.0,0.6677422008942813,760.0,22.0,1.0,21.0,48.0,11.0,37.0,40.0,67.0,161.0,44.0,121.0,4.0,48.0,3.0,5.0,11.0,71.0,165.0,206.0,64.0,0.0,0.0,0.0,0.0,0.0,0.0,0.0,0.0,0.0,3.0,0.0,0.0,0.0,3.0,0.0,0.0,0.0,0.0,1.0,2.0,0.0,0.0,0.0,0.0,0.0,0.0,0.0,0.0,0.0,0.0,0.0,0.0,0.0,0.0,1.0,0.0,0.0,0.0,0.0,0.0,0.0,0.0,0.0,0.0,0.0,0.0,0.0,0.0,0.0,0.0,3.0,5.0,1.0,1.0,0.0,0.0,0.0,0.0,0.0,0.0,0.0,0.0,0.0,0.0,0.0,0.0,0.0,0.0,9.0,0.0,0.0,0.0,0.0,0.0,0.0,0.0,0.0,0.0,0.0,0.0,0.0,0.0,0.0,0.0,5.0,7.0,1.0,2.0
893,1.0,893.0,London_198,,151,453,1092.0,70.0,2.0,173046.0,0.40068428800441325,835.0,131.0,0.0,131.0,238.0,0.0,238.0,44.0,70.0,171.0,42.0,109.0,4.0,49.0,3.0,5.0,11.0,73.0,154.0,215.0,59.0,0.0,0.0,0.0,0.0,0.0,0.0,0.0,0.0,0.0,54.0,0.0,15.0,3.0,28.0,1.0,1.0,0.0,6.0,0.0,54.0,0.0,0.0,0.0,0.0,0.0,0.0,0.0,0.0,0.0,0.0,0.0,0.0,0.0,0.0,0.0,0.0,0.0,0.0,0.0,0.0,0.0,0.0,0.0,0.0,1.0,0.0,3.0,2.0,1.0,3.0,20.0,18.0,4.0,2.0,0.0,0.0,0.0,0.0,0.0,0.0,0.0,0.0,0.0,0.0,0.0,0.0,0.0,0.0,0.0,0.0,0.0,0.0,0.0,0.0,0.0,0.0,0.0,0.0,1.0,0.0,4.0,3.0,1.0,6.0,31.0,27.0,4.0,3.0
894,1.0,894.0,London_198,,151,453,1092.0,70.0,2.0,140430.0,0.8550213798880577,763.0,140.0,2.0,138.0,263.0,19.0,244.0,153.0,67.0,187.0,33.0,108.0,11.0,36.0,2.0,9.0,8.0,77.0,140.0,228.0,54.0,0.0,0.0,0.0,0.0,0.0,0.0,0.0,0.0,0.0,27.0,0.0,5.0,0.0,17.0,0.0,1.0,1.0,3.0,2.0,25.0,0.0,0.0,0.0,0.0,0.0,0.0,0.0,0.0,0.0,0.0,0.0,0.0,0.0,1.0,0.0,0.0,0.0,0.0,0.0,0.0,1.0,0.0,0.0,1.0,1.0,1.0,8.0,3.0,0.0,3.0,28.0,20.0,11.0,4.0,0.0,0.0,0.0,0.0,0.0,0.0,0.0,0.0,0.0,0.0,0.0,0.0,0.0,3.0,0.0,0.0,0.0,0.0,0.0,0.0,1.0,0.0,0.0,1.0,1.0,2.0,10.0,5.0,0.0,3.0,39.0,26.0,13.0,4.0
895,1.0,895.0,London_198,,151,453,1092.0,70.0,2.0,113250.0,0.39542587799951434,703.0,38.0,2.0,36.0,79.0,19.0,60.0,207.0,69.0,194.0,37.0,106.0,10.0,27.0,1.0,9.0,8.0,70.0,135.0,240.0,57.0,0.0,0.0,0.0,0.0,0.0,0.0,0.0,0.0,0.0,3.0,0.0,0.0,0.0,3.0,0.0,0.0,0.0,0.0,0.0,3.0,0.0,0.0,0.0,0.0,0.0,0.0,0.0,0.0,0.0,1.0,0.0,0.0,0.0,0.0,1.0,1.0,0.0,0.0,0.0,0.0,0.0,0.0,0.0,0.0,2.0,0.0,0.0,0.0,0.0,1.0,10.0,9.0,6.0,4.0,0.0,0.0,0.0,0.0,0.0,0.0,0.0,0.0,0.0,2.0,0.0,0.0,0.0,0.0,6.0,2.0,0.0,0.0,0.0,0.0,0.0,0.0,0.0,0.0,2.0,0.0,0.0,0.0,0.0,1.0,18.0,11.0,6.0,5.0
896,1.0,896.0,London_198,,151,453,1092.0,70.0,2.0,135447.0,0.3624289440922439,752.0,34.0,1.0,33.0,69.0,10.0,59.0,74.0,69.0,191.0,35.0,104.0,12.0,30.0,2.0,10.0,10.0,58.0,140.0,245.0,56.0,0.0,0.0,0.0,0.0,0.0,0.0,0.0,0.0,0.0,3.0,0.0,0.0,0.0,3.0,0.0,0.0,0.0,0.0,0.0,3.0,0.0,0.0,0.0,0.0,0.0,0.0,0.0,0.0,0.0,1.0,0.0,0.0,0.0,0.0,0.0,1.0,0.0,0.0,0.0,0.0,0.0,0.0,0.0,0.0,1.0,0.0,1.0,0.0,0.0,0.0,5.0,6.0,2.0,1.0,0.0,0.0,0.0,0.0,0.0,0.0,0.0,0.0,0.0,2.0,0.0,0.0,0.0,0.0,0.0,4.0,0.0,0.0,0.0,0.0,0.0,0.0,0.0,0.0,1.0,0.0,1.0,0.0,0.0,0.0,8.0,8.0,2.0,1.0
897,1.0,897.0,London_198,,151,453,1092.0,70.0,2.0,162627.0,0.41723931999877095,812.0,49.0,0.0,49.0,88.0,0.0,88.0,63.0,72.0,177.0,37.0,108.0,15.0,32.0,3.0,9.0,9.0,62.0,143.0,239.0,57.0,0.0,0.0,0.0,0.0,0.0,0.0,0.0,0.0,0.0,11.0,0.0,1.0,0.0,7.0,0.0,0.0,1.0,2.0,0.0,11.0,0.0,0.0,0.0,0.0,0.0,0.0,0.0,0.0,0.0,0.0,0.0,0.0,0.0,0.0,0.0,0.0,0.0,0.0,0.0,0.0,0.0,0.0,0.0,1.0,1.0,0.0,1.0,2.0,1.0,1.0,9.0,17.0,3.0,2.0,0.0,0.0,0.0,0.0,0.0,0.0,0.0,0.0,0.0,0.0,0.0,0.0,0.0,0.0,0.0,0.0,0.0,0.0,0.0,0.0,0.0,0.0,0.0,1.0,1.0,0.0,3.0,3.0,1.0,1.0,13.0,23.0,3.0,2.0
898,1.0,898.0,London_198,,151,453,1092.0,70.0,2.0,187542.0,0.6460946570150554,867.0,91.0,0.0,91.0,154.0,0.0,154.0,66.0,68.0,177.0,39.0,113.0,10.0,34.0,3.0,9.0,9.0,63.0,147.0,234.0,57.0,0.0,0.0,0.0,0.0,0.0,0.0,0.0,0.0,0.0,34.0,0.0,8.0,2.0,22.0,0.0,0.0,0.0,2.0,0.0,34.0,0.0,0.0,0.0,0.0,0.0,0.0,0.0,0.0,0.0,0.0,0.0,0.0,0.0,0.0,0.0,0.0,0.0,0.0,0.0,0.0,0.0,0.0,0.0,0.0,0.0,0.0,0.0,0.0,1.0,1.0,12.0,19.0,4.0,2.0,0.0,0.0,0.0,0.0,0.0,0.0,0.0,0.0,0.0,0.0,0.0,0.0,0.0,0.0,0.0,0.0,0.0,0.0,0.0,0.0,0.0,0.0,0.0,0.0,0.0,0.0,0.0,0.0,1.0,1.0,17.0,23.0,5.0,3.0
899,1.0,899.0,London_198,,151,453,1092.0,70.0,2.0,184371.0,0.6250654431059957,860.0,89.0,0.0,89.0,146.0,0.0,146.0,105.0,65.0,180.0,38.0,108.0,12.0,42.0,2.0,6.0,9.0,69.0,151.0,224.0,60.0,0.0,0.0,0.0,0.0,0.0,0.0,0.0,0.0,0.0,32.0,0.0,6.0,2.0,20.0,0.0,1.0,0.0,3.0,0.0,32.0,0.0,0.0,0.0,0.0,0.0,0.0,0.0,0.0,0.0,0.0,0.0,0.0,0.0,0.0,0.0,0.0,0.0,0.0,0.0,0.0,1.0,0.0,0.0,0.0,0.0,1.0,1.0,3.0,0.0,1.0,11.0,18.0,3.0,1.0,0.0,0.0,0.0,0.0,0.0,0.0,0.0,0.0,0.0,0.0,0.0,0.0,0.0,0.0,0.0,0.0,0.0,0.0,0.0,0.0,1.0,0.0,0.0,0.0,0.0,1.0,2.0,4.0,0.0,1.0,17.0,22.0,3.0,1.0
900,1.0,900.0,London_198,,151,453,1092.0,70.0,2.0,181200.0,0.47189236199483275,853.0,116.0,1.0,115.0,211.0,10.0,201.0,93.0,60.0,172.0,37.0,114.0,13.0,46.0,4.0,7.0,12.0,64.0,147.0,230.0,65.0,0.0,0.0,0.0,0.0,0.0,0.0,0.0,0.0,0.0,43.0,0.0,13.0,1.0,26.0,0.0,1.0,0.0,2.0,1.0,42.0,0.0,0.0,0.0,0.0,0.0,0.0,0.0,0.0,0.0,0.0,0.0,0.0,0.0,0.0,1.0,0.0,0.0,0.0,0.0,0.0,0.0,0.0,1.0,0.0,0.0,0.0,0.0,2.0,2.0,1.0,13.0,25.0,6.0,4.0,0.0,0.0,0.0,0.0,0.0,0.0,0.0,0.0,0.0,0.0,0.0,0.0,0.0,0.0,7.0,0.0,0.0,0.0,0.0,0.0,0.0,0.0,1.0,0.0,0.0,0.0,0.0,2.0,4.0,1.0,17.0,36.0,7.0,8.0
901,1.0,901.0,London_198,,151,453,1092.0,70.0,2.0,156738.0,0.37999910302460194,799.0,114.0,2.0,112.0,205.0,19.0,186.0,142.0,63.0,173.0,38.0,106.0,10.0,50.0,5.0,8.0,12.0,67.0,149.0,225.0,66.0,0.0,0.0,0.0,0.0,0.0,0.0,0.0,0.0,0.0,32.0,0.0,4.0,0.0,20.0,0.0,3.0,2.0,3.0,1.0,31.0,0.0,0.0,0.0,0.0,0.0,0.0,0.0,0.0,0.0,0.0,0.0,0.0,0.0,0.0,0.0,0.0,0.0,0.0,0.0,0.0,0.0,0.0,0.0,0.0,2.0,0.0,2.0,0.0,0.0,1.0,16.0,24.0,9.0,6.0,0.0,0.0,0.0,0.0,0.0,0.0,0.0,0.0,0.0,0.0,0.0,0.0,0.0,0.0,0.0,0.0,0.0,0.0,0.0,0.0,0.0,0.0,0.0,0.0,2.0,0.0,2.0,0.0,0.0,1.0,23.0,30.0,11.0,6.0
902,1.0,902.0,London_198,,151,453,1092.0,70.0,2.0,139977.0,0.407272714888677,762.0,95.0,2.0,93.0,183.0,18.0,165.0,143.0,48.0,178.0,30.0,114.0,18.0,49.0,6.0,10.0,9.0,68.0,150.0,226.0,75.0,0.0,0.0,0.0,0.0,0.0,0.0,0.0,0.0,0.0,16.0,0.0,0.0,0.0,9.0,0.0,4.0,1.0,2.0,1.0,15.0,0.0,0.0,0.0,0.0,0.0,0.0,0.0,0.0,0.0,0.0,0.0,0.0,0.0,0.0,0.0,0.0,0.0,0.0,0.0,0.0,2.0,1.0,0.0,0.0,0.0,1.0,3.0,4.0,2.0,2.0,20.0,15.0,15.0,3.0,0.0,0.0,0.0,0.0,0.0,0.0,0.0,0.0,0.0,0.0,0.0,0.0,0.0,0.0,0.0,0.0,0.0,0.0,0.0,0.0,3.0,2.0,0.0,0.0,0.0,2.0,4.0,8.0,2.0,4.0,29.0,20.0,19.0,4.0
903,1.0,903.0,London_198,,151,453,1092.0,70.0,2.0,136806.0,0.49123238190077245,755.0,79.0,0.0,79.0,148.0,0.0,148.0,151.0,55.0,167.0,36.0,114.0,17.0,52.0,2.0,10.0,4.0,75.0,149.0,225.0,69.0,0.0,0.0,0.0,0.0,0.0,0.0,0.0,0.0,0.0,16.0,0.0,0.0,0.0,14.0,0.0,2.0,0.0,0.0,0.0,16.0,0.0,0.0,0.0,0.0,0.0,0.0,0.0,0.0,0.0,0.0,0.0,0.0,0.0,0.0,0.0,0.0,0.0,0.0,0.0,0.0,1.0,0.0,0.0,0.0,0.0,0.0,2.0,2.0,2.0,1.0,16.0,11.0,4.0,4.0,0.0,0.0,0.0,0.0,0.0,0.0,0.0,0.0,0.0,0.0,0.0,0.0,0.0,0.0,0.0,0.0,0.0,0.0,0.0,0.0,1.0,0.0,0.0,0.0,0.0,0.0,2.0,4.0,2.0,1.0,22.0,15.0,4.0,5.0
904,1.0,904.0,London_198,,151,453,1092.0,70.0,2.0,139977.0,0.42641085921786726,762.0,113.0,0.0,113.0,194.0,0.0,194.0,120.0,55.0,173.0,33.0,115.0,17.0,48.0,1.0,11.0,5.0,78.0,157.0,213.0,72.0,0.0,0.0,0.0,0.0,0.0,0.0,0.0,0.0,0.0,20.0,0.0,0.0,0.0,17.0,0.0,0.0,1.0,2.0,0.0,20.0,0.0,0.0,0.0,0.0,0.0,0.0,0.0,0.0,0.0,0.0,0.0,0.0,0.0,0.0,0.0,0.0,0.0,0.0,0.0,0.0,0.0,4.0,0.0,2.0,0.0,0.0,5.0,3.0,2.0,3.0,12.0,23.0,9.0,7.0,0.0,0.0,0.0,0.0,0.0,0.0,0.0,0.0,0.0,0.0,0.0,0.0,0.0,0.0,0.0,0.0,0.0,0.0,0.0,0.0,0.0,5.0,0.0,2.0,0.0,0.0,7.0,4.0,3.0,5.0,19.0,33.0,9.0,11.0
905,1.0,905.0,London_198,,151,453,1092.0,70.0,2.0,129558.0,0.6926956090610474,739.0,44.0,2.0,42.0,89.0,16.0,73.0,166.0,62.0,184.0,28.0,108.0,16.0,41.0,1.0,13.0,5.0,79.0,159.0,210.0,60.0,0.0,0.0,0.0,0.0,0.0,0.0,0.0,0.0,0.0,5.0,0.0,0.0,0.0,4.0,0.0,1.0,0.0,0.0,0.0,5.0,0.0,0.0,0.0,0.0,0.0,0.0,0.0,0.0,0.0,0.0,0.0,0.0,0.0,0.0,1.0,0.0,0.0,0.0,0.0,0.0,2.0,0.0,0.0,0.0,1.0,0.0,1.0,3.0,0.0,1.0,4.0,6.0,2.0,4.0,0.0,0.0,0.0,0.0,0.0,0.0,0.0,0.0,0.0,0.0,0.0,0.0,0.0,0.0,9.0,0.0,0.0,0.0,0.0,0.0,2.0,0.0,0.0,0.0,1.0,0.0,1.0,3.0,0.0,1.0,8.0,6.0,3.0,6.0
906,1.0,906.0,London_198,,151,453,1092.0,70.0,2.0,150396.0,0.6372663741931319,785.0,49.0,1.0,48.0,85.0,9.0,76.0,82.0,71.0,179.0,34.0,104.0,9.0,41.0,1.0,14.0,6.0,81.0,156.0,210.0,55.0,0.0,0.0,0.0,0.0,0.0,0.0,0.0,0.0,0.0,3.0,0.0,0.0,0.0,3.0,0.0,0.0,0.0,0.0,1.0,2.0,0.0,0.0,0.0,0.0,0.0,0.0,0.0,0.0,0.0,0.0,0.0,0.0,0.0,0.0,0.0,0.0,0.0,0.0,0.0,0.0,0.0,0.0,0.0,1.0,0.0,0.0,2.0,1.0,0.0,0.0,3.0,13.0,6.0,2.0,0.0,0.0,0.0,0.0,0.0,0.0,0.0,0.0,0.0,0.0,0.0,0.0,0.0,0.0,0.0,0.0,0.0,0.0,0.0,0.0,0.0,0.0,0.0,1.0,0.0,0.0,3.0,2.0,0.0,0.0,7.0,17.0,9.0,2.0
907,1.0,907.0,London_198,,151,453,1092.0,70.0,2.0,173952.0,0.8043901699129492,837.0,19.0,0.0,19.0,29.0,0.0,29.0,75.0,64.0,190.0,34.0,104.0,7.0,40.0,1.0,13.0,8.0,85.0,152.0,208.0,59.0,0.0,0.0,0.0,0.0,0.0,0.0,0.0,0.0,0.0,7.0,0.0,0.0,1.0,5.0,0.0,1.0,0.0,0.0,0.0,7.0,0.0,0.0,0.0,0.0,0.0,0.0,0.0,0.0,0.0,0.0,0.0,0.0,0.0,0.0,0.0,0.0,0.0,0.0,0.0,0.0,1.0,0.0,0.0,0.0,0.0,0.0,0.0,0.0,0.0,0.0,3.0,5.0,1.0,0.0,0.0,0.0,0.0,0.0,0.0,0.0,0.0,0.0,0.0,0.0,0.0,0.0,0.0,0.0,0.0,0.0,0.0,0.0,0.0,0.0,2.0,0.0,0.0,0.0,0.0,0.0,0.0,0.0,0.0,0.0,5.0,6.0,1.0,0.0
908,1.0,908.0,London_198,,151,453,1092.0,70.0,2.0,207474.0,0.5500406140927225,911.0,143.0,2.0,141.0,252.0,18.0,234.0,19.0,61.0,194.0,35.0,100.0,9.0,42.0,1.0,11.0,11.0,85.0,150.0,207.0,61.0,0.0,0.0,0.0,0.0,0.0,0.0,0.0,0.0,0.0,59.0,0.0,9.0,6.0,27.0,0.0,13.0,1.0,3.0,2.0,57.0,0.0,0.0,0.0,0.0,0.0,0.0,0.0,0.0,0.0,0.0,0.0,0.0,0.0,0.0,0.0,0.0,0.0,0.0,0.0,0.0,0.0,0.0,0.0,1.0,0.0,0.0,0.0,0.0,0.0,1.0,13.0,27.0,4.0,2.0,0.0,0.0,0.0,0.0,0.0,0.0,0.0,0.0,0.0,0.0,0.0,0.0,0.0,0.0,0.0,0.0,0.0,0.0,0.0,0.0,0.0,0.0,0.0,1.0,0.0,0.0,0.0,0.0,0.0,2.0,15.0,36.0,6.0,3.0
909,1.0,909.0,London_198,,151,453,1092.0,70.0,2.0,182106.0,0.4954615670721978,855.0,139.0,2.0,137.0,263.0,18.0,245.0,142.0,60.0,193.0,38.0,101.0,12.0,36.0,3.0,10.0,8.0,82.0,157.0,206.0,60.0,0.0,0.0,0.0,0.0,0.0,0.0,0.0,0.0,0.0,52.0,0.0,11.0,7.0,27.0,1.0,5.0,0.0,1.0,2.0,50.0,0.0,0.0,0.0,0.0,0.0,0.0,0.0,0.0,0.0,0.0,0.0,0.0,0.0,0.0,1.0,0.0,0.0,0.0,0.0,0.0,1.0,0.0,0.0,0.0,0.0,0.0,0.0,3.0,0.0,2.0,17.0,25.0,6.0,4.0,0.0,0.0,0.0,0.0,0.0,0.0,0.0,0.0,0.0,0.0,0.0,0.0,0.0,0.0,1.0,0.0,0.0,0.0,0.0,0.0,1.0,0.0,0.0,0.0,0.0,0.0,0.0,6.0,0.0,2.0,22.0,38.0,10.0,7.0
910,1.0,910.0,London_198,,151,453,1092.0,70.0,2.0,160362.0,0.5846517309546471,807.0,114.0,0.0,114.0,183.0,0.0,183.0,164.0,65.0,188.0,26.0,120.0,7.0,34.0,3.0,10.0,10.0,72.0,150.0,221.0,62.0,0.0,0.0,0.0,0.0,0.0,0.0,0.0,0.0,0.0,37.0,0.0,12.0,0.0,20.0,0.0,5.0,0.0,0.0,0.0,37.0,0.0,0.0,0.0,0.0,0.0,0.0,0.0,0.0,0.0,0.0,0.0,0.0,0.0,0.0,0.0,0.0,0.0,0.0,0.0,0.0,0.0,0.0,1.0,0.0,1.0,0.0,2.0,1.0,0.0,2.0,16.0,19.0,5.0,2.0,0.0,0.0,0.0,0.0,0.0,0.0,0.0,0.0,0.0,0.0,0.0,0.0,0.0,0.0,0.0,0.0,0.0,0.0,0.0,0.0,0.0,0.0,3.0,0.0,1.0,0.0,2.0,1.0,0.0,2.0,19.0,22.0,7.0,2.0
911,1.0,911.0,London_198,,151,453,1092.0,70.0,2.0,149490.0,0.5051671208348125,783.0,72.0,0.0,72.0,130.0,0.0,130.0,132.0,67.0,180.0,26.0,115.0,12.0,41.0,3.0,9.0,8.0,68.0,142.0,235.0,67.0,0.0,0.0,0.0,0.0,0.0,0.0,0.0,0.0,0.0,23.0,0.0,6.0,2.0,13.0,0.0,1.0,1.0,0.0,0.0,23.0,0.0,0.0,0.0,0.0,0.0,0.0,0.0,0.0,0.0,0.0,0.0,0.0,0.0,0.0,0.0,0.0,0.0,0.0,0.0,0.0,0.0,0.0,0.0,0.0,1.0,0.0,0.0,1.0,1.0,3.0,3.0,20.0,6.0,3.0,0.0,0.0,0.0,0.0,0.0,0.0,0.0,0.0,0.0,0.0,0.0,0.0,0.0,0.0,0.0,0.0,0.0,0.0,0.0,0.0,0.0,0.0,0.0,0.0,1.0,0.0,0.0,1.0,1.0,3.0,3.0,30.0,6.0,3.0
912,1.0,912.0,London_198,,151,453,1092.0,70.0,2.0,154020.0,0.7933104950934649,793.0,92.0,2.0,90.0,175.0,17.0,158.0,94.0,54.0,187.0,29.0,118.0,14.0,42.0,1.0,8.0,9.0,61.0,152.0,231.0,64.0,0.0,0.0,0.0,0.0,0.0,0.0,0.0,0.0,0.0,22.0,0.0,8.0,1.0,9.0,0.0,4.0,0.0,0.0,2.0,20.0,0.0,0.0,0.0,0.0,0.0,0.0,0.0,0.0,0.0,0.0,0.0,0.0,0.0,0.0,0.0,0.0,0.0,0.0,0.0,0.0,0.0,0.0,0.0,0.0,0.0,0.0,7.0,0.0,0.0,0.0,17.0,12.0,5.0,4.0,0.0,0.0,0.0,0.0,0.0,0.0,0.0,0.0,0.0,0.0,0.0,0.0,0.0,0.0,0.0,0.0,0.0,0.0,0.0,0.0,0.0,0.0,0.0,0.0,0.0,0.0,8.0,0.0,0.0,0.0,24.0,17.0,5.0,5.0
913,1.0,913.0,London_198,,151,453,1092.0,70.0,2.0,152208.0,0.3970874990336597,789.0,99.0,0.0,99.0,179.0,0.0,179.0,126.0,57.0,180.0,22.0,130.0,13.0,38.0,2.0,11.0,11.0,68.0,156.0,218.0,55.0,0.0,0.0,0.0,0.0,0.0,0.0,0.0,0.0,0.0,22.0,0.0,3.0,3.0,13.0,0.0,1.0,0.0,2.0,0.0,22.0,0.0,0.0,0.0,0.0,0.0,0.0,0.0,0.0,0.0,0.0,0.0,0.0,0.0,0.0,0.0,0.0,0.0,0.0,0.0,0.0,0.0,2.0,0.0,0.0,2.0,0.0,3.0,1.0,1.0,3.0,21.0,24.0,3.0,3.0,0.0,0.0,0.0,0.0,0.0,0.0,0.0,0.0,0.0,0.0,0.0,0.0,0.0,0.0,0.0,0.0,0.0,0.0,0.0,0.0,0.0,3.0,0.0,0.0,2.0,0.0,4.0,2.0,1.0,4.0,29.0,32.0,3.0,4.0
914,1.0,914.0,London_198,,151,453,1092.0,70.0,2.0,136353.0,0.3289427771233022,754.0,15.0,2.0,13.0,45.0,20.0,25.0,143.0,66.0,183.0,32.0,114.0,12.0,34.0,2.0,10.0,10.0,68.0,165.0,210.0,60.0,0.0,0.0,0.0,0.0,0.0,0.0,0.0,0.0,0.0,1.0,0.0,0.0,0.0,1.0,0.0,0.0,0.0,0.0,0.0,1.0,0.0,0.0,0.0,0.0,0.0,0.0,0.0,0.0,0.0,0.0,0.0,0.0,1.0,0.0,2.0,0.0,0.0,0.0,0.0,0.0,0.0,1.0,0.0,0.0,0.0,0.0,0.0,3.0,1.0,0.0,1.0,4.0,1.0,2.0,0.0,0.0,0.0,0.0,0.0,0.0,0.0,0.0,0.0,0.0,0.0,0.0,7.0,0.0,14.0,0.0,0.0,0.0,0.0,0.0,0.0,2.0,0.0,0.0,0.0,0.0,0.0,4.0,1.0,0.0,1.0,5.0,2.0,3.0
915,1.0,915.0,London_198,,151,453,1092.0,70.0,2.0,163080.0,0.7778236949816346,813.0,95.0,2.0,93.0,177.0,15.0,162.0,44.0,63.0,189.0,35.0,119.0,11.0,28.0,0.0,8.0,9.0,71.0,163.0,210.0,56.0,0.0,0.0,0.0,0.0,0.0,0.0,0.0,0.0,0.0,27.0,0.0,5.0,1.0,12.0,1.0,2.0,1.0,5.0,2.0,25.0,0.0,0.0,0.0,0.0,0.0,0.0,0.0,0.0,0.0,0.0,0.0,0.0,0.0,0.0,0.0,0.0,0.0,0.0,0.0,0.0,0.0,0.0,0.0,0.0,3.0,0.0,3.0,2.0,3.0,3.0,14.0,18.0,9.0,2.0,0.0,0.0,0.0,0.0,0.0,0.0,0.0,0.0,0.0,0.0,0.0,0.0,0.0,0.0,0.0,0.0,0.0,0.0,0.0,0.0,0.0,0.0,0.0,0.0,3.0,0.0,4.0,2.0,3.0,7.0,17.0,30.0,11.0,3.0
916,1.0,916.0,London_198,,151,453,1092.0,70.0,2.0,150849.0,0.49793787696398795,786.0,94.0,1.0,93.0,172.0,9.0,163.0,124.0,63.0,201.0,30.0,107.0,14.0,32.0,1.0,5.0,10.0,74.0,165.0,204.0,56.0,0.0,0.0,0.0,0.0,0.0,0.0,0.0,0.0,0.0,24.0,0.0,0.0,1.0,16.0,1.0,2.0,0.0,4.0,1.0,23.0,0.0,0.0,0.0,0.0,0.0,0.0,0.0,0.0,0.0,0.0,0.0,0.0,0.0,0.0,0.0,0.0,0.0,0.0,0.0,0.0,2.0,5.0,0.0,1.0,0.0,0.0,2.0,5.0,6.0,1.0,12.0,28.0,1.0,4.0,0.0,0.0,0.0,0.0,0.0,0.0,0.0,0.0,0.0,0.0,0.0,0.0,0.0,0.0,0.0,0.0,0.0,0.0,0.0,0.0,2.0,9.0,0.0,1.0,0.0,0.0,3.0,5.0,6.0,1.0,15.0,42.0,1.0,5.0
917,1.0,917.0,London_198,,151,453,1092.0,70.0,2.0,151302.0,0.3995182311628014,787.0,160.0,1.0,159.0,288.0,8.0,280.0,121.0,62.0,193.0,27.0,108.0,18.0,38.0,1.0,6.0,12.0,68.0,171.0,202.0,53.0,0.0,0.0,0.0,0.0,0.0,0.0,0.0,0.0,0.0,38.0,0.0,3.0,6.0,24.0,0.0,3.0,0.0,2.0,0.0,38.0,0.0,0.0,0.0,0.0,0.0,0.0,0.0,0.0,0.0,0.0,0.0,0.0,0.0,0.0,1.0,0.0,0.0,0.0,0.0,0.0,2.0,2.0,0.0,0.0,6.0,1.0,3.0,6.0,4.0,2.0,27.0,32.0,7.0,7.0,0.0,0.0,0.0,0.0,0.0,0.0,0.0,0.0,0.0,0.0,0.0,0.0,0.0,0.0,7.0,0.0,0.0,0.0,0.0,0.0,2.0,2.0,0.0,0.0,7.0,2.0,5.0,7.0,5.0,3.0,36.0,48.0,7.0,10.0
918,1.0,918.0,London_198,,151,453,1092.0,70.0,2.0,102831.0,0.2808170069474727,680.0,67.0,0.0,67.0,117.0,0.0,117.0,222.0,76.0,172.0,30.0,115.0,17.0,36.0,1.0,6.0,9.0,68.0,171.0,205.0,55.0,0.0,0.0,0.0,0.0,0.0,0.0,0.0,0.0,0.0,0.0,0.0,0.0,0.0,0.0,0.0,0.0,0.0,0.0,0.0,0.0,0.0,0.0,0.0,0.0,0.0,0.0,0.0,0.0,0.0,0.0,0.0,0.0,0.0,0.0,0.0,0.0,0.0,0.0,0.0,0.0,0.0,3.0,0.0,1.0,3.0,0.0,5.0,1.0,1.0,2.0,16.0,14.0,8.0,8.0,0.0,0.0,0.0,0.0,0.0,0.0,0.0,0.0,0.0,0.0,0.0,0.0,0.0,0.0,0.0,0.0,0.0,0.0,0.0,0.0,0.0,4.0,0.0,1.0,3.0,0.0,5.0,1.0,1.0,3.0,25.0,17.0,9.0,11.0
919,1.0,919.0,London_198,,151,453,1092.0,70.0,2.0,94224.0,0.22484305617399514,661.0,49.0,2.0,47.0,105.0,19.0,86.0,117.0,82.0,164.0,27.0,117.0,17.0,36.0,2.0,8.0,8.0,70.0,176.0,199.0,58.0,0.0,0.0,0.0,0.0,0.0,0.0,0.0,0.0,0.0,0.0,0.0,0.0,0.0,0.0,0.0,0.0,0.0,0.0,0.0,0.0,0.0,0.0,0.0,0.0,0.0,0.0,0.0,0.0,0.0,0.0,0.0,0.0,0.0,0.0,1.0,1.0,1.0,0.0,0.0,0.0,1.0,2.0,1.0,0.0,1.0,0.0,8.0,3.0,3.0,6.0,7.0,14.0,6.0,1.0,0.0,0.0,0.0,0.0,0.0,0.0,0.0,0.0,0.0,0.0,0.0,0.0,0.0,0.0,8.0,2.0,8.0,0.0,0.0,0.0,1.0,4.0,1.0,0.0,1.0,0.0,13.0,4.0,6.0,6.0,14.0,22.0,8.0,2.0
920,1.0,920.0,London_198,,151,453,1092.0,70.0,2.0,110985.0,0.27667207294143736,698.0,36.0,0.0,36.0,58.0,0.0,58.0,105.0,77.0,167.0,31.0,127.0,8.0,34.0,4.0,5.0,10.0,66.0,179.0,198.0,64.0,0.0,0.0,0.0,0.0,0.0,0.0,0.0,0.0,0.0,1.0,0.0,0.0,0.0,0.0,0.0,0.0,0.0,1.0,0.0,1.0,0.0,0.0,0.0,0.0,0.0,0.0,0.0,0.0,0.0,0.0,0.0,0.0,0.0,0.0,0.0,0.0,0.0,0.0,0.0,0.0,0.0,3.0,0.0,1.0,0.0,0.0,3.0,0.0,1.0,1.0,9.0,8.0,2.0,1.0,0.0,0.0,0.0,0.0,0.0,0.0,0.0,0.0,0.0,0.0,0.0,0.0,0.0,0.0,0.0,0.0,0.0,0.0,0.0,0.0,0.0,3.0,0.0,1.0,0.0,0.0,5.0,0.0,1.0,1.0,11.0,10.0,2.0,2.0
921,1.0,921.0,London_198,,151,453,1092.0,70.0,2.0,133635.0,0.27956376085057855,748.0,9.0,0.0,9.0,13.0,0.0,13.0,57.0,71.0,157.0,36.0,132.0,6.0,40.0,5.0,6.0,7.0,63.0,193.0,190.0,59.0,0.0,0.0,0.0,0.0,0.0,0.0,0.0,0.0,0.0,1.0,0.0,0.0,0.0,1.0,0.0,0.0,0.0,0.0,0.0,1.0,0.0,0.0,0.0,0.0,0.0,0.0,0.0,0.0,0.0,0.0,0.0,0.0,0.0,0.0,0.0,0.0,0.0,0.0,0.0,0.0,0.0,0.0,0.0,0.0,1.0,0.0,0.0,0.0,1.0,0.0,1.0,3.0,0.0,0.0,0.0,0.0,0.0,0.0,0.0,0.0,0.0,0.0,0.0,0.0,0.0,0.0,0.0,0.0,0.0,0.0,0.0,0.0,0.0,0.0,0.0,0.0,0.0,0.0,1.0,0.0,0.0,0.0,1.0,0.0,1.0,3.0,0.0,0.0
922,1.0,922.0,London_198,,151,453,1092.0,70.0,2.0,178029.0,0.537473828997463,846.0,91.0,2.0,89.0,172.0,17.0,155.0,12.0,73.0,159.0,34.0,133.0,6.0,38.0,5.0,5.0,7.0,65.0,193.0,188.0,59.0,0.0,0.0,0.0,0.0,0.0,0.0,0.0,0.0,0.0,33.0,0.0,12.0,6.0,13.0,0.0,1.0,0.0,1.0,2.0,31.0,0.0,0.0,0.0,0.0,0.0,0.0,0.0,0.0,0.0,0.0,0.0,0.0,0.0,1.0,0.0,0.0,0.0,0.0,0.0,0.0,0.0,0.0,0.0,0.0,0.0,0.0,0.0,0.0,0.0,1.0,9.0,13.0,5.0,2.0,0.0,0.0,0.0,0.0,0.0,0.0,0.0,0.0,0.0,0.0,0.0,0.0,0.0,4.0,0.0,0.0,0.0,0.0,0.0,0.0,0.0,0.0,0.0,0.0,0.0,0.0,0.0,0.0,0.0,2.0,13.0,16.0,8.0,2.0
923,1.0,923.0,London_198,,151,453,1092.0,70.0,2.0,188901.0,0.8644682739395648,870.0,169.0,2.0,167.0,309.0,18.0,291.0,111.0,62.0,177.0,30.0,131.0,9.0,34.0,6.0,4.0,7.0,65.0,172.0,209.0,63.0,0.0,0.0,0.0,0.0,0.0,0.0,0.0,0.0,0.0,70.0,0.0,17.0,9.0,36.0,1.0,6.0,0.0,1.0,2.0,68.0,0.0,0.0,0.0,0.0,0.0,0.0,0.0,0.0,0.0,0.0,0.0,0.0,0.0,0.0,0.0,0.0,0.0,0.0,0.0,0.0,0.0,0.0,0.0,0.0,0.0,1.0,2.0,2.0,1.0,2.0,20.0,23.0,10.0,4.0,0.0,0.0,0.0,0.0,0.0,0.0,0.0,0.0,0.0,0.0,0.0,0.0,0.0,0.0,0.0,0.0,0.0,0.0,0.0,0.0,0.0,0.0,0.0,0.0,0.0,1.0,3.0,2.0,1.0,3.0,26.0,31.0,10.0,6.0
924,1.0,924.0,London_198,,151,453,1092.0,70.0,2.0,151302.0,0.5155278800521046,787.0,2.0,2.0,0.0,18.0,18.0,0.0,185.0,59.0,183.0,30.0,126.0,12.0,38.0,1.0,4.0,11.0,71.0,170.0,201.0,76.0,0.0,0.0,0.0,0.0,0.0,0.0,0.0,0.0,0.0,1.0,0.0,0.0,0.0,1.0,0.0,0.0,0.0,0.0,1.0,0.0,0.0,0.0,0.0,0.0,0.0,0.0,0.0,0.0,0.0,0.0,0.0,0.0,0.0,0.0,1.0,0.0,0.0,0.0,0.0,0.0,0.0,0.0,0.0,0.0,0.0,0.0,0.0,0.0,0.0,0.0,0.0,0.0,0.0,0.0,0.0,0.0,0.0,0.0,0.0,0.0,0.0,0.0,0.0,0.0,0.0,0.0,0.0,0.0,7.0,0.0,0.0,0.0,0.0,0.0,0.0,0.0,0.0,0.0,0.0,0.0,0.0,0.0,0.0,0.0,0.0,0.0,0.0,0.0
925,1.0,925.0,London_198,,151,453,1092.0,70.0,2.0,192978.0,0.5257530219387263,879.0,77.0,0.0,77.0,136.0,0.0,136.0,13.0,61.0,181.0,32.0,124.0,12.0,38.0,1.0,4.0,11.0,74.0,161.0,207.0,66.0,0.0,0.0,0.0,0.0,0.0,0.0,0.0,0.0,0.0,36.0,0.0,11.0,4.0,19.0,0.0,0.0,0.0,2.0,0.0,36.0,0.0,0.0,0.0,0.0,0.0,0.0,0.0,0.0,0.0,0.0,0.0,0.0,0.0,0.0,0.0,0.0,0.0,0.0,0.0,0.0,0.0,0.0,0.0,0.0,1.0,0.0,2.0,1.0,3.0,2.0,11.0,10.0,1.0,1.0,0.0,0.0,0.0,0.0,0.0,0.0,0.0,0.0,0.0,0.0,0.0,0.0,0.0,0.0,0.0,0.0,0.0,0.0,0.0,0.0,0.0,0.0,0.0,0.0,1.0,0.0,3.0,1.0,3.0,2.0,18.0,16.0,1.0,2.0
926,1.0,926.0,London_198,,151,453,1092.0,70.0,2.0,208380.0,0.7706541928928345,913.0,175.0,1.0,174.0,306.0,11.0,295.0,75.0,63.0,185.0,28.0,126.0,12.0,33.0,1.0,5.0,14.0,79.0,164.0,196.0,61.0,0.0,0.0,0.0,0.0,0.0,0.0,0.0,0.0,0.0,92.0,2.0,30.0,10.0,43.0,0.0,1.0,0.0,6.0,1.0,91.0,0.0,0.0,0.0,0.0,0.0,0.0,0.0,0.0,0.0,0.0,0.0,0.0,0.0,0.0,0.0,0.0,0.0,0.0,0.0,0.0,0.0,0.0,0.0,0.0,2.0,1.0,1.0,1.0,0.0,0.0,18.0,25.0,4.0,2.0,0.0,0.0,0.0,0.0,0.0,0.0,0.0,0.0,0.0,0.0,0.0,0.0,0.0,0.0,0.0,0.0,0.0,0.0,0.0,0.0,0.0,0.0,0.0,0.0,2.0,2.0,1.0,1.0,0.0,0.0,28.0,35.0,5.0,3.0
927,1.0,927.0,London_198,,151,453,1092.0,70.0,2.0,174405.0,0.44499029079452157,838.0,121.0,1.0,120.0,220.0,10.0,210.0,161.0,77.0,170.0,28.0,130.0,9.0,32.0,1.0,6.0,12.0,63.0,185.0,193.0,54.0,0.0,0.0,0.0,0.0,0.0,0.0,0.0,0.0,0.0,47.0,0.0,16.0,5.0,21.0,2.0,0.0,1.0,2.0,1.0,46.0,0.0,0.0,0.0,0.0,0.0,0.0,0.0,0.0,0.0,0.0,0.0,0.0,0.0,1.0,0.0,0.0,0.0,0.0,0.0,0.0,0.0,0.0,0.0,0.0,0.0,0.0,4.0,1.0,1.0,1.0,14.0,20.0,4.0,4.0,0.0,0.0,0.0,0.0,0.0,0.0,0.0,0.0,0.0,0.0,0.0,0.0,0.0,1.0,0.0,0.0,0.0,0.0,0.0,0.0,0.0,0.0,0.0,0.0,0.0,0.0,4.0,1.0,1.0,1.0,21.0,29.0,5.0,5.0
928,1.0,928.0,London_198,,151,453,1092.0,70.0,2.0,149490.0,0.46688788081519306,783.0,108.0,0.0,108.0,181.0,0.0,181.0,138.0,71.0,175.0,34.0,129.0,8.0,30.0,0.0,6.0,13.0,61.0,189.0,190.0,57.0,0.0,0.0,0.0,0.0,0.0,0.0,0.0,0.0,0.0,23.0,0.0,2.0,0.0,21.0,0.0,0.0,0.0,0.0,0.0,23.0,0.0,0.0,0.0,0.0,0.0,0.0,0.0,0.0,0.0,0.0,0.0,0.0,0.0,0.0,0.0,0.0,0.0,0.0,0.0,0.0,2.0,1.0,0.0,1.0,3.0,0.0,6.0,1.0,0.0,3.0,16.0,20.0,5.0,6.0,0.0,0.0,0.0,0.0,0.0,0.0,0.0,0.0,0.0,0.0,0.0,0.0,0.0,0.0,0.0,0.0,0.0,0.0,0.0,0.0,2.0,2.0,0.0,1.0,3.0,0.0,6.0,2.0,0.0,3.0,25.0,26.0,7.0,9.0
929,1.0,929.0,London_198,,151,453,1092.0,70.0,2.0,135900.0,0.47881742799654603,753.0,12.0,0.0,12.0,22.0,0.0,22.0,147.0,62.0,187.0,25.0,129.0,8.0,34.0,1.0,7.0,15.0,65.0,171.0,202.0,57.0,0.0,0.0,0.0,0.0,0.0,0.0,0.0,0.0,0.0,2.0,0.0,0.0,0.0,1.0,0.0,1.0,0.0,0.0,0.0,2.0,0.0,0.0,0.0,0.0,0.0,0.0,0.0,0.0,0.0,0.0,0.0,0.0,0.0,0.0,0.0,0.0,0.0,0.0,0.0,0.0,0.0,0.0,0.0,0.0,0.0,0.0,0.0,0.0,0.0,0.0,5.0,1.0,0.0,1.0,0.0,0.0,0.0,0.0,0.0,0.0,0.0,0.0,0.0,0.0,0.0,0.0,0.0,0.0,0.0,0.0,0.0,0.0,0.0,0.0,0.0,0.0,0.0,0.0,0.0,0.0,0.0,0.0,0.0,0.0,6.0,1.0,0.0,1.0
930,1.0,930.0,London_198,,151,453,1092.0,70.0,2.0,167610.0,0.5319956981111318,823.0,92.0,2.0,90.0,174.0,19.0,155.0,16.0,59.0,188.0,25.0,128.0,8.0,37.0,1.0,7.0,15.0,66.0,177.0,195.0,56.0,0.0,0.0,0.0,0.0,0.0,0.0,0.0,0.0,0.0,26.0,0.0,1.0,2.0,15.0,0.0,6.0,0.0,2.0,2.0,24.0,0.0,0.0,0.0,0.0,0.0,0.0,0.0,0.0,0.0,0.0,0.0,0.0,0.0,0.0,0.0,0.0,0.0,0.0,0.0,0.0,0.0,1.0,0.0,0.0,5.0,1.0,1.0,0.0,0.0,2.0,11.0,13.0,9.0,1.0,0.0,0.0,0.0,0.0,0.0,0.0,0.0,0.0,0.0,0.0,0.0,0.0,0.0,0.0,0.0,0.0,0.0,0.0,0.0,0.0,0.0,1.0,0.0,0.0,5.0,1.0,1.0,0.0,0.0,2.0,19.0,17.0,10.0,1.0
931,1.0,931.0,London_198,,151,453,1092.0,70.0,2.0,158097.0,0.5394547488540411,802.0,99.0,1.0,98.0,178.0,10.0,168.0,121.0,64.0,182.0,28.0,119.0,9.0,41.0,2.0,8.0,15.0,67.0,182.0,189.0,54.0,0.0,0.0,0.0,0.0,0.0,0.0,0.0,0.0,0.0,22.0,0.0,5.0,0.0,14.0,0.0,3.0,0.0,0.0,0.0,22.0,0.0,0.0,0.0,0.0,0.0,0.0,0.0,0.0,0.0,0.0,0.0,0.0,0.0,0.0,0.0,0.0,0.0,0.0,0.0,0.0,0.0,0.0,0.0,0.0,2.0,0.0,0.0,4.0,3.0,2.0,24.0,12.0,10.0,0.0,0.0,0.0,0.0,0.0,0.0,0.0,0.0,0.0,0.0,0.0,0.0,0.0,0.0,0.0,0.0,0.0,0.0,0.0,0.0,0.0,0.0,0.0,0.0,0.0,2.0,0.0,0.0,5.0,4.0,3.0,37.0,17.0,13.0,0.0
932,1.0,932.0,London_198,,151,453,1092.0,70.0,2.0,152661.0,0.6064864029176533,790.0,166.0,0.0,166.0,296.0,0.0,296.0,140.0,59.0,184.0,29.0,125.0,4.0,42.0,3.0,7.0,11.0,70.0,171.0,201.0,64.0,0.0,0.0,0.0,0.0,0.0,0.0,0.0,0.0,0.0,43.0,0.0,12.0,6.0,20.0,0.0,1.0,0.0,4.0,0.0,43.0,0.0,0.0,0.0,0.0,0.0,0.0,0.0,0.0,0.0,0.0,0.0,0.0,0.0,0.0,0.0,0.0,0.0,0.0,0.0,0.0,0.0,0.0,1.0,0.0,0.0,0.0,1.0,1.0,5.0,1.0,21.0,31.0,8.0,6.0,0.0,0.0,0.0,0.0,0.0,0.0,0.0,0.0,0.0,0.0,0.0,0.0,0.0,0.0,0.0,0.0,0.0,0.0,0.0,0.0,0.0,0.0,1.0,0.0,0.0,0.0,1.0,1.0,7.0,1.0,29.0,41.0,12.0,9.0
933,1.0,933.0,London_198,,151,453,1092.0,70.0,2.0,105549.0,0.24937587208114564,686.0,32.0,0.0,32.0,63.0,0.0,63.0,221.0,61.0,156.0,35.0,114.0,13.0,60.0,5.0,9.0,10.0,69.0,146.0,228.0,57.0,0.0,0.0,0.0,0.0,0.0,0.0,0.0,0.0,0.0,0.0,0.0,0.0,0.0,0.0,0.0,0.0,0.0,0.0,0.0,0.0,0.0,0.0,0.0,0.0,0.0,0.0,0.0,0.0,0.0,0.0,0.0,0.0,0.0,0.0,0.0,0.0,0.0,0.0,0.0,0.0,1.0,1.0,0.0,1.0,1.0,0.0,3.0,3.0,1.0,8.0,13.0,8.0,4.0,1.0,0.0,0.0,0.0,0.0,0.0,0.0,0.0,0.0,0.0,0.0,0.0,0.0,0.0,0.0,0.0,0.0,0.0,0.0,0.0,0.0,1.0,1.0,0.0,4.0,1.0,0.0,5.0,4.0,1.0,10.0,21.0,16.0,8.0,1.0
934,1.0,934.0,London_198,,151,453,1092.0,70.0,2.0,127746.0,0.47264715493656695,735.0,5.0,1.0,4.0,17.0,11.0,6.0,63.0,67.0,159.0,36.0,105.0,12.0,58.0,5.0,11.0,11.0,74.0,151.0,217.0,61.0,0.0,0.0,0.0,0.0,0.0,0.0,0.0,0.0,0.0,2.0,0.0,1.0,0.0,1.0,0.0,0.0,0.0,0.0,1.0,1.0,0.0,0.0,0.0,0.0,0.0,0.0,0.0,0.0,0.0,0.0,0.0,0.0,0.0,0.0,1.0,0.0,0.0,0.0,0.0,0.0,0.0,0.0,0.0,0.0,0.0,0.0,0.0,0.0,0.0,0.0,1.0,1.0,1.0,0.0,0.0,0.0,0.0,0.0,0.0,0.0,0.0,0.0,0.0,0.0,0.0,0.0,0.0,0.0,6.0,0.0,0.0,0.0,0.0,0.0,0.0,0.0,0.0,0.0,0.0,0.0,0.0,0.0,0.0,0.0,2.0,1.0,1.0,0.0
935,1.0,935.0,London_198,,151,453,1092.0,70.0,2.0,165798.0,0.7351284089963883,819.0,98.0,0.0,98.0,164.0,0.0,164.0,10.0,69.0,161.0,37.0,100.0,11.0,60.0,4.0,11.0,11.0,74.0,147.0,221.0,60.0,0.0,0.0,0.0,0.0,0.0,0.0,0.0,0.0,0.0,27.0,0.0,9.0,5.0,12.0,0.0,0.0,0.0,1.0,0.0,27.0,0.0,0.0,0.0,0.0,0.0,0.0,0.0,0.0,0.0,0.0,0.0,0.0,0.0,0.0,0.0,0.0,0.0,0.0,0.0,0.0,2.0,2.0,0.0,1.0,0.0,0.0,5.0,4.0,0.0,1.0,14.0,11.0,8.0,7.0,0.0,0.0,0.0,0.0,0.0,0.0,0.0,0.0,0.0,0.0,0.0,0.0,0.0,0.0,0.0,0.0,0.0,0.0,0.0,0.0,2.0,3.0,0.0,1.0,0.0,0.0,5.0,5.0,0.0,2.0,21.0,13.0,11.0,8.0
936,1.0,936.0,London_198,,151,453,1092.0,70.0,2.0,156738.0,0.3383816471323371,799.0,151.0,2.0,149.0,269.0,19.0,250.0,122.0,73.0,172.0,28.0,108.0,14.0,43.0,5.0,10.0,14.0,68.0,138.0,233.0,62.0,0.0,0.0,0.0,0.0,0.0,0.0,0.0,0.0,0.0,38.0,0.0,12.0,6.0,18.0,0.0,1.0,0.0,1.0,2.0,36.0,0.0,0.0,0.0,0.0,0.0,0.0,0.0,0.0,0.0,0.0,0.0,0.0,0.0,1.0,0.0,0.0,0.0,0.0,0.0,0.0,0.0,4.0,0.0,0.0,0.0,1.0,2.0,6.0,1.0,9.0,15.0,29.0,1.0,3.0,0.0,0.0,0.0,0.0,0.0,0.0,0.0,0.0,0.0,0.0,0.0,0.0,0.0,7.0,0.0,0.0,0.0,0.0,0.0,0.0,0.0,4.0,0.0,0.0,0.0,1.0,2.0,8.0,2.0,10.0,21.0,44.0,1.0,5.0
937,1.0,937.0,London_198,,151,453,1092.0,70.0,2.0,126840.0,0.4368636100552976,733.0,33.0,2.0,31.0,72.0,19.0,53.0,208.0,59.0,175.0,22.0,137.0,14.0,34.0,3.0,9.0,13.0,73.0,141.0,226.0,58.0,0.0,0.0,0.0,0.0,0.0,0.0,0.0,0.0,0.0,5.0,0.0,0.0,0.0,5.0,0.0,0.0,0.0,0.0,0.0,5.0,0.0,0.0,0.0,0.0,0.0,0.0,0.0,0.0,0.0,1.0,0.0,0.0,0.0,0.0,1.0,1.0,0.0,0.0,0.0,0.0,0.0,1.0,0.0,0.0,0.0,0.0,1.0,2.0,0.0,2.0,5.0,6.0,2.0,0.0,0.0,0.0,0.0,0.0,0.0,0.0,0.0,0.0,0.0,5.0,0.0,0.0,0.0,0.0,7.0,1.0,0.0,0.0,0.0,0.0,0.0,1.0,0.0,0.0,0.0,0.0,2.0,3.0,0.0,4.0,6.0,7.0,2.0,0.0
938,1.0,938.0,London_198,,151,453,1092.0,70.0,2.0,144960.0,0.7964057500939816,773.0,65.0,1.0,64.0,121.0,10.0,111.0,63.0,53.0,177.0,18.0,138.0,15.0,39.0,3.0,10.0,12.0,62.0,150.0,229.0,57.0,0.0,0.0,0.0,0.0,0.0,0.0,0.0,0.0,0.0,12.0,0.0,3.0,0.0,8.0,0.0,0.0,0.0,1.0,1.0,11.0,0.0,0.0,0.0,0.0,0.0,0.0,0.0,0.0,0.0,0.0,0.0,0.0,0.0,0.0,0.0,0.0,0.0,0.0,0.0,0.0,0.0,2.0,0.0,0.0,1.0,0.0,1.0,2.0,4.0,1.0,12.0,11.0,12.0,3.0,0.0,0.0,0.0,0.0,0.0,0.0,0.0,0.0,0.0,0.0,0.0,0.0,0.0,0.0,0.0,0.0,0.0,0.0,0.0,0.0,0.0,3.0,0.0,0.0,1.0,0.0,1.0,4.0,6.0,1.0,20.0,16.0,14.0,6.0
939,1.0,939.0,London_198,,151,453,1092.0,70.0,2.0,159909.0,0.7090706559829414,806.0,71.0,0.0,71.0,124.0,0.0,124.0,98.0,43.0,183.0,27.0,136.0,13.0,38.0,4.0,9.0,12.0,60.0,150.0,231.0,62.0,0.0,0.0,0.0,0.0,0.0,0.0,0.0,0.0,0.0,19.0,0.0,6.0,2.0,9.0,0.0,2.0,0.0,0.0,0.0,19.0,0.0,0.0,0.0,0.0,0.0,0.0,0.0,0.0,0.0,0.0,0.0,0.0,0.0,0.0,0.0,0.0,0.0,0.0,0.0,0.0,0.0,0.0,0.0,0.0,0.0,0.0,3.0,3.0,1.0,3.0,9.0,11.0,8.0,4.0,0.0,0.0,0.0,0.0,0.0,0.0,0.0,0.0,0.0,0.0,0.0,0.0,0.0,0.0,0.0,0.0,0.0,0.0,0.0,0.0,0.0,0.0,0.0,0.0,0.0,0.0,4.0,4.0,1.0,3.0,12.0,18.0,10.0,4.0
940,1.0,940.0,London_198,,151,453,1092.0,70.0,2.0,165345.0,0.34988516103476286,818.0,91.0,0.0,91.0,158.0,0.0,158.0,88.0,45.0,180.0,31.0,132.0,14.0,42.0,2.0,7.0,13.0,65.0,147.0,228.0,66.0,0.0,0.0,0.0,0.0,0.0,0.0,0.0,0.0,0.0,30.0,0.0,4.0,5.0,15.0,0.0,3.0,2.0,1.0,0.0,30.0,0.0,0.0,0.0,0.0,0.0,0.0,0.0,0.0,0.0,0.0,0.0,0.0,0.0,0.0,0.0,0.0,0.0,0.0,0.0,0.0,0.0,1.0,1.0,0.0,0.0,0.0,1.0,2.0,0.0,3.0,12.0,21.0,6.0,1.0,0.0,0.0,0.0,0.0,0.0,0.0,0.0,0.0,0.0,0.0,0.0,0.0,0.0,0.0,0.0,0.0,0.0,0.0,0.0,0.0,0.0,2.0,1.0,0.0,0.0,0.0,2.0,2.0,0.0,3.0,22.0,27.0,7.0,1.0
941,1.0,941.0,London_198,,151,453,1092.0,70.0,2.0,156285.0,0.5863679780159146,798.0,81.0,0.0,81.0,137.0,0.0,137.0,114.0,47.0,186.0,32.0,125.0,11.0,45.0,1.0,6.0,9.0,70.0,149.0,225.0,59.0,0.0,0.0,0.0,0.0,0.0,0.0,0.0,0.0,0.0,23.0,0.0,0.0,3.0,13.0,0.0,3.0,0.0,4.0,0.0,23.0,0.0,0.0,0.0,0.0,0.0,0.0,0.0,0.0,0.0,0.0,0.0,0.0,0.0,0.0,0.0,0.0,0.0,0.0,0.0,0.0,0.0,1.0,1.0,0.0,1.0,0.0,0.0,0.0,2.0,0.0,15.0,9.0,6.0,5.0,0.0,0.0,0.0,0.0,0.0,0.0,0.0,0.0,0.0,0.0,0.0,0.0,0.0,0.0,0.0,0.0,0.0,0.0,0.0,0.0,0.0,1.0,1.0,0.0,1.0,0.0,0.0,0.0,2.0,0.0,21.0,14.0,8.0,7.0
942,1.0,942.0,London_198,,151,453,1092.0,70.0,2.0,159003.0,0.8241968110669404,804.0,110.0,1.0,109.0,208.0,10.0,198.0,103.0,58.0,176.0,34.0,119.0,11.0,46.0,2.0,7.0,10.0,72.0,155.0,216.0,60.0,0.0,0.0,0.0,0.0,0.0,0.0,0.0,0.0,0.0,26.0,0.0,3.0,2.0,16.0,1.0,3.0,0.0,1.0,1.0,25.0,0.0,0.0,0.0,0.0,0.0,0.0,0.0,0.0,0.0,0.0,0.0,0.0,0.0,0.0,1.0,0.0,0.0,0.0,0.0,0.0,1.0,1.0,1.0,0.0,4.0,0.0,4.0,1.0,4.0,1.0,19.0,30.0,10.0,3.0,0.0,0.0,0.0,0.0,0.0,0.0,0.0,0.0,0.0,0.0,0.0,0.0,0.0,0.0,2.0,0.0,0.0,0.0,0.0,0.0,1.0,1.0,1.0,0.0,4.0,0.0,5.0,2.0,6.0,1.0,28.0,47.0,15.0,6.0
943,1.0,943.0,London_198,,151,453,1092.0,70.0,2.0,139524.0,0.3398801900912076,761.0,89.0,2.0,87.0,158.0,19.0,139.0,159.0,58.0,182.0,34.0,125.0,7.0,37.0,5.0,5.0,11.0,62.0,158.0,222.0,62.0,0.0,0.0,0.0,0.0,0.0,0.0,0.0,0.0,0.0,20.0,0.0,0.0,0.0,12.0,2.0,4.0,0.0,2.0,2.0,18.0,0.0,0.0,0.0,0.0,0.0,0.0,0.0,0.0,0.0,0.0,0.0,0.0,0.0,0.0,0.0,0.0,0.0,0.0,0.0,0.0,0.0,3.0,1.0,0.0,0.0,1.0,7.0,1.0,3.0,1.0,12.0,20.0,3.0,2.0,0.0,0.0,0.0,0.0,0.0,0.0,0.0,0.0,0.0,0.0,0.0,0.0,0.0,0.0,0.0,0.0,0.0,0.0,0.0,0.0,0.0,3.0,1.0,0.0,0.0,2.0,8.0,1.0,4.0,2.0,13.0,29.0,3.0,2.0
944,1.0,944.0,London_198,,151,453,1092.0,70.0,2.0,134541.0,0.6763442980591208,750.0,74.0,2.0,72.0,151.0,18.0,133.0,115.0,64.0,173.0,31.0,125.0,14.0,36.0,6.0,4.0,9.0,66.0,158.0,220.0,60.0,0.0,0.0,0.0,0.0,0.0,0.0,0.0,0.0,0.0,15.0,0.0,0.0,0.0,11.0,0.0,3.0,0.0,1.0,1.0,14.0,0.0,0.0,0.0,0.0,0.0,0.0,0.0,0.0,0.0,0.0,0.0,0.0,0.0,0.0,0.0,0.0,0.0,0.0,0.0,0.0,0.0,3.0,0.0,0.0,0.0,1.0,4.0,2.0,2.0,2.0,11.0,19.0,4.0,2.0,0.0,0.0,0.0,0.0,0.0,0.0,0.0,0.0,0.0,0.0,0.0,0.0,0.0,0.0,0.0,0.0,0.0,0.0,0.0,0.0,0.0,5.0,0.0,0.0,0.0,3.0,5.0,2.0,2.0,2.0,13.0,34.0,4.0,2.0
945,1.0,945.0,London_198,,151,453,1092.0,70.0,2.0,137712.0,0.4887064229696989,757.0,121.0,0.0,121.0,219.0,0.0,219.0,122.0,61.0,164.0,33.0,128.0,17.0,39.0,7.0,4.0,6.0,65.0,167.0,215.0,59.0,0.0,0.0,0.0,0.0,0.0,0.0,0.0,0.0,0.0,24.0,0.0,0.0,0.0,19.0,1.0,1.0,0.0,3.0,0.0,24.0,0.0,0.0,0.0,0.0,0.0,0.0,0.0,0.0,0.0,0.0,0.0,0.0,0.0,0.0,0.0,0.0,0.0,0.0,0.0,0.0,3.0,6.0,1.0,0.0,3.0,0.0,9.0,2.0,0.0,7.0,21.0,21.0,10.0,2.0,0.0,0.0,0.0,0.0,0.0,0.0,0.0,0.0,0.0,0.0,0.0,0.0,0.0,0.0,0.0,0.0,0.0,0.0,0.0,0.0,3.0,8.0,1.0,0.0,3.0,0.0,15.0,2.0,0.0,9.0,35.0,28.0,15.0,2.0
946,1.0,946.0,London_198,,151,453,1092.0,70.0,2.0,120045.0,0.292463269084692,718.0,26.0,0.0,26.0,45.0,0.0,45.0,179.0,63.0,158.0,25.0,136.0,17.0,42.0,4.0,8.0,8.0,80.0,166.0,199.0,71.0,0.0,0.0,0.0,0.0,0.0,0.0,0.0,0.0,0.0,1.0,0.0,0.0,0.0,1.0,0.0,0.0,0.0,0.0,0.0,1.0,0.0,0.0,0.0,0.0,0.0,0.0,0.0,0.0,0.0,0.0,0.0,0.0,0.0,0.0,0.0,0.0,0.0,0.0,0.0,0.0,0.0,1.0,0.0,1.0,0.0,0.0,1.0,3.0,0.0,0.0,3.0,9.0,2.0,0.0,0.0,0.0,0.0,0.0,0.0,0.0,0.0,0.0,0.0,0.0,0.0,0.0,0.0,0.0,0.0,0.0,0.0,0.0,0.0,0.0,0.0,2.0,0.0,2.0,0.0,0.0,1.0,5.0,0.0,0.0,6.0,15.0,2.0,0.0
947,1.0,947.0,London_198,,151,453,1092.0,70.0,2.0,145413.0,0.6105335450265557,774.0,84.0,2.0,82.0,162.0,16.0,146.0,44.0,57.0,164.0,27.0,130.0,19.0,44.0,4.0,8.0,8.0,80.0,172.0,193.0,68.0,0.0,0.0,0.0,0.0,0.0,0.0,0.0,0.0,0.0,17.0,0.0,1.0,1.0,13.0,0.0,0.0,0.0,2.0,0.0,17.0,0.0,0.0,0.0,0.0,0.0,0.0,0.0,0.0,0.0,0.0,0.0,0.0,0.0,0.0,1.0,0.0,0.0,0.0,0.0,0.0,2.0,1.0,0.0,1.0,2.0,0.0,1.0,1.0,2.0,4.0,14.0,11.0,7.0,2.0,0.0,0.0,0.0,0.0,0.0,0.0,0.0,0.0,0.0,0.0,0.0,0.0,0.0,0.0,9.0,0.0,0.0,0.0,0.0,0.0,2.0,2.0,0.0,1.0,2.0,0.0,1.0,1.0,2.0,5.0,21.0,16.0,8.0,2.0
948,1.0,948.0,London_198,,151,453,1092.0,70.0,2.0,150396.0,0.3318190190475434,785.0,58.0,1.0,57.0,107.0,9.0,98.0,137.0,60.0,157.0,30.0,132.0,19.0,43.0,3.0,9.0,6.0,89.0,171.0,187.0,70.0,0.0,0.0,0.0,0.0,0.0,0.0,0.0,0.0,0.0,12.0,0.0,2.0,0.0,8.0,0.0,0.0,0.0,2.0,1.0,11.0,0.0,0.0,0.0,0.0,0.0,0.0,0.0,0.0,0.0,0.0,0.0,0.0,0.0,0.0,0.0,0.0,0.0,0.0,0.0,0.0,0.0,1.0,0.0,0.0,0.0,0.0,0.0,2.0,0.0,3.0,7.0,12.0,3.0,2.0,0.0,0.0,0.0,0.0,0.0,0.0,0.0,0.0,0.0,0.0,0.0,0.0,0.0,0.0,0.0,0.0,0.0,0.0,0.0,0.0,0.0,1.0,0.0,0.0,0.0,0.0,0.0,3.0,0.0,3.0,13.0,15.0,3.0,5.0
949,1.0,949.0,London_198,,151,453,1092.0,70.0,2.0,171234.0,0.579534264979884,831.0,73.0,0.0,73.0,124.0,0.0,124.0,82.0,63.0,169.0,34.0,120.0,15.0,40.0,2.0,10.0,9.0,82.0,167.0,195.0,69.0,0.0,0.0,0.0,0.0,0.0,0.0,0.0,0.0,0.0,24.0,0.0,5.0,3.0,11.0,0.0,1.0,0.0,4.0,0.0,24.0,0.0,0.0,0.0,0.0,0.0,0.0,0.0,0.0,0.0,0.0,0.0,0.0,0.0,0.0,0.0,0.0,0.0,0.0,0.0,0.0,0.0,1.0,2.0,0.0,1.0,0.0,1.0,1.0,0.0,1.0,11.0,18.0,3.0,3.0,0.0,0.0,0.0,0.0,0.0,0.0,0.0,0.0,0.0,0.0,0.0,0.0,0.0,0.0,0.0,0.0,0.0,0.0,0.0,0.0,0.0,2.0,2.0,0.0,1.0,0.0,1.0,1.0,0.0,3.0,17.0,27.0,3.0,7.0
950,1.0,950.0,London_198,,151,453,1092.0,70.0,2.0,183918.0,0.6023574229329824,859.0,136.0,2.0,134.0,266.0,18.0,248.0,87.0,65.0,154.0,30.0,128.0,15.0,47.0,3.0,11.0,12.0,78.0,166.0,197.0,62.0,0.0,0.0,0.0,0.0,0.0,0.0,0.0,0.0,0.0,51.0,0.0,13.0,3.0,31.0,0.0,2.0,0.0,2.0,2.0,49.0,0.0,0.0,0.0,0.0,0.0,0.0,0.0,0.0,0.0,0.0,0.0,0.0,0.0,0.0,0.0,0.0,0.0,0.0,0.0,0.0,1.0,0.0,0.0,0.0,1.0,0.0,2.0,0.0,4.0,2.0,14.0,13.0,8.0,3.0,0.0,0.0,0.0,0.0,0.0,0.0,0.0,0.0,0.0,0.0,0.0,0.0,0.0,0.0,0.0,0.0,0.0,0.0,0.0,0.0,1.0,0.0,0.0,0.0,1.0,0.0,2.0,0.0,5.0,2.0,25.0,15.0,11.0,4.0
951,1.0,951.0,London_198,,151,453,1092.0,70.0,2.0,163533.0,0.4558347628917545,814.0,77.0,2.0,75.0,137.0,18.0,119.0,165.0,56.0,168.0,38.0,129.0,8.0,40.0,2.0,12.0,15.0,81.0,155.0,202.0,62.0,0.0,0.0,0.0,0.0,0.0,0.0,0.0,0.0,0.0,25.0,0.0,5.0,0.0,18.0,1.0,0.0,1.0,0.0,2.0,23.0,0.0,0.0,0.0,0.0,0.0,0.0,0.0,0.0,0.0,0.0,0.0,0.0,0.0,1.0,0.0,0.0,0.0,0.0,0.0,0.0,1.0,0.0,0.0,0.0,2.0,0.0,2.0,0.0,2.0,2.0,9.0,13.0,3.0,6.0,0.0,0.0,0.0,0.0,0.0,0.0,0.0,0.0,0.0,0.0,0.0,0.0,0.0,1.0,0.0,0.0,0.0,0.0,0.0,0.0,1.0,0.0,0.0,0.0,2.0,0.0,2.0,0.0,3.0,2.0,13.0,18.0,3.0,7.0
952,1.0,952.0,London_198,,151,453,1092.0,70.0,2.0,166251.0,0.6795892140362412,820.0,103.0,0.0,103.0,167.0,0.0,167.0,85.0,44.0,174.0,34.0,143.0,5.0,40.0,2.0,11.0,13.0,79.0,143.0,218.0,55.0,0.0,0.0,0.0,0.0,0.0,0.0,0.0,0.0,0.0,31.0,1.0,7.0,2.0,12.0,1.0,5.0,0.0,3.0,0.0,31.0,0.0,0.0,0.0,0.0,0.0,0.0,0.0,0.0,0.0,0.0,0.0,0.0,0.0,0.0,0.0,0.0,0.0,0.0,0.0,0.0,0.0,0.0,0.0,0.0,5.0,0.0,1.0,4.0,1.0,2.0,11.0,16.0,5.0,0.0,0.0,0.0,0.0,0.0,0.0,0.0,0.0,0.0,0.0,0.0,0.0,0.0,0.0,0.0,0.0,0.0,0.0,0.0,0.0,0.0,0.0,0.0,0.0,0.0,6.0,0.0,1.0,6.0,1.0,2.0,15.0,21.0,7.0,0.0
953,1.0,953.0,London_198,,151,453,1092.0,70.0,2.0,149943.0,0.45183631498366594,784.0,96.0,0.0,96.0,166.0,0.0,166.0,116.0,54.0,159.0,33.0,143.0,9.0,45.0,2.0,8.0,15.0,73.0,141.0,224.0,60.0,0.0,0.0,0.0,0.0,0.0,0.0,0.0,0.0,0.0,19.0,0.0,4.0,0.0,11.0,1.0,0.0,0.0,3.0,0.0,19.0,0.0,0.0,0.0,0.0,0.0,0.0,0.0,0.0,0.0,0.0,0.0,0.0,0.0,0.0,0.0,0.0,0.0,0.0,0.0,0.0,1.0,0.0,0.0,0.0,2.0,0.0,1.0,3.0,2.0,4.0,20.0,17.0,8.0,3.0,0.0,0.0,0.0,0.0,0.0,0.0,0.0,0.0,0.0,0.0,0.0,0.0,0.0,0.0,0.0,0.0,0.0,0.0,0.0,0.0,1.0,0.0,0.0,0.0,2.0,0.0,1.0,3.0,2.0,5.0,33.0,27.0,10.0,5.0
954,1.0,954.0,London_198,,151,453,1092.0,70.0,2.0,141336.0,0.2723636149894446,765.0,66.0,2.0,64.0,125.0,17.0,108.0,136.0,63.0,170.0,26.0,125.0,11.0,45.0,3.0,10.0,11.0,67.0,136.0,239.0,66.0,0.0,0.0,0.0,0.0,0.0,0.0,0.0,0.0,0.0,19.0,0.0,1.0,0.0,13.0,0.0,4.0,1.0,0.0,2.0,17.0,0.0,0.0,0.0,0.0,0.0,0.0,0.0,0.0,0.0,0.0,0.0,0.0,0.0,0.0,0.0,0.0,0.0,0.0,0.0,0.0,0.0,0.0,0.0,0.0,0.0,0.0,0.0,0.0,0.0,5.0,8.0,14.0,6.0,3.0,0.0,0.0,0.0,0.0,0.0,0.0,0.0,0.0,0.0,0.0,0.0,0.0,0.0,0.0,0.0,0.0,0.0,0.0,0.0,0.0,0.0,0.0,0.0,0.0,0.0,0.0,0.0,0.0,0.0,10.0,9.0,25.0,7.0,7.0
955,1.0,955.0,London_198,,151,453,1092.0,70.0,2.0,151755.0,0.553360101999715,788.0,114.0,0.0,114.0,213.0,0.0,213.0,82.0,65.0,178.0,25.0,116.0,10.0,45.0,2.0,12.0,12.0,68.0,131.0,242.0,67.0,0.0,0.0,0.0,0.0,0.0,0.0,0.0,0.0,0.0,24.0,0.0,5.0,0.0,13.0,1.0,3.0,0.0,2.0,0.0,24.0,0.0,0.0,0.0,0.0,0.0,0.0,0.0,0.0,0.0,0.0,0.0,0.0,0.0,0.0,0.0,0.0,0.0,0.0,0.0,0.0,0.0,0.0,0.0,0.0,1.0,0.0,1.0,1.0,1.0,3.0,19.0,26.0,10.0,3.0,0.0,0.0,0.0,0.0,0.0,0.0,0.0,0.0,0.0,0.0,0.0,0.0,0.0,0.0,0.0,0.0,0.0,0.0,0.0,0.0,0.0,0.0,0.0,0.0,1.0,0.0,2.0,1.0,1.0,3.0,36.0,41.0,13.0,7.0
956,1.0,956.0,London_198,,151,453,1092.0,70.0,2.0,140883.0,0.2959250349085778,764.0,70.0,2.0,68.0,138.0,20.0,118.0,174.0,72.0,154.0,38.0,123.0,9.0,41.0,1.0,15.0,9.0,79.0,125.0,240.0,64.0,0.0,0.0,0.0,0.0,0.0,0.0,0.0,0.0,0.0,8.0,0.0,2.0,0.0,5.0,0.0,0.0,0.0,1.0,1.0,7.0,0.0,0.0,0.0,0.0,0.0,0.0,0.0,0.0,0.0,0.0,0.0,0.0,0.0,0.0,2.0,0.0,0.0,0.0,0.0,0.0,0.0,1.0,0.0,0.0,3.0,0.0,4.0,2.0,1.0,4.0,8.0,17.0,2.0,5.0,0.0,0.0,0.0,0.0,0.0,0.0,0.0,0.0,0.0,0.0,0.0,0.0,0.0,0.0,11.0,0.0,0.0,0.0,0.0,0.0,0.0,2.0,0.0,0.0,3.0,0.0,6.0,2.0,1.0,7.0,14.0,24.0,2.0,7.0
957,1.0,957.0,London_198,,151,453,1092.0,70.0,2.0,141336.0,0.9614889230579138,765.0,141.0,2.0,139.0,241.0,15.0,226.0,117.0,71.0,148.0,34.0,134.0,10.0,40.0,4.0,12.0,7.0,76.0,142.0,228.0,62.0,0.0,0.0,0.0,0.0,0.0,0.0,0.0,0.0,0.0,21.0,0.0,3.0,0.0,16.0,0.0,0.0,0.0,2.0,2.0,19.0,0.0,0.0,0.0,0.0,0.0,0.0,0.0,0.0,0.0,0.0,0.0,0.0,0.0,0.0,0.0,1.0,0.0,0.0,0.0,0.0,1.0,0.0,0.0,0.0,3.0,1.0,4.0,1.0,1.0,14.0,23.0,28.0,8.0,10.0,0.0,0.0,0.0,0.0,0.0,0.0,0.0,0.0,0.0,0.0,0.0,0.0,0.0,0.0,0.0,3.0,0.0,0.0,0.0,0.0,1.0,0.0,0.0,0.0,3.0,1.0,6.0,2.0,1.0,25.0,36.0,34.0,12.0,15.0
958,1.0,958.0,London_198,,151,453,1092.0,70.0,2.0,106908.0,0.2668392339255661,689.0,2.0,1.0,1.0,11.0,9.0,2.0,198.0,57.0,172.0,29.0,123.0,14.0,49.0,3.0,6.0,9.0,76.0,139.0,229.0,57.0,0.0,0.0,0.0,0.0,0.0,0.0,0.0,0.0,0.0,1.0,0.0,0.0,0.0,0.0,0.0,1.0,0.0,0.0,1.0,0.0,0.0,0.0,0.0,0.0,0.0,0.0,0.0,0.0,0.0,1.0,0.0,0.0,1.0,0.0,0.0,1.0,0.0,0.0,0.0,0.0,0.0,0.0,1.0,0.0,0.0,0.0,0.0,0.0,0.0,0.0,0.0,1.0,0.0,1.0,0.0,0.0,0.0,0.0,0.0,0.0,0.0,0.0,0.0,3.0,0.0,0.0,5.0,0.0,0.0,1.0,0.0,0.0,0.0,0.0,0.0,0.0,1.0,0.0,0.0,0.0,0.0,0.0,0.0,0.0,0.0,1.0,0.0,2.0
959,1.0,959.0,London_198,,151,453,1092.0,70.0,2.0,145866.0,0.4512748159468174,775.0,20.0,1.0,19.0,40.0,8.0,32.0,7.0,59.0,174.0,29.0,125.0,15.0,43.0,3.0,5.0,9.0,78.0,135.0,231.0,57.0,0.0,0.0,0.0,0.0,0.0,0.0,0.0,0.0,0.0,3.0,0.0,1.0,0.0,2.0,0.0,0.0,0.0,0.0,0.0,3.0,0.0,0.0,0.0,0.0,0.0,0.0,0.0,0.0,0.0,0.0,0.0,0.0,0.0,0.0,1.0,0.0,0.0,0.0,0.0,0.0,0.0,0.0,0.0,0.0,0.0,0.0,0.0,0.0,0.0,1.0,2.0,6.0,4.0,1.0,0.0,0.0,0.0,0.0,0.0,0.0,0.0,0.0,0.0,0.0,0.0,0.0,0.0,0.0,6.0,0.0,0.0,0.0,0.0,0.0,0.0,0.0,0.0,0.0,0.0,0.0,0.0,0.0,0.0,1.0,2.0,9.0,5.0,1.0
960,1.0,960.0,London_198,,151,453,1092.0,70.0,2.0,177123.0,0.8461258409079164,844.0,124.0,0.0,124.0,214.0,0.0,214.0,34.0,55.0,170.0,32.0,130.0,16.0,42.0,3.0,5.0,5.0,78.0,137.0,233.0,48.0,0.0,0.0,0.0,0.0,0.0,0.0,0.0,0.0,0.0,51.0,0.0,17.0,3.0,20.0,3.0,6.0,0.0,2.0,0.0,51.0,0.0,0.0,0.0,0.0,0.0,0.0,0.0,0.0,0.0,0.0,0.0,0.0,0.0,0.0,0.0,0.0,0.0,0.0,0.0,0.0,2.0,0.0,1.0,0.0,1.0,0.0,2.0,4.0,0.0,8.0,9.0,21.0,4.0,0.0,0.0,0.0,0.0,0.0,0.0,0.0,0.0,0.0,0.0,0.0,0.0,0.0,0.0,0.0,0.0,0.0,0.0,0.0,0.0,0.0,2.0,0.0,3.0,0.0,1.0,0.0,2.0,4.0,0.0,8.0,11.0,27.0,5.0,0.0
961,1.0,961.0,London_198,,151,453,1092.0,70.0,2.0,159909.0,0.40500404103659093,806.0,108.0,2.0,106.0,200.0,19.0,181.0,130.0,66.0,180.0,33.0,122.0,14.0,32.0,1.0,5.0,5.0,77.0,143.0,228.0,49.0,0.0,0.0,0.0,0.0,0.0,0.0,0.0,0.0,0.0,30.0,0.0,4.0,1.0,16.0,1.0,4.0,0.0,4.0,2.0,28.0,0.0,0.0,0.0,0.0,0.0,0.0,0.0,0.0,0.0,0.0,0.0,0.0,0.0,0.0,0.0,0.0,0.0,0.0,0.0,0.0,0.0,0.0,1.0,0.0,1.0,0.0,0.0,3.0,0.0,5.0,13.0,21.0,7.0,2.0,0.0,0.0,0.0,0.0,0.0,0.0,0.0,0.0,0.0,0.0,0.0,0.0,0.0,0.0,0.0,0.0,0.0,0.0,0.0,0.0,0.0,0.0,1.0,0.0,1.0,0.0,0.0,4.0,0.0,5.0,18.0,31.0,9.0,4.0
962,1.0,962.0,London_198,,151,453,1092.0,70.0,2.0,145866.0,0.8037691609933972,775.0,111.0,0.0,111.0,198.0,0.0,198.0,140.0,61.0,178.0,37.0,117.0,13.0,35.0,5.0,7.0,7.0,72.0,155.0,219.0,57.0,0.0,0.0,0.0,0.0,0.0,0.0,0.0,0.0,0.0,21.0,0.0,0.0,2.0,15.0,0.0,1.0,0.0,3.0,0.0,21.0,0.0,0.0,0.0,0.0,0.0,0.0,0.0,0.0,0.0,0.0,0.0,0.0,0.0,0.0,0.0,0.0,0.0,0.0,0.0,0.0,1.0,7.0,0.0,0.0,0.0,0.0,2.0,5.0,1.0,1.0,16.0,27.0,10.0,5.0,0.0,0.0,0.0,0.0,0.0,0.0,0.0,0.0,0.0,0.0,0.0,0.0,0.0,0.0,0.0,0.0,0.0,0.0,0.0,0.0,1.0,7.0,0.0,0.0,0.0,0.0,2.0,6.0,1.0,2.0,22.0,40.0,11.0,6.0
963,1.0,963.0,London_198,,151,453,1092.0,70.0,2.0,119592.0,0.2729526881594211,717.0,30.0,0.0,30.0,67.0,0.0,67.0,159.0,72.0,175.0,32.0,111.0,12.0,39.0,5.0,7.0,8.0,76.0,128.0,241.0,49.0,0.0,0.0,0.0,0.0,0.0,0.0,0.0,0.0,0.0,1.0,0.0,0.0,0.0,1.0,0.0,0.0,0.0,0.0,0.0,1.0,0.0,0.0,0.0,0.0,0.0,0.0,0.0,0.0,0.0,0.0,0.0,0.0,0.0,0.0,0.0,0.0,0.0,0.0,0.0,0.0,0.0,1.0,0.0,0.0,0.0,0.0,3.0,0.0,1.0,4.0,4.0,6.0,4.0,2.0,0.0,0.0,0.0,0.0,0.0,0.0,0.0,0.0,0.0,0.0,0.0,0.0,0.0,0.0,0.0,0.0,0.0,0.0,0.0,0.0,0.0,1.0,0.0,0.0,0.0,0.0,4.0,0.0,1.0,5.0,6.0,10.0,7.0,3.0
964,1.0,964.0,London_198,,151,453,1092.0,70.0,2.0,135447.0,0.31522122700698674,752.0,65.0,2.0,63.0,128.0,17.0,111.0,63.0,62.0,176.0,32.0,117.0,13.0,38.0,6.0,9.0,8.0,74.0,137.0,234.0,54.0,0.0,0.0,0.0,0.0,0.0,0.0,0.0,0.0,0.0,9.0,0.0,0.0,0.0,5.0,0.0,1.0,0.0,3.0,1.0,8.0,0.0,0.0,0.0,0.0,0.0,0.0,0.0,0.0,0.0,0.0,0.0,0.0,0.0,1.0,0.0,1.0,0.0,0.0,0.0,0.0,0.0,0.0,0.0,0.0,2.0,0.0,6.0,2.0,0.0,1.0,13.0,13.0,4.0,3.0,0.0,0.0,0.0,0.0,0.0,0.0,0.0,0.0,0.0,0.0,0.0,0.0,0.0,6.0,0.0,1.0,0.0,0.0,0.0,0.0,0.0,0.0,0.0,0.0,2.0,0.0,8.0,2.0,0.0,1.0,20.0,15.0,4.0,7.0
965,1.0,965.0,London_198,,151,453,1092.0,70.0,2.0,143148.0,0.5128162270411849,769.0,113.0,2.0,111.0,216.0,18.0,198.0,108.0,56.0,185.0,28.0,123.0,12.0,35.0,5.0,9.0,11.0,79.0,137.0,226.0,56.0,0.0,0.0,0.0,0.0,0.0,0.0,0.0,0.0,0.0,23.0,0.0,0.0,0.0,18.0,0.0,2.0,0.0,3.0,2.0,21.0,0.0,0.0,0.0,0.0,0.0,0.0,0.0,0.0,0.0,0.0,0.0,0.0,0.0,0.0,0.0,0.0,0.0,0.0,0.0,0.0,1.0,2.0,0.0,0.0,0.0,0.0,6.0,2.0,3.0,8.0,17.0,20.0,8.0,2.0,0.0,0.0,0.0,0.0,0.0,0.0,0.0,0.0,0.0,0.0,0.0,0.0,0.0,0.0,0.0,0.0,0.0,0.0,0.0,0.0,1.0,2.0,0.0,0.0,0.0,0.0,6.0,2.0,3.0,11.0,26.0,33.0,11.0,2.0
966,1.0,966.0,London_198,,151,453,1092.0,70.0,2.0,134541.0,0.4009075060021132,750.0,53.0,2.0,51.0,106.0,18.0,88.0,167.0,53.0,179.0,23.0,124.0,14.0,45.0,3.0,12.0,13.0,81.0,138.0,221.0,60.0,0.0,0.0,0.0,0.0,0.0,0.0,0.0,0.0,0.0,7.0,0.0,0.0,0.0,6.0,0.0,0.0,0.0,1.0,1.0,6.0,0.0,0.0,0.0,0.0,0.0,0.0,0.0,0.0,0.0,0.0,0.0,0.0,0.0,0.0,1.0,0.0,0.0,0.0,0.0,0.0,1.0,0.0,0.0,0.0,0.0,0.0,1.0,3.0,1.0,1.0,12.0,11.0,5.0,1.0,0.0,0.0,0.0,0.0,0.0,0.0,0.0,0.0,0.0,0.0,0.0,0.0,0.0,0.0,6.0,0.0,0.0,0.0,0.0,0.0,1.0,0.0,0.0,0.0,0.0,0.0,2.0,4.0,2.0,1.0,18.0,15.0,6.0,2.0
967,1.0,967.0,London_198,,151,453,1092.0,70.0,2.0,148584.0,0.46316257305443287,781.0,142.0,0.0,142.0,255.0,0.0,255.0,91.0,56.0,171.0,24.0,130.0,17.0,40.0,3.0,12.0,9.0,69.0,148.0,227.0,48.0,0.0,0.0,0.0,0.0,0.0,0.0,0.0,0.0,0.0,32.0,0.0,1.0,5.0,22.0,0.0,0.0,0.0,4.0,0.0,32.0,0.0,0.0,0.0,0.0,0.0,0.0,0.0,0.0,0.0,0.0,0.0,0.0,0.0,0.0,0.0,0.0,0.0,0.0,0.0,0.0,1.0,2.0,0.0,0.0,0.0,0.0,13.0,3.0,4.0,5.0,20.0,27.0,8.0,5.0,0.0,0.0,0.0,0.0,0.0,0.0,0.0,0.0,0.0,0.0,0.0,0.0,0.0,0.0,0.0,0.0,0.0,0.0,0.0,0.0,1.0,2.0,0.0,0.0,0.0,0.0,16.0,3.0,6.0,7.0,31.0,41.0,10.0,7.0
968,1.0,968.0,London_198,,151,453,1092.0,70.0,2.0,117780.0,0.6496801569592208,713.0,19.0,1.0,18.0,44.0,11.0,33.0,194.0,64.0,160.0,23.0,138.0,17.0,37.0,3.0,11.0,12.0,80.0,151.0,210.0,64.0,0.0,0.0,0.0,0.0,0.0,0.0,0.0,0.0,0.0,2.0,0.0,0.0,0.0,2.0,0.0,0.0,0.0,0.0,1.0,1.0,0.0,0.0,0.0,0.0,0.0,0.0,0.0,0.0,0.0,0.0,0.0,0.0,0.0,0.0,1.0,0.0,0.0,0.0,0.0,0.0,0.0,0.0,0.0,0.0,1.0,0.0,1.0,0.0,1.0,0.0,1.0,4.0,1.0,2.0,0.0,0.0,0.0,0.0,0.0,0.0,0.0,0.0,0.0,0.0,0.0,0.0,0.0,0.0,5.0,0.0,0.0,0.0,0.0,0.0,0.0,0.0,0.0,0.0,1.0,0.0,1.0,0.0,2.0,0.0,1.0,6.0,1.0,3.0
969,1.0,969.0,London_198,,151,453,1092.0,70.0,2.0,147678.0,0.5353680518455803,779.0,9.0,1.0,8.0,25.0,10.0,15.0,39.0,64.0,156.0,26.0,137.0,19.0,39.0,3.0,9.0,11.0,87.0,148.0,207.0,64.0,0.0,0.0,0.0,0.0,0.0,0.0,0.0,0.0,0.0,4.0,0.0,1.0,1.0,1.0,1.0,0.0,0.0,0.0,1.0,3.0,0.0,0.0,0.0,0.0,0.0,0.0,0.0,0.0,0.0,0.0,0.0,0.0,0.0,1.0,0.0,1.0,0.0,0.0,0.0,0.0,0.0,0.0,0.0,0.0,0.0,0.0,2.0,0.0,1.0,0.0,0.0,3.0,0.0,0.0,0.0,0.0,0.0,0.0,0.0,0.0,0.0,0.0,0.0,0.0,0.0,0.0,0.0,3.0,0.0,3.0,0.0,0.0,0.0,0.0,0.0,0.0,0.0,0.0,0.0,0.0,3.0,0.0,1.0,0.0,0.0,5.0,0.0,0.0
970,1.0,970.0,London_198,,151,453,1092.0,70.0,2.0,192525.0,0.6557582770474255,878.0,111.0,0.0,111.0,187.0,0.0,187.0,16.0,69.0,157.0,27.0,138.0,13.0,39.0,2.0,8.0,10.0,88.0,143.0,212.0,64.0,0.0,0.0,0.0,0.0,0.0,0.0,0.0,0.0,0.0,40.0,0.0,9.0,2.0,21.0,0.0,0.0,0.0,8.0,0.0,40.0,0.0,0.0,0.0,0.0,0.0,0.0,0.0,0.0,0.0,0.0,0.0,0.0,0.0,0.0,0.0,0.0,0.0,0.0,0.0,0.0,0.0,1.0,0.0,0.0,0.0,0.0,5.0,2.0,2.0,7.0,14.0,8.0,7.0,1.0,0.0,0.0,0.0,0.0,0.0,0.0,0.0,0.0,0.0,0.0,0.0,0.0,0.0,0.0,0.0,0.0,0.0,0.0,0.0,0.0,0.0,1.0,0.0,0.0,0.0,0.0,5.0,2.0,3.0,9.0,22.0,11.0,8.0,1.0
971,1.0,971.0,London_198,,151,453,1092.0,70.0,2.0,197055.0,0.6255128209013492,888.0,100.0,0.0,100.0,169.0,0.0,169.0,124.0,66.0,154.0,29.0,146.0,13.0,39.0,1.0,5.0,9.0,93.0,148.0,203.0,71.0,0.0,0.0,0.0,0.0,0.0,0.0,0.0,0.0,0.0,41.0,0.0,13.0,3.0,23.0,0.0,0.0,0.0,2.0,0.0,41.0,0.0,0.0,0.0,0.0,0.0,0.0,0.0,0.0,0.0,0.0,0.0,0.0,0.0,0.0,0.0,0.0,0.0,0.0,0.0,0.0,0.0,0.0,0.0,0.0,1.0,0.0,3.0,4.0,0.0,1.0,13.0,11.0,4.0,0.0,0.0,0.0,0.0,0.0,0.0,0.0,0.0,0.0,0.0,0.0,0.0,0.0,0.0,0.0,0.0,0.0,0.0,0.0,0.0,0.0,0.0,0.0,0.0,0.0,1.0,0.0,4.0,4.0,0.0,2.0,21.0,15.0,4.0,0.0
972,1.0,972.0,London_198,,151,453,1092.0,70.0,2.0,195696.0,0.8816480138339102,885.0,147.0,2.0,145.0,274.0,19.0,255.0,103.0,65.0,152.0,28.0,151.0,10.0,43.0,1.0,3.0,9.0,94.0,154.0,196.0,57.0,0.0,0.0,0.0,0.0,0.0,0.0,0.0,0.0,0.0,53.0,0.0,20.0,6.0,21.0,0.0,2.0,0.0,4.0,2.0,51.0,0.0,0.0,0.0,0.0,0.0,0.0,0.0,0.0,0.0,0.0,0.0,0.0,0.0,1.0,0.0,0.0,1.0,0.0,0.0,0.0,0.0,0.0,0.0,1.0,0.0,0.0,2.0,3.0,0.0,3.0,12.0,21.0,5.0,2.0,0.0,0.0,0.0,0.0,0.0,0.0,0.0,0.0,0.0,0.0,0.0,0.0,0.0,1.0,0.0,0.0,2.0,0.0,0.0,0.0,0.0,0.0,0.0,2.0,0.0,0.0,2.0,3.0,0.0,5.0,16.0,29.0,6.0,2.0
973,1.0,973.0,London_198,,151,453,1092.0,70.0,2.0,166704.0,0.8961216111201793,821.0,4.0,1.0,3.0,17.0,10.0,7.0,176.0,57.0,149.0,33.0,147.0,14.0,44.0,1.0,8.0,10.0,84.0,150.0,209.0,56.0,0.0,0.0,0.0,0.0,0.0,0.0,0.0,0.0,0.0,3.0,0.0,0.0,2.0,1.0,0.0,0.0,0.0,0.0,0.0,3.0,0.0,0.0,0.0,0.0,0.0,0.0,0.0,0.0,0.0,0.0,0.0,0.0,0.0,0.0,0.0,0.0,0.0,0.0,0.0,0.0,0.0,0.0,0.0,0.0,0.0,0.0,0.0,0.0,0.0,0.0,0.0,0.0,0.0,0.0,0.0,0.0,0.0,0.0,0.0,0.0,0.0,0.0,0.0,0.0,0.0,0.0,0.0,0.0,0.0,0.0,0.0,0.0,0.0,0.0,0.0,0.0,0.0,0.0,0.0,0.0,0.0,0.0,0.0,0.0,0.0,0.0,0.0,0.0
974,1.0,974.0,London_198,,151,453,1092.0,70.0,2.0,211098.0,0.6758712760638446,919.0,205.0,0.0,205.0,345.0,0.0,345.0,11.0,48.0,152.0,33.0,152.0,15.0,44.0,1.0,8.0,9.0,87.0,143.0,214.0,57.0,0.0,0.0,0.0,0.0,0.0,0.0,0.0,0.0,0.0,103.0,4.0,47.0,6.0,44.0,0.0,0.0,1.0,1.0,0.0,103.0,0.0,0.0,0.0,0.0,0.0,0.0,0.0,0.0,0.0,0.0,0.0,0.0,0.0,0.0,0.0,0.0,0.0,0.0,0.0,0.0,2.0,0.0,0.0,0.0,0.0,2.0,2.0,4.0,0.0,2.0,19.0,25.0,9.0,4.0,0.0,0.0,0.0,0.0,0.0,0.0,0.0,0.0,0.0,0.0,0.0,0.0,0.0,0.0,0.0,0.0,0.0,0.0,0.0,0.0,3.0,0.0,0.0,0.0,0.0,4.0,2.0,5.0,0.0,2.0,28.0,28.0,10.0,4.0
975,1.0,975.0,London_198,,151,453,1092.0,70.0,2.0,142695.0,0.2751658330671489,768.0,47.0,0.0,47.0,84.0,0.0,84.0,184.0,48.0,130.0,39.0,155.0,15.0,54.0,1.0,11.0,12.0,79.0,128.0,234.0,67.0,0.0,0.0,0.0,0.0,0.0,0.0,0.0,0.0,0.0,13.0,0.0,2.0,1.0,10.0,0.0,0.0,0.0,0.0,0.0,13.0,0.0,0.0,0.0,0.0,0.0,0.0,0.0,0.0,0.0,0.0,0.0,0.0,0.0,0.0,0.0,0.0,0.0,0.0,0.0,0.0,0.0,1.0,0.0,0.0,0.0,0.0,3.0,1.0,0.0,2.0,10.0,12.0,3.0,4.0,0.0,0.0,0.0,0.0,0.0,0.0,0.0,0.0,0.0,0.0,0.0,0.0,0.0,0.0,0.0,0.0,0.0,0.0,0.0,0.0,0.0,1.0,0.0,0.0,0.0,0.0,4.0,1.0,0.0,2.0,13.0,19.0,4.0,6.0
976,1.0,976.0,London_198,,151,453,1092.0,70.0,2.0,152208.0,0.7473852960392833,789.0,195.0,1.0,194.0,351.0,11.0,340.0,63.0,56.0,132.0,36.0,146.0,16.0,54.0,1.0,12.0,12.0,76.0,136.0,229.0,72.0,0.0,0.0,0.0,0.0,0.0,0.0,0.0,0.0,0.0,46.0,0.0,19.0,1.0,25.0,0.0,0.0,1.0,0.0,1.0,45.0,0.0,0.0,0.0,0.0,0.0,0.0,0.0,0.0,0.0,0.0,0.0,0.0,0.0,0.0,1.0,0.0,0.0,0.0,0.0,0.0,0.0,0.0,2.0,0.0,1.0,2.0,11.0,4.0,11.0,6.0,33.0,36.0,12.0,8.0,0.0,0.0,0.0,0.0,0.0,0.0,0.0,0.0,0.0,0.0,0.0,0.0,0.0,0.0,1.0,0.0,0.0,0.0,0.0,0.0,0.0,0.0,2.0,0.0,1.0,5.0,16.0,5.0,15.0,7.0,53.0,47.0,14.0,11.0
977,1.0,977.0,London_198,,151,453,1092.0,70.0,2.0,85164.0,0.2081124340184033,641.0,57.0,0.0,57.0,104.0,0.0,104.0,266.0,61.0,135.0,36.0,145.0,18.0,45.0,2.0,11.0,8.0,79.0,139.0,227.0,64.0,0.0,0.0,0.0,0.0,0.0,0.0,0.0,0.0,0.0,0.0,0.0,0.0,0.0,0.0,0.0,0.0,0.0,0.0,0.0,0.0,0.0,0.0,0.0,0.0,0.0,0.0,0.0,0.0,0.0,0.0,0.0,0.0,0.0,0.0,0.0,0.0,0.0,0.0,0.0,0.0,1.0,3.0,2.0,0.0,2.0,0.0,7.0,4.0,4.0,4.0,10.0,10.0,10.0,5.0,0.0,0.0,0.0,0.0,0.0,0.0,0.0,0.0,0.0,0.0,0.0,0.0,0.0,0.0,0.0,0.0,0.0,0.0,0.0,0.0,1.0,4.0,2.0,0.0,2.0,0.0,12.0,7.0,4.0,6.0,13.0,15.0,12.0,6.0
978,1.0,978.0,London_198,,151,453,1092.0,70.0,2.0,83805.0,0.18943409901112318,638.0,54.0,2.0,52.0,110.0,19.0,91.0,104.0,75.0,142.0,34.0,133.0,18.0,41.0,1.0,9.0,9.0,76.0,142.0,226.0,60.0,0.0,0.0,0.0,0.0,0.0,0.0,0.0,0.0,0.0,0.0,0.0,0.0,0.0,0.0,0.0,0.0,0.0,0.0,0.0,0.0,0.0,0.0,0.0,0.0,0.0,0.0,0.0,0.0,0.0,0.0,0.0,0.0,2.0,1.0,0.0,1.0,0.0,0.0,0.0,0.0,0.0,3.0,0.0,1.0,6.0,0.0,4.0,7.0,3.0,9.0,11.0,16.0,8.0,3.0,0.0,0.0,0.0,0.0,0.0,0.0,0.0,0.0,0.0,0.0,0.0,0.0,7.0,9.0,0.0,6.0,0.0,0.0,0.0,0.0,0.0,4.0,0.0,1.0,6.0,0.0,7.0,11.0,3.0,14.0,15.0,23.0,11.0,3.0
979,1.0,979.0,London_198,,151,453,1092.0,70.0,2.0,92412.0,0.251238418975845,657.0,17.0,2.0,15.0,47.0,19.0,28.0,110.0,80.0,144.0,33.0,139.0,7.0,40.0,0.0,10.0,9.0,86.0,135.0,223.0,66.0,0.0,0.0,0.0,0.0,0.0,0.0,0.0,0.0,0.0,0.0,0.0,0.0,0.0,0.0,0.0,0.0,0.0,0.0,0.0,0.0,0.0,0.0,0.0,0.0,0.0,0.0,0.0,0.0,0.0,0.0,0.0,0.0,0.0,0.0,1.0,1.0,0.0,0.0,0.0,0.0,0.0,1.0,1.0,0.0,0.0,0.0,4.0,0.0,3.0,1.0,2.0,4.0,2.0,1.0,0.0,0.0,0.0,0.0,0.0,0.0,0.0,0.0,0.0,0.0,0.0,0.0,0.0,0.0,6.0,2.0,0.0,0.0,0.0,0.0,0.0,2.0,2.0,0.0,0.0,0.0,4.0,0.0,3.0,4.0,3.0,6.0,2.0,1.0
980,1.0,980.0,London_198,,151,453,1092.0,70.0,2.0,128652.0,0.46913589094765484,737.0,53.0,1.0,52.0,94.0,10.0,84.0,47.0,73.0,151.0,36.0,133.0,7.0,42.0,1.0,10.0,9.0,77.0,134.0,233.0,66.0,0.0,0.0,0.0,0.0,0.0,0.0,0.0,0.0,0.0,2.0,0.0,0.0,0.0,1.0,0.0,0.0,0.0,1.0,0.0,2.0,0.0,0.0,0.0,0.0,0.0,0.0,0.0,0.0,0.0,1.0,0.0,0.0,0.0,0.0,0.0,0.0,0.0,0.0,0.0,0.0,2.0,3.0,0.0,2.0,2.0,0.0,3.0,2.0,3.0,3.0,10.0,14.0,6.0,4.0,0.0,0.0,0.0,0.0,0.0,0.0,0.0,0.0,0.0,2.0,0.0,0.0,0.0,0.0,0.0,0.0,0.0,0.0,0.0,0.0,2.0,5.0,0.0,3.0,2.0,0.0,4.0,2.0,3.0,3.0,15.0,18.0,7.0,5.0
981,1.0,981.0,London_198,,151,453,1092.0,70.0,2.0,130464.0,0.5790629950352013,741.0,52.0,0.0,52.0,79.0,0.0,79.0,92.0,68.0,152.0,36.0,128.0,11.0,47.0,2.0,9.0,12.0,72.0,132.0,237.0,65.0,0.0,0.0,0.0,0.0,0.0,0.0,0.0,0.0,0.0,5.0,0.0,0.0,0.0,5.0,0.0,0.0,0.0,0.0,0.0,5.0,0.0,0.0,0.0,0.0,0.0,0.0,0.0,0.0,0.0,0.0,0.0,0.0,0.0,0.0,0.0,0.0,0.0,0.0,0.0,0.0,0.0,0.0,0.0,0.0,0.0,0.0,6.0,1.0,3.0,4.0,7.0,12.0,3.0,5.0,0.0,0.0,0.0,0.0,0.0,0.0,0.0,0.0,0.0,0.0,0.0,0.0,0.0,0.0,0.0,0.0,0.0,0.0,0.0,0.0,0.0,0.0,0.0,0.0,0.0,0.0,7.0,1.0,4.0,4.0,10.0,17.0,4.0,6.0
982,1.0,982.0,London_198,,151,453,1092.0,70.0,2.0,138618.0,0.6141671391669661,759.0,15.0,0.0,15.0,25.0,0.0,25.0,71.0,71.0,170.0,31.0,121.0,5.0,44.0,2.0,9.0,13.0,67.0,134.0,239.0,65.0,0.0,0.0,0.0,0.0,0.0,0.0,0.0,0.0,0.0,1.0,0.0,0.0,0.0,1.0,0.0,0.0,0.0,0.0,0.0,1.0,0.0,0.0,0.0,0.0,0.0,0.0,0.0,0.0,0.0,0.0,0.0,0.0,0.0,0.0,0.0,0.0,0.0,0.0,0.0,0.0,0.0,0.0,0.0,0.0,0.0,0.0,1.0,0.0,1.0,1.0,2.0,5.0,0.0,1.0,0.0,0.0,0.0,0.0,0.0,0.0,0.0,0.0,0.0,0.0,0.0,0.0,0.0,0.0,0.0,0.0,0.0,0.0,0.0,0.0,0.0,0.0,0.0,0.0,0.0,0.0,1.0,0.0,1.0,2.0,2.0,10.0,0.0,1.0
983,1.0,983.0,London_198,,151,453,1092.0,70.0,2.0,168969.0,0.7591869048774242,826.0,109.0,0.0,109.0,179.0,0.0,179.0,24.0,71.0,168.0,30.0,118.0,7.0,47.0,2.0,10.0,14.0,66.0,140.0,233.0,64.0,0.0,0.0,0.0,0.0,0.0,0.0,0.0,0.0,0.0,43.0,0.0,5.0,0.0,32.0,0.0,0.0,0.0,6.0,0.0,43.0,0.0,0.0,0.0,0.0,0.0,0.0,0.0,0.0,0.0,0.0,0.0,0.0,0.0,0.0,0.0,0.0,0.0,0.0,0.0,0.0,0.0,0.0,0.0,0.0,0.0,0.0,6.0,2.0,1.0,4.0,13.0,21.0,6.0,5.0,0.0,0.0,0.0,0.0,0.0,0.0,0.0,0.0,0.0,0.0,0.0,0.0,0.0,0.0,0.0,0.0,0.0,0.0,0.0,0.0,0.0,0.0,0.0,0.0,0.0,0.0,7.0,2.0,1.0,6.0,18.0,30.0,7.0,8.0
984,1.0,984.0,London_198,,151,453,1092.0,70.0,2.0,151302.0,0.7017716551199555,787.0,51.0,1.0,50.0,94.0,10.0,84.0,113.0,63.0,177.0,34.0,119.0,11.0,37.0,3.0,9.0,12.0,76.0,145.0,220.0,64.0,0.0,0.0,0.0,0.0,0.0,0.0,0.0,0.0,0.0,15.0,0.0,3.0,0.0,7.0,0.0,0.0,1.0,4.0,0.0,15.0,0.0,0.0,0.0,0.0,0.0,0.0,0.0,0.0,0.0,0.0,0.0,0.0,0.0,0.0,1.0,0.0,0.0,0.0,0.0,0.0,1.0,0.0,1.0,1.0,1.0,0.0,4.0,2.0,2.0,1.0,9.0,10.0,4.0,3.0,0.0,0.0,0.0,0.0,0.0,0.0,0.0,0.0,0.0,0.0,0.0,0.0,0.0,0.0,8.0,0.0,0.0,0.0,0.0,0.0,1.0,0.0,1.0,1.0,2.0,0.0,4.0,5.0,3.0,1.0,11.0,16.0,5.0,6.0
985,1.0,985.0,London_198,,151,453,1092.0,70.0,2.0,171234.0,0.5342207690700889,831.0,164.0,2.0,162.0,318.0,19.0,299.0,71.0,60.0,179.0,29.0,120.0,9.0,43.0,3.0,10.0,12.0,81.0,141.0,219.0,66.0,0.0,0.0,0.0,0.0,0.0,0.0,0.0,0.0,0.0,66.0,0.0,12.0,2.0,43.0,0.0,5.0,0.0,4.0,2.0,64.0,0.0,0.0,0.0,0.0,0.0,0.0,0.0,0.0,0.0,0.0,0.0,0.0,0.0,0.0,0.0,0.0,0.0,0.0,0.0,0.0,0.0,0.0,1.0,1.0,5.0,0.0,7.0,2.0,3.0,5.0,17.0,36.0,6.0,14.0,0.0,0.0,0.0,0.0,0.0,0.0,0.0,0.0,0.0,0.0,0.0,0.0,0.0,0.0,0.0,0.0,0.0,0.0,0.0,0.0,0.0,0.0,1.0,1.0,5.0,0.0,9.0,3.0,3.0,5.0,24.0,54.0,7.0,20.0
986,1.0,986.0,London_198,,151,453,1092.0,70.0,2.0,134541.0,0.3651853478513658,750.0,145.0,2.0,143.0,268.0,18.0,250.0,191.0,61.0,178.0,27.0,130.0,12.0,31.0,4.0,10.0,10.0,80.0,165.0,198.0,57.0,0.0,0.0,0.0,0.0,0.0,0.0,0.0,0.0,0.0,26.0,0.0,0.0,0.0,18.0,0.0,1.0,0.0,7.0,1.0,25.0,0.0,0.0,0.0,0.0,0.0,0.0,0.0,0.0,0.0,0.0,0.0,0.0,0.0,0.0,0.0,0.0,0.0,0.0,0.0,0.0,1.0,8.0,0.0,1.0,1.0,0.0,7.0,1.0,5.0,8.0,17.0,31.0,12.0,9.0,0.0,0.0,0.0,0.0,0.0,0.0,0.0,0.0,0.0,0.0,0.0,0.0,0.0,0.0,0.0,0.0,0.0,0.0,0.0,0.0,1.0,13.0,0.0,1.0,1.0,0.0,9.0,1.0,6.0,9.0,27.0,51.0,13.0,11.0
987,1.0,987.0,London_198,,151,453,1092.0,70.0,2.0,99660.0,0.24443131289444864,673.0,13.0,0.0,13.0,22.0,0.0,22.0,218.0,59.0,175.0,38.0,130.0,8.0,28.0,4.0,11.0,7.0,76.0,151.0,219.0,61.0,0.0,0.0,0.0,0.0,0.0,0.0,0.0,0.0,0.0,0.0,0.0,0.0,0.0,0.0,0.0,0.0,0.0,0.0,0.0,0.0,0.0,0.0,0.0,0.0,0.0,0.0,0.0,0.0,0.0,0.0,0.0,0.0,0.0,0.0,0.0,0.0,0.0,0.0,0.0,0.0,0.0,1.0,0.0,0.0,0.0,0.0,0.0,2.0,0.0,1.0,1.0,5.0,3.0,2.0,0.0,0.0,0.0,0.0,0.0,0.0,0.0,0.0,0.0,0.0,0.0,0.0,0.0,0.0,0.0,0.0,0.0,0.0,0.0,0.0,0.0,1.0,0.0,0.0,0.0,0.0,0.0,2.0,0.0,1.0,1.0,8.0,4.0,5.0
988,1.0,988.0,London_198,,151,453,1092.0,70.0,2.0,143601.0,0.3269316297955811,770.0,54.0,0.0,54.0,104.0,0.0,104.0,22.0,62.0,172.0,42.0,125.0,8.0,30.0,4.0,10.0,7.0,75.0,158.0,213.0,61.0,0.0,0.0,0.0,0.0,0.0,0.0,0.0,0.0,0.0,7.0,0.0,1.0,0.0,3.0,0.0,1.0,0.0,2.0,0.0,7.0,0.0,0.0,0.0,0.0,0.0,0.0,0.0,0.0,0.0,0.0,0.0,0.0,0.0,0.0,0.0,0.0,0.0,0.0,0.0,0.0,0.0,2.0,0.0,0.0,1.0,0.0,3.0,1.0,2.0,3.0,6.0,10.0,7.0,5.0,0.0,0.0,0.0,0.0,0.0,0.0,0.0,0.0,0.0,0.0,0.0,0.0,0.0,0.0,0.0,0.0,0.0,0.0,0.0,0.0,0.0,4.0,0.0,0.0,1.0,0.0,5.0,1.0,2.0,3.0,6.0,16.0,7.0,8.0
989,1.0,989.0,London_198,,151,453,1092.0,70.0,2.0,158550.0,0.5308529050089419,803.0,41.0,2.0,39.0,81.0,16.0,65.0,91.0,63.0,170.0,38.0,124.0,4.0,45.0,0.0,9.0,8.0,67.0,164.0,214.0,64.0,0.0,0.0,0.0,0.0,0.0,0.0,0.0,0.0,0.0,13.0,0.0,0.0,0.0,9.0,0.0,1.0,0.0,3.0,1.0,12.0,0.0,0.0,0.0,0.0,0.0,0.0,0.0,0.0,0.0,0.0,0.0,0.0,0.0,0.0,1.0,0.0,0.0,0.0,0.0,0.0,0.0,0.0,0.0,0.0,0.0,0.0,4.0,0.0,0.0,3.0,8.0,3.0,3.0,1.0,0.0,0.0,0.0,0.0,0.0,0.0,0.0,0.0,0.0,0.0,0.0,0.0,0.0,0.0,9.0,0.0,0.0,0.0,0.0,0.0,0.0,0.0,0.0,0.0,0.0,0.0,8.0,0.0,0.0,4.0,13.0,4.0,4.0,1.0
990,1.0,990.0,London_198,,151,453,1092.0,70.0,2.0,185730.0,0.5477368070278317,863.0,48.0,1.0,47.0,95.0,9.0,86.0,63.0,65.0,178.0,32.0,124.0,4.0,42.0,0.0,8.0,5.0,72.0,155.0,221.0,59.0,0.0,0.0,0.0,0.0,0.0,0.0,0.0,0.0,0.0,20.0,0.0,4.0,1.0,13.0,0.0,1.0,0.0,1.0,1.0,19.0,0.0,0.0,0.0,0.0,0.0,0.0,0.0,0.0,0.0,0.0,0.0,0.0,0.0,0.0,0.0,0.0,0.0,0.0,0.0,0.0,0.0,0.0,1.0,0.0,0.0,0.0,1.0,2.0,0.0,2.0,11.0,5.0,3.0,0.0,0.0,0.0,0.0,0.0,0.0,0.0,0.0,0.0,0.0,0.0,0.0,0.0,0.0,0.0,0.0,0.0,0.0,0.0,0.0,0.0,0.0,0.0,1.0,0.0,0.0,0.0,1.0,3.0,0.0,2.0,16.0,7.0,3.0,0.0
991,1.0,991.0,London_198,,151,453,1092.0,70.0,2.0,203850.0,0.6323970588855445,903.0,133.0,0.0,133.0,226.0,0.0,226.0,54.0,61.0,180.0,31.0,125.0,6.0,42.0,0.0,8.0,6.0,75.0,156.0,216.0,56.0,0.0,0.0,0.0,0.0,0.0,0.0,0.0,0.0,0.0,54.0,0.0,21.0,4.0,19.0,2.0,6.0,0.0,2.0,0.0,54.0,0.0,0.0,0.0,0.0,0.0,0.0,0.0,0.0,0.0,0.0,0.0,0.0,0.0,0.0,0.0,0.0,0.0,0.0,0.0,0.0,0.0,0.0,0.0,0.0,0.0,0.0,3.0,2.0,2.0,4.0,14.0,24.0,8.0,2.0,0.0,0.0,0.0,0.0,0.0,0.0,0.0,0.0,0.0,0.0,0.0,0.0,0.0,0.0,0.0,0.0,0.0,0.0,0.0,0.0,0.0,0.0,0.0,0.0,0.0,0.0,4.0,3.0,2.0,4.0,18.0,28.0,12.0,2.0
992,1.0,992.0,London_198,,151,453,1092.0,70.0,2.0,187089.0,1.0410271640866995,866.0,128.0,2.0,126.0,227.0,18.0,209.0,130.0,57.0,181.0,29.0,129.0,8.0,43.0,0.0,6.0,10.0,68.0,152.0,223.0,60.0,0.0,0.0,0.0,0.0,0.0,0.0,0.0,0.0,0.0,42.0,0.0,11.0,3.0,19.0,0.0,6.0,0.0,3.0,2.0,40.0,0.0,0.0,0.0,0.0,0.0,0.0,0.0,0.0,0.0,0.0,0.0,0.0,0.0,0.0,0.0,0.0,0.0,0.0,0.0,0.0,0.0,0.0,1.0,0.0,0.0,0.0,0.0,0.0,1.0,9.0,17.0,24.0,7.0,4.0,0.0,0.0,0.0,0.0,0.0,0.0,0.0,0.0,0.0,0.0,0.0,0.0,0.0,0.0,0.0,0.0,0.0,0.0,0.0,0.0,0.0,0.0,1.0,0.0,0.0,0.0,0.0,0.0,1.0,11.0,26.0,32.0,10.0,5.0
993,1.0,993.0,London_198,,151,453,1092.0,70.0,2.0,176217.0,0.5247884138952941,842.0,164.0,2.0,162.0,306.0,18.0,288.0,151.0,62.0,186.0,33.0,117.0,11.0,36.0,1.0,7.0,7.0,74.0,161.0,211.0,49.0,0.0,0.0,0.0,0.0,0.0,0.0,0.0,0.0,0.0,56.0,0.0,8.0,6.0,29.0,2.0,5.0,0.0,6.0,2.0,54.0,0.0,0.0,0.0,0.0,0.0,0.0,0.0,0.0,0.0,0.0,0.0,0.0,0.0,0.0,1.0,0.0,0.0,0.0,0.0,0.0,1.0,0.0,0.0,0.0,0.0,2.0,1.0,4.0,1.0,10.0,21.0,23.0,12.0,5.0,0.0,0.0,0.0,0.0,0.0,0.0,0.0,0.0,0.0,0.0,0.0,0.0,0.0,0.0,2.0,0.0,0.0,0.0,0.0,0.0,1.0,0.0,0.0,0.0,0.0,5.0,1.0,7.0,1.0,14.0,33.0,34.0,15.0,7.0
994,1.0,994.0,London_198,,151,453,1092.0,70.0,2.0,137259.0,0.4579196199774742,756.0,121.0,0.0,121.0,212.0,0.0,212.0,198.0,61.0,162.0,36.0,131.0,7.0,46.0,1.0,9.0,9.0,72.0,148.0,224.0,52.0,0.0,0.0,0.0,0.0,0.0,0.0,0.0,0.0,0.0,16.0,0.0,3.0,0.0,9.0,0.0,2.0,0.0,2.0,0.0,16.0,0.0,0.0,0.0,0.0,0.0,0.0,0.0,0.0,0.0,0.0,0.0,0.0,0.0,0.0,0.0,0.0,0.0,0.0,0.0,0.0,3.0,6.0,2.0,0.0,0.0,0.0,3.0,3.0,4.0,4.0,23.0,24.0,11.0,6.0,0.0,0.0,0.0,0.0,0.0,0.0,0.0,0.0,0.0,0.0,0.0,0.0,0.0,0.0,0.0,0.0,0.0,0.0,0.0,0.0,3.0,6.0,2.0,0.0,0.0,0.0,4.0,4.0,5.0,4.0,31.0,33.0,13.0,11.0
995,1.0,995.0,London_198,,151,453,1092.0,70.0,2.0,113703.0,0.2793379011563957,704.0,5.0,0.0,5.0,8.0,0.0,8.0,185.0,68.0,152.0,37.0,130.0,11.0,42.0,3.0,10.0,13.0,63.0,168.0,209.0,59.0,0.0,0.0,0.0,0.0,0.0,0.0,0.0,0.0,0.0,0.0,0.0,0.0,0.0,0.0,0.0,0.0,0.0,0.0,0.0,0.0,0.0,0.0,0.0,0.0,0.0,0.0,0.0,0.0,0.0,0.0,0.0,0.0,0.0,0.0,0.0,0.0,0.0,0.0,0.0,0.0,0.0,1.0,1.0,0.0,0.0,0.0,0.0,0.0,0.0,0.0,1.0,1.0,1.0,0.0,0.0,0.0,0.0,0.0,0.0,0.0,0.0,0.0,0.0,0.0,0.0,0.0,0.0,0.0,0.0,0.0,0.0,0.0,0.0,0.0,0.0,1.0,1.0,0.0,0.0,0.0,0.0,0.0,0.0,0.0,1.0,1.0,1.0,0.0
996,1.0,996.0,London_198,,151,453,1092.0,70.0,2.0,155379.0,0.4736855789087713,796.0,46.0,2.0,44.0,89.0,17.0,72.0,8.0,71.0,150.0,35.0,132.0,10.0,42.0,3.0,10.0,13.0,64.0,166.0,210.0,61.0,0.0,0.0,0.0,0.0,0.0,0.0,0.0,0.0,0.0,14.0,0.0,4.0,3.0,5.0,0.0,2.0,0.0,0.0,2.0,12.0,0.0,0.0,0.0,0.0,0.0,0.0,0.0,0.0,0.0,0.0,0.0,0.0,0.0,0.0,1.0,0.0,1.0,0.0,0.0,0.0,0.0,0.0,0.0,0.0,0.0,0.0,0.0,0.0,1.0,3.0,10.0,6.0,3.0,1.0,0.0,0.0,0.0,0.0,0.0,0.0,0.0,0.0,0.0,0.0,0.0,0.0,0.0,0.0,1.0,0.0,1.0,0.0,0.0,0.0,0.0,0.0,0.0,0.0,0.0,0.0,0.0,0.0,1.0,3.0,13.0,11.0,3.0,1.0
997,1.0,997.0,London_198,,151,453,1092.0,70.0,2.0,169422.0,0.5659464979544282,827.0,26.0,0.0,26.0,46.0,0.0,46.0,55.0,68.0,151.0,38.0,132.0,10.0,42.0,2.0,10.0,14.0,63.0,165.0,211.0,65.0,0.0,0.0,0.0,0.0,0.0,0.0,0.0,0.0,0.0,12.0,0.0,4.0,1.0,5.0,1.0,0.0,0.0,1.0,0.0,12.0,0.0,0.0,0.0,0.0,0.0,0.0,0.0,0.0,0.0,0.0,0.0,0.0,0.0,0.0,0.0,0.0,0.0,0.0,0.0,0.0,0.0,0.0,0.0,0.0,0.0,0.0,3.0,0.0,0.0,1.0,3.0,4.0,1.0,0.0,0.0,0.0,0.0,0.0,0.0,0.0,0.0,0.0,0.0,0.0,0.0,0.0,0.0,0.0,0.0,0.0,0.0,0.0,0.0,0.0,0.0,0.0,0.0,0.0,0.0,0.0,3.0,0.0,0.0,2.0,4.0,5.0,1.0,0.0
998,1.0,998.0,London_198,,151,453,1092.0,70.0,2.0,203397.0,0.6882633978966624,902.0,168.0,2.0,166.0,292.0,20.0,272.0,23.0,68.0,150.0,36.0,138.0,11.0,37.0,2.0,11.0,15.0,68.0,162.0,208.0,66.0,0.0,0.0,0.0,0.0,0.0,0.0,0.0,0.0,0.0,66.0,0.0,36.0,2.0,23.0,0.0,3.0,0.0,2.0,1.0,65.0,0.0,0.0,0.0,0.0,0.0,0.0,0.0,0.0,0.0,0.0,0.0,0.0,0.0,0.0,2.0,0.0,0.0,0.0,0.0,0.0,0.0,0.0,0.0,0.0,0.0,0.0,2.0,4.0,4.0,6.0,25.0,20.0,7.0,8.0,0.0,0.0,0.0,0.0,0.0,0.0,0.0,0.0,0.0,0.0,0.0,0.0,0.0,0.0,12.0,0.0,0.0,0.0,0.0,0.0,0.0,0.0,0.0,0.0,0.0,0.0,2.0,4.0,4.0,7.0,34.0,24.0,9.0,8.0
999,1.0,999.0,London_198,,151,453,1092.0,70.0,2.0,163080.0,0.4206258999183774,813.0,96.0,2.0,94.0,189.0,15.0,174.0,183.0,74.0,160.0,39.0,130.0,12.0,24.0,3.0,11.0,14.0,79.0,154.0,206.0,66.0,0.0,0.0,0.0,0.0,0.0,0.0,0.0,0.0,0.0,28.0,0.0,13.0,0.0,10.0,1.0,2.0,0.0,2.0,2.0,26.0,0.0,0.0,0.0,0.0,0.0,0.0,0.0,0.0,0.0,0.0,0.0,0.0,0.0,0.0,0.0,0.0,0.0,0.0,0.0,0.0,0.0,0.0,0.0,0.0,2.0,0.0,2.0,2.0,1.0,0.0,14.0,8.0,6.0,2.0,0.0,0.0,0.0,0.0,0.0,0.0,0.0,0.0,0.0,0.0,0.0,0.0,0.0,0.0,0.0,0.0,0.0,0.0,0.0,0.0,0.0,0.0,0.0,0.0,2.0,0.0,2.0,3.0,1.0,0.0,20.0,10.0,7.0,3.0
1000,1.0,1000.0,London_198,,151,453,1092.0,70.0,2.0,162174.0,0.4509784721303731,811.0,126.0,1.0,125.0,225.0,9.0,216.0,131.0,70.0,167.0,35.0,123.0,18.0,26.0,4.0,10.0,12.0,73.0,168.0,200.0,62.0,0.0,0.0,0.0,0.0,0.0,0.0,0.0,0.0,0.0,33.0,0.0,10.0,2.0,13.0,1.0,4.0,1.0,2.0,1.0,32.0,0.0,0.0,0.0,0.0,0.0,0.0,0.0,0.0,0.0,0.0,0.0,0.0,0.0,0.0,0.0,0.0,0.0,0.0,0.0,0.0,3.0,0.0,0.0,0.0,0.0,1.0,0.0,5.0,1.0,2.0,22.0,22.0,9.0,5.0,0.0,0.0,0.0,0.0,0.0,0.0,0.0,0.0,0.0,0.0,0.0,0.0,0.0,0.0,0.0,0.0,0.0,0.0,0.0,0.0,3.0,0.0,0.0,0.0,0.0,1.0,0.0,6.0,1.0,2.0,30.0,33.0,9.0,7.0
1001,1.0,1001.0,London_198,,151,453,1092.0,70.0,2.0,147678.0,0.39898615586571395,779.0,64.0,1.0,63.0,115.0,8.0,107.0,161.0,74.0,158.0,34.0,130.0,11.0,34.0,2.0,10.0,17.0,67.0,170.0,199.0,64.0,0.0,0.0,0.0,0.0,0.0,0.0,0.0,0.0,0.0,20.0,0.0,6.0,0.0,9.0,1.0,3.0,1.0,0.0,0.0,20.0,0.0,0.0,0.0,0.0,0.0,0.0,0.0,0.0,0.0,0.0,0.0,0.0,0.0,0.0,1.0,0.0,0.0,0.0,0.0,0.0,0.0,1.0,0.0,0.0,1.0,0.0,2.0,5.0,1.0,2.0,8.0,18.0,3.0,2.0,0.0,0.0,0.0,0.0,0.0,0.0,0.0,0.0,0.0,0.0,0.0,0.0,0.0,0.0,7.0,0.0,0.0,0.0,0.0,0.0,0.0,1.0,0.0,0.0,1.0,0.0,2.0,7.0,1.0,2.0,11.0,25.0,3.0,2.0
1002,1.0,1002.0,London_198,,151,453,1092.0,70.0,2.0,159003.0,0.4228247539140284,804.0,130.0,0.0,130.0,235.0,0.0,235.0,85.0,70.0,169.0,32.0,133.0,9.0,32.0,1.0,7.0,13.0,65.0,162.0,213.0,59.0,0.0,0.0,0.0,0.0,0.0,0.0,0.0,0.0,0.0,37.0,0.0,7.0,3.0,18.0,0.0,5.0,0.0,4.0,0.0,37.0,0.0,0.0,0.0,0.0,0.0,0.0,0.0,0.0,0.0,0.0,0.0,0.0,0.0,0.0,0.0,0.0,0.0,0.0,0.0,0.0,1.0,2.0,0.0,0.0,4.0,0.0,2.0,0.0,2.0,4.0,17.0,19.0,4.0,3.0,0.0,0.0,0.0,0.0,0.0,0.0,0.0,0.0,0.0,0.0,0.0,0.0,0.0,0.0,0.0,0.0,0.0,0.0,0.0,0.0,1.0,2.0,0.0,0.0,4.0,0.0,3.0,0.0,3.0,5.0,21.0,28.0,6.0,3.0
1003,1.0,1003.0,London_198,,151,453,1092.0,70.0,2.0,131370.0,0.34575923904776573,743.0,16.0,2.0,14.0,41.0,19.0,22.0,179.0,64.0,175.0,33.0,127.0,10.0,34.0,2.0,8.0,11.0,68.0,157.0,217.0,66.0,0.0,0.0,0.0,0.0,0.0,0.0,0.0,0.0,0.0,3.0,0.0,0.0,0.0,1.0,1.0,0.0,0.0,1.0,1.0,2.0,0.0,0.0,0.0,0.0,0.0,0.0,0.0,0.0,0.0,0.0,0.0,0.0,0.0,0.0,1.0,0.0,1.0,0.0,0.0,0.0,0.0,0.0,0.0,0.0,0.0,0.0,0.0,1.0,2.0,0.0,2.0,2.0,3.0,1.0,0.0,0.0,0.0,0.0,0.0,0.0,0.0,0.0,0.0,0.0,0.0,0.0,0.0,0.0,8.0,0.0,9.0,0.0,0.0,0.0,0.0,0.0,0.0,0.0,0.0,0.0,0.0,1.0,2.0,0.0,3.0,2.0,3.0,1.0
1004,1.0,1004.0,London_198,,151,453,1092.0,70.0,2.0,159003.0,0.37104707420803607,804.0,102.0,0.0,102.0,186.0,0.0,186.0,31.0,63.0,171.0,37.0,132.0,6.0,34.0,2.0,8.0,10.0,66.0,148.0,229.0,69.0,0.0,0.0,0.0,0.0,0.0,0.0,0.0,0.0,0.0,23.0,0.0,5.0,0.0,14.0,0.0,4.0,0.0,0.0,0.0,23.0,0.0,0.0,0.0,0.0,0.0,0.0,0.0,0.0,0.0,0.0,0.0,0.0,0.0,0.0,0.0,0.0,0.0,0.0,0.0,0.0,1.0,0.0,1.0,0.0,2.0,0.0,3.0,1.0,1.0,4.0,15.0,28.0,6.0,6.0,0.0,0.0,0.0,0.0,0.0,0.0,0.0,0.0,0.0,0.0,0.0,0.0,0.0,0.0,0.0,0.0,0.0,0.0,0.0,0.0,1.0,0.0,1.0,0.0,3.0,0.0,4.0,2.0,1.0,4.0,24.0,39.0,6.0,9.0
1005,1.0,1005.0,London_198,,151,453,1092.0,70.0,2.0,147678.0,0.5055129257962108,779.0,87.0,0.0,87.0,140.0,0.0,140.0,145.0,59.0,175.0,37.0,131.0,9.0,34.0,3.0,5.0,8.0,67.0,141.0,237.0,69.0,0.0,0.0,0.0,0.0,0.0,0.0,0.0,0.0,0.0,20.0,0.0,3.0,1.0,12.0,0.0,0.0,1.0,3.0,0.0,20.0,0.0,0.0,0.0,0.0,0.0,0.0,0.0,0.0,0.0,0.0,0.0,0.0,0.0,0.0,0.0,0.0,0.0,0.0,0.0,0.0,0.0,1.0,1.0,0.0,0.0,0.0,4.0,1.0,3.0,2.0,10.0,18.0,2.0,3.0,0.0,0.0,0.0,0.0,0.0,0.0,0.0,0.0,0.0,0.0,0.0,0.0,0.0,0.0,0.0,0.0,0.0,0.0,0.0,0.0,0.0,1.0,1.0,0.0,0.0,0.0,4.0,2.0,5.0,3.0,15.0,26.0,2.0,3.0
1006,1.0,1006.0,London_198,,151,453,1092.0,70.0,2.0,139524.0,0.4079547489527613,761.0,86.0,2.0,84.0,167.0,17.0,150.0,107.0,65.0,170.0,34.0,129.0,11.0,35.0,2.0,7.0,10.0,68.0,148.0,227.0,77.0,0.0,0.0,0.0,0.0,0.0,0.0,0.0,0.0,0.0,17.0,0.0,2.0,4.0,5.0,0.0,4.0,0.0,2.0,2.0,15.0,0.0,0.0,0.0,0.0,0.0,0.0,0.0,0.0,0.0,0.0,0.0,0.0,0.0,0.0,0.0,0.0,0.0,0.0,0.0,0.0,1.0,1.0,0.0,0.0,0.0,0.0,2.0,1.0,2.0,1.0,8.0,21.0,4.0,5.0,0.0,0.0,0.0,0.0,0.0,0.0,0.0,0.0,0.0,0.0,0.0,0.0,0.0,0.0,0.0,0.0,0.0,0.0,0.0,0.0,1.0,1.0,0.0,0.0,0.0,0.0,3.0,1.0,3.0,1.0,13.0,32.0,6.0,6.0
1007,1.0,1007.0,London_198,,151,453,1092.0,70.0,2.0,142242.0,0.4909014899749309,767.0,92.0,2.0,90.0,178.0,18.0,160.0,139.0,67.0,167.0,29.0,130.0,8.0,38.0,4.0,10.0,12.0,80.0,145.0,216.0,76.0,0.0,0.0,0.0,0.0,0.0,0.0,0.0,0.0,0.0,20.0,0.0,7.0,1.0,10.0,0.0,2.0,0.0,0.0,2.0,18.0,0.0,0.0,0.0,0.0,0.0,0.0,0.0,0.0,0.0,0.0,0.0,0.0,0.0,0.0,0.0,0.0,0.0,0.0,0.0,0.0,1.0,2.0,0.0,0.0,0.0,0.0,2.0,0.0,0.0,1.0,17.0,18.0,5.0,3.0,0.0,0.0,0.0,0.0,0.0,0.0,0.0,0.0,0.0,0.0,0.0,0.0,0.0,0.0,0.0,0.0,0.0,0.0,0.0,0.0,1.0,2.0,0.0,0.0,0.0,0.0,2.0,0.0,0.0,2.0,33.0,23.0,7.0,5.0
1008,1.0,1008.0,London_198,,151,453,1092.0,70.0,2.0,141336.0,0.35323734511621296,765.0,41.0,2.0,39.0,79.0,18.0,61.0,140.0,72.0,154.0,32.0,127.0,9.0,47.0,4.0,8.0,9.0,78.0,144.0,222.0,63.0,0.0,0.0,0.0,0.0,0.0,0.0,0.0,0.0,0.0,4.0,0.0,1.0,0.0,3.0,0.0,0.0,0.0,0.0,1.0,3.0,0.0,0.0,0.0,0.0,0.0,0.0,0.0,0.0,0.0,0.0,0.0,0.0,0.0,0.0,1.0,0.0,0.0,0.0,0.0,0.0,0.0,0.0,0.0,0.0,1.0,0.0,2.0,1.0,0.0,0.0,5.0,7.0,4.0,1.0,0.0,0.0,0.0,0.0,0.0,0.0,0.0,0.0,0.0,0.0,0.0,0.0,0.0,0.0,7.0,0.0,0.0,0.0,0.0,0.0,0.0,0.0,0.0,0.0,1.0,0.0,2.0,2.0,0.0,0.0,6.0,10.0,4.0,2.0
1009,1.0,1009.0,London_198,,151,453,1092.0,70.0,2.0,155832.0,0.5489630831871182,797.0,88.0,0.0,88.0,143.0,0.0,143.0,69.0,76.0,154.0,32.0,133.0,14.0,37.0,3.0,4.0,8.0,77.0,132.0,236.0,52.0,0.0,0.0,0.0,0.0,0.0,0.0,0.0,0.0,0.0,25.0,0.0,8.0,3.0,12.0,0.0,0.0,0.0,2.0,0.0,25.0,0.0,0.0,0.0,0.0,0.0,0.0,0.0,0.0,0.0,0.0,0.0,0.0,0.0,0.0,0.0,0.0,0.0,0.0,0.0,0.0,0.0,2.0,0.0,0.0,0.0,1.0,2.0,1.0,0.0,1.0,12.0,18.0,9.0,4.0,0.0,0.0,0.0,0.0,0.0,0.0,0.0,0.0,0.0,0.0,0.0,0.0,0.0,0.0,0.0,0.0,0.0,0.0,0.0,0.0,0.0,3.0,0.0,0.0,0.0,1.0,2.0,1.0,0.0,1.0,17.0,26.0,12.0,5.0
1010,1.0,1010.0,London_198,,151,453,1092.0,70.0,2.0,156738.0,0.5600408809259534,799.0,1.0,1.0,0.0,11.0,11.0,0.0,107.0,74.0,158.0,28.0,139.0,13.0,33.0,3.0,5.0,7.0,77.0,142.0,227.0,51.0,0.0,0.0,0.0,0.0,0.0,0.0,0.0,0.0,0.0,1.0,0.0,0.0,0.0,1.0,0.0,0.0,0.0,0.0,1.0,0.0,0.0,0.0,0.0,0.0,0.0,0.0,0.0,0.0,0.0,0.0,0.0,0.0,0.0,0.0,1.0,0.0,0.0,0.0,0.0,0.0,0.0,0.0,0.0,0.0,0.0,0.0,0.0,0.0,0.0,0.0,0.0,0.0,0.0,0.0,0.0,0.0,0.0,0.0,0.0,0.0,0.0,0.0,0.0,0.0,0.0,0.0,0.0,0.0,5.0,0.0,0.0,0.0,0.0,0.0,0.0,0.0,0.0,0.0,0.0,0.0,0.0,0.0,0.0,0.0,0.0,0.0,0.0,0.0
1011,1.0,1011.0,London_198,,151,453,1092.0,70.0,2.0,206115.0,0.5237995558418334,908.0,146.0,1.0,145.0,258.0,10.0,248.0,6.0,76.0,160.0,28.0,134.0,13.0,34.0,3.0,5.0,7.0,79.0,137.0,230.0,49.0,0.0,0.0,0.0,0.0,0.0,0.0,0.0,0.0,0.0,59.0,0.0,24.0,4.0,26.0,1.0,1.0,1.0,2.0,1.0,58.0,0.0,0.0,0.0,0.0,0.0,0.0,0.0,0.0,0.0,0.0,0.0,0.0,0.0,1.0,0.0,0.0,0.0,0.0,0.0,0.0,1.0,0.0,1.0,0.0,0.0,1.0,1.0,0.0,0.0,3.0,11.0,19.0,5.0,1.0,0.0,0.0,0.0,0.0,0.0,0.0,0.0,0.0,0.0,0.0,0.0,0.0,0.0,2.0,0.0,0.0,0.0,0.0,0.0,0.0,1.0,0.0,1.0,0.0,0.0,1.0,1.0,0.0,0.0,3.0,11.0,25.0,5.0,2.0
1012,1.0,1012.0,London_198,,151,453,1092.0,70.0,2.0,189807.0,0.6839196051005274,872.0,85.0,0.0,85.0,147.0,0.0,147.0,157.0,78.0,157.0,33.0,132.0,10.0,37.0,4.0,2.0,6.0,76.0,150.0,221.0,43.0,0.0,0.0,0.0,0.0,0.0,0.0,0.0,0.0,0.0,30.0,0.0,5.0,1.0,12.0,1.0,5.0,0.0,6.0,0.0,30.0,0.0,0.0,0.0,0.0,0.0,0.0,0.0,0.0,0.0,0.0,0.0,0.0,0.0,0.0,0.0,0.0,0.0,0.0,0.0,0.0,1.0,0.0,1.0,0.0,1.0,0.0,1.0,2.0,0.0,2.0,9.0,15.0,3.0,2.0,0.0,0.0,0.0,0.0,0.0,0.0,0.0,0.0,0.0,0.0,0.0,0.0,0.0,0.0,0.0,0.0,0.0,0.0,0.0,0.0,1.0,0.0,1.0,0.0,1.0,0.0,2.0,2.0,0.0,3.0,13.0,18.0,3.0,2.0
1013,1.0,1013.0,London_198,,151,453,1092.0,70.0,2.0,203397.0,0.6192634350154549,902.0,136.0,0.0,136.0,224.0,0.0,224.0,98.0,78.0,157.0,24.0,136.0,11.0,38.0,4.0,5.0,10.0,67.0,165.0,211.0,42.0,0.0,0.0,0.0,0.0,0.0,0.0,0.0,0.0,0.0,48.0,0.0,10.0,5.0,27.0,0.0,0.0,1.0,5.0,0.0,48.0,0.0,0.0,0.0,0.0,0.0,0.0,0.0,0.0,0.0,0.0,0.0,0.0,0.0,0.0,0.0,0.0,0.0,0.0,0.0,0.0,1.0,0.0,0.0,0.0,0.0,0.0,1.0,1.0,0.0,4.0,16.0,18.0,2.0,4.0,0.0,0.0,0.0,0.0,0.0,0.0,0.0,0.0,0.0,0.0,0.0,0.0,0.0,0.0,0.0,0.0,0.0,0.0,0.0,0.0,1.0,0.0,0.0,0.0,0.0,0.0,1.0,1.0,0.0,5.0,21.0,25.0,2.0,7.0
1014,1.0,1014.0,London_198,,151,453,1092.0,70.0,2.0,191166.0,0.5508608119562268,875.0,110.0,2.0,108.0,195.0,19.0,176.0,158.0,74.0,150.0,26.0,141.0,14.0,40.0,3.0,5.0,9.0,66.0,164.0,214.0,48.0,0.0,0.0,0.0,0.0,0.0,0.0,0.0,0.0,0.0,37.0,0.0,8.0,0.0,21.0,0.0,4.0,0.0,4.0,2.0,35.0,0.0,0.0,0.0,0.0,0.0,0.0,0.0,0.0,0.0,0.0,0.0,0.0,0.0,0.0,0.0,0.0,0.0,0.0,0.0,0.0,4.0,0.0,0.0,0.0,0.0,0.0,0.0,1.0,1.0,3.0,18.0,14.0,4.0,1.0,0.0,0.0,0.0,0.0,0.0,0.0,0.0,0.0,0.0,0.0,0.0,0.0,0.0,0.0,0.0,0.0,0.0,0.0,0.0,0.0,4.0,0.0,0.0,0.0,0.0,0.0,0.0,2.0,2.0,3.0,23.0,19.0,5.0,1.0
1015,1.0,1015.0,London_198,,151,453,1092.0,70.0,2.0,175764.0,0.5746299780439585,841.0,61.0,1.0,60.0,112.0,10.0,102.0,116.0,73.0,160.0,26.0,135.0,14.0,39.0,2.0,4.0,6.0,60.0,174.0,213.0,50.0,0.0,0.0,0.0,0.0,0.0,0.0,0.0,0.0,0.0,16.0,0.0,3.0,2.0,10.0,0.0,0.0,0.0,1.0,0.0,16.0,0.0,0.0,0.0,0.0,0.0,0.0,0.0,0.0,0.0,0.0,0.0,0.0,0.0,0.0,0.0,0.0,0.0,0.0,0.0,0.0,0.0,0.0,0.0,0.0,0.0,0.0,0.0,2.0,2.0,1.0,10.0,10.0,3.0,2.0,0.0,0.0,0.0,0.0,0.0,0.0,0.0,0.0,0.0,0.0,0.0,0.0,0.0,0.0,0.0,0.0,0.0,0.0,0.0,0.0,0.0,0.0,0.0,0.0,0.0,0.0,0.0,2.0,2.0,1.0,15.0,16.0,3.0,2.0
1016,1.0,1016.0,London_198,,151,453,1092.0,70.0,2.0,178935.0,0.6810320301447064,848.0,83.0,0.0,83.0,144.0,0.0,144.0,86.0,79.0,151.0,27.0,138.0,9.0,44.0,0.0,5.0,3.0,63.0,159.0,228.0,51.0,0.0,0.0,0.0,0.0,0.0,0.0,0.0,0.0,0.0,37.0,0.0,2.0,4.0,23.0,0.0,3.0,1.0,4.0,0.0,37.0,0.0,0.0,0.0,0.0,0.0,0.0,0.0,0.0,0.0,0.0,0.0,0.0,0.0,0.0,0.0,0.0,0.0,0.0,0.0,0.0,0.0,0.0,0.0,0.0,1.0,0.0,1.0,1.0,1.0,3.0,4.0,12.0,5.0,3.0,0.0,0.0,0.0,0.0,0.0,0.0,0.0,0.0,0.0,0.0,0.0,0.0,0.0,0.0,0.0,0.0,0.0,0.0,0.0,0.0,0.0,0.0,0.0,0.0,1.0,0.0,1.0,1.0,1.0,3.0,5.0,17.0,6.0,3.0
1017,1.0,1017.0,London_198,,151,453,1092.0,70.0,2.0,185730.0,0.4942694997880608,863.0,151.0,0.0,151.0,254.0,0.0,254.0,90.0,76.0,159.0,25.0,133.0,12.0,45.0,1.0,2.0,2.0,62.0,162.0,227.0,54.0,0.0,0.0,0.0,0.0,0.0,0.0,0.0,0.0,0.0,52.0,0.0,10.0,3.0,31.0,0.0,4.0,0.0,4.0,0.0,52.0,0.0,0.0,0.0,0.0,0.0,0.0,0.0,0.0,0.0,0.0,0.0,0.0,0.0,0.0,0.0,0.0,0.0,0.0,0.0,0.0,1.0,0.0,2.0,1.0,2.0,1.0,0.0,2.0,1.0,7.0,21.0,21.0,9.0,6.0,0.0,0.0,0.0,0.0,0.0,0.0,0.0,0.0,0.0,0.0,0.0,0.0,0.0,0.0,0.0,0.0,0.0,0.0,0.0,0.0,1.0,0.0,2.0,2.0,2.0,1.0,0.0,5.0,3.0,7.0,31.0,28.0,11.0,8.0
1018,1.0,1018.0,London_198,,151,453,1092.0,70.0,2.0,144054.0,0.44057111209258437,771.0,152.0,1.0,151.0,272.0,11.0,261.0,170.0,80.0,154.0,30.0,143.0,9.0,33.0,1.0,3.0,4.0,69.0,153.0,227.0,56.0,0.0,0.0,0.0,0.0,0.0,0.0,0.0,0.0,0.0,35.0,0.0,0.0,3.0,24.0,0.0,1.0,0.0,7.0,1.0,34.0,0.0,0.0,0.0,0.0,0.0,0.0,0.0,0.0,0.0,0.0,0.0,0.0,0.0,0.0,1.0,0.0,0.0,0.0,0.0,0.0,1.0,8.0,0.0,0.0,6.0,0.0,11.0,3.0,3.0,6.0,25.0,26.0,9.0,8.0,0.0,0.0,0.0,0.0,0.0,0.0,0.0,0.0,0.0,0.0,0.0,0.0,0.0,0.0,3.0,0.0,0.0,0.0,0.0,0.0,1.0,10.0,0.0,0.0,6.0,0.0,13.0,3.0,4.0,8.0,34.0,36.0,10.0,11.0
1019,1.0,1019.0,London_198,,151,453,1092.0,70.0,2.0,96942.0,0.28341660695150495,667.0,134.0,0.0,134.0,229.0,0.0,229.0,207.0,77.0,170.0,31.0,134.0,8.0,27.0,1.0,5.0,8.0,69.0,174.0,202.0,54.0,0.0,0.0,0.0,0.0,0.0,0.0,0.0,0.0,0.0,0.0,0.0,0.0,0.0,0.0,0.0,0.0,0.0,0.0,0.0,0.0,0.0,0.0,0.0,0.0,0.0,0.0,0.0,0.0,0.0,0.0,0.0,0.0,0.0,0.0,0.0,0.0,0.0,0.0,0.0,0.0,0.0,10.0,11.0,3.0,6.0,0.0,2.0,4.0,4.0,12.0,30.0,38.0,18.0,5.0,0.0,0.0,0.0,0.0,0.0,0.0,0.0,0.0,0.0,0.0,0.0,0.0,0.0,0.0,0.0,0.0,0.0,0.0,0.0,0.0,0.0,13.0,11.0,3.0,6.0,0.0,3.0,5.0,4.0,15.0,47.0,56.0,22.0,11.0
1020,1.0,1020.0,London_198,,151,453,1092.0,70.0,2.0,62061.0,0.16303193103522062,590.0,2.0,2.0,0.0,19.0,19.0,0.0,229.0,100.0,155.0,30.0,120.0,14.0,27.0,1.0,6.0,6.0,84.0,182.0,181.0,59.0,0.0,0.0,0.0,0.0,0.0,0.0,0.0,0.0,0.0,0.0,0.0,0.0,0.0,0.0,0.0,0.0,0.0,0.0,0.0,0.0,0.0,0.0,0.0,0.0,0.0,0.0,0.0,0.0,0.0,1.0,0.0,0.0,1.0,1.0,0.0,0.0,0.0,0.0,0.0,0.0,0.0,0.0,0.0,0.0,0.0,0.0,0.0,0.0,0.0,0.0,0.0,0.0,0.0,0.0,0.0,0.0,0.0,0.0,0.0,0.0,0.0,0.0,0.0,2.0,0.0,0.0,6.0,5.0,0.0,0.0,0.0,0.0,0.0,0.0,0.0,0.0,0.0,0.0,0.0,0.0,0.0,0.0,0.0,0.0,0.0,0.0,0.0,0.0
1021,1.0,1021.0,London_198,,151,453,1092.0,70.0,2.0,91506.0,0.2885631760582328,655.0,7.0,2.0,5.0,29.0,19.0,10.0,19.0,103.0,150.0,32.0,126.0,9.0,26.0,1.0,6.0,6.0,88.0,169.0,190.0,55.0,0.0,0.0,0.0,0.0,0.0,0.0,0.0,0.0,0.0,0.0,0.0,0.0,0.0,0.0,0.0,0.0,0.0,0.0,0.0,0.0,0.0,0.0,0.0,0.0,0.0,0.0,0.0,0.0,0.0,0.0,0.0,0.0,0.0,0.0,1.0,1.0,0.0,0.0,0.0,0.0,1.0,0.0,1.0,0.0,0.0,0.0,0.0,0.0,0.0,0.0,0.0,1.0,0.0,0.0,0.0,0.0,0.0,0.0,0.0,0.0,0.0,0.0,0.0,0.0,0.0,0.0,0.0,0.0,7.0,4.0,0.0,0.0,0.0,0.0,1.0,0.0,1.0,0.0,0.0,0.0,0.0,0.0,0.0,0.0,0.0,1.0,0.0,0.0
1022,1.0,1022.0,London_198,,151,453,1092.0,70.0,2.0,125028.0,0.5231442169751972,729.0,44.0,1.0,43.0,86.0,10.0,76.0,29.0,95.0,150.0,36.0,129.0,9.0,26.0,2.0,6.0,6.0,80.0,163.0,204.0,54.0,0.0,0.0,0.0,0.0,0.0,0.0,0.0,0.0,0.0,5.0,0.0,0.0,0.0,0.0,0.0,2.0,0.0,3.0,0.0,5.0,0.0,0.0,0.0,0.0,0.0,0.0,0.0,0.0,0.0,0.0,0.0,0.0,0.0,0.0,0.0,0.0,0.0,0.0,0.0,0.0,1.0,3.0,0.0,0.0,0.0,0.0,3.0,1.0,1.0,6.0,11.0,6.0,6.0,2.0,0.0,0.0,0.0,0.0,0.0,0.0,0.0,0.0,0.0,0.0,0.0,0.0,0.0,0.0,0.0,0.0,0.0,0.0,0.0,0.0,1.0,5.0,0.0,0.0,0.0,0.0,3.0,2.0,1.0,12.0,15.0,10.0,6.0,4.0
1023,1.0,1023.0,London_198,,151,453,1092.0,70.0,2.0,151302.0,0.8978257749695331,787.0,54.0,0.0,54.0,100.0,0.0,100.0,80.0,88.0,155.0,39.0,129.0,12.0,26.0,0.0,4.0,5.0,80.0,168.0,200.0,56.0,0.0,0.0,0.0,0.0,0.0,0.0,0.0,0.0,0.0,21.0,0.0,0.0,0.0,18.0,0.0,2.0,0.0,1.0,0.0,21.0,0.0,0.0,0.0,0.0,0.0,0.0,0.0,0.0,0.0,0.0,0.0,0.0,0.0,0.0,0.0,0.0,0.0,0.0,0.0,0.0,1.0,2.0,0.0,1.0,0.0,0.0,0.0,2.0,2.0,0.0,5.0,11.0,6.0,3.0,0.0,0.0,0.0,0.0,0.0,0.0,0.0,0.0,0.0,0.0,0.0,0.0,0.0,0.0,0.0,0.0,0.0,0.0,0.0,0.0,1.0,3.0,0.0,2.0,0.0,0.0,0.0,2.0,2.0,0.0,6.0,14.0,9.0,4.0
1024,1.0,1024.0,London_198,,151,453,1092.0,70.0,2.0,169875.0,0.5561670588795096,828.0,15.0,0.0,15.0,27.0,0.0,27.0,64.0,86.0,167.0,33.0,123.0,11.0,28.0,0.0,5.0,6.0,71.0,168.0,208.0,57.0,0.0,0.0,0.0,0.0,0.0,0.0,0.0,0.0,0.0,5.0,0.0,1.0,0.0,4.0,0.0,0.0,0.0,0.0,0.0,5.0,0.0,0.0,0.0,0.0,0.0,0.0,0.0,0.0,0.0,0.0,0.0,0.0,0.0,0.0,0.0,0.0,0.0,0.0,0.0,0.0,0.0,0.0,0.0,0.0,0.0,0.0,0.0,0.0,0.0,0.0,1.0,3.0,1.0,1.0,0.0,0.0,0.0,0.0,0.0,0.0,0.0,0.0,0.0,0.0,0.0,0.0,0.0,0.0,0.0,0.0,0.0,0.0,0.0,0.0,0.0,0.0,0.0,0.0,0.0,0.0,0.0,0.0,0.0,0.0,1.0,6.0,1.0,1.0
1025,1.0,1025.0,London_198,,151,453,1092.0,70.0,2.0,215175.0,0.6224767679814249,928.0,152.0,0.0,152.0,262.0,0.0,262.0,18.0,89.0,170.0,33.0,114.0,13.0,29.0,0.0,5.0,6.0,73.0,166.0,208.0,52.0,0.0,0.0,0.0,0.0,0.0,0.0,0.0,0.0,0.0,75.0,0.0,19.0,4.0,38.0,0.0,6.0,2.0,6.0,0.0,75.0,0.0,0.0,0.0,0.0,0.0,0.0,0.0,0.0,0.0,0.0,0.0,0.0,0.0,0.0,0.0,0.0,0.0,0.0,0.0,0.0,0.0,0.0,0.0,0.0,0.0,0.0,0.0,1.0,0.0,1.0,12.0,24.0,7.0,5.0,0.0,0.0,0.0,0.0,0.0,0.0,0.0,0.0,0.0,0.0,0.0,0.0,0.0,0.0,0.0,0.0,0.0,0.0,0.0,0.0,0.0,0.0,0.0,0.0,0.0,0.0,0.0,2.0,0.0,1.0,17.0,30.0,8.0,6.0
1026,1.0,1026.0,London_198,,151,453,1092.0,70.0,2.0,195696.0,0.6658022708725184,885.0,101.0,1.0,100.0,177.0,10.0,167.0,136.0,77.0,166.0,37.0,128.0,10.0,27.0,0.0,8.0,7.0,69.0,166.0,211.0,60.0,0.0,0.0,0.0,0.0,0.0,0.0,0.0,0.0,0.0,30.0,0.0,7.0,1.0,16.0,0.0,4.0,0.0,2.0,1.0,29.0,0.0,0.0,0.0,0.0,0.0,0.0,0.0,0.0,0.0,0.0,0.0,0.0,0.0,0.0,1.0,0.0,0.0,0.0,0.0,0.0,1.0,0.0,1.0,0.0,0.0,0.0,2.0,1.0,1.0,0.0,7.0,23.0,10.0,2.0,0.0,0.0,0.0,0.0,0.0,0.0,0.0,0.0,0.0,0.0,0.0,0.0,0.0,0.0,1.0,0.0,0.0,0.0,0.0,0.0,1.0,0.0,1.0,0.0,0.0,0.0,2.0,2.0,2.0,0.0,10.0,32.0,15.0,3.0
1027,1.0,1027.0,London_198,,151,453,1092.0,70.0,2.0,184824.0,0.3966644930187613,861.0,118.0,2.0,116.0,228.0,19.0,209.0,125.0,80.0,166.0,25.0,133.0,12.0,30.0,0.0,7.0,8.0,76.0,171.0,198.0,63.0,0.0,0.0,0.0,0.0,0.0,0.0,0.0,0.0,0.0,51.0,0.0,7.0,1.0,36.0,0.0,4.0,0.0,3.0,2.0,49.0,0.0,0.0,0.0,0.0,0.0,0.0,0.0,0.0,0.0,0.0,0.0,0.0,0.0,0.0,0.0,0.0,0.0,0.0,0.0,0.0,2.0,0.0,0.0,0.0,1.0,0.0,0.0,2.0,2.0,3.0,16.0,11.0,5.0,2.0,0.0,0.0,0.0,0.0,0.0,0.0,0.0,0.0,0.0,0.0,0.0,0.0,0.0,0.0,0.0,0.0,0.0,0.0,0.0,0.0,3.0,0.0,0.0,0.0,2.0,0.0,0.0,3.0,2.0,4.0,25.0,16.0,7.0,3.0
1028,1.0,1028.0,London_198,,151,453,1092.0,70.0,2.0,167157.0,0.4370389599353075,822.0,97.0,2.0,95.0,177.0,18.0,159.0,138.0,87.0,155.0,21.0,135.0,10.0,36.0,0.0,9.0,9.0,76.0,169.0,199.0,59.0,0.0,0.0,0.0,0.0,0.0,0.0,0.0,0.0,0.0,32.0,0.0,5.0,3.0,20.0,0.0,4.0,0.0,0.0,1.0,31.0,0.0,0.0,0.0,0.0,0.0,0.0,0.0,0.0,0.0,0.0,0.0,0.0,0.0,0.0,0.0,0.0,0.0,0.0,0.0,0.0,2.0,0.0,1.0,0.0,1.0,0.0,1.0,2.0,0.0,3.0,7.0,14.0,4.0,0.0,0.0,0.0,0.0,0.0,0.0,0.0,0.0,0.0,0.0,0.0,0.0,0.0,0.0,0.0,0.0,0.0,0.0,0.0,0.0,0.0,2.0,0.0,1.0,0.0,1.0,0.0,2.0,3.0,0.0,4.0,10.0,20.0,4.0,0.0
1029,1.0,1029.0,London_198,,151,453,1092.0,70.0,2.0,160815.0,0.5414584930986166,808.0,114.0,0.0,114.0,199.0,0.0,199.0,121.0,82.0,148.0,19.0,139.0,9.0,41.0,2.0,13.0,11.0,77.0,164.0,201.0,55.0,0.0,0.0,0.0,0.0,0.0,0.0,0.0,0.0,0.0,26.0,0.0,4.0,3.0,18.0,0.0,1.0,0.0,0.0,0.0,26.0,0.0,0.0,0.0,0.0,0.0,0.0,0.0,0.0,0.0,0.0,0.0,0.0,0.0,0.0,0.0,0.0,0.0,0.0,0.0,0.0,3.0,0.0,0.0,0.0,4.0,1.0,2.0,3.0,1.0,3.0,16.0,22.0,8.0,5.0,0.0,0.0,0.0,0.0,0.0,0.0,0.0,0.0,0.0,0.0,0.0,0.0,0.0,0.0,0.0,0.0,0.0,0.0,0.0,0.0,4.0,0.0,0.0,0.0,5.0,1.0,3.0,4.0,1.0,5.0,25.0,27.0,11.0,10.0
1030,1.0,1030.0,London_198,,151,453,1092.0,70.0,2.0,143148.0,0.5971591849811375,769.0,91.0,0.0,91.0,155.0,0.0,155.0,154.0,85.0,176.0,18.0,121.0,3.0,35.0,1.0,14.0,13.0,70.0,169.0,201.0,54.0,0.0,0.0,0.0,0.0,0.0,0.0,0.0,0.0,0.0,12.0,0.0,0.0,0.0,11.0,1.0,0.0,0.0,0.0,0.0,12.0,0.0,0.0,0.0,0.0,0.0,0.0,0.0,0.0,0.0,0.0,0.0,0.0,0.0,0.0,0.0,0.0,0.0,0.0,0.0,0.0,0.0,8.0,0.0,2.0,1.0,0.0,1.0,1.0,0.0,3.0,18.0,15.0,10.0,3.0,0.0,0.0,0.0,0.0,0.0,0.0,0.0,0.0,0.0,0.0,0.0,0.0,0.0,0.0,0.0,0.0,0.0,0.0,0.0,0.0,0.0,13.0,0.0,2.0,1.0,0.0,1.0,2.0,0.0,3.0,27.0,18.0,11.0,4.0
1031,1.0,1031.0,London_198,,151,453,1092.0,70.0,2.0,139524.0,0.2968312909360975,761.0,79.0,2.0,77.0,145.0,16.0,129.0,133.0,83.0,167.0,22.0,118.0,6.0,47.0,1.0,9.0,11.0,68.0,167.0,207.0,52.0,0.0,0.0,0.0,0.0,0.0,0.0,0.0,0.0,0.0,7.0,0.0,0.0,0.0,5.0,0.0,1.0,1.0,0.0,1.0,6.0,0.0,0.0,0.0,0.0,0.0,0.0,0.0,0.0,0.0,0.0,0.0,0.0,0.0,0.0,1.0,0.0,0.0,0.0,0.0,0.0,2.0,2.0,0.0,1.0,2.0,0.0,1.0,2.0,1.0,3.0,14.0,22.0,7.0,4.0,0.0,0.0,0.0,0.0,0.0,0.0,0.0,0.0,0.0,0.0,0.0,0.0,0.0,0.0,5.0,0.0,0.0,0.0,0.0,0.0,2.0,2.0,0.0,2.0,2.0,0.0,1.0,4.0,1.0,4.0,20.0,30.0,7.0,6.0
1032,1.0,1032.0,London_198,,151,453,1092.0,70.0,2.0,139071.0,0.4024383539799601,760.0,115.0,1.0,114.0,197.0,9.0,188.0,131.0,74.0,173.0,27.0,120.0,7.0,42.0,2.0,8.0,11.0,78.0,173.0,191.0,56.0,0.0,0.0,0.0,0.0,0.0,0.0,0.0,0.0,0.0,17.0,0.0,0.0,1.0,12.0,2.0,0.0,2.0,0.0,1.0,16.0,0.0,0.0,0.0,0.0,0.0,0.0,0.0,0.0,0.0,0.0,0.0,0.0,0.0,0.0,0.0,0.0,0.0,0.0,0.0,0.0,2.0,2.0,0.0,1.0,2.0,0.0,6.0,2.0,3.0,4.0,21.0,26.0,9.0,6.0,0.0,0.0,0.0,0.0,0.0,0.0,0.0,0.0,0.0,0.0,0.0,0.0,0.0,0.0,0.0,0.0,0.0,0.0,0.0,0.0,3.0,2.0,0.0,1.0,2.0,0.0,6.0,3.0,3.0,6.0,31.0,31.0,10.0,11.0
1033,1.0,1033.0,London_198,,151,453,1092.0,70.0,2.0,118233.0,0.32896425016224384,714.0,8.0,0.0,8.0,12.0,0.0,12.0,169.0,69.0,170.0,28.0,124.0,6.0,42.0,4.0,10.0,13.0,84.0,161.0,195.0,61.0,0.0,0.0,0.0,0.0,0.0,0.0,0.0,0.0,0.0,0.0,0.0,0.0,0.0,0.0,0.0,0.0,0.0,0.0,0.0,0.0,0.0,0.0,0.0,0.0,0.0,0.0,0.0,0.0,0.0,0.0,0.0,0.0,0.0,0.0,0.0,0.0,0.0,0.0,0.0,0.0,0.0,0.0,0.0,1.0,0.0,0.0,0.0,0.0,0.0,0.0,0.0,4.0,1.0,0.0,0.0,0.0,0.0,0.0,0.0,0.0,0.0,0.0,0.0,0.0,0.0,0.0,0.0,0.0,0.0,0.0,0.0,0.0,0.0,0.0,0.0,0.0,0.0,1.0,0.0,0.0,0.0,0.0,0.0,0.0,0.0,7.0,1.0,0.0
1034,1.0,1034.0,London_198,,151,453,1092.0,70.0,2.0,146772.0,0.5107285981066525,777.0,82.0,2.0,80.0,160.0,18.0,142.0,12.0,73.0,168.0,28.0,122.0,7.0,43.0,4.0,8.0,11.0,88.0,162.0,192.0,61.0,0.0,0.0,0.0,0.0,0.0,0.0,0.0,0.0,0.0,19.0,0.0,6.0,2.0,9.0,0.0,2.0,0.0,0.0,2.0,17.0,0.0,0.0,0.0,0.0,0.0,0.0,0.0,0.0,0.0,0.0,0.0,0.0,0.0,0.0,0.0,1.0,0.0,0.0,0.0,0.0,0.0,1.0,1.0,0.0,0.0,0.0,5.0,3.0,0.0,1.0,10.0,18.0,3.0,2.0,0.0,0.0,0.0,0.0,0.0,0.0,0.0,0.0,0.0,0.0,0.0,0.0,0.0,0.0,0.0,1.0,0.0,0.0,0.0,0.0,0.0,3.0,1.0,0.0,0.0,0.0,8.0,4.0,0.0,2.0,14.0,22.0,5.0,2.0
1035,1.0,1035.0,London_198,,151,453,1092.0,70.0,2.0,148584.0,0.7659912849776447,781.0,111.0,2.0,109.0,193.0,18.0,175.0,115.0,83.0,157.0,20.0,132.0,11.0,35.0,5.0,10.0,10.0,85.0,150.0,208.0,51.0,0.0,0.0,0.0,0.0,0.0,0.0,0.0,0.0,0.0,23.0,0.0,8.0,5.0,9.0,1.0,0.0,0.0,0.0,2.0,21.0,0.0,0.0,0.0,0.0,0.0,0.0,0.0,0.0,0.0,0.0,0.0,0.0,0.0,0.0,1.0,0.0,0.0,0.0,0.0,0.0,1.0,1.0,0.0,0.0,0.0,0.0,3.0,1.0,1.0,2.0,16.0,22.0,9.0,3.0,0.0,0.0,0.0,0.0,0.0,0.0,0.0,0.0,0.0,0.0,0.0,0.0,0.0,0.0,1.0,0.0,0.0,0.0,0.0,0.0,1.0,1.0,0.0,0.0,0.0,0.0,3.0,1.0,1.0,3.0,24.0,28.0,11.0,4.0
1036,1.0,1036.0,London_198,,151,453,1092.0,70.0,2.0,133635.0,0.7381504611112177,748.0,53.0,0.0,53.0,81.0,0.0,81.0,145.0,72.0,158.0,27.0,128.0,12.0,37.0,6.0,13.0,8.0,82.0,148.0,215.0,52.0,0.0,0.0,0.0,0.0,0.0,0.0,0.0,0.0,0.0,8.0,0.0,2.0,0.0,6.0,0.0,0.0,0.0,0.0,0.0,8.0,0.0,0.0,0.0,0.0,0.0,0.0,0.0,0.0,0.0,0.0,0.0,0.0,0.0,0.0,0.0,0.0,0.0,0.0,0.0,0.0,0.0,1.0,0.0,0.0,0.0,1.0,1.0,2.0,1.0,1.0,9.0,7.0,4.0,3.0,0.0,0.0,0.0,0.0,0.0,0.0,0.0,0.0,0.0,0.0,0.0,0.0,0.0,0.0,0.0,0.0,0.0,0.0,0.0,0.0,0.0,1.0,0.0,0.0,0.0,1.0,1.0,2.0,1.0,1.0,13.0,11.0,4.0,5.0
1037,1.0,1037.0,London_198,,151,453,1092.0,70.0,2.0,149490.0,0.7562472049612552,783.0,126.0,0.0,126.0,213.0,0.0,213.0,71.0,67.0,157.0,31.0,126.0,10.0,43.0,5.0,14.0,10.0,79.0,144.0,220.0,47.0,0.0,0.0,0.0,0.0,0.0,0.0,0.0,0.0,0.0,30.0,0.0,14.0,0.0,16.0,0.0,0.0,0.0,0.0,0.0,30.0,0.0,0.0,0.0,0.0,0.0,0.0,0.0,0.0,0.0,0.0,0.0,0.0,0.0,0.0,0.0,0.0,0.0,0.0,0.0,0.0,0.0,0.0,0.0,2.0,1.0,0.0,4.0,2.0,1.0,5.0,19.0,18.0,4.0,6.0,0.0,0.0,0.0,0.0,0.0,0.0,0.0,0.0,0.0,0.0,0.0,0.0,0.0,0.0,0.0,0.0,0.0,0.0,0.0,0.0,0.0,0.0,0.0,3.0,1.0,0.0,5.0,4.0,1.0,6.0,26.0,24.0,4.0,6.0
1038,1.0,1038.0,London_198,,151,453,1092.0,70.0,2.0,137259.0,0.4259528738912195,756.0,111.0,2.0,109.0,216.0,17.0,199.0,172.0,59.0,168.0,35.0,128.0,10.0,40.0,3.0,10.0,11.0,73.0,155.0,214.0,53.0,0.0,0.0,0.0,0.0,0.0,0.0,0.0,0.0,0.0,28.0,0.0,9.0,3.0,13.0,0.0,2.0,1.0,0.0,2.0,26.0,0.0,0.0,0.0,0.0,0.0,0.0,0.0,0.0,0.0,0.0,0.0,0.0,0.0,0.0,1.0,0.0,0.0,0.0,0.0,0.0,0.0,0.0,3.0,0.0,1.0,0.0,0.0,4.0,5.0,3.0,17.0,15.0,2.0,1.0,0.0,0.0,0.0,0.0,0.0,0.0,0.0,0.0,0.0,0.0,0.0,0.0,0.0,0.0,2.0,0.0,0.0,0.0,0.0,0.0,0.0,0.0,3.0,0.0,1.0,0.0,0.0,5.0,5.0,3.0,28.0,23.0,2.0,1.0
1039,1.0,1039.0,London_198,,151,453,1092.0,70.0,2.0,125934.0,0.36331325210630894,731.0,1.0,0.0,1.0,2.0,0.0,2.0,158.0,63.0,166.0,35.0,124.0,13.0,44.0,1.0,7.0,9.0,68.0,150.0,226.0,64.0,0.0,0.0,0.0,0.0,0.0,0.0,0.0,0.0,0.0,0.0,0.0,0.0,0.0,0.0,0.0,0.0,0.0,0.0,0.0,0.0,0.0,0.0,0.0,0.0,0.0,0.0,0.0,0.0,0.0,0.0,0.0,0.0,0.0,0.0,0.0,0.0,0.0,0.0,0.0,0.0,0.0,0.0,0.0,0.0,0.0,0.0,0.0,0.0,0.0,0.0,1.0,0.0,0.0,0.0,0.0,0.0,0.0,0.0,0.0,0.0,0.0,0.0,0.0,0.0,0.0,0.0,0.0,0.0,0.0,0.0,0.0,0.0,0.0,0.0,0.0,0.0,0.0,0.0,0.0,0.0,0.0,0.0,0.0,0.0,2.0,0.0,0.0,0.0
1040,1.0,1040.0,London_198,,151,453,1092.0,70.0,2.0,163533.0,0.7240311079658568,814.0,14.0,2.0,12.0,40.0,20.0,20.0,2.0,63.0,167.0,33.0,124.0,14.0,44.0,1.0,7.0,9.0,68.0,149.0,227.0,64.0,0.0,0.0,0.0,0.0,0.0,0.0,0.0,0.0,0.0,7.0,0.0,4.0,1.0,1.0,0.0,0.0,0.0,1.0,1.0,6.0,0.0,0.0,0.0,0.0,0.0,0.0,0.0,0.0,0.0,0.0,0.0,0.0,0.0,0.0,2.0,0.0,0.0,0.0,0.0,0.0,0.0,0.0,0.0,0.0,0.0,0.0,0.0,0.0,0.0,0.0,0.0,2.0,0.0,0.0,0.0,0.0,0.0,0.0,0.0,0.0,0.0,0.0,0.0,0.0,0.0,0.0,0.0,0.0,11.0,0.0,0.0,0.0,0.0,0.0,0.0,0.0,0.0,0.0,0.0,0.0,0.0,0.0,0.0,0.0,0.0,3.0,0.0,0.0
1041,1.0,1041.0,London_198,,151,453,1092.0,70.0,2.0,202038.0,0.45020909211598337,899.0,137.0,2.0,135.0,250.0,15.0,235.0,27.0,66.0,165.0,34.0,130.0,14.0,36.0,1.0,7.0,9.0,70.0,141.0,233.0,63.0,0.0,0.0,0.0,0.0,0.0,0.0,0.0,0.0,0.0,62.0,0.0,25.0,4.0,24.0,0.0,2.0,1.0,6.0,2.0,60.0,0.0,0.0,0.0,0.0,0.0,0.0,0.0,0.0,0.0,0.0,0.0,0.0,0.0,0.0,0.0,0.0,0.0,0.0,0.0,0.0,1.0,1.0,0.0,0.0,0.0,0.0,4.0,2.0,1.0,1.0,16.0,16.0,5.0,3.0,0.0,0.0,0.0,0.0,0.0,0.0,0.0,0.0,0.0,0.0,0.0,0.0,0.0,0.0,0.0,0.0,0.0,0.0,0.0,0.0,1.0,2.0,0.0,0.0,0.0,0.0,5.0,3.0,1.0,1.0,26.0,19.0,7.0,4.0
1042,1.0,1042.0,London_198,,151,453,1092.0,70.0,2.0,180747.0,0.6206974771339446,852.0,139.0,1.0,138.0,258.0,9.0,249.0,143.0,71.0,156.0,38.0,125.0,12.0,43.0,2.0,6.0,7.0,76.0,163.0,207.0,66.0,0.0,0.0,0.0,0.0,0.0,0.0,0.0,0.0,0.0,55.0,0.0,12.0,4.0,27.0,0.0,4.0,1.0,7.0,1.0,54.0,0.0,0.0,0.0,0.0,0.0,0.0,0.0,0.0,0.0,0.0,0.0,0.0,0.0,0.0,0.0,0.0,0.0,0.0,0.0,0.0,0.0,1.0,0.0,0.0,0.0,0.0,3.0,0.0,0.0,1.0,17.0,15.0,6.0,6.0,0.0,0.0,0.0,0.0,0.0,0.0,0.0,0.0,0.0,0.0,0.0,0.0,0.0,0.0,0.0,0.0,0.0,0.0,0.0,0.0,0.0,2.0,0.0,0.0,0.0,0.0,3.0,0.0,0.0,2.0,26.0,21.0,7.0,12.0
1043,1.0,1043.0,London_198,,151,453,1092.0,70.0,2.0,154020.0,0.5014391948934644,793.0,71.0,1.0,70.0,126.0,8.0,118.0,155.0,65.0,160.0,29.0,129.0,10.0,49.0,2.0,9.0,6.0,91.0,159.0,197.0,69.0,0.0,0.0,0.0,0.0,0.0,0.0,0.0,0.0,0.0,12.0,0.0,5.0,1.0,4.0,0.0,1.0,0.0,1.0,0.0,12.0,0.0,0.0,0.0,0.0,0.0,0.0,0.0,0.0,0.0,0.0,0.0,0.0,0.0,0.0,1.0,0.0,0.0,0.0,0.0,0.0,0.0,0.0,0.0,0.0,2.0,0.0,0.0,0.0,1.0,1.0,8.0,19.0,4.0,6.0,0.0,0.0,0.0,0.0,0.0,0.0,0.0,0.0,0.0,0.0,0.0,0.0,0.0,0.0,6.0,0.0,0.0,0.0,0.0,0.0,0.0,0.0,0.0,0.0,2.0,0.0,0.0,0.0,1.0,1.0,12.0,30.0,4.0,7.0
1044,1.0,1044.0,London_198,,151,453,1092.0,70.0,2.0,173499.0,0.42280111904256046,836.0,132.0,0.0,132.0,220.0,0.0,220.0,109.0,69.0,156.0,37.0,127.0,9.0,43.0,3.0,9.0,5.0,92.0,164.0,192.0,69.0,0.0,0.0,0.0,0.0,0.0,0.0,0.0,0.0,0.0,48.0,0.0,13.0,4.0,25.0,0.0,1.0,0.0,5.0,0.0,48.0,0.0,0.0,0.0,0.0,0.0,0.0,0.0,0.0,0.0,0.0,0.0,0.0,0.0,0.0,0.0,0.0,0.0,0.0,0.0,0.0,1.0,0.0,0.0,1.0,1.0,0.0,0.0,2.0,0.0,4.0,25.0,16.0,10.0,1.0,0.0,0.0,0.0,0.0,0.0,0.0,0.0,0.0,0.0,0.0,0.0,0.0,0.0,0.0,0.0,0.0,0.0,0.0,0.0,0.0,1.0,0.0,0.0,1.0,1.0,0.0,0.0,2.0,0.0,4.0,32.0,21.0,11.0,1.0
1045,1.0,1045.0,London_198,,151,453,1092.0,70.0,2.0,147225.0,0.43877740087918937,778.0,101.0,2.0,99.0,193.0,19.0,174.0,149.0,71.0,161.0,40.0,118.0,13.0,42.0,3.0,5.0,4.0,84.0,155.0,210.0,72.0,0.0,0.0,0.0,0.0,0.0,0.0,0.0,0.0,0.0,27.0,0.0,0.0,2.0,17.0,1.0,5.0,0.0,2.0,1.0,26.0,0.0,0.0,0.0,0.0,0.0,0.0,0.0,0.0,0.0,0.0,0.0,0.0,0.0,0.0,1.0,0.0,1.0,0.0,0.0,0.0,0.0,2.0,0.0,3.0,0.0,1.0,2.0,5.0,1.0,8.0,11.0,22.0,3.0,5.0,0.0,0.0,0.0,0.0,0.0,0.0,0.0,0.0,0.0,0.0,0.0,0.0,0.0,0.0,7.0,0.0,7.0,0.0,0.0,0.0,0.0,2.0,0.0,4.0,0.0,2.0,2.0,7.0,1.0,14.0,14.0,30.0,4.0,6.0
1046,1.0,1046.0,London_198,,151,453,1092.0,70.0,2.0,135447.0,0.3563463049940765,752.0,48.0,0.0,48.0,84.0,0.0,84.0,142.0,59.0,173.0,42.0,119.0,9.0,43.0,1.0,7.0,4.0,83.0,148.0,218.0,75.0,0.0,0.0,0.0,0.0,0.0,0.0,0.0,0.0,0.0,7.0,0.0,0.0,0.0,1.0,0.0,1.0,0.0,5.0,0.0,7.0,0.0,0.0,0.0,0.0,0.0,0.0,0.0,0.0,0.0,0.0,0.0,0.0,0.0,0.0,0.0,0.0,0.0,0.0,0.0,0.0,0.0,0.0,0.0,0.0,1.0,0.0,1.0,1.0,1.0,2.0,3.0,10.0,4.0,7.0,0.0,0.0,0.0,0.0,0.0,0.0,0.0,0.0,0.0,0.0,0.0,0.0,0.0,0.0,0.0,0.0,0.0,0.0,0.0,0.0,0.0,0.0,0.0,0.0,1.0,0.0,3.0,2.0,1.0,3.0,3.0,14.0,6.0,9.0
1047,1.0,1047.0,London_198,,151,453,1092.0,70.0,2.0,146319.0,0.48332041408866644,776.0,94.0,0.0,94.0,153.0,0.0,153.0,75.0,67.0,170.0,35.0,120.0,10.0,41.0,2.0,8.0,6.0,76.0,152.0,219.0,70.0,0.0,0.0,0.0,0.0,0.0,0.0,0.0,0.0,0.0,11.0,0.0,0.0,0.0,9.0,0.0,2.0,0.0,0.0,0.0,11.0,0.0,0.0,0.0,0.0,0.0,0.0,0.0,0.0,0.0,0.0,0.0,0.0,0.0,0.0,0.0,0.0,0.0,0.0,0.0,0.0,1.0,1.0,0.0,0.0,2.0,0.0,0.0,2.0,9.0,2.0,11.0,13.0,7.0,2.0,0.0,0.0,0.0,0.0,0.0,0.0,0.0,0.0,0.0,0.0,0.0,0.0,0.0,0.0,0.0,0.0,0.0,0.0,0.0,0.0,1.0,2.0,0.0,0.0,3.0,0.0,0.0,3.0,10.0,2.0,18.0,17.0,8.0,4.0
1048,1.0,1048.0,London_198,,151,453,1092.0,70.0,2.0,139524.0,0.3729210749734193,761.0,30.0,2.0,28.0,68.0,17.0,51.0,138.0,63.0,169.0,36.0,122.0,8.0,46.0,2.0,7.0,7.0,73.0,148.0,225.0,73.0,0.0,0.0,0.0,0.0,0.0,0.0,0.0,0.0,0.0,8.0,0.0,0.0,0.0,3.0,2.0,1.0,0.0,2.0,0.0,8.0,0.0,0.0,0.0,0.0,0.0,0.0,0.0,0.0,0.0,0.0,0.0,0.0,0.0,1.0,0.0,1.0,0.0,0.0,0.0,0.0,0.0,0.0,0.0,0.0,0.0,0.0,1.0,0.0,2.0,0.0,5.0,1.0,3.0,2.0,0.0,0.0,0.0,0.0,0.0,0.0,0.0,0.0,0.0,0.0,0.0,0.0,0.0,4.0,0.0,2.0,0.0,0.0,0.0,0.0,0.0,0.0,0.0,0.0,0.0,0.0,1.0,0.0,3.0,0.0,7.0,3.0,3.0,2.0
1049,1.0,1049.0,London_198,,151,453,1092.0,70.0,2.0,165345.0,0.7655017850920558,818.0,126.0,2.0,124.0,217.0,18.0,199.0,53.0,65.0,171.0,31.0,130.0,8.0,39.0,2.0,7.0,7.0,75.0,136.0,235.0,63.0,0.0,0.0,0.0,0.0,0.0,0.0,0.0,0.0,0.0,34.0,0.0,4.0,0.0,16.0,2.0,11.0,0.0,1.0,2.0,32.0,0.0,0.0,0.0,0.0,0.0,0.0,0.0,0.0,0.0,0.0,0.0,0.0,0.0,0.0,0.0,0.0,0.0,0.0,0.0,0.0,2.0,0.0,0.0,1.0,0.0,0.0,2.0,4.0,4.0,2.0,22.0,25.0,6.0,3.0,0.0,0.0,0.0,0.0,0.0,0.0,0.0,0.0,0.0,0.0,0.0,0.0,0.0,0.0,0.0,0.0,0.0,0.0,0.0,0.0,4.0,0.0,0.0,2.0,0.0,0.0,3.0,5.0,5.0,2.0,35.0,32.0,7.0,5.0
1050,1.0,1050.0,London_198,,151,453,1092.0,70.0,2.0,149943.0,0.3384946370497346,784.0,102.0,2.0,100.0,201.0,18.0,183.0,151.0,66.0,179.0,29.0,122.0,8.0,39.0,1.0,9.0,7.0,85.0,139.0,222.0,69.0,0.0,0.0,0.0,0.0,0.0,0.0,0.0,0.0,0.0,23.0,0.0,7.0,0.0,11.0,0.0,2.0,1.0,2.0,1.0,22.0,0.0,0.0,0.0,0.0,0.0,0.0,0.0,0.0,0.0,0.0,0.0,0.0,0.0,0.0,1.0,0.0,0.0,0.0,0.0,0.0,0.0,0.0,1.0,1.0,2.0,0.0,5.0,1.0,6.0,1.0,11.0,19.0,7.0,0.0,0.0,0.0,0.0,0.0,0.0,0.0,0.0,0.0,0.0,0.0,0.0,0.0,0.0,0.0,9.0,0.0,0.0,0.0,0.0,0.0,0.0,0.0,1.0,3.0,2.0,0.0,9.0,1.0,10.0,2.0,19.0,28.0,8.0,0.0
1051,1.0,1051.0,London_198,,151,453,1092.0,70.0,2.0,145866.0,0.5046323339920491,775.0,96.0,0.0,96.0,158.0,0.0,158.0,160.0,69.0,178.0,34.0,113.0,12.0,35.0,4.0,8.0,2.0,77.0,152.0,222.0,62.0,0.0,0.0,0.0,0.0,0.0,0.0,0.0,0.0,0.0,17.0,0.0,1.0,0.0,10.0,0.0,0.0,1.0,5.0,0.0,17.0,0.0,0.0,0.0,0.0,0.0,0.0,0.0,0.0,0.0,0.0,0.0,0.0,0.0,0.0,0.0,0.0,0.0,0.0,0.0,0.0,0.0,4.0,0.0,0.0,3.0,0.0,4.0,1.0,5.0,0.0,11.0,20.0,5.0,7.0,0.0,0.0,0.0,0.0,0.0,0.0,0.0,0.0,0.0,0.0,0.0,0.0,0.0,0.0,0.0,0.0,0.0,0.0,0.0,0.0,0.0,4.0,0.0,0.0,3.0,0.0,6.0,1.0,5.0,0.0,16.0,28.0,7.0,8.0
1052,1.0,1052.0,London_198,,151,453,1092.0,70.0,2.0,136353.0,0.5345573911909014,754.0,29.0,1.0,28.0,57.0,11.0,46.0,128.0,63.0,184.0,36.0,103.0,19.0,31.0,5.0,12.0,1.0,68.0,155.0,229.0,64.0,0.0,0.0,0.0,0.0,0.0,0.0,0.0,0.0,0.0,7.0,0.0,0.0,0.0,5.0,0.0,2.0,0.0,0.0,0.0,7.0,0.0,0.0,0.0,0.0,0.0,0.0,0.0,0.0,0.0,0.0,0.0,0.0,0.0,0.0,1.0,0.0,0.0,0.0,0.0,0.0,1.0,0.0,0.0,0.0,0.0,0.0,1.0,1.0,3.0,0.0,5.0,5.0,2.0,0.0,0.0,0.0,0.0,0.0,0.0,0.0,0.0,0.0,0.0,0.0,0.0,0.0,0.0,0.0,8.0,0.0,0.0,0.0,0.0,0.0,1.0,0.0,0.0,0.0,0.0,0.0,1.0,1.0,4.0,0.0,8.0,7.0,3.0,0.0
1053,1.0,1053.0,London_198,,151,453,1092.0,70.0,2.0,167157.0,0.5389694878831506,822.0,91.0,1.0,90.0,167.0,10.0,157.0,46.0,58.0,185.0,37.0,103.0,19.0,33.0,6.0,12.0,1.0,74.0,157.0,221.0,63.0,0.0,0.0,0.0,0.0,0.0,0.0,0.0,0.0,0.0,32.0,3.0,5.0,0.0,16.0,3.0,3.0,0.0,2.0,1.0,31.0,0.0,0.0,0.0,0.0,0.0,0.0,0.0,0.0,0.0,0.0,0.0,0.0,0.0,1.0,0.0,0.0,0.0,0.0,0.0,0.0,1.0,0.0,0.0,0.0,3.0,0.0,2.0,0.0,3.0,4.0,8.0,20.0,3.0,3.0,0.0,0.0,0.0,0.0,0.0,0.0,0.0,0.0,0.0,0.0,0.0,0.0,0.0,2.0,0.0,0.0,0.0,0.0,0.0,0.0,1.0,0.0,0.0,0.0,3.0,0.0,2.0,0.0,5.0,4.0,9.0,27.0,3.0,4.0
1054,1.0,1054.0,London_198,,151,453,1092.0,70.0,2.0,158550.0,0.45027469494380057,803.0,71.0,0.0,71.0,132.0,0.0,132.0,113.0,59.0,172.0,36.0,125.0,15.0,31.0,4.0,11.0,3.0,81.0,162.0,207.0,55.0,0.0,0.0,0.0,0.0,0.0,0.0,0.0,0.0,0.0,26.0,0.0,5.0,0.0,16.0,0.0,4.0,1.0,0.0,0.0,26.0,0.0,0.0,0.0,0.0,0.0,0.0,0.0,0.0,0.0,0.0,0.0,0.0,0.0,0.0,0.0,0.0,0.0,0.0,0.0,0.0,1.0,0.0,1.0,0.0,1.0,0.0,1.0,2.0,2.0,5.0,8.0,11.0,5.0,4.0,0.0,0.0,0.0,0.0,0.0,0.0,0.0,0.0,0.0,0.0,0.0,0.0,0.0,0.0,0.0,0.0,0.0,0.0,0.0,0.0,1.0,0.0,1.0,0.0,1.0,0.0,1.0,2.0,2.0,5.0,10.0,17.0,5.0,6.0
1055,1.0,1055.0,London_198,,151,453,1092.0,70.0,2.0,172140.0,0.4541788278147578,833.0,80.0,0.0,80.0,142.0,0.0,142.0,91.0,68.0,164.0,34.0,122.0,16.0,35.0,3.0,11.0,2.0,84.0,160.0,207.0,51.0,0.0,0.0,0.0,0.0,0.0,0.0,0.0,0.0,0.0,24.0,0.0,8.0,0.0,13.0,0.0,0.0,0.0,3.0,0.0,24.0,0.0,0.0,0.0,0.0,0.0,0.0,0.0,0.0,0.0,0.0,0.0,0.0,0.0,0.0,0.0,0.0,0.0,0.0,0.0,0.0,0.0,1.0,0.0,0.0,1.0,0.0,2.0,3.0,1.0,0.0,11.0,13.0,8.0,4.0,0.0,0.0,0.0,0.0,0.0,0.0,0.0,0.0,0.0,0.0,0.0,0.0,0.0,0.0,0.0,0.0,0.0,0.0,0.0,0.0,0.0,1.0,0.0,0.0,1.0,0.0,2.0,5.0,1.0,0.0,16.0,21.0,8.0,8.0
1056,1.0,1056.0,London_198,,151,453,1092.0,70.0,2.0,172140.0,0.6932913658674806,833.0,106.0,2.0,104.0,201.0,19.0,182.0,104.0,70.0,180.0,35.0,103.0,12.0,41.0,2.0,10.0,4.0,83.0,157.0,209.0,52.0,0.0,0.0,0.0,0.0,0.0,0.0,0.0,0.0,0.0,33.0,0.0,11.0,1.0,18.0,0.0,2.0,0.0,1.0,2.0,31.0,0.0,0.0,0.0,0.0,0.0,0.0,0.0,0.0,0.0,0.0,0.0,0.0,0.0,0.0,0.0,0.0,0.0,0.0,0.0,0.0,1.0,0.0,0.0,0.0,1.0,1.0,2.0,0.0,0.0,4.0,14.0,18.0,6.0,4.0,0.0,0.0,0.0,0.0,0.0,0.0,0.0,0.0,0.0,0.0,0.0,0.0,0.0,0.0,0.0,0.0,0.0,0.0,0.0,0.0,1.0,0.0,0.0,0.0,1.0,1.0,2.0,0.0,0.0,5.0,18.0,26.0,7.0,7.0
1057,1.0,1057.0,London_198,,151,453,1092.0,70.0,2.0,155832.0,0.43238791986368597,797.0,100.0,1.0,99.0,182.0,10.0,172.0,126.0,68.0,172.0,39.0,107.0,12.0,44.0,0.0,11.0,6.0,74.0,148.0,225.0,58.0,0.0,0.0,0.0,0.0,0.0,0.0,0.0,0.0,0.0,19.0,0.0,3.0,0.0,15.0,0.0,0.0,1.0,0.0,0.0,19.0,0.0,0.0,0.0,0.0,0.0,0.0,0.0,0.0,0.0,0.0,0.0,0.0,0.0,0.0,0.0,0.0,0.0,0.0,0.0,0.0,0.0,1.0,2.0,0.0,2.0,0.0,6.0,3.0,2.0,5.0,22.0,12.0,9.0,4.0,0.0,0.0,0.0,0.0,0.0,0.0,0.0,0.0,0.0,0.0,0.0,0.0,0.0,0.0,0.0,0.0,0.0,0.0,0.0,0.0,0.0,1.0,2.0,0.0,2.0,0.0,8.0,3.0,2.0,6.0,32.0,16.0,13.0,5.0
1058,1.0,1058.0,London_198,,151,453,1092.0,70.0,2.0,147678.0,0.7964882107917219,779.0,69.0,0.0,69.0,110.0,0.0,110.0,145.0,55.0,183.0,38.0,120.0,11.0,34.0,2.0,10.0,8.0,72.0,142.0,231.0,55.0,0.0,0.0,0.0,0.0,0.0,0.0,0.0,0.0,0.0,16.0,0.0,3.0,0.0,11.0,0.0,0.0,0.0,2.0,0.0,16.0,0.0,0.0,0.0,0.0,0.0,0.0,0.0,0.0,0.0,0.0,0.0,0.0,0.0,0.0,0.0,0.0,0.0,0.0,0.0,0.0,0.0,0.0,0.0,0.0,2.0,1.0,1.0,6.0,3.0,0.0,9.0,12.0,6.0,2.0,0.0,0.0,0.0,0.0,0.0,0.0,0.0,0.0,0.0,0.0,0.0,0.0,0.0,0.0,0.0,0.0,0.0,0.0,0.0,0.0,0.0,0.0,0.0,0.0,2.0,1.0,2.0,6.0,3.0,0.0,11.0,15.0,7.0,2.0
1059,1.0,1059.0,London_198,,151,453,1092.0,70.0,2.0,162627.0,0.7182110669091344,812.0,124.0,0.0,124.0,235.0,0.0,235.0,86.0,52.0,183.0,34.0,132.0,9.0,32.0,2.0,9.0,12.0,74.0,156.0,211.0,57.0,0.0,0.0,0.0,0.0,0.0,0.0,0.0,0.0,0.0,41.0,0.0,12.0,1.0,20.0,1.0,2.0,0.0,5.0,0.0,41.0,0.0,0.0,0.0,0.0,0.0,0.0,0.0,0.0,0.0,0.0,0.0,0.0,0.0,0.0,0.0,0.0,0.0,0.0,0.0,0.0,0.0,1.0,0.0,0.0,2.0,0.0,2.0,1.0,2.0,3.0,16.0,18.0,9.0,8.0,0.0,0.0,0.0,0.0,0.0,0.0,0.0,0.0,0.0,0.0,0.0,0.0,0.0,0.0,0.0,0.0,0.0,0.0,0.0,0.0,0.0,1.0,0.0,0.0,2.0,0.0,2.0,1.0,3.0,5.0,23.0,24.0,12.0,14.0
1060,1.0,1060.0,London_198,,151,453,1092.0,70.0,2.0,149037.0,0.9413560049142689,782.0,62.0,1.0,61.0,121.0,11.0,110.0,160.0,45.0,179.0,42.0,136.0,11.0,30.0,2.0,8.0,10.0,75.0,145.0,223.0,56.0,0.0,0.0,0.0,0.0,0.0,0.0,0.0,0.0,0.0,16.0,0.0,4.0,0.0,11.0,0.0,1.0,0.0,0.0,1.0,15.0,0.0,0.0,0.0,0.0,0.0,0.0,0.0,0.0,0.0,0.0,0.0,0.0,0.0,0.0,1.0,0.0,0.0,0.0,0.0,0.0,0.0,0.0,0.0,0.0,0.0,0.0,1.0,1.0,5.0,0.0,10.0,7.0,6.0,1.0,0.0,0.0,0.0,0.0,0.0,0.0,0.0,0.0,0.0,0.0,0.0,0.0,0.0,0.0,1.0,0.0,0.0,0.0,0.0,0.0,0.0,0.0,0.0,0.0,0.0,0.0,1.0,1.0,7.0,0.0,14.0,11.0,6.0,2.0
1061,1.0,1061.0,London_198,,151,453,1092.0,70.0,2.0,167157.0,0.6700865658931434,822.0,126.0,0.0,126.0,218.0,0.0,218.0,89.0,47.0,177.0,33.0,142.0,10.0,32.0,2.0,10.0,10.0,75.0,153.0,215.0,61.0,0.0,0.0,0.0,0.0,0.0,0.0,0.0,0.0,0.0,38.0,0.0,11.0,2.0,15.0,0.0,3.0,1.0,6.0,0.0,38.0,0.0,0.0,0.0,0.0,0.0,0.0,0.0,0.0,0.0,0.0,0.0,0.0,0.0,0.0,0.0,0.0,0.0,0.0,0.0,0.0,0.0,2.0,2.0,1.0,0.0,2.0,3.0,3.0,2.0,4.0,16.0,23.0,8.0,6.0,0.0,0.0,0.0,0.0,0.0,0.0,0.0,0.0,0.0,0.0,0.0,0.0,0.0,0.0,0.0,0.0,0.0,0.0,0.0,0.0,0.0,6.0,2.0,1.0,0.0,6.0,4.0,4.0,2.0,7.0,23.0,35.0,10.0,12.0
1062,1.0,1062.0,London_198,,151,453,1092.0,70.0,2.0,145413.0,0.5126299220137298,774.0,13.0,2.0,11.0,36.0,19.0,17.0,164.0,57.0,170.0,40.0,133.0,6.0,37.0,3.0,7.0,11.0,78.0,166.0,198.0,67.0,0.0,0.0,0.0,0.0,0.0,0.0,0.0,0.0,0.0,4.0,0.0,1.0,1.0,1.0,0.0,1.0,0.0,0.0,2.0,2.0,0.0,0.0,0.0,0.0,0.0,0.0,0.0,0.0,0.0,0.0,0.0,0.0,0.0,1.0,0.0,0.0,0.0,0.0,0.0,0.0,0.0,0.0,0.0,0.0,0.0,0.0,0.0,0.0,0.0,0.0,4.0,3.0,1.0,0.0,0.0,0.0,0.0,0.0,0.0,0.0,0.0,0.0,0.0,0.0,0.0,0.0,0.0,7.0,0.0,0.0,0.0,0.0,0.0,0.0,0.0,0.0,0.0,0.0,0.0,0.0,0.0,0.0,0.0,0.0,6.0,3.0,2.0,0.0
1063,1.0,1063.0,London_198,,151,453,1092.0,70.0,2.0,169875.0,0.9362215651199222,828.0,85.0,2.0,83.0,156.0,19.0,137.0,25.0,63.0,162.0,41.0,136.0,5.0,35.0,3.0,8.0,10.0,79.0,164.0,200.0,63.0,0.0,0.0,0.0,0.0,0.0,0.0,0.0,0.0,0.0,28.0,0.0,7.0,2.0,12.0,2.0,1.0,0.0,4.0,2.0,26.0,0.0,0.0,0.0,0.0,0.0,0.0,0.0,0.0,0.0,0.0,0.0,0.0,0.0,0.0,1.0,0.0,0.0,0.0,0.0,0.0,0.0,0.0,1.0,0.0,2.0,0.0,2.0,0.0,0.0,3.0,12.0,7.0,6.0,2.0,0.0,0.0,0.0,0.0,0.0,0.0,0.0,0.0,0.0,0.0,0.0,0.0,0.0,0.0,1.0,0.0,0.0,0.0,0.0,0.0,0.0,0.0,1.0,0.0,3.0,0.0,2.0,0.0,0.0,3.0,19.0,8.0,7.0,3.0
1064,1.0,1064.0,London_198,,151,453,1092.0,70.0,2.0,167157.0,0.6168782780878246,822.0,137.0,1.0,136.0,243.0,10.0,233.0,105.0,66.0,155.0,40.0,136.0,5.0,38.0,4.0,9.0,6.0,86.0,147.0,214.0,60.0,0.0,0.0,0.0,0.0,0.0,0.0,0.0,0.0,0.0,43.0,0.0,10.0,3.0,20.0,1.0,5.0,0.0,4.0,1.0,42.0,0.0,0.0,0.0,0.0,0.0,0.0,0.0,0.0,0.0,0.0,0.0,0.0,0.0,0.0,0.0,0.0,0.0,0.0,0.0,0.0,0.0,0.0,0.0,0.0,0.0,0.0,3.0,0.0,0.0,5.0,26.0,26.0,6.0,3.0,0.0,0.0,0.0,0.0,0.0,0.0,0.0,0.0,0.0,0.0,0.0,0.0,0.0,0.0,0.0,0.0,0.0,0.0,0.0,0.0,0.0,0.0,0.0,0.0,0.0,0.0,3.0,0.0,0.0,6.0,36.0,34.0,9.0,4.0
1065,1.0,1065.0,London_198,,151,453,1092.0,70.0,2.0,144054.0,0.3968891769181937,771.0,109.0,0.0,109.0,186.0,0.0,186.0,179.0,61.0,167.0,39.0,126.0,5.0,44.0,3.0,8.0,7.0,90.0,147.0,209.0,61.0,0.0,0.0,0.0,0.0,0.0,0.0,0.0,0.0,0.0,20.0,0.0,2.0,1.0,13.0,0.0,2.0,0.0,2.0,0.0,20.0,0.0,0.0,0.0,0.0,0.0,0.0,0.0,0.0,0.0,0.0,0.0,0.0,0.0,0.0,0.0,0.0,0.0,0.0,0.0,0.0,0.0,1.0,0.0,2.0,1.0,0.0,3.0,2.0,3.0,6.0,17.0,28.0,5.0,8.0,0.0,0.0,0.0,0.0,0.0,0.0,0.0,0.0,0.0,0.0,0.0,0.0,0.0,0.0,0.0,0.0,0.0,0.0,0.0,0.0,0.0,1.0,0.0,3.0,1.0,0.0,5.0,2.0,4.0,12.0,29.0,39.0,8.0,10.0
1066,1.0,1066.0,London_198,,151,453,1092.0,70.0,2.0,134994.0,0.6452310390304774,751.0,133.0,0.0,133.0,229.0,0.0,229.0,158.0,58.0,162.0,47.0,124.0,14.0,37.0,1.0,10.0,6.0,76.0,153.0,218.0,48.0,0.0,0.0,0.0,0.0,0.0,0.0,0.0,0.0,0.0,19.0,0.0,0.0,0.0,13.0,0.0,1.0,0.0,5.0,0.0,19.0,0.0,0.0,0.0,0.0,0.0,0.0,0.0,0.0,0.0,0.0,0.0,0.0,0.0,0.0,0.0,0.0,0.0,0.0,0.0,0.0,0.0,0.0,2.0,0.0,1.0,0.0,14.0,7.0,3.0,6.0,24.0,27.0,17.0,2.0,0.0,0.0,0.0,0.0,0.0,0.0,0.0,0.0,0.0,0.0,0.0,0.0,0.0,0.0,0.0,0.0,0.0,0.0,0.0,0.0,0.0,0.0,2.0,0.0,1.0,0.0,16.0,9.0,5.0,7.0,39.0,40.0,20.0,2.0
1067,1.0,1067.0,London_198,,151,453,1092.0,70.0,2.0,106455.0,0.28579967003315687,688.0,12.0,0.0,12.0,20.0,0.0,20.0,198.0,61.0,165.0,37.0,135.0,13.0,33.0,1.0,8.0,9.0,77.0,150.0,217.0,47.0,0.0,0.0,0.0,0.0,0.0,0.0,0.0,0.0,0.0,0.0,0.0,0.0,0.0,0.0,0.0,0.0,0.0,0.0,0.0,0.0,0.0,0.0,0.0,0.0,0.0,0.0,0.0,0.0,0.0,0.0,0.0,0.0,0.0,0.0,0.0,0.0,0.0,0.0,0.0,0.0,0.0,0.0,0.0,0.0,0.0,0.0,1.0,0.0,1.0,2.0,4.0,2.0,2.0,1.0,0.0,0.0,0.0,0.0,0.0,0.0,0.0,0.0,0.0,0.0,0.0,0.0,0.0,0.0,0.0,0.0,0.0,0.0,0.0,0.0,0.0,0.0,0.0,0.0,0.0,0.0,2.0,0.0,1.0,3.0,5.0,4.0,2.0,2.0
1068,1.0,1068.0,London_198,,151,453,1092.0,70.0,2.0,140430.0,0.45170990796759725,763.0,50.0,1.0,49.0,97.0,10.0,87.0,20.0,62.0,164.0,33.0,140.0,13.0,30.0,2.0,9.0,9.0,75.0,150.0,219.0,50.0,0.0,0.0,0.0,0.0,0.0,0.0,0.0,0.0,0.0,12.0,0.0,2.0,0.0,8.0,0.0,0.0,0.0,2.0,1.0,11.0,0.0,0.0,0.0,0.0,0.0,0.0,0.0,0.0,0.0,0.0,0.0,0.0,0.0,0.0,1.0,0.0,0.0,0.0,0.0,0.0,0.0,0.0,0.0,0.0,0.0,1.0,2.0,0.0,0.0,2.0,8.0,12.0,7.0,2.0,0.0,0.0,0.0,0.0,0.0,0.0,0.0,0.0,0.0,0.0,0.0,0.0,0.0,0.0,8.0,0.0,0.0,0.0,0.0,0.0,0.0,0.0,0.0,0.0,0.0,2.0,3.0,0.0,0.0,3.0,10.0,15.0,8.0,3.0
1069,1.0,1069.0,London_198,,151,453,1092.0,70.0,2.0,159909.0,0.3741569428239018,806.0,27.0,2.0,25.0,61.0,19.0,42.0,80.0,55.0,165.0,34.0,141.0,15.0,29.0,3.0,11.0,5.0,80.0,143.0,225.0,42.0,0.0,0.0,0.0,0.0,0.0,0.0,0.0,0.0,0.0,6.0,0.0,3.0,0.0,2.0,0.0,1.0,0.0,0.0,2.0,4.0,0.0,0.0,0.0,0.0,0.0,0.0,0.0,0.0,0.0,0.0,0.0,0.0,0.0,0.0,0.0,0.0,0.0,0.0,0.0,0.0,0.0,0.0,1.0,0.0,0.0,0.0,0.0,0.0,0.0,1.0,5.0,7.0,3.0,0.0,0.0,0.0,0.0,0.0,0.0,0.0,0.0,0.0,0.0,0.0,0.0,0.0,0.0,0.0,0.0,0.0,0.0,0.0,0.0,0.0,0.0,0.0,1.0,0.0,0.0,0.0,0.0,0.0,0.0,1.0,7.0,10.0,3.0,0.0
1070,1.0,1070.0,London_198,,151,453,1092.0,70.0,2.0,192978.0,0.5132873030379415,879.0,108.0,2.0,106.0,220.0,18.0,202.0,42.0,56.0,169.0,28.0,138.0,17.0,29.0,3.0,13.0,6.0,82.0,141.0,224.0,41.0,0.0,0.0,0.0,0.0,0.0,0.0,0.0,0.0,0.0,37.0,0.0,13.0,3.0,15.0,0.0,4.0,0.0,2.0,2.0,35.0,0.0,0.0,0.0,0.0,0.0,0.0,0.0,0.0,0.0,0.0,0.0,0.0,0.0,0.0,0.0,0.0,0.0,0.0,0.0,0.0,0.0,0.0,1.0,0.0,0.0,0.0,4.0,3.0,1.0,3.0,16.0,17.0,4.0,2.0,0.0,0.0,0.0,0.0,0.0,0.0,0.0,0.0,0.0,0.0,0.0,0.0,0.0,0.0,0.0,0.0,0.0,0.0,0.0,0.0,0.0,0.0,1.0,0.0,0.0,0.0,5.0,4.0,2.0,3.0,24.0,26.0,7.0,2.0
1071,1.0,1071.0,London_198,,151,453,1092.0,70.0,2.0,176670.0,0.4745370610617101,843.0,90.0,0.0,90.0,149.0,0.0,149.0,145.0,59.0,160.0,31.0,137.0,16.0,35.0,3.0,12.0,2.0,83.0,143.0,225.0,40.0,0.0,0.0,0.0,0.0,0.0,0.0,0.0,0.0,0.0,32.0,0.0,8.0,5.0,16.0,0.0,1.0,0.0,2.0,0.0,32.0,0.0,0.0,0.0,0.0,0.0,0.0,0.0,0.0,0.0,0.0,0.0,0.0,0.0,0.0,0.0,0.0,0.0,0.0,0.0,0.0,1.0,0.0,0.0,0.0,0.0,0.0,2.0,2.0,0.0,2.0,13.0,5.0,4.0,3.0,0.0,0.0,0.0,0.0,0.0,0.0,0.0,0.0,0.0,0.0,0.0,0.0,0.0,0.0,0.0,0.0,0.0,0.0,0.0,0.0,1.0,0.0,0.0,0.0,0.0,0.0,3.0,4.0,0.0,2.0,20.0,8.0,4.0,3.0
1072,1.0,1072.0,London_198,,151,453,1092.0,70.0,2.0,174405.0,0.4430961140897125,838.0,134.0,0.0,134.0,222.0,0.0,222.0,98.0,66.0,165.0,34.0,123.0,15.0,38.0,3.0,9.0,2.0,76.0,142.0,233.0,41.0,0.0,0.0,0.0,0.0,0.0,0.0,0.0,0.0,0.0,38.0,0.0,7.0,2.0,26.0,0.0,1.0,0.0,2.0,0.0,38.0,0.0,0.0,0.0,0.0,0.0,0.0,0.0,0.0,0.0,0.0,0.0,0.0,0.0,0.0,0.0,0.0,0.0,0.0,0.0,0.0,0.0,1.0,1.0,0.0,0.0,1.0,1.0,1.0,0.0,1.0,19.0,18.0,2.0,2.0,0.0,0.0,0.0,0.0,0.0,0.0,0.0,0.0,0.0,0.0,0.0,0.0,0.0,0.0,0.0,0.0,0.0,0.0,0.0,0.0,0.0,1.0,1.0,0.0,0.0,1.0,1.0,2.0,0.0,1.0,29.0,27.0,2.0,3.0
1073,1.0,1073.0,London_198,,151,453,1092.0,70.0,2.0,149943.0,0.4493039189837873,784.0,104.0,2.0,102.0,188.0,16.0,172.0,159.0,59.0,152.0,37.0,137.0,18.0,40.0,1.0,9.0,3.0,82.0,150.0,218.0,39.0,0.0,0.0,0.0,0.0,0.0,0.0,0.0,0.0,0.0,16.0,0.0,1.0,2.0,6.0,0.0,4.0,0.0,3.0,2.0,14.0,0.0,0.0,0.0,0.0,0.0,0.0,0.0,0.0,0.0,0.0,0.0,0.0,0.0,0.0,1.0,1.0,0.0,0.0,0.0,0.0,0.0,3.0,0.0,0.0,0.0,0.0,1.0,2.0,2.0,1.0,20.0,13.0,5.0,7.0,0.0,0.0,0.0,0.0,0.0,0.0,0.0,0.0,0.0,0.0,0.0,0.0,0.0,0.0,6.0,1.0,0.0,0.0,0.0,0.0,0.0,4.0,0.0,0.0,0.0,0.0,1.0,2.0,2.0,2.0,32.0,18.0,5.0,9.0
1074,1.0,1074.0,London_198,,151,453,1092.0,70.0,2.0,141789.0,0.5044567750301212,766.0,100.0,1.0,99.0,173.0,9.0,164.0,162.0,58.0,162.0,35.0,139.0,7.0,40.0,1.0,11.0,4.0,89.0,147.0,213.0,51.0,0.0,0.0,0.0,0.0,0.0,0.0,0.0,0.0,0.0,13.0,0.0,0.0,0.0,10.0,0.0,0.0,0.0,3.0,1.0,12.0,0.0,0.0,0.0,0.0,0.0,0.0,0.0,0.0,0.0,0.0,0.0,0.0,0.0,0.0,0.0,0.0,0.0,0.0,0.0,0.0,2.0,1.0,0.0,0.0,0.0,1.0,4.0,1.0,2.0,0.0,17.0,27.0,7.0,6.0,0.0,0.0,0.0,0.0,0.0,0.0,0.0,0.0,0.0,0.0,0.0,0.0,0.0,0.0,0.0,0.0,0.0,0.0,0.0,0.0,3.0,1.0,0.0,0.0,0.0,2.0,6.0,1.0,2.0,0.0,21.0,35.0,8.0,8.0
1075,1.0,1075.0,London_198,,151,453,1092.0,70.0,2.0,133635.0,0.31779898004606366,748.0,117.0,0.0,117.0,213.0,0.0,213.0,146.0,56.0,159.0,35.0,140.0,8.0,43.0,0.0,12.0,6.0,95.0,134.0,218.0,56.0,0.0,0.0,0.0,0.0,0.0,0.0,0.0,0.0,0.0,26.0,0.0,0.0,0.0,22.0,0.0,0.0,1.0,3.0,0.0,26.0,0.0,0.0,0.0,0.0,0.0,0.0,0.0,0.0,0.0,0.0,0.0,0.0,0.0,0.0,0.0,0.0,0.0,0.0,0.0,0.0,0.0,0.0,1.0,0.0,0.0,0.0,3.0,2.0,0.0,3.0,20.0,24.0,5.0,7.0,0.0,0.0,0.0,0.0,0.0,0.0,0.0,0.0,0.0,0.0,0.0,0.0,0.0,0.0,0.0,0.0,0.0,0.0,0.0,0.0,0.0,0.0,1.0,0.0,0.0,0.0,4.0,2.0,0.0,3.0,28.0,37.0,7.0,7.0
1076,1.0,1076.0,London_198,,151,453,1092.0,70.0,2.0,109173.0,0.3012422719039023,694.0,3.0,2.0,1.0,20.0,18.0,2.0,171.0,67.0,147.0,37.0,143.0,8.0,39.0,3.0,9.0,10.0,92.0,137.0,214.0,53.0,0.0,0.0,0.0,0.0,0.0,0.0,0.0,0.0,0.0,2.0,0.0,0.0,0.0,0.0,0.0,2.0,0.0,0.0,2.0,0.0,0.0,0.0,0.0,0.0,0.0,0.0,0.0,0.0,0.0,0.0,0.0,0.0,0.0,0.0,0.0,0.0,0.0,0.0,0.0,0.0,0.0,0.0,0.0,0.0,0.0,0.0,0.0,0.0,0.0,0.0,0.0,0.0,0.0,0.0,0.0,0.0,0.0,0.0,0.0,0.0,0.0,0.0,0.0,0.0,0.0,0.0,0.0,0.0,0.0,0.0,0.0,0.0,0.0,0.0,0.0,0.0,0.0,0.0,0.0,0.0,0.0,0.0,0.0,0.0,0.0,0.0,0.0,0.0
1077,1.0,1077.0,London_198,,151,453,1092.0,70.0,2.0,140430.0,0.40968386689201,763.0,45.0,2.0,43.0,95.0,18.0,77.0,6.0,66.0,149.0,38.0,142.0,7.0,39.0,3.0,9.0,11.0,87.0,138.0,217.0,53.0,0.0,0.0,0.0,0.0,0.0,0.0,0.0,0.0,0.0,8.0,0.0,0.0,0.0,6.0,1.0,1.0,0.0,0.0,2.0,6.0,0.0,0.0,0.0,0.0,0.0,0.0,0.0,0.0,0.0,0.0,0.0,0.0,0.0,1.0,1.0,0.0,0.0,0.0,0.0,0.0,0.0,1.0,0.0,0.0,0.0,0.0,1.0,0.0,0.0,1.0,12.0,8.0,2.0,7.0,0.0,0.0,0.0,0.0,0.0,0.0,0.0,0.0,0.0,0.0,0.0,0.0,0.0,2.0,2.0,0.0,0.0,0.0,0.0,0.0,0.0,2.0,0.0,0.0,0.0,0.0,1.0,0.0,0.0,2.0,18.0,14.0,2.0,8.0
1078,1.0,1078.0,London_198,,151,453,1092.0,70.0,2.0,158550.0,0.5302853819448501,803.0,95.0,0.0,95.0,159.0,0.0,159.0,73.0,66.0,148.0,41.0,135.0,7.0,40.0,3.0,13.0,9.0,77.0,138.0,229.0,53.0,0.0,0.0,0.0,0.0,0.0,0.0,0.0,0.0,0.0,27.0,0.0,3.0,5.0,14.0,0.0,4.0,0.0,1.0,0.0,27.0,0.0,0.0,0.0,0.0,0.0,0.0,0.0,0.0,0.0,0.0,0.0,0.0,0.0,0.0,0.0,0.0,0.0,0.0,0.0,0.0,1.0,0.0,1.0,0.0,0.0,0.0,0.0,2.0,0.0,1.0,11.0,10.0,10.0,0.0,0.0,0.0,0.0,0.0,0.0,0.0,0.0,0.0,0.0,0.0,0.0,0.0,0.0,0.0,0.0,0.0,0.0,0.0,0.0,0.0,1.0,0.0,1.0,0.0,0.0,0.0,0.0,2.0,0.0,1.0,14.0,11.0,14.0,0.0
1079,1.0,1079.0,London_198,,151,453,1092.0,70.0,2.0,145413.0,0.43950240802951157,774.0,131.0,0.0,131.0,236.0,0.0,236.0,111.0,65.0,168.0,37.0,129.0,8.0,28.0,6.0,12.0,10.0,82.0,128.0,233.0,55.0,0.0,0.0,0.0,0.0,0.0,0.0,0.0,0.0,0.0,30.0,0.0,3.0,5.0,16.0,1.0,3.0,0.0,2.0,0.0,30.0,0.0,0.0,0.0,0.0,0.0,0.0,0.0,0.0,0.0,0.0,0.0,0.0,0.0,0.0,0.0,0.0,0.0,0.0,0.0,0.0,1.0,0.0,0.0,0.0,0.0,1.0,0.0,3.0,2.0,9.0,22.0,31.0,12.0,7.0,0.0,0.0,0.0,0.0,0.0,0.0,0.0,0.0,0.0,0.0,0.0,0.0,0.0,0.0,0.0,0.0,0.0,0.0,0.0,0.0,1.0,0.0,0.0,0.0,0.0,2.0,0.0,3.0,2.0,13.0,32.0,48.0,15.0,10.0
1080,1.0,1080.0,London_198,,151,453,1092.0,70.0,2.0,115062.0,0.2859351229853928,707.0,76.0,2.0,74.0,149.0,17.0,132.0,189.0,74.0,161.0,37.0,129.0,15.0,22.0,8.0,7.0,9.0,68.0,147.0,229.0,47.0,0.0,0.0,0.0,0.0,0.0,0.0,0.0,0.0,0.0,5.0,0.0,0.0,0.0,3.0,0.0,2.0,0.0,0.0,2.0,3.0,0.0,0.0,0.0,0.0,0.0,0.0,0.0,0.0,0.0,0.0,0.0,0.0,0.0,0.0,1.0,0.0,1.0,0.0,0.0,0.0,0.0,1.0,0.0,0.0,0.0,0.0,9.0,0.0,2.0,2.0,13.0,13.0,5.0,5.0,0.0,0.0,0.0,0.0,0.0,0.0,0.0,0.0,0.0,0.0,0.0,0.0,0.0,0.0,1.0,0.0,1.0,0.0,0.0,0.0,0.0,1.0,0.0,0.0,0.0,0.0,12.0,0.0,2.0,2.0,20.0,19.0,6.0,5.0
1081,1.0,1081.0,London_198,,151,453,1092.0,70.0,2.0,116421.0,0.2698812671005726,710.0,15.0,0.0,15.0,29.0,0.0,29.0,129.0,68.0,173.0,38.0,115.0,16.0,25.0,8.0,10.0,9.0,69.0,158.0,217.0,50.0,0.0,0.0,0.0,0.0,0.0,0.0,0.0,0.0,0.0,1.0,0.0,0.0,0.0,1.0,0.0,0.0,0.0,0.0,0.0,1.0,0.0,0.0,0.0,0.0,0.0,0.0,0.0,0.0,0.0,0.0,0.0,0.0,0.0,0.0,0.0,0.0,0.0,0.0,0.0,0.0,0.0,0.0,0.0,0.0,0.0,1.0,1.0,1.0,1.0,0.0,4.0,4.0,0.0,2.0,0.0,0.0,0.0,0.0,0.0,0.0,0.0,0.0,0.0,0.0,0.0,0.0,0.0,0.0,0.0,0.0,0.0,0.0,0.0,0.0,0.0,0.0,0.0,0.0,0.0,1.0,1.0,3.0,1.0,0.0,7.0,5.0,0.0,3.0
1082,1.0,1082.0,London_198,,151,453,1092.0,70.0,2.0,148131.0,0.5892149040009826,780.0,57.0,2.0,55.0,113.0,20.0,93.0,28.0,62.0,177.0,39.0,115.0,15.0,26.0,9.0,10.0,9.0,70.0,160.0,214.0,50.0,0.0,0.0,0.0,0.0,0.0,0.0,0.0,0.0,0.0,12.0,0.0,1.0,1.0,5.0,0.0,3.0,0.0,2.0,2.0,10.0,0.0,0.0,0.0,0.0,0.0,0.0,0.0,0.0,0.0,0.0,0.0,0.0,0.0,0.0,2.0,0.0,0.0,0.0,0.0,0.0,1.0,0.0,0.0,0.0,5.0,0.0,1.0,0.0,1.0,3.0,5.0,11.0,3.0,3.0,0.0,0.0,0.0,0.0,0.0,0.0,0.0,0.0,0.0,0.0,0.0,0.0,0.0,0.0,7.0,0.0,0.0,0.0,0.0,0.0,1.0,0.0,0.0,0.0,5.0,0.0,1.0,0.0,1.0,3.0,10.0,15.0,4.0,4.0
1083,1.0,1083.0,London_198,,151,453,1092.0,70.0,2.0,164892.0,0.7162932590581477,817.0,28.0,2.0,26.0,61.0,15.0,46.0,90.0,65.0,181.0,38.0,119.0,11.0,24.0,9.0,6.0,5.0,81.0,157.0,210.0,47.0,0.0,0.0,0.0,0.0,0.0,0.0,0.0,0.0,0.0,8.0,0.0,1.0,0.0,4.0,0.0,0.0,0.0,3.0,2.0,6.0,0.0,0.0,0.0,0.0,0.0,0.0,0.0,0.0,0.0,0.0,0.0,0.0,0.0,0.0,0.0,0.0,0.0,0.0,0.0,0.0,0.0,0.0,0.0,0.0,0.0,0.0,0.0,0.0,0.0,1.0,2.0,7.0,2.0,2.0,0.0,0.0,0.0,0.0,0.0,0.0,0.0,0.0,0.0,0.0,0.0,0.0,0.0,0.0,0.0,0.0,0.0,0.0,0.0,0.0,0.0,0.0,0.0,0.0,0.0,0.0,0.0,0.0,0.0,1.0,2.0,10.0,3.0,2.0
1084,1.0,1084.0,London_198,,151,453,1092.0,70.0,2.0,203397.0,0.8825541380792856,902.0,176.0,1.0,175.0,313.0,9.0,304.0,40.0,59.0,189.0,38.0,120.0,12.0,25.0,6.0,4.0,6.0,86.0,156.0,205.0,51.0,0.0,0.0,0.0,0.0,0.0,0.0,0.0,0.0,0.0,72.0,0.0,16.0,7.0,32.0,0.0,12.0,0.0,5.0,1.0,71.0,0.0,0.0,0.0,0.0,0.0,0.0,0.0,0.0,0.0,0.0,0.0,0.0,0.0,0.0,0.0,0.0,0.0,0.0,0.0,0.0,1.0,0.0,0.0,0.0,0.0,0.0,5.0,0.0,2.0,2.0,22.0,27.0,6.0,5.0,0.0,0.0,0.0,0.0,0.0,0.0,0.0,0.0,0.0,0.0,0.0,0.0,0.0,0.0,0.0,0.0,0.0,0.0,0.0,0.0,2.0,0.0,0.0,0.0,0.0,0.0,5.0,0.0,2.0,2.0,32.0,38.0,8.0,6.0
1085,1.0,1085.0,London_198,,151,453,1092.0,70.0,2.0,157191.0,0.5215895650908351,800.0,36.0,1.0,35.0,63.0,8.0,55.0,178.0,55.0,160.0,40.0,141.0,13.0,33.0,7.0,4.0,6.0,72.0,158.0,217.0,56.0,0.0,0.0,0.0,0.0,0.0,0.0,0.0,0.0,0.0,9.0,0.0,3.0,2.0,4.0,0.0,0.0,0.0,0.0,0.0,9.0,0.0,0.0,0.0,0.0,0.0,0.0,0.0,0.0,0.0,0.0,0.0,0.0,0.0,0.0,1.0,0.0,0.0,0.0,0.0,0.0,0.0,0.0,0.0,0.0,0.0,0.0,1.0,0.0,0.0,0.0,6.0,7.0,3.0,0.0,0.0,0.0,0.0,0.0,0.0,0.0,0.0,0.0,0.0,0.0,0.0,0.0,0.0,0.0,6.0,0.0,0.0,0.0,0.0,0.0,0.0,0.0,0.0,0.0,0.0,0.0,1.0,0.0,0.0,0.0,10.0,10.0,3.0,0.0
1086,1.0,1086.0,London_198,,151,453,1092.0,70.0,2.0,185277.0,0.5248816991224885,862.0,116.0,0.0,116.0,200.0,0.0,200.0,50.0,54.0,158.0,39.0,142.0,15.0,30.0,6.0,9.0,7.0,77.0,150.0,219.0,53.0,0.0,0.0,0.0,0.0,0.0,0.0,0.0,0.0,0.0,46.0,0.0,15.0,3.0,25.0,0.0,1.0,0.0,2.0,0.0,46.0,0.0,0.0,0.0,0.0,0.0,0.0,0.0,0.0,0.0,0.0,0.0,0.0,0.0,0.0,0.0,0.0,0.0,0.0,0.0,0.0,0.0,0.0,0.0,0.0,0.0,0.0,0.0,2.0,1.0,3.0,18.0,14.0,8.0,6.0,0.0,0.0,0.0,0.0,0.0,0.0,0.0,0.0,0.0,0.0,0.0,0.0,0.0,0.0,0.0,0.0,0.0,0.0,0.0,0.0,0.0,0.0,0.0,0.0,0.0,0.0,0.0,2.0,1.0,3.0,26.0,21.0,8.0,8.0
1087,1.0,1087.0,London_198,,151,453,1092.0,70.0,2.0,172140.0,0.6717055628541857,833.0,76.0,2.0,74.0,163.0,19.0,144.0,135.0,64.0,149.0,33.0,139.0,17.0,32.0,7.0,12.0,12.0,74.0,155.0,212.0,55.0,0.0,0.0,0.0,0.0,0.0,0.0,0.0,0.0,0.0,31.0,0.0,6.0,4.0,16.0,1.0,2.0,2.0,0.0,2.0,29.0,0.0,0.0,0.0,0.0,0.0,0.0,0.0,0.0,0.0,0.0,0.0,0.0,0.0,0.0,0.0,0.0,0.0,0.0,0.0,0.0,0.0,0.0,0.0,1.0,2.0,0.0,3.0,1.0,0.0,2.0,9.0,10.0,7.0,1.0,0.0,0.0,0.0,0.0,0.0,0.0,0.0,0.0,0.0,0.0,0.0,0.0,0.0,0.0,0.0,0.0,0.0,0.0,0.0,0.0,0.0,0.0,0.0,2.0,2.0,0.0,4.0,1.0,0.0,4.0,14.0,18.0,10.0,3.0
1088,1.0,1088.0,London_198,,151,453,1092.0,70.0,2.0,185277.0,1.038402499863878,862.0,104.0,0.0,104.0,178.0,0.0,178.0,92.0,63.0,152.0,35.0,138.0,14.0,39.0,2.0,10.0,11.0,68.0,163.0,211.0,61.0,0.0,0.0,0.0,0.0,0.0,0.0,0.0,0.0,0.0,36.0,0.0,9.0,3.0,21.0,0.0,1.0,0.0,2.0,0.0,36.0,0.0,0.0,0.0,0.0,0.0,0.0,0.0,0.0,0.0,0.0,0.0,0.0,0.0,0.0,0.0,0.0,0.0,0.0,0.0,0.0,0.0,0.0,0.0,1.0,1.0,0.0,1.0,0.0,0.0,2.0,12.0,19.0,3.0,0.0,0.0,0.0,0.0,0.0,0.0,0.0,0.0,0.0,0.0,0.0,0.0,0.0,0.0,0.0,0.0,0.0,0.0,0.0,0.0,0.0,0.0,0.0,0.0,1.0,1.0,0.0,2.0,0.0,0.0,3.0,16.0,32.0,5.0,0.0
1089,1.0,1089.0,London_198,,151,453,1092.0,70.0,2.0,184371.0,0.612810644088313,860.0,98.0,0.0,98.0,157.0,0.0,157.0,117.0,63.0,157.0,33.0,134.0,15.0,43.0,0.0,8.0,10.0,64.0,163.0,216.0,61.0,0.0,0.0,0.0,0.0,0.0,0.0,0.0,0.0,0.0,34.0,0.0,12.0,1.0,15.0,0.0,2.0,0.0,4.0,0.0,34.0,0.0,0.0,0.0,0.0,0.0,0.0,0.0,0.0,0.0,0.0,0.0,0.0,0.0,0.0,0.0,0.0,0.0,0.0,0.0,0.0,0.0,0.0,0.0,0.0,0.0,0.0,1.0,0.0,0.0,1.0,13.0,12.0,6.0,2.0,0.0,0.0,0.0,0.0,0.0,0.0,0.0,0.0,0.0,0.0,0.0,0.0,0.0,0.0,0.0,0.0,0.0,0.0,0.0,0.0,0.0,0.0,0.0,0.0,0.0,0.0,1.0,0.0,0.0,1.0,14.0,14.0,7.0,2.0
1090,1.0,1090.0,London_198,,151,453,1092.0,70.0,2.0,178935.0,0.5946940060239285,848.0,96.0,2.0,94.0,183.0,17.0,166.0,100.0,65.0,150.0,37.0,132.0,18.0,42.0,0.0,9.0,9.0,68.0,165.0,211.0,63.0,0.0,0.0,0.0,0.0,0.0,0.0,0.0,0.0,0.0,37.0,0.0,9.0,1.0,20.0,0.0,3.0,0.0,4.0,2.0,35.0,0.0,0.0,0.0,0.0,0.0,0.0,0.0,0.0,0.0,0.0,0.0,0.0,0.0,1.0,0.0,0.0,0.0,0.0,0.0,0.0,1.0,0.0,0.0,0.0,2.0,0.0,0.0,2.0,0.0,0.0,17.0,10.0,5.0,2.0,0.0,0.0,0.0,0.0,0.0,0.0,0.0,0.0,0.0,0.0,0.0,0.0,0.0,1.0,0.0,0.0,0.0,0.0,0.0,0.0,1.0,0.0,0.0,0.0,2.0,0.0,0.0,4.0,0.0,0.0,25.0,13.0,7.0,5.0
1091,1.0,1091.0,London_198,,151,453,1092.0,70.0,2.0,177123.0,0.3960092309862375,844.0,60.0,2.0,58.0,118.0,18.0,100.0,113.0,76.0,158.0,38.0,130.0,11.0,31.0,0.0,9.0,9.0,78.0,163.0,203.0,68.0,0.0,0.0,0.0,0.0,0.0,0.0,0.0,0.0,0.0,17.0,0.0,6.0,0.0,7.0,0.0,2.0,0.0,2.0,2.0,15.0,0.0,0.0,0.0,0.0,0.0,0.0,0.0,0.0,0.0,0.0,0.0,0.0,0.0,0.0,0.0,0.0,0.0,0.0,0.0,0.0,0.0,0.0,0.0,0.0,0.0,0.0,1.0,0.0,2.0,0.0,8.0,9.0,4.0,1.0,0.0,0.0,0.0,0.0,0.0,0.0,0.0,0.0,0.0,0.0,0.0,0.0,0.0,0.0,0.0,0.0,0.0,0.0,0.0,0.0,0.0,0.0,0.0,0.0,0.0,0.0,2.0,0.0,4.0,0.0,13.0,11.0,4.0,1.0
1092,1.0,1092.0,London_198,,151,453,1092.0,70.0,2.0,192525.0,0.6431816648691893,878.0,130.0,2.0,128.0,233.0,18.0,215.0,78.0,78.0,160.0,37.0,128.0,12.0,28.0,0.0,10.0,8.0,78.0,157.0,210.0,59.0,0.0,0.0,0.0,0.0,0.0,0.0,0.0,0.0,0.0,55.0,0.0,32.0,1.0,18.0,1.0,0.0,0.0,3.0,2.0,53.0,0.0,0.0,0.0,0.0,0.0,0.0,0.0,0.0,0.0,0.0,0.0,0.0,0.0,0.0,1.0,0.0,0.0,0.0,0.0,0.0,1.0,0.0,0.0,0.0,0.0,0.0,2.0,0.0,3.0,1.0,13.0,17.0,1.0,1.0,0.0,0.0,0.0,0.0,0.0,0.0,0.0,0.0,0.0,0.0,0.0,0.0,0.0,0.0,3.0,0.0,0.0,0.0,0.0,0.0,1.0,0.0,0.0,0.0,0.0,0.0,3.0,0.0,5.0,1.0,19.0,21.0,1.0,1.0
1093,1.0,1093.0,London_198,,151,453,1092.0,70.0,2.0,168063.0,0.46852447488345206,824.0,128.0,0.0,128.0,215.0,0.0,215.0,138.0,88.0,155.0,35.0,110.0,19.0,30.0,2.0,14.0,4.0,83.0,153.0,213.0,36.0,0.0,0.0,0.0,0.0,0.0,0.0,0.0,0.0,0.0,39.0,0.0,14.0,1.0,22.0,0.0,0.0,0.0,2.0,0.0,39.0,0.0,0.0,0.0,0.0,0.0,0.0,0.0,0.0,0.0,0.0,0.0,0.0,0.0,0.0,0.0,0.0,0.0,0.0,0.0,0.0,1.0,0.0,0.0,1.0,1.0,0.0,2.0,0.0,1.0,1.0,15.0,21.0,4.0,5.0,0.0,0.0,0.0,0.0,0.0,0.0,0.0,0.0,0.0,0.0,0.0,0.0,0.0,0.0,0.0,0.0,0.0,0.0,0.0,0.0,1.0,0.0,0.0,1.0,1.0,0.0,3.0,0.0,1.0,1.0,25.0,28.0,5.0,6.0
1094,1.0,1094.0,London_198,,151,453,1092.0,70.0,2.0,135900.0,0.48879448510706425,753.0,130.0,1.0,129.0,233.0,11.0,222.0,153.0,69.0,161.0,35.0,119.0,20.0,29.0,4.0,16.0,8.0,78.0,156.0,211.0,43.0,0.0,0.0,0.0,0.0,0.0,0.0,0.0,0.0,0.0,29.0,0.0,0.0,0.0,28.0,0.0,0.0,0.0,1.0,1.0,28.0,0.0,0.0,0.0,0.0,0.0,0.0,0.0,0.0,0.0,0.0,0.0,0.0,0.0,0.0,1.0,0.0,0.0,0.0,0.0,0.0,1.0,4.0,1.0,2.0,2.0,1.0,4.0,2.0,2.0,5.0,23.0,24.0,13.0,11.0,0.0,0.0,0.0,0.0,0.0,0.0,0.0,0.0,0.0,0.0,0.0,0.0,0.0,0.0,1.0,0.0,0.0,0.0,0.0,0.0,1.0,7.0,1.0,2.0,2.0,1.0,5.0,2.0,3.0,5.0,37.0,36.0,14.0,12.0
1095,1.0,1095.0,London_198,,151,453,1092.0,70.0,2.0,117780.0,0.5213120819535106,713.0,86.0,1.0,85.0,158.0,10.0,148.0,185.0,61.0,158.0,28.0,137.0,18.0,34.0,4.0,13.0,5.0,77.0,170.0,201.0,48.0,0.0,0.0,0.0,0.0,0.0,0.0,0.0,0.0,0.0,7.0,0.0,0.0,0.0,2.0,1.0,0.0,2.0,2.0,1.0,6.0,0.0,0.0,0.0,0.0,0.0,0.0,0.0,0.0,0.0,0.0,0.0,0.0,0.0,1.0,0.0,0.0,0.0,0.0,0.0,0.0,1.0,2.0,1.0,1.0,1.0,0.0,5.0,1.0,7.0,8.0,18.0,24.0,11.0,5.0,0.0,0.0,0.0,0.0,0.0,0.0,0.0,0.0,0.0,0.0,0.0,0.0,0.0,2.0,0.0,0.0,0.0,0.0,0.0,0.0,1.0,3.0,1.0,2.0,1.0,0.0,7.0,2.0,11.0,11.0,29.0,39.0,16.0,9.0
1096,1.0,1096.0,London_198,,151,453,1092.0,70.0,2.0,108267.0,0.3009245879948139,692.0,37.0,0.0,37.0,65.0,0.0,65.0,142.0,66.0,159.0,27.0,150.0,16.0,24.0,2.0,9.0,5.0,68.0,175.0,205.0,51.0,0.0,0.0,0.0,0.0,0.0,0.0,0.0,0.0,0.0,0.0,0.0,0.0,0.0,0.0,0.0,0.0,0.0,0.0,0.0,0.0,0.0,0.0,0.0,0.0,0.0,0.0,0.0,0.0,0.0,0.0,0.0,0.0,0.0,0.0,0.0,0.0,0.0,0.0,0.0,0.0,0.0,0.0,0.0,0.0,1.0,0.0,3.0,3.0,0.0,4.0,4.0,10.0,2.0,4.0,0.0,0.0,0.0,0.0,0.0,0.0,0.0,0.0,0.0,0.0,0.0,0.0,0.0,0.0,0.0,0.0,0.0,0.0,0.0,0.0,0.0,0.0,0.0,0.0,1.0,0.0,3.0,4.0,0.0,7.0,5.0,17.0,2.0,5.0
1097,1.0,1097.0,London_198,,151,453,1092.0,70.0,2.0,131370.0,0.3651789859868586,743.0,72.0,0.0,72.0,131.0,0.0,131.0,65.0,71.0,166.0,27.0,134.0,15.0,28.0,2.0,10.0,8.0,74.0,169.0,202.0,55.0,0.0,0.0,0.0,0.0,0.0,0.0,0.0,0.0,0.0,9.0,0.0,0.0,0.0,4.0,0.0,3.0,1.0,1.0,0.0,9.0,0.0,0.0,0.0,0.0,0.0,0.0,0.0,0.0,0.0,0.0,0.0,0.0,0.0,0.0,0.0,0.0,0.0,0.0,0.0,0.0,0.0,1.0,1.0,0.0,0.0,0.0,3.0,4.0,3.0,6.0,18.0,13.0,8.0,5.0,0.0,0.0,0.0,0.0,0.0,0.0,0.0,0.0,0.0,0.0,0.0,0.0,0.0,0.0,0.0,0.0,0.0,0.0,0.0,0.0,0.0,1.0,1.0,0.0,0.0,0.0,4.0,4.0,3.0,9.0,26.0,21.0,12.0,6.0
1098,1.0,1098.0,London_198,,151,453,1092.0,70.0,2.0,132729.0,0.6566831169184297,746.0,5.0,2.0,3.0,23.0,19.0,4.0,115.0,62.0,170.0,28.0,140.0,11.0,27.0,4.0,11.0,12.0,68.0,167.0,206.0,56.0,0.0,0.0,0.0,0.0,0.0,0.0,0.0,0.0,0.0,2.0,0.0,0.0,0.0,0.0,0.0,2.0,0.0,0.0,2.0,0.0,0.0,0.0,0.0,0.0,0.0,0.0,0.0,0.0,0.0,0.0,0.0,0.0,0.0,1.0,0.0,0.0,1.0,0.0,0.0,0.0,0.0,0.0,0.0,0.0,0.0,0.0,0.0,0.0,0.0,1.0,0.0,1.0,0.0,0.0,0.0,0.0,0.0,0.0,0.0,0.0,0.0,0.0,0.0,0.0,0.0,0.0,0.0,1.0,0.0,0.0,1.0,0.0,0.0,0.0,0.0,0.0,0.0,0.0,0.0,0.0,0.0,0.0,0.0,1.0,0.0,1.0,0.0,0.0
1099,1.0,1099.0,London_198,,151,453,1092.0,70.0,2.0,161721.0,0.5457416318822652,810.0,139.0,1.0,138.0,249.0,10.0,239.0,8.0,64.0,172.0,30.0,139.0,11.0,22.0,4.0,11.0,12.0,69.0,160.0,212.0,56.0,0.0,0.0,0.0,0.0,0.0,0.0,0.0,0.0,0.0,41.0,0.0,10.0,1.0,24.0,0.0,1.0,0.0,5.0,0.0,41.0,0.0,0.0,0.0,0.0,0.0,0.0,0.0,0.0,0.0,0.0,0.0,0.0,0.0,0.0,0.0,0.0,0.0,0.0,0.0,0.0,0.0,0.0,2.0,0.0,0.0,0.0,1.0,3.0,2.0,1.0,24.0,27.0,7.0,7.0,0.0,0.0,0.0,0.0,0.0,0.0,0.0,0.0,0.0,0.0,0.0,0.0,0.0,0.0,0.0,0.0,0.0,0.0,0.0,0.0,0.0,0.0,2.0,0.0,0.0,0.0,1.0,4.0,3.0,1.0,37.0,41.0,8.0,10.0
1100,1.0,1100.0,London_198,,151,453,1092.0,70.0,2.0,130917.0,0.2940048361197114,742.0,30.0,0.0,30.0,58.0,0.0,58.0,185.0,55.0,172.0,30.0,129.0,12.0,39.0,4.0,12.0,12.0,69.0,142.0,230.0,53.0,0.0,0.0,0.0,0.0,0.0,0.0,0.0,0.0,0.0,4.0,0.0,0.0,0.0,4.0,0.0,0.0,0.0,0.0,0.0,4.0,0.0,0.0,0.0,0.0,0.0,0.0,0.0,0.0,0.0,0.0,0.0,0.0,0.0,0.0,0.0,0.0,0.0,0.0,0.0,0.0,0.0,2.0,0.0,0.0,0.0,0.0,2.0,3.0,3.0,5.0,9.0,7.0,3.0,2.0,0.0,0.0,0.0,0.0,0.0,0.0,0.0,0.0,0.0,0.0,0.0,0.0,0.0,0.0,0.0,0.0,0.0,0.0,0.0,0.0,0.0,3.0,0.0,0.0,0.0,0.0,4.0,4.0,3.0,6.0,12.0,11.0,3.0,3.0
1101,1.0,1101.0,London_198,,151,453,1092.0,70.0,2.0,152661.0,0.41036378499120474,790.0,166.0,0.0,166.0,276.0,0.0,276.0,50.0,57.0,180.0,31.0,131.0,12.0,30.0,2.0,10.0,14.0,75.0,144.0,220.0,53.0,0.0,0.0,0.0,0.0,0.0,0.0,0.0,0.0,0.0,39.0,0.0,7.0,1.0,27.0,0.0,0.0,1.0,3.0,0.0,39.0,0.0,0.0,0.0,0.0,0.0,0.0,0.0,0.0,0.0,0.0,0.0,0.0,0.0,0.0,0.0,0.0,0.0,0.0,0.0,0.0,2.0,0.0,0.0,0.0,0.0,0.0,4.0,5.0,3.0,6.0,29.0,35.0,14.0,7.0,0.0,0.0,0.0,0.0,0.0,0.0,0.0,0.0,0.0,0.0,0.0,0.0,0.0,0.0,0.0,0.0,0.0,0.0,0.0,0.0,2.0,0.0,0.0,0.0,0.0,0.0,5.0,6.0,3.0,8.0,39.0,49.0,20.0,10.0
1102,1.0,1102.0,London_198,,151,453,1092.0,70.0,2.0,115968.0,0.2951312919612974,709.0,29.0,1.0,28.0,51.0,11.0,40.0,223.0,50.0,173.0,31.0,131.0,12.0,45.0,1.0,10.0,10.0,64.0,151.0,228.0,53.0,0.0,0.0,0.0,0.0,0.0,0.0,0.0,0.0,0.0,3.0,0.0,0.0,0.0,3.0,0.0,0.0,0.0,0.0,1.0,2.0,0.0,0.0,0.0,0.0,0.0,0.0,0.0,0.0,0.0,0.0,0.0,0.0,0.0,0.0,1.0,0.0,0.0,0.0,0.0,0.0,0.0,0.0,0.0,1.0,1.0,0.0,1.0,3.0,1.0,0.0,6.0,5.0,4.0,2.0,0.0,0.0,0.0,0.0,0.0,0.0,0.0,0.0,0.0,0.0,0.0,0.0,0.0,0.0,6.0,0.0,0.0,0.0,0.0,0.0,0.0,0.0,0.0,2.0,1.0,0.0,1.0,5.0,1.0,0.0,9.0,6.0,5.0,3.0
1103,1.0,1103.0,London_198,,151,453,1092.0,70.0,2.0,144507.0,0.45647894497960806,772.0,34.0,0.0,34.0,55.0,0.0,55.0,46.0,55.0,173.0,28.0,126.0,12.0,46.0,1.0,12.0,7.0,69.0,154.0,223.0,52.0,0.0,0.0,0.0,0.0,0.0,0.0,0.0,0.0,0.0,7.0,0.0,4.0,0.0,3.0,0.0,0.0,0.0,0.0,0.0,7.0,0.0,0.0,0.0,0.0,0.0,0.0,0.0,0.0,0.0,0.0,0.0,0.0,0.0,0.0,0.0,0.0,0.0,0.0,0.0,0.0,0.0,0.0,1.0,0.0,0.0,0.0,2.0,0.0,0.0,0.0,8.0,7.0,2.0,1.0,0.0,0.0,0.0,0.0,0.0,0.0,0.0,0.0,0.0,0.0,0.0,0.0,0.0,0.0,0.0,0.0,0.0,0.0,0.0,0.0,0.0,0.0,2.0,0.0,0.0,0.0,2.0,0.0,0.0,0.0,9.0,7.0,2.0,1.0
1104,1.0,1104.0,London_198,,151,453,1092.0,70.0,2.0,176670.0,0.43648690497502685,843.0,82.0,2.0,80.0,154.0,19.0,135.0,45.0,54.0,180.0,29.0,126.0,8.0,44.0,1.0,11.0,8.0,60.0,164.0,221.0,56.0,0.0,0.0,0.0,0.0,0.0,0.0,0.0,0.0,0.0,34.0,0.0,11.0,5.0,12.0,0.0,4.0,0.0,2.0,1.0,33.0,0.0,0.0,0.0,0.0,0.0,0.0,0.0,0.0,0.0,0.0,0.0,0.0,0.0,1.0,0.0,0.0,0.0,0.0,0.0,0.0,0.0,0.0,1.0,0.0,0.0,0.0,5.0,1.0,2.0,0.0,11.0,14.0,7.0,4.0,0.0,0.0,0.0,0.0,0.0,0.0,0.0,0.0,0.0,0.0,0.0,0.0,0.0,5.0,0.0,0.0,0.0,0.0,0.0,0.0,0.0,0.0,1.0,0.0,0.0,0.0,7.0,2.0,2.0,0.0,15.0,16.0,7.0,5.0
1105,1.0,1105.0,London_198,,151,453,1092.0,70.0,2.0,169422.0,0.5268022669479251,827.0,109.0,2.0,107.0,215.0,19.0,196.0,92.0,56.0,176.0,27.0,141.0,3.0,37.0,1.0,12.0,8.0,63.0,153.0,229.0,62.0,0.0,0.0,0.0,0.0,0.0,0.0,0.0,0.0,0.0,37.0,0.0,17.0,1.0,15.0,0.0,2.0,0.0,2.0,2.0,35.0,0.0,0.0,0.0,0.0,0.0,0.0,0.0,0.0,0.0,0.0,0.0,0.0,0.0,0.0,0.0,0.0,0.0,0.0,0.0,0.0,1.0,0.0,0.0,0.0,0.0,0.0,4.0,4.0,1.0,7.0,21.0,15.0,10.0,3.0,0.0,0.0,0.0,0.0,0.0,0.0,0.0,0.0,0.0,0.0,0.0,0.0,0.0,0.0,0.0,0.0,0.0,0.0,0.0,0.0,1.0,0.0,0.0,0.0,0.0,0.0,5.0,5.0,1.0,10.0,31.0,23.0,11.0,5.0
1106,1.0,1106.0,London_198,,151,453,1092.0,70.0,2.0,159003.0,0.5055055250413716,804.0,37.0,1.0,36.0,74.0,10.0,64.0,139.0,59.0,183.0,28.0,128.0,9.0,32.0,3.0,11.0,10.0,60.0,163.0,220.0,67.0,0.0,0.0,0.0,0.0,0.0,0.0,0.0,0.0,0.0,9.0,0.0,3.0,0.0,5.0,0.0,0.0,0.0,1.0,1.0,8.0,0.0,0.0,0.0,0.0,0.0,0.0,0.0,0.0,0.0,0.0,0.0,0.0,0.0,0.0,0.0,0.0,0.0,0.0,0.0,0.0,0.0,0.0,0.0,0.0,0.0,0.0,0.0,1.0,0.0,0.0,1.0,6.0,3.0,1.0,0.0,0.0,0.0,0.0,0.0,0.0,0.0,0.0,0.0,0.0,0.0,0.0,0.0,0.0,0.0,0.0,0.0,0.0,0.0,0.0,0.0,0.0,0.0,0.0,0.0,0.0,0.0,2.0,0.0,0.0,2.0,10.0,4.0,2.0
1107,1.0,1107.0,London_198,,151,453,1092.0,70.0,2.0,183465.0,0.5582805841695517,858.0,163.0,0.0,163.0,294.0,0.0,294.0,55.0,61.0,184.0,32.0,129.0,8.0,28.0,3.0,8.0,13.0,60.0,167.0,213.0,62.0,0.0,0.0,0.0,0.0,0.0,0.0,0.0,0.0,0.0,55.0,0.0,15.0,9.0,23.0,0.0,4.0,0.0,4.0,0.0,55.0,0.0,0.0,0.0,0.0,0.0,0.0,0.0,0.0,0.0,0.0,0.0,0.0,0.0,0.0,0.0,0.0,0.0,0.0,0.0,0.0,0.0,0.0,0.0,0.0,0.0,0.0,4.0,4.0,0.0,1.0,26.0,33.0,1.0,4.0,0.0,0.0,0.0,0.0,0.0,0.0,0.0,0.0,0.0,0.0,0.0,0.0,0.0,0.0,0.0,0.0,0.0,0.0,0.0,0.0,0.0,0.0,0.0,0.0,0.0,0.0,7.0,5.0,0.0,1.0,40.0,51.0,1.0,6.0
1108,1.0,1108.0,London_198,,151,453,1092.0,70.0,2.0,135900.0,0.3563898210413754,753.0,120.0,0.0,120.0,211.0,0.0,211.0,201.0,62.0,177.0,30.0,131.0,10.0,36.0,2.0,5.0,11.0,66.0,162.0,214.0,59.0,0.0,0.0,0.0,0.0,0.0,0.0,0.0,0.0,0.0,20.0,0.0,0.0,6.0,12.0,0.0,1.0,0.0,1.0,0.0,20.0,0.0,0.0,0.0,0.0,0.0,0.0,0.0,0.0,0.0,0.0,0.0,0.0,0.0,0.0,0.0,0.0,0.0,0.0,0.0,0.0,0.0,0.0,0.0,0.0,5.0,1.0,11.0,6.0,1.0,9.0,20.0,17.0,13.0,4.0,0.0,0.0,0.0,0.0,0.0,0.0,0.0,0.0,0.0,0.0,0.0,0.0,0.0,0.0,0.0,0.0,0.0,0.0,0.0,0.0,0.0,0.0,0.0,0.0,5.0,2.0,13.0,6.0,1.0,11.0,32.0,22.0,16.0,6.0
1109,1.0,1109.0,London_198,,151,453,1092.0,70.0,2.0,112797.0,0.2846070781815797,702.0,103.0,0.0,103.0,177.0,0.0,177.0,176.0,69.0,166.0,27.0,144.0,10.0,32.0,2.0,3.0,12.0,64.0,169.0,208.0,56.0,0.0,0.0,0.0,0.0,0.0,0.0,0.0,0.0,0.0,4.0,0.0,0.0,0.0,2.0,0.0,0.0,0.0,2.0,0.0,4.0,0.0,0.0,0.0,0.0,0.0,0.0,0.0,0.0,0.0,0.0,0.0,0.0,0.0,0.0,0.0,0.0,0.0,0.0,0.0,0.0,0.0,0.0,0.0,0.0,8.0,0.0,10.0,4.0,3.0,11.0,20.0,21.0,10.0,4.0,0.0,0.0,0.0,0.0,0.0,0.0,0.0,0.0,0.0,0.0,0.0,0.0,0.0,0.0,0.0,0.0,0.0,0.0,0.0,0.0,0.0,0.0,0.0,0.0,8.0,0.0,14.0,5.0,4.0,15.0,28.0,32.0,10.0,6.0
1110,1.0,1110.0,London_198,,151,453,1092.0,70.0,2.0,96942.0,0.262507569976151,667.0,32.0,1.0,31.0,63.0,10.0,53.0,169.0,73.0,172.0,38.0,115.0,12.0,36.0,2.0,5.0,12.0,59.0,183.0,199.0,60.0,0.0,0.0,0.0,0.0,0.0,0.0,0.0,0.0,0.0,0.0,0.0,0.0,0.0,0.0,0.0,0.0,0.0,0.0,0.0,0.0,0.0,0.0,0.0,0.0,0.0,0.0,0.0,0.0,0.0,0.0,0.0,0.0,0.0,0.0,1.0,0.0,0.0,0.0,0.0,0.0,0.0,0.0,0.0,0.0,2.0,0.0,3.0,1.0,0.0,3.0,5.0,6.0,0.0,2.0,0.0,0.0,0.0,0.0,0.0,0.0,0.0,0.0,0.0,0.0,0.0,0.0,0.0,0.0,4.0,0.0,0.0,0.0,0.0,0.0,0.0,0.0,0.0,0.0,2.0,0.0,4.0,1.0,0.0,4.0,7.0,10.0,0.0,2.0
1111,1.0,1111.0,London_198,,151,453,1092.0,70.0,2.0,115515.0,0.2834051421377808,708.0,39.0,2.0,37.0,83.0,19.0,64.0,63.0,65.0,164.0,39.0,122.0,13.0,41.0,0.0,9.0,13.0,67.0,173.0,200.0,65.0,0.0,0.0,0.0,0.0,0.0,0.0,0.0,0.0,0.0,2.0,0.0,0.0,0.0,1.0,0.0,1.0,0.0,0.0,1.0,1.0,0.0,0.0,0.0,0.0,0.0,0.0,0.0,0.0,0.0,0.0,0.0,0.0,0.0,0.0,0.0,0.0,0.0,0.0,0.0,0.0,0.0,0.0,0.0,0.0,3.0,0.0,2.0,1.0,3.0,0.0,6.0,6.0,7.0,0.0,0.0,0.0,0.0,0.0,0.0,0.0,0.0,0.0,0.0,0.0,0.0,0.0,0.0,0.0,0.0,0.0,0.0,0.0,0.0,0.0,0.0,0.0,0.0,0.0,3.0,0.0,2.0,1.0,5.0,0.0,9.0,7.0,8.0,0.0
1112,1.0,1112.0,London_198,,151,453,1092.0,70.0,2.0,139977.0,0.6089468619320542,762.0,75.0,2.0,73.0,154.0,18.0,136.0,72.0,73.0,173.0,33.0,112.0,12.0,39.0,0.0,11.0,11.0,70.0,156.0,216.0,56.0,0.0,0.0,0.0,0.0,0.0,0.0,0.0,0.0,0.0,17.0,0.0,0.0,1.0,11.0,0.0,5.0,0.0,0.0,1.0,16.0,0.0,0.0,0.0,0.0,0.0,0.0,0.0,0.0,0.0,0.0,0.0,0.0,0.0,0.0,0.0,0.0,0.0,0.0,0.0,0.0,0.0,2.0,1.0,0.0,2.0,0.0,1.0,2.0,0.0,6.0,10.0,18.0,7.0,4.0,0.0,0.0,0.0,0.0,0.0,0.0,0.0,0.0,0.0,0.0,0.0,0.0,0.0,0.0,0.0,0.0,0.0,0.0,0.0,0.0,0.0,2.0,1.0,0.0,2.0,0.0,1.0,2.0,0.0,7.0,13.0,27.0,9.0,7.0
1113,1.0,1113.0,London_198,,151,453,1092.0,70.0,2.0,145866.0,0.4696268120314926,775.0,7.0,0.0,7.0,12.0,0.0,12.0,119.0,63.0,181.0,38.0,119.0,10.0,33.0,0.0,9.0,12.0,72.0,153.0,216.0,64.0,0.0,0.0,0.0,0.0,0.0,0.0,0.0,0.0,0.0,1.0,0.0,0.0,0.0,0.0,0.0,0.0,0.0,1.0,0.0,1.0,0.0,0.0,0.0,0.0,0.0,0.0,0.0,0.0,0.0,0.0,0.0,0.0,0.0,0.0,0.0,0.0,0.0,0.0,0.0,0.0,0.0,0.0,0.0,0.0,0.0,0.0,1.0,0.0,1.0,0.0,2.0,2.0,0.0,0.0,0.0,0.0,0.0,0.0,0.0,0.0,0.0,0.0,0.0,0.0,0.0,0.0,0.0,0.0,0.0,0.0,0.0,0.0,0.0,0.0,0.0,0.0,0.0,0.0,0.0,0.0,2.0,0.0,1.0,0.0,4.0,2.0,0.0,0.0
1114,1.0,1114.0,London_198,,151,453,1092.0,70.0,2.0,177123.0,0.7570160238537937,844.0,61.0,0.0,61.0,101.0,0.0,101.0,11.0,63.0,180.0,39.0,120.0,10.0,33.0,1.0,7.0,12.0,70.0,152.0,219.0,63.0,0.0,0.0,0.0,0.0,0.0,0.0,0.0,0.0,0.0,14.0,0.0,3.0,0.0,10.0,0.0,0.0,0.0,1.0,0.0,14.0,0.0,0.0,0.0,0.0,0.0,0.0,0.0,0.0,0.0,0.0,0.0,0.0,0.0,0.0,0.0,0.0,0.0,0.0,0.0,0.0,0.0,1.0,0.0,0.0,4.0,0.0,1.0,1.0,0.0,1.0,9.0,6.0,3.0,1.0,0.0,0.0,0.0,0.0,0.0,0.0,0.0,0.0,0.0,0.0,0.0,0.0,0.0,0.0,0.0,0.0,0.0,0.0,0.0,0.0,0.0,2.0,0.0,0.0,4.0,0.0,1.0,1.0,0.0,2.0,12.0,9.0,3.0,1.0
1115,1.0,1115.0,London_198,,151,453,1092.0,70.0,2.0,202038.0,0.5006676299963146,899.0,133.0,2.0,131.0,244.0,16.0,228.0,79.0,64.0,181.0,40.0,115.0,11.0,36.0,1.0,5.0,11.0,74.0,151.0,217.0,62.0,0.0,0.0,0.0,0.0,0.0,0.0,0.0,0.0,0.0,65.0,0.0,16.0,5.0,36.0,0.0,5.0,2.0,1.0,1.0,64.0,0.0,0.0,0.0,0.0,0.0,0.0,0.0,0.0,0.0,0.0,0.0,0.0,0.0,0.0,1.0,0.0,0.0,0.0,0.0,0.0,0.0,0.0,0.0,0.0,2.0,0.0,1.0,3.0,1.0,2.0,14.0,20.0,3.0,0.0,0.0,0.0,0.0,0.0,0.0,0.0,0.0,0.0,0.0,0.0,0.0,0.0,0.0,0.0,9.0,0.0,0.0,0.0,0.0,0.0,0.0,0.0,0.0,0.0,2.0,0.0,1.0,3.0,1.0,3.0,20.0,26.0,3.0,0.0
1116,1.0,1116.0,London_198,,151,453,1092.0,70.0,2.0,187995.0,0.5347430519759655,868.0,86.0,1.0,85.0,154.0,9.0,145.0,136.0,60.0,178.0,43.0,115.0,13.0,33.0,2.0,9.0,12.0,74.0,134.0,233.0,58.0,0.0,0.0,0.0,0.0,0.0,0.0,0.0,0.0,0.0,23.0,0.0,5.0,1.0,11.0,0.0,3.0,1.0,2.0,1.0,22.0,0.0,0.0,0.0,0.0,0.0,0.0,0.0,0.0,0.0,0.0,0.0,0.0,0.0,0.0,0.0,0.0,0.0,0.0,0.0,0.0,1.0,2.0,0.0,0.0,1.0,0.0,3.0,1.0,0.0,2.0,11.0,16.0,5.0,4.0,0.0,0.0,0.0,0.0,0.0,0.0,0.0,0.0,0.0,0.0,0.0,0.0,0.0,0.0,0.0,0.0,0.0,0.0,0.0,0.0,1.0,3.0,0.0,0.0,1.0,0.0,3.0,1.0,0.0,2.0,15.0,21.0,6.0,9.0
1117,1.0,1117.0,London_198,,151,453,1092.0,70.0,2.0,193431.0,0.4753416399471462,880.0,118.0,0.0,118.0,195.0,0.0,195.0,111.0,65.0,176.0,35.0,119.0,12.0,35.0,0.0,11.0,11.0,78.0,142.0,222.0,66.0,0.0,0.0,0.0,0.0,0.0,0.0,0.0,0.0,0.0,46.0,0.0,12.0,3.0,23.0,0.0,3.0,2.0,3.0,0.0,46.0,0.0,0.0,0.0,0.0,0.0,0.0,0.0,0.0,0.0,0.0,0.0,0.0,0.0,0.0,0.0,0.0,0.0,0.0,0.0,0.0,0.0,0.0,0.0,0.0,0.0,0.0,3.0,0.0,0.0,2.0,24.0,11.0,6.0,2.0,0.0,0.0,0.0,0.0,0.0,0.0,0.0,0.0,0.0,0.0,0.0,0.0,0.0,0.0,0.0,0.0,0.0,0.0,0.0,0.0,0.0,0.0,0.0,0.0,0.0,0.0,3.0,0.0,0.0,3.0,32.0,15.0,7.0,3.0
1118,1.0,1118.0,London_198,,151,453,1092.0,70.0,2.0,170328.0,0.5064926659688354,829.0,148.0,2.0,146.0,274.0,18.0,256.0,121.0,71.0,189.0,29.0,103.0,13.0,37.0,0.0,11.0,12.0,79.0,161.0,201.0,70.0,0.0,0.0,0.0,0.0,0.0,0.0,0.0,0.0,0.0,39.0,0.0,6.0,4.0,22.0,0.0,3.0,1.0,3.0,2.0,37.0,0.0,0.0,0.0,0.0,0.0,0.0,0.0,0.0,0.0,0.0,0.0,0.0,0.0,0.0,0.0,0.0,0.0,0.0,0.0,0.0,0.0,0.0,0.0,0.0,0.0,0.0,1.0,0.0,1.0,9.0,17.0,29.0,4.0,3.0,0.0,0.0,0.0,0.0,0.0,0.0,0.0,0.0,0.0,0.0,0.0,0.0,0.0,0.0,0.0,0.0,0.0,0.0,0.0,0.0,0.0,0.0,0.0,0.0,0.0,0.0,2.0,0.0,1.0,11.0,26.0,40.0,4.0,6.0
1119,1.0,1119.0,London_198,,151,453,1092.0,70.0,2.0,137712.0,0.31620313483290374,757.0,37.0,2.0,35.0,80.0,18.0,62.0,190.0,66.0,164.0,27.0,125.0,15.0,43.0,3.0,10.0,9.0,72.0,151.0,221.0,64.0,0.0,0.0,0.0,0.0,0.0,0.0,0.0,0.0,0.0,6.0,0.0,0.0,0.0,3.0,1.0,1.0,0.0,1.0,2.0,4.0,0.0,0.0,0.0,0.0,0.0,0.0,0.0,0.0,0.0,0.0,0.0,0.0,0.0,0.0,1.0,0.0,0.0,0.0,0.0,0.0,1.0,1.0,0.0,0.0,0.0,0.0,4.0,1.0,2.0,1.0,7.0,8.0,1.0,1.0,0.0,0.0,0.0,0.0,0.0,0.0,0.0,0.0,0.0,0.0,0.0,0.0,0.0,0.0,1.0,0.0,0.0,0.0,0.0,0.0,1.0,2.0,0.0,0.0,0.0,0.0,5.0,1.0,2.0,1.0,12.0,12.0,1.0,3.0
1120,1.0,1120.0,London_198,,151,453,1092.0,70.0,2.0,161721.0,0.38196480087935925,810.0,126.0,0.0,126.0,217.0,0.0,217.0,58.0,65.0,164.0,27.0,127.0,10.0,45.0,3.0,12.0,10.0,67.0,149.0,227.0,63.0,0.0,0.0,0.0,0.0,0.0,0.0,0.0,0.0,0.0,38.0,0.0,11.0,6.0,20.0,0.0,0.0,0.0,1.0,0.0,38.0,0.0,0.0,0.0,0.0,0.0,0.0,0.0,0.0,0.0,0.0,0.0,0.0,0.0,0.0,0.0,0.0,0.0,0.0,0.0,0.0,0.0,0.0,0.0,0.0,0.0,1.0,1.0,4.0,1.0,4.0,17.0,16.0,10.0,5.0,0.0,0.0,0.0,0.0,0.0,0.0,0.0,0.0,0.0,0.0,0.0,0.0,0.0,0.0,0.0,0.0,0.0,0.0,0.0,0.0,0.0,0.0,0.0,0.0,0.0,1.0,1.0,7.0,1.0,5.0,22.0,24.0,14.0,7.0
1121,1.0,1121.0,London_198,,151,453,1092.0,70.0,2.0,139524.0,0.45098027610220015,761.0,88.0,0.0,88.0,154.0,0.0,154.0,157.0,72.0,155.0,24.0,133.0,14.0,41.0,2.0,12.0,9.0,60.0,154.0,230.0,63.0,0.0,0.0,0.0,0.0,0.0,0.0,0.0,0.0,0.0,22.0,0.0,2.0,5.0,13.0,0.0,2.0,0.0,0.0,0.0,22.0,0.0,0.0,0.0,0.0,0.0,0.0,0.0,0.0,0.0,0.0,0.0,0.0,0.0,0.0,0.0,0.0,0.0,0.0,0.0,0.0,1.0,3.0,0.0,0.0,4.0,0.0,3.0,7.0,2.0,5.0,17.0,18.0,9.0,6.0,0.0,0.0,0.0,0.0,0.0,0.0,0.0,0.0,0.0,0.0,0.0,0.0,0.0,0.0,0.0,0.0,0.0,0.0,0.0,0.0,1.0,4.0,0.0,0.0,4.0,0.0,3.0,7.0,3.0,6.0,23.0,24.0,14.0,6.0
1122,1.0,1122.0,London_198,,151,453,1092.0,70.0,2.0,133635.0,0.5313851789105684,748.0,121.0,2.0,119.0,227.0,17.0,210.0,120.0,71.0,158.0,25.0,132.0,15.0,40.0,2.0,10.0,10.0,68.0,154.0,221.0,76.0,0.0,0.0,0.0,0.0,0.0,0.0,0.0,0.0,0.0,30.0,0.0,0.0,4.0,21.0,0.0,2.0,0.0,3.0,2.0,28.0,0.0,0.0,0.0,0.0,0.0,0.0,0.0,0.0,0.0,0.0,0.0,0.0,0.0,0.0,0.0,0.0,0.0,0.0,0.0,0.0,1.0,4.0,0.0,0.0,6.0,0.0,6.0,2.0,6.0,10.0,21.0,19.0,13.0,4.0,0.0,0.0,0.0,0.0,0.0,0.0,0.0,0.0,0.0,0.0,0.0,0.0,0.0,0.0,0.0,0.0,0.0,0.0,0.0,0.0,1.0,5.0,0.0,0.0,6.0,0.0,10.0,2.0,8.0,12.0,32.0,29.0,18.0,5.0
1123,1.0,1123.0,London_198,,151,453,1092.0,70.0,2.0,104190.0,0.28321732417680323,683.0,6.0,0.0,6.0,13.0,0.0,13.0,173.0,54.0,162.0,17.0,130.0,16.0,60.0,3.0,11.0,14.0,90.0,150.0,199.0,75.0,0.0,0.0,0.0,0.0,0.0,0.0,0.0,0.0,0.0,0.0,0.0,0.0,0.0,0.0,0.0,0.0,0.0,0.0,0.0,0.0,0.0,0.0,0.0,0.0,0.0,0.0,0.0,0.0,0.0,0.0,0.0,0.0,0.0,0.0,0.0,0.0,0.0,0.0,0.0,0.0,0.0,1.0,0.0,0.0,0.0,0.0,2.0,0.0,0.0,3.0,1.0,1.0,2.0,0.0,0.0,0.0,0.0,0.0,0.0,0.0,0.0,0.0,0.0,0.0,0.0,0.0,0.0,0.0,0.0,0.0,0.0,0.0,0.0,0.0,0.0,1.0,0.0,0.0,0.0,0.0,3.0,0.0,0.0,5.0,2.0,2.0,2.0,0.0
1124,1.0,1124.0,London_198,,151,453,1092.0,70.0,2.0,136353.0,0.5347424868959934,754.0,6.0,2.0,4.0,27.0,20.0,7.0,13.0,55.0,165.0,17.0,125.0,16.0,60.0,3.0,12.0,14.0,91.0,146.0,202.0,77.0,0.0,0.0,0.0,0.0,0.0,0.0,0.0,0.0,0.0,2.0,0.0,1.0,1.0,0.0,0.0,0.0,0.0,0.0,1.0,1.0,0.0,0.0,0.0,0.0,0.0,0.0,0.0,0.0,0.0,0.0,0.0,0.0,1.0,0.0,2.0,1.0,0.0,0.0,0.0,0.0,0.0,0.0,0.0,0.0,0.0,0.0,0.0,1.0,0.0,0.0,0.0,2.0,0.0,0.0,0.0,0.0,0.0,0.0,0.0,0.0,0.0,0.0,0.0,0.0,0.0,0.0,2.0,0.0,12.0,2.0,0.0,0.0,0.0,0.0,0.0,0.0,0.0,0.0,0.0,0.0,0.0,1.0,0.0,0.0,0.0,3.0,0.0,0.0
1125,1.0,1125.0,London_198,,151,453,1092.0,70.0,2.0,177576.0,0.4843104030005634,845.0,127.0,2.0,125.0,228.0,15.0,213.0,23.0,55.0,165.0,20.0,132.0,16.0,50.0,3.0,12.0,10.0,93.0,142.0,208.0,72.0,0.0,0.0,0.0,0.0,0.0,0.0,0.0,0.0,0.0,46.0,0.0,11.0,4.0,27.0,0.0,2.0,0.0,2.0,2.0,44.0,0.0,0.0,0.0,0.0,0.0,0.0,0.0,0.0,0.0,0.0,0.0,0.0,0.0,0.0,0.0,0.0,0.0,0.0,0.0,0.0,1.0,0.0,0.0,0.0,0.0,0.0,1.0,4.0,0.0,2.0,20.0,20.0,6.0,0.0,0.0,0.0,0.0,0.0,0.0,0.0,0.0,0.0,0.0,0.0,0.0,0.0,0.0,0.0,0.0,0.0,0.0,0.0,0.0,0.0,1.0,0.0,0.0,0.0,0.0,0.0,2.0,5.0,0.0,2.0,33.0,27.0,7.0,0.0
1126,1.0,1126.0,London_198,,151,453,1092.0,70.0,2.0,154926.0,0.5247152519878,795.0,111.0,1.0,110.0,195.0,9.0,186.0,143.0,53.0,163.0,24.0,126.0,18.0,55.0,3.0,11.0,10.0,77.0,152.0,214.0,68.0,0.0,0.0,0.0,0.0,0.0,0.0,0.0,0.0,0.0,29.0,0.0,3.0,1.0,21.0,0.0,2.0,0.0,2.0,1.0,28.0,0.0,0.0,0.0,0.0,0.0,0.0,0.0,0.0,0.0,0.0,0.0,0.0,0.0,0.0,0.0,0.0,0.0,0.0,0.0,0.0,2.0,0.0,0.0,0.0,0.0,1.0,3.0,4.0,2.0,2.0,20.0,14.0,9.0,2.0,0.0,0.0,0.0,0.0,0.0,0.0,0.0,0.0,0.0,0.0,0.0,0.0,0.0,0.0,0.0,0.0,0.0,0.0,0.0,0.0,2.0,0.0,0.0,0.0,0.0,2.0,4.0,5.0,2.0,3.0,33.0,21.0,11.0,2.0
1127,1.0,1127.0,London_198,,151,453,1092.0,70.0,2.0,143148.0,0.7967278240248561,769.0,136.0,1.0,135.0,255.0,8.0,247.0,142.0,56.0,174.0,26.0,130.0,13.0,43.0,2.0,9.0,9.0,73.0,166.0,205.0,61.0,0.0,0.0,0.0,0.0,0.0,0.0,0.0,0.0,0.0,35.0,0.0,4.0,7.0,15.0,2.0,6.0,0.0,1.0,0.0,35.0,0.0,0.0,0.0,0.0,0.0,0.0,0.0,0.0,0.0,0.0,0.0,0.0,0.0,0.0,1.0,0.0,0.0,0.0,0.0,0.0,1.0,3.0,1.0,0.0,0.0,0.0,8.0,5.0,2.0,7.0,25.0,31.0,12.0,8.0,0.0,0.0,0.0,0.0,0.0,0.0,0.0,0.0,0.0,0.0,0.0,0.0,0.0,0.0,8.0,0.0,0.0,0.0,0.0,0.0,2.0,6.0,1.0,0.0,0.0,0.0,9.0,8.0,2.0,11.0,39.0,48.0,15.0,12.0
1128,1.0,1128.0,London_198,,151,453,1092.0,70.0,2.0,125028.0,0.30553437187336385,729.0,44.0,0.0,44.0,74.0,0.0,74.0,207.0,67.0,178.0,29.0,114.0,14.0,43.0,1.0,7.0,5.0,83.0,159.0,206.0,59.0,0.0,0.0,0.0,0.0,0.0,0.0,0.0,0.0,0.0,5.0,0.0,0.0,0.0,4.0,0.0,0.0,0.0,1.0,0.0,5.0,0.0,0.0,0.0,0.0,0.0,0.0,0.0,0.0,0.0,0.0,0.0,0.0,0.0,0.0,0.0,0.0,0.0,0.0,0.0,0.0,1.0,2.0,0.0,0.0,0.0,0.0,3.0,1.0,4.0,5.0,11.0,8.0,4.0,4.0,0.0,0.0,0.0,0.0,0.0,0.0,0.0,0.0,0.0,0.0,0.0,0.0,0.0,0.0,0.0,0.0,0.0,0.0,0.0,0.0,1.0,2.0,0.0,0.0,0.0,0.0,3.0,1.0,5.0,7.0,17.0,15.0,5.0,7.0
1129,1.0,1129.0,London_198,,151,453,1092.0,70.0,2.0,142695.0,0.4734398811124265,768.0,3.0,2.0,1.0,21.0,19.0,2.0,67.0,63.0,183.0,28.0,112.0,15.0,43.0,1.0,8.0,7.0,74.0,163.0,209.0,59.0,0.0,0.0,0.0,0.0,0.0,0.0,0.0,0.0,0.0,1.0,0.0,0.0,0.0,0.0,1.0,0.0,0.0,0.0,1.0,0.0,0.0,0.0,0.0,0.0,0.0,0.0,0.0,0.0,0.0,0.0,0.0,0.0,0.0,0.0,1.0,0.0,1.0,0.0,0.0,0.0,0.0,0.0,0.0,0.0,0.0,0.0,0.0,1.0,0.0,0.0,0.0,1.0,0.0,0.0,0.0,0.0,0.0,0.0,0.0,0.0,0.0,0.0,0.0,0.0,0.0,0.0,0.0,0.0,6.0,0.0,5.0,0.0,0.0,0.0,0.0,0.0,0.0,0.0,0.0,0.0,0.0,1.0,0.0,0.0,0.0,2.0,0.0,0.0
1130,1.0,1130.0,London_198,,151,453,1092.0,70.0,2.0,178482.0,0.4164431020617485,847.0,80.0,0.0,80.0,151.0,0.0,151.0,17.0,63.0,178.0,29.0,120.0,10.0,44.0,1.0,8.0,6.0,75.0,156.0,216.0,57.0,0.0,0.0,0.0,0.0,0.0,0.0,0.0,0.0,0.0,27.0,0.0,5.0,5.0,13.0,0.0,1.0,0.0,3.0,0.0,27.0,0.0,0.0,0.0,0.0,0.0,0.0,0.0,0.0,0.0,0.0,0.0,0.0,0.0,0.0,0.0,0.0,0.0,0.0,0.0,0.0,1.0,0.0,0.0,0.0,0.0,0.0,2.0,0.0,0.0,1.0,13.0,11.0,1.0,4.0,0.0,0.0,0.0,0.0,0.0,0.0,0.0,0.0,0.0,0.0,0.0,0.0,0.0,0.0,0.0,0.0,0.0,0.0,0.0,0.0,1.0,0.0,0.0,0.0,0.0,0.0,3.0,0.0,0.0,2.0,24.0,15.0,1.0,5.0
1131,1.0,1131.0,London_198,,151,453,1092.0,70.0,2.0,193884.0,0.44151704385876656,881.0,107.0,0.0,107.0,176.0,0.0,176.0,102.0,65.0,159.0,33.0,127.0,12.0,43.0,3.0,11.0,7.0,80.0,149.0,217.0,49.0,0.0,0.0,0.0,0.0,0.0,0.0,0.0,0.0,0.0,44.0,0.0,14.0,3.0,21.0,0.0,3.0,0.0,3.0,0.0,44.0,0.0,0.0,0.0,0.0,0.0,0.0,0.0,0.0,0.0,0.0,0.0,0.0,0.0,0.0,0.0,0.0,0.0,0.0,0.0,0.0,0.0,1.0,0.0,0.0,0.0,1.0,3.0,0.0,1.0,3.0,6.0,13.0,5.0,4.0,0.0,0.0,0.0,0.0,0.0,0.0,0.0,0.0,0.0,0.0,0.0,0.0,0.0,0.0,0.0,0.0,0.0,0.0,0.0,0.0,0.0,1.0,0.0,0.0,0.0,2.0,3.0,0.0,1.0,3.0,11.0,17.0,6.0,9.0
1132,1.0,1132.0,London_198,,151,453,1092.0,70.0,2.0,181200.0,1.193147568963468,853.0,96.0,2.0,94.0,172.0,17.0,155.0,110.0,62.0,145.0,38.0,141.0,14.0,40.0,2.0,11.0,12.0,68.0,144.0,229.0,55.0,0.0,0.0,0.0,0.0,0.0,0.0,0.0,0.0,0.0,22.0,0.0,7.0,2.0,10.0,0.0,3.0,0.0,0.0,2.0,20.0,0.0,0.0,0.0,0.0,0.0,0.0,0.0,0.0,0.0,0.0,0.0,0.0,0.0,0.0,0.0,0.0,0.0,0.0,0.0,0.0,0.0,0.0,0.0,0.0,1.0,0.0,2.0,3.0,0.0,3.0,19.0,20.0,5.0,4.0,0.0,0.0,0.0,0.0,0.0,0.0,0.0,0.0,0.0,0.0,0.0,0.0,0.0,0.0,0.0,0.0,0.0,0.0,0.0,0.0,0.0,0.0,0.0,0.0,1.0,0.0,2.0,3.0,0.0,3.0,26.0,23.0,6.0,4.0
1133,1.0,1133.0,London_198,,151,453,1092.0,70.0,2.0,178935.0,0.44734153687022626,848.0,119.0,2.0,117.0,212.0,18.0,194.0,127.0,63.0,143.0,26.0,150.0,15.0,43.0,3.0,10.0,9.0,67.0,147.0,230.0,48.0,0.0,0.0,0.0,0.0,0.0,0.0,0.0,0.0,0.0,40.0,0.0,11.0,5.0,17.0,0.0,4.0,0.0,3.0,2.0,38.0,0.0,0.0,0.0,0.0,0.0,0.0,0.0,0.0,0.0,0.0,0.0,0.0,0.0,0.0,0.0,0.0,0.0,0.0,0.0,0.0,1.0,0.0,0.0,0.0,2.0,0.0,4.0,4.0,1.0,2.0,13.0,24.0,5.0,3.0,0.0,0.0,0.0,0.0,0.0,0.0,0.0,0.0,0.0,0.0,0.0,0.0,0.0,0.0,0.0,0.0,0.0,0.0,0.0,0.0,1.0,0.0,0.0,0.0,2.0,0.0,9.0,6.0,2.0,2.0,18.0,35.0,6.0,5.0
1134,1.0,1134.0,London_198,,151,453,1092.0,70.0,2.0,166704.0,0.42541547515429556,821.0,178.0,2.0,176.0,338.0,18.0,320.0,137.0,65.0,158.0,26.0,146.0,11.0,35.0,4.0,8.0,14.0,56.0,159.0,224.0,49.0,0.0,0.0,0.0,0.0,0.0,0.0,0.0,0.0,0.0,58.0,0.0,9.0,9.0,33.0,0.0,3.0,1.0,3.0,1.0,57.0,0.0,0.0,0.0,0.0,0.0,0.0,0.0,0.0,0.0,0.0,0.0,0.0,0.0,0.0,1.0,0.0,0.0,0.0,0.0,0.0,3.0,2.0,0.0,0.0,0.0,0.0,4.0,5.0,2.0,5.0,18.0,30.0,9.0,4.0,0.0,0.0,0.0,0.0,0.0,0.0,0.0,0.0,0.0,0.0,0.0,0.0,0.0,0.0,5.0,0.0,0.0,0.0,0.0,0.0,6.0,2.0,0.0,0.0,0.0,0.0,6.0,7.0,2.0,7.0,32.0,48.0,11.0,8.0
1135,1.0,1135.0,London_198,,151,453,1092.0,70.0,2.0,114156.0,0.3598705409094691,705.0,1.0,0.0,1.0,2.0,0.0,2.0,233.0,79.0,149.0,26.0,137.0,14.0,36.0,4.0,8.0,8.0,58.0,151.0,236.0,51.0,0.0,0.0,0.0,0.0,0.0,0.0,0.0,0.0,0.0,0.0,0.0,0.0,0.0,0.0,0.0,0.0,0.0,0.0,0.0,0.0,0.0,0.0,0.0,0.0,0.0,0.0,0.0,0.0,0.0,0.0,0.0,0.0,0.0,0.0,0.0,0.0,0.0,0.0,0.0,0.0,0.0,0.0,0.0,0.0,0.0,0.0,0.0,0.0,0.0,0.0,0.0,0.0,0.0,0.0,0.0,0.0,0.0,0.0,0.0,0.0,0.0,0.0,0.0,0.0,0.0,0.0,0.0,0.0,0.0,0.0,0.0,0.0,0.0,0.0,0.0,0.0,0.0,0.0,0.0,0.0,0.0,0.0,0.0,0.0,0.0,0.0,0.0,0.0
1136,1.0,1136.0,London_198,,151,453,1092.0,70.0,2.0,160815.0,0.39685722603462636,808.0,32.0,1.0,31.0,64.0,11.0,53.0,2.0,77.0,151.0,26.0,137.0,14.0,36.0,4.0,8.0,8.0,58.0,152.0,235.0,51.0,0.0,0.0,0.0,0.0,0.0,0.0,0.0,0.0,0.0,5.0,0.0,0.0,1.0,4.0,0.0,0.0,0.0,0.0,1.0,4.0,0.0,0.0,0.0,0.0,0.0,0.0,0.0,0.0,0.0,0.0,0.0,0.0,0.0,0.0,1.0,0.0,0.0,0.0,0.0,0.0,1.0,0.0,0.0,1.0,0.0,0.0,0.0,2.0,0.0,1.0,3.0,7.0,2.0,2.0,0.0,0.0,0.0,0.0,0.0,0.0,0.0,0.0,0.0,0.0,0.0,0.0,0.0,0.0,2.0,0.0,0.0,0.0,0.0,0.0,1.0,0.0,0.0,2.0,0.0,0.0,0.0,2.0,0.0,1.0,6.0,10.0,2.0,2.0
1137,1.0,1137.0,London_198,,151,453,1092.0,70.0,2.0,195243.0,0.441812037024647,884.0,164.0,1.0,163.0,282.0,10.0,272.0,50.0,77.0,154.0,27.0,136.0,13.0,36.0,4.0,6.0,5.0,59.0,153.0,236.0,48.0,0.0,0.0,0.0,0.0,0.0,0.0,0.0,0.0,0.0,60.0,0.0,21.0,6.0,26.0,1.0,2.0,2.0,2.0,1.0,59.0,0.0,0.0,0.0,0.0,0.0,0.0,0.0,0.0,0.0,0.0,0.0,0.0,0.0,1.0,0.0,0.0,0.0,0.0,0.0,0.0,2.0,0.0,0.0,1.0,1.0,0.0,1.0,2.0,2.0,7.0,21.0,18.0,5.0,7.0,0.0,0.0,0.0,0.0,0.0,0.0,0.0,0.0,0.0,0.0,0.0,0.0,0.0,1.0,0.0,0.0,0.0,0.0,0.0,0.0,2.0,0.0,0.0,1.0,1.0,0.0,1.0,2.0,2.0,8.0,28.0,23.0,6.0,8.0
1138,1.0,1138.0,London_198,,151,453,1092.0,70.0,2.0,158550.0,0.47886240505613387,803.0,47.0,0.0,47.0,73.0,0.0,73.0,178.0,87.0,154.0,33.0,117.0,12.0,38.0,4.0,8.0,7.0,72.0,160.0,214.0,54.0,0.0,0.0,0.0,0.0,0.0,0.0,0.0,0.0,0.0,11.0,0.0,3.0,0.0,5.0,0.0,0.0,1.0,2.0,0.0,11.0,0.0,0.0,0.0,0.0,0.0,0.0,0.0,0.0,0.0,0.0,0.0,0.0,0.0,0.0,0.0,0.0,0.0,0.0,0.0,0.0,1.0,0.0,0.0,0.0,0.0,0.0,0.0,1.0,0.0,2.0,7.0,6.0,2.0,0.0,0.0,0.0,0.0,0.0,0.0,0.0,0.0,0.0,0.0,0.0,0.0,0.0,0.0,0.0,0.0,0.0,0.0,0.0,0.0,0.0,1.0,0.0,0.0,0.0,0.0,0.0,0.0,1.0,0.0,2.0,10.0,7.0,3.0,0.0
1139,1.0,1139.0,London_198,,151,453,1092.0,70.0,2.0,177123.0,0.5947480800095946,844.0,119.0,0.0,119.0,200.0,0.0,200.0,58.0,88.0,154.0,33.0,117.0,12.0,39.0,2.0,8.0,6.0,78.0,162.0,207.0,56.0,0.0,0.0,0.0,0.0,0.0,0.0,0.0,0.0,0.0,38.0,0.0,9.0,3.0,25.0,0.0,1.0,0.0,0.0,0.0,38.0,0.0,0.0,0.0,0.0,0.0,0.0,0.0,0.0,0.0,0.0,0.0,0.0,0.0,0.0,0.0,0.0,0.0,0.0,0.0,0.0,0.0,0.0,0.0,0.0,4.0,1.0,2.0,7.0,0.0,6.0,17.0,20.0,4.0,10.0,0.0,0.0,0.0,0.0,0.0,0.0,0.0,0.0,0.0,0.0,0.0,0.0,0.0,0.0,0.0,0.0,0.0,0.0,0.0,0.0,0.0,0.0,0.0,0.0,4.0,2.0,2.0,9.0,0.0,7.0,23.0,25.0,5.0,12.0
1140,1.0,1140.0,London_198,,151,453,1092.0,70.0,2.0,158097.0,0.6343437100294977,802.0,47.0,2.0,45.0,98.0,19.0,79.0,142.0,85.0,159.0,35.0,117.0,8.0,38.0,1.0,10.0,8.0,69.0,190.0,186.0,60.0,0.0,0.0,0.0,0.0,0.0,0.0,0.0,0.0,0.0,12.0,0.0,0.0,2.0,7.0,0.0,3.0,0.0,0.0,2.0,10.0,0.0,0.0,0.0,0.0,0.0,0.0,0.0,0.0,0.0,0.0,0.0,0.0,0.0,0.0,0.0,0.0,0.0,0.0,0.0,0.0,0.0,0.0,0.0,0.0,1.0,0.0,2.0,2.0,0.0,4.0,3.0,14.0,3.0,2.0,0.0,0.0,0.0,0.0,0.0,0.0,0.0,0.0,0.0,0.0,0.0,0.0,0.0,0.0,0.0,0.0,0.0,0.0,0.0,0.0,0.0,0.0,0.0,0.0,2.0,0.0,2.0,3.0,0.0,6.0,5.0,22.0,3.0,4.0
1141,1.0,1141.0,London_198,,151,453,1092.0,70.0,2.0,167157.0,0.6414325339719653,822.0,106.0,1.0,105.0,190.0,10.0,180.0,62.0,86.0,154.0,36.0,126.0,6.0,33.0,1.0,11.0,8.0,62.0,192.0,191.0,59.0,0.0,0.0,0.0,0.0,0.0,0.0,0.0,0.0,0.0,40.0,0.0,6.0,2.0,29.0,0.0,2.0,0.0,1.0,0.0,40.0,0.0,0.0,0.0,0.0,0.0,0.0,0.0,0.0,0.0,0.0,0.0,0.0,0.0,0.0,0.0,0.0,0.0,0.0,0.0,0.0,1.0,0.0,0.0,0.0,0.0,0.0,1.0,1.0,0.0,4.0,21.0,14.0,12.0,4.0,0.0,0.0,0.0,0.0,0.0,0.0,0.0,0.0,0.0,0.0,0.0,0.0,0.0,0.0,0.0,0.0,0.0,0.0,0.0,0.0,1.0,0.0,0.0,0.0,0.0,0.0,1.0,1.0,0.0,4.0,31.0,18.0,14.0,5.0
1142,1.0,1142.0,London_198,,151,453,1092.0,70.0,2.0,159456.0,0.43944715708494186,805.0,144.0,0.0,144.0,232.0,0.0,232.0,124.0,77.0,153.0,30.0,132.0,11.0,38.0,0.0,12.0,7.0,64.0,184.0,198.0,52.0,0.0,0.0,0.0,0.0,0.0,0.0,0.0,0.0,0.0,36.0,0.0,2.0,2.0,27.0,0.0,2.0,0.0,3.0,0.0,36.0,0.0,0.0,0.0,0.0,0.0,0.0,0.0,0.0,0.0,0.0,0.0,0.0,0.0,0.0,0.0,0.0,0.0,0.0,0.0,0.0,3.0,3.0,0.0,0.0,1.0,0.0,6.0,4.0,0.0,4.0,22.0,25.0,14.0,3.0,0.0,0.0,0.0,0.0,0.0,0.0,0.0,0.0,0.0,0.0,0.0,0.0,0.0,0.0,0.0,0.0,0.0,0.0,0.0,0.0,4.0,3.0,0.0,0.0,1.0,0.0,7.0,8.0,0.0,5.0,30.0,34.0,18.0,4.0
1143,1.0,1143.0,London_198,,151,453,1092.0,70.0,2.0,139071.0,0.45536033203825355,760.0,147.0,0.0,147.0,255.0,0.0,255.0,174.0,79.0,157.0,23.0,136.0,11.0,35.0,1.0,11.0,7.0,86.0,171.0,189.0,62.0,0.0,0.0,0.0,0.0,0.0,0.0,0.0,0.0,0.0,30.0,0.0,0.0,2.0,24.0,0.0,1.0,1.0,2.0,0.0,30.0,0.0,0.0,0.0,0.0,0.0,0.0,0.0,0.0,0.0,0.0,0.0,0.0,0.0,0.0,0.0,0.0,0.0,0.0,0.0,0.0,2.0,0.0,1.0,0.0,1.0,0.0,7.0,5.0,3.0,4.0,23.0,34.0,16.0,8.0,0.0,0.0,0.0,0.0,0.0,0.0,0.0,0.0,0.0,0.0,0.0,0.0,0.0,0.0,0.0,0.0,0.0,0.0,0.0,0.0,2.0,0.0,1.0,0.0,1.0,0.0,7.0,7.0,5.0,6.0,29.0,57.0,20.0,10.0
1144,1.0,1144.0,London_198,,151,453,1092.0,70.0,2.0,98301.0,0.2443259321153164,670.0,14.0,1.0,13.0,33.0,11.0,22.0,205.0,75.0,155.0,31.0,127.0,16.0,39.0,2.0,8.0,6.0,86.0,170.0,191.0,60.0,0.0,0.0,0.0,0.0,0.0,0.0,0.0,0.0,0.0,0.0,0.0,0.0,0.0,0.0,0.0,0.0,0.0,0.0,0.0,0.0,0.0,0.0,0.0,0.0,0.0,0.0,0.0,0.0,0.0,0.0,0.0,0.0,0.0,0.0,1.0,0.0,0.0,0.0,0.0,0.0,1.0,0.0,0.0,0.0,1.0,0.0,1.0,1.0,0.0,2.0,4.0,2.0,1.0,0.0,0.0,0.0,0.0,0.0,0.0,0.0,0.0,0.0,0.0,0.0,0.0,0.0,0.0,0.0,9.0,0.0,0.0,0.0,0.0,0.0,2.0,0.0,0.0,0.0,1.0,0.0,1.0,1.0,0.0,2.0,5.0,3.0,1.0,0.0
1145,1.0,1145.0,London_198,,151,453,1092.0,70.0,2.0,117327.0,0.2867969430517405,712.0,3.0,0.0,3.0,6.0,0.0,6.0,33.0,76.0,159.0,32.0,124.0,17.0,35.0,2.0,8.0,5.0,85.0,161.0,202.0,54.0,0.0,0.0,0.0,0.0,0.0,0.0,0.0,0.0,0.0,0.0,0.0,0.0,0.0,0.0,0.0,0.0,0.0,0.0,0.0,0.0,0.0,0.0,0.0,0.0,0.0,0.0,0.0,0.0,0.0,0.0,0.0,0.0,0.0,0.0,0.0,0.0,0.0,0.0,0.0,0.0,1.0,0.0,0.0,0.0,0.0,0.0,0.0,0.0,0.0,0.0,3.0,0.0,2.0,0.0,0.0,0.0,0.0,0.0,0.0,0.0,0.0,0.0,0.0,0.0,0.0,0.0,0.0,0.0,0.0,0.0,0.0,0.0,0.0,0.0,1.0,0.0,0.0,0.0,0.0,0.0,0.0,0.0,0.0,0.0,5.0,0.0,2.0,0.0
1146,1.0,1146.0,London_198,,151,453,1092.0,70.0,2.0,160815.0,0.5552862868644297,808.0,58.0,2.0,56.0,115.0,19.0,96.0,6.0,76.0,159.0,33.0,123.0,17.0,35.0,2.0,8.0,5.0,84.0,163.0,201.0,55.0,0.0,0.0,0.0,0.0,0.0,0.0,0.0,0.0,0.0,18.0,0.0,1.0,0.0,10.0,0.0,3.0,2.0,2.0,1.0,17.0,0.0,0.0,0.0,0.0,0.0,0.0,0.0,0.0,0.0,0.0,0.0,0.0,0.0,1.0,0.0,0.0,0.0,0.0,0.0,0.0,0.0,0.0,0.0,0.0,1.0,0.0,2.0,1.0,0.0,1.0,7.0,9.0,8.0,0.0,0.0,0.0,0.0,0.0,0.0,0.0,0.0,0.0,0.0,0.0,0.0,0.0,0.0,6.0,0.0,0.0,0.0,0.0,0.0,0.0,0.0,0.0,0.0,0.0,1.0,0.0,2.0,2.0,0.0,1.0,12.0,12.0,13.0,0.0
1147,1.0,1147.0,London_198,,151,453,1092.0,70.0,2.0,169422.0,0.6386876229662448,827.0,123.0,2.0,121.0,227.0,19.0,208.0,81.0,79.0,169.0,31.0,109.0,21.0,33.0,2.0,9.0,5.0,91.0,152.0,205.0,56.0,0.0,0.0,0.0,0.0,0.0,0.0,0.0,0.0,0.0,40.0,0.0,9.0,5.0,22.0,0.0,3.0,0.0,1.0,2.0,38.0,0.0,0.0,0.0,0.0,0.0,0.0,0.0,0.0,0.0,0.0,0.0,0.0,0.0,0.0,1.0,0.0,0.0,0.0,0.0,0.0,2.0,0.0,0.0,0.0,2.0,0.0,3.0,1.0,0.0,5.0,14.0,21.0,14.0,5.0,0.0,0.0,0.0,0.0,0.0,0.0,0.0,0.0,0.0,0.0,0.0,0.0,0.0,0.0,6.0,0.0,0.0,0.0,0.0,0.0,2.0,0.0,0.0,0.0,2.0,0.0,6.0,1.0,0.0,6.0,19.0,31.0,18.0,7.0
1148,1.0,1148.0,London_198,,151,453,1092.0,70.0,2.0,150849.0,0.5438646350521594,786.0,88.0,1.0,87.0,165.0,10.0,155.0,166.0,78.0,179.0,35.0,106.0,10.0,33.0,2.0,10.0,4.0,78.0,147.0,224.0,60.0,0.0,0.0,0.0,0.0,0.0,0.0,0.0,0.0,0.0,26.0,0.0,4.0,3.0,15.0,1.0,2.0,0.0,1.0,1.0,25.0,0.0,0.0,0.0,0.0,0.0,0.0,0.0,0.0,0.0,0.0,0.0,0.0,0.0,0.0,0.0,0.0,0.0,0.0,0.0,0.0,0.0,0.0,1.0,0.0,1.0,0.0,5.0,6.0,2.0,4.0,19.0,15.0,7.0,1.0,0.0,0.0,0.0,0.0,0.0,0.0,0.0,0.0,0.0,0.0,0.0,0.0,0.0,0.0,0.0,0.0,0.0,0.0,0.0,0.0,0.0,0.0,1.0,0.0,1.0,0.0,6.0,8.0,2.0,7.0,24.0,19.0,10.0,1.0
1149,1.0,1149.0,London_198,,151,453,1092.0,70.0,2.0,147225.0,0.5213163758162409,778.0,138.0,0.0,138.0,239.0,0.0,239.0,121.0,69.0,166.0,41.0,114.0,15.0,39.0,0.0,9.0,5.0,87.0,156.0,205.0,54.0,0.0,0.0,0.0,0.0,0.0,0.0,0.0,0.0,0.0,30.0,0.0,8.0,1.0,20.0,0.0,0.0,0.0,1.0,0.0,30.0,0.0,0.0,0.0,0.0,0.0,0.0,0.0,0.0,0.0,0.0,0.0,0.0,0.0,0.0,0.0,0.0,0.0,0.0,0.0,0.0,2.0,1.0,1.0,0.0,1.0,1.0,4.0,2.0,1.0,7.0,25.0,23.0,20.0,10.0,0.0,0.0,0.0,0.0,0.0,0.0,0.0,0.0,0.0,0.0,0.0,0.0,0.0,0.0,0.0,0.0,0.0,0.0,0.0,0.0,2.0,1.0,1.0,0.0,1.0,2.0,5.0,2.0,2.0,10.0,37.0,25.0,27.0,15.0
1150,1.0,1150.0,London_198,,151,453,1092.0,70.0,2.0,118686.0,0.3620419721119106,715.0,16.0,0.0,16.0,28.0,0.0,28.0,191.0,68.0,147.0,36.0,130.0,16.0,46.0,1.0,9.0,9.0,88.0,148.0,208.0,58.0,0.0,0.0,0.0,0.0,0.0,0.0,0.0,0.0,0.0,2.0,0.0,0.0,0.0,2.0,0.0,0.0,0.0,0.0,0.0,2.0,0.0,0.0,0.0,0.0,0.0,0.0,0.0,0.0,0.0,0.0,0.0,0.0,0.0,0.0,0.0,0.0,0.0,0.0,0.0,0.0,2.0,0.0,0.0,0.0,2.0,0.0,1.0,0.0,0.0,2.0,1.0,1.0,0.0,1.0,0.0,0.0,0.0,0.0,0.0,0.0,0.0,0.0,0.0,0.0,0.0,0.0,0.0,0.0,0.0,0.0,0.0,0.0,0.0,0.0,2.0,0.0,0.0,0.0,2.0,0.0,2.0,0.0,0.0,2.0,2.0,1.0,0.0,1.0
1151,1.0,1151.0,London_198,,151,453,1092.0,70.0,2.0,153114.0,0.48080957401543856,791.0,47.0,0.0,47.0,82.0,0.0,82.0,25.0,71.0,149.0,39.0,124.0,16.0,45.0,1.0,8.0,10.0,89.0,144.0,210.0,58.0,0.0,0.0,0.0,0.0,0.0,0.0,0.0,0.0,0.0,11.0,0.0,1.0,1.0,8.0,0.0,0.0,0.0,1.0,0.0,11.0,0.0,0.0,0.0,0.0,0.0,0.0,0.0,0.0,0.0,0.0,0.0,0.0,0.0,0.0,0.0,0.0,0.0,0.0,0.0,0.0,1.0,1.0,0.0,0.0,1.0,1.0,1.0,0.0,0.0,0.0,6.0,13.0,3.0,1.0,0.0,0.0,0.0,0.0,0.0,0.0,0.0,0.0,0.0,0.0,0.0,0.0,0.0,0.0,0.0,0.0,0.0,0.0,0.0,0.0,1.0,1.0,0.0,0.0,1.0,1.0,2.0,0.0,0.0,0.0,7.0,16.0,4.0,1.0
1152,1.0,1152.0,London_198,,151,453,1092.0,70.0,2.0,176217.0,0.7873587780632079,842.0,95.0,1.0,94.0,166.0,10.0,156.0,63.0,63.0,158.0,41.0,124.0,16.0,42.0,1.0,8.0,10.0,82.0,158.0,203.0,57.0,0.0,0.0,0.0,0.0,0.0,0.0,0.0,0.0,0.0,35.0,0.0,7.0,7.0,16.0,0.0,0.0,1.0,4.0,1.0,34.0,0.0,0.0,0.0,0.0,0.0,0.0,0.0,0.0,0.0,0.0,0.0,0.0,0.0,0.0,1.0,0.0,0.0,0.0,0.0,0.0,1.0,1.0,0.0,1.0,0.0,0.0,5.0,0.0,0.0,1.0,11.0,14.0,3.0,1.0,0.0,0.0,0.0,0.0,0.0,0.0,0.0,0.0,0.0,0.0,0.0,0.0,0.0,0.0,2.0,0.0,0.0,0.0,0.0,0.0,1.0,1.0,0.0,1.0,0.0,0.0,5.0,0.0,0.0,1.0,14.0,18.0,4.0,1.0
1153,1.0,1153.0,London_198,,151,453,1092.0,70.0,2.0,171687.0,0.7847589659504592,832.0,76.0,2.0,74.0,146.0,19.0,127.0,103.0,63.0,154.0,42.0,116.0,17.0,52.0,1.0,8.0,11.0,72.0,155.0,215.0,56.0,0.0,0.0,0.0,0.0,0.0,0.0,0.0,0.0,0.0,22.0,0.0,5.0,1.0,15.0,0.0,1.0,0.0,0.0,2.0,20.0,0.0,0.0,0.0,0.0,0.0,0.0,0.0,0.0,0.0,0.0,0.0,0.0,0.0,0.0,0.0,1.0,0.0,0.0,0.0,0.0,0.0,0.0,0.0,0.0,1.0,0.0,3.0,0.0,0.0,2.0,9.0,16.0,2.0,2.0,0.0,0.0,0.0,0.0,0.0,0.0,0.0,0.0,0.0,0.0,0.0,0.0,0.0,0.0,0.0,1.0,0.0,0.0,0.0,0.0,0.0,0.0,0.0,0.0,1.0,0.0,3.0,0.0,0.0,2.0,14.0,20.0,3.0,2.0
1154,1.0,1154.0,London_198,,151,453,1092.0,70.0,2.0,181653.0,0.7719202172011137,854.0,118.0,2.0,116.0,230.0,18.0,212.0,104.0,56.0,163.0,41.0,114.0,11.0,54.0,2.0,12.0,10.0,65.0,167.0,211.0,57.0,0.0,0.0,0.0,0.0,0.0,0.0,0.0,0.0,0.0,40.0,0.0,13.0,4.0,22.0,0.0,1.0,0.0,0.0,2.0,38.0,0.0,0.0,0.0,0.0,0.0,0.0,0.0,0.0,0.0,0.0,0.0,0.0,0.0,0.0,0.0,0.0,0.0,0.0,0.0,0.0,1.0,0.0,1.0,0.0,1.0,0.0,2.0,2.0,0.0,3.0,14.0,15.0,4.0,2.0,0.0,0.0,0.0,0.0,0.0,0.0,0.0,0.0,0.0,0.0,0.0,0.0,0.0,0.0,0.0,0.0,0.0,0.0,0.0,0.0,1.0,0.0,1.0,0.0,1.0,0.0,3.0,3.0,0.0,5.0,21.0,23.0,5.0,3.0
1155,1.0,1155.0,London_198,,151,453,1092.0,70.0,2.0,159456.0,0.47594602312892675,805.0,73.0,0.0,73.0,127.0,0.0,127.0,155.0,52.0,166.0,41.0,119.0,10.0,49.0,2.0,14.0,5.0,72.0,161.0,215.0,61.0,0.0,0.0,0.0,0.0,0.0,0.0,0.0,0.0,0.0,20.0,0.0,5.0,1.0,12.0,0.0,0.0,0.0,2.0,0.0,20.0,0.0,0.0,0.0,0.0,0.0,0.0,0.0,0.0,0.0,0.0,0.0,0.0,0.0,0.0,0.0,0.0,0.0,0.0,0.0,0.0,0.0,0.0,2.0,0.0,0.0,0.0,1.0,0.0,0.0,3.0,10.0,14.0,1.0,2.0,0.0,0.0,0.0,0.0,0.0,0.0,0.0,0.0,0.0,0.0,0.0,0.0,0.0,0.0,0.0,0.0,0.0,0.0,0.0,0.0,0.0,0.0,2.0,0.0,0.0,0.0,1.0,0.0,0.0,4.0,17.0,20.0,1.0,3.0
1156,1.0,1156.0,London_198,,151,453,1092.0,70.0,2.0,163533.0,0.4892228830140084,814.0,90.0,0.0,90.0,146.0,0.0,146.0,98.0,65.0,166.0,40.0,114.0,13.0,43.0,2.0,10.0,3.0,70.0,165.0,215.0,57.0,0.0,0.0,0.0,0.0,0.0,0.0,0.0,0.0,0.0,25.0,0.0,9.0,1.0,12.0,0.0,2.0,0.0,1.0,0.0,25.0,0.0,0.0,0.0,0.0,0.0,0.0,0.0,0.0,0.0,0.0,0.0,0.0,0.0,0.0,0.0,0.0,0.0,0.0,0.0,0.0,0.0,0.0,0.0,0.0,0.0,0.0,2.0,3.0,1.0,4.0,18.0,17.0,5.0,3.0,0.0,0.0,0.0,0.0,0.0,0.0,0.0,0.0,0.0,0.0,0.0,0.0,0.0,0.0,0.0,0.0,0.0,0.0,0.0,0.0,0.0,0.0,0.0,0.0,0.0,0.0,3.0,4.0,1.0,6.0,24.0,23.0,6.0,4.0
1157,1.0,1157.0,London_198,,151,453,1092.0,70.0,2.0,146319.0,0.5652644040528685,776.0,106.0,2.0,104.0,205.0,16.0,189.0,107.0,69.0,168.0,32.0,114.0,13.0,46.0,2.0,9.0,3.0,71.0,161.0,218.0,55.0,0.0,0.0,0.0,0.0,0.0,0.0,0.0,0.0,0.0,22.0,0.0,1.0,2.0,16.0,0.0,1.0,0.0,2.0,1.0,21.0,0.0,0.0,0.0,0.0,0.0,0.0,0.0,0.0,0.0,0.0,0.0,0.0,0.0,0.0,1.0,0.0,0.0,0.0,0.0,0.0,2.0,2.0,0.0,0.0,3.0,0.0,1.0,1.0,0.0,8.0,16.0,18.0,7.0,6.0,0.0,0.0,0.0,0.0,0.0,0.0,0.0,0.0,0.0,0.0,0.0,0.0,0.0,0.0,5.0,0.0,0.0,0.0,0.0,0.0,2.0,2.0,0.0,0.0,3.0,0.0,2.0,2.0,0.0,11.0,23.0,25.0,9.0,8.0
1158,1.0,1158.0,London_198,,151,453,1092.0,70.0,2.0,120951.0,0.30537047679536045,720.0,117.0,1.0,116.0,208.0,9.0,199.0,165.0,58.0,170.0,33.0,122.0,13.0,45.0,1.0,11.0,7.0,76.0,148.0,222.0,62.0,0.0,0.0,0.0,0.0,0.0,0.0,0.0,0.0,0.0,12.0,0.0,0.0,0.0,9.0,0.0,0.0,3.0,0.0,1.0,11.0,0.0,0.0,0.0,0.0,0.0,0.0,0.0,0.0,0.0,0.0,0.0,0.0,0.0,0.0,0.0,0.0,0.0,0.0,0.0,0.0,2.0,0.0,0.0,0.0,0.0,0.0,8.0,9.0,0.0,16.0,22.0,26.0,10.0,3.0,0.0,0.0,0.0,0.0,0.0,0.0,0.0,0.0,0.0,0.0,0.0,0.0,0.0,0.0,0.0,0.0,0.0,0.0,0.0,0.0,2.0,0.0,0.0,0.0,0.0,0.0,10.0,11.0,0.0,20.0,35.0,32.0,12.0,3.0
1159,1.0,1159.0,London_198,,151,453,1092.0,70.0,2.0,79728.0,0.16391020501032472,629.0,52.0,0.0,52.0,94.0,0.0,94.0,184.0,51.0,162.0,32.0,130.0,13.0,53.0,3.0,9.0,10.0,70.0,158.0,215.0,63.0,0.0,0.0,0.0,0.0,0.0,0.0,0.0,0.0,0.0,0.0,0.0,0.0,0.0,0.0,0.0,0.0,0.0,0.0,0.0,0.0,0.0,0.0,0.0,0.0,0.0,0.0,0.0,0.0,0.0,0.0,0.0,0.0,0.0,0.0,0.0,0.0,0.0,0.0,0.0,0.0,1.0,3.0,0.0,2.0,0.0,0.0,6.0,4.0,3.0,4.0,11.0,14.0,7.0,2.0,0.0,0.0,0.0,0.0,0.0,0.0,0.0,0.0,0.0,0.0,0.0,0.0,0.0,0.0,0.0,0.0,0.0,0.0,0.0,0.0,1.0,3.0,0.0,2.0,0.0,0.0,9.0,5.0,6.0,4.0,14.0,21.0,8.0,3.0
1160,1.0,1160.0,London_198,,151,453,1092.0,70.0,2.0,66591.0,0.12711934908293188,600.0,50.0,2.0,48.0,91.0,18.0,73.0,94.0,59.0,165.0,29.0,127.0,8.0,55.0,3.0,7.0,11.0,69.0,154.0,219.0,62.0,0.0,0.0,0.0,0.0,0.0,0.0,0.0,0.0,0.0,0.0,0.0,0.0,0.0,0.0,0.0,0.0,0.0,0.0,0.0,0.0,0.0,0.0,0.0,0.0,0.0,0.0,0.0,0.0,0.0,0.0,1.0,0.0,1.0,0.0,0.0,2.0,0.0,0.0,0.0,0.0,0.0,0.0,0.0,0.0,0.0,0.0,4.0,0.0,0.0,2.0,12.0,11.0,5.0,1.0,0.0,0.0,0.0,0.0,0.0,0.0,0.0,0.0,0.0,0.0,1.0,0.0,6.0,0.0,0.0,10.0,0.0,0.0,0.0,0.0,0.0,0.0,0.0,0.0,0.0,0.0,6.0,0.0,0.0,3.0,21.0,15.0,7.0,1.0
1161,1.0,1161.0,London_198,,151,453,1092.0,70.0,2.0,49830.0,0.0867730409372598,563.0,103.0,2.0,101.0,189.0,18.0,171.0,91.0,68.0,185.0,25.0,118.0,6.0,41.0,2.0,8.0,8.0,63.0,152.0,230.0,61.0,0.0,0.0,0.0,0.0,0.0,0.0,0.0,0.0,0.0,0.0,0.0,0.0,0.0,0.0,0.0,0.0,0.0,0.0,0.0,0.0,0.0,0.0,0.0,0.0,0.0,0.0,0.0,0.0,0.0,1.0,0.0,0.0,1.0,1.0,1.0,0.0,0.0,0.0,0.0,0.0,3.0,0.0,0.0,2.0,0.0,0.0,5.0,4.0,1.0,8.0,11.0,24.0,4.0,4.0,0.0,0.0,0.0,0.0,0.0,0.0,0.0,0.0,0.0,4.0,0.0,0.0,3.0,8.0,7.0,0.0,0.0,0.0,0.0,0.0,4.0,0.0,0.0,3.0,0.0,0.0,6.0,6.0,1.0,13.0,15.0,34.0,6.0,5.0
