,logged,day,location,model name,avg daily demand,inventory size,test days,init days,gurobi status,nvars,calc time,ncons,num patients,num SCD patients,num Other patients,num units requested,num units requested SCD,num units requested Other,num supplied products,num O- in inventory,num O+ in inventory,num A- in inventory,num A+ in inventory,num B- in inventory,num B+ in inventory,num AB- in inventory,num AB+ in inventory,num Fya-Fyb- in inventory,num Fya+Fyb- in inventory,num Fya-Fyb+ in inventory,num Fya+Fyb+ in inventory,num R0 in inventory,num outdates,num outdates O-,num outdates O+,num outdates A-,num outdates A+,num outdates B-,num outdates B+,num outdates AB-,num outdates AB+,num shortages,num shortages O-,num shortages O+,num shortages A-,num shortages A+,num shortages B-,num shortages B+,num shortages AB-,num shortages AB+,num shortages SCD,num shortages Other,num mismatched patients SCD A,num mismatched patients SCD B,num mismatched patients SCD D,num mismatched patients SCD C,num mismatched patients SCD c,num mismatched patients SCD E,num mismatched patients SCD e,num mismatched patients SCD K,num mismatched patients SCD k,num mismatched patients SCD Fya,num mismatched patients SCD Fyb,num mismatched patients SCD Jka,num mismatched patients SCD Jkb,num mismatched patients SCD M,num mismatched patients SCD N,num mismatched patients SCD S,num mismatched patients SCD s,num mismatched patients Other A,num mismatched patients Other B,num mismatched patients Other D,num mismatched patients Other C,num mismatched patients Other c,num mismatched patients Other E,num mismatched patients Other e,num mismatched patients Other K,num mismatched patients Other k,num mismatched patients Other Fya,num mismatched patients Other Fyb,num mismatched patients Other Jka,num mismatched patients Other Jkb,num mismatched patients Other M,num mismatched patients Other N,num mismatched patients Other S,num mismatched patients Other s,num mismatched units SCD A,num mismatched units SCD B,num mismatched units SCD D,num mismatched units SCD C,num mismatched units SCD c,num mismatched units SCD E,num mismatched units SCD e,num mismatched units SCD K,num mismatched units SCD k,num mismatched units SCD Fya,num mismatched units SCD Fyb,num mismatched units SCD Jka,num mismatched units SCD Jkb,num mismatched units SCD M,num mismatched units SCD N,num mismatched units SCD S,num mismatched units SCD s,num mismatched units Other A,num mismatched units Other B,num mismatched units Other D,num mismatched units Other C,num mismatched units Other c,num mismatched units Other E,num mismatched units Other e,num mismatched units Other K,num mismatched units Other k,num mismatched units Other Fya,num mismatched units Other Fyb,num mismatched units Other Jka,num mismatched units Other Jkb,num mismatched units Other M,num mismatched units Other N,num mismatched units Other S,num mismatched units Other s
0,1.0,0.0,London_60,,151,453,1092.0,70.0,2.0,147225.0,0.8207136730197817,778.0,79.0,2.0,77.0,146.0,17.0,129.0,453.0,63.0,176.0,33.0,131.0,9.0,31.0,5.0,5.0,7.0,82.0,155.0,209.0,56.0,0.0,0.0,0.0,0.0,0.0,0.0,0.0,0.0,0.0,0.0,0.0,0.0,0.0,0.0,0.0,0.0,0.0,0.0,0.0,0.0,0.0,0.0,0.0,0.0,0.0,0.0,0.0,0.0,0.0,0.0,0.0,0.0,0.0,0.0,1.0,1.0,1.0,0.0,0.0,0.0,1.0,1.0,0.0,1.0,0.0,0.0,4.0,1.0,1.0,4.0,14.0,22.0,5.0,5.0,0.0,0.0,0.0,0.0,0.0,0.0,0.0,0.0,0.0,0.0,0.0,0.0,0.0,0.0,5.0,5.0,8.0,0.0,0.0,0.0,1.0,2.0,0.0,1.0,0.0,0.0,5.0,1.0,1.0,5.0,15.0,32.0,5.0,7.0
1,1.0,1.0,London_60,,151,453,1092.0,70.0,2.0,148131.0,0.6941602090373635,780.0,111.0,0.0,111.0,188.0,0.0,188.0,146.0,68.0,171.0,34.0,135.0,7.0,31.0,2.0,5.0,8.0,74.0,141.0,230.0,50.0,0.0,0.0,0.0,0.0,0.0,0.0,0.0,0.0,0.0,0.0,0.0,0.0,0.0,0.0,0.0,0.0,0.0,0.0,0.0,0.0,0.0,0.0,0.0,0.0,0.0,0.0,0.0,0.0,0.0,0.0,0.0,0.0,0.0,0.0,0.0,0.0,0.0,0.0,0.0,0.0,0.0,4.0,4.0,0.0,2.0,0.0,6.0,4.0,4.0,8.0,18.0,24.0,15.0,6.0,0.0,0.0,0.0,0.0,0.0,0.0,0.0,0.0,0.0,0.0,0.0,0.0,0.0,0.0,0.0,0.0,0.0,0.0,0.0,0.0,0.0,7.0,5.0,0.0,2.0,0.0,7.0,5.0,6.0,10.0,29.0,37.0,20.0,7.0
2,1.0,2.0,London_60,,151,453,1092.0,70.0,2.0,138618.0,0.41918871994130313,759.0,44.0,0.0,44.0,80.0,0.0,80.0,188.0,82.0,174.0,27.0,126.0,9.0,32.0,0.0,3.0,7.0,71.0,136.0,239.0,46.0,0.0,0.0,0.0,0.0,0.0,0.0,0.0,0.0,0.0,0.0,0.0,0.0,0.0,0.0,0.0,0.0,0.0,0.0,0.0,0.0,0.0,0.0,0.0,0.0,0.0,0.0,0.0,0.0,0.0,0.0,0.0,0.0,0.0,0.0,0.0,0.0,0.0,0.0,0.0,0.0,1.0,0.0,0.0,0.0,0.0,0.0,2.0,0.0,3.0,5.0,11.0,12.0,12.0,3.0,0.0,0.0,0.0,0.0,0.0,0.0,0.0,0.0,0.0,0.0,0.0,0.0,0.0,0.0,0.0,0.0,0.0,0.0,0.0,0.0,1.0,0.0,0.0,0.0,0.0,0.0,3.0,0.0,4.0,5.0,18.0,17.0,18.0,3.0
3,1.0,3.0,London_60,,151,453,1092.0,70.0,2.0,156738.0,1.1761035278905183,799.0,66.0,0.0,66.0,123.0,0.0,123.0,80.0,92.0,167.0,31.0,119.0,7.0,32.0,0.0,5.0,8.0,64.0,136.0,245.0,43.0,0.0,0.0,0.0,0.0,0.0,0.0,0.0,0.0,0.0,0.0,0.0,0.0,0.0,0.0,0.0,0.0,0.0,0.0,0.0,0.0,0.0,0.0,0.0,0.0,0.0,0.0,0.0,0.0,0.0,0.0,0.0,0.0,0.0,0.0,0.0,0.0,0.0,0.0,0.0,0.0,1.0,0.0,0.0,1.0,0.0,0.0,5.0,2.0,0.0,4.0,14.0,18.0,15.0,11.0,0.0,0.0,0.0,0.0,0.0,0.0,0.0,0.0,0.0,0.0,0.0,0.0,0.0,0.0,0.0,0.0,0.0,0.0,0.0,0.0,1.0,0.0,0.0,2.0,0.0,0.0,9.0,2.0,0.0,8.0,21.0,29.0,15.0,20.0
4,1.0,4.0,London_60,,151,453,1092.0,70.0,2.0,163080.0,0.5349764900747687,813.0,60.0,0.0,60.0,105.0,0.0,105.0,123.0,102.0,158.0,31.0,115.0,9.0,34.0,0.0,4.0,7.0,61.0,138.0,247.0,39.0,0.0,0.0,0.0,0.0,0.0,0.0,0.0,0.0,0.0,0.0,0.0,0.0,0.0,0.0,0.0,0.0,0.0,0.0,0.0,0.0,0.0,0.0,0.0,0.0,0.0,0.0,0.0,0.0,0.0,0.0,0.0,0.0,0.0,0.0,0.0,0.0,0.0,0.0,0.0,0.0,4.0,1.0,0.0,1.0,0.0,0.0,2.0,4.0,3.0,3.0,14.0,17.0,10.0,4.0,0.0,0.0,0.0,0.0,0.0,0.0,0.0,0.0,0.0,0.0,0.0,0.0,0.0,0.0,0.0,0.0,0.0,0.0,0.0,0.0,5.0,1.0,0.0,1.0,0.0,0.0,3.0,6.0,3.0,3.0,23.0,25.0,14.0,5.0
5,1.0,5.0,London_60,,151,453,1092.0,70.0,2.0,175311.0,0.6940450607798994,840.0,119.0,2.0,117.0,229.0,20.0,209.0,105.0,111.0,170.0,32.0,95.0,7.0,36.0,0.0,2.0,5.0,65.0,142.0,241.0,42.0,0.0,0.0,0.0,0.0,0.0,0.0,0.0,0.0,0.0,0.0,0.0,0.0,0.0,0.0,0.0,0.0,0.0,0.0,0.0,0.0,0.0,0.0,0.0,0.0,0.0,0.0,0.0,0.0,0.0,0.0,0.0,0.0,0.0,1.0,1.0,1.0,0.0,0.0,0.0,0.0,1.0,7.0,8.0,0.0,0.0,1.0,5.0,9.0,7.0,5.0,22.0,32.0,16.0,7.0,0.0,0.0,0.0,0.0,0.0,0.0,0.0,0.0,0.0,0.0,0.0,0.0,0.0,5.0,9.0,2.0,0.0,0.0,0.0,0.0,1.0,11.0,9.0,0.0,0.0,1.0,6.0,15.0,10.0,5.0,31.0,48.0,22.0,14.0
6,1.0,6.0,London_60,,151,453,1092.0,70.0,2.0,160362.0,1.6922671739012003,807.0,98.0,2.0,96.0,186.0,19.0,167.0,229.0,113.0,162.0,41.0,88.0,12.0,29.0,1.0,7.0,5.0,76.0,126.0,246.0,38.0,0.0,0.0,0.0,0.0,0.0,0.0,0.0,0.0,0.0,0.0,0.0,0.0,0.0,0.0,0.0,0.0,0.0,0.0,0.0,0.0,0.0,0.0,0.0,0.0,0.0,0.0,0.0,0.0,0.0,1.0,0.0,0.0,1.0,0.0,2.0,0.0,1.0,0.0,0.0,0.0,0.0,12.0,15.0,0.0,0.0,0.0,6.0,7.0,2.0,6.0,20.0,19.0,19.0,11.0,0.0,0.0,0.0,0.0,0.0,0.0,0.0,0.0,0.0,3.0,0.0,0.0,5.0,0.0,15.0,0.0,9.0,0.0,0.0,0.0,0.0,19.0,17.0,0.0,0.0,0.0,7.0,12.0,2.0,8.0,33.0,32.0,24.0,13.0
7,1.0,7.0,London_60,,151,453,1092.0,70.0,2.0,154020.0,0.7369079699274153,793.0,144.0,0.0,144.0,241.0,0.0,241.0,186.0,121.0,179.0,34.0,64.0,9.0,38.0,4.0,4.0,4.0,70.0,136.0,243.0,40.0,0.0,0.0,0.0,0.0,0.0,0.0,0.0,0.0,0.0,0.0,0.0,0.0,0.0,0.0,0.0,0.0,0.0,0.0,0.0,0.0,0.0,0.0,0.0,0.0,0.0,0.0,0.0,0.0,0.0,0.0,0.0,0.0,0.0,0.0,0.0,0.0,0.0,0.0,0.0,0.0,1.0,4.0,0.0,3.0,9.0,0.0,20.0,6.0,12.0,7.0,29.0,27.0,18.0,5.0,0.0,0.0,0.0,0.0,0.0,0.0,0.0,0.0,0.0,0.0,0.0,0.0,0.0,0.0,0.0,0.0,0.0,0.0,0.0,0.0,1.0,5.0,0.0,3.0,10.0,0.0,25.0,10.0,15.0,9.0,42.0,37.0,21.0,6.0
8,1.0,8.0,London_60,,151,453,1092.0,70.0,2.0,125934.0,0.8518618950620294,731.0,86.0,0.0,86.0,142.0,0.0,142.0,241.0,142.0,176.0,16.0,62.0,9.0,45.0,0.0,3.0,7.0,62.0,155.0,229.0,50.0,0.0,0.0,0.0,0.0,0.0,0.0,0.0,0.0,0.0,0.0,0.0,0.0,0.0,0.0,0.0,0.0,0.0,0.0,0.0,0.0,0.0,0.0,0.0,0.0,0.0,0.0,0.0,0.0,0.0,0.0,0.0,0.0,0.0,0.0,0.0,0.0,0.0,0.0,0.0,0.0,0.0,1.0,1.0,3.0,7.0,0.0,4.0,5.0,5.0,2.0,15.0,16.0,17.0,6.0,0.0,0.0,0.0,0.0,0.0,0.0,0.0,0.0,0.0,0.0,0.0,0.0,0.0,0.0,0.0,0.0,0.0,0.0,0.0,0.0,0.0,1.0,1.0,4.0,8.0,0.0,5.0,5.0,5.0,2.0,24.0,21.0,22.0,8.0
9,1.0,9.0,London_60,,151,453,1092.0,70.0,2.0,123669.0,1.2388529998715967,726.0,15.0,1.0,14.0,38.0,10.0,28.0,142.0,159.0,192.0,10.0,36.0,7.0,44.0,1.0,4.0,7.0,66.0,156.0,224.0,43.0,0.0,0.0,0.0,0.0,0.0,0.0,0.0,0.0,0.0,0.0,0.0,0.0,0.0,0.0,0.0,0.0,0.0,0.0,0.0,0.0,0.0,0.0,0.0,0.0,0.0,0.0,0.0,0.0,0.0,0.0,0.0,0.0,0.0,1.0,0.0,1.0,0.0,0.0,0.0,0.0,0.0,1.0,0.0,0.0,0.0,0.0,2.0,4.0,1.0,0.0,1.0,4.0,2.0,2.0,0.0,0.0,0.0,0.0,0.0,0.0,0.0,0.0,0.0,0.0,0.0,0.0,0.0,8.0,0.0,3.0,0.0,0.0,0.0,0.0,0.0,1.0,0.0,0.0,0.0,0.0,3.0,4.0,3.0,0.0,1.0,8.0,2.0,3.0
10,1.0,10.0,London_60,,151,453,1092.0,70.0,2.0,152661.0,1.0711358340922743,790.0,79.0,2.0,77.0,147.0,19.0,128.0,38.0,161.0,191.0,8.0,29.0,8.0,49.0,2.0,5.0,7.0,63.0,150.0,233.0,39.0,0.0,0.0,0.0,0.0,0.0,0.0,0.0,0.0,0.0,0.0,0.0,0.0,0.0,0.0,0.0,0.0,0.0,0.0,0.0,0.0,0.0,0.0,0.0,0.0,0.0,0.0,0.0,0.0,0.0,0.0,0.0,0.0,0.0,1.0,0.0,2.0,0.0,0.0,0.0,0.0,1.0,0.0,0.0,0.0,0.0,0.0,4.0,6.0,1.0,7.0,14.0,19.0,13.0,12.0,0.0,0.0,0.0,0.0,0.0,0.0,0.0,0.0,0.0,0.0,0.0,0.0,0.0,8.0,0.0,6.0,0.0,0.0,0.0,0.0,1.0,0.0,0.0,0.0,0.0,0.0,4.0,7.0,1.0,11.0,23.0,29.0,18.0,16.0
11,1.0,11.0,London_60,,151,453,1092.0,70.0,2.0,153114.0,0.7136992118321359,791.0,48.0,0.0,48.0,79.0,0.0,79.0,147.0,169.0,174.0,12.0,40.0,11.0,38.0,3.0,6.0,8.0,65.0,143.0,237.0,31.0,0.0,0.0,0.0,0.0,0.0,0.0,0.0,0.0,0.0,0.0,0.0,0.0,0.0,0.0,0.0,0.0,0.0,0.0,0.0,0.0,0.0,0.0,0.0,0.0,0.0,0.0,0.0,0.0,0.0,0.0,0.0,0.0,0.0,0.0,0.0,0.0,0.0,0.0,0.0,0.0,2.0,6.0,0.0,0.0,0.0,0.0,4.0,3.0,3.0,5.0,7.0,14.0,16.0,4.0,0.0,0.0,0.0,0.0,0.0,0.0,0.0,0.0,0.0,0.0,0.0,0.0,0.0,0.0,0.0,0.0,0.0,0.0,0.0,0.0,2.0,7.0,0.0,0.0,0.0,0.0,5.0,3.0,4.0,6.0,12.0,19.0,17.0,5.0
12,1.0,12.0,London_60,,151,453,1092.0,70.0,2.0,180747.0,0.8458880421239883,852.0,102.0,1.0,101.0,178.0,9.0,169.0,79.0,179.0,173.0,17.0,21.0,12.0,45.0,2.0,4.0,7.0,64.0,142.0,240.0,32.0,0.0,0.0,0.0,0.0,0.0,0.0,0.0,0.0,0.0,0.0,0.0,0.0,0.0,0.0,0.0,0.0,0.0,0.0,0.0,0.0,0.0,0.0,0.0,0.0,0.0,0.0,0.0,0.0,0.0,0.0,1.0,0.0,1.0,1.0,0.0,1.0,0.0,0.0,0.0,0.0,3.0,3.0,0.0,1.0,1.0,0.0,7.0,10.0,9.0,2.0,22.0,23.0,16.0,11.0,0.0,0.0,0.0,0.0,0.0,0.0,0.0,0.0,0.0,0.0,2.0,0.0,4.0,4.0,0.0,1.0,0.0,0.0,0.0,0.0,4.0,5.0,0.0,2.0,1.0,0.0,11.0,11.0,14.0,3.0,31.0,35.0,16.0,16.0
13,1.0,13.0,London_60,,151,453,1092.0,70.0,2.0,179388.0,0.8086408309172839,849.0,133.0,2.0,131.0,232.0,20.0,212.0,178.0,200.0,140.0,11.0,49.0,10.0,41.0,0.0,2.0,5.0,58.0,161.0,229.0,33.0,0.0,0.0,0.0,0.0,0.0,0.0,0.0,0.0,0.0,0.0,0.0,0.0,0.0,0.0,0.0,0.0,0.0,0.0,0.0,0.0,0.0,0.0,0.0,0.0,0.0,0.0,0.0,0.0,0.0,0.0,0.0,0.0,1.0,0.0,0.0,2.0,0.0,0.0,0.0,0.0,8.0,17.0,2.0,1.0,0.0,0.0,20.0,7.0,4.0,6.0,17.0,27.0,17.0,9.0,0.0,0.0,0.0,0.0,0.0,0.0,0.0,0.0,0.0,0.0,0.0,0.0,10.0,0.0,0.0,8.0,0.0,0.0,0.0,0.0,9.0,25.0,2.0,1.0,0.0,0.0,25.0,7.0,5.0,7.0,24.0,36.0,21.0,10.0
14,1.0,14.0,London_60,,151,453,1092.0,70.0,2.0,156285.0,2.0693122670054436,798.0,127.0,1.0,126.0,213.0,8.0,205.0,232.0,210.0,101.0,23.0,74.0,12.0,30.0,0.0,3.0,5.0,64.0,165.0,219.0,31.0,0.0,0.0,0.0,0.0,0.0,0.0,0.0,0.0,0.0,0.0,0.0,0.0,0.0,0.0,0.0,0.0,0.0,0.0,0.0,0.0,0.0,0.0,0.0,0.0,0.0,0.0,0.0,0.0,0.0,0.0,0.0,0.0,1.0,0.0,1.0,0.0,1.0,0.0,0.0,0.0,3.0,17.0,0.0,1.0,9.0,0.0,10.0,11.0,3.0,7.0,22.0,30.0,19.0,9.0,0.0,0.0,0.0,0.0,0.0,0.0,0.0,0.0,0.0,0.0,0.0,0.0,3.0,0.0,4.0,0.0,6.0,0.0,0.0,0.0,3.0,22.0,0.0,1.0,9.0,0.0,14.0,12.0,6.0,7.0,32.0,38.0,23.0,14.0
15,1.0,15.0,London_60,,151,453,1092.0,70.0,2.0,136353.0,0.6694075060077012,754.0,33.0,2.0,31.0,68.0,17.0,51.0,213.0,217.0,94.0,8.0,88.0,11.0,33.0,1.0,1.0,5.0,73.0,160.0,215.0,30.0,0.0,0.0,0.0,0.0,0.0,0.0,0.0,0.0,0.0,0.0,0.0,0.0,0.0,0.0,0.0,0.0,0.0,0.0,0.0,0.0,0.0,0.0,0.0,0.0,0.0,0.0,0.0,0.0,0.0,2.0,0.0,0.0,0.0,0.0,0.0,0.0,0.0,0.0,0.0,0.0,2.0,1.0,0.0,1.0,0.0,0.0,2.0,0.0,0.0,4.0,7.0,8.0,3.0,5.0,0.0,0.0,0.0,0.0,0.0,0.0,0.0,0.0,0.0,8.0,0.0,0.0,0.0,0.0,0.0,0.0,0.0,0.0,0.0,0.0,2.0,1.0,0.0,1.0,0.0,0.0,2.0,0.0,0.0,4.0,11.0,13.0,4.0,7.0
16,1.0,16.0,London_60,,151,453,1092.0,70.0,2.0,159456.0,0.5993674299679697,805.0,70.0,0.0,70.0,119.0,0.0,119.0,68.0,225.0,80.0,10.0,94.0,5.0,38.0,1.0,0.0,8.0,74.0,152.0,219.0,25.0,0.0,0.0,0.0,0.0,0.0,0.0,0.0,0.0,0.0,0.0,0.0,0.0,0.0,0.0,0.0,0.0,0.0,0.0,0.0,0.0,0.0,0.0,0.0,0.0,0.0,0.0,0.0,0.0,0.0,0.0,0.0,0.0,0.0,0.0,0.0,0.0,0.0,0.0,0.0,0.0,8.0,0.0,0.0,2.0,0.0,0.0,1.0,5.0,8.0,7.0,11.0,17.0,7.0,6.0,0.0,0.0,0.0,0.0,0.0,0.0,0.0,0.0,0.0,0.0,0.0,0.0,0.0,0.0,0.0,0.0,0.0,0.0,0.0,0.0,9.0,0.0,0.0,4.0,0.0,0.0,2.0,7.0,11.0,8.0,17.0,25.0,7.0,6.0
17,1.0,17.0,London_60,,151,453,1092.0,70.0,2.0,164439.0,0.7880529051180929,816.0,87.0,2.0,85.0,165.0,17.0,148.0,119.0,226.0,73.0,19.0,94.0,7.0,32.0,1.0,1.0,11.0,85.0,144.0,213.0,26.0,0.0,0.0,0.0,0.0,0.0,0.0,0.0,0.0,0.0,0.0,0.0,0.0,0.0,0.0,0.0,0.0,0.0,0.0,0.0,0.0,0.0,0.0,0.0,0.0,0.0,0.0,0.0,0.0,0.0,1.0,0.0,0.0,0.0,0.0,1.0,1.0,0.0,0.0,0.0,0.0,6.0,0.0,1.0,2.0,21.0,0.0,4.0,6.0,7.0,6.0,15.0,18.0,15.0,5.0,0.0,0.0,0.0,0.0,0.0,0.0,0.0,0.0,0.0,2.0,0.0,0.0,0.0,0.0,9.0,1.0,0.0,0.0,0.0,0.0,8.0,0.0,1.0,2.0,29.0,0.0,7.0,9.0,8.0,9.0,21.0,25.0,19.0,7.0
18,1.0,18.0,London_60,,151,453,1092.0,70.0,2.0,156738.0,0.8843768008518964,799.0,102.0,0.0,102.0,174.0,0.0,174.0,165.0,225.0,61.0,27.0,105.0,8.0,23.0,0.0,4.0,8.0,76.0,139.0,230.0,23.0,0.0,0.0,0.0,0.0,0.0,0.0,0.0,0.0,0.0,0.0,0.0,0.0,0.0,0.0,0.0,0.0,0.0,0.0,0.0,0.0,0.0,0.0,0.0,0.0,0.0,0.0,0.0,0.0,0.0,0.0,0.0,0.0,0.0,0.0,0.0,0.0,0.0,0.0,0.0,0.0,4.0,5.0,0.0,1.0,0.0,1.0,7.0,6.0,11.0,7.0,29.0,23.0,23.0,7.0,0.0,0.0,0.0,0.0,0.0,0.0,0.0,0.0,0.0,0.0,0.0,0.0,0.0,0.0,0.0,0.0,0.0,0.0,0.0,0.0,7.0,7.0,0.0,2.0,0.0,4.0,10.0,7.0,12.0,9.0,45.0,35.0,27.0,14.0
19,1.0,19.0,London_60,,151,453,1092.0,70.0,2.0,157644.0,0.657774112187326,801.0,110.0,0.0,110.0,179.0,0.0,179.0,174.0,226.0,52.0,28.0,112.0,9.0,20.0,3.0,3.0,6.0,74.0,154.0,219.0,28.0,0.0,0.0,0.0,0.0,0.0,0.0,0.0,0.0,0.0,0.0,0.0,0.0,0.0,0.0,0.0,0.0,0.0,0.0,0.0,0.0,0.0,0.0,0.0,0.0,0.0,0.0,0.0,0.0,0.0,0.0,0.0,0.0,0.0,0.0,0.0,0.0,0.0,0.0,0.0,0.0,2.0,6.0,0.0,1.0,3.0,0.0,7.0,5.0,6.0,2.0,26.0,21.0,13.0,17.0,0.0,0.0,0.0,0.0,0.0,0.0,0.0,0.0,0.0,0.0,0.0,0.0,0.0,0.0,0.0,0.0,0.0,0.0,0.0,0.0,2.0,7.0,0.0,1.0,4.0,0.0,8.0,10.0,6.0,3.0,31.0,29.0,18.0,26.0
20,1.0,20.0,London_60,,151,453,1092.0,70.0,2.0,151302.0,0.60055948398076,787.0,75.0,2.0,73.0,143.0,19.0,124.0,179.0,206.0,61.0,36.0,112.0,7.0,25.0,3.0,3.0,8.0,78.0,128.0,239.0,36.0,0.0,0.0,0.0,0.0,0.0,0.0,0.0,0.0,0.0,0.0,0.0,0.0,0.0,0.0,0.0,0.0,0.0,0.0,0.0,0.0,0.0,0.0,0.0,0.0,0.0,0.0,0.0,0.0,0.0,2.0,0.0,0.0,0.0,1.0,1.0,2.0,0.0,0.0,0.0,0.0,2.0,6.0,0.0,1.0,1.0,0.0,4.0,4.0,0.0,5.0,14.0,19.0,9.0,9.0,0.0,0.0,0.0,0.0,0.0,0.0,0.0,0.0,0.0,9.0,0.0,0.0,0.0,9.0,7.0,9.0,0.0,0.0,0.0,0.0,2.0,12.0,0.0,2.0,1.0,0.0,7.0,5.0,0.0,8.0,17.0,27.0,13.0,15.0
21,1.0,21.0,London_60,,151,453,1092.0,70.0,2.0,157191.0,0.7641352890059352,800.0,59.0,2.0,57.0,117.0,19.0,98.0,143.0,226.0,71.0,34.0,97.0,1.0,19.0,2.0,3.0,7.0,80.0,134.0,232.0,32.0,0.0,0.0,0.0,0.0,0.0,0.0,0.0,0.0,0.0,0.0,0.0,0.0,0.0,0.0,0.0,0.0,0.0,0.0,0.0,0.0,0.0,0.0,0.0,0.0,0.0,0.0,0.0,0.0,0.0,0.0,1.0,0.0,1.0,0.0,0.0,1.0,0.0,0.0,0.0,0.0,2.0,4.0,0.0,0.0,2.0,0.0,3.0,2.0,3.0,8.0,6.0,12.0,9.0,6.0,0.0,0.0,0.0,0.0,0.0,0.0,0.0,0.0,0.0,0.0,2.0,0.0,4.0,0.0,0.0,4.0,0.0,0.0,0.0,0.0,3.0,4.0,0.0,0.0,2.0,0.0,3.0,2.0,4.0,14.0,10.0,18.0,11.0,8.0
22,1.0,22.0,London_60,,151,453,1092.0,70.0,2.0,165345.0,0.8254466550424695,818.0,155.0,0.0,155.0,256.0,0.0,256.0,117.0,236.0,53.0,46.0,88.0,4.0,21.0,3.0,2.0,5.0,82.0,132.0,234.0,20.0,0.0,0.0,0.0,0.0,0.0,0.0,0.0,0.0,0.0,0.0,0.0,0.0,0.0,0.0,0.0,0.0,0.0,0.0,0.0,0.0,0.0,0.0,0.0,0.0,0.0,0.0,0.0,0.0,0.0,0.0,0.0,0.0,0.0,0.0,0.0,0.0,0.0,0.0,0.0,0.0,3.0,20.0,6.0,3.0,9.0,0.0,14.0,7.0,10.0,25.0,36.0,35.0,18.0,11.0,0.0,0.0,0.0,0.0,0.0,0.0,0.0,0.0,0.0,0.0,0.0,0.0,0.0,0.0,0.0,0.0,0.0,0.0,0.0,0.0,4.0,25.0,7.0,3.0,10.0,0.0,17.0,7.0,11.0,34.0,49.0,47.0,24.0,16.0
23,1.0,23.0,London_60,,151,453,1092.0,70.0,2.0,124122.0,0.642338756006211,727.0,50.0,0.0,50.0,91.0,0.0,91.0,256.0,221.0,95.0,17.0,71.0,8.0,30.0,4.0,7.0,10.0,64.0,152.0,227.0,40.0,0.0,0.0,0.0,0.0,0.0,0.0,0.0,0.0,0.0,0.0,0.0,0.0,0.0,0.0,0.0,0.0,0.0,0.0,0.0,0.0,0.0,0.0,0.0,0.0,0.0,0.0,0.0,0.0,0.0,0.0,0.0,0.0,0.0,0.0,0.0,0.0,0.0,0.0,0.0,0.0,0.0,2.0,0.0,0.0,0.0,0.0,5.0,5.0,2.0,6.0,11.0,18.0,8.0,6.0,0.0,0.0,0.0,0.0,0.0,0.0,0.0,0.0,0.0,0.0,0.0,0.0,0.0,0.0,0.0,0.0,0.0,0.0,0.0,0.0,0.0,2.0,0.0,0.0,0.0,0.0,7.0,5.0,2.0,9.0,19.0,27.0,10.0,9.0
24,1.0,24.0,London_60,,151,453,1092.0,70.0,2.0,137712.0,0.6878011878579855,757.0,2.0,0.0,2.0,3.0,0.0,3.0,91.0,222.0,93.0,16.0,72.0,11.0,29.0,5.0,5.0,7.0,61.0,144.0,241.0,41.0,0.0,0.0,0.0,0.0,0.0,0.0,0.0,0.0,0.0,0.0,0.0,0.0,0.0,0.0,0.0,0.0,0.0,0.0,0.0,0.0,0.0,0.0,0.0,0.0,0.0,0.0,0.0,0.0,0.0,0.0,0.0,0.0,0.0,0.0,0.0,0.0,0.0,0.0,0.0,0.0,0.0,0.0,0.0,0.0,0.0,0.0,0.0,0.0,0.0,0.0,1.0,0.0,2.0,0.0,0.0,0.0,0.0,0.0,0.0,0.0,0.0,0.0,0.0,0.0,0.0,0.0,0.0,0.0,0.0,0.0,0.0,0.0,0.0,0.0,0.0,0.0,0.0,0.0,0.0,0.0,0.0,0.0,0.0,0.0,2.0,0.0,2.0,0.0
25,1.0,25.0,London_60,,151,453,1092.0,70.0,2.0,185277.0,0.9017424508929253,862.0,131.0,0.0,131.0,222.0,0.0,222.0,3.0,222.0,93.0,15.0,73.0,11.0,29.0,5.0,5.0,7.0,59.0,145.0,242.0,41.0,0.0,0.0,0.0,0.0,0.0,0.0,0.0,0.0,0.0,0.0,0.0,0.0,0.0,0.0,0.0,0.0,0.0,0.0,0.0,0.0,0.0,0.0,0.0,0.0,0.0,0.0,0.0,0.0,0.0,0.0,0.0,0.0,0.0,0.0,0.0,0.0,0.0,0.0,0.0,0.0,8.0,10.0,1.0,2.0,6.0,1.0,10.0,12.0,19.0,11.0,27.0,29.0,17.0,11.0,0.0,0.0,0.0,0.0,0.0,0.0,0.0,0.0,0.0,0.0,0.0,0.0,0.0,0.0,0.0,0.0,0.0,0.0,0.0,0.0,8.0,15.0,1.0,4.0,7.0,2.0,11.0,18.0,22.0,15.0,36.0,46.0,19.0,17.0
26,1.0,26.0,London_60,,151,453,1092.0,70.0,2.0,178935.0,0.9879897190257907,848.0,162.0,2.0,160.0,286.0,18.0,268.0,222.0,232.0,88.0,12.0,59.0,18.0,33.0,4.0,7.0,10.0,69.0,146.0,228.0,37.0,0.0,0.0,0.0,0.0,0.0,0.0,0.0,0.0,0.0,0.0,0.0,0.0,0.0,0.0,0.0,0.0,0.0,0.0,0.0,0.0,0.0,0.0,0.0,0.0,0.0,0.0,0.0,0.0,0.0,2.0,0.0,0.0,1.0,1.0,1.0,2.0,0.0,0.0,0.0,0.0,2.0,14.0,1.0,3.0,0.0,1.0,1.0,6.0,1.0,10.0,35.0,42.0,28.0,14.0,0.0,0.0,0.0,0.0,0.0,0.0,0.0,0.0,0.0,7.0,0.0,0.0,4.0,5.0,7.0,9.0,0.0,0.0,0.0,0.0,2.0,17.0,1.0,5.0,0.0,2.0,1.0,7.0,2.0,12.0,48.0,63.0,41.0,18.0
27,1.0,27.0,London_60,,151,453,1092.0,70.0,2.0,138165.0,0.47894761501811445,758.0,39.0,2.0,37.0,80.0,19.0,61.0,286.0,193.0,119.0,13.0,84.0,10.0,28.0,1.0,5.0,9.0,59.0,163.0,222.0,38.0,0.0,0.0,0.0,0.0,0.0,0.0,0.0,0.0,0.0,0.0,0.0,0.0,0.0,0.0,0.0,0.0,0.0,0.0,0.0,0.0,0.0,0.0,0.0,0.0,0.0,0.0,0.0,0.0,0.0,1.0,0.0,0.0,1.0,1.0,1.0,1.0,0.0,0.0,0.0,0.0,1.0,0.0,0.0,1.0,0.0,0.0,2.0,5.0,1.0,3.0,8.0,10.0,6.0,1.0,0.0,0.0,0.0,0.0,0.0,0.0,0.0,0.0,0.0,2.0,0.0,0.0,3.0,8.0,6.0,4.0,0.0,0.0,0.0,0.0,1.0,0.0,0.0,1.0,0.0,0.0,2.0,8.0,1.0,3.0,13.0,11.0,9.0,1.0
28,1.0,28.0,London_60,,151,453,1092.0,70.0,2.0,156285.0,0.9782657180912793,798.0,1.0,0.0,1.0,1.0,0.0,1.0,80.0,193.0,123.0,14.0,85.0,8.0,26.0,0.0,4.0,13.0,66.0,147.0,227.0,40.0,0.0,0.0,0.0,0.0,0.0,0.0,0.0,0.0,0.0,0.0,0.0,0.0,0.0,0.0,0.0,0.0,0.0,0.0,0.0,0.0,0.0,0.0,0.0,0.0,0.0,0.0,0.0,0.0,0.0,0.0,0.0,0.0,0.0,0.0,0.0,0.0,0.0,0.0,0.0,0.0,0.0,0.0,0.0,0.0,0.0,0.0,0.0,0.0,0.0,0.0,1.0,0.0,0.0,0.0,0.0,0.0,0.0,0.0,0.0,0.0,0.0,0.0,0.0,0.0,0.0,0.0,0.0,0.0,0.0,0.0,0.0,0.0,0.0,0.0,0.0,0.0,0.0,0.0,0.0,0.0,0.0,0.0,0.0,0.0,1.0,0.0,0.0,0.0
29,1.0,29.0,London_60,,151,453,1092.0,70.0,2.0,202491.0,1.9581336330156773,900.0,148.0,2.0,146.0,259.0,19.0,240.0,1.0,193.0,122.0,14.0,86.0,8.0,26.0,0.0,4.0,13.0,67.0,146.0,227.0,40.0,0.0,0.0,0.0,0.0,0.0,0.0,0.0,0.0,0.0,0.0,0.0,0.0,0.0,0.0,0.0,0.0,0.0,0.0,0.0,0.0,0.0,0.0,0.0,0.0,0.0,0.0,0.0,0.0,0.0,0.0,0.0,0.0,0.0,0.0,1.0,1.0,0.0,0.0,0.0,0.0,8.0,8.0,2.0,2.0,1.0,0.0,17.0,15.0,3.0,10.0,28.0,40.0,16.0,14.0,0.0,0.0,0.0,0.0,0.0,0.0,0.0,0.0,0.0,0.0,0.0,0.0,0.0,0.0,9.0,2.0,0.0,0.0,0.0,0.0,12.0,12.0,2.0,2.0,1.0,0.0,19.0,22.0,4.0,13.0,43.0,55.0,23.0,18.0
30,1.0,30.0,London_60,,151,453,1092.0,70.0,2.0,187089.0,0.6923534809611738,866.0,99.0,1.0,98.0,185.0,9.0,176.0,259.0,200.0,121.0,20.0,72.0,12.0,24.0,1.0,3.0,4.0,72.0,150.0,227.0,27.0,0.0,0.0,0.0,0.0,0.0,0.0,0.0,0.0,0.0,0.0,0.0,0.0,0.0,0.0,0.0,0.0,0.0,0.0,0.0,0.0,0.0,0.0,0.0,0.0,0.0,0.0,0.0,0.0,0.0,0.0,0.0,0.0,0.0,0.0,0.0,1.0,0.0,0.0,0.0,0.0,0.0,3.0,0.0,0.0,0.0,0.0,3.0,13.0,3.0,6.0,14.0,24.0,19.0,15.0,0.0,0.0,0.0,0.0,0.0,0.0,0.0,0.0,0.0,0.0,0.0,0.0,0.0,0.0,0.0,3.0,0.0,0.0,0.0,0.0,0.0,4.0,0.0,0.0,0.0,0.0,5.0,19.0,3.0,6.0,21.0,36.0,22.0,22.0
31,1.0,31.0,London_60,,151,453,1092.0,70.0,2.0,187995.0,0.6753293669316918,868.0,126.0,2.0,124.0,214.0,18.0,196.0,185.0,206.0,121.0,18.0,73.0,8.0,18.0,3.0,6.0,6.0,77.0,150.0,220.0,34.0,0.0,0.0,0.0,0.0,0.0,0.0,0.0,0.0,0.0,0.0,0.0,0.0,0.0,0.0,0.0,0.0,0.0,0.0,0.0,0.0,0.0,0.0,0.0,0.0,0.0,0.0,0.0,0.0,0.0,0.0,0.0,0.0,0.0,0.0,0.0,2.0,0.0,0.0,0.0,0.0,1.0,8.0,5.0,2.0,0.0,0.0,7.0,11.0,9.0,10.0,25.0,24.0,27.0,8.0,0.0,0.0,0.0,0.0,0.0,0.0,0.0,0.0,0.0,0.0,0.0,0.0,0.0,0.0,0.0,8.0,0.0,0.0,0.0,0.0,1.0,13.0,7.0,3.0,0.0,0.0,8.0,15.0,12.0,15.0,41.0,32.0,29.0,11.0
32,1.0,32.0,London_60,,151,453,1092.0,70.0,2.0,168969.0,0.6540753440931439,826.0,129.0,0.0,129.0,227.0,0.0,227.0,214.0,221.0,102.0,26.0,72.0,9.0,13.0,4.0,6.0,4.0,83.0,143.0,223.0,21.0,0.0,0.0,0.0,0.0,0.0,0.0,0.0,0.0,0.0,0.0,0.0,0.0,0.0,0.0,0.0,0.0,0.0,0.0,0.0,0.0,0.0,0.0,0.0,0.0,0.0,0.0,0.0,0.0,0.0,0.0,0.0,0.0,0.0,0.0,0.0,0.0,0.0,0.0,0.0,0.0,9.0,4.0,1.0,7.0,1.0,2.0,10.0,16.0,9.0,8.0,31.0,32.0,22.0,8.0,0.0,0.0,0.0,0.0,0.0,0.0,0.0,0.0,0.0,0.0,0.0,0.0,0.0,0.0,0.0,0.0,0.0,0.0,0.0,0.0,13.0,5.0,1.0,13.0,1.0,3.0,13.0,22.0,13.0,10.0,42.0,52.0,30.0,12.0
33,1.0,33.0,London_60,,151,453,1092.0,70.0,2.0,144507.0,0.6846974531654269,772.0,19.0,1.0,18.0,39.0,9.0,30.0,227.0,216.0,101.0,26.0,66.0,8.0,27.0,4.0,5.0,7.0,74.0,145.0,227.0,28.0,0.0,0.0,0.0,0.0,0.0,0.0,0.0,0.0,0.0,0.0,0.0,0.0,0.0,0.0,0.0,0.0,0.0,0.0,0.0,0.0,0.0,0.0,0.0,0.0,0.0,0.0,0.0,0.0,0.0,0.0,0.0,0.0,0.0,1.0,0.0,0.0,0.0,0.0,0.0,0.0,2.0,0.0,0.0,0.0,0.0,0.0,2.0,1.0,0.0,1.0,3.0,1.0,2.0,2.0,0.0,0.0,0.0,0.0,0.0,0.0,0.0,0.0,0.0,0.0,0.0,0.0,0.0,9.0,0.0,0.0,0.0,0.0,0.0,0.0,2.0,0.0,0.0,0.0,0.0,0.0,4.0,4.0,0.0,1.0,6.0,1.0,4.0,3.0
34,1.0,34.0,London_60,,151,453,1092.0,70.0,2.0,175311.0,0.7005002629011869,840.0,78.0,0.0,78.0,131.0,0.0,131.0,39.0,221.0,110.0,25.0,61.0,6.0,21.0,4.0,5.0,5.0,81.0,136.0,231.0,27.0,0.0,0.0,0.0,0.0,0.0,0.0,0.0,0.0,0.0,0.0,0.0,0.0,0.0,0.0,0.0,0.0,0.0,0.0,0.0,0.0,0.0,0.0,0.0,0.0,0.0,0.0,0.0,0.0,0.0,0.0,0.0,0.0,0.0,0.0,0.0,0.0,0.0,0.0,0.0,0.0,2.0,3.0,0.0,0.0,0.0,0.0,9.0,2.0,3.0,13.0,16.0,19.0,11.0,5.0,0.0,0.0,0.0,0.0,0.0,0.0,0.0,0.0,0.0,0.0,0.0,0.0,0.0,0.0,0.0,0.0,0.0,0.0,0.0,0.0,2.0,3.0,0.0,0.0,0.0,0.0,10.0,3.0,4.0,19.0,27.0,30.0,16.0,7.0
35,1.0,35.0,London_60,,151,453,1092.0,70.0,2.0,178029.0,1.382946371100843,846.0,147.0,1.0,146.0,249.0,10.0,239.0,131.0,226.0,98.0,28.0,64.0,8.0,21.0,4.0,4.0,7.0,86.0,125.0,235.0,26.0,0.0,0.0,0.0,0.0,0.0,0.0,0.0,0.0,0.0,0.0,0.0,0.0,0.0,0.0,0.0,0.0,0.0,0.0,0.0,0.0,0.0,0.0,0.0,0.0,0.0,0.0,0.0,0.0,0.0,0.0,0.0,0.0,0.0,1.0,0.0,0.0,0.0,0.0,0.0,0.0,3.0,10.0,1.0,0.0,3.0,0.0,20.0,7.0,14.0,15.0,26.0,41.0,24.0,15.0,0.0,0.0,0.0,0.0,0.0,0.0,0.0,0.0,0.0,0.0,0.0,0.0,0.0,8.0,0.0,0.0,0.0,0.0,0.0,0.0,4.0,13.0,1.0,0.0,3.0,0.0,26.0,9.0,19.0,19.0,42.0,64.0,32.0,21.0
36,1.0,36.0,London_60,,151,453,1092.0,70.0,2.0,139977.0,0.5590210999362171,762.0,108.0,1.0,107.0,194.0,9.0,185.0,249.0,235.0,89.0,14.0,79.0,11.0,22.0,1.0,2.0,6.0,75.0,147.0,225.0,42.0,0.0,0.0,0.0,0.0,0.0,0.0,0.0,0.0,0.0,0.0,0.0,0.0,0.0,0.0,0.0,0.0,0.0,0.0,0.0,0.0,0.0,0.0,0.0,0.0,0.0,0.0,0.0,0.0,0.0,1.0,0.0,0.0,1.0,0.0,0.0,0.0,0.0,0.0,0.0,0.0,5.0,12.0,0.0,4.0,1.0,0.0,13.0,3.0,4.0,8.0,23.0,19.0,16.0,8.0,0.0,0.0,0.0,0.0,0.0,0.0,0.0,0.0,0.0,2.0,0.0,0.0,5.0,0.0,0.0,0.0,0.0,0.0,0.0,0.0,6.0,16.0,0.0,6.0,1.0,0.0,16.0,5.0,4.0,9.0,34.0,31.0,18.0,12.0
37,1.0,37.0,London_60,,151,453,1092.0,70.0,2.0,130917.0,0.8593879588879645,742.0,71.0,0.0,71.0,124.0,0.0,124.0,194.0,233.0,109.0,11.0,61.0,7.0,28.0,0.0,4.0,6.0,73.0,150.0,224.0,33.0,0.0,0.0,0.0,0.0,0.0,0.0,0.0,0.0,0.0,0.0,0.0,0.0,0.0,0.0,0.0,0.0,0.0,0.0,0.0,0.0,0.0,0.0,0.0,0.0,0.0,0.0,0.0,0.0,0.0,0.0,0.0,0.0,0.0,0.0,0.0,0.0,0.0,0.0,0.0,0.0,0.0,2.0,4.0,1.0,1.0,0.0,8.0,5.0,5.0,5.0,18.0,15.0,8.0,4.0,0.0,0.0,0.0,0.0,0.0,0.0,0.0,0.0,0.0,0.0,0.0,0.0,0.0,0.0,0.0,0.0,0.0,0.0,0.0,0.0,0.0,2.0,4.0,1.0,1.0,0.0,10.0,7.0,7.0,5.0,28.0,21.0,11.0,7.0
38,1.0,38.0,London_60,,151,453,1092.0,70.0,2.0,136353.0,0.9427913529798388,754.0,112.0,2.0,110.0,211.0,19.0,192.0,124.0,240.0,122.0,10.0,39.0,9.0,31.0,2.0,0.0,7.0,73.0,149.0,224.0,33.0,0.0,0.0,0.0,0.0,0.0,0.0,0.0,0.0,0.0,0.0,0.0,0.0,0.0,0.0,0.0,0.0,0.0,0.0,0.0,0.0,0.0,0.0,0.0,0.0,0.0,0.0,0.0,0.0,0.0,0.0,1.0,0.0,0.0,0.0,0.0,0.0,0.0,0.0,0.0,0.0,7.0,12.0,0.0,1.0,0.0,0.0,9.0,11.0,5.0,15.0,21.0,28.0,26.0,18.0,0.0,0.0,0.0,0.0,0.0,0.0,0.0,0.0,0.0,0.0,5.0,0.0,0.0,0.0,0.0,0.0,0.0,0.0,0.0,0.0,9.0,19.0,0.0,1.0,0.0,0.0,14.0,15.0,7.0,16.0,31.0,44.0,31.0,23.0
39,1.0,39.0,London_60,,151,453,1092.0,70.0,2.0,121404.0,0.46744430088438094,721.0,20.0,0.0,20.0,33.0,0.0,33.0,211.0,239.0,98.0,10.0,64.0,7.0,27.0,2.0,6.0,7.0,82.0,141.0,223.0,34.0,0.0,0.0,0.0,0.0,0.0,0.0,0.0,0.0,0.0,0.0,0.0,0.0,0.0,0.0,0.0,0.0,0.0,0.0,0.0,0.0,0.0,0.0,0.0,0.0,0.0,0.0,0.0,0.0,0.0,0.0,0.0,0.0,0.0,0.0,0.0,0.0,0.0,0.0,0.0,0.0,0.0,1.0,0.0,0.0,0.0,0.0,4.0,1.0,1.0,2.0,1.0,2.0,5.0,0.0,0.0,0.0,0.0,0.0,0.0,0.0,0.0,0.0,0.0,0.0,0.0,0.0,0.0,0.0,0.0,0.0,0.0,0.0,0.0,0.0,0.0,1.0,0.0,0.0,0.0,0.0,4.0,1.0,1.0,3.0,2.0,4.0,8.0,0.0
40,1.0,40.0,London_60,,151,453,1092.0,70.0,2.0,138618.0,0.7028133228886873,759.0,54.0,2.0,52.0,104.0,17.0,87.0,33.0,241.0,105.0,7.0,67.0,8.0,19.0,1.0,5.0,8.0,80.0,134.0,231.0,32.0,0.0,0.0,0.0,0.0,0.0,0.0,0.0,0.0,0.0,0.0,0.0,0.0,0.0,0.0,0.0,0.0,0.0,0.0,0.0,0.0,0.0,0.0,0.0,0.0,0.0,0.0,0.0,0.0,0.0,1.0,0.0,0.0,0.0,0.0,0.0,2.0,0.0,0.0,0.0,0.0,0.0,1.0,0.0,0.0,0.0,0.0,5.0,3.0,3.0,1.0,10.0,17.0,4.0,2.0,0.0,0.0,0.0,0.0,0.0,0.0,0.0,0.0,0.0,6.0,0.0,0.0,0.0,0.0,0.0,4.0,0.0,0.0,0.0,0.0,0.0,1.0,0.0,0.0,0.0,0.0,7.0,4.0,4.0,2.0,13.0,27.0,5.0,3.0
41,1.0,41.0,London_60,,151,453,1092.0,70.0,2.0,145866.0,1.4719886349048465,775.0,80.0,0.0,80.0,142.0,0.0,142.0,104.0,245.0,102.0,10.0,59.0,8.0,23.0,2.0,4.0,5.0,84.0,149.0,215.0,23.0,0.0,0.0,0.0,0.0,0.0,0.0,0.0,0.0,0.0,0.0,0.0,0.0,0.0,0.0,0.0,0.0,0.0,0.0,0.0,0.0,0.0,0.0,0.0,0.0,0.0,0.0,0.0,0.0,0.0,0.0,0.0,0.0,0.0,0.0,0.0,0.0,0.0,0.0,0.0,0.0,4.0,9.0,0.0,3.0,1.0,0.0,5.0,2.0,6.0,2.0,14.0,21.0,18.0,5.0,0.0,0.0,0.0,0.0,0.0,0.0,0.0,0.0,0.0,0.0,0.0,0.0,0.0,0.0,0.0,0.0,0.0,0.0,0.0,0.0,5.0,13.0,0.0,4.0,1.0,0.0,9.0,3.0,6.0,2.0,23.0,30.0,19.0,8.0
42,1.0,42.0,London_60,,151,453,1092.0,70.0,2.0,144960.0,1.592147066956386,773.0,99.0,2.0,97.0,204.0,21.0,183.0,142.0,249.0,89.0,12.0,52.0,9.0,35.0,5.0,2.0,7.0,80.0,138.0,228.0,27.0,0.0,0.0,0.0,0.0,0.0,0.0,0.0,0.0,0.0,0.0,0.0,0.0,0.0,0.0,0.0,0.0,0.0,0.0,0.0,0.0,0.0,0.0,0.0,0.0,0.0,0.0,0.0,0.0,0.0,1.0,0.0,0.0,0.0,0.0,0.0,1.0,0.0,0.0,0.0,0.0,7.0,2.0,21.0,1.0,9.0,0.0,10.0,6.0,20.0,6.0,19.0,25.0,20.0,3.0,0.0,0.0,0.0,0.0,0.0,0.0,0.0,0.0,0.0,1.0,0.0,0.0,0.0,0.0,0.0,4.0,0.0,0.0,0.0,0.0,8.0,2.0,24.0,1.0,11.0,0.0,15.0,9.0,32.0,9.0,32.0,35.0,23.0,5.0
43,1.0,43.0,London_60,,151,453,1092.0,70.0,2.0,130917.0,0.5435201220680028,742.0,111.0,0.0,111.0,193.0,0.0,193.0,204.0,259.0,82.0,11.0,57.0,7.0,32.0,1.0,4.0,6.0,86.0,142.0,219.0,23.0,0.0,0.0,0.0,0.0,0.0,0.0,0.0,0.0,0.0,0.0,0.0,0.0,0.0,0.0,0.0,0.0,0.0,0.0,0.0,0.0,0.0,0.0,0.0,0.0,0.0,0.0,0.0,0.0,0.0,0.0,0.0,0.0,0.0,0.0,0.0,0.0,0.0,0.0,0.0,0.0,3.0,18.0,14.0,1.0,3.0,0.0,8.0,8.0,5.0,10.0,16.0,24.0,17.0,13.0,0.0,0.0,0.0,0.0,0.0,0.0,0.0,0.0,0.0,0.0,0.0,0.0,0.0,0.0,0.0,0.0,0.0,0.0,0.0,0.0,4.0,29.0,16.0,2.0,3.0,0.0,12.0,11.0,11.0,14.0,27.0,33.0,22.0,18.0
44,1.0,44.0,London_60,,151,453,1092.0,70.0,2.0,117327.0,0.6827589499298483,712.0,70.0,0.0,70.0,122.0,0.0,122.0,193.0,251.0,72.0,13.0,67.0,10.0,36.0,0.0,4.0,5.0,85.0,152.0,211.0,27.0,0.0,0.0,0.0,0.0,0.0,0.0,0.0,0.0,0.0,0.0,0.0,0.0,0.0,0.0,0.0,0.0,0.0,0.0,0.0,0.0,0.0,0.0,0.0,0.0,0.0,0.0,0.0,0.0,0.0,0.0,0.0,0.0,0.0,0.0,0.0,0.0,0.0,0.0,0.0,0.0,2.0,4.0,0.0,1.0,0.0,0.0,7.0,10.0,4.0,5.0,13.0,16.0,10.0,8.0,0.0,0.0,0.0,0.0,0.0,0.0,0.0,0.0,0.0,0.0,0.0,0.0,0.0,0.0,0.0,0.0,0.0,0.0,0.0,0.0,2.0,5.0,0.0,1.0,0.0,0.0,8.0,12.0,8.0,7.0,22.0,24.0,16.0,13.0
45,1.0,45.0,London_60,,151,453,1092.0,70.0,2.0,116874.0,0.7245721679646522,711.0,46.0,2.0,44.0,97.0,19.0,78.0,122.0,270.0,63.0,13.0,57.0,6.0,42.0,0.0,2.0,4.0,85.0,150.0,214.0,20.0,0.0,0.0,0.0,0.0,0.0,0.0,0.0,0.0,0.0,0.0,0.0,0.0,0.0,0.0,0.0,0.0,0.0,0.0,0.0,0.0,0.0,0.0,0.0,0.0,0.0,0.0,0.0,0.0,0.0,2.0,0.0,0.0,2.0,1.0,0.0,1.0,1.0,0.0,0.0,0.0,1.0,2.0,0.0,1.0,0.0,0.0,4.0,4.0,0.0,7.0,7.0,11.0,8.0,3.0,0.0,0.0,0.0,0.0,0.0,0.0,0.0,0.0,0.0,3.0,0.0,0.0,7.0,8.0,0.0,7.0,10.0,0.0,0.0,0.0,1.0,3.0,0.0,2.0,0.0,0.0,7.0,8.0,0.0,11.0,11.0,19.0,10.0,6.0
46,1.0,46.0,London_60,,151,453,1092.0,70.0,2.0,130011.0,0.65177409700118,740.0,36.0,2.0,34.0,78.0,18.0,60.0,97.0,271.0,74.0,19.0,44.0,4.0,37.0,1.0,3.0,4.0,82.0,156.0,211.0,10.0,0.0,0.0,0.0,0.0,0.0,0.0,0.0,0.0,0.0,0.0,0.0,0.0,0.0,0.0,0.0,0.0,0.0,0.0,0.0,0.0,0.0,0.0,0.0,0.0,0.0,0.0,0.0,0.0,0.0,0.0,0.0,0.0,0.0,0.0,1.0,0.0,0.0,0.0,0.0,0.0,2.0,4.0,0.0,1.0,0.0,0.0,1.0,5.0,1.0,4.0,5.0,12.0,6.0,2.0,0.0,0.0,0.0,0.0,0.0,0.0,0.0,0.0,0.0,0.0,0.0,0.0,0.0,0.0,6.0,0.0,0.0,0.0,0.0,0.0,2.0,4.0,0.0,2.0,0.0,0.0,2.0,6.0,1.0,8.0,8.0,19.0,8.0,4.0
47,1.0,47.0,London_60,,151,453,1092.0,70.0,2.0,150396.0,0.7665859740227461,785.0,58.0,0.0,58.0,96.0,0.0,96.0,78.0,267.0,81.0,26.0,47.0,5.0,26.0,1.0,0.0,2.0,87.0,151.0,213.0,13.0,0.0,0.0,0.0,0.0,0.0,0.0,0.0,0.0,0.0,0.0,0.0,0.0,0.0,0.0,0.0,0.0,0.0,0.0,0.0,0.0,0.0,0.0,0.0,0.0,0.0,0.0,0.0,0.0,0.0,0.0,0.0,0.0,0.0,0.0,0.0,0.0,0.0,0.0,0.0,0.0,6.0,5.0,0.0,3.0,0.0,0.0,3.0,5.0,8.0,2.0,14.0,14.0,10.0,4.0,0.0,0.0,0.0,0.0,0.0,0.0,0.0,0.0,0.0,0.0,0.0,0.0,0.0,0.0,0.0,0.0,0.0,0.0,0.0,0.0,6.0,6.0,0.0,4.0,0.0,0.0,4.0,8.0,9.0,3.0,20.0,21.0,12.0,7.0
48,1.0,48.0,London_60,,151,453,1092.0,70.0,2.0,164892.0,0.9005926819518209,817.0,149.0,0.0,149.0,268.0,0.0,268.0,96.0,263.0,98.0,26.0,24.0,4.0,34.0,3.0,1.0,2.0,81.0,153.0,217.0,13.0,0.0,0.0,0.0,0.0,0.0,0.0,0.0,0.0,0.0,0.0,0.0,0.0,0.0,0.0,0.0,0.0,0.0,0.0,0.0,0.0,0.0,0.0,0.0,0.0,0.0,0.0,0.0,0.0,0.0,0.0,0.0,0.0,0.0,0.0,0.0,0.0,0.0,0.0,0.0,0.0,3.0,7.0,7.0,4.0,4.0,0.0,8.0,11.0,3.0,10.0,20.0,43.0,25.0,16.0,0.0,0.0,0.0,0.0,0.0,0.0,0.0,0.0,0.0,0.0,0.0,0.0,0.0,0.0,0.0,0.0,0.0,0.0,0.0,0.0,4.0,12.0,8.0,6.0,5.0,0.0,9.0,18.0,3.0,12.0,32.0,67.0,29.0,23.0
49,1.0,49.0,London_60,,151,453,1092.0,70.0,2.0,147678.0,0.4898892780765891,779.0,6.0,1.0,5.0,16.0,9.0,7.0,268.0,205.0,93.0,23.0,88.0,10.0,32.0,1.0,1.0,3.0,75.0,146.0,229.0,40.0,0.0,0.0,0.0,0.0,0.0,0.0,0.0,0.0,0.0,0.0,0.0,0.0,0.0,0.0,0.0,0.0,0.0,0.0,0.0,0.0,0.0,0.0,0.0,0.0,0.0,0.0,0.0,0.0,0.0,0.0,0.0,0.0,0.0,0.0,1.0,0.0,0.0,0.0,0.0,0.0,0.0,0.0,0.0,0.0,0.0,0.0,0.0,1.0,0.0,0.0,0.0,0.0,0.0,0.0,0.0,0.0,0.0,0.0,0.0,0.0,0.0,0.0,0.0,0.0,0.0,0.0,0.0,0.0,8.0,0.0,0.0,0.0,0.0,0.0,0.0,0.0,0.0,0.0,0.0,0.0,0.0,1.0,0.0,0.0,0.0,0.0,0.0,0.0
50,1.0,50.0,London_60,,151,453,1092.0,70.0,2.0,187089.0,1.0043692709878087,866.0,167.0,0.0,167.0,285.0,0.0,285.0,16.0,207.0,86.0,21.0,95.0,10.0,32.0,1.0,1.0,3.0,80.0,139.0,231.0,40.0,0.0,0.0,0.0,0.0,0.0,0.0,0.0,0.0,0.0,0.0,0.0,0.0,0.0,0.0,0.0,0.0,0.0,0.0,0.0,0.0,0.0,0.0,0.0,0.0,0.0,0.0,0.0,0.0,0.0,0.0,0.0,0.0,0.0,0.0,0.0,0.0,0.0,0.0,0.0,0.0,1.0,13.0,5.0,1.0,7.0,0.0,18.0,6.0,1.0,8.0,34.0,37.0,17.0,15.0,0.0,0.0,0.0,0.0,0.0,0.0,0.0,0.0,0.0,0.0,0.0,0.0,0.0,0.0,0.0,0.0,0.0,0.0,0.0,0.0,1.0,17.0,5.0,2.0,7.0,0.0,20.0,10.0,1.0,11.0,54.0,50.0,20.0,20.0
51,1.0,51.0,London_60,,151,453,1092.0,70.0,2.0,143148.0,0.6729345610365272,769.0,28.0,0.0,28.0,45.0,0.0,45.0,285.0,211.0,104.0,11.0,93.0,7.0,19.0,0.0,8.0,5.0,82.0,150.0,216.0,40.0,0.0,0.0,0.0,0.0,0.0,0.0,0.0,0.0,0.0,0.0,0.0,0.0,0.0,0.0,0.0,0.0,0.0,0.0,0.0,0.0,0.0,0.0,0.0,0.0,0.0,0.0,0.0,0.0,0.0,0.0,0.0,0.0,0.0,0.0,0.0,0.0,0.0,0.0,0.0,0.0,0.0,0.0,0.0,0.0,0.0,0.0,0.0,1.0,0.0,1.0,5.0,7.0,1.0,2.0,0.0,0.0,0.0,0.0,0.0,0.0,0.0,0.0,0.0,0.0,0.0,0.0,0.0,0.0,0.0,0.0,0.0,0.0,0.0,0.0,0.0,0.0,0.0,0.0,0.0,0.0,0.0,2.0,0.0,1.0,8.0,9.0,1.0,3.0
52,1.0,52.0,London_60,,151,453,1092.0,70.0,2.0,180294.0,0.6668221461586654,851.0,131.0,2.0,129.0,238.0,19.0,219.0,45.0,212.0,104.0,12.0,94.0,7.0,18.0,0.0,6.0,6.0,80.0,155.0,212.0,32.0,0.0,0.0,0.0,0.0,0.0,0.0,0.0,0.0,0.0,0.0,0.0,0.0,0.0,0.0,0.0,0.0,0.0,0.0,0.0,0.0,0.0,0.0,0.0,0.0,0.0,0.0,0.0,0.0,0.0,1.0,1.0,0.0,0.0,0.0,0.0,2.0,0.0,0.0,0.0,0.0,6.0,2.0,0.0,1.0,1.0,1.0,10.0,10.0,10.0,7.0,25.0,29.0,19.0,13.0,0.0,0.0,0.0,0.0,0.0,0.0,0.0,0.0,0.0,2.0,2.0,0.0,0.0,0.0,0.0,8.0,0.0,0.0,0.0,0.0,8.0,3.0,0.0,1.0,1.0,4.0,11.0,15.0,14.0,11.0,38.0,44.0,23.0,22.0
53,1.0,53.0,London_60,,151,453,1092.0,70.0,2.0,158550.0,0.4824940599501133,803.0,9.0,2.0,7.0,29.0,17.0,12.0,238.0,217.0,107.0,12.0,77.0,2.0,28.0,2.0,8.0,7.0,68.0,154.0,224.0,29.0,0.0,0.0,0.0,0.0,0.0,0.0,0.0,0.0,0.0,0.0,0.0,0.0,0.0,0.0,0.0,0.0,0.0,0.0,0.0,0.0,0.0,0.0,0.0,0.0,0.0,0.0,0.0,0.0,0.0,0.0,0.0,0.0,1.0,1.0,0.0,1.0,0.0,0.0,0.0,0.0,0.0,0.0,0.0,0.0,0.0,0.0,1.0,0.0,4.0,0.0,2.0,1.0,3.0,0.0,0.0,0.0,0.0,0.0,0.0,0.0,0.0,0.0,0.0,0.0,0.0,0.0,5.0,7.0,0.0,2.0,0.0,0.0,0.0,0.0,0.0,0.0,0.0,0.0,0.0,0.0,2.0,0.0,7.0,0.0,3.0,1.0,3.0,0.0
54,1.0,54.0,London_60,,151,453,1092.0,70.0,2.0,204303.0,1.9720282850321382,904.0,116.0,0.0,116.0,186.0,0.0,186.0,29.0,222.0,104.0,15.0,79.0,1.0,22.0,2.0,8.0,5.0,75.0,142.0,231.0,24.0,0.0,0.0,0.0,0.0,0.0,0.0,0.0,0.0,0.0,0.0,0.0,0.0,0.0,0.0,0.0,0.0,0.0,0.0,0.0,0.0,0.0,0.0,0.0,0.0,0.0,0.0,0.0,0.0,0.0,0.0,0.0,0.0,0.0,0.0,0.0,0.0,0.0,0.0,0.0,0.0,2.0,0.0,1.0,1.0,2.0,0.0,10.0,4.0,11.0,6.0,20.0,24.0,16.0,8.0,0.0,0.0,0.0,0.0,0.0,0.0,0.0,0.0,0.0,0.0,0.0,0.0,0.0,0.0,0.0,0.0,0.0,0.0,0.0,0.0,2.0,0.0,1.0,1.0,2.0,0.0,13.0,6.0,14.0,7.0,29.0,30.0,21.0,9.0
55,1.0,55.0,London_60,,151,453,1092.0,70.0,2.0,199773.0,2.1543971488717943,894.0,143.0,2.0,141.0,264.0,18.0,246.0,186.0,214.0,96.0,22.0,85.0,4.0,29.0,1.0,2.0,2.0,66.0,150.0,235.0,27.0,0.0,0.0,0.0,0.0,0.0,0.0,0.0,0.0,0.0,0.0,0.0,0.0,0.0,0.0,0.0,0.0,0.0,0.0,0.0,0.0,0.0,0.0,0.0,0.0,0.0,0.0,0.0,0.0,0.0,1.0,0.0,0.0,0.0,0.0,1.0,1.0,0.0,0.0,0.0,0.0,6.0,21.0,19.0,1.0,0.0,0.0,25.0,13.0,7.0,4.0,28.0,29.0,25.0,8.0,0.0,0.0,0.0,0.0,0.0,0.0,0.0,0.0,0.0,4.0,0.0,0.0,0.0,0.0,8.0,2.0,0.0,0.0,0.0,0.0,9.0,28.0,20.0,3.0,0.0,0.0,33.0,19.0,8.0,5.0,39.0,44.0,29.0,12.0
56,1.0,56.0,London_60,,151,453,1092.0,70.0,2.0,174858.0,1.1113795030396432,839.0,87.0,0.0,87.0,151.0,0.0,151.0,264.0,216.0,97.0,11.0,84.0,8.0,36.0,0.0,1.0,4.0,73.0,145.0,231.0,40.0,0.0,0.0,0.0,0.0,0.0,0.0,0.0,0.0,0.0,0.0,0.0,0.0,0.0,0.0,0.0,0.0,0.0,0.0,0.0,0.0,0.0,0.0,0.0,0.0,0.0,0.0,0.0,0.0,0.0,0.0,0.0,0.0,0.0,0.0,0.0,0.0,0.0,0.0,0.0,0.0,1.0,2.0,0.0,2.0,0.0,0.0,9.0,7.0,1.0,7.0,16.0,20.0,11.0,6.0,0.0,0.0,0.0,0.0,0.0,0.0,0.0,0.0,0.0,0.0,0.0,0.0,0.0,0.0,0.0,0.0,0.0,0.0,0.0,0.0,1.0,3.0,0.0,3.0,0.0,0.0,11.0,8.0,1.0,7.0,24.0,30.0,13.0,8.0
57,1.0,57.0,London_60,,151,453,1092.0,70.0,2.0,172140.0,1.2171862479299307,833.0,101.0,0.0,101.0,163.0,0.0,163.0,151.0,218.0,103.0,11.0,74.0,8.0,34.0,1.0,4.0,3.0,78.0,144.0,228.0,29.0,0.0,0.0,0.0,0.0,0.0,0.0,0.0,0.0,0.0,0.0,0.0,0.0,0.0,0.0,0.0,0.0,0.0,0.0,0.0,0.0,0.0,0.0,0.0,0.0,0.0,0.0,0.0,0.0,0.0,0.0,0.0,0.0,0.0,0.0,0.0,0.0,0.0,0.0,0.0,0.0,2.0,1.0,0.0,2.0,1.0,0.0,9.0,8.0,6.0,2.0,17.0,20.0,18.0,8.0,0.0,0.0,0.0,0.0,0.0,0.0,0.0,0.0,0.0,0.0,0.0,0.0,0.0,0.0,0.0,0.0,0.0,0.0,0.0,0.0,2.0,1.0,0.0,2.0,1.0,0.0,13.0,9.0,7.0,5.0,28.0,32.0,20.0,12.0
58,1.0,58.0,London_60,,151,453,1092.0,70.0,2.0,151302.0,0.6830245500896126,787.0,110.0,0.0,110.0,186.0,0.0,186.0,163.0,229.0,97.0,6.0,71.0,11.0,36.0,0.0,3.0,8.0,78.0,144.0,223.0,37.0,0.0,0.0,0.0,0.0,0.0,0.0,0.0,0.0,0.0,0.0,0.0,0.0,0.0,0.0,0.0,0.0,0.0,0.0,0.0,0.0,0.0,0.0,0.0,0.0,0.0,0.0,0.0,0.0,0.0,0.0,0.0,0.0,0.0,0.0,0.0,0.0,0.0,0.0,0.0,0.0,7.0,3.0,1.0,2.0,1.0,0.0,11.0,6.0,12.0,4.0,16.0,22.0,15.0,7.0,0.0,0.0,0.0,0.0,0.0,0.0,0.0,0.0,0.0,0.0,0.0,0.0,0.0,0.0,0.0,0.0,0.0,0.0,0.0,0.0,8.0,3.0,1.0,3.0,1.0,0.0,14.0,8.0,16.0,5.0,23.0,31.0,18.0,9.0
59,1.0,59.0,London_60,,151,453,1092.0,70.0,2.0,125934.0,0.6270867439452559,731.0,76.0,2.0,74.0,145.0,18.0,127.0,186.0,242.0,81.0,9.0,77.0,11.0,31.0,0.0,2.0,4.0,80.0,151.0,218.0,24.0,0.0,0.0,0.0,0.0,0.0,0.0,0.0,0.0,0.0,0.0,0.0,0.0,0.0,0.0,0.0,0.0,0.0,0.0,0.0,0.0,0.0,0.0,0.0,0.0,0.0,0.0,0.0,0.0,0.0,1.0,0.0,0.0,0.0,1.0,0.0,2.0,0.0,0.0,0.0,0.0,3.0,1.0,2.0,0.0,0.0,1.0,11.0,3.0,5.0,5.0,17.0,16.0,20.0,9.0,0.0,0.0,0.0,0.0,0.0,0.0,0.0,0.0,0.0,1.0,0.0,0.0,0.0,4.0,0.0,6.0,0.0,0.0,0.0,0.0,4.0,2.0,2.0,0.0,0.0,1.0,15.0,5.0,8.0,7.0,24.0,29.0,26.0,16.0
60,1.0,60.0,London_60,,151,453,1092.0,70.0,2.0,120045.0,0.8836880738381296,718.0,121.0,2.0,119.0,225.0,17.0,208.0,145.0,245.0,103.0,10.0,65.0,8.0,19.0,0.0,3.0,4.0,77.0,158.0,214.0,35.0,0.0,0.0,0.0,0.0,0.0,0.0,0.0,0.0,0.0,0.0,0.0,0.0,0.0,0.0,0.0,0.0,0.0,0.0,0.0,0.0,0.0,0.0,0.0,0.0,0.0,0.0,0.0,0.0,0.0,0.0,0.0,0.0,0.0,0.0,0.0,0.0,0.0,0.0,0.0,0.0,2.0,1.0,4.0,2.0,6.0,2.0,10.0,13.0,4.0,5.0,19.0,29.0,22.0,7.0,0.0,0.0,0.0,0.0,0.0,0.0,0.0,0.0,0.0,0.0,0.0,0.0,0.0,0.0,0.0,0.0,0.0,0.0,0.0,0.0,2.0,1.0,4.0,4.0,6.0,3.0,14.0,15.0,6.0,5.0,35.0,44.0,33.0,10.0
61,1.0,61.0,London_60,,151,453,1092.0,70.0,2.0,92865.0,0.4623906370252371,658.0,25.0,0.0,25.0,45.0,0.0,45.0,225.0,248.0,79.0,21.0,70.0,11.0,16.0,1.0,7.0,6.0,66.0,177.0,204.0,31.0,0.0,0.0,0.0,0.0,0.0,0.0,0.0,0.0,0.0,0.0,0.0,0.0,0.0,0.0,0.0,0.0,0.0,0.0,0.0,0.0,0.0,0.0,0.0,0.0,0.0,0.0,0.0,0.0,0.0,0.0,0.0,0.0,0.0,0.0,0.0,0.0,0.0,0.0,0.0,0.0,0.0,0.0,0.0,0.0,0.0,1.0,1.0,1.0,0.0,2.0,4.0,9.0,3.0,2.0,0.0,0.0,0.0,0.0,0.0,0.0,0.0,0.0,0.0,0.0,0.0,0.0,0.0,0.0,0.0,0.0,0.0,0.0,0.0,0.0,0.0,0.0,0.0,0.0,0.0,1.0,1.0,1.0,0.0,3.0,7.0,15.0,5.0,3.0
62,1.0,62.0,London_60,,151,453,1092.0,70.0,2.0,118686.0,0.857943288050592,715.0,68.0,3.0,65.0,145.0,26.0,119.0,45.0,251.0,68.0,22.0,75.0,10.0,17.0,1.0,9.0,6.0,63.0,185.0,199.0,29.0,0.0,0.0,0.0,0.0,0.0,0.0,0.0,0.0,0.0,0.0,0.0,0.0,0.0,0.0,0.0,0.0,0.0,0.0,0.0,0.0,0.0,0.0,0.0,0.0,0.0,0.0,0.0,0.0,0.0,0.0,0.0,0.0,0.0,2.0,1.0,2.0,1.0,0.0,0.0,0.0,3.0,2.0,0.0,0.0,0.0,0.0,3.0,8.0,4.0,11.0,8.0,10.0,14.0,7.0,0.0,0.0,0.0,0.0,0.0,0.0,0.0,0.0,0.0,0.0,0.0,0.0,0.0,14.0,7.0,5.0,9.0,0.0,0.0,0.0,4.0,2.0,0.0,0.0,0.0,0.0,3.0,15.0,5.0,15.0,12.0,19.0,19.0,11.0
63,1.0,63.0,London_60,,151,453,1092.0,70.0,2.0,123669.0,0.6611401150003076,726.0,67.0,0.0,67.0,112.0,0.0,112.0,145.0,255.0,69.0,30.0,64.0,9.0,15.0,1.0,10.0,8.0,73.0,171.0,201.0,26.0,0.0,0.0,0.0,0.0,0.0,0.0,0.0,0.0,0.0,0.0,0.0,0.0,0.0,0.0,0.0,0.0,0.0,0.0,0.0,0.0,0.0,0.0,0.0,0.0,0.0,0.0,0.0,0.0,0.0,0.0,0.0,0.0,0.0,0.0,0.0,0.0,0.0,0.0,0.0,0.0,0.0,9.0,0.0,2.0,0.0,0.0,4.0,6.0,0.0,5.0,18.0,16.0,11.0,3.0,0.0,0.0,0.0,0.0,0.0,0.0,0.0,0.0,0.0,0.0,0.0,0.0,0.0,0.0,0.0,0.0,0.0,0.0,0.0,0.0,0.0,9.0,0.0,2.0,0.0,0.0,6.0,7.0,0.0,8.0,29.0,24.0,12.0,5.0
64,1.0,64.0,London_60,,151,453,1092.0,70.0,2.0,137712.0,0.8890677571762353,757.0,9.0,2.0,7.0,30.0,18.0,12.0,112.0,270.0,68.0,23.0,65.0,5.0,13.0,0.0,9.0,8.0,72.0,178.0,195.0,24.0,0.0,0.0,0.0,0.0,0.0,0.0,0.0,0.0,0.0,0.0,0.0,0.0,0.0,0.0,0.0,0.0,0.0,0.0,0.0,0.0,0.0,0.0,0.0,0.0,0.0,0.0,0.0,0.0,0.0,0.0,0.0,0.0,0.0,1.0,0.0,2.0,0.0,0.0,0.0,0.0,0.0,0.0,0.0,0.0,0.0,0.0,0.0,0.0,0.0,0.0,1.0,1.0,2.0,0.0,0.0,0.0,0.0,0.0,0.0,0.0,0.0,0.0,0.0,0.0,0.0,0.0,0.0,6.0,0.0,7.0,0.0,0.0,0.0,0.0,0.0,0.0,0.0,0.0,0.0,0.0,0.0,0.0,0.0,0.0,1.0,1.0,2.0,0.0
65,1.0,65.0,London_60,,151,453,1092.0,70.0,2.0,184824.0,0.8264616241212934,861.0,124.0,2.0,122.0,227.0,18.0,209.0,30.0,272.0,63.0,24.0,67.0,5.0,12.0,0.0,10.0,4.0,77.0,165.0,207.0,20.0,0.0,0.0,0.0,0.0,0.0,0.0,0.0,0.0,0.0,0.0,0.0,0.0,0.0,0.0,0.0,0.0,0.0,0.0,0.0,0.0,0.0,0.0,0.0,0.0,0.0,0.0,0.0,0.0,0.0,0.0,0.0,0.0,1.0,0.0,1.0,2.0,0.0,0.0,0.0,0.0,8.0,18.0,10.0,2.0,11.0,0.0,10.0,5.0,4.0,12.0,16.0,26.0,20.0,7.0,0.0,0.0,0.0,0.0,0.0,0.0,0.0,0.0,0.0,0.0,0.0,0.0,2.0,0.0,8.0,2.0,0.0,0.0,0.0,0.0,10.0,29.0,13.0,4.0,13.0,0.0,12.0,7.0,5.0,17.0,25.0,38.0,27.0,13.0
66,1.0,66.0,London_60,,151,453,1092.0,70.0,2.0,178029.0,0.6124510918743908,846.0,19.0,0.0,19.0,29.0,0.0,29.0,227.0,258.0,79.0,17.0,64.0,5.0,17.0,0.0,13.0,7.0,80.0,144.0,222.0,34.0,0.0,0.0,0.0,0.0,0.0,0.0,0.0,0.0,0.0,0.0,0.0,0.0,0.0,0.0,0.0,0.0,0.0,0.0,0.0,0.0,0.0,0.0,0.0,0.0,0.0,0.0,0.0,0.0,0.0,0.0,0.0,0.0,0.0,0.0,0.0,0.0,0.0,0.0,0.0,0.0,0.0,0.0,0.0,0.0,0.0,0.0,0.0,3.0,0.0,1.0,3.0,4.0,3.0,1.0,0.0,0.0,0.0,0.0,0.0,0.0,0.0,0.0,0.0,0.0,0.0,0.0,0.0,0.0,0.0,0.0,0.0,0.0,0.0,0.0,0.0,0.0,0.0,0.0,0.0,0.0,0.0,3.0,0.0,1.0,3.0,5.0,4.0,1.0
67,1.0,67.0,London_60,,151,453,1092.0,70.0,2.0,216081.0,0.8184065669775009,930.0,113.0,0.0,113.0,188.0,0.0,188.0,29.0,255.0,80.0,18.0,69.0,4.0,14.0,0.0,13.0,6.0,80.0,138.0,229.0,32.0,0.0,0.0,0.0,0.0,0.0,0.0,0.0,0.0,0.0,0.0,0.0,0.0,0.0,0.0,0.0,0.0,0.0,0.0,0.0,0.0,0.0,0.0,0.0,0.0,0.0,0.0,0.0,0.0,0.0,0.0,0.0,0.0,0.0,0.0,0.0,0.0,0.0,0.0,0.0,0.0,1.0,15.0,7.0,1.0,1.0,0.0,14.0,8.0,9.0,11.0,18.0,31.0,24.0,7.0,0.0,0.0,0.0,0.0,0.0,0.0,0.0,0.0,0.0,0.0,0.0,0.0,0.0,0.0,0.0,0.0,0.0,0.0,0.0,0.0,1.0,25.0,11.0,2.0,1.0,0.0,24.0,12.0,13.0,15.0,27.0,45.0,33.0,11.0
68,1.0,68.0,London_60,,151,453,1092.0,70.0,2.0,206568.0,2.4574375469237566,909.0,131.0,2.0,129.0,257.0,16.0,241.0,188.0,260.0,93.0,25.0,49.0,5.0,15.0,0.0,6.0,5.0,77.0,141.0,230.0,25.0,0.0,0.0,0.0,0.0,0.0,0.0,0.0,0.0,0.0,0.0,0.0,0.0,0.0,0.0,0.0,0.0,0.0,0.0,0.0,0.0,0.0,0.0,0.0,0.0,0.0,0.0,0.0,0.0,0.0,0.0,0.0,0.0,0.0,0.0,1.0,0.0,0.0,0.0,0.0,0.0,2.0,7.0,2.0,1.0,6.0,0.0,9.0,8.0,3.0,6.0,22.0,31.0,25.0,10.0,0.0,0.0,0.0,0.0,0.0,0.0,0.0,0.0,0.0,0.0,0.0,0.0,0.0,0.0,7.0,0.0,0.0,0.0,0.0,0.0,2.0,8.0,2.0,1.0,7.0,0.0,12.0,12.0,3.0,8.0,37.0,47.0,37.0,14.0
69,1.0,69.0,London_60,,151,453,1092.0,70.0,2.0,193431.0,1.2931897439993918,880.0,129.0,1.0,128.0,218.0,9.0,209.0,257.0,231.0,85.0,16.0,89.0,1.0,24.0,1.0,6.0,5.0,74.0,150.0,224.0,32.0,0.0,0.0,0.0,0.0,0.0,0.0,0.0,0.0,0.0,0.0,0.0,0.0,0.0,0.0,0.0,0.0,0.0,0.0,0.0,0.0,0.0,0.0,0.0,0.0,0.0,0.0,0.0,0.0,0.0,0.0,0.0,0.0,1.0,0.0,0.0,1.0,0.0,0.0,0.0,0.0,5.0,9.0,4.0,5.0,0.0,0.0,10.0,11.0,0.0,12.0,24.0,33.0,12.0,8.0,0.0,0.0,0.0,0.0,0.0,0.0,0.0,0.0,0.0,0.0,0.0,0.0,6.0,0.0,0.0,4.0,0.0,0.0,0.0,0.0,6.0,14.0,6.0,8.0,0.0,0.0,12.0,13.0,0.0,18.0,33.0,44.0,15.0,10.0
70,1.0,70.0,London_60,,151,453,1092.0,70.0,2.0,173046.0,0.7575062259566039,835.0,135.0,2.0,133.0,240.0,16.0,224.0,218.0,240.0,92.0,20.0,72.0,5.0,22.0,0.0,2.0,8.0,78.0,158.0,209.0,44.0,0.0,0.0,0.0,0.0,0.0,0.0,0.0,0.0,0.0,0.0,0.0,0.0,0.0,0.0,0.0,0.0,0.0,0.0,0.0,0.0,0.0,0.0,0.0,0.0,0.0,0.0,0.0,0.0,0.0,0.0,0.0,0.0,0.0,1.0,1.0,0.0,0.0,0.0,0.0,0.0,7.0,5.0,6.0,1.0,4.0,0.0,8.0,3.0,5.0,11.0,21.0,24.0,18.0,6.0,0.0,0.0,0.0,0.0,0.0,0.0,0.0,0.0,0.0,0.0,0.0,0.0,0.0,5.0,7.0,0.0,0.0,0.0,0.0,0.0,8.0,6.0,6.0,1.0,4.0,0.0,12.0,3.0,5.0,14.0,32.0,35.0,27.0,9.0
71,1.0,71.0,London_60,,151,453,1092.0,70.0,2.0,140430.0,0.6648530119564384,763.0,67.0,0.0,67.0,114.0,0.0,114.0,240.0,244.0,74.0,15.0,85.0,2.0,23.0,2.0,8.0,4.0,66.0,148.0,235.0,37.0,0.0,0.0,0.0,0.0,0.0,0.0,0.0,0.0,0.0,0.0,0.0,0.0,0.0,0.0,0.0,0.0,0.0,0.0,0.0,0.0,0.0,0.0,0.0,0.0,0.0,0.0,0.0,0.0,0.0,0.0,0.0,0.0,0.0,0.0,0.0,0.0,0.0,0.0,0.0,0.0,1.0,2.0,0.0,1.0,0.0,0.0,3.0,3.0,5.0,5.0,11.0,18.0,5.0,7.0,0.0,0.0,0.0,0.0,0.0,0.0,0.0,0.0,0.0,0.0,0.0,0.0,0.0,0.0,0.0,0.0,0.0,0.0,0.0,0.0,1.0,3.0,0.0,2.0,0.0,0.0,3.0,6.0,8.0,5.0,18.0,27.0,7.0,9.0
72,1.0,72.0,London_60,,151,453,1092.0,70.0,2.0,140430.0,0.9834836490917951,763.0,89.0,2.0,87.0,168.0,18.0,150.0,114.0,238.0,80.0,8.0,88.0,6.0,26.0,1.0,6.0,5.0,66.0,157.0,225.0,36.0,0.0,0.0,0.0,0.0,0.0,0.0,0.0,0.0,0.0,0.0,0.0,0.0,0.0,0.0,0.0,0.0,0.0,0.0,0.0,0.0,0.0,0.0,0.0,0.0,0.0,0.0,0.0,0.0,0.0,0.0,0.0,0.0,0.0,0.0,0.0,1.0,0.0,0.0,0.0,0.0,2.0,7.0,0.0,0.0,1.0,0.0,10.0,9.0,7.0,8.0,17.0,12.0,20.0,4.0,0.0,0.0,0.0,0.0,0.0,0.0,0.0,0.0,0.0,0.0,0.0,0.0,0.0,0.0,0.0,3.0,0.0,0.0,0.0,0.0,3.0,10.0,0.0,0.0,1.0,0.0,10.0,11.0,12.0,10.0,24.0,18.0,27.0,6.0
73,1.0,73.0,London_60,,151,453,1092.0,70.0,2.0,129105.0,0.7355498531833291,738.0,89.0,0.0,89.0,149.0,0.0,149.0,168.0,243.0,77.0,19.0,86.0,5.0,19.0,0.0,4.0,3.0,82.0,152.0,216.0,33.0,0.0,0.0,0.0,0.0,0.0,0.0,0.0,0.0,0.0,0.0,0.0,0.0,0.0,0.0,0.0,0.0,0.0,0.0,0.0,0.0,0.0,0.0,0.0,0.0,0.0,0.0,0.0,0.0,0.0,0.0,0.0,0.0,0.0,0.0,0.0,0.0,0.0,0.0,0.0,0.0,3.0,6.0,0.0,2.0,0.0,0.0,10.0,11.0,6.0,7.0,16.0,25.0,34.0,5.0,0.0,0.0,0.0,0.0,0.0,0.0,0.0,0.0,0.0,0.0,0.0,0.0,0.0,0.0,0.0,0.0,0.0,0.0,0.0,0.0,3.0,7.0,0.0,5.0,0.0,0.0,13.0,13.0,8.0,8.0,20.0,35.0,43.0,9.0
74,1.0,74.0,London_60,,151,453,1092.0,70.0,2.0,122763.0,0.8439046738203615,724.0,75.0,0.0,75.0,129.0,0.0,129.0,149.0,244.0,83.0,22.0,78.0,5.0,18.0,1.0,2.0,3.0,69.0,166.0,215.0,29.0,0.0,0.0,0.0,0.0,0.0,0.0,0.0,0.0,0.0,0.0,0.0,0.0,0.0,0.0,0.0,0.0,0.0,0.0,0.0,0.0,0.0,0.0,0.0,0.0,0.0,0.0,0.0,0.0,0.0,0.0,0.0,0.0,0.0,0.0,0.0,0.0,0.0,0.0,0.0,0.0,1.0,3.0,0.0,0.0,1.0,0.0,3.0,8.0,6.0,9.0,12.0,19.0,10.0,4.0,0.0,0.0,0.0,0.0,0.0,0.0,0.0,0.0,0.0,0.0,0.0,0.0,0.0,0.0,0.0,0.0,0.0,0.0,0.0,0.0,1.0,4.0,0.0,0.0,1.0,0.0,3.0,14.0,6.0,12.0,21.0,25.0,11.0,4.0
75,1.0,75.0,London_60,,151,453,1092.0,70.0,2.0,121404.0,0.6984477809164673,721.0,74.0,1.0,73.0,142.0,9.0,133.0,129.0,251.0,69.0,32.0,66.0,10.0,20.0,1.0,4.0,3.0,63.0,176.0,211.0,25.0,0.0,0.0,0.0,0.0,0.0,0.0,0.0,0.0,0.0,0.0,0.0,0.0,0.0,0.0,0.0,0.0,0.0,0.0,0.0,0.0,0.0,0.0,0.0,0.0,0.0,0.0,0.0,0.0,0.0,0.0,0.0,0.0,0.0,0.0,0.0,0.0,0.0,0.0,0.0,0.0,2.0,4.0,1.0,0.0,1.0,0.0,7.0,10.0,5.0,11.0,13.0,14.0,19.0,7.0,0.0,0.0,0.0,0.0,0.0,0.0,0.0,0.0,0.0,0.0,0.0,0.0,0.0,0.0,0.0,0.0,0.0,0.0,0.0,0.0,2.0,4.0,1.0,0.0,1.0,0.0,7.0,13.0,7.0,23.0,23.0,18.0,24.0,12.0
76,1.0,76.0,London_60,,151,453,1092.0,70.0,2.0,120498.0,0.6161590428091586,719.0,66.0,2.0,64.0,117.0,17.0,100.0,142.0,267.0,67.0,30.0,61.0,14.0,12.0,2.0,0.0,3.0,74.0,162.0,214.0,16.0,0.0,0.0,0.0,0.0,0.0,0.0,0.0,0.0,0.0,0.0,0.0,0.0,0.0,0.0,0.0,0.0,0.0,0.0,0.0,0.0,0.0,0.0,0.0,0.0,0.0,0.0,0.0,0.0,0.0,0.0,0.0,0.0,0.0,1.0,0.0,1.0,0.0,0.0,0.0,0.0,1.0,0.0,0.0,1.0,0.0,0.0,11.0,1.0,6.0,8.0,13.0,16.0,9.0,4.0,0.0,0.0,0.0,0.0,0.0,0.0,0.0,0.0,0.0,0.0,0.0,0.0,0.0,6.0,0.0,2.0,0.0,0.0,0.0,0.0,1.0,0.0,0.0,1.0,0.0,0.0,16.0,2.0,8.0,9.0,15.0,22.0,9.0,8.0
77,1.0,77.0,London_60,,151,453,1092.0,70.0,2.0,130464.0,1.2717750330921263,741.0,37.0,1.0,36.0,67.0,10.0,57.0,117.0,277.0,70.0,30.0,58.0,8.0,5.0,0.0,5.0,1.0,77.0,164.0,211.0,13.0,0.0,0.0,0.0,0.0,0.0,0.0,0.0,0.0,0.0,0.0,0.0,0.0,0.0,0.0,0.0,0.0,0.0,0.0,0.0,0.0,0.0,0.0,0.0,0.0,0.0,0.0,0.0,0.0,0.0,1.0,0.0,0.0,0.0,0.0,0.0,1.0,0.0,0.0,0.0,0.0,1.0,0.0,0.0,1.0,0.0,0.0,3.0,0.0,1.0,3.0,9.0,8.0,5.0,6.0,0.0,0.0,0.0,0.0,0.0,0.0,0.0,0.0,0.0,1.0,0.0,0.0,0.0,0.0,0.0,1.0,0.0,0.0,0.0,0.0,1.0,0.0,0.0,2.0,0.0,0.0,6.0,0.0,2.0,4.0,13.0,11.0,5.0,9.0
78,1.0,78.0,London_60,,151,453,1092.0,70.0,2.0,157191.0,0.7313442470040172,800.0,1.0,0.0,1.0,2.0,0.0,2.0,67.0,286.0,54.0,29.0,62.0,5.0,9.0,1.0,7.0,1.0,64.0,161.0,227.0,11.0,0.0,0.0,0.0,0.0,0.0,0.0,0.0,0.0,0.0,0.0,0.0,0.0,0.0,0.0,0.0,0.0,0.0,0.0,0.0,0.0,0.0,0.0,0.0,0.0,0.0,0.0,0.0,0.0,0.0,0.0,0.0,0.0,0.0,0.0,0.0,0.0,0.0,0.0,0.0,0.0,0.0,0.0,0.0,0.0,0.0,0.0,0.0,0.0,0.0,0.0,0.0,1.0,0.0,0.0,0.0,0.0,0.0,0.0,0.0,0.0,0.0,0.0,0.0,0.0,0.0,0.0,0.0,0.0,0.0,0.0,0.0,0.0,0.0,0.0,0.0,0.0,0.0,0.0,0.0,0.0,0.0,0.0,0.0,0.0,0.0,2.0,0.0,0.0
79,1.0,79.0,London_60,,151,453,1092.0,70.0,2.0,190260.0,1.308170682983473,873.0,156.0,2.0,154.0,274.0,17.0,257.0,2.0,287.0,52.0,29.0,63.0,5.0,9.0,1.0,7.0,1.0,64.0,159.0,229.0,11.0,0.0,0.0,0.0,0.0,0.0,0.0,0.0,0.0,0.0,0.0,0.0,0.0,0.0,0.0,0.0,0.0,0.0,0.0,0.0,0.0,0.0,0.0,0.0,0.0,0.0,0.0,0.0,0.0,0.0,0.0,0.0,0.0,0.0,0.0,1.0,1.0,0.0,0.0,0.0,0.0,3.0,7.0,1.0,1.0,2.0,0.0,16.0,6.0,4.0,8.0,29.0,38.0,33.0,8.0,0.0,0.0,0.0,0.0,0.0,0.0,0.0,0.0,0.0,0.0,0.0,0.0,0.0,0.0,5.0,2.0,0.0,0.0,0.0,0.0,3.0,8.0,1.0,1.0,2.0,0.0,19.0,6.0,6.0,8.0,45.0,57.0,40.0,13.0
80,1.0,80.0,London_60,,151,453,1092.0,70.0,2.0,155832.0,0.5768998370040208,797.0,87.0,2.0,85.0,161.0,18.0,143.0,274.0,215.0,101.0,26.0,63.0,9.0,27.0,4.0,8.0,9.0,73.0,148.0,223.0,32.0,0.0,0.0,0.0,0.0,0.0,0.0,0.0,0.0,0.0,0.0,0.0,0.0,0.0,0.0,0.0,0.0,0.0,0.0,0.0,0.0,0.0,0.0,0.0,0.0,0.0,0.0,0.0,0.0,0.0,0.0,0.0,0.0,1.0,1.0,0.0,1.0,1.0,0.0,0.0,0.0,2.0,0.0,0.0,0.0,0.0,0.0,7.0,4.0,2.0,10.0,17.0,22.0,17.0,7.0,0.0,0.0,0.0,0.0,0.0,0.0,0.0,0.0,0.0,0.0,0.0,0.0,5.0,6.0,0.0,2.0,7.0,0.0,0.0,0.0,4.0,0.0,0.0,0.0,0.0,0.0,13.0,5.0,3.0,14.0,29.0,29.0,24.0,11.0
81,1.0,81.0,London_60,,151,453,1092.0,70.0,2.0,162174.0,1.1878207428380847,811.0,121.0,1.0,120.0,213.0,9.0,204.0,161.0,219.0,88.0,28.0,71.0,9.0,21.0,4.0,13.0,6.0,71.0,138.0,238.0,27.0,0.0,0.0,0.0,0.0,0.0,0.0,0.0,0.0,0.0,0.0,0.0,0.0,0.0,0.0,0.0,0.0,0.0,0.0,0.0,0.0,0.0,0.0,0.0,0.0,0.0,0.0,0.0,0.0,0.0,1.0,0.0,0.0,0.0,0.0,0.0,1.0,0.0,0.0,0.0,0.0,1.0,7.0,1.0,0.0,3.0,0.0,17.0,11.0,9.0,6.0,27.0,26.0,19.0,14.0,0.0,0.0,0.0,0.0,0.0,0.0,0.0,0.0,0.0,3.0,0.0,0.0,0.0,0.0,0.0,4.0,0.0,0.0,0.0,0.0,1.0,9.0,1.0,0.0,3.0,0.0,24.0,13.0,10.0,12.0,46.0,38.0,21.0,23.0
82,1.0,82.0,London_60,,151,453,1092.0,70.0,2.0,150849.0,1.2568744160234928,786.0,118.0,1.0,117.0,207.0,8.0,199.0,213.0,225.0,82.0,42.0,65.0,2.0,24.0,4.0,9.0,6.0,80.0,152.0,215.0,30.0,0.0,0.0,0.0,0.0,0.0,0.0,0.0,0.0,0.0,0.0,0.0,0.0,0.0,0.0,0.0,0.0,0.0,0.0,0.0,0.0,0.0,0.0,0.0,0.0,0.0,0.0,0.0,0.0,0.0,0.0,0.0,0.0,0.0,0.0,0.0,1.0,0.0,0.0,0.0,0.0,5.0,15.0,2.0,5.0,6.0,1.0,11.0,4.0,6.0,15.0,15.0,26.0,11.0,11.0,0.0,0.0,0.0,0.0,0.0,0.0,0.0,0.0,0.0,0.0,0.0,0.0,0.0,0.0,0.0,4.0,0.0,0.0,0.0,0.0,6.0,17.0,2.0,9.0,7.0,2.0,11.0,5.0,8.0,23.0,20.0,39.0,20.0,18.0
83,1.0,83.0,London_60,,151,453,1092.0,70.0,2.0,132276.0,0.8703288899268955,745.0,80.0,0.0,80.0,138.0,0.0,138.0,207.0,216.0,88.0,34.0,73.0,4.0,35.0,1.0,2.0,7.0,72.0,146.0,228.0,25.0,0.0,0.0,0.0,0.0,0.0,0.0,0.0,0.0,0.0,0.0,0.0,0.0,0.0,0.0,0.0,0.0,0.0,0.0,0.0,0.0,0.0,0.0,0.0,0.0,0.0,0.0,0.0,0.0,0.0,0.0,0.0,0.0,0.0,0.0,0.0,0.0,0.0,0.0,0.0,0.0,7.0,1.0,1.0,4.0,0.0,0.0,6.0,5.0,3.0,4.0,9.0,16.0,14.0,5.0,0.0,0.0,0.0,0.0,0.0,0.0,0.0,0.0,0.0,0.0,0.0,0.0,0.0,0.0,0.0,0.0,0.0,0.0,0.0,0.0,11.0,1.0,1.0,9.0,0.0,0.0,8.0,6.0,4.0,4.0,12.0,21.0,16.0,6.0
84,1.0,84.0,London_60,,151,453,1092.0,70.0,2.0,141336.0,0.5227964390069246,765.0,14.0,0.0,14.0,20.0,0.0,20.0,138.0,233.0,94.0,30.0,53.0,6.0,36.0,0.0,1.0,5.0,77.0,153.0,218.0,28.0,0.0,0.0,0.0,0.0,0.0,0.0,0.0,0.0,0.0,0.0,0.0,0.0,0.0,0.0,0.0,0.0,0.0,0.0,0.0,0.0,0.0,0.0,0.0,0.0,0.0,0.0,0.0,0.0,0.0,0.0,0.0,0.0,0.0,0.0,0.0,0.0,0.0,0.0,0.0,0.0,0.0,0.0,0.0,0.0,0.0,0.0,0.0,0.0,0.0,1.0,1.0,1.0,1.0,0.0,0.0,0.0,0.0,0.0,0.0,0.0,0.0,0.0,0.0,0.0,0.0,0.0,0.0,0.0,0.0,0.0,0.0,0.0,0.0,0.0,0.0,0.0,0.0,0.0,0.0,0.0,0.0,0.0,0.0,1.0,1.0,1.0,1.0,0.0
85,1.0,85.0,London_60,,151,453,1092.0,70.0,2.0,182106.0,1.0997741429600865,855.0,44.0,1.0,43.0,80.0,7.0,73.0,20.0,236.0,97.0,30.0,49.0,6.0,34.0,0.0,1.0,5.0,76.0,151.0,221.0,25.0,0.0,0.0,0.0,0.0,0.0,0.0,0.0,0.0,0.0,0.0,0.0,0.0,0.0,0.0,0.0,0.0,0.0,0.0,0.0,0.0,0.0,0.0,0.0,0.0,0.0,0.0,0.0,0.0,0.0,0.0,0.0,0.0,1.0,0.0,1.0,1.0,0.0,0.0,0.0,0.0,2.0,2.0,1.0,0.0,0.0,0.0,5.0,1.0,1.0,6.0,9.0,11.0,6.0,5.0,0.0,0.0,0.0,0.0,0.0,0.0,0.0,0.0,0.0,0.0,0.0,0.0,5.0,0.0,5.0,3.0,0.0,0.0,0.0,0.0,2.0,2.0,1.0,0.0,0.0,0.0,7.0,1.0,1.0,7.0,16.0,13.0,11.0,7.0
86,1.0,86.0,London_60,,151,453,1092.0,70.0,2.0,198414.0,0.682388843037188,891.0,39.0,1.0,38.0,80.0,9.0,71.0,80.0,243.0,99.0,28.0,40.0,7.0,31.0,1.0,4.0,5.0,76.0,146.0,226.0,21.0,0.0,0.0,0.0,0.0,0.0,0.0,0.0,0.0,0.0,0.0,0.0,0.0,0.0,0.0,0.0,0.0,0.0,0.0,0.0,0.0,0.0,0.0,0.0,0.0,0.0,0.0,0.0,0.0,0.0,0.0,0.0,0.0,0.0,0.0,0.0,0.0,0.0,0.0,0.0,0.0,1.0,3.0,0.0,0.0,4.0,0.0,9.0,3.0,1.0,2.0,7.0,9.0,15.0,4.0,0.0,0.0,0.0,0.0,0.0,0.0,0.0,0.0,0.0,0.0,0.0,0.0,0.0,0.0,0.0,0.0,0.0,0.0,0.0,0.0,2.0,4.0,0.0,0.0,5.0,0.0,14.0,5.0,1.0,3.0,10.0,13.0,21.0,8.0
87,1.0,87.0,London_60,,151,453,1092.0,70.0,2.0,215175.0,1.8082708939909935,928.0,237.0,2.0,235.0,428.0,19.0,409.0,80.0,247.0,105.0,28.0,27.0,9.0,32.0,1.0,4.0,6.0,76.0,152.0,219.0,27.0,0.0,0.0,0.0,0.0,0.0,0.0,0.0,0.0,0.0,0.0,0.0,0.0,0.0,0.0,0.0,0.0,0.0,0.0,0.0,0.0,0.0,0.0,0.0,0.0,0.0,0.0,0.0,0.0,0.0,0.0,0.0,0.0,0.0,1.0,1.0,1.0,0.0,0.0,0.0,0.0,1.0,32.0,0.0,1.0,0.0,0.0,26.0,12.0,9.0,20.0,41.0,56.0,24.0,9.0,0.0,0.0,0.0,0.0,0.0,0.0,0.0,0.0,0.0,0.0,0.0,0.0,0.0,8.0,6.0,3.0,0.0,0.0,0.0,0.0,1.0,50.0,0.0,2.0,0.0,0.0,33.0,19.0,15.0,30.0,58.0,78.0,28.0,12.0
88,1.0,88.0,London_60,,151,453,1092.0,70.0,2.0,134541.0,0.8741773050278425,750.0,145.0,2.0,143.0,259.0,20.0,239.0,428.0,75.0,161.0,24.0,136.0,12.0,36.0,3.0,6.0,8.0,77.0,150.0,218.0,47.0,0.0,0.0,0.0,0.0,0.0,0.0,0.0,0.0,0.0,0.0,0.0,0.0,0.0,0.0,0.0,0.0,0.0,0.0,0.0,0.0,0.0,0.0,0.0,0.0,0.0,0.0,0.0,0.0,0.0,2.0,0.0,0.0,0.0,1.0,0.0,0.0,0.0,0.0,0.0,0.0,1.0,0.0,1.0,1.0,0.0,0.0,5.0,2.0,5.0,6.0,39.0,24.0,13.0,6.0,0.0,0.0,0.0,0.0,0.0,0.0,0.0,0.0,0.0,4.0,0.0,0.0,0.0,8.0,0.0,0.0,0.0,0.0,0.0,0.0,2.0,0.0,1.0,1.0,0.0,0.0,9.0,3.0,10.0,7.0,59.0,31.0,17.0,7.0
89,1.0,89.0,London_60,,151,453,1092.0,70.0,2.0,94677.0,0.3607810949906707,662.0,24.0,1.0,23.0,45.0,8.0,37.0,259.0,103.0,148.0,30.0,132.0,8.0,29.0,0.0,3.0,6.0,81.0,145.0,221.0,40.0,0.0,0.0,0.0,0.0,0.0,0.0,0.0,0.0,0.0,0.0,0.0,0.0,0.0,0.0,0.0,0.0,0.0,0.0,0.0,0.0,0.0,0.0,0.0,0.0,0.0,0.0,0.0,0.0,0.0,0.0,0.0,0.0,0.0,1.0,0.0,1.0,0.0,0.0,0.0,0.0,0.0,0.0,0.0,1.0,0.0,0.0,2.0,0.0,0.0,0.0,2.0,3.0,4.0,3.0,0.0,0.0,0.0,0.0,0.0,0.0,0.0,0.0,0.0,0.0,0.0,0.0,0.0,5.0,0.0,3.0,0.0,0.0,0.0,0.0,0.0,0.0,0.0,1.0,0.0,0.0,2.0,0.0,0.0,0.0,2.0,3.0,7.0,4.0
90,1.0,90.0,London_60,,151,453,1092.0,70.0,2.0,117780.0,0.6150578069500625,713.0,82.0,0.0,82.0,151.0,0.0,151.0,45.0,103.0,144.0,32.0,130.0,9.0,32.0,0.0,3.0,6.0,86.0,141.0,220.0,35.0,0.0,0.0,0.0,0.0,0.0,0.0,0.0,0.0,0.0,0.0,0.0,0.0,0.0,0.0,0.0,0.0,0.0,0.0,0.0,0.0,0.0,0.0,0.0,0.0,0.0,0.0,0.0,0.0,0.0,0.0,0.0,0.0,0.0,0.0,0.0,0.0,0.0,0.0,0.0,0.0,1.0,1.0,0.0,0.0,0.0,0.0,1.0,6.0,2.0,8.0,15.0,23.0,20.0,11.0,0.0,0.0,0.0,0.0,0.0,0.0,0.0,0.0,0.0,0.0,0.0,0.0,0.0,0.0,0.0,0.0,0.0,0.0,0.0,0.0,1.0,1.0,0.0,0.0,0.0,0.0,2.0,8.0,3.0,9.0,20.0,33.0,26.0,15.0
91,1.0,91.0,London_60,,151,453,1092.0,70.0,2.0,122310.0,1.491644742898643,723.0,44.0,2.0,42.0,88.0,19.0,69.0,151.0,102.0,142.0,33.0,123.0,7.0,35.0,0.0,11.0,9.0,70.0,151.0,223.0,35.0,0.0,0.0,0.0,0.0,0.0,0.0,0.0,0.0,0.0,0.0,0.0,0.0,0.0,0.0,0.0,0.0,0.0,0.0,0.0,0.0,0.0,0.0,0.0,0.0,0.0,0.0,0.0,0.0,0.0,0.0,0.0,0.0,1.0,0.0,1.0,2.0,0.0,0.0,0.0,0.0,2.0,0.0,0.0,0.0,0.0,0.0,3.0,1.0,2.0,5.0,11.0,7.0,7.0,3.0,0.0,0.0,0.0,0.0,0.0,0.0,0.0,0.0,0.0,0.0,0.0,0.0,1.0,0.0,9.0,8.0,0.0,0.0,0.0,0.0,3.0,0.0,0.0,0.0,0.0,0.0,4.0,2.0,2.0,7.0,16.0,11.0,9.0,3.0
92,1.0,92.0,London_60,,151,453,1092.0,70.0,2.0,149490.0,1.1330597989726812,783.0,32.0,0.0,32.0,55.0,0.0,55.0,88.0,99.0,149.0,34.0,119.0,7.0,34.0,1.0,10.0,10.0,67.0,142.0,234.0,39.0,0.0,0.0,0.0,0.0,0.0,0.0,0.0,0.0,0.0,0.0,0.0,0.0,0.0,0.0,0.0,0.0,0.0,0.0,0.0,0.0,0.0,0.0,0.0,0.0,0.0,0.0,0.0,0.0,0.0,0.0,0.0,0.0,0.0,0.0,0.0,0.0,0.0,0.0,0.0,0.0,0.0,0.0,0.0,0.0,0.0,0.0,1.0,1.0,2.0,3.0,7.0,8.0,9.0,1.0,0.0,0.0,0.0,0.0,0.0,0.0,0.0,0.0,0.0,0.0,0.0,0.0,0.0,0.0,0.0,0.0,0.0,0.0,0.0,0.0,0.0,0.0,0.0,0.0,0.0,0.0,3.0,1.0,3.0,5.0,14.0,11.0,15.0,1.0
93,1.0,93.0,London_60,,151,453,1092.0,70.0,2.0,184371.0,1.999459063168615,860.0,107.0,2.0,105.0,194.0,18.0,176.0,55.0,109.0,139.0,34.0,118.0,8.0,32.0,1.0,12.0,9.0,75.0,144.0,225.0,41.0,0.0,0.0,0.0,0.0,0.0,0.0,0.0,0.0,0.0,0.0,0.0,0.0,0.0,0.0,0.0,0.0,0.0,0.0,0.0,0.0,0.0,0.0,0.0,0.0,0.0,0.0,0.0,0.0,0.0,1.0,0.0,0.0,0.0,1.0,0.0,1.0,0.0,0.0,0.0,0.0,0.0,1.0,0.0,1.0,2.0,0.0,10.0,5.0,4.0,12.0,17.0,26.0,21.0,9.0,0.0,0.0,0.0,0.0,0.0,0.0,0.0,0.0,0.0,2.0,0.0,0.0,0.0,4.0,0.0,4.0,0.0,0.0,0.0,0.0,0.0,1.0,0.0,1.0,2.0,0.0,14.0,7.0,7.0,16.0,24.0,39.0,26.0,13.0
94,1.0,94.0,London_60,,151,453,1092.0,70.0,2.0,182559.0,1.969859231961891,856.0,99.0,0.0,99.0,179.0,0.0,179.0,194.0,118.0,130.0,38.0,117.0,11.0,28.0,1.0,10.0,7.0,83.0,127.0,236.0,34.0,0.0,0.0,0.0,0.0,0.0,0.0,0.0,0.0,0.0,0.0,0.0,0.0,0.0,0.0,0.0,0.0,0.0,0.0,0.0,0.0,0.0,0.0,0.0,0.0,0.0,0.0,0.0,0.0,0.0,0.0,0.0,0.0,0.0,0.0,0.0,0.0,0.0,0.0,0.0,0.0,3.0,0.0,0.0,2.0,1.0,0.0,9.0,4.0,9.0,12.0,23.0,19.0,16.0,6.0,0.0,0.0,0.0,0.0,0.0,0.0,0.0,0.0,0.0,0.0,0.0,0.0,0.0,0.0,0.0,0.0,0.0,0.0,0.0,0.0,4.0,0.0,0.0,3.0,2.0,0.0,12.0,5.0,18.0,17.0,30.0,27.0,17.0,11.0
95,1.0,95.0,London_60,,151,453,1092.0,70.0,2.0,184824.0,2.8679410750046372,861.0,42.0,0.0,42.0,71.0,0.0,71.0,179.0,150.0,120.0,45.0,108.0,10.0,14.0,0.0,6.0,4.0,79.0,136.0,234.0,28.0,0.0,0.0,0.0,0.0,0.0,0.0,0.0,0.0,0.0,0.0,0.0,0.0,0.0,0.0,0.0,0.0,0.0,0.0,0.0,0.0,0.0,0.0,0.0,0.0,0.0,0.0,0.0,0.0,0.0,0.0,0.0,0.0,0.0,0.0,0.0,0.0,0.0,0.0,0.0,0.0,2.0,3.0,0.0,0.0,0.0,0.0,4.0,5.0,0.0,6.0,5.0,12.0,10.0,4.0,0.0,0.0,0.0,0.0,0.0,0.0,0.0,0.0,0.0,0.0,0.0,0.0,0.0,0.0,0.0,0.0,0.0,0.0,0.0,0.0,2.0,3.0,0.0,0.0,0.0,0.0,5.0,7.0,0.0,8.0,10.0,16.0,11.0,8.0
96,1.0,96.0,London_60,,151,453,1092.0,70.0,2.0,212004.0,0.928360243095085,921.0,162.0,0.0,162.0,263.0,0.0,263.0,71.0,160.0,115.0,46.0,101.0,5.0,18.0,1.0,7.0,4.0,84.0,136.0,229.0,22.0,0.0,0.0,0.0,0.0,0.0,0.0,0.0,0.0,0.0,0.0,0.0,0.0,0.0,0.0,0.0,0.0,0.0,0.0,0.0,0.0,0.0,0.0,0.0,0.0,0.0,0.0,0.0,0.0,0.0,0.0,0.0,0.0,0.0,0.0,0.0,0.0,0.0,0.0,0.0,0.0,4.0,24.0,15.0,1.0,7.0,0.0,13.0,8.0,16.0,12.0,31.0,44.0,29.0,19.0,0.0,0.0,0.0,0.0,0.0,0.0,0.0,0.0,0.0,0.0,0.0,0.0,0.0,0.0,0.0,0.0,0.0,0.0,0.0,0.0,5.0,36.0,16.0,1.0,7.0,0.0,15.0,9.0,17.0,15.0,41.0,59.0,32.0,27.0
97,1.0,97.0,London_60,,151,453,1092.0,70.0,2.0,171687.0,1.1965051000006497,832.0,113.0,2.0,111.0,208.0,22.0,186.0,263.0,179.0,110.0,44.0,87.0,6.0,20.0,0.0,7.0,4.0,77.0,155.0,217.0,34.0,0.0,0.0,0.0,0.0,0.0,0.0,0.0,0.0,0.0,1.0,0.0,1.0,0.0,0.0,0.0,0.0,0.0,0.0,1.0,0.0,0.0,0.0,0.0,0.0,0.0,0.0,0.0,0.0,0.0,1.0,0.0,0.0,1.0,0.0,1.0,1.0,0.0,0.0,0.0,0.0,5.0,12.0,5.0,3.0,0.0,0.0,8.0,3.0,5.0,15.0,12.0,28.0,20.0,7.0,0.0,0.0,0.0,0.0,0.0,0.0,0.0,0.0,0.0,2.0,0.0,0.0,2.0,0.0,2.0,3.0,0.0,0.0,0.0,0.0,5.0,16.0,5.0,4.0,0.0,0.0,10.0,7.0,5.0,22.0,15.0,40.0,24.0,9.0
98,1.0,98.0,London_60,,151,453,1092.0,70.0,2.0,161721.0,1.1883200381416827,810.0,119.0,2.0,117.0,233.0,18.0,215.0,199.0,193.0,118.0,36.0,61.0,5.0,30.0,0.0,10.0,7.0,75.0,149.0,222.0,30.0,0.0,0.0,0.0,0.0,0.0,0.0,0.0,0.0,0.0,0.0,0.0,0.0,0.0,0.0,0.0,0.0,0.0,0.0,0.0,0.0,0.0,0.0,0.0,0.0,0.0,0.0,0.0,0.0,0.0,2.0,0.0,0.0,2.0,0.0,2.0,0.0,1.0,0.0,0.0,0.0,0.0,4.0,0.0,0.0,13.0,0.0,10.0,13.0,7.0,11.0,20.0,30.0,21.0,13.0,0.0,0.0,0.0,0.0,0.0,0.0,0.0,0.0,0.0,4.0,0.0,0.0,9.0,0.0,14.0,0.0,8.0,0.0,0.0,0.0,0.0,7.0,0.0,0.0,15.0,0.0,12.0,17.0,10.0,15.0,30.0,46.0,25.0,19.0
99,1.0,99.0,London_60,,151,453,1092.0,70.0,2.0,142695.0,0.9522934670094401,768.0,108.0,2.0,106.0,192.0,17.0,175.0,233.0,201.0,133.0,16.0,77.0,5.0,17.0,0.0,4.0,6.0,79.0,150.0,218.0,34.0,0.0,0.0,0.0,0.0,0.0,0.0,0.0,0.0,0.0,0.0,0.0,0.0,0.0,0.0,0.0,0.0,0.0,0.0,0.0,0.0,0.0,0.0,0.0,0.0,0.0,0.0,0.0,0.0,0.0,1.0,0.0,0.0,1.0,0.0,0.0,2.0,0.0,0.0,0.0,0.0,0.0,1.0,3.0,1.0,3.0,1.0,9.0,3.0,1.0,7.0,22.0,33.0,21.0,8.0,0.0,0.0,0.0,0.0,0.0,0.0,0.0,0.0,0.0,1.0,0.0,0.0,5.0,0.0,0.0,5.0,0.0,0.0,0.0,0.0,0.0,1.0,3.0,1.0,3.0,1.0,12.0,3.0,2.0,8.0,35.0,47.0,25.0,10.0
100,1.0,100.0,London_60,,151,453,1092.0,70.0,2.0,123216.0,0.5604312880896032,725.0,40.0,1.0,39.0,79.0,12.0,67.0,192.0,203.0,140.0,9.0,74.0,2.0,19.0,1.0,5.0,3.0,82.0,133.0,235.0,27.0,0.0,0.0,0.0,0.0,0.0,0.0,0.0,0.0,0.0,0.0,0.0,0.0,0.0,0.0,0.0,0.0,0.0,0.0,0.0,0.0,0.0,0.0,0.0,0.0,0.0,0.0,0.0,0.0,0.0,0.0,1.0,0.0,1.0,0.0,0.0,1.0,0.0,0.0,0.0,0.0,2.0,0.0,0.0,1.0,0.0,0.0,3.0,2.0,1.0,4.0,7.0,12.0,8.0,4.0,0.0,0.0,0.0,0.0,0.0,0.0,0.0,0.0,0.0,0.0,8.0,0.0,8.0,0.0,0.0,6.0,0.0,0.0,0.0,0.0,2.0,0.0,0.0,2.0,0.0,0.0,5.0,3.0,1.0,5.0,12.0,19.0,9.0,6.0
101,1.0,101.0,London_60,,151,453,1092.0,70.0,2.0,139524.0,0.7323747070040554,761.0,75.0,0.0,75.0,136.0,0.0,136.0,79.0,209.0,152.0,13.0,53.0,4.0,16.0,2.0,4.0,2.0,83.0,136.0,232.0,28.0,0.0,0.0,0.0,0.0,0.0,0.0,0.0,0.0,0.0,0.0,0.0,0.0,0.0,0.0,0.0,0.0,0.0,0.0,0.0,0.0,0.0,0.0,0.0,0.0,0.0,0.0,0.0,0.0,0.0,0.0,0.0,0.0,0.0,0.0,0.0,0.0,0.0,0.0,0.0,0.0,1.0,1.0,2.0,4.0,0.0,0.0,8.0,3.0,2.0,12.0,15.0,14.0,16.0,3.0,0.0,0.0,0.0,0.0,0.0,0.0,0.0,0.0,0.0,0.0,0.0,0.0,0.0,0.0,0.0,0.0,0.0,0.0,0.0,0.0,1.0,1.0,2.0,7.0,0.0,0.0,14.0,3.0,3.0,15.0,25.0,17.0,23.0,4.0
102,1.0,102.0,London_60,,151,453,1092.0,70.0,2.0,143601.0,1.132171083940193,770.0,144.0,0.0,144.0,265.0,0.0,265.0,136.0,218.0,150.0,14.0,42.0,5.0,15.0,4.0,5.0,3.0,88.0,124.0,238.0,28.0,0.0,0.0,0.0,0.0,0.0,0.0,0.0,0.0,0.0,0.0,0.0,0.0,0.0,0.0,0.0,0.0,0.0,0.0,0.0,0.0,0.0,0.0,0.0,0.0,0.0,0.0,0.0,0.0,0.0,0.0,0.0,0.0,0.0,0.0,0.0,0.0,0.0,0.0,0.0,0.0,8.0,0.0,1.0,3.0,4.0,0.0,8.0,14.0,8.0,5.0,26.0,38.0,41.0,7.0,0.0,0.0,0.0,0.0,0.0,0.0,0.0,0.0,0.0,0.0,0.0,0.0,0.0,0.0,0.0,0.0,0.0,0.0,0.0,0.0,12.0,0.0,1.0,3.0,4.0,0.0,10.0,17.0,15.0,5.0,39.0,57.0,53.0,9.0
103,1.0,103.0,London_60,,151,453,1092.0,70.0,2.0,109173.0,0.4364686580374837,694.0,11.0,0.0,11.0,18.0,0.0,18.0,265.0,223.0,109.0,20.0,71.0,6.0,22.0,0.0,2.0,5.0,82.0,136.0,230.0,23.0,0.0,0.0,0.0,0.0,0.0,0.0,0.0,0.0,0.0,0.0,0.0,0.0,0.0,0.0,0.0,0.0,0.0,0.0,0.0,0.0,0.0,0.0,0.0,0.0,0.0,0.0,0.0,0.0,0.0,0.0,0.0,0.0,0.0,0.0,0.0,0.0,0.0,0.0,0.0,0.0,0.0,0.0,0.0,0.0,0.0,0.0,0.0,2.0,0.0,2.0,2.0,6.0,3.0,1.0,0.0,0.0,0.0,0.0,0.0,0.0,0.0,0.0,0.0,0.0,0.0,0.0,0.0,0.0,0.0,0.0,0.0,0.0,0.0,0.0,0.0,0.0,0.0,0.0,0.0,0.0,0.0,2.0,0.0,2.0,3.0,8.0,3.0,2.0
104,1.0,104.0,London_60,,151,453,1092.0,70.0,2.0,144507.0,0.5675328320357949,772.0,68.0,2.0,66.0,142.0,18.0,124.0,18.0,222.0,111.0,21.0,70.0,6.0,21.0,0.0,2.0,4.0,82.0,138.0,229.0,25.0,0.0,0.0,0.0,0.0,0.0,0.0,0.0,0.0,0.0,0.0,0.0,0.0,0.0,0.0,0.0,0.0,0.0,0.0,0.0,0.0,0.0,0.0,0.0,0.0,0.0,0.0,0.0,0.0,0.0,0.0,0.0,0.0,0.0,0.0,0.0,0.0,0.0,0.0,0.0,0.0,1.0,1.0,1.0,0.0,0.0,0.0,4.0,5.0,6.0,3.0,14.0,15.0,11.0,13.0,0.0,0.0,0.0,0.0,0.0,0.0,0.0,0.0,0.0,0.0,0.0,0.0,0.0,0.0,0.0,0.0,0.0,0.0,0.0,0.0,1.0,1.0,1.0,0.0,0.0,0.0,5.0,8.0,10.0,5.0,25.0,26.0,18.0,24.0
105,1.0,105.0,London_60,,151,453,1092.0,70.0,2.0,154473.0,0.6585323649924248,794.0,56.0,1.0,55.0,102.0,8.0,94.0,142.0,223.0,97.0,13.0,75.0,4.0,33.0,2.0,6.0,2.0,85.0,145.0,221.0,18.0,0.0,0.0,0.0,0.0,0.0,0.0,0.0,0.0,0.0,0.0,0.0,0.0,0.0,0.0,0.0,0.0,0.0,0.0,0.0,0.0,0.0,0.0,0.0,0.0,0.0,0.0,0.0,0.0,0.0,1.0,0.0,0.0,1.0,0.0,0.0,1.0,0.0,0.0,0.0,0.0,1.0,0.0,1.0,0.0,0.0,0.0,3.0,3.0,9.0,5.0,14.0,11.0,11.0,5.0,0.0,0.0,0.0,0.0,0.0,0.0,0.0,0.0,0.0,1.0,0.0,0.0,2.0,0.0,0.0,4.0,0.0,0.0,0.0,0.0,1.0,0.0,1.0,0.0,0.0,0.0,3.0,4.0,11.0,6.0,18.0,13.0,14.0,5.0
106,1.0,106.0,London_60,,151,453,1092.0,70.0,2.0,160815.0,0.721307824831456,808.0,83.0,0.0,83.0,149.0,0.0,149.0,102.0,239.0,83.0,15.0,71.0,5.0,32.0,2.0,6.0,2.0,81.0,135.0,235.0,12.0,0.0,0.0,0.0,0.0,0.0,0.0,0.0,0.0,0.0,0.0,0.0,0.0,0.0,0.0,0.0,0.0,0.0,0.0,0.0,0.0,0.0,0.0,0.0,0.0,0.0,0.0,0.0,0.0,0.0,0.0,0.0,0.0,0.0,0.0,0.0,0.0,0.0,0.0,0.0,0.0,2.0,0.0,2.0,0.0,0.0,0.0,6.0,2.0,6.0,9.0,15.0,17.0,12.0,8.0,0.0,0.0,0.0,0.0,0.0,0.0,0.0,0.0,0.0,0.0,0.0,0.0,0.0,0.0,0.0,0.0,0.0,0.0,0.0,0.0,4.0,0.0,2.0,0.0,0.0,0.0,7.0,5.0,10.0,12.0,25.0,25.0,17.0,10.0
107,1.0,107.0,London_60,,151,453,1092.0,70.0,2.0,161721.0,1.1347118380945176,810.0,94.0,0.0,94.0,164.0,0.0,164.0,149.0,249.0,78.0,15.0,68.0,7.0,29.0,4.0,3.0,0.0,94.0,140.0,219.0,13.0,0.0,0.0,0.0,0.0,0.0,0.0,0.0,0.0,0.0,0.0,0.0,0.0,0.0,0.0,0.0,0.0,0.0,0.0,0.0,0.0,0.0,0.0,0.0,0.0,0.0,0.0,0.0,0.0,0.0,0.0,0.0,0.0,0.0,0.0,0.0,0.0,0.0,0.0,0.0,0.0,6.0,3.0,2.0,4.0,1.0,2.0,12.0,2.0,3.0,11.0,16.0,23.0,19.0,6.0,0.0,0.0,0.0,0.0,0.0,0.0,0.0,0.0,0.0,0.0,0.0,0.0,0.0,0.0,0.0,0.0,0.0,0.0,0.0,0.0,6.0,5.0,2.0,5.0,1.0,3.0,18.0,3.0,6.0,16.0,21.0,36.0,25.0,9.0
108,1.0,108.0,London_60,,151,453,1092.0,70.0,2.0,160362.0,1.6821023421362042,807.0,119.0,2.0,117.0,213.0,17.0,196.0,164.0,264.0,82.0,7.0,45.0,11.0,39.0,3.0,2.0,7.0,83.0,134.0,229.0,26.0,0.0,0.0,0.0,0.0,0.0,0.0,0.0,0.0,0.0,0.0,0.0,0.0,0.0,0.0,0.0,0.0,0.0,0.0,0.0,0.0,0.0,0.0,0.0,0.0,0.0,0.0,0.0,0.0,0.0,0.0,0.0,0.0,1.0,1.0,1.0,1.0,0.0,0.0,0.0,0.0,8.0,11.0,1.0,3.0,0.0,1.0,12.0,9.0,7.0,13.0,19.0,27.0,15.0,8.0,0.0,0.0,0.0,0.0,0.0,0.0,0.0,0.0,0.0,0.0,0.0,0.0,7.0,4.0,8.0,5.0,0.0,0.0,0.0,0.0,9.0,16.0,1.0,5.0,0.0,2.0,17.0,12.0,8.0,16.0,26.0,34.0,18.0,12.0
109,1.0,109.0,London_60,,151,453,1092.0,70.0,2.0,142695.0,0.8754788020160049,768.0,64.0,0.0,64.0,105.0,0.0,105.0,213.0,252.0,82.0,17.0,59.0,15.0,25.0,1.0,2.0,7.0,86.0,137.0,223.0,32.0,0.0,0.0,0.0,0.0,0.0,0.0,0.0,0.0,0.0,0.0,0.0,0.0,0.0,0.0,0.0,0.0,0.0,0.0,0.0,0.0,0.0,0.0,0.0,0.0,0.0,0.0,0.0,0.0,0.0,0.0,0.0,0.0,0.0,0.0,0.0,0.0,0.0,0.0,0.0,0.0,0.0,0.0,0.0,2.0,0.0,0.0,1.0,3.0,3.0,9.0,18.0,9.0,14.0,6.0,0.0,0.0,0.0,0.0,0.0,0.0,0.0,0.0,0.0,0.0,0.0,0.0,0.0,0.0,0.0,0.0,0.0,0.0,0.0,0.0,0.0,0.0,0.0,3.0,0.0,0.0,1.0,5.0,5.0,10.0,25.0,12.0,18.0,10.0
110,1.0,110.0,London_60,,151,453,1092.0,70.0,2.0,152661.0,1.6513114299159497,790.0,120.0,2.0,118.0,225.0,16.0,209.0,105.0,254.0,85.0,15.0,58.0,16.0,23.0,0.0,2.0,4.0,86.0,141.0,222.0,28.0,0.0,0.0,0.0,0.0,0.0,0.0,0.0,0.0,0.0,0.0,0.0,0.0,0.0,0.0,0.0,0.0,0.0,0.0,0.0,0.0,0.0,0.0,0.0,0.0,0.0,0.0,0.0,0.0,0.0,1.0,1.0,0.0,1.0,0.0,1.0,2.0,0.0,0.0,0.0,0.0,3.0,7.0,1.0,1.0,6.0,0.0,16.0,2.0,7.0,11.0,28.0,33.0,19.0,11.0,0.0,0.0,0.0,0.0,0.0,0.0,0.0,0.0,0.0,2.0,4.0,0.0,5.0,0.0,6.0,8.0,0.0,0.0,0.0,0.0,3.0,7.0,1.0,2.0,7.0,0.0,24.0,4.0,12.0,16.0,43.0,48.0,25.0,17.0
111,1.0,111.0,London_60,,151,453,1092.0,70.0,2.0,131823.0,0.8681467350106686,744.0,49.0,2.0,47.0,102.0,19.0,83.0,225.0,250.0,84.0,20.0,63.0,10.0,23.0,0.0,3.0,2.0,81.0,153.0,217.0,27.0,0.0,0.0,0.0,0.0,0.0,0.0,0.0,0.0,0.0,0.0,0.0,0.0,0.0,0.0,0.0,0.0,0.0,0.0,0.0,0.0,0.0,0.0,0.0,0.0,0.0,0.0,0.0,0.0,0.0,1.0,0.0,0.0,0.0,0.0,1.0,1.0,0.0,0.0,0.0,0.0,1.0,0.0,0.0,2.0,0.0,0.0,1.0,2.0,0.0,4.0,6.0,11.0,12.0,4.0,0.0,0.0,0.0,0.0,0.0,0.0,0.0,0.0,0.0,6.0,0.0,0.0,0.0,0.0,7.0,5.0,0.0,0.0,0.0,0.0,2.0,0.0,0.0,4.0,0.0,0.0,1.0,3.0,0.0,5.0,12.0,15.0,18.0,6.0
112,1.0,112.0,London_60,,151,453,1092.0,70.0,2.0,149037.0,0.6235503328498453,782.0,28.0,2.0,26.0,62.0,16.0,46.0,102.0,262.0,98.0,12.0,57.0,5.0,18.0,0.0,1.0,3.0,77.0,160.0,213.0,28.0,0.0,0.0,0.0,0.0,0.0,0.0,0.0,0.0,0.0,0.0,0.0,0.0,0.0,0.0,0.0,0.0,0.0,0.0,0.0,0.0,0.0,0.0,0.0,0.0,0.0,0.0,0.0,0.0,0.0,1.0,0.0,0.0,0.0,1.0,1.0,1.0,0.0,0.0,0.0,0.0,0.0,0.0,0.0,0.0,0.0,0.0,2.0,3.0,0.0,2.0,6.0,7.0,2.0,1.0,0.0,0.0,0.0,0.0,0.0,0.0,0.0,0.0,0.0,1.0,0.0,0.0,0.0,6.0,8.0,1.0,0.0,0.0,0.0,0.0,0.0,0.0,0.0,0.0,0.0,0.0,3.0,5.0,0.0,2.0,10.0,11.0,2.0,2.0
113,1.0,113.0,London_60,,151,453,1092.0,70.0,2.0,177576.0,0.8031665950547904,845.0,104.0,0.0,104.0,179.0,0.0,179.0,62.0,262.0,100.0,14.0,56.0,2.0,16.0,1.0,2.0,1.0,76.0,159.0,217.0,25.0,0.0,0.0,0.0,0.0,0.0,0.0,0.0,0.0,0.0,0.0,0.0,0.0,0.0,0.0,0.0,0.0,0.0,0.0,0.0,0.0,0.0,0.0,0.0,0.0,0.0,0.0,0.0,0.0,0.0,0.0,0.0,0.0,0.0,0.0,0.0,0.0,0.0,0.0,0.0,0.0,7.0,1.0,3.0,0.0,1.0,0.0,9.0,7.0,4.0,7.0,24.0,22.0,20.0,7.0,0.0,0.0,0.0,0.0,0.0,0.0,0.0,0.0,0.0,0.0,0.0,0.0,0.0,0.0,0.0,0.0,0.0,0.0,0.0,0.0,10.0,1.0,4.0,0.0,1.0,0.0,13.0,9.0,5.0,8.0,44.0,31.0,27.0,13.0
114,1.0,114.0,London_60,,151,453,1092.0,70.0,2.0,173046.0,0.7990010459907353,835.0,113.0,2.0,111.0,197.0,18.0,179.0,179.0,278.0,85.0,10.0,58.0,3.0,17.0,0.0,2.0,5.0,78.0,147.0,223.0,21.0,0.0,0.0,0.0,0.0,0.0,0.0,0.0,0.0,0.0,0.0,0.0,0.0,0.0,0.0,0.0,0.0,0.0,0.0,0.0,0.0,0.0,0.0,0.0,0.0,0.0,0.0,0.0,0.0,0.0,0.0,0.0,0.0,0.0,0.0,0.0,1.0,0.0,0.0,0.0,0.0,2.0,0.0,3.0,2.0,2.0,1.0,10.0,11.0,2.0,11.0,14.0,24.0,22.0,10.0,0.0,0.0,0.0,0.0,0.0,0.0,0.0,0.0,0.0,0.0,0.0,0.0,0.0,0.0,0.0,1.0,0.0,0.0,0.0,0.0,2.0,0.0,3.0,2.0,2.0,1.0,13.0,17.0,3.0,12.0,18.0,34.0,26.0,15.0
115,1.0,115.0,London_60,,151,453,1092.0,70.0,2.0,166704.0,1.5821102589834481,821.0,112.0,0.0,112.0,179.0,0.0,179.0,197.0,268.0,82.0,15.0,65.0,7.0,14.0,1.0,1.0,5.0,73.0,154.0,221.0,21.0,0.0,0.0,0.0,0.0,0.0,0.0,0.0,0.0,0.0,0.0,0.0,0.0,0.0,0.0,0.0,0.0,0.0,0.0,0.0,0.0,0.0,0.0,0.0,0.0,0.0,0.0,0.0,0.0,0.0,0.0,0.0,0.0,0.0,0.0,0.0,0.0,0.0,0.0,0.0,0.0,0.0,1.0,0.0,0.0,6.0,0.0,3.0,4.0,14.0,5.0,23.0,31.0,27.0,9.0,0.0,0.0,0.0,0.0,0.0,0.0,0.0,0.0,0.0,0.0,0.0,0.0,0.0,0.0,0.0,0.0,0.0,0.0,0.0,0.0,0.0,1.0,0.0,0.0,6.0,0.0,3.0,6.0,19.0,7.0,35.0,41.0,38.0,13.0
116,1.0,116.0,London_60,,151,453,1092.0,70.0,2.0,153114.0,1.6954385240096599,791.0,65.0,0.0,65.0,111.0,0.0,111.0,179.0,278.0,93.0,9.0,56.0,4.0,5.0,3.0,5.0,6.0,65.0,150.0,232.0,22.0,0.0,0.0,0.0,0.0,0.0,0.0,0.0,0.0,0.0,0.0,0.0,0.0,0.0,0.0,0.0,0.0,0.0,0.0,0.0,0.0,0.0,0.0,0.0,0.0,0.0,0.0,0.0,0.0,0.0,0.0,0.0,0.0,0.0,0.0,0.0,0.0,0.0,0.0,0.0,0.0,0.0,0.0,0.0,2.0,1.0,0.0,6.0,4.0,1.0,3.0,12.0,12.0,9.0,3.0,0.0,0.0,0.0,0.0,0.0,0.0,0.0,0.0,0.0,0.0,0.0,0.0,0.0,0.0,0.0,0.0,0.0,0.0,0.0,0.0,0.0,0.0,0.0,3.0,1.0,0.0,7.0,5.0,2.0,4.0,15.0,16.0,11.0,3.0
117,1.0,117.0,London_60,,151,453,1092.0,70.0,2.0,166251.0,1.0659337169490755,820.0,70.0,1.0,69.0,128.0,9.0,119.0,111.0,282.0,92.0,6.0,45.0,7.0,14.0,2.0,5.0,4.0,70.0,138.0,241.0,19.0,0.0,0.0,0.0,0.0,0.0,0.0,0.0,0.0,0.0,0.0,0.0,0.0,0.0,0.0,0.0,0.0,0.0,0.0,0.0,0.0,0.0,0.0,0.0,0.0,0.0,0.0,0.0,0.0,0.0,0.0,0.0,0.0,0.0,0.0,0.0,1.0,0.0,0.0,0.0,0.0,2.0,2.0,2.0,1.0,2.0,0.0,14.0,6.0,4.0,8.0,12.0,16.0,16.0,5.0,0.0,0.0,0.0,0.0,0.0,0.0,0.0,0.0,0.0,0.0,0.0,0.0,0.0,0.0,0.0,3.0,0.0,0.0,0.0,0.0,2.0,2.0,2.0,2.0,2.0,0.0,22.0,9.0,5.0,11.0,17.0,23.0,18.0,6.0
118,1.0,118.0,London_60,,151,453,1092.0,70.0,2.0,175311.0,0.791344546014443,840.0,109.0,2.0,107.0,203.0,17.0,186.0,128.0,289.0,94.0,5.0,32.0,9.0,21.0,0.0,3.0,5.0,75.0,141.0,232.0,19.0,0.0,0.0,0.0,0.0,0.0,0.0,0.0,0.0,0.0,0.0,0.0,0.0,0.0,0.0,0.0,0.0,0.0,0.0,0.0,0.0,0.0,0.0,0.0,0.0,0.0,0.0,0.0,0.0,0.0,0.0,0.0,0.0,0.0,1.0,0.0,0.0,0.0,0.0,0.0,0.0,2.0,0.0,0.0,2.0,1.0,0.0,11.0,11.0,5.0,10.0,17.0,25.0,24.0,7.0,0.0,0.0,0.0,0.0,0.0,0.0,0.0,0.0,0.0,0.0,0.0,0.0,0.0,9.0,0.0,0.0,0.0,0.0,0.0,0.0,2.0,0.0,0.0,3.0,1.0,0.0,13.0,12.0,5.0,12.0,25.0,42.0,28.0,9.0
119,1.0,119.0,London_60,,151,453,1092.0,70.0,2.0,160815.0,1.3530379449948668,808.0,77.0,1.0,76.0,154.0,10.0,144.0,203.0,284.0,79.0,16.0,51.0,3.0,17.0,1.0,2.0,7.0,76.0,143.0,227.0,26.0,0.0,0.0,0.0,0.0,0.0,0.0,0.0,0.0,0.0,0.0,0.0,0.0,0.0,0.0,0.0,0.0,0.0,0.0,0.0,0.0,0.0,0.0,0.0,0.0,0.0,0.0,0.0,0.0,0.0,0.0,0.0,0.0,0.0,0.0,0.0,1.0,0.0,0.0,0.0,0.0,1.0,4.0,2.0,1.0,1.0,0.0,16.0,1.0,9.0,9.0,18.0,17.0,17.0,4.0,0.0,0.0,0.0,0.0,0.0,0.0,0.0,0.0,0.0,0.0,0.0,0.0,0.0,0.0,0.0,4.0,0.0,0.0,0.0,0.0,1.0,5.0,3.0,2.0,1.0,0.0,26.0,3.0,14.0,10.0,30.0,25.0,29.0,8.0
120,1.0,120.0,London_60,,151,453,1092.0,70.0,2.0,168969.0,1.195403824094683,826.0,93.0,0.0,93.0,163.0,0.0,163.0,154.0,300.0,77.0,13.0,50.0,5.0,5.0,1.0,2.0,3.0,78.0,143.0,229.0,16.0,0.0,0.0,0.0,0.0,0.0,0.0,0.0,0.0,0.0,0.0,0.0,0.0,0.0,0.0,0.0,0.0,0.0,0.0,0.0,0.0,0.0,0.0,0.0,0.0,0.0,0.0,0.0,0.0,0.0,0.0,0.0,0.0,0.0,0.0,0.0,0.0,0.0,0.0,0.0,0.0,3.0,0.0,0.0,4.0,2.0,0.0,6.0,6.0,7.0,7.0,22.0,17.0,10.0,5.0,0.0,0.0,0.0,0.0,0.0,0.0,0.0,0.0,0.0,0.0,0.0,0.0,0.0,0.0,0.0,0.0,0.0,0.0,0.0,0.0,3.0,0.0,0.0,6.0,2.0,0.0,7.0,8.0,12.0,10.0,34.0,31.0,15.0,8.0
121,1.0,121.0,London_60,,151,453,1092.0,70.0,2.0,162174.0,0.9280193580780178,811.0,167.0,2.0,165.0,299.0,17.0,282.0,163.0,310.0,62.0,14.0,49.0,0.0,13.0,2.0,3.0,5.0,77.0,152.0,219.0,19.0,0.0,0.0,0.0,0.0,0.0,0.0,0.0,0.0,0.0,0.0,0.0,0.0,0.0,0.0,0.0,0.0,0.0,0.0,0.0,0.0,0.0,0.0,0.0,0.0,0.0,0.0,0.0,0.0,0.0,0.0,0.0,0.0,0.0,0.0,1.0,0.0,0.0,0.0,0.0,0.0,1.0,10.0,1.0,6.0,3.0,0.0,8.0,5.0,3.0,6.0,38.0,27.0,31.0,9.0,0.0,0.0,0.0,0.0,0.0,0.0,0.0,0.0,0.0,0.0,0.0,0.0,0.0,0.0,7.0,0.0,0.0,0.0,0.0,0.0,1.0,11.0,1.0,9.0,3.0,0.0,12.0,8.0,5.0,9.0,49.0,38.0,43.0,10.0
122,1.0,122.0,London_60,,151,453,1092.0,70.0,2.0,122763.0,0.6616538220550865,724.0,3.0,2.0,1.0,20.0,18.0,2.0,299.0,179.0,120.0,14.0,98.0,8.0,27.0,1.0,6.0,7.0,81.0,145.0,220.0,48.0,0.0,0.0,0.0,0.0,0.0,0.0,0.0,0.0,0.0,0.0,0.0,0.0,0.0,0.0,0.0,0.0,0.0,0.0,0.0,0.0,0.0,0.0,0.0,0.0,0.0,0.0,0.0,0.0,0.0,1.0,0.0,0.0,1.0,1.0,0.0,1.0,1.0,0.0,0.0,0.0,0.0,0.0,0.0,0.0,0.0,0.0,0.0,0.0,0.0,0.0,0.0,0.0,1.0,0.0,0.0,0.0,0.0,0.0,0.0,0.0,0.0,0.0,0.0,2.0,0.0,0.0,4.0,7.0,0.0,1.0,7.0,0.0,0.0,0.0,0.0,0.0,0.0,0.0,0.0,0.0,0.0,0.0,0.0,0.0,0.0,0.0,2.0,0.0
123,1.0,123.0,London_60,,151,453,1092.0,70.0,2.0,162174.0,0.5988868200220168,811.0,114.0,1.0,113.0,198.0,9.0,189.0,20.0,180.0,127.0,13.0,94.0,5.0,26.0,1.0,7.0,3.0,84.0,136.0,230.0,45.0,0.0,0.0,0.0,0.0,0.0,0.0,0.0,0.0,0.0,0.0,0.0,0.0,0.0,0.0,0.0,0.0,0.0,0.0,0.0,0.0,0.0,0.0,0.0,0.0,0.0,0.0,0.0,0.0,0.0,1.0,0.0,0.0,0.0,0.0,0.0,0.0,0.0,0.0,0.0,0.0,0.0,5.0,4.0,0.0,1.0,0.0,10.0,8.0,4.0,11.0,18.0,23.0,26.0,6.0,0.0,0.0,0.0,0.0,0.0,0.0,0.0,0.0,0.0,8.0,0.0,0.0,0.0,0.0,0.0,0.0,0.0,0.0,0.0,0.0,0.0,10.0,6.0,0.0,1.0,0.0,11.0,9.0,5.0,15.0,23.0,31.0,31.0,6.0
124,1.0,124.0,London_60,,151,453,1092.0,70.0,2.0,144507.0,0.5720320849213749,772.0,98.0,1.0,97.0,184.0,8.0,176.0,198.0,188.0,130.0,15.0,90.0,6.0,17.0,1.0,6.0,4.0,71.0,137.0,241.0,34.0,0.0,0.0,0.0,0.0,0.0,0.0,0.0,0.0,0.0,0.0,0.0,0.0,0.0,0.0,0.0,0.0,0.0,0.0,0.0,0.0,0.0,0.0,0.0,0.0,0.0,0.0,0.0,0.0,0.0,0.0,0.0,0.0,1.0,0.0,0.0,1.0,0.0,0.0,0.0,0.0,5.0,9.0,0.0,2.0,3.0,1.0,10.0,6.0,3.0,6.0,19.0,21.0,20.0,9.0,0.0,0.0,0.0,0.0,0.0,0.0,0.0,0.0,0.0,0.0,0.0,0.0,1.0,0.0,0.0,3.0,0.0,0.0,0.0,0.0,5.0,9.0,0.0,2.0,3.0,1.0,15.0,9.0,5.0,9.0,27.0,38.0,32.0,14.0
125,1.0,125.0,London_60,,151,453,1092.0,70.0,2.0,129105.0,0.5483542720321566,738.0,26.0,0.0,26.0,43.0,0.0,43.0,184.0,182.0,136.0,14.0,86.0,8.0,19.0,2.0,6.0,3.0,81.0,136.0,233.0,28.0,0.0,0.0,0.0,0.0,0.0,0.0,0.0,0.0,0.0,0.0,0.0,0.0,0.0,0.0,0.0,0.0,0.0,0.0,0.0,0.0,0.0,0.0,0.0,0.0,0.0,0.0,0.0,0.0,0.0,0.0,0.0,0.0,0.0,0.0,0.0,0.0,0.0,0.0,0.0,0.0,0.0,0.0,0.0,1.0,0.0,1.0,4.0,0.0,0.0,3.0,4.0,8.0,5.0,1.0,0.0,0.0,0.0,0.0,0.0,0.0,0.0,0.0,0.0,0.0,0.0,0.0,0.0,0.0,0.0,0.0,0.0,0.0,0.0,0.0,0.0,0.0,0.0,2.0,0.0,1.0,5.0,0.0,0.0,3.0,8.0,11.0,6.0,1.0
126,1.0,126.0,London_60,,151,453,1092.0,70.0,2.0,158097.0,1.3434324578847736,802.0,120.0,0.0,120.0,199.0,0.0,199.0,43.0,179.0,141.0,14.0,87.0,8.0,18.0,2.0,4.0,4.0,80.0,143.0,226.0,34.0,0.0,0.0,0.0,0.0,0.0,0.0,0.0,0.0,0.0,0.0,0.0,0.0,0.0,0.0,0.0,0.0,0.0,0.0,0.0,0.0,0.0,0.0,0.0,0.0,0.0,0.0,0.0,0.0,0.0,0.0,0.0,0.0,0.0,0.0,0.0,0.0,0.0,0.0,0.0,0.0,9.0,1.0,0.0,1.0,0.0,1.0,14.0,11.0,15.0,11.0,23.0,25.0,23.0,4.0,0.0,0.0,0.0,0.0,0.0,0.0,0.0,0.0,0.0,0.0,0.0,0.0,0.0,0.0,0.0,0.0,0.0,0.0,0.0,0.0,13.0,1.0,0.0,1.0,0.0,2.0,16.0,12.0,23.0,12.0,34.0,36.0,30.0,7.0
127,1.0,127.0,London_60,,151,453,1092.0,70.0,2.0,136806.0,1.0551721430383623,755.0,72.0,1.0,71.0,130.0,7.0,123.0,199.0,195.0,143.0,16.0,61.0,10.0,20.0,2.0,6.0,4.0,78.0,153.0,218.0,33.0,0.0,0.0,0.0,0.0,0.0,0.0,0.0,0.0,0.0,0.0,0.0,0.0,0.0,0.0,0.0,0.0,0.0,0.0,0.0,0.0,0.0,0.0,0.0,0.0,0.0,0.0,0.0,0.0,0.0,0.0,0.0,0.0,0.0,0.0,1.0,1.0,0.0,0.0,0.0,0.0,0.0,0.0,0.0,0.0,0.0,0.0,10.0,3.0,1.0,5.0,9.0,15.0,11.0,7.0,0.0,0.0,0.0,0.0,0.0,0.0,0.0,0.0,0.0,0.0,0.0,0.0,0.0,0.0,5.0,5.0,0.0,0.0,0.0,0.0,0.0,0.0,0.0,0.0,0.0,0.0,15.0,3.0,1.0,13.0,19.0,24.0,17.0,11.0
128,1.0,128.0,London_60,,151,453,1092.0,70.0,2.0,134541.0,2.4982274880167097,750.0,96.0,1.0,95.0,188.0,9.0,179.0,130.0,212.0,154.0,18.0,45.0,10.0,9.0,1.0,4.0,9.0,71.0,155.0,218.0,35.0,0.0,0.0,0.0,0.0,0.0,0.0,0.0,0.0,0.0,0.0,0.0,0.0,0.0,0.0,0.0,0.0,0.0,0.0,0.0,0.0,0.0,0.0,0.0,0.0,0.0,0.0,0.0,0.0,0.0,0.0,0.0,0.0,0.0,0.0,0.0,0.0,0.0,0.0,0.0,0.0,6.0,6.0,0.0,3.0,3.0,0.0,7.0,3.0,5.0,7.0,24.0,21.0,22.0,7.0,0.0,0.0,0.0,0.0,0.0,0.0,0.0,0.0,0.0,0.0,0.0,0.0,0.0,0.0,0.0,0.0,0.0,0.0,0.0,0.0,7.0,11.0,0.0,5.0,3.0,0.0,8.0,4.0,6.0,7.0,42.0,29.0,27.0,9.0
129,1.0,129.0,London_60,,151,453,1092.0,70.0,2.0,123216.0,0.6311809050384909,725.0,10.0,2.0,8.0,31.0,19.0,12.0,188.0,224.0,126.0,15.0,55.0,5.0,18.0,2.0,8.0,7.0,71.0,152.0,223.0,29.0,0.0,0.0,0.0,0.0,0.0,0.0,0.0,0.0,0.0,0.0,0.0,0.0,0.0,0.0,0.0,0.0,0.0,0.0,0.0,0.0,0.0,0.0,0.0,0.0,0.0,0.0,0.0,0.0,0.0,0.0,0.0,0.0,0.0,1.0,1.0,0.0,0.0,0.0,0.0,0.0,0.0,0.0,0.0,1.0,0.0,0.0,0.0,1.0,0.0,1.0,3.0,2.0,2.0,0.0,0.0,0.0,0.0,0.0,0.0,0.0,0.0,0.0,0.0,0.0,0.0,0.0,0.0,8.0,5.0,0.0,0.0,0.0,0.0,0.0,0.0,0.0,0.0,1.0,0.0,0.0,0.0,2.0,0.0,1.0,5.0,3.0,2.0,0.0
130,1.0,130.0,London_60,,151,453,1092.0,70.0,2.0,164892.0,0.6971474569290876,817.0,114.0,2.0,112.0,216.0,20.0,196.0,31.0,227.0,126.0,14.0,52.0,5.0,19.0,2.0,8.0,6.0,75.0,145.0,227.0,24.0,0.0,0.0,0.0,0.0,0.0,0.0,0.0,0.0,0.0,0.0,0.0,0.0,0.0,0.0,0.0,0.0,0.0,0.0,0.0,0.0,0.0,0.0,0.0,0.0,0.0,0.0,0.0,0.0,0.0,1.0,0.0,0.0,0.0,1.0,0.0,0.0,0.0,0.0,0.0,0.0,4.0,14.0,6.0,0.0,6.0,0.0,16.0,13.0,7.0,12.0,20.0,25.0,20.0,7.0,0.0,0.0,0.0,0.0,0.0,0.0,0.0,0.0,0.0,1.0,0.0,0.0,0.0,8.0,0.0,0.0,0.0,0.0,0.0,0.0,4.0,21.0,6.0,0.0,6.0,0.0,22.0,17.0,14.0,17.0,33.0,37.0,24.0,10.0
131,1.0,131.0,London_60,,151,453,1092.0,70.0,2.0,154020.0,0.5744517571292818,793.0,68.0,1.0,67.0,122.0,8.0,114.0,216.0,244.0,107.0,10.0,59.0,9.0,18.0,1.0,5.0,15.0,80.0,146.0,212.0,42.0,0.0,0.0,0.0,0.0,0.0,0.0,0.0,0.0,0.0,0.0,0.0,0.0,0.0,0.0,0.0,0.0,0.0,0.0,0.0,0.0,0.0,0.0,0.0,0.0,0.0,0.0,0.0,0.0,0.0,0.0,0.0,0.0,0.0,1.0,0.0,1.0,0.0,0.0,0.0,0.0,0.0,1.0,0.0,1.0,0.0,0.0,2.0,3.0,6.0,2.0,8.0,20.0,11.0,9.0,0.0,0.0,0.0,0.0,0.0,0.0,0.0,0.0,0.0,0.0,0.0,0.0,0.0,4.0,0.0,2.0,0.0,0.0,0.0,0.0,0.0,2.0,0.0,1.0,0.0,0.0,2.0,4.0,8.0,3.0,13.0,28.0,13.0,16.0
132,1.0,132.0,London_60,,151,453,1092.0,70.0,2.0,172140.0,2.829963529948145,833.0,102.0,0.0,102.0,176.0,0.0,176.0,122.0,250.0,104.0,5.0,61.0,9.0,17.0,1.0,6.0,6.0,84.0,143.0,220.0,27.0,0.0,0.0,0.0,0.0,0.0,0.0,0.0,0.0,0.0,0.0,0.0,0.0,0.0,0.0,0.0,0.0,0.0,0.0,0.0,0.0,0.0,0.0,0.0,0.0,0.0,0.0,0.0,0.0,0.0,0.0,0.0,0.0,0.0,0.0,0.0,0.0,0.0,0.0,0.0,0.0,4.0,5.0,4.0,1.0,1.0,1.0,14.0,7.0,13.0,8.0,15.0,16.0,36.0,3.0,0.0,0.0,0.0,0.0,0.0,0.0,0.0,0.0,0.0,0.0,0.0,0.0,0.0,0.0,0.0,0.0,0.0,0.0,0.0,0.0,4.0,8.0,5.0,2.0,1.0,3.0,18.0,8.0,17.0,12.0,26.0,20.0,50.0,5.0
133,1.0,133.0,London_60,,151,453,1092.0,70.0,2.0,161721.0,1.8968336679972708,810.0,129.0,2.0,127.0,239.0,19.0,220.0,176.0,257.0,101.0,15.0,53.0,8.0,13.0,1.0,5.0,7.0,79.0,158.0,209.0,29.0,0.0,0.0,0.0,0.0,0.0,0.0,0.0,0.0,0.0,0.0,0.0,0.0,0.0,0.0,0.0,0.0,0.0,0.0,0.0,0.0,0.0,0.0,0.0,0.0,0.0,0.0,0.0,0.0,0.0,0.0,0.0,0.0,0.0,0.0,1.0,2.0,0.0,0.0,0.0,0.0,6.0,13.0,3.0,0.0,1.0,0.0,8.0,3.0,11.0,7.0,17.0,32.0,16.0,7.0,0.0,0.0,0.0,0.0,0.0,0.0,0.0,0.0,0.0,0.0,0.0,0.0,0.0,0.0,8.0,7.0,0.0,0.0,0.0,0.0,8.0,24.0,3.0,0.0,1.0,0.0,10.0,4.0,15.0,12.0,25.0,48.0,22.0,10.0
134,1.0,134.0,London_60,,151,453,1092.0,70.0,2.0,143148.0,2.080857089953497,769.0,36.0,0.0,36.0,68.0,0.0,68.0,239.0,241.0,83.0,13.0,77.0,7.0,27.0,1.0,4.0,7.0,64.0,145.0,237.0,29.0,0.0,0.0,0.0,0.0,0.0,0.0,0.0,0.0,0.0,0.0,0.0,0.0,0.0,0.0,0.0,0.0,0.0,0.0,0.0,0.0,0.0,0.0,0.0,0.0,0.0,0.0,0.0,0.0,0.0,0.0,0.0,0.0,0.0,0.0,0.0,0.0,0.0,0.0,0.0,0.0,1.0,0.0,0.0,0.0,0.0,0.0,5.0,2.0,1.0,3.0,6.0,10.0,4.0,1.0,0.0,0.0,0.0,0.0,0.0,0.0,0.0,0.0,0.0,0.0,0.0,0.0,0.0,0.0,0.0,0.0,0.0,0.0,0.0,0.0,2.0,0.0,0.0,0.0,0.0,0.0,5.0,2.0,1.0,3.0,9.0,16.0,6.0,2.0
135,1.0,135.0,London_60,,151,453,1092.0,70.0,2.0,170328.0,2.0936582339927554,829.0,98.0,2.0,96.0,198.0,18.0,180.0,68.0,250.0,93.0,11.0,68.0,8.0,23.0,0.0,0.0,4.0,63.0,149.0,237.0,29.0,0.0,0.0,0.0,0.0,0.0,0.0,0.0,0.0,0.0,0.0,0.0,0.0,0.0,0.0,0.0,0.0,0.0,0.0,0.0,0.0,0.0,0.0,0.0,0.0,0.0,0.0,0.0,0.0,0.0,0.0,0.0,0.0,0.0,1.0,0.0,2.0,0.0,0.0,0.0,0.0,1.0,0.0,2.0,0.0,3.0,0.0,16.0,5.0,4.0,8.0,15.0,17.0,17.0,14.0,0.0,0.0,0.0,0.0,0.0,0.0,0.0,0.0,0.0,0.0,0.0,0.0,0.0,6.0,0.0,8.0,0.0,0.0,0.0,0.0,1.0,0.0,5.0,0.0,3.0,0.0,28.0,6.0,6.0,10.0,24.0,23.0,25.0,23.0
136,1.0,136.0,London_60,,151,453,1092.0,70.0,2.0,158550.0,1.635135151911527,803.0,174.0,0.0,174.0,304.0,0.0,304.0,198.0,256.0,88.0,15.0,63.0,3.0,24.0,0.0,4.0,5.0,77.0,149.0,222.0,19.0,0.0,0.0,0.0,0.0,0.0,0.0,0.0,0.0,0.0,0.0,0.0,0.0,0.0,0.0,0.0,0.0,0.0,0.0,0.0,0.0,0.0,0.0,0.0,0.0,0.0,0.0,0.0,0.0,0.0,0.0,0.0,0.0,0.0,0.0,0.0,0.0,0.0,0.0,0.0,0.0,0.0,13.0,0.0,4.0,0.0,1.0,5.0,7.0,4.0,7.0,26.0,44.0,21.0,19.0,0.0,0.0,0.0,0.0,0.0,0.0,0.0,0.0,0.0,0.0,0.0,0.0,0.0,0.0,0.0,0.0,0.0,0.0,0.0,0.0,0.0,23.0,0.0,4.0,0.0,3.0,7.0,9.0,4.0,9.0,41.0,59.0,31.0,27.0
137,1.0,137.0,London_60,,151,453,1092.0,70.0,2.0,107814.0,0.5404499440919608,691.0,19.0,0.0,19.0,35.0,0.0,35.0,304.0,187.0,135.0,27.0,77.0,2.0,22.0,0.0,3.0,4.0,95.0,144.0,210.0,26.0,0.0,0.0,0.0,0.0,0.0,0.0,0.0,0.0,0.0,0.0,0.0,0.0,0.0,0.0,0.0,0.0,0.0,0.0,0.0,0.0,0.0,0.0,0.0,0.0,0.0,0.0,0.0,0.0,0.0,0.0,0.0,0.0,0.0,0.0,0.0,0.0,0.0,0.0,0.0,0.0,0.0,0.0,0.0,1.0,0.0,0.0,2.0,0.0,0.0,1.0,4.0,7.0,1.0,3.0,0.0,0.0,0.0,0.0,0.0,0.0,0.0,0.0,0.0,0.0,0.0,0.0,0.0,0.0,0.0,0.0,0.0,0.0,0.0,0.0,0.0,0.0,0.0,3.0,0.0,0.0,2.0,0.0,0.0,2.0,5.0,12.0,1.0,5.0
138,1.0,138.0,London_60,,151,453,1092.0,70.0,2.0,143601.0,0.7891401259694248,770.0,70.0,0.0,70.0,119.0,0.0,119.0,35.0,190.0,134.0,27.0,78.0,3.0,21.0,0.0,0.0,4.0,95.0,139.0,215.0,27.0,0.0,0.0,0.0,0.0,0.0,0.0,0.0,0.0,0.0,0.0,0.0,0.0,0.0,0.0,0.0,0.0,0.0,0.0,0.0,0.0,0.0,0.0,0.0,0.0,0.0,0.0,0.0,0.0,0.0,0.0,0.0,0.0,0.0,0.0,0.0,0.0,0.0,0.0,0.0,0.0,1.0,2.0,0.0,2.0,0.0,0.0,4.0,5.0,1.0,8.0,8.0,20.0,7.0,9.0,0.0,0.0,0.0,0.0,0.0,0.0,0.0,0.0,0.0,0.0,0.0,0.0,0.0,0.0,0.0,0.0,0.0,0.0,0.0,0.0,1.0,3.0,0.0,2.0,0.0,0.0,9.0,6.0,1.0,10.0,13.0,30.0,8.0,14.0
139,1.0,139.0,London_60,,151,453,1092.0,70.0,2.0,147678.0,1.1064653128851205,779.0,42.0,2.0,40.0,96.0,22.0,74.0,119.0,198.0,143.0,20.0,61.0,4.0,26.0,1.0,0.0,4.0,81.0,144.0,224.0,37.0,0.0,0.0,0.0,0.0,0.0,0.0,0.0,0.0,0.0,1.0,0.0,1.0,0.0,0.0,0.0,0.0,0.0,0.0,1.0,0.0,0.0,0.0,0.0,0.0,0.0,0.0,0.0,0.0,0.0,1.0,0.0,0.0,1.0,0.0,1.0,1.0,0.0,0.0,0.0,0.0,2.0,0.0,0.0,1.0,0.0,0.0,4.0,1.0,0.0,4.0,12.0,10.0,12.0,3.0,0.0,0.0,0.0,0.0,0.0,0.0,0.0,0.0,0.0,2.0,0.0,0.0,1.0,0.0,1.0,7.0,0.0,0.0,0.0,0.0,4.0,0.0,0.0,2.0,0.0,0.0,4.0,1.0,0.0,6.0,16.0,16.0,15.0,3.0
140,1.0,140.0,London_60,,151,453,1092.0,70.0,2.0,170781.0,0.7531121461652219,830.0,95.0,2.0,93.0,188.0,18.0,170.0,88.0,196.0,145.0,25.0,54.0,5.0,24.0,3.0,1.0,5.0,87.0,127.0,234.0,43.0,0.0,0.0,0.0,0.0,0.0,0.0,0.0,0.0,0.0,0.0,0.0,0.0,0.0,0.0,0.0,0.0,0.0,0.0,0.0,0.0,0.0,0.0,0.0,0.0,0.0,0.0,0.0,0.0,0.0,2.0,0.0,0.0,2.0,0.0,2.0,0.0,1.0,0.0,0.0,0.0,0.0,10.0,8.0,2.0,1.0,0.0,11.0,10.0,4.0,4.0,12.0,26.0,25.0,6.0,0.0,0.0,0.0,0.0,0.0,0.0,0.0,0.0,0.0,5.0,0.0,0.0,11.0,0.0,13.0,0.0,5.0,0.0,0.0,0.0,0.0,21.0,11.0,3.0,1.0,0.0,16.0,14.0,4.0,6.0,21.0,39.0,30.0,9.0
141,1.0,141.0,London_60,,151,453,1092.0,70.0,2.0,167157.0,0.7031005281023681,822.0,141.0,2.0,139.0,252.0,17.0,235.0,188.0,211.0,126.0,27.0,50.0,5.0,25.0,1.0,8.0,2.0,88.0,119.0,244.0,33.0,0.0,0.0,0.0,0.0,0.0,0.0,0.0,0.0,0.0,0.0,0.0,0.0,0.0,0.0,0.0,0.0,0.0,0.0,0.0,0.0,0.0,0.0,0.0,0.0,0.0,0.0,0.0,0.0,0.0,2.0,0.0,0.0,1.0,0.0,0.0,2.0,0.0,0.0,0.0,0.0,2.0,6.0,3.0,0.0,0.0,1.0,14.0,6.0,13.0,10.0,30.0,27.0,23.0,11.0,0.0,0.0,0.0,0.0,0.0,0.0,0.0,0.0,0.0,5.0,0.0,0.0,2.0,0.0,0.0,10.0,0.0,0.0,0.0,0.0,3.0,7.0,4.0,0.0,0.0,2.0,18.0,14.0,20.0,11.0,42.0,40.0,32.0,18.0
142,1.0,142.0,London_60,,151,453,1092.0,70.0,2.0,134994.0,0.5326439989730716,751.0,27.0,1.0,26.0,62.0,12.0,50.0,252.0,221.0,102.0,23.0,66.0,6.0,27.0,2.0,6.0,6.0,91.0,137.0,219.0,32.0,0.0,0.0,0.0,0.0,0.0,0.0,0.0,0.0,0.0,0.0,0.0,0.0,0.0,0.0,0.0,0.0,0.0,0.0,0.0,0.0,0.0,0.0,0.0,0.0,0.0,0.0,0.0,0.0,0.0,0.0,1.0,0.0,1.0,0.0,0.0,1.0,0.0,0.0,0.0,0.0,0.0,0.0,0.0,2.0,0.0,0.0,0.0,1.0,0.0,4.0,1.0,8.0,4.0,3.0,0.0,0.0,0.0,0.0,0.0,0.0,0.0,0.0,0.0,0.0,10.0,0.0,4.0,0.0,0.0,4.0,0.0,0.0,0.0,0.0,0.0,0.0,0.0,6.0,0.0,0.0,0.0,1.0,0.0,6.0,1.0,18.0,5.0,7.0
143,1.0,143.0,London_60,,151,453,1092.0,70.0,2.0,164892.0,0.8552794710267335,817.0,107.0,0.0,107.0,193.0,0.0,193.0,62.0,229.0,109.0,27.0,57.0,3.0,23.0,0.0,5.0,5.0,95.0,135.0,218.0,34.0,0.0,0.0,0.0,0.0,0.0,0.0,0.0,0.0,0.0,0.0,0.0,0.0,0.0,0.0,0.0,0.0,0.0,0.0,0.0,0.0,0.0,0.0,0.0,0.0,0.0,0.0,0.0,0.0,0.0,0.0,0.0,0.0,0.0,0.0,0.0,0.0,0.0,0.0,0.0,0.0,2.0,13.0,1.0,0.0,1.0,1.0,6.0,8.0,13.0,14.0,13.0,35.0,19.0,6.0,0.0,0.0,0.0,0.0,0.0,0.0,0.0,0.0,0.0,0.0,0.0,0.0,0.0,0.0,0.0,0.0,0.0,0.0,0.0,0.0,2.0,18.0,1.0,0.0,1.0,2.0,6.0,11.0,16.0,21.0,18.0,57.0,21.0,11.0
144,1.0,144.0,London_60,,151,453,1092.0,70.0,2.0,155379.0,1.4453404871746898,796.0,116.0,0.0,116.0,197.0,0.0,197.0,193.0,247.0,124.0,8.0,43.0,2.0,23.0,0.0,6.0,6.0,91.0,137.0,219.0,33.0,0.0,0.0,0.0,0.0,0.0,0.0,0.0,0.0,0.0,0.0,0.0,0.0,0.0,0.0,0.0,0.0,0.0,0.0,0.0,0.0,0.0,0.0,0.0,0.0,0.0,0.0,0.0,0.0,0.0,0.0,0.0,0.0,0.0,0.0,0.0,0.0,0.0,0.0,0.0,0.0,1.0,4.0,1.0,0.0,1.0,0.0,16.0,6.0,5.0,2.0,25.0,20.0,17.0,6.0,0.0,0.0,0.0,0.0,0.0,0.0,0.0,0.0,0.0,0.0,0.0,0.0,0.0,0.0,0.0,0.0,0.0,0.0,0.0,0.0,1.0,6.0,1.0,0.0,1.0,0.0,17.0,11.0,7.0,2.0,35.0,28.0,24.0,9.0
145,1.0,145.0,London_60,,151,453,1092.0,70.0,2.0,133635.0,1.3499748229514807,748.0,50.0,0.0,50.0,84.0,0.0,84.0,197.0,253.0,104.0,10.0,61.0,2.0,15.0,1.0,7.0,8.0,82.0,138.0,225.0,25.0,0.0,0.0,0.0,0.0,0.0,0.0,0.0,0.0,0.0,0.0,0.0,0.0,0.0,0.0,0.0,0.0,0.0,0.0,0.0,0.0,0.0,0.0,0.0,0.0,0.0,0.0,0.0,0.0,0.0,0.0,0.0,0.0,0.0,0.0,0.0,0.0,0.0,0.0,0.0,0.0,3.0,1.0,0.0,0.0,0.0,1.0,1.0,4.0,1.0,3.0,12.0,9.0,10.0,4.0,0.0,0.0,0.0,0.0,0.0,0.0,0.0,0.0,0.0,0.0,0.0,0.0,0.0,0.0,0.0,0.0,0.0,0.0,0.0,0.0,3.0,1.0,0.0,0.0,0.0,2.0,2.0,7.0,1.0,5.0,17.0,15.0,13.0,5.0
146,1.0,146.0,London_60,,151,453,1092.0,70.0,2.0,152208.0,0.6013632090762258,789.0,40.0,2.0,38.0,88.0,18.0,70.0,84.0,255.0,107.0,11.0,53.0,3.0,11.0,2.0,11.0,6.0,82.0,138.0,227.0,16.0,0.0,0.0,0.0,0.0,0.0,0.0,0.0,0.0,0.0,0.0,0.0,0.0,0.0,0.0,0.0,0.0,0.0,0.0,0.0,0.0,0.0,0.0,0.0,0.0,0.0,0.0,0.0,0.0,0.0,0.0,0.0,0.0,0.0,0.0,0.0,0.0,0.0,0.0,0.0,0.0,2.0,3.0,0.0,0.0,0.0,0.0,4.0,3.0,4.0,1.0,8.0,11.0,10.0,5.0,0.0,0.0,0.0,0.0,0.0,0.0,0.0,0.0,0.0,0.0,0.0,0.0,0.0,0.0,0.0,0.0,0.0,0.0,0.0,0.0,3.0,4.0,0.0,0.0,0.0,0.0,5.0,5.0,7.0,1.0,16.0,16.0,13.0,11.0
147,1.0,147.0,London_60,,151,453,1092.0,70.0,2.0,169422.0,1.5316111261490732,827.0,103.0,1.0,102.0,180.0,8.0,172.0,88.0,250.0,113.0,8.0,53.0,4.0,10.0,3.0,12.0,5.0,87.0,127.0,234.0,22.0,0.0,0.0,0.0,0.0,0.0,0.0,0.0,0.0,0.0,0.0,0.0,0.0,0.0,0.0,0.0,0.0,0.0,0.0,0.0,0.0,0.0,0.0,0.0,0.0,0.0,0.0,0.0,0.0,0.0,0.0,0.0,0.0,0.0,0.0,0.0,1.0,0.0,0.0,0.0,0.0,4.0,11.0,5.0,1.0,5.0,0.0,9.0,6.0,9.0,9.0,19.0,17.0,16.0,7.0,0.0,0.0,0.0,0.0,0.0,0.0,0.0,0.0,0.0,0.0,0.0,0.0,0.0,0.0,0.0,4.0,0.0,0.0,0.0,0.0,4.0,16.0,5.0,1.0,5.0,0.0,15.0,10.0,11.0,12.0,30.0,28.0,23.0,8.0
148,1.0,148.0,London_60,,151,453,1092.0,70.0,2.0,159909.0,0.7750644960906357,806.0,89.0,0.0,89.0,156.0,0.0,156.0,180.0,249.0,116.0,10.0,48.0,2.0,18.0,3.0,7.0,4.0,90.0,135.0,224.0,28.0,0.0,0.0,0.0,0.0,0.0,0.0,0.0,0.0,0.0,0.0,0.0,0.0,0.0,0.0,0.0,0.0,0.0,0.0,0.0,0.0,0.0,0.0,0.0,0.0,0.0,0.0,0.0,0.0,0.0,0.0,0.0,0.0,0.0,0.0,0.0,0.0,0.0,0.0,0.0,0.0,2.0,3.0,1.0,2.0,3.0,0.0,8.0,9.0,7.0,8.0,24.0,22.0,19.0,9.0,0.0,0.0,0.0,0.0,0.0,0.0,0.0,0.0,0.0,0.0,0.0,0.0,0.0,0.0,0.0,0.0,0.0,0.0,0.0,0.0,2.0,6.0,1.0,3.0,3.0,0.0,11.0,13.0,9.0,11.0,37.0,33.0,27.0,12.0
149,1.0,149.0,London_60,,151,453,1092.0,70.0,2.0,154926.0,0.6315833020489663,795.0,102.0,0.0,102.0,161.0,0.0,161.0,156.0,250.0,125.0,6.0,40.0,8.0,21.0,1.0,2.0,4.0,85.0,131.0,233.0,26.0,0.0,0.0,0.0,0.0,0.0,0.0,0.0,0.0,0.0,0.0,0.0,0.0,0.0,0.0,0.0,0.0,0.0,0.0,0.0,0.0,0.0,0.0,0.0,0.0,0.0,0.0,0.0,0.0,0.0,0.0,0.0,0.0,0.0,0.0,0.0,0.0,0.0,0.0,0.0,0.0,0.0,3.0,1.0,1.0,0.0,0.0,7.0,2.0,9.0,7.0,19.0,37.0,13.0,9.0,0.0,0.0,0.0,0.0,0.0,0.0,0.0,0.0,0.0,0.0,0.0,0.0,0.0,0.0,0.0,0.0,0.0,0.0,0.0,0.0,0.0,3.0,1.0,2.0,0.0,0.0,9.0,4.0,11.0,9.0,26.0,48.0,15.0,14.0
150,1.0,150.0,London_60,,151,453,1092.0,70.0,2.0,136353.0,0.9497697500046343,754.0,91.0,2.0,89.0,189.0,17.0,172.0,161.0,257.0,101.0,7.0,50.0,9.0,25.0,2.0,2.0,4.0,83.0,134.0,232.0,28.0,0.0,0.0,0.0,0.0,0.0,0.0,0.0,0.0,0.0,0.0,0.0,0.0,0.0,0.0,0.0,0.0,0.0,0.0,0.0,0.0,0.0,0.0,0.0,0.0,0.0,0.0,0.0,0.0,0.0,1.0,0.0,0.0,1.0,1.0,1.0,1.0,0.0,0.0,0.0,0.0,7.0,7.0,0.0,0.0,7.0,0.0,10.0,6.0,9.0,17.0,18.0,20.0,17.0,10.0,0.0,0.0,0.0,0.0,0.0,0.0,0.0,0.0,0.0,3.0,0.0,0.0,4.0,5.0,6.0,4.0,0.0,0.0,0.0,0.0,10.0,9.0,0.0,0.0,7.0,0.0,15.0,9.0,12.0,28.0,31.0,34.0,26.0,14.0
151,1.0,151.0,London_60,,151,453,1092.0,70.0,2.0,131370.0,0.9530443409457803,743.0,38.0,0.0,38.0,65.0,0.0,65.0,189.0,266.0,80.0,15.0,57.0,9.0,19.0,3.0,4.0,5.0,73.0,141.0,234.0,27.0,0.0,0.0,0.0,0.0,0.0,0.0,0.0,0.0,0.0,0.0,0.0,0.0,0.0,0.0,0.0,0.0,0.0,0.0,0.0,0.0,0.0,0.0,0.0,0.0,0.0,0.0,0.0,0.0,0.0,0.0,0.0,0.0,0.0,0.0,0.0,0.0,0.0,0.0,0.0,0.0,0.0,0.0,0.0,1.0,0.0,0.0,4.0,2.0,1.0,1.0,3.0,9.0,4.0,6.0,0.0,0.0,0.0,0.0,0.0,0.0,0.0,0.0,0.0,0.0,0.0,0.0,0.0,0.0,0.0,0.0,0.0,0.0,0.0,0.0,0.0,0.0,0.0,1.0,0.0,0.0,5.0,2.0,1.0,1.0,6.0,12.0,4.0,10.0
152,1.0,152.0,London_60,,151,453,1092.0,70.0,2.0,148131.0,2.8191953310742974,780.0,131.0,2.0,129.0,240.0,16.0,224.0,65.0,269.0,73.0,18.0,49.0,11.0,24.0,4.0,5.0,6.0,72.0,145.0,230.0,20.0,0.0,0.0,0.0,0.0,0.0,0.0,0.0,0.0,0.0,0.0,0.0,0.0,0.0,0.0,0.0,0.0,0.0,0.0,0.0,0.0,0.0,0.0,0.0,0.0,0.0,0.0,0.0,0.0,0.0,0.0,1.0,0.0,0.0,0.0,1.0,1.0,0.0,0.0,0.0,0.0,2.0,7.0,11.0,1.0,13.0,0.0,5.0,6.0,4.0,10.0,30.0,23.0,24.0,9.0,0.0,0.0,0.0,0.0,0.0,0.0,0.0,0.0,0.0,0.0,2.0,0.0,0.0,0.0,6.0,1.0,0.0,0.0,0.0,0.0,2.0,8.0,11.0,1.0,14.0,0.0,5.0,12.0,6.0,16.0,42.0,34.0,30.0,13.0
153,1.0,153.0,London_60,,151,453,1092.0,70.0,2.0,129105.0,0.647235875017941,738.0,29.0,2.0,27.0,68.0,19.0,49.0,240.0,241.0,93.0,18.0,64.0,10.0,22.0,1.0,4.0,7.0,82.0,156.0,208.0,27.0,0.0,0.0,0.0,0.0,0.0,0.0,0.0,0.0,0.0,0.0,0.0,0.0,0.0,0.0,0.0,0.0,0.0,0.0,0.0,0.0,0.0,0.0,0.0,0.0,0.0,0.0,0.0,0.0,0.0,1.0,0.0,0.0,0.0,0.0,1.0,1.0,0.0,0.0,0.0,0.0,1.0,1.0,0.0,2.0,0.0,0.0,0.0,2.0,1.0,5.0,5.0,8.0,3.0,5.0,0.0,0.0,0.0,0.0,0.0,0.0,0.0,0.0,0.0,3.0,0.0,0.0,0.0,0.0,7.0,1.0,0.0,0.0,0.0,0.0,1.0,1.0,0.0,3.0,0.0,0.0,0.0,4.0,1.0,7.0,5.0,14.0,3.0,7.0
154,1.0,154.0,London_60,,151,453,1092.0,70.0,2.0,154020.0,0.7905282070860267,793.0,47.0,2.0,45.0,90.0,16.0,74.0,68.0,249.0,95.0,19.0,62.0,3.0,22.0,1.0,2.0,4.0,85.0,143.0,221.0,24.0,0.0,0.0,0.0,0.0,0.0,0.0,0.0,0.0,0.0,0.0,0.0,0.0,0.0,0.0,0.0,0.0,0.0,0.0,0.0,0.0,0.0,0.0,0.0,0.0,0.0,0.0,0.0,0.0,0.0,1.0,0.0,0.0,0.0,1.0,1.0,2.0,0.0,0.0,0.0,0.0,2.0,0.0,0.0,0.0,0.0,0.0,6.0,2.0,0.0,5.0,8.0,8.0,6.0,4.0,0.0,0.0,0.0,0.0,0.0,0.0,0.0,0.0,0.0,2.0,0.0,0.0,0.0,4.0,7.0,7.0,0.0,0.0,0.0,0.0,3.0,0.0,0.0,0.0,0.0,0.0,11.0,3.0,0.0,7.0,13.0,9.0,7.0,5.0
155,1.0,155.0,London_60,,151,453,1092.0,70.0,2.0,162174.0,1.5789172821678221,811.0,152.0,0.0,152.0,268.0,0.0,268.0,90.0,254.0,86.0,29.0,62.0,1.0,19.0,0.0,2.0,0.0,77.0,148.0,228.0,10.0,0.0,0.0,0.0,0.0,0.0,0.0,0.0,0.0,0.0,0.0,0.0,0.0,0.0,0.0,0.0,0.0,0.0,0.0,0.0,0.0,0.0,0.0,0.0,0.0,0.0,0.0,0.0,0.0,0.0,0.0,0.0,0.0,0.0,0.0,0.0,0.0,0.0,0.0,0.0,0.0,15.0,15.0,2.0,2.0,0.0,0.0,10.0,11.0,13.0,1.0,36.0,34.0,17.0,12.0,0.0,0.0,0.0,0.0,0.0,0.0,0.0,0.0,0.0,0.0,0.0,0.0,0.0,0.0,0.0,0.0,0.0,0.0,0.0,0.0,22.0,18.0,3.0,3.0,0.0,0.0,11.0,15.0,16.0,1.0,53.0,50.0,23.0,19.0
156,1.0,156.0,London_60,,151,453,1092.0,70.0,2.0,125934.0,0.5319299860857427,731.0,10.0,2.0,8.0,32.0,18.0,14.0,268.0,210.0,103.0,18.0,78.0,7.0,24.0,3.0,10.0,6.0,72.0,133.0,242.0,39.0,0.0,0.0,0.0,0.0,0.0,0.0,0.0,0.0,0.0,0.0,0.0,0.0,0.0,0.0,0.0,0.0,0.0,0.0,0.0,0.0,0.0,0.0,0.0,0.0,0.0,0.0,0.0,0.0,0.0,0.0,0.0,0.0,0.0,0.0,0.0,1.0,0.0,0.0,0.0,0.0,0.0,0.0,0.0,0.0,0.0,0.0,0.0,1.0,0.0,1.0,2.0,1.0,1.0,0.0,0.0,0.0,0.0,0.0,0.0,0.0,0.0,0.0,0.0,0.0,0.0,0.0,0.0,0.0,0.0,4.0,0.0,0.0,0.0,0.0,0.0,0.0,0.0,0.0,0.0,0.0,0.0,2.0,0.0,1.0,3.0,2.0,1.0,0.0
157,1.0,157.0,London_60,,151,453,1092.0,70.0,2.0,159909.0,1.3820686838589609,806.0,132.0,0.0,132.0,242.0,0.0,242.0,32.0,203.0,104.0,18.0,90.0,5.0,20.0,3.0,10.0,6.0,76.0,123.0,248.0,30.0,0.0,0.0,0.0,0.0,0.0,0.0,0.0,0.0,0.0,0.0,0.0,0.0,0.0,0.0,0.0,0.0,0.0,0.0,0.0,0.0,0.0,0.0,0.0,0.0,0.0,0.0,0.0,0.0,0.0,0.0,0.0,0.0,0.0,0.0,0.0,0.0,0.0,0.0,0.0,0.0,4.0,11.0,3.0,1.0,1.0,0.0,16.0,10.0,6.0,16.0,31.0,32.0,25.0,10.0,0.0,0.0,0.0,0.0,0.0,0.0,0.0,0.0,0.0,0.0,0.0,0.0,0.0,0.0,0.0,0.0,0.0,0.0,0.0,0.0,4.0,17.0,3.0,1.0,1.0,0.0,23.0,14.0,8.0,22.0,46.0,52.0,31.0,18.0
158,1.0,158.0,London_60,,151,453,1092.0,70.0,2.0,139524.0,0.8140889541245997,761.0,49.0,0.0,49.0,98.0,0.0,98.0,242.0,216.0,109.0,17.0,72.0,10.0,19.0,3.0,7.0,5.0,67.0,148.0,233.0,33.0,0.0,0.0,0.0,0.0,0.0,0.0,0.0,0.0,0.0,0.0,0.0,0.0,0.0,0.0,0.0,0.0,0.0,0.0,0.0,0.0,0.0,0.0,0.0,0.0,0.0,0.0,0.0,0.0,0.0,0.0,0.0,0.0,0.0,0.0,0.0,0.0,0.0,0.0,0.0,0.0,0.0,0.0,0.0,1.0,0.0,0.0,4.0,3.0,0.0,6.0,3.0,15.0,9.0,5.0,0.0,0.0,0.0,0.0,0.0,0.0,0.0,0.0,0.0,0.0,0.0,0.0,0.0,0.0,0.0,0.0,0.0,0.0,0.0,0.0,0.0,0.0,0.0,2.0,0.0,0.0,4.0,5.0,0.0,8.0,4.0,25.0,15.0,8.0
159,1.0,159.0,London_60,,151,453,1092.0,70.0,2.0,149943.0,0.5980771610047668,784.0,154.0,1.0,153.0,286.0,9.0,277.0,98.0,218.0,134.0,18.0,49.0,12.0,11.0,4.0,7.0,6.0,66.0,152.0,229.0,29.0,0.0,0.0,0.0,0.0,0.0,0.0,0.0,0.0,0.0,0.0,0.0,0.0,0.0,0.0,0.0,0.0,0.0,0.0,0.0,0.0,0.0,0.0,0.0,0.0,0.0,0.0,0.0,0.0,0.0,0.0,0.0,0.0,0.0,0.0,0.0,0.0,0.0,0.0,0.0,0.0,5.0,6.0,0.0,1.0,0.0,1.0,4.0,12.0,12.0,11.0,30.0,27.0,29.0,8.0,0.0,0.0,0.0,0.0,0.0,0.0,0.0,0.0,0.0,0.0,0.0,0.0,0.0,0.0,0.0,0.0,0.0,0.0,0.0,0.0,7.0,9.0,0.0,1.0,0.0,3.0,5.0,17.0,18.0,13.0,48.0,38.0,38.0,12.0
160,1.0,160.0,London_60,,151,453,1092.0,70.0,2.0,108720.0,0.7402408400084823,693.0,19.0,2.0,17.0,44.0,17.0,27.0,286.0,190.0,103.0,19.0,92.0,8.0,26.0,2.0,13.0,10.0,66.0,148.0,229.0,44.0,0.0,0.0,0.0,0.0,0.0,0.0,0.0,0.0,0.0,0.0,0.0,0.0,0.0,0.0,0.0,0.0,0.0,0.0,0.0,0.0,0.0,0.0,0.0,0.0,0.0,0.0,0.0,0.0,0.0,0.0,0.0,0.0,0.0,1.0,0.0,1.0,0.0,0.0,0.0,0.0,0.0,1.0,0.0,0.0,0.0,0.0,1.0,1.0,0.0,3.0,6.0,7.0,2.0,1.0,0.0,0.0,0.0,0.0,0.0,0.0,0.0,0.0,0.0,0.0,0.0,0.0,0.0,7.0,0.0,4.0,0.0,0.0,0.0,0.0,0.0,2.0,0.0,0.0,0.0,0.0,1.0,2.0,0.0,3.0,8.0,9.0,2.0,1.0
161,1.0,161.0,London_60,,151,453,1092.0,70.0,2.0,131823.0,0.45291151106357574,744.0,23.0,1.0,22.0,48.0,10.0,38.0,44.0,194.0,101.0,23.0,96.0,7.0,17.0,1.0,14.0,8.0,68.0,142.0,235.0,42.0,0.0,0.0,0.0,0.0,0.0,0.0,0.0,0.0,0.0,0.0,0.0,0.0,0.0,0.0,0.0,0.0,0.0,0.0,0.0,0.0,0.0,0.0,0.0,0.0,0.0,0.0,0.0,0.0,0.0,1.0,0.0,0.0,0.0,0.0,0.0,1.0,0.0,0.0,0.0,0.0,1.0,0.0,0.0,0.0,0.0,0.0,3.0,0.0,3.0,0.0,3.0,6.0,4.0,5.0,0.0,0.0,0.0,0.0,0.0,0.0,0.0,0.0,0.0,5.0,0.0,0.0,0.0,0.0,0.0,1.0,0.0,0.0,0.0,0.0,2.0,0.0,0.0,0.0,0.0,0.0,7.0,0.0,6.0,0.0,3.0,11.0,8.0,8.0
162,1.0,162.0,London_60,,151,453,1092.0,70.0,2.0,163986.0,0.5881223760079592,815.0,135.0,0.0,135.0,221.0,0.0,221.0,48.0,198.0,99.0,26.0,94.0,8.0,11.0,1.0,16.0,8.0,65.0,138.0,242.0,46.0,0.0,0.0,0.0,0.0,0.0,0.0,0.0,0.0,0.0,0.0,0.0,0.0,0.0,0.0,0.0,0.0,0.0,0.0,0.0,0.0,0.0,0.0,0.0,0.0,0.0,0.0,0.0,0.0,0.0,0.0,0.0,0.0,0.0,0.0,0.0,0.0,0.0,0.0,0.0,0.0,2.0,8.0,1.0,4.0,1.0,0.0,9.0,11.0,4.0,8.0,19.0,35.0,18.0,10.0,0.0,0.0,0.0,0.0,0.0,0.0,0.0,0.0,0.0,0.0,0.0,0.0,0.0,0.0,0.0,0.0,0.0,0.0,0.0,0.0,2.0,9.0,1.0,6.0,1.0,0.0,10.0,14.0,6.0,12.0,29.0,53.0,19.0,15.0
163,1.0,163.0,London_60,,151,453,1092.0,70.0,2.0,145866.0,0.5858438420109451,775.0,53.0,2.0,51.0,110.0,17.0,93.0,221.0,214.0,104.0,20.0,85.0,1.0,12.0,2.0,15.0,4.0,69.0,153.0,227.0,42.0,0.0,0.0,0.0,0.0,0.0,0.0,0.0,0.0,0.0,0.0,0.0,0.0,0.0,0.0,0.0,0.0,0.0,0.0,0.0,0.0,0.0,0.0,0.0,0.0,0.0,0.0,0.0,0.0,0.0,0.0,0.0,0.0,0.0,0.0,1.0,2.0,0.0,0.0,0.0,0.0,2.0,0.0,0.0,2.0,0.0,0.0,6.0,4.0,2.0,2.0,10.0,13.0,12.0,3.0,0.0,0.0,0.0,0.0,0.0,0.0,0.0,0.0,0.0,0.0,0.0,0.0,0.0,0.0,6.0,7.0,0.0,0.0,0.0,0.0,2.0,0.0,0.0,3.0,0.0,0.0,10.0,4.0,4.0,3.0,18.0,20.0,17.0,5.0
164,1.0,164.0,London_60,,151,453,1092.0,70.0,2.0,171687.0,0.6539659090340137,832.0,107.0,2.0,105.0,196.0,18.0,178.0,110.0,213.0,106.0,26.0,83.0,0.0,9.0,2.0,14.0,7.0,74.0,138.0,234.0,37.0,0.0,0.0,0.0,0.0,0.0,0.0,0.0,0.0,0.0,0.0,0.0,0.0,0.0,0.0,0.0,0.0,0.0,0.0,0.0,0.0,0.0,0.0,0.0,0.0,0.0,0.0,0.0,0.0,0.0,0.0,0.0,0.0,1.0,1.0,0.0,1.0,1.0,0.0,0.0,0.0,2.0,7.0,4.0,1.0,2.0,0.0,9.0,9.0,0.0,14.0,25.0,18.0,21.0,9.0,0.0,0.0,0.0,0.0,0.0,0.0,0.0,0.0,0.0,0.0,0.0,0.0,5.0,9.0,0.0,1.0,5.0,0.0,0.0,0.0,2.0,10.0,4.0,1.0,2.0,0.0,15.0,13.0,0.0,21.0,41.0,30.0,24.0,15.0
165,1.0,165.0,London_60,,151,453,1092.0,70.0,2.0,163080.0,1.5382449270691723,813.0,33.0,1.0,32.0,66.0,9.0,57.0,196.0,223.0,106.0,17.0,66.0,10.0,14.0,2.0,15.0,4.0,82.0,129.0,238.0,26.0,0.0,0.0,0.0,0.0,0.0,0.0,0.0,0.0,0.0,0.0,0.0,0.0,0.0,0.0,0.0,0.0,0.0,0.0,0.0,0.0,0.0,0.0,0.0,0.0,0.0,0.0,0.0,0.0,0.0,0.0,0.0,0.0,0.0,0.0,0.0,1.0,0.0,0.0,0.0,0.0,2.0,1.0,2.0,0.0,0.0,1.0,4.0,3.0,2.0,5.0,4.0,8.0,4.0,3.0,0.0,0.0,0.0,0.0,0.0,0.0,0.0,0.0,0.0,0.0,0.0,0.0,0.0,0.0,0.0,5.0,0.0,0.0,0.0,0.0,3.0,2.0,3.0,0.0,0.0,2.0,6.0,4.0,2.0,6.0,6.0,12.0,5.0,4.0
166,1.0,166.0,London_60,,151,453,1092.0,70.0,2.0,197055.0,1.7056270050816238,888.0,120.0,1.0,119.0,208.0,8.0,200.0,66.0,233.0,115.0,17.0,62.0,5.0,8.0,2.0,11.0,4.0,82.0,122.0,245.0,24.0,0.0,0.0,0.0,0.0,0.0,0.0,0.0,0.0,0.0,0.0,0.0,0.0,0.0,0.0,0.0,0.0,0.0,0.0,0.0,0.0,0.0,0.0,0.0,0.0,0.0,0.0,0.0,0.0,0.0,0.0,0.0,0.0,0.0,0.0,0.0,1.0,0.0,0.0,0.0,0.0,4.0,1.0,5.0,0.0,7.0,0.0,20.0,7.0,9.0,14.0,22.0,33.0,18.0,6.0,0.0,0.0,0.0,0.0,0.0,0.0,0.0,0.0,0.0,0.0,0.0,0.0,0.0,0.0,0.0,5.0,0.0,0.0,0.0,0.0,4.0,2.0,5.0,0.0,9.0,0.0,29.0,10.0,11.0,19.0,34.0,50.0,24.0,9.0
167,1.0,167.0,London_60,,151,453,1092.0,70.0,2.0,173952.0,1.0455076631624252,837.0,125.0,0.0,125.0,213.0,0.0,213.0,208.0,231.0,98.0,18.0,59.0,5.0,22.0,1.0,19.0,7.0,79.0,145.0,222.0,35.0,0.0,0.0,0.0,0.0,0.0,0.0,0.0,0.0,0.0,0.0,0.0,0.0,0.0,0.0,0.0,0.0,0.0,0.0,0.0,0.0,0.0,0.0,0.0,0.0,0.0,0.0,0.0,0.0,0.0,0.0,0.0,0.0,0.0,0.0,0.0,0.0,0.0,0.0,0.0,0.0,0.0,5.0,0.0,6.0,12.0,0.0,5.0,6.0,5.0,10.0,23.0,29.0,19.0,10.0,0.0,0.0,0.0,0.0,0.0,0.0,0.0,0.0,0.0,0.0,0.0,0.0,0.0,0.0,0.0,0.0,0.0,0.0,0.0,0.0,0.0,6.0,0.0,10.0,12.0,0.0,6.0,8.0,7.0,12.0,31.0,46.0,25.0,11.0
168,1.0,168.0,London_60,,151,453,1092.0,70.0,2.0,161268.0,0.9639462928753346,809.0,103.0,0.0,103.0,181.0,0.0,181.0,213.0,242.0,81.0,15.0,62.0,5.0,31.0,1.0,16.0,8.0,84.0,143.0,218.0,25.0,0.0,0.0,0.0,0.0,0.0,0.0,0.0,0.0,0.0,0.0,0.0,0.0,0.0,0.0,0.0,0.0,0.0,0.0,0.0,0.0,0.0,0.0,0.0,0.0,0.0,0.0,0.0,0.0,0.0,0.0,0.0,0.0,0.0,0.0,0.0,0.0,0.0,0.0,0.0,0.0,6.0,2.0,0.0,1.0,2.0,1.0,12.0,6.0,3.0,10.0,23.0,23.0,26.0,10.0,0.0,0.0,0.0,0.0,0.0,0.0,0.0,0.0,0.0,0.0,0.0,0.0,0.0,0.0,0.0,0.0,0.0,0.0,0.0,0.0,6.0,3.0,0.0,2.0,2.0,1.0,20.0,7.0,5.0,17.0,40.0,37.0,30.0,15.0
169,1.0,169.0,London_60,,151,453,1092.0,70.0,2.0,144507.0,0.6763532618060708,772.0,92.0,1.0,91.0,165.0,7.0,158.0,181.0,257.0,85.0,18.0,46.0,7.0,30.0,0.0,10.0,6.0,82.0,153.0,212.0,29.0,0.0,0.0,0.0,0.0,0.0,0.0,0.0,0.0,0.0,0.0,0.0,0.0,0.0,0.0,0.0,0.0,0.0,0.0,0.0,0.0,0.0,0.0,0.0,0.0,0.0,0.0,0.0,0.0,0.0,0.0,0.0,0.0,0.0,0.0,1.0,1.0,0.0,0.0,0.0,0.0,4.0,0.0,0.0,2.0,0.0,1.0,14.0,7.0,3.0,12.0,19.0,20.0,15.0,4.0,0.0,0.0,0.0,0.0,0.0,0.0,0.0,0.0,0.0,0.0,0.0,0.0,0.0,0.0,6.0,3.0,0.0,0.0,0.0,0.0,4.0,0.0,0.0,3.0,0.0,3.0,21.0,9.0,3.0,18.0,24.0,36.0,19.0,8.0
170,1.0,170.0,London_60,,151,453,1092.0,70.0,2.0,135447.0,0.7399387119803578,752.0,119.0,1.0,118.0,207.0,9.0,198.0,165.0,272.0,80.0,8.0,48.0,1.0,31.0,1.0,12.0,4.0,81.0,145.0,223.0,22.0,0.0,0.0,0.0,0.0,0.0,0.0,0.0,0.0,0.0,0.0,0.0,0.0,0.0,0.0,0.0,0.0,0.0,0.0,0.0,0.0,0.0,0.0,0.0,0.0,0.0,0.0,0.0,0.0,0.0,0.0,0.0,0.0,0.0,0.0,0.0,0.0,0.0,0.0,0.0,0.0,0.0,3.0,2.0,1.0,2.0,0.0,16.0,5.0,1.0,12.0,20.0,26.0,16.0,15.0,0.0,0.0,0.0,0.0,0.0,0.0,0.0,0.0,0.0,0.0,0.0,0.0,0.0,0.0,0.0,0.0,0.0,0.0,0.0,0.0,0.0,3.0,3.0,2.0,2.0,0.0,22.0,10.0,1.0,17.0,30.0,37.0,20.0,23.0
171,1.0,171.0,London_60,,151,453,1092.0,70.0,2.0,108720.0,0.6351508549414575,693.0,54.0,2.0,52.0,107.0,19.0,88.0,207.0,232.0,95.0,8.0,51.0,4.0,49.0,3.0,11.0,9.0,73.0,148.0,223.0,34.0,0.0,0.0,0.0,0.0,0.0,0.0,0.0,0.0,0.0,0.0,0.0,0.0,0.0,0.0,0.0,0.0,0.0,0.0,0.0,0.0,0.0,0.0,0.0,0.0,0.0,0.0,0.0,0.0,0.0,0.0,0.0,0.0,0.0,1.0,1.0,0.0,0.0,0.0,0.0,0.0,2.0,8.0,0.0,1.0,0.0,0.0,9.0,4.0,6.0,3.0,10.0,8.0,15.0,0.0,0.0,0.0,0.0,0.0,0.0,0.0,0.0,0.0,0.0,0.0,0.0,0.0,0.0,6.0,7.0,0.0,0.0,0.0,0.0,0.0,4.0,14.0,0.0,2.0,0.0,0.0,12.0,5.0,10.0,5.0,15.0,12.0,22.0,0.0
172,1.0,172.0,London_60,,151,453,1092.0,70.0,2.0,128652.0,0.6775281389709562,737.0,80.0,2.0,78.0,150.0,20.0,130.0,107.0,238.0,88.0,9.0,42.0,5.0,53.0,4.0,14.0,7.0,80.0,145.0,221.0,38.0,0.0,0.0,0.0,0.0,0.0,0.0,0.0,0.0,0.0,0.0,0.0,0.0,0.0,0.0,0.0,0.0,0.0,0.0,0.0,0.0,0.0,0.0,0.0,0.0,0.0,0.0,0.0,0.0,0.0,1.0,0.0,0.0,0.0,1.0,0.0,0.0,0.0,0.0,0.0,0.0,4.0,1.0,0.0,3.0,4.0,0.0,10.0,10.0,8.0,6.0,15.0,17.0,11.0,6.0,0.0,0.0,0.0,0.0,0.0,0.0,0.0,0.0,0.0,1.0,0.0,0.0,0.0,8.0,0.0,0.0,0.0,0.0,0.0,0.0,4.0,1.0,0.0,6.0,4.0,0.0,13.0,18.0,12.0,7.0,23.0,25.0,12.0,9.0
173,1.0,173.0,London_60,,151,453,1092.0,70.0,2.0,127746.0,0.7865402679890394,735.0,47.0,1.0,46.0,80.0,8.0,72.0,150.0,259.0,81.0,12.0,46.0,3.0,31.0,2.0,19.0,6.0,75.0,136.0,236.0,29.0,0.0,0.0,0.0,0.0,0.0,0.0,0.0,0.0,0.0,0.0,0.0,0.0,0.0,0.0,0.0,0.0,0.0,0.0,0.0,0.0,0.0,0.0,0.0,0.0,0.0,0.0,0.0,0.0,0.0,0.0,0.0,0.0,0.0,1.0,0.0,1.0,0.0,0.0,0.0,0.0,1.0,0.0,0.0,1.0,0.0,0.0,6.0,3.0,4.0,9.0,10.0,9.0,11.0,0.0,0.0,0.0,0.0,0.0,0.0,0.0,0.0,0.0,0.0,0.0,0.0,0.0,0.0,6.0,0.0,2.0,0.0,0.0,0.0,0.0,1.0,0.0,0.0,4.0,0.0,0.0,7.0,3.0,6.0,15.0,12.0,12.0,12.0,0.0
174,1.0,174.0,London_60,,151,453,1092.0,70.0,2.0,150849.0,0.60912204394117,786.0,93.0,0.0,93.0,172.0,0.0,172.0,80.0,261.0,85.0,19.0,26.0,2.0,37.0,3.0,20.0,2.0,70.0,142.0,239.0,22.0,0.0,0.0,0.0,0.0,0.0,0.0,0.0,0.0,0.0,0.0,0.0,0.0,0.0,0.0,0.0,0.0,0.0,0.0,0.0,0.0,0.0,0.0,0.0,0.0,0.0,0.0,0.0,0.0,0.0,0.0,0.0,0.0,0.0,0.0,0.0,0.0,0.0,0.0,0.0,0.0,4.0,0.0,0.0,4.0,6.0,0.0,15.0,5.0,4.0,11.0,18.0,18.0,20.0,5.0,0.0,0.0,0.0,0.0,0.0,0.0,0.0,0.0,0.0,0.0,0.0,0.0,0.0,0.0,0.0,0.0,0.0,0.0,0.0,0.0,5.0,0.0,0.0,6.0,8.0,0.0,19.0,5.0,4.0,12.0,29.0,29.0,29.0,9.0
175,1.0,175.0,London_60,,151,453,1092.0,70.0,2.0,138618.0,0.6696099289692938,759.0,7.0,2.0,5.0,29.0,19.0,10.0,172.0,268.0,75.0,7.0,47.0,3.0,36.0,3.0,14.0,1.0,68.0,152.0,232.0,27.0,0.0,0.0,0.0,0.0,0.0,0.0,0.0,0.0,0.0,0.0,0.0,0.0,0.0,0.0,0.0,0.0,0.0,0.0,0.0,0.0,0.0,0.0,0.0,0.0,0.0,0.0,0.0,0.0,0.0,0.0,0.0,0.0,1.0,0.0,1.0,2.0,0.0,0.0,0.0,0.0,1.0,0.0,0.0,0.0,0.0,0.0,0.0,2.0,0.0,1.0,0.0,0.0,1.0,0.0,0.0,0.0,0.0,0.0,0.0,0.0,0.0,0.0,0.0,0.0,0.0,0.0,6.0,0.0,8.0,8.0,0.0,0.0,0.0,0.0,1.0,0.0,0.0,0.0,0.0,0.0,0.0,4.0,0.0,2.0,0.0,0.0,1.0,0.0
176,1.0,176.0,London_60,,151,453,1092.0,70.0,2.0,181200.0,0.838899948168546,853.0,139.0,0.0,139.0,235.0,0.0,235.0,29.0,266.0,84.0,8.0,36.0,4.0,37.0,3.0,15.0,1.0,72.0,137.0,243.0,22.0,0.0,0.0,0.0,0.0,0.0,0.0,0.0,0.0,0.0,0.0,0.0,0.0,0.0,0.0,0.0,0.0,0.0,0.0,0.0,0.0,0.0,0.0,0.0,0.0,0.0,0.0,0.0,0.0,0.0,0.0,0.0,0.0,0.0,0.0,0.0,0.0,0.0,0.0,0.0,0.0,3.0,12.0,0.0,4.0,0.0,0.0,11.0,5.0,18.0,8.0,26.0,33.0,18.0,4.0,0.0,0.0,0.0,0.0,0.0,0.0,0.0,0.0,0.0,0.0,0.0,0.0,0.0,0.0,0.0,0.0,0.0,0.0,0.0,0.0,3.0,18.0,0.0,4.0,0.0,0.0,15.0,7.0,24.0,14.0,40.0,48.0,20.0,6.0
177,1.0,177.0,London_60,,151,453,1092.0,70.0,2.0,163533.0,1.7075092699378729,814.0,73.0,2.0,71.0,133.0,18.0,115.0,235.0,210.0,109.0,17.0,54.0,5.0,41.0,4.0,13.0,4.0,70.0,140.0,239.0,45.0,0.0,0.0,0.0,0.0,0.0,0.0,0.0,0.0,0.0,0.0,0.0,0.0,0.0,0.0,0.0,0.0,0.0,0.0,0.0,0.0,0.0,0.0,0.0,0.0,0.0,0.0,0.0,0.0,0.0,0.0,0.0,0.0,0.0,1.0,0.0,1.0,0.0,0.0,0.0,0.0,0.0,5.0,0.0,2.0,0.0,0.0,4.0,1.0,2.0,8.0,15.0,21.0,11.0,1.0,0.0,0.0,0.0,0.0,0.0,0.0,0.0,0.0,0.0,0.0,0.0,0.0,0.0,6.0,0.0,7.0,0.0,0.0,0.0,0.0,0.0,5.0,0.0,6.0,0.0,0.0,8.0,1.0,3.0,9.0,24.0,29.0,12.0,1.0
178,1.0,178.0,London_60,,151,453,1092.0,70.0,2.0,167157.0,0.7658350600395352,822.0,108.0,0.0,108.0,174.0,0.0,174.0,133.0,217.0,98.0,23.0,58.0,6.0,29.0,5.0,17.0,1.0,79.0,134.0,239.0,22.0,0.0,0.0,0.0,0.0,0.0,0.0,0.0,0.0,0.0,0.0,0.0,0.0,0.0,0.0,0.0,0.0,0.0,0.0,0.0,0.0,0.0,0.0,0.0,0.0,0.0,0.0,0.0,0.0,0.0,0.0,0.0,0.0,0.0,0.0,0.0,0.0,0.0,0.0,0.0,0.0,1.0,5.0,1.0,2.0,7.0,0.0,21.0,5.0,8.0,9.0,17.0,23.0,22.0,11.0,0.0,0.0,0.0,0.0,0.0,0.0,0.0,0.0,0.0,0.0,0.0,0.0,0.0,0.0,0.0,0.0,0.0,0.0,0.0,0.0,2.0,6.0,1.0,2.0,7.0,0.0,27.0,5.0,8.0,13.0,30.0,32.0,26.0,15.0
179,1.0,179.0,London_60,,151,453,1092.0,70.0,2.0,154926.0,0.6589421518146992,795.0,80.0,0.0,80.0,131.0,0.0,131.0,174.0,235.0,103.0,12.0,49.0,7.0,31.0,4.0,12.0,4.0,88.0,146.0,215.0,25.0,0.0,0.0,0.0,0.0,0.0,0.0,0.0,0.0,0.0,0.0,0.0,0.0,0.0,0.0,0.0,0.0,0.0,0.0,0.0,0.0,0.0,0.0,0.0,0.0,0.0,0.0,0.0,0.0,0.0,0.0,0.0,0.0,0.0,0.0,0.0,0.0,0.0,0.0,0.0,0.0,1.0,5.0,1.0,5.0,0.0,0.0,5.0,11.0,1.0,8.0,21.0,19.0,15.0,8.0,0.0,0.0,0.0,0.0,0.0,0.0,0.0,0.0,0.0,0.0,0.0,0.0,0.0,0.0,0.0,0.0,0.0,0.0,0.0,0.0,1.0,7.0,1.0,8.0,0.0,0.0,6.0,15.0,1.0,10.0,34.0,28.0,20.0,14.0
180,1.0,180.0,London_60,,151,453,1092.0,70.0,2.0,163986.0,0.8470834270119667,815.0,62.0,0.0,62.0,101.0,0.0,101.0,131.0,236.0,111.0,5.0,50.0,8.0,29.0,4.0,10.0,5.0,69.0,148.0,231.0,30.0,0.0,0.0,0.0,0.0,0.0,0.0,0.0,0.0,0.0,0.0,0.0,0.0,0.0,0.0,0.0,0.0,0.0,0.0,0.0,0.0,0.0,0.0,0.0,0.0,0.0,0.0,0.0,0.0,0.0,0.0,0.0,0.0,0.0,0.0,0.0,0.0,0.0,0.0,0.0,0.0,0.0,4.0,0.0,0.0,0.0,2.0,2.0,6.0,7.0,3.0,12.0,14.0,12.0,5.0,0.0,0.0,0.0,0.0,0.0,0.0,0.0,0.0,0.0,0.0,0.0,0.0,0.0,0.0,0.0,0.0,0.0,0.0,0.0,0.0,0.0,7.0,0.0,0.0,0.0,3.0,3.0,10.0,8.0,3.0,19.0,20.0,14.0,7.0
181,1.0,181.0,London_60,,151,453,1092.0,70.0,2.0,173952.0,2.803004482993856,837.0,133.0,2.0,131.0,255.0,22.0,233.0,101.0,239.0,110.0,8.0,41.0,6.0,36.0,3.0,10.0,6.0,68.0,152.0,227.0,40.0,0.0,0.0,0.0,0.0,0.0,0.0,0.0,0.0,0.0,1.0,0.0,1.0,0.0,0.0,0.0,0.0,0.0,0.0,1.0,0.0,0.0,0.0,0.0,0.0,0.0,0.0,0.0,0.0,0.0,1.0,0.0,0.0,1.0,0.0,1.0,0.0,0.0,0.0,0.0,0.0,0.0,12.0,2.0,3.0,1.0,0.0,8.0,13.0,4.0,9.0,33.0,38.0,20.0,6.0,0.0,0.0,0.0,0.0,0.0,0.0,0.0,0.0,0.0,2.0,0.0,0.0,6.0,0.0,5.0,0.0,0.0,0.0,0.0,0.0,0.0,21.0,2.0,6.0,1.0,0.0,14.0,19.0,4.0,14.0,44.0,56.0,27.0,9.0
182,1.0,182.0,London_60,,151,453,1092.0,70.0,2.0,152208.0,1.220748437102884,789.0,123.0,2.0,121.0,211.0,18.0,193.0,251.0,215.0,97.0,19.0,70.0,12.0,32.0,0.0,8.0,2.0,86.0,139.0,226.0,37.0,0.0,0.0,0.0,0.0,0.0,0.0,0.0,0.0,0.0,0.0,0.0,0.0,0.0,0.0,0.0,0.0,0.0,0.0,0.0,0.0,0.0,0.0,0.0,0.0,0.0,0.0,0.0,0.0,0.0,2.0,0.0,0.0,2.0,0.0,2.0,0.0,1.0,0.0,0.0,0.0,2.0,14.0,2.0,0.0,0.0,0.0,4.0,6.0,14.0,8.0,25.0,29.0,25.0,8.0,0.0,0.0,0.0,0.0,0.0,0.0,0.0,0.0,0.0,9.0,0.0,0.0,7.0,0.0,12.0,0.0,10.0,0.0,0.0,0.0,3.0,23.0,3.0,0.0,0.0,0.0,4.0,7.0,15.0,10.0,34.0,39.0,32.0,12.0
183,1.0,183.0,London_60,,151,453,1092.0,70.0,2.0,127293.0,0.8293833821080625,734.0,87.0,2.0,85.0,167.0,17.0,150.0,211.0,221.0,99.0,21.0,70.0,6.0,31.0,0.0,5.0,3.0,72.0,140.0,238.0,22.0,0.0,0.0,0.0,0.0,0.0,0.0,0.0,0.0,0.0,0.0,0.0,0.0,0.0,0.0,0.0,0.0,0.0,0.0,0.0,0.0,0.0,0.0,0.0,0.0,0.0,0.0,0.0,0.0,0.0,2.0,0.0,0.0,0.0,0.0,0.0,2.0,0.0,0.0,0.0,0.0,0.0,1.0,2.0,0.0,0.0,1.0,8.0,7.0,2.0,8.0,16.0,18.0,6.0,14.0,0.0,0.0,0.0,0.0,0.0,0.0,0.0,0.0,0.0,6.0,0.0,0.0,0.0,0.0,0.0,6.0,0.0,0.0,0.0,0.0,0.0,3.0,2.0,0.0,0.0,2.0,10.0,8.0,3.0,8.0,24.0,31.0,7.0,26.0
184,1.0,184.0,London_60,,151,453,1092.0,70.0,2.0,119592.0,0.5519262941088527,717.0,5.0,1.0,4.0,18.0,12.0,6.0,167.0,224.0,100.0,25.0,69.0,11.0,18.0,1.0,5.0,3.0,68.0,131.0,251.0,27.0,0.0,0.0,0.0,0.0,0.0,0.0,0.0,0.0,0.0,0.0,0.0,0.0,0.0,0.0,0.0,0.0,0.0,0.0,0.0,0.0,0.0,0.0,0.0,0.0,0.0,0.0,0.0,0.0,0.0,0.0,1.0,0.0,1.0,0.0,0.0,1.0,0.0,0.0,0.0,0.0,0.0,0.0,0.0,0.0,0.0,0.0,1.0,0.0,1.0,0.0,1.0,1.0,1.0,0.0,0.0,0.0,0.0,0.0,0.0,0.0,0.0,0.0,0.0,0.0,10.0,0.0,4.0,0.0,0.0,8.0,0.0,0.0,0.0,0.0,0.0,0.0,0.0,0.0,0.0,0.0,1.0,0.0,1.0,0.0,1.0,2.0,1.0,0.0
185,1.0,185.0,London_60,,151,453,1092.0,70.0,2.0,162174.0,1.2650133741553873,811.0,97.0,0.0,97.0,167.0,0.0,167.0,18.0,229.0,104.0,25.0,70.0,7.0,12.0,1.0,5.0,3.0,70.0,129.0,251.0,26.0,0.0,0.0,0.0,0.0,0.0,0.0,0.0,0.0,0.0,0.0,0.0,0.0,0.0,0.0,0.0,0.0,0.0,0.0,0.0,0.0,0.0,0.0,0.0,0.0,0.0,0.0,0.0,0.0,0.0,0.0,0.0,0.0,0.0,0.0,0.0,0.0,0.0,0.0,0.0,0.0,0.0,8.0,3.0,2.0,1.0,1.0,8.0,10.0,8.0,11.0,10.0,26.0,17.0,12.0,0.0,0.0,0.0,0.0,0.0,0.0,0.0,0.0,0.0,0.0,0.0,0.0,0.0,0.0,0.0,0.0,0.0,0.0,0.0,0.0,0.0,9.0,3.0,2.0,1.0,2.0,12.0,14.0,10.0,16.0,15.0,34.0,22.0,23.0
186,1.0,186.0,London_60,,151,453,1092.0,70.0,2.0,156285.0,0.6405914449132979,798.0,63.0,0.0,63.0,112.0,0.0,112.0,167.0,229.0,91.0,28.0,76.0,8.0,16.0,2.0,3.0,1.0,76.0,126.0,250.0,33.0,0.0,0.0,0.0,0.0,0.0,0.0,0.0,0.0,0.0,0.0,0.0,0.0,0.0,0.0,0.0,0.0,0.0,0.0,0.0,0.0,0.0,0.0,0.0,0.0,0.0,0.0,0.0,0.0,0.0,0.0,0.0,0.0,0.0,0.0,0.0,0.0,0.0,0.0,0.0,0.0,1.0,4.0,0.0,0.0,0.0,0.0,5.0,5.0,7.0,11.0,12.0,20.0,9.0,9.0,0.0,0.0,0.0,0.0,0.0,0.0,0.0,0.0,0.0,0.0,0.0,0.0,0.0,0.0,0.0,0.0,0.0,0.0,0.0,0.0,1.0,5.0,0.0,0.0,0.0,0.0,8.0,6.0,11.0,15.0,22.0,28.0,13.0,12.0
187,1.0,187.0,London_60,,151,453,1092.0,70.0,2.0,166704.0,1.733749674865976,821.0,120.0,0.0,120.0,209.0,0.0,209.0,112.0,241.0,102.0,27.0,55.0,9.0,14.0,2.0,3.0,3.0,70.0,119.0,261.0,23.0,0.0,0.0,0.0,0.0,0.0,0.0,0.0,0.0,0.0,0.0,0.0,0.0,0.0,0.0,0.0,0.0,0.0,0.0,0.0,0.0,0.0,0.0,0.0,0.0,0.0,0.0,0.0,0.0,0.0,0.0,0.0,0.0,0.0,0.0,0.0,0.0,0.0,0.0,0.0,0.0,2.0,2.0,7.0,2.0,12.0,0.0,17.0,6.0,6.0,14.0,22.0,23.0,27.0,8.0,0.0,0.0,0.0,0.0,0.0,0.0,0.0,0.0,0.0,0.0,0.0,0.0,0.0,0.0,0.0,0.0,0.0,0.0,0.0,0.0,2.0,3.0,7.0,3.0,14.0,0.0,24.0,8.0,6.0,15.0,31.0,39.0,33.0,12.0
188,1.0,188.0,London_60,,151,453,1092.0,70.0,2.0,144054.0,0.9370326159987599,771.0,86.0,2.0,84.0,180.0,18.0,162.0,209.0,264.0,96.0,12.0,49.0,4.0,19.0,1.0,8.0,3.0,78.0,132.0,240.0,30.0,0.0,0.0,0.0,0.0,0.0,0.0,0.0,0.0,0.0,0.0,0.0,0.0,0.0,0.0,0.0,0.0,0.0,0.0,0.0,0.0,0.0,0.0,0.0,0.0,0.0,0.0,0.0,0.0,0.0,0.0,0.0,0.0,0.0,0.0,0.0,1.0,0.0,0.0,0.0,0.0,1.0,2.0,2.0,1.0,0.0,1.0,12.0,9.0,9.0,14.0,15.0,21.0,21.0,8.0,0.0,0.0,0.0,0.0,0.0,0.0,0.0,0.0,0.0,0.0,0.0,0.0,0.0,0.0,0.0,5.0,0.0,0.0,0.0,0.0,1.0,4.0,3.0,1.0,0.0,1.0,19.0,11.0,15.0,22.0,31.0,32.0,27.0,12.0
189,1.0,189.0,London_60,,151,453,1092.0,70.0,2.0,149037.0,0.7514030179008842,782.0,86.0,1.0,85.0,159.0,8.0,151.0,180.0,280.0,78.0,16.0,57.0,2.0,13.0,1.0,6.0,3.0,83.0,134.0,233.0,15.0,0.0,0.0,0.0,0.0,0.0,0.0,0.0,0.0,0.0,0.0,0.0,0.0,0.0,0.0,0.0,0.0,0.0,0.0,0.0,0.0,0.0,0.0,0.0,0.0,0.0,0.0,0.0,0.0,0.0,0.0,0.0,0.0,1.0,0.0,0.0,1.0,0.0,0.0,0.0,0.0,9.0,1.0,1.0,0.0,0.0,0.0,16.0,4.0,1.0,6.0,18.0,15.0,24.0,5.0,0.0,0.0,0.0,0.0,0.0,0.0,0.0,0.0,0.0,0.0,0.0,0.0,2.0,0.0,0.0,2.0,0.0,0.0,0.0,0.0,12.0,3.0,1.0,0.0,0.0,0.0,22.0,8.0,2.0,9.0,29.0,18.0,30.0,7.0
190,1.0,190.0,London_60,,151,453,1092.0,70.0,2.0,147678.0,1.1401033201254904,779.0,19.0,0.0,19.0,34.0,0.0,34.0,159.0,268.0,79.0,23.0,64.0,7.0,8.0,0.0,4.0,5.0,65.0,146.0,237.0,19.0,0.0,0.0,0.0,0.0,0.0,0.0,0.0,0.0,0.0,0.0,0.0,0.0,0.0,0.0,0.0,0.0,0.0,0.0,0.0,0.0,0.0,0.0,0.0,0.0,0.0,0.0,0.0,0.0,0.0,0.0,0.0,0.0,0.0,0.0,0.0,0.0,0.0,0.0,0.0,0.0,1.0,0.0,0.0,0.0,0.0,0.0,0.0,0.0,0.0,3.0,2.0,7.0,2.0,3.0,0.0,0.0,0.0,0.0,0.0,0.0,0.0,0.0,0.0,0.0,0.0,0.0,0.0,0.0,0.0,0.0,0.0,0.0,0.0,0.0,1.0,0.0,0.0,0.0,0.0,0.0,0.0,0.0,0.0,6.0,3.0,12.0,3.0,5.0
191,1.0,191.0,London_60,,151,453,1092.0,70.0,2.0,186636.0,1.1620801088865846,865.0,94.0,0.0,94.0,154.0,0.0,154.0,34.0,267.0,85.0,23.0,58.0,7.0,8.0,0.0,5.0,4.0,63.0,140.0,246.0,18.0,0.0,0.0,0.0,0.0,0.0,0.0,0.0,0.0,0.0,0.0,0.0,0.0,0.0,0.0,0.0,0.0,0.0,0.0,0.0,0.0,0.0,0.0,0.0,0.0,0.0,0.0,0.0,0.0,0.0,0.0,0.0,0.0,0.0,0.0,0.0,0.0,0.0,0.0,0.0,0.0,2.0,1.0,0.0,0.0,5.0,0.0,7.0,11.0,6.0,5.0,13.0,25.0,12.0,7.0,0.0,0.0,0.0,0.0,0.0,0.0,0.0,0.0,0.0,0.0,0.0,0.0,0.0,0.0,0.0,0.0,0.0,0.0,0.0,0.0,2.0,1.0,0.0,0.0,5.0,0.0,9.0,15.0,7.0,10.0,23.0,39.0,16.0,9.0
192,1.0,192.0,London_60,,151,453,1092.0,70.0,2.0,183465.0,0.7554231628309935,858.0,113.0,2.0,111.0,196.0,17.0,179.0,154.0,282.0,90.0,18.0,42.0,3.0,15.0,0.0,3.0,7.0,71.0,138.0,237.0,26.0,0.0,0.0,0.0,0.0,0.0,0.0,0.0,0.0,0.0,0.0,0.0,0.0,0.0,0.0,0.0,0.0,0.0,0.0,0.0,0.0,0.0,0.0,0.0,0.0,0.0,0.0,0.0,0.0,0.0,0.0,0.0,0.0,0.0,1.0,1.0,2.0,0.0,0.0,0.0,0.0,4.0,6.0,3.0,3.0,5.0,0.0,10.0,6.0,4.0,8.0,29.0,18.0,25.0,4.0,0.0,0.0,0.0,0.0,0.0,0.0,0.0,0.0,0.0,0.0,0.0,0.0,0.0,4.0,9.0,6.0,0.0,0.0,0.0,0.0,5.0,10.0,5.0,4.0,5.0,0.0,12.0,7.0,5.0,11.0,36.0,20.0,31.0,5.0
193,1.0,193.0,London_60,,151,453,1092.0,70.0,2.0,184824.0,1.1979441249277443,861.0,102.0,0.0,102.0,162.0,0.0,162.0,196.0,286.0,67.0,15.0,64.0,1.0,13.0,1.0,6.0,1.0,68.0,145.0,239.0,17.0,0.0,0.0,0.0,0.0,0.0,0.0,0.0,0.0,0.0,0.0,0.0,0.0,0.0,0.0,0.0,0.0,0.0,0.0,0.0,0.0,0.0,0.0,0.0,0.0,0.0,0.0,0.0,0.0,0.0,0.0,0.0,0.0,0.0,0.0,0.0,0.0,0.0,0.0,0.0,0.0,8.0,5.0,0.0,2.0,2.0,2.0,7.0,8.0,10.0,11.0,19.0,16.0,13.0,6.0,0.0,0.0,0.0,0.0,0.0,0.0,0.0,0.0,0.0,0.0,0.0,0.0,0.0,0.0,0.0,0.0,0.0,0.0,0.0,0.0,10.0,5.0,0.0,2.0,2.0,3.0,10.0,12.0,15.0,14.0,28.0,22.0,15.0,7.0
194,1.0,194.0,London_60,,151,453,1092.0,70.0,2.0,181653.0,0.7627070371527225,854.0,113.0,2.0,111.0,196.0,16.0,180.0,162.0,302.0,52.0,11.0,59.0,8.0,17.0,1.0,3.0,8.0,60.0,144.0,241.0,13.0,0.0,0.0,0.0,0.0,0.0,0.0,0.0,0.0,0.0,0.0,0.0,0.0,0.0,0.0,0.0,0.0,0.0,0.0,0.0,0.0,0.0,0.0,0.0,0.0,0.0,0.0,0.0,0.0,0.0,0.0,1.0,0.0,1.0,0.0,1.0,2.0,0.0,0.0,0.0,0.0,9.0,5.0,0.0,2.0,0.0,1.0,7.0,4.0,12.0,10.0,15.0,29.0,14.0,10.0,0.0,0.0,0.0,0.0,0.0,0.0,0.0,0.0,0.0,0.0,6.0,0.0,2.0,0.0,7.0,6.0,0.0,0.0,0.0,0.0,9.0,9.0,0.0,4.0,0.0,1.0,8.0,4.0,14.0,12.0,22.0,44.0,20.0,13.0
195,1.0,195.0,London_60,,151,453,1092.0,70.0,2.0,167610.0,0.6490819880273193,823.0,83.0,2.0,81.0,158.0,19.0,139.0,196.0,279.0,87.0,9.0,48.0,4.0,20.0,2.0,4.0,5.0,64.0,151.0,233.0,24.0,0.0,0.0,0.0,0.0,0.0,0.0,0.0,0.0,0.0,0.0,0.0,0.0,0.0,0.0,0.0,0.0,0.0,0.0,0.0,0.0,0.0,0.0,0.0,0.0,0.0,0.0,0.0,0.0,0.0,1.0,0.0,0.0,0.0,0.0,1.0,1.0,0.0,0.0,0.0,0.0,3.0,4.0,0.0,2.0,0.0,0.0,11.0,5.0,1.0,15.0,14.0,18.0,17.0,7.0,0.0,0.0,0.0,0.0,0.0,0.0,0.0,0.0,0.0,4.0,0.0,0.0,0.0,0.0,5.0,5.0,0.0,0.0,0.0,0.0,3.0,6.0,0.0,3.0,0.0,0.0,12.0,6.0,1.0,17.0,22.0,28.0,22.0,8.0
196,1.0,196.0,London_60,,151,453,1092.0,70.0,2.0,172140.0,0.6739027928560972,833.0,67.0,2.0,65.0,122.0,16.0,106.0,158.0,276.0,93.0,7.0,52.0,3.0,17.0,0.0,5.0,5.0,67.0,144.0,237.0,21.0,0.0,0.0,0.0,0.0,0.0,0.0,0.0,0.0,0.0,0.0,0.0,0.0,0.0,0.0,0.0,0.0,0.0,0.0,0.0,0.0,0.0,0.0,0.0,0.0,0.0,0.0,0.0,0.0,0.0,1.0,0.0,0.0,0.0,1.0,1.0,2.0,0.0,0.0,0.0,0.0,1.0,3.0,0.0,1.0,2.0,0.0,8.0,4.0,0.0,4.0,10.0,16.0,14.0,5.0,0.0,0.0,0.0,0.0,0.0,0.0,0.0,0.0,0.0,1.0,0.0,0.0,0.0,7.0,5.0,4.0,0.0,0.0,0.0,0.0,1.0,4.0,0.0,2.0,2.0,0.0,11.0,5.0,0.0,6.0,15.0,20.0,21.0,6.0
197,1.0,197.0,London_60,,151,453,1092.0,70.0,2.0,179388.0,1.5995975530240685,849.0,154.0,0.0,154.0,267.0,0.0,267.0,122.0,279.0,86.0,7.0,46.0,6.0,23.0,1.0,5.0,3.0,59.0,150.0,241.0,15.0,0.0,0.0,0.0,0.0,0.0,0.0,0.0,0.0,0.0,0.0,0.0,0.0,0.0,0.0,0.0,0.0,0.0,0.0,0.0,0.0,0.0,0.0,0.0,0.0,0.0,0.0,0.0,0.0,0.0,0.0,0.0,0.0,0.0,0.0,0.0,0.0,0.0,0.0,0.0,0.0,5.0,18.0,1.0,3.0,4.0,0.0,13.0,20.0,2.0,13.0,33.0,44.0,20.0,11.0,0.0,0.0,0.0,0.0,0.0,0.0,0.0,0.0,0.0,0.0,0.0,0.0,0.0,0.0,0.0,0.0,0.0,0.0,0.0,0.0,5.0,27.0,1.0,5.0,4.0,0.0,17.0,28.0,3.0,21.0,50.0,65.0,35.0,14.0
198,1.0,198.0,London_60,,151,453,1092.0,70.0,2.0,139071.0,0.4622433891054243,760.0,34.0,2.0,32.0,82.0,18.0,64.0,267.0,218.0,107.0,18.0,73.0,6.0,26.0,2.0,3.0,8.0,64.0,145.0,236.0,36.0,0.0,0.0,0.0,0.0,0.0,0.0,0.0,0.0,0.0,0.0,0.0,0.0,0.0,0.0,0.0,0.0,0.0,0.0,0.0,0.0,0.0,0.0,0.0,0.0,0.0,0.0,0.0,0.0,0.0,1.0,0.0,0.0,0.0,0.0,0.0,1.0,0.0,0.0,0.0,0.0,0.0,3.0,0.0,2.0,0.0,0.0,3.0,3.0,2.0,5.0,2.0,5.0,2.0,4.0,0.0,0.0,0.0,0.0,0.0,0.0,0.0,0.0,0.0,4.0,0.0,0.0,0.0,0.0,0.0,3.0,0.0,0.0,0.0,0.0,0.0,4.0,0.0,3.0,0.0,0.0,9.0,5.0,3.0,6.0,2.0,9.0,4.0,11.0
199,1.0,199.0,London_60,,151,453,1092.0,70.0,2.0,167610.0,0.707442922051996,823.0,164.0,0.0,164.0,284.0,0.0,284.0,82.0,217.0,103.0,20.0,78.0,10.0,22.0,0.0,3.0,7.0,67.0,141.0,238.0,25.0,0.0,0.0,0.0,0.0,0.0,0.0,0.0,0.0,0.0,0.0,0.0,0.0,0.0,0.0,0.0,0.0,0.0,0.0,0.0,0.0,0.0,0.0,0.0,0.0,0.0,0.0,0.0,0.0,0.0,0.0,0.0,0.0,0.0,0.0,0.0,0.0,0.0,0.0,0.0,0.0,0.0,1.0,0.0,3.0,0.0,0.0,9.0,11.0,4.0,22.0,24.0,34.0,22.0,6.0,0.0,0.0,0.0,0.0,0.0,0.0,0.0,0.0,0.0,0.0,0.0,0.0,0.0,0.0,0.0,0.0,0.0,0.0,0.0,0.0,0.0,1.0,0.0,6.0,0.0,0.0,10.0,13.0,6.0,26.0,39.0,48.0,29.0,8.0
200,1.0,200.0,London_60,,151,453,1092.0,70.0,2.0,117327.0,0.8198088500648737,712.0,119.0,0.0,119.0,203.0,0.0,203.0,284.0,200.0,105.0,24.0,88.0,7.0,20.0,2.0,7.0,8.0,84.0,150.0,211.0,37.0,0.0,0.0,0.0,0.0,0.0,0.0,0.0,0.0,0.0,0.0,0.0,0.0,0.0,0.0,0.0,0.0,0.0,0.0,0.0,0.0,0.0,0.0,0.0,0.0,0.0,0.0,0.0,0.0,0.0,0.0,0.0,0.0,0.0,0.0,0.0,0.0,0.0,0.0,0.0,0.0,3.0,7.0,0.0,1.0,2.0,0.0,2.0,7.0,11.0,13.0,22.0,24.0,17.0,9.0,0.0,0.0,0.0,0.0,0.0,0.0,0.0,0.0,0.0,0.0,0.0,0.0,0.0,0.0,0.0,0.0,0.0,0.0,0.0,0.0,3.0,9.0,0.0,3.0,2.0,0.0,2.0,11.0,16.0,16.0,32.0,30.0,22.0,17.0
201,1.0,201.0,London_60,,151,453,1092.0,70.0,2.0,86976.0,0.41728546493686736,645.0,34.0,1.0,33.0,68.0,9.0,59.0,203.0,232.0,106.0,21.0,72.0,3.0,10.0,2.0,7.0,6.0,69.0,164.0,214.0,31.0,0.0,0.0,0.0,0.0,0.0,0.0,0.0,0.0,0.0,0.0,0.0,0.0,0.0,0.0,0.0,0.0,0.0,0.0,0.0,0.0,0.0,0.0,0.0,0.0,0.0,0.0,0.0,0.0,0.0,0.0,0.0,0.0,0.0,0.0,0.0,0.0,0.0,0.0,0.0,0.0,1.0,3.0,0.0,0.0,0.0,0.0,3.0,1.0,1.0,7.0,6.0,7.0,7.0,3.0,0.0,0.0,0.0,0.0,0.0,0.0,0.0,0.0,0.0,0.0,0.0,0.0,0.0,0.0,0.0,0.0,0.0,0.0,0.0,0.0,1.0,4.0,0.0,0.0,0.0,0.0,5.0,2.0,1.0,13.0,9.0,9.0,9.0,4.0
202,1.0,202.0,London_60,,151,453,1092.0,70.0,2.0,104190.0,0.557517671957612,683.0,12.0,2.0,10.0,33.0,17.0,16.0,68.0,240.0,102.0,21.0,67.0,1.0,13.0,2.0,7.0,6.0,73.0,172.0,202.0,35.0,0.0,0.0,0.0,0.0,0.0,0.0,0.0,0.0,0.0,0.0,0.0,0.0,0.0,0.0,0.0,0.0,0.0,0.0,0.0,0.0,0.0,0.0,0.0,0.0,0.0,0.0,0.0,0.0,0.0,0.0,0.0,0.0,0.0,1.0,0.0,1.0,0.0,0.0,0.0,0.0,0.0,1.0,0.0,0.0,0.0,0.0,0.0,1.0,2.0,0.0,1.0,2.0,4.0,1.0,0.0,0.0,0.0,0.0,0.0,0.0,0.0,0.0,0.0,0.0,0.0,0.0,0.0,4.0,0.0,3.0,0.0,0.0,0.0,0.0,0.0,1.0,0.0,0.0,0.0,0.0,0.0,2.0,2.0,0.0,1.0,3.0,6.0,1.0
203,1.0,203.0,London_60,,151,453,1092.0,70.0,2.0,135900.0,0.5273010248783976,753.0,86.0,1.0,85.0,163.0,10.0,153.0,33.0,243.0,105.0,21.0,64.0,3.0,8.0,2.0,7.0,6.0,74.0,157.0,216.0,28.0,0.0,0.0,0.0,0.0,0.0,0.0,0.0,0.0,0.0,0.0,0.0,0.0,0.0,0.0,0.0,0.0,0.0,0.0,0.0,0.0,0.0,0.0,0.0,0.0,0.0,0.0,0.0,0.0,0.0,0.0,0.0,0.0,0.0,0.0,0.0,0.0,0.0,0.0,0.0,0.0,0.0,9.0,2.0,2.0,6.0,0.0,10.0,5.0,5.0,14.0,7.0,24.0,13.0,5.0,0.0,0.0,0.0,0.0,0.0,0.0,0.0,0.0,0.0,0.0,0.0,0.0,0.0,0.0,0.0,0.0,0.0,0.0,0.0,0.0,0.0,13.0,2.0,2.0,6.0,0.0,17.0,5.0,6.0,16.0,15.0,38.0,21.0,7.0
204,1.0,204.0,London_60,,151,453,1092.0,70.0,2.0,135447.0,0.5757596220355481,752.0,87.0,0.0,87.0,149.0,0.0,149.0,163.0,252.0,102.0,22.0,45.0,4.0,23.0,0.0,5.0,6.0,77.0,142.0,228.0,26.0,0.0,0.0,0.0,0.0,0.0,0.0,0.0,0.0,0.0,0.0,0.0,0.0,0.0,0.0,0.0,0.0,0.0,0.0,0.0,0.0,0.0,0.0,0.0,0.0,0.0,0.0,0.0,0.0,0.0,0.0,0.0,0.0,0.0,0.0,0.0,0.0,0.0,0.0,0.0,0.0,1.0,13.0,0.0,1.0,13.0,0.0,4.0,3.0,2.0,9.0,11.0,20.0,17.0,2.0,0.0,0.0,0.0,0.0,0.0,0.0,0.0,0.0,0.0,0.0,0.0,0.0,0.0,0.0,0.0,0.0,0.0,0.0,0.0,0.0,1.0,16.0,0.0,1.0,13.0,0.0,5.0,6.0,3.0,12.0,17.0,27.0,17.0,2.0
205,1.0,205.0,London_60,,151,453,1092.0,70.0,2.0,135447.0,0.530746349832043,752.0,41.0,2.0,39.0,93.0,17.0,76.0,149.0,259.0,104.0,14.0,44.0,9.0,20.0,1.0,2.0,6.0,80.0,130.0,237.0,24.0,0.0,0.0,0.0,0.0,0.0,0.0,0.0,0.0,0.0,0.0,0.0,0.0,0.0,0.0,0.0,0.0,0.0,0.0,0.0,0.0,0.0,0.0,0.0,0.0,0.0,0.0,0.0,0.0,0.0,1.0,0.0,0.0,1.0,0.0,1.0,2.0,0.0,0.0,0.0,0.0,0.0,1.0,0.0,1.0,0.0,0.0,3.0,5.0,0.0,4.0,9.0,9.0,13.0,4.0,0.0,0.0,0.0,0.0,0.0,0.0,0.0,0.0,0.0,2.0,0.0,0.0,2.0,0.0,5.0,4.0,0.0,0.0,0.0,0.0,0.0,4.0,0.0,2.0,0.0,0.0,3.0,7.0,0.0,10.0,14.0,15.0,18.0,8.0
206,1.0,206.0,London_60,,151,453,1092.0,70.0,2.0,149943.0,1.3940393619704992,784.0,56.0,2.0,54.0,114.0,18.0,96.0,93.0,258.0,102.0,14.0,48.0,7.0,20.0,1.0,3.0,5.0,87.0,123.0,238.0,16.0,0.0,0.0,0.0,0.0,0.0,0.0,0.0,0.0,0.0,0.0,0.0,0.0,0.0,0.0,0.0,0.0,0.0,0.0,0.0,0.0,0.0,0.0,0.0,0.0,0.0,0.0,0.0,0.0,0.0,1.0,0.0,0.0,1.0,1.0,0.0,1.0,1.0,0.0,0.0,0.0,3.0,2.0,0.0,1.0,0.0,0.0,10.0,3.0,2.0,12.0,10.0,14.0,10.0,3.0,0.0,0.0,0.0,0.0,0.0,0.0,0.0,0.0,0.0,5.0,0.0,0.0,2.0,6.0,0.0,4.0,7.0,0.0,0.0,0.0,4.0,2.0,0.0,1.0,0.0,0.0,13.0,4.0,3.0,17.0,12.0,22.0,16.0,4.0
207,1.0,207.0,London_60,,151,453,1092.0,70.0,2.0,164892.0,0.695942945079878,817.0,67.0,1.0,66.0,130.0,9.0,121.0,114.0,262.0,101.0,13.0,46.0,11.0,14.0,2.0,4.0,1.0,89.0,120.0,243.0,16.0,0.0,0.0,0.0,0.0,0.0,0.0,0.0,0.0,0.0,0.0,0.0,0.0,0.0,0.0,0.0,0.0,0.0,0.0,0.0,0.0,0.0,0.0,0.0,0.0,0.0,0.0,0.0,0.0,0.0,1.0,0.0,0.0,0.0,0.0,0.0,1.0,0.0,0.0,0.0,0.0,5.0,6.0,4.0,2.0,2.0,0.0,7.0,6.0,3.0,11.0,8.0,22.0,10.0,12.0,0.0,0.0,0.0,0.0,0.0,0.0,0.0,0.0,0.0,5.0,0.0,0.0,0.0,0.0,0.0,2.0,0.0,0.0,0.0,0.0,6.0,7.0,5.0,3.0,2.0,0.0,9.0,10.0,4.0,15.0,12.0,32.0,15.0,20.0
208,1.0,208.0,London_60,,151,453,1092.0,70.0,2.0,178029.0,1.5770646780729294,846.0,105.0,1.0,104.0,189.0,8.0,181.0,130.0,265.0,100.0,16.0,50.0,7.0,12.0,1.0,2.0,3.0,91.0,121.0,238.0,20.0,0.0,0.0,0.0,0.0,0.0,0.0,0.0,0.0,0.0,0.0,0.0,0.0,0.0,0.0,0.0,0.0,0.0,0.0,0.0,0.0,0.0,0.0,0.0,0.0,0.0,0.0,0.0,0.0,0.0,1.0,0.0,0.0,1.0,0.0,0.0,1.0,0.0,0.0,0.0,0.0,5.0,7.0,0.0,0.0,7.0,0.0,23.0,8.0,9.0,7.0,30.0,23.0,17.0,2.0,0.0,0.0,0.0,0.0,0.0,0.0,0.0,0.0,0.0,2.0,0.0,0.0,1.0,0.0,0.0,1.0,0.0,0.0,0.0,0.0,5.0,12.0,0.0,0.0,7.0,0.0,30.0,9.0,11.0,11.0,48.0,28.0,25.0,4.0
209,1.0,209.0,London_60,,151,453,1092.0,70.0,2.0,165798.0,0.7426402899436653,819.0,127.0,0.0,127.0,224.0,0.0,224.0,189.0,268.0,84.0,4.0,57.0,10.0,25.0,1.0,4.0,7.0,86.0,144.0,216.0,29.0,0.0,0.0,0.0,0.0,0.0,0.0,0.0,0.0,0.0,0.0,0.0,0.0,0.0,0.0,0.0,0.0,0.0,0.0,0.0,0.0,0.0,0.0,0.0,0.0,0.0,0.0,0.0,0.0,0.0,0.0,0.0,0.0,0.0,0.0,0.0,0.0,0.0,0.0,0.0,0.0,3.0,6.0,0.0,4.0,7.0,1.0,6.0,7.0,2.0,9.0,30.0,26.0,19.0,9.0,0.0,0.0,0.0,0.0,0.0,0.0,0.0,0.0,0.0,0.0,0.0,0.0,0.0,0.0,0.0,0.0,0.0,0.0,0.0,0.0,3.0,12.0,0.0,6.0,8.0,2.0,6.0,11.0,2.0,12.0,43.0,39.0,22.0,16.0
210,1.0,210.0,London_60,,151,453,1092.0,70.0,2.0,149490.0,1.6899493120145053,783.0,91.0,0.0,91.0,154.0,0.0,154.0,224.0,245.0,72.0,11.0,81.0,13.0,30.0,0.0,1.0,2.0,64.0,158.0,229.0,29.0,0.0,0.0,0.0,0.0,0.0,0.0,0.0,0.0,0.0,0.0,0.0,0.0,0.0,0.0,0.0,0.0,0.0,0.0,0.0,0.0,0.0,0.0,0.0,0.0,0.0,0.0,0.0,0.0,0.0,0.0,0.0,0.0,0.0,0.0,0.0,0.0,0.0,0.0,0.0,0.0,1.0,4.0,0.0,1.0,0.0,0.0,7.0,6.0,4.0,9.0,22.0,20.0,11.0,6.0,0.0,0.0,0.0,0.0,0.0,0.0,0.0,0.0,0.0,0.0,0.0,0.0,0.0,0.0,0.0,0.0,0.0,0.0,0.0,0.0,2.0,5.0,0.0,2.0,0.0,0.0,9.0,9.0,5.0,10.0,31.0,32.0,18.0,11.0
211,1.0,211.0,London_60,,151,453,1092.0,70.0,2.0,154926.0,1.343480764888227,795.0,115.0,1.0,114.0,217.0,7.0,210.0,154.0,248.0,84.0,14.0,69.0,13.0,21.0,2.0,2.0,4.0,72.0,154.0,223.0,22.0,0.0,0.0,0.0,0.0,0.0,0.0,0.0,0.0,0.0,0.0,0.0,0.0,0.0,0.0,0.0,0.0,0.0,0.0,0.0,0.0,0.0,0.0,0.0,0.0,0.0,0.0,0.0,0.0,0.0,0.0,0.0,0.0,0.0,0.0,1.0,0.0,0.0,0.0,0.0,0.0,0.0,13.0,13.0,1.0,0.0,0.0,11.0,14.0,5.0,16.0,18.0,28.0,19.0,10.0,0.0,0.0,0.0,0.0,0.0,0.0,0.0,0.0,0.0,0.0,0.0,0.0,0.0,0.0,6.0,0.0,0.0,0.0,0.0,0.0,0.0,21.0,13.0,2.0,0.0,0.0,12.0,21.0,7.0,21.0,32.0,38.0,26.0,15.0
212,1.0,212.0,London_60,,151,453,1092.0,70.0,2.0,140883.0,1.2234640929382294,764.0,68.0,1.0,67.0,127.0,9.0,118.0,217.0,242.0,94.0,16.0,60.0,12.0,26.0,1.0,2.0,5.0,69.0,157.0,222.0,25.0,0.0,0.0,0.0,0.0,0.0,0.0,0.0,0.0,0.0,0.0,0.0,0.0,0.0,0.0,0.0,0.0,0.0,0.0,0.0,0.0,0.0,0.0,0.0,0.0,0.0,0.0,0.0,0.0,0.0,0.0,0.0,0.0,0.0,0.0,0.0,0.0,0.0,0.0,0.0,0.0,0.0,1.0,0.0,0.0,0.0,0.0,6.0,9.0,12.0,2.0,11.0,15.0,11.0,5.0,0.0,0.0,0.0,0.0,0.0,0.0,0.0,0.0,0.0,0.0,0.0,0.0,0.0,0.0,0.0,0.0,0.0,0.0,0.0,0.0,0.0,1.0,0.0,0.0,0.0,0.0,7.0,14.0,15.0,3.0,16.0,20.0,16.0,9.0
213,1.0,213.0,London_60,,151,453,1092.0,70.0,2.0,139071.0,0.9116996750235558,760.0,95.0,2.0,93.0,178.0,19.0,159.0,127.0,257.0,100.0,16.0,42.0,11.0,23.0,1.0,3.0,5.0,73.0,150.0,225.0,21.0,0.0,0.0,0.0,0.0,0.0,0.0,0.0,0.0,0.0,0.0,0.0,0.0,0.0,0.0,0.0,0.0,0.0,0.0,0.0,0.0,0.0,0.0,0.0,0.0,0.0,0.0,0.0,0.0,0.0,0.0,0.0,0.0,0.0,1.0,1.0,1.0,0.0,0.0,0.0,0.0,3.0,4.0,4.0,1.0,3.0,0.0,10.0,7.0,8.0,10.0,23.0,19.0,20.0,9.0,0.0,0.0,0.0,0.0,0.0,0.0,0.0,0.0,0.0,0.0,0.0,0.0,0.0,8.0,7.0,4.0,0.0,0.0,0.0,0.0,3.0,6.0,5.0,1.0,3.0,0.0,15.0,10.0,9.0,15.0,29.0,23.0,23.0,15.0
214,1.0,214.0,London_60,,151,453,1092.0,70.0,2.0,125934.0,0.8620105609297752,731.0,37.0,2.0,35.0,75.0,20.0,55.0,178.0,255.0,81.0,16.0,51.0,15.0,24.0,1.0,10.0,3.0,63.0,151.0,236.0,27.0,0.0,0.0,0.0,0.0,0.0,0.0,0.0,0.0,0.0,0.0,0.0,0.0,0.0,0.0,0.0,0.0,0.0,0.0,0.0,0.0,0.0,0.0,0.0,0.0,0.0,0.0,0.0,0.0,0.0,1.0,0.0,0.0,0.0,0.0,0.0,0.0,0.0,0.0,0.0,0.0,2.0,0.0,0.0,0.0,0.0,0.0,3.0,2.0,1.0,4.0,10.0,9.0,10.0,3.0,0.0,0.0,0.0,0.0,0.0,0.0,0.0,0.0,0.0,4.0,0.0,0.0,0.0,0.0,0.0,0.0,0.0,0.0,0.0,0.0,2.0,0.0,0.0,0.0,0.0,0.0,3.0,2.0,1.0,6.0,13.0,14.0,14.0,6.0
215,1.0,215.0,London_60,,151,453,1092.0,70.0,2.0,139071.0,0.5416748011484742,760.0,12.0,1.0,11.0,25.0,8.0,17.0,75.0,254.0,91.0,14.0,56.0,10.0,19.0,2.0,7.0,3.0,62.0,137.0,251.0,27.0,0.0,0.0,0.0,0.0,0.0,0.0,0.0,0.0,0.0,0.0,0.0,0.0,0.0,0.0,0.0,0.0,0.0,0.0,0.0,0.0,0.0,0.0,0.0,0.0,0.0,0.0,0.0,0.0,0.0,0.0,0.0,0.0,0.0,1.0,0.0,1.0,0.0,0.0,0.0,0.0,0.0,0.0,0.0,0.0,0.0,0.0,0.0,1.0,0.0,1.0,0.0,2.0,2.0,1.0,0.0,0.0,0.0,0.0,0.0,0.0,0.0,0.0,0.0,0.0,0.0,0.0,0.0,8.0,0.0,1.0,0.0,0.0,0.0,0.0,0.0,0.0,0.0,0.0,0.0,0.0,0.0,2.0,0.0,1.0,0.0,2.0,3.0,1.0
216,1.0,216.0,London_60,,151,453,1092.0,70.0,2.0,176217.0,2.1455158069729805,842.0,163.0,0.0,163.0,286.0,0.0,286.0,25.0,251.0,95.0,13.0,54.0,11.0,20.0,2.0,7.0,2.0,67.0,130.0,254.0,22.0,0.0,0.0,0.0,0.0,0.0,0.0,0.0,0.0,0.0,0.0,0.0,0.0,0.0,0.0,0.0,0.0,0.0,0.0,0.0,0.0,0.0,0.0,0.0,0.0,0.0,0.0,0.0,0.0,0.0,0.0,0.0,0.0,0.0,0.0,0.0,0.0,0.0,0.0,0.0,0.0,7.0,24.0,1.0,1.0,14.0,1.0,20.0,18.0,6.0,12.0,37.0,49.0,28.0,6.0,0.0,0.0,0.0,0.0,0.0,0.0,0.0,0.0,0.0,0.0,0.0,0.0,0.0,0.0,0.0,0.0,0.0,0.0,0.0,0.0,8.0,33.0,1.0,1.0,15.0,1.0,25.0,23.0,6.0,15.0,60.0,73.0,37.0,8.0
217,1.0,217.0,London_60,,151,453,1092.0,70.0,2.0,136353.0,0.8287524890620261,754.0,150.0,2.0,148.0,286.0,19.0,267.0,286.0,194.0,114.0,16.0,81.0,7.0,33.0,1.0,7.0,6.0,77.0,159.0,211.0,39.0,0.0,0.0,0.0,0.0,0.0,0.0,0.0,0.0,0.0,0.0,0.0,0.0,0.0,0.0,0.0,0.0,0.0,0.0,0.0,0.0,0.0,0.0,0.0,0.0,0.0,0.0,0.0,0.0,0.0,0.0,0.0,0.0,0.0,0.0,1.0,2.0,0.0,0.0,0.0,0.0,0.0,6.0,3.0,1.0,1.0,0.0,12.0,9.0,11.0,13.0,29.0,34.0,29.0,18.0,0.0,0.0,0.0,0.0,0.0,0.0,0.0,0.0,0.0,0.0,0.0,0.0,0.0,0.0,6.0,8.0,0.0,0.0,0.0,0.0,0.0,7.0,3.0,1.0,1.0,0.0,14.0,10.0,11.0,17.0,45.0,58.0,37.0,27.0
218,1.0,218.0,London_60,,151,453,1092.0,70.0,2.0,101925.0,0.47876969212666154,678.0,37.0,0.0,37.0,63.0,0.0,63.0,286.0,181.0,110.0,22.0,91.0,3.0,36.0,3.0,7.0,4.0,77.0,134.0,238.0,33.0,0.0,0.0,0.0,0.0,0.0,0.0,0.0,0.0,0.0,0.0,0.0,0.0,0.0,0.0,0.0,0.0,0.0,0.0,0.0,0.0,0.0,0.0,0.0,0.0,0.0,0.0,0.0,0.0,0.0,0.0,0.0,0.0,0.0,0.0,0.0,0.0,0.0,0.0,0.0,0.0,0.0,0.0,0.0,1.0,0.0,0.0,3.0,2.0,0.0,2.0,16.0,5.0,4.0,6.0,0.0,0.0,0.0,0.0,0.0,0.0,0.0,0.0,0.0,0.0,0.0,0.0,0.0,0.0,0.0,0.0,0.0,0.0,0.0,0.0,0.0,0.0,0.0,1.0,0.0,0.0,5.0,4.0,0.0,2.0,21.0,8.0,5.0,11.0
219,1.0,219.0,London_60,,151,453,1092.0,70.0,2.0,128652.0,1.2902793698012829,737.0,2.0,2.0,0.0,18.0,18.0,0.0,63.0,184.0,102.0,25.0,87.0,4.0,38.0,3.0,10.0,6.0,77.0,142.0,228.0,30.0,0.0,0.0,0.0,0.0,0.0,0.0,0.0,0.0,0.0,0.0,0.0,0.0,0.0,0.0,0.0,0.0,0.0,0.0,0.0,0.0,0.0,0.0,0.0,0.0,0.0,0.0,0.0,0.0,0.0,0.0,0.0,0.0,0.0,1.0,0.0,1.0,0.0,0.0,0.0,0.0,0.0,0.0,0.0,0.0,0.0,0.0,0.0,0.0,0.0,0.0,0.0,0.0,0.0,0.0,0.0,0.0,0.0,0.0,0.0,0.0,0.0,0.0,0.0,0.0,0.0,0.0,0.0,4.0,0.0,2.0,0.0,0.0,0.0,0.0,0.0,0.0,0.0,0.0,0.0,0.0,0.0,0.0,0.0,0.0,0.0,0.0,0.0,0.0
220,1.0,220.0,London_60,,151,453,1092.0,70.0,2.0,173499.0,0.8286930001340806,836.0,78.0,0.0,78.0,127.0,0.0,127.0,18.0,185.0,104.0,25.0,93.0,4.0,28.0,3.0,11.0,3.0,79.0,134.0,237.0,26.0,0.0,0.0,0.0,0.0,0.0,0.0,0.0,0.0,0.0,0.0,0.0,0.0,0.0,0.0,0.0,0.0,0.0,0.0,0.0,0.0,0.0,0.0,0.0,0.0,0.0,0.0,0.0,0.0,0.0,0.0,0.0,0.0,0.0,0.0,0.0,0.0,0.0,0.0,0.0,0.0,1.0,0.0,0.0,0.0,0.0,0.0,6.0,6.0,2.0,4.0,22.0,14.0,17.0,5.0,0.0,0.0,0.0,0.0,0.0,0.0,0.0,0.0,0.0,0.0,0.0,0.0,0.0,0.0,0.0,0.0,0.0,0.0,0.0,0.0,1.0,0.0,0.0,0.0,0.0,0.0,12.0,9.0,3.0,5.0,33.0,18.0,24.0,10.0
221,1.0,221.0,London_60,,151,453,1092.0,70.0,2.0,180747.0,2.0676624679472297,852.0,115.0,0.0,115.0,210.0,0.0,210.0,127.0,189.0,102.0,24.0,89.0,4.0,36.0,0.0,9.0,1.0,86.0,144.0,222.0,25.0,0.0,0.0,0.0,0.0,0.0,0.0,0.0,0.0,0.0,0.0,0.0,0.0,0.0,0.0,0.0,0.0,0.0,0.0,0.0,0.0,0.0,0.0,0.0,0.0,0.0,0.0,0.0,0.0,0.0,0.0,0.0,0.0,0.0,0.0,0.0,0.0,0.0,0.0,0.0,0.0,1.0,2.0,0.0,1.0,0.0,0.0,17.0,10.0,13.0,10.0,27.0,22.0,20.0,13.0,0.0,0.0,0.0,0.0,0.0,0.0,0.0,0.0,0.0,0.0,0.0,0.0,0.0,0.0,0.0,0.0,0.0,0.0,0.0,0.0,1.0,2.0,0.0,3.0,0.0,0.0,23.0,14.0,17.0,13.0,39.0,32.0,31.0,21.0
222,1.0,222.0,London_60,,151,453,1092.0,70.0,2.0,170781.0,1.1096165098715574,830.0,43.0,0.0,43.0,74.0,0.0,74.0,210.0,204.0,86.0,27.0,76.0,8.0,47.0,1.0,4.0,4.0,78.0,161.0,210.0,29.0,0.0,0.0,0.0,0.0,0.0,0.0,0.0,0.0,0.0,0.0,0.0,0.0,0.0,0.0,0.0,0.0,0.0,0.0,0.0,0.0,0.0,0.0,0.0,0.0,0.0,0.0,0.0,0.0,0.0,0.0,0.0,0.0,0.0,0.0,0.0,0.0,0.0,0.0,0.0,0.0,0.0,2.0,1.0,1.0,1.0,0.0,2.0,4.0,2.0,2.0,5.0,10.0,3.0,3.0,0.0,0.0,0.0,0.0,0.0,0.0,0.0,0.0,0.0,0.0,0.0,0.0,0.0,0.0,0.0,0.0,0.0,0.0,0.0,0.0,0.0,3.0,1.0,2.0,1.0,0.0,2.0,6.0,3.0,4.0,7.0,13.0,4.0,4.0
223,1.0,223.0,London_60,,151,453,1092.0,70.0,2.0,195243.0,1.2089920998550951,884.0,146.0,2.0,144.0,280.0,22.0,258.0,74.0,217.0,93.0,26.0,65.0,6.0,43.0,2.0,1.0,4.0,72.0,167.0,210.0,27.0,0.0,0.0,0.0,0.0,0.0,0.0,0.0,0.0,0.0,1.0,0.0,1.0,0.0,0.0,0.0,0.0,0.0,0.0,1.0,0.0,0.0,0.0,0.0,0.0,0.0,0.0,0.0,0.0,0.0,0.0,0.0,0.0,0.0,0.0,1.0,1.0,0.0,0.0,0.0,0.0,8.0,17.0,0.0,0.0,5.0,0.0,11.0,3.0,7.0,8.0,31.0,39.0,20.0,12.0,0.0,0.0,0.0,0.0,0.0,0.0,0.0,0.0,0.0,0.0,0.0,0.0,0.0,0.0,1.0,5.0,0.0,0.0,0.0,0.0,11.0,26.0,0.0,0.0,5.0,0.0,12.0,4.0,11.0,12.0,49.0,58.0,23.0,17.0
224,1.0,224.0,London_60,,151,453,1092.0,70.0,2.0,165345.0,2.890681090997532,818.0,95.0,2.0,93.0,176.0,18.0,158.0,270.0,215.0,91.0,19.0,75.0,10.0,37.0,1.0,5.0,8.0,68.0,153.0,224.0,40.0,0.0,0.0,0.0,0.0,0.0,0.0,0.0,0.0,0.0,0.0,0.0,0.0,0.0,0.0,0.0,0.0,0.0,0.0,0.0,0.0,0.0,0.0,0.0,0.0,0.0,0.0,0.0,0.0,0.0,2.0,0.0,0.0,2.0,0.0,2.0,0.0,1.0,0.0,0.0,0.0,1.0,3.0,1.0,2.0,1.0,0.0,7.0,5.0,12.0,8.0,20.0,16.0,20.0,9.0,0.0,0.0,0.0,0.0,0.0,0.0,0.0,0.0,0.0,5.0,0.0,0.0,5.0,0.0,12.0,0.0,10.0,0.0,0.0,0.0,1.0,5.0,1.0,2.0,1.0,0.0,8.0,8.0,17.0,11.0,27.0,22.0,29.0,13.0
225,1.0,225.0,London_60,,151,453,1092.0,70.0,2.0,167157.0,1.1731397879775614,822.0,108.0,2.0,106.0,215.0,17.0,198.0,176.0,212.0,111.0,23.0,56.0,7.0,41.0,0.0,3.0,6.0,75.0,135.0,237.0,32.0,0.0,0.0,0.0,0.0,0.0,0.0,0.0,0.0,0.0,0.0,0.0,0.0,0.0,0.0,0.0,0.0,0.0,0.0,0.0,0.0,0.0,0.0,0.0,0.0,0.0,0.0,0.0,0.0,0.0,1.0,0.0,0.0,0.0,0.0,0.0,2.0,0.0,0.0,0.0,0.0,6.0,17.0,0.0,0.0,15.0,0.0,7.0,11.0,14.0,12.0,19.0,23.0,21.0,3.0,0.0,0.0,0.0,0.0,0.0,0.0,0.0,0.0,0.0,1.0,0.0,0.0,0.0,0.0,0.0,11.0,0.0,0.0,0.0,0.0,9.0,31.0,0.0,0.0,15.0,0.0,7.0,17.0,21.0,22.0,30.0,33.0,25.0,4.0
226,1.0,226.0,London_60,,151,453,1092.0,70.0,2.0,159456.0,1.0072471471503377,805.0,134.0,1.0,133.0,251.0,12.0,239.0,215.0,222.0,122.0,13.0,70.0,5.0,17.0,1.0,3.0,9.0,76.0,133.0,235.0,39.0,0.0,0.0,0.0,0.0,0.0,0.0,0.0,0.0,0.0,0.0,0.0,0.0,0.0,0.0,0.0,0.0,0.0,0.0,0.0,0.0,0.0,0.0,0.0,0.0,0.0,0.0,0.0,0.0,0.0,0.0,0.0,0.0,0.0,0.0,0.0,1.0,0.0,0.0,0.0,0.0,2.0,7.0,1.0,3.0,6.0,0.0,14.0,9.0,4.0,20.0,30.0,36.0,20.0,9.0,0.0,0.0,0.0,0.0,0.0,0.0,0.0,0.0,0.0,0.0,0.0,0.0,0.0,0.0,0.0,2.0,0.0,0.0,0.0,0.0,2.0,9.0,1.0,5.0,8.0,0.0,17.0,11.0,6.0,25.0,49.0,54.0,26.0,17.0
227,1.0,227.0,London_60,,151,453,1092.0,70.0,2.0,132276.0,0.5734078830573708,745.0,14.0,0.0,14.0,22.0,0.0,22.0,251.0,227.0,112.0,22.0,64.0,8.0,16.0,0.0,4.0,3.0,77.0,147.0,226.0,38.0,0.0,0.0,0.0,0.0,0.0,0.0,0.0,0.0,0.0,0.0,0.0,0.0,0.0,0.0,0.0,0.0,0.0,0.0,0.0,0.0,0.0,0.0,0.0,0.0,0.0,0.0,0.0,0.0,0.0,0.0,0.0,0.0,0.0,0.0,0.0,0.0,0.0,0.0,0.0,0.0,0.0,0.0,0.0,0.0,0.0,0.0,0.0,1.0,0.0,0.0,1.0,3.0,3.0,5.0,0.0,0.0,0.0,0.0,0.0,0.0,0.0,0.0,0.0,0.0,0.0,0.0,0.0,0.0,0.0,0.0,0.0,0.0,0.0,0.0,0.0,0.0,0.0,0.0,0.0,0.0,0.0,1.0,0.0,0.0,2.0,4.0,3.0,6.0
228,1.0,228.0,London_60,,151,453,1092.0,70.0,2.0,163080.0,0.8579638400115073,813.0,144.0,0.0,144.0,245.0,0.0,245.0,22.0,225.0,112.0,21.0,67.0,8.0,14.0,0.0,6.0,4.0,73.0,152.0,224.0,38.0,0.0,0.0,0.0,0.0,0.0,0.0,0.0,0.0,0.0,0.0,0.0,0.0,0.0,0.0,0.0,0.0,0.0,0.0,0.0,0.0,0.0,0.0,0.0,0.0,0.0,0.0,0.0,0.0,0.0,0.0,0.0,0.0,0.0,0.0,0.0,0.0,0.0,0.0,0.0,0.0,1.0,0.0,0.0,0.0,3.0,0.0,15.0,12.0,4.0,10.0,30.0,35.0,13.0,11.0,0.0,0.0,0.0,0.0,0.0,0.0,0.0,0.0,0.0,0.0,0.0,0.0,0.0,0.0,0.0,0.0,0.0,0.0,0.0,0.0,2.0,0.0,0.0,0.0,3.0,0.0,19.0,15.0,6.0,13.0,45.0,59.0,18.0,20.0
229,1.0,229.0,London_60,,151,453,1092.0,70.0,2.0,125028.0,0.5512937530875206,729.0,25.0,0.0,25.0,39.0,0.0,39.0,245.0,219.0,97.0,19.0,98.0,5.0,13.0,0.0,2.0,5.0,74.0,145.0,229.0,40.0,0.0,0.0,0.0,0.0,0.0,0.0,0.0,0.0,0.0,0.0,0.0,0.0,0.0,0.0,0.0,0.0,0.0,0.0,0.0,0.0,0.0,0.0,0.0,0.0,0.0,0.0,0.0,0.0,0.0,0.0,0.0,0.0,0.0,0.0,0.0,0.0,0.0,0.0,0.0,0.0,0.0,0.0,0.0,0.0,0.0,0.0,0.0,3.0,0.0,1.0,5.0,10.0,5.0,1.0,0.0,0.0,0.0,0.0,0.0,0.0,0.0,0.0,0.0,0.0,0.0,0.0,0.0,0.0,0.0,0.0,0.0,0.0,0.0,0.0,0.0,0.0,0.0,0.0,0.0,0.0,0.0,5.0,0.0,1.0,6.0,18.0,6.0,1.0
230,1.0,230.0,London_60,,151,453,1092.0,70.0,2.0,154020.0,0.657580632949248,793.0,54.0,2.0,52.0,116.0,18.0,98.0,39.0,225.0,89.0,20.0,97.0,5.0,15.0,1.0,1.0,4.0,74.0,147.0,228.0,33.0,0.0,0.0,0.0,0.0,0.0,0.0,0.0,0.0,0.0,0.0,0.0,0.0,0.0,0.0,0.0,0.0,0.0,0.0,0.0,0.0,0.0,0.0,0.0,0.0,0.0,0.0,0.0,0.0,0.0,0.0,0.0,0.0,0.0,0.0,0.0,1.0,0.0,0.0,0.0,0.0,2.0,1.0,0.0,2.0,1.0,0.0,6.0,1.0,4.0,5.0,10.0,10.0,9.0,4.0,0.0,0.0,0.0,0.0,0.0,0.0,0.0,0.0,0.0,0.0,0.0,0.0,0.0,0.0,0.0,2.0,0.0,0.0,0.0,0.0,2.0,1.0,0.0,4.0,1.0,0.0,11.0,1.0,5.0,8.0,17.0,13.0,16.0,6.0
231,1.0,231.0,London_60,,151,453,1092.0,70.0,2.0,160815.0,1.1347971188370138,808.0,167.0,1.0,166.0,296.0,8.0,288.0,116.0,226.0,87.0,25.0,89.0,5.0,17.0,1.0,3.0,4.0,86.0,126.0,237.0,33.0,0.0,0.0,0.0,0.0,0.0,0.0,0.0,0.0,0.0,0.0,0.0,0.0,0.0,0.0,0.0,0.0,0.0,0.0,0.0,0.0,0.0,0.0,0.0,0.0,0.0,0.0,0.0,0.0,0.0,0.0,0.0,0.0,0.0,0.0,0.0,1.0,0.0,0.0,0.0,0.0,2.0,23.0,8.0,1.0,6.0,1.0,15.0,9.0,3.0,19.0,35.0,39.0,16.0,7.0,0.0,0.0,0.0,0.0,0.0,0.0,0.0,0.0,0.0,0.0,0.0,0.0,0.0,0.0,0.0,1.0,0.0,0.0,0.0,0.0,2.0,35.0,8.0,1.0,6.0,1.0,20.0,11.0,4.0,30.0,56.0,57.0,20.0,9.0
232,1.0,232.0,London_60,,151,453,1092.0,70.0,2.0,119592.0,0.4891044991090894,717.0,34.0,0.0,34.0,64.0,0.0,64.0,296.0,206.0,95.0,25.0,84.0,7.0,30.0,3.0,3.0,6.0,69.0,151.0,227.0,39.0,0.0,0.0,0.0,0.0,0.0,0.0,0.0,0.0,0.0,0.0,0.0,0.0,0.0,0.0,0.0,0.0,0.0,0.0,0.0,0.0,0.0,0.0,0.0,0.0,0.0,0.0,0.0,0.0,0.0,0.0,0.0,0.0,0.0,0.0,0.0,0.0,0.0,0.0,0.0,0.0,0.0,1.0,0.0,1.0,0.0,0.0,0.0,5.0,3.0,4.0,3.0,11.0,6.0,4.0,0.0,0.0,0.0,0.0,0.0,0.0,0.0,0.0,0.0,0.0,0.0,0.0,0.0,0.0,0.0,0.0,0.0,0.0,0.0,0.0,0.0,1.0,0.0,1.0,0.0,0.0,0.0,8.0,3.0,5.0,6.0,13.0,6.0,4.0
233,1.0,233.0,London_60,,151,453,1092.0,70.0,2.0,142695.0,0.591406047809869,768.0,98.0,0.0,98.0,172.0,0.0,172.0,64.0,207.0,100.0,27.0,77.0,8.0,30.0,1.0,3.0,6.0,70.0,147.0,230.0,36.0,0.0,0.0,0.0,0.0,0.0,0.0,0.0,0.0,0.0,0.0,0.0,0.0,0.0,0.0,0.0,0.0,0.0,0.0,0.0,0.0,0.0,0.0,0.0,0.0,0.0,0.0,0.0,0.0,0.0,0.0,0.0,0.0,0.0,0.0,0.0,0.0,0.0,0.0,0.0,0.0,1.0,4.0,0.0,0.0,1.0,0.0,1.0,11.0,11.0,6.0,21.0,22.0,17.0,4.0,0.0,0.0,0.0,0.0,0.0,0.0,0.0,0.0,0.0,0.0,0.0,0.0,0.0,0.0,0.0,0.0,0.0,0.0,0.0,0.0,1.0,6.0,0.0,0.0,1.0,0.0,2.0,13.0,17.0,8.0,29.0,32.0,19.0,6.0
234,1.0,234.0,London_60,,151,453,1092.0,70.0,2.0,135900.0,0.5480420158710331,753.0,22.0,2.0,20.0,49.0,17.0,32.0,172.0,224.0,101.0,37.0,46.0,11.0,29.0,1.0,4.0,1.0,61.0,148.0,243.0,23.0,0.0,0.0,0.0,0.0,0.0,0.0,0.0,0.0,0.0,0.0,0.0,0.0,0.0,0.0,0.0,0.0,0.0,0.0,0.0,0.0,0.0,0.0,0.0,0.0,0.0,0.0,0.0,0.0,0.0,1.0,0.0,0.0,2.0,1.0,1.0,1.0,0.0,0.0,0.0,0.0,0.0,0.0,0.0,0.0,0.0,0.0,1.0,2.0,0.0,2.0,7.0,4.0,3.0,2.0,0.0,0.0,0.0,0.0,0.0,0.0,0.0,0.0,0.0,2.0,0.0,0.0,8.0,6.0,8.0,5.0,0.0,0.0,0.0,0.0,0.0,0.0,0.0,0.0,0.0,0.0,2.0,3.0,0.0,4.0,10.0,6.0,3.0,3.0
235,1.0,235.0,London_60,,151,453,1092.0,70.0,2.0,163986.0,0.767535159131512,815.0,23.0,0.0,23.0,40.0,0.0,40.0,49.0,228.0,106.0,38.0,46.0,7.0,23.0,1.0,4.0,3.0,62.0,142.0,246.0,22.0,0.0,0.0,0.0,0.0,0.0,0.0,0.0,0.0,0.0,0.0,0.0,0.0,0.0,0.0,0.0,0.0,0.0,0.0,0.0,0.0,0.0,0.0,0.0,0.0,0.0,0.0,0.0,0.0,0.0,0.0,0.0,0.0,0.0,0.0,0.0,0.0,0.0,0.0,0.0,0.0,0.0,2.0,0.0,1.0,0.0,0.0,3.0,1.0,1.0,2.0,2.0,5.0,4.0,2.0,0.0,0.0,0.0,0.0,0.0,0.0,0.0,0.0,0.0,0.0,0.0,0.0,0.0,0.0,0.0,0.0,0.0,0.0,0.0,0.0,0.0,3.0,0.0,1.0,0.0,0.0,4.0,3.0,1.0,3.0,4.0,7.0,5.0,5.0
236,1.0,236.0,London_60,,151,453,1092.0,70.0,2.0,197961.0,1.2800697549246252,890.0,192.0,2.0,190.0,339.0,16.0,323.0,40.0,228.0,102.0,41.0,50.0,9.0,20.0,0.0,3.0,3.0,69.0,143.0,238.0,19.0,0.0,0.0,0.0,0.0,0.0,0.0,0.0,0.0,0.0,0.0,0.0,0.0,0.0,0.0,0.0,0.0,0.0,0.0,0.0,0.0,0.0,0.0,0.0,0.0,0.0,0.0,0.0,0.0,0.0,0.0,0.0,0.0,0.0,0.0,1.0,1.0,0.0,0.0,0.0,0.0,3.0,25.0,14.0,6.0,0.0,0.0,9.0,11.0,5.0,8.0,32.0,57.0,20.0,13.0,0.0,0.0,0.0,0.0,0.0,0.0,0.0,0.0,0.0,0.0,0.0,0.0,0.0,0.0,7.0,1.0,0.0,0.0,0.0,0.0,4.0,36.0,17.0,10.0,0.0,0.0,14.0,18.0,5.0,11.0,47.0,87.0,29.0,20.0
237,1.0,237.0,London_60,,151,453,1092.0,70.0,2.0,149037.0,1.3084852232132107,782.0,53.0,2.0,51.0,100.0,19.0,81.0,339.0,160.0,127.0,20.0,96.0,10.0,29.0,2.0,9.0,6.0,69.0,134.0,244.0,51.0,0.0,0.0,0.0,0.0,0.0,0.0,0.0,0.0,0.0,0.0,0.0,0.0,0.0,0.0,0.0,0.0,0.0,0.0,0.0,0.0,0.0,0.0,0.0,0.0,0.0,0.0,0.0,0.0,0.0,1.0,0.0,0.0,0.0,0.0,1.0,1.0,0.0,0.0,0.0,0.0,2.0,0.0,0.0,1.0,0.0,0.0,7.0,6.0,1.0,3.0,11.0,16.0,7.0,3.0,0.0,0.0,0.0,0.0,0.0,0.0,0.0,0.0,0.0,2.0,0.0,0.0,0.0,0.0,6.0,3.0,0.0,0.0,0.0,0.0,2.0,0.0,0.0,3.0,0.0,0.0,11.0,7.0,1.0,4.0,15.0,23.0,9.0,3.0
238,1.0,238.0,London_60,,151,453,1092.0,70.0,2.0,163533.0,1.6870534210465848,814.0,100.0,2.0,98.0,198.0,16.0,182.0,100.0,170.0,127.0,20.0,90.0,9.0,28.0,1.0,8.0,6.0,71.0,126.0,250.0,42.0,0.0,0.0,0.0,0.0,0.0,0.0,0.0,0.0,0.0,0.0,0.0,0.0,0.0,0.0,0.0,0.0,0.0,0.0,0.0,0.0,0.0,0.0,0.0,0.0,0.0,0.0,0.0,0.0,0.0,1.0,0.0,0.0,0.0,1.0,1.0,2.0,0.0,0.0,0.0,0.0,2.0,6.0,2.0,1.0,0.0,0.0,20.0,8.0,10.0,9.0,15.0,22.0,20.0,10.0,0.0,0.0,0.0,0.0,0.0,0.0,0.0,0.0,0.0,3.0,0.0,0.0,0.0,6.0,8.0,7.0,0.0,0.0,0.0,0.0,3.0,9.0,2.0,2.0,0.0,0.0,32.0,10.0,15.0,14.0,24.0,32.0,31.0,17.0
239,1.0,239.0,London_60,,151,453,1092.0,70.0,2.0,159909.0,0.9520693100057542,806.0,139.0,0.0,139.0,231.0,0.0,231.0,198.0,189.0,139.0,20.0,70.0,3.0,19.0,2.0,11.0,7.0,70.0,141.0,235.0,41.0,0.0,0.0,0.0,0.0,0.0,0.0,0.0,0.0,0.0,0.0,0.0,0.0,0.0,0.0,0.0,0.0,0.0,0.0,0.0,0.0,0.0,0.0,0.0,0.0,0.0,0.0,0.0,0.0,0.0,0.0,0.0,0.0,0.0,0.0,0.0,0.0,0.0,0.0,0.0,0.0,4.0,6.0,0.0,1.0,8.0,0.0,14.0,7.0,3.0,7.0,30.0,28.0,20.0,13.0,0.0,0.0,0.0,0.0,0.0,0.0,0.0,0.0,0.0,0.0,0.0,0.0,0.0,0.0,0.0,0.0,0.0,0.0,0.0,0.0,4.0,7.0,0.0,1.0,8.0,0.0,17.0,8.0,4.0,10.0,45.0,40.0,24.0,18.0
240,1.0,240.0,London_60,,151,453,1092.0,70.0,2.0,139524.0,1.0882041750010103,761.0,66.0,2.0,64.0,132.0,18.0,114.0,231.0,209.0,133.0,25.0,57.0,6.0,18.0,1.0,4.0,4.0,81.0,132.0,236.0,36.0,0.0,0.0,0.0,0.0,0.0,0.0,0.0,0.0,0.0,0.0,0.0,0.0,0.0,0.0,0.0,0.0,0.0,0.0,0.0,0.0,0.0,0.0,0.0,0.0,0.0,0.0,0.0,0.0,0.0,0.0,0.0,0.0,0.0,0.0,0.0,1.0,0.0,0.0,0.0,0.0,0.0,1.0,1.0,0.0,1.0,0.0,14.0,2.0,0.0,10.0,8.0,16.0,13.0,6.0,0.0,0.0,0.0,0.0,0.0,0.0,0.0,0.0,0.0,0.0,0.0,0.0,0.0,0.0,0.0,2.0,0.0,0.0,0.0,0.0,0.0,1.0,1.0,0.0,1.0,0.0,22.0,3.0,0.0,13.0,11.0,22.0,15.0,9.0
241,1.0,241.0,London_60,,151,453,1092.0,70.0,2.0,140883.0,0.8857049460057169,764.0,49.0,0.0,49.0,88.0,0.0,88.0,132.0,207.0,139.0,29.0,58.0,5.0,12.0,1.0,2.0,2.0,84.0,130.0,237.0,29.0,0.0,0.0,0.0,0.0,0.0,0.0,0.0,0.0,0.0,0.0,0.0,0.0,0.0,0.0,0.0,0.0,0.0,0.0,0.0,0.0,0.0,0.0,0.0,0.0,0.0,0.0,0.0,0.0,0.0,0.0,0.0,0.0,0.0,0.0,0.0,0.0,0.0,0.0,0.0,0.0,0.0,0.0,0.0,0.0,0.0,0.0,4.0,7.0,2.0,6.0,14.0,11.0,20.0,2.0,0.0,0.0,0.0,0.0,0.0,0.0,0.0,0.0,0.0,0.0,0.0,0.0,0.0,0.0,0.0,0.0,0.0,0.0,0.0,0.0,0.0,0.0,0.0,0.0,0.0,0.0,9.0,12.0,5.0,9.0,21.0,19.0,27.0,4.0
242,1.0,242.0,London_60,,151,453,1092.0,70.0,2.0,158550.0,2.1424685600213706,803.0,117.0,0.0,117.0,193.0,0.0,193.0,88.0,213.0,127.0,29.0,64.0,5.0,12.0,0.0,3.0,2.0,79.0,130.0,242.0,25.0,0.0,0.0,0.0,0.0,0.0,0.0,0.0,0.0,0.0,0.0,0.0,0.0,0.0,0.0,0.0,0.0,0.0,0.0,0.0,0.0,0.0,0.0,0.0,0.0,0.0,0.0,0.0,0.0,0.0,0.0,0.0,0.0,0.0,0.0,0.0,0.0,0.0,0.0,0.0,0.0,1.0,3.0,17.0,0.0,1.0,0.0,17.0,6.0,8.0,9.0,22.0,32.0,19.0,12.0,0.0,0.0,0.0,0.0,0.0,0.0,0.0,0.0,0.0,0.0,0.0,0.0,0.0,0.0,0.0,0.0,0.0,0.0,0.0,0.0,1.0,4.0,19.0,0.0,1.0,0.0,26.0,9.0,9.0,12.0,29.0,47.0,26.0,18.0
243,1.0,243.0,London_60,,151,453,1092.0,70.0,2.0,132729.0,0.6682271370664239,746.0,91.0,1.0,90.0,167.0,9.0,158.0,193.0,206.0,132.0,27.0,62.0,5.0,13.0,3.0,5.0,5.0,88.0,138.0,222.0,26.0,0.0,0.0,0.0,0.0,0.0,0.0,0.0,0.0,0.0,0.0,0.0,0.0,0.0,0.0,0.0,0.0,0.0,0.0,0.0,0.0,0.0,0.0,0.0,0.0,0.0,0.0,0.0,0.0,0.0,0.0,0.0,0.0,0.0,0.0,0.0,0.0,0.0,0.0,0.0,0.0,0.0,0.0,0.0,1.0,1.0,0.0,8.0,4.0,6.0,16.0,24.0,16.0,17.0,12.0,0.0,0.0,0.0,0.0,0.0,0.0,0.0,0.0,0.0,0.0,0.0,0.0,0.0,0.0,0.0,0.0,0.0,0.0,0.0,0.0,0.0,0.0,0.0,2.0,1.0,0.0,9.0,5.0,6.0,24.0,35.0,24.0,20.0,21.0
244,1.0,244.0,London_60,,151,453,1092.0,70.0,2.0,123669.0,1.6772963190451264,726.0,21.0,2.0,19.0,51.0,17.0,34.0,167.0,222.0,123.0,33.0,46.0,5.0,16.0,3.0,5.0,5.0,80.0,145.0,223.0,21.0,0.0,0.0,0.0,0.0,0.0,0.0,0.0,0.0,0.0,0.0,0.0,0.0,0.0,0.0,0.0,0.0,0.0,0.0,0.0,0.0,0.0,0.0,0.0,0.0,0.0,0.0,0.0,0.0,0.0,2.0,0.0,0.0,0.0,1.0,0.0,1.0,0.0,0.0,0.0,0.0,0.0,1.0,0.0,0.0,0.0,0.0,1.0,3.0,0.0,4.0,2.0,3.0,5.0,3.0,0.0,0.0,0.0,0.0,0.0,0.0,0.0,0.0,0.0,7.0,0.0,0.0,0.0,6.0,0.0,5.0,0.0,0.0,0.0,0.0,0.0,1.0,0.0,0.0,0.0,0.0,2.0,4.0,0.0,7.0,2.0,3.0,6.0,6.0
245,1.0,245.0,London_60,,151,453,1092.0,70.0,2.0,146319.0,1.194890826009214,776.0,120.0,1.0,119.0,224.0,10.0,214.0,51.0,226.0,125.0,37.0,48.0,3.0,6.0,3.0,5.0,6.0,78.0,134.0,235.0,18.0,0.0,0.0,0.0,0.0,0.0,0.0,0.0,0.0,0.0,0.0,0.0,0.0,0.0,0.0,0.0,0.0,0.0,0.0,0.0,0.0,0.0,0.0,0.0,0.0,0.0,0.0,0.0,0.0,0.0,0.0,0.0,0.0,0.0,0.0,0.0,1.0,0.0,0.0,0.0,0.0,1.0,0.0,0.0,0.0,3.0,0.0,24.0,9.0,3.0,12.0,20.0,30.0,18.0,13.0,0.0,0.0,0.0,0.0,0.0,0.0,0.0,0.0,0.0,0.0,0.0,0.0,0.0,0.0,0.0,3.0,0.0,0.0,0.0,0.0,1.0,0.0,0.0,0.0,4.0,0.0,39.0,11.0,3.0,20.0,35.0,41.0,30.0,17.0
246,1.0,246.0,London_60,,151,453,1092.0,70.0,2.0,131823.0,0.57719895709306,744.0,92.0,0.0,92.0,159.0,0.0,159.0,224.0,231.0,117.0,19.0,57.0,2.0,18.0,2.0,7.0,4.0,85.0,141.0,223.0,27.0,0.0,0.0,0.0,0.0,0.0,0.0,0.0,0.0,0.0,0.0,0.0,0.0,0.0,0.0,0.0,0.0,0.0,0.0,0.0,0.0,0.0,0.0,0.0,0.0,0.0,0.0,0.0,0.0,0.0,0.0,0.0,0.0,0.0,0.0,0.0,0.0,0.0,0.0,0.0,0.0,2.0,4.0,0.0,0.0,4.0,1.0,17.0,2.0,4.0,5.0,11.0,19.0,12.0,9.0,0.0,0.0,0.0,0.0,0.0,0.0,0.0,0.0,0.0,0.0,0.0,0.0,0.0,0.0,0.0,0.0,0.0,0.0,0.0,0.0,2.0,7.0,0.0,0.0,4.0,3.0,19.0,4.0,4.0,7.0,15.0,27.0,13.0,15.0
247,1.0,247.0,London_60,,151,453,1092.0,70.0,2.0,128199.0,0.5263402529526502,736.0,5.0,2.0,3.0,23.0,17.0,6.0,159.0,224.0,125.0,19.0,50.0,3.0,22.0,2.0,8.0,6.0,71.0,126.0,250.0,32.0,0.0,0.0,0.0,0.0,0.0,0.0,0.0,0.0,0.0,0.0,0.0,0.0,0.0,0.0,0.0,0.0,0.0,0.0,0.0,0.0,0.0,0.0,0.0,0.0,0.0,0.0,0.0,0.0,0.0,1.0,0.0,0.0,1.0,0.0,1.0,2.0,0.0,0.0,0.0,0.0,0.0,0.0,0.0,0.0,0.0,0.0,0.0,0.0,0.0,0.0,1.0,1.0,1.0,0.0,0.0,0.0,0.0,0.0,0.0,0.0,0.0,0.0,0.0,1.0,0.0,0.0,1.0,0.0,4.0,7.0,0.0,0.0,0.0,0.0,0.0,0.0,0.0,0.0,0.0,0.0,0.0,0.0,0.0,0.0,1.0,1.0,2.0,0.0
248,1.0,248.0,London_60,,151,453,1092.0,70.0,2.0,163986.0,0.7300825051497668,815.0,84.0,2.0,82.0,158.0,18.0,140.0,23.0,215.0,123.0,21.0,58.0,1.0,24.0,3.0,8.0,2.0,76.0,120.0,255.0,29.0,0.0,0.0,0.0,0.0,0.0,0.0,0.0,0.0,0.0,0.0,0.0,0.0,0.0,0.0,0.0,0.0,0.0,0.0,0.0,0.0,0.0,0.0,0.0,0.0,0.0,0.0,0.0,0.0,0.0,1.0,0.0,0.0,1.0,1.0,0.0,1.0,1.0,0.0,0.0,0.0,2.0,8.0,0.0,0.0,0.0,0.0,15.0,5.0,1.0,3.0,12.0,28.0,10.0,6.0,0.0,0.0,0.0,0.0,0.0,0.0,0.0,0.0,0.0,4.0,0.0,0.0,2.0,6.0,0.0,4.0,8.0,0.0,0.0,0.0,4.0,15.0,0.0,0.0,0.0,0.0,21.0,6.0,1.0,7.0,18.0,38.0,12.0,13.0
249,1.0,249.0,London_60,,151,453,1092.0,70.0,2.0,171687.0,1.1813176721334457,832.0,97.0,1.0,96.0,175.0,9.0,166.0,158.0,235.0,124.0,22.0,38.0,5.0,20.0,3.0,6.0,5.0,76.0,131.0,241.0,22.0,0.0,0.0,0.0,0.0,0.0,0.0,0.0,0.0,0.0,0.0,0.0,0.0,0.0,0.0,0.0,0.0,0.0,0.0,0.0,0.0,0.0,0.0,0.0,0.0,0.0,0.0,0.0,0.0,0.0,0.0,0.0,0.0,0.0,0.0,0.0,1.0,0.0,0.0,0.0,0.0,0.0,5.0,4.0,1.0,5.0,0.0,13.0,4.0,2.0,3.0,21.0,28.0,13.0,7.0,0.0,0.0,0.0,0.0,0.0,0.0,0.0,0.0,0.0,0.0,0.0,0.0,0.0,0.0,0.0,4.0,0.0,0.0,0.0,0.0,0.0,5.0,4.0,1.0,5.0,0.0,18.0,5.0,2.0,3.0,36.0,42.0,14.0,12.0
250,1.0,250.0,London_60,,151,453,1092.0,70.0,2.0,161268.0,0.8804440428502858,809.0,93.0,1.0,92.0,174.0,8.0,166.0,175.0,239.0,116.0,13.0,53.0,3.0,16.0,4.0,9.0,6.0,74.0,125.0,248.0,20.0,0.0,0.0,0.0,0.0,0.0,0.0,0.0,0.0,0.0,0.0,0.0,0.0,0.0,0.0,0.0,0.0,0.0,0.0,0.0,0.0,0.0,0.0,0.0,0.0,0.0,0.0,0.0,0.0,0.0,0.0,0.0,0.0,0.0,0.0,0.0,1.0,0.0,0.0,0.0,0.0,4.0,0.0,2.0,0.0,1.0,0.0,20.0,7.0,6.0,18.0,21.0,14.0,24.0,7.0,0.0,0.0,0.0,0.0,0.0,0.0,0.0,0.0,0.0,0.0,0.0,0.0,0.0,0.0,0.0,2.0,0.0,0.0,0.0,0.0,6.0,0.0,3.0,0.0,2.0,0.0,29.0,10.0,10.0,24.0,35.0,24.0,33.0,8.0
251,1.0,251.0,London_60,,151,453,1092.0,70.0,2.0,156738.0,1.1188648121897131,799.0,89.0,0.0,89.0,149.0,0.0,149.0,174.0,244.0,114.0,11.0,61.0,5.0,15.0,1.0,2.0,3.0,75.0,126.0,249.0,20.0,0.0,0.0,0.0,0.0,0.0,0.0,0.0,0.0,0.0,0.0,0.0,0.0,0.0,0.0,0.0,0.0,0.0,0.0,0.0,0.0,0.0,0.0,0.0,0.0,0.0,0.0,0.0,0.0,0.0,0.0,0.0,0.0,0.0,0.0,0.0,0.0,0.0,0.0,0.0,0.0,3.0,6.0,1.0,2.0,0.0,0.0,7.0,12.0,1.0,9.0,15.0,24.0,11.0,9.0,0.0,0.0,0.0,0.0,0.0,0.0,0.0,0.0,0.0,0.0,0.0,0.0,0.0,0.0,0.0,0.0,0.0,0.0,0.0,0.0,4.0,7.0,1.0,3.0,0.0,0.0,12.0,19.0,2.0,11.0,24.0,33.0,16.0,14.0
252,1.0,252.0,London_60,,151,453,1092.0,70.0,2.0,158550.0,0.7314303680323064,803.0,76.0,0.0,76.0,129.0,0.0,129.0,149.0,248.0,106.0,14.0,52.0,8.0,21.0,1.0,3.0,6.0,74.0,138.0,235.0,22.0,0.0,0.0,0.0,0.0,0.0,0.0,0.0,0.0,0.0,0.0,0.0,0.0,0.0,0.0,0.0,0.0,0.0,0.0,0.0,0.0,0.0,0.0,0.0,0.0,0.0,0.0,0.0,0.0,0.0,0.0,0.0,0.0,0.0,0.0,0.0,0.0,0.0,0.0,0.0,0.0,13.0,2.0,0.0,4.0,0.0,0.0,10.0,7.0,6.0,5.0,20.0,19.0,15.0,3.0,0.0,0.0,0.0,0.0,0.0,0.0,0.0,0.0,0.0,0.0,0.0,0.0,0.0,0.0,0.0,0.0,0.0,0.0,0.0,0.0,14.0,2.0,0.0,7.0,0.0,0.0,13.0,7.0,8.0,6.0,27.0,26.0,25.0,5.0
253,1.0,253.0,London_60,,151,453,1092.0,70.0,2.0,165345.0,1.1812787749804556,818.0,169.0,1.0,168.0,288.0,7.0,281.0,129.0,261.0,122.0,6.0,31.0,11.0,18.0,3.0,1.0,5.0,76.0,133.0,239.0,19.0,0.0,0.0,0.0,0.0,0.0,0.0,0.0,0.0,0.0,0.0,0.0,0.0,0.0,0.0,0.0,0.0,0.0,0.0,0.0,0.0,0.0,0.0,0.0,0.0,0.0,0.0,0.0,0.0,0.0,0.0,0.0,0.0,0.0,0.0,1.0,1.0,0.0,0.0,0.0,0.0,6.0,9.0,0.0,3.0,3.0,0.0,25.0,7.0,12.0,13.0,33.0,39.0,44.0,8.0,0.0,0.0,0.0,0.0,0.0,0.0,0.0,0.0,0.0,0.0,0.0,0.0,0.0,0.0,5.0,3.0,0.0,0.0,0.0,0.0,6.0,13.0,0.0,6.0,3.0,0.0,34.0,8.0,20.0,18.0,51.0,53.0,49.0,12.0
254,1.0,254.0,London_60,,151,453,1092.0,70.0,2.0,114156.0,0.5630978860426694,705.0,37.0,1.0,36.0,65.0,9.0,56.0,288.0,202.0,113.0,12.0,83.0,8.0,28.0,1.0,6.0,7.0,72.0,152.0,222.0,27.0,0.0,0.0,0.0,0.0,0.0,0.0,0.0,0.0,0.0,0.0,0.0,0.0,0.0,0.0,0.0,0.0,0.0,0.0,0.0,0.0,0.0,0.0,0.0,0.0,0.0,0.0,0.0,0.0,0.0,0.0,0.0,0.0,0.0,0.0,0.0,0.0,0.0,0.0,0.0,0.0,2.0,0.0,0.0,1.0,0.0,0.0,4.0,5.0,0.0,0.0,12.0,4.0,7.0,1.0,0.0,0.0,0.0,0.0,0.0,0.0,0.0,0.0,0.0,0.0,0.0,0.0,0.0,0.0,0.0,0.0,0.0,0.0,0.0,0.0,3.0,0.0,0.0,2.0,0.0,0.0,4.0,6.0,0.0,0.0,16.0,4.0,9.0,2.0
255,1.0,255.0,London_60,,151,453,1092.0,70.0,2.0,131370.0,0.5838204419706017,743.0,46.0,2.0,44.0,93.0,19.0,74.0,65.0,204.0,120.0,9.0,80.0,10.0,24.0,1.0,5.0,5.0,79.0,144.0,225.0,20.0,0.0,0.0,0.0,0.0,0.0,0.0,0.0,0.0,0.0,0.0,0.0,0.0,0.0,0.0,0.0,0.0,0.0,0.0,0.0,0.0,0.0,0.0,0.0,0.0,0.0,0.0,0.0,0.0,0.0,0.0,0.0,0.0,1.0,0.0,1.0,1.0,0.0,0.0,0.0,0.0,2.0,1.0,0.0,1.0,0.0,0.0,7.0,2.0,3.0,3.0,6.0,9.0,5.0,1.0,0.0,0.0,0.0,0.0,0.0,0.0,0.0,0.0,0.0,0.0,0.0,0.0,6.0,0.0,7.0,3.0,0.0,0.0,0.0,0.0,3.0,2.0,0.0,3.0,0.0,0.0,10.0,3.0,4.0,6.0,9.0,13.0,6.0,3.0
256,1.0,256.0,London_60,,151,453,1092.0,70.0,2.0,142695.0,0.6704557409975678,768.0,82.0,2.0,80.0,162.0,20.0,142.0,93.0,209.0,122.0,6.0,80.0,10.0,24.0,1.0,1.0,5.0,88.0,130.0,230.0,22.0,0.0,0.0,0.0,0.0,0.0,0.0,0.0,0.0,0.0,0.0,0.0,0.0,0.0,0.0,0.0,0.0,0.0,0.0,0.0,0.0,0.0,0.0,0.0,0.0,0.0,0.0,0.0,0.0,0.0,1.0,0.0,0.0,0.0,0.0,0.0,0.0,0.0,0.0,0.0,0.0,1.0,0.0,4.0,2.0,1.0,0.0,12.0,2.0,6.0,3.0,11.0,23.0,8.0,6.0,0.0,0.0,0.0,0.0,0.0,0.0,0.0,0.0,0.0,3.0,0.0,0.0,0.0,0.0,0.0,0.0,0.0,0.0,0.0,0.0,2.0,0.0,4.0,2.0,2.0,0.0,24.0,3.0,7.0,5.0,16.0,37.0,11.0,10.0
257,1.0,257.0,London_60,,151,453,1092.0,70.0,2.0,142242.0,0.7895631829742342,767.0,97.0,1.0,96.0,166.0,8.0,158.0,162.0,219.0,105.0,10.0,101.0,2.0,14.0,0.0,2.0,8.0,76.0,127.0,242.0,36.0,0.0,0.0,0.0,0.0,0.0,0.0,0.0,0.0,0.0,0.0,0.0,0.0,0.0,0.0,0.0,0.0,0.0,0.0,0.0,0.0,0.0,0.0,0.0,0.0,0.0,0.0,0.0,0.0,0.0,0.0,0.0,0.0,0.0,1.0,0.0,1.0,0.0,0.0,0.0,0.0,0.0,0.0,1.0,1.0,3.0,0.0,9.0,8.0,4.0,3.0,16.0,21.0,12.0,8.0,0.0,0.0,0.0,0.0,0.0,0.0,0.0,0.0,0.0,0.0,0.0,0.0,0.0,8.0,0.0,2.0,0.0,0.0,0.0,0.0,0.0,0.0,1.0,1.0,3.0,0.0,11.0,13.0,5.0,3.0,23.0,32.0,17.0,10.0
258,1.0,258.0,London_60,,151,453,1092.0,70.0,2.0,133182.0,1.7666041338816285,747.0,97.0,0.0,97.0,159.0,0.0,159.0,166.0,215.0,105.0,14.0,94.0,5.0,16.0,2.0,2.0,1.0,71.0,143.0,238.0,35.0,0.0,0.0,0.0,0.0,0.0,0.0,0.0,0.0,0.0,0.0,0.0,0.0,0.0,0.0,0.0,0.0,0.0,0.0,0.0,0.0,0.0,0.0,0.0,0.0,0.0,0.0,0.0,0.0,0.0,0.0,0.0,0.0,0.0,0.0,0.0,0.0,0.0,0.0,0.0,0.0,1.0,2.0,1.0,2.0,0.0,1.0,8.0,7.0,7.0,10.0,19.0,22.0,23.0,2.0,0.0,0.0,0.0,0.0,0.0,0.0,0.0,0.0,0.0,0.0,0.0,0.0,0.0,0.0,0.0,0.0,0.0,0.0,0.0,0.0,1.0,3.0,1.0,3.0,0.0,2.0,12.0,11.0,8.0,12.0,30.0,35.0,27.0,3.0
259,1.0,259.0,London_60,,151,453,1092.0,70.0,2.0,122310.0,0.8885163711383939,723.0,90.0,2.0,88.0,167.0,19.0,148.0,159.0,213.0,107.0,10.0,98.0,5.0,14.0,0.0,6.0,3.0,77.0,139.0,234.0,41.0,0.0,0.0,0.0,0.0,0.0,0.0,0.0,0.0,0.0,0.0,0.0,0.0,0.0,0.0,0.0,0.0,0.0,0.0,0.0,0.0,0.0,0.0,0.0,0.0,0.0,0.0,0.0,0.0,0.0,0.0,0.0,0.0,1.0,0.0,1.0,2.0,0.0,0.0,0.0,0.0,2.0,4.0,1.0,4.0,2.0,0.0,14.0,6.0,8.0,7.0,19.0,19.0,20.0,9.0,0.0,0.0,0.0,0.0,0.0,0.0,0.0,0.0,0.0,0.0,0.0,0.0,3.0,0.0,6.0,7.0,0.0,0.0,0.0,0.0,3.0,6.0,2.0,5.0,2.0,0.0,18.0,10.0,9.0,9.0,26.0,27.0,28.0,12.0
260,1.0,260.0,London_60,,151,453,1092.0,70.0,2.0,117327.0,0.5429732620250434,712.0,22.0,0.0,22.0,39.0,0.0,39.0,167.0,219.0,100.0,16.0,82.0,9.0,19.0,1.0,7.0,5.0,76.0,132.0,240.0,39.0,0.0,0.0,0.0,0.0,0.0,0.0,0.0,0.0,0.0,0.0,0.0,0.0,0.0,0.0,0.0,0.0,0.0,0.0,0.0,0.0,0.0,0.0,0.0,0.0,0.0,0.0,0.0,0.0,0.0,0.0,0.0,0.0,0.0,0.0,0.0,0.0,0.0,0.0,0.0,0.0,0.0,1.0,0.0,0.0,0.0,0.0,2.0,3.0,0.0,4.0,3.0,7.0,7.0,3.0,0.0,0.0,0.0,0.0,0.0,0.0,0.0,0.0,0.0,0.0,0.0,0.0,0.0,0.0,0.0,0.0,0.0,0.0,0.0,0.0,0.0,2.0,0.0,0.0,0.0,0.0,2.0,6.0,0.0,7.0,7.0,11.0,8.0,5.0
261,1.0,261.0,London_60,,151,453,1092.0,70.0,2.0,151755.0,1.2336543900892138,788.0,58.0,2.0,56.0,118.0,18.0,100.0,39.0,225.0,96.0,11.0,86.0,8.0,22.0,2.0,3.0,3.0,84.0,131.0,235.0,32.0,0.0,0.0,0.0,0.0,0.0,0.0,0.0,0.0,0.0,0.0,0.0,0.0,0.0,0.0,0.0,0.0,0.0,0.0,0.0,0.0,0.0,0.0,0.0,0.0,0.0,0.0,0.0,0.0,0.0,1.0,0.0,0.0,0.0,1.0,0.0,2.0,0.0,0.0,0.0,0.0,1.0,2.0,1.0,1.0,6.0,0.0,13.0,4.0,2.0,5.0,6.0,13.0,12.0,6.0,0.0,0.0,0.0,0.0,0.0,0.0,0.0,0.0,0.0,3.0,0.0,0.0,0.0,7.0,0.0,9.0,0.0,0.0,0.0,0.0,1.0,3.0,1.0,2.0,6.0,0.0,18.0,4.0,2.0,7.0,13.0,23.0,13.0,11.0
262,1.0,262.0,London_60,,151,453,1092.0,70.0,2.0,161268.0,0.8440768618602306,809.0,64.0,0.0,64.0,114.0,0.0,114.0,118.0,238.0,105.0,10.0,83.0,4.0,10.0,0.0,3.0,4.0,81.0,131.0,237.0,31.0,0.0,0.0,0.0,0.0,0.0,0.0,0.0,0.0,0.0,0.0,0.0,0.0,0.0,0.0,0.0,0.0,0.0,0.0,0.0,0.0,0.0,0.0,0.0,0.0,0.0,0.0,0.0,0.0,0.0,0.0,0.0,0.0,0.0,0.0,0.0,0.0,0.0,0.0,0.0,0.0,0.0,1.0,3.0,3.0,1.0,0.0,6.0,5.0,4.0,12.0,15.0,13.0,14.0,4.0,0.0,0.0,0.0,0.0,0.0,0.0,0.0,0.0,0.0,0.0,0.0,0.0,0.0,0.0,0.0,0.0,0.0,0.0,0.0,0.0,0.0,1.0,3.0,5.0,1.0,0.0,8.0,8.0,4.0,17.0,23.0,18.0,19.0,6.0
263,1.0,263.0,London_60,,151,453,1092.0,70.0,2.0,176217.0,0.8440965469926596,842.0,91.0,0.0,91.0,165.0,0.0,165.0,114.0,244.0,104.0,13.0,74.0,3.0,13.0,2.0,0.0,4.0,66.0,139.0,244.0,27.0,0.0,0.0,0.0,0.0,0.0,0.0,0.0,0.0,0.0,0.0,0.0,0.0,0.0,0.0,0.0,0.0,0.0,0.0,0.0,0.0,0.0,0.0,0.0,0.0,0.0,0.0,0.0,0.0,0.0,0.0,0.0,0.0,0.0,0.0,0.0,0.0,0.0,0.0,0.0,0.0,2.0,4.0,1.0,3.0,5.0,0.0,8.0,5.0,9.0,6.0,16.0,22.0,23.0,6.0,0.0,0.0,0.0,0.0,0.0,0.0,0.0,0.0,0.0,0.0,0.0,0.0,0.0,0.0,0.0,0.0,0.0,0.0,0.0,0.0,2.0,7.0,1.0,5.0,6.0,0.0,10.0,6.0,10.0,7.0,25.0,30.0,27.0,11.0
264,1.0,264.0,London_60,,151,453,1092.0,70.0,2.0,173952.0,3.4674651210661978,837.0,124.0,0.0,124.0,208.0,0.0,208.0,165.0,258.0,86.0,16.0,75.0,2.0,16.0,0.0,0.0,4.0,70.0,137.0,242.0,22.0,0.0,0.0,0.0,0.0,0.0,0.0,0.0,0.0,0.0,0.0,0.0,0.0,0.0,0.0,0.0,0.0,0.0,0.0,0.0,0.0,0.0,0.0,0.0,0.0,0.0,0.0,0.0,0.0,0.0,0.0,0.0,0.0,0.0,0.0,0.0,0.0,0.0,0.0,0.0,0.0,1.0,16.0,19.0,2.0,4.0,0.0,6.0,11.0,15.0,6.0,27.0,34.0,18.0,15.0,0.0,0.0,0.0,0.0,0.0,0.0,0.0,0.0,0.0,0.0,0.0,0.0,0.0,0.0,0.0,0.0,0.0,0.0,0.0,0.0,1.0,23.0,24.0,2.0,4.0,0.0,9.0,14.0,19.0,9.0,42.0,50.0,22.0,20.0
265,1.0,265.0,London_60,,151,453,1092.0,70.0,2.0,159909.0,1.4138463221024722,806.0,132.0,2.0,130.0,248.0,22.0,226.0,208.0,267.0,73.0,11.0,70.0,5.0,23.0,1.0,3.0,5.0,55.0,163.0,230.0,26.0,0.0,0.0,0.0,0.0,0.0,0.0,0.0,0.0,0.0,1.0,0.0,1.0,0.0,0.0,0.0,0.0,0.0,0.0,1.0,0.0,0.0,0.0,0.0,0.0,0.0,0.0,0.0,0.0,0.0,1.0,0.0,0.0,1.0,0.0,1.0,1.0,0.0,0.0,0.0,0.0,3.0,18.0,2.0,0.0,7.0,0.0,13.0,10.0,3.0,14.0,24.0,36.0,9.0,8.0,0.0,0.0,0.0,0.0,0.0,0.0,0.0,0.0,0.0,1.0,0.0,0.0,5.0,0.0,5.0,4.0,0.0,0.0,0.0,0.0,3.0,24.0,2.0,0.0,7.0,0.0,17.0,13.0,3.0,16.0,37.0,50.0,13.0,12.0
266,1.0,266.0,London_60,,151,453,1092.0,70.0,2.0,146319.0,0.553895726101473,776.0,28.0,2.0,26.0,60.0,18.0,42.0,243.0,225.0,96.0,21.0,67.0,6.0,30.0,1.0,7.0,2.0,52.0,163.0,236.0,30.0,0.0,0.0,0.0,0.0,0.0,0.0,0.0,0.0,0.0,0.0,0.0,0.0,0.0,0.0,0.0,0.0,0.0,0.0,0.0,0.0,0.0,0.0,0.0,0.0,0.0,0.0,0.0,0.0,0.0,2.0,0.0,0.0,2.0,0.0,2.0,0.0,1.0,0.0,0.0,0.0,0.0,0.0,0.0,0.0,0.0,0.0,1.0,3.0,0.0,1.0,4.0,7.0,1.0,0.0,0.0,0.0,0.0,0.0,0.0,0.0,0.0,0.0,0.0,3.0,0.0,0.0,4.0,0.0,10.0,0.0,9.0,0.0,0.0,0.0,0.0,0.0,0.0,0.0,0.0,0.0,2.0,4.0,0.0,2.0,5.0,13.0,1.0,0.0
267,1.0,267.0,London_60,,151,453,1092.0,70.0,2.0,169875.0,1.0834484030492604,828.0,82.0,2.0,80.0,148.0,17.0,131.0,60.0,223.0,102.0,14.0,67.0,7.0,29.0,1.0,10.0,2.0,57.0,149.0,245.0,24.0,0.0,0.0,0.0,0.0,0.0,0.0,0.0,0.0,0.0,0.0,0.0,0.0,0.0,0.0,0.0,0.0,0.0,0.0,0.0,0.0,0.0,0.0,0.0,0.0,0.0,0.0,0.0,0.0,0.0,2.0,0.0,0.0,1.0,0.0,0.0,2.0,0.0,0.0,0.0,0.0,0.0,3.0,3.0,2.0,3.0,1.0,7.0,2.0,5.0,9.0,15.0,17.0,20.0,3.0,0.0,0.0,0.0,0.0,0.0,0.0,0.0,0.0,0.0,5.0,0.0,0.0,6.0,0.0,0.0,8.0,0.0,0.0,0.0,0.0,0.0,4.0,3.0,3.0,4.0,1.0,8.0,2.0,5.0,10.0,21.0,22.0,27.0,6.0
268,1.0,268.0,London_60,,151,453,1092.0,70.0,2.0,174858.0,0.629273900995031,839.0,3.0,1.0,2.0,14.0,12.0,2.0,148.0,230.0,118.0,18.0,49.0,4.0,22.0,1.0,11.0,4.0,66.0,153.0,230.0,37.0,0.0,0.0,0.0,0.0,0.0,0.0,0.0,0.0,0.0,0.0,0.0,0.0,0.0,0.0,0.0,0.0,0.0,0.0,0.0,0.0,0.0,0.0,0.0,0.0,0.0,0.0,0.0,0.0,0.0,0.0,1.0,0.0,1.0,0.0,0.0,1.0,0.0,0.0,0.0,0.0,0.0,0.0,0.0,0.0,0.0,0.0,0.0,0.0,0.0,0.0,1.0,0.0,0.0,0.0,0.0,0.0,0.0,0.0,0.0,0.0,0.0,0.0,0.0,0.0,7.0,0.0,8.0,0.0,0.0,5.0,0.0,0.0,0.0,0.0,0.0,0.0,0.0,0.0,0.0,0.0,0.0,0.0,0.0,0.0,1.0,0.0,0.0,0.0
269,1.0,269.0,London_60,,151,453,1092.0,70.0,2.0,209286.0,2.033561079064384,915.0,226.0,0.0,226.0,390.0,0.0,390.0,14.0,231.0,121.0,17.0,55.0,2.0,15.0,1.0,11.0,3.0,67.0,154.0,229.0,37.0,0.0,0.0,0.0,0.0,0.0,0.0,0.0,0.0,0.0,0.0,0.0,0.0,0.0,0.0,0.0,0.0,0.0,0.0,0.0,0.0,0.0,0.0,0.0,0.0,0.0,0.0,0.0,0.0,0.0,0.0,0.0,0.0,0.0,0.0,0.0,0.0,0.0,0.0,0.0,0.0,1.0,30.0,3.0,1.0,5.0,1.0,2.0,8.0,15.0,10.0,41.0,47.0,19.0,5.0,0.0,0.0,0.0,0.0,0.0,0.0,0.0,0.0,0.0,0.0,0.0,0.0,0.0,0.0,0.0,0.0,0.0,0.0,0.0,0.0,1.0,37.0,4.0,2.0,6.0,2.0,2.0,12.0,19.0,15.0,59.0,66.0,23.0,10.0
270,1.0,270.0,London_60,,151,453,1092.0,70.0,2.0,136353.0,0.45944322808645666,754.0,89.0,0.0,89.0,154.0,0.0,154.0,390.0,127.0,146.0,29.0,105.0,9.0,30.0,0.0,7.0,4.0,79.0,153.0,217.0,36.0,0.0,0.0,0.0,0.0,0.0,0.0,0.0,0.0,0.0,0.0,0.0,0.0,0.0,0.0,0.0,0.0,0.0,0.0,0.0,0.0,0.0,0.0,0.0,0.0,0.0,0.0,0.0,0.0,0.0,0.0,0.0,0.0,0.0,0.0,0.0,0.0,0.0,0.0,0.0,0.0,3.0,2.0,0.0,1.0,0.0,0.0,10.0,5.0,2.0,7.0,19.0,20.0,12.0,12.0,0.0,0.0,0.0,0.0,0.0,0.0,0.0,0.0,0.0,0.0,0.0,0.0,0.0,0.0,0.0,0.0,0.0,0.0,0.0,0.0,4.0,2.0,0.0,1.0,0.0,0.0,11.0,6.0,3.0,7.0,25.0,33.0,15.0,20.0
271,1.0,271.0,London_60,,151,453,1092.0,70.0,2.0,127746.0,0.5500539632048458,735.0,109.0,0.0,109.0,184.0,0.0,184.0,154.0,147.0,152.0,27.0,82.0,8.0,32.0,1.0,4.0,4.0,80.0,157.0,212.0,31.0,0.0,0.0,0.0,0.0,0.0,0.0,0.0,0.0,0.0,0.0,0.0,0.0,0.0,0.0,0.0,0.0,0.0,0.0,0.0,0.0,0.0,0.0,0.0,0.0,0.0,0.0,0.0,0.0,0.0,0.0,0.0,0.0,0.0,0.0,0.0,0.0,0.0,0.0,0.0,0.0,2.0,9.0,1.0,0.0,1.0,1.0,8.0,16.0,4.0,7.0,26.0,17.0,23.0,6.0,0.0,0.0,0.0,0.0,0.0,0.0,0.0,0.0,0.0,0.0,0.0,0.0,0.0,0.0,0.0,0.0,0.0,0.0,0.0,0.0,2.0,12.0,1.0,0.0,1.0,1.0,10.0,26.0,6.0,10.0,38.0,27.0,30.0,7.0
272,1.0,272.0,London_60,,151,453,1092.0,70.0,2.0,107361.0,0.6535513030830771,690.0,56.0,2.0,54.0,114.0,18.0,96.0,184.0,174.0,145.0,22.0,66.0,6.0,36.0,1.0,3.0,7.0,76.0,159.0,211.0,35.0,0.0,0.0,0.0,0.0,0.0,0.0,0.0,0.0,0.0,0.0,0.0,0.0,0.0,0.0,0.0,0.0,0.0,0.0,0.0,0.0,0.0,0.0,0.0,0.0,0.0,0.0,0.0,0.0,0.0,0.0,0.0,0.0,0.0,0.0,0.0,0.0,0.0,0.0,0.0,0.0,0.0,1.0,0.0,0.0,0.0,0.0,2.0,4.0,0.0,9.0,6.0,15.0,8.0,7.0,0.0,0.0,0.0,0.0,0.0,0.0,0.0,0.0,0.0,0.0,0.0,0.0,0.0,0.0,0.0,0.0,0.0,0.0,0.0,0.0,0.0,2.0,0.0,0.0,0.0,0.0,2.0,6.0,0.0,16.0,11.0,24.0,14.0,10.0
273,1.0,273.0,London_60,,151,453,1092.0,70.0,2.0,124122.0,0.45907042594626546,727.0,12.0,1.0,11.0,27.0,8.0,19.0,114.0,183.0,147.0,27.0,57.0,7.0,29.0,0.0,3.0,7.0,79.0,155.0,212.0,29.0,0.0,0.0,0.0,0.0,0.0,0.0,0.0,0.0,0.0,0.0,0.0,0.0,0.0,0.0,0.0,0.0,0.0,0.0,0.0,0.0,0.0,0.0,0.0,0.0,0.0,0.0,0.0,0.0,0.0,0.0,0.0,0.0,1.0,0.0,0.0,1.0,0.0,0.0,0.0,0.0,0.0,0.0,0.0,1.0,0.0,0.0,2.0,0.0,0.0,1.0,5.0,0.0,2.0,0.0,0.0,0.0,0.0,0.0,0.0,0.0,0.0,0.0,0.0,0.0,0.0,0.0,4.0,0.0,0.0,2.0,0.0,0.0,0.0,0.0,0.0,0.0,0.0,1.0,0.0,0.0,3.0,0.0,0.0,1.0,8.0,0.0,3.0,0.0
274,1.0,274.0,London_60,,151,453,1092.0,70.0,2.0,162174.0,0.841609001159668,811.0,69.0,0.0,69.0,119.0,0.0,119.0,27.0,185.0,142.0,30.0,61.0,4.0,27.0,1.0,3.0,6.0,81.0,154.0,212.0,25.0,0.0,0.0,0.0,0.0,0.0,0.0,0.0,0.0,0.0,0.0,0.0,0.0,0.0,0.0,0.0,0.0,0.0,0.0,0.0,0.0,0.0,0.0,0.0,0.0,0.0,0.0,0.0,0.0,0.0,0.0,0.0,0.0,0.0,0.0,0.0,0.0,0.0,0.0,0.0,0.0,1.0,0.0,2.0,1.0,3.0,0.0,3.0,5.0,1.0,11.0,16.0,16.0,19.0,3.0,0.0,0.0,0.0,0.0,0.0,0.0,0.0,0.0,0.0,0.0,0.0,0.0,0.0,0.0,0.0,0.0,0.0,0.0,0.0,0.0,1.0,0.0,2.0,1.0,4.0,0.0,3.0,7.0,3.0,13.0,20.0,21.0,27.0,3.0
275,1.0,275.0,London_60,,151,453,1092.0,70.0,2.0,163080.0,1.027034412138164,813.0,115.0,0.0,115.0,210.0,0.0,210.0,119.0,190.0,143.0,27.0,53.0,2.0,34.0,1.0,3.0,10.0,80.0,151.0,212.0,39.0,0.0,0.0,0.0,0.0,0.0,0.0,0.0,0.0,0.0,0.0,0.0,0.0,0.0,0.0,0.0,0.0,0.0,0.0,0.0,0.0,0.0,0.0,0.0,0.0,0.0,0.0,0.0,0.0,0.0,0.0,0.0,0.0,0.0,0.0,0.0,0.0,0.0,0.0,0.0,0.0,2.0,0.0,0.0,0.0,0.0,0.0,7.0,5.0,10.0,8.0,27.0,30.0,19.0,12.0,0.0,0.0,0.0,0.0,0.0,0.0,0.0,0.0,0.0,0.0,0.0,0.0,0.0,0.0,0.0,0.0,0.0,0.0,0.0,0.0,2.0,0.0,0.0,0.0,0.0,0.0,10.0,10.0,14.0,13.0,44.0,50.0,25.0,18.0
276,1.0,276.0,London_60,,151,453,1092.0,70.0,2.0,137712.0,0.6432087731081992,757.0,37.0,2.0,35.0,77.0,17.0,60.0,210.0,200.0,110.0,20.0,71.0,6.0,39.0,2.0,5.0,7.0,72.0,162.0,212.0,35.0,0.0,0.0,0.0,0.0,0.0,0.0,0.0,0.0,0.0,0.0,0.0,0.0,0.0,0.0,0.0,0.0,0.0,0.0,0.0,0.0,0.0,0.0,0.0,0.0,0.0,0.0,0.0,0.0,0.0,0.0,0.0,0.0,2.0,1.0,1.0,2.0,0.0,0.0,0.0,0.0,0.0,0.0,0.0,1.0,0.0,0.0,1.0,3.0,2.0,4.0,7.0,10.0,4.0,2.0,0.0,0.0,0.0,0.0,0.0,0.0,0.0,0.0,0.0,0.0,0.0,0.0,9.0,5.0,6.0,8.0,0.0,0.0,0.0,0.0,0.0,0.0,0.0,2.0,0.0,0.0,1.0,3.0,3.0,7.0,10.0,14.0,4.0,4.0
277,1.0,277.0,London_60,,151,453,1092.0,70.0,2.0,149490.0,0.6089334250427783,783.0,96.0,0.0,96.0,161.0,0.0,161.0,77.0,202.0,112.0,20.0,77.0,9.0,26.0,3.0,4.0,3.0,80.0,153.0,217.0,28.0,0.0,0.0,0.0,0.0,0.0,0.0,0.0,0.0,0.0,0.0,0.0,0.0,0.0,0.0,0.0,0.0,0.0,0.0,0.0,0.0,0.0,0.0,0.0,0.0,0.0,0.0,0.0,0.0,0.0,0.0,0.0,0.0,0.0,0.0,0.0,0.0,0.0,0.0,0.0,0.0,1.0,6.0,5.0,1.0,0.0,1.0,5.0,13.0,2.0,9.0,18.0,19.0,18.0,8.0,0.0,0.0,0.0,0.0,0.0,0.0,0.0,0.0,0.0,0.0,0.0,0.0,0.0,0.0,0.0,0.0,0.0,0.0,0.0,0.0,2.0,8.0,5.0,3.0,0.0,1.0,6.0,19.0,2.0,12.0,28.0,35.0,23.0,16.0
278,1.0,278.0,London_60,,151,453,1092.0,70.0,2.0,148131.0,1.0448890561237931,780.0,113.0,2.0,111.0,214.0,16.0,198.0,161.0,211.0,127.0,20.0,58.0,10.0,23.0,1.0,3.0,3.0,78.0,147.0,225.0,31.0,0.0,0.0,0.0,0.0,0.0,0.0,0.0,0.0,0.0,0.0,0.0,0.0,0.0,0.0,0.0,0.0,0.0,0.0,0.0,0.0,0.0,0.0,0.0,0.0,0.0,0.0,0.0,0.0,0.0,0.0,1.0,0.0,1.0,0.0,1.0,2.0,0.0,0.0,0.0,0.0,2.0,1.0,5.0,1.0,0.0,0.0,10.0,4.0,19.0,12.0,18.0,25.0,20.0,5.0,0.0,0.0,0.0,0.0,0.0,0.0,0.0,0.0,0.0,0.0,7.0,0.0,1.0,0.0,5.0,2.0,0.0,0.0,0.0,0.0,2.0,2.0,6.0,1.0,0.0,0.0,12.0,7.0,27.0,15.0,29.0,36.0,24.0,7.0
279,1.0,279.0,London_60,,151,453,1092.0,70.0,2.0,134994.0,1.1147149130702019,751.0,137.0,2.0,135.0,251.0,19.0,232.0,214.0,229.0,119.0,14.0,50.0,11.0,21.0,2.0,7.0,4.0,94.0,139.0,216.0,21.0,0.0,0.0,0.0,0.0,0.0,0.0,0.0,0.0,0.0,0.0,0.0,0.0,0.0,0.0,0.0,0.0,0.0,0.0,0.0,0.0,0.0,0.0,0.0,0.0,0.0,0.0,0.0,0.0,0.0,1.0,0.0,0.0,0.0,0.0,1.0,0.0,0.0,0.0,0.0,0.0,1.0,13.0,5.0,0.0,8.0,1.0,11.0,4.0,9.0,12.0,24.0,26.0,20.0,13.0,0.0,0.0,0.0,0.0,0.0,0.0,0.0,0.0,0.0,5.0,0.0,0.0,0.0,0.0,7.0,0.0,0.0,0.0,0.0,0.0,1.0,19.0,7.0,0.0,9.0,1.0,17.0,5.0,14.0,20.0,32.0,33.0,25.0,16.0
280,1.0,280.0,London_60,,151,453,1092.0,70.0,2.0,109626.0,0.7406398449093103,695.0,34.0,2.0,32.0,72.0,16.0,56.0,251.0,234.0,87.0,21.0,68.0,8.0,23.0,0.0,12.0,8.0,75.0,138.0,232.0,38.0,0.0,0.0,0.0,0.0,0.0,0.0,0.0,0.0,0.0,0.0,0.0,0.0,0.0,0.0,0.0,0.0,0.0,0.0,0.0,0.0,0.0,0.0,0.0,0.0,0.0,0.0,0.0,0.0,0.0,0.0,0.0,0.0,0.0,1.0,1.0,2.0,0.0,0.0,0.0,0.0,1.0,1.0,0.0,1.0,0.0,0.0,4.0,1.0,0.0,4.0,5.0,7.0,4.0,4.0,0.0,0.0,0.0,0.0,0.0,0.0,0.0,0.0,0.0,0.0,0.0,0.0,0.0,7.0,8.0,4.0,0.0,0.0,0.0,0.0,1.0,1.0,0.0,1.0,0.0,0.0,4.0,3.0,0.0,7.0,10.0,10.0,4.0,6.0
281,1.0,281.0,London_60,,151,453,1092.0,70.0,2.0,140430.0,0.796040287008509,763.0,13.0,0.0,13.0,20.0,0.0,20.0,72.0,229.0,90.0,22.0,76.0,0.0,24.0,0.0,12.0,5.0,70.0,140.0,238.0,41.0,0.0,0.0,0.0,0.0,0.0,0.0,0.0,0.0,0.0,0.0,0.0,0.0,0.0,0.0,0.0,0.0,0.0,0.0,0.0,0.0,0.0,0.0,0.0,0.0,0.0,0.0,0.0,0.0,0.0,0.0,0.0,0.0,0.0,0.0,0.0,0.0,0.0,0.0,0.0,0.0,0.0,1.0,0.0,0.0,0.0,0.0,0.0,1.0,0.0,0.0,2.0,6.0,1.0,2.0,0.0,0.0,0.0,0.0,0.0,0.0,0.0,0.0,0.0,0.0,0.0,0.0,0.0,0.0,0.0,0.0,0.0,0.0,0.0,0.0,0.0,1.0,0.0,0.0,0.0,0.0,0.0,1.0,0.0,0.0,2.0,9.0,1.0,4.0
282,1.0,282.0,London_60,,151,453,1092.0,70.0,2.0,192978.0,0.9906054718885571,879.0,76.0,2.0,74.0,159.0,18.0,141.0,20.0,232.0,87.0,23.0,73.0,1.0,25.0,0.0,12.0,5.0,76.0,138.0,234.0,40.0,0.0,0.0,0.0,0.0,0.0,0.0,0.0,0.0,0.0,0.0,0.0,0.0,0.0,0.0,0.0,0.0,0.0,0.0,0.0,0.0,0.0,0.0,0.0,0.0,0.0,0.0,0.0,0.0,0.0,0.0,0.0,0.0,0.0,0.0,0.0,1.0,0.0,0.0,0.0,0.0,2.0,5.0,0.0,0.0,1.0,0.0,6.0,4.0,7.0,4.0,20.0,15.0,12.0,6.0,0.0,0.0,0.0,0.0,0.0,0.0,0.0,0.0,0.0,0.0,0.0,0.0,0.0,0.0,0.0,4.0,0.0,0.0,0.0,0.0,2.0,10.0,0.0,0.0,1.0,0.0,9.0,4.0,9.0,6.0,32.0,22.0,17.0,12.0
283,1.0,283.0,London_60,,151,453,1092.0,70.0,2.0,206568.0,0.8651311839930713,909.0,26.0,0.0,26.0,48.0,0.0,48.0,159.0,233.0,105.0,14.0,65.0,7.0,21.0,1.0,7.0,7.0,76.0,123.0,247.0,26.0,0.0,0.0,0.0,0.0,0.0,0.0,0.0,0.0,0.0,0.0,0.0,0.0,0.0,0.0,0.0,0.0,0.0,0.0,0.0,0.0,0.0,0.0,0.0,0.0,0.0,0.0,0.0,0.0,0.0,0.0,0.0,0.0,0.0,0.0,0.0,0.0,0.0,0.0,0.0,0.0,0.0,1.0,1.0,0.0,2.0,0.0,6.0,3.0,2.0,2.0,4.0,7.0,6.0,1.0,0.0,0.0,0.0,0.0,0.0,0.0,0.0,0.0,0.0,0.0,0.0,0.0,0.0,0.0,0.0,0.0,0.0,0.0,0.0,0.0,0.0,2.0,1.0,0.0,2.0,0.0,6.0,4.0,3.0,2.0,7.0,13.0,11.0,2.0
284,1.0,284.0,London_60,,151,453,1092.0,70.0,2.0,252321.0,1.006158069940284,1010.0,145.0,0.0,145.0,258.0,0.0,258.0,48.0,237.0,106.0,12.0,62.0,5.0,24.0,2.0,5.0,7.0,77.0,136.0,233.0,28.0,0.0,0.0,0.0,0.0,0.0,0.0,0.0,0.0,0.0,0.0,0.0,0.0,0.0,0.0,0.0,0.0,0.0,0.0,0.0,0.0,0.0,0.0,0.0,0.0,0.0,0.0,0.0,0.0,0.0,0.0,0.0,0.0,0.0,0.0,0.0,0.0,0.0,0.0,0.0,0.0,0.0,13.0,4.0,0.0,10.0,0.0,8.0,4.0,6.0,17.0,27.0,32.0,23.0,16.0,0.0,0.0,0.0,0.0,0.0,0.0,0.0,0.0,0.0,0.0,0.0,0.0,0.0,0.0,0.0,0.0,0.0,0.0,0.0,0.0,0.0,23.0,6.0,0.0,11.0,0.0,9.0,9.0,8.0,21.0,44.0,45.0,31.0,25.0
285,1.0,285.0,London_60,,151,453,1092.0,70.0,2.0,243261.0,0.9314553879667073,990.0,76.0,1.0,75.0,134.0,9.0,125.0,258.0,223.0,77.0,25.0,74.0,12.0,37.0,3.0,2.0,7.0,82.0,138.0,226.0,29.0,0.0,0.0,0.0,0.0,0.0,0.0,0.0,0.0,0.0,0.0,0.0,0.0,0.0,0.0,0.0,0.0,0.0,0.0,0.0,0.0,0.0,0.0,0.0,0.0,0.0,0.0,0.0,0.0,0.0,0.0,0.0,0.0,0.0,0.0,0.0,1.0,0.0,0.0,0.0,0.0,0.0,0.0,0.0,0.0,1.0,0.0,9.0,3.0,1.0,8.0,11.0,9.0,15.0,2.0,0.0,0.0,0.0,0.0,0.0,0.0,0.0,0.0,0.0,0.0,0.0,0.0,0.0,0.0,0.0,2.0,0.0,0.0,0.0,0.0,0.0,0.0,0.0,0.0,1.0,0.0,12.0,6.0,1.0,9.0,15.0,12.0,20.0,4.0
286,1.0,286.0,London_60,,151,453,1092.0,70.0,2.0,263646.0,2.7920363929588348,1035.0,212.0,2.0,210.0,368.0,17.0,351.0,134.0,234.0,86.0,23.0,65.0,10.0,32.0,3.0,0.0,8.0,76.0,125.0,244.0,22.0,0.0,0.0,0.0,0.0,0.0,0.0,0.0,0.0,0.0,0.0,0.0,0.0,0.0,0.0,0.0,0.0,0.0,0.0,0.0,0.0,0.0,0.0,0.0,0.0,0.0,0.0,0.0,0.0,0.0,1.0,0.0,0.0,0.0,0.0,0.0,1.0,0.0,0.0,0.0,0.0,3.0,17.0,0.0,3.0,0.0,1.0,19.0,4.0,1.0,6.0,40.0,42.0,26.0,19.0,0.0,0.0,0.0,0.0,0.0,0.0,0.0,0.0,0.0,1.0,0.0,0.0,0.0,0.0,0.0,2.0,0.0,0.0,0.0,0.0,4.0,23.0,0.0,3.0,0.0,1.0,23.0,4.0,1.0,11.0,61.0,65.0,33.0,30.0
287,1.0,287.0,London_60,,151,453,1092.0,70.0,2.0,203850.0,0.6294610041659325,903.0,182.0,1.0,181.0,302.0,10.0,292.0,368.0,126.0,116.0,26.0,131.0,13.0,35.0,1.0,5.0,6.0,75.0,147.0,225.0,53.0,0.0,0.0,0.0,0.0,0.0,0.0,0.0,0.0,0.0,0.0,0.0,0.0,0.0,0.0,0.0,0.0,0.0,0.0,0.0,0.0,0.0,0.0,0.0,0.0,0.0,0.0,0.0,0.0,0.0,0.0,0.0,0.0,0.0,0.0,0.0,1.0,0.0,0.0,0.0,0.0,6.0,4.0,0.0,2.0,5.0,0.0,18.0,13.0,11.0,2.0,44.0,40.0,30.0,10.0,0.0,0.0,0.0,0.0,0.0,0.0,0.0,0.0,0.0,0.0,0.0,0.0,0.0,0.0,0.0,2.0,0.0,0.0,0.0,0.0,9.0,5.0,0.0,2.0,5.0,0.0,21.0,16.0,15.0,3.0,63.0,59.0,37.0,18.0
288,1.0,288.0,London_60,,151,453,1092.0,70.0,2.0,157644.0,1.7236109010409564,801.0,159.0,0.0,159.0,273.0,0.0,273.0,302.0,137.0,144.0,41.0,101.0,6.0,16.0,4.0,4.0,7.0,80.0,128.0,238.0,34.0,0.0,0.0,0.0,0.0,0.0,0.0,0.0,0.0,0.0,0.0,0.0,0.0,0.0,0.0,0.0,0.0,0.0,0.0,0.0,0.0,0.0,0.0,0.0,0.0,0.0,0.0,0.0,0.0,0.0,0.0,0.0,0.0,0.0,0.0,0.0,0.0,0.0,0.0,0.0,0.0,2.0,10.0,2.0,3.0,3.0,1.0,15.0,8.0,8.0,14.0,31.0,40.0,22.0,11.0,0.0,0.0,0.0,0.0,0.0,0.0,0.0,0.0,0.0,0.0,0.0,0.0,0.0,0.0,0.0,0.0,0.0,0.0,0.0,0.0,2.0,14.0,2.0,5.0,3.0,2.0,22.0,8.0,9.0,18.0,40.0,59.0,27.0,15.0
289,1.0,289.0,London_60,,151,453,1092.0,70.0,2.0,113703.0,0.6920413649640977,704.0,47.0,2.0,45.0,98.0,17.0,81.0,273.0,153.0,147.0,43.0,79.0,2.0,27.0,0.0,2.0,5.0,78.0,143.0,227.0,35.0,0.0,0.0,0.0,0.0,0.0,0.0,0.0,0.0,0.0,0.0,0.0,0.0,0.0,0.0,0.0,0.0,0.0,0.0,0.0,0.0,0.0,0.0,0.0,0.0,0.0,0.0,0.0,0.0,0.0,0.0,0.0,0.0,1.0,0.0,1.0,2.0,0.0,0.0,0.0,0.0,0.0,0.0,0.0,1.0,0.0,0.0,6.0,4.0,2.0,6.0,6.0,10.0,7.0,4.0,0.0,0.0,0.0,0.0,0.0,0.0,0.0,0.0,0.0,0.0,0.0,0.0,5.0,0.0,7.0,4.0,0.0,0.0,0.0,0.0,0.0,0.0,0.0,1.0,0.0,0.0,6.0,5.0,2.0,6.0,8.0,20.0,12.0,6.0
290,1.0,290.0,London_60,,151,453,1092.0,70.0,2.0,128652.0,0.6369522449094802,737.0,76.0,2.0,74.0,150.0,18.0,132.0,98.0,153.0,139.0,40.0,92.0,0.0,22.0,1.0,6.0,5.0,71.0,139.0,238.0,37.0,0.0,0.0,0.0,0.0,0.0,0.0,0.0,0.0,0.0,0.0,0.0,0.0,0.0,0.0,0.0,0.0,0.0,0.0,0.0,0.0,0.0,0.0,0.0,0.0,0.0,0.0,0.0,0.0,0.0,0.0,0.0,0.0,1.0,1.0,0.0,1.0,1.0,0.0,0.0,0.0,3.0,2.0,0.0,2.0,2.0,0.0,6.0,3.0,6.0,2.0,12.0,12.0,9.0,5.0,0.0,0.0,0.0,0.0,0.0,0.0,0.0,0.0,0.0,0.0,0.0,0.0,3.0,6.0,0.0,4.0,8.0,0.0,0.0,0.0,7.0,3.0,0.0,3.0,2.0,0.0,10.0,4.0,9.0,3.0,20.0,19.0,10.0,9.0
291,1.0,291.0,London_60,,151,453,1092.0,70.0,2.0,128652.0,0.8622386700008065,737.0,100.0,1.0,99.0,162.0,9.0,153.0,150.0,157.0,155.0,35.0,76.0,6.0,16.0,1.0,7.0,4.0,68.0,139.0,242.0,35.0,0.0,0.0,0.0,0.0,0.0,0.0,0.0,0.0,0.0,0.0,0.0,0.0,0.0,0.0,0.0,0.0,0.0,0.0,0.0,0.0,0.0,0.0,0.0,0.0,0.0,0.0,0.0,0.0,0.0,0.0,0.0,0.0,0.0,0.0,0.0,1.0,0.0,0.0,0.0,0.0,1.0,4.0,0.0,0.0,0.0,0.0,15.0,6.0,8.0,3.0,14.0,23.0,22.0,5.0,0.0,0.0,0.0,0.0,0.0,0.0,0.0,0.0,0.0,0.0,0.0,0.0,0.0,0.0,0.0,4.0,0.0,0.0,0.0,0.0,2.0,5.0,0.0,0.0,0.0,0.0,18.0,7.0,10.0,3.0,18.0,30.0,25.0,7.0
292,1.0,292.0,London_60,,151,453,1092.0,70.0,2.0,124122.0,0.8716968030203134,727.0,39.0,1.0,38.0,76.0,8.0,68.0,162.0,169.0,154.0,40.0,62.0,6.0,12.0,1.0,9.0,3.0,74.0,143.0,233.0,31.0,0.0,0.0,0.0,0.0,0.0,0.0,0.0,0.0,0.0,0.0,0.0,0.0,0.0,0.0,0.0,0.0,0.0,0.0,0.0,0.0,0.0,0.0,0.0,0.0,0.0,0.0,0.0,0.0,0.0,1.0,0.0,0.0,1.0,0.0,0.0,1.0,0.0,0.0,0.0,0.0,0.0,2.0,0.0,0.0,0.0,0.0,4.0,2.0,2.0,1.0,2.0,13.0,12.0,3.0,0.0,0.0,0.0,0.0,0.0,0.0,0.0,0.0,0.0,2.0,0.0,0.0,3.0,0.0,0.0,2.0,0.0,0.0,0.0,0.0,0.0,2.0,0.0,0.0,0.0,0.0,5.0,3.0,2.0,3.0,3.0,19.0,13.0,5.0
293,1.0,293.0,London_60,,151,453,1092.0,70.0,2.0,143148.0,0.6215374220628291,769.0,0.0,0.0,0.0,0.0,0.0,0.0,76.0,171.0,156.0,41.0,63.0,2.0,12.0,1.0,7.0,1.0,77.0,139.0,236.0,27.0,0.0,0.0,0.0,0.0,0.0,0.0,0.0,0.0,0.0,0.0,0.0,0.0,0.0,0.0,0.0,0.0,0.0,0.0,0.0,0.0,0.0,0.0,0.0,0.0,0.0,0.0,0.0,0.0,0.0,0.0,0.0,0.0,0.0,0.0,0.0,0.0,0.0,0.0,0.0,0.0,0.0,0.0,0.0,0.0,0.0,0.0,0.0,0.0,0.0,0.0,0.0,0.0,0.0,0.0,0.0,0.0,0.0,0.0,0.0,0.0,0.0,0.0,0.0,0.0,0.0,0.0,0.0,0.0,0.0,0.0,0.0,0.0,0.0,0.0,0.0,0.0,0.0,0.0,0.0,0.0,0.0,0.0,0.0,0.0,0.0,0.0,0.0,0.0
294,1.0,294.0,London_60,,151,453,1092.0,70.0,2.0,186183.0,2.0686182889621705,864.0,97.0,0.0,97.0,163.0,0.0,163.0,0.0,171.0,156.0,41.0,63.0,2.0,12.0,1.0,7.0,1.0,77.0,139.0,236.0,27.0,0.0,0.0,0.0,0.0,0.0,0.0,0.0,0.0,0.0,0.0,0.0,0.0,0.0,0.0,0.0,0.0,0.0,0.0,0.0,0.0,0.0,0.0,0.0,0.0,0.0,0.0,0.0,0.0,0.0,0.0,0.0,0.0,0.0,0.0,0.0,0.0,0.0,0.0,0.0,0.0,0.0,7.0,9.0,0.0,0.0,1.0,6.0,4.0,4.0,6.0,18.0,27.0,16.0,11.0,0.0,0.0,0.0,0.0,0.0,0.0,0.0,0.0,0.0,0.0,0.0,0.0,0.0,0.0,0.0,0.0,0.0,0.0,0.0,0.0,0.0,8.0,11.0,0.0,0.0,2.0,7.0,5.0,5.0,8.0,33.0,34.0,18.0,17.0
295,1.0,295.0,London_60,,151,453,1092.0,70.0,2.0,176670.0,0.7974019069224596,843.0,107.0,1.0,106.0,179.0,7.0,172.0,163.0,185.0,152.0,36.0,53.0,6.0,14.0,0.0,7.0,6.0,68.0,135.0,244.0,30.0,0.0,0.0,0.0,0.0,0.0,0.0,0.0,0.0,0.0,0.0,0.0,0.0,0.0,0.0,0.0,0.0,0.0,0.0,0.0,0.0,0.0,0.0,0.0,0.0,0.0,0.0,0.0,0.0,0.0,0.0,0.0,0.0,1.0,0.0,1.0,1.0,0.0,0.0,0.0,0.0,3.0,3.0,0.0,3.0,1.0,0.0,12.0,10.0,2.0,17.0,17.0,21.0,23.0,10.0,0.0,0.0,0.0,0.0,0.0,0.0,0.0,0.0,0.0,0.0,0.0,0.0,1.0,0.0,6.0,4.0,0.0,0.0,0.0,0.0,5.0,3.0,0.0,4.0,1.0,0.0,18.0,13.0,2.0,21.0,27.0,30.0,29.0,14.0
296,1.0,296.0,London_60,,151,453,1092.0,70.0,2.0,153567.0,1.0795911259483546,792.0,130.0,1.0,129.0,228.0,9.0,219.0,179.0,193.0,155.0,22.0,58.0,5.0,17.0,2.0,1.0,5.0,65.0,133.0,250.0,40.0,0.0,0.0,0.0,0.0,0.0,0.0,0.0,0.0,0.0,0.0,0.0,0.0,0.0,0.0,0.0,0.0,0.0,0.0,0.0,0.0,0.0,0.0,0.0,0.0,0.0,0.0,0.0,0.0,0.0,0.0,0.0,0.0,0.0,0.0,0.0,0.0,0.0,0.0,0.0,0.0,2.0,9.0,0.0,0.0,6.0,0.0,13.0,10.0,2.0,10.0,22.0,29.0,21.0,9.0,0.0,0.0,0.0,0.0,0.0,0.0,0.0,0.0,0.0,0.0,0.0,0.0,0.0,0.0,0.0,0.0,0.0,0.0,0.0,0.0,2.0,12.0,0.0,0.0,7.0,0.0,15.0,13.0,2.0,10.0,36.0,46.0,27.0,13.0
297,1.0,297.0,London_60,,151,453,1092.0,70.0,2.0,126387.0,1.073447526898235,732.0,59.0,2.0,57.0,116.0,19.0,97.0,228.0,202.0,149.0,16.0,65.0,6.0,10.0,1.0,4.0,7.0,64.0,148.0,234.0,28.0,0.0,0.0,0.0,0.0,0.0,0.0,0.0,0.0,0.0,0.0,0.0,0.0,0.0,0.0,0.0,0.0,0.0,0.0,0.0,0.0,0.0,0.0,0.0,0.0,0.0,0.0,0.0,0.0,0.0,0.0,0.0,0.0,1.0,0.0,1.0,1.0,0.0,0.0,0.0,0.0,1.0,1.0,2.0,0.0,0.0,0.0,5.0,3.0,0.0,9.0,12.0,22.0,12.0,6.0,0.0,0.0,0.0,0.0,0.0,0.0,0.0,0.0,0.0,0.0,0.0,0.0,1.0,0.0,8.0,4.0,0.0,0.0,0.0,0.0,1.0,1.0,2.0,0.0,0.0,0.0,8.0,4.0,0.0,11.0,21.0,34.0,14.0,10.0
298,1.0,298.0,London_60,,151,453,1092.0,70.0,2.0,131823.0,0.7789863510988653,744.0,163.0,2.0,161.0,292.0,20.0,272.0,116.0,197.0,164.0,22.0,42.0,8.0,17.0,0.0,3.0,6.0,64.0,128.0,255.0,32.0,0.0,0.0,0.0,0.0,0.0,0.0,0.0,0.0,0.0,0.0,0.0,0.0,0.0,0.0,0.0,0.0,0.0,0.0,0.0,0.0,0.0,0.0,0.0,0.0,0.0,0.0,0.0,0.0,0.0,0.0,0.0,0.0,0.0,0.0,0.0,0.0,0.0,0.0,0.0,0.0,2.0,19.0,8.0,3.0,11.0,1.0,30.0,2.0,17.0,5.0,23.0,40.0,27.0,11.0,0.0,0.0,0.0,0.0,0.0,0.0,0.0,0.0,0.0,0.0,0.0,0.0,0.0,0.0,0.0,0.0,0.0,0.0,0.0,0.0,3.0,26.0,9.0,6.0,12.0,1.0,49.0,2.0,25.0,5.0,31.0,49.0,37.0,12.0
299,1.0,299.0,London_60,,151,453,1092.0,70.0,2.0,87429.0,0.30637320107780397,646.0,40.0,1.0,39.0,70.0,8.0,62.0,292.0,192.0,96.0,28.0,91.0,7.0,33.0,0.0,6.0,6.0,71.0,141.0,235.0,39.0,0.0,0.0,0.0,0.0,0.0,0.0,0.0,0.0,0.0,0.0,0.0,0.0,0.0,0.0,0.0,0.0,0.0,0.0,0.0,0.0,0.0,0.0,0.0,0.0,0.0,0.0,0.0,0.0,0.0,0.0,0.0,0.0,0.0,1.0,0.0,1.0,0.0,0.0,0.0,0.0,0.0,0.0,0.0,1.0,0.0,1.0,7.0,1.0,1.0,0.0,7.0,8.0,4.0,2.0,0.0,0.0,0.0,0.0,0.0,0.0,0.0,0.0,0.0,0.0,0.0,0.0,0.0,8.0,0.0,1.0,0.0,0.0,0.0,0.0,0.0,0.0,0.0,2.0,0.0,2.0,12.0,2.0,1.0,0.0,11.0,10.0,5.0,4.0
300,1.0,300.0,London_60,,151,453,1092.0,70.0,2.0,106002.0,0.7253707638010383,687.0,10.0,0.0,10.0,15.0,0.0,15.0,70.0,198.0,81.0,31.0,100.0,7.0,30.0,1.0,5.0,3.0,74.0,149.0,227.0,34.0,0.0,0.0,0.0,0.0,0.0,0.0,0.0,0.0,0.0,0.0,0.0,0.0,0.0,0.0,0.0,0.0,0.0,0.0,0.0,0.0,0.0,0.0,0.0,0.0,0.0,0.0,0.0,0.0,0.0,0.0,0.0,0.0,0.0,0.0,0.0,0.0,0.0,0.0,0.0,0.0,0.0,0.0,0.0,1.0,0.0,0.0,3.0,0.0,2.0,0.0,3.0,3.0,1.0,0.0,0.0,0.0,0.0,0.0,0.0,0.0,0.0,0.0,0.0,0.0,0.0,0.0,0.0,0.0,0.0,0.0,0.0,0.0,0.0,0.0,0.0,0.0,0.0,1.0,0.0,0.0,5.0,0.0,2.0,0.0,4.0,5.0,1.0,0.0
301,1.0,301.0,London_60,,151,453,1092.0,70.0,2.0,144960.0,0.6340117871295661,773.0,72.0,2.0,70.0,140.0,19.0,121.0,15.0,197.0,81.0,31.0,101.0,6.0,32.0,2.0,3.0,4.0,75.0,148.0,226.0,32.0,0.0,0.0,0.0,0.0,0.0,0.0,0.0,0.0,0.0,0.0,0.0,0.0,0.0,0.0,0.0,0.0,0.0,0.0,0.0,0.0,0.0,0.0,0.0,0.0,0.0,0.0,0.0,0.0,0.0,0.0,0.0,0.0,1.0,0.0,1.0,2.0,0.0,0.0,0.0,0.0,2.0,8.0,0.0,0.0,0.0,0.0,6.0,2.0,3.0,3.0,19.0,21.0,19.0,6.0,0.0,0.0,0.0,0.0,0.0,0.0,0.0,0.0,0.0,0.0,0.0,0.0,2.0,0.0,7.0,6.0,0.0,0.0,0.0,0.0,2.0,10.0,0.0,0.0,0.0,0.0,9.0,3.0,5.0,4.0,31.0,34.0,23.0,8.0
302,1.0,302.0,London_60,,151,453,1092.0,70.0,2.0,145866.0,1.4358346820808947,775.0,0.0,0.0,0.0,0.0,0.0,0.0,140.0,198.0,91.0,28.0,94.0,9.0,31.0,1.0,1.0,6.0,64.0,144.0,239.0,30.0,0.0,0.0,0.0,0.0,0.0,0.0,0.0,0.0,0.0,0.0,0.0,0.0,0.0,0.0,0.0,0.0,0.0,0.0,0.0,0.0,0.0,0.0,0.0,0.0,0.0,0.0,0.0,0.0,0.0,0.0,0.0,0.0,0.0,0.0,0.0,0.0,0.0,0.0,0.0,0.0,0.0,0.0,0.0,0.0,0.0,0.0,0.0,0.0,0.0,0.0,0.0,0.0,0.0,0.0,0.0,0.0,0.0,0.0,0.0,0.0,0.0,0.0,0.0,0.0,0.0,0.0,0.0,0.0,0.0,0.0,0.0,0.0,0.0,0.0,0.0,0.0,0.0,0.0,0.0,0.0,0.0,0.0,0.0,0.0,0.0,0.0,0.0,0.0
303,1.0,303.0,London_60,,151,453,1092.0,70.0,2.0,193431.0,1.2355343708768487,880.0,122.0,2.0,120.0,231.0,18.0,213.0,0.0,198.0,91.0,28.0,94.0,9.0,31.0,1.0,1.0,6.0,64.0,144.0,239.0,30.0,0.0,0.0,0.0,0.0,0.0,0.0,0.0,0.0,0.0,0.0,0.0,0.0,0.0,0.0,0.0,0.0,0.0,0.0,0.0,0.0,0.0,0.0,0.0,0.0,0.0,0.0,0.0,0.0,0.0,0.0,0.0,0.0,0.0,1.0,0.0,1.0,0.0,0.0,0.0,0.0,3.0,7.0,1.0,1.0,4.0,0.0,16.0,7.0,8.0,13.0,16.0,29.0,19.0,11.0,0.0,0.0,0.0,0.0,0.0,0.0,0.0,0.0,0.0,0.0,0.0,0.0,0.0,8.0,0.0,4.0,0.0,0.0,0.0,0.0,3.0,12.0,1.0,1.0,4.0,0.0,21.0,9.0,8.0,16.0,27.0,44.0,24.0,13.0
304,1.0,304.0,London_60,,151,453,1092.0,70.0,2.0,185730.0,0.7913571840617806,863.0,130.0,0.0,130.0,229.0,0.0,229.0,231.0,200.0,92.0,25.0,90.0,9.0,28.0,1.0,8.0,4.0,72.0,133.0,244.0,35.0,0.0,0.0,0.0,0.0,0.0,0.0,0.0,0.0,0.0,0.0,0.0,0.0,0.0,0.0,0.0,0.0,0.0,0.0,0.0,0.0,0.0,0.0,0.0,0.0,0.0,0.0,0.0,0.0,0.0,0.0,0.0,0.0,0.0,0.0,0.0,0.0,0.0,0.0,0.0,0.0,3.0,12.0,4.0,1.0,9.0,0.0,7.0,12.0,13.0,10.0,30.0,26.0,18.0,9.0,0.0,0.0,0.0,0.0,0.0,0.0,0.0,0.0,0.0,0.0,0.0,0.0,0.0,0.0,0.0,0.0,0.0,0.0,0.0,0.0,3.0,19.0,5.0,2.0,10.0,0.0,8.0,16.0,19.0,13.0,46.0,37.0,26.0,18.0
305,1.0,305.0,London_60,,151,453,1092.0,70.0,2.0,169422.0,0.7001140329521149,827.0,67.0,0.0,67.0,112.0,0.0,112.0,229.0,211.0,84.0,23.0,74.0,14.0,38.0,1.0,8.0,13.0,74.0,153.0,213.0,35.0,0.0,0.0,0.0,0.0,0.0,0.0,0.0,0.0,0.0,0.0,0.0,0.0,0.0,0.0,0.0,0.0,0.0,0.0,0.0,0.0,0.0,0.0,0.0,0.0,0.0,0.0,0.0,0.0,0.0,0.0,0.0,0.0,0.0,0.0,0.0,0.0,0.0,0.0,0.0,0.0,1.0,2.0,0.0,0.0,0.0,0.0,7.0,4.0,2.0,2.0,13.0,16.0,8.0,10.0,0.0,0.0,0.0,0.0,0.0,0.0,0.0,0.0,0.0,0.0,0.0,0.0,0.0,0.0,0.0,0.0,0.0,0.0,0.0,0.0,1.0,2.0,0.0,0.0,0.0,0.0,9.0,5.0,2.0,2.0,19.0,18.0,9.0,17.0
306,1.0,306.0,London_60,,151,453,1092.0,70.0,2.0,183918.0,0.864614951889962,859.0,165.0,0.0,165.0,300.0,0.0,300.0,112.0,226.0,78.0,18.0,66.0,14.0,43.0,0.0,8.0,8.0,81.0,143.0,221.0,35.0,0.0,0.0,0.0,0.0,0.0,0.0,0.0,0.0,0.0,0.0,0.0,0.0,0.0,0.0,0.0,0.0,0.0,0.0,0.0,0.0,0.0,0.0,0.0,0.0,0.0,0.0,0.0,0.0,0.0,0.0,0.0,0.0,0.0,0.0,0.0,0.0,0.0,0.0,0.0,0.0,0.0,21.0,0.0,0.0,13.0,0.0,2.0,10.0,12.0,13.0,30.0,35.0,23.0,10.0,0.0,0.0,0.0,0.0,0.0,0.0,0.0,0.0,0.0,0.0,0.0,0.0,0.0,0.0,0.0,0.0,0.0,0.0,0.0,0.0,0.0,34.0,0.0,0.0,14.0,0.0,4.0,14.0,16.0,17.0,44.0,50.0,28.0,14.0
307,1.0,307.0,London_60,,151,453,1092.0,70.0,2.0,141789.0,0.7786887320689857,766.0,15.0,2.0,13.0,46.0,22.0,24.0,300.0,179.0,95.0,18.0,99.0,19.0,38.0,0.0,5.0,13.0,77.0,152.0,211.0,49.0,0.0,0.0,0.0,0.0,0.0,0.0,0.0,0.0,0.0,1.0,0.0,1.0,0.0,0.0,0.0,0.0,0.0,0.0,1.0,0.0,0.0,0.0,0.0,0.0,0.0,0.0,0.0,0.0,0.0,1.0,0.0,0.0,1.0,0.0,1.0,1.0,0.0,0.0,0.0,0.0,0.0,0.0,0.0,0.0,0.0,0.0,2.0,0.0,1.0,0.0,3.0,2.0,5.0,2.0,0.0,0.0,0.0,0.0,0.0,0.0,0.0,0.0,0.0,1.0,0.0,0.0,2.0,0.0,2.0,3.0,0.0,0.0,0.0,0.0,0.0,0.0,0.0,0.0,0.0,0.0,3.0,0.0,1.0,0.0,5.0,2.0,9.0,3.0
308,1.0,308.0,London_60,,151,453,1092.0,70.0,2.0,177123.0,0.916888979030773,844.0,67.0,2.0,65.0,124.0,18.0,106.0,38.0,176.0,88.0,17.0,108.0,20.0,39.0,0.0,5.0,13.0,86.0,140.0,214.0,49.0,0.0,0.0,0.0,0.0,0.0,0.0,0.0,0.0,0.0,0.0,0.0,0.0,0.0,0.0,0.0,0.0,0.0,0.0,0.0,0.0,0.0,0.0,0.0,0.0,0.0,0.0,0.0,0.0,0.0,2.0,0.0,0.0,2.0,0.0,2.0,0.0,1.0,0.0,0.0,0.0,2.0,0.0,0.0,0.0,0.0,0.0,5.0,5.0,6.0,3.0,9.0,16.0,9.0,9.0,0.0,0.0,0.0,0.0,0.0,0.0,0.0,0.0,0.0,9.0,0.0,0.0,9.0,0.0,16.0,0.0,10.0,0.0,0.0,0.0,2.0,0.0,0.0,0.0,0.0,0.0,6.0,6.0,9.0,3.0,10.0,23.0,11.0,13.0
309,1.0,309.0,London_60,,151,453,1092.0,70.0,2.0,191619.0,0.7282673751469702,876.0,165.0,2.0,163.0,292.0,17.0,275.0,124.0,182.0,90.0,28.0,108.0,4.0,33.0,3.0,5.0,6.0,78.0,139.0,230.0,31.0,0.0,0.0,0.0,0.0,0.0,0.0,0.0,0.0,0.0,0.0,0.0,0.0,0.0,0.0,0.0,0.0,0.0,0.0,0.0,0.0,0.0,0.0,0.0,0.0,0.0,0.0,0.0,0.0,0.0,2.0,0.0,0.0,1.0,0.0,0.0,2.0,0.0,0.0,0.0,0.0,0.0,7.0,5.0,5.0,9.0,0.0,20.0,10.0,13.0,16.0,32.0,35.0,31.0,17.0,0.0,0.0,0.0,0.0,0.0,0.0,0.0,0.0,0.0,3.0,0.0,0.0,1.0,0.0,0.0,11.0,0.0,0.0,0.0,0.0,0.0,9.0,6.0,8.0,11.0,0.0,29.0,11.0,17.0,25.0,44.0,52.0,40.0,29.0
310,1.0,310.0,London_60,,151,453,1092.0,70.0,2.0,154473.0,1.050604138057679,794.0,131.0,1.0,130.0,232.0,12.0,220.0,292.0,186.0,108.0,31.0,89.0,5.0,22.0,4.0,8.0,7.0,85.0,154.0,207.0,39.0,0.0,0.0,0.0,0.0,0.0,0.0,0.0,0.0,0.0,0.0,0.0,0.0,0.0,0.0,0.0,0.0,0.0,0.0,0.0,0.0,0.0,0.0,0.0,0.0,0.0,0.0,0.0,0.0,0.0,0.0,1.0,0.0,1.0,0.0,0.0,1.0,0.0,0.0,0.0,0.0,1.0,8.0,7.0,2.0,3.0,0.0,10.0,8.0,13.0,4.0,25.0,29.0,28.0,5.0,0.0,0.0,0.0,0.0,0.0,0.0,0.0,0.0,0.0,0.0,7.0,0.0,4.0,0.0,0.0,3.0,0.0,0.0,0.0,0.0,1.0,12.0,8.0,3.0,3.0,0.0,12.0,14.0,18.0,4.0,42.0,39.0,41.0,8.0
311,1.0,311.0,London_60,,151,453,1092.0,70.0,2.0,129558.0,0.9254288689699024,739.0,148.0,0.0,148.0,248.0,0.0,248.0,232.0,187.0,114.0,23.0,67.0,12.0,31.0,4.0,15.0,7.0,63.0,164.0,219.0,38.0,0.0,0.0,0.0,0.0,0.0,0.0,0.0,0.0,0.0,0.0,0.0,0.0,0.0,0.0,0.0,0.0,0.0,0.0,0.0,0.0,0.0,0.0,0.0,0.0,0.0,0.0,0.0,0.0,0.0,0.0,0.0,0.0,0.0,0.0,0.0,0.0,0.0,0.0,0.0,0.0,0.0,16.0,1.0,1.0,12.0,0.0,7.0,12.0,10.0,12.0,37.0,25.0,25.0,16.0,0.0,0.0,0.0,0.0,0.0,0.0,0.0,0.0,0.0,0.0,0.0,0.0,0.0,0.0,0.0,0.0,0.0,0.0,0.0,0.0,0.0,19.0,1.0,1.0,12.0,0.0,8.0,16.0,12.0,16.0,58.0,34.0,32.0,24.0
312,1.0,312.0,London_60,,151,453,1092.0,70.0,2.0,84711.0,0.31902969302609563,640.0,1.0,0.0,1.0,1.0,0.0,1.0,248.0,201.0,91.0,17.0,82.0,10.0,46.0,1.0,5.0,5.0,65.0,160.0,223.0,38.0,0.0,0.0,0.0,0.0,0.0,0.0,0.0,0.0,0.0,0.0,0.0,0.0,0.0,0.0,0.0,0.0,0.0,0.0,0.0,0.0,0.0,0.0,0.0,0.0,0.0,0.0,0.0,0.0,0.0,0.0,0.0,0.0,0.0,0.0,0.0,0.0,0.0,0.0,0.0,0.0,0.0,0.0,0.0,0.0,0.0,0.0,0.0,0.0,0.0,0.0,0.0,0.0,0.0,0.0,0.0,0.0,0.0,0.0,0.0,0.0,0.0,0.0,0.0,0.0,0.0,0.0,0.0,0.0,0.0,0.0,0.0,0.0,0.0,0.0,0.0,0.0,0.0,0.0,0.0,0.0,0.0,0.0,0.0,0.0,0.0,0.0,0.0,0.0
313,1.0,313.0,London_60,,151,453,1092.0,70.0,2.0,114609.0,0.7675196949858218,706.0,0.0,0.0,0.0,0.0,0.0,0.0,1.0,201.0,92.0,17.0,81.0,10.0,46.0,1.0,5.0,5.0,65.0,159.0,224.0,37.0,0.0,0.0,0.0,0.0,0.0,0.0,0.0,0.0,0.0,0.0,0.0,0.0,0.0,0.0,0.0,0.0,0.0,0.0,0.0,0.0,0.0,0.0,0.0,0.0,0.0,0.0,0.0,0.0,0.0,0.0,0.0,0.0,0.0,0.0,0.0,0.0,0.0,0.0,0.0,0.0,0.0,0.0,0.0,0.0,0.0,0.0,0.0,0.0,0.0,0.0,0.0,0.0,0.0,0.0,0.0,0.0,0.0,0.0,0.0,0.0,0.0,0.0,0.0,0.0,0.0,0.0,0.0,0.0,0.0,0.0,0.0,0.0,0.0,0.0,0.0,0.0,0.0,0.0,0.0,0.0,0.0,0.0,0.0,0.0,0.0,0.0,0.0,0.0
314,1.0,314.0,London_60,,151,453,1092.0,70.0,2.0,152661.0,0.55459259217605,790.0,88.0,2.0,86.0,167.0,18.0,149.0,0.0,201.0,92.0,17.0,81.0,10.0,46.0,1.0,5.0,5.0,65.0,159.0,224.0,37.0,0.0,0.0,0.0,0.0,0.0,0.0,0.0,0.0,0.0,0.0,0.0,0.0,0.0,0.0,0.0,0.0,0.0,0.0,0.0,0.0,0.0,0.0,0.0,0.0,0.0,0.0,0.0,0.0,0.0,0.0,0.0,0.0,0.0,0.0,0.0,0.0,0.0,0.0,0.0,0.0,0.0,1.0,0.0,1.0,0.0,0.0,5.0,11.0,4.0,3.0,15.0,19.0,16.0,7.0,0.0,0.0,0.0,0.0,0.0,0.0,0.0,0.0,0.0,0.0,0.0,0.0,0.0,0.0,0.0,0.0,0.0,0.0,0.0,0.0,0.0,1.0,0.0,2.0,0.0,0.0,5.0,15.0,7.0,3.0,22.0,28.0,22.0,11.0
315,1.0,315.0,London_60,,151,453,1092.0,70.0,2.0,144507.0,0.513692419975996,772.0,117.0,1.0,116.0,212.0,8.0,204.0,167.0,209.0,87.0,16.0,84.0,10.0,40.0,1.0,6.0,4.0,70.0,143.0,236.0,38.0,0.0,0.0,0.0,0.0,0.0,0.0,0.0,0.0,0.0,0.0,0.0,0.0,0.0,0.0,0.0,0.0,0.0,0.0,0.0,0.0,0.0,0.0,0.0,0.0,0.0,0.0,0.0,0.0,0.0,0.0,0.0,0.0,1.0,0.0,0.0,1.0,0.0,0.0,0.0,0.0,8.0,9.0,5.0,1.0,4.0,0.0,11.0,14.0,5.0,11.0,14.0,30.0,24.0,14.0,0.0,0.0,0.0,0.0,0.0,0.0,0.0,0.0,0.0,0.0,0.0,0.0,6.0,0.0,0.0,2.0,0.0,0.0,0.0,0.0,11.0,11.0,6.0,1.0,4.0,0.0,14.0,20.0,6.0,14.0,20.0,50.0,34.0,23.0
316,1.0,316.0,London_60,,151,453,1092.0,70.0,2.0,130011.0,0.6897279059048742,740.0,101.0,0.0,101.0,167.0,0.0,167.0,212.0,225.0,102.0,16.0,52.0,13.0,36.0,3.0,6.0,5.0,77.0,139.0,232.0,30.0,0.0,0.0,0.0,0.0,0.0,0.0,0.0,0.0,0.0,0.0,0.0,0.0,0.0,0.0,0.0,0.0,0.0,0.0,0.0,0.0,0.0,0.0,0.0,0.0,0.0,0.0,0.0,0.0,0.0,0.0,0.0,0.0,0.0,0.0,0.0,0.0,0.0,0.0,0.0,0.0,4.0,0.0,0.0,1.0,3.0,1.0,6.0,8.0,2.0,11.0,17.0,21.0,16.0,6.0,0.0,0.0,0.0,0.0,0.0,0.0,0.0,0.0,0.0,0.0,0.0,0.0,0.0,0.0,0.0,0.0,0.0,0.0,0.0,0.0,5.0,0.0,0.0,1.0,3.0,2.0,8.0,9.0,2.0,16.0,25.0,30.0,20.0,9.0
317,1.0,317.0,London_60,,151,453,1092.0,70.0,2.0,124122.0,0.6075697920750827,727.0,14.0,0.0,14.0,26.0,0.0,26.0,167.0,231.0,106.0,10.0,42.0,12.0,42.0,3.0,7.0,2.0,88.0,138.0,225.0,25.0,0.0,0.0,0.0,0.0,0.0,0.0,0.0,0.0,0.0,0.0,0.0,0.0,0.0,0.0,0.0,0.0,0.0,0.0,0.0,0.0,0.0,0.0,0.0,0.0,0.0,0.0,0.0,0.0,0.0,0.0,0.0,0.0,0.0,0.0,0.0,0.0,0.0,0.0,0.0,0.0,1.0,0.0,0.0,0.0,0.0,1.0,2.0,0.0,0.0,3.0,5.0,2.0,4.0,2.0,0.0,0.0,0.0,0.0,0.0,0.0,0.0,0.0,0.0,0.0,0.0,0.0,0.0,0.0,0.0,0.0,0.0,0.0,0.0,0.0,1.0,0.0,0.0,0.0,0.0,2.0,2.0,0.0,0.0,4.0,9.0,2.0,6.0,3.0
318,1.0,318.0,London_60,,151,453,1092.0,70.0,2.0,162174.0,0.8478633351624012,811.0,10.0,2.0,8.0,30.0,17.0,13.0,26.0,231.0,106.0,9.0,43.0,10.0,42.0,3.0,9.0,2.0,83.0,139.0,229.0,19.0,0.0,0.0,0.0,0.0,0.0,0.0,0.0,0.0,0.0,0.0,0.0,0.0,0.0,0.0,0.0,0.0,0.0,0.0,0.0,0.0,0.0,0.0,0.0,0.0,0.0,0.0,0.0,0.0,0.0,0.0,0.0,0.0,2.0,1.0,1.0,1.0,0.0,0.0,0.0,0.0,0.0,1.0,0.0,0.0,0.0,0.0,0.0,0.0,0.0,0.0,2.0,2.0,2.0,1.0,0.0,0.0,0.0,0.0,0.0,0.0,0.0,0.0,0.0,0.0,0.0,0.0,7.0,5.0,5.0,5.0,0.0,0.0,0.0,0.0,0.0,1.0,0.0,0.0,0.0,0.0,0.0,0.0,0.0,0.0,3.0,3.0,3.0,1.0
319,1.0,319.0,London_60,,151,453,1092.0,70.0,2.0,205662.0,1.6235612879972905,907.0,144.0,0.0,144.0,259.0,0.0,259.0,30.0,229.0,113.0,11.0,44.0,10.0,37.0,3.0,6.0,4.0,80.0,129.0,240.0,17.0,0.0,0.0,0.0,0.0,0.0,0.0,0.0,0.0,0.0,0.0,0.0,0.0,0.0,0.0,0.0,0.0,0.0,0.0,0.0,0.0,0.0,0.0,0.0,0.0,0.0,0.0,0.0,0.0,0.0,0.0,0.0,0.0,0.0,0.0,0.0,0.0,0.0,0.0,0.0,0.0,3.0,3.0,2.0,4.0,0.0,0.0,25.0,11.0,4.0,12.0,21.0,35.0,19.0,6.0,0.0,0.0,0.0,0.0,0.0,0.0,0.0,0.0,0.0,0.0,0.0,0.0,0.0,0.0,0.0,0.0,0.0,0.0,0.0,0.0,5.0,5.0,2.0,7.0,0.0,0.0,30.0,20.0,6.0,15.0,29.0,50.0,24.0,8.0
320,1.0,320.0,London_60,,151,453,1092.0,70.0,2.0,187542.0,1.1092555879149586,867.0,117.0,2.0,115.0,221.0,16.0,205.0,259.0,202.0,108.0,17.0,79.0,8.0,35.0,1.0,3.0,3.0,79.0,135.0,236.0,41.0,0.0,0.0,0.0,0.0,0.0,0.0,0.0,0.0,0.0,0.0,0.0,0.0,0.0,0.0,0.0,0.0,0.0,0.0,0.0,0.0,0.0,0.0,0.0,0.0,0.0,0.0,0.0,0.0,0.0,0.0,1.0,0.0,1.0,0.0,1.0,2.0,0.0,0.0,0.0,0.0,4.0,4.0,0.0,1.0,4.0,2.0,13.0,8.0,2.0,7.0,18.0,33.0,18.0,12.0,0.0,0.0,0.0,0.0,0.0,0.0,0.0,0.0,0.0,0.0,5.0,0.0,1.0,0.0,4.0,10.0,0.0,0.0,0.0,0.0,4.0,7.0,0.0,1.0,5.0,4.0,16.0,12.0,2.0,11.0,24.0,50.0,22.0,21.0
321,1.0,321.0,London_60,,151,453,1092.0,70.0,2.0,180294.0,0.6321496539749205,851.0,78.0,2.0,76.0,145.0,19.0,126.0,221.0,212.0,111.0,13.0,67.0,8.0,36.0,1.0,5.0,6.0,77.0,128.0,242.0,37.0,0.0,0.0,0.0,0.0,0.0,0.0,0.0,0.0,0.0,0.0,0.0,0.0,0.0,0.0,0.0,0.0,0.0,0.0,0.0,0.0,0.0,0.0,0.0,0.0,0.0,0.0,0.0,0.0,0.0,1.0,0.0,0.0,0.0,0.0,1.0,1.0,0.0,0.0,0.0,0.0,4.0,1.0,0.0,0.0,1.0,0.0,10.0,3.0,3.0,5.0,11.0,22.0,13.0,3.0,0.0,0.0,0.0,0.0,0.0,0.0,0.0,0.0,0.0,7.0,0.0,0.0,0.0,0.0,5.0,4.0,0.0,0.0,0.0,0.0,7.0,2.0,0.0,0.0,1.0,0.0,13.0,5.0,5.0,7.0,18.0,30.0,16.0,4.0
322,1.0,322.0,London_60,,151,453,1092.0,70.0,2.0,180294.0,0.814399307128042,851.0,157.0,2.0,155.0,264.0,16.0,248.0,145.0,218.0,116.0,9.0,67.0,5.0,33.0,0.0,5.0,7.0,77.0,122.0,247.0,28.0,0.0,0.0,0.0,0.0,0.0,0.0,0.0,0.0,0.0,0.0,0.0,0.0,0.0,0.0,0.0,0.0,0.0,0.0,0.0,0.0,0.0,0.0,0.0,0.0,0.0,0.0,0.0,0.0,0.0,1.0,0.0,0.0,0.0,1.0,1.0,1.0,0.0,0.0,0.0,0.0,2.0,13.0,7.0,3.0,7.0,0.0,12.0,11.0,7.0,7.0,27.0,39.0,30.0,8.0,0.0,0.0,0.0,0.0,0.0,0.0,0.0,0.0,0.0,2.0,0.0,0.0,0.0,6.0,8.0,2.0,0.0,0.0,0.0,0.0,2.0,17.0,7.0,4.0,8.0,0.0,17.0,13.0,9.0,8.0,39.0,56.0,39.0,12.0
323,1.0,323.0,London_60,,151,453,1092.0,70.0,2.0,135900.0,0.7024734129663557,753.0,30.0,0.0,30.0,50.0,0.0,50.0,264.0,217.0,99.0,24.0,65.0,7.0,34.0,2.0,5.0,7.0,90.0,121.0,235.0,37.0,0.0,0.0,0.0,0.0,0.0,0.0,0.0,0.0,0.0,0.0,0.0,0.0,0.0,0.0,0.0,0.0,0.0,0.0,0.0,0.0,0.0,0.0,0.0,0.0,0.0,0.0,0.0,0.0,0.0,0.0,0.0,0.0,0.0,0.0,0.0,0.0,0.0,0.0,0.0,0.0,0.0,3.0,0.0,0.0,0.0,0.0,1.0,0.0,2.0,2.0,6.0,7.0,1.0,4.0,0.0,0.0,0.0,0.0,0.0,0.0,0.0,0.0,0.0,0.0,0.0,0.0,0.0,0.0,0.0,0.0,0.0,0.0,0.0,0.0,0.0,4.0,0.0,0.0,0.0,0.0,2.0,0.0,3.0,2.0,8.0,12.0,1.0,6.0
324,1.0,324.0,London_60,,151,453,1092.0,70.0,2.0,159003.0,1.0501144281588495,804.0,118.0,2.0,116.0,215.0,18.0,197.0,50.0,227.0,89.0,25.0,68.0,6.0,29.0,2.0,7.0,8.0,87.0,128.0,230.0,35.0,0.0,0.0,0.0,0.0,0.0,0.0,0.0,0.0,0.0,0.0,0.0,0.0,0.0,0.0,0.0,0.0,0.0,0.0,0.0,0.0,0.0,0.0,0.0,0.0,0.0,0.0,0.0,0.0,0.0,0.0,0.0,0.0,0.0,0.0,0.0,1.0,0.0,0.0,0.0,0.0,0.0,20.0,1.0,2.0,5.0,0.0,19.0,9.0,6.0,15.0,13.0,24.0,14.0,7.0,0.0,0.0,0.0,0.0,0.0,0.0,0.0,0.0,0.0,0.0,0.0,0.0,0.0,0.0,0.0,5.0,0.0,0.0,0.0,0.0,0.0,31.0,1.0,2.0,6.0,0.0,31.0,11.0,8.0,18.0,17.0,37.0,17.0,9.0
325,1.0,325.0,London_60,,151,453,1092.0,70.0,2.0,133635.0,0.6915963599458337,748.0,159.0,0.0,159.0,273.0,0.0,273.0,215.0,237.0,91.0,18.0,65.0,9.0,25.0,1.0,7.0,8.0,91.0,130.0,224.0,25.0,0.0,0.0,0.0,0.0,0.0,0.0,0.0,0.0,0.0,0.0,0.0,0.0,0.0,0.0,0.0,0.0,0.0,0.0,0.0,0.0,0.0,0.0,0.0,0.0,0.0,0.0,0.0,0.0,0.0,0.0,0.0,0.0,0.0,0.0,0.0,0.0,0.0,0.0,0.0,0.0,2.0,5.0,0.0,0.0,7.0,0.0,16.0,5.0,1.0,10.0,28.0,34.0,18.0,9.0,0.0,0.0,0.0,0.0,0.0,0.0,0.0,0.0,0.0,0.0,0.0,0.0,0.0,0.0,0.0,0.0,0.0,0.0,0.0,0.0,2.0,6.0,0.0,0.0,8.0,0.0,19.0,8.0,1.0,12.0,41.0,41.0,22.0,12.0
326,1.0,326.0,London_60,,151,453,1092.0,70.0,2.0,90600.0,0.5036350258160383,653.0,30.0,0.0,30.0,54.0,0.0,54.0,273.0,196.0,113.0,25.0,77.0,12.0,27.0,1.0,2.0,7.0,86.0,144.0,216.0,33.0,0.0,0.0,0.0,0.0,0.0,0.0,0.0,0.0,0.0,0.0,0.0,0.0,0.0,0.0,0.0,0.0,0.0,0.0,0.0,0.0,0.0,0.0,0.0,0.0,0.0,0.0,0.0,0.0,0.0,0.0,0.0,0.0,0.0,0.0,0.0,0.0,0.0,0.0,0.0,0.0,0.0,0.0,0.0,0.0,0.0,0.0,2.0,2.0,2.0,0.0,8.0,4.0,7.0,1.0,0.0,0.0,0.0,0.0,0.0,0.0,0.0,0.0,0.0,0.0,0.0,0.0,0.0,0.0,0.0,0.0,0.0,0.0,0.0,0.0,0.0,0.0,0.0,0.0,0.0,0.0,4.0,2.0,4.0,0.0,11.0,7.0,10.0,1.0
327,1.0,327.0,London_60,,151,453,1092.0,70.0,2.0,120498.0,0.5529485621955246,719.0,8.0,1.0,7.0,19.0,9.0,10.0,54.0,201.0,110.0,28.0,68.0,10.0,31.0,1.0,4.0,9.0,85.0,139.0,220.0,33.0,0.0,0.0,0.0,0.0,0.0,0.0,0.0,0.0,0.0,0.0,0.0,0.0,0.0,0.0,0.0,0.0,0.0,0.0,0.0,0.0,0.0,0.0,0.0,0.0,0.0,0.0,0.0,0.0,0.0,0.0,0.0,0.0,0.0,0.0,0.0,0.0,0.0,0.0,0.0,0.0,0.0,0.0,0.0,0.0,0.0,0.0,1.0,0.0,0.0,1.0,0.0,0.0,1.0,0.0,0.0,0.0,0.0,0.0,0.0,0.0,0.0,0.0,0.0,0.0,0.0,0.0,0.0,0.0,0.0,0.0,0.0,0.0,0.0,0.0,0.0,0.0,0.0,0.0,0.0,0.0,1.0,0.0,0.0,1.0,0.0,0.0,1.0,0.0
328,1.0,328.0,London_60,,151,453,1092.0,70.0,2.0,150396.0,1.5123151959851384,785.0,96.0,2.0,94.0,184.0,17.0,167.0,19.0,203.0,112.0,29.0,63.0,10.0,31.0,1.0,4.0,8.0,84.0,134.0,227.0,30.0,0.0,0.0,0.0,0.0,0.0,0.0,0.0,0.0,0.0,0.0,0.0,0.0,0.0,0.0,0.0,0.0,0.0,0.0,0.0,0.0,0.0,0.0,0.0,0.0,0.0,0.0,0.0,0.0,0.0,1.0,0.0,0.0,0.0,0.0,0.0,1.0,0.0,0.0,0.0,0.0,0.0,1.0,4.0,3.0,0.0,0.0,7.0,7.0,5.0,11.0,18.0,28.0,21.0,4.0,0.0,0.0,0.0,0.0,0.0,0.0,0.0,0.0,0.0,2.0,0.0,0.0,0.0,0.0,0.0,2.0,0.0,0.0,0.0,0.0,0.0,1.0,4.0,4.0,0.0,0.0,10.0,7.0,11.0,16.0,29.0,42.0,32.0,4.0
329,1.0,329.0,London_60,,151,453,1092.0,70.0,2.0,143601.0,0.6626424449495971,770.0,55.0,1.0,54.0,104.0,10.0,94.0,184.0,213.0,107.0,27.0,60.0,11.0,31.0,1.0,3.0,4.0,91.0,126.0,232.0,28.0,0.0,0.0,0.0,0.0,0.0,0.0,0.0,0.0,0.0,0.0,0.0,0.0,0.0,0.0,0.0,0.0,0.0,0.0,0.0,0.0,0.0,0.0,0.0,0.0,0.0,0.0,0.0,0.0,0.0,0.0,0.0,0.0,0.0,0.0,0.0,1.0,0.0,0.0,0.0,0.0,0.0,1.0,0.0,0.0,0.0,0.0,7.0,1.0,3.0,8.0,10.0,12.0,11.0,5.0,0.0,0.0,0.0,0.0,0.0,0.0,0.0,0.0,0.0,0.0,0.0,0.0,0.0,0.0,0.0,6.0,0.0,0.0,0.0,0.0,0.0,1.0,0.0,0.0,0.0,0.0,10.0,1.0,4.0,13.0,11.0,18.0,14.0,7.0
330,1.0,330.0,London_60,,151,453,1092.0,70.0,2.0,162627.0,1.0628630921710283,812.0,124.0,0.0,124.0,214.0,0.0,214.0,104.0,207.0,107.0,26.0,75.0,11.0,21.0,1.0,5.0,7.0,87.0,129.0,230.0,28.0,0.0,0.0,0.0,0.0,0.0,0.0,0.0,0.0,0.0,0.0,0.0,0.0,0.0,0.0,0.0,0.0,0.0,0.0,0.0,0.0,0.0,0.0,0.0,0.0,0.0,0.0,0.0,0.0,0.0,0.0,0.0,0.0,0.0,0.0,0.0,0.0,0.0,0.0,0.0,0.0,4.0,6.0,0.0,1.0,5.0,0.0,7.0,6.0,4.0,15.0,20.0,34.0,33.0,10.0,0.0,0.0,0.0,0.0,0.0,0.0,0.0,0.0,0.0,0.0,0.0,0.0,0.0,0.0,0.0,0.0,0.0,0.0,0.0,0.0,4.0,8.0,0.0,1.0,5.0,0.0,13.0,7.0,5.0,21.0,26.0,47.0,39.0,19.0
331,1.0,331.0,London_60,,151,453,1092.0,70.0,2.0,141789.0,1.005853225942701,766.0,62.0,2.0,60.0,123.0,17.0,106.0,214.0,230.0,112.0,27.0,50.0,8.0,21.0,1.0,4.0,8.0,86.0,137.0,222.0,24.0,0.0,0.0,0.0,0.0,0.0,0.0,0.0,0.0,0.0,0.0,0.0,0.0,0.0,0.0,0.0,0.0,0.0,0.0,0.0,0.0,0.0,0.0,0.0,0.0,0.0,0.0,0.0,0.0,0.0,0.0,0.0,0.0,1.0,0.0,1.0,2.0,0.0,0.0,0.0,0.0,2.0,2.0,0.0,2.0,1.0,0.0,9.0,3.0,8.0,7.0,9.0,21.0,9.0,4.0,0.0,0.0,0.0,0.0,0.0,0.0,0.0,0.0,0.0,0.0,0.0,0.0,3.0,0.0,7.0,7.0,0.0,0.0,0.0,0.0,3.0,3.0,0.0,3.0,2.0,0.0,10.0,5.0,10.0,8.0,14.0,37.0,12.0,9.0
332,1.0,332.0,London_60,,151,453,1092.0,70.0,2.0,152208.0,1.484585482859984,789.0,28.0,2.0,26.0,60.0,18.0,42.0,123.0,241.0,99.0,24.0,49.0,4.0,25.0,3.0,8.0,6.0,90.0,132.0,225.0,25.0,0.0,0.0,0.0,0.0,0.0,0.0,0.0,0.0,0.0,0.0,0.0,0.0,0.0,0.0,0.0,0.0,0.0,0.0,0.0,0.0,0.0,0.0,0.0,0.0,0.0,0.0,0.0,0.0,0.0,1.0,0.0,0.0,1.0,1.0,0.0,1.0,1.0,0.0,0.0,0.0,1.0,0.0,0.0,1.0,0.0,0.0,4.0,2.0,2.0,4.0,2.0,9.0,5.0,4.0,0.0,0.0,0.0,0.0,0.0,0.0,0.0,0.0,0.0,3.0,0.0,0.0,5.0,8.0,0.0,4.0,5.0,0.0,0.0,0.0,2.0,0.0,0.0,1.0,0.0,0.0,5.0,3.0,3.0,4.0,2.0,11.0,5.0,6.0
333,1.0,333.0,London_60,,151,453,1092.0,70.0,2.0,183918.0,0.7533370959572494,859.0,123.0,1.0,122.0,219.0,9.0,210.0,60.0,251.0,107.0,17.0,43.0,5.0,20.0,2.0,8.0,6.0,86.0,137.0,224.0,16.0,0.0,0.0,0.0,0.0,0.0,0.0,0.0,0.0,0.0,0.0,0.0,0.0,0.0,0.0,0.0,0.0,0.0,0.0,0.0,0.0,0.0,0.0,0.0,0.0,0.0,0.0,0.0,0.0,0.0,1.0,0.0,0.0,0.0,0.0,0.0,1.0,0.0,0.0,0.0,0.0,6.0,5.0,4.0,3.0,7.0,0.0,20.0,4.0,19.0,5.0,22.0,30.0,13.0,15.0,0.0,0.0,0.0,0.0,0.0,0.0,0.0,0.0,0.0,5.0,0.0,0.0,0.0,0.0,0.0,2.0,0.0,0.0,0.0,0.0,7.0,5.0,5.0,5.0,7.0,0.0,25.0,5.0,28.0,7.0,32.0,40.0,16.0,26.0
334,1.0,334.0,London_60,,151,453,1092.0,70.0,2.0,172140.0,0.8222411989700049,833.0,55.0,1.0,54.0,102.0,8.0,94.0,219.0,256.0,78.0,16.0,69.0,6.0,20.0,2.0,6.0,3.0,85.0,147.0,218.0,32.0,0.0,0.0,0.0,0.0,0.0,0.0,0.0,0.0,0.0,0.0,0.0,0.0,0.0,0.0,0.0,0.0,0.0,0.0,0.0,0.0,0.0,0.0,0.0,0.0,0.0,0.0,0.0,0.0,0.0,1.0,0.0,0.0,1.0,0.0,0.0,1.0,0.0,0.0,0.0,0.0,1.0,4.0,0.0,1.0,0.0,1.0,4.0,4.0,1.0,3.0,13.0,9.0,10.0,4.0,0.0,0.0,0.0,0.0,0.0,0.0,0.0,0.0,0.0,1.0,0.0,0.0,2.0,0.0,0.0,5.0,0.0,0.0,0.0,0.0,1.0,6.0,0.0,1.0,0.0,2.0,5.0,5.0,1.0,4.0,19.0,10.0,11.0,5.0
335,1.0,335.0,London_60,,151,453,1092.0,70.0,2.0,194337.0,0.8765548651572317,882.0,139.0,0.0,139.0,239.0,0.0,239.0,102.0,261.0,80.0,20.0,54.0,7.0,20.0,4.0,7.0,5.0,80.0,145.0,223.0,27.0,0.0,0.0,0.0,0.0,0.0,0.0,0.0,0.0,0.0,0.0,0.0,0.0,0.0,0.0,0.0,0.0,0.0,0.0,0.0,0.0,0.0,0.0,0.0,0.0,0.0,0.0,0.0,0.0,0.0,0.0,0.0,0.0,0.0,0.0,0.0,0.0,0.0,0.0,0.0,0.0,2.0,28.0,2.0,1.0,3.0,0.0,20.0,5.0,7.0,10.0,27.0,30.0,18.0,10.0,0.0,0.0,0.0,0.0,0.0,0.0,0.0,0.0,0.0,0.0,0.0,0.0,0.0,0.0,0.0,0.0,0.0,0.0,0.0,0.0,2.0,45.0,2.0,2.0,3.0,0.0,29.0,6.0,10.0,14.0,41.0,46.0,24.0,14.0
336,1.0,336.0,London_60,,151,453,1092.0,70.0,2.0,175311.0,1.8836491801775992,840.0,106.0,0.0,106.0,176.0,0.0,176.0,239.0,232.0,92.0,18.0,66.0,12.0,26.0,0.0,7.0,5.0,80.0,150.0,218.0,31.0,0.0,0.0,0.0,0.0,0.0,0.0,0.0,0.0,0.0,0.0,0.0,0.0,0.0,0.0,0.0,0.0,0.0,0.0,0.0,0.0,0.0,0.0,0.0,0.0,0.0,0.0,0.0,0.0,0.0,0.0,0.0,0.0,0.0,0.0,0.0,0.0,0.0,0.0,0.0,0.0,1.0,8.0,3.0,2.0,2.0,0.0,9.0,2.0,17.0,7.0,16.0,25.0,19.0,8.0,0.0,0.0,0.0,0.0,0.0,0.0,0.0,0.0,0.0,0.0,0.0,0.0,0.0,0.0,0.0,0.0,0.0,0.0,0.0,0.0,1.0,12.0,3.0,3.0,2.0,0.0,11.0,3.0,25.0,9.0,24.0,35.0,23.0,14.0
337,1.0,337.0,London_60,,151,453,1092.0,70.0,2.0,158097.0,1.0342883470002562,802.0,115.0,1.0,114.0,193.0,7.0,186.0,176.0,235.0,107.0,16.0,54.0,10.0,24.0,0.0,7.0,4.0,71.0,146.0,232.0,29.0,0.0,0.0,0.0,0.0,0.0,0.0,0.0,0.0,0.0,0.0,0.0,0.0,0.0,0.0,0.0,0.0,0.0,0.0,0.0,0.0,0.0,0.0,0.0,0.0,0.0,0.0,0.0,0.0,0.0,0.0,0.0,0.0,0.0,0.0,1.0,1.0,0.0,0.0,0.0,0.0,3.0,10.0,0.0,0.0,10.0,0.0,9.0,7.0,4.0,8.0,32.0,26.0,29.0,4.0,0.0,0.0,0.0,0.0,0.0,0.0,0.0,0.0,0.0,0.0,0.0,0.0,0.0,0.0,6.0,1.0,0.0,0.0,0.0,0.0,3.0,12.0,0.0,0.0,11.0,0.0,10.0,11.0,4.0,9.0,47.0,35.0,38.0,7.0
338,1.0,338.0,London_60,,151,453,1092.0,70.0,2.0,132729.0,1.1861934699118137,746.0,104.0,1.0,103.0,175.0,9.0,166.0,193.0,247.0,93.0,14.0,62.0,5.0,25.0,0.0,7.0,9.0,84.0,147.0,213.0,34.0,0.0,0.0,0.0,0.0,0.0,0.0,0.0,0.0,0.0,0.0,0.0,0.0,0.0,0.0,0.0,0.0,0.0,0.0,0.0,0.0,0.0,0.0,0.0,0.0,0.0,0.0,0.0,0.0,0.0,0.0,0.0,0.0,0.0,0.0,0.0,0.0,0.0,0.0,0.0,0.0,0.0,8.0,0.0,2.0,1.0,0.0,12.0,4.0,4.0,11.0,26.0,20.0,35.0,5.0,0.0,0.0,0.0,0.0,0.0,0.0,0.0,0.0,0.0,0.0,0.0,0.0,0.0,0.0,0.0,0.0,0.0,0.0,0.0,0.0,0.0,11.0,0.0,2.0,1.0,0.0,18.0,5.0,4.0,12.0,36.0,29.0,48.0,7.0
339,1.0,339.0,London_60,,151,453,1092.0,70.0,2.0,115968.0,0.6366461850702763,709.0,104.0,2.0,102.0,198.0,19.0,179.0,175.0,258.0,96.0,16.0,43.0,3.0,28.0,1.0,8.0,7.0,83.0,156.0,207.0,29.0,0.0,0.0,0.0,0.0,0.0,0.0,0.0,0.0,0.0,0.0,0.0,0.0,0.0,0.0,0.0,0.0,0.0,0.0,0.0,0.0,0.0,0.0,0.0,0.0,0.0,0.0,0.0,0.0,0.0,0.0,0.0,0.0,1.0,0.0,1.0,1.0,0.0,0.0,0.0,0.0,2.0,7.0,5.0,1.0,0.0,0.0,12.0,4.0,1.0,11.0,14.0,32.0,15.0,7.0,0.0,0.0,0.0,0.0,0.0,0.0,0.0,0.0,0.0,0.0,0.0,0.0,1.0,0.0,9.0,1.0,0.0,0.0,0.0,0.0,3.0,11.0,5.0,2.0,0.0,0.0,14.0,6.0,1.0,14.0,23.0,48.0,18.0,13.0
340,1.0,340.0,London_60,,151,453,1092.0,70.0,2.0,93771.0,0.3809606379363686,660.0,10.0,2.0,8.0,35.0,20.0,15.0,198.0,268.0,81.0,13.0,45.0,8.0,29.0,2.0,7.0,5.0,75.0,150.0,223.0,21.0,0.0,0.0,0.0,0.0,0.0,0.0,0.0,0.0,0.0,0.0,0.0,0.0,0.0,0.0,0.0,0.0,0.0,0.0,0.0,0.0,0.0,0.0,0.0,0.0,0.0,0.0,0.0,0.0,0.0,1.0,0.0,0.0,0.0,0.0,0.0,0.0,0.0,0.0,0.0,0.0,0.0,0.0,0.0,0.0,0.0,0.0,0.0,0.0,0.0,2.0,2.0,3.0,5.0,1.0,0.0,0.0,0.0,0.0,0.0,0.0,0.0,0.0,0.0,1.0,0.0,0.0,0.0,0.0,0.0,0.0,0.0,0.0,0.0,0.0,0.0,0.0,0.0,0.0,0.0,0.0,0.0,0.0,0.0,2.0,3.0,6.0,8.0,1.0
341,1.0,341.0,London_60,,151,453,1092.0,70.0,2.0,132276.0,0.9956033749040216,745.0,115.0,1.0,114.0,190.0,8.0,182.0,35.0,263.0,82.0,14.0,54.0,9.0,20.0,3.0,8.0,6.0,80.0,138.0,229.0,28.0,0.0,0.0,0.0,0.0,0.0,0.0,0.0,0.0,0.0,0.0,0.0,0.0,0.0,0.0,0.0,0.0,0.0,0.0,0.0,0.0,0.0,0.0,0.0,0.0,0.0,0.0,0.0,0.0,0.0,0.0,0.0,0.0,0.0,1.0,0.0,0.0,0.0,0.0,0.0,0.0,1.0,4.0,9.0,0.0,9.0,0.0,6.0,10.0,8.0,5.0,29.0,32.0,17.0,9.0,0.0,0.0,0.0,0.0,0.0,0.0,0.0,0.0,0.0,0.0,0.0,0.0,0.0,8.0,0.0,0.0,0.0,0.0,0.0,0.0,1.0,4.0,10.0,0.0,9.0,0.0,8.0,15.0,8.0,7.0,45.0,42.0,22.0,17.0
342,1.0,342.0,London_60,,151,453,1092.0,70.0,2.0,110532.0,2.0929021250922233,697.0,56.0,0.0,56.0,96.0,0.0,96.0,190.0,267.0,77.0,13.0,64.0,9.0,18.0,2.0,3.0,5.0,89.0,129.0,230.0,22.0,0.0,0.0,0.0,0.0,0.0,0.0,0.0,0.0,0.0,0.0,0.0,0.0,0.0,0.0,0.0,0.0,0.0,0.0,0.0,0.0,0.0,0.0,0.0,0.0,0.0,0.0,0.0,0.0,0.0,0.0,0.0,0.0,0.0,0.0,0.0,0.0,0.0,0.0,0.0,0.0,1.0,1.0,1.0,0.0,2.0,0.0,6.0,2.0,0.0,8.0,10.0,18.0,12.0,5.0,0.0,0.0,0.0,0.0,0.0,0.0,0.0,0.0,0.0,0.0,0.0,0.0,0.0,0.0,0.0,0.0,0.0,0.0,0.0,0.0,1.0,1.0,1.0,0.0,2.0,0.0,8.0,3.0,0.0,12.0,12.0,24.0,13.0,6.0
343,1.0,343.0,London_60,,151,453,1092.0,70.0,2.0,122310.0,1.9331936379894614,723.0,25.0,2.0,23.0,57.0,19.0,38.0,96.0,271.0,78.0,16.0,57.0,11.0,16.0,1.0,3.0,7.0,85.0,138.0,223.0,24.0,0.0,0.0,0.0,0.0,0.0,0.0,0.0,0.0,0.0,0.0,0.0,0.0,0.0,0.0,0.0,0.0,0.0,0.0,0.0,0.0,0.0,0.0,0.0,0.0,0.0,0.0,0.0,0.0,0.0,0.0,0.0,0.0,1.0,0.0,1.0,2.0,0.0,0.0,0.0,0.0,0.0,2.0,1.0,0.0,0.0,0.0,4.0,3.0,0.0,2.0,4.0,6.0,6.0,3.0,0.0,0.0,0.0,0.0,0.0,0.0,0.0,0.0,0.0,0.0,0.0,0.0,5.0,0.0,10.0,4.0,0.0,0.0,0.0,0.0,0.0,2.0,1.0,0.0,0.0,0.0,5.0,4.0,0.0,3.0,7.0,8.0,7.0,3.0
344,1.0,344.0,London_60,,151,453,1092.0,70.0,2.0,156285.0,1.2319325560238212,798.0,9.0,0.0,9.0,14.0,0.0,14.0,57.0,267.0,72.0,14.0,64.0,12.0,18.0,2.0,4.0,6.0,88.0,125.0,234.0,25.0,0.0,0.0,0.0,0.0,0.0,0.0,0.0,0.0,0.0,0.0,0.0,0.0,0.0,0.0,0.0,0.0,0.0,0.0,0.0,0.0,0.0,0.0,0.0,0.0,0.0,0.0,0.0,0.0,0.0,0.0,0.0,0.0,0.0,0.0,0.0,0.0,0.0,0.0,0.0,0.0,0.0,1.0,0.0,0.0,0.0,0.0,0.0,1.0,0.0,2.0,1.0,4.0,0.0,0.0,0.0,0.0,0.0,0.0,0.0,0.0,0.0,0.0,0.0,0.0,0.0,0.0,0.0,0.0,0.0,0.0,0.0,0.0,0.0,0.0,0.0,1.0,0.0,0.0,0.0,0.0,0.0,2.0,0.0,2.0,1.0,4.0,0.0,0.0
345,1.0,345.0,London_60,,151,453,1092.0,70.0,2.0,203850.0,1.7364148730412126,903.0,78.0,2.0,76.0,162.0,18.0,144.0,14.0,269.0,72.0,14.0,62.0,12.0,18.0,2.0,4.0,6.0,87.0,128.0,232.0,25.0,0.0,0.0,0.0,0.0,0.0,0.0,0.0,0.0,0.0,0.0,0.0,0.0,0.0,0.0,0.0,0.0,0.0,0.0,0.0,0.0,0.0,0.0,0.0,0.0,0.0,0.0,0.0,0.0,0.0,1.0,0.0,0.0,0.0,1.0,0.0,1.0,0.0,0.0,0.0,0.0,8.0,11.0,2.0,1.0,6.0,0.0,21.0,4.0,7.0,3.0,14.0,17.0,19.0,4.0,0.0,0.0,0.0,0.0,0.0,0.0,0.0,0.0,0.0,2.0,0.0,0.0,0.0,5.0,0.0,2.0,0.0,0.0,0.0,0.0,11.0,21.0,2.0,2.0,7.0,0.0,35.0,7.0,9.0,3.0,24.0,27.0,28.0,8.0
346,1.0,346.0,London_60,,151,453,1092.0,70.0,2.0,216987.0,2.892803041031584,932.0,145.0,0.0,145.0,245.0,0.0,245.0,162.0,289.0,67.0,21.0,52.0,5.0,15.0,1.0,3.0,6.0,81.0,126.0,240.0,25.0,0.0,0.0,0.0,0.0,0.0,0.0,0.0,0.0,0.0,0.0,0.0,0.0,0.0,0.0,0.0,0.0,0.0,0.0,0.0,0.0,0.0,0.0,0.0,0.0,0.0,0.0,0.0,0.0,0.0,0.0,0.0,0.0,0.0,0.0,0.0,0.0,0.0,0.0,0.0,0.0,1.0,7.0,1.0,1.0,2.0,0.0,17.0,2.0,3.0,10.0,23.0,41.0,20.0,8.0,0.0,0.0,0.0,0.0,0.0,0.0,0.0,0.0,0.0,0.0,0.0,0.0,0.0,0.0,0.0,0.0,0.0,0.0,0.0,0.0,1.0,10.0,1.0,1.0,2.0,0.0,22.0,4.0,4.0,12.0,32.0,59.0,25.0,10.0
347,1.0,347.0,London_60,,151,453,1092.0,70.0,2.0,193884.0,1.8096283278428018,881.0,127.0,0.0,127.0,215.0,0.0,215.0,245.0,236.0,100.0,12.0,71.0,10.0,15.0,4.0,5.0,7.0,86.0,159.0,201.0,43.0,0.0,0.0,0.0,0.0,0.0,0.0,0.0,0.0,0.0,0.0,0.0,0.0,0.0,0.0,0.0,0.0,0.0,0.0,0.0,0.0,0.0,0.0,0.0,0.0,0.0,0.0,0.0,0.0,0.0,0.0,0.0,0.0,0.0,0.0,0.0,0.0,0.0,0.0,0.0,0.0,3.0,6.0,0.0,0.0,2.0,1.0,4.0,6.0,2.0,11.0,23.0,33.0,18.0,6.0,0.0,0.0,0.0,0.0,0.0,0.0,0.0,0.0,0.0,0.0,0.0,0.0,0.0,0.0,0.0,0.0,0.0,0.0,0.0,0.0,3.0,8.0,0.0,0.0,2.0,1.0,6.0,9.0,3.0,14.0,41.0,47.0,21.0,8.0
348,1.0,348.0,London_60,,151,453,1092.0,70.0,2.0,180747.0,0.8081432869657874,852.0,65.0,0.0,65.0,112.0,0.0,112.0,215.0,236.0,106.0,19.0,60.0,9.0,17.0,1.0,5.0,6.0,82.0,149.0,216.0,24.0,0.0,0.0,0.0,0.0,0.0,0.0,0.0,0.0,0.0,0.0,0.0,0.0,0.0,0.0,0.0,0.0,0.0,0.0,0.0,0.0,0.0,0.0,0.0,0.0,0.0,0.0,0.0,0.0,0.0,0.0,0.0,0.0,0.0,0.0,0.0,0.0,0.0,0.0,0.0,0.0,0.0,3.0,0.0,0.0,0.0,0.0,6.0,4.0,7.0,15.0,7.0,17.0,12.0,5.0,0.0,0.0,0.0,0.0,0.0,0.0,0.0,0.0,0.0,0.0,0.0,0.0,0.0,0.0,0.0,0.0,0.0,0.0,0.0,0.0,0.0,3.0,0.0,0.0,0.0,0.0,10.0,6.0,10.0,20.0,8.0,25.0,17.0,7.0
349,1.0,349.0,London_60,,151,453,1092.0,70.0,2.0,193431.0,2.807210196973756,880.0,140.0,2.0,138.0,253.0,22.0,231.0,112.0,245.0,111.0,17.0,53.0,6.0,15.0,2.0,4.0,5.0,77.0,148.0,223.0,19.0,0.0,0.0,0.0,0.0,0.0,0.0,0.0,0.0,0.0,1.0,0.0,1.0,0.0,0.0,0.0,0.0,0.0,0.0,1.0,0.0,0.0,0.0,0.0,0.0,0.0,0.0,0.0,0.0,0.0,1.0,0.0,0.0,1.0,0.0,1.0,1.0,0.0,0.0,0.0,0.0,6.0,19.0,11.0,2.0,5.0,0.0,8.0,3.0,4.0,12.0,24.0,26.0,35.0,9.0,0.0,0.0,0.0,0.0,0.0,0.0,0.0,0.0,0.0,4.0,0.0,0.0,4.0,0.0,4.0,5.0,0.0,0.0,0.0,0.0,7.0,24.0,11.0,2.0,5.0,0.0,9.0,6.0,5.0,15.0,32.0,39.0,43.0,12.0
350,1.0,350.0,London_60,,151,453,1092.0,70.0,2.0,167157.0,0.718370967078954,822.0,143.0,2.0,141.0,269.0,18.0,251.0,247.0,242.0,87.0,14.0,83.0,3.0,17.0,3.0,4.0,6.0,87.0,141.0,219.0,29.0,0.0,0.0,0.0,0.0,0.0,0.0,0.0,0.0,0.0,0.0,0.0,0.0,0.0,0.0,0.0,0.0,0.0,0.0,0.0,0.0,0.0,0.0,0.0,0.0,0.0,0.0,0.0,0.0,0.0,0.0,0.0,0.0,1.0,0.0,2.0,0.0,1.0,0.0,0.0,0.0,3.0,13.0,2.0,0.0,3.0,0.0,16.0,6.0,6.0,20.0,29.0,33.0,23.0,12.0,0.0,0.0,0.0,0.0,0.0,0.0,0.0,0.0,0.0,0.0,0.0,0.0,1.0,0.0,14.0,0.0,6.0,0.0,0.0,0.0,3.0,17.0,2.0,0.0,3.0,0.0,20.0,8.0,7.0,25.0,43.0,47.0,32.0,14.0
351,1.0,351.0,London_60,,151,453,1092.0,70.0,2.0,139524.0,0.7241161060519516,761.0,29.0,2.0,27.0,63.0,17.0,46.0,269.0,219.0,97.0,13.0,89.0,5.0,25.0,3.0,2.0,7.0,83.0,151.0,212.0,29.0,0.0,0.0,0.0,0.0,0.0,0.0,0.0,0.0,0.0,0.0,0.0,0.0,0.0,0.0,0.0,0.0,0.0,0.0,0.0,0.0,0.0,0.0,0.0,0.0,0.0,0.0,0.0,0.0,0.0,0.0,0.0,0.0,0.0,0.0,0.0,2.0,0.0,0.0,0.0,0.0,0.0,1.0,0.0,0.0,0.0,0.0,6.0,0.0,0.0,2.0,3.0,6.0,7.0,2.0,0.0,0.0,0.0,0.0,0.0,0.0,0.0,0.0,0.0,0.0,0.0,0.0,0.0,0.0,0.0,12.0,0.0,0.0,0.0,0.0,0.0,1.0,0.0,0.0,0.0,0.0,10.0,0.0,0.0,3.0,5.0,8.0,9.0,2.0
352,1.0,352.0,London_60,,151,453,1092.0,70.0,2.0,169875.0,0.7310239609796554,828.0,140.0,1.0,139.0,248.0,12.0,236.0,63.0,218.0,107.0,17.0,84.0,3.0,15.0,4.0,5.0,4.0,84.0,139.0,226.0,23.0,0.0,0.0,0.0,0.0,0.0,0.0,0.0,0.0,0.0,0.0,0.0,0.0,0.0,0.0,0.0,0.0,0.0,0.0,0.0,0.0,0.0,0.0,0.0,0.0,0.0,0.0,0.0,0.0,0.0,0.0,0.0,0.0,0.0,0.0,0.0,1.0,0.0,0.0,0.0,0.0,6.0,14.0,1.0,0.0,5.0,0.0,19.0,16.0,7.0,16.0,21.0,33.0,12.0,9.0,0.0,0.0,0.0,0.0,0.0,0.0,0.0,0.0,0.0,0.0,0.0,0.0,0.0,0.0,0.0,6.0,0.0,0.0,0.0,0.0,7.0,19.0,1.0,0.0,6.0,0.0,21.0,22.0,10.0,24.0,36.0,44.0,17.0,12.0
353,1.0,353.0,London_60,,151,453,1092.0,70.0,2.0,148131.0,1.3712841430678964,780.0,73.0,0.0,73.0,127.0,0.0,127.0,248.0,219.0,86.0,17.0,93.0,7.0,21.0,2.0,8.0,8.0,76.0,150.0,219.0,43.0,0.0,0.0,0.0,0.0,0.0,0.0,0.0,0.0,0.0,0.0,0.0,0.0,0.0,0.0,0.0,0.0,0.0,0.0,0.0,0.0,0.0,0.0,0.0,0.0,0.0,0.0,0.0,0.0,0.0,0.0,0.0,0.0,0.0,0.0,0.0,0.0,0.0,0.0,0.0,0.0,1.0,1.0,0.0,0.0,0.0,0.0,1.0,4.0,6.0,3.0,13.0,15.0,13.0,6.0,0.0,0.0,0.0,0.0,0.0,0.0,0.0,0.0,0.0,0.0,0.0,0.0,0.0,0.0,0.0,0.0,0.0,0.0,0.0,0.0,1.0,1.0,0.0,0.0,0.0,0.0,1.0,5.0,11.0,4.0,20.0,23.0,17.0,8.0
354,1.0,354.0,London_60,,151,453,1092.0,70.0,2.0,150396.0,0.5735720749944448,785.0,69.0,0.0,69.0,120.0,0.0,120.0,127.0,221.0,90.0,22.0,80.0,6.0,22.0,4.0,8.0,3.0,83.0,136.0,231.0,32.0,0.0,0.0,0.0,0.0,0.0,0.0,0.0,0.0,0.0,0.0,0.0,0.0,0.0,0.0,0.0,0.0,0.0,0.0,0.0,0.0,0.0,0.0,0.0,0.0,0.0,0.0,0.0,0.0,0.0,0.0,0.0,0.0,0.0,0.0,0.0,0.0,0.0,0.0,0.0,0.0,0.0,4.0,0.0,0.0,0.0,0.0,10.0,6.0,3.0,13.0,17.0,13.0,24.0,5.0,0.0,0.0,0.0,0.0,0.0,0.0,0.0,0.0,0.0,0.0,0.0,0.0,0.0,0.0,0.0,0.0,0.0,0.0,0.0,0.0,0.0,5.0,0.0,0.0,0.0,0.0,10.0,10.0,4.0,20.0,26.0,17.0,28.0,8.0
355,1.0,355.0,London_60,,151,453,1092.0,70.0,2.0,149943.0,0.8236756399273872,784.0,124.0,0.0,124.0,204.0,0.0,204.0,120.0,224.0,104.0,21.0,70.0,5.0,20.0,4.0,5.0,3.0,89.0,132.0,229.0,31.0,0.0,0.0,0.0,0.0,0.0,0.0,0.0,0.0,0.0,0.0,0.0,0.0,0.0,0.0,0.0,0.0,0.0,0.0,0.0,0.0,0.0,0.0,0.0,0.0,0.0,0.0,0.0,0.0,0.0,0.0,0.0,0.0,0.0,0.0,0.0,0.0,0.0,0.0,0.0,0.0,2.0,1.0,4.0,2.0,5.0,0.0,14.0,6.0,5.0,9.0,21.0,30.0,21.0,11.0,0.0,0.0,0.0,0.0,0.0,0.0,0.0,0.0,0.0,0.0,0.0,0.0,0.0,0.0,0.0,0.0,0.0,0.0,0.0,0.0,2.0,1.0,5.0,3.0,5.0,0.0,18.0,6.0,6.0,17.0,31.0,47.0,27.0,20.0
356,1.0,356.0,London_60,,151,453,1092.0,70.0,2.0,130011.0,0.6634569088928401,740.0,12.0,2.0,10.0,35.0,18.0,17.0,204.0,248.0,109.0,12.0,50.0,7.0,19.0,4.0,4.0,2.0,82.0,136.0,233.0,21.0,0.0,0.0,0.0,0.0,0.0,0.0,0.0,0.0,0.0,0.0,0.0,0.0,0.0,0.0,0.0,0.0,0.0,0.0,0.0,0.0,0.0,0.0,0.0,0.0,0.0,0.0,0.0,0.0,0.0,0.0,0.0,0.0,0.0,0.0,0.0,1.0,0.0,0.0,0.0,0.0,1.0,0.0,0.0,0.0,0.0,0.0,2.0,0.0,1.0,1.0,0.0,2.0,2.0,1.0,0.0,0.0,0.0,0.0,0.0,0.0,0.0,0.0,0.0,0.0,0.0,0.0,0.0,0.0,0.0,1.0,0.0,0.0,0.0,0.0,1.0,0.0,0.0,0.0,0.0,0.0,2.0,0.0,1.0,1.0,0.0,4.0,2.0,1.0
357,1.0,357.0,London_60,,151,453,1092.0,70.0,2.0,164892.0,0.7373282290063798,817.0,121.0,1.0,120.0,204.0,8.0,196.0,35.0,244.0,103.0,11.0,59.0,7.0,21.0,3.0,5.0,2.0,86.0,126.0,239.0,14.0,0.0,0.0,0.0,0.0,0.0,0.0,0.0,0.0,0.0,0.0,0.0,0.0,0.0,0.0,0.0,0.0,0.0,0.0,0.0,0.0,0.0,0.0,0.0,0.0,0.0,0.0,0.0,0.0,0.0,1.0,0.0,0.0,1.0,0.0,0.0,1.0,0.0,0.0,0.0,0.0,2.0,2.0,2.0,0.0,8.0,0.0,10.0,17.0,1.0,16.0,20.0,27.0,23.0,5.0,0.0,0.0,0.0,0.0,0.0,0.0,0.0,0.0,0.0,3.0,0.0,0.0,1.0,0.0,0.0,4.0,0.0,0.0,0.0,0.0,2.0,2.0,2.0,0.0,9.0,0.0,17.0,23.0,1.0,19.0,27.0,39.0,32.0,7.0
358,1.0,358.0,London_60,,151,453,1092.0,70.0,2.0,149490.0,0.8143176941666752,783.0,100.0,0.0,100.0,179.0,0.0,179.0,204.0,260.0,88.0,11.0,63.0,8.0,13.0,0.0,10.0,4.0,69.0,144.0,236.0,20.0,0.0,0.0,0.0,0.0,0.0,0.0,0.0,0.0,0.0,0.0,0.0,0.0,0.0,0.0,0.0,0.0,0.0,0.0,0.0,0.0,0.0,0.0,0.0,0.0,0.0,0.0,0.0,0.0,0.0,0.0,0.0,0.0,0.0,0.0,0.0,0.0,0.0,0.0,0.0,0.0,6.0,0.0,2.0,2.0,5.0,0.0,3.0,11.0,5.0,6.0,20.0,25.0,17.0,10.0,0.0,0.0,0.0,0.0,0.0,0.0,0.0,0.0,0.0,0.0,0.0,0.0,0.0,0.0,0.0,0.0,0.0,0.0,0.0,0.0,7.0,0.0,2.0,2.0,5.0,0.0,5.0,18.0,8.0,9.0,30.0,38.0,23.0,15.0
359,1.0,359.0,London_60,,151,453,1092.0,70.0,2.0,138618.0,0.8635723178740591,759.0,81.0,0.0,81.0,132.0,0.0,132.0,179.0,280.0,93.0,16.0,43.0,6.0,10.0,1.0,4.0,3.0,79.0,142.0,229.0,19.0,0.0,0.0,0.0,0.0,0.0,0.0,0.0,0.0,0.0,0.0,0.0,0.0,0.0,0.0,0.0,0.0,0.0,0.0,0.0,0.0,0.0,0.0,0.0,0.0,0.0,0.0,0.0,0.0,0.0,0.0,0.0,0.0,0.0,0.0,0.0,0.0,0.0,0.0,0.0,0.0,3.0,1.0,4.0,1.0,2.0,0.0,9.0,1.0,7.0,10.0,11.0,21.0,9.0,9.0,0.0,0.0,0.0,0.0,0.0,0.0,0.0,0.0,0.0,0.0,0.0,0.0,0.0,0.0,0.0,0.0,0.0,0.0,0.0,0.0,3.0,1.0,4.0,1.0,2.0,0.0,13.0,1.0,9.0,14.0,16.0,26.0,12.0,13.0
360,1.0,360.0,London_60,,151,453,1092.0,70.0,2.0,128652.0,0.9748336479533464,737.0,81.0,2.0,79.0,151.0,17.0,134.0,132.0,274.0,83.0,8.0,64.0,3.0,18.0,2.0,1.0,1.0,77.0,146.0,229.0,20.0,0.0,0.0,0.0,0.0,0.0,0.0,0.0,0.0,0.0,0.0,0.0,0.0,0.0,0.0,0.0,0.0,0.0,0.0,0.0,0.0,0.0,0.0,0.0,0.0,0.0,0.0,0.0,0.0,0.0,1.0,0.0,0.0,2.0,1.0,1.0,2.0,0.0,0.0,0.0,0.0,3.0,0.0,0.0,0.0,3.0,0.0,9.0,7.0,12.0,7.0,20.0,15.0,13.0,4.0,0.0,0.0,0.0,0.0,0.0,0.0,0.0,0.0,0.0,2.0,0.0,0.0,6.0,7.0,6.0,7.0,0.0,0.0,0.0,0.0,3.0,0.0,0.0,0.0,3.0,0.0,17.0,10.0,17.0,10.0,30.0,19.0,17.0,6.0
361,1.0,361.0,London_60,,151,453,1092.0,70.0,2.0,134541.0,0.573631432838738,750.0,15.0,0.0,15.0,24.0,0.0,24.0,151.0,268.0,77.0,7.0,74.0,6.0,17.0,1.0,3.0,5.0,73.0,138.0,237.0,20.0,0.0,0.0,0.0,0.0,0.0,0.0,0.0,0.0,0.0,0.0,0.0,0.0,0.0,0.0,0.0,0.0,0.0,0.0,0.0,0.0,0.0,0.0,0.0,0.0,0.0,0.0,0.0,0.0,0.0,0.0,0.0,0.0,0.0,0.0,0.0,0.0,0.0,0.0,0.0,0.0,0.0,0.0,0.0,0.0,0.0,0.0,0.0,5.0,0.0,0.0,0.0,6.0,2.0,3.0,0.0,0.0,0.0,0.0,0.0,0.0,0.0,0.0,0.0,0.0,0.0,0.0,0.0,0.0,0.0,0.0,0.0,0.0,0.0,0.0,0.0,0.0,0.0,0.0,0.0,0.0,0.0,7.0,0.0,0.0,0.0,9.0,4.0,3.0
362,1.0,362.0,London_60,,151,453,1092.0,70.0,2.0,171687.0,1.1350265759974718,832.0,105.0,2.0,103.0,195.0,16.0,179.0,24.0,266.0,74.0,6.0,75.0,8.0,20.0,1.0,3.0,5.0,72.0,141.0,235.0,23.0,0.0,0.0,0.0,0.0,0.0,0.0,0.0,0.0,0.0,0.0,0.0,0.0,0.0,0.0,0.0,0.0,0.0,0.0,0.0,0.0,0.0,0.0,0.0,0.0,0.0,0.0,0.0,0.0,0.0,1.0,1.0,0.0,1.0,0.0,1.0,2.0,0.0,0.0,0.0,0.0,4.0,5.0,9.0,1.0,11.0,0.0,16.0,6.0,12.0,8.0,18.0,20.0,25.0,6.0,0.0,0.0,0.0,0.0,0.0,0.0,0.0,0.0,0.0,1.0,5.0,0.0,3.0,0.0,5.0,6.0,0.0,0.0,0.0,0.0,4.0,8.0,10.0,1.0,11.0,0.0,19.0,9.0,19.0,10.0,29.0,27.0,31.0,7.0
363,1.0,363.0,London_60,,151,453,1092.0,70.0,2.0,157191.0,1.0165309929288924,800.0,98.0,2.0,96.0,174.0,19.0,155.0,195.0,274.0,78.0,15.0,59.0,7.0,18.0,0.0,2.0,7.0,80.0,143.0,223.0,26.0,0.0,0.0,0.0,0.0,0.0,0.0,0.0,0.0,0.0,0.0,0.0,0.0,0.0,0.0,0.0,0.0,0.0,0.0,0.0,0.0,0.0,0.0,0.0,0.0,0.0,0.0,0.0,0.0,0.0,1.0,0.0,0.0,0.0,0.0,1.0,0.0,0.0,0.0,0.0,0.0,3.0,6.0,2.0,3.0,16.0,0.0,6.0,7.0,6.0,10.0,20.0,23.0,10.0,3.0,0.0,0.0,0.0,0.0,0.0,0.0,0.0,0.0,0.0,1.0,0.0,0.0,0.0,0.0,6.0,0.0,0.0,0.0,0.0,0.0,3.0,9.0,2.0,3.0,18.0,0.0,7.0,9.0,7.0,12.0,31.0,33.0,14.0,4.0
364,1.0,364.0,London_60,,151,453,1092.0,70.0,2.0,158550.0,0.9495989009737968,803.0,99.0,2.0,97.0,176.0,16.0,160.0,174.0,277.0,63.0,11.0,59.0,7.0,31.0,2.0,3.0,7.0,81.0,134.0,231.0,34.0,0.0,0.0,0.0,0.0,0.0,0.0,0.0,0.0,0.0,0.0,0.0,0.0,0.0,0.0,0.0,0.0,0.0,0.0,0.0,0.0,0.0,0.0,0.0,0.0,0.0,0.0,0.0,0.0,0.0,1.0,0.0,0.0,0.0,1.0,1.0,1.0,0.0,0.0,0.0,0.0,2.0,9.0,0.0,0.0,9.0,0.0,11.0,2.0,1.0,4.0,16.0,13.0,19.0,6.0,0.0,0.0,0.0,0.0,0.0,0.0,0.0,0.0,0.0,1.0,0.0,0.0,0.0,5.0,8.0,2.0,0.0,0.0,0.0,0.0,2.0,13.0,0.0,0.0,9.0,0.0,13.0,4.0,1.0,7.0,24.0,20.0,24.0,10.0
365,1.0,365.0,London_60,,151,453,1092.0,70.0,2.0,144054.0,0.7014417259488255,771.0,32.0,0.0,32.0,55.0,0.0,55.0,176.0,269.0,80.0,17.0,42.0,8.0,28.0,3.0,6.0,5.0,72.0,141.0,235.0,25.0,0.0,0.0,0.0,0.0,0.0,0.0,0.0,0.0,0.0,0.0,0.0,0.0,0.0,0.0,0.0,0.0,0.0,0.0,0.0,0.0,0.0,0.0,0.0,0.0,0.0,0.0,0.0,0.0,0.0,0.0,0.0,0.0,0.0,0.0,0.0,0.0,0.0,0.0,0.0,0.0,1.0,0.0,0.0,0.0,0.0,0.0,2.0,1.0,1.0,3.0,9.0,8.0,10.0,5.0,0.0,0.0,0.0,0.0,0.0,0.0,0.0,0.0,0.0,0.0,0.0,0.0,0.0,0.0,0.0,0.0,0.0,0.0,0.0,0.0,1.0,0.0,0.0,0.0,0.0,0.0,2.0,2.0,1.0,6.0,12.0,15.0,11.0,9.0
366,1.0,366.0,London_60,,151,453,1092.0,70.0,2.0,173952.0,2.1065996289253235,837.0,76.0,2.0,74.0,140.0,18.0,122.0,55.0,272.0,80.0,4.0,50.0,9.0,33.0,2.0,3.0,6.0,73.0,134.0,240.0,18.0,0.0,0.0,0.0,0.0,0.0,0.0,0.0,0.0,0.0,0.0,0.0,0.0,0.0,0.0,0.0,0.0,0.0,0.0,0.0,0.0,0.0,0.0,0.0,0.0,0.0,0.0,0.0,0.0,0.0,0.0,0.0,0.0,0.0,0.0,0.0,1.0,0.0,0.0,0.0,0.0,1.0,1.0,4.0,2.0,0.0,0.0,10.0,6.0,4.0,10.0,15.0,13.0,9.0,8.0,0.0,0.0,0.0,0.0,0.0,0.0,0.0,0.0,0.0,0.0,0.0,0.0,0.0,0.0,0.0,3.0,0.0,0.0,0.0,0.0,1.0,2.0,5.0,4.0,0.0,0.0,13.0,9.0,6.0,12.0,22.0,22.0,10.0,13.0
367,1.0,367.0,London_60,,151,453,1092.0,70.0,2.0,181200.0,0.8848355789668858,853.0,140.0,0.0,140.0,245.0,0.0,245.0,140.0,270.0,78.0,16.0,57.0,9.0,22.0,0.0,1.0,3.0,86.0,144.0,220.0,15.0,0.0,0.0,0.0,0.0,0.0,0.0,0.0,0.0,0.0,0.0,0.0,0.0,0.0,0.0,0.0,0.0,0.0,0.0,0.0,0.0,0.0,0.0,0.0,0.0,0.0,0.0,0.0,0.0,0.0,0.0,0.0,0.0,0.0,0.0,0.0,0.0,0.0,0.0,0.0,0.0,2.0,12.0,9.0,0.0,3.0,1.0,7.0,10.0,2.0,15.0,17.0,42.0,11.0,18.0,0.0,0.0,0.0,0.0,0.0,0.0,0.0,0.0,0.0,0.0,0.0,0.0,0.0,0.0,0.0,0.0,0.0,0.0,0.0,0.0,2.0,22.0,10.0,0.0,3.0,1.0,8.0,15.0,4.0,24.0,28.0,60.0,16.0,26.0
368,1.0,368.0,London_60,,151,453,1092.0,70.0,2.0,152661.0,0.7258487420622259,790.0,51.0,0.0,51.0,86.0,0.0,86.0,245.0,235.0,100.0,14.0,67.0,4.0,26.0,1.0,6.0,5.0,90.0,149.0,209.0,34.0,0.0,0.0,0.0,0.0,0.0,0.0,0.0,0.0,0.0,0.0,0.0,0.0,0.0,0.0,0.0,0.0,0.0,0.0,0.0,0.0,0.0,0.0,0.0,0.0,0.0,0.0,0.0,0.0,0.0,0.0,0.0,0.0,0.0,0.0,0.0,0.0,0.0,0.0,0.0,0.0,0.0,0.0,0.0,1.0,0.0,0.0,3.0,2.0,2.0,6.0,10.0,13.0,9.0,4.0,0.0,0.0,0.0,0.0,0.0,0.0,0.0,0.0,0.0,0.0,0.0,0.0,0.0,0.0,0.0,0.0,0.0,0.0,0.0,0.0,0.0,0.0,0.0,2.0,0.0,0.0,3.0,2.0,2.0,7.0,16.0,20.0,10.0,6.0
369,1.0,369.0,London_60,,151,453,1092.0,70.0,2.0,168969.0,0.9522507209330797,826.0,133.0,1.0,132.0,231.0,9.0,222.0,86.0,238.0,96.0,9.0,69.0,7.0,23.0,2.0,9.0,4.0,87.0,143.0,219.0,30.0,0.0,0.0,0.0,0.0,0.0,0.0,0.0,0.0,0.0,0.0,0.0,0.0,0.0,0.0,0.0,0.0,0.0,0.0,0.0,0.0,0.0,0.0,0.0,0.0,0.0,0.0,0.0,0.0,0.0,0.0,0.0,0.0,0.0,0.0,0.0,0.0,0.0,0.0,0.0,0.0,0.0,12.0,1.0,0.0,12.0,0.0,8.0,7.0,8.0,8.0,20.0,42.0,15.0,12.0,0.0,0.0,0.0,0.0,0.0,0.0,0.0,0.0,0.0,0.0,0.0,0.0,0.0,0.0,0.0,0.0,0.0,0.0,0.0,0.0,0.0,15.0,1.0,0.0,12.0,0.0,8.0,8.0,12.0,10.0,30.0,64.0,20.0,18.0
370,1.0,370.0,London_60,,151,453,1092.0,70.0,2.0,146772.0,0.759049721993506,777.0,68.0,2.0,66.0,127.0,17.0,110.0,231.0,230.0,89.0,17.0,71.0,8.0,28.0,4.0,6.0,7.0,90.0,153.0,203.0,38.0,0.0,0.0,0.0,0.0,0.0,0.0,0.0,0.0,0.0,0.0,0.0,0.0,0.0,0.0,0.0,0.0,0.0,0.0,0.0,0.0,0.0,0.0,0.0,0.0,0.0,0.0,0.0,0.0,0.0,0.0,0.0,0.0,0.0,0.0,0.0,0.0,0.0,0.0,0.0,0.0,1.0,0.0,1.0,2.0,3.0,0.0,2.0,3.0,1.0,2.0,7.0,15.0,9.0,7.0,0.0,0.0,0.0,0.0,0.0,0.0,0.0,0.0,0.0,0.0,0.0,0.0,0.0,0.0,0.0,0.0,0.0,0.0,0.0,0.0,2.0,0.0,1.0,3.0,4.0,0.0,3.0,4.0,1.0,2.0,10.0,23.0,11.0,7.0
371,1.0,371.0,London_60,,151,453,1092.0,70.0,2.0,144054.0,1.0410401890985668,771.0,78.0,1.0,77.0,140.0,10.0,130.0,127.0,235.0,109.0,21.0,45.0,8.0,29.0,2.0,4.0,4.0,83.0,150.0,216.0,36.0,0.0,0.0,0.0,0.0,0.0,0.0,0.0,0.0,0.0,0.0,0.0,0.0,0.0,0.0,0.0,0.0,0.0,0.0,0.0,0.0,0.0,0.0,0.0,0.0,0.0,0.0,0.0,0.0,0.0,1.0,0.0,0.0,0.0,0.0,0.0,1.0,0.0,0.0,0.0,0.0,1.0,0.0,1.0,2.0,2.0,0.0,8.0,5.0,5.0,8.0,15.0,19.0,16.0,7.0,0.0,0.0,0.0,0.0,0.0,0.0,0.0,0.0,0.0,2.0,0.0,0.0,0.0,0.0,0.0,3.0,0.0,0.0,0.0,0.0,1.0,0.0,1.0,2.0,3.0,0.0,12.0,9.0,8.0,10.0,22.0,26.0,20.0,12.0
372,1.0,372.0,London_60,,151,453,1092.0,70.0,2.0,137259.0,1.3341166630852968,756.0,99.0,0.0,99.0,167.0,0.0,167.0,140.0,240.0,119.0,14.0,41.0,6.0,30.0,0.0,3.0,6.0,78.0,161.0,208.0,25.0,0.0,0.0,0.0,0.0,0.0,0.0,0.0,0.0,0.0,0.0,0.0,0.0,0.0,0.0,0.0,0.0,0.0,0.0,0.0,0.0,0.0,0.0,0.0,0.0,0.0,0.0,0.0,0.0,0.0,0.0,0.0,0.0,0.0,0.0,0.0,0.0,0.0,0.0,0.0,0.0,1.0,3.0,0.0,1.0,10.0,0.0,6.0,5.0,5.0,12.0,20.0,24.0,12.0,11.0,0.0,0.0,0.0,0.0,0.0,0.0,0.0,0.0,0.0,0.0,0.0,0.0,0.0,0.0,0.0,0.0,0.0,0.0,0.0,0.0,1.0,3.0,0.0,1.0,11.0,0.0,8.0,5.0,7.0,14.0,31.0,40.0,15.0,16.0
373,1.0,373.0,London_60,,151,453,1092.0,70.0,2.0,128652.0,1.3587040149141103,737.0,76.0,2.0,74.0,141.0,17.0,124.0,167.0,238.0,123.0,8.0,46.0,6.0,23.0,5.0,4.0,4.0,86.0,152.0,211.0,28.0,0.0,0.0,0.0,0.0,0.0,0.0,0.0,0.0,0.0,0.0,0.0,0.0,0.0,0.0,0.0,0.0,0.0,0.0,0.0,0.0,0.0,0.0,0.0,0.0,0.0,0.0,0.0,0.0,0.0,1.0,0.0,0.0,0.0,0.0,1.0,2.0,0.0,0.0,0.0,0.0,6.0,2.0,0.0,3.0,1.0,0.0,11.0,3.0,5.0,11.0,22.0,12.0,16.0,6.0,0.0,0.0,0.0,0.0,0.0,0.0,0.0,0.0,0.0,1.0,0.0,0.0,0.0,0.0,8.0,9.0,0.0,0.0,0.0,0.0,7.0,2.0,0.0,4.0,1.0,0.0,14.0,5.0,6.0,14.0,26.0,15.0,19.0,12.0
374,1.0,374.0,London_60,,151,453,1092.0,70.0,2.0,121857.0,0.6160635359119624,722.0,55.0,2.0,53.0,107.0,18.0,89.0,141.0,239.0,114.0,18.0,44.0,5.0,26.0,6.0,1.0,3.0,86.0,141.0,223.0,22.0,0.0,0.0,0.0,0.0,0.0,0.0,0.0,0.0,0.0,0.0,0.0,0.0,0.0,0.0,0.0,0.0,0.0,0.0,0.0,0.0,0.0,0.0,0.0,0.0,0.0,0.0,0.0,0.0,0.0,1.0,0.0,0.0,1.0,1.0,0.0,1.0,1.0,0.0,0.0,0.0,2.0,2.0,0.0,0.0,3.0,0.0,4.0,3.0,1.0,5.0,7.0,17.0,14.0,7.0,0.0,0.0,0.0,0.0,0.0,0.0,0.0,0.0,0.0,3.0,0.0,0.0,5.0,7.0,0.0,3.0,6.0,0.0,0.0,0.0,3.0,2.0,0.0,0.0,3.0,0.0,5.0,7.0,1.0,9.0,10.0,26.0,16.0,9.0
375,1.0,375.0,London_60,,151,453,1092.0,70.0,2.0,134088.0,0.7502471678890288,749.0,92.0,1.0,91.0,163.0,9.0,154.0,107.0,245.0,114.0,23.0,32.0,5.0,25.0,6.0,3.0,2.0,89.0,135.0,227.0,20.0,0.0,0.0,0.0,0.0,0.0,0.0,0.0,0.0,0.0,0.0,0.0,0.0,0.0,0.0,0.0,0.0,0.0,0.0,0.0,0.0,0.0,0.0,0.0,0.0,0.0,0.0,0.0,0.0,0.0,1.0,0.0,0.0,0.0,0.0,0.0,1.0,0.0,0.0,0.0,0.0,2.0,6.0,0.0,1.0,3.0,0.0,14.0,3.0,8.0,8.0,16.0,23.0,12.0,8.0,0.0,0.0,0.0,0.0,0.0,0.0,0.0,0.0,0.0,4.0,0.0,0.0,0.0,0.0,0.0,1.0,0.0,0.0,0.0,0.0,2.0,7.0,0.0,1.0,4.0,0.0,21.0,4.0,9.0,9.0,22.0,34.0,23.0,11.0
376,1.0,376.0,London_60,,151,453,1092.0,70.0,2.0,138165.0,0.9162241469603032,758.0,95.0,1.0,94.0,171.0,8.0,163.0,163.0,259.0,100.0,9.0,43.0,5.0,25.0,6.0,6.0,5.0,83.0,146.0,219.0,21.0,0.0,0.0,0.0,0.0,0.0,0.0,0.0,0.0,0.0,0.0,0.0,0.0,0.0,0.0,0.0,0.0,0.0,0.0,0.0,0.0,0.0,0.0,0.0,0.0,0.0,0.0,0.0,0.0,0.0,0.0,0.0,0.0,1.0,0.0,0.0,1.0,0.0,0.0,0.0,0.0,3.0,0.0,0.0,3.0,2.0,1.0,11.0,3.0,11.0,7.0,13.0,17.0,22.0,5.0,0.0,0.0,0.0,0.0,0.0,0.0,0.0,0.0,0.0,0.0,0.0,0.0,4.0,0.0,0.0,5.0,0.0,0.0,0.0,0.0,4.0,0.0,0.0,3.0,2.0,1.0,14.0,3.0,16.0,10.0,16.0,26.0,30.0,7.0
377,1.0,377.0,London_60,,151,453,1092.0,70.0,2.0,133182.0,1.0791759539861232,747.0,99.0,0.0,99.0,173.0,0.0,173.0,171.0,264.0,86.0,13.0,47.0,2.0,25.0,6.0,10.0,5.0,79.0,142.0,227.0,23.0,0.0,0.0,0.0,0.0,0.0,0.0,0.0,0.0,0.0,0.0,0.0,0.0,0.0,0.0,0.0,0.0,0.0,0.0,0.0,0.0,0.0,0.0,0.0,0.0,0.0,0.0,0.0,0.0,0.0,0.0,0.0,0.0,0.0,0.0,0.0,0.0,0.0,0.0,0.0,0.0,8.0,0.0,0.0,3.0,6.0,0.0,9.0,10.0,8.0,12.0,20.0,24.0,20.0,17.0,0.0,0.0,0.0,0.0,0.0,0.0,0.0,0.0,0.0,0.0,0.0,0.0,0.0,0.0,0.0,0.0,0.0,0.0,0.0,0.0,9.0,0.0,0.0,4.0,6.0,0.0,10.0,16.0,11.0,16.0,28.0,43.0,24.0,24.0
378,1.0,378.0,London_60,,151,453,1092.0,70.0,2.0,119139.0,1.4137359848245978,716.0,10.0,0.0,10.0,18.0,0.0,18.0,173.0,280.0,79.0,16.0,40.0,2.0,26.0,3.0,7.0,2.0,83.0,141.0,227.0,23.0,0.0,0.0,0.0,0.0,0.0,0.0,0.0,0.0,0.0,0.0,0.0,0.0,0.0,0.0,0.0,0.0,0.0,0.0,0.0,0.0,0.0,0.0,0.0,0.0,0.0,0.0,0.0,0.0,0.0,0.0,0.0,0.0,0.0,0.0,0.0,0.0,0.0,0.0,0.0,0.0,0.0,0.0,0.0,0.0,0.0,0.0,2.0,2.0,1.0,2.0,3.0,2.0,4.0,2.0,0.0,0.0,0.0,0.0,0.0,0.0,0.0,0.0,0.0,0.0,0.0,0.0,0.0,0.0,0.0,0.0,0.0,0.0,0.0,0.0,0.0,0.0,0.0,0.0,0.0,0.0,2.0,4.0,2.0,2.0,4.0,5.0,6.0,3.0
379,1.0,379.0,London_60,,151,453,1092.0,70.0,2.0,155832.0,0.7719196351245046,797.0,87.0,1.0,86.0,149.0,7.0,142.0,18.0,281.0,76.0,15.0,41.0,2.0,27.0,3.0,8.0,2.0,82.0,141.0,228.0,21.0,0.0,0.0,0.0,0.0,0.0,0.0,0.0,0.0,0.0,0.0,0.0,0.0,0.0,0.0,0.0,0.0,0.0,0.0,0.0,0.0,0.0,0.0,0.0,0.0,0.0,0.0,0.0,0.0,0.0,0.0,0.0,0.0,0.0,0.0,1.0,1.0,0.0,0.0,0.0,0.0,4.0,8.0,10.0,0.0,1.0,0.0,7.0,6.0,7.0,10.0,22.0,13.0,22.0,5.0,0.0,0.0,0.0,0.0,0.0,0.0,0.0,0.0,0.0,0.0,0.0,0.0,0.0,0.0,5.0,3.0,0.0,0.0,0.0,0.0,4.0,10.0,12.0,0.0,1.0,0.0,9.0,7.0,11.0,16.0,35.0,18.0,26.0,8.0
380,1.0,380.0,London_60,,151,453,1092.0,70.0,2.0,164439.0,1.250863853143528,816.0,3.0,1.0,2.0,11.0,9.0,2.0,149.0,287.0,71.0,15.0,40.0,3.0,26.0,3.0,8.0,4.0,88.0,139.0,222.0,27.0,0.0,0.0,0.0,0.0,0.0,0.0,0.0,0.0,0.0,0.0,0.0,0.0,0.0,0.0,0.0,0.0,0.0,0.0,0.0,0.0,0.0,0.0,0.0,0.0,0.0,0.0,0.0,0.0,0.0,0.0,0.0,0.0,0.0,0.0,0.0,0.0,0.0,0.0,0.0,0.0,0.0,0.0,0.0,0.0,0.0,0.0,0.0,0.0,1.0,0.0,1.0,0.0,0.0,1.0,0.0,0.0,0.0,0.0,0.0,0.0,0.0,0.0,0.0,0.0,0.0,0.0,0.0,0.0,0.0,0.0,0.0,0.0,0.0,0.0,0.0,0.0,0.0,0.0,0.0,0.0,0.0,0.0,1.0,0.0,1.0,0.0,0.0,1.0
381,1.0,381.0,London_60,,151,453,1092.0,70.0,2.0,214722.0,0.915556957013905,927.0,163.0,2.0,161.0,297.0,19.0,278.0,11.0,290.0,73.0,14.0,35.0,4.0,26.0,3.0,8.0,2.0,87.0,136.0,228.0,24.0,0.0,0.0,0.0,0.0,0.0,0.0,0.0,0.0,0.0,0.0,0.0,0.0,0.0,0.0,0.0,0.0,0.0,0.0,0.0,0.0,0.0,0.0,0.0,0.0,0.0,0.0,0.0,0.0,0.0,0.0,0.0,0.0,0.0,0.0,1.0,1.0,0.0,0.0,0.0,0.0,2.0,20.0,1.0,6.0,4.0,0.0,29.0,3.0,1.0,6.0,28.0,33.0,29.0,6.0,0.0,0.0,0.0,0.0,0.0,0.0,0.0,0.0,0.0,0.0,0.0,0.0,0.0,0.0,7.0,4.0,0.0,0.0,0.0,0.0,4.0,27.0,1.0,7.0,4.0,0.0,45.0,4.0,1.0,8.0,44.0,50.0,34.0,9.0
382,1.0,382.0,London_60,,151,453,1092.0,70.0,2.0,183012.0,0.7781149630900472,857.0,128.0,2.0,126.0,238.0,20.0,218.0,297.0,178.0,113.0,23.0,94.0,7.0,30.0,5.0,3.0,4.0,75.0,144.0,230.0,38.0,0.0,0.0,0.0,0.0,0.0,0.0,0.0,0.0,0.0,0.0,0.0,0.0,0.0,0.0,0.0,0.0,0.0,0.0,0.0,0.0,0.0,0.0,0.0,0.0,0.0,0.0,0.0,0.0,0.0,1.0,0.0,0.0,0.0,0.0,0.0,0.0,0.0,0.0,0.0,0.0,1.0,10.0,5.0,1.0,1.0,0.0,10.0,5.0,5.0,6.0,28.0,24.0,26.0,6.0,0.0,0.0,0.0,0.0,0.0,0.0,0.0,0.0,0.0,2.0,0.0,0.0,0.0,0.0,0.0,0.0,0.0,0.0,0.0,0.0,1.0,15.0,7.0,2.0,1.0,0.0,13.0,8.0,7.0,12.0,37.0,33.0,30.0,8.0
383,1.0,383.0,London_60,,151,453,1092.0,70.0,2.0,163986.0,0.5695353620685637,815.0,58.0,1.0,57.0,109.0,8.0,101.0,238.0,193.0,131.0,15.0,71.0,9.0,29.0,2.0,3.0,6.0,84.0,144.0,219.0,33.0,0.0,0.0,0.0,0.0,0.0,0.0,0.0,0.0,0.0,0.0,0.0,0.0,0.0,0.0,0.0,0.0,0.0,0.0,0.0,0.0,0.0,0.0,0.0,0.0,0.0,0.0,0.0,0.0,0.0,0.0,0.0,0.0,0.0,1.0,0.0,0.0,0.0,0.0,0.0,0.0,0.0,0.0,0.0,1.0,2.0,0.0,5.0,2.0,0.0,6.0,7.0,19.0,8.0,8.0,0.0,0.0,0.0,0.0,0.0,0.0,0.0,0.0,0.0,0.0,0.0,0.0,0.0,7.0,0.0,0.0,0.0,0.0,0.0,0.0,0.0,0.0,0.0,1.0,3.0,0.0,7.0,3.0,0.0,9.0,12.0,31.0,10.0,11.0
384,1.0,384.0,London_60,,151,453,1092.0,70.0,2.0,176217.0,3.559880335116759,842.0,141.0,0.0,141.0,241.0,0.0,241.0,109.0,192.0,114.0,15.0,77.0,14.0,37.0,0.0,4.0,9.0,85.0,141.0,218.0,36.0,0.0,0.0,0.0,0.0,0.0,0.0,0.0,0.0,0.0,0.0,0.0,0.0,0.0,0.0,0.0,0.0,0.0,0.0,0.0,0.0,0.0,0.0,0.0,0.0,0.0,0.0,0.0,0.0,0.0,0.0,0.0,0.0,0.0,0.0,0.0,0.0,0.0,0.0,0.0,0.0,7.0,2.0,4.0,3.0,6.0,1.0,24.0,10.0,5.0,14.0,27.0,43.0,27.0,11.0,0.0,0.0,0.0,0.0,0.0,0.0,0.0,0.0,0.0,0.0,0.0,0.0,0.0,0.0,0.0,0.0,0.0,0.0,0.0,0.0,8.0,2.0,4.0,5.0,7.0,2.0,34.0,16.0,8.0,16.0,39.0,63.0,32.0,14.0
385,1.0,385.0,London_60,,151,453,1092.0,70.0,2.0,149490.0,0.8467772218864411,783.0,59.0,2.0,57.0,112.0,19.0,93.0,241.0,208.0,98.0,19.0,76.0,16.0,32.0,1.0,3.0,9.0,63.0,140.0,241.0,38.0,0.0,0.0,0.0,0.0,0.0,0.0,0.0,0.0,0.0,0.0,0.0,0.0,0.0,0.0,0.0,0.0,0.0,0.0,0.0,0.0,0.0,0.0,0.0,0.0,0.0,0.0,0.0,0.0,0.0,0.0,0.0,0.0,1.0,0.0,1.0,2.0,0.0,0.0,0.0,0.0,0.0,0.0,0.0,2.0,0.0,0.0,2.0,7.0,1.0,5.0,15.0,16.0,8.0,5.0,0.0,0.0,0.0,0.0,0.0,0.0,0.0,0.0,0.0,0.0,0.0,0.0,7.0,0.0,8.0,5.0,0.0,0.0,0.0,0.0,0.0,0.0,0.0,2.0,0.0,0.0,3.0,9.0,1.0,6.0,20.0,21.0,10.0,7.0
386,1.0,386.0,London_60,,151,453,1092.0,70.0,2.0,167157.0,1.229486976051703,822.0,131.0,0.0,131.0,218.0,0.0,218.0,112.0,211.0,97.0,21.0,66.0,19.0,35.0,1.0,3.0,4.0,68.0,128.0,253.0,25.0,0.0,0.0,0.0,0.0,0.0,0.0,0.0,0.0,0.0,0.0,0.0,0.0,0.0,0.0,0.0,0.0,0.0,0.0,0.0,0.0,0.0,0.0,0.0,0.0,0.0,0.0,0.0,0.0,0.0,0.0,0.0,0.0,0.0,0.0,0.0,0.0,0.0,0.0,0.0,0.0,4.0,3.0,4.0,2.0,6.0,0.0,19.0,7.0,10.0,12.0,27.0,33.0,19.0,11.0,0.0,0.0,0.0,0.0,0.0,0.0,0.0,0.0,0.0,0.0,0.0,0.0,0.0,0.0,0.0,0.0,0.0,0.0,0.0,0.0,6.0,3.0,5.0,6.0,6.0,0.0,30.0,10.0,14.0,17.0,33.0,48.0,21.0,17.0
387,1.0,387.0,London_60,,151,453,1092.0,70.0,2.0,150849.0,1.2335543730296195,786.0,117.0,2.0,115.0,210.0,18.0,192.0,218.0,218.0,85.0,21.0,61.0,28.0,38.0,0.0,2.0,6.0,79.0,151.0,217.0,29.0,0.0,0.0,0.0,0.0,0.0,0.0,0.0,0.0,0.0,0.0,0.0,0.0,0.0,0.0,0.0,0.0,0.0,0.0,0.0,0.0,0.0,0.0,0.0,0.0,0.0,0.0,0.0,0.0,0.0,0.0,0.0,0.0,0.0,1.0,0.0,0.0,0.0,0.0,0.0,0.0,0.0,11.0,7.0,4.0,5.0,0.0,11.0,11.0,1.0,17.0,19.0,25.0,20.0,9.0,0.0,0.0,0.0,0.0,0.0,0.0,0.0,0.0,0.0,0.0,0.0,0.0,0.0,6.0,0.0,0.0,0.0,0.0,0.0,0.0,0.0,12.0,8.0,6.0,6.0,0.0,15.0,13.0,1.0,23.0,25.0,35.0,28.0,11.0
388,1.0,388.0,London_60,,151,453,1092.0,70.0,2.0,138165.0,0.5822804640047252,758.0,10.0,0.0,10.0,22.0,0.0,22.0,210.0,225.0,79.0,24.0,60.0,21.0,36.0,2.0,6.0,6.0,77.0,152.0,218.0,36.0,0.0,0.0,0.0,0.0,0.0,0.0,0.0,0.0,0.0,0.0,0.0,0.0,0.0,0.0,0.0,0.0,0.0,0.0,0.0,0.0,0.0,0.0,0.0,0.0,0.0,0.0,0.0,0.0,0.0,0.0,0.0,0.0,0.0,0.0,0.0,0.0,0.0,0.0,0.0,0.0,0.0,0.0,0.0,1.0,0.0,0.0,1.0,0.0,0.0,2.0,3.0,2.0,1.0,0.0,0.0,0.0,0.0,0.0,0.0,0.0,0.0,0.0,0.0,0.0,0.0,0.0,0.0,0.0,0.0,0.0,0.0,0.0,0.0,0.0,0.0,0.0,0.0,1.0,0.0,0.0,1.0,0.0,0.0,2.0,6.0,4.0,2.0,0.0
389,1.0,389.0,London_60,,151,453,1092.0,70.0,2.0,181200.0,0.6485110761132091,853.0,66.0,0.0,66.0,122.0,0.0,122.0,22.0,227.0,79.0,24.0,56.0,22.0,37.0,2.0,6.0,5.0,76.0,146.0,226.0,34.0,0.0,0.0,0.0,0.0,0.0,0.0,0.0,0.0,0.0,0.0,0.0,0.0,0.0,0.0,0.0,0.0,0.0,0.0,0.0,0.0,0.0,0.0,0.0,0.0,0.0,0.0,0.0,0.0,0.0,0.0,0.0,0.0,0.0,0.0,0.0,0.0,0.0,0.0,0.0,0.0,2.0,3.0,0.0,1.0,0.0,0.0,2.0,5.0,3.0,8.0,14.0,21.0,17.0,10.0,0.0,0.0,0.0,0.0,0.0,0.0,0.0,0.0,0.0,0.0,0.0,0.0,0.0,0.0,0.0,0.0,0.0,0.0,0.0,0.0,2.0,4.0,0.0,2.0,0.0,0.0,3.0,7.0,5.0,12.0,20.0,37.0,24.0,18.0
390,1.0,390.0,London_60,,151,453,1092.0,70.0,2.0,199773.0,1.2500436229165643,894.0,120.0,0.0,120.0,209.0,0.0,209.0,122.0,227.0,90.0,16.0,46.0,24.0,44.0,2.0,4.0,6.0,75.0,164.0,208.0,33.0,0.0,0.0,0.0,0.0,0.0,0.0,0.0,0.0,0.0,0.0,0.0,0.0,0.0,0.0,0.0,0.0,0.0,0.0,0.0,0.0,0.0,0.0,0.0,0.0,0.0,0.0,0.0,0.0,0.0,0.0,0.0,0.0,0.0,0.0,0.0,0.0,0.0,0.0,0.0,0.0,0.0,4.0,2.0,0.0,1.0,0.0,8.0,11.0,5.0,20.0,23.0,25.0,24.0,13.0,0.0,0.0,0.0,0.0,0.0,0.0,0.0,0.0,0.0,0.0,0.0,0.0,0.0,0.0,0.0,0.0,0.0,0.0,0.0,0.0,0.0,7.0,3.0,0.0,1.0,0.0,9.0,16.0,6.0,29.0,31.0,33.0,30.0,17.0
391,1.0,391.0,London_60,,151,453,1092.0,70.0,2.0,186636.0,0.6580424020066857,865.0,86.0,2.0,84.0,168.0,22.0,146.0,209.0,232.0,61.0,17.0,69.0,28.0,42.0,1.0,3.0,7.0,75.0,159.0,212.0,32.0,0.0,0.0,0.0,0.0,0.0,0.0,0.0,0.0,0.0,1.0,0.0,1.0,0.0,0.0,0.0,0.0,0.0,0.0,1.0,0.0,0.0,0.0,0.0,0.0,0.0,0.0,0.0,0.0,0.0,1.0,0.0,0.0,1.0,0.0,1.0,1.0,0.0,0.0,0.0,0.0,4.0,6.0,0.0,1.0,1.0,0.0,6.0,10.0,5.0,5.0,24.0,21.0,21.0,4.0,0.0,0.0,0.0,0.0,0.0,0.0,0.0,0.0,0.0,3.0,0.0,0.0,1.0,0.0,3.0,4.0,0.0,0.0,0.0,0.0,6.0,9.0,0.0,1.0,1.0,0.0,7.0,13.0,6.0,5.0,36.0,32.0,28.0,7.0
392,1.0,392.0,London_60,,151,453,1092.0,70.0,2.0,186183.0,0.6532077279407531,864.0,127.0,2.0,125.0,222.0,18.0,204.0,160.0,232.0,55.0,6.0,76.0,30.0,49.0,0.0,5.0,9.0,84.0,156.0,204.0,31.0,0.0,0.0,0.0,0.0,0.0,0.0,0.0,0.0,0.0,0.0,0.0,0.0,0.0,0.0,0.0,0.0,0.0,0.0,0.0,0.0,0.0,0.0,0.0,0.0,0.0,0.0,0.0,0.0,0.0,1.0,0.0,0.0,2.0,0.0,2.0,0.0,1.0,0.0,0.0,0.0,4.0,21.0,1.0,3.0,1.0,0.0,17.0,4.0,4.0,12.0,26.0,36.0,22.0,6.0,0.0,0.0,0.0,0.0,0.0,0.0,0.0,0.0,0.0,2.0,0.0,0.0,8.0,0.0,14.0,0.0,9.0,0.0,0.0,0.0,6.0,25.0,1.0,4.0,1.0,0.0,23.0,5.0,4.0,13.0,43.0,45.0,33.0,9.0
393,1.0,393.0,London_60,,151,453,1092.0,70.0,2.0,165345.0,0.7460964438505471,818.0,121.0,2.0,119.0,215.0,17.0,198.0,222.0,223.0,82.0,9.0,65.0,21.0,43.0,1.0,9.0,8.0,73.0,145.0,227.0,32.0,0.0,0.0,0.0,0.0,0.0,0.0,0.0,0.0,0.0,0.0,0.0,0.0,0.0,0.0,0.0,0.0,0.0,0.0,0.0,0.0,0.0,0.0,0.0,0.0,0.0,0.0,0.0,0.0,0.0,1.0,0.0,0.0,1.0,0.0,0.0,2.0,0.0,0.0,0.0,0.0,4.0,10.0,1.0,0.0,0.0,0.0,9.0,6.0,11.0,14.0,28.0,27.0,15.0,11.0,0.0,0.0,0.0,0.0,0.0,0.0,0.0,0.0,0.0,2.0,0.0,0.0,1.0,0.0,0.0,11.0,0.0,0.0,0.0,0.0,6.0,14.0,1.0,0.0,0.0,0.0,11.0,7.0,16.0,22.0,43.0,41.0,18.0,21.0
394,1.0,394.0,London_60,,151,453,1092.0,70.0,2.0,149490.0,1.2582263189833611,783.0,91.0,1.0,90.0,169.0,12.0,157.0,215.0,244.0,81.0,12.0,55.0,19.0,38.0,1.0,3.0,5.0,72.0,138.0,238.0,44.0,0.0,0.0,0.0,0.0,0.0,0.0,0.0,0.0,0.0,0.0,0.0,0.0,0.0,0.0,0.0,0.0,0.0,0.0,0.0,0.0,0.0,0.0,0.0,0.0,0.0,0.0,0.0,0.0,0.0,0.0,1.0,0.0,1.0,0.0,0.0,1.0,0.0,0.0,0.0,0.0,4.0,3.0,1.0,3.0,1.0,0.0,11.0,11.0,5.0,7.0,22.0,18.0,28.0,6.0,0.0,0.0,0.0,0.0,0.0,0.0,0.0,0.0,0.0,0.0,6.0,0.0,5.0,0.0,0.0,5.0,0.0,0.0,0.0,0.0,6.0,4.0,1.0,3.0,1.0,0.0,13.0,16.0,6.0,8.0,31.0,29.0,31.0,10.0
395,1.0,395.0,London_60,,151,453,1092.0,70.0,2.0,150849.0,1.2761322199366987,786.0,126.0,0.0,126.0,212.0,0.0,212.0,169.0,249.0,88.0,11.0,48.0,12.0,36.0,3.0,6.0,3.0,77.0,144.0,229.0,36.0,0.0,0.0,0.0,0.0,0.0,0.0,0.0,0.0,0.0,0.0,0.0,0.0,0.0,0.0,0.0,0.0,0.0,0.0,0.0,0.0,0.0,0.0,0.0,0.0,0.0,0.0,0.0,0.0,0.0,0.0,0.0,0.0,0.0,0.0,0.0,0.0,0.0,0.0,0.0,0.0,1.0,15.0,1.0,0.0,6.0,0.0,9.0,13.0,2.0,11.0,29.0,21.0,24.0,7.0,0.0,0.0,0.0,0.0,0.0,0.0,0.0,0.0,0.0,0.0,0.0,0.0,0.0,0.0,0.0,0.0,0.0,0.0,0.0,0.0,2.0,21.0,1.0,0.0,6.0,0.0,11.0,15.0,2.0,16.0,42.0,31.0,27.0,11.0
396,1.0,396.0,London_60,,151,453,1092.0,70.0,2.0,122310.0,0.8938572900369763,723.0,42.0,0.0,42.0,69.0,0.0,69.0,212.0,240.0,81.0,15.0,65.0,14.0,32.0,1.0,5.0,4.0,76.0,159.0,214.0,30.0,0.0,0.0,0.0,0.0,0.0,0.0,0.0,0.0,0.0,0.0,0.0,0.0,0.0,0.0,0.0,0.0,0.0,0.0,0.0,0.0,0.0,0.0,0.0,0.0,0.0,0.0,0.0,0.0,0.0,0.0,0.0,0.0,0.0,0.0,0.0,0.0,0.0,0.0,0.0,0.0,1.0,0.0,0.0,0.0,0.0,0.0,2.0,2.0,2.0,4.0,8.0,10.0,7.0,2.0,0.0,0.0,0.0,0.0,0.0,0.0,0.0,0.0,0.0,0.0,0.0,0.0,0.0,0.0,0.0,0.0,0.0,0.0,0.0,0.0,1.0,0.0,0.0,0.0,0.0,0.0,3.0,3.0,2.0,4.0,9.0,17.0,9.0,3.0
397,1.0,397.0,London_60,,151,453,1092.0,70.0,2.0,136806.0,0.5121765281073749,755.0,79.0,0.0,79.0,129.0,0.0,129.0,69.0,248.0,90.0,16.0,52.0,13.0,28.0,0.0,6.0,4.0,77.0,156.0,216.0,23.0,0.0,0.0,0.0,0.0,0.0,0.0,0.0,0.0,0.0,0.0,0.0,0.0,0.0,0.0,0.0,0.0,0.0,0.0,0.0,0.0,0.0,0.0,0.0,0.0,0.0,0.0,0.0,0.0,0.0,0.0,0.0,0.0,0.0,0.0,0.0,0.0,0.0,0.0,0.0,0.0,2.0,4.0,1.0,0.0,0.0,0.0,6.0,6.0,7.0,9.0,14.0,23.0,12.0,7.0,0.0,0.0,0.0,0.0,0.0,0.0,0.0,0.0,0.0,0.0,0.0,0.0,0.0,0.0,0.0,0.0,0.0,0.0,0.0,0.0,2.0,5.0,2.0,0.0,0.0,0.0,6.0,6.0,11.0,11.0,19.0,30.0,15.0,8.0
398,1.0,398.0,London_60,,151,453,1092.0,70.0,2.0,128199.0,0.9230669341050088,736.0,20.0,2.0,18.0,48.0,18.0,30.0,129.0,259.0,82.0,13.0,33.0,17.0,39.0,1.0,9.0,5.0,70.0,153.0,225.0,24.0,0.0,0.0,0.0,0.0,0.0,0.0,0.0,0.0,0.0,0.0,0.0,0.0,0.0,0.0,0.0,0.0,0.0,0.0,0.0,0.0,0.0,0.0,0.0,0.0,0.0,0.0,0.0,0.0,0.0,0.0,0.0,0.0,0.0,0.0,0.0,1.0,0.0,0.0,0.0,0.0,0.0,1.0,0.0,1.0,0.0,0.0,4.0,3.0,1.0,1.0,3.0,4.0,1.0,1.0,0.0,0.0,0.0,0.0,0.0,0.0,0.0,0.0,0.0,0.0,0.0,0.0,0.0,0.0,0.0,3.0,0.0,0.0,0.0,0.0,0.0,1.0,0.0,2.0,0.0,0.0,6.0,5.0,1.0,1.0,5.0,7.0,2.0,1.0
399,1.0,399.0,London_60,,151,453,1092.0,70.0,2.0,156738.0,0.7941273609176278,799.0,126.0,1.0,125.0,221.0,8.0,213.0,48.0,253.0,82.0,16.0,30.0,17.0,44.0,1.0,10.0,4.0,72.0,145.0,232.0,27.0,0.0,0.0,0.0,0.0,0.0,0.0,0.0,0.0,0.0,0.0,0.0,0.0,0.0,0.0,0.0,0.0,0.0,0.0,0.0,0.0,0.0,0.0,0.0,0.0,0.0,0.0,0.0,0.0,0.0,0.0,0.0,0.0,1.0,0.0,0.0,1.0,0.0,0.0,0.0,0.0,4.0,15.0,1.0,1.0,0.0,0.0,1.0,6.0,9.0,10.0,23.0,33.0,24.0,2.0,0.0,0.0,0.0,0.0,0.0,0.0,0.0,0.0,0.0,0.0,0.0,0.0,5.0,0.0,0.0,4.0,0.0,0.0,0.0,0.0,4.0,22.0,1.0,2.0,0.0,0.0,1.0,8.0,11.0,12.0,28.0,50.0,34.0,3.0
400,1.0,400.0,London_60,,151,453,1092.0,70.0,2.0,129105.0,0.6040304750204086,738.0,62.0,0.0,62.0,115.0,0.0,115.0,221.0,216.0,75.0,15.0,61.0,18.0,48.0,4.0,16.0,6.0,91.0,135.0,221.0,48.0,0.0,0.0,0.0,0.0,0.0,0.0,0.0,0.0,0.0,0.0,0.0,0.0,0.0,0.0,0.0,0.0,0.0,0.0,0.0,0.0,0.0,0.0,0.0,0.0,0.0,0.0,0.0,0.0,0.0,0.0,0.0,0.0,0.0,0.0,0.0,0.0,0.0,0.0,0.0,0.0,4.0,2.0,0.0,0.0,1.0,0.0,9.0,4.0,5.0,6.0,15.0,15.0,8.0,5.0,0.0,0.0,0.0,0.0,0.0,0.0,0.0,0.0,0.0,0.0,0.0,0.0,0.0,0.0,0.0,0.0,0.0,0.0,0.0,0.0,4.0,2.0,0.0,0.0,1.0,0.0,11.0,4.0,5.0,9.0,23.0,23.0,11.0,8.0
401,1.0,401.0,London_60,,151,453,1092.0,70.0,2.0,132729.0,0.8014340370427817,746.0,153.0,0.0,153.0,256.0,0.0,256.0,115.0,232.0,67.0,21.0,45.0,16.0,53.0,4.0,15.0,6.0,73.0,157.0,217.0,37.0,0.0,0.0,0.0,0.0,0.0,0.0,0.0,0.0,0.0,0.0,0.0,0.0,0.0,0.0,0.0,0.0,0.0,0.0,0.0,0.0,0.0,0.0,0.0,0.0,0.0,0.0,0.0,0.0,0.0,0.0,0.0,0.0,0.0,0.0,0.0,0.0,0.0,0.0,0.0,0.0,0.0,22.0,0.0,2.0,1.0,0.0,5.0,8.0,2.0,5.0,27.0,45.0,10.0,14.0,0.0,0.0,0.0,0.0,0.0,0.0,0.0,0.0,0.0,0.0,0.0,0.0,0.0,0.0,0.0,0.0,0.0,0.0,0.0,0.0,0.0,31.0,0.0,5.0,1.0,0.0,5.0,11.0,2.0,6.0,37.0,65.0,11.0,21.0
402,1.0,402.0,London_60,,151,453,1092.0,70.0,2.0,97848.0,0.39844166301190853,669.0,2.0,2.0,0.0,17.0,17.0,0.0,256.0,168.0,95.0,17.0,68.0,18.0,69.0,3.0,15.0,7.0,84.0,148.0,214.0,36.0,0.0,0.0,0.0,0.0,0.0,0.0,0.0,0.0,0.0,0.0,0.0,0.0,0.0,0.0,0.0,0.0,0.0,0.0,0.0,0.0,0.0,0.0,0.0,0.0,0.0,0.0,0.0,0.0,0.0,0.0,0.0,0.0,2.0,1.0,1.0,2.0,0.0,0.0,0.0,0.0,0.0,0.0,0.0,0.0,0.0,0.0,0.0,0.0,0.0,0.0,0.0,0.0,0.0,0.0,0.0,0.0,0.0,0.0,0.0,0.0,0.0,0.0,0.0,0.0,0.0,0.0,5.0,6.0,9.0,4.0,0.0,0.0,0.0,0.0,0.0,0.0,0.0,0.0,0.0,0.0,0.0,0.0,0.0,0.0,0.0,0.0,0.0,0.0
403,1.0,403.0,London_60,,151,453,1092.0,70.0,2.0,135447.0,0.5139146370347589,752.0,55.0,0.0,55.0,105.0,0.0,105.0,17.0,171.0,99.0,16.0,69.0,19.0,61.0,3.0,15.0,2.0,88.0,141.0,222.0,29.0,0.0,0.0,0.0,0.0,0.0,0.0,0.0,0.0,0.0,0.0,0.0,0.0,0.0,0.0,0.0,0.0,0.0,0.0,0.0,0.0,0.0,0.0,0.0,0.0,0.0,0.0,0.0,0.0,0.0,0.0,0.0,0.0,0.0,0.0,0.0,0.0,0.0,0.0,0.0,0.0,2.0,0.0,0.0,1.0,0.0,0.0,4.0,3.0,2.0,7.0,5.0,17.0,6.0,3.0,0.0,0.0,0.0,0.0,0.0,0.0,0.0,0.0,0.0,0.0,0.0,0.0,0.0,0.0,0.0,0.0,0.0,0.0,0.0,0.0,3.0,0.0,0.0,3.0,0.0,0.0,5.0,5.0,3.0,9.0,8.0,28.0,7.0,5.0
404,1.0,404.0,London_60,,151,453,1092.0,70.0,2.0,160815.0,0.6407520349603146,808.0,17.0,2.0,15.0,43.0,16.0,27.0,105.0,182.0,107.0,9.0,46.0,19.0,69.0,5.0,16.0,4.0,86.0,134.0,229.0,36.0,0.0,0.0,0.0,0.0,0.0,0.0,0.0,0.0,0.0,0.0,0.0,0.0,0.0,0.0,0.0,0.0,0.0,0.0,0.0,0.0,0.0,0.0,0.0,0.0,0.0,0.0,0.0,0.0,0.0,1.0,1.0,0.0,1.0,0.0,1.0,2.0,0.0,0.0,0.0,0.0,0.0,0.0,0.0,1.0,0.0,0.0,1.0,2.0,0.0,1.0,1.0,4.0,3.0,1.0,0.0,0.0,0.0,0.0,0.0,0.0,0.0,0.0,0.0,5.0,4.0,0.0,2.0,0.0,4.0,8.0,0.0,0.0,0.0,0.0,0.0,0.0,0.0,1.0,0.0,0.0,1.0,2.0,0.0,1.0,1.0,5.0,5.0,1.0
405,1.0,405.0,London_60,,151,453,1092.0,70.0,2.0,203397.0,1.7166524999774992,902.0,157.0,2.0,155.0,303.0,19.0,284.0,43.0,190.0,118.0,14.0,41.0,13.0,58.0,5.0,14.0,4.0,81.0,136.0,232.0,35.0,0.0,0.0,0.0,0.0,0.0,0.0,0.0,0.0,0.0,0.0,0.0,0.0,0.0,0.0,0.0,0.0,0.0,0.0,0.0,0.0,0.0,0.0,0.0,0.0,0.0,0.0,0.0,0.0,0.0,1.0,0.0,0.0,0.0,0.0,1.0,0.0,0.0,0.0,0.0,0.0,6.0,19.0,4.0,1.0,1.0,0.0,19.0,9.0,2.0,6.0,25.0,40.0,25.0,8.0,0.0,0.0,0.0,0.0,0.0,0.0,0.0,0.0,0.0,4.0,0.0,0.0,0.0,0.0,8.0,0.0,0.0,0.0,0.0,0.0,8.0,36.0,5.0,1.0,1.0,0.0,25.0,13.0,3.0,9.0,42.0,61.0,39.0,13.0
406,1.0,406.0,London_60,,151,453,1092.0,70.0,2.0,169422.0,0.6963635690044612,827.0,35.0,2.0,33.0,72.0,16.0,56.0,303.0,154.0,104.0,24.0,88.0,8.0,57.0,6.0,12.0,3.0,68.0,153.0,229.0,37.0,0.0,0.0,0.0,0.0,0.0,0.0,0.0,0.0,0.0,0.0,0.0,0.0,0.0,0.0,0.0,0.0,0.0,0.0,0.0,0.0,0.0,0.0,0.0,0.0,0.0,0.0,0.0,0.0,0.0,1.0,0.0,0.0,0.0,1.0,1.0,2.0,0.0,0.0,0.0,0.0,0.0,0.0,1.0,1.0,0.0,0.0,2.0,1.0,0.0,0.0,4.0,8.0,3.0,1.0,0.0,0.0,0.0,0.0,0.0,0.0,0.0,0.0,0.0,4.0,0.0,0.0,0.0,6.0,9.0,7.0,0.0,0.0,0.0,0.0,0.0,0.0,1.0,2.0,0.0,0.0,3.0,1.0,0.0,0.0,6.0,11.0,3.0,2.0
407,1.0,407.0,London_60,,151,453,1092.0,70.0,2.0,186636.0,1.2763418869581074,865.0,40.0,0.0,40.0,64.0,0.0,64.0,72.0,147.0,105.0,29.0,97.0,2.0,56.0,6.0,11.0,3.0,62.0,168.0,220.0,31.0,0.0,0.0,0.0,0.0,0.0,0.0,0.0,0.0,0.0,0.0,0.0,0.0,0.0,0.0,0.0,0.0,0.0,0.0,0.0,0.0,0.0,0.0,0.0,0.0,0.0,0.0,0.0,0.0,0.0,0.0,0.0,0.0,0.0,0.0,0.0,0.0,0.0,0.0,0.0,0.0,2.0,0.0,0.0,1.0,0.0,0.0,1.0,2.0,0.0,0.0,9.0,9.0,4.0,3.0,0.0,0.0,0.0,0.0,0.0,0.0,0.0,0.0,0.0,0.0,0.0,0.0,0.0,0.0,0.0,0.0,0.0,0.0,0.0,0.0,2.0,0.0,0.0,1.0,0.0,0.0,1.0,2.0,0.0,0.0,9.0,16.0,4.0,5.0
408,1.0,408.0,London_60,,151,453,1092.0,70.0,2.0,220158.0,0.7073318660259247,939.0,178.0,2.0,176.0,326.0,18.0,308.0,64.0,157.0,101.0,28.0,93.0,1.0,55.0,6.0,12.0,3.0,63.0,166.0,221.0,27.0,0.0,0.0,0.0,0.0,0.0,0.0,0.0,0.0,0.0,0.0,0.0,0.0,0.0,0.0,0.0,0.0,0.0,0.0,0.0,0.0,0.0,0.0,0.0,0.0,0.0,0.0,0.0,0.0,0.0,0.0,0.0,0.0,1.0,0.0,0.0,0.0,0.0,0.0,0.0,0.0,1.0,16.0,0.0,1.0,9.0,1.0,9.0,18.0,8.0,12.0,24.0,41.0,44.0,4.0,0.0,0.0,0.0,0.0,0.0,0.0,0.0,0.0,0.0,0.0,0.0,0.0,2.0,0.0,0.0,0.0,0.0,0.0,0.0,0.0,1.0,22.0,0.0,2.0,9.0,2.0,15.0,29.0,9.0,15.0,41.0,65.0,53.0,6.0
409,1.0,409.0,London_60,,151,453,1092.0,70.0,2.0,172140.0,0.623299655970186,833.0,156.0,0.0,156.0,258.0,0.0,258.0,326.0,127.0,118.0,26.0,98.0,9.0,58.0,5.0,12.0,8.0,73.0,128.0,244.0,53.0,0.0,0.0,0.0,0.0,0.0,0.0,0.0,0.0,0.0,0.0,0.0,0.0,0.0,0.0,0.0,0.0,0.0,0.0,0.0,0.0,0.0,0.0,0.0,0.0,0.0,0.0,0.0,0.0,0.0,0.0,0.0,0.0,0.0,0.0,0.0,0.0,0.0,0.0,0.0,0.0,1.0,8.0,0.0,0.0,0.0,0.0,19.0,15.0,8.0,14.0,29.0,36.0,22.0,10.0,0.0,0.0,0.0,0.0,0.0,0.0,0.0,0.0,0.0,0.0,0.0,0.0,0.0,0.0,0.0,0.0,0.0,0.0,0.0,0.0,1.0,11.0,0.0,0.0,0.0,0.0,24.0,21.0,12.0,18.0,43.0,49.0,25.0,15.0
410,1.0,410.0,London_60,,151,453,1092.0,70.0,2.0,129558.0,0.5610801549628377,739.0,108.0,0.0,108.0,184.0,0.0,184.0,258.0,142.0,98.0,19.0,115.0,11.0,52.0,3.0,13.0,10.0,76.0,138.0,229.0,51.0,0.0,0.0,0.0,0.0,0.0,0.0,0.0,0.0,0.0,0.0,0.0,0.0,0.0,0.0,0.0,0.0,0.0,0.0,0.0,0.0,0.0,0.0,0.0,0.0,0.0,0.0,0.0,0.0,0.0,0.0,0.0,0.0,0.0,0.0,0.0,0.0,0.0,0.0,0.0,0.0,2.0,0.0,1.0,3.0,0.0,0.0,6.0,8.0,6.0,11.0,24.0,21.0,16.0,8.0,0.0,0.0,0.0,0.0,0.0,0.0,0.0,0.0,0.0,0.0,0.0,0.0,0.0,0.0,0.0,0.0,0.0,0.0,0.0,0.0,3.0,0.0,1.0,4.0,0.0,0.0,10.0,13.0,8.0,14.0,31.0,30.0,20.0,10.0
411,1.0,411.0,London_60,,151,453,1092.0,70.0,2.0,112797.0,0.41494019608944654,702.0,80.0,1.0,79.0,139.0,9.0,130.0,184.0,155.0,91.0,15.0,110.0,11.0,54.0,1.0,16.0,7.0,76.0,152.0,218.0,42.0,0.0,0.0,0.0,0.0,0.0,0.0,0.0,0.0,0.0,0.0,0.0,0.0,0.0,0.0,0.0,0.0,0.0,0.0,0.0,0.0,0.0,0.0,0.0,0.0,0.0,0.0,0.0,0.0,0.0,0.0,0.0,0.0,0.0,0.0,0.0,0.0,0.0,0.0,0.0,0.0,1.0,3.0,0.0,0.0,1.0,0.0,3.0,6.0,4.0,2.0,11.0,20.0,22.0,8.0,0.0,0.0,0.0,0.0,0.0,0.0,0.0,0.0,0.0,0.0,0.0,0.0,0.0,0.0,0.0,0.0,0.0,0.0,0.0,0.0,1.0,4.0,0.0,0.0,1.0,0.0,6.0,8.0,7.0,3.0,15.0,25.0,30.0,12.0
412,1.0,412.0,London_60,,151,453,1092.0,70.0,2.0,106455.0,0.6294809710234404,688.0,2.0,2.0,0.0,17.0,17.0,0.0,139.0,154.0,99.0,22.0,92.0,12.0,53.0,2.0,19.0,3.0,88.0,144.0,218.0,36.0,0.0,0.0,0.0,0.0,0.0,0.0,0.0,0.0,0.0,0.0,0.0,0.0,0.0,0.0,0.0,0.0,0.0,0.0,0.0,0.0,0.0,0.0,0.0,0.0,0.0,0.0,0.0,0.0,0.0,1.0,0.0,0.0,0.0,0.0,0.0,1.0,0.0,0.0,0.0,0.0,0.0,0.0,0.0,0.0,0.0,0.0,0.0,0.0,0.0,0.0,0.0,0.0,0.0,0.0,0.0,0.0,0.0,0.0,0.0,0.0,0.0,0.0,0.0,2.0,0.0,0.0,0.0,0.0,0.0,3.0,0.0,0.0,0.0,0.0,0.0,0.0,0.0,0.0,0.0,0.0,0.0,0.0,0.0,0.0,0.0,0.0,0.0,0.0
413,1.0,413.0,London_60,,151,453,1092.0,70.0,2.0,140430.0,0.8208660401869565,763.0,81.0,1.0,80.0,144.0,10.0,134.0,17.0,152.0,102.0,23.0,99.0,12.0,44.0,2.0,19.0,2.0,91.0,136.0,224.0,34.0,0.0,0.0,0.0,0.0,0.0,0.0,0.0,0.0,0.0,0.0,0.0,0.0,0.0,0.0,0.0,0.0,0.0,0.0,0.0,0.0,0.0,0.0,0.0,0.0,0.0,0.0,0.0,0.0,0.0,0.0,0.0,0.0,0.0,0.0,0.0,1.0,0.0,0.0,0.0,0.0,1.0,3.0,0.0,1.0,0.0,0.0,12.0,2.0,3.0,5.0,16.0,23.0,13.0,7.0,0.0,0.0,0.0,0.0,0.0,0.0,0.0,0.0,0.0,0.0,0.0,0.0,0.0,0.0,0.0,4.0,0.0,0.0,0.0,0.0,1.0,3.0,0.0,2.0,0.0,0.0,17.0,2.0,4.0,6.0,25.0,35.0,17.0,9.0
414,1.0,414.0,London_60,,151,453,1092.0,70.0,2.0,144054.0,0.898457741132006,771.0,81.0,0.0,81.0,152.0,0.0,152.0,144.0,163.0,113.0,22.0,100.0,7.0,24.0,0.0,24.0,6.0,93.0,137.0,217.0,33.0,0.0,0.0,0.0,0.0,0.0,0.0,0.0,0.0,0.0,0.0,0.0,0.0,0.0,0.0,0.0,0.0,0.0,0.0,0.0,0.0,0.0,0.0,0.0,0.0,0.0,0.0,0.0,0.0,0.0,0.0,0.0,0.0,0.0,0.0,0.0,0.0,0.0,0.0,0.0,0.0,0.0,5.0,0.0,1.0,1.0,0.0,3.0,7.0,5.0,11.0,17.0,17.0,12.0,7.0,0.0,0.0,0.0,0.0,0.0,0.0,0.0,0.0,0.0,0.0,0.0,0.0,0.0,0.0,0.0,0.0,0.0,0.0,0.0,0.0,0.0,9.0,0.0,1.0,1.0,0.0,5.0,9.0,9.0,16.0,30.0,26.0,16.0,11.0
415,1.0,415.0,London_60,,151,453,1092.0,70.0,2.0,139524.0,0.6658991230651736,761.0,17.0,2.0,15.0,42.0,17.0,25.0,152.0,174.0,121.0,13.0,87.0,6.0,31.0,0.0,21.0,7.0,78.0,151.0,217.0,32.0,0.0,0.0,0.0,0.0,0.0,0.0,0.0,0.0,0.0,0.0,0.0,0.0,0.0,0.0,0.0,0.0,0.0,0.0,0.0,0.0,0.0,0.0,0.0,0.0,0.0,0.0,0.0,0.0,0.0,1.0,0.0,0.0,1.0,0.0,1.0,2.0,0.0,0.0,0.0,0.0,0.0,0.0,0.0,0.0,0.0,0.0,2.0,1.0,1.0,0.0,3.0,4.0,3.0,1.0,0.0,0.0,0.0,0.0,0.0,0.0,0.0,0.0,0.0,1.0,0.0,0.0,1.0,0.0,3.0,7.0,0.0,0.0,0.0,0.0,0.0,0.0,0.0,0.0,0.0,0.0,3.0,2.0,2.0,0.0,5.0,5.0,3.0,1.0
416,1.0,416.0,London_60,,151,453,1092.0,70.0,2.0,188448.0,0.8711588659789413,869.0,103.0,2.0,101.0,197.0,18.0,179.0,42.0,165.0,129.0,12.0,88.0,5.0,32.0,0.0,22.0,3.0,76.0,156.0,218.0,22.0,0.0,0.0,0.0,0.0,0.0,0.0,0.0,0.0,0.0,0.0,0.0,0.0,0.0,0.0,0.0,0.0,0.0,0.0,0.0,0.0,0.0,0.0,0.0,0.0,0.0,0.0,0.0,0.0,0.0,1.0,0.0,0.0,1.0,1.0,0.0,1.0,1.0,0.0,0.0,0.0,4.0,5.0,6.0,5.0,11.0,0.0,11.0,12.0,7.0,7.0,15.0,23.0,26.0,9.0,0.0,0.0,0.0,0.0,0.0,0.0,0.0,0.0,0.0,5.0,0.0,0.0,4.0,7.0,0.0,5.0,8.0,0.0,0.0,0.0,4.0,6.0,8.0,6.0,13.0,0.0,15.0,17.0,9.0,9.0,21.0,32.0,35.0,17.0
417,1.0,417.0,London_60,,151,453,1092.0,70.0,2.0,180294.0,0.7218432819936424,851.0,95.0,1.0,94.0,176.0,9.0,167.0,197.0,179.0,124.0,13.0,95.0,4.0,20.0,0.0,18.0,1.0,84.0,154.0,214.0,22.0,0.0,0.0,0.0,0.0,0.0,0.0,0.0,0.0,0.0,0.0,0.0,0.0,0.0,0.0,0.0,0.0,0.0,0.0,0.0,0.0,0.0,0.0,0.0,0.0,0.0,0.0,0.0,0.0,0.0,1.0,0.0,0.0,0.0,0.0,0.0,1.0,0.0,0.0,0.0,0.0,4.0,3.0,4.0,1.0,0.0,0.0,11.0,8.0,5.0,6.0,21.0,26.0,15.0,11.0,0.0,0.0,0.0,0.0,0.0,0.0,0.0,0.0,0.0,2.0,0.0,0.0,0.0,0.0,0.0,1.0,0.0,0.0,0.0,0.0,4.0,4.0,5.0,2.0,0.0,0.0,17.0,14.0,9.0,8.0,29.0,44.0,17.0,16.0
418,1.0,418.0,London_60,,151,453,1092.0,70.0,2.0,183465.0,0.8326408241409808,858.0,115.0,1.0,114.0,198.0,8.0,190.0,176.0,189.0,125.0,13.0,85.0,3.0,23.0,1.0,14.0,4.0,79.0,154.0,216.0,33.0,0.0,0.0,0.0,0.0,0.0,0.0,0.0,0.0,0.0,0.0,0.0,0.0,0.0,0.0,0.0,0.0,0.0,0.0,0.0,0.0,0.0,0.0,0.0,0.0,0.0,0.0,0.0,0.0,0.0,0.0,0.0,0.0,1.0,0.0,0.0,1.0,0.0,0.0,0.0,0.0,0.0,8.0,11.0,0.0,0.0,0.0,11.0,6.0,9.0,13.0,25.0,26.0,22.0,11.0,0.0,0.0,0.0,0.0,0.0,0.0,0.0,0.0,0.0,0.0,0.0,0.0,1.0,0.0,0.0,5.0,0.0,0.0,0.0,0.0,0.0,11.0,13.0,0.0,0.0,0.0,17.0,6.0,12.0,16.0,38.0,35.0,25.0,18.0
419,1.0,419.0,London_60,,151,453,1092.0,70.0,2.0,176670.0,1.2277837360743433,843.0,90.0,0.0,90.0,154.0,0.0,154.0,198.0,199.0,134.0,12.0,64.0,7.0,24.0,2.0,11.0,2.0,76.0,150.0,225.0,33.0,0.0,0.0,0.0,0.0,0.0,0.0,0.0,0.0,0.0,0.0,0.0,0.0,0.0,0.0,0.0,0.0,0.0,0.0,0.0,0.0,0.0,0.0,0.0,0.0,0.0,0.0,0.0,0.0,0.0,0.0,0.0,0.0,0.0,0.0,0.0,0.0,0.0,0.0,0.0,0.0,1.0,10.0,0.0,2.0,0.0,1.0,6.0,13.0,8.0,7.0,18.0,23.0,19.0,6.0,0.0,0.0,0.0,0.0,0.0,0.0,0.0,0.0,0.0,0.0,0.0,0.0,0.0,0.0,0.0,0.0,0.0,0.0,0.0,0.0,1.0,15.0,0.0,3.0,0.0,2.0,6.0,21.0,14.0,11.0,28.0,35.0,25.0,8.0
420,1.0,420.0,London_60,,151,453,1092.0,70.0,2.0,174858.0,0.880538237048313,839.0,101.0,0.0,101.0,167.0,0.0,167.0,154.0,204.0,131.0,12.0,72.0,4.0,20.0,1.0,9.0,8.0,86.0,144.0,215.0,36.0,0.0,0.0,0.0,0.0,0.0,0.0,0.0,0.0,0.0,0.0,0.0,0.0,0.0,0.0,0.0,0.0,0.0,0.0,0.0,0.0,0.0,0.0,0.0,0.0,0.0,0.0,0.0,0.0,0.0,0.0,0.0,0.0,0.0,0.0,0.0,0.0,0.0,0.0,0.0,0.0,2.0,6.0,0.0,2.0,3.0,0.0,7.0,10.0,12.0,8.0,21.0,21.0,16.0,12.0,0.0,0.0,0.0,0.0,0.0,0.0,0.0,0.0,0.0,0.0,0.0,0.0,0.0,0.0,0.0,0.0,0.0,0.0,0.0,0.0,2.0,6.0,0.0,2.0,3.0,0.0,8.0,16.0,21.0,9.0,27.0,29.0,19.0,19.0
421,1.0,421.0,London_60,,151,453,1092.0,70.0,2.0,167157.0,0.6427499281708151,822.0,79.0,1.0,78.0,148.0,7.0,141.0,167.0,216.0,128.0,15.0,64.0,3.0,18.0,1.0,8.0,3.0,78.0,152.0,220.0,26.0,0.0,0.0,0.0,0.0,0.0,0.0,0.0,0.0,0.0,0.0,0.0,0.0,0.0,0.0,0.0,0.0,0.0,0.0,0.0,0.0,0.0,0.0,0.0,0.0,0.0,0.0,0.0,0.0,0.0,0.0,0.0,0.0,1.0,0.0,1.0,1.0,0.0,0.0,0.0,0.0,2.0,3.0,0.0,0.0,0.0,1.0,12.0,6.0,1.0,13.0,16.0,11.0,16.0,5.0,0.0,0.0,0.0,0.0,0.0,0.0,0.0,0.0,0.0,0.0,0.0,0.0,2.0,0.0,5.0,1.0,0.0,0.0,0.0,0.0,2.0,5.0,0.0,0.0,0.0,3.0,18.0,10.0,1.0,22.0,31.0,20.0,23.0,7.0
422,1.0,422.0,London_60,,151,453,1092.0,70.0,2.0,175311.0,0.9480118041392416,840.0,185.0,1.0,184.0,329.0,9.0,320.0,148.0,218.0,149.0,16.0,45.0,5.0,15.0,2.0,3.0,5.0,79.0,162.0,207.0,23.0,0.0,0.0,0.0,0.0,0.0,0.0,0.0,0.0,0.0,0.0,0.0,0.0,0.0,0.0,0.0,0.0,0.0,0.0,0.0,0.0,0.0,0.0,0.0,0.0,0.0,0.0,0.0,0.0,0.0,0.0,0.0,0.0,0.0,0.0,0.0,0.0,0.0,0.0,0.0,0.0,5.0,10.0,2.0,2.0,5.0,2.0,9.0,10.0,7.0,16.0,44.0,36.0,26.0,12.0,0.0,0.0,0.0,0.0,0.0,0.0,0.0,0.0,0.0,0.0,0.0,0.0,0.0,0.0,0.0,0.0,0.0,0.0,0.0,0.0,5.0,12.0,2.0,3.0,5.0,4.0,15.0,14.0,8.0,22.0,72.0,48.0,35.0,16.0
423,1.0,423.0,London_60,,151,453,1092.0,70.0,2.0,122310.0,0.7072100688237697,723.0,96.0,2.0,94.0,168.0,19.0,149.0,329.0,173.0,122.0,14.0,91.0,11.0,35.0,2.0,5.0,6.0,71.0,155.0,221.0,51.0,0.0,0.0,0.0,0.0,0.0,0.0,0.0,0.0,0.0,0.0,0.0,0.0,0.0,0.0,0.0,0.0,0.0,0.0,0.0,0.0,0.0,0.0,0.0,0.0,0.0,0.0,0.0,0.0,0.0,0.0,0.0,0.0,0.0,0.0,1.0,1.0,0.0,0.0,0.0,0.0,2.0,2.0,0.0,2.0,0.0,0.0,9.0,2.0,0.0,7.0,16.0,18.0,19.0,5.0,0.0,0.0,0.0,0.0,0.0,0.0,0.0,0.0,0.0,0.0,0.0,0.0,0.0,0.0,9.0,3.0,0.0,0.0,0.0,0.0,4.0,4.0,0.0,2.0,0.0,0.0,11.0,2.0,0.0,8.0,27.0,26.0,24.0,6.0
424,1.0,424.0,London_60,,151,453,1092.0,70.0,2.0,107814.0,1.3136816620826721,691.0,2.0,2.0,0.0,20.0,20.0,0.0,168.0,170.0,148.0,23.0,65.0,10.0,32.0,3.0,2.0,6.0,71.0,134.0,242.0,36.0,0.0,0.0,0.0,0.0,0.0,0.0,0.0,0.0,0.0,0.0,0.0,0.0,0.0,0.0,0.0,0.0,0.0,0.0,0.0,0.0,0.0,0.0,0.0,0.0,0.0,0.0,0.0,0.0,0.0,0.0,0.0,0.0,0.0,0.0,0.0,0.0,0.0,0.0,0.0,0.0,0.0,0.0,0.0,0.0,0.0,0.0,0.0,0.0,0.0,0.0,0.0,0.0,0.0,0.0,0.0,0.0,0.0,0.0,0.0,0.0,0.0,0.0,0.0,0.0,0.0,0.0,0.0,0.0,0.0,0.0,0.0,0.0,0.0,0.0,0.0,0.0,0.0,0.0,0.0,0.0,0.0,0.0,0.0,0.0,0.0,0.0,0.0,0.0
425,1.0,425.0,London_60,,151,453,1092.0,70.0,2.0,141789.0,0.7277538778726012,766.0,38.0,1.0,37.0,66.0,8.0,58.0,20.0,171.0,148.0,25.0,71.0,10.0,23.0,3.0,2.0,4.0,76.0,121.0,252.0,31.0,0.0,0.0,0.0,0.0,0.0,0.0,0.0,0.0,0.0,0.0,0.0,0.0,0.0,0.0,0.0,0.0,0.0,0.0,0.0,0.0,0.0,0.0,0.0,0.0,0.0,0.0,0.0,0.0,0.0,0.0,0.0,0.0,0.0,1.0,0.0,1.0,0.0,0.0,0.0,0.0,0.0,0.0,0.0,0.0,0.0,0.0,1.0,2.0,0.0,2.0,2.0,9.0,3.0,5.0,0.0,0.0,0.0,0.0,0.0,0.0,0.0,0.0,0.0,0.0,0.0,0.0,0.0,7.0,0.0,3.0,0.0,0.0,0.0,0.0,0.0,0.0,0.0,0.0,0.0,0.0,1.0,2.0,0.0,2.0,4.0,13.0,4.0,6.0
426,1.0,426.0,London_60,,151,453,1092.0,70.0,2.0,163533.0,1.4491369118914008,814.0,94.0,0.0,94.0,164.0,0.0,164.0,66.0,176.0,147.0,24.0,63.0,13.0,25.0,4.0,1.0,2.0,79.0,127.0,245.0,26.0,0.0,0.0,0.0,0.0,0.0,0.0,0.0,0.0,0.0,0.0,0.0,0.0,0.0,0.0,0.0,0.0,0.0,0.0,0.0,0.0,0.0,0.0,0.0,0.0,0.0,0.0,0.0,0.0,0.0,0.0,0.0,0.0,0.0,0.0,0.0,0.0,0.0,0.0,0.0,0.0,1.0,0.0,0.0,4.0,4.0,0.0,10.0,3.0,0.0,3.0,11.0,26.0,14.0,3.0,0.0,0.0,0.0,0.0,0.0,0.0,0.0,0.0,0.0,0.0,0.0,0.0,0.0,0.0,0.0,0.0,0.0,0.0,0.0,0.0,1.0,0.0,0.0,9.0,4.0,0.0,11.0,3.0,0.0,3.0,16.0,42.0,16.0,4.0
427,1.0,427.0,London_60,,151,453,1092.0,70.0,2.0,158550.0,0.5631416379474103,803.0,129.0,2.0,127.0,242.0,19.0,223.0,164.0,194.0,146.0,22.0,38.0,15.0,35.0,1.0,2.0,3.0,73.0,129.0,248.0,21.0,0.0,0.0,0.0,0.0,0.0,0.0,0.0,0.0,0.0,0.0,0.0,0.0,0.0,0.0,0.0,0.0,0.0,0.0,0.0,0.0,0.0,0.0,0.0,0.0,0.0,0.0,0.0,0.0,0.0,0.0,0.0,0.0,1.0,0.0,1.0,2.0,0.0,0.0,0.0,0.0,4.0,0.0,1.0,2.0,6.0,0.0,14.0,10.0,8.0,6.0,27.0,30.0,24.0,10.0,0.0,0.0,0.0,0.0,0.0,0.0,0.0,0.0,0.0,0.0,0.0,0.0,2.0,0.0,7.0,11.0,0.0,0.0,0.0,0.0,5.0,0.0,1.0,3.0,6.0,0.0,17.0,15.0,12.0,8.0,38.0,45.0,31.0,14.0
428,1.0,428.0,London_60,,151,453,1092.0,70.0,2.0,137712.0,0.5704285940155387,757.0,104.0,0.0,104.0,185.0,0.0,185.0,242.0,191.0,104.0,20.0,83.0,21.0,28.0,2.0,4.0,4.0,71.0,154.0,224.0,39.0,0.0,0.0,0.0,0.0,0.0,0.0,0.0,0.0,0.0,0.0,0.0,0.0,0.0,0.0,0.0,0.0,0.0,0.0,0.0,0.0,0.0,0.0,0.0,0.0,0.0,0.0,0.0,0.0,0.0,0.0,0.0,0.0,0.0,0.0,0.0,0.0,0.0,0.0,0.0,0.0,4.0,6.0,1.0,3.0,1.0,0.0,15.0,4.0,5.0,5.0,25.0,22.0,12.0,11.0,0.0,0.0,0.0,0.0,0.0,0.0,0.0,0.0,0.0,0.0,0.0,0.0,0.0,0.0,0.0,0.0,0.0,0.0,0.0,0.0,5.0,10.0,1.0,5.0,1.0,0.0,18.0,7.0,10.0,8.0,41.0,31.0,16.0,18.0
429,1.0,429.0,London_60,,151,453,1092.0,70.0,2.0,139977.0,0.9120612358674407,762.0,62.0,2.0,60.0,116.0,18.0,98.0,185.0,203.0,92.0,22.0,88.0,19.0,25.0,0.0,4.0,9.0,80.0,122.0,242.0,28.0,0.0,0.0,0.0,0.0,0.0,0.0,0.0,0.0,0.0,0.0,0.0,0.0,0.0,0.0,0.0,0.0,0.0,0.0,0.0,0.0,0.0,0.0,0.0,0.0,0.0,0.0,0.0,0.0,0.0,0.0,0.0,0.0,0.0,1.0,0.0,2.0,0.0,0.0,0.0,0.0,2.0,4.0,0.0,2.0,0.0,1.0,13.0,2.0,2.0,4.0,16.0,17.0,13.0,6.0,0.0,0.0,0.0,0.0,0.0,0.0,0.0,0.0,0.0,0.0,0.0,0.0,0.0,7.0,0.0,8.0,0.0,0.0,0.0,0.0,3.0,5.0,0.0,2.0,0.0,2.0,17.0,3.0,2.0,6.0,22.0,24.0,16.0,8.0
430,1.0,430.0,London_60,,151,453,1092.0,70.0,2.0,144960.0,1.8418694268912077,773.0,2.0,0.0,2.0,4.0,0.0,4.0,116.0,214.0,89.0,28.0,87.0,16.0,15.0,1.0,3.0,12.0,80.0,127.0,234.0,33.0,0.0,0.0,0.0,0.0,0.0,0.0,0.0,0.0,0.0,0.0,0.0,0.0,0.0,0.0,0.0,0.0,0.0,0.0,0.0,0.0,0.0,0.0,0.0,0.0,0.0,0.0,0.0,0.0,0.0,0.0,0.0,0.0,0.0,0.0,0.0,0.0,0.0,0.0,0.0,0.0,0.0,0.0,0.0,0.0,0.0,0.0,0.0,0.0,0.0,0.0,0.0,1.0,0.0,0.0,0.0,0.0,0.0,0.0,0.0,0.0,0.0,0.0,0.0,0.0,0.0,0.0,0.0,0.0,0.0,0.0,0.0,0.0,0.0,0.0,0.0,0.0,0.0,0.0,0.0,0.0,0.0,0.0,0.0,0.0,0.0,2.0,0.0,0.0
431,1.0,431.0,London_60,,151,453,1092.0,70.0,2.0,187995.0,1.6971714198589325,868.0,135.0,0.0,135.0,217.0,0.0,217.0,4.0,214.0,90.0,28.0,85.0,16.0,16.0,1.0,3.0,10.0,81.0,125.0,237.0,31.0,0.0,0.0,0.0,0.0,0.0,0.0,0.0,0.0,0.0,0.0,0.0,0.0,0.0,0.0,0.0,0.0,0.0,0.0,0.0,0.0,0.0,0.0,0.0,0.0,0.0,0.0,0.0,0.0,0.0,0.0,0.0,0.0,0.0,0.0,0.0,0.0,0.0,0.0,0.0,0.0,5.0,14.0,6.0,3.0,1.0,0.0,11.0,8.0,6.0,11.0,30.0,35.0,22.0,9.0,0.0,0.0,0.0,0.0,0.0,0.0,0.0,0.0,0.0,0.0,0.0,0.0,0.0,0.0,0.0,0.0,0.0,0.0,0.0,0.0,6.0,19.0,7.0,3.0,1.0,0.0,18.0,8.0,8.0,15.0,40.0,47.0,25.0,15.0
432,1.0,432.0,London_60,,151,453,1092.0,70.0,2.0,156285.0,0.6424950750079006,798.0,58.0,0.0,58.0,109.0,0.0,109.0,217.0,228.0,80.0,21.0,82.0,10.0,20.0,5.0,7.0,9.0,72.0,142.0,230.0,36.0,0.0,0.0,0.0,0.0,0.0,0.0,0.0,0.0,0.0,0.0,0.0,0.0,0.0,0.0,0.0,0.0,0.0,0.0,0.0,0.0,0.0,0.0,0.0,0.0,0.0,0.0,0.0,0.0,0.0,0.0,0.0,0.0,0.0,0.0,0.0,0.0,0.0,0.0,0.0,0.0,3.0,3.0,0.0,2.0,0.0,0.0,6.0,4.0,1.0,4.0,8.0,8.0,12.0,1.0,0.0,0.0,0.0,0.0,0.0,0.0,0.0,0.0,0.0,0.0,0.0,0.0,0.0,0.0,0.0,0.0,0.0,0.0,0.0,0.0,3.0,4.0,0.0,4.0,0.0,0.0,8.0,8.0,1.0,9.0,12.0,12.0,17.0,1.0
433,1.0,433.0,London_60,,151,453,1092.0,70.0,2.0,167157.0,0.922813248122111,822.0,104.0,2.0,102.0,185.0,22.0,163.0,109.0,241.0,83.0,22.0,58.0,13.0,19.0,7.0,10.0,5.0,72.0,145.0,231.0,18.0,0.0,0.0,0.0,0.0,0.0,0.0,0.0,0.0,0.0,1.0,0.0,1.0,0.0,0.0,0.0,0.0,0.0,0.0,1.0,0.0,0.0,0.0,0.0,0.0,0.0,0.0,0.0,0.0,0.0,0.0,0.0,0.0,2.0,0.0,1.0,1.0,0.0,0.0,0.0,0.0,9.0,11.0,3.0,2.0,3.0,0.0,12.0,9.0,1.0,13.0,25.0,14.0,27.0,8.0,0.0,0.0,0.0,0.0,0.0,0.0,0.0,0.0,0.0,0.0,0.0,0.0,7.0,0.0,3.0,3.0,0.0,0.0,0.0,0.0,10.0,18.0,3.0,4.0,3.0,0.0,15.0,12.0,1.0,16.0,33.0,18.0,34.0,10.0
434,1.0,434.0,London_60,,151,453,1092.0,70.0,2.0,161268.0,0.5957280360162258,809.0,171.0,2.0,169.0,312.0,18.0,294.0,178.0,249.0,63.0,25.0,62.0,16.0,23.0,7.0,8.0,7.0,75.0,147.0,224.0,33.0,0.0,0.0,0.0,0.0,0.0,0.0,0.0,0.0,0.0,0.0,0.0,0.0,0.0,0.0,0.0,0.0,0.0,0.0,0.0,0.0,0.0,0.0,0.0,0.0,0.0,0.0,0.0,0.0,0.0,2.0,0.0,0.0,2.0,0.0,2.0,0.0,1.0,0.0,0.0,0.0,2.0,12.0,1.0,6.0,13.0,0.0,9.0,8.0,5.0,6.0,27.0,47.0,23.0,12.0,0.0,0.0,0.0,0.0,0.0,0.0,0.0,0.0,0.0,9.0,0.0,0.0,15.0,0.0,12.0,0.0,6.0,0.0,0.0,0.0,3.0,21.0,1.0,10.0,15.0,0.0,11.0,10.0,7.0,7.0,44.0,74.0,35.0,17.0
435,1.0,435.0,London_60,,151,453,1092.0,70.0,2.0,111891.0,0.4232418539468199,700.0,53.0,2.0,51.0,102.0,17.0,85.0,312.0,173.0,111.0,23.0,107.0,9.0,18.0,5.0,7.0,5.0,67.0,157.0,224.0,35.0,0.0,0.0,0.0,0.0,0.0,0.0,0.0,0.0,0.0,0.0,0.0,0.0,0.0,0.0,0.0,0.0,0.0,0.0,0.0,0.0,0.0,0.0,0.0,0.0,0.0,0.0,0.0,0.0,0.0,0.0,0.0,0.0,0.0,0.0,0.0,2.0,0.0,0.0,0.0,0.0,0.0,2.0,0.0,1.0,0.0,0.0,4.0,5.0,4.0,2.0,7.0,12.0,5.0,4.0,0.0,0.0,0.0,0.0,0.0,0.0,0.0,0.0,0.0,0.0,0.0,0.0,0.0,0.0,0.0,6.0,0.0,0.0,0.0,0.0,0.0,4.0,0.0,1.0,0.0,0.0,5.0,8.0,6.0,4.0,11.0,18.0,6.0,7.0
436,1.0,436.0,London_60,,151,453,1092.0,70.0,2.0,119139.0,1.0104398732073605,716.0,48.0,1.0,47.0,94.0,12.0,82.0,102.0,173.0,123.0,18.0,105.0,11.0,13.0,4.0,6.0,2.0,73.0,138.0,240.0,33.0,0.0,0.0,0.0,0.0,0.0,0.0,0.0,0.0,0.0,0.0,0.0,0.0,0.0,0.0,0.0,0.0,0.0,0.0,0.0,0.0,0.0,0.0,0.0,0.0,0.0,0.0,0.0,0.0,0.0,0.0,1.0,0.0,1.0,0.0,0.0,1.0,0.0,0.0,0.0,0.0,1.0,2.0,1.0,1.0,0.0,0.0,0.0,2.0,1.0,6.0,11.0,14.0,7.0,5.0,0.0,0.0,0.0,0.0,0.0,0.0,0.0,0.0,0.0,0.0,6.0,0.0,5.0,0.0,0.0,3.0,0.0,0.0,0.0,0.0,1.0,2.0,2.0,3.0,0.0,0.0,0.0,2.0,1.0,9.0,17.0,19.0,8.0,8.0
437,1.0,437.0,London_60,,151,453,1092.0,70.0,2.0,137259.0,0.5626566491555423,756.0,87.0,0.0,87.0,153.0,0.0,153.0,94.0,176.0,117.0,21.0,107.0,6.0,10.0,5.0,11.0,1.0,73.0,132.0,247.0,41.0,0.0,0.0,0.0,0.0,0.0,0.0,0.0,0.0,0.0,0.0,0.0,0.0,0.0,0.0,0.0,0.0,0.0,0.0,0.0,0.0,0.0,0.0,0.0,0.0,0.0,0.0,0.0,0.0,0.0,0.0,0.0,0.0,0.0,0.0,0.0,0.0,0.0,0.0,0.0,0.0,3.0,4.0,0.0,1.0,0.0,1.0,9.0,7.0,3.0,2.0,20.0,20.0,18.0,7.0,0.0,0.0,0.0,0.0,0.0,0.0,0.0,0.0,0.0,0.0,0.0,0.0,0.0,0.0,0.0,0.0,0.0,0.0,0.0,0.0,3.0,5.0,0.0,1.0,0.0,2.0,12.0,8.0,3.0,2.0,27.0,35.0,21.0,9.0
438,1.0,438.0,London_60,,151,453,1092.0,70.0,2.0,139524.0,0.9421246580313891,761.0,14.0,0.0,14.0,23.0,0.0,23.0,153.0,189.0,129.0,16.0,94.0,4.0,13.0,4.0,4.0,1.0,65.0,146.0,241.0,30.0,0.0,0.0,0.0,0.0,0.0,0.0,0.0,0.0,0.0,0.0,0.0,0.0,0.0,0.0,0.0,0.0,0.0,0.0,0.0,0.0,0.0,0.0,0.0,0.0,0.0,0.0,0.0,0.0,0.0,0.0,0.0,0.0,0.0,0.0,0.0,0.0,0.0,0.0,0.0,0.0,0.0,0.0,0.0,0.0,0.0,0.0,1.0,0.0,0.0,2.0,4.0,2.0,1.0,2.0,0.0,0.0,0.0,0.0,0.0,0.0,0.0,0.0,0.0,0.0,0.0,0.0,0.0,0.0,0.0,0.0,0.0,0.0,0.0,0.0,0.0,0.0,0.0,0.0,0.0,0.0,3.0,0.0,0.0,4.0,5.0,2.0,1.0,3.0
439,1.0,439.0,London_60,,151,453,1092.0,70.0,2.0,179388.0,1.1157534930389374,849.0,66.0,0.0,66.0,113.0,0.0,113.0,23.0,190.0,140.0,13.0,83.0,5.0,14.0,4.0,4.0,2.0,63.0,149.0,239.0,31.0,0.0,0.0,0.0,0.0,0.0,0.0,0.0,0.0,0.0,0.0,0.0,0.0,0.0,0.0,0.0,0.0,0.0,0.0,0.0,0.0,0.0,0.0,0.0,0.0,0.0,0.0,0.0,0.0,0.0,0.0,0.0,0.0,0.0,0.0,0.0,0.0,0.0,0.0,0.0,0.0,1.0,0.0,0.0,1.0,0.0,0.0,3.0,4.0,3.0,3.0,9.0,19.0,14.0,5.0,0.0,0.0,0.0,0.0,0.0,0.0,0.0,0.0,0.0,0.0,0.0,0.0,0.0,0.0,0.0,0.0,0.0,0.0,0.0,0.0,2.0,0.0,0.0,1.0,0.0,0.0,4.0,5.0,3.0,3.0,13.0,29.0,15.0,8.0
440,1.0,440.0,London_60,,151,453,1092.0,70.0,2.0,188448.0,1.3467245870269835,869.0,138.0,2.0,136.0,267.0,18.0,249.0,113.0,205.0,131.0,16.0,77.0,0.0,18.0,1.0,5.0,3.0,71.0,151.0,228.0,25.0,0.0,0.0,0.0,0.0,0.0,0.0,0.0,0.0,0.0,0.0,0.0,0.0,0.0,0.0,0.0,0.0,0.0,0.0,0.0,0.0,0.0,0.0,0.0,0.0,0.0,0.0,0.0,0.0,0.0,0.0,0.0,0.0,0.0,0.0,0.0,0.0,0.0,0.0,0.0,0.0,6.0,14.0,9.0,2.0,10.0,0.0,12.0,17.0,7.0,14.0,27.0,34.0,25.0,13.0,0.0,0.0,0.0,0.0,0.0,0.0,0.0,0.0,0.0,0.0,0.0,0.0,0.0,0.0,0.0,0.0,0.0,0.0,0.0,0.0,9.0,25.0,11.0,2.0,10.0,0.0,16.0,27.0,9.0,21.0,38.0,50.0,38.0,21.0
441,1.0,441.0,London_60,,151,453,1092.0,70.0,2.0,164439.0,0.7455121809616685,816.0,59.0,1.0,58.0,116.0,8.0,108.0,267.0,211.0,111.0,24.0,71.0,13.0,20.0,2.0,1.0,4.0,75.0,147.0,227.0,28.0,0.0,0.0,0.0,0.0,0.0,0.0,0.0,0.0,0.0,0.0,0.0,0.0,0.0,0.0,0.0,0.0,0.0,0.0,0.0,0.0,0.0,0.0,0.0,0.0,0.0,0.0,0.0,0.0,0.0,0.0,0.0,0.0,1.0,0.0,0.0,1.0,0.0,0.0,0.0,0.0,2.0,8.0,0.0,1.0,0.0,0.0,4.0,2.0,1.0,4.0,11.0,16.0,4.0,9.0,0.0,0.0,0.0,0.0,0.0,0.0,0.0,0.0,0.0,0.0,0.0,0.0,5.0,0.0,0.0,3.0,0.0,0.0,0.0,0.0,2.0,12.0,0.0,1.0,0.0,0.0,4.0,4.0,1.0,7.0,16.0,25.0,6.0,11.0
442,1.0,442.0,London_60,,151,453,1092.0,70.0,2.0,182559.0,1.4152249989565462,856.0,117.0,0.0,117.0,189.0,0.0,189.0,116.0,206.0,131.0,25.0,62.0,12.0,14.0,2.0,1.0,1.0,82.0,135.0,235.0,20.0,0.0,0.0,0.0,0.0,0.0,0.0,0.0,0.0,0.0,0.0,0.0,0.0,0.0,0.0,0.0,0.0,0.0,0.0,0.0,0.0,0.0,0.0,0.0,0.0,0.0,0.0,0.0,0.0,0.0,0.0,0.0,0.0,0.0,0.0,0.0,0.0,0.0,0.0,0.0,0.0,9.0,5.0,4.0,3.0,1.0,0.0,11.0,7.0,4.0,18.0,28.0,31.0,17.0,13.0,0.0,0.0,0.0,0.0,0.0,0.0,0.0,0.0,0.0,0.0,0.0,0.0,0.0,0.0,0.0,0.0,0.0,0.0,0.0,0.0,14.0,7.0,7.0,5.0,1.0,0.0,14.0,8.0,6.0,23.0,42.0,47.0,20.0,19.0
443,1.0,443.0,London_60,,151,453,1092.0,70.0,2.0,178935.0,1.680588573915884,848.0,151.0,0.0,151.0,266.0,0.0,266.0,189.0,215.0,125.0,27.0,57.0,8.0,17.0,0.0,4.0,4.0,70.0,137.0,242.0,18.0,0.0,0.0,0.0,0.0,0.0,0.0,0.0,0.0,0.0,0.0,0.0,0.0,0.0,0.0,0.0,0.0,0.0,0.0,0.0,0.0,0.0,0.0,0.0,0.0,0.0,0.0,0.0,0.0,0.0,0.0,0.0,0.0,0.0,0.0,0.0,0.0,0.0,0.0,0.0,0.0,2.0,2.0,0.0,2.0,6.0,2.0,4.0,15.0,6.0,7.0,39.0,35.0,20.0,9.0,0.0,0.0,0.0,0.0,0.0,0.0,0.0,0.0,0.0,0.0,0.0,0.0,0.0,0.0,0.0,0.0,0.0,0.0,0.0,0.0,2.0,6.0,0.0,2.0,6.0,2.0,4.0,20.0,9.0,12.0,57.0,45.0,28.0,14.0
444,1.0,444.0,London_60,,151,453,1092.0,70.0,2.0,152208.0,1.1221578179392964,789.0,90.0,2.0,88.0,177.0,17.0,160.0,266.0,225.0,89.0,21.0,91.0,6.0,14.0,0.0,7.0,3.0,93.0,135.0,222.0,28.0,0.0,0.0,0.0,0.0,0.0,0.0,0.0,0.0,0.0,0.0,0.0,0.0,0.0,0.0,0.0,0.0,0.0,0.0,0.0,0.0,0.0,0.0,0.0,0.0,0.0,0.0,0.0,0.0,0.0,0.0,0.0,0.0,1.0,1.0,1.0,1.0,0.0,0.0,0.0,0.0,3.0,4.0,1.0,2.0,1.0,1.0,7.0,3.0,6.0,10.0,14.0,18.0,12.0,5.0,0.0,0.0,0.0,0.0,0.0,0.0,0.0,0.0,0.0,0.0,0.0,0.0,4.0,1.0,5.0,2.0,0.0,0.0,0.0,0.0,4.0,5.0,1.0,5.0,1.0,1.0,10.0,4.0,9.0,13.0,25.0,26.0,19.0,11.0
445,1.0,445.0,London_60,,151,453,1092.0,70.0,2.0,155379.0,0.9445159970782697,796.0,71.0,0.0,71.0,127.0,0.0,127.0,177.0,228.0,91.0,16.0,96.0,5.0,13.0,1.0,3.0,4.0,75.0,137.0,237.0,36.0,0.0,0.0,0.0,0.0,0.0,0.0,0.0,0.0,0.0,0.0,0.0,0.0,0.0,0.0,0.0,0.0,0.0,0.0,0.0,0.0,0.0,0.0,0.0,0.0,0.0,0.0,0.0,0.0,0.0,0.0,0.0,0.0,0.0,0.0,0.0,0.0,0.0,0.0,0.0,0.0,0.0,4.0,1.0,0.0,0.0,0.0,8.0,3.0,10.0,6.0,10.0,20.0,4.0,10.0,0.0,0.0,0.0,0.0,0.0,0.0,0.0,0.0,0.0,0.0,0.0,0.0,0.0,0.0,0.0,0.0,0.0,0.0,0.0,0.0,0.0,7.0,2.0,0.0,0.0,0.0,9.0,5.0,16.0,8.0,16.0,30.0,5.0,17.0
446,1.0,446.0,London_60,,151,453,1092.0,70.0,2.0,158097.0,0.7977358710486442,802.0,35.0,2.0,33.0,74.0,16.0,58.0,127.0,230.0,119.0,22.0,63.0,4.0,12.0,2.0,1.0,2.0,77.0,148.0,226.0,31.0,0.0,0.0,0.0,0.0,0.0,0.0,0.0,0.0,0.0,0.0,0.0,0.0,0.0,0.0,0.0,0.0,0.0,0.0,0.0,0.0,0.0,0.0,0.0,0.0,0.0,0.0,0.0,0.0,0.0,0.0,1.0,0.0,1.0,0.0,1.0,2.0,0.0,0.0,0.0,0.0,1.0,0.0,0.0,1.0,0.0,0.0,1.0,3.0,4.0,3.0,5.0,7.0,11.0,2.0,0.0,0.0,0.0,0.0,0.0,0.0,0.0,0.0,0.0,0.0,2.0,0.0,2.0,0.0,7.0,8.0,0.0,0.0,0.0,0.0,2.0,0.0,0.0,2.0,0.0,0.0,2.0,4.0,5.0,5.0,7.0,10.0,14.0,3.0
447,1.0,447.0,London_60,,151,453,1092.0,70.0,2.0,178935.0,1.2395971638616174,848.0,54.0,2.0,52.0,110.0,19.0,91.0,74.0,227.0,124.0,25.0,66.0,2.0,7.0,0.0,2.0,1.0,68.0,142.0,242.0,29.0,0.0,0.0,0.0,0.0,0.0,0.0,0.0,0.0,0.0,0.0,0.0,0.0,0.0,0.0,0.0,0.0,0.0,0.0,0.0,0.0,0.0,0.0,0.0,0.0,0.0,0.0,0.0,0.0,0.0,0.0,0.0,0.0,0.0,0.0,1.0,1.0,0.0,0.0,0.0,0.0,3.0,0.0,0.0,0.0,1.0,0.0,4.0,3.0,4.0,5.0,7.0,14.0,3.0,8.0,0.0,0.0,0.0,0.0,0.0,0.0,0.0,0.0,0.0,0.0,0.0,0.0,0.0,0.0,6.0,6.0,0.0,0.0,0.0,0.0,3.0,0.0,0.0,0.0,1.0,0.0,4.0,6.0,5.0,6.0,13.0,19.0,4.0,12.0
448,1.0,448.0,London_60,,151,453,1092.0,70.0,2.0,187542.0,0.9454886650200933,867.0,121.0,2.0,119.0,225.0,16.0,209.0,110.0,228.0,131.0,16.0,66.0,2.0,6.0,0.0,4.0,2.0,73.0,134.0,244.0,32.0,0.0,0.0,0.0,0.0,0.0,0.0,0.0,0.0,0.0,0.0,0.0,0.0,0.0,0.0,0.0,0.0,0.0,0.0,0.0,0.0,0.0,0.0,0.0,0.0,0.0,0.0,0.0,0.0,0.0,0.0,0.0,0.0,0.0,1.0,1.0,2.0,0.0,0.0,0.0,0.0,7.0,8.0,1.0,0.0,11.0,1.0,3.0,12.0,3.0,12.0,20.0,31.0,17.0,11.0,0.0,0.0,0.0,0.0,0.0,0.0,0.0,0.0,0.0,0.0,0.0,0.0,0.0,3.0,8.0,4.0,0.0,0.0,0.0,0.0,7.0,13.0,1.0,0.0,12.0,2.0,3.0,16.0,4.0,18.0,37.0,41.0,22.0,15.0
449,1.0,449.0,London_60,,151,453,1092.0,70.0,2.0,173499.0,0.7920452819671482,836.0,167.0,0.0,167.0,283.0,0.0,283.0,225.0,234.0,114.0,11.0,67.0,3.0,20.0,1.0,3.0,5.0,75.0,148.0,225.0,33.0,0.0,0.0,0.0,0.0,0.0,0.0,0.0,0.0,0.0,0.0,0.0,0.0,0.0,0.0,0.0,0.0,0.0,0.0,0.0,0.0,0.0,0.0,0.0,0.0,0.0,0.0,0.0,0.0,0.0,0.0,0.0,0.0,0.0,0.0,0.0,0.0,0.0,0.0,0.0,0.0,0.0,10.0,0.0,2.0,0.0,0.0,7.0,6.0,1.0,7.0,31.0,33.0,29.0,14.0,0.0,0.0,0.0,0.0,0.0,0.0,0.0,0.0,0.0,0.0,0.0,0.0,0.0,0.0,0.0,0.0,0.0,0.0,0.0,0.0,0.0,13.0,0.0,3.0,0.0,0.0,7.0,7.0,3.0,10.0,42.0,47.0,35.0,20.0
450,1.0,450.0,London_60,,151,453,1092.0,70.0,2.0,135447.0,0.7999025951139629,752.0,89.0,2.0,87.0,164.0,18.0,146.0,283.0,205.0,104.0,21.0,89.0,8.0,17.0,2.0,7.0,5.0,81.0,147.0,220.0,30.0,0.0,0.0,0.0,0.0,0.0,0.0,0.0,0.0,0.0,0.0,0.0,0.0,0.0,0.0,0.0,0.0,0.0,0.0,0.0,0.0,0.0,0.0,0.0,0.0,0.0,0.0,0.0,0.0,0.0,0.0,0.0,0.0,0.0,0.0,0.0,0.0,0.0,0.0,0.0,0.0,1.0,1.0,0.0,0.0,0.0,0.0,1.0,5.0,2.0,8.0,13.0,22.0,14.0,7.0,0.0,0.0,0.0,0.0,0.0,0.0,0.0,0.0,0.0,0.0,0.0,0.0,0.0,0.0,0.0,0.0,0.0,0.0,0.0,0.0,2.0,1.0,0.0,0.0,0.0,0.0,1.0,7.0,2.0,10.0,20.0,29.0,17.0,10.0
451,1.0,451.0,London_60,,151,453,1092.0,70.0,2.0,133182.0,0.8907694339286536,747.0,102.0,0.0,102.0,185.0,0.0,185.0,164.0,211.0,107.0,21.0,79.0,6.0,21.0,1.0,7.0,2.0,80.0,145.0,226.0,26.0,0.0,0.0,0.0,0.0,0.0,0.0,0.0,0.0,0.0,0.0,0.0,0.0,0.0,0.0,0.0,0.0,0.0,0.0,0.0,0.0,0.0,0.0,0.0,0.0,0.0,0.0,0.0,0.0,0.0,0.0,0.0,0.0,0.0,0.0,0.0,0.0,0.0,0.0,0.0,0.0,3.0,1.0,1.0,0.0,0.0,0.0,17.0,5.0,9.0,15.0,26.0,18.0,21.0,6.0,0.0,0.0,0.0,0.0,0.0,0.0,0.0,0.0,0.0,0.0,0.0,0.0,0.0,0.0,0.0,0.0,0.0,0.0,0.0,0.0,4.0,1.0,1.0,0.0,0.0,0.0,25.0,5.0,11.0,20.0,45.0,24.0,23.0,9.0
452,1.0,452.0,London_60,,151,453,1092.0,70.0,2.0,110532.0,0.5033634789288044,697.0,64.0,0.0,64.0,117.0,0.0,117.0,185.0,221.0,109.0,25.0,50.0,11.0,29.0,1.0,7.0,4.0,73.0,140.0,236.0,34.0,0.0,0.0,0.0,0.0,0.0,0.0,0.0,0.0,0.0,0.0,0.0,0.0,0.0,0.0,0.0,0.0,0.0,0.0,0.0,0.0,0.0,0.0,0.0,0.0,0.0,0.0,0.0,0.0,0.0,0.0,0.0,0.0,0.0,0.0,0.0,0.0,0.0,0.0,0.0,0.0,3.0,1.0,0.0,0.0,0.0,0.0,8.0,7.0,4.0,8.0,16.0,18.0,19.0,7.0,0.0,0.0,0.0,0.0,0.0,0.0,0.0,0.0,0.0,0.0,0.0,0.0,0.0,0.0,0.0,0.0,0.0,0.0,0.0,0.0,4.0,1.0,0.0,0.0,0.0,0.0,12.0,8.0,6.0,12.0,25.0,30.0,29.0,16.0
453,1.0,453.0,London_60,,151,453,1092.0,70.0,2.0,113703.0,0.9085144309792668,704.0,13.0,1.0,12.0,30.0,9.0,21.0,117.0,231.0,114.0,18.0,39.0,12.0,34.0,0.0,5.0,3.0,69.0,142.0,239.0,25.0,0.0,0.0,0.0,0.0,0.0,0.0,0.0,0.0,0.0,0.0,0.0,0.0,0.0,0.0,0.0,0.0,0.0,0.0,0.0,0.0,0.0,0.0,0.0,0.0,0.0,0.0,0.0,0.0,0.0,0.0,0.0,0.0,0.0,0.0,0.0,1.0,0.0,0.0,0.0,0.0,0.0,1.0,0.0,0.0,0.0,0.0,1.0,2.0,2.0,0.0,1.0,4.0,4.0,1.0,0.0,0.0,0.0,0.0,0.0,0.0,0.0,0.0,0.0,0.0,0.0,0.0,0.0,0.0,0.0,5.0,0.0,0.0,0.0,0.0,0.0,1.0,0.0,0.0,0.0,0.0,3.0,3.0,3.0,0.0,1.0,8.0,4.0,1.0
454,1.0,454.0,London_60,,151,453,1092.0,70.0,2.0,138618.0,0.5242468120995909,759.0,23.0,2.0,21.0,56.0,17.0,39.0,30.0,234.0,113.0,18.0,35.0,12.0,36.0,0.0,5.0,3.0,71.0,140.0,239.0,23.0,0.0,0.0,0.0,0.0,0.0,0.0,0.0,0.0,0.0,0.0,0.0,0.0,0.0,0.0,0.0,0.0,0.0,0.0,0.0,0.0,0.0,0.0,0.0,0.0,0.0,0.0,0.0,0.0,0.0,0.0,0.0,0.0,0.0,0.0,0.0,1.0,0.0,0.0,0.0,0.0,0.0,0.0,0.0,0.0,0.0,0.0,3.0,1.0,2.0,5.0,2.0,6.0,2.0,2.0,0.0,0.0,0.0,0.0,0.0,0.0,0.0,0.0,0.0,0.0,0.0,0.0,0.0,0.0,0.0,1.0,0.0,0.0,0.0,0.0,0.0,0.0,0.0,0.0,0.0,0.0,4.0,1.0,2.0,13.0,4.0,9.0,4.0,4.0
455,1.0,455.0,London_60,,151,453,1092.0,70.0,2.0,165345.0,1.7953488600905985,818.0,142.0,1.0,141.0,259.0,10.0,249.0,56.0,235.0,110.0,14.0,39.0,15.0,32.0,0.0,8.0,1.0,72.0,124.0,256.0,17.0,0.0,0.0,0.0,0.0,0.0,0.0,0.0,0.0,0.0,0.0,0.0,0.0,0.0,0.0,0.0,0.0,0.0,0.0,0.0,0.0,0.0,0.0,0.0,0.0,0.0,0.0,0.0,0.0,0.0,1.0,0.0,0.0,0.0,0.0,0.0,1.0,0.0,0.0,0.0,0.0,0.0,14.0,3.0,0.0,0.0,0.0,24.0,7.0,1.0,10.0,28.0,34.0,36.0,14.0,0.0,0.0,0.0,0.0,0.0,0.0,0.0,0.0,0.0,1.0,0.0,0.0,0.0,0.0,0.0,5.0,0.0,0.0,0.0,0.0,0.0,20.0,3.0,0.0,0.0,0.0,40.0,8.0,2.0,15.0,54.0,51.0,44.0,19.0
456,1.0,456.0,London_60,,151,453,1092.0,70.0,2.0,133635.0,0.6877447490114719,748.0,100.0,0.0,100.0,168.0,0.0,168.0,259.0,222.0,98.0,17.0,68.0,11.0,26.0,3.0,8.0,7.0,74.0,159.0,213.0,39.0,0.0,0.0,0.0,0.0,0.0,0.0,0.0,0.0,0.0,0.0,0.0,0.0,0.0,0.0,0.0,0.0,0.0,0.0,0.0,0.0,0.0,0.0,0.0,0.0,0.0,0.0,0.0,0.0,0.0,0.0,0.0,0.0,0.0,0.0,0.0,0.0,0.0,0.0,0.0,0.0,7.0,0.0,3.0,1.0,3.0,0.0,10.0,4.0,4.0,14.0,20.0,25.0,16.0,13.0,0.0,0.0,0.0,0.0,0.0,0.0,0.0,0.0,0.0,0.0,0.0,0.0,0.0,0.0,0.0,0.0,0.0,0.0,0.0,0.0,7.0,0.0,3.0,2.0,3.0,0.0,12.0,7.0,5.0,21.0,28.0,32.0,19.0,22.0
457,1.0,457.0,London_60,,151,453,1092.0,70.0,2.0,113703.0,0.6918069350067526,704.0,50.0,2.0,48.0,101.0,17.0,84.0,168.0,230.0,120.0,12.0,58.0,8.0,21.0,1.0,3.0,7.0,74.0,149.0,223.0,25.0,0.0,0.0,0.0,0.0,0.0,0.0,0.0,0.0,0.0,0.0,0.0,0.0,0.0,0.0,0.0,0.0,0.0,0.0,0.0,0.0,0.0,0.0,0.0,0.0,0.0,0.0,0.0,0.0,0.0,0.0,0.0,0.0,0.0,0.0,1.0,2.0,0.0,0.0,0.0,0.0,1.0,3.0,1.0,0.0,1.0,0.0,4.0,6.0,1.0,7.0,9.0,9.0,11.0,4.0,0.0,0.0,0.0,0.0,0.0,0.0,0.0,0.0,0.0,0.0,0.0,0.0,0.0,0.0,8.0,3.0,0.0,0.0,0.0,0.0,1.0,4.0,1.0,0.0,1.0,0.0,5.0,11.0,1.0,10.0,13.0,15.0,13.0,7.0
458,1.0,458.0,London_60,,151,453,1092.0,70.0,2.0,130917.0,1.4326938290614635,742.0,66.0,2.0,64.0,124.0,18.0,106.0,101.0,224.0,124.0,10.0,57.0,8.0,28.0,0.0,2.0,3.0,84.0,142.0,224.0,22.0,0.0,0.0,0.0,0.0,0.0,0.0,0.0,0.0,0.0,0.0,0.0,0.0,0.0,0.0,0.0,0.0,0.0,0.0,0.0,0.0,0.0,0.0,0.0,0.0,0.0,0.0,0.0,0.0,0.0,0.0,0.0,0.0,1.0,1.0,0.0,1.0,1.0,0.0,0.0,0.0,0.0,1.0,0.0,1.0,0.0,0.0,5.0,4.0,7.0,4.0,10.0,16.0,11.0,10.0,0.0,0.0,0.0,0.0,0.0,0.0,0.0,0.0,0.0,0.0,0.0,0.0,1.0,10.0,0.0,7.0,7.0,0.0,0.0,0.0,0.0,1.0,0.0,1.0,0.0,0.0,6.0,5.0,8.0,5.0,12.0,23.0,13.0,10.0
459,1.0,459.0,London_60,,151,453,1092.0,70.0,2.0,149037.0,0.5980216478928924,782.0,26.0,1.0,25.0,48.0,9.0,39.0,124.0,224.0,122.0,9.0,65.0,10.0,21.0,1.0,1.0,2.0,80.0,134.0,237.0,26.0,0.0,0.0,0.0,0.0,0.0,0.0,0.0,0.0,0.0,0.0,0.0,0.0,0.0,0.0,0.0,0.0,0.0,0.0,0.0,0.0,0.0,0.0,0.0,0.0,0.0,0.0,0.0,0.0,0.0,1.0,0.0,0.0,0.0,0.0,0.0,1.0,0.0,0.0,0.0,0.0,0.0,0.0,0.0,0.0,0.0,0.0,2.0,2.0,1.0,4.0,5.0,8.0,5.0,1.0,0.0,0.0,0.0,0.0,0.0,0.0,0.0,0.0,0.0,5.0,0.0,0.0,0.0,0.0,0.0,2.0,0.0,0.0,0.0,0.0,0.0,0.0,0.0,0.0,0.0,0.0,3.0,2.0,1.0,5.0,6.0,10.0,6.0,2.0
460,1.0,460.0,London_60,,151,453,1092.0,70.0,2.0,173046.0,1.015104761114344,835.0,125.0,1.0,124.0,232.0,8.0,224.0,48.0,230.0,124.0,6.0,62.0,9.0,18.0,1.0,3.0,4.0,77.0,134.0,238.0,29.0,0.0,0.0,0.0,0.0,0.0,0.0,0.0,0.0,0.0,0.0,0.0,0.0,0.0,0.0,0.0,0.0,0.0,0.0,0.0,0.0,0.0,0.0,0.0,0.0,0.0,0.0,0.0,0.0,0.0,1.0,0.0,0.0,1.0,0.0,0.0,1.0,0.0,0.0,0.0,0.0,5.0,9.0,7.0,0.0,5.0,0.0,15.0,10.0,4.0,9.0,24.0,27.0,19.0,11.0,0.0,0.0,0.0,0.0,0.0,0.0,0.0,0.0,0.0,2.0,0.0,0.0,2.0,0.0,0.0,5.0,0.0,0.0,0.0,0.0,7.0,10.0,7.0,0.0,5.0,0.0,18.0,18.0,5.0,12.0,44.0,41.0,20.0,17.0
461,1.0,461.0,London_60,,151,453,1092.0,70.0,2.0,154020.0,1.0651658871211112,793.0,75.0,0.0,75.0,130.0,0.0,130.0,232.0,237.0,90.0,20.0,70.0,8.0,25.0,0.0,3.0,5.0,80.0,132.0,236.0,33.0,0.0,0.0,0.0,0.0,0.0,0.0,0.0,0.0,0.0,0.0,0.0,0.0,0.0,0.0,0.0,0.0,0.0,0.0,0.0,0.0,0.0,0.0,0.0,0.0,0.0,0.0,0.0,0.0,0.0,0.0,0.0,0.0,0.0,0.0,0.0,0.0,0.0,0.0,0.0,0.0,3.0,2.0,0.0,2.0,2.0,0.0,3.0,5.0,5.0,3.0,13.0,19.0,9.0,7.0,0.0,0.0,0.0,0.0,0.0,0.0,0.0,0.0,0.0,0.0,0.0,0.0,0.0,0.0,0.0,0.0,0.0,0.0,0.0,0.0,3.0,3.0,0.0,4.0,2.0,0.0,4.0,10.0,7.0,5.0,19.0,26.0,14.0,12.0
462,1.0,462.0,London_60,,151,453,1092.0,70.0,2.0,159456.0,1.0056508749257773,805.0,76.0,0.0,76.0,119.0,0.0,119.0,130.0,243.0,94.0,18.0,78.0,2.0,12.0,2.0,4.0,5.0,75.0,148.0,225.0,29.0,0.0,0.0,0.0,0.0,0.0,0.0,0.0,0.0,0.0,0.0,0.0,0.0,0.0,0.0,0.0,0.0,0.0,0.0,0.0,0.0,0.0,0.0,0.0,0.0,0.0,0.0,0.0,0.0,0.0,0.0,0.0,0.0,0.0,0.0,0.0,0.0,0.0,0.0,0.0,0.0,1.0,6.0,0.0,2.0,0.0,0.0,5.0,6.0,5.0,8.0,11.0,20.0,7.0,9.0,0.0,0.0,0.0,0.0,0.0,0.0,0.0,0.0,0.0,0.0,0.0,0.0,0.0,0.0,0.0,0.0,0.0,0.0,0.0,0.0,1.0,7.0,0.0,3.0,0.0,0.0,8.0,9.0,7.0,11.0,15.0,27.0,8.0,13.0
463,1.0,463.0,London_60,,151,453,1092.0,70.0,2.0,163080.0,0.793185390997678,813.0,74.0,1.0,73.0,135.0,7.0,128.0,119.0,252.0,86.0,18.0,76.0,0.0,10.0,3.0,8.0,5.0,62.0,159.0,227.0,24.0,0.0,0.0,0.0,0.0,0.0,0.0,0.0,0.0,0.0,0.0,0.0,0.0,0.0,0.0,0.0,0.0,0.0,0.0,0.0,0.0,0.0,0.0,0.0,0.0,0.0,0.0,0.0,0.0,0.0,0.0,0.0,0.0,1.0,0.0,1.0,1.0,0.0,0.0,0.0,0.0,2.0,5.0,2.0,2.0,2.0,0.0,7.0,9.0,3.0,2.0,14.0,23.0,13.0,9.0,0.0,0.0,0.0,0.0,0.0,0.0,0.0,0.0,0.0,0.0,0.0,0.0,1.0,0.0,7.0,2.0,0.0,0.0,0.0,0.0,2.0,7.0,2.0,3.0,2.0,0.0,9.0,15.0,4.0,2.0,21.0,34.0,18.0,14.0
464,1.0,464.0,London_60,,151,453,1092.0,70.0,2.0,169875.0,0.9339274950325489,828.0,131.0,1.0,130.0,231.0,9.0,222.0,135.0,266.0,92.0,8.0,67.0,1.0,12.0,2.0,5.0,3.0,63.0,147.0,240.0,36.0,0.0,0.0,0.0,0.0,0.0,0.0,0.0,0.0,0.0,0.0,0.0,0.0,0.0,0.0,0.0,0.0,0.0,0.0,0.0,0.0,0.0,0.0,0.0,0.0,0.0,0.0,0.0,0.0,0.0,0.0,0.0,0.0,0.0,0.0,0.0,0.0,0.0,0.0,0.0,0.0,2.0,12.0,6.0,0.0,0.0,0.0,11.0,12.0,1.0,11.0,12.0,32.0,20.0,13.0,0.0,0.0,0.0,0.0,0.0,0.0,0.0,0.0,0.0,0.0,0.0,0.0,0.0,0.0,0.0,0.0,0.0,0.0,0.0,0.0,5.0,16.0,9.0,0.0,0.0,0.0,15.0,17.0,1.0,15.0,17.0,41.0,26.0,14.0
465,1.0,465.0,London_60,,151,453,1092.0,70.0,2.0,146319.0,1.0713886800222099,776.0,65.0,2.0,63.0,117.0,19.0,98.0,231.0,255.0,96.0,17.0,52.0,9.0,18.0,1.0,5.0,5.0,72.0,152.0,224.0,22.0,0.0,0.0,0.0,0.0,0.0,0.0,0.0,0.0,0.0,0.0,0.0,0.0,0.0,0.0,0.0,0.0,0.0,0.0,0.0,0.0,0.0,0.0,0.0,0.0,0.0,0.0,0.0,0.0,0.0,0.0,0.0,0.0,1.0,0.0,1.0,1.0,0.0,0.0,0.0,0.0,0.0,4.0,4.0,1.0,3.0,0.0,6.0,1.0,1.0,5.0,11.0,20.0,7.0,4.0,0.0,0.0,0.0,0.0,0.0,0.0,0.0,0.0,0.0,0.0,0.0,0.0,3.0,0.0,8.0,3.0,0.0,0.0,0.0,0.0,0.0,5.0,5.0,2.0,3.0,0.0,9.0,2.0,1.0,5.0,17.0,27.0,8.0,8.0
466,1.0,466.0,London_60,,151,453,1092.0,70.0,2.0,150396.0,0.9773553558625281,785.0,89.0,2.0,87.0,163.0,20.0,143.0,117.0,258.0,104.0,24.0,34.0,9.0,21.0,1.0,2.0,4.0,74.0,155.0,220.0,20.0,0.0,0.0,0.0,0.0,0.0,0.0,0.0,0.0,0.0,0.0,0.0,0.0,0.0,0.0,0.0,0.0,0.0,0.0,0.0,0.0,0.0,0.0,0.0,0.0,0.0,0.0,0.0,0.0,0.0,1.0,0.0,0.0,0.0,0.0,0.0,0.0,0.0,0.0,0.0,0.0,1.0,2.0,3.0,1.0,0.0,0.0,4.0,9.0,1.0,5.0,19.0,21.0,11.0,5.0,0.0,0.0,0.0,0.0,0.0,0.0,0.0,0.0,0.0,3.0,0.0,0.0,0.0,0.0,0.0,0.0,0.0,0.0,0.0,0.0,1.0,2.0,4.0,1.0,0.0,0.0,6.0,12.0,1.0,7.0,24.0,29.0,14.0,9.0
467,1.0,467.0,London_60,,151,453,1092.0,70.0,2.0,145866.0,0.9343567721080035,775.0,36.0,1.0,35.0,67.0,8.0,59.0,163.0,264.0,93.0,14.0,55.0,7.0,14.0,0.0,6.0,5.0,82.0,141.0,225.0,19.0,0.0,0.0,0.0,0.0,0.0,0.0,0.0,0.0,0.0,0.0,0.0,0.0,0.0,0.0,0.0,0.0,0.0,0.0,0.0,0.0,0.0,0.0,0.0,0.0,0.0,0.0,0.0,0.0,0.0,0.0,0.0,0.0,0.0,1.0,0.0,1.0,0.0,0.0,0.0,0.0,3.0,0.0,0.0,1.0,0.0,0.0,3.0,0.0,1.0,4.0,6.0,12.0,7.0,5.0,0.0,0.0,0.0,0.0,0.0,0.0,0.0,0.0,0.0,0.0,0.0,0.0,0.0,8.0,0.0,2.0,0.0,0.0,0.0,0.0,5.0,0.0,0.0,1.0,0.0,0.0,3.0,0.0,1.0,5.0,7.0,19.0,10.0,11.0
468,1.0,468.0,London_60,,151,453,1092.0,70.0,2.0,170781.0,1.744588057976216,830.0,129.0,0.0,129.0,231.0,0.0,231.0,67.0,262.0,100.0,20.0,50.0,6.0,13.0,0.0,2.0,4.0,81.0,136.0,232.0,14.0,0.0,0.0,0.0,0.0,0.0,0.0,0.0,0.0,0.0,0.0,0.0,0.0,0.0,0.0,0.0,0.0,0.0,0.0,0.0,0.0,0.0,0.0,0.0,0.0,0.0,0.0,0.0,0.0,0.0,0.0,0.0,0.0,0.0,0.0,0.0,0.0,0.0,0.0,0.0,0.0,4.0,6.0,0.0,0.0,5.0,0.0,8.0,5.0,9.0,19.0,21.0,35.0,20.0,18.0,0.0,0.0,0.0,0.0,0.0,0.0,0.0,0.0,0.0,0.0,0.0,0.0,0.0,0.0,0.0,0.0,0.0,0.0,0.0,0.0,5.0,6.0,0.0,0.0,5.0,0.0,10.0,7.0,12.0,24.0,34.0,51.0,31.0,25.0
469,1.0,469.0,London_60,,151,453,1092.0,70.0,2.0,150849.0,1.4751306709367782,786.0,109.0,2.0,107.0,211.0,19.0,192.0,231.0,249.0,60.0,25.0,73.0,11.0,25.0,1.0,9.0,3.0,75.0,140.0,235.0,30.0,0.0,0.0,0.0,0.0,0.0,0.0,0.0,0.0,0.0,0.0,0.0,0.0,0.0,0.0,0.0,0.0,0.0,0.0,0.0,0.0,0.0,0.0,0.0,0.0,0.0,0.0,0.0,0.0,0.0,0.0,0.0,0.0,1.0,0.0,1.0,2.0,0.0,0.0,0.0,0.0,2.0,5.0,0.0,1.0,1.0,0.0,13.0,6.0,9.0,13.0,23.0,20.0,21.0,7.0,0.0,0.0,0.0,0.0,0.0,0.0,0.0,0.0,0.0,0.0,0.0,0.0,6.0,0.0,7.0,9.0,0.0,0.0,0.0,0.0,3.0,6.0,0.0,3.0,1.0,0.0,18.0,10.0,12.0,16.0,35.0,31.0,25.0,10.0
470,1.0,470.0,London_60,,151,453,1092.0,70.0,2.0,134088.0,0.5616152479778975,749.0,67.0,0.0,67.0,109.0,0.0,109.0,211.0,235.0,93.0,17.0,52.0,15.0,30.0,3.0,8.0,8.0,72.0,152.0,221.0,30.0,0.0,0.0,0.0,0.0,0.0,0.0,0.0,0.0,0.0,0.0,0.0,0.0,0.0,0.0,0.0,0.0,0.0,0.0,0.0,0.0,0.0,0.0,0.0,0.0,0.0,0.0,0.0,0.0,0.0,0.0,0.0,0.0,0.0,0.0,0.0,0.0,0.0,0.0,0.0,0.0,1.0,0.0,0.0,1.0,0.0,0.0,1.0,8.0,4.0,9.0,15.0,17.0,10.0,9.0,0.0,0.0,0.0,0.0,0.0,0.0,0.0,0.0,0.0,0.0,0.0,0.0,0.0,0.0,0.0,0.0,0.0,0.0,0.0,0.0,1.0,0.0,0.0,3.0,0.0,0.0,1.0,8.0,4.0,11.0,23.0,24.0,15.0,16.0
471,1.0,471.0,London_60,,151,453,1092.0,70.0,2.0,138165.0,0.589972309069708,758.0,65.0,2.0,63.0,121.0,18.0,103.0,109.0,240.0,80.0,20.0,50.0,20.0,30.0,4.0,9.0,5.0,76.0,148.0,224.0,31.0,0.0,0.0,0.0,0.0,0.0,0.0,0.0,0.0,0.0,0.0,0.0,0.0,0.0,0.0,0.0,0.0,0.0,0.0,0.0,0.0,0.0,0.0,0.0,0.0,0.0,0.0,0.0,0.0,0.0,0.0,0.0,0.0,0.0,1.0,0.0,1.0,0.0,0.0,0.0,0.0,2.0,1.0,0.0,0.0,0.0,0.0,6.0,6.0,4.0,6.0,19.0,10.0,10.0,5.0,0.0,0.0,0.0,0.0,0.0,0.0,0.0,0.0,0.0,0.0,0.0,0.0,0.0,7.0,0.0,1.0,0.0,0.0,0.0,0.0,3.0,1.0,0.0,0.0,0.0,0.0,8.0,8.0,4.0,6.0,28.0,14.0,12.0,6.0
472,1.0,472.0,London_60,,151,453,1092.0,70.0,2.0,141789.0,0.6141410151030868,766.0,80.0,0.0,80.0,141.0,0.0,141.0,121.0,246.0,97.0,23.0,46.0,19.0,13.0,6.0,3.0,6.0,69.0,156.0,222.0,25.0,0.0,0.0,0.0,0.0,0.0,0.0,0.0,0.0,0.0,0.0,0.0,0.0,0.0,0.0,0.0,0.0,0.0,0.0,0.0,0.0,0.0,0.0,0.0,0.0,0.0,0.0,0.0,0.0,0.0,0.0,0.0,0.0,0.0,0.0,0.0,0.0,0.0,0.0,0.0,0.0,5.0,8.0,1.0,3.0,1.0,1.0,7.0,5.0,11.0,5.0,13.0,19.0,25.0,3.0,0.0,0.0,0.0,0.0,0.0,0.0,0.0,0.0,0.0,0.0,0.0,0.0,0.0,0.0,0.0,0.0,0.0,0.0,0.0,0.0,5.0,9.0,1.0,5.0,1.0,1.0,9.0,9.0,14.0,7.0,20.0,25.0,29.0,3.0
473,1.0,473.0,London_60,,151,453,1092.0,70.0,2.0,138618.0,0.66645214590244,759.0,47.0,0.0,47.0,82.0,0.0,82.0,141.0,260.0,90.0,16.0,48.0,19.0,14.0,2.0,4.0,4.0,61.0,149.0,239.0,27.0,0.0,0.0,0.0,0.0,0.0,0.0,0.0,0.0,0.0,0.0,0.0,0.0,0.0,0.0,0.0,0.0,0.0,0.0,0.0,0.0,0.0,0.0,0.0,0.0,0.0,0.0,0.0,0.0,0.0,0.0,0.0,0.0,0.0,0.0,0.0,0.0,0.0,0.0,0.0,0.0,2.0,0.0,0.0,2.0,0.0,0.0,9.0,2.0,1.0,7.0,8.0,17.0,9.0,5.0,0.0,0.0,0.0,0.0,0.0,0.0,0.0,0.0,0.0,0.0,0.0,0.0,0.0,0.0,0.0,0.0,0.0,0.0,0.0,0.0,2.0,0.0,0.0,5.0,0.0,0.0,12.0,3.0,1.0,10.0,14.0,24.0,14.0,5.0
474,1.0,474.0,London_60,,151,453,1092.0,70.0,2.0,154926.0,0.8427674828562886,795.0,113.0,0.0,113.0,183.0,0.0,183.0,82.0,263.0,82.0,14.0,47.0,21.0,19.0,1.0,6.0,2.0,62.0,162.0,227.0,19.0,0.0,0.0,0.0,0.0,0.0,0.0,0.0,0.0,0.0,0.0,0.0,0.0,0.0,0.0,0.0,0.0,0.0,0.0,0.0,0.0,0.0,0.0,0.0,0.0,0.0,0.0,0.0,0.0,0.0,0.0,0.0,0.0,0.0,0.0,0.0,0.0,0.0,0.0,0.0,0.0,2.0,13.0,2.0,4.0,12.0,0.0,4.0,11.0,9.0,6.0,21.0,28.0,18.0,8.0,0.0,0.0,0.0,0.0,0.0,0.0,0.0,0.0,0.0,0.0,0.0,0.0,0.0,0.0,0.0,0.0,0.0,0.0,0.0,0.0,2.0,13.0,2.0,7.0,13.0,0.0,4.0,13.0,11.0,6.0,25.0,33.0,19.0,13.0
475,1.0,475.0,London_60,,151,453,1092.0,70.0,2.0,136353.0,0.6753191840834916,754.0,114.0,2.0,112.0,211.0,22.0,189.0,183.0,270.0,78.0,11.0,53.0,17.0,21.0,1.0,2.0,2.0,66.0,155.0,230.0,24.0,0.0,0.0,0.0,0.0,0.0,0.0,0.0,0.0,0.0,1.0,0.0,1.0,0.0,0.0,0.0,0.0,0.0,0.0,1.0,0.0,0.0,0.0,0.0,0.0,0.0,0.0,0.0,0.0,0.0,1.0,0.0,0.0,1.0,0.0,1.0,1.0,0.0,0.0,0.0,0.0,1.0,10.0,0.0,4.0,1.0,1.0,6.0,11.0,2.0,2.0,27.0,25.0,15.0,8.0,0.0,0.0,0.0,0.0,0.0,0.0,0.0,0.0,0.0,1.0,0.0,0.0,3.0,0.0,2.0,5.0,0.0,0.0,0.0,0.0,1.0,13.0,0.0,8.0,1.0,1.0,7.0,15.0,2.0,2.0,41.0,42.0,20.0,13.0
476,1.0,476.0,London_60,,151,453,1092.0,70.0,2.0,124122.0,0.4830224069301039,727.0,59.0,2.0,57.0,122.0,18.0,104.0,206.0,242.0,86.0,14.0,55.0,20.0,29.0,1.0,6.0,3.0,83.0,139.0,228.0,20.0,0.0,0.0,0.0,0.0,0.0,0.0,0.0,0.0,0.0,0.0,0.0,0.0,0.0,0.0,0.0,0.0,0.0,0.0,0.0,0.0,0.0,0.0,0.0,0.0,0.0,0.0,0.0,0.0,0.0,2.0,0.0,0.0,1.0,0.0,2.0,0.0,1.0,0.0,0.0,0.0,3.0,4.0,0.0,2.0,0.0,0.0,4.0,8.0,4.0,4.0,16.0,12.0,8.0,4.0,0.0,0.0,0.0,0.0,0.0,0.0,0.0,0.0,0.0,6.0,0.0,0.0,1.0,0.0,11.0,0.0,7.0,0.0,0.0,0.0,3.0,4.0,0.0,2.0,0.0,0.0,5.0,8.0,7.0,7.0,29.0,17.0,12.0,5.0
477,1.0,477.0,London_60,,151,453,1092.0,70.0,2.0,137712.0,0.8086721159052104,757.0,38.0,2.0,36.0,77.0,17.0,60.0,122.0,251.0,98.0,15.0,39.0,14.0,31.0,1.0,4.0,2.0,85.0,131.0,235.0,13.0,0.0,0.0,0.0,0.0,0.0,0.0,0.0,0.0,0.0,0.0,0.0,0.0,0.0,0.0,0.0,0.0,0.0,0.0,0.0,0.0,0.0,0.0,0.0,0.0,0.0,0.0,0.0,0.0,0.0,2.0,0.0,0.0,1.0,0.0,0.0,1.0,0.0,0.0,0.0,0.0,3.0,0.0,0.0,0.0,0.0,0.0,3.0,2.0,0.0,4.0,8.0,9.0,6.0,5.0,0.0,0.0,0.0,0.0,0.0,0.0,0.0,0.0,0.0,10.0,0.0,0.0,7.0,0.0,0.0,3.0,0.0,0.0,0.0,0.0,4.0,0.0,0.0,0.0,0.0,0.0,5.0,2.0,0.0,5.0,8.0,13.0,8.0,6.0
478,1.0,478.0,London_60,,151,453,1092.0,70.0,2.0,155832.0,0.8174065218772739,797.0,88.0,1.0,87.0,166.0,12.0,154.0,77.0,262.0,97.0,22.0,37.0,9.0,18.0,3.0,5.0,3.0,79.0,132.0,239.0,14.0,0.0,0.0,0.0,0.0,0.0,0.0,0.0,0.0,0.0,0.0,0.0,0.0,0.0,0.0,0.0,0.0,0.0,0.0,0.0,0.0,0.0,0.0,0.0,0.0,0.0,0.0,0.0,0.0,0.0,0.0,1.0,0.0,1.0,0.0,0.0,1.0,0.0,0.0,0.0,0.0,6.0,1.0,1.0,2.0,7.0,0.0,7.0,12.0,9.0,9.0,21.0,18.0,14.0,15.0,0.0,0.0,0.0,0.0,0.0,0.0,0.0,0.0,0.0,0.0,5.0,0.0,7.0,0.0,0.0,7.0,0.0,0.0,0.0,0.0,9.0,3.0,1.0,3.0,7.0,0.0,10.0,19.0,13.0,15.0,30.0,26.0,21.0,22.0
479,1.0,479.0,London_60,,151,453,1092.0,70.0,2.0,154926.0,0.7006250128615648,795.0,43.0,0.0,43.0,74.0,0.0,74.0,166.0,277.0,91.0,8.0,38.0,7.0,20.0,4.0,8.0,7.0,82.0,138.0,226.0,24.0,0.0,0.0,0.0,0.0,0.0,0.0,0.0,0.0,0.0,0.0,0.0,0.0,0.0,0.0,0.0,0.0,0.0,0.0,0.0,0.0,0.0,0.0,0.0,0.0,0.0,0.0,0.0,0.0,0.0,0.0,0.0,0.0,0.0,0.0,0.0,0.0,0.0,0.0,0.0,0.0,0.0,0.0,0.0,0.0,0.0,0.0,0.0,4.0,2.0,4.0,10.0,11.0,7.0,4.0,0.0,0.0,0.0,0.0,0.0,0.0,0.0,0.0,0.0,0.0,0.0,0.0,0.0,0.0,0.0,0.0,0.0,0.0,0.0,0.0,0.0,0.0,0.0,0.0,0.0,0.0,0.0,6.0,2.0,5.0,14.0,17.0,12.0,8.0
480,1.0,480.0,London_60,,151,453,1092.0,70.0,2.0,182106.0,0.7819592040032148,855.0,105.0,0.0,105.0,196.0,0.0,196.0,74.0,274.0,93.0,15.0,36.0,7.0,19.0,2.0,7.0,5.0,88.0,143.0,217.0,23.0,0.0,0.0,0.0,0.0,0.0,0.0,0.0,0.0,0.0,0.0,0.0,0.0,0.0,0.0,0.0,0.0,0.0,0.0,0.0,0.0,0.0,0.0,0.0,0.0,0.0,0.0,0.0,0.0,0.0,0.0,0.0,0.0,0.0,0.0,0.0,0.0,0.0,0.0,0.0,0.0,4.0,11.0,7.0,1.0,0.0,0.0,11.0,2.0,4.0,16.0,18.0,26.0,9.0,10.0,0.0,0.0,0.0,0.0,0.0,0.0,0.0,0.0,0.0,0.0,0.0,0.0,0.0,0.0,0.0,0.0,0.0,0.0,0.0,0.0,5.0,21.0,8.0,2.0,0.0,0.0,15.0,2.0,6.0,19.0,27.0,46.0,12.0,16.0
481,1.0,481.0,London_60,,151,453,1092.0,70.0,2.0,180747.0,1.458183784969151,852.0,135.0,0.0,135.0,231.0,0.0,231.0,196.0,268.0,68.0,25.0,53.0,11.0,18.0,0.0,10.0,6.0,73.0,146.0,228.0,21.0,0.0,0.0,0.0,0.0,0.0,0.0,0.0,0.0,0.0,0.0,0.0,0.0,0.0,0.0,0.0,0.0,0.0,0.0,0.0,0.0,0.0,0.0,0.0,0.0,0.0,0.0,0.0,0.0,0.0,0.0,0.0,0.0,0.0,0.0,0.0,0.0,0.0,0.0,0.0,0.0,5.0,3.0,2.0,1.0,3.0,0.0,7.0,5.0,2.0,13.0,30.0,30.0,19.0,13.0,0.0,0.0,0.0,0.0,0.0,0.0,0.0,0.0,0.0,0.0,0.0,0.0,0.0,0.0,0.0,0.0,0.0,0.0,0.0,0.0,7.0,4.0,2.0,2.0,3.0,0.0,9.0,6.0,2.0,18.0,48.0,48.0,26.0,16.0
482,1.0,482.0,London_60,,151,453,1092.0,70.0,2.0,165798.0,1.0651998450048268,819.0,107.0,2.0,105.0,199.0,18.0,181.0,231.0,246.0,101.0,14.0,65.0,5.0,16.0,2.0,4.0,4.0,88.0,149.0,212.0,44.0,0.0,0.0,0.0,0.0,0.0,0.0,0.0,0.0,0.0,0.0,0.0,0.0,0.0,0.0,0.0,0.0,0.0,0.0,0.0,0.0,0.0,0.0,0.0,0.0,0.0,0.0,0.0,0.0,0.0,0.0,0.0,0.0,0.0,0.0,0.0,1.0,0.0,0.0,0.0,0.0,6.0,4.0,2.0,2.0,4.0,0.0,12.0,7.0,4.0,15.0,18.0,21.0,21.0,3.0,0.0,0.0,0.0,0.0,0.0,0.0,0.0,0.0,0.0,0.0,0.0,0.0,0.0,0.0,0.0,3.0,0.0,0.0,0.0,0.0,8.0,5.0,2.0,2.0,4.0,0.0,17.0,11.0,5.0,20.0,27.0,33.0,30.0,3.0
483,1.0,483.0,London_60,,151,453,1092.0,70.0,2.0,152208.0,0.9293030928820372,789.0,90.0,1.0,89.0,157.0,8.0,149.0,199.0,256.0,93.0,13.0,57.0,6.0,22.0,1.0,5.0,4.0,81.0,155.0,213.0,23.0,0.0,0.0,0.0,0.0,0.0,0.0,0.0,0.0,0.0,0.0,0.0,0.0,0.0,0.0,0.0,0.0,0.0,0.0,0.0,0.0,0.0,0.0,0.0,0.0,0.0,0.0,0.0,0.0,0.0,1.0,0.0,0.0,1.0,0.0,0.0,1.0,0.0,0.0,0.0,0.0,0.0,2.0,2.0,0.0,0.0,0.0,12.0,3.0,9.0,13.0,18.0,18.0,12.0,3.0,0.0,0.0,0.0,0.0,0.0,0.0,0.0,0.0,0.0,2.0,0.0,0.0,2.0,0.0,0.0,3.0,0.0,0.0,0.0,0.0,0.0,3.0,2.0,0.0,0.0,0.0,16.0,3.0,13.0,21.0,26.0,27.0,15.0,3.0
484,1.0,484.0,London_60,,151,453,1092.0,70.0,2.0,144054.0,0.6211528028361499,771.0,0.0,0.0,0.0,0.0,0.0,0.0,157.0,265.0,87.0,10.0,47.0,9.0,27.0,2.0,6.0,2.0,87.0,138.0,226.0,25.0,0.0,0.0,0.0,0.0,0.0,0.0,0.0,0.0,0.0,0.0,0.0,0.0,0.0,0.0,0.0,0.0,0.0,0.0,0.0,0.0,0.0,0.0,0.0,0.0,0.0,0.0,0.0,0.0,0.0,0.0,0.0,0.0,0.0,0.0,0.0,0.0,0.0,0.0,0.0,0.0,0.0,0.0,0.0,0.0,0.0,0.0,0.0,0.0,0.0,0.0,0.0,0.0,0.0,0.0,0.0,0.0,0.0,0.0,0.0,0.0,0.0,0.0,0.0,0.0,0.0,0.0,0.0,0.0,0.0,0.0,0.0,0.0,0.0,0.0,0.0,0.0,0.0,0.0,0.0,0.0,0.0,0.0,0.0,0.0,0.0,0.0,0.0,0.0
485,1.0,485.0,London_60,,151,453,1092.0,70.0,2.0,194337.0,0.7458989929873496,882.0,99.0,0.0,99.0,176.0,0.0,176.0,0.0,265.0,87.0,10.0,47.0,9.0,27.0,2.0,6.0,2.0,87.0,138.0,226.0,25.0,0.0,0.0,0.0,0.0,0.0,0.0,0.0,0.0,0.0,0.0,0.0,0.0,0.0,0.0,0.0,0.0,0.0,0.0,0.0,0.0,0.0,0.0,0.0,0.0,0.0,0.0,0.0,0.0,0.0,0.0,0.0,0.0,0.0,0.0,0.0,0.0,0.0,0.0,0.0,0.0,3.0,3.0,0.0,5.0,11.0,0.0,20.0,7.0,6.0,8.0,21.0,25.0,21.0,8.0,0.0,0.0,0.0,0.0,0.0,0.0,0.0,0.0,0.0,0.0,0.0,0.0,0.0,0.0,0.0,0.0,0.0,0.0,0.0,0.0,4.0,5.0,0.0,7.0,12.0,0.0,29.0,9.0,7.0,9.0,32.0,36.0,32.0,12.0
486,1.0,486.0,London_60,,151,453,1092.0,70.0,2.0,191619.0,1.1088923760689795,876.0,159.0,2.0,157.0,289.0,17.0,272.0,176.0,281.0,66.0,12.0,53.0,9.0,28.0,0.0,4.0,7.0,79.0,149.0,218.0,26.0,0.0,0.0,0.0,0.0,0.0,0.0,0.0,0.0,0.0,0.0,0.0,0.0,0.0,0.0,0.0,0.0,0.0,0.0,0.0,0.0,0.0,0.0,0.0,0.0,0.0,0.0,0.0,0.0,0.0,0.0,0.0,0.0,1.0,1.0,1.0,1.0,0.0,0.0,0.0,0.0,0.0,19.0,6.0,2.0,4.0,0.0,7.0,4.0,2.0,11.0,30.0,33.0,24.0,18.0,0.0,0.0,0.0,0.0,0.0,0.0,0.0,0.0,0.0,0.0,0.0,0.0,2.0,7.0,10.0,3.0,0.0,0.0,0.0,0.0,0.0,32.0,7.0,6.0,5.0,0.0,11.0,5.0,2.0,15.0,44.0,46.0,31.0,24.0
487,1.0,487.0,London_60,,151,453,1092.0,70.0,2.0,166251.0,1.0433662401046604,820.0,153.0,0.0,153.0,259.0,0.0,259.0,289.0,200.0,106.0,21.0,84.0,7.0,30.0,1.0,4.0,4.0,80.0,138.0,231.0,43.0,0.0,0.0,0.0,0.0,0.0,0.0,0.0,0.0,0.0,0.0,0.0,0.0,0.0,0.0,0.0,0.0,0.0,0.0,0.0,0.0,0.0,0.0,0.0,0.0,0.0,0.0,0.0,0.0,0.0,0.0,0.0,0.0,0.0,0.0,0.0,0.0,0.0,0.0,0.0,0.0,2.0,9.0,0.0,4.0,6.0,0.0,10.0,8.0,6.0,13.0,22.0,27.0,24.0,12.0,0.0,0.0,0.0,0.0,0.0,0.0,0.0,0.0,0.0,0.0,0.0,0.0,0.0,0.0,0.0,0.0,0.0,0.0,0.0,0.0,2.0,11.0,0.0,7.0,6.0,0.0,13.0,8.0,10.0,20.0,31.0,37.0,28.0,18.0
488,1.0,488.0,London_60,,151,453,1092.0,70.0,2.0,132276.0,1.3074913090094924,745.0,29.0,2.0,27.0,64.0,16.0,48.0,259.0,218.0,97.0,13.0,76.0,6.0,35.0,3.0,5.0,8.0,83.0,142.0,220.0,35.0,0.0,0.0,0.0,0.0,0.0,0.0,0.0,0.0,0.0,0.0,0.0,0.0,0.0,0.0,0.0,0.0,0.0,0.0,0.0,0.0,0.0,0.0,0.0,0.0,0.0,0.0,0.0,0.0,0.0,0.0,1.0,0.0,1.0,0.0,1.0,1.0,0.0,0.0,0.0,0.0,0.0,0.0,0.0,0.0,0.0,0.0,2.0,0.0,0.0,3.0,3.0,8.0,6.0,2.0,0.0,0.0,0.0,0.0,0.0,0.0,0.0,0.0,0.0,0.0,4.0,0.0,1.0,0.0,6.0,3.0,0.0,0.0,0.0,0.0,0.0,0.0,0.0,0.0,0.0,0.0,3.0,0.0,0.0,3.0,6.0,16.0,8.0,4.0
489,1.0,489.0,London_60,,151,453,1092.0,70.0,2.0,162174.0,0.7661407180130482,811.0,61.0,2.0,59.0,114.0,19.0,95.0,64.0,218.0,105.0,13.0,75.0,3.0,30.0,4.0,5.0,3.0,82.0,133.0,235.0,35.0,0.0,0.0,0.0,0.0,0.0,0.0,0.0,0.0,0.0,0.0,0.0,0.0,0.0,0.0,0.0,0.0,0.0,0.0,0.0,0.0,0.0,0.0,0.0,0.0,0.0,0.0,0.0,0.0,0.0,1.0,0.0,0.0,0.0,0.0,1.0,1.0,0.0,0.0,0.0,0.0,2.0,2.0,0.0,0.0,0.0,0.0,1.0,7.0,0.0,5.0,14.0,15.0,14.0,7.0,0.0,0.0,0.0,0.0,0.0,0.0,0.0,0.0,0.0,1.0,0.0,0.0,0.0,0.0,5.0,3.0,0.0,0.0,0.0,0.0,2.0,3.0,0.0,0.0,0.0,0.0,1.0,10.0,0.0,5.0,18.0,20.0,16.0,10.0
490,1.0,490.0,London_60,,151,453,1092.0,70.0,2.0,173499.0,0.6828651349060237,836.0,33.0,2.0,31.0,73.0,16.0,57.0,114.0,207.0,110.0,18.0,76.0,4.0,33.0,3.0,2.0,6.0,89.0,130.0,228.0,30.0,0.0,0.0,0.0,0.0,0.0,0.0,0.0,0.0,0.0,0.0,0.0,0.0,0.0,0.0,0.0,0.0,0.0,0.0,0.0,0.0,0.0,0.0,0.0,0.0,0.0,0.0,0.0,0.0,0.0,1.0,0.0,0.0,0.0,1.0,1.0,2.0,0.0,0.0,0.0,0.0,2.0,0.0,0.0,0.0,0.0,0.0,2.0,1.0,1.0,0.0,8.0,6.0,5.0,4.0,0.0,0.0,0.0,0.0,0.0,0.0,0.0,0.0,0.0,4.0,0.0,0.0,0.0,7.0,8.0,6.0,0.0,0.0,0.0,0.0,3.0,0.0,0.0,0.0,0.0,0.0,3.0,3.0,2.0,0.0,14.0,10.0,8.0,7.0
491,1.0,491.0,London_60,,151,453,1092.0,70.0,2.0,194790.0,0.7679520440287888,883.0,240.0,0.0,240.0,409.0,0.0,409.0,73.0,210.0,106.0,20.0,76.0,2.0,34.0,2.0,3.0,7.0,81.0,127.0,238.0,28.0,0.0,0.0,0.0,0.0,0.0,0.0,0.0,0.0,0.0,0.0,0.0,0.0,0.0,0.0,0.0,0.0,0.0,0.0,0.0,0.0,0.0,0.0,0.0,0.0,0.0,0.0,0.0,0.0,0.0,0.0,0.0,0.0,0.0,0.0,0.0,0.0,0.0,0.0,0.0,0.0,3.0,28.0,0.0,4.0,7.0,0.0,14.0,14.0,12.0,7.0,35.0,58.0,26.0,14.0,0.0,0.0,0.0,0.0,0.0,0.0,0.0,0.0,0.0,0.0,0.0,0.0,0.0,0.0,0.0,0.0,0.0,0.0,0.0,0.0,3.0,34.0,0.0,6.0,8.0,0.0,16.0,17.0,13.0,9.0,54.0,85.0,34.0,22.0
492,1.0,492.0,London_60,,151,453,1092.0,70.0,2.0,129558.0,0.5012606419622898,739.0,44.0,2.0,42.0,93.0,18.0,75.0,409.0,96.0,146.0,34.0,118.0,10.0,37.0,1.0,11.0,6.0,82.0,142.0,223.0,41.0,0.0,0.0,0.0,0.0,0.0,0.0,0.0,0.0,0.0,0.0,0.0,0.0,0.0,0.0,0.0,0.0,0.0,0.0,0.0,0.0,0.0,0.0,0.0,0.0,0.0,0.0,0.0,0.0,0.0,0.0,0.0,0.0,1.0,0.0,0.0,1.0,0.0,0.0,0.0,0.0,0.0,0.0,0.0,1.0,0.0,0.0,3.0,1.0,0.0,1.0,8.0,10.0,2.0,3.0,0.0,0.0,0.0,0.0,0.0,0.0,0.0,0.0,0.0,0.0,0.0,0.0,5.0,0.0,0.0,3.0,0.0,0.0,0.0,0.0,0.0,0.0,0.0,1.0,0.0,0.0,5.0,1.0,0.0,1.0,12.0,17.0,2.0,4.0
493,1.0,493.0,London_60,,151,453,1092.0,70.0,2.0,141336.0,0.5566786050330848,765.0,100.0,0.0,100.0,174.0,0.0,174.0,93.0,95.0,152.0,35.0,103.0,11.0,43.0,1.0,13.0,1.0,84.0,128.0,240.0,34.0,0.0,0.0,0.0,0.0,0.0,0.0,0.0,0.0,0.0,0.0,0.0,0.0,0.0,0.0,0.0,0.0,0.0,0.0,0.0,0.0,0.0,0.0,0.0,0.0,0.0,0.0,0.0,0.0,0.0,0.0,0.0,0.0,0.0,0.0,0.0,0.0,0.0,0.0,0.0,0.0,1.0,2.0,0.0,1.0,0.0,0.0,9.0,5.0,0.0,8.0,15.0,23.0,12.0,10.0,0.0,0.0,0.0,0.0,0.0,0.0,0.0,0.0,0.0,0.0,0.0,0.0,0.0,0.0,0.0,0.0,0.0,0.0,0.0,0.0,1.0,2.0,0.0,2.0,0.0,0.0,15.0,6.0,0.0,12.0,23.0,33.0,15.0,21.0
494,1.0,494.0,London_60,,151,453,1092.0,70.0,2.0,127746.0,0.5010569570586085,735.0,55.0,0.0,55.0,88.0,0.0,88.0,174.0,97.0,169.0,25.0,83.0,13.0,49.0,3.0,14.0,6.0,74.0,140.0,233.0,42.0,0.0,0.0,0.0,0.0,0.0,0.0,0.0,0.0,0.0,0.0,0.0,0.0,0.0,0.0,0.0,0.0,0.0,0.0,0.0,0.0,0.0,0.0,0.0,0.0,0.0,0.0,0.0,0.0,0.0,0.0,0.0,0.0,0.0,0.0,0.0,0.0,0.0,0.0,0.0,0.0,0.0,4.0,0.0,2.0,0.0,0.0,0.0,5.0,1.0,3.0,13.0,16.0,14.0,6.0,0.0,0.0,0.0,0.0,0.0,0.0,0.0,0.0,0.0,0.0,0.0,0.0,0.0,0.0,0.0,0.0,0.0,0.0,0.0,0.0,0.0,6.0,0.0,2.0,0.0,0.0,0.0,9.0,1.0,4.0,17.0,25.0,19.0,7.0
495,1.0,495.0,London_60,,151,453,1092.0,70.0,2.0,133182.0,0.7383305679541081,747.0,110.0,1.0,109.0,205.0,9.0,196.0,88.0,99.0,174.0,17.0,77.0,17.0,54.0,4.0,11.0,3.0,74.0,141.0,235.0,41.0,0.0,0.0,0.0,0.0,0.0,0.0,0.0,0.0,0.0,0.0,0.0,0.0,0.0,0.0,0.0,0.0,0.0,0.0,0.0,0.0,0.0,0.0,0.0,0.0,0.0,0.0,0.0,0.0,0.0,0.0,0.0,0.0,0.0,0.0,0.0,1.0,0.0,0.0,0.0,0.0,1.0,4.0,1.0,1.0,0.0,0.0,17.0,2.0,1.0,14.0,19.0,33.0,26.0,13.0,0.0,0.0,0.0,0.0,0.0,0.0,0.0,0.0,0.0,0.0,0.0,0.0,0.0,0.0,0.0,2.0,0.0,0.0,0.0,0.0,1.0,7.0,1.0,4.0,0.0,0.0,24.0,2.0,2.0,23.0,31.0,51.0,32.0,21.0
496,1.0,496.0,London_60,,151,453,1092.0,70.0,2.0,110985.0,0.5136947759892792,698.0,2.0,2.0,0.0,17.0,17.0,0.0,205.0,110.0,146.0,14.0,82.0,19.0,66.0,4.0,12.0,4.0,66.0,164.0,219.0,46.0,0.0,0.0,0.0,0.0,0.0,0.0,0.0,0.0,0.0,0.0,0.0,0.0,0.0,0.0,0.0,0.0,0.0,0.0,0.0,0.0,0.0,0.0,0.0,0.0,0.0,0.0,0.0,0.0,0.0,1.0,0.0,0.0,0.0,0.0,0.0,1.0,0.0,0.0,0.0,0.0,0.0,0.0,0.0,0.0,0.0,0.0,0.0,0.0,0.0,0.0,0.0,0.0,0.0,0.0,0.0,0.0,0.0,0.0,0.0,0.0,0.0,0.0,0.0,2.0,0.0,0.0,0.0,0.0,0.0,2.0,0.0,0.0,0.0,0.0,0.0,0.0,0.0,0.0,0.0,0.0,0.0,0.0,0.0,0.0,0.0,0.0,0.0,0.0
497,1.0,497.0,London_60,,151,453,1092.0,70.0,2.0,152661.0,0.7044188100844622,790.0,46.0,1.0,45.0,90.0,10.0,80.0,17.0,110.0,156.0,15.0,88.0,16.0,52.0,4.0,12.0,4.0,67.0,155.0,227.0,44.0,0.0,0.0,0.0,0.0,0.0,0.0,0.0,0.0,0.0,0.0,0.0,0.0,0.0,0.0,0.0,0.0,0.0,0.0,0.0,0.0,0.0,0.0,0.0,0.0,0.0,0.0,0.0,0.0,0.0,0.0,0.0,0.0,0.0,0.0,0.0,0.0,0.0,0.0,0.0,0.0,1.0,1.0,0.0,0.0,0.0,0.0,3.0,4.0,3.0,2.0,8.0,8.0,7.0,6.0,0.0,0.0,0.0,0.0,0.0,0.0,0.0,0.0,0.0,0.0,0.0,0.0,0.0,0.0,0.0,0.0,0.0,0.0,0.0,0.0,1.0,1.0,0.0,0.0,0.0,0.0,5.0,4.0,7.0,3.0,13.0,10.0,8.0,9.0
498,1.0,498.0,London_60,,151,453,1092.0,70.0,2.0,167610.0,0.9072982990182936,823.0,188.0,0.0,188.0,311.0,0.0,311.0,90.0,108.0,164.0,15.0,90.0,13.0,46.0,4.0,13.0,4.0,66.0,143.0,240.0,48.0,0.0,0.0,0.0,0.0,0.0,0.0,0.0,0.0,0.0,0.0,0.0,0.0,0.0,0.0,0.0,0.0,0.0,0.0,0.0,0.0,0.0,0.0,0.0,0.0,0.0,0.0,0.0,0.0,0.0,0.0,0.0,0.0,0.0,0.0,0.0,0.0,0.0,0.0,0.0,0.0,7.0,22.0,8.0,1.0,2.0,0.0,16.0,8.0,7.0,18.0,44.0,51.0,38.0,21.0,0.0,0.0,0.0,0.0,0.0,0.0,0.0,0.0,0.0,0.0,0.0,0.0,0.0,0.0,0.0,0.0,0.0,0.0,0.0,0.0,10.0,30.0,9.0,1.0,2.0,0.0,19.0,8.0,9.0,25.0,67.0,70.0,49.0,27.0
499,1.0,499.0,London_60,,151,453,1092.0,70.0,2.0,114156.0,0.382908022031188,705.0,43.0,2.0,41.0,93.0,17.0,76.0,311.0,115.0,157.0,17.0,84.0,17.0,45.0,5.0,13.0,12.0,71.0,151.0,219.0,45.0,0.0,0.0,0.0,0.0,0.0,0.0,0.0,0.0,0.0,0.0,0.0,0.0,0.0,0.0,0.0,0.0,0.0,0.0,0.0,0.0,0.0,0.0,0.0,0.0,0.0,0.0,0.0,0.0,0.0,1.0,0.0,0.0,1.0,0.0,1.0,2.0,0.0,0.0,0.0,0.0,2.0,0.0,0.0,1.0,0.0,0.0,0.0,2.0,1.0,3.0,5.0,8.0,6.0,1.0,0.0,0.0,0.0,0.0,0.0,0.0,0.0,0.0,0.0,2.0,0.0,0.0,3.0,0.0,8.0,8.0,0.0,0.0,0.0,0.0,2.0,0.0,0.0,2.0,0.0,0.0,0.0,2.0,1.0,3.0,9.0,13.0,7.0,1.0
500,1.0,500.0,London_60,,151,453,1092.0,70.0,2.0,122310.0,0.5114776690024883,723.0,57.0,2.0,55.0,113.0,18.0,95.0,93.0,109.0,163.0,21.0,87.0,16.0,42.0,5.0,10.0,10.0,71.0,162.0,210.0,34.0,0.0,0.0,0.0,0.0,0.0,0.0,0.0,0.0,0.0,0.0,0.0,0.0,0.0,0.0,0.0,0.0,0.0,0.0,0.0,0.0,0.0,0.0,0.0,0.0,0.0,0.0,0.0,0.0,0.0,0.0,0.0,0.0,1.0,1.0,0.0,1.0,1.0,0.0,0.0,0.0,0.0,0.0,0.0,2.0,0.0,0.0,1.0,7.0,0.0,1.0,7.0,21.0,9.0,7.0,0.0,0.0,0.0,0.0,0.0,0.0,0.0,0.0,0.0,0.0,0.0,0.0,2.0,2.0,0.0,3.0,5.0,0.0,0.0,0.0,0.0,0.0,0.0,4.0,0.0,0.0,1.0,7.0,0.0,1.0,11.0,26.0,11.0,12.0
501,1.0,501.0,London_60,,151,453,1092.0,70.0,2.0,136806.0,0.5327276280149817,755.0,50.0,1.0,49.0,102.0,9.0,93.0,113.0,115.0,157.0,30.0,80.0,18.0,37.0,6.0,10.0,6.0,78.0,139.0,230.0,29.0,0.0,0.0,0.0,0.0,0.0,0.0,0.0,0.0,0.0,0.0,0.0,0.0,0.0,0.0,0.0,0.0,0.0,0.0,0.0,0.0,0.0,0.0,0.0,0.0,0.0,0.0,0.0,0.0,0.0,1.0,0.0,0.0,0.0,0.0,0.0,1.0,0.0,0.0,0.0,0.0,1.0,5.0,0.0,1.0,0.0,0.0,1.0,1.0,3.0,6.0,12.0,6.0,11.0,0.0,0.0,0.0,0.0,0.0,0.0,0.0,0.0,0.0,0.0,1.0,0.0,0.0,0.0,0.0,0.0,3.0,0.0,0.0,0.0,0.0,1.0,8.0,0.0,1.0,0.0,0.0,1.0,1.0,4.0,8.0,20.0,9.0,15.0,0.0
502,1.0,502.0,London_60,,151,453,1092.0,70.0,2.0,165798.0,0.6675736969336867,819.0,1.0,1.0,0.0,8.0,8.0,0.0,102.0,133.0,170.0,30.0,64.0,18.0,21.0,6.0,11.0,5.0,75.0,147.0,226.0,36.0,0.0,0.0,0.0,0.0,0.0,0.0,0.0,0.0,0.0,0.0,0.0,0.0,0.0,0.0,0.0,0.0,0.0,0.0,0.0,0.0,0.0,0.0,0.0,0.0,0.0,0.0,0.0,0.0,0.0,1.0,0.0,0.0,0.0,0.0,0.0,1.0,0.0,0.0,0.0,0.0,0.0,0.0,0.0,0.0,0.0,0.0,0.0,0.0,0.0,0.0,0.0,0.0,0.0,0.0,0.0,0.0,0.0,0.0,0.0,0.0,0.0,0.0,0.0,2.0,0.0,0.0,0.0,0.0,0.0,7.0,0.0,0.0,0.0,0.0,0.0,0.0,0.0,0.0,0.0,0.0,0.0,0.0,0.0,0.0,0.0,0.0,0.0,0.0
503,1.0,503.0,London_60,,151,453,1092.0,70.0,2.0,214269.0,1.2471570000052452,926.0,202.0,0.0,202.0,344.0,0.0,344.0,8.0,130.0,173.0,30.0,66.0,17.0,20.0,6.0,11.0,4.0,75.0,146.0,228.0,34.0,0.0,0.0,0.0,0.0,0.0,0.0,0.0,0.0,0.0,0.0,0.0,0.0,0.0,0.0,0.0,0.0,0.0,0.0,0.0,0.0,0.0,0.0,0.0,0.0,0.0,0.0,0.0,0.0,0.0,0.0,0.0,0.0,0.0,0.0,0.0,0.0,0.0,0.0,0.0,0.0,13.0,13.0,3.0,6.0,20.0,1.0,16.0,8.0,10.0,17.0,43.0,39.0,42.0,14.0,0.0,0.0,0.0,0.0,0.0,0.0,0.0,0.0,0.0,0.0,0.0,0.0,0.0,0.0,0.0,0.0,0.0,0.0,0.0,0.0,16.0,14.0,3.0,8.0,20.0,1.0,20.0,9.0,12.0,23.0,64.0,54.0,54.0,20.0
504,1.0,504.0,London_60,,151,453,1092.0,70.0,2.0,156738.0,0.7065727401059121,799.0,61.0,0.0,61.0,104.0,0.0,104.0,344.0,146.0,138.0,19.0,95.0,10.0,30.0,6.0,9.0,10.0,70.0,151.0,222.0,52.0,0.0,0.0,0.0,0.0,0.0,0.0,0.0,0.0,0.0,0.0,0.0,0.0,0.0,0.0,0.0,0.0,0.0,0.0,0.0,0.0,0.0,0.0,0.0,0.0,0.0,0.0,0.0,0.0,0.0,0.0,0.0,0.0,0.0,0.0,0.0,0.0,0.0,0.0,0.0,0.0,0.0,0.0,0.0,0.0,0.0,0.0,3.0,7.0,2.0,3.0,10.0,13.0,9.0,6.0,0.0,0.0,0.0,0.0,0.0,0.0,0.0,0.0,0.0,0.0,0.0,0.0,0.0,0.0,0.0,0.0,0.0,0.0,0.0,0.0,0.0,0.0,0.0,0.0,0.0,0.0,4.0,9.0,4.0,5.0,15.0,18.0,12.0,11.0
505,1.0,505.0,London_60,,151,453,1092.0,70.0,2.0,159456.0,0.6055895639583468,805.0,29.0,1.0,28.0,56.0,7.0,49.0,104.0,145.0,130.0,17.0,107.0,10.0,29.0,8.0,7.0,6.0,75.0,141.0,231.0,41.0,0.0,0.0,0.0,0.0,0.0,0.0,0.0,0.0,0.0,0.0,0.0,0.0,0.0,0.0,0.0,0.0,0.0,0.0,0.0,0.0,0.0,0.0,0.0,0.0,0.0,0.0,0.0,0.0,0.0,0.0,0.0,0.0,0.0,0.0,1.0,1.0,0.0,0.0,0.0,0.0,0.0,0.0,0.0,0.0,0.0,0.0,0.0,2.0,1.0,3.0,9.0,4.0,6.0,1.0,0.0,0.0,0.0,0.0,0.0,0.0,0.0,0.0,0.0,0.0,0.0,0.0,0.0,0.0,4.0,1.0,0.0,0.0,0.0,0.0,0.0,0.0,0.0,0.0,0.0,0.0,0.0,2.0,2.0,3.0,11.0,4.0,10.0,2.0
506,1.0,506.0,London_60,,151,453,1092.0,70.0,2.0,192072.0,0.7248454419896007,877.0,176.0,1.0,175.0,303.0,9.0,294.0,56.0,143.0,146.0,16.0,101.0,11.0,22.0,7.0,7.0,1.0,82.0,127.0,243.0,38.0,0.0,0.0,0.0,0.0,0.0,0.0,0.0,0.0,0.0,0.0,0.0,0.0,0.0,0.0,0.0,0.0,0.0,0.0,0.0,0.0,0.0,0.0,0.0,0.0,0.0,0.0,0.0,0.0,0.0,0.0,0.0,0.0,0.0,0.0,0.0,0.0,0.0,0.0,0.0,0.0,11.0,22.0,1.0,2.0,6.0,0.0,32.0,4.0,17.0,4.0,38.0,41.0,26.0,16.0,0.0,0.0,0.0,0.0,0.0,0.0,0.0,0.0,0.0,0.0,0.0,0.0,0.0,0.0,0.0,0.0,0.0,0.0,0.0,0.0,12.0,28.0,1.0,2.0,6.0,0.0,49.0,4.0,23.0,5.0,51.0,61.0,30.0,24.0
507,1.0,507.0,London_60,,151,453,1092.0,70.0,2.0,147678.0,0.6944209591019899,779.0,101.0,2.0,99.0,191.0,19.0,172.0,303.0,164.0,128.0,25.0,83.0,7.0,31.0,5.0,10.0,7.0,70.0,152.0,224.0,48.0,0.0,0.0,0.0,0.0,0.0,0.0,0.0,0.0,0.0,0.0,0.0,0.0,0.0,0.0,0.0,0.0,0.0,0.0,0.0,0.0,0.0,0.0,0.0,0.0,0.0,0.0,0.0,0.0,0.0,0.0,0.0,0.0,1.0,0.0,1.0,1.0,0.0,0.0,0.0,0.0,0.0,2.0,0.0,2.0,0.0,0.0,12.0,6.0,4.0,8.0,19.0,16.0,18.0,4.0,0.0,0.0,0.0,0.0,0.0,0.0,0.0,0.0,0.0,0.0,0.0,0.0,7.0,0.0,7.0,2.0,0.0,0.0,0.0,0.0,0.0,2.0,0.0,3.0,0.0,0.0,16.0,7.0,4.0,11.0,26.0,27.0,25.0,7.0
508,1.0,508.0,London_60,,151,453,1092.0,70.0,2.0,139977.0,0.7533765360713005,762.0,127.0,2.0,125.0,246.0,20.0,226.0,191.0,172.0,136.0,18.0,71.0,5.0,38.0,2.0,11.0,6.0,74.0,148.0,225.0,42.0,0.0,0.0,0.0,0.0,0.0,0.0,0.0,0.0,0.0,0.0,0.0,0.0,0.0,0.0,0.0,0.0,0.0,0.0,0.0,0.0,0.0,0.0,0.0,0.0,0.0,0.0,0.0,0.0,0.0,1.0,0.0,0.0,0.0,0.0,0.0,0.0,0.0,0.0,0.0,0.0,2.0,5.0,0.0,1.0,2.0,0.0,17.0,9.0,4.0,24.0,27.0,34.0,21.0,4.0,0.0,0.0,0.0,0.0,0.0,0.0,0.0,0.0,0.0,1.0,0.0,0.0,0.0,0.0,0.0,0.0,0.0,0.0,0.0,0.0,2.0,5.0,0.0,2.0,2.0,0.0,22.0,15.0,6.0,33.0,45.0,52.0,31.0,8.0
509,1.0,509.0,London_60,,151,453,1092.0,70.0,2.0,112344.0,0.5077989101409912,701.0,85.0,1.0,84.0,158.0,8.0,150.0,246.0,189.0,113.0,10.0,84.0,8.0,33.0,2.0,14.0,5.0,77.0,159.0,212.0,42.0,0.0,0.0,0.0,0.0,0.0,0.0,0.0,0.0,0.0,0.0,0.0,0.0,0.0,0.0,0.0,0.0,0.0,0.0,0.0,0.0,0.0,0.0,0.0,0.0,0.0,0.0,0.0,0.0,0.0,0.0,0.0,0.0,0.0,1.0,0.0,1.0,0.0,0.0,0.0,0.0,2.0,2.0,1.0,0.0,0.0,0.0,8.0,7.0,6.0,10.0,24.0,19.0,11.0,6.0,0.0,0.0,0.0,0.0,0.0,0.0,0.0,0.0,0.0,0.0,0.0,0.0,0.0,7.0,0.0,2.0,0.0,0.0,0.0,0.0,2.0,3.0,1.0,0.0,0.0,0.0,12.0,9.0,9.0,16.0,38.0,29.0,16.0,12.0
510,1.0,510.0,London_60,,151,453,1092.0,70.0,2.0,104643.0,0.6298523731529713,684.0,2.0,0.0,2.0,4.0,0.0,4.0,158.0,193.0,117.0,14.0,71.0,8.0,37.0,2.0,11.0,8.0,68.0,153.0,224.0,41.0,0.0,0.0,0.0,0.0,0.0,0.0,0.0,0.0,0.0,0.0,0.0,0.0,0.0,0.0,0.0,0.0,0.0,0.0,0.0,0.0,0.0,0.0,0.0,0.0,0.0,0.0,0.0,0.0,0.0,0.0,0.0,0.0,0.0,0.0,0.0,0.0,0.0,0.0,0.0,0.0,0.0,0.0,0.0,0.0,0.0,0.0,0.0,0.0,1.0,0.0,0.0,2.0,0.0,0.0,0.0,0.0,0.0,0.0,0.0,0.0,0.0,0.0,0.0,0.0,0.0,0.0,0.0,0.0,0.0,0.0,0.0,0.0,0.0,0.0,0.0,0.0,0.0,0.0,0.0,0.0,0.0,0.0,1.0,0.0,0.0,2.0,0.0,0.0
511,1.0,511.0,London_60,,151,453,1092.0,70.0,2.0,151755.0,0.9584838331211358,788.0,7.0,2.0,5.0,28.0,19.0,9.0,4.0,194.0,116.0,14.0,72.0,8.0,36.0,2.0,11.0,8.0,67.0,154.0,224.0,42.0,0.0,0.0,0.0,0.0,0.0,0.0,0.0,0.0,0.0,0.0,0.0,0.0,0.0,0.0,0.0,0.0,0.0,0.0,0.0,0.0,0.0,0.0,0.0,0.0,0.0,0.0,0.0,0.0,0.0,0.0,0.0,0.0,0.0,0.0,1.0,2.0,0.0,0.0,0.0,0.0,0.0,0.0,0.0,0.0,0.0,0.0,1.0,1.0,0.0,0.0,1.0,1.0,1.0,0.0,0.0,0.0,0.0,0.0,0.0,0.0,0.0,0.0,0.0,0.0,0.0,0.0,0.0,0.0,7.0,6.0,0.0,0.0,0.0,0.0,0.0,0.0,0.0,0.0,0.0,0.0,2.0,1.0,0.0,0.0,1.0,1.0,1.0,0.0
512,1.0,512.0,London_60,,151,453,1092.0,70.0,2.0,196149.0,0.9648337450344115,886.0,119.0,0.0,119.0,202.0,0.0,202.0,28.0,184.0,125.0,15.0,72.0,8.0,36.0,2.0,11.0,3.0,70.0,149.0,231.0,38.0,0.0,0.0,0.0,0.0,0.0,0.0,0.0,0.0,0.0,0.0,0.0,0.0,0.0,0.0,0.0,0.0,0.0,0.0,0.0,0.0,0.0,0.0,0.0,0.0,0.0,0.0,0.0,0.0,0.0,0.0,0.0,0.0,0.0,0.0,0.0,0.0,0.0,0.0,0.0,0.0,3.0,8.0,0.0,0.0,1.0,1.0,28.0,9.0,9.0,11.0,20.0,29.0,16.0,12.0,0.0,0.0,0.0,0.0,0.0,0.0,0.0,0.0,0.0,0.0,0.0,0.0,0.0,0.0,0.0,0.0,0.0,0.0,0.0,0.0,4.0,9.0,0.0,0.0,2.0,1.0,39.0,12.0,12.0,14.0,29.0,45.0,19.0,15.0
513,1.0,513.0,London_60,,151,453,1092.0,70.0,2.0,179388.0,2.9076868309639394,849.0,129.0,2.0,127.0,229.0,18.0,211.0,202.0,194.0,124.0,21.0,55.0,12.0,42.0,1.0,4.0,4.0,65.0,151.0,233.0,37.0,0.0,0.0,0.0,0.0,0.0,0.0,0.0,0.0,0.0,0.0,0.0,0.0,0.0,0.0,0.0,0.0,0.0,0.0,0.0,0.0,0.0,0.0,0.0,0.0,0.0,0.0,0.0,0.0,0.0,1.0,0.0,0.0,0.0,1.0,0.0,1.0,0.0,0.0,0.0,0.0,2.0,4.0,0.0,4.0,2.0,0.0,11.0,16.0,11.0,13.0,16.0,27.0,18.0,8.0,0.0,0.0,0.0,0.0,0.0,0.0,0.0,0.0,0.0,5.0,0.0,0.0,0.0,6.0,0.0,4.0,0.0,0.0,0.0,0.0,2.0,4.0,0.0,5.0,4.0,0.0,17.0,23.0,16.0,15.0,26.0,39.0,20.0,13.0
514,1.0,514.0,London_60,,151,453,1092.0,70.0,2.0,157191.0,1.5828402100596577,800.0,98.0,0.0,98.0,159.0,0.0,159.0,229.0,216.0,110.0,17.0,62.0,6.0,33.0,3.0,6.0,6.0,67.0,145.0,235.0,37.0,0.0,0.0,0.0,0.0,0.0,0.0,0.0,0.0,0.0,0.0,0.0,0.0,0.0,0.0,0.0,0.0,0.0,0.0,0.0,0.0,0.0,0.0,0.0,0.0,0.0,0.0,0.0,0.0,0.0,0.0,0.0,0.0,0.0,0.0,0.0,0.0,0.0,0.0,0.0,0.0,0.0,5.0,1.0,2.0,2.0,0.0,3.0,9.0,8.0,8.0,21.0,27.0,19.0,12.0,0.0,0.0,0.0,0.0,0.0,0.0,0.0,0.0,0.0,0.0,0.0,0.0,0.0,0.0,0.0,0.0,0.0,0.0,0.0,0.0,0.0,6.0,1.0,2.0,2.0,0.0,3.0,10.0,12.0,8.0,29.0,36.0,23.0,19.0
515,1.0,515.0,London_60,,151,453,1092.0,70.0,2.0,151302.0,1.766242038924247,787.0,96.0,0.0,96.0,183.0,0.0,183.0,159.0,226.0,108.0,26.0,40.0,8.0,37.0,5.0,3.0,5.0,70.0,142.0,236.0,22.0,0.0,0.0,0.0,0.0,0.0,0.0,0.0,0.0,0.0,0.0,0.0,0.0,0.0,0.0,0.0,0.0,0.0,0.0,0.0,0.0,0.0,0.0,0.0,0.0,0.0,0.0,0.0,0.0,0.0,0.0,0.0,0.0,0.0,0.0,0.0,0.0,0.0,0.0,0.0,0.0,2.0,0.0,0.0,0.0,0.0,0.0,13.0,5.0,8.0,8.0,12.0,20.0,18.0,9.0,0.0,0.0,0.0,0.0,0.0,0.0,0.0,0.0,0.0,0.0,0.0,0.0,0.0,0.0,0.0,0.0,0.0,0.0,0.0,0.0,2.0,0.0,0.0,0.0,0.0,0.0,20.0,10.0,14.0,14.0,22.0,34.0,24.0,15.0
516,1.0,516.0,London_60,,151,453,1092.0,70.0,2.0,144054.0,0.9716643879655749,771.0,74.0,0.0,74.0,137.0,0.0,137.0,183.0,240.0,85.0,20.0,48.0,12.0,39.0,3.0,6.0,8.0,68.0,153.0,224.0,26.0,0.0,0.0,0.0,0.0,0.0,0.0,0.0,0.0,0.0,0.0,0.0,0.0,0.0,0.0,0.0,0.0,0.0,0.0,0.0,0.0,0.0,0.0,0.0,0.0,0.0,0.0,0.0,0.0,0.0,0.0,0.0,0.0,0.0,0.0,0.0,0.0,0.0,0.0,0.0,0.0,1.0,0.0,0.0,0.0,1.0,0.0,4.0,8.0,6.0,6.0,15.0,15.0,18.0,6.0,0.0,0.0,0.0,0.0,0.0,0.0,0.0,0.0,0.0,0.0,0.0,0.0,0.0,0.0,0.0,0.0,0.0,0.0,0.0,0.0,1.0,0.0,0.0,0.0,1.0,0.0,5.0,10.0,12.0,10.0,24.0,23.0,23.0,9.0
517,1.0,517.0,London_60,,151,453,1092.0,70.0,2.0,149490.0,1.0390312590170652,783.0,56.0,2.0,54.0,120.0,22.0,98.0,137.0,251.0,82.0,15.0,47.0,14.0,39.0,3.0,2.0,7.0,68.0,144.0,234.0,25.0,0.0,0.0,0.0,0.0,0.0,0.0,0.0,0.0,0.0,1.0,0.0,1.0,0.0,0.0,0.0,0.0,0.0,0.0,1.0,0.0,0.0,0.0,0.0,0.0,0.0,0.0,0.0,0.0,0.0,1.0,0.0,0.0,1.0,0.0,1.0,1.0,0.0,0.0,0.0,0.0,1.0,2.0,1.0,1.0,0.0,0.0,3.0,5.0,5.0,4.0,9.0,15.0,20.0,6.0,0.0,0.0,0.0,0.0,0.0,0.0,0.0,0.0,0.0,2.0,0.0,0.0,5.0,0.0,4.0,3.0,0.0,0.0,0.0,0.0,1.0,3.0,1.0,1.0,0.0,0.0,4.0,5.0,6.0,4.0,11.0,25.0,26.0,9.0
518,1.0,518.0,London_60,,151,453,1092.0,70.0,2.0,160362.0,1.8425887271296233,807.0,112.0,2.0,110.0,216.0,18.0,198.0,114.0,255.0,87.0,14.0,27.0,18.0,51.0,1.0,0.0,6.0,69.0,142.0,236.0,25.0,0.0,0.0,0.0,0.0,0.0,0.0,0.0,0.0,0.0,0.0,0.0,0.0,0.0,0.0,0.0,0.0,0.0,0.0,0.0,0.0,0.0,0.0,0.0,0.0,0.0,0.0,0.0,0.0,0.0,2.0,0.0,0.0,2.0,0.0,2.0,0.0,1.0,0.0,0.0,0.0,0.0,1.0,0.0,2.0,19.0,1.0,15.0,0.0,9.0,7.0,16.0,29.0,16.0,12.0,0.0,0.0,0.0,0.0,0.0,0.0,0.0,0.0,0.0,2.0,0.0,0.0,5.0,0.0,10.0,0.0,9.0,0.0,0.0,0.0,0.0,1.0,0.0,2.0,21.0,2.0,21.0,0.0,9.0,8.0,31.0,37.0,21.0,18.0
519,1.0,519.0,London_60,,151,453,1092.0,70.0,2.0,152208.0,0.6025478860829026,789.0,107.0,2.0,105.0,195.0,17.0,178.0,216.0,231.0,78.0,12.0,63.0,20.0,45.0,1.0,3.0,3.0,82.0,144.0,224.0,31.0,0.0,0.0,0.0,0.0,0.0,0.0,0.0,0.0,0.0,0.0,0.0,0.0,0.0,0.0,0.0,0.0,0.0,0.0,0.0,0.0,0.0,0.0,0.0,0.0,0.0,0.0,0.0,0.0,0.0,1.0,0.0,0.0,0.0,0.0,0.0,2.0,0.0,0.0,0.0,0.0,1.0,1.0,6.0,0.0,0.0,0.0,7.0,11.0,7.0,8.0,23.0,27.0,17.0,4.0,0.0,0.0,0.0,0.0,0.0,0.0,0.0,0.0,0.0,4.0,0.0,0.0,0.0,0.0,0.0,6.0,0.0,0.0,0.0,0.0,1.0,1.0,7.0,0.0,0.0,0.0,11.0,11.0,13.0,11.0,35.0,37.0,19.0,5.0
520,1.0,520.0,London_60,,151,453,1092.0,70.0,2.0,144507.0,0.7535387079697102,772.0,42.0,1.0,41.0,90.0,12.0,78.0,195.0,234.0,71.0,13.0,61.0,15.0,54.0,2.0,3.0,9.0,77.0,142.0,225.0,32.0,0.0,0.0,0.0,0.0,0.0,0.0,0.0,0.0,0.0,0.0,0.0,0.0,0.0,0.0,0.0,0.0,0.0,0.0,0.0,0.0,0.0,0.0,0.0,0.0,0.0,0.0,0.0,0.0,0.0,0.0,1.0,0.0,1.0,0.0,0.0,1.0,0.0,0.0,0.0,0.0,0.0,2.0,0.0,0.0,0.0,0.0,7.0,6.0,3.0,7.0,6.0,7.0,2.0,3.0,0.0,0.0,0.0,0.0,0.0,0.0,0.0,0.0,0.0,0.0,2.0,0.0,1.0,0.0,0.0,4.0,0.0,0.0,0.0,0.0,0.0,3.0,0.0,0.0,0.0,0.0,8.0,9.0,3.0,13.0,9.0,11.0,3.0,5.0
521,1.0,521.0,London_60,,151,453,1092.0,70.0,2.0,161721.0,0.6792866559699178,810.0,107.0,0.0,107.0,170.0,0.0,170.0,90.0,245.0,87.0,8.0,47.0,17.0,42.0,3.0,4.0,8.0,77.0,150.0,218.0,28.0,0.0,0.0,0.0,0.0,0.0,0.0,0.0,0.0,0.0,0.0,0.0,0.0,0.0,0.0,0.0,0.0,0.0,0.0,0.0,0.0,0.0,0.0,0.0,0.0,0.0,0.0,0.0,0.0,0.0,0.0,0.0,0.0,0.0,0.0,0.0,0.0,0.0,0.0,0.0,0.0,1.0,16.0,14.0,4.0,5.0,2.0,2.0,3.0,10.0,9.0,18.0,25.0,19.0,13.0,0.0,0.0,0.0,0.0,0.0,0.0,0.0,0.0,0.0,0.0,0.0,0.0,0.0,0.0,0.0,0.0,0.0,0.0,0.0,0.0,2.0,22.0,14.0,4.0,5.0,5.0,2.0,4.0,19.0,11.0,29.0,34.0,22.0,20.0
522,1.0,522.0,London_60,,151,453,1092.0,70.0,2.0,154926.0,1.037744551198557,795.0,97.0,0.0,97.0,175.0,0.0,175.0,170.0,245.0,80.0,10.0,49.0,24.0,41.0,2.0,2.0,6.0,70.0,141.0,236.0,20.0,0.0,0.0,0.0,0.0,0.0,0.0,0.0,0.0,0.0,0.0,0.0,0.0,0.0,0.0,0.0,0.0,0.0,0.0,0.0,0.0,0.0,0.0,0.0,0.0,0.0,0.0,0.0,0.0,0.0,0.0,0.0,0.0,0.0,0.0,0.0,0.0,0.0,0.0,0.0,0.0,1.0,10.0,1.0,1.0,2.0,0.0,3.0,13.0,3.0,17.0,18.0,28.0,19.0,4.0,0.0,0.0,0.0,0.0,0.0,0.0,0.0,0.0,0.0,0.0,0.0,0.0,0.0,0.0,0.0,0.0,0.0,0.0,0.0,0.0,1.0,14.0,1.0,2.0,3.0,0.0,4.0,16.0,6.0,22.0,27.0,43.0,22.0,6.0
523,1.0,523.0,London_60,,151,453,1092.0,70.0,2.0,144507.0,0.8809726159088314,772.0,83.0,0.0,83.0,129.0,0.0,129.0,175.0,243.0,80.0,16.0,49.0,23.0,36.0,0.0,6.0,8.0,66.0,164.0,215.0,27.0,0.0,0.0,0.0,0.0,0.0,0.0,0.0,0.0,0.0,0.0,0.0,0.0,0.0,0.0,0.0,0.0,0.0,0.0,0.0,0.0,0.0,0.0,0.0,0.0,0.0,0.0,0.0,0.0,0.0,0.0,0.0,0.0,0.0,0.0,0.0,0.0,0.0,0.0,0.0,0.0,1.0,2.0,1.0,3.0,3.0,0.0,3.0,8.0,2.0,3.0,12.0,16.0,12.0,2.0,0.0,0.0,0.0,0.0,0.0,0.0,0.0,0.0,0.0,0.0,0.0,0.0,0.0,0.0,0.0,0.0,0.0,0.0,0.0,0.0,1.0,3.0,1.0,5.0,3.0,0.0,4.0,10.0,2.0,3.0,15.0,24.0,15.0,3.0
524,1.0,524.0,London_60,,151,453,1092.0,70.0,2.0,139977.0,1.789581995923072,762.0,42.0,2.0,40.0,89.0,18.0,71.0,129.0,243.0,74.0,14.0,50.0,24.0,39.0,1.0,8.0,6.0,75.0,162.0,210.0,23.0,0.0,0.0,0.0,0.0,0.0,0.0,0.0,0.0,0.0,0.0,0.0,0.0,0.0,0.0,0.0,0.0,0.0,0.0,0.0,0.0,0.0,0.0,0.0,0.0,0.0,0.0,0.0,0.0,0.0,0.0,0.0,0.0,0.0,0.0,0.0,0.0,0.0,0.0,0.0,0.0,1.0,2.0,0.0,0.0,0.0,0.0,3.0,5.0,1.0,6.0,6.0,9.0,3.0,1.0,0.0,0.0,0.0,0.0,0.0,0.0,0.0,0.0,0.0,0.0,0.0,0.0,0.0,0.0,0.0,0.0,0.0,0.0,0.0,0.0,1.0,4.0,0.0,0.0,0.0,0.0,4.0,9.0,1.0,7.0,11.0,13.0,4.0,2.0
525,1.0,525.0,London_60,,151,453,1092.0,70.0,2.0,152661.0,0.8395447439979762,790.0,141.0,1.0,140.0,249.0,8.0,241.0,89.0,236.0,74.0,15.0,55.0,23.0,39.0,5.0,6.0,6.0,77.0,141.0,229.0,21.0,0.0,0.0,0.0,0.0,0.0,0.0,0.0,0.0,0.0,0.0,0.0,0.0,0.0,0.0,0.0,0.0,0.0,0.0,0.0,0.0,0.0,0.0,0.0,0.0,0.0,0.0,0.0,0.0,0.0,0.0,0.0,0.0,1.0,0.0,0.0,1.0,0.0,0.0,0.0,0.0,6.0,17.0,0.0,5.0,9.0,1.0,6.0,5.0,11.0,5.0,20.0,34.0,19.0,9.0,0.0,0.0,0.0,0.0,0.0,0.0,0.0,0.0,0.0,0.0,0.0,0.0,5.0,0.0,0.0,4.0,0.0,0.0,0.0,0.0,7.0,26.0,0.0,7.0,9.0,1.0,9.0,9.0,14.0,5.0,32.0,50.0,22.0,13.0
526,1.0,526.0,London_60,,151,453,1092.0,70.0,2.0,128199.0,0.8192771510221064,736.0,132.0,0.0,132.0,221.0,0.0,221.0,249.0,187.0,91.0,22.0,78.0,24.0,39.0,5.0,7.0,7.0,67.0,152.0,227.0,38.0,0.0,0.0,0.0,0.0,0.0,0.0,0.0,0.0,0.0,0.0,0.0,0.0,0.0,0.0,0.0,0.0,0.0,0.0,0.0,0.0,0.0,0.0,0.0,0.0,0.0,0.0,0.0,0.0,0.0,0.0,0.0,0.0,0.0,0.0,0.0,0.0,0.0,0.0,0.0,0.0,1.0,4.0,0.0,2.0,5.0,0.0,22.0,11.0,12.0,14.0,17.0,32.0,17.0,10.0,0.0,0.0,0.0,0.0,0.0,0.0,0.0,0.0,0.0,0.0,0.0,0.0,0.0,0.0,0.0,0.0,0.0,0.0,0.0,0.0,1.0,6.0,0.0,4.0,5.0,0.0,26.0,13.0,15.0,16.0,24.0,48.0,21.0,12.0
527,1.0,527.0,London_60,,151,453,1092.0,70.0,2.0,105549.0,0.5326801999472082,686.0,0.0,0.0,0.0,0.0,0.0,0.0,221.0,194.0,82.0,22.0,75.0,24.0,45.0,4.0,7.0,7.0,73.0,152.0,221.0,43.0,0.0,0.0,0.0,0.0,0.0,0.0,0.0,0.0,0.0,0.0,0.0,0.0,0.0,0.0,0.0,0.0,0.0,0.0,0.0,0.0,0.0,0.0,0.0,0.0,0.0,0.0,0.0,0.0,0.0,0.0,0.0,0.0,0.0,0.0,0.0,0.0,0.0,0.0,0.0,0.0,0.0,0.0,0.0,0.0,0.0,0.0,0.0,0.0,0.0,0.0,0.0,0.0,0.0,0.0,0.0,0.0,0.0,0.0,0.0,0.0,0.0,0.0,0.0,0.0,0.0,0.0,0.0,0.0,0.0,0.0,0.0,0.0,0.0,0.0,0.0,0.0,0.0,0.0,0.0,0.0,0.0,0.0,0.0,0.0,0.0,0.0,0.0,0.0
528,1.0,528.0,London_60,,151,453,1092.0,70.0,2.0,141336.0,0.45316005079075694,765.0,62.0,2.0,60.0,121.0,17.0,104.0,0.0,194.0,82.0,22.0,75.0,24.0,45.0,4.0,7.0,7.0,73.0,152.0,221.0,43.0,0.0,0.0,0.0,0.0,0.0,0.0,0.0,0.0,0.0,0.0,0.0,0.0,0.0,0.0,0.0,0.0,0.0,0.0,0.0,0.0,0.0,0.0,0.0,0.0,0.0,0.0,0.0,0.0,0.0,0.0,0.0,0.0,2.0,1.0,1.0,2.0,0.0,0.0,0.0,0.0,2.0,1.0,0.0,1.0,0.0,0.0,6.0,4.0,1.0,2.0,13.0,17.0,7.0,2.0,0.0,0.0,0.0,0.0,0.0,0.0,0.0,0.0,0.0,0.0,0.0,0.0,10.0,4.0,6.0,7.0,0.0,0.0,0.0,0.0,2.0,1.0,0.0,2.0,0.0,0.0,9.0,4.0,1.0,2.0,18.0,26.0,9.0,3.0
529,1.0,529.0,London_60,,151,453,1092.0,70.0,2.0,148131.0,1.028503459179774,780.0,22.0,0.0,22.0,39.0,0.0,39.0,121.0,200.0,91.0,21.0,83.0,17.0,31.0,5.0,5.0,3.0,77.0,149.0,224.0,29.0,0.0,0.0,0.0,0.0,0.0,0.0,0.0,0.0,0.0,0.0,0.0,0.0,0.0,0.0,0.0,0.0,0.0,0.0,0.0,0.0,0.0,0.0,0.0,0.0,0.0,0.0,0.0,0.0,0.0,0.0,0.0,0.0,0.0,0.0,0.0,0.0,0.0,0.0,0.0,0.0,1.0,0.0,0.0,1.0,0.0,0.0,4.0,1.0,1.0,4.0,4.0,7.0,5.0,4.0,0.0,0.0,0.0,0.0,0.0,0.0,0.0,0.0,0.0,0.0,0.0,0.0,0.0,0.0,0.0,0.0,0.0,0.0,0.0,0.0,1.0,0.0,0.0,1.0,0.0,0.0,6.0,2.0,1.0,7.0,7.0,13.0,5.0,7.0
530,1.0,530.0,London_60,,151,453,1092.0,70.0,2.0,184371.0,1.3360306329559535,860.0,84.0,2.0,82.0,172.0,16.0,156.0,39.0,200.0,96.0,20.0,76.0,18.0,36.0,3.0,4.0,3.0,79.0,144.0,227.0,25.0,0.0,0.0,0.0,0.0,0.0,0.0,0.0,0.0,0.0,0.0,0.0,0.0,0.0,0.0,0.0,0.0,0.0,0.0,0.0,0.0,0.0,0.0,0.0,0.0,0.0,0.0,0.0,0.0,0.0,1.0,1.0,0.0,1.0,0.0,1.0,2.0,0.0,0.0,0.0,0.0,3.0,1.0,1.0,0.0,4.0,0.0,9.0,3.0,5.0,7.0,20.0,10.0,7.0,10.0,0.0,0.0,0.0,0.0,0.0,0.0,0.0,0.0,0.0,5.0,4.0,0.0,6.0,0.0,7.0,8.0,0.0,0.0,0.0,0.0,3.0,1.0,1.0,0.0,4.0,0.0,12.0,4.0,7.0,9.0,36.0,17.0,11.0,17.0
531,1.0,531.0,London_60,,151,453,1092.0,70.0,2.0,181653.0,1.2796409209258854,854.0,144.0,2.0,142.0,257.0,19.0,238.0,172.0,195.0,109.0,15.0,90.0,10.0,24.0,2.0,8.0,1.0,74.0,140.0,238.0,43.0,0.0,0.0,0.0,0.0,0.0,0.0,0.0,0.0,0.0,0.0,0.0,0.0,0.0,0.0,0.0,0.0,0.0,0.0,0.0,0.0,0.0,0.0,0.0,0.0,0.0,0.0,0.0,0.0,0.0,1.0,0.0,0.0,0.0,0.0,1.0,1.0,0.0,0.0,0.0,0.0,6.0,12.0,7.0,4.0,7.0,0.0,36.0,5.0,7.0,10.0,23.0,33.0,20.0,9.0,0.0,0.0,0.0,0.0,0.0,0.0,0.0,0.0,0.0,6.0,0.0,0.0,0.0,0.0,7.0,4.0,0.0,0.0,0.0,0.0,6.0,16.0,11.0,7.0,10.0,0.0,49.0,9.0,10.0,13.0,36.0,41.0,22.0,17.0
532,1.0,532.0,London_60,,151,453,1092.0,70.0,2.0,159003.0,1.4013332449831069,804.0,87.0,2.0,85.0,151.0,16.0,135.0,257.0,204.0,111.0,11.0,88.0,6.0,24.0,2.0,7.0,7.0,84.0,143.0,219.0,43.0,0.0,0.0,0.0,0.0,0.0,0.0,0.0,0.0,0.0,0.0,0.0,0.0,0.0,0.0,0.0,0.0,0.0,0.0,0.0,0.0,0.0,0.0,0.0,0.0,0.0,0.0,0.0,0.0,0.0,1.0,0.0,0.0,0.0,1.0,1.0,2.0,0.0,0.0,0.0,0.0,4.0,0.0,0.0,4.0,0.0,0.0,3.0,6.0,2.0,9.0,11.0,16.0,13.0,6.0,0.0,0.0,0.0,0.0,0.0,0.0,0.0,0.0,0.0,2.0,0.0,0.0,0.0,7.0,8.0,5.0,0.0,0.0,0.0,0.0,5.0,0.0,0.0,7.0,0.0,0.0,3.0,8.0,3.0,12.0,14.0,23.0,14.0,8.0
533,1.0,533.0,London_60,,151,453,1092.0,70.0,2.0,160362.0,0.7358558929990977,807.0,99.0,0.0,99.0,179.0,0.0,179.0,151.0,209.0,90.0,19.0,96.0,10.0,23.0,2.0,4.0,4.0,78.0,151.0,220.0,29.0,0.0,0.0,0.0,0.0,0.0,0.0,0.0,0.0,0.0,0.0,0.0,0.0,0.0,0.0,0.0,0.0,0.0,0.0,0.0,0.0,0.0,0.0,0.0,0.0,0.0,0.0,0.0,0.0,0.0,0.0,0.0,0.0,0.0,0.0,0.0,0.0,0.0,0.0,0.0,0.0,8.0,7.0,2.0,2.0,2.0,0.0,13.0,5.0,6.0,11.0,18.0,26.0,15.0,8.0,0.0,0.0,0.0,0.0,0.0,0.0,0.0,0.0,0.0,0.0,0.0,0.0,0.0,0.0,0.0,0.0,0.0,0.0,0.0,0.0,9.0,14.0,3.0,2.0,3.0,0.0,17.0,8.0,8.0,15.0,23.0,42.0,18.0,13.0
534,1.0,534.0,London_60,,151,453,1092.0,70.0,2.0,153114.0,0.6497992819640785,791.0,60.0,2.0,58.0,121.0,18.0,103.0,179.0,215.0,115.0,30.0,58.0,10.0,20.0,1.0,4.0,8.0,69.0,163.0,213.0,38.0,0.0,0.0,0.0,0.0,0.0,0.0,0.0,0.0,0.0,0.0,0.0,0.0,0.0,0.0,0.0,0.0,0.0,0.0,0.0,0.0,0.0,0.0,0.0,0.0,0.0,0.0,0.0,0.0,0.0,0.0,0.0,0.0,0.0,0.0,0.0,1.0,0.0,0.0,0.0,0.0,1.0,1.0,0.0,1.0,0.0,0.0,10.0,4.0,7.0,2.0,10.0,19.0,17.0,8.0,0.0,0.0,0.0,0.0,0.0,0.0,0.0,0.0,0.0,0.0,0.0,0.0,0.0,0.0,0.0,4.0,0.0,0.0,0.0,0.0,2.0,2.0,0.0,2.0,0.0,0.0,13.0,5.0,11.0,3.0,12.0,32.0,21.0,10.0
535,1.0,535.0,London_60,,151,453,1092.0,70.0,2.0,162174.0,0.867059696931392,811.0,129.0,0.0,129.0,217.0,0.0,217.0,121.0,221.0,123.0,32.0,57.0,6.0,10.0,0.0,4.0,5.0,72.0,156.0,220.0,28.0,0.0,0.0,0.0,0.0,0.0,0.0,0.0,0.0,0.0,0.0,0.0,0.0,0.0,0.0,0.0,0.0,0.0,0.0,0.0,0.0,0.0,0.0,0.0,0.0,0.0,0.0,0.0,0.0,0.0,0.0,0.0,0.0,0.0,0.0,0.0,0.0,0.0,0.0,0.0,0.0,5.0,2.0,0.0,0.0,8.0,0.0,12.0,8.0,17.0,3.0,17.0,33.0,20.0,12.0,0.0,0.0,0.0,0.0,0.0,0.0,0.0,0.0,0.0,0.0,0.0,0.0,0.0,0.0,0.0,0.0,0.0,0.0,0.0,0.0,6.0,2.0,0.0,0.0,10.0,0.0,18.0,11.0,19.0,3.0,30.0,46.0,30.0,19.0
536,1.0,536.0,London_60,,151,453,1092.0,70.0,2.0,132276.0,0.55287058907561,745.0,49.0,0.0,49.0,85.0,0.0,85.0,217.0,247.0,91.0,21.0,61.0,8.0,21.0,1.0,3.0,8.0,70.0,162.0,213.0,24.0,0.0,0.0,0.0,0.0,0.0,0.0,0.0,0.0,0.0,0.0,0.0,0.0,0.0,0.0,0.0,0.0,0.0,0.0,0.0,0.0,0.0,0.0,0.0,0.0,0.0,0.0,0.0,0.0,0.0,0.0,0.0,0.0,0.0,0.0,0.0,0.0,0.0,0.0,0.0,0.0,1.0,0.0,0.0,0.0,0.0,0.0,3.0,2.0,1.0,4.0,9.0,6.0,11.0,6.0,0.0,0.0,0.0,0.0,0.0,0.0,0.0,0.0,0.0,0.0,0.0,0.0,0.0,0.0,0.0,0.0,0.0,0.0,0.0,0.0,1.0,0.0,0.0,0.0,0.0,0.0,3.0,3.0,2.0,5.0,15.0,11.0,13.0,11.0
537,1.0,537.0,London_60,,151,453,1092.0,70.0,2.0,152208.0,0.7304006309714168,789.0,32.0,1.0,31.0,62.0,9.0,53.0,85.0,250.0,86.0,23.0,59.0,7.0,21.0,2.0,5.0,4.0,70.0,167.0,212.0,19.0,0.0,0.0,0.0,0.0,0.0,0.0,0.0,0.0,0.0,0.0,0.0,0.0,0.0,0.0,0.0,0.0,0.0,0.0,0.0,0.0,0.0,0.0,0.0,0.0,0.0,0.0,0.0,0.0,0.0,0.0,0.0,0.0,0.0,0.0,0.0,0.0,0.0,0.0,0.0,0.0,1.0,1.0,0.0,0.0,0.0,0.0,1.0,1.0,4.0,1.0,11.0,6.0,7.0,4.0,0.0,0.0,0.0,0.0,0.0,0.0,0.0,0.0,0.0,0.0,0.0,0.0,0.0,0.0,0.0,0.0,0.0,0.0,0.0,0.0,1.0,1.0,0.0,0.0,0.0,0.0,2.0,2.0,5.0,1.0,16.0,10.0,9.0,5.0
538,1.0,538.0,London_60,,151,453,1092.0,70.0,2.0,173046.0,0.7847641760017723,835.0,135.0,2.0,133.0,245.0,17.0,228.0,62.0,258.0,88.0,22.0,47.0,6.0,26.0,2.0,4.0,6.0,78.0,165.0,204.0,23.0,0.0,0.0,0.0,0.0,0.0,0.0,0.0,0.0,0.0,0.0,0.0,0.0,0.0,0.0,0.0,0.0,0.0,0.0,0.0,0.0,0.0,0.0,0.0,0.0,0.0,0.0,0.0,0.0,0.0,1.0,0.0,0.0,0.0,0.0,0.0,0.0,0.0,0.0,0.0,0.0,5.0,18.0,0.0,2.0,4.0,0.0,13.0,10.0,8.0,7.0,32.0,27.0,21.0,15.0,0.0,0.0,0.0,0.0,0.0,0.0,0.0,0.0,0.0,1.0,0.0,0.0,0.0,0.0,0.0,0.0,0.0,0.0,0.0,0.0,6.0,23.0,0.0,3.0,4.0,0.0,17.0,15.0,12.0,8.0,44.0,41.0,28.0,26.0
539,1.0,539.0,London_60,,151,453,1092.0,70.0,2.0,152661.0,1.68177500506863,790.0,148.0,1.0,147.0,247.0,10.0,237.0,245.0,223.0,94.0,19.0,71.0,12.0,25.0,4.0,5.0,5.0,82.0,164.0,202.0,34.0,0.0,0.0,0.0,0.0,0.0,0.0,0.0,0.0,0.0,0.0,0.0,0.0,0.0,0.0,0.0,0.0,0.0,0.0,0.0,0.0,0.0,0.0,0.0,0.0,0.0,0.0,0.0,0.0,0.0,1.0,0.0,0.0,0.0,0.0,0.0,1.0,0.0,0.0,0.0,0.0,0.0,17.0,0.0,4.0,1.0,0.0,6.0,15.0,2.0,7.0,28.0,34.0,16.0,8.0,0.0,0.0,0.0,0.0,0.0,0.0,0.0,0.0,0.0,3.0,0.0,0.0,0.0,0.0,0.0,3.0,0.0,0.0,0.0,0.0,0.0,20.0,0.0,6.0,1.0,0.0,8.0,21.0,2.0,8.0,38.0,44.0,22.0,14.0
540,1.0,540.0,London_60,,151,453,1092.0,70.0,2.0,116421.0,0.6543965868186206,710.0,34.0,0.0,34.0,59.0,0.0,59.0,247.0,215.0,95.0,20.0,78.0,10.0,29.0,4.0,2.0,5.0,82.0,147.0,219.0,34.0,0.0,0.0,0.0,0.0,0.0,0.0,0.0,0.0,0.0,0.0,0.0,0.0,0.0,0.0,0.0,0.0,0.0,0.0,0.0,0.0,0.0,0.0,0.0,0.0,0.0,0.0,0.0,0.0,0.0,0.0,0.0,0.0,0.0,0.0,0.0,0.0,0.0,0.0,0.0,0.0,0.0,0.0,0.0,1.0,0.0,0.0,4.0,3.0,1.0,4.0,8.0,4.0,6.0,7.0,0.0,0.0,0.0,0.0,0.0,0.0,0.0,0.0,0.0,0.0,0.0,0.0,0.0,0.0,0.0,0.0,0.0,0.0,0.0,0.0,0.0,0.0,0.0,1.0,0.0,0.0,5.0,3.0,1.0,6.0,11.0,5.0,6.0,11.0
541,1.0,541.0,London_60,,151,453,1092.0,70.0,2.0,137259.0,0.8778673398774117,756.0,11.0,2.0,9.0,31.0,17.0,14.0,59.0,218.0,113.0,21.0,53.0,13.0,29.0,4.0,2.0,6.0,81.0,151.0,215.0,31.0,0.0,0.0,0.0,0.0,0.0,0.0,0.0,0.0,0.0,0.0,0.0,0.0,0.0,0.0,0.0,0.0,0.0,0.0,0.0,0.0,0.0,0.0,0.0,0.0,0.0,0.0,0.0,0.0,0.0,0.0,0.0,0.0,0.0,0.0,1.0,2.0,0.0,0.0,0.0,0.0,0.0,0.0,0.0,0.0,0.0,0.0,1.0,0.0,1.0,0.0,2.0,1.0,2.0,1.0,0.0,0.0,0.0,0.0,0.0,0.0,0.0,0.0,0.0,0.0,0.0,0.0,0.0,0.0,9.0,3.0,0.0,0.0,0.0,0.0,0.0,0.0,0.0,0.0,0.0,0.0,1.0,0.0,1.0,0.0,2.0,1.0,3.0,1.0
542,1.0,542.0,London_60,,151,453,1092.0,70.0,2.0,169875.0,0.7191906420048326,828.0,84.0,2.0,82.0,153.0,18.0,135.0,31.0,208.0,116.0,21.0,58.0,15.0,31.0,2.0,2.0,3.0,87.0,141.0,222.0,26.0,0.0,0.0,0.0,0.0,0.0,0.0,0.0,0.0,0.0,0.0,0.0,0.0,0.0,0.0,0.0,0.0,0.0,0.0,0.0,0.0,0.0,0.0,0.0,0.0,0.0,0.0,0.0,0.0,0.0,0.0,0.0,0.0,1.0,1.0,0.0,1.0,1.0,0.0,0.0,0.0,2.0,2.0,1.0,0.0,1.0,0.0,12.0,5.0,3.0,10.0,20.0,18.0,18.0,7.0,0.0,0.0,0.0,0.0,0.0,0.0,0.0,0.0,0.0,0.0,0.0,0.0,5.0,7.0,0.0,2.0,8.0,0.0,0.0,0.0,2.0,2.0,1.0,0.0,1.0,0.0,16.0,8.0,3.0,10.0,34.0,21.0,27.0,9.0
543,1.0,543.0,London_60,,151,453,1092.0,70.0,2.0,168063.0,1.1268998731393367,824.0,105.0,1.0,104.0,177.0,9.0,168.0,153.0,216.0,128.0,15.0,48.0,18.0,26.0,1.0,1.0,3.0,82.0,139.0,229.0,21.0,0.0,0.0,0.0,0.0,0.0,0.0,0.0,0.0,0.0,0.0,0.0,0.0,0.0,0.0,0.0,0.0,0.0,0.0,0.0,0.0,0.0,0.0,0.0,0.0,0.0,0.0,0.0,0.0,0.0,1.0,0.0,0.0,0.0,0.0,0.0,1.0,0.0,0.0,0.0,0.0,2.0,3.0,0.0,2.0,6.0,0.0,9.0,7.0,1.0,16.0,25.0,22.0,25.0,7.0,0.0,0.0,0.0,0.0,0.0,0.0,0.0,0.0,0.0,1.0,0.0,0.0,0.0,0.0,0.0,3.0,0.0,0.0,0.0,0.0,2.0,4.0,0.0,4.0,7.0,0.0,11.0,11.0,1.0,25.0,35.0,36.0,29.0,11.0
544,1.0,544.0,London_60,,151,453,1092.0,70.0,2.0,156285.0,0.7208398671355098,798.0,118.0,1.0,117.0,204.0,8.0,196.0,177.0,233.0,122.0,14.0,42.0,11.0,28.0,1.0,2.0,8.0,81.0,131.0,233.0,21.0,0.0,0.0,0.0,0.0,0.0,0.0,0.0,0.0,0.0,0.0,0.0,0.0,0.0,0.0,0.0,0.0,0.0,0.0,0.0,0.0,0.0,0.0,0.0,0.0,0.0,0.0,0.0,0.0,0.0,1.0,0.0,0.0,0.0,0.0,0.0,1.0,0.0,0.0,0.0,0.0,10.0,1.0,2.0,5.0,0.0,0.0,14.0,5.0,4.0,10.0,29.0,21.0,34.0,8.0,0.0,0.0,0.0,0.0,0.0,0.0,0.0,0.0,0.0,1.0,0.0,0.0,0.0,0.0,0.0,2.0,0.0,0.0,0.0,0.0,13.0,1.0,2.0,8.0,0.0,0.0,18.0,7.0,4.0,12.0,50.0,27.0,48.0,9.0
545,1.0,545.0,London_60,,151,453,1092.0,70.0,2.0,139977.0,0.6265843801666051,762.0,116.0,0.0,116.0,190.0,0.0,190.0,204.0,237.0,90.0,15.0,69.0,9.0,25.0,0.0,8.0,1.0,82.0,134.0,236.0,25.0,0.0,0.0,0.0,0.0,0.0,0.0,0.0,0.0,0.0,0.0,0.0,0.0,0.0,0.0,0.0,0.0,0.0,0.0,0.0,0.0,0.0,0.0,0.0,0.0,0.0,0.0,0.0,0.0,0.0,0.0,0.0,0.0,0.0,0.0,0.0,0.0,0.0,0.0,0.0,0.0,4.0,4.0,4.0,1.0,0.0,1.0,14.0,12.0,12.0,8.0,19.0,30.0,16.0,10.0,0.0,0.0,0.0,0.0,0.0,0.0,0.0,0.0,0.0,0.0,0.0,0.0,0.0,0.0,0.0,0.0,0.0,0.0,0.0,0.0,6.0,4.0,4.0,2.0,0.0,2.0,21.0,17.0,16.0,9.0,30.0,38.0,21.0,17.0
546,1.0,546.0,London_60,,151,453,1092.0,70.0,2.0,124122.0,0.5842422479763627,727.0,22.0,0.0,22.0,38.0,0.0,38.0,190.0,250.0,83.0,17.0,59.0,14.0,27.0,1.0,2.0,2.0,84.0,138.0,229.0,32.0,0.0,0.0,0.0,0.0,0.0,0.0,0.0,0.0,0.0,0.0,0.0,0.0,0.0,0.0,0.0,0.0,0.0,0.0,0.0,0.0,0.0,0.0,0.0,0.0,0.0,0.0,0.0,0.0,0.0,0.0,0.0,0.0,0.0,0.0,0.0,0.0,0.0,0.0,0.0,0.0,0.0,0.0,0.0,0.0,0.0,0.0,0.0,1.0,1.0,1.0,3.0,5.0,2.0,2.0,0.0,0.0,0.0,0.0,0.0,0.0,0.0,0.0,0.0,0.0,0.0,0.0,0.0,0.0,0.0,0.0,0.0,0.0,0.0,0.0,0.0,0.0,0.0,0.0,0.0,0.0,0.0,2.0,2.0,1.0,4.0,10.0,2.0,5.0
547,1.0,547.0,London_60,,151,453,1092.0,70.0,2.0,157191.0,0.751994346966967,800.0,98.0,1.0,97.0,182.0,7.0,175.0,38.0,258.0,73.0,16.0,61.0,14.0,30.0,1.0,0.0,2.0,88.0,138.0,225.0,26.0,0.0,0.0,0.0,0.0,0.0,0.0,0.0,0.0,0.0,0.0,0.0,0.0,0.0,0.0,0.0,0.0,0.0,0.0,0.0,0.0,0.0,0.0,0.0,0.0,0.0,0.0,0.0,0.0,0.0,0.0,0.0,0.0,0.0,0.0,1.0,1.0,0.0,0.0,0.0,0.0,1.0,8.0,12.0,0.0,8.0,0.0,15.0,10.0,4.0,9.0,20.0,27.0,16.0,9.0,0.0,0.0,0.0,0.0,0.0,0.0,0.0,0.0,0.0,0.0,0.0,0.0,0.0,0.0,7.0,1.0,0.0,0.0,0.0,0.0,1.0,12.0,14.0,0.0,8.0,0.0,20.0,14.0,5.0,12.0,27.0,44.0,18.0,15.0
548,1.0,548.0,London_60,,151,453,1092.0,70.0,2.0,149943.0,0.6738241000566632,784.0,62.0,1.0,61.0,112.0,9.0,103.0,182.0,262.0,71.0,16.0,58.0,13.0,29.0,2.0,2.0,3.0,76.0,156.0,218.0,22.0,0.0,0.0,0.0,0.0,0.0,0.0,0.0,0.0,0.0,0.0,0.0,0.0,0.0,0.0,0.0,0.0,0.0,0.0,0.0,0.0,0.0,0.0,0.0,0.0,0.0,0.0,0.0,0.0,0.0,0.0,0.0,0.0,0.0,0.0,0.0,0.0,0.0,0.0,0.0,0.0,3.0,0.0,1.0,2.0,0.0,0.0,10.0,1.0,2.0,8.0,8.0,22.0,11.0,4.0,0.0,0.0,0.0,0.0,0.0,0.0,0.0,0.0,0.0,0.0,0.0,0.0,0.0,0.0,0.0,0.0,0.0,0.0,0.0,0.0,3.0,0.0,1.0,2.0,0.0,0.0,12.0,2.0,4.0,12.0,11.0,28.0,16.0,5.0
549,1.0,549.0,London_60,,151,453,1092.0,70.0,2.0,152661.0,0.6759418388828635,790.0,55.0,2.0,53.0,119.0,19.0,100.0,112.0,265.0,88.0,17.0,43.0,13.0,27.0,0.0,0.0,3.0,75.0,143.0,232.0,19.0,0.0,0.0,0.0,0.0,0.0,0.0,0.0,0.0,0.0,0.0,0.0,0.0,0.0,0.0,0.0,0.0,0.0,0.0,0.0,0.0,0.0,0.0,0.0,0.0,0.0,0.0,0.0,0.0,0.0,0.0,0.0,0.0,0.0,0.0,1.0,1.0,0.0,0.0,0.0,0.0,0.0,1.0,2.0,1.0,4.0,0.0,7.0,6.0,5.0,4.0,8.0,10.0,9.0,7.0,0.0,0.0,0.0,0.0,0.0,0.0,0.0,0.0,0.0,0.0,0.0,0.0,0.0,0.0,5.0,4.0,0.0,0.0,0.0,0.0,0.0,2.0,2.0,1.0,5.0,0.0,12.0,8.0,7.0,6.0,16.0,14.0,12.0,11.0
550,1.0,550.0,London_60,,151,453,1092.0,70.0,2.0,166251.0,1.0036273328587413,820.0,124.0,2.0,122.0,241.0,20.0,221.0,119.0,263.0,98.0,9.0,36.0,15.0,30.0,0.0,2.0,3.0,79.0,140.0,231.0,22.0,0.0,0.0,0.0,0.0,0.0,0.0,0.0,0.0,0.0,0.0,0.0,0.0,0.0,0.0,0.0,0.0,0.0,0.0,0.0,0.0,0.0,0.0,0.0,0.0,0.0,0.0,0.0,0.0,0.0,0.0,0.0,0.0,0.0,0.0,0.0,0.0,0.0,0.0,0.0,0.0,2.0,1.0,0.0,1.0,0.0,1.0,21.0,7.0,0.0,15.0,25.0,28.0,14.0,13.0,0.0,0.0,0.0,0.0,0.0,0.0,0.0,0.0,0.0,0.0,0.0,0.0,0.0,0.0,0.0,0.0,0.0,0.0,0.0,0.0,3.0,4.0,0.0,1.0,0.0,1.0,32.0,8.0,0.0,22.0,41.0,47.0,15.0,20.0
551,1.0,551.0,London_60,,151,453,1092.0,70.0,2.0,151755.0,1.8811757289804518,788.0,87.0,1.0,86.0,155.0,8.0,147.0,241.0,249.0,87.0,16.0,71.0,6.0,21.0,1.0,2.0,7.0,77.0,161.0,208.0,26.0,0.0,0.0,0.0,0.0,0.0,0.0,0.0,0.0,0.0,0.0,0.0,0.0,0.0,0.0,0.0,0.0,0.0,0.0,0.0,0.0,0.0,0.0,0.0,0.0,0.0,0.0,0.0,0.0,0.0,0.0,0.0,0.0,0.0,1.0,0.0,1.0,0.0,0.0,0.0,0.0,1.0,1.0,0.0,0.0,0.0,0.0,7.0,5.0,2.0,9.0,18.0,23.0,12.0,4.0,0.0,0.0,0.0,0.0,0.0,0.0,0.0,0.0,0.0,0.0,0.0,0.0,0.0,6.0,0.0,6.0,0.0,0.0,0.0,0.0,1.0,1.0,0.0,0.0,0.0,0.0,9.0,7.0,2.0,14.0,25.0,31.0,15.0,5.0
552,1.0,552.0,London_60,,151,453,1092.0,70.0,2.0,148131.0,0.9254534209612757,780.0,122.0,0.0,122.0,215.0,0.0,215.0,155.0,259.0,82.0,11.0,67.0,7.0,25.0,1.0,1.0,7.0,75.0,152.0,219.0,31.0,0.0,0.0,0.0,0.0,0.0,0.0,0.0,0.0,0.0,0.0,0.0,0.0,0.0,0.0,0.0,0.0,0.0,0.0,0.0,0.0,0.0,0.0,0.0,0.0,0.0,0.0,0.0,0.0,0.0,0.0,0.0,0.0,0.0,0.0,0.0,0.0,0.0,0.0,0.0,0.0,3.0,4.0,2.0,1.0,8.0,0.0,2.0,11.0,5.0,17.0,21.0,19.0,15.0,11.0,0.0,0.0,0.0,0.0,0.0,0.0,0.0,0.0,0.0,0.0,0.0,0.0,0.0,0.0,0.0,0.0,0.0,0.0,0.0,0.0,4.0,4.0,2.0,1.0,8.0,0.0,4.0,19.0,6.0,21.0,34.0,26.0,22.0,15.0
553,1.0,553.0,London_60,,151,453,1092.0,70.0,2.0,132276.0,0.5434146060142666,745.0,30.0,2.0,28.0,64.0,19.0,45.0,215.0,250.0,83.0,9.0,67.0,6.0,29.0,5.0,4.0,2.0,82.0,141.0,228.0,28.0,0.0,0.0,0.0,0.0,0.0,0.0,0.0,0.0,0.0,0.0,0.0,0.0,0.0,0.0,0.0,0.0,0.0,0.0,0.0,0.0,0.0,0.0,0.0,0.0,0.0,0.0,0.0,0.0,0.0,0.0,0.0,0.0,1.0,0.0,1.0,2.0,0.0,0.0,0.0,0.0,0.0,1.0,0.0,0.0,0.0,0.0,1.0,3.0,1.0,5.0,6.0,6.0,8.0,2.0,0.0,0.0,0.0,0.0,0.0,0.0,0.0,0.0,0.0,0.0,0.0,0.0,2.0,0.0,9.0,4.0,0.0,0.0,0.0,0.0,0.0,2.0,0.0,0.0,0.0,0.0,1.0,6.0,1.0,9.0,8.0,9.0,10.0,2.0
554,1.0,554.0,London_60,,151,453,1092.0,70.0,2.0,159003.0,0.6604434179607779,804.0,84.0,0.0,84.0,133.0,0.0,133.0,64.0,247.0,77.0,10.0,72.0,4.0,33.0,5.0,5.0,2.0,83.0,120.0,248.0,24.0,0.0,0.0,0.0,0.0,0.0,0.0,0.0,0.0,0.0,0.0,0.0,0.0,0.0,0.0,0.0,0.0,0.0,0.0,0.0,0.0,0.0,0.0,0.0,0.0,0.0,0.0,0.0,0.0,0.0,0.0,0.0,0.0,0.0,0.0,0.0,0.0,0.0,0.0,0.0,0.0,0.0,8.0,2.0,0.0,0.0,0.0,12.0,2.0,0.0,10.0,18.0,21.0,8.0,10.0,0.0,0.0,0.0,0.0,0.0,0.0,0.0,0.0,0.0,0.0,0.0,0.0,0.0,0.0,0.0,0.0,0.0,0.0,0.0,0.0,0.0,10.0,2.0,0.0,0.0,0.0,17.0,4.0,0.0,13.0,26.0,29.0,10.0,17.0
555,1.0,555.0,London_60,,151,453,1092.0,70.0,2.0,163986.0,1.905796414008364,815.0,90.0,2.0,88.0,168.0,18.0,150.0,133.0,262.0,62.0,21.0,74.0,4.0,24.0,1.0,5.0,4.0,81.0,129.0,239.0,16.0,0.0,0.0,0.0,0.0,0.0,0.0,0.0,0.0,0.0,0.0,0.0,0.0,0.0,0.0,0.0,0.0,0.0,0.0,0.0,0.0,0.0,0.0,0.0,0.0,0.0,0.0,0.0,0.0,0.0,1.0,0.0,0.0,0.0,1.0,0.0,1.0,0.0,0.0,0.0,0.0,6.0,10.0,5.0,4.0,4.0,0.0,16.0,7.0,7.0,13.0,15.0,24.0,16.0,7.0,0.0,0.0,0.0,0.0,0.0,0.0,0.0,0.0,0.0,2.0,0.0,0.0,0.0,6.0,0.0,1.0,0.0,0.0,0.0,0.0,7.0,15.0,5.0,6.0,4.0,0.0,21.0,9.0,8.0,22.0,21.0,36.0,19.0,9.0
556,1.0,556.0,London_60,,151,453,1092.0,70.0,2.0,156738.0,0.6583916922099888,799.0,16.0,0.0,16.0,25.0,0.0,25.0,168.0,270.0,61.0,25.0,66.0,8.0,23.0,0.0,0.0,3.0,84.0,130.0,236.0,16.0,0.0,0.0,0.0,0.0,0.0,0.0,0.0,0.0,0.0,0.0,0.0,0.0,0.0,0.0,0.0,0.0,0.0,0.0,0.0,0.0,0.0,0.0,0.0,0.0,0.0,0.0,0.0,0.0,0.0,0.0,0.0,0.0,0.0,0.0,0.0,0.0,0.0,0.0,0.0,0.0,0.0,0.0,0.0,0.0,0.0,1.0,0.0,1.0,0.0,0.0,2.0,1.0,5.0,0.0,0.0,0.0,0.0,0.0,0.0,0.0,0.0,0.0,0.0,0.0,0.0,0.0,0.0,0.0,0.0,0.0,0.0,0.0,0.0,0.0,0.0,0.0,0.0,0.0,0.0,2.0,0.0,1.0,0.0,0.0,2.0,1.0,6.0,0.0
557,1.0,557.0,London_60,,151,453,1092.0,70.0,2.0,190260.0,2.5126794311217964,873.0,155.0,0.0,155.0,265.0,0.0,265.0,25.0,272.0,68.0,28.0,51.0,8.0,26.0,0.0,0.0,2.0,83.0,138.0,230.0,13.0,0.0,0.0,0.0,0.0,0.0,0.0,0.0,0.0,0.0,0.0,0.0,0.0,0.0,0.0,0.0,0.0,0.0,0.0,0.0,0.0,0.0,0.0,0.0,0.0,0.0,0.0,0.0,0.0,0.0,0.0,0.0,0.0,0.0,0.0,0.0,0.0,0.0,0.0,0.0,0.0,0.0,19.0,1.0,2.0,7.0,0.0,8.0,7.0,5.0,9.0,31.0,45.0,18.0,10.0,0.0,0.0,0.0,0.0,0.0,0.0,0.0,0.0,0.0,0.0,0.0,0.0,0.0,0.0,0.0,0.0,0.0,0.0,0.0,0.0,0.0,26.0,1.0,4.0,8.0,0.0,8.0,10.0,6.0,10.0,47.0,59.0,25.0,12.0
558,1.0,558.0,London_60,,151,453,1092.0,70.0,2.0,158550.0,0.6659767269156873,803.0,84.0,0.0,84.0,136.0,0.0,136.0,265.0,220.0,105.0,11.0,82.0,11.0,21.0,1.0,2.0,6.0,71.0,145.0,231.0,42.0,0.0,0.0,0.0,0.0,0.0,0.0,0.0,0.0,0.0,0.0,0.0,0.0,0.0,0.0,0.0,0.0,0.0,0.0,0.0,0.0,0.0,0.0,0.0,0.0,0.0,0.0,0.0,0.0,0.0,0.0,0.0,0.0,0.0,0.0,0.0,0.0,0.0,0.0,0.0,0.0,0.0,4.0,1.0,0.0,0.0,0.0,6.0,5.0,5.0,7.0,22.0,20.0,5.0,10.0,0.0,0.0,0.0,0.0,0.0,0.0,0.0,0.0,0.0,0.0,0.0,0.0,0.0,0.0,0.0,0.0,0.0,0.0,0.0,0.0,0.0,5.0,1.0,0.0,0.0,0.0,7.0,6.0,7.0,8.0,30.0,29.0,5.0,14.0
559,1.0,559.0,London_60,,151,453,1092.0,70.0,2.0,163080.0,1.3972018260974437,813.0,155.0,2.0,153.0,267.0,22.0,245.0,136.0,232.0,99.0,12.0,80.0,6.0,22.0,0.0,2.0,5.0,66.0,149.0,233.0,24.0,0.0,0.0,0.0,0.0,0.0,0.0,0.0,0.0,0.0,1.0,0.0,1.0,0.0,0.0,0.0,0.0,0.0,0.0,1.0,0.0,0.0,0.0,0.0,0.0,0.0,0.0,0.0,0.0,0.0,1.0,0.0,0.0,1.0,0.0,1.0,1.0,0.0,0.0,0.0,0.0,5.0,9.0,0.0,4.0,4.0,0.0,9.0,8.0,10.0,8.0,29.0,37.0,23.0,13.0,0.0,0.0,0.0,0.0,0.0,0.0,0.0,0.0,0.0,4.0,0.0,0.0,7.0,0.0,5.0,3.0,0.0,0.0,0.0,0.0,6.0,14.0,0.0,5.0,4.0,0.0,11.0,10.0,15.0,13.0,44.0,55.0,32.0,16.0
560,1.0,560.0,London_60,,151,453,1092.0,70.0,2.0,124575.0,0.7219460711348802,728.0,54.0,2.0,52.0,113.0,18.0,95.0,264.0,213.0,102.0,13.0,81.0,6.0,30.0,2.0,6.0,5.0,76.0,156.0,216.0,31.0,0.0,0.0,0.0,0.0,0.0,0.0,0.0,0.0,0.0,0.0,0.0,0.0,0.0,0.0,0.0,0.0,0.0,0.0,0.0,0.0,0.0,0.0,0.0,0.0,0.0,0.0,0.0,0.0,0.0,1.0,0.0,0.0,2.0,0.0,2.0,0.0,1.0,0.0,0.0,0.0,0.0,0.0,0.0,2.0,0.0,0.0,1.0,6.0,2.0,1.0,10.0,17.0,8.0,4.0,0.0,0.0,0.0,0.0,0.0,0.0,0.0,0.0,0.0,1.0,0.0,0.0,5.0,0.0,12.0,0.0,10.0,0.0,0.0,0.0,0.0,0.0,0.0,2.0,0.0,0.0,1.0,7.0,3.0,1.0,13.0,23.0,9.0,8.0
561,1.0,561.0,London_60,,151,453,1092.0,70.0,2.0,141336.0,0.8374023309443146,765.0,51.0,2.0,49.0,108.0,17.0,91.0,113.0,211.0,108.0,14.0,76.0,7.0,29.0,2.0,6.0,2.0,81.0,153.0,217.0,23.0,0.0,0.0,0.0,0.0,0.0,0.0,0.0,0.0,0.0,0.0,0.0,0.0,0.0,0.0,0.0,0.0,0.0,0.0,0.0,0.0,0.0,0.0,0.0,0.0,0.0,0.0,0.0,0.0,0.0,1.0,0.0,0.0,1.0,0.0,0.0,2.0,0.0,0.0,0.0,0.0,1.0,0.0,1.0,0.0,0.0,0.0,0.0,1.0,0.0,6.0,6.0,9.0,8.0,4.0,0.0,0.0,0.0,0.0,0.0,0.0,0.0,0.0,0.0,2.0,0.0,0.0,1.0,0.0,0.0,8.0,0.0,0.0,0.0,0.0,1.0,0.0,1.0,0.0,0.0,0.0,0.0,1.0,0.0,9.0,9.0,14.0,11.0,7.0
562,1.0,562.0,London_60,,151,453,1092.0,70.0,2.0,157644.0,0.726494625909254,801.0,117.0,1.0,116.0,204.0,12.0,192.0,108.0,204.0,124.0,10.0,80.0,5.0,19.0,2.0,9.0,0.0,74.0,149.0,230.0,24.0,0.0,0.0,0.0,0.0,0.0,0.0,0.0,0.0,0.0,0.0,0.0,0.0,0.0,0.0,0.0,0.0,0.0,0.0,0.0,0.0,0.0,0.0,0.0,0.0,0.0,0.0,0.0,0.0,0.0,0.0,1.0,0.0,1.0,0.0,0.0,1.0,0.0,0.0,0.0,0.0,0.0,2.0,6.0,1.0,3.0,0.0,6.0,13.0,3.0,6.0,26.0,25.0,22.0,9.0,0.0,0.0,0.0,0.0,0.0,0.0,0.0,0.0,0.0,0.0,6.0,0.0,5.0,0.0,0.0,10.0,0.0,0.0,0.0,0.0,0.0,2.0,7.0,1.0,3.0,0.0,7.0,19.0,4.0,9.0,40.0,39.0,29.0,14.0
563,1.0,563.0,London_60,,151,453,1092.0,70.0,2.0,147225.0,0.6546091858763248,778.0,24.0,0.0,24.0,44.0,0.0,44.0,204.0,215.0,122.0,12.0,73.0,7.0,19.0,1.0,4.0,2.0,72.0,124.0,255.0,36.0,0.0,0.0,0.0,0.0,0.0,0.0,0.0,0.0,0.0,0.0,0.0,0.0,0.0,0.0,0.0,0.0,0.0,0.0,0.0,0.0,0.0,0.0,0.0,0.0,0.0,0.0,0.0,0.0,0.0,0.0,0.0,0.0,0.0,0.0,0.0,0.0,0.0,0.0,0.0,0.0,1.0,0.0,0.0,0.0,0.0,0.0,2.0,2.0,1.0,1.0,2.0,9.0,7.0,1.0,0.0,0.0,0.0,0.0,0.0,0.0,0.0,0.0,0.0,0.0,0.0,0.0,0.0,0.0,0.0,0.0,0.0,0.0,0.0,0.0,1.0,0.0,0.0,0.0,0.0,0.0,2.0,3.0,1.0,1.0,2.0,15.0,8.0,3.0
564,1.0,564.0,London_60,,151,453,1092.0,70.0,2.0,172140.0,0.8833686241414398,833.0,88.0,0.0,88.0,152.0,0.0,152.0,44.0,219.0,126.0,11.0,67.0,8.0,18.0,1.0,3.0,2.0,69.0,136.0,246.0,27.0,0.0,0.0,0.0,0.0,0.0,0.0,0.0,0.0,0.0,0.0,0.0,0.0,0.0,0.0,0.0,0.0,0.0,0.0,0.0,0.0,0.0,0.0,0.0,0.0,0.0,0.0,0.0,0.0,0.0,0.0,0.0,0.0,0.0,0.0,0.0,0.0,0.0,0.0,0.0,0.0,0.0,4.0,3.0,0.0,1.0,0.0,11.0,3.0,7.0,5.0,18.0,21.0,19.0,5.0,0.0,0.0,0.0,0.0,0.0,0.0,0.0,0.0,0.0,0.0,0.0,0.0,0.0,0.0,0.0,0.0,0.0,0.0,0.0,0.0,0.0,8.0,4.0,0.0,1.0,0.0,17.0,5.0,7.0,8.0,24.0,31.0,26.0,6.0
565,1.0,565.0,London_60,,151,453,1092.0,70.0,2.0,173046.0,0.6745723451022059,835.0,110.0,0.0,110.0,187.0,0.0,187.0,152.0,218.0,129.0,13.0,63.0,9.0,16.0,0.0,5.0,4.0,71.0,134.0,244.0,37.0,0.0,0.0,0.0,0.0,0.0,0.0,0.0,0.0,0.0,0.0,0.0,0.0,0.0,0.0,0.0,0.0,0.0,0.0,0.0,0.0,0.0,0.0,0.0,0.0,0.0,0.0,0.0,0.0,0.0,0.0,0.0,0.0,0.0,0.0,0.0,0.0,0.0,0.0,0.0,0.0,4.0,4.0,0.0,2.0,0.0,1.0,13.0,11.0,5.0,6.0,21.0,28.0,20.0,7.0,0.0,0.0,0.0,0.0,0.0,0.0,0.0,0.0,0.0,0.0,0.0,0.0,0.0,0.0,0.0,0.0,0.0,0.0,0.0,0.0,4.0,6.0,0.0,2.0,0.0,2.0,18.0,14.0,5.0,7.0,34.0,41.0,28.0,13.0
566,1.0,566.0,London_60,,151,453,1092.0,70.0,2.0,165345.0,0.7169377950485796,818.0,140.0,2.0,138.0,256.0,18.0,238.0,187.0,229.0,116.0,14.0,67.0,9.0,14.0,1.0,3.0,6.0,74.0,122.0,251.0,32.0,0.0,0.0,0.0,0.0,0.0,0.0,0.0,0.0,0.0,0.0,0.0,0.0,0.0,0.0,0.0,0.0,0.0,0.0,0.0,0.0,0.0,0.0,0.0,0.0,0.0,0.0,0.0,0.0,0.0,0.0,0.0,0.0,0.0,0.0,0.0,0.0,0.0,0.0,0.0,0.0,5.0,3.0,0.0,0.0,11.0,0.0,25.0,3.0,11.0,9.0,21.0,34.0,25.0,11.0,0.0,0.0,0.0,0.0,0.0,0.0,0.0,0.0,0.0,0.0,0.0,0.0,0.0,0.0,0.0,0.0,0.0,0.0,0.0,0.0,5.0,4.0,0.0,0.0,11.0,0.0,34.0,3.0,21.0,10.0,33.0,53.0,30.0,15.0
567,1.0,567.0,London_60,,151,453,1092.0,70.0,2.0,146772.0,0.665262752911076,777.0,70.0,1.0,69.0,127.0,8.0,119.0,256.0,230.0,93.0,14.0,72.0,8.0,28.0,2.0,6.0,6.0,77.0,121.0,249.0,24.0,0.0,0.0,0.0,0.0,0.0,0.0,0.0,0.0,0.0,0.0,0.0,0.0,0.0,0.0,0.0,0.0,0.0,0.0,0.0,0.0,0.0,0.0,0.0,0.0,0.0,0.0,0.0,0.0,0.0,1.0,0.0,0.0,1.0,0.0,0.0,1.0,0.0,0.0,0.0,0.0,5.0,1.0,0.0,4.0,0.0,0.0,9.0,4.0,2.0,7.0,8.0,16.0,10.0,6.0,0.0,0.0,0.0,0.0,0.0,0.0,0.0,0.0,0.0,1.0,0.0,0.0,1.0,0.0,0.0,4.0,0.0,0.0,0.0,0.0,5.0,1.0,0.0,7.0,0.0,0.0,15.0,5.0,3.0,9.0,12.0,24.0,15.0,9.0
568,1.0,568.0,London_60,,151,453,1092.0,70.0,2.0,154473.0,1.0128557030111551,794.0,85.0,0.0,85.0,144.0,0.0,144.0,127.0,247.0,80.0,18.0,74.0,7.0,27.0,0.0,0.0,3.0,72.0,132.0,246.0,25.0,0.0,0.0,0.0,0.0,0.0,0.0,0.0,0.0,0.0,0.0,0.0,0.0,0.0,0.0,0.0,0.0,0.0,0.0,0.0,0.0,0.0,0.0,0.0,0.0,0.0,0.0,0.0,0.0,0.0,0.0,0.0,0.0,0.0,0.0,0.0,0.0,0.0,0.0,0.0,0.0,2.0,0.0,2.0,1.0,1.0,0.0,7.0,10.0,7.0,6.0,15.0,16.0,14.0,5.0,0.0,0.0,0.0,0.0,0.0,0.0,0.0,0.0,0.0,0.0,0.0,0.0,0.0,0.0,0.0,0.0,0.0,0.0,0.0,0.0,2.0,0.0,2.0,1.0,1.0,0.0,9.0,15.0,13.0,7.0,20.0,22.0,18.0,10.0
569,1.0,569.0,London_60,,151,453,1092.0,70.0,2.0,159003.0,0.992194902151823,804.0,51.0,0.0,51.0,82.0,0.0,82.0,144.0,260.0,83.0,19.0,57.0,5.0,25.0,0.0,4.0,0.0,66.0,144.0,243.0,24.0,0.0,0.0,0.0,0.0,0.0,0.0,0.0,0.0,0.0,0.0,0.0,0.0,0.0,0.0,0.0,0.0,0.0,0.0,0.0,0.0,0.0,0.0,0.0,0.0,0.0,0.0,0.0,0.0,0.0,0.0,0.0,0.0,0.0,0.0,0.0,0.0,0.0,0.0,0.0,0.0,0.0,2.0,0.0,0.0,0.0,0.0,4.0,7.0,0.0,7.0,13.0,10.0,5.0,3.0,0.0,0.0,0.0,0.0,0.0,0.0,0.0,0.0,0.0,0.0,0.0,0.0,0.0,0.0,0.0,0.0,0.0,0.0,0.0,0.0,0.0,3.0,0.0,0.0,0.0,0.0,4.0,11.0,0.0,10.0,17.0,14.0,6.0,4.0
570,1.0,570.0,London_60,,151,453,1092.0,70.0,2.0,178482.0,0.6760152499191463,847.0,77.0,2.0,75.0,149.0,17.0,132.0,82.0,265.0,85.0,16.0,48.0,4.0,29.0,0.0,6.0,3.0,68.0,138.0,244.0,27.0,0.0,0.0,0.0,0.0,0.0,0.0,0.0,0.0,0.0,0.0,0.0,0.0,0.0,0.0,0.0,0.0,0.0,0.0,0.0,0.0,0.0,0.0,0.0,0.0,0.0,0.0,0.0,0.0,0.0,0.0,0.0,0.0,2.0,1.0,1.0,1.0,0.0,0.0,0.0,0.0,3.0,4.0,0.0,1.0,0.0,1.0,14.0,4.0,3.0,14.0,13.0,13.0,18.0,4.0,0.0,0.0,0.0,0.0,0.0,0.0,0.0,0.0,0.0,0.0,0.0,0.0,5.0,3.0,8.0,4.0,0.0,0.0,0.0,0.0,3.0,7.0,0.0,1.0,0.0,1.0,21.0,5.0,3.0,19.0,24.0,21.0,20.0,4.0
571,1.0,571.0,London_60,,151,453,1092.0,70.0,2.0,191166.0,0.9361416909378022,875.0,99.0,0.0,99.0,176.0,0.0,176.0,149.0,273.0,97.0,9.0,37.0,3.0,30.0,0.0,4.0,1.0,78.0,137.0,237.0,26.0,0.0,0.0,0.0,0.0,0.0,0.0,0.0,0.0,0.0,0.0,0.0,0.0,0.0,0.0,0.0,0.0,0.0,0.0,0.0,0.0,0.0,0.0,0.0,0.0,0.0,0.0,0.0,0.0,0.0,0.0,0.0,0.0,0.0,0.0,0.0,0.0,0.0,0.0,0.0,0.0,1.0,11.0,3.0,1.0,0.0,0.0,9.0,9.0,4.0,7.0,19.0,25.0,12.0,8.0,0.0,0.0,0.0,0.0,0.0,0.0,0.0,0.0,0.0,0.0,0.0,0.0,0.0,0.0,0.0,0.0,0.0,0.0,0.0,0.0,1.0,16.0,3.0,2.0,0.0,0.0,13.0,15.0,7.0,10.0,29.0,35.0,15.0,13.0
572,1.0,572.0,London_60,,151,453,1092.0,70.0,2.0,187089.0,0.991972291842103,866.0,77.0,2.0,75.0,136.0,16.0,120.0,176.0,271.0,89.0,20.0,44.0,2.0,20.0,2.0,5.0,3.0,84.0,136.0,230.0,22.0,0.0,0.0,0.0,0.0,0.0,0.0,0.0,0.0,0.0,0.0,0.0,0.0,0.0,0.0,0.0,0.0,0.0,0.0,0.0,0.0,0.0,0.0,0.0,0.0,0.0,0.0,0.0,0.0,0.0,0.0,1.0,0.0,0.0,0.0,1.0,2.0,0.0,0.0,0.0,0.0,6.0,2.0,0.0,3.0,0.0,0.0,9.0,9.0,6.0,8.0,20.0,16.0,18.0,3.0,0.0,0.0,0.0,0.0,0.0,0.0,0.0,0.0,0.0,0.0,1.0,0.0,0.0,0.0,3.0,13.0,0.0,0.0,0.0,0.0,8.0,2.0,0.0,5.0,0.0,0.0,11.0,12.0,8.0,11.0,30.0,22.0,22.0,4.0
573,1.0,573.0,London_60,,151,453,1092.0,70.0,2.0,196149.0,0.7962071269284934,886.0,131.0,2.0,129.0,247.0,19.0,228.0,136.0,265.0,97.0,28.0,42.0,1.0,13.0,2.0,5.0,5.0,78.0,129.0,241.0,29.0,0.0,0.0,0.0,0.0,0.0,0.0,0.0,0.0,0.0,0.0,0.0,0.0,0.0,0.0,0.0,0.0,0.0,0.0,0.0,0.0,0.0,0.0,0.0,0.0,0.0,0.0,0.0,0.0,0.0,0.0,0.0,0.0,0.0,0.0,1.0,0.0,0.0,0.0,0.0,0.0,5.0,13.0,2.0,3.0,5.0,0.0,23.0,2.0,12.0,8.0,27.0,27.0,35.0,3.0,0.0,0.0,0.0,0.0,0.0,0.0,0.0,0.0,0.0,0.0,0.0,0.0,0.0,0.0,5.0,0.0,0.0,0.0,0.0,0.0,5.0,16.0,2.0,5.0,5.0,0.0,34.0,2.0,18.0,11.0,44.0,41.0,47.0,3.0
574,1.0,574.0,London_60,,151,453,1092.0,70.0,2.0,172140.0,0.7619450220372528,833.0,76.0,2.0,74.0,148.0,16.0,132.0,247.0,242.0,75.0,12.0,87.0,5.0,24.0,2.0,6.0,7.0,75.0,136.0,235.0,32.0,0.0,0.0,0.0,0.0,0.0,0.0,0.0,0.0,0.0,0.0,0.0,0.0,0.0,0.0,0.0,0.0,0.0,0.0,0.0,0.0,0.0,0.0,0.0,0.0,0.0,0.0,0.0,0.0,0.0,1.0,0.0,0.0,0.0,1.0,1.0,1.0,0.0,0.0,0.0,0.0,1.0,3.0,1.0,1.0,0.0,0.0,8.0,10.0,5.0,10.0,21.0,14.0,14.0,6.0,0.0,0.0,0.0,0.0,0.0,0.0,0.0,0.0,0.0,4.0,0.0,0.0,0.0,6.0,9.0,7.0,0.0,0.0,0.0,0.0,1.0,5.0,1.0,1.0,0.0,0.0,9.0,18.0,5.0,12.0,31.0,19.0,17.0,10.0
575,1.0,575.0,London_60,,151,453,1092.0,70.0,2.0,176217.0,1.6541290220338851,842.0,162.0,0.0,162.0,274.0,0.0,274.0,148.0,249.0,81.0,19.0,68.0,6.0,27.0,1.0,2.0,4.0,71.0,131.0,247.0,17.0,0.0,0.0,0.0,0.0,0.0,0.0,0.0,0.0,0.0,0.0,0.0,0.0,0.0,0.0,0.0,0.0,0.0,0.0,0.0,0.0,0.0,0.0,0.0,0.0,0.0,0.0,0.0,0.0,0.0,0.0,0.0,0.0,0.0,0.0,0.0,0.0,0.0,0.0,0.0,0.0,6.0,18.0,2.0,3.0,2.0,0.0,11.0,4.0,8.0,17.0,33.0,31.0,32.0,7.0,0.0,0.0,0.0,0.0,0.0,0.0,0.0,0.0,0.0,0.0,0.0,0.0,0.0,0.0,0.0,0.0,0.0,0.0,0.0,0.0,7.0,23.0,2.0,5.0,2.0,0.0,12.0,5.0,12.0,19.0,43.0,46.0,37.0,8.0
576,1.0,576.0,London_60,,151,453,1092.0,70.0,2.0,139524.0,1.1026968050282449,761.0,76.0,2.0,74.0,148.0,18.0,130.0,274.0,205.0,87.0,18.0,89.0,12.0,34.0,2.0,6.0,6.0,63.0,149.0,235.0,31.0,0.0,0.0,0.0,0.0,0.0,0.0,0.0,0.0,0.0,0.0,0.0,0.0,0.0,0.0,0.0,0.0,0.0,0.0,0.0,0.0,0.0,0.0,0.0,0.0,0.0,0.0,0.0,0.0,0.0,0.0,0.0,0.0,1.0,0.0,0.0,1.0,0.0,0.0,0.0,0.0,1.0,0.0,0.0,0.0,0.0,0.0,1.0,10.0,0.0,6.0,17.0,15.0,14.0,4.0,0.0,0.0,0.0,0.0,0.0,0.0,0.0,0.0,0.0,0.0,0.0,0.0,3.0,0.0,0.0,1.0,0.0,0.0,0.0,0.0,2.0,0.0,0.0,0.0,0.0,0.0,2.0,14.0,0.0,11.0,27.0,21.0,19.0,6.0
577,1.0,577.0,London_60,,151,453,1092.0,70.0,2.0,137712.0,0.5739332421217114,757.0,82.0,0.0,82.0,144.0,0.0,144.0,148.0,205.0,95.0,13.0,98.0,13.0,20.0,2.0,7.0,5.0,64.0,147.0,237.0,33.0,0.0,0.0,0.0,0.0,0.0,0.0,0.0,0.0,0.0,0.0,0.0,0.0,0.0,0.0,0.0,0.0,0.0,0.0,0.0,0.0,0.0,0.0,0.0,0.0,0.0,0.0,0.0,0.0,0.0,0.0,0.0,0.0,0.0,0.0,0.0,0.0,0.0,0.0,0.0,0.0,1.0,3.0,0.0,2.0,0.0,0.0,5.0,4.0,2.0,7.0,14.0,23.0,7.0,11.0,0.0,0.0,0.0,0.0,0.0,0.0,0.0,0.0,0.0,0.0,0.0,0.0,0.0,0.0,0.0,0.0,0.0,0.0,0.0,0.0,1.0,3.0,0.0,3.0,0.0,0.0,8.0,7.0,3.0,10.0,21.0,31.0,9.0,13.0
578,1.0,578.0,London_60,,151,453,1092.0,70.0,2.0,133635.0,0.7191849120426923,748.0,64.0,0.0,64.0,107.0,0.0,107.0,144.0,209.0,110.0,16.0,75.0,13.0,24.0,1.0,5.0,6.0,74.0,152.0,221.0,38.0,0.0,0.0,0.0,0.0,0.0,0.0,0.0,0.0,0.0,0.0,0.0,0.0,0.0,0.0,0.0,0.0,0.0,0.0,0.0,0.0,0.0,0.0,0.0,0.0,0.0,0.0,0.0,0.0,0.0,0.0,0.0,0.0,0.0,0.0,0.0,0.0,0.0,0.0,0.0,0.0,1.0,4.0,1.0,1.0,0.0,1.0,5.0,6.0,6.0,7.0,18.0,8.0,19.0,3.0,0.0,0.0,0.0,0.0,0.0,0.0,0.0,0.0,0.0,0.0,0.0,0.0,0.0,0.0,0.0,0.0,0.0,0.0,0.0,0.0,2.0,4.0,1.0,1.0,0.0,2.0,9.0,7.0,8.0,9.0,27.0,12.0,26.0,6.0
579,1.0,579.0,London_60,,151,453,1092.0,70.0,2.0,135447.0,2.7546230209991336,752.0,86.0,1.0,85.0,155.0,9.0,146.0,107.0,218.0,115.0,13.0,69.0,13.0,19.0,1.0,5.0,9.0,71.0,157.0,216.0,24.0,0.0,0.0,0.0,0.0,0.0,0.0,0.0,0.0,0.0,0.0,0.0,0.0,0.0,0.0,0.0,0.0,0.0,0.0,0.0,0.0,0.0,0.0,0.0,0.0,0.0,0.0,0.0,0.0,0.0,0.0,0.0,0.0,0.0,0.0,0.0,0.0,0.0,0.0,0.0,0.0,3.0,7.0,0.0,2.0,1.0,0.0,8.0,3.0,5.0,7.0,21.0,20.0,20.0,7.0,0.0,0.0,0.0,0.0,0.0,0.0,0.0,0.0,0.0,0.0,0.0,0.0,0.0,0.0,0.0,0.0,0.0,0.0,0.0,0.0,3.0,11.0,0.0,3.0,1.0,0.0,12.0,3.0,5.0,11.0,30.0,31.0,21.0,12.0
580,1.0,580.0,London_60,,151,453,1092.0,70.0,2.0,134994.0,0.7486826758831739,751.0,45.0,2.0,43.0,83.0,17.0,66.0,155.0,226.0,106.0,15.0,66.0,15.0,19.0,0.0,6.0,6.0,76.0,152.0,219.0,20.0,0.0,0.0,0.0,0.0,0.0,0.0,0.0,0.0,0.0,0.0,0.0,0.0,0.0,0.0,0.0,0.0,0.0,0.0,0.0,0.0,0.0,0.0,0.0,0.0,0.0,0.0,0.0,0.0,0.0,1.0,0.0,0.0,0.0,0.0,0.0,0.0,0.0,0.0,0.0,0.0,3.0,1.0,0.0,1.0,0.0,0.0,2.0,4.0,0.0,4.0,11.0,6.0,14.0,3.0,0.0,0.0,0.0,0.0,0.0,0.0,0.0,0.0,0.0,1.0,0.0,0.0,0.0,0.0,0.0,0.0,0.0,0.0,0.0,0.0,3.0,3.0,0.0,1.0,0.0,0.0,2.0,6.0,0.0,4.0,15.0,12.0,16.0,4.0
581,1.0,581.0,London_60,,151,453,1092.0,70.0,2.0,151755.0,0.8686873919796199,788.0,95.0,1.0,94.0,168.0,10.0,158.0,83.0,226.0,109.0,10.0,69.0,14.0,21.0,0.0,4.0,8.0,79.0,139.0,227.0,22.0,0.0,0.0,0.0,0.0,0.0,0.0,0.0,0.0,0.0,0.0,0.0,0.0,0.0,0.0,0.0,0.0,0.0,0.0,0.0,0.0,0.0,0.0,0.0,0.0,0.0,0.0,0.0,0.0,0.0,1.0,0.0,0.0,0.0,0.0,0.0,1.0,0.0,0.0,0.0,0.0,1.0,7.0,3.0,1.0,4.0,1.0,6.0,8.0,6.0,14.0,16.0,23.0,16.0,9.0,0.0,0.0,0.0,0.0,0.0,0.0,0.0,0.0,0.0,5.0,0.0,0.0,0.0,0.0,0.0,1.0,0.0,0.0,0.0,0.0,1.0,7.0,3.0,2.0,4.0,2.0,8.0,9.0,7.0,22.0,20.0,29.0,17.0,16.0
582,1.0,582.0,London_60,,151,453,1092.0,70.0,2.0,153114.0,1.2114304169081151,791.0,82.0,0.0,82.0,151.0,0.0,151.0,168.0,231.0,107.0,11.0,67.0,16.0,14.0,0.0,7.0,5.0,71.0,150.0,227.0,27.0,0.0,0.0,0.0,0.0,0.0,0.0,0.0,0.0,0.0,0.0,0.0,0.0,0.0,0.0,0.0,0.0,0.0,0.0,0.0,0.0,0.0,0.0,0.0,0.0,0.0,0.0,0.0,0.0,0.0,0.0,0.0,0.0,0.0,0.0,0.0,0.0,0.0,0.0,0.0,0.0,3.0,3.0,2.0,2.0,2.0,0.0,9.0,5.0,6.0,9.0,17.0,23.0,9.0,6.0,0.0,0.0,0.0,0.0,0.0,0.0,0.0,0.0,0.0,0.0,0.0,0.0,0.0,0.0,0.0,0.0,0.0,0.0,0.0,0.0,4.0,7.0,2.0,2.0,3.0,0.0,13.0,8.0,7.0,16.0,25.0,41.0,11.0,11.0
583,1.0,583.0,London_60,,151,453,1092.0,70.0,2.0,144507.0,0.6657696070615202,772.0,28.0,2.0,26.0,62.0,17.0,45.0,151.0,245.0,124.0,17.0,40.0,8.0,15.0,1.0,3.0,4.0,73.0,152.0,224.0,26.0,0.0,0.0,0.0,0.0,0.0,0.0,0.0,0.0,0.0,0.0,0.0,0.0,0.0,0.0,0.0,0.0,0.0,0.0,0.0,0.0,0.0,0.0,0.0,0.0,0.0,0.0,0.0,0.0,0.0,1.0,0.0,0.0,1.0,0.0,1.0,1.0,0.0,0.0,0.0,0.0,1.0,0.0,0.0,1.0,0.0,1.0,3.0,1.0,3.0,2.0,4.0,8.0,2.0,2.0,0.0,0.0,0.0,0.0,0.0,0.0,0.0,0.0,0.0,2.0,0.0,0.0,2.0,0.0,7.0,5.0,0.0,0.0,0.0,0.0,1.0,0.0,0.0,1.0,0.0,1.0,3.0,1.0,3.0,2.0,5.0,13.0,2.0,2.0
584,1.0,584.0,London_60,,151,453,1092.0,70.0,2.0,173952.0,2.2545382340904325,837.0,131.0,2.0,129.0,234.0,18.0,216.0,62.0,245.0,121.0,21.0,38.0,7.0,16.0,2.0,3.0,5.0,81.0,145.0,222.0,20.0,0.0,0.0,0.0,0.0,0.0,0.0,0.0,0.0,0.0,0.0,0.0,0.0,0.0,0.0,0.0,0.0,0.0,0.0,0.0,0.0,0.0,0.0,0.0,0.0,0.0,0.0,0.0,0.0,0.0,1.0,0.0,0.0,1.0,1.0,0.0,1.0,1.0,0.0,0.0,0.0,6.0,6.0,0.0,0.0,14.0,0.0,15.0,11.0,0.0,10.0,26.0,33.0,25.0,5.0,0.0,0.0,0.0,0.0,0.0,0.0,0.0,0.0,0.0,4.0,0.0,0.0,3.0,6.0,0.0,4.0,5.0,0.0,0.0,0.0,6.0,7.0,0.0,0.0,14.0,0.0,20.0,15.0,0.0,10.0,40.0,44.0,32.0,9.0
585,1.0,585.0,London_60,,151,453,1092.0,70.0,2.0,161721.0,1.863980625057593,810.0,118.0,1.0,117.0,198.0,9.0,189.0,234.0,249.0,95.0,18.0,63.0,7.0,17.0,1.0,3.0,7.0,74.0,142.0,230.0,33.0,0.0,0.0,0.0,0.0,0.0,0.0,0.0,0.0,0.0,0.0,0.0,0.0,0.0,0.0,0.0,0.0,0.0,0.0,0.0,0.0,0.0,0.0,0.0,0.0,0.0,0.0,0.0,0.0,0.0,1.0,0.0,0.0,0.0,0.0,0.0,1.0,0.0,0.0,0.0,0.0,3.0,2.0,1.0,3.0,0.0,0.0,16.0,6.0,3.0,9.0,25.0,23.0,18.0,5.0,0.0,0.0,0.0,0.0,0.0,0.0,0.0,0.0,0.0,1.0,0.0,0.0,0.0,0.0,0.0,7.0,0.0,0.0,0.0,0.0,4.0,2.0,1.0,5.0,0.0,0.0,19.0,7.0,4.0,10.0,34.0,32.0,20.0,10.0
586,1.0,586.0,London_60,,151,453,1092.0,70.0,2.0,158550.0,1.4349363232031465,803.0,63.0,1.0,62.0,121.0,8.0,113.0,198.0,265.0,90.0,16.0,60.0,7.0,14.0,0.0,1.0,6.0,71.0,166.0,210.0,24.0,0.0,0.0,0.0,0.0,0.0,0.0,0.0,0.0,0.0,0.0,0.0,0.0,0.0,0.0,0.0,0.0,0.0,0.0,0.0,0.0,0.0,0.0,0.0,0.0,0.0,0.0,0.0,0.0,0.0,0.0,0.0,0.0,1.0,0.0,0.0,1.0,0.0,0.0,0.0,0.0,0.0,1.0,0.0,4.0,0.0,0.0,11.0,3.0,2.0,1.0,11.0,11.0,12.0,2.0,0.0,0.0,0.0,0.0,0.0,0.0,0.0,0.0,0.0,0.0,0.0,0.0,5.0,0.0,0.0,4.0,0.0,0.0,0.0,0.0,0.0,1.0,0.0,6.0,0.0,0.0,15.0,5.0,3.0,3.0,22.0,18.0,14.0,3.0
587,1.0,587.0,London_60,,151,453,1092.0,70.0,2.0,173046.0,0.7494826768524945,835.0,80.0,0.0,80.0,127.0,0.0,127.0,121.0,272.0,97.0,17.0,61.0,2.0,3.0,1.0,0.0,6.0,73.0,154.0,220.0,21.0,0.0,0.0,0.0,0.0,0.0,0.0,0.0,0.0,0.0,0.0,0.0,0.0,0.0,0.0,0.0,0.0,0.0,0.0,0.0,0.0,0.0,0.0,0.0,0.0,0.0,0.0,0.0,0.0,0.0,0.0,0.0,0.0,0.0,0.0,0.0,0.0,0.0,0.0,0.0,0.0,1.0,3.0,0.0,3.0,0.0,0.0,7.0,5.0,4.0,10.0,15.0,14.0,19.0,6.0,0.0,0.0,0.0,0.0,0.0,0.0,0.0,0.0,0.0,0.0,0.0,0.0,0.0,0.0,0.0,0.0,0.0,0.0,0.0,0.0,1.0,5.0,0.0,4.0,0.0,0.0,9.0,5.0,6.0,11.0,20.0,19.0,26.0,7.0
588,1.0,588.0,London_60,,151,453,1092.0,70.0,2.0,175311.0,1.4092735729645938,840.0,106.0,0.0,106.0,177.0,0.0,177.0,127.0,279.0,99.0,12.0,49.0,2.0,7.0,3.0,2.0,6.0,86.0,144.0,217.0,23.0,0.0,0.0,0.0,0.0,0.0,0.0,0.0,0.0,0.0,0.0,0.0,0.0,0.0,0.0,0.0,0.0,0.0,0.0,0.0,0.0,0.0,0.0,0.0,0.0,0.0,0.0,0.0,0.0,0.0,0.0,0.0,0.0,0.0,0.0,0.0,0.0,0.0,0.0,0.0,0.0,0.0,17.0,9.0,0.0,12.0,0.0,6.0,6.0,1.0,9.0,26.0,18.0,20.0,6.0,0.0,0.0,0.0,0.0,0.0,0.0,0.0,0.0,0.0,0.0,0.0,0.0,0.0,0.0,0.0,0.0,0.0,0.0,0.0,0.0,0.0,23.0,10.0,0.0,14.0,0.0,7.0,9.0,2.0,10.0,39.0,23.0,27.0,7.0
589,1.0,589.0,London_60,,151,453,1092.0,70.0,2.0,165798.0,2.0737491850741208,819.0,29.0,1.0,28.0,55.0,7.0,48.0,177.0,303.0,57.0,11.0,61.0,5.0,11.0,2.0,3.0,3.0,89.0,159.0,202.0,19.0,0.0,0.0,0.0,0.0,0.0,0.0,0.0,0.0,0.0,0.0,0.0,0.0,0.0,0.0,0.0,0.0,0.0,0.0,0.0,0.0,0.0,0.0,0.0,0.0,0.0,0.0,0.0,0.0,0.0,0.0,0.0,0.0,1.0,0.0,1.0,1.0,0.0,0.0,0.0,0.0,0.0,0.0,0.0,0.0,0.0,0.0,1.0,1.0,1.0,0.0,3.0,8.0,4.0,2.0,0.0,0.0,0.0,0.0,0.0,0.0,0.0,0.0,0.0,0.0,0.0,0.0,3.0,0.0,5.0,3.0,0.0,0.0,0.0,0.0,0.0,0.0,0.0,0.0,0.0,0.0,2.0,1.0,2.0,0.0,4.0,9.0,5.0,5.0
590,1.0,590.0,London_60,,151,453,1092.0,70.0,2.0,189807.0,1.0760873900726438,872.0,115.0,1.0,114.0,213.0,9.0,204.0,55.0,310.0,54.0,9.0,54.0,5.0,15.0,2.0,4.0,5.0,96.0,150.0,202.0,16.0,0.0,0.0,0.0,0.0,0.0,0.0,0.0,0.0,0.0,0.0,0.0,0.0,0.0,0.0,0.0,0.0,0.0,0.0,0.0,0.0,0.0,0.0,0.0,0.0,0.0,0.0,0.0,0.0,0.0,0.0,0.0,0.0,0.0,0.0,0.0,0.0,0.0,0.0,0.0,0.0,3.0,12.0,5.0,4.0,2.0,0.0,11.0,8.0,5.0,9.0,21.0,25.0,27.0,6.0,0.0,0.0,0.0,0.0,0.0,0.0,0.0,0.0,0.0,0.0,0.0,0.0,0.0,0.0,0.0,0.0,0.0,0.0,0.0,0.0,4.0,16.0,6.0,6.0,2.0,0.0,15.0,10.0,7.0,14.0,28.0,36.0,34.0,7.0
591,1.0,591.0,London_60,,151,453,1092.0,70.0,2.0,174405.0,2.7265960790682584,838.0,142.0,2.0,140.0,251.0,19.0,232.0,213.0,250.0,85.0,23.0,63.0,7.0,18.0,2.0,5.0,5.0,71.0,165.0,212.0,31.0,0.0,0.0,0.0,0.0,0.0,0.0,0.0,0.0,0.0,0.0,0.0,0.0,0.0,0.0,0.0,0.0,0.0,0.0,0.0,0.0,0.0,0.0,0.0,0.0,0.0,0.0,0.0,0.0,0.0,0.0,0.0,0.0,1.0,0.0,1.0,1.0,0.0,0.0,0.0,0.0,0.0,10.0,0.0,3.0,4.0,0.0,7.0,10.0,5.0,6.0,22.0,38.0,22.0,9.0,0.0,0.0,0.0,0.0,0.0,0.0,0.0,0.0,0.0,0.0,0.0,0.0,3.0,0.0,5.0,4.0,0.0,0.0,0.0,0.0,0.0,13.0,0.0,6.0,4.0,0.0,8.0,12.0,7.0,6.0,31.0,51.0,26.0,12.0
592,1.0,592.0,London_60,,151,453,1092.0,70.0,2.0,149490.0,0.951252561993897,783.0,142.0,2.0,140.0,267.0,20.0,247.0,251.0,234.0,86.0,19.0,80.0,5.0,19.0,2.0,8.0,5.0,79.0,161.0,208.0,37.0,0.0,0.0,0.0,0.0,0.0,0.0,0.0,0.0,0.0,0.0,0.0,0.0,0.0,0.0,0.0,0.0,0.0,0.0,0.0,0.0,0.0,0.0,0.0,0.0,0.0,0.0,0.0,0.0,0.0,2.0,0.0,0.0,0.0,0.0,0.0,0.0,0.0,0.0,0.0,0.0,1.0,10.0,0.0,1.0,3.0,0.0,9.0,10.0,5.0,11.0,24.0,32.0,20.0,8.0,0.0,0.0,0.0,0.0,0.0,0.0,0.0,0.0,0.0,4.0,0.0,0.0,0.0,0.0,0.0,0.0,0.0,0.0,0.0,0.0,1.0,13.0,0.0,2.0,3.0,0.0,10.0,13.0,6.0,17.0,34.0,42.0,24.0,9.0
593,1.0,593.0,London_60,,151,453,1092.0,70.0,2.0,107814.0,0.7263236579019576,691.0,14.0,1.0,13.0,35.0,8.0,27.0,267.0,219.0,92.0,26.0,77.0,4.0,28.0,3.0,4.0,6.0,85.0,156.0,206.0,41.0,0.0,0.0,0.0,0.0,0.0,0.0,0.0,0.0,0.0,0.0,0.0,0.0,0.0,0.0,0.0,0.0,0.0,0.0,0.0,0.0,0.0,0.0,0.0,0.0,0.0,0.0,0.0,0.0,0.0,0.0,0.0,0.0,0.0,1.0,0.0,1.0,0.0,0.0,0.0,0.0,0.0,0.0,0.0,0.0,0.0,0.0,0.0,0.0,0.0,2.0,3.0,2.0,3.0,2.0,0.0,0.0,0.0,0.0,0.0,0.0,0.0,0.0,0.0,0.0,0.0,0.0,0.0,6.0,0.0,5.0,0.0,0.0,0.0,0.0,0.0,0.0,0.0,0.0,0.0,0.0,0.0,0.0,0.0,2.0,7.0,4.0,4.0,2.0
594,1.0,594.0,London_60,,151,453,1092.0,70.0,2.0,128199.0,0.6815008469857275,736.0,35.0,0.0,35.0,64.0,0.0,64.0,35.0,226.0,91.0,28.0,65.0,4.0,29.0,4.0,6.0,3.0,87.0,153.0,210.0,29.0,0.0,0.0,0.0,0.0,0.0,0.0,0.0,0.0,0.0,0.0,0.0,0.0,0.0,0.0,0.0,0.0,0.0,0.0,0.0,0.0,0.0,0.0,0.0,0.0,0.0,0.0,0.0,0.0,0.0,0.0,0.0,0.0,0.0,0.0,0.0,0.0,0.0,0.0,0.0,0.0,0.0,3.0,0.0,0.0,0.0,0.0,2.0,3.0,1.0,5.0,11.0,5.0,8.0,2.0,0.0,0.0,0.0,0.0,0.0,0.0,0.0,0.0,0.0,0.0,0.0,0.0,0.0,0.0,0.0,0.0,0.0,0.0,0.0,0.0,0.0,4.0,0.0,0.0,0.0,0.0,2.0,4.0,2.0,7.0,18.0,7.0,12.0,5.0
595,1.0,595.0,London_60,,151,453,1092.0,70.0,2.0,152208.0,0.8544112502131611,789.0,85.0,2.0,83.0,184.0,19.0,165.0,64.0,234.0,94.0,29.0,53.0,8.0,28.0,1.0,6.0,3.0,87.0,152.0,211.0,21.0,0.0,0.0,0.0,0.0,0.0,0.0,0.0,0.0,0.0,0.0,0.0,0.0,0.0,0.0,0.0,0.0,0.0,0.0,0.0,0.0,0.0,0.0,0.0,0.0,0.0,0.0,0.0,0.0,0.0,0.0,0.0,0.0,1.0,0.0,1.0,2.0,0.0,0.0,0.0,0.0,1.0,10.0,5.0,0.0,2.0,1.0,14.0,7.0,6.0,11.0,20.0,14.0,19.0,5.0,0.0,0.0,0.0,0.0,0.0,0.0,0.0,0.0,0.0,0.0,0.0,0.0,3.0,0.0,8.0,3.0,0.0,0.0,0.0,0.0,1.0,21.0,5.0,0.0,2.0,1.0,21.0,11.0,7.0,18.0,29.0,26.0,29.0,8.0
596,1.0,596.0,London_60,,151,453,1092.0,70.0,2.0,156285.0,0.846727771917358,798.0,111.0,0.0,111.0,196.0,0.0,196.0,184.0,250.0,86.0,21.0,52.0,6.0,32.0,0.0,6.0,4.0,88.0,146.0,215.0,20.0,0.0,0.0,0.0,0.0,0.0,0.0,0.0,0.0,0.0,0.0,0.0,0.0,0.0,0.0,0.0,0.0,0.0,0.0,0.0,0.0,0.0,0.0,0.0,0.0,0.0,0.0,0.0,0.0,0.0,0.0,0.0,0.0,0.0,0.0,0.0,0.0,0.0,0.0,0.0,0.0,4.0,3.0,0.0,3.0,5.0,0.0,9.0,8.0,0.0,10.0,29.0,21.0,25.0,11.0,0.0,0.0,0.0,0.0,0.0,0.0,0.0,0.0,0.0,0.0,0.0,0.0,0.0,0.0,0.0,0.0,0.0,0.0,0.0,0.0,5.0,4.0,0.0,5.0,5.0,0.0,13.0,12.0,0.0,12.0,54.0,28.0,28.0,16.0
597,1.0,597.0,London_60,,151,453,1092.0,70.0,2.0,139071.0,1.7202902289573103,760.0,123.0,2.0,121.0,219.0,18.0,201.0,196.0,269.0,90.0,9.0,56.0,8.0,19.0,1.0,1.0,5.0,81.0,149.0,218.0,26.0,0.0,0.0,0.0,0.0,0.0,0.0,0.0,0.0,0.0,0.0,0.0,0.0,0.0,0.0,0.0,0.0,0.0,0.0,0.0,0.0,0.0,0.0,0.0,0.0,0.0,0.0,0.0,0.0,0.0,0.0,0.0,0.0,0.0,1.0,0.0,1.0,0.0,0.0,0.0,0.0,4.0,8.0,5.0,7.0,0.0,0.0,9.0,2.0,3.0,10.0,20.0,22.0,24.0,9.0,0.0,0.0,0.0,0.0,0.0,0.0,0.0,0.0,0.0,0.0,0.0,0.0,0.0,8.0,0.0,2.0,0.0,0.0,0.0,0.0,5.0,12.0,6.0,11.0,0.0,0.0,11.0,3.0,3.0,12.0,26.0,38.0,29.0,12.0
598,1.0,598.0,London_60,,151,453,1092.0,70.0,2.0,108720.0,0.6489310211036354,693.0,10.0,0.0,10.0,19.0,0.0,19.0,219.0,257.0,96.0,11.0,66.0,3.0,18.0,0.0,2.0,5.0,81.0,145.0,222.0,29.0,0.0,0.0,0.0,0.0,0.0,0.0,0.0,0.0,0.0,0.0,0.0,0.0,0.0,0.0,0.0,0.0,0.0,0.0,0.0,0.0,0.0,0.0,0.0,0.0,0.0,0.0,0.0,0.0,0.0,0.0,0.0,0.0,0.0,0.0,0.0,0.0,0.0,0.0,0.0,0.0,1.0,0.0,0.0,0.0,0.0,0.0,0.0,1.0,1.0,1.0,0.0,5.0,1.0,3.0,0.0,0.0,0.0,0.0,0.0,0.0,0.0,0.0,0.0,0.0,0.0,0.0,0.0,0.0,0.0,0.0,0.0,0.0,0.0,0.0,1.0,0.0,0.0,0.0,0.0,0.0,0.0,1.0,1.0,2.0,0.0,11.0,1.0,6.0
599,1.0,599.0,London_60,,151,453,1092.0,70.0,2.0,145866.0,0.6657189389225096,775.0,1.0,0.0,1.0,1.0,0.0,1.0,19.0,260.0,98.0,8.0,61.0,3.0,21.0,0.0,2.0,5.0,80.0,148.0,220.0,24.0,0.0,0.0,0.0,0.0,0.0,0.0,0.0,0.0,0.0,0.0,0.0,0.0,0.0,0.0,0.0,0.0,0.0,0.0,0.0,0.0,0.0,0.0,0.0,0.0,0.0,0.0,0.0,0.0,0.0,0.0,0.0,0.0,0.0,0.0,0.0,0.0,0.0,0.0,0.0,0.0,0.0,0.0,0.0,0.0,0.0,0.0,0.0,0.0,0.0,0.0,0.0,0.0,0.0,0.0,0.0,0.0,0.0,0.0,0.0,0.0,0.0,0.0,0.0,0.0,0.0,0.0,0.0,0.0,0.0,0.0,0.0,0.0,0.0,0.0,0.0,0.0,0.0,0.0,0.0,0.0,0.0,0.0,0.0,0.0,0.0,0.0,0.0,0.0
600,1.0,600.0,London_60,,151,453,1092.0,70.0,2.0,192525.0,1.3699793152045459,878.0,125.0,0.0,125.0,219.0,0.0,219.0,1.0,260.0,97.0,8.0,62.0,3.0,21.0,0.0,2.0,5.0,80.0,149.0,219.0,23.0,0.0,0.0,0.0,0.0,0.0,0.0,0.0,0.0,0.0,0.0,0.0,0.0,0.0,0.0,0.0,0.0,0.0,0.0,0.0,0.0,0.0,0.0,0.0,0.0,0.0,0.0,0.0,0.0,0.0,0.0,0.0,0.0,0.0,0.0,0.0,0.0,0.0,0.0,0.0,0.0,3.0,0.0,0.0,1.0,5.0,1.0,13.0,4.0,8.0,16.0,25.0,35.0,20.0,16.0,0.0,0.0,0.0,0.0,0.0,0.0,0.0,0.0,0.0,0.0,0.0,0.0,0.0,0.0,0.0,0.0,0.0,0.0,0.0,0.0,5.0,0.0,0.0,1.0,5.0,1.0,16.0,5.0,10.0,26.0,39.0,53.0,22.0,31.0
601,1.0,601.0,London_60,,151,453,1092.0,70.0,2.0,174858.0,1.921194677008316,839.0,118.0,2.0,116.0,221.0,22.0,199.0,219.0,260.0,97.0,13.0,56.0,2.0,19.0,1.0,5.0,6.0,66.0,149.0,232.0,23.0,0.0,0.0,0.0,0.0,0.0,0.0,0.0,0.0,0.0,1.0,0.0,1.0,0.0,0.0,0.0,0.0,0.0,0.0,1.0,0.0,0.0,0.0,0.0,0.0,0.0,0.0,0.0,0.0,0.0,1.0,0.0,0.0,1.0,0.0,1.0,0.0,0.0,0.0,0.0,0.0,2.0,1.0,1.0,2.0,2.0,0.0,7.0,12.0,16.0,9.0,19.0,21.0,15.0,5.0,0.0,0.0,0.0,0.0,0.0,0.0,0.0,0.0,0.0,2.0,0.0,0.0,3.0,0.0,4.0,0.0,0.0,0.0,0.0,0.0,2.0,1.0,1.0,3.0,2.0,0.0,7.0,16.0,25.0,9.0,25.0,26.0,18.0,7.0
602,1.0,602.0,London_60,,151,453,1092.0,70.0,2.0,164439.0,0.9953619430307299,816.0,115.0,2.0,113.0,215.0,18.0,197.0,217.0,255.0,95.0,17.0,57.0,2.0,20.0,3.0,4.0,6.0,77.0,147.0,223.0,34.0,0.0,0.0,0.0,0.0,0.0,0.0,0.0,0.0,0.0,0.0,0.0,0.0,0.0,0.0,0.0,0.0,0.0,0.0,0.0,0.0,0.0,0.0,0.0,0.0,0.0,0.0,0.0,0.0,0.0,0.0,0.0,0.0,1.0,0.0,2.0,0.0,1.0,0.0,0.0,0.0,2.0,8.0,4.0,2.0,3.0,0.0,10.0,5.0,14.0,3.0,19.0,25.0,17.0,7.0,0.0,0.0,0.0,0.0,0.0,0.0,0.0,0.0,0.0,0.0,0.0,0.0,2.0,0.0,13.0,0.0,10.0,0.0,0.0,0.0,3.0,10.0,4.0,4.0,4.0,0.0,12.0,5.0,21.0,3.0,27.0,38.0,26.0,11.0
603,1.0,603.0,London_60,,151,453,1092.0,70.0,2.0,150849.0,0.9868607770185918,786.0,103.0,2.0,101.0,189.0,17.0,172.0,215.0,245.0,93.0,15.0,72.0,8.0,15.0,1.0,4.0,4.0,83.0,138.0,228.0,31.0,0.0,0.0,0.0,0.0,0.0,0.0,0.0,0.0,0.0,0.0,0.0,0.0,0.0,0.0,0.0,0.0,0.0,0.0,0.0,0.0,0.0,0.0,0.0,0.0,0.0,0.0,0.0,0.0,0.0,0.0,0.0,0.0,1.0,0.0,0.0,2.0,0.0,0.0,0.0,0.0,2.0,5.0,3.0,2.0,2.0,0.0,14.0,6.0,6.0,9.0,15.0,19.0,15.0,3.0,0.0,0.0,0.0,0.0,0.0,0.0,0.0,0.0,0.0,0.0,0.0,0.0,4.0,0.0,0.0,8.0,0.0,0.0,0.0,0.0,2.0,7.0,3.0,2.0,2.0,0.0,19.0,9.0,8.0,10.0,25.0,28.0,20.0,7.0
604,1.0,604.0,London_60,,151,453,1092.0,70.0,2.0,134088.0,0.6098564139101654,749.0,10.0,1.0,9.0,26.0,12.0,14.0,189.0,257.0,99.0,12.0,58.0,3.0,22.0,0.0,2.0,6.0,85.0,147.0,215.0,30.0,0.0,0.0,0.0,0.0,0.0,0.0,0.0,0.0,0.0,0.0,0.0,0.0,0.0,0.0,0.0,0.0,0.0,0.0,0.0,0.0,0.0,0.0,0.0,0.0,0.0,0.0,0.0,0.0,0.0,0.0,1.0,0.0,1.0,0.0,0.0,1.0,0.0,0.0,0.0,0.0,2.0,0.0,0.0,1.0,0.0,0.0,1.0,1.0,0.0,0.0,1.0,2.0,0.0,1.0,0.0,0.0,0.0,0.0,0.0,0.0,0.0,0.0,0.0,0.0,9.0,0.0,8.0,0.0,0.0,3.0,0.0,0.0,0.0,0.0,2.0,0.0,0.0,1.0,0.0,0.0,1.0,1.0,0.0,0.0,1.0,2.0,0.0,1.0
605,1.0,605.0,London_60,,151,453,1092.0,70.0,2.0,174858.0,1.1543852060567588,839.0,160.0,0.0,160.0,284.0,0.0,284.0,26.0,261.0,105.0,13.0,58.0,2.0,11.0,0.0,3.0,5.0,82.0,143.0,223.0,25.0,0.0,0.0,0.0,0.0,0.0,0.0,0.0,0.0,0.0,0.0,0.0,0.0,0.0,0.0,0.0,0.0,0.0,0.0,0.0,0.0,0.0,0.0,0.0,0.0,0.0,0.0,0.0,0.0,0.0,0.0,0.0,0.0,0.0,0.0,0.0,0.0,0.0,0.0,0.0,0.0,2.0,1.0,1.0,2.0,2.0,1.0,5.0,6.0,8.0,5.0,32.0,43.0,26.0,13.0,0.0,0.0,0.0,0.0,0.0,0.0,0.0,0.0,0.0,0.0,0.0,0.0,0.0,0.0,0.0,0.0,0.0,0.0,0.0,0.0,2.0,1.0,1.0,3.0,2.0,1.0,5.0,6.0,9.0,5.0,49.0,62.0,28.0,22.0
606,1.0,606.0,London_60,,151,453,1092.0,70.0,2.0,131370.0,0.5826404369436204,743.0,52.0,0.0,52.0,89.0,0.0,89.0,284.0,197.0,124.0,27.0,72.0,10.0,17.0,1.0,5.0,5.0,90.0,138.0,220.0,35.0,0.0,0.0,0.0,0.0,0.0,0.0,0.0,0.0,0.0,0.0,0.0,0.0,0.0,0.0,0.0,0.0,0.0,0.0,0.0,0.0,0.0,0.0,0.0,0.0,0.0,0.0,0.0,0.0,0.0,0.0,0.0,0.0,0.0,0.0,0.0,0.0,0.0,0.0,0.0,0.0,0.0,2.0,0.0,2.0,0.0,0.0,5.0,0.0,2.0,5.0,11.0,10.0,14.0,4.0,0.0,0.0,0.0,0.0,0.0,0.0,0.0,0.0,0.0,0.0,0.0,0.0,0.0,0.0,0.0,0.0,0.0,0.0,0.0,0.0,0.0,4.0,0.0,4.0,0.0,0.0,7.0,0.0,3.0,7.0,16.0,14.0,17.0,8.0
607,1.0,607.0,London_60,,151,453,1092.0,70.0,2.0,156285.0,0.689954579109326,798.0,113.0,0.0,113.0,193.0,0.0,193.0,89.0,209.0,126.0,30.0,57.0,10.0,15.0,2.0,4.0,4.0,86.0,147.0,216.0,23.0,0.0,0.0,0.0,0.0,0.0,0.0,0.0,0.0,0.0,0.0,0.0,0.0,0.0,0.0,0.0,0.0,0.0,0.0,0.0,0.0,0.0,0.0,0.0,0.0,0.0,0.0,0.0,0.0,0.0,0.0,0.0,0.0,0.0,0.0,0.0,0.0,0.0,0.0,0.0,0.0,2.0,8.0,0.0,2.0,4.0,0.0,15.0,4.0,2.0,19.0,26.0,24.0,18.0,4.0,0.0,0.0,0.0,0.0,0.0,0.0,0.0,0.0,0.0,0.0,0.0,0.0,0.0,0.0,0.0,0.0,0.0,0.0,0.0,0.0,3.0,14.0,0.0,3.0,4.0,0.0,21.0,6.0,4.0,28.0,45.0,38.0,23.0,8.0
608,1.0,608.0,London_60,,151,453,1092.0,70.0,2.0,146319.0,1.2831170239951462,776.0,34.0,2.0,32.0,68.0,18.0,50.0,193.0,224.0,134.0,16.0,52.0,6.0,14.0,1.0,6.0,6.0,79.0,160.0,208.0,29.0,0.0,0.0,0.0,0.0,0.0,0.0,0.0,0.0,0.0,0.0,0.0,0.0,0.0,0.0,0.0,0.0,0.0,0.0,0.0,0.0,0.0,0.0,0.0,0.0,0.0,0.0,0.0,0.0,0.0,0.0,0.0,0.0,0.0,0.0,0.0,0.0,0.0,0.0,0.0,0.0,1.0,1.0,0.0,0.0,0.0,1.0,3.0,0.0,3.0,3.0,9.0,8.0,6.0,4.0,0.0,0.0,0.0,0.0,0.0,0.0,0.0,0.0,0.0,0.0,0.0,0.0,0.0,0.0,0.0,0.0,0.0,0.0,0.0,0.0,2.0,3.0,0.0,0.0,0.0,1.0,4.0,0.0,4.0,5.0,12.0,12.0,6.0,7.0
609,1.0,609.0,London_60,,151,453,1092.0,70.0,2.0,166251.0,1.2195667119231075,820.0,64.0,1.0,63.0,113.0,8.0,105.0,68.0,225.0,127.0,17.0,54.0,8.0,10.0,3.0,9.0,2.0,87.0,146.0,218.0,22.0,0.0,0.0,0.0,0.0,0.0,0.0,0.0,0.0,0.0,0.0,0.0,0.0,0.0,0.0,0.0,0.0,0.0,0.0,0.0,0.0,0.0,0.0,0.0,0.0,0.0,0.0,0.0,0.0,0.0,1.0,0.0,0.0,1.0,0.0,0.0,1.0,0.0,0.0,0.0,0.0,1.0,6.0,0.0,0.0,0.0,0.0,8.0,3.0,2.0,8.0,17.0,14.0,14.0,6.0,0.0,0.0,0.0,0.0,0.0,0.0,0.0,0.0,0.0,1.0,0.0,0.0,3.0,0.0,0.0,6.0,0.0,0.0,0.0,0.0,1.0,11.0,0.0,0.0,0.0,0.0,11.0,3.0,3.0,10.0,24.0,19.0,16.0,9.0
610,1.0,610.0,London_60,,151,453,1092.0,70.0,2.0,171234.0,1.2436081538908184,831.0,103.0,0.0,103.0,202.0,0.0,202.0,113.0,233.0,127.0,19.0,41.0,7.0,14.0,3.0,9.0,3.0,78.0,126.0,246.0,21.0,0.0,0.0,0.0,0.0,0.0,0.0,0.0,0.0,0.0,0.0,0.0,0.0,0.0,0.0,0.0,0.0,0.0,0.0,0.0,0.0,0.0,0.0,0.0,0.0,0.0,0.0,0.0,0.0,0.0,0.0,0.0,0.0,0.0,0.0,0.0,0.0,0.0,0.0,0.0,0.0,5.0,7.0,3.0,0.0,3.0,0.0,27.0,2.0,8.0,7.0,25.0,26.0,15.0,7.0,0.0,0.0,0.0,0.0,0.0,0.0,0.0,0.0,0.0,0.0,0.0,0.0,0.0,0.0,0.0,0.0,0.0,0.0,0.0,0.0,6.0,10.0,4.0,0.0,3.0,0.0,40.0,2.0,9.0,8.0,52.0,45.0,20.0,12.0
611,1.0,611.0,London_60,,151,453,1092.0,70.0,2.0,145866.0,0.5860550929792225,775.0,65.0,0.0,65.0,112.0,0.0,112.0,202.0,257.0,84.0,18.0,57.0,3.0,22.0,2.0,10.0,6.0,77.0,147.0,223.0,35.0,0.0,0.0,0.0,0.0,0.0,0.0,0.0,0.0,0.0,0.0,0.0,0.0,0.0,0.0,0.0,0.0,0.0,0.0,0.0,0.0,0.0,0.0,0.0,0.0,0.0,0.0,0.0,0.0,0.0,0.0,0.0,0.0,0.0,0.0,0.0,0.0,0.0,0.0,0.0,0.0,2.0,0.0,0.0,1.0,0.0,0.0,7.0,6.0,3.0,8.0,18.0,13.0,16.0,5.0,0.0,0.0,0.0,0.0,0.0,0.0,0.0,0.0,0.0,0.0,0.0,0.0,0.0,0.0,0.0,0.0,0.0,0.0,0.0,0.0,3.0,0.0,0.0,1.0,0.0,0.0,10.0,10.0,4.0,9.0,32.0,20.0,21.0,8.0
612,1.0,612.0,London_60,,151,453,1092.0,70.0,2.0,149943.0,1.166134992847219,784.0,122.0,2.0,120.0,206.0,17.0,189.0,112.0,262.0,93.0,13.0,46.0,6.0,24.0,1.0,8.0,5.0,80.0,158.0,210.0,35.0,0.0,0.0,0.0,0.0,0.0,0.0,0.0,0.0,0.0,0.0,0.0,0.0,0.0,0.0,0.0,0.0,0.0,0.0,0.0,0.0,0.0,0.0,0.0,0.0,0.0,0.0,0.0,0.0,0.0,0.0,0.0,0.0,1.0,1.0,1.0,1.0,0.0,0.0,0.0,0.0,3.0,4.0,10.0,1.0,7.0,1.0,7.0,4.0,9.0,11.0,20.0,27.0,26.0,6.0,0.0,0.0,0.0,0.0,0.0,0.0,0.0,0.0,0.0,0.0,0.0,0.0,8.0,4.0,7.0,4.0,0.0,0.0,0.0,0.0,3.0,4.0,11.0,2.0,7.0,1.0,10.0,5.0,11.0,15.0,28.0,34.0,28.0,7.0
613,1.0,613.0,London_60,,151,453,1092.0,70.0,2.0,130917.0,0.5689789680764079,742.0,149.0,0.0,149.0,272.0,0.0,272.0,206.0,269.0,66.0,20.0,71.0,2.0,19.0,2.0,4.0,7.0,87.0,142.0,217.0,29.0,0.0,0.0,0.0,0.0,0.0,0.0,0.0,0.0,0.0,0.0,0.0,0.0,0.0,0.0,0.0,0.0,0.0,0.0,0.0,0.0,0.0,0.0,0.0,0.0,0.0,0.0,0.0,0.0,0.0,0.0,0.0,0.0,0.0,0.0,0.0,0.0,0.0,0.0,0.0,0.0,2.0,20.0,0.0,3.0,3.0,1.0,10.0,2.0,4.0,3.0,29.0,35.0,19.0,16.0,0.0,0.0,0.0,0.0,0.0,0.0,0.0,0.0,0.0,0.0,0.0,0.0,0.0,0.0,0.0,0.0,0.0,0.0,0.0,0.0,2.0,32.0,0.0,4.0,3.0,2.0,14.0,2.0,5.0,5.0,45.0,54.0,26.0,19.0
614,1.0,614.0,London_60,,151,453,1092.0,70.0,2.0,99207.0,0.7335694117937237,672.0,18.0,2.0,16.0,46.0,16.0,30.0,272.0,219.0,95.0,26.0,74.0,12.0,23.0,1.0,3.0,10.0,79.0,140.0,224.0,45.0,0.0,0.0,0.0,0.0,0.0,0.0,0.0,0.0,0.0,0.0,0.0,0.0,0.0,0.0,0.0,0.0,0.0,0.0,0.0,0.0,0.0,0.0,0.0,0.0,0.0,0.0,0.0,0.0,0.0,1.0,1.0,0.0,1.0,0.0,1.0,2.0,0.0,0.0,0.0,0.0,0.0,1.0,0.0,0.0,0.0,0.0,4.0,0.0,0.0,1.0,2.0,7.0,2.0,1.0,0.0,0.0,0.0,0.0,0.0,0.0,0.0,0.0,0.0,2.0,4.0,0.0,1.0,0.0,6.0,3.0,0.0,0.0,0.0,0.0,0.0,1.0,0.0,0.0,0.0,0.0,7.0,0.0,0.0,2.0,2.0,12.0,3.0,1.0
615,1.0,615.0,London_60,,151,453,1092.0,70.0,2.0,127293.0,0.8327977450098842,734.0,51.0,2.0,49.0,109.0,19.0,90.0,46.0,216.0,99.0,29.0,75.0,5.0,24.0,2.0,3.0,8.0,81.0,132.0,232.0,44.0,0.0,0.0,0.0,0.0,0.0,0.0,0.0,0.0,0.0,0.0,0.0,0.0,0.0,0.0,0.0,0.0,0.0,0.0,0.0,0.0,0.0,0.0,0.0,0.0,0.0,0.0,0.0,0.0,0.0,1.0,0.0,0.0,0.0,0.0,1.0,0.0,0.0,0.0,0.0,0.0,1.0,1.0,0.0,0.0,0.0,0.0,8.0,3.0,0.0,7.0,11.0,10.0,13.0,4.0,0.0,0.0,0.0,0.0,0.0,0.0,0.0,0.0,0.0,2.0,0.0,0.0,0.0,0.0,5.0,0.0,0.0,0.0,0.0,0.0,2.0,1.0,0.0,0.0,0.0,0.0,14.0,3.0,0.0,10.0,20.0,14.0,24.0,6.0
616,1.0,616.0,London_60,,151,453,1092.0,70.0,2.0,141336.0,0.6567608939949423,765.0,43.0,2.0,41.0,92.0,16.0,76.0,109.0,223.0,103.0,25.0,73.0,3.0,17.0,2.0,7.0,3.0,83.0,134.0,233.0,35.0,0.0,0.0,0.0,0.0,0.0,0.0,0.0,0.0,0.0,0.0,0.0,0.0,0.0,0.0,0.0,0.0,0.0,0.0,0.0,0.0,0.0,0.0,0.0,0.0,0.0,0.0,0.0,0.0,0.0,1.0,0.0,0.0,0.0,1.0,1.0,2.0,0.0,0.0,0.0,0.0,5.0,1.0,0.0,1.0,0.0,0.0,7.0,3.0,3.0,4.0,13.0,11.0,8.0,6.0,0.0,0.0,0.0,0.0,0.0,0.0,0.0,0.0,0.0,2.0,0.0,0.0,0.0,5.0,8.0,3.0,0.0,0.0,0.0,0.0,5.0,1.0,0.0,1.0,0.0,0.0,9.0,4.0,5.0,6.0,22.0,17.0,9.0,9.0
617,1.0,617.0,London_60,,151,453,1092.0,70.0,2.0,162174.0,1.7092545258346945,811.0,32.0,0.0,32.0,52.0,0.0,52.0,92.0,233.0,103.0,24.0,73.0,3.0,13.0,0.0,4.0,2.0,69.0,135.0,247.0,19.0,0.0,0.0,0.0,0.0,0.0,0.0,0.0,0.0,0.0,0.0,0.0,0.0,0.0,0.0,0.0,0.0,0.0,0.0,0.0,0.0,0.0,0.0,0.0,0.0,0.0,0.0,0.0,0.0,0.0,0.0,0.0,0.0,0.0,0.0,0.0,0.0,0.0,0.0,0.0,0.0,1.0,1.0,1.0,1.0,0.0,0.0,3.0,3.0,2.0,3.0,9.0,7.0,7.0,1.0,0.0,0.0,0.0,0.0,0.0,0.0,0.0,0.0,0.0,0.0,0.0,0.0,0.0,0.0,0.0,0.0,0.0,0.0,0.0,0.0,1.0,1.0,1.0,1.0,0.0,0.0,4.0,4.0,2.0,5.0,15.0,11.0,8.0,1.0
618,1.0,618.0,London_60,,151,453,1092.0,70.0,2.0,186183.0,0.7767258039675653,864.0,76.0,2.0,74.0,149.0,18.0,131.0,52.0,237.0,100.0,27.0,69.0,3.0,15.0,0.0,2.0,3.0,73.0,143.0,234.0,16.0,0.0,0.0,0.0,0.0,0.0,0.0,0.0,0.0,0.0,0.0,0.0,0.0,0.0,0.0,0.0,0.0,0.0,0.0,0.0,0.0,0.0,0.0,0.0,0.0,0.0,0.0,0.0,0.0,0.0,0.0,0.0,0.0,0.0,0.0,0.0,0.0,0.0,0.0,0.0,0.0,1.0,9.0,2.0,0.0,3.0,0.0,5.0,4.0,8.0,7.0,17.0,19.0,17.0,5.0,0.0,0.0,0.0,0.0,0.0,0.0,0.0,0.0,0.0,0.0,0.0,0.0,0.0,0.0,0.0,0.0,0.0,0.0,0.0,0.0,1.0,13.0,3.0,0.0,3.0,0.0,7.0,7.0,11.0,11.0,31.0,28.0,21.0,9.0
619,1.0,619.0,London_60,,151,453,1092.0,70.0,2.0,183012.0,1.6904504999984056,857.0,186.0,0.0,186.0,307.0,0.0,307.0,149.0,247.0,104.0,22.0,56.0,5.0,14.0,0.0,5.0,6.0,74.0,135.0,238.0,21.0,0.0,0.0,0.0,0.0,0.0,0.0,0.0,0.0,0.0,0.0,0.0,0.0,0.0,0.0,0.0,0.0,0.0,0.0,0.0,0.0,0.0,0.0,0.0,0.0,0.0,0.0,0.0,0.0,0.0,0.0,0.0,0.0,0.0,0.0,0.0,0.0,0.0,0.0,0.0,0.0,9.0,29.0,3.0,6.0,1.0,0.0,13.0,3.0,4.0,14.0,21.0,44.0,12.0,13.0,0.0,0.0,0.0,0.0,0.0,0.0,0.0,0.0,0.0,0.0,0.0,0.0,0.0,0.0,0.0,0.0,0.0,0.0,0.0,0.0,9.0,43.0,3.0,9.0,1.0,0.0,17.0,4.0,6.0,18.0,30.0,55.0,17.0,20.0
620,1.0,620.0,London_60,,151,453,1092.0,70.0,2.0,134541.0,0.9726220569573343,750.0,173.0,0.0,173.0,308.0,0.0,308.0,307.0,195.0,122.0,24.0,83.0,3.0,23.0,1.0,2.0,8.0,83.0,133.0,229.0,46.0,0.0,0.0,0.0,0.0,0.0,0.0,0.0,0.0,0.0,0.0,0.0,0.0,0.0,0.0,0.0,0.0,0.0,0.0,0.0,0.0,0.0,0.0,0.0,0.0,0.0,0.0,0.0,0.0,0.0,0.0,0.0,0.0,0.0,0.0,0.0,0.0,0.0,0.0,0.0,0.0,0.0,15.0,2.0,6.0,2.0,0.0,15.0,16.0,8.0,3.0,33.0,40.0,24.0,11.0,0.0,0.0,0.0,0.0,0.0,0.0,0.0,0.0,0.0,0.0,0.0,0.0,0.0,0.0,0.0,0.0,0.0,0.0,0.0,0.0,0.0,22.0,2.0,11.0,2.0,0.0,20.0,25.0,9.0,3.0,49.0,60.0,30.0,18.0
621,1.0,621.0,London_60,,151,453,1092.0,70.0,2.0,87429.0,0.4527473379857838,646.0,17.0,1.0,16.0,39.0,9.0,30.0,308.0,185.0,124.0,21.0,84.0,9.0,22.0,2.0,6.0,2.0,75.0,147.0,229.0,42.0,0.0,0.0,0.0,0.0,0.0,0.0,0.0,0.0,0.0,0.0,0.0,0.0,0.0,0.0,0.0,0.0,0.0,0.0,0.0,0.0,0.0,0.0,0.0,0.0,0.0,0.0,0.0,0.0,0.0,0.0,0.0,0.0,0.0,0.0,0.0,1.0,0.0,0.0,0.0,0.0,0.0,0.0,0.0,0.0,0.0,0.0,0.0,1.0,0.0,1.0,2.0,5.0,1.0,2.0,0.0,0.0,0.0,0.0,0.0,0.0,0.0,0.0,0.0,0.0,0.0,0.0,0.0,0.0,0.0,1.0,0.0,0.0,0.0,0.0,0.0,0.0,0.0,0.0,0.0,0.0,0.0,1.0,0.0,2.0,3.0,8.0,2.0,3.0
622,1.0,622.0,London_60,,151,453,1092.0,70.0,2.0,116874.0,0.7505332499276847,711.0,56.0,2.0,54.0,112.0,17.0,95.0,39.0,189.0,119.0,21.0,84.0,9.0,23.0,2.0,6.0,4.0,74.0,138.0,237.0,44.0,0.0,0.0,0.0,0.0,0.0,0.0,0.0,0.0,0.0,0.0,0.0,0.0,0.0,0.0,0.0,0.0,0.0,0.0,0.0,0.0,0.0,0.0,0.0,0.0,0.0,0.0,0.0,0.0,0.0,1.0,0.0,0.0,0.0,0.0,0.0,1.0,0.0,0.0,0.0,0.0,0.0,0.0,0.0,0.0,0.0,0.0,4.0,1.0,1.0,5.0,5.0,19.0,6.0,7.0,0.0,0.0,0.0,0.0,0.0,0.0,0.0,0.0,0.0,1.0,0.0,0.0,0.0,0.0,0.0,3.0,0.0,0.0,0.0,0.0,0.0,0.0,0.0,0.0,0.0,0.0,7.0,2.0,1.0,7.0,7.0,25.0,8.0,13.0
623,1.0,623.0,London_60,,151,453,1092.0,70.0,2.0,126387.0,0.5591943659819663,732.0,61.0,1.0,60.0,109.0,10.0,99.0,112.0,191.0,139.0,12.0,79.0,4.0,22.0,1.0,5.0,7.0,86.0,131.0,229.0,34.0,0.0,0.0,0.0,0.0,0.0,0.0,0.0,0.0,0.0,0.0,0.0,0.0,0.0,0.0,0.0,0.0,0.0,0.0,0.0,0.0,0.0,0.0,0.0,0.0,0.0,0.0,0.0,0.0,0.0,1.0,0.0,0.0,0.0,0.0,0.0,1.0,0.0,0.0,0.0,0.0,0.0,1.0,0.0,1.0,0.0,0.0,3.0,1.0,1.0,6.0,15.0,10.0,11.0,4.0,0.0,0.0,0.0,0.0,0.0,0.0,0.0,0.0,0.0,1.0,0.0,0.0,0.0,0.0,0.0,3.0,0.0,0.0,0.0,0.0,0.0,3.0,0.0,1.0,0.0,0.0,3.0,1.0,2.0,9.0,18.0,13.0,15.0,7.0
624,1.0,624.0,London_60,,151,453,1092.0,70.0,2.0,141336.0,0.9832254890352488,765.0,2.0,0.0,2.0,3.0,0.0,3.0,109.0,206.0,138.0,8.0,66.0,6.0,21.0,0.0,8.0,6.0,82.0,134.0,231.0,30.0,0.0,0.0,0.0,0.0,0.0,0.0,0.0,0.0,0.0,0.0,0.0,0.0,0.0,0.0,0.0,0.0,0.0,0.0,0.0,0.0,0.0,0.0,0.0,0.0,0.0,0.0,0.0,0.0,0.0,0.0,0.0,0.0,0.0,0.0,0.0,0.0,0.0,0.0,0.0,0.0,0.0,0.0,0.0,0.0,0.0,0.0,0.0,0.0,1.0,0.0,0.0,0.0,0.0,0.0,0.0,0.0,0.0,0.0,0.0,0.0,0.0,0.0,0.0,0.0,0.0,0.0,0.0,0.0,0.0,0.0,0.0,0.0,0.0,0.0,0.0,0.0,0.0,0.0,0.0,0.0,0.0,0.0,1.0,0.0,0.0,0.0,0.0,0.0
625,1.0,625.0,London_60,,151,453,1092.0,70.0,2.0,186636.0,0.732493189163506,865.0,51.0,2.0,49.0,96.0,17.0,79.0,3.0,207.0,139.0,8.0,66.0,4.0,21.0,0.0,8.0,6.0,83.0,133.0,231.0,30.0,0.0,0.0,0.0,0.0,0.0,0.0,0.0,0.0,0.0,0.0,0.0,0.0,0.0,0.0,0.0,0.0,0.0,0.0,0.0,0.0,0.0,0.0,0.0,0.0,0.0,0.0,0.0,0.0,0.0,1.0,0.0,0.0,0.0,0.0,1.0,2.0,0.0,0.0,0.0,0.0,0.0,0.0,0.0,0.0,0.0,0.0,5.0,0.0,2.0,1.0,11.0,8.0,9.0,4.0,0.0,0.0,0.0,0.0,0.0,0.0,0.0,0.0,0.0,1.0,0.0,0.0,0.0,0.0,7.0,5.0,0.0,0.0,0.0,0.0,0.0,0.0,0.0,0.0,0.0,0.0,7.0,0.0,3.0,1.0,19.0,10.0,12.0,5.0
626,1.0,626.0,London_60,,151,453,1092.0,70.0,2.0,219705.0,0.9229918590281159,938.0,131.0,2.0,129.0,240.0,18.0,222.0,96.0,208.0,120.0,10.0,74.0,3.0,29.0,0.0,9.0,2.0,83.0,134.0,234.0,23.0,0.0,0.0,0.0,0.0,0.0,0.0,0.0,0.0,0.0,0.0,0.0,0.0,0.0,0.0,0.0,0.0,0.0,0.0,0.0,0.0,0.0,0.0,0.0,0.0,0.0,0.0,0.0,0.0,0.0,1.0,0.0,0.0,0.0,1.0,0.0,1.0,1.0,0.0,0.0,0.0,0.0,2.0,1.0,1.0,11.0,0.0,10.0,10.0,6.0,17.0,28.0,29.0,23.0,12.0,0.0,0.0,0.0,0.0,0.0,0.0,0.0,0.0,0.0,3.0,0.0,0.0,0.0,8.0,0.0,6.0,6.0,0.0,0.0,0.0,0.0,2.0,1.0,1.0,13.0,0.0,14.0,12.0,10.0,25.0,41.0,42.0,28.0,19.0
627,1.0,627.0,London_60,,151,453,1092.0,70.0,2.0,206568.0,1.8787761088460684,909.0,153.0,1.0,152.0,262.0,9.0,253.0,240.0,220.0,112.0,13.0,74.0,6.0,24.0,1.0,3.0,1.0,83.0,135.0,234.0,34.0,0.0,0.0,0.0,0.0,0.0,0.0,0.0,0.0,0.0,0.0,0.0,0.0,0.0,0.0,0.0,0.0,0.0,0.0,0.0,0.0,0.0,0.0,0.0,0.0,0.0,0.0,0.0,0.0,0.0,1.0,0.0,0.0,0.0,0.0,0.0,0.0,0.0,0.0,0.0,0.0,12.0,7.0,2.0,6.0,5.0,0.0,9.0,12.0,5.0,11.0,30.0,28.0,28.0,13.0,0.0,0.0,0.0,0.0,0.0,0.0,0.0,0.0,0.0,3.0,0.0,0.0,0.0,0.0,0.0,0.0,0.0,0.0,0.0,0.0,13.0,9.0,2.0,7.0,5.0,0.0,10.0,14.0,7.0,14.0,43.0,35.0,36.0,19.0
628,1.0,628.0,London_60,,151,453,1092.0,70.0,2.0,175764.0,1.219603073084727,841.0,51.0,1.0,50.0,100.0,8.0,92.0,262.0,225.0,109.0,14.0,72.0,7.0,18.0,4.0,4.0,4.0,81.0,138.0,230.0,32.0,0.0,0.0,0.0,0.0,0.0,0.0,0.0,0.0,0.0,0.0,0.0,0.0,0.0,0.0,0.0,0.0,0.0,0.0,0.0,0.0,0.0,0.0,0.0,0.0,0.0,0.0,0.0,0.0,0.0,1.0,0.0,0.0,1.0,0.0,0.0,1.0,0.0,0.0,0.0,0.0,1.0,1.0,0.0,2.0,0.0,0.0,3.0,5.0,8.0,4.0,12.0,12.0,8.0,2.0,0.0,0.0,0.0,0.0,0.0,0.0,0.0,0.0,0.0,2.0,0.0,0.0,1.0,0.0,0.0,5.0,0.0,0.0,0.0,0.0,1.0,1.0,0.0,2.0,0.0,0.0,3.0,9.0,9.0,4.0,19.0,17.0,12.0,3.0
629,1.0,629.0,London_60,,151,453,1092.0,70.0,2.0,199320.0,1.2600624430924654,893.0,145.0,0.0,145.0,253.0,0.0,253.0,100.0,230.0,122.0,15.0,62.0,4.0,17.0,0.0,3.0,3.0,80.0,132.0,238.0,32.0,0.0,0.0,0.0,0.0,0.0,0.0,0.0,0.0,0.0,0.0,0.0,0.0,0.0,0.0,0.0,0.0,0.0,0.0,0.0,0.0,0.0,0.0,0.0,0.0,0.0,0.0,0.0,0.0,0.0,0.0,0.0,0.0,0.0,0.0,0.0,0.0,0.0,0.0,0.0,0.0,3.0,11.0,3.0,4.0,0.0,0.0,13.0,12.0,13.0,12.0,36.0,27.0,18.0,9.0,0.0,0.0,0.0,0.0,0.0,0.0,0.0,0.0,0.0,0.0,0.0,0.0,0.0,0.0,0.0,0.0,0.0,0.0,0.0,0.0,3.0,18.0,3.0,5.0,0.0,0.0,17.0,21.0,19.0,19.0,53.0,41.0,24.0,16.0
630,1.0,630.0,London_60,,151,453,1092.0,70.0,2.0,170328.0,1.1503225478809327,829.0,131.0,0.0,131.0,228.0,0.0,228.0,253.0,235.0,88.0,11.0,81.0,9.0,25.0,0.0,4.0,9.0,74.0,141.0,229.0,35.0,0.0,0.0,0.0,0.0,0.0,0.0,0.0,0.0,0.0,0.0,0.0,0.0,0.0,0.0,0.0,0.0,0.0,0.0,0.0,0.0,0.0,0.0,0.0,0.0,0.0,0.0,0.0,0.0,0.0,0.0,0.0,0.0,0.0,0.0,0.0,0.0,0.0,0.0,0.0,0.0,9.0,11.0,5.0,0.0,0.0,1.0,9.0,9.0,6.0,8.0,30.0,27.0,22.0,5.0,0.0,0.0,0.0,0.0,0.0,0.0,0.0,0.0,0.0,0.0,0.0,0.0,0.0,0.0,0.0,0.0,0.0,0.0,0.0,0.0,13.0,14.0,6.0,0.0,0.0,2.0,15.0,12.0,8.0,10.0,46.0,41.0,27.0,7.0
631,1.0,631.0,London_60,,151,453,1092.0,70.0,2.0,138618.0,0.5068304599262774,759.0,44.0,1.0,43.0,90.0,7.0,83.0,228.0,227.0,103.0,15.0,63.0,11.0,31.0,0.0,3.0,8.0,72.0,145.0,228.0,36.0,0.0,0.0,0.0,0.0,0.0,0.0,0.0,0.0,0.0,0.0,0.0,0.0,0.0,0.0,0.0,0.0,0.0,0.0,0.0,0.0,0.0,0.0,0.0,0.0,0.0,0.0,0.0,0.0,0.0,0.0,0.0,0.0,0.0,0.0,1.0,1.0,0.0,0.0,0.0,0.0,3.0,0.0,0.0,1.0,0.0,0.0,1.0,0.0,2.0,4.0,5.0,12.0,6.0,7.0,0.0,0.0,0.0,0.0,0.0,0.0,0.0,0.0,0.0,0.0,0.0,0.0,0.0,0.0,5.0,2.0,0.0,0.0,0.0,0.0,6.0,0.0,0.0,1.0,0.0,0.0,1.0,0.0,3.0,6.0,7.0,19.0,8.0,8.0
632,1.0,632.0,London_60,,151,453,1092.0,70.0,2.0,159909.0,0.599542167969048,806.0,117.0,1.0,116.0,202.0,9.0,193.0,90.0,234.0,110.0,15.0,42.0,12.0,38.0,0.0,2.0,7.0,79.0,130.0,237.0,40.0,0.0,0.0,0.0,0.0,0.0,0.0,0.0,0.0,0.0,0.0,0.0,0.0,0.0,0.0,0.0,0.0,0.0,0.0,0.0,0.0,0.0,0.0,0.0,0.0,0.0,0.0,0.0,0.0,0.0,0.0,0.0,0.0,0.0,0.0,0.0,0.0,0.0,0.0,0.0,0.0,0.0,0.0,0.0,1.0,6.0,0.0,9.0,6.0,15.0,5.0,17.0,32.0,16.0,10.0,0.0,0.0,0.0,0.0,0.0,0.0,0.0,0.0,0.0,0.0,0.0,0.0,0.0,0.0,0.0,0.0,0.0,0.0,0.0,0.0,0.0,0.0,0.0,1.0,6.0,0.0,15.0,8.0,22.0,6.0,25.0,46.0,17.0,16.0
633,1.0,633.0,London_60,,151,453,1092.0,70.0,2.0,143601.0,0.6071443420369178,770.0,131.0,2.0,129.0,245.0,19.0,226.0,202.0,234.0,83.0,13.0,54.0,18.0,43.0,0.0,8.0,9.0,71.0,154.0,219.0,31.0,0.0,0.0,0.0,0.0,0.0,0.0,0.0,0.0,0.0,0.0,0.0,0.0,0.0,0.0,0.0,0.0,0.0,0.0,0.0,0.0,0.0,0.0,0.0,0.0,0.0,0.0,0.0,0.0,0.0,0.0,0.0,0.0,1.0,0.0,1.0,1.0,0.0,0.0,0.0,0.0,0.0,8.0,1.0,4.0,2.0,0.0,21.0,11.0,2.0,15.0,32.0,35.0,7.0,11.0,0.0,0.0,0.0,0.0,0.0,0.0,0.0,0.0,0.0,0.0,0.0,0.0,3.0,0.0,5.0,2.0,0.0,0.0,0.0,0.0,0.0,13.0,2.0,7.0,3.0,0.0,30.0,13.0,2.0,19.0,56.0,50.0,8.0,18.0
634,1.0,634.0,London_60,,151,453,1092.0,70.0,2.0,119592.0,0.9140507690608501,717.0,43.0,2.0,41.0,89.0,20.0,69.0,245.0,202.0,95.0,16.0,78.0,17.0,41.0,1.0,3.0,3.0,62.0,153.0,235.0,43.0,0.0,0.0,0.0,0.0,0.0,0.0,0.0,0.0,0.0,0.0,0.0,0.0,0.0,0.0,0.0,0.0,0.0,0.0,0.0,0.0,0.0,0.0,0.0,0.0,0.0,0.0,0.0,0.0,0.0,1.0,0.0,0.0,0.0,0.0,0.0,0.0,0.0,0.0,0.0,0.0,0.0,1.0,0.0,0.0,0.0,0.0,6.0,2.0,1.0,5.0,5.0,11.0,6.0,4.0,0.0,0.0,0.0,0.0,0.0,0.0,0.0,0.0,0.0,3.0,0.0,0.0,0.0,0.0,0.0,0.0,0.0,0.0,0.0,0.0,0.0,1.0,0.0,0.0,0.0,0.0,10.0,2.0,3.0,6.0,10.0,15.0,8.0,7.0
635,1.0,635.0,London_60,,151,453,1092.0,70.0,2.0,132729.0,0.8732832870446146,746.0,86.0,1.0,85.0,157.0,8.0,149.0,89.0,215.0,94.0,18.0,72.0,11.0,38.0,1.0,4.0,1.0,72.0,145.0,235.0,41.0,0.0,0.0,0.0,0.0,0.0,0.0,0.0,0.0,0.0,0.0,0.0,0.0,0.0,0.0,0.0,0.0,0.0,0.0,0.0,0.0,0.0,0.0,0.0,0.0,0.0,0.0,0.0,0.0,0.0,0.0,0.0,0.0,0.0,1.0,0.0,0.0,0.0,0.0,0.0,0.0,1.0,10.0,1.0,0.0,2.0,0.0,7.0,5.0,5.0,10.0,9.0,20.0,20.0,8.0,0.0,0.0,0.0,0.0,0.0,0.0,0.0,0.0,0.0,0.0,0.0,0.0,0.0,7.0,0.0,0.0,0.0,0.0,0.0,0.0,2.0,15.0,1.0,0.0,2.0,0.0,12.0,6.0,5.0,13.0,12.0,30.0,24.0,14.0
636,1.0,636.0,London_60,,151,453,1092.0,70.0,2.0,128199.0,0.5604750260245055,736.0,31.0,0.0,31.0,52.0,0.0,52.0,157.0,220.0,81.0,18.0,76.0,10.0,43.0,1.0,4.0,0.0,64.0,156.0,233.0,31.0,0.0,0.0,0.0,0.0,0.0,0.0,0.0,0.0,0.0,0.0,0.0,0.0,0.0,0.0,0.0,0.0,0.0,0.0,0.0,0.0,0.0,0.0,0.0,0.0,0.0,0.0,0.0,0.0,0.0,0.0,0.0,0.0,0.0,0.0,0.0,0.0,0.0,0.0,0.0,0.0,1.0,1.0,0.0,0.0,0.0,0.0,2.0,4.0,1.0,6.0,8.0,11.0,9.0,3.0,0.0,0.0,0.0,0.0,0.0,0.0,0.0,0.0,0.0,0.0,0.0,0.0,0.0,0.0,0.0,0.0,0.0,0.0,0.0,0.0,1.0,1.0,0.0,0.0,0.0,0.0,3.0,6.0,1.0,7.0,13.0,16.0,12.0,5.0
637,1.0,637.0,London_60,,151,453,1092.0,70.0,2.0,154020.0,0.6737417040858418,793.0,7.0,2.0,5.0,29.0,19.0,10.0,52.0,222.0,86.0,14.0,75.0,9.0,43.0,0.0,4.0,3.0,65.0,155.0,230.0,33.0,0.0,0.0,0.0,0.0,0.0,0.0,0.0,0.0,0.0,0.0,0.0,0.0,0.0,0.0,0.0,0.0,0.0,0.0,0.0,0.0,0.0,0.0,0.0,0.0,0.0,0.0,0.0,0.0,0.0,0.0,0.0,0.0,1.0,0.0,1.0,2.0,0.0,0.0,0.0,0.0,0.0,0.0,0.0,0.0,0.0,0.0,1.0,0.0,0.0,0.0,2.0,0.0,1.0,1.0,0.0,0.0,0.0,0.0,0.0,0.0,0.0,0.0,0.0,0.0,0.0,0.0,6.0,0.0,5.0,9.0,0.0,0.0,0.0,0.0,0.0,0.0,0.0,0.0,0.0,0.0,1.0,0.0,0.0,0.0,4.0,0.0,2.0,2.0
638,1.0,638.0,London_60,,151,453,1092.0,70.0,2.0,192525.0,2.522683453047648,878.0,180.0,0.0,180.0,315.0,0.0,315.0,29.0,219.0,91.0,8.0,77.0,10.0,44.0,0.0,4.0,2.0,64.0,145.0,242.0,33.0,0.0,0.0,0.0,0.0,0.0,0.0,0.0,0.0,0.0,0.0,0.0,0.0,0.0,0.0,0.0,0.0,0.0,0.0,0.0,0.0,0.0,0.0,0.0,0.0,0.0,0.0,0.0,0.0,0.0,0.0,0.0,0.0,0.0,0.0,0.0,0.0,0.0,0.0,0.0,0.0,2.0,21.0,1.0,0.0,0.0,0.0,9.0,5.0,2.0,18.0,41.0,48.0,28.0,3.0,0.0,0.0,0.0,0.0,0.0,0.0,0.0,0.0,0.0,0.0,0.0,0.0,0.0,0.0,0.0,0.0,0.0,0.0,0.0,0.0,2.0,28.0,1.0,0.0,0.0,0.0,10.0,6.0,2.0,29.0,58.0,75.0,36.0,4.0
639,1.0,639.0,London_60,,151,453,1092.0,70.0,2.0,151302.0,1.209925731876865,787.0,77.0,2.0,75.0,148.0,18.0,130.0,315.0,141.0,114.0,24.0,102.0,15.0,51.0,0.0,6.0,4.0,82.0,141.0,226.0,53.0,0.0,0.0,0.0,0.0,0.0,0.0,0.0,0.0,0.0,0.0,0.0,0.0,0.0,0.0,0.0,0.0,0.0,0.0,0.0,0.0,0.0,0.0,0.0,0.0,0.0,0.0,0.0,0.0,0.0,0.0,0.0,0.0,0.0,0.0,0.0,1.0,0.0,0.0,0.0,0.0,0.0,1.0,0.0,1.0,0.0,0.0,2.0,2.0,5.0,4.0,13.0,19.0,14.0,6.0,0.0,0.0,0.0,0.0,0.0,0.0,0.0,0.0,0.0,0.0,0.0,0.0,0.0,0.0,0.0,3.0,0.0,0.0,0.0,0.0,0.0,1.0,0.0,2.0,0.0,0.0,2.0,2.0,7.0,5.0,22.0,28.0,17.0,8.0
640,1.0,640.0,London_60,,151,453,1092.0,70.0,2.0,159003.0,1.4133911640383303,804.0,134.0,0.0,134.0,235.0,0.0,235.0,148.0,154.0,108.0,18.0,112.0,16.0,39.0,0.0,6.0,3.0,79.0,134.0,237.0,37.0,0.0,0.0,0.0,0.0,0.0,0.0,0.0,0.0,0.0,0.0,0.0,0.0,0.0,0.0,0.0,0.0,0.0,0.0,0.0,0.0,0.0,0.0,0.0,0.0,0.0,0.0,0.0,0.0,0.0,0.0,0.0,0.0,0.0,0.0,0.0,0.0,0.0,0.0,0.0,0.0,2.0,8.0,12.0,2.0,1.0,1.0,7.0,9.0,10.0,10.0,25.0,28.0,19.0,13.0,0.0,0.0,0.0,0.0,0.0,0.0,0.0,0.0,0.0,0.0,0.0,0.0,0.0,0.0,0.0,0.0,0.0,0.0,0.0,0.0,4.0,12.0,16.0,2.0,1.0,2.0,9.0,13.0,13.0,13.0,36.0,37.0,23.0,19.0
641,1.0,641.0,London_60,,151,453,1092.0,70.0,2.0,137259.0,0.6797608658671379,756.0,30.0,0.0,30.0,48.0,0.0,48.0,235.0,172.0,104.0,29.0,78.0,22.0,42.0,0.0,6.0,2.0,70.0,156.0,225.0,37.0,0.0,0.0,0.0,0.0,0.0,0.0,0.0,0.0,0.0,0.0,0.0,0.0,0.0,0.0,0.0,0.0,0.0,0.0,0.0,0.0,0.0,0.0,0.0,0.0,0.0,0.0,0.0,0.0,0.0,0.0,0.0,0.0,0.0,0.0,0.0,0.0,0.0,0.0,0.0,0.0,0.0,0.0,0.0,1.0,0.0,0.0,3.0,2.0,1.0,1.0,4.0,4.0,3.0,3.0,0.0,0.0,0.0,0.0,0.0,0.0,0.0,0.0,0.0,0.0,0.0,0.0,0.0,0.0,0.0,0.0,0.0,0.0,0.0,0.0,0.0,0.0,0.0,1.0,0.0,0.0,4.0,3.0,1.0,2.0,7.0,6.0,3.0,3.0
642,1.0,642.0,London_60,,151,453,1092.0,70.0,2.0,157191.0,0.8257436179555953,800.0,92.0,0.0,92.0,157.0,0.0,157.0,48.0,177.0,91.0,32.0,82.0,25.0,38.0,1.0,7.0,4.0,68.0,156.0,225.0,42.0,0.0,0.0,0.0,0.0,0.0,0.0,0.0,0.0,0.0,0.0,0.0,0.0,0.0,0.0,0.0,0.0,0.0,0.0,0.0,0.0,0.0,0.0,0.0,0.0,0.0,0.0,0.0,0.0,0.0,0.0,0.0,0.0,0.0,0.0,0.0,0.0,0.0,0.0,0.0,0.0,0.0,1.0,0.0,5.0,0.0,0.0,5.0,5.0,3.0,12.0,20.0,15.0,14.0,8.0,0.0,0.0,0.0,0.0,0.0,0.0,0.0,0.0,0.0,0.0,0.0,0.0,0.0,0.0,0.0,0.0,0.0,0.0,0.0,0.0,0.0,1.0,0.0,6.0,0.0,0.0,7.0,6.0,4.0,17.0,37.0,25.0,23.0,12.0
643,1.0,643.0,London_60,,151,453,1092.0,70.0,2.0,153567.0,0.5313758298289031,792.0,67.0,2.0,65.0,127.0,22.0,105.0,157.0,191.0,76.0,32.0,77.0,21.0,47.0,1.0,8.0,5.0,78.0,143.0,227.0,37.0,0.0,0.0,0.0,0.0,0.0,0.0,0.0,0.0,0.0,1.0,0.0,1.0,0.0,0.0,0.0,0.0,0.0,0.0,1.0,0.0,0.0,0.0,0.0,0.0,0.0,0.0,0.0,0.0,0.0,1.0,0.0,0.0,1.0,0.0,1.0,1.0,0.0,0.0,0.0,0.0,2.0,0.0,1.0,1.0,1.0,0.0,3.0,4.0,5.0,7.0,18.0,11.0,18.0,4.0,0.0,0.0,0.0,0.0,0.0,0.0,0.0,0.0,0.0,1.0,0.0,0.0,2.0,0.0,1.0,6.0,0.0,0.0,0.0,0.0,2.0,0.0,1.0,1.0,1.0,0.0,5.0,6.0,6.0,10.0,29.0,16.0,23.0,6.0
644,1.0,644.0,London_60,,151,453,1092.0,70.0,2.0,159456.0,1.3038755909074098,805.0,76.0,2.0,74.0,138.0,18.0,120.0,118.0,203.0,92.0,35.0,50.0,22.0,47.0,1.0,3.0,6.0,72.0,146.0,229.0,36.0,0.0,0.0,0.0,0.0,0.0,0.0,0.0,0.0,0.0,0.0,0.0,0.0,0.0,0.0,0.0,0.0,0.0,0.0,0.0,0.0,0.0,0.0,0.0,0.0,0.0,0.0,0.0,0.0,0.0,2.0,0.0,0.0,2.0,0.0,2.0,0.0,1.0,0.0,0.0,0.0,4.0,2.0,1.0,1.0,3.0,0.0,5.0,9.0,7.0,8.0,13.0,18.0,14.0,6.0,0.0,0.0,0.0,0.0,0.0,0.0,0.0,0.0,0.0,8.0,0.0,0.0,6.0,0.0,12.0,0.0,8.0,0.0,0.0,0.0,7.0,3.0,1.0,2.0,3.0,0.0,7.0,10.0,8.0,12.0,25.0,24.0,20.0,7.0
645,1.0,645.0,London_60,,151,453,1092.0,70.0,2.0,160815.0,0.7627493899781257,808.0,78.0,2.0,76.0,150.0,17.0,133.0,138.0,210.0,99.0,38.0,55.0,17.0,30.0,0.0,4.0,4.0,72.0,139.0,238.0,31.0,0.0,0.0,0.0,0.0,0.0,0.0,0.0,0.0,0.0,0.0,0.0,0.0,0.0,0.0,0.0,0.0,0.0,0.0,0.0,0.0,0.0,0.0,0.0,0.0,0.0,0.0,0.0,0.0,0.0,2.0,0.0,0.0,1.0,0.0,0.0,2.0,0.0,0.0,0.0,0.0,1.0,1.0,2.0,3.0,5.0,0.0,6.0,12.0,3.0,7.0,23.0,20.0,21.0,5.0,0.0,0.0,0.0,0.0,0.0,0.0,0.0,0.0,0.0,5.0,0.0,0.0,5.0,0.0,0.0,5.0,0.0,0.0,0.0,0.0,1.0,1.0,2.0,5.0,7.0,0.0,9.0,21.0,4.0,10.0,33.0,27.0,25.0,7.0
646,1.0,646.0,London_60,,151,453,1092.0,70.0,2.0,164892.0,0.7971826700959355,817.0,131.0,1.0,130.0,239.0,12.0,227.0,150.0,215.0,98.0,40.0,61.0,8.0,27.0,0.0,4.0,3.0,88.0,128.0,234.0,27.0,0.0,0.0,0.0,0.0,0.0,0.0,0.0,0.0,0.0,0.0,0.0,0.0,0.0,0.0,0.0,0.0,0.0,0.0,0.0,0.0,0.0,0.0,0.0,0.0,0.0,0.0,0.0,0.0,0.0,0.0,1.0,0.0,1.0,0.0,0.0,1.0,0.0,0.0,0.0,0.0,0.0,16.0,19.0,0.0,22.0,0.0,5.0,10.0,8.0,9.0,20.0,28.0,28.0,9.0,0.0,0.0,0.0,0.0,0.0,0.0,0.0,0.0,0.0,0.0,6.0,0.0,8.0,0.0,0.0,4.0,0.0,0.0,0.0,0.0,0.0,26.0,25.0,0.0,29.0,0.0,8.0,12.0,11.0,12.0,28.0,41.0,38.0,11.0
647,1.0,647.0,London_60,,151,453,1092.0,70.0,2.0,143601.0,0.6238666521385312,770.0,96.0,0.0,96.0,177.0,0.0,177.0,239.0,230.0,87.0,26.0,81.0,9.0,16.0,1.0,3.0,3.0,74.0,149.0,227.0,22.0,0.0,0.0,0.0,0.0,0.0,0.0,0.0,0.0,0.0,0.0,0.0,0.0,0.0,0.0,0.0,0.0,0.0,0.0,0.0,0.0,0.0,0.0,0.0,0.0,0.0,0.0,0.0,0.0,0.0,0.0,0.0,0.0,0.0,0.0,0.0,0.0,0.0,0.0,0.0,0.0,2.0,0.0,0.0,2.0,0.0,0.0,5.0,9.0,1.0,8.0,19.0,26.0,20.0,4.0,0.0,0.0,0.0,0.0,0.0,0.0,0.0,0.0,0.0,0.0,0.0,0.0,0.0,0.0,0.0,0.0,0.0,0.0,0.0,0.0,2.0,0.0,0.0,2.0,0.0,0.0,6.0,13.0,1.0,9.0,30.0,38.0,30.0,6.0
648,1.0,648.0,London_60,,151,453,1092.0,70.0,2.0,129105.0,0.5531868729740381,738.0,64.0,0.0,64.0,105.0,0.0,105.0,177.0,240.0,71.0,31.0,73.0,9.0,23.0,0.0,6.0,7.0,76.0,151.0,219.0,26.0,0.0,0.0,0.0,0.0,0.0,0.0,0.0,0.0,0.0,0.0,0.0,0.0,0.0,0.0,0.0,0.0,0.0,0.0,0.0,0.0,0.0,0.0,0.0,0.0,0.0,0.0,0.0,0.0,0.0,0.0,0.0,0.0,0.0,0.0,0.0,0.0,0.0,0.0,0.0,0.0,1.0,1.0,0.0,0.0,0.0,0.0,8.0,3.0,7.0,7.0,13.0,18.0,12.0,7.0,0.0,0.0,0.0,0.0,0.0,0.0,0.0,0.0,0.0,0.0,0.0,0.0,0.0,0.0,0.0,0.0,0.0,0.0,0.0,0.0,1.0,1.0,0.0,0.0,0.0,0.0,8.0,4.0,10.0,10.0,19.0,26.0,15.0,8.0
649,1.0,649.0,London_60,,151,453,1092.0,70.0,2.0,133182.0,0.6329032022040337,747.0,46.0,0.0,46.0,75.0,0.0,75.0,105.0,247.0,77.0,31.0,69.0,2.0,23.0,0.0,4.0,6.0,78.0,143.0,226.0,38.0,0.0,0.0,0.0,0.0,0.0,0.0,0.0,0.0,0.0,0.0,0.0,0.0,0.0,0.0,0.0,0.0,0.0,0.0,0.0,0.0,0.0,0.0,0.0,0.0,0.0,0.0,0.0,0.0,0.0,0.0,0.0,0.0,0.0,0.0,0.0,0.0,0.0,0.0,0.0,0.0,1.0,1.0,0.0,2.0,0.0,0.0,3.0,4.0,2.0,6.0,12.0,11.0,8.0,1.0,0.0,0.0,0.0,0.0,0.0,0.0,0.0,0.0,0.0,0.0,0.0,0.0,0.0,0.0,0.0,0.0,0.0,0.0,0.0,0.0,1.0,1.0,0.0,4.0,0.0,0.0,4.0,4.0,2.0,10.0,19.0,16.0,9.0,1.0
650,1.0,650.0,London_60,,151,453,1092.0,70.0,2.0,152661.0,0.6547756721265614,790.0,101.0,2.0,99.0,181.0,18.0,163.0,75.0,248.0,79.0,31.0,62.0,3.0,26.0,0.0,4.0,4.0,77.0,137.0,235.0,31.0,0.0,0.0,0.0,0.0,0.0,0.0,0.0,0.0,0.0,0.0,0.0,0.0,0.0,0.0,0.0,0.0,0.0,0.0,0.0,0.0,0.0,0.0,0.0,0.0,0.0,0.0,0.0,0.0,0.0,0.0,0.0,0.0,0.0,0.0,0.0,1.0,0.0,0.0,0.0,0.0,2.0,8.0,0.0,4.0,0.0,0.0,15.0,7.0,13.0,4.0,8.0,23.0,19.0,4.0,0.0,0.0,0.0,0.0,0.0,0.0,0.0,0.0,0.0,0.0,0.0,0.0,0.0,0.0,0.0,3.0,0.0,0.0,0.0,0.0,2.0,10.0,0.0,7.0,0.0,0.0,19.0,12.0,16.0,6.0,13.0,34.0,24.0,6.0
651,1.0,651.0,London_60,,151,453,1092.0,70.0,2.0,149037.0,0.7746594869531691,782.0,107.0,1.0,106.0,194.0,8.0,186.0,181.0,265.0,77.0,25.0,57.0,3.0,24.0,1.0,1.0,4.0,80.0,137.0,232.0,24.0,0.0,0.0,0.0,0.0,0.0,0.0,0.0,0.0,0.0,0.0,0.0,0.0,0.0,0.0,0.0,0.0,0.0,0.0,0.0,0.0,0.0,0.0,0.0,0.0,0.0,0.0,0.0,0.0,0.0,1.0,0.0,0.0,1.0,0.0,0.0,1.0,0.0,0.0,0.0,0.0,3.0,2.0,0.0,1.0,5.0,1.0,11.0,5.0,5.0,2.0,25.0,25.0,17.0,11.0,0.0,0.0,0.0,0.0,0.0,0.0,0.0,0.0,0.0,1.0,0.0,0.0,3.0,0.0,0.0,2.0,0.0,0.0,0.0,0.0,5.0,3.0,0.0,1.0,5.0,2.0,15.0,7.0,6.0,4.0,37.0,40.0,25.0,21.0
652,1.0,652.0,London_60,,151,453,1092.0,70.0,2.0,135900.0,0.6559822310227901,753.0,33.0,0.0,33.0,56.0,0.0,56.0,194.0,285.0,80.0,17.0,42.0,6.0,18.0,1.0,4.0,7.0,75.0,148.0,223.0,23.0,0.0,0.0,0.0,0.0,0.0,0.0,0.0,0.0,0.0,0.0,0.0,0.0,0.0,0.0,0.0,0.0,0.0,0.0,0.0,0.0,0.0,0.0,0.0,0.0,0.0,0.0,0.0,0.0,0.0,0.0,0.0,0.0,0.0,0.0,0.0,0.0,0.0,0.0,0.0,0.0,0.0,0.0,0.0,0.0,0.0,0.0,3.0,5.0,1.0,5.0,5.0,11.0,4.0,3.0,0.0,0.0,0.0,0.0,0.0,0.0,0.0,0.0,0.0,0.0,0.0,0.0,0.0,0.0,0.0,0.0,0.0,0.0,0.0,0.0,0.0,0.0,0.0,0.0,0.0,0.0,3.0,5.0,1.0,7.0,6.0,19.0,6.0,5.0
653,1.0,653.0,London_60,,151,453,1092.0,70.0,2.0,154020.0,0.7498323540203273,793.0,137.0,0.0,137.0,229.0,0.0,229.0,56.0,285.0,82.0,16.0,41.0,7.0,18.0,1.0,3.0,6.0,79.0,147.0,221.0,21.0,0.0,0.0,0.0,0.0,0.0,0.0,0.0,0.0,0.0,0.0,0.0,0.0,0.0,0.0,0.0,0.0,0.0,0.0,0.0,0.0,0.0,0.0,0.0,0.0,0.0,0.0,0.0,0.0,0.0,0.0,0.0,0.0,0.0,0.0,0.0,0.0,0.0,0.0,0.0,0.0,0.0,23.0,7.0,0.0,1.0,0.0,8.0,4.0,3.0,13.0,20.0,31.0,13.0,11.0,0.0,0.0,0.0,0.0,0.0,0.0,0.0,0.0,0.0,0.0,0.0,0.0,0.0,0.0,0.0,0.0,0.0,0.0,0.0,0.0,0.0,32.0,7.0,0.0,1.0,0.0,10.0,4.0,4.0,17.0,33.0,46.0,18.0,18.0
654,1.0,654.0,London_60,,151,453,1092.0,70.0,2.0,119139.0,0.7533802730031312,716.0,4.0,2.0,2.0,19.0,17.0,2.0,229.0,249.0,84.0,21.0,64.0,4.0,18.0,3.0,10.0,7.0,82.0,157.0,207.0,29.0,0.0,0.0,0.0,0.0,0.0,0.0,0.0,0.0,0.0,0.0,0.0,0.0,0.0,0.0,0.0,0.0,0.0,0.0,0.0,0.0,0.0,0.0,0.0,0.0,0.0,0.0,0.0,0.0,0.0,0.0,0.0,0.0,2.0,1.0,1.0,2.0,0.0,0.0,0.0,0.0,0.0,0.0,0.0,0.0,0.0,0.0,1.0,0.0,0.0,0.0,0.0,2.0,0.0,0.0,0.0,0.0,0.0,0.0,0.0,0.0,0.0,0.0,0.0,0.0,0.0,0.0,7.0,3.0,8.0,3.0,0.0,0.0,0.0,0.0,0.0,0.0,0.0,0.0,0.0,0.0,1.0,0.0,0.0,0.0,0.0,2.0,0.0,0.0
655,1.0,655.0,London_60,,151,453,1092.0,70.0,2.0,171234.0,0.6785403811372817,831.0,128.0,0.0,128.0,225.0,0.0,225.0,19.0,253.0,81.0,21.0,66.0,3.0,16.0,3.0,10.0,2.0,83.0,154.0,214.0,20.0,0.0,0.0,0.0,0.0,0.0,0.0,0.0,0.0,0.0,0.0,0.0,0.0,0.0,0.0,0.0,0.0,0.0,0.0,0.0,0.0,0.0,0.0,0.0,0.0,0.0,0.0,0.0,0.0,0.0,0.0,0.0,0.0,0.0,0.0,0.0,0.0,0.0,0.0,0.0,0.0,2.0,1.0,0.0,3.0,1.0,0.0,11.0,9.0,15.0,9.0,27.0,25.0,26.0,2.0,0.0,0.0,0.0,0.0,0.0,0.0,0.0,0.0,0.0,0.0,0.0,0.0,0.0,0.0,0.0,0.0,0.0,0.0,0.0,0.0,2.0,1.0,0.0,5.0,1.0,0.0,18.0,13.0,18.0,16.0,45.0,33.0,32.0,3.0
656,1.0,656.0,London_60,,151,453,1092.0,70.0,2.0,149943.0,0.5428907750174403,784.0,50.0,2.0,48.0,98.0,16.0,82.0,225.0,246.0,77.0,18.0,67.0,6.0,25.0,3.0,11.0,4.0,81.0,170.0,198.0,40.0,0.0,0.0,0.0,0.0,0.0,0.0,0.0,0.0,0.0,0.0,0.0,0.0,0.0,0.0,0.0,0.0,0.0,0.0,0.0,0.0,0.0,0.0,0.0,0.0,0.0,0.0,0.0,0.0,0.0,0.0,1.0,0.0,1.0,0.0,1.0,2.0,0.0,0.0,0.0,0.0,0.0,2.0,0.0,2.0,0.0,0.0,1.0,3.0,1.0,1.0,9.0,12.0,5.0,4.0,0.0,0.0,0.0,0.0,0.0,0.0,0.0,0.0,0.0,0.0,5.0,0.0,1.0,0.0,7.0,4.0,0.0,0.0,0.0,0.0,0.0,3.0,0.0,4.0,0.0,0.0,2.0,6.0,2.0,3.0,12.0,18.0,8.0,4.0
657,1.0,657.0,London_60,,151,453,1092.0,70.0,2.0,167157.0,1.5548950270749629,822.0,132.0,2.0,130.0,238.0,19.0,219.0,98.0,252.0,87.0,14.0,67.0,2.0,20.0,4.0,7.0,4.0,88.0,166.0,195.0,34.0,0.0,0.0,0.0,0.0,0.0,0.0,0.0,0.0,0.0,0.0,0.0,0.0,0.0,0.0,0.0,0.0,0.0,0.0,0.0,0.0,0.0,0.0,0.0,0.0,0.0,0.0,0.0,0.0,0.0,0.0,0.0,0.0,0.0,0.0,1.0,0.0,0.0,0.0,0.0,0.0,1.0,19.0,2.0,1.0,9.0,1.0,15.0,4.0,14.0,3.0,28.0,23.0,18.0,14.0,0.0,0.0,0.0,0.0,0.0,0.0,0.0,0.0,0.0,0.0,0.0,0.0,0.0,0.0,5.0,0.0,0.0,0.0,0.0,0.0,1.0,28.0,3.0,2.0,11.0,1.0,21.0,8.0,18.0,4.0,39.0,32.0,22.0,20.0
658,1.0,658.0,London_60,,151,453,1092.0,70.0,2.0,146772.0,0.5538107769098133,777.0,27.0,2.0,25.0,60.0,16.0,44.0,238.0,246.0,79.0,18.0,74.0,7.0,18.0,3.0,8.0,4.0,75.0,168.0,206.0,34.0,0.0,0.0,0.0,0.0,0.0,0.0,0.0,0.0,0.0,0.0,0.0,0.0,0.0,0.0,0.0,0.0,0.0,0.0,0.0,0.0,0.0,0.0,0.0,0.0,0.0,0.0,0.0,0.0,0.0,1.0,0.0,0.0,0.0,1.0,1.0,2.0,0.0,0.0,0.0,0.0,0.0,0.0,0.0,0.0,0.0,0.0,1.0,2.0,3.0,0.0,6.0,6.0,4.0,3.0,0.0,0.0,0.0,0.0,0.0,0.0,0.0,0.0,0.0,1.0,0.0,0.0,0.0,5.0,8.0,5.0,0.0,0.0,0.0,0.0,0.0,0.0,0.0,0.0,0.0,0.0,1.0,4.0,6.0,0.0,9.0,11.0,5.0,4.0
659,1.0,659.0,London_60,,151,453,1092.0,70.0,2.0,174858.0,1.4924073370639235,839.0,12.0,0.0,12.0,20.0,0.0,20.0,60.0,246.0,81.0,20.0,70.0,8.0,18.0,2.0,8.0,0.0,84.0,156.0,213.0,25.0,0.0,0.0,0.0,0.0,0.0,0.0,0.0,0.0,0.0,0.0,0.0,0.0,0.0,0.0,0.0,0.0,0.0,0.0,0.0,0.0,0.0,0.0,0.0,0.0,0.0,0.0,0.0,0.0,0.0,0.0,0.0,0.0,0.0,0.0,0.0,0.0,0.0,0.0,0.0,0.0,0.0,0.0,0.0,0.0,0.0,0.0,2.0,1.0,0.0,0.0,2.0,2.0,4.0,0.0,0.0,0.0,0.0,0.0,0.0,0.0,0.0,0.0,0.0,0.0,0.0,0.0,0.0,0.0,0.0,0.0,0.0,0.0,0.0,0.0,0.0,0.0,0.0,0.0,0.0,0.0,2.0,1.0,0.0,0.0,5.0,3.0,6.0,0.0
660,1.0,660.0,London_60,,151,453,1092.0,70.0,2.0,209739.0,0.9495412390679121,916.0,154.0,2.0,152.0,287.0,18.0,269.0,20.0,249.0,80.0,21.0,68.0,7.0,18.0,2.0,8.0,0.0,85.0,150.0,218.0,26.0,0.0,0.0,0.0,0.0,0.0,0.0,0.0,0.0,0.0,0.0,0.0,0.0,0.0,0.0,0.0,0.0,0.0,0.0,0.0,0.0,0.0,0.0,0.0,0.0,0.0,0.0,0.0,0.0,0.0,0.0,0.0,0.0,0.0,0.0,0.0,0.0,0.0,0.0,0.0,0.0,1.0,16.0,2.0,8.0,0.0,0.0,8.0,9.0,3.0,29.0,38.0,23.0,31.0,4.0,0.0,0.0,0.0,0.0,0.0,0.0,0.0,0.0,0.0,0.0,0.0,0.0,0.0,0.0,0.0,0.0,0.0,0.0,0.0,0.0,1.0,24.0,2.0,16.0,0.0,0.0,9.0,13.0,3.0,39.0,52.0,29.0,35.0,5.0
661,1.0,661.0,London_60,,151,453,1092.0,70.0,2.0,185730.0,0.8538700169883668,863.0,137.0,0.0,137.0,223.0,0.0,223.0,287.0,196.0,106.0,19.0,96.0,6.0,19.0,1.0,10.0,8.0,82.0,155.0,208.0,31.0,0.0,0.0,0.0,0.0,0.0,0.0,0.0,0.0,0.0,0.0,0.0,0.0,0.0,0.0,0.0,0.0,0.0,0.0,0.0,0.0,0.0,0.0,0.0,0.0,0.0,0.0,0.0,0.0,0.0,0.0,0.0,0.0,0.0,0.0,0.0,0.0,0.0,0.0,0.0,0.0,1.0,3.0,1.0,2.0,5.0,0.0,15.0,9.0,1.0,16.0,21.0,39.0,30.0,10.0,0.0,0.0,0.0,0.0,0.0,0.0,0.0,0.0,0.0,0.0,0.0,0.0,0.0,0.0,0.0,0.0,0.0,0.0,0.0,0.0,2.0,4.0,1.0,3.0,5.0,0.0,17.0,13.0,1.0,21.0,34.0,54.0,35.0,15.0
662,1.0,662.0,London_60,,151,453,1092.0,70.0,2.0,163986.0,0.6099625821225345,815.0,85.0,0.0,85.0,151.0,0.0,151.0,223.0,203.0,101.0,32.0,75.0,12.0,21.0,3.0,6.0,11.0,74.0,145.0,223.0,38.0,0.0,0.0,0.0,0.0,0.0,0.0,0.0,0.0,0.0,0.0,0.0,0.0,0.0,0.0,0.0,0.0,0.0,0.0,0.0,0.0,0.0,0.0,0.0,0.0,0.0,0.0,0.0,0.0,0.0,0.0,0.0,0.0,0.0,0.0,0.0,0.0,0.0,0.0,0.0,0.0,3.0,4.0,0.0,1.0,0.0,1.0,10.0,6.0,6.0,8.0,14.0,24.0,11.0,7.0,0.0,0.0,0.0,0.0,0.0,0.0,0.0,0.0,0.0,0.0,0.0,0.0,0.0,0.0,0.0,0.0,0.0,0.0,0.0,0.0,3.0,5.0,0.0,2.0,0.0,2.0,13.0,7.0,7.0,13.0,23.0,33.0,15.0,12.0
663,1.0,663.0,London_60,,151,453,1092.0,70.0,2.0,164439.0,1.4198421898763627,816.0,87.0,1.0,86.0,156.0,9.0,147.0,151.0,213.0,97.0,23.0,72.0,15.0,28.0,1.0,4.0,5.0,71.0,150.0,227.0,36.0,0.0,0.0,0.0,0.0,0.0,0.0,0.0,0.0,0.0,0.0,0.0,0.0,0.0,0.0,0.0,0.0,0.0,0.0,0.0,0.0,0.0,0.0,0.0,0.0,0.0,0.0,0.0,0.0,0.0,0.0,0.0,0.0,0.0,0.0,0.0,1.0,0.0,0.0,0.0,0.0,4.0,3.0,1.0,2.0,6.0,0.0,9.0,3.0,1.0,12.0,14.0,15.0,18.0,8.0,0.0,0.0,0.0,0.0,0.0,0.0,0.0,0.0,0.0,0.0,0.0,0.0,0.0,0.0,0.0,2.0,0.0,0.0,0.0,0.0,4.0,4.0,1.0,2.0,7.0,0.0,11.0,4.0,1.0,14.0,20.0,19.0,25.0,9.0
664,1.0,664.0,London_60,,151,453,1092.0,70.0,2.0,157644.0,0.9759935869369656,801.0,87.0,2.0,85.0,162.0,17.0,145.0,156.0,226.0,115.0,12.0,57.0,16.0,26.0,0.0,1.0,4.0,71.0,158.0,220.0,23.0,0.0,0.0,0.0,0.0,0.0,0.0,0.0,0.0,0.0,0.0,0.0,0.0,0.0,0.0,0.0,0.0,0.0,0.0,0.0,0.0,0.0,0.0,0.0,0.0,0.0,0.0,0.0,0.0,0.0,0.0,0.0,0.0,0.0,0.0,0.0,1.0,0.0,0.0,0.0,0.0,2.0,3.0,5.0,0.0,4.0,0.0,12.0,10.0,4.0,8.0,11.0,13.0,19.0,6.0,0.0,0.0,0.0,0.0,0.0,0.0,0.0,0.0,0.0,0.0,0.0,0.0,0.0,0.0,0.0,2.0,0.0,0.0,0.0,0.0,4.0,3.0,6.0,0.0,5.0,0.0,17.0,17.0,5.0,10.0,16.0,19.0,25.0,10.0
665,1.0,665.0,London_60,,151,453,1092.0,70.0,2.0,164439.0,1.7133899070322514,816.0,115.0,1.0,114.0,211.0,10.0,201.0,162.0,234.0,132.0,6.0,48.0,5.0,22.0,1.0,5.0,5.0,77.0,141.0,230.0,35.0,0.0,0.0,0.0,0.0,0.0,0.0,0.0,0.0,0.0,0.0,0.0,0.0,0.0,0.0,0.0,0.0,0.0,0.0,0.0,0.0,0.0,0.0,0.0,0.0,0.0,0.0,0.0,0.0,0.0,0.0,0.0,0.0,0.0,0.0,0.0,0.0,0.0,0.0,0.0,0.0,3.0,0.0,3.0,4.0,5.0,0.0,5.0,8.0,7.0,6.0,24.0,30.0,20.0,12.0,0.0,0.0,0.0,0.0,0.0,0.0,0.0,0.0,0.0,0.0,0.0,0.0,0.0,0.0,0.0,0.0,0.0,0.0,0.0,0.0,4.0,0.0,4.0,5.0,6.0,0.0,8.0,11.0,10.0,10.0,39.0,44.0,29.0,22.0
666,1.0,666.0,London_60,,151,453,1092.0,70.0,2.0,138618.0,0.9938753820024431,759.0,58.0,0.0,58.0,99.0,0.0,99.0,211.0,227.0,114.0,13.0,78.0,7.0,11.0,0.0,3.0,2.0,80.0,136.0,235.0,27.0,0.0,0.0,0.0,0.0,0.0,0.0,0.0,0.0,0.0,0.0,0.0,0.0,0.0,0.0,0.0,0.0,0.0,0.0,0.0,0.0,0.0,0.0,0.0,0.0,0.0,0.0,0.0,0.0,0.0,0.0,0.0,0.0,0.0,0.0,0.0,0.0,0.0,0.0,0.0,0.0,1.0,3.0,0.0,0.0,1.0,0.0,6.0,3.0,3.0,3.0,11.0,6.0,8.0,12.0,0.0,0.0,0.0,0.0,0.0,0.0,0.0,0.0,0.0,0.0,0.0,0.0,0.0,0.0,0.0,0.0,0.0,0.0,0.0,0.0,1.0,4.0,0.0,0.0,1.0,0.0,8.0,5.0,4.0,5.0,16.0,9.0,10.0,19.0
667,1.0,667.0,London_60,,151,453,1092.0,70.0,2.0,157191.0,1.146301057888195,800.0,81.0,2.0,79.0,153.0,17.0,136.0,99.0,245.0,114.0,9.0,65.0,5.0,15.0,0.0,0.0,2.0,82.0,153.0,216.0,26.0,0.0,0.0,0.0,0.0,0.0,0.0,0.0,0.0,0.0,0.0,0.0,0.0,0.0,0.0,0.0,0.0,0.0,0.0,0.0,0.0,0.0,0.0,0.0,0.0,0.0,0.0,0.0,0.0,0.0,0.0,0.0,0.0,0.0,0.0,1.0,1.0,0.0,0.0,0.0,0.0,5.0,2.0,0.0,1.0,0.0,0.0,7.0,4.0,9.0,8.0,16.0,21.0,11.0,8.0,0.0,0.0,0.0,0.0,0.0,0.0,0.0,0.0,0.0,0.0,0.0,0.0,0.0,0.0,7.0,4.0,0.0,0.0,0.0,0.0,5.0,3.0,0.0,1.0,0.0,0.0,9.0,5.0,11.0,11.0,26.0,29.0,15.0,11.0
668,1.0,668.0,London_60,,151,453,1092.0,70.0,2.0,163986.0,2.048372857971117,815.0,107.0,2.0,105.0,200.0,18.0,182.0,153.0,233.0,121.0,19.0,53.0,2.0,20.0,2.0,3.0,4.0,70.0,140.0,239.0,23.0,0.0,0.0,0.0,0.0,0.0,0.0,0.0,0.0,0.0,0.0,0.0,0.0,0.0,0.0,0.0,0.0,0.0,0.0,0.0,0.0,0.0,0.0,0.0,0.0,0.0,0.0,0.0,0.0,0.0,1.0,0.0,0.0,0.0,1.0,0.0,1.0,1.0,0.0,0.0,0.0,4.0,8.0,3.0,2.0,1.0,0.0,14.0,6.0,1.0,7.0,16.0,23.0,19.0,11.0,0.0,0.0,0.0,0.0,0.0,0.0,0.0,0.0,0.0,5.0,0.0,0.0,0.0,9.0,0.0,8.0,8.0,0.0,0.0,0.0,6.0,11.0,3.0,6.0,1.0,0.0,23.0,7.0,1.0,8.0,25.0,30.0,27.0,16.0
669,1.0,669.0,London_60,,151,453,1092.0,70.0,2.0,155379.0,0.984867193037644,796.0,52.0,1.0,51.0,99.0,9.0,90.0,200.0,247.0,113.0,13.0,58.0,6.0,14.0,1.0,1.0,4.0,87.0,139.0,223.0,26.0,0.0,0.0,0.0,0.0,0.0,0.0,0.0,0.0,0.0,0.0,0.0,0.0,0.0,0.0,0.0,0.0,0.0,0.0,0.0,0.0,0.0,0.0,0.0,0.0,0.0,0.0,0.0,0.0,0.0,0.0,0.0,0.0,0.0,0.0,0.0,1.0,0.0,0.0,0.0,0.0,2.0,0.0,0.0,1.0,0.0,0.0,5.0,5.0,4.0,5.0,9.0,12.0,11.0,7.0,0.0,0.0,0.0,0.0,0.0,0.0,0.0,0.0,0.0,0.0,0.0,0.0,0.0,0.0,0.0,3.0,0.0,0.0,0.0,0.0,2.0,0.0,0.0,1.0,0.0,0.0,7.0,8.0,5.0,11.0,16.0,17.0,15.0,8.0
670,1.0,670.0,London_60,,151,453,1092.0,70.0,2.0,172140.0,0.9078018330037594,833.0,111.0,1.0,110.0,188.0,8.0,180.0,99.0,253.0,120.0,13.0,48.0,7.0,10.0,1.0,1.0,2.0,77.0,142.0,232.0,24.0,0.0,0.0,0.0,0.0,0.0,0.0,0.0,0.0,0.0,0.0,0.0,0.0,0.0,0.0,0.0,0.0,0.0,0.0,0.0,0.0,0.0,0.0,0.0,0.0,0.0,0.0,0.0,0.0,0.0,0.0,0.0,0.0,0.0,0.0,0.0,1.0,0.0,0.0,0.0,0.0,3.0,3.0,1.0,4.0,1.0,2.0,15.0,8.0,8.0,7.0,23.0,26.0,18.0,11.0,0.0,0.0,0.0,0.0,0.0,0.0,0.0,0.0,0.0,0.0,0.0,0.0,0.0,0.0,0.0,7.0,0.0,0.0,0.0,0.0,4.0,4.0,1.0,6.0,1.0,4.0,19.0,10.0,10.0,10.0,37.0,36.0,19.0,15.0
671,1.0,671.0,London_60,,151,453,1092.0,70.0,2.0,157644.0,1.5003432990051806,801.0,62.0,0.0,62.0,111.0,0.0,111.0,188.0,256.0,105.0,15.0,44.0,4.0,24.0,0.0,5.0,2.0,83.0,136.0,232.0,29.0,0.0,0.0,0.0,0.0,0.0,0.0,0.0,0.0,0.0,0.0,0.0,0.0,0.0,0.0,0.0,0.0,0.0,0.0,0.0,0.0,0.0,0.0,0.0,0.0,0.0,0.0,0.0,0.0,0.0,0.0,0.0,0.0,0.0,0.0,0.0,0.0,0.0,0.0,0.0,0.0,4.0,5.0,6.0,0.0,0.0,0.0,4.0,1.0,3.0,4.0,16.0,10.0,11.0,9.0,0.0,0.0,0.0,0.0,0.0,0.0,0.0,0.0,0.0,0.0,0.0,0.0,0.0,0.0,0.0,0.0,0.0,0.0,0.0,0.0,6.0,9.0,7.0,0.0,0.0,0.0,5.0,1.0,3.0,7.0,26.0,14.0,13.0,12.0
672,1.0,672.0,London_60,,151,453,1092.0,70.0,2.0,163986.0,0.9148183630313724,815.0,94.0,0.0,94.0,166.0,0.0,166.0,111.0,256.0,115.0,11.0,33.0,3.0,29.0,1.0,5.0,4.0,79.0,142.0,228.0,33.0,0.0,0.0,0.0,0.0,0.0,0.0,0.0,0.0,0.0,0.0,0.0,0.0,0.0,0.0,0.0,0.0,0.0,0.0,0.0,0.0,0.0,0.0,0.0,0.0,0.0,0.0,0.0,0.0,0.0,0.0,0.0,0.0,0.0,0.0,0.0,0.0,0.0,0.0,0.0,0.0,2.0,5.0,0.0,0.0,2.0,1.0,6.0,11.0,8.0,9.0,23.0,21.0,16.0,6.0,0.0,0.0,0.0,0.0,0.0,0.0,0.0,0.0,0.0,0.0,0.0,0.0,0.0,0.0,0.0,0.0,0.0,0.0,0.0,0.0,4.0,6.0,0.0,0.0,2.0,2.0,8.0,14.0,9.0,10.0,36.0,34.0,20.0,8.0
673,1.0,673.0,London_60,,151,453,1092.0,70.0,2.0,161721.0,0.712848111987114,810.0,140.0,1.0,139.0,228.0,7.0,221.0,166.0,270.0,83.0,15.0,43.0,2.0,37.0,0.0,3.0,7.0,63.0,148.0,235.0,26.0,0.0,0.0,0.0,0.0,0.0,0.0,0.0,0.0,0.0,0.0,0.0,0.0,0.0,0.0,0.0,0.0,0.0,0.0,0.0,0.0,0.0,0.0,0.0,0.0,0.0,0.0,0.0,0.0,0.0,0.0,0.0,0.0,0.0,0.0,1.0,1.0,0.0,0.0,0.0,0.0,1.0,18.0,1.0,0.0,6.0,0.0,19.0,5.0,1.0,16.0,26.0,33.0,10.0,10.0,0.0,0.0,0.0,0.0,0.0,0.0,0.0,0.0,0.0,0.0,0.0,0.0,0.0,0.0,6.0,3.0,0.0,0.0,0.0,0.0,1.0,23.0,1.0,0.0,6.0,0.0,23.0,10.0,2.0,21.0,41.0,46.0,12.0,12.0
674,1.0,674.0,London_60,,151,453,1092.0,70.0,2.0,131370.0,0.5807565429713577,743.0,4.0,1.0,3.0,14.0,9.0,5.0,228.0,236.0,78.0,19.0,68.0,10.0,35.0,3.0,4.0,6.0,76.0,152.0,219.0,29.0,0.0,0.0,0.0,0.0,0.0,0.0,0.0,0.0,0.0,0.0,0.0,0.0,0.0,0.0,0.0,0.0,0.0,0.0,0.0,0.0,0.0,0.0,0.0,0.0,0.0,0.0,0.0,0.0,0.0,0.0,0.0,0.0,0.0,0.0,0.0,0.0,0.0,0.0,0.0,0.0,1.0,0.0,0.0,0.0,0.0,0.0,0.0,0.0,0.0,0.0,0.0,1.0,0.0,0.0,0.0,0.0,0.0,0.0,0.0,0.0,0.0,0.0,0.0,0.0,0.0,0.0,0.0,0.0,0.0,0.0,0.0,0.0,0.0,0.0,3.0,0.0,0.0,0.0,0.0,0.0,0.0,0.0,0.0,0.0,0.0,1.0,0.0,0.0
675,1.0,675.0,London_60,,151,453,1092.0,70.0,2.0,166704.0,0.71777787595056,821.0,121.0,2.0,119.0,232.0,19.0,213.0,14.0,237.0,80.0,20.0,64.0,11.0,36.0,4.0,1.0,6.0,78.0,147.0,222.0,30.0,0.0,0.0,0.0,0.0,0.0,0.0,0.0,0.0,0.0,0.0,0.0,0.0,0.0,0.0,0.0,0.0,0.0,0.0,0.0,0.0,0.0,0.0,0.0,0.0,0.0,0.0,0.0,0.0,0.0,0.0,0.0,0.0,1.0,0.0,1.0,1.0,0.0,0.0,0.0,0.0,5.0,3.0,5.0,2.0,17.0,0.0,22.0,5.0,5.0,7.0,17.0,33.0,18.0,7.0,0.0,0.0,0.0,0.0,0.0,0.0,0.0,0.0,0.0,0.0,0.0,0.0,6.0,0.0,7.0,2.0,0.0,0.0,0.0,0.0,7.0,5.0,7.0,3.0,17.0,0.0,27.0,8.0,8.0,8.0,30.0,52.0,24.0,11.0
676,1.0,676.0,London_60,,151,453,1092.0,70.0,2.0,146319.0,0.6589496100787073,776.0,79.0,2.0,77.0,157.0,20.0,137.0,232.0,223.0,82.0,21.0,70.0,12.0,40.0,2.0,3.0,3.0,81.0,140.0,229.0,29.0,0.0,0.0,0.0,0.0,0.0,0.0,0.0,0.0,0.0,0.0,0.0,0.0,0.0,0.0,0.0,0.0,0.0,0.0,0.0,0.0,0.0,0.0,0.0,0.0,0.0,0.0,0.0,0.0,0.0,1.0,0.0,0.0,0.0,0.0,0.0,0.0,0.0,0.0,0.0,0.0,3.0,0.0,0.0,2.0,0.0,0.0,2.0,4.0,6.0,10.0,11.0,14.0,19.0,8.0,0.0,0.0,0.0,0.0,0.0,0.0,0.0,0.0,0.0,2.0,0.0,0.0,0.0,0.0,0.0,0.0,0.0,0.0,0.0,0.0,4.0,0.0,0.0,3.0,0.0,0.0,3.0,7.0,10.0,13.0,19.0,19.0,26.0,13.0
677,1.0,677.0,London_60,,151,453,1092.0,70.0,2.0,149490.0,0.5777287858072668,783.0,101.0,1.0,100.0,173.0,8.0,165.0,157.0,229.0,75.0,27.0,83.0,9.0,24.0,2.0,4.0,3.0,71.0,151.0,228.0,28.0,0.0,0.0,0.0,0.0,0.0,0.0,0.0,0.0,0.0,0.0,0.0,0.0,0.0,0.0,0.0,0.0,0.0,0.0,0.0,0.0,0.0,0.0,0.0,0.0,0.0,0.0,0.0,0.0,0.0,0.0,0.0,0.0,0.0,1.0,0.0,1.0,0.0,0.0,0.0,0.0,2.0,3.0,0.0,2.0,0.0,0.0,11.0,15.0,18.0,7.0,12.0,24.0,17.0,8.0,0.0,0.0,0.0,0.0,0.0,0.0,0.0,0.0,0.0,0.0,0.0,0.0,0.0,7.0,0.0,3.0,0.0,0.0,0.0,0.0,4.0,3.0,0.0,2.0,0.0,0.0,14.0,23.0,21.0,9.0,16.0,37.0,20.0,10.0
678,1.0,678.0,London_60,,151,453,1092.0,70.0,2.0,136806.0,0.6452099648304284,755.0,53.0,0.0,53.0,93.0,0.0,93.0,173.0,232.0,80.0,27.0,67.0,14.0,28.0,0.0,5.0,5.0,67.0,147.0,234.0,27.0,0.0,0.0,0.0,0.0,0.0,0.0,0.0,0.0,0.0,0.0,0.0,0.0,0.0,0.0,0.0,0.0,0.0,0.0,0.0,0.0,0.0,0.0,0.0,0.0,0.0,0.0,0.0,0.0,0.0,0.0,0.0,0.0,0.0,0.0,0.0,0.0,0.0,0.0,0.0,0.0,1.0,0.0,0.0,1.0,4.0,0.0,6.0,4.0,0.0,8.0,7.0,13.0,7.0,3.0,0.0,0.0,0.0,0.0,0.0,0.0,0.0,0.0,0.0,0.0,0.0,0.0,0.0,0.0,0.0,0.0,0.0,0.0,0.0,0.0,1.0,0.0,0.0,1.0,5.0,0.0,7.0,5.0,0.0,8.0,11.0,19.0,12.0,4.0
679,1.0,679.0,London_60,,151,453,1092.0,70.0,2.0,150396.0,1.079417664092034,785.0,99.0,2.0,97.0,185.0,19.0,166.0,93.0,238.0,100.0,25.0,41.0,13.0,31.0,0.0,5.0,5.0,74.0,145.0,229.0,35.0,0.0,0.0,0.0,0.0,0.0,0.0,0.0,0.0,0.0,0.0,0.0,0.0,0.0,0.0,0.0,0.0,0.0,0.0,0.0,0.0,0.0,0.0,0.0,0.0,0.0,0.0,0.0,0.0,0.0,0.0,0.0,0.0,1.0,0.0,1.0,2.0,0.0,0.0,0.0,0.0,1.0,3.0,0.0,2.0,4.0,1.0,4.0,8.0,6.0,8.0,24.0,16.0,21.0,4.0,0.0,0.0,0.0,0.0,0.0,0.0,0.0,0.0,0.0,0.0,0.0,0.0,1.0,0.0,9.0,12.0,0.0,0.0,0.0,0.0,1.0,4.0,0.0,2.0,5.0,2.0,7.0,15.0,8.0,11.0,35.0,19.0,27.0,5.0
680,1.0,680.0,London_60,,151,453,1092.0,70.0,2.0,134541.0,0.8478595570195466,750.0,71.0,0.0,71.0,122.0,0.0,122.0,185.0,229.0,96.0,14.0,56.0,11.0,40.0,2.0,5.0,5.0,75.0,130.0,243.0,33.0,0.0,0.0,0.0,0.0,0.0,0.0,0.0,0.0,0.0,0.0,0.0,0.0,0.0,0.0,0.0,0.0,0.0,0.0,0.0,0.0,0.0,0.0,0.0,0.0,0.0,0.0,0.0,0.0,0.0,0.0,0.0,0.0,0.0,0.0,0.0,0.0,0.0,0.0,0.0,0.0,3.0,0.0,0.0,2.0,1.0,0.0,14.0,5.0,5.0,3.0,15.0,20.0,10.0,7.0,0.0,0.0,0.0,0.0,0.0,0.0,0.0,0.0,0.0,0.0,0.0,0.0,0.0,0.0,0.0,0.0,0.0,0.0,0.0,0.0,3.0,0.0,0.0,5.0,1.0,0.0,19.0,8.0,6.0,3.0,20.0,28.0,12.0,12.0
681,1.0,681.0,London_60,,151,453,1092.0,70.0,2.0,143148.0,0.882859718054533,769.0,69.0,2.0,67.0,123.0,18.0,105.0,122.0,247.0,80.0,14.0,49.0,17.0,42.0,2.0,2.0,5.0,71.0,135.0,242.0,21.0,0.0,0.0,0.0,0.0,0.0,0.0,0.0,0.0,0.0,0.0,0.0,0.0,0.0,0.0,0.0,0.0,0.0,0.0,0.0,0.0,0.0,0.0,0.0,0.0,0.0,0.0,0.0,0.0,0.0,0.0,0.0,0.0,0.0,0.0,0.0,1.0,0.0,0.0,0.0,0.0,0.0,2.0,0.0,1.0,2.0,0.0,9.0,7.0,3.0,7.0,17.0,13.0,14.0,5.0,0.0,0.0,0.0,0.0,0.0,0.0,0.0,0.0,0.0,0.0,0.0,0.0,0.0,0.0,0.0,1.0,0.0,0.0,0.0,0.0,0.0,2.0,0.0,2.0,2.0,0.0,10.0,8.0,6.0,12.0,27.0,15.0,20.0,7.0
682,1.0,682.0,London_60,,151,453,1092.0,70.0,2.0,149490.0,0.7769449690822512,783.0,81.0,0.0,81.0,148.0,0.0,148.0,123.0,258.0,81.0,17.0,43.0,16.0,34.0,1.0,3.0,2.0,78.0,139.0,234.0,23.0,0.0,0.0,0.0,0.0,0.0,0.0,0.0,0.0,0.0,0.0,0.0,0.0,0.0,0.0,0.0,0.0,0.0,0.0,0.0,0.0,0.0,0.0,0.0,0.0,0.0,0.0,0.0,0.0,0.0,0.0,0.0,0.0,0.0,0.0,0.0,0.0,0.0,0.0,0.0,0.0,0.0,4.0,0.0,1.0,4.0,0.0,13.0,3.0,10.0,10.0,17.0,11.0,27.0,3.0,0.0,0.0,0.0,0.0,0.0,0.0,0.0,0.0,0.0,0.0,0.0,0.0,0.0,0.0,0.0,0.0,0.0,0.0,0.0,0.0,0.0,4.0,0.0,2.0,4.0,0.0,16.0,3.0,15.0,15.0,25.0,17.0,38.0,6.0
683,1.0,683.0,London_60,,151,453,1092.0,70.0,2.0,148131.0,1.6598941180855036,780.0,157.0,0.0,157.0,267.0,0.0,267.0,148.0,272.0,58.0,20.0,47.0,14.0,33.0,3.0,6.0,4.0,81.0,131.0,237.0,20.0,0.0,0.0,0.0,0.0,0.0,0.0,0.0,0.0,0.0,0.0,0.0,0.0,0.0,0.0,0.0,0.0,0.0,0.0,0.0,0.0,0.0,0.0,0.0,0.0,0.0,0.0,0.0,0.0,0.0,0.0,0.0,0.0,0.0,0.0,0.0,0.0,0.0,0.0,0.0,0.0,3.0,10.0,0.0,3.0,2.0,0.0,4.0,4.0,15.0,14.0,25.0,49.0,14.0,8.0,0.0,0.0,0.0,0.0,0.0,0.0,0.0,0.0,0.0,0.0,0.0,0.0,0.0,0.0,0.0,0.0,0.0,0.0,0.0,0.0,5.0,14.0,0.0,3.0,2.0,0.0,4.0,4.0,19.0,17.0,38.0,73.0,19.0,13.0
684,1.0,684.0,London_60,,151,453,1092.0,70.0,2.0,102378.0,0.6783576509915292,679.0,7.0,0.0,7.0,11.0,0.0,11.0,267.0,184.0,103.0,16.0,79.0,19.0,47.0,2.0,3.0,4.0,91.0,125.0,233.0,36.0,0.0,0.0,0.0,0.0,0.0,0.0,0.0,0.0,0.0,0.0,0.0,0.0,0.0,0.0,0.0,0.0,0.0,0.0,0.0,0.0,0.0,0.0,0.0,0.0,0.0,0.0,0.0,0.0,0.0,0.0,0.0,0.0,0.0,0.0,0.0,0.0,0.0,0.0,0.0,0.0,0.0,0.0,0.0,0.0,1.0,0.0,1.0,1.0,0.0,1.0,2.0,2.0,2.0,1.0,0.0,0.0,0.0,0.0,0.0,0.0,0.0,0.0,0.0,0.0,0.0,0.0,0.0,0.0,0.0,0.0,0.0,0.0,0.0,0.0,0.0,0.0,0.0,0.0,1.0,0.0,1.0,1.0,0.0,2.0,3.0,3.0,2.0,1.0
685,1.0,685.0,London_60,,151,453,1092.0,70.0,2.0,128652.0,0.6612526269163936,737.0,102.0,2.0,100.0,203.0,22.0,181.0,11.0,184.0,108.0,12.0,77.0,19.0,47.0,2.0,4.0,4.0,91.0,125.0,233.0,38.0,0.0,0.0,0.0,0.0,0.0,0.0,0.0,0.0,0.0,1.0,0.0,1.0,0.0,0.0,0.0,0.0,0.0,0.0,1.0,0.0,0.0,0.0,0.0,0.0,0.0,0.0,0.0,0.0,0.0,1.0,0.0,0.0,1.0,0.0,1.0,1.0,0.0,0.0,0.0,0.0,2.0,1.0,0.0,1.0,0.0,0.0,9.0,3.0,5.0,17.0,20.0,15.0,13.0,15.0,0.0,0.0,0.0,0.0,0.0,0.0,0.0,0.0,0.0,1.0,0.0,0.0,1.0,0.0,2.0,4.0,0.0,0.0,0.0,0.0,2.0,4.0,0.0,1.0,0.0,0.0,14.0,5.0,8.0,25.0,33.0,18.0,17.0,21.0
686,1.0,686.0,London_60,,151,453,1092.0,70.0,2.0,118686.0,1.241780542070046,715.0,11.0,2.0,9.0,32.0,18.0,14.0,194.0,182.0,105.0,18.0,80.0,16.0,41.0,4.0,7.0,3.0,77.0,135.0,238.0,27.0,0.0,0.0,0.0,0.0,0.0,0.0,0.0,0.0,0.0,0.0,0.0,0.0,0.0,0.0,0.0,0.0,0.0,0.0,0.0,0.0,0.0,0.0,0.0,0.0,0.0,0.0,0.0,0.0,0.0,2.0,0.0,0.0,2.0,0.0,2.0,0.0,1.0,0.0,0.0,0.0,0.0,0.0,0.0,0.0,0.0,0.0,0.0,1.0,0.0,0.0,2.0,4.0,1.0,1.0,0.0,0.0,0.0,0.0,0.0,0.0,0.0,0.0,0.0,7.0,0.0,0.0,2.0,0.0,13.0,0.0,10.0,0.0,0.0,0.0,0.0,0.0,0.0,0.0,0.0,0.0,0.0,1.0,0.0,0.0,2.0,6.0,1.0,2.0
687,1.0,687.0,London_60,,151,453,1092.0,70.0,2.0,162627.0,0.6904048121068627,812.0,129.0,2.0,127.0,251.0,17.0,234.0,32.0,181.0,112.0,21.0,83.0,9.0,36.0,4.0,7.0,2.0,75.0,136.0,240.0,24.0,0.0,0.0,0.0,0.0,0.0,0.0,0.0,0.0,0.0,0.0,0.0,0.0,0.0,0.0,0.0,0.0,0.0,0.0,0.0,0.0,0.0,0.0,0.0,0.0,0.0,0.0,0.0,0.0,0.0,1.0,0.0,0.0,1.0,0.0,0.0,2.0,0.0,0.0,0.0,0.0,2.0,6.0,2.0,5.0,4.0,0.0,15.0,11.0,6.0,10.0,25.0,29.0,27.0,8.0,0.0,0.0,0.0,0.0,0.0,0.0,0.0,0.0,0.0,6.0,0.0,0.0,6.0,0.0,0.0,6.0,0.0,0.0,0.0,0.0,2.0,8.0,2.0,9.0,4.0,0.0,19.0,14.0,9.0,12.0,38.0,44.0,35.0,10.0
688,1.0,688.0,London_60,,151,453,1092.0,70.0,2.0,137259.0,1.1379033429548144,756.0,40.0,1.0,39.0,83.0,12.0,71.0,251.0,192.0,114.0,23.0,86.0,9.0,19.0,5.0,5.0,3.0,84.0,141.0,225.0,34.0,0.0,0.0,0.0,0.0,0.0,0.0,0.0,0.0,0.0,0.0,0.0,0.0,0.0,0.0,0.0,0.0,0.0,0.0,0.0,0.0,0.0,0.0,0.0,0.0,0.0,0.0,0.0,0.0,0.0,0.0,1.0,0.0,1.0,0.0,0.0,1.0,0.0,0.0,0.0,0.0,0.0,0.0,0.0,0.0,0.0,0.0,6.0,2.0,0.0,2.0,7.0,13.0,8.0,5.0,0.0,0.0,0.0,0.0,0.0,0.0,0.0,0.0,0.0,0.0,6.0,0.0,5.0,0.0,0.0,6.0,0.0,0.0,0.0,0.0,0.0,0.0,0.0,0.0,0.0,0.0,8.0,3.0,0.0,2.0,13.0,19.0,9.0,7.0
689,1.0,689.0,London_60,,151,453,1092.0,70.0,2.0,156738.0,1.472482182085514,799.0,37.0,0.0,37.0,70.0,0.0,70.0,83.0,198.0,101.0,25.0,97.0,10.0,11.0,5.0,6.0,3.0,79.0,143.0,228.0,34.0,0.0,0.0,0.0,0.0,0.0,0.0,0.0,0.0,0.0,0.0,0.0,0.0,0.0,0.0,0.0,0.0,0.0,0.0,0.0,0.0,0.0,0.0,0.0,0.0,0.0,0.0,0.0,0.0,0.0,0.0,0.0,0.0,0.0,0.0,0.0,0.0,0.0,0.0,0.0,0.0,1.0,0.0,0.0,1.0,1.0,0.0,4.0,1.0,1.0,7.0,9.0,8.0,5.0,2.0,0.0,0.0,0.0,0.0,0.0,0.0,0.0,0.0,0.0,0.0,0.0,0.0,0.0,0.0,0.0,0.0,0.0,0.0,0.0,0.0,1.0,0.0,0.0,2.0,1.0,0.0,8.0,1.0,1.0,10.0,18.0,13.0,7.0,3.0
690,1.0,690.0,London_60,,151,453,1092.0,70.0,2.0,185730.0,0.6817741980776191,863.0,118.0,0.0,118.0,207.0,0.0,207.0,70.0,200.0,85.0,25.0,107.0,11.0,13.0,6.0,6.0,2.0,77.0,144.0,230.0,30.0,0.0,0.0,0.0,0.0,0.0,0.0,0.0,0.0,0.0,0.0,0.0,0.0,0.0,0.0,0.0,0.0,0.0,0.0,0.0,0.0,0.0,0.0,0.0,0.0,0.0,0.0,0.0,0.0,0.0,0.0,0.0,0.0,0.0,0.0,0.0,0.0,0.0,0.0,0.0,0.0,0.0,11.0,0.0,2.0,3.0,0.0,12.0,3.0,11.0,12.0,29.0,26.0,24.0,6.0,0.0,0.0,0.0,0.0,0.0,0.0,0.0,0.0,0.0,0.0,0.0,0.0,0.0,0.0,0.0,0.0,0.0,0.0,0.0,0.0,0.0,14.0,0.0,3.0,3.0,0.0,18.0,6.0,13.0,18.0,43.0,35.0,30.0,11.0
691,1.0,691.0,London_60,,151,453,1092.0,70.0,2.0,175311.0,1.5315703700762242,840.0,15.0,0.0,15.0,28.0,0.0,28.0,207.0,210.0,94.0,23.0,79.0,16.0,20.0,2.0,9.0,2.0,66.0,157.0,228.0,32.0,0.0,0.0,0.0,0.0,0.0,0.0,0.0,0.0,0.0,0.0,0.0,0.0,0.0,0.0,0.0,0.0,0.0,0.0,0.0,0.0,0.0,0.0,0.0,0.0,0.0,0.0,0.0,0.0,0.0,0.0,0.0,0.0,0.0,0.0,0.0,0.0,0.0,0.0,0.0,0.0,0.0,0.0,1.0,0.0,0.0,0.0,0.0,1.0,0.0,1.0,1.0,4.0,5.0,0.0,0.0,0.0,0.0,0.0,0.0,0.0,0.0,0.0,0.0,0.0,0.0,0.0,0.0,0.0,0.0,0.0,0.0,0.0,0.0,0.0,0.0,0.0,1.0,0.0,0.0,0.0,0.0,2.0,0.0,1.0,1.0,8.0,5.0,0.0
692,1.0,692.0,London_60,,151,453,1092.0,70.0,2.0,217893.0,0.8135494499001652,934.0,210.0,2.0,208.0,394.0,18.0,376.0,28.0,211.0,93.0,22.0,80.0,17.0,20.0,3.0,7.0,3.0,67.0,154.0,229.0,34.0,0.0,0.0,0.0,0.0,0.0,0.0,0.0,0.0,0.0,0.0,0.0,0.0,0.0,0.0,0.0,0.0,0.0,0.0,0.0,0.0,0.0,0.0,0.0,0.0,0.0,0.0,0.0,0.0,0.0,0.0,0.0,0.0,0.0,0.0,0.0,0.0,0.0,0.0,0.0,0.0,1.0,34.0,0.0,2.0,13.0,1.0,11.0,10.0,11.0,11.0,48.0,63.0,45.0,9.0,0.0,0.0,0.0,0.0,0.0,0.0,0.0,0.0,0.0,0.0,0.0,0.0,0.0,0.0,0.0,0.0,0.0,0.0,0.0,0.0,1.0,50.0,0.0,3.0,13.0,1.0,12.0,12.0,16.0,14.0,68.0,95.0,56.0,13.0
693,1.0,693.0,London_60,,151,453,1092.0,70.0,2.0,159909.0,0.49570457194931805,806.0,110.0,1.0,109.0,195.0,8.0,187.0,394.0,116.0,148.0,23.0,110.0,12.0,34.0,2.0,8.0,12.0,77.0,146.0,218.0,56.0,0.0,0.0,0.0,0.0,0.0,0.0,0.0,0.0,0.0,0.0,0.0,0.0,0.0,0.0,0.0,0.0,0.0,0.0,0.0,0.0,0.0,0.0,0.0,0.0,0.0,0.0,0.0,0.0,0.0,0.0,0.0,0.0,1.0,0.0,0.0,1.0,0.0,0.0,0.0,0.0,0.0,5.0,1.0,0.0,3.0,0.0,4.0,12.0,4.0,5.0,18.0,23.0,14.0,8.0,0.0,0.0,0.0,0.0,0.0,0.0,0.0,0.0,0.0,0.0,0.0,0.0,7.0,0.0,0.0,6.0,0.0,0.0,0.0,0.0,0.0,8.0,1.0,0.0,3.0,0.0,5.0,15.0,6.0,9.0,26.0,34.0,24.0,10.0
694,1.0,694.0,London_60,,151,453,1092.0,70.0,2.0,139977.0,0.5546939489431679,762.0,33.0,0.0,33.0,53.0,0.0,53.0,195.0,132.0,168.0,18.0,86.0,14.0,30.0,3.0,2.0,3.0,78.0,137.0,235.0,41.0,0.0,0.0,0.0,0.0,0.0,0.0,0.0,0.0,0.0,0.0,0.0,0.0,0.0,0.0,0.0,0.0,0.0,0.0,0.0,0.0,0.0,0.0,0.0,0.0,0.0,0.0,0.0,0.0,0.0,0.0,0.0,0.0,0.0,0.0,0.0,0.0,0.0,0.0,0.0,0.0,0.0,2.0,0.0,0.0,0.0,0.0,4.0,3.0,1.0,3.0,7.0,6.0,5.0,4.0,0.0,0.0,0.0,0.0,0.0,0.0,0.0,0.0,0.0,0.0,0.0,0.0,0.0,0.0,0.0,0.0,0.0,0.0,0.0,0.0,0.0,4.0,0.0,0.0,0.0,0.0,7.0,5.0,1.0,3.0,10.0,8.0,6.0,6.0
695,1.0,695.0,London_60,,151,453,1092.0,70.0,2.0,169422.0,0.6744884459767491,827.0,103.0,0.0,103.0,155.0,0.0,155.0,53.0,130.0,168.0,18.0,81.0,16.0,34.0,3.0,3.0,4.0,82.0,144.0,223.0,41.0,0.0,0.0,0.0,0.0,0.0,0.0,0.0,0.0,0.0,0.0,0.0,0.0,0.0,0.0,0.0,0.0,0.0,0.0,0.0,0.0,0.0,0.0,0.0,0.0,0.0,0.0,0.0,0.0,0.0,0.0,0.0,0.0,0.0,0.0,0.0,0.0,0.0,0.0,0.0,0.0,1.0,2.0,0.0,0.0,0.0,1.0,6.0,6.0,2.0,9.0,13.0,23.0,14.0,11.0,0.0,0.0,0.0,0.0,0.0,0.0,0.0,0.0,0.0,0.0,0.0,0.0,0.0,0.0,0.0,0.0,0.0,0.0,0.0,0.0,1.0,2.0,0.0,0.0,0.0,2.0,6.0,8.0,2.0,14.0,17.0,30.0,16.0,15.0
696,1.0,696.0,London_60,,151,453,1092.0,70.0,2.0,147678.0,0.5689496779814363,779.0,163.0,2.0,161.0,305.0,17.0,288.0,155.0,139.0,170.0,20.0,67.0,21.0,32.0,1.0,3.0,8.0,80.0,146.0,219.0,40.0,0.0,0.0,0.0,0.0,0.0,0.0,0.0,0.0,0.0,0.0,0.0,0.0,0.0,0.0,0.0,0.0,0.0,0.0,0.0,0.0,0.0,0.0,0.0,0.0,0.0,0.0,0.0,0.0,0.0,0.0,0.0,0.0,1.0,1.0,1.0,2.0,0.0,0.0,0.0,0.0,2.0,20.0,0.0,0.0,0.0,0.0,11.0,12.0,22.0,7.0,39.0,33.0,30.0,12.0,0.0,0.0,0.0,0.0,0.0,0.0,0.0,0.0,0.0,0.0,0.0,0.0,5.0,5.0,7.0,6.0,0.0,0.0,0.0,0.0,2.0,30.0,0.0,0.0,0.0,0.0,16.0,16.0,32.0,10.0,60.0,49.0,41.0,17.0
697,1.0,697.0,London_60,,151,453,1092.0,70.0,2.0,105549.0,0.4616830670274794,686.0,11.0,0.0,11.0,16.0,0.0,16.0,305.0,154.0,132.0,23.0,88.0,16.0,34.0,1.0,5.0,5.0,88.0,144.0,216.0,39.0,0.0,0.0,0.0,0.0,0.0,0.0,0.0,0.0,0.0,0.0,0.0,0.0,0.0,0.0,0.0,0.0,0.0,0.0,0.0,0.0,0.0,0.0,0.0,0.0,0.0,0.0,0.0,0.0,0.0,0.0,0.0,0.0,0.0,0.0,0.0,0.0,0.0,0.0,0.0,0.0,0.0,1.0,0.0,0.0,0.0,0.0,0.0,1.0,1.0,2.0,0.0,2.0,1.0,4.0,0.0,0.0,0.0,0.0,0.0,0.0,0.0,0.0,0.0,0.0,0.0,0.0,0.0,0.0,0.0,0.0,0.0,0.0,0.0,0.0,0.0,2.0,0.0,0.0,0.0,0.0,0.0,1.0,1.0,3.0,0.0,2.0,1.0,7.0
698,1.0,698.0,London_60,,151,453,1092.0,70.0,2.0,138618.0,1.0586475308518857,759.0,124.0,2.0,122.0,240.0,16.0,224.0,16.0,155.0,132.0,24.0,86.0,14.0,36.0,1.0,5.0,5.0,83.0,146.0,219.0,39.0,0.0,0.0,0.0,0.0,0.0,0.0,0.0,0.0,0.0,0.0,0.0,0.0,0.0,0.0,0.0,0.0,0.0,0.0,0.0,0.0,0.0,0.0,0.0,0.0,0.0,0.0,0.0,0.0,0.0,1.0,0.0,0.0,0.0,0.0,1.0,2.0,0.0,0.0,0.0,0.0,1.0,5.0,0.0,0.0,0.0,0.0,9.0,11.0,5.0,18.0,26.0,20.0,18.0,9.0,0.0,0.0,0.0,0.0,0.0,0.0,0.0,0.0,0.0,5.0,0.0,0.0,0.0,0.0,5.0,7.0,0.0,0.0,0.0,0.0,1.0,9.0,0.0,0.0,0.0,0.0,13.0,15.0,8.0,28.0,42.0,26.0,25.0,11.0
699,1.0,699.0,London_60,,151,453,1092.0,70.0,2.0,118686.0,1.0694505060091615,715.0,45.0,2.0,43.0,96.0,19.0,77.0,240.0,158.0,144.0,15.0,83.0,10.0,41.0,2.0,0.0,4.0,79.0,129.0,241.0,34.0,0.0,0.0,0.0,0.0,0.0,0.0,0.0,0.0,0.0,0.0,0.0,0.0,0.0,0.0,0.0,0.0,0.0,0.0,0.0,0.0,0.0,0.0,0.0,0.0,0.0,0.0,0.0,0.0,0.0,1.0,0.0,0.0,0.0,0.0,1.0,1.0,0.0,0.0,0.0,0.0,0.0,1.0,0.0,1.0,0.0,0.0,2.0,3.0,1.0,2.0,9.0,12.0,5.0,6.0,0.0,0.0,0.0,0.0,0.0,0.0,0.0,0.0,0.0,7.0,0.0,0.0,0.0,0.0,6.0,6.0,0.0,0.0,0.0,0.0,0.0,2.0,0.0,2.0,0.0,0.0,3.0,3.0,1.0,2.0,17.0,18.0,7.0,9.0
700,1.0,700.0,London_60,,151,453,1092.0,70.0,2.0,134088.0,1.0659654170740396,749.0,36.0,2.0,34.0,72.0,16.0,56.0,96.0,170.0,143.0,12.0,76.0,11.0,38.0,2.0,1.0,1.0,75.0,139.0,238.0,26.0,0.0,0.0,0.0,0.0,0.0,0.0,0.0,0.0,0.0,0.0,0.0,0.0,0.0,0.0,0.0,0.0,0.0,0.0,0.0,0.0,0.0,0.0,0.0,0.0,0.0,0.0,0.0,0.0,0.0,1.0,0.0,0.0,0.0,1.0,1.0,1.0,0.0,0.0,0.0,0.0,0.0,0.0,0.0,1.0,0.0,0.0,3.0,3.0,1.0,3.0,4.0,15.0,3.0,5.0,0.0,0.0,0.0,0.0,0.0,0.0,0.0,0.0,0.0,4.0,0.0,0.0,0.0,5.0,6.0,3.0,0.0,0.0,0.0,0.0,0.0,0.0,0.0,1.0,0.0,0.0,3.0,5.0,1.0,4.0,8.0,21.0,5.0,8.0
701,1.0,701.0,London_60,,151,453,1092.0,70.0,2.0,163533.0,0.7863111558835953,814.0,104.0,0.0,104.0,184.0,0.0,184.0,72.0,164.0,134.0,18.0,84.0,7.0,41.0,2.0,3.0,2.0,72.0,131.0,248.0,20.0,0.0,0.0,0.0,0.0,0.0,0.0,0.0,0.0,0.0,0.0,0.0,0.0,0.0,0.0,0.0,0.0,0.0,0.0,0.0,0.0,0.0,0.0,0.0,0.0,0.0,0.0,0.0,0.0,0.0,0.0,0.0,0.0,0.0,0.0,0.0,0.0,0.0,0.0,0.0,0.0,4.0,2.0,0.0,0.0,0.0,0.0,7.0,6.0,6.0,7.0,20.0,27.0,23.0,19.0,0.0,0.0,0.0,0.0,0.0,0.0,0.0,0.0,0.0,0.0,0.0,0.0,0.0,0.0,0.0,0.0,0.0,0.0,0.0,0.0,4.0,2.0,0.0,0.0,0.0,0.0,10.0,7.0,9.0,11.0,31.0,41.0,27.0,34.0
702,1.0,702.0,London_60,,151,453,1092.0,70.0,2.0,169875.0,1.305761210154742,828.0,56.0,2.0,54.0,114.0,18.0,96.0,184.0,172.0,144.0,18.0,69.0,10.0,38.0,0.0,2.0,5.0,71.0,133.0,244.0,31.0,0.0,0.0,0.0,0.0,0.0,0.0,0.0,0.0,0.0,0.0,0.0,0.0,0.0,0.0,0.0,0.0,0.0,0.0,0.0,0.0,0.0,0.0,0.0,0.0,0.0,0.0,0.0,0.0,0.0,0.0,0.0,0.0,0.0,0.0,0.0,1.0,0.0,0.0,0.0,0.0,3.0,2.0,0.0,1.0,1.0,0.0,6.0,4.0,4.0,5.0,10.0,18.0,8.0,5.0,0.0,0.0,0.0,0.0,0.0,0.0,0.0,0.0,0.0,0.0,0.0,0.0,0.0,0.0,0.0,4.0,0.0,0.0,0.0,0.0,3.0,2.0,0.0,2.0,1.0,0.0,8.0,6.0,5.0,6.0,13.0,29.0,10.0,10.0
703,1.0,703.0,London_60,,151,453,1092.0,70.0,2.0,191619.0,0.8966563909780234,876.0,43.0,0.0,43.0,81.0,0.0,81.0,114.0,173.0,158.0,22.0,61.0,6.0,29.0,0.0,4.0,4.0,79.0,126.0,244.0,35.0,0.0,0.0,0.0,0.0,0.0,0.0,0.0,0.0,0.0,0.0,0.0,0.0,0.0,0.0,0.0,0.0,0.0,0.0,0.0,0.0,0.0,0.0,0.0,0.0,0.0,0.0,0.0,0.0,0.0,0.0,0.0,0.0,0.0,0.0,0.0,0.0,0.0,0.0,0.0,0.0,0.0,1.0,0.0,1.0,0.0,0.0,5.0,1.0,0.0,4.0,8.0,7.0,8.0,4.0,0.0,0.0,0.0,0.0,0.0,0.0,0.0,0.0,0.0,0.0,0.0,0.0,0.0,0.0,0.0,0.0,0.0,0.0,0.0,0.0,0.0,1.0,0.0,2.0,0.0,0.0,7.0,1.0,0.0,5.0,12.0,10.0,10.0,6.0
704,1.0,704.0,London_60,,151,453,1092.0,70.0,2.0,211098.0,1.9000760850030929,919.0,100.0,0.0,100.0,176.0,0.0,176.0,81.0,179.0,148.0,22.0,52.0,8.0,39.0,1.0,4.0,4.0,68.0,135.0,246.0,35.0,0.0,0.0,0.0,0.0,0.0,0.0,0.0,0.0,0.0,0.0,0.0,0.0,0.0,0.0,0.0,0.0,0.0,0.0,0.0,0.0,0.0,0.0,0.0,0.0,0.0,0.0,0.0,0.0,0.0,0.0,0.0,0.0,0.0,0.0,0.0,0.0,0.0,0.0,0.0,0.0,1.0,1.0,2.0,3.0,8.0,0.0,5.0,14.0,2.0,8.0,20.0,22.0,23.0,5.0,0.0,0.0,0.0,0.0,0.0,0.0,0.0,0.0,0.0,0.0,0.0,0.0,0.0,0.0,0.0,0.0,0.0,0.0,0.0,0.0,1.0,2.0,2.0,4.0,10.0,0.0,9.0,18.0,2.0,11.0,29.0,34.0,31.0,6.0
705,1.0,705.0,London_60,,151,453,1092.0,70.0,2.0,209739.0,0.9898781210649759,916.0,180.0,1.0,179.0,328.0,9.0,319.0,176.0,202.0,137.0,12.0,57.0,6.0,35.0,0.0,4.0,3.0,80.0,129.0,241.0,36.0,0.0,0.0,0.0,0.0,0.0,0.0,0.0,0.0,0.0,0.0,0.0,0.0,0.0,0.0,0.0,0.0,0.0,0.0,0.0,0.0,0.0,0.0,0.0,0.0,0.0,0.0,0.0,0.0,0.0,0.0,0.0,0.0,0.0,0.0,0.0,0.0,0.0,0.0,0.0,0.0,1.0,1.0,0.0,3.0,13.0,0.0,25.0,8.0,5.0,26.0,32.0,36.0,24.0,16.0,0.0,0.0,0.0,0.0,0.0,0.0,0.0,0.0,0.0,0.0,0.0,0.0,0.0,0.0,0.0,0.0,0.0,0.0,0.0,0.0,1.0,2.0,0.0,4.0,15.0,0.0,35.0,10.0,8.0,36.0,47.0,56.0,29.0,24.0
706,1.0,706.0,London_60,,151,453,1092.0,70.0,2.0,158097.0,0.7114021009765565,802.0,50.0,2.0,48.0,105.0,17.0,88.0,328.0,167.0,138.0,20.0,90.0,2.0,27.0,3.0,6.0,8.0,76.0,143.0,226.0,50.0,0.0,0.0,0.0,0.0,0.0,0.0,0.0,0.0,0.0,0.0,0.0,0.0,0.0,0.0,0.0,0.0,0.0,0.0,0.0,0.0,0.0,0.0,0.0,0.0,0.0,0.0,0.0,0.0,0.0,1.0,0.0,0.0,0.0,0.0,0.0,1.0,0.0,0.0,0.0,0.0,3.0,2.0,1.0,2.0,1.0,0.0,3.0,3.0,2.0,2.0,15.0,9.0,3.0,3.0,0.0,0.0,0.0,0.0,0.0,0.0,0.0,0.0,0.0,1.0,0.0,0.0,0.0,0.0,0.0,2.0,0.0,0.0,0.0,0.0,3.0,3.0,1.0,3.0,1.0,0.0,3.0,5.0,3.0,3.0,24.0,16.0,3.0,7.0
707,1.0,707.0,London_60,,151,453,1092.0,70.0,2.0,170781.0,0.7600369961000979,830.0,157.0,1.0,156.0,271.0,10.0,261.0,105.0,170.0,146.0,21.0,75.0,8.0,25.0,3.0,5.0,6.0,83.0,135.0,229.0,47.0,0.0,0.0,0.0,0.0,0.0,0.0,0.0,0.0,0.0,0.0,0.0,0.0,0.0,0.0,0.0,0.0,0.0,0.0,0.0,0.0,0.0,0.0,0.0,0.0,0.0,0.0,0.0,0.0,0.0,1.0,0.0,0.0,0.0,0.0,0.0,1.0,0.0,0.0,0.0,0.0,2.0,2.0,9.0,3.0,0.0,1.0,16.0,7.0,8.0,12.0,32.0,36.0,40.0,7.0,0.0,0.0,0.0,0.0,0.0,0.0,0.0,0.0,0.0,2.0,0.0,0.0,0.0,0.0,0.0,5.0,0.0,0.0,0.0,0.0,2.0,3.0,11.0,4.0,0.0,2.0,22.0,11.0,9.0,14.0,51.0,50.0,52.0,12.0
708,1.0,708.0,London_60,,151,453,1092.0,70.0,2.0,132729.0,0.8993488249834627,746.0,134.0,0.0,134.0,224.0,0.0,224.0,271.0,203.0,117.0,20.0,75.0,7.0,24.0,2.0,5.0,5.0,84.0,132.0,232.0,33.0,0.0,0.0,0.0,0.0,0.0,0.0,0.0,0.0,0.0,0.0,0.0,0.0,0.0,0.0,0.0,0.0,0.0,0.0,0.0,0.0,0.0,0.0,0.0,0.0,0.0,0.0,0.0,0.0,0.0,0.0,0.0,0.0,0.0,0.0,0.0,0.0,0.0,0.0,0.0,0.0,1.0,5.0,2.0,1.0,6.0,0.0,9.0,8.0,6.0,11.0,20.0,35.0,23.0,18.0,0.0,0.0,0.0,0.0,0.0,0.0,0.0,0.0,0.0,0.0,0.0,0.0,0.0,0.0,0.0,0.0,0.0,0.0,0.0,0.0,1.0,6.0,2.0,3.0,7.0,0.0,13.0,13.0,9.0,14.0,31.0,49.0,27.0,28.0
709,1.0,709.0,London_60,,151,453,1092.0,70.0,2.0,119592.0,0.5212107219267637,717.0,74.0,2.0,72.0,143.0,17.0,126.0,224.0,219.0,115.0,13.0,68.0,5.0,23.0,1.0,9.0,6.0,72.0,132.0,243.0,36.0,0.0,0.0,0.0,0.0,0.0,0.0,0.0,0.0,0.0,0.0,0.0,0.0,0.0,0.0,0.0,0.0,0.0,0.0,0.0,0.0,0.0,0.0,0.0,0.0,0.0,0.0,0.0,0.0,0.0,1.0,0.0,0.0,1.0,0.0,1.0,2.0,0.0,0.0,0.0,0.0,2.0,3.0,0.0,2.0,0.0,0.0,10.0,6.0,2.0,6.0,14.0,14.0,17.0,6.0,0.0,0.0,0.0,0.0,0.0,0.0,0.0,0.0,0.0,1.0,0.0,0.0,1.0,0.0,4.0,8.0,0.0,0.0,0.0,0.0,2.0,4.0,0.0,2.0,0.0,0.0,16.0,9.0,3.0,9.0,24.0,19.0,21.0,7.0
710,1.0,710.0,London_60,,151,453,1092.0,70.0,2.0,122763.0,1.211543275974691,724.0,6.0,2.0,4.0,25.0,18.0,7.0,143.0,212.0,126.0,10.0,52.0,6.0,35.0,3.0,9.0,5.0,84.0,115.0,249.0,30.0,0.0,0.0,0.0,0.0,0.0,0.0,0.0,0.0,0.0,0.0,0.0,0.0,0.0,0.0,0.0,0.0,0.0,0.0,0.0,0.0,0.0,0.0,0.0,0.0,0.0,0.0,0.0,0.0,0.0,0.0,0.0,0.0,1.0,1.0,0.0,1.0,1.0,0.0,0.0,0.0,1.0,0.0,0.0,1.0,0.0,0.0,0.0,0.0,1.0,1.0,1.0,0.0,3.0,0.0,0.0,0.0,0.0,0.0,0.0,0.0,0.0,0.0,0.0,0.0,0.0,0.0,8.0,8.0,0.0,2.0,8.0,0.0,0.0,0.0,1.0,0.0,0.0,2.0,0.0,0.0,0.0,0.0,1.0,1.0,2.0,0.0,3.0,0.0
711,1.0,711.0,London_60,,151,453,1092.0,70.0,2.0,165798.0,1.1472964901477098,819.0,79.0,1.0,78.0,142.0,9.0,133.0,25.0,214.0,133.0,8.0,51.0,7.0,28.0,3.0,9.0,1.0,86.0,105.0,261.0,22.0,0.0,0.0,0.0,0.0,0.0,0.0,0.0,0.0,0.0,0.0,0.0,0.0,0.0,0.0,0.0,0.0,0.0,0.0,0.0,0.0,0.0,0.0,0.0,0.0,0.0,0.0,0.0,0.0,0.0,1.0,0.0,0.0,0.0,0.0,0.0,1.0,0.0,0.0,0.0,0.0,4.0,0.0,1.0,2.0,4.0,1.0,14.0,5.0,4.0,4.0,20.0,13.0,15.0,6.0,0.0,0.0,0.0,0.0,0.0,0.0,0.0,0.0,0.0,7.0,0.0,0.0,0.0,0.0,0.0,1.0,0.0,0.0,0.0,0.0,5.0,0.0,1.0,3.0,4.0,2.0,18.0,9.0,7.0,4.0,23.0,17.0,23.0,9.0
712,1.0,712.0,London_60,,151,453,1092.0,70.0,2.0,168063.0,0.9502943579573184,824.0,16.0,1.0,15.0,37.0,8.0,29.0,142.0,214.0,137.0,8.0,49.0,5.0,26.0,3.0,11.0,2.0,81.0,119.0,251.0,24.0,0.0,0.0,0.0,0.0,0.0,0.0,0.0,0.0,0.0,0.0,0.0,0.0,0.0,0.0,0.0,0.0,0.0,0.0,0.0,0.0,0.0,0.0,0.0,0.0,0.0,0.0,0.0,0.0,0.0,1.0,0.0,0.0,1.0,0.0,0.0,1.0,0.0,0.0,0.0,0.0,0.0,0.0,0.0,0.0,0.0,0.0,2.0,1.0,0.0,2.0,5.0,3.0,3.0,0.0,0.0,0.0,0.0,0.0,0.0,0.0,0.0,0.0,0.0,3.0,0.0,0.0,1.0,0.0,0.0,3.0,0.0,0.0,0.0,0.0,0.0,0.0,0.0,0.0,0.0,0.0,2.0,2.0,0.0,3.0,7.0,4.0,4.0,0.0
713,1.0,713.0,London_60,,151,453,1092.0,70.0,2.0,210192.0,1.1152039801236242,917.0,130.0,0.0,130.0,219.0,0.0,219.0,37.0,207.0,141.0,11.0,48.0,5.0,26.0,3.0,12.0,0.0,86.0,112.0,255.0,26.0,0.0,0.0,0.0,0.0,0.0,0.0,0.0,0.0,0.0,0.0,0.0,0.0,0.0,0.0,0.0,0.0,0.0,0.0,0.0,0.0,0.0,0.0,0.0,0.0,0.0,0.0,0.0,0.0,0.0,0.0,0.0,0.0,0.0,0.0,0.0,0.0,0.0,0.0,0.0,0.0,5.0,0.0,0.0,2.0,6.0,0.0,16.0,3.0,5.0,9.0,29.0,25.0,35.0,12.0,0.0,0.0,0.0,0.0,0.0,0.0,0.0,0.0,0.0,0.0,0.0,0.0,0.0,0.0,0.0,0.0,0.0,0.0,0.0,0.0,7.0,0.0,0.0,2.0,7.0,0.0,22.0,3.0,6.0,13.0,42.0,38.0,45.0,16.0
714,1.0,714.0,London_60,,151,453,1092.0,70.0,2.0,189354.0,0.7980020181275904,871.0,95.0,0.0,95.0,163.0,0.0,163.0,219.0,215.0,96.0,15.0,71.0,5.0,34.0,3.0,14.0,3.0,81.0,131.0,238.0,26.0,0.0,0.0,0.0,0.0,0.0,0.0,0.0,0.0,0.0,0.0,0.0,0.0,0.0,0.0,0.0,0.0,0.0,0.0,0.0,0.0,0.0,0.0,0.0,0.0,0.0,0.0,0.0,0.0,0.0,0.0,0.0,0.0,0.0,0.0,0.0,0.0,0.0,0.0,0.0,0.0,0.0,0.0,0.0,0.0,0.0,1.0,1.0,7.0,1.0,7.0,22.0,15.0,20.0,4.0,0.0,0.0,0.0,0.0,0.0,0.0,0.0,0.0,0.0,0.0,0.0,0.0,0.0,0.0,0.0,0.0,0.0,0.0,0.0,0.0,0.0,0.0,0.0,0.0,0.0,1.0,2.0,11.0,2.0,12.0,33.0,25.0,27.0,6.0
715,1.0,715.0,London_60,,151,453,1092.0,70.0,2.0,186636.0,0.7147521998267621,865.0,148.0,1.0,147.0,257.0,7.0,250.0,163.0,207.0,97.0,24.0,68.0,9.0,27.0,4.0,17.0,4.0,67.0,132.0,250.0,26.0,0.0,0.0,0.0,0.0,0.0,0.0,0.0,0.0,0.0,0.0,0.0,0.0,0.0,0.0,0.0,0.0,0.0,0.0,0.0,0.0,0.0,0.0,0.0,0.0,0.0,0.0,0.0,0.0,0.0,0.0,0.0,0.0,0.0,0.0,1.0,0.0,0.0,0.0,0.0,0.0,2.0,9.0,0.0,0.0,3.0,1.0,13.0,4.0,2.0,16.0,27.0,30.0,20.0,11.0,0.0,0.0,0.0,0.0,0.0,0.0,0.0,0.0,0.0,0.0,0.0,0.0,0.0,0.0,7.0,0.0,0.0,0.0,0.0,0.0,3.0,11.0,0.0,0.0,3.0,2.0,14.0,4.0,6.0,19.0,44.0,41.0,24.0,18.0
716,1.0,716.0,London_60,,151,453,1092.0,70.0,2.0,156738.0,0.939552434021607,799.0,109.0,1.0,108.0,181.0,9.0,172.0,257.0,199.0,107.0,22.0,71.0,13.0,25.0,1.0,15.0,9.0,55.0,159.0,230.0,31.0,0.0,0.0,0.0,0.0,0.0,0.0,0.0,0.0,0.0,0.0,0.0,0.0,0.0,0.0,0.0,0.0,0.0,0.0,0.0,0.0,0.0,0.0,0.0,0.0,0.0,0.0,0.0,0.0,0.0,0.0,0.0,0.0,0.0,0.0,0.0,0.0,0.0,0.0,0.0,0.0,0.0,4.0,0.0,0.0,0.0,0.0,5.0,6.0,1.0,5.0,21.0,23.0,15.0,8.0,0.0,0.0,0.0,0.0,0.0,0.0,0.0,0.0,0.0,0.0,0.0,0.0,0.0,0.0,0.0,0.0,0.0,0.0,0.0,0.0,0.0,7.0,0.0,0.0,0.0,0.0,7.0,7.0,1.0,6.0,31.0,30.0,18.0,9.0
717,1.0,717.0,London_60,,151,453,1092.0,70.0,2.0,139071.0,0.9540048688650131,760.0,138.0,2.0,136.0,242.0,19.0,223.0,181.0,221.0,89.0,24.0,66.0,8.0,30.0,2.0,13.0,7.0,65.0,150.0,231.0,28.0,0.0,0.0,0.0,0.0,0.0,0.0,0.0,0.0,0.0,0.0,0.0,0.0,0.0,0.0,0.0,0.0,0.0,0.0,0.0,0.0,0.0,0.0,0.0,0.0,0.0,0.0,0.0,0.0,0.0,0.0,0.0,0.0,1.0,0.0,1.0,1.0,0.0,0.0,0.0,0.0,11.0,8.0,0.0,5.0,4.0,1.0,20.0,6.0,1.0,15.0,26.0,29.0,20.0,6.0,0.0,0.0,0.0,0.0,0.0,0.0,0.0,0.0,0.0,0.0,0.0,0.0,6.0,0.0,6.0,8.0,0.0,0.0,0.0,0.0,18.0,10.0,0.0,9.0,4.0,2.0,27.0,9.0,1.0,24.0,36.0,39.0,24.0,11.0
718,1.0,718.0,London_60,,151,453,1092.0,70.0,2.0,100566.0,0.7224218840710819,675.0,56.0,2.0,54.0,110.0,20.0,90.0,242.0,230.0,83.0,19.0,68.0,4.0,41.0,1.0,7.0,6.0,59.0,152.0,236.0,23.0,0.0,0.0,0.0,0.0,0.0,0.0,0.0,0.0,0.0,0.0,0.0,0.0,0.0,0.0,0.0,0.0,0.0,0.0,0.0,0.0,0.0,0.0,0.0,0.0,0.0,0.0,0.0,0.0,0.0,1.0,0.0,0.0,0.0,0.0,0.0,0.0,0.0,0.0,0.0,0.0,1.0,0.0,0.0,1.0,0.0,0.0,8.0,6.0,0.0,7.0,12.0,10.0,10.0,8.0,0.0,0.0,0.0,0.0,0.0,0.0,0.0,0.0,0.0,2.0,0.0,0.0,0.0,0.0,0.0,0.0,0.0,0.0,0.0,0.0,1.0,0.0,0.0,1.0,0.0,0.0,11.0,8.0,0.0,9.0,17.0,15.0,13.0,11.0
719,1.0,719.0,London_60,,151,453,1092.0,70.0,2.0,113250.0,0.9274985620286316,703.0,18.0,1.0,17.0,37.0,8.0,29.0,110.0,229.0,85.0,20.0,76.0,4.0,37.0,0.0,2.0,7.0,67.0,143.0,236.0,22.0,0.0,0.0,0.0,0.0,0.0,0.0,0.0,0.0,0.0,0.0,0.0,0.0,0.0,0.0,0.0,0.0,0.0,0.0,0.0,0.0,0.0,0.0,0.0,0.0,0.0,0.0,0.0,0.0,0.0,0.0,0.0,0.0,0.0,1.0,0.0,1.0,0.0,0.0,0.0,0.0,0.0,1.0,0.0,0.0,0.0,0.0,1.0,1.0,4.0,0.0,3.0,6.0,4.0,3.0,0.0,0.0,0.0,0.0,0.0,0.0,0.0,0.0,0.0,0.0,0.0,0.0,0.0,8.0,0.0,3.0,0.0,0.0,0.0,0.0,0.0,1.0,0.0,0.0,0.0,0.0,1.0,1.0,4.0,0.0,6.0,8.0,6.0,4.0
720,1.0,720.0,London_60,,151,453,1092.0,70.0,2.0,149943.0,1.254356866935268,784.0,43.0,0.0,43.0,72.0,0.0,72.0,37.0,229.0,91.0,23.0,65.0,5.0,38.0,0.0,2.0,7.0,63.0,139.0,244.0,20.0,0.0,0.0,0.0,0.0,0.0,0.0,0.0,0.0,0.0,0.0,0.0,0.0,0.0,0.0,0.0,0.0,0.0,0.0,0.0,0.0,0.0,0.0,0.0,0.0,0.0,0.0,0.0,0.0,0.0,0.0,0.0,0.0,0.0,0.0,0.0,0.0,0.0,0.0,0.0,0.0,3.0,0.0,0.0,1.0,0.0,0.0,3.0,1.0,2.0,2.0,11.0,6.0,7.0,5.0,0.0,0.0,0.0,0.0,0.0,0.0,0.0,0.0,0.0,0.0,0.0,0.0,0.0,0.0,0.0,0.0,0.0,0.0,0.0,0.0,4.0,0.0,0.0,2.0,0.0,0.0,4.0,1.0,3.0,3.0,16.0,8.0,7.0,7.0
721,1.0,721.0,London_60,,151,453,1092.0,70.0,2.0,167157.0,1.410572759108618,822.0,126.0,2.0,124.0,257.0,19.0,238.0,72.0,236.0,89.0,20.0,66.0,7.0,32.0,0.0,3.0,5.0,75.0,134.0,239.0,18.0,0.0,0.0,0.0,0.0,0.0,0.0,0.0,0.0,0.0,0.0,0.0,0.0,0.0,0.0,0.0,0.0,0.0,0.0,0.0,0.0,0.0,0.0,0.0,0.0,0.0,0.0,0.0,0.0,0.0,0.0,0.0,0.0,0.0,0.0,1.0,2.0,0.0,0.0,0.0,0.0,6.0,3.0,4.0,0.0,1.0,0.0,17.0,9.0,10.0,11.0,23.0,33.0,33.0,7.0,0.0,0.0,0.0,0.0,0.0,0.0,0.0,0.0,0.0,0.0,0.0,0.0,0.0,0.0,7.0,9.0,0.0,0.0,0.0,0.0,8.0,7.0,4.0,0.0,1.0,0.0,20.0,18.0,15.0,16.0,34.0,60.0,47.0,14.0
722,1.0,722.0,London_60,,151,453,1092.0,70.0,2.0,142242.0,0.7687490920070559,767.0,134.0,0.0,134.0,238.0,0.0,238.0,257.0,222.0,89.0,16.0,80.0,9.0,26.0,0.0,11.0,7.0,84.0,143.0,219.0,32.0,0.0,0.0,0.0,0.0,0.0,0.0,0.0,0.0,0.0,0.0,0.0,0.0,0.0,0.0,0.0,0.0,0.0,0.0,0.0,0.0,0.0,0.0,0.0,0.0,0.0,0.0,0.0,0.0,0.0,0.0,0.0,0.0,0.0,0.0,0.0,0.0,0.0,0.0,0.0,0.0,7.0,1.0,6.0,2.0,9.0,0.0,13.0,10.0,4.0,15.0,30.0,36.0,19.0,12.0,0.0,0.0,0.0,0.0,0.0,0.0,0.0,0.0,0.0,0.0,0.0,0.0,0.0,0.0,0.0,0.0,0.0,0.0,0.0,0.0,7.0,2.0,6.0,3.0,10.0,0.0,16.0,16.0,4.0,23.0,47.0,50.0,29.0,18.0
723,1.0,723.0,London_60,,151,453,1092.0,70.0,2.0,114609.0,1.2274758818093687,706.0,18.0,2.0,16.0,45.0,18.0,27.0,238.0,225.0,93.0,16.0,70.0,8.0,24.0,1.0,16.0,7.0,75.0,154.0,217.0,36.0,0.0,0.0,0.0,0.0,0.0,0.0,0.0,0.0,0.0,0.0,0.0,0.0,0.0,0.0,0.0,0.0,0.0,0.0,0.0,0.0,0.0,0.0,0.0,0.0,0.0,0.0,0.0,0.0,0.0,1.0,0.0,0.0,0.0,0.0,0.0,1.0,0.0,0.0,0.0,0.0,0.0,0.0,0.0,0.0,0.0,0.0,0.0,1.0,0.0,2.0,5.0,1.0,4.0,1.0,0.0,0.0,0.0,0.0,0.0,0.0,0.0,0.0,0.0,1.0,0.0,0.0,0.0,0.0,0.0,6.0,0.0,0.0,0.0,0.0,0.0,0.0,0.0,0.0,0.0,0.0,0.0,2.0,0.0,3.0,8.0,1.0,4.0,1.0
724,1.0,724.0,London_60,,151,453,1092.0,70.0,2.0,136353.0,0.9246474558021873,754.0,23.0,0.0,23.0,48.0,0.0,48.0,45.0,227.0,97.0,15.0,71.0,5.0,20.0,1.0,17.0,6.0,75.0,143.0,229.0,29.0,0.0,0.0,0.0,0.0,0.0,0.0,0.0,0.0,0.0,0.0,0.0,0.0,0.0,0.0,0.0,0.0,0.0,0.0,0.0,0.0,0.0,0.0,0.0,0.0,0.0,0.0,0.0,0.0,0.0,0.0,0.0,0.0,0.0,0.0,0.0,0.0,0.0,0.0,0.0,0.0,0.0,0.0,0.0,1.0,0.0,0.0,2.0,1.0,2.0,3.0,5.0,2.0,8.0,5.0,0.0,0.0,0.0,0.0,0.0,0.0,0.0,0.0,0.0,0.0,0.0,0.0,0.0,0.0,0.0,0.0,0.0,0.0,0.0,0.0,0.0,0.0,0.0,1.0,0.0,0.0,2.0,3.0,2.0,3.0,10.0,4.0,8.0,7.0
725,1.0,725.0,London_60,,151,453,1092.0,70.0,2.0,160362.0,1.7279107379727066,807.0,122.0,0.0,122.0,228.0,0.0,228.0,48.0,230.0,98.0,14.0,68.0,6.0,20.0,1.0,16.0,7.0,82.0,136.0,228.0,27.0,0.0,0.0,0.0,0.0,0.0,0.0,0.0,0.0,0.0,0.0,0.0,0.0,0.0,0.0,0.0,0.0,0.0,0.0,0.0,0.0,0.0,0.0,0.0,0.0,0.0,0.0,0.0,0.0,0.0,0.0,0.0,0.0,0.0,0.0,0.0,0.0,0.0,0.0,0.0,0.0,4.0,15.0,5.0,3.0,13.0,0.0,5.0,7.0,20.0,10.0,24.0,18.0,24.0,13.0,0.0,0.0,0.0,0.0,0.0,0.0,0.0,0.0,0.0,0.0,0.0,0.0,0.0,0.0,0.0,0.0,0.0,0.0,0.0,0.0,4.0,21.0,5.0,5.0,14.0,0.0,8.0,10.0,26.0,15.0,35.0,33.0,31.0,23.0
726,1.0,726.0,London_60,,151,453,1092.0,70.0,2.0,135447.0,0.6175839910283685,752.0,126.0,0.0,126.0,209.0,0.0,209.0,228.0,233.0,89.0,18.0,64.0,6.0,28.0,0.0,15.0,3.0,84.0,154.0,212.0,26.0,0.0,0.0,0.0,0.0,0.0,0.0,0.0,0.0,0.0,0.0,0.0,0.0,0.0,0.0,0.0,0.0,0.0,0.0,0.0,0.0,0.0,0.0,0.0,0.0,0.0,0.0,0.0,0.0,0.0,0.0,0.0,0.0,0.0,0.0,0.0,0.0,0.0,0.0,0.0,0.0,6.0,3.0,4.0,5.0,5.0,1.0,5.0,6.0,2.0,20.0,25.0,29.0,20.0,11.0,0.0,0.0,0.0,0.0,0.0,0.0,0.0,0.0,0.0,0.0,0.0,0.0,0.0,0.0,0.0,0.0,0.0,0.0,0.0,0.0,8.0,4.0,5.0,7.0,5.0,2.0,7.0,6.0,2.0,27.0,39.0,43.0,27.0,18.0
727,1.0,727.0,London_60,,151,453,1092.0,70.0,2.0,109626.0,0.5989658650942147,695.0,10.0,2.0,8.0,34.0,22.0,12.0,209.0,247.0,89.0,20.0,54.0,3.0,25.0,4.0,11.0,5.0,75.0,151.0,222.0,26.0,0.0,0.0,0.0,0.0,0.0,0.0,0.0,0.0,0.0,1.0,0.0,1.0,0.0,0.0,0.0,0.0,0.0,0.0,1.0,0.0,0.0,0.0,0.0,0.0,0.0,0.0,0.0,0.0,0.0,1.0,0.0,0.0,1.0,0.0,1.0,0.0,0.0,0.0,0.0,0.0,0.0,0.0,0.0,0.0,0.0,0.0,1.0,0.0,1.0,1.0,1.0,3.0,1.0,0.0,0.0,0.0,0.0,0.0,0.0,0.0,0.0,0.0,0.0,3.0,0.0,0.0,6.0,0.0,5.0,0.0,0.0,0.0,0.0,0.0,0.0,0.0,0.0,0.0,0.0,0.0,1.0,0.0,1.0,2.0,2.0,3.0,1.0,0.0
728,1.0,728.0,London_60,,151,453,1092.0,70.0,2.0,142242.0,1.4682930707931519,767.0,59.0,2.0,57.0,112.0,18.0,94.0,29.0,243.0,86.0,22.0,58.0,3.0,27.0,2.0,12.0,5.0,70.0,141.0,237.0,29.0,0.0,0.0,0.0,0.0,0.0,0.0,0.0,0.0,0.0,0.0,0.0,0.0,0.0,0.0,0.0,0.0,0.0,0.0,0.0,0.0,0.0,0.0,0.0,0.0,0.0,0.0,0.0,0.0,0.0,2.0,0.0,0.0,2.0,0.0,2.0,0.0,1.0,0.0,0.0,0.0,1.0,0.0,0.0,3.0,3.0,0.0,3.0,7.0,2.0,4.0,10.0,13.0,15.0,3.0,0.0,0.0,0.0,0.0,0.0,0.0,0.0,0.0,0.0,5.0,0.0,0.0,5.0,0.0,14.0,0.0,9.0,0.0,0.0,0.0,2.0,0.0,0.0,5.0,3.0,0.0,4.0,10.0,2.0,8.0,15.0,17.0,20.0,3.0
729,1.0,729.0,London_60,,151,453,1092.0,70.0,2.0,163986.0,0.8767293281853199,815.0,122.0,2.0,120.0,242.0,17.0,225.0,112.0,243.0,89.0,19.0,53.0,1.0,34.0,1.0,13.0,3.0,78.0,133.0,239.0,22.0,0.0,0.0,0.0,0.0,0.0,0.0,0.0,0.0,0.0,0.0,0.0,0.0,0.0,0.0,0.0,0.0,0.0,0.0,0.0,0.0,0.0,0.0,0.0,0.0,0.0,0.0,0.0,0.0,0.0,0.0,0.0,0.0,1.0,0.0,0.0,2.0,0.0,0.0,0.0,0.0,7.0,3.0,1.0,2.0,18.0,0.0,14.0,9.0,6.0,10.0,27.0,30.0,25.0,5.0,0.0,0.0,0.0,0.0,0.0,0.0,0.0,0.0,0.0,0.0,0.0,0.0,6.0,0.0,0.0,3.0,0.0,0.0,0.0,0.0,9.0,5.0,1.0,3.0,19.0,0.0,20.0,16.0,9.0,13.0,47.0,46.0,38.0,9.0
730,1.0,730.0,London_60,,151,453,1092.0,70.0,2.0,149037.0,0.897840583929792,782.0,86.0,1.0,85.0,157.0,12.0,145.0,242.0,237.0,89.0,13.0,77.0,6.0,21.0,0.0,10.0,7.0,77.0,131.0,238.0,27.0,0.0,0.0,0.0,0.0,0.0,0.0,0.0,0.0,0.0,0.0,0.0,0.0,0.0,0.0,0.0,0.0,0.0,0.0,0.0,0.0,0.0,0.0,0.0,0.0,0.0,0.0,0.0,0.0,0.0,0.0,1.0,0.0,1.0,0.0,0.0,1.0,0.0,0.0,0.0,0.0,1.0,0.0,0.0,0.0,0.0,1.0,6.0,3.0,4.0,3.0,18.0,19.0,11.0,3.0,0.0,0.0,0.0,0.0,0.0,0.0,0.0,0.0,0.0,0.0,10.0,0.0,4.0,0.0,0.0,4.0,0.0,0.0,0.0,0.0,1.0,0.0,0.0,0.0,0.0,1.0,8.0,5.0,4.0,3.0,24.0,28.0,14.0,5.0
731,1.0,731.0,London_60,,151,453,1092.0,70.0,2.0,149037.0,0.8779462100937963,782.0,63.0,0.0,63.0,116.0,0.0,116.0,157.0,248.0,89.0,11.0,70.0,5.0,19.0,1.0,10.0,6.0,83.0,139.0,225.0,30.0,0.0,0.0,0.0,0.0,0.0,0.0,0.0,0.0,0.0,0.0,0.0,0.0,0.0,0.0,0.0,0.0,0.0,0.0,0.0,0.0,0.0,0.0,0.0,0.0,0.0,0.0,0.0,0.0,0.0,0.0,0.0,0.0,0.0,0.0,0.0,0.0,0.0,0.0,0.0,0.0,2.0,1.0,0.0,2.0,2.0,0.0,7.0,1.0,4.0,6.0,13.0,14.0,10.0,3.0,0.0,0.0,0.0,0.0,0.0,0.0,0.0,0.0,0.0,0.0,0.0,0.0,0.0,0.0,0.0,0.0,0.0,0.0,0.0,0.0,6.0,2.0,0.0,5.0,2.0,0.0,9.0,2.0,5.0,7.0,20.0,21.0,15.0,5.0
732,1.0,732.0,London_60,,151,453,1092.0,70.0,2.0,162627.0,1.107779887970537,812.0,77.0,0.0,77.0,132.0,0.0,132.0,116.0,259.0,83.0,17.0,68.0,4.0,13.0,0.0,9.0,4.0,87.0,146.0,216.0,23.0,0.0,0.0,0.0,0.0,0.0,0.0,0.0,0.0,0.0,0.0,0.0,0.0,0.0,0.0,0.0,0.0,0.0,0.0,0.0,0.0,0.0,0.0,0.0,0.0,0.0,0.0,0.0,0.0,0.0,0.0,0.0,0.0,0.0,0.0,0.0,0.0,0.0,0.0,0.0,0.0,4.0,7.0,3.0,2.0,1.0,0.0,3.0,8.0,11.0,3.0,19.0,17.0,8.0,2.0,0.0,0.0,0.0,0.0,0.0,0.0,0.0,0.0,0.0,0.0,0.0,0.0,0.0,0.0,0.0,0.0,0.0,0.0,0.0,0.0,4.0,10.0,3.0,4.0,1.0,0.0,3.0,12.0,21.0,4.0,28.0,25.0,12.0,2.0
733,1.0,733.0,London_60,,151,453,1092.0,70.0,2.0,169875.0,0.720935245975852,828.0,52.0,0.0,52.0,88.0,0.0,88.0,132.0,269.0,93.0,23.0,52.0,4.0,8.0,1.0,3.0,3.0,85.0,158.0,207.0,12.0,0.0,0.0,0.0,0.0,0.0,0.0,0.0,0.0,0.0,0.0,0.0,0.0,0.0,0.0,0.0,0.0,0.0,0.0,0.0,0.0,0.0,0.0,0.0,0.0,0.0,0.0,0.0,0.0,0.0,0.0,0.0,0.0,0.0,0.0,0.0,0.0,0.0,0.0,0.0,0.0,0.0,1.0,2.0,1.0,1.0,0.0,2.0,6.0,1.0,2.0,9.0,12.0,7.0,5.0,0.0,0.0,0.0,0.0,0.0,0.0,0.0,0.0,0.0,0.0,0.0,0.0,0.0,0.0,0.0,0.0,0.0,0.0,0.0,0.0,0.0,2.0,2.0,1.0,1.0,0.0,3.0,7.0,1.0,2.0,9.0,19.0,10.0,7.0
734,1.0,734.0,London_60,,151,453,1092.0,70.0,2.0,190713.0,1.5730636010412127,874.0,115.0,2.0,113.0,220.0,18.0,202.0,88.0,274.0,90.0,23.0,45.0,3.0,12.0,1.0,5.0,5.0,85.0,157.0,206.0,19.0,0.0,0.0,0.0,0.0,0.0,0.0,0.0,0.0,0.0,0.0,0.0,0.0,0.0,0.0,0.0,0.0,0.0,0.0,0.0,0.0,0.0,0.0,0.0,0.0,0.0,0.0,0.0,0.0,0.0,0.0,0.0,0.0,0.0,0.0,0.0,0.0,0.0,0.0,0.0,0.0,3.0,2.0,11.0,4.0,14.0,0.0,11.0,9.0,6.0,24.0,20.0,20.0,24.0,13.0,0.0,0.0,0.0,0.0,0.0,0.0,0.0,0.0,0.0,0.0,0.0,0.0,0.0,0.0,0.0,0.0,0.0,0.0,0.0,0.0,3.0,4.0,16.0,5.0,16.0,0.0,14.0,12.0,6.0,32.0,27.0,34.0,31.0,18.0
735,1.0,735.0,London_60,,151,453,1092.0,70.0,2.0,176670.0,1.105497249867767,843.0,158.0,1.0,157.0,281.0,8.0,273.0,220.0,262.0,70.0,17.0,69.0,5.0,25.0,1.0,4.0,3.0,97.0,140.0,213.0,24.0,0.0,0.0,0.0,0.0,0.0,0.0,0.0,0.0,0.0,0.0,0.0,0.0,0.0,0.0,0.0,0.0,0.0,0.0,0.0,0.0,0.0,0.0,0.0,0.0,0.0,0.0,0.0,0.0,0.0,0.0,0.0,0.0,0.0,0.0,0.0,0.0,0.0,0.0,0.0,0.0,2.0,6.0,0.0,2.0,4.0,1.0,16.0,7.0,6.0,16.0,31.0,41.0,20.0,16.0,0.0,0.0,0.0,0.0,0.0,0.0,0.0,0.0,0.0,0.0,0.0,0.0,0.0,0.0,0.0,0.0,0.0,0.0,0.0,0.0,2.0,9.0,0.0,3.0,4.0,2.0,19.0,10.0,7.0,20.0,44.0,62.0,22.0,29.0
736,1.0,736.0,London_60,,151,453,1092.0,70.0,2.0,127746.0,0.5328169669955969,735.0,55.0,0.0,55.0,84.0,0.0,84.0,281.0,205.0,110.0,17.0,91.0,7.0,17.0,1.0,5.0,6.0,91.0,159.0,197.0,32.0,0.0,0.0,0.0,0.0,0.0,0.0,0.0,0.0,0.0,0.0,0.0,0.0,0.0,0.0,0.0,0.0,0.0,0.0,0.0,0.0,0.0,0.0,0.0,0.0,0.0,0.0,0.0,0.0,0.0,0.0,0.0,0.0,0.0,0.0,0.0,0.0,0.0,0.0,0.0,0.0,0.0,0.0,1.0,0.0,0.0,0.0,3.0,1.0,1.0,3.0,10.0,14.0,5.0,8.0,0.0,0.0,0.0,0.0,0.0,0.0,0.0,0.0,0.0,0.0,0.0,0.0,0.0,0.0,0.0,0.0,0.0,0.0,0.0,0.0,0.0,0.0,1.0,0.0,0.0,0.0,3.0,1.0,1.0,3.0,13.0,17.0,6.0,9.0
737,1.0,737.0,London_60,,151,453,1092.0,70.0,2.0,139524.0,1.2781994910910726,761.0,55.0,0.0,55.0,100.0,0.0,100.0,84.0,207.0,110.0,14.0,91.0,3.0,23.0,0.0,5.0,8.0,84.0,164.0,197.0,35.0,0.0,0.0,0.0,0.0,0.0,0.0,0.0,0.0,0.0,0.0,0.0,0.0,0.0,0.0,0.0,0.0,0.0,0.0,0.0,0.0,0.0,0.0,0.0,0.0,0.0,0.0,0.0,0.0,0.0,0.0,0.0,0.0,0.0,0.0,0.0,0.0,0.0,0.0,0.0,0.0,1.0,1.0,1.0,1.0,0.0,0.0,3.0,3.0,1.0,5.0,8.0,6.0,9.0,5.0,0.0,0.0,0.0,0.0,0.0,0.0,0.0,0.0,0.0,0.0,0.0,0.0,0.0,0.0,0.0,0.0,0.0,0.0,0.0,0.0,1.0,1.0,1.0,3.0,0.0,0.0,3.0,5.0,1.0,7.0,14.0,10.0,16.0,7.0
738,1.0,738.0,London_60,,151,453,1092.0,70.0,2.0,152208.0,1.2961451199371368,789.0,146.0,2.0,144.0,250.0,17.0,233.0,100.0,215.0,114.0,9.0,82.0,3.0,25.0,0.0,5.0,6.0,98.0,152.0,197.0,35.0,0.0,0.0,0.0,0.0,0.0,0.0,0.0,0.0,0.0,0.0,0.0,0.0,0.0,0.0,0.0,0.0,0.0,0.0,0.0,0.0,0.0,0.0,0.0,0.0,0.0,0.0,0.0,0.0,0.0,0.0,0.0,0.0,1.0,1.0,1.0,1.0,0.0,0.0,0.0,0.0,2.0,0.0,1.0,0.0,5.0,0.0,8.0,4.0,9.0,17.0,31.0,36.0,26.0,10.0,0.0,0.0,0.0,0.0,0.0,0.0,0.0,0.0,0.0,0.0,0.0,0.0,5.0,7.0,7.0,7.0,0.0,0.0,0.0,0.0,2.0,0.0,1.0,0.0,5.0,0.0,10.0,4.0,10.0,19.0,45.0,45.0,32.0,15.0
739,1.0,739.0,London_60,,151,453,1092.0,70.0,2.0,124575.0,1.1833235521335155,728.0,73.0,0.0,73.0,132.0,0.0,132.0,250.0,207.0,124.0,22.0,61.0,7.0,27.0,1.0,4.0,7.0,74.0,142.0,230.0,34.0,0.0,0.0,0.0,0.0,0.0,0.0,0.0,0.0,0.0,0.0,0.0,0.0,0.0,0.0,0.0,0.0,0.0,0.0,0.0,0.0,0.0,0.0,0.0,0.0,0.0,0.0,0.0,0.0,0.0,0.0,0.0,0.0,0.0,0.0,0.0,0.0,0.0,0.0,0.0,0.0,0.0,0.0,1.0,0.0,0.0,0.0,4.0,9.0,2.0,5.0,17.0,13.0,12.0,3.0,0.0,0.0,0.0,0.0,0.0,0.0,0.0,0.0,0.0,0.0,0.0,0.0,0.0,0.0,0.0,0.0,0.0,0.0,0.0,0.0,0.0,0.0,1.0,0.0,0.0,0.0,6.0,10.0,2.0,6.0,24.0,23.0,13.0,6.0
740,1.0,740.0,London_60,,151,453,1092.0,70.0,2.0,127293.0,0.8081222099717706,734.0,10.0,2.0,8.0,25.0,16.0,9.0,132.0,217.0,109.0,23.0,57.0,11.0,31.0,0.0,5.0,4.0,68.0,145.0,236.0,25.0,0.0,0.0,0.0,0.0,0.0,0.0,0.0,0.0,0.0,0.0,0.0,0.0,0.0,0.0,0.0,0.0,0.0,0.0,0.0,0.0,0.0,0.0,0.0,0.0,0.0,0.0,0.0,0.0,0.0,1.0,0.0,0.0,1.0,0.0,1.0,2.0,0.0,0.0,0.0,0.0,0.0,0.0,0.0,0.0,0.0,0.0,0.0,0.0,0.0,1.0,0.0,0.0,1.0,0.0,0.0,0.0,0.0,0.0,0.0,0.0,0.0,0.0,0.0,2.0,0.0,0.0,2.0,0.0,7.0,7.0,0.0,0.0,0.0,0.0,0.0,0.0,0.0,0.0,0.0,0.0,0.0,0.0,0.0,1.0,0.0,0.0,1.0,0.0
741,1.0,741.0,London_60,,151,453,1092.0,70.0,2.0,168063.0,0.7291122081223875,824.0,101.0,2.0,99.0,188.0,19.0,169.0,25.0,214.0,115.0,24.0,58.0,9.0,26.0,0.0,7.0,1.0,66.0,144.0,242.0,20.0,0.0,0.0,0.0,0.0,0.0,0.0,0.0,0.0,0.0,0.0,0.0,0.0,0.0,0.0,0.0,0.0,0.0,0.0,0.0,0.0,0.0,0.0,0.0,0.0,0.0,0.0,0.0,0.0,0.0,1.0,0.0,0.0,0.0,0.0,1.0,1.0,0.0,0.0,0.0,0.0,3.0,3.0,0.0,0.0,2.0,0.0,8.0,9.0,7.0,5.0,23.0,18.0,21.0,9.0,0.0,0.0,0.0,0.0,0.0,0.0,0.0,0.0,0.0,8.0,0.0,0.0,0.0,0.0,8.0,6.0,0.0,0.0,0.0,0.0,3.0,4.0,0.0,0.0,2.0,0.0,10.0,12.0,9.0,9.0,32.0,26.0,26.0,12.0
742,1.0,742.0,London_60,,151,453,1092.0,70.0,2.0,163533.0,1.598543253960088,814.0,78.0,2.0,76.0,146.0,16.0,130.0,188.0,226.0,112.0,17.0,57.0,9.0,26.0,0.0,6.0,2.0,69.0,155.0,227.0,27.0,0.0,0.0,0.0,0.0,0.0,0.0,0.0,0.0,0.0,0.0,0.0,0.0,0.0,0.0,0.0,0.0,0.0,0.0,0.0,0.0,0.0,0.0,0.0,0.0,0.0,0.0,0.0,0.0,0.0,1.0,0.0,0.0,0.0,1.0,1.0,2.0,0.0,0.0,0.0,0.0,0.0,12.0,5.0,1.0,1.0,0.0,4.0,8.0,1.0,15.0,17.0,15.0,10.0,8.0,0.0,0.0,0.0,0.0,0.0,0.0,0.0,0.0,0.0,2.0,0.0,0.0,0.0,7.0,8.0,3.0,0.0,0.0,0.0,0.0,0.0,19.0,6.0,1.0,1.0,0.0,4.0,10.0,1.0,23.0,26.0,18.0,13.0,13.0
743,1.0,743.0,London_60,,151,453,1092.0,70.0,2.0,162174.0,0.7627211899962276,811.0,87.0,0.0,87.0,145.0,0.0,145.0,146.0,232.0,110.0,21.0,45.0,8.0,33.0,0.0,4.0,4.0,76.0,163.0,210.0,25.0,0.0,0.0,0.0,0.0,0.0,0.0,0.0,0.0,0.0,0.0,0.0,0.0,0.0,0.0,0.0,0.0,0.0,0.0,0.0,0.0,0.0,0.0,0.0,0.0,0.0,0.0,0.0,0.0,0.0,0.0,0.0,0.0,0.0,0.0,0.0,0.0,0.0,0.0,0.0,0.0,0.0,1.0,0.0,0.0,2.0,0.0,5.0,2.0,2.0,7.0,21.0,12.0,26.0,7.0,0.0,0.0,0.0,0.0,0.0,0.0,0.0,0.0,0.0,0.0,0.0,0.0,0.0,0.0,0.0,0.0,0.0,0.0,0.0,0.0,0.0,2.0,0.0,0.0,2.0,0.0,5.0,2.0,2.0,9.0,32.0,19.0,41.0,7.0
744,1.0,744.0,London_60,,151,453,1092.0,70.0,2.0,152661.0,1.1031108440365642,790.0,104.0,2.0,102.0,202.0,18.0,184.0,145.0,249.0,101.0,9.0,43.0,10.0,37.0,0.0,4.0,5.0,69.0,157.0,222.0,25.0,0.0,0.0,0.0,0.0,0.0,0.0,0.0,0.0,0.0,0.0,0.0,0.0,0.0,0.0,0.0,0.0,0.0,0.0,0.0,0.0,0.0,0.0,0.0,0.0,0.0,0.0,0.0,0.0,0.0,0.0,0.0,0.0,0.0,0.0,0.0,1.0,0.0,0.0,0.0,0.0,2.0,8.0,11.0,4.0,2.0,0.0,11.0,13.0,5.0,13.0,17.0,22.0,28.0,5.0,0.0,0.0,0.0,0.0,0.0,0.0,0.0,0.0,0.0,0.0,0.0,0.0,0.0,0.0,0.0,2.0,0.0,0.0,0.0,0.0,2.0,10.0,11.0,6.0,2.0,0.0,13.0,18.0,8.0,17.0,34.0,31.0,36.0,7.0
745,1.0,745.0,London_60,,151,453,1092.0,70.0,2.0,130917.0,0.5965779440011829,742.0,74.0,0.0,74.0,134.0,0.0,134.0,202.0,252.0,78.0,16.0,62.0,3.0,37.0,3.0,2.0,1.0,74.0,139.0,239.0,27.0,0.0,0.0,0.0,0.0,0.0,0.0,0.0,0.0,0.0,0.0,0.0,0.0,0.0,0.0,0.0,0.0,0.0,0.0,0.0,0.0,0.0,0.0,0.0,0.0,0.0,0.0,0.0,0.0,0.0,0.0,0.0,0.0,0.0,0.0,0.0,0.0,0.0,0.0,0.0,0.0,1.0,5.0,0.0,0.0,1.0,0.0,10.0,2.0,3.0,4.0,9.0,29.0,8.0,8.0,0.0,0.0,0.0,0.0,0.0,0.0,0.0,0.0,0.0,0.0,0.0,0.0,0.0,0.0,0.0,0.0,0.0,0.0,0.0,0.0,1.0,5.0,0.0,0.0,1.0,0.0,12.0,3.0,3.0,4.0,15.0,43.0,10.0,14.0
746,1.0,746.0,London_60,,151,453,1092.0,70.0,2.0,130011.0,0.5884893089532852,740.0,165.0,0.0,165.0,288.0,0.0,288.0,134.0,265.0,68.0,14.0,57.0,5.0,39.0,1.0,4.0,5.0,74.0,129.0,245.0,32.0,0.0,0.0,0.0,0.0,0.0,0.0,0.0,0.0,0.0,0.0,0.0,0.0,0.0,0.0,0.0,0.0,0.0,0.0,0.0,0.0,0.0,0.0,0.0,0.0,0.0,0.0,0.0,0.0,0.0,0.0,0.0,0.0,0.0,0.0,0.0,0.0,0.0,0.0,0.0,0.0,1.0,30.0,0.0,3.0,1.0,0.0,11.0,17.0,3.0,9.0,32.0,34.0,20.0,14.0,0.0,0.0,0.0,0.0,0.0,0.0,0.0,0.0,0.0,0.0,0.0,0.0,0.0,0.0,0.0,0.0,0.0,0.0,0.0,0.0,2.0,53.0,0.0,5.0,1.0,0.0,15.0,23.0,3.0,10.0,52.0,45.0,26.0,17.0
747,1.0,747.0,London_60,,151,453,1092.0,70.0,2.0,82446.0,0.3040658198297024,635.0,24.0,1.0,23.0,49.0,9.0,40.0,288.0,195.0,130.0,15.0,61.0,4.0,37.0,1.0,10.0,5.0,73.0,142.0,233.0,37.0,0.0,0.0,0.0,0.0,0.0,0.0,0.0,0.0,0.0,0.0,0.0,0.0,0.0,0.0,0.0,0.0,0.0,0.0,0.0,0.0,0.0,0.0,0.0,0.0,0.0,0.0,0.0,0.0,0.0,0.0,0.0,0.0,0.0,0.0,0.0,1.0,0.0,0.0,0.0,0.0,0.0,0.0,0.0,0.0,0.0,0.0,3.0,0.0,1.0,5.0,3.0,5.0,7.0,4.0,0.0,0.0,0.0,0.0,0.0,0.0,0.0,0.0,0.0,0.0,0.0,0.0,0.0,0.0,0.0,4.0,0.0,0.0,0.0,0.0,0.0,0.0,0.0,0.0,0.0,0.0,4.0,0.0,1.0,6.0,4.0,8.0,8.0,7.0
748,1.0,748.0,London_60,,151,453,1092.0,70.0,2.0,107814.0,0.514502836856991,691.0,47.0,2.0,45.0,96.0,17.0,79.0,49.0,205.0,127.0,9.0,55.0,3.0,43.0,2.0,9.0,5.0,71.0,142.0,235.0,38.0,0.0,0.0,0.0,0.0,0.0,0.0,0.0,0.0,0.0,0.0,0.0,0.0,0.0,0.0,0.0,0.0,0.0,0.0,0.0,0.0,0.0,0.0,0.0,0.0,0.0,0.0,0.0,0.0,0.0,1.0,0.0,0.0,0.0,0.0,0.0,0.0,0.0,0.0,0.0,0.0,1.0,1.0,1.0,0.0,0.0,0.0,6.0,0.0,1.0,2.0,8.0,13.0,11.0,3.0,0.0,0.0,0.0,0.0,0.0,0.0,0.0,0.0,0.0,1.0,0.0,0.0,0.0,0.0,0.0,0.0,0.0,0.0,0.0,0.0,1.0,1.0,1.0,0.0,0.0,0.0,9.0,0.0,3.0,2.0,12.0,18.0,14.0,5.0
749,1.0,749.0,London_60,,151,453,1092.0,70.0,2.0,120498.0,0.5257623200304806,719.0,25.0,1.0,24.0,53.0,10.0,43.0,96.0,197.0,141.0,10.0,49.0,4.0,39.0,3.0,10.0,7.0,73.0,136.0,237.0,39.0,0.0,0.0,0.0,0.0,0.0,0.0,0.0,0.0,0.0,0.0,0.0,0.0,0.0,0.0,0.0,0.0,0.0,0.0,0.0,0.0,0.0,0.0,0.0,0.0,0.0,0.0,0.0,0.0,0.0,1.0,0.0,0.0,0.0,0.0,0.0,1.0,0.0,0.0,0.0,0.0,0.0,1.0,0.0,0.0,0.0,1.0,2.0,2.0,0.0,2.0,3.0,8.0,5.0,3.0,0.0,0.0,0.0,0.0,0.0,0.0,0.0,0.0,0.0,2.0,0.0,0.0,0.0,0.0,0.0,6.0,0.0,0.0,0.0,0.0,0.0,1.0,0.0,0.0,0.0,2.0,2.0,3.0,0.0,4.0,3.0,11.0,9.0,4.0
750,1.0,750.0,London_60,,151,453,1092.0,70.0,2.0,146319.0,1.8952936849091202,776.0,36.0,0.0,36.0,61.0,0.0,61.0,53.0,198.0,157.0,11.0,45.0,5.0,25.0,3.0,9.0,7.0,75.0,139.0,232.0,35.0,0.0,0.0,0.0,0.0,0.0,0.0,0.0,0.0,0.0,0.0,0.0,0.0,0.0,0.0,0.0,0.0,0.0,0.0,0.0,0.0,0.0,0.0,0.0,0.0,0.0,0.0,0.0,0.0,0.0,0.0,0.0,0.0,0.0,0.0,0.0,0.0,0.0,0.0,0.0,0.0,1.0,0.0,0.0,0.0,0.0,0.0,3.0,3.0,1.0,6.0,11.0,10.0,7.0,2.0,0.0,0.0,0.0,0.0,0.0,0.0,0.0,0.0,0.0,0.0,0.0,0.0,0.0,0.0,0.0,0.0,0.0,0.0,0.0,0.0,1.0,0.0,0.0,0.0,0.0,0.0,5.0,3.0,1.0,6.0,18.0,14.0,9.0,3.0
751,1.0,751.0,London_60,,151,453,1092.0,70.0,2.0,174858.0,0.8497501579113305,839.0,45.0,2.0,43.0,101.0,17.0,84.0,61.0,202.0,162.0,16.0,25.0,10.0,25.0,3.0,10.0,9.0,70.0,146.0,228.0,32.0,0.0,0.0,0.0,0.0,0.0,0.0,0.0,0.0,0.0,0.0,0.0,0.0,0.0,0.0,0.0,0.0,0.0,0.0,0.0,0.0,0.0,0.0,0.0,0.0,0.0,0.0,0.0,0.0,0.0,1.0,0.0,0.0,0.0,0.0,1.0,2.0,0.0,0.0,0.0,0.0,6.0,2.0,1.0,1.0,0.0,0.0,4.0,1.0,3.0,6.0,10.0,5.0,7.0,5.0,0.0,0.0,0.0,0.0,0.0,0.0,0.0,0.0,0.0,1.0,0.0,0.0,0.0,0.0,7.0,7.0,0.0,0.0,0.0,0.0,7.0,5.0,2.0,2.0,0.0,0.0,7.0,1.0,4.0,8.0,16.0,6.0,14.0,9.0
752,1.0,752.0,London_60,,151,453,1092.0,70.0,2.0,197055.0,0.8482650669757277,888.0,119.0,2.0,117.0,221.0,18.0,203.0,101.0,194.0,168.0,8.0,30.0,7.0,26.0,6.0,14.0,7.0,80.0,144.0,222.0,28.0,0.0,0.0,0.0,0.0,0.0,0.0,0.0,0.0,0.0,0.0,0.0,0.0,0.0,0.0,0.0,0.0,0.0,0.0,0.0,0.0,0.0,0.0,0.0,0.0,0.0,0.0,0.0,0.0,0.0,1.0,0.0,0.0,0.0,1.0,0.0,1.0,1.0,0.0,0.0,0.0,3.0,3.0,4.0,2.0,8.0,0.0,11.0,5.0,1.0,13.0,25.0,28.0,14.0,14.0,0.0,0.0,0.0,0.0,0.0,0.0,0.0,0.0,0.0,7.0,0.0,0.0,0.0,7.0,0.0,5.0,7.0,0.0,0.0,0.0,6.0,3.0,6.0,2.0,8.0,0.0,13.0,10.0,2.0,15.0,34.0,45.0,19.0,24.0
753,1.0,753.0,London_60,,151,453,1092.0,70.0,2.0,187542.0,1.5632939389906824,867.0,120.0,1.0,119.0,231.0,9.0,222.0,221.0,205.0,133.0,15.0,63.0,1.0,22.0,5.0,9.0,8.0,89.0,139.0,217.0,38.0,0.0,0.0,0.0,0.0,0.0,0.0,0.0,0.0,0.0,0.0,0.0,0.0,0.0,0.0,0.0,0.0,0.0,0.0,0.0,0.0,0.0,0.0,0.0,0.0,0.0,0.0,0.0,0.0,0.0,1.0,0.0,0.0,0.0,0.0,0.0,1.0,0.0,0.0,0.0,0.0,5.0,4.0,0.0,2.0,0.0,0.0,9.0,5.0,7.0,17.0,30.0,34.0,23.0,11.0,0.0,0.0,0.0,0.0,0.0,0.0,0.0,0.0,0.0,4.0,0.0,0.0,0.0,0.0,0.0,2.0,0.0,0.0,0.0,0.0,6.0,5.0,0.0,2.0,0.0,0.0,13.0,8.0,9.0,25.0,54.0,46.0,34.0,18.0
754,1.0,754.0,London_60,,151,453,1092.0,70.0,2.0,180747.0,0.7948013269342482,852.0,128.0,1.0,127.0,232.0,8.0,224.0,231.0,210.0,126.0,10.0,73.0,3.0,18.0,3.0,10.0,7.0,86.0,140.0,220.0,34.0,0.0,0.0,0.0,0.0,0.0,0.0,0.0,0.0,0.0,0.0,0.0,0.0,0.0,0.0,0.0,0.0,0.0,0.0,0.0,0.0,0.0,0.0,0.0,0.0,0.0,0.0,0.0,0.0,0.0,1.0,0.0,0.0,1.0,0.0,0.0,1.0,0.0,0.0,0.0,0.0,1.0,5.0,7.0,0.0,0.0,0.0,7.0,9.0,6.0,8.0,25.0,31.0,15.0,6.0,0.0,0.0,0.0,0.0,0.0,0.0,0.0,0.0,0.0,1.0,0.0,0.0,1.0,0.0,0.0,1.0,0.0,0.0,0.0,0.0,1.0,7.0,9.0,0.0,0.0,0.0,8.0,10.0,9.0,10.0,37.0,50.0,18.0,11.0
755,1.0,755.0,London_60,,151,453,1092.0,70.0,2.0,162627.0,1.7331845602020621,812.0,98.0,0.0,98.0,164.0,0.0,164.0,232.0,224.0,98.0,13.0,74.0,7.0,25.0,2.0,10.0,7.0,91.0,148.0,207.0,36.0,0.0,0.0,0.0,0.0,0.0,0.0,0.0,0.0,0.0,0.0,0.0,0.0,0.0,0.0,0.0,0.0,0.0,0.0,0.0,0.0,0.0,0.0,0.0,0.0,0.0,0.0,0.0,0.0,0.0,0.0,0.0,0.0,0.0,0.0,0.0,0.0,0.0,0.0,0.0,0.0,2.0,3.0,0.0,2.0,7.0,0.0,6.0,3.0,3.0,12.0,17.0,30.0,18.0,12.0,0.0,0.0,0.0,0.0,0.0,0.0,0.0,0.0,0.0,0.0,0.0,0.0,0.0,0.0,0.0,0.0,0.0,0.0,0.0,0.0,2.0,5.0,0.0,4.0,7.0,0.0,8.0,4.0,4.0,13.0,26.0,44.0,22.0,17.0
756,1.0,756.0,London_60,,151,453,1092.0,70.0,2.0,149037.0,0.6211922368966043,782.0,50.0,0.0,50.0,90.0,0.0,90.0,164.0,238.0,108.0,17.0,51.0,2.0,27.0,1.0,9.0,8.0,90.0,152.0,203.0,28.0,0.0,0.0,0.0,0.0,0.0,0.0,0.0,0.0,0.0,0.0,0.0,0.0,0.0,0.0,0.0,0.0,0.0,0.0,0.0,0.0,0.0,0.0,0.0,0.0,0.0,0.0,0.0,0.0,0.0,0.0,0.0,0.0,0.0,0.0,0.0,0.0,0.0,0.0,0.0,0.0,1.0,6.0,0.0,1.0,0.0,0.0,1.0,6.0,1.0,3.0,9.0,8.0,13.0,4.0,0.0,0.0,0.0,0.0,0.0,0.0,0.0,0.0,0.0,0.0,0.0,0.0,0.0,0.0,0.0,0.0,0.0,0.0,0.0,0.0,1.0,7.0,0.0,1.0,0.0,0.0,2.0,8.0,1.0,3.0,17.0,13.0,17.0,5.0
757,1.0,757.0,London_60,,151,453,1092.0,70.0,2.0,178029.0,1.5346742260735482,846.0,83.0,1.0,82.0,150.0,7.0,143.0,90.0,245.0,107.0,17.0,46.0,3.0,23.0,1.0,11.0,5.0,86.0,149.0,213.0,23.0,0.0,0.0,0.0,0.0,0.0,0.0,0.0,0.0,0.0,0.0,0.0,0.0,0.0,0.0,0.0,0.0,0.0,0.0,0.0,0.0,0.0,0.0,0.0,0.0,0.0,0.0,0.0,0.0,0.0,0.0,0.0,0.0,1.0,0.0,1.0,1.0,0.0,0.0,0.0,0.0,5.0,7.0,2.0,3.0,2.0,0.0,9.0,3.0,6.0,9.0,13.0,24.0,17.0,10.0,0.0,0.0,0.0,0.0,0.0,0.0,0.0,0.0,0.0,0.0,0.0,0.0,3.0,0.0,4.0,5.0,0.0,0.0,0.0,0.0,5.0,11.0,4.0,5.0,2.0,0.0,14.0,5.0,7.0,12.0,19.0,29.0,21.0,15.0
758,1.0,758.0,London_60,,151,453,1092.0,70.0,2.0,185730.0,0.8624556208960712,863.0,147.0,1.0,146.0,253.0,9.0,244.0,150.0,256.0,96.0,9.0,49.0,4.0,25.0,1.0,13.0,5.0,82.0,153.0,213.0,20.0,0.0,0.0,0.0,0.0,0.0,0.0,0.0,0.0,0.0,0.0,0.0,0.0,0.0,0.0,0.0,0.0,0.0,0.0,0.0,0.0,0.0,0.0,0.0,0.0,0.0,0.0,0.0,0.0,0.0,0.0,0.0,0.0,0.0,0.0,0.0,0.0,0.0,0.0,0.0,0.0,3.0,22.0,0.0,5.0,10.0,0.0,8.0,4.0,8.0,11.0,24.0,36.0,20.0,10.0,0.0,0.0,0.0,0.0,0.0,0.0,0.0,0.0,0.0,0.0,0.0,0.0,0.0,0.0,0.0,0.0,0.0,0.0,0.0,0.0,3.0,32.0,0.0,7.0,11.0,0.0,10.0,6.0,10.0,14.0,35.0,52.0,23.0,12.0
759,1.0,759.0,London_60,,151,453,1092.0,70.0,2.0,165798.0,0.8504802249372005,819.0,24.0,2.0,22.0,60.0,19.0,41.0,253.0,214.0,88.0,24.0,71.0,9.0,32.0,1.0,14.0,2.0,83.0,180.0,188.0,28.0,0.0,0.0,0.0,0.0,0.0,0.0,0.0,0.0,0.0,0.0,0.0,0.0,0.0,0.0,0.0,0.0,0.0,0.0,0.0,0.0,0.0,0.0,0.0,0.0,0.0,0.0,0.0,0.0,0.0,1.0,0.0,0.0,1.0,0.0,1.0,1.0,0.0,0.0,0.0,0.0,0.0,0.0,0.0,0.0,0.0,0.0,0.0,1.0,0.0,4.0,5.0,4.0,8.0,1.0,0.0,0.0,0.0,0.0,0.0,0.0,0.0,0.0,0.0,1.0,0.0,0.0,6.0,0.0,4.0,4.0,0.0,0.0,0.0,0.0,0.0,0.0,0.0,0.0,0.0,0.0,0.0,2.0,0.0,6.0,9.0,4.0,11.0,2.0
760,1.0,760.0,London_60,,151,453,1092.0,70.0,2.0,192072.0,0.927068387158215,877.0,159.0,2.0,157.0,285.0,20.0,265.0,60.0,219.0,87.0,24.0,68.0,10.0,30.0,1.0,14.0,3.0,89.0,161.0,200.0,29.0,0.0,0.0,0.0,0.0,0.0,0.0,0.0,0.0,0.0,0.0,0.0,0.0,0.0,0.0,0.0,0.0,0.0,0.0,0.0,0.0,0.0,0.0,0.0,0.0,0.0,0.0,0.0,0.0,0.0,1.0,0.0,0.0,0.0,0.0,0.0,0.0,0.0,0.0,0.0,0.0,0.0,27.0,6.0,0.0,0.0,0.0,10.0,1.0,5.0,10.0,37.0,37.0,17.0,5.0,0.0,0.0,0.0,0.0,0.0,0.0,0.0,0.0,0.0,2.0,0.0,0.0,0.0,0.0,0.0,0.0,0.0,0.0,0.0,0.0,0.0,42.0,6.0,0.0,0.0,0.0,13.0,1.0,8.0,13.0,53.0,57.0,21.0,7.0
761,1.0,761.0,London_60,,151,453,1092.0,70.0,2.0,160815.0,0.6791026149876416,808.0,103.0,1.0,102.0,172.0,8.0,164.0,285.0,184.0,116.0,24.0,74.0,8.0,29.0,1.0,17.0,5.0,98.0,142.0,208.0,30.0,0.0,0.0,0.0,0.0,0.0,0.0,0.0,0.0,0.0,0.0,0.0,0.0,0.0,0.0,0.0,0.0,0.0,0.0,0.0,0.0,0.0,0.0,0.0,0.0,0.0,0.0,0.0,0.0,0.0,0.0,0.0,0.0,0.0,1.0,0.0,1.0,0.0,0.0,0.0,0.0,1.0,0.0,0.0,1.0,3.0,0.0,6.0,2.0,2.0,6.0,17.0,29.0,15.0,8.0,0.0,0.0,0.0,0.0,0.0,0.0,0.0,0.0,0.0,0.0,0.0,0.0,0.0,8.0,0.0,1.0,0.0,0.0,0.0,0.0,1.0,0.0,0.0,1.0,3.0,0.0,8.0,4.0,3.0,9.0,26.0,47.0,20.0,13.0
762,1.0,762.0,London_60,,151,453,1092.0,70.0,2.0,147678.0,1.07230888097547,779.0,32.0,0.0,32.0,53.0,0.0,53.0,172.0,188.0,130.0,24.0,67.0,2.0,28.0,0.0,14.0,3.0,99.0,129.0,222.0,32.0,0.0,0.0,0.0,0.0,0.0,0.0,0.0,0.0,0.0,0.0,0.0,0.0,0.0,0.0,0.0,0.0,0.0,0.0,0.0,0.0,0.0,0.0,0.0,0.0,0.0,0.0,0.0,0.0,0.0,0.0,0.0,0.0,0.0,0.0,0.0,0.0,0.0,0.0,0.0,0.0,1.0,1.0,0.0,0.0,0.0,0.0,3.0,1.0,1.0,3.0,1.0,9.0,4.0,1.0,0.0,0.0,0.0,0.0,0.0,0.0,0.0,0.0,0.0,0.0,0.0,0.0,0.0,0.0,0.0,0.0,0.0,0.0,0.0,0.0,1.0,1.0,0.0,0.0,0.0,0.0,5.0,1.0,1.0,3.0,1.0,14.0,5.0,4.0
763,1.0,763.0,London_60,,151,453,1092.0,70.0,2.0,174858.0,1.5539130470715463,839.0,147.0,2.0,145.0,264.0,19.0,245.0,53.0,194.0,132.0,27.0,58.0,3.0,25.0,0.0,14.0,5.0,93.0,121.0,234.0,29.0,0.0,0.0,0.0,0.0,0.0,0.0,0.0,0.0,0.0,0.0,0.0,0.0,0.0,0.0,0.0,0.0,0.0,0.0,0.0,0.0,0.0,0.0,0.0,0.0,0.0,0.0,0.0,0.0,0.0,0.0,0.0,0.0,2.0,0.0,1.0,2.0,0.0,0.0,0.0,0.0,9.0,15.0,1.0,4.0,1.0,0.0,22.0,13.0,4.0,9.0,23.0,31.0,18.0,10.0,0.0,0.0,0.0,0.0,0.0,0.0,0.0,0.0,0.0,0.0,0.0,0.0,3.0,0.0,7.0,8.0,0.0,0.0,0.0,0.0,10.0,20.0,1.0,5.0,1.0,0.0,33.0,21.0,4.0,13.0,37.0,48.0,23.0,20.0
764,1.0,764.0,London_60,,151,453,1092.0,70.0,2.0,142242.0,1.773829123005271,767.0,70.0,0.0,70.0,130.0,0.0,130.0,264.0,197.0,111.0,14.0,84.0,6.0,22.0,3.0,16.0,5.0,90.0,139.0,219.0,33.0,0.0,0.0,0.0,0.0,0.0,0.0,0.0,0.0,0.0,0.0,0.0,0.0,0.0,0.0,0.0,0.0,0.0,0.0,0.0,0.0,0.0,0.0,0.0,0.0,0.0,0.0,0.0,0.0,0.0,0.0,0.0,0.0,0.0,0.0,0.0,0.0,0.0,0.0,0.0,0.0,0.0,0.0,0.0,1.0,0.0,1.0,4.0,8.0,1.0,10.0,15.0,16.0,11.0,11.0,0.0,0.0,0.0,0.0,0.0,0.0,0.0,0.0,0.0,0.0,0.0,0.0,0.0,0.0,0.0,0.0,0.0,0.0,0.0,0.0,0.0,0.0,0.0,2.0,0.0,1.0,5.0,13.0,1.0,16.0,24.0,26.0,16.0,16.0
765,1.0,765.0,London_60,,151,453,1092.0,70.0,2.0,149037.0,1.1662439729552716,782.0,162.0,2.0,160.0,292.0,18.0,274.0,130.0,201.0,102.0,18.0,92.0,10.0,12.0,4.0,14.0,6.0,77.0,145.0,225.0,31.0,0.0,0.0,0.0,0.0,0.0,0.0,0.0,0.0,0.0,0.0,0.0,0.0,0.0,0.0,0.0,0.0,0.0,0.0,0.0,0.0,0.0,0.0,0.0,0.0,0.0,0.0,0.0,0.0,0.0,0.0,0.0,0.0,0.0,0.0,0.0,0.0,0.0,0.0,0.0,0.0,1.0,13.0,8.0,2.0,2.0,0.0,19.0,12.0,19.0,9.0,31.0,36.0,13.0,13.0,0.0,0.0,0.0,0.0,0.0,0.0,0.0,0.0,0.0,0.0,0.0,0.0,0.0,0.0,0.0,0.0,0.0,0.0,0.0,0.0,1.0,20.0,11.0,3.0,2.0,0.0,26.0,16.0,25.0,12.0,47.0,51.0,17.0,21.0
766,1.0,766.0,London_60,,151,453,1092.0,70.0,2.0,103737.0,0.5879469749052078,682.0,7.0,0.0,7.0,11.0,0.0,11.0,292.0,184.0,130.0,24.0,76.0,5.0,23.0,3.0,8.0,5.0,77.0,153.0,218.0,44.0,0.0,0.0,0.0,0.0,0.0,0.0,0.0,0.0,0.0,0.0,0.0,0.0,0.0,0.0,0.0,0.0,0.0,0.0,0.0,0.0,0.0,0.0,0.0,0.0,0.0,0.0,0.0,0.0,0.0,0.0,0.0,0.0,0.0,0.0,0.0,0.0,0.0,0.0,0.0,0.0,0.0,0.0,0.0,0.0,0.0,0.0,1.0,0.0,0.0,0.0,2.0,1.0,1.0,0.0,0.0,0.0,0.0,0.0,0.0,0.0,0.0,0.0,0.0,0.0,0.0,0.0,0.0,0.0,0.0,0.0,0.0,0.0,0.0,0.0,0.0,0.0,0.0,0.0,0.0,0.0,2.0,0.0,0.0,0.0,2.0,2.0,1.0,0.0
767,1.0,767.0,London_60,,151,453,1092.0,70.0,2.0,134541.0,0.6535837550181895,750.0,34.0,0.0,34.0,56.0,0.0,56.0,11.0,184.0,126.0,25.0,79.0,5.0,23.0,3.0,8.0,5.0,79.0,153.0,216.0,41.0,0.0,0.0,0.0,0.0,0.0,0.0,0.0,0.0,0.0,0.0,0.0,0.0,0.0,0.0,0.0,0.0,0.0,0.0,0.0,0.0,0.0,0.0,0.0,0.0,0.0,0.0,0.0,0.0,0.0,0.0,0.0,0.0,0.0,0.0,0.0,0.0,0.0,0.0,0.0,0.0,1.0,2.0,0.0,1.0,0.0,0.0,2.0,1.0,1.0,3.0,3.0,5.0,4.0,3.0,0.0,0.0,0.0,0.0,0.0,0.0,0.0,0.0,0.0,0.0,0.0,0.0,0.0,0.0,0.0,0.0,0.0,0.0,0.0,0.0,2.0,2.0,0.0,1.0,0.0,0.0,2.0,2.0,2.0,7.0,4.0,7.0,5.0,5.0
768,1.0,768.0,London_60,,151,453,1092.0,70.0,2.0,159456.0,0.6865226849913597,805.0,67.0,0.0,67.0,117.0,0.0,117.0,56.0,196.0,132.0,24.0,67.0,3.0,19.0,3.0,9.0,4.0,69.0,159.0,221.0,41.0,0.0,0.0,0.0,0.0,0.0,0.0,0.0,0.0,0.0,0.0,0.0,0.0,0.0,0.0,0.0,0.0,0.0,0.0,0.0,0.0,0.0,0.0,0.0,0.0,0.0,0.0,0.0,0.0,0.0,0.0,0.0,0.0,0.0,0.0,0.0,0.0,0.0,0.0,0.0,0.0,4.0,2.0,0.0,1.0,0.0,0.0,5.0,2.0,3.0,4.0,12.0,15.0,13.0,3.0,0.0,0.0,0.0,0.0,0.0,0.0,0.0,0.0,0.0,0.0,0.0,0.0,0.0,0.0,0.0,0.0,0.0,0.0,0.0,0.0,8.0,3.0,0.0,1.0,0.0,0.0,6.0,3.0,5.0,4.0,18.0,21.0,15.0,5.0
769,1.0,769.0,London_60,,151,453,1092.0,70.0,2.0,169422.0,2.053859887877479,827.0,91.0,2.0,89.0,189.0,22.0,167.0,117.0,209.0,122.0,24.0,76.0,3.0,8.0,3.0,8.0,6.0,80.0,145.0,222.0,36.0,0.0,0.0,0.0,0.0,0.0,0.0,0.0,0.0,0.0,1.0,0.0,1.0,0.0,0.0,0.0,0.0,0.0,0.0,1.0,0.0,0.0,0.0,0.0,0.0,0.0,0.0,0.0,0.0,0.0,0.0,0.0,0.0,1.0,0.0,1.0,1.0,0.0,0.0,0.0,0.0,1.0,10.0,0.0,1.0,5.0,0.0,7.0,7.0,4.0,10.0,16.0,18.0,11.0,14.0,0.0,0.0,0.0,0.0,0.0,0.0,0.0,0.0,0.0,0.0,0.0,0.0,2.0,0.0,3.0,1.0,0.0,0.0,0.0,0.0,1.0,14.0,0.0,4.0,5.0,0.0,10.0,11.0,5.0,15.0,27.0,29.0,15.0,21.0
770,1.0,770.0,London_60,,151,453,1092.0,70.0,2.0,164439.0,1.2579623309429735,816.0,129.0,2.0,127.0,231.0,18.0,213.0,181.0,215.0,118.0,15.0,79.0,5.0,13.0,1.0,7.0,5.0,78.0,132.0,238.0,34.0,0.0,0.0,0.0,0.0,0.0,0.0,0.0,0.0,0.0,0.0,0.0,0.0,0.0,0.0,0.0,0.0,0.0,0.0,0.0,0.0,0.0,0.0,0.0,0.0,0.0,0.0,0.0,0.0,0.0,1.0,0.0,0.0,2.0,0.0,2.0,0.0,1.0,0.0,0.0,0.0,2.0,19.0,7.0,2.0,8.0,0.0,10.0,15.0,15.0,11.0,25.0,30.0,31.0,5.0,0.0,0.0,0.0,0.0,0.0,0.0,0.0,0.0,0.0,1.0,0.0,0.0,7.0,0.0,12.0,0.0,9.0,0.0,0.0,0.0,2.0,23.0,7.0,3.0,9.0,0.0,15.0,18.0,20.0,14.0,40.0,40.0,40.0,7.0
771,1.0,771.0,London_60,,151,453,1092.0,70.0,2.0,141336.0,1.3574889828450978,765.0,120.0,2.0,118.0,215.0,17.0,198.0,231.0,215.0,97.0,26.0,92.0,6.0,17.0,0.0,0.0,7.0,79.0,137.0,230.0,32.0,0.0,0.0,0.0,0.0,0.0,0.0,0.0,0.0,0.0,0.0,0.0,0.0,0.0,0.0,0.0,0.0,0.0,0.0,0.0,0.0,0.0,0.0,0.0,0.0,0.0,0.0,0.0,0.0,0.0,2.0,0.0,0.0,0.0,0.0,0.0,2.0,0.0,0.0,0.0,0.0,3.0,4.0,2.0,1.0,2.0,0.0,18.0,6.0,6.0,11.0,23.0,28.0,12.0,8.0,0.0,0.0,0.0,0.0,0.0,0.0,0.0,0.0,0.0,4.0,0.0,0.0,0.0,0.0,0.0,6.0,0.0,0.0,0.0,0.0,4.0,4.0,2.0,1.0,3.0,0.0,23.0,6.0,8.0,16.0,36.0,41.0,15.0,10.0
772,1.0,772.0,London_60,,151,453,1092.0,70.0,2.0,121857.0,0.5398206461686641,722.0,47.0,1.0,46.0,97.0,12.0,85.0,215.0,227.0,97.0,24.0,74.0,7.0,23.0,1.0,0.0,5.0,88.0,130.0,230.0,22.0,0.0,0.0,0.0,0.0,0.0,0.0,0.0,0.0,0.0,0.0,0.0,0.0,0.0,0.0,0.0,0.0,0.0,0.0,0.0,0.0,0.0,0.0,0.0,0.0,0.0,0.0,0.0,0.0,0.0,0.0,1.0,0.0,1.0,0.0,0.0,1.0,0.0,0.0,0.0,0.0,0.0,4.0,3.0,1.0,1.0,0.0,1.0,2.0,0.0,4.0,10.0,8.0,7.0,5.0,0.0,0.0,0.0,0.0,0.0,0.0,0.0,0.0,0.0,0.0,6.0,0.0,5.0,0.0,0.0,3.0,0.0,0.0,0.0,0.0,0.0,6.0,4.0,1.0,1.0,0.0,1.0,4.0,0.0,5.0,16.0,12.0,8.0,8.0
773,1.0,773.0,London_60,,151,453,1092.0,70.0,2.0,137259.0,0.9852813410107046,756.0,58.0,0.0,58.0,97.0,0.0,97.0,97.0,240.0,94.0,21.0,75.0,4.0,17.0,0.0,2.0,4.0,79.0,144.0,226.0,23.0,0.0,0.0,0.0,0.0,0.0,0.0,0.0,0.0,0.0,0.0,0.0,0.0,0.0,0.0,0.0,0.0,0.0,0.0,0.0,0.0,0.0,0.0,0.0,0.0,0.0,0.0,0.0,0.0,0.0,0.0,0.0,0.0,0.0,0.0,0.0,0.0,0.0,0.0,0.0,0.0,2.0,1.0,0.0,0.0,0.0,0.0,5.0,4.0,5.0,5.0,10.0,16.0,6.0,4.0,0.0,0.0,0.0,0.0,0.0,0.0,0.0,0.0,0.0,0.0,0.0,0.0,0.0,0.0,0.0,0.0,0.0,0.0,0.0,0.0,2.0,1.0,0.0,0.0,0.0,0.0,8.0,6.0,7.0,6.0,14.0,22.0,8.0,7.0
774,1.0,774.0,London_60,,151,453,1092.0,70.0,2.0,146772.0,0.8478262070566416,777.0,84.0,0.0,84.0,150.0,0.0,150.0,97.0,243.0,98.0,21.0,70.0,2.0,16.0,1.0,2.0,5.0,71.0,153.0,224.0,29.0,0.0,0.0,0.0,0.0,0.0,0.0,0.0,0.0,0.0,0.0,0.0,0.0,0.0,0.0,0.0,0.0,0.0,0.0,0.0,0.0,0.0,0.0,0.0,0.0,0.0,0.0,0.0,0.0,0.0,0.0,0.0,0.0,0.0,0.0,0.0,0.0,0.0,0.0,0.0,0.0,3.0,9.0,3.0,2.0,1.0,0.0,6.0,7.0,3.0,4.0,10.0,22.0,15.0,12.0,0.0,0.0,0.0,0.0,0.0,0.0,0.0,0.0,0.0,0.0,0.0,0.0,0.0,0.0,0.0,0.0,0.0,0.0,0.0,0.0,4.0,15.0,3.0,3.0,1.0,0.0,6.0,13.0,3.0,7.0,15.0,31.0,20.0,18.0
775,1.0,775.0,London_60,,151,453,1092.0,70.0,2.0,146319.0,1.2415004668291658,776.0,73.0,0.0,73.0,117.0,0.0,117.0,150.0,248.0,110.0,20.0,53.0,5.0,8.0,3.0,6.0,4.0,70.0,145.0,234.0,22.0,0.0,0.0,0.0,0.0,0.0,0.0,0.0,0.0,0.0,0.0,0.0,0.0,0.0,0.0,0.0,0.0,0.0,0.0,0.0,0.0,0.0,0.0,0.0,0.0,0.0,0.0,0.0,0.0,0.0,0.0,0.0,0.0,0.0,0.0,0.0,0.0,0.0,0.0,0.0,0.0,1.0,0.0,0.0,0.0,2.0,0.0,9.0,3.0,7.0,6.0,15.0,17.0,12.0,3.0,0.0,0.0,0.0,0.0,0.0,0.0,0.0,0.0,0.0,0.0,0.0,0.0,0.0,0.0,0.0,0.0,0.0,0.0,0.0,0.0,1.0,0.0,0.0,0.0,2.0,0.0,10.0,4.0,10.0,9.0,20.0,25.0,14.0,4.0
776,1.0,776.0,London_60,,151,453,1092.0,70.0,2.0,153114.0,0.6339246470015496,791.0,82.0,2.0,80.0,158.0,18.0,140.0,117.0,263.0,98.0,17.0,46.0,4.0,17.0,4.0,4.0,2.0,69.0,151.0,231.0,25.0,0.0,0.0,0.0,0.0,0.0,0.0,0.0,0.0,0.0,0.0,0.0,0.0,0.0,0.0,0.0,0.0,0.0,0.0,0.0,0.0,0.0,0.0,0.0,0.0,0.0,0.0,0.0,0.0,0.0,0.0,0.0,0.0,0.0,0.0,0.0,0.0,0.0,0.0,0.0,0.0,1.0,10.0,7.0,0.0,6.0,0.0,12.0,12.0,1.0,8.0,10.0,25.0,10.0,9.0,0.0,0.0,0.0,0.0,0.0,0.0,0.0,0.0,0.0,0.0,0.0,0.0,0.0,0.0,0.0,0.0,0.0,0.0,0.0,0.0,1.0,18.0,7.0,0.0,9.0,0.0,17.0,16.0,1.0,11.0,14.0,45.0,11.0,12.0
777,1.0,777.0,London_60,,151,453,1092.0,70.0,2.0,154473.0,0.7824162489268929,794.0,1.0,1.0,0.0,8.0,8.0,0.0,158.0,271.0,92.0,14.0,43.0,8.0,24.0,0.0,1.0,2.0,76.0,129.0,246.0,15.0,0.0,0.0,0.0,0.0,0.0,0.0,0.0,0.0,0.0,0.0,0.0,0.0,0.0,0.0,0.0,0.0,0.0,0.0,0.0,0.0,0.0,0.0,0.0,0.0,0.0,0.0,0.0,0.0,0.0,1.0,0.0,0.0,1.0,0.0,0.0,1.0,0.0,0.0,0.0,0.0,0.0,0.0,0.0,0.0,0.0,0.0,0.0,0.0,0.0,0.0,0.0,0.0,0.0,0.0,0.0,0.0,0.0,0.0,0.0,0.0,0.0,0.0,0.0,1.0,0.0,0.0,2.0,0.0,0.0,4.0,0.0,0.0,0.0,0.0,0.0,0.0,0.0,0.0,0.0,0.0,0.0,0.0,0.0,0.0,0.0,0.0,0.0,0.0
778,1.0,778.0,London_60,,151,453,1092.0,70.0,2.0,193884.0,0.8644427580293268,881.0,150.0,0.0,150.0,270.0,0.0,270.0,8.0,274.0,91.0,14.0,44.0,5.0,24.0,0.0,1.0,2.0,77.0,125.0,249.0,14.0,0.0,0.0,0.0,0.0,0.0,0.0,0.0,0.0,0.0,0.0,0.0,0.0,0.0,0.0,0.0,0.0,0.0,0.0,0.0,0.0,0.0,0.0,0.0,0.0,0.0,0.0,0.0,0.0,0.0,0.0,0.0,0.0,0.0,0.0,0.0,0.0,0.0,0.0,0.0,0.0,3.0,24.0,0.0,5.0,4.0,1.0,14.0,8.0,3.0,12.0,30.0,32.0,23.0,9.0,0.0,0.0,0.0,0.0,0.0,0.0,0.0,0.0,0.0,0.0,0.0,0.0,0.0,0.0,0.0,0.0,0.0,0.0,0.0,0.0,3.0,33.0,0.0,10.0,4.0,2.0,18.0,10.0,3.0,14.0,45.0,50.0,25.0,16.0
779,1.0,779.0,London_60,,151,453,1092.0,70.0,2.0,161721.0,1.5492200239095837,810.0,119.0,0.0,119.0,201.0,0.0,201.0,270.0,222.0,97.0,21.0,80.0,7.0,20.0,0.0,6.0,4.0,78.0,144.0,227.0,32.0,0.0,0.0,0.0,0.0,0.0,0.0,0.0,0.0,0.0,0.0,0.0,0.0,0.0,0.0,0.0,0.0,0.0,0.0,0.0,0.0,0.0,0.0,0.0,0.0,0.0,0.0,0.0,0.0,0.0,0.0,0.0,0.0,0.0,0.0,0.0,0.0,0.0,0.0,0.0,0.0,3.0,8.0,1.0,3.0,1.0,0.0,10.0,11.0,9.0,12.0,30.0,29.0,18.0,11.0,0.0,0.0,0.0,0.0,0.0,0.0,0.0,0.0,0.0,0.0,0.0,0.0,0.0,0.0,0.0,0.0,0.0,0.0,0.0,0.0,3.0,12.0,1.0,4.0,1.0,0.0,12.0,14.0,12.0,12.0,43.0,40.0,20.0,16.0
780,1.0,780.0,London_60,,151,453,1092.0,70.0,2.0,131370.0,1.1054091139230877,743.0,63.0,2.0,61.0,120.0,17.0,103.0,201.0,228.0,112.0,15.0,74.0,4.0,12.0,2.0,6.0,7.0,80.0,135.0,231.0,32.0,0.0,0.0,0.0,0.0,0.0,0.0,0.0,0.0,0.0,0.0,0.0,0.0,0.0,0.0,0.0,0.0,0.0,0.0,0.0,0.0,0.0,0.0,0.0,0.0,0.0,0.0,0.0,0.0,0.0,0.0,0.0,0.0,2.0,1.0,1.0,2.0,0.0,0.0,0.0,0.0,2.0,1.0,3.0,1.0,0.0,0.0,4.0,7.0,7.0,6.0,8.0,19.0,11.0,9.0,0.0,0.0,0.0,0.0,0.0,0.0,0.0,0.0,0.0,0.0,0.0,0.0,6.0,4.0,7.0,4.0,0.0,0.0,0.0,0.0,2.0,1.0,3.0,2.0,0.0,0.0,5.0,8.0,8.0,9.0,11.0,25.0,14.0,11.0
781,1.0,781.0,London_60,,151,453,1092.0,70.0,2.0,134541.0,0.9785720040090382,750.0,102.0,0.0,102.0,164.0,0.0,164.0,120.0,236.0,109.0,20.0,73.0,2.0,6.0,3.0,4.0,4.0,78.0,130.0,241.0,24.0,0.0,0.0,0.0,0.0,0.0,0.0,0.0,0.0,0.0,0.0,0.0,0.0,0.0,0.0,0.0,0.0,0.0,0.0,0.0,0.0,0.0,0.0,0.0,0.0,0.0,0.0,0.0,0.0,0.0,0.0,0.0,0.0,0.0,0.0,0.0,0.0,0.0,0.0,0.0,0.0,0.0,13.0,14.0,0.0,7.0,0.0,4.0,6.0,4.0,18.0,26.0,29.0,16.0,14.0,0.0,0.0,0.0,0.0,0.0,0.0,0.0,0.0,0.0,0.0,0.0,0.0,0.0,0.0,0.0,0.0,0.0,0.0,0.0,0.0,0.0,20.0,20.0,0.0,7.0,0.0,5.0,10.0,5.0,26.0,35.0,41.0,17.0,17.0
782,1.0,782.0,London_60,,151,453,1092.0,70.0,2.0,122310.0,0.6963866800069809,723.0,84.0,2.0,82.0,159.0,16.0,143.0,164.0,247.0,108.0,28.0,51.0,7.0,9.0,2.0,1.0,3.0,83.0,143.0,224.0,22.0,0.0,0.0,0.0,0.0,0.0,0.0,0.0,0.0,0.0,0.0,0.0,0.0,0.0,0.0,0.0,0.0,0.0,0.0,0.0,0.0,0.0,0.0,0.0,0.0,0.0,0.0,0.0,0.0,0.0,0.0,1.0,0.0,1.0,0.0,1.0,2.0,0.0,0.0,0.0,0.0,0.0,7.0,0.0,2.0,2.0,0.0,16.0,7.0,5.0,19.0,14.0,21.0,17.0,6.0,0.0,0.0,0.0,0.0,0.0,0.0,0.0,0.0,0.0,0.0,4.0,0.0,1.0,0.0,8.0,6.0,0.0,0.0,0.0,0.0,0.0,9.0,0.0,2.0,2.0,0.0,23.0,14.0,8.0,26.0,26.0,30.0,24.0,8.0
783,1.0,783.0,London_60,,151,453,1092.0,70.0,2.0,122310.0,2.04697248688899,723.0,67.0,2.0,65.0,137.0,19.0,118.0,159.0,245.0,110.0,32.0,42.0,3.0,19.0,0.0,2.0,5.0,78.0,145.0,225.0,14.0,0.0,0.0,0.0,0.0,0.0,0.0,0.0,0.0,0.0,0.0,0.0,0.0,0.0,0.0,0.0,0.0,0.0,0.0,0.0,0.0,0.0,0.0,0.0,0.0,0.0,0.0,0.0,0.0,0.0,0.0,0.0,0.0,0.0,0.0,1.0,1.0,0.0,0.0,0.0,0.0,3.0,3.0,0.0,1.0,4.0,1.0,7.0,4.0,3.0,12.0,7.0,18.0,12.0,12.0,0.0,0.0,0.0,0.0,0.0,0.0,0.0,0.0,0.0,0.0,0.0,0.0,0.0,0.0,9.0,3.0,0.0,0.0,0.0,0.0,5.0,5.0,0.0,2.0,4.0,1.0,13.0,4.0,3.0,18.0,10.0,30.0,15.0,17.0
784,1.0,784.0,London_60,,151,453,1092.0,70.0,2.0,132276.0,0.8936952820513397,745.0,76.0,2.0,74.0,151.0,16.0,135.0,137.0,251.0,114.0,16.0,39.0,7.0,23.0,1.0,2.0,4.0,85.0,129.0,235.0,20.0,0.0,0.0,0.0,0.0,0.0,0.0,0.0,0.0,0.0,0.0,0.0,0.0,0.0,0.0,0.0,0.0,0.0,0.0,0.0,0.0,0.0,0.0,0.0,0.0,0.0,0.0,0.0,0.0,0.0,1.0,0.0,0.0,0.0,1.0,1.0,1.0,0.0,0.0,0.0,0.0,1.0,3.0,4.0,1.0,9.0,0.0,8.0,5.0,5.0,11.0,17.0,16.0,18.0,5.0,0.0,0.0,0.0,0.0,0.0,0.0,0.0,0.0,0.0,5.0,0.0,0.0,0.0,6.0,9.0,2.0,0.0,0.0,0.0,0.0,1.0,5.0,5.0,1.0,10.0,0.0,10.0,7.0,8.0,13.0,32.0,22.0,21.0,8.0
785,1.0,785.0,London_60,,151,453,1092.0,70.0,2.0,145866.0,0.9715479118749499,775.0,12.0,0.0,12.0,23.0,0.0,23.0,151.0,261.0,113.0,11.0,48.0,1.0,15.0,0.0,4.0,6.0,70.0,138.0,239.0,21.0,0.0,0.0,0.0,0.0,0.0,0.0,0.0,0.0,0.0,0.0,0.0,0.0,0.0,0.0,0.0,0.0,0.0,0.0,0.0,0.0,0.0,0.0,0.0,0.0,0.0,0.0,0.0,0.0,0.0,0.0,0.0,0.0,0.0,0.0,0.0,0.0,0.0,0.0,0.0,0.0,0.0,0.0,0.0,0.0,0.0,0.0,3.0,0.0,0.0,0.0,3.0,2.0,1.0,0.0,0.0,0.0,0.0,0.0,0.0,0.0,0.0,0.0,0.0,0.0,0.0,0.0,0.0,0.0,0.0,0.0,0.0,0.0,0.0,0.0,0.0,0.0,0.0,0.0,0.0,0.0,4.0,0.0,0.0,0.0,7.0,3.0,3.0,0.0
786,1.0,786.0,London_60,,151,453,1092.0,70.0,2.0,188448.0,1.1908045469317585,869.0,76.0,2.0,74.0,153.0,18.0,135.0,23.0,262.0,116.0,9.0,48.0,1.0,12.0,1.0,4.0,6.0,74.0,141.0,232.0,23.0,0.0,0.0,0.0,0.0,0.0,0.0,0.0,0.0,0.0,0.0,0.0,0.0,0.0,0.0,0.0,0.0,0.0,0.0,0.0,0.0,0.0,0.0,0.0,0.0,0.0,0.0,0.0,0.0,0.0,0.0,0.0,0.0,0.0,0.0,0.0,1.0,0.0,0.0,0.0,0.0,2.0,5.0,1.0,2.0,0.0,0.0,10.0,8.0,6.0,7.0,12.0,18.0,15.0,4.0,0.0,0.0,0.0,0.0,0.0,0.0,0.0,0.0,0.0,0.0,0.0,0.0,0.0,0.0,0.0,2.0,0.0,0.0,0.0,0.0,2.0,7.0,1.0,2.0,0.0,0.0,13.0,10.0,8.0,9.0,19.0,27.0,22.0,4.0
787,1.0,787.0,London_60,,151,453,1092.0,70.0,2.0,207021.0,1.9782878260593861,910.0,68.0,0.0,68.0,123.0,0.0,123.0,153.0,251.0,112.0,10.0,51.0,4.0,19.0,3.0,3.0,8.0,78.0,142.0,225.0,22.0,0.0,0.0,0.0,0.0,0.0,0.0,0.0,0.0,0.0,0.0,0.0,0.0,0.0,0.0,0.0,0.0,0.0,0.0,0.0,0.0,0.0,0.0,0.0,0.0,0.0,0.0,0.0,0.0,0.0,0.0,0.0,0.0,0.0,0.0,0.0,0.0,0.0,0.0,0.0,0.0,1.0,9.0,0.0,1.0,3.0,0.0,7.0,5.0,9.0,6.0,13.0,16.0,17.0,5.0,0.0,0.0,0.0,0.0,0.0,0.0,0.0,0.0,0.0,0.0,0.0,0.0,0.0,0.0,0.0,0.0,0.0,0.0,0.0,0.0,1.0,14.0,0.0,1.0,3.0,0.0,10.0,7.0,13.0,9.0,20.0,24.0,20.0,7.0
788,1.0,788.0,London_60,,151,453,1092.0,70.0,2.0,220158.0,2.2724516629241407,939.0,136.0,0.0,136.0,226.0,0.0,226.0,123.0,254.0,115.0,15.0,48.0,3.0,15.0,1.0,2.0,3.0,77.0,142.0,231.0,24.0,0.0,0.0,0.0,0.0,0.0,0.0,0.0,0.0,0.0,0.0,0.0,0.0,0.0,0.0,0.0,0.0,0.0,0.0,0.0,0.0,0.0,0.0,0.0,0.0,0.0,0.0,0.0,0.0,0.0,0.0,0.0,0.0,0.0,0.0,0.0,0.0,0.0,0.0,0.0,0.0,1.0,18.0,8.0,1.0,8.0,1.0,3.0,9.0,6.0,15.0,24.0,32.0,20.0,9.0,0.0,0.0,0.0,0.0,0.0,0.0,0.0,0.0,0.0,0.0,0.0,0.0,0.0,0.0,0.0,0.0,0.0,0.0,0.0,0.0,1.0,25.0,12.0,1.0,10.0,1.0,3.0,13.0,9.0,18.0,33.0,50.0,23.0,11.0
789,1.0,789.0,London_60,,151,453,1092.0,70.0,2.0,204303.0,0.94135508290492,904.0,98.0,1.0,97.0,170.0,9.0,161.0,226.0,267.0,80.0,12.0,53.0,3.0,30.0,1.0,7.0,5.0,80.0,124.0,244.0,29.0,0.0,0.0,0.0,0.0,0.0,0.0,0.0,0.0,0.0,0.0,0.0,0.0,0.0,0.0,0.0,0.0,0.0,0.0,0.0,0.0,0.0,0.0,0.0,0.0,0.0,0.0,0.0,0.0,0.0,0.0,0.0,0.0,0.0,0.0,0.0,1.0,0.0,0.0,0.0,0.0,0.0,9.0,1.0,2.0,3.0,0.0,18.0,9.0,1.0,10.0,14.0,20.0,11.0,3.0,0.0,0.0,0.0,0.0,0.0,0.0,0.0,0.0,0.0,0.0,0.0,0.0,0.0,0.0,0.0,5.0,0.0,0.0,0.0,0.0,0.0,11.0,1.0,2.0,3.0,0.0,28.0,12.0,1.0,11.0,23.0,31.0,15.0,3.0
790,1.0,790.0,London_60,,151,453,1092.0,70.0,2.0,194337.0,0.7953529569786042,882.0,115.0,2.0,113.0,213.0,17.0,196.0,170.0,271.0,66.0,12.0,53.0,9.0,33.0,1.0,8.0,5.0,88.0,126.0,234.0,24.0,0.0,0.0,0.0,0.0,0.0,0.0,0.0,0.0,0.0,0.0,0.0,0.0,0.0,0.0,0.0,0.0,0.0,0.0,0.0,0.0,0.0,0.0,0.0,0.0,0.0,0.0,0.0,0.0,0.0,1.0,0.0,0.0,0.0,0.0,0.0,1.0,0.0,0.0,0.0,0.0,6.0,9.0,0.0,2.0,9.0,0.0,22.0,9.0,2.0,11.0,27.0,25.0,28.0,9.0,0.0,0.0,0.0,0.0,0.0,0.0,0.0,0.0,0.0,1.0,0.0,0.0,0.0,0.0,0.0,2.0,0.0,0.0,0.0,0.0,6.0,12.0,0.0,2.0,9.0,0.0,30.0,14.0,3.0,15.0,43.0,37.0,38.0,11.0
791,1.0,791.0,London_60,,151,453,1092.0,70.0,2.0,183012.0,1.76190787111409,857.0,181.0,1.0,180.0,313.0,10.0,303.0,213.0,266.0,82.0,13.0,62.0,7.0,18.0,2.0,3.0,5.0,85.0,129.0,234.0,26.0,0.0,0.0,0.0,0.0,0.0,0.0,0.0,0.0,0.0,0.0,0.0,0.0,0.0,0.0,0.0,0.0,0.0,0.0,0.0,0.0,0.0,0.0,0.0,0.0,0.0,0.0,0.0,0.0,0.0,0.0,0.0,0.0,0.0,0.0,0.0,1.0,0.0,0.0,0.0,0.0,4.0,12.0,2.0,5.0,0.0,0.0,15.0,14.0,1.0,8.0,37.0,32.0,20.0,19.0,0.0,0.0,0.0,0.0,0.0,0.0,0.0,0.0,0.0,0.0,0.0,0.0,0.0,0.0,0.0,1.0,0.0,0.0,0.0,0.0,4.0,18.0,2.0,5.0,0.0,0.0,18.0,21.0,1.0,9.0,60.0,45.0,25.0,26.0
792,1.0,792.0,London_60,,151,453,1092.0,70.0,2.0,134541.0,0.4963371539488435,750.0,66.0,0.0,66.0,114.0,0.0,114.0,313.0,183.0,106.0,22.0,109.0,6.0,19.0,2.0,6.0,8.0,86.0,132.0,227.0,42.0,0.0,0.0,0.0,0.0,0.0,0.0,0.0,0.0,0.0,0.0,0.0,0.0,0.0,0.0,0.0,0.0,0.0,0.0,0.0,0.0,0.0,0.0,0.0,0.0,0.0,0.0,0.0,0.0,0.0,0.0,0.0,0.0,0.0,0.0,0.0,0.0,0.0,0.0,0.0,0.0,0.0,0.0,0.0,0.0,0.0,0.0,6.0,1.0,1.0,3.0,16.0,17.0,8.0,5.0,0.0,0.0,0.0,0.0,0.0,0.0,0.0,0.0,0.0,0.0,0.0,0.0,0.0,0.0,0.0,0.0,0.0,0.0,0.0,0.0,0.0,0.0,0.0,0.0,0.0,0.0,10.0,1.0,1.0,5.0,27.0,26.0,13.0,5.0
793,1.0,793.0,London_60,,151,453,1092.0,70.0,2.0,138165.0,0.68795853597112,758.0,148.0,2.0,146.0,261.0,17.0,244.0,114.0,182.0,112.0,18.0,110.0,9.0,17.0,0.0,5.0,13.0,77.0,132.0,231.0,42.0,0.0,0.0,0.0,0.0,0.0,0.0,0.0,0.0,0.0,0.0,0.0,0.0,0.0,0.0,0.0,0.0,0.0,0.0,0.0,0.0,0.0,0.0,0.0,0.0,0.0,0.0,0.0,0.0,0.0,0.0,0.0,0.0,1.0,0.0,1.0,1.0,0.0,0.0,0.0,0.0,3.0,15.0,5.0,4.0,2.0,0.0,8.0,11.0,7.0,6.0,30.0,30.0,20.0,12.0,0.0,0.0,0.0,0.0,0.0,0.0,0.0,0.0,0.0,0.0,0.0,0.0,3.0,0.0,5.0,5.0,0.0,0.0,0.0,0.0,3.0,20.0,6.0,4.0,2.0,0.0,14.0,17.0,10.0,7.0,49.0,46.0,24.0,18.0
794,1.0,794.0,London_60,,151,453,1092.0,70.0,2.0,101019.0,0.41283061588183045,676.0,47.0,2.0,45.0,93.0,18.0,75.0,261.0,186.0,95.0,22.0,105.0,8.0,24.0,5.0,8.0,8.0,86.0,133.0,226.0,29.0,0.0,0.0,0.0,0.0,0.0,0.0,0.0,0.0,0.0,0.0,0.0,0.0,0.0,0.0,0.0,0.0,0.0,0.0,0.0,0.0,0.0,0.0,0.0,0.0,0.0,0.0,0.0,0.0,0.0,0.0,0.0,0.0,1.0,1.0,0.0,1.0,1.0,0.0,0.0,0.0,2.0,0.0,0.0,1.0,0.0,0.0,2.0,4.0,0.0,4.0,7.0,15.0,6.0,4.0,0.0,0.0,0.0,0.0,0.0,0.0,0.0,0.0,0.0,0.0,0.0,0.0,3.0,9.0,0.0,5.0,8.0,0.0,0.0,0.0,3.0,0.0,0.0,1.0,0.0,0.0,2.0,6.0,0.0,6.0,8.0,21.0,9.0,6.0
795,1.0,795.0,London_60,,151,453,1092.0,70.0,2.0,115515.0,0.42408377304673195,708.0,2.0,1.0,1.0,11.0,9.0,2.0,93.0,193.0,109.0,25.0,87.0,9.0,17.0,6.0,7.0,5.0,82.0,119.0,247.0,22.0,0.0,0.0,0.0,0.0,0.0,0.0,0.0,0.0,0.0,0.0,0.0,0.0,0.0,0.0,0.0,0.0,0.0,0.0,0.0,0.0,0.0,0.0,0.0,0.0,0.0,0.0,0.0,0.0,0.0,1.0,0.0,0.0,0.0,0.0,0.0,0.0,0.0,0.0,0.0,0.0,0.0,0.0,0.0,0.0,0.0,0.0,0.0,0.0,0.0,0.0,0.0,1.0,0.0,1.0,0.0,0.0,0.0,0.0,0.0,0.0,0.0,0.0,0.0,5.0,0.0,0.0,0.0,0.0,0.0,0.0,0.0,0.0,0.0,0.0,0.0,0.0,0.0,0.0,0.0,0.0,0.0,0.0,0.0,0.0,0.0,1.0,0.0,2.0
796,1.0,796.0,London_60,,151,453,1092.0,70.0,2.0,152661.0,1.285210337024182,790.0,94.0,1.0,93.0,177.0,8.0,169.0,11.0,195.0,111.0,25.0,89.0,8.0,12.0,6.0,7.0,5.0,80.0,119.0,249.0,22.0,0.0,0.0,0.0,0.0,0.0,0.0,0.0,0.0,0.0,0.0,0.0,0.0,0.0,0.0,0.0,0.0,0.0,0.0,0.0,0.0,0.0,0.0,0.0,0.0,0.0,0.0,0.0,0.0,0.0,1.0,0.0,0.0,0.0,0.0,0.0,1.0,0.0,0.0,0.0,0.0,0.0,1.0,0.0,1.0,0.0,1.0,13.0,4.0,0.0,12.0,22.0,16.0,18.0,7.0,0.0,0.0,0.0,0.0,0.0,0.0,0.0,0.0,0.0,1.0,0.0,0.0,0.0,0.0,0.0,5.0,0.0,0.0,0.0,0.0,0.0,1.0,0.0,1.0,0.0,1.0,23.0,5.0,0.0,16.0,29.0,24.0,21.0,15.0
797,1.0,797.0,London_60,,151,453,1092.0,70.0,2.0,148131.0,0.8262517710682005,780.0,59.0,0.0,59.0,92.0,0.0,92.0,177.0,196.0,104.0,22.0,92.0,9.0,19.0,5.0,6.0,6.0,76.0,128.0,243.0,34.0,0.0,0.0,0.0,0.0,0.0,0.0,0.0,0.0,0.0,0.0,0.0,0.0,0.0,0.0,0.0,0.0,0.0,0.0,0.0,0.0,0.0,0.0,0.0,0.0,0.0,0.0,0.0,0.0,0.0,0.0,0.0,0.0,0.0,0.0,0.0,0.0,0.0,0.0,0.0,0.0,1.0,6.0,0.0,0.0,0.0,0.0,8.0,4.0,2.0,6.0,9.0,9.0,6.0,3.0,0.0,0.0,0.0,0.0,0.0,0.0,0.0,0.0,0.0,0.0,0.0,0.0,0.0,0.0,0.0,0.0,0.0,0.0,0.0,0.0,1.0,6.0,0.0,0.0,0.0,0.0,9.0,5.0,2.0,9.0,9.0,15.0,8.0,4.0
798,1.0,798.0,London_60,,151,453,1092.0,70.0,2.0,167157.0,0.7520986488088965,822.0,108.0,0.0,108.0,183.0,0.0,183.0,92.0,199.0,97.0,23.0,90.0,9.0,21.0,6.0,8.0,6.0,67.0,135.0,245.0,37.0,0.0,0.0,0.0,0.0,0.0,0.0,0.0,0.0,0.0,0.0,0.0,0.0,0.0,0.0,0.0,0.0,0.0,0.0,0.0,0.0,0.0,0.0,0.0,0.0,0.0,0.0,0.0,0.0,0.0,0.0,0.0,0.0,0.0,0.0,0.0,0.0,0.0,0.0,0.0,0.0,2.0,3.0,5.0,0.0,0.0,0.0,11.0,6.0,2.0,16.0,13.0,21.0,16.0,4.0,0.0,0.0,0.0,0.0,0.0,0.0,0.0,0.0,0.0,0.0,0.0,0.0,0.0,0.0,0.0,0.0,0.0,0.0,0.0,0.0,2.0,7.0,5.0,0.0,0.0,0.0,13.0,7.0,2.0,22.0,21.0,29.0,22.0,6.0
799,1.0,799.0,London_60,,151,453,1092.0,70.0,2.0,159909.0,0.6007509420160204,806.0,63.0,1.0,62.0,114.0,7.0,107.0,183.0,219.0,91.0,30.0,66.0,8.0,23.0,6.0,10.0,6.0,73.0,136.0,238.0,23.0,0.0,0.0,0.0,0.0,0.0,0.0,0.0,0.0,0.0,0.0,0.0,0.0,0.0,0.0,0.0,0.0,0.0,0.0,0.0,0.0,0.0,0.0,0.0,0.0,0.0,0.0,0.0,0.0,0.0,0.0,0.0,0.0,0.0,0.0,1.0,1.0,0.0,0.0,0.0,0.0,1.0,0.0,2.0,0.0,1.0,0.0,8.0,5.0,0.0,13.0,15.0,8.0,17.0,5.0,0.0,0.0,0.0,0.0,0.0,0.0,0.0,0.0,0.0,0.0,0.0,0.0,0.0,0.0,5.0,1.0,0.0,0.0,0.0,0.0,1.0,0.0,3.0,0.0,1.0,0.0,13.0,8.0,0.0,20.0,24.0,9.0,22.0,7.0
800,1.0,800.0,London_60,,151,453,1092.0,70.0,2.0,177123.0,0.8587404161226004,844.0,126.0,1.0,125.0,217.0,9.0,208.0,114.0,211.0,104.0,33.0,60.0,8.0,24.0,4.0,9.0,4.0,69.0,140.0,240.0,29.0,0.0,0.0,0.0,0.0,0.0,0.0,0.0,0.0,0.0,0.0,0.0,0.0,0.0,0.0,0.0,0.0,0.0,0.0,0.0,0.0,0.0,0.0,0.0,0.0,0.0,0.0,0.0,0.0,0.0,0.0,0.0,0.0,0.0,0.0,0.0,0.0,0.0,0.0,0.0,0.0,4.0,7.0,0.0,1.0,11.0,0.0,18.0,7.0,4.0,10.0,26.0,35.0,29.0,6.0,0.0,0.0,0.0,0.0,0.0,0.0,0.0,0.0,0.0,0.0,0.0,0.0,0.0,0.0,0.0,0.0,0.0,0.0,0.0,0.0,4.0,9.0,0.0,2.0,13.0,0.0,23.0,10.0,4.0,13.0,31.0,50.0,33.0,9.0
801,1.0,801.0,London_60,,151,453,1092.0,70.0,2.0,167157.0,2.2020129980519414,822.0,66.0,2.0,64.0,123.0,19.0,104.0,217.0,221.0,92.0,13.0,66.0,11.0,37.0,4.0,9.0,8.0,76.0,157.0,212.0,33.0,0.0,0.0,0.0,0.0,0.0,0.0,0.0,0.0,0.0,0.0,0.0,0.0,0.0,0.0,0.0,0.0,0.0,0.0,0.0,0.0,0.0,0.0,0.0,0.0,0.0,0.0,0.0,0.0,0.0,0.0,0.0,0.0,0.0,0.0,1.0,0.0,0.0,0.0,0.0,0.0,0.0,0.0,0.0,2.0,0.0,0.0,2.0,3.0,1.0,6.0,15.0,12.0,11.0,6.0,0.0,0.0,0.0,0.0,0.0,0.0,0.0,0.0,0.0,0.0,0.0,0.0,0.0,0.0,7.0,0.0,0.0,0.0,0.0,0.0,0.0,0.0,0.0,3.0,0.0,0.0,2.0,4.0,2.0,8.0,22.0,16.0,15.0,9.0
802,1.0,802.0,London_60,,151,453,1092.0,70.0,2.0,170781.0,1.4386069639585912,830.0,73.0,2.0,71.0,140.0,20.0,120.0,123.0,227.0,95.0,8.0,57.0,17.0,37.0,8.0,4.0,7.0,68.0,143.0,235.0,31.0,0.0,0.0,0.0,0.0,0.0,0.0,0.0,0.0,0.0,0.0,0.0,0.0,0.0,0.0,0.0,0.0,0.0,0.0,0.0,0.0,0.0,0.0,0.0,0.0,0.0,0.0,0.0,0.0,0.0,1.0,0.0,0.0,0.0,0.0,0.0,0.0,0.0,0.0,0.0,0.0,3.0,3.0,3.0,2.0,0.0,0.0,12.0,5.0,7.0,5.0,14.0,18.0,18.0,4.0,0.0,0.0,0.0,0.0,0.0,0.0,0.0,0.0,0.0,3.0,0.0,0.0,0.0,0.0,0.0,0.0,0.0,0.0,0.0,0.0,3.0,4.0,5.0,3.0,0.0,0.0,18.0,7.0,8.0,6.0,18.0,23.0,24.0,6.0
803,1.0,803.0,London_60,,151,453,1092.0,70.0,2.0,185277.0,0.9312462229281664,862.0,116.0,1.0,115.0,208.0,8.0,200.0,140.0,219.0,103.0,14.0,59.0,17.0,30.0,8.0,3.0,10.0,75.0,137.0,231.0,38.0,0.0,0.0,0.0,0.0,0.0,0.0,0.0,0.0,0.0,0.0,0.0,0.0,0.0,0.0,0.0,0.0,0.0,0.0,0.0,0.0,0.0,0.0,0.0,0.0,0.0,0.0,0.0,0.0,0.0,0.0,0.0,0.0,0.0,1.0,0.0,1.0,0.0,0.0,0.0,0.0,6.0,6.0,0.0,0.0,8.0,0.0,1.0,12.0,7.0,16.0,22.0,28.0,19.0,5.0,0.0,0.0,0.0,0.0,0.0,0.0,0.0,0.0,0.0,0.0,0.0,0.0,0.0,8.0,0.0,2.0,0.0,0.0,0.0,0.0,6.0,9.0,0.0,0.0,9.0,0.0,1.0,14.0,11.0,24.0,36.0,45.0,20.0,7.0
804,1.0,804.0,London_60,,151,453,1092.0,70.0,2.0,168969.0,0.9932300599757582,826.0,45.0,0.0,45.0,77.0,0.0,77.0,208.0,220.0,85.0,10.0,71.0,24.0,36.0,4.0,3.0,4.0,61.0,136.0,252.0,38.0,0.0,0.0,0.0,0.0,0.0,0.0,0.0,0.0,0.0,0.0,0.0,0.0,0.0,0.0,0.0,0.0,0.0,0.0,0.0,0.0,0.0,0.0,0.0,0.0,0.0,0.0,0.0,0.0,0.0,0.0,0.0,0.0,0.0,0.0,0.0,0.0,0.0,0.0,0.0,0.0,1.0,0.0,0.0,1.0,2.0,0.0,1.0,3.0,0.0,4.0,11.0,7.0,6.0,4.0,0.0,0.0,0.0,0.0,0.0,0.0,0.0,0.0,0.0,0.0,0.0,0.0,0.0,0.0,0.0,0.0,0.0,0.0,0.0,0.0,1.0,0.0,0.0,1.0,2.0,0.0,1.0,3.0,0.0,5.0,14.0,9.0,10.0,5.0
805,1.0,805.0,London_60,,151,453,1092.0,70.0,2.0,187542.0,0.8518341470044106,867.0,185.0,2.0,183.0,332.0,19.0,313.0,77.0,234.0,94.0,5.0,54.0,24.0,36.0,2.0,4.0,4.0,69.0,140.0,240.0,30.0,0.0,0.0,0.0,0.0,0.0,0.0,0.0,0.0,0.0,0.0,0.0,0.0,0.0,0.0,0.0,0.0,0.0,0.0,0.0,0.0,0.0,0.0,0.0,0.0,0.0,0.0,0.0,0.0,0.0,0.0,0.0,0.0,0.0,0.0,1.0,2.0,0.0,0.0,0.0,0.0,2.0,22.0,3.0,2.0,6.0,0.0,13.0,12.0,3.0,24.0,42.0,38.0,29.0,6.0,0.0,0.0,0.0,0.0,0.0,0.0,0.0,0.0,0.0,0.0,0.0,0.0,0.0,0.0,7.0,12.0,0.0,0.0,0.0,0.0,2.0,34.0,3.0,3.0,7.0,0.0,15.0,19.0,3.0,34.0,65.0,58.0,36.0,11.0
806,1.0,806.0,London_60,,151,453,1092.0,70.0,2.0,130464.0,1.0152081372216344,741.0,72.0,0.0,72.0,116.0,0.0,116.0,332.0,134.0,124.0,24.0,89.0,30.0,42.0,3.0,7.0,5.0,61.0,128.0,259.0,36.0,0.0,0.0,0.0,0.0,0.0,0.0,0.0,0.0,0.0,0.0,0.0,0.0,0.0,0.0,0.0,0.0,0.0,0.0,0.0,0.0,0.0,0.0,0.0,0.0,0.0,0.0,0.0,0.0,0.0,0.0,0.0,0.0,0.0,0.0,0.0,0.0,0.0,0.0,0.0,0.0,1.0,1.0,0.0,1.0,0.0,0.0,4.0,4.0,0.0,3.0,9.0,22.0,8.0,8.0,0.0,0.0,0.0,0.0,0.0,0.0,0.0,0.0,0.0,0.0,0.0,0.0,0.0,0.0,0.0,0.0,0.0,0.0,0.0,0.0,2.0,1.0,0.0,2.0,0.0,0.0,4.0,5.0,0.0,7.0,15.0,30.0,12.0,9.0
807,1.0,807.0,London_60,,151,453,1092.0,70.0,2.0,130464.0,0.8706996610853821,741.0,132.0,2.0,130.0,247.0,18.0,229.0,116.0,148.0,118.0,25.0,72.0,33.0,42.0,3.0,12.0,5.0,72.0,117.0,259.0,37.0,0.0,0.0,0.0,0.0,0.0,0.0,0.0,0.0,0.0,0.0,0.0,0.0,0.0,0.0,0.0,0.0,0.0,0.0,0.0,0.0,0.0,0.0,0.0,0.0,0.0,0.0,0.0,0.0,0.0,0.0,0.0,0.0,0.0,0.0,0.0,0.0,0.0,0.0,0.0,0.0,1.0,11.0,1.0,2.0,0.0,0.0,19.0,4.0,4.0,13.0,23.0,33.0,26.0,6.0,0.0,0.0,0.0,0.0,0.0,0.0,0.0,0.0,0.0,0.0,0.0,0.0,0.0,0.0,0.0,0.0,0.0,0.0,0.0,0.0,1.0,15.0,1.0,3.0,0.0,0.0,26.0,7.0,5.0,16.0,30.0,50.0,32.0,12.0
808,1.0,808.0,London_60,,151,453,1092.0,70.0,2.0,95583.0,0.7194519750773907,664.0,25.0,0.0,25.0,44.0,0.0,44.0,247.0,171.0,98.0,11.0,69.0,30.0,57.0,3.0,14.0,6.0,85.0,123.0,239.0,40.0,0.0,0.0,0.0,0.0,0.0,0.0,0.0,0.0,0.0,0.0,0.0,0.0,0.0,0.0,0.0,0.0,0.0,0.0,0.0,0.0,0.0,0.0,0.0,0.0,0.0,0.0,0.0,0.0,0.0,0.0,0.0,0.0,0.0,0.0,0.0,0.0,0.0,0.0,0.0,0.0,1.0,1.0,1.0,0.0,1.0,0.0,3.0,0.0,1.0,3.0,5.0,7.0,4.0,1.0,0.0,0.0,0.0,0.0,0.0,0.0,0.0,0.0,0.0,0.0,0.0,0.0,0.0,0.0,0.0,0.0,0.0,0.0,0.0,0.0,2.0,2.0,1.0,0.0,1.0,0.0,4.0,0.0,1.0,3.0,6.0,11.0,5.0,2.0
809,1.0,809.0,London_60,,151,453,1092.0,70.0,2.0,109173.0,0.6403175690211356,694.0,49.0,0.0,49.0,81.0,0.0,81.0,44.0,183.0,91.0,15.0,65.0,28.0,58.0,3.0,10.0,7.0,91.0,125.0,230.0,42.0,0.0,0.0,0.0,0.0,0.0,0.0,0.0,0.0,0.0,0.0,0.0,0.0,0.0,0.0,0.0,0.0,0.0,0.0,0.0,0.0,0.0,0.0,0.0,0.0,0.0,0.0,0.0,0.0,0.0,0.0,0.0,0.0,0.0,0.0,0.0,0.0,0.0,0.0,0.0,0.0,0.0,2.0,0.0,0.0,0.0,0.0,4.0,3.0,0.0,2.0,12.0,11.0,3.0,2.0,0.0,0.0,0.0,0.0,0.0,0.0,0.0,0.0,0.0,0.0,0.0,0.0,0.0,0.0,0.0,0.0,0.0,0.0,0.0,0.0,0.0,3.0,0.0,0.0,0.0,0.0,5.0,4.0,0.0,4.0,18.0,15.0,5.0,3.0
810,1.0,810.0,London_60,,151,453,1092.0,70.0,2.0,116874.0,0.7921606998424977,711.0,50.0,0.0,50.0,74.0,0.0,74.0,81.0,186.0,89.0,17.0,67.0,28.0,55.0,3.0,8.0,7.0,92.0,130.0,224.0,35.0,0.0,0.0,0.0,0.0,0.0,0.0,0.0,0.0,0.0,0.0,0.0,0.0,0.0,0.0,0.0,0.0,0.0,0.0,0.0,0.0,0.0,0.0,0.0,0.0,0.0,0.0,0.0,0.0,0.0,0.0,0.0,0.0,0.0,0.0,0.0,0.0,0.0,0.0,0.0,0.0,1.0,0.0,0.0,0.0,0.0,0.0,7.0,3.0,1.0,7.0,11.0,12.0,11.0,8.0,0.0,0.0,0.0,0.0,0.0,0.0,0.0,0.0,0.0,0.0,0.0,0.0,0.0,0.0,0.0,0.0,0.0,0.0,0.0,0.0,1.0,0.0,0.0,0.0,0.0,0.0,8.0,3.0,1.0,7.0,14.0,14.0,12.0,8.0
811,1.0,811.0,London_60,,151,453,1092.0,70.0,2.0,136353.0,0.6812460960354656,754.0,84.0,2.0,82.0,164.0,22.0,142.0,74.0,189.0,88.0,20.0,65.0,28.0,53.0,3.0,7.0,10.0,91.0,136.0,216.0,45.0,0.0,0.0,0.0,0.0,0.0,0.0,0.0,0.0,0.0,1.0,0.0,1.0,0.0,0.0,0.0,0.0,0.0,0.0,1.0,0.0,0.0,0.0,0.0,0.0,0.0,0.0,0.0,0.0,0.0,1.0,0.0,0.0,1.0,0.0,1.0,0.0,0.0,0.0,0.0,0.0,2.0,3.0,0.0,0.0,0.0,0.0,8.0,6.0,3.0,2.0,21.0,20.0,13.0,6.0,0.0,0.0,0.0,0.0,0.0,0.0,0.0,0.0,0.0,3.0,0.0,0.0,5.0,0.0,4.0,0.0,0.0,0.0,0.0,0.0,2.0,5.0,0.0,0.0,0.0,0.0,11.0,10.0,4.0,2.0,30.0,27.0,18.0,11.0
812,1.0,812.0,London_60,,151,453,1092.0,70.0,2.0,134088.0,0.5906408349983394,749.0,95.0,2.0,93.0,182.0,18.0,164.0,159.0,202.0,80.0,21.0,56.0,31.0,54.0,3.0,6.0,6.0,88.0,139.0,220.0,34.0,0.0,0.0,0.0,0.0,0.0,0.0,0.0,0.0,0.0,0.0,0.0,0.0,0.0,0.0,0.0,0.0,0.0,0.0,0.0,0.0,0.0,0.0,0.0,0.0,0.0,0.0,0.0,0.0,0.0,2.0,0.0,0.0,2.0,0.0,2.0,0.0,1.0,0.0,0.0,0.0,1.0,8.0,0.0,3.0,0.0,0.0,8.0,12.0,2.0,14.0,24.0,19.0,17.0,6.0,0.0,0.0,0.0,0.0,0.0,0.0,0.0,0.0,0.0,6.0,0.0,0.0,8.0,0.0,17.0,0.0,10.0,0.0,0.0,0.0,1.0,10.0,0.0,4.0,0.0,0.0,13.0,19.0,3.0,20.0,37.0,31.0,26.0,11.0
813,1.0,813.0,London_60,,151,453,1092.0,70.0,2.0,125934.0,0.44586699292995036,731.0,30.0,2.0,28.0,64.0,17.0,47.0,182.0,215.0,92.0,16.0,48.0,21.0,55.0,1.0,5.0,4.0,93.0,138.0,218.0,21.0,0.0,0.0,0.0,0.0,0.0,0.0,0.0,0.0,0.0,0.0,0.0,0.0,0.0,0.0,0.0,0.0,0.0,0.0,0.0,0.0,0.0,0.0,0.0,0.0,0.0,0.0,0.0,0.0,0.0,1.0,0.0,0.0,1.0,0.0,0.0,2.0,0.0,0.0,0.0,0.0,1.0,0.0,0.0,1.0,0.0,0.0,2.0,0.0,1.0,0.0,8.0,6.0,6.0,4.0,0.0,0.0,0.0,0.0,0.0,0.0,0.0,0.0,0.0,3.0,0.0,0.0,4.0,0.0,0.0,4.0,0.0,0.0,0.0,0.0,1.0,0.0,0.0,2.0,0.0,0.0,3.0,0.0,2.0,0.0,13.0,6.0,9.0,7.0
814,1.0,814.0,London_60,,151,453,1092.0,70.0,2.0,149490.0,0.5967395438347012,783.0,45.0,1.0,44.0,92.0,12.0,80.0,64.0,217.0,94.0,16.0,52.0,19.0,48.0,1.0,6.0,6.0,86.0,126.0,235.0,26.0,0.0,0.0,0.0,0.0,0.0,0.0,0.0,0.0,0.0,0.0,0.0,0.0,0.0,0.0,0.0,0.0,0.0,0.0,0.0,0.0,0.0,0.0,0.0,0.0,0.0,0.0,0.0,0.0,0.0,0.0,1.0,0.0,1.0,0.0,0.0,1.0,0.0,0.0,0.0,0.0,0.0,0.0,1.0,0.0,0.0,0.0,2.0,2.0,4.0,2.0,11.0,12.0,1.0,2.0,0.0,0.0,0.0,0.0,0.0,0.0,0.0,0.0,0.0,0.0,2.0,0.0,6.0,0.0,0.0,5.0,0.0,0.0,0.0,0.0,0.0,0.0,1.0,0.0,0.0,0.0,3.0,3.0,6.0,2.0,18.0,18.0,1.0,3.0
815,1.0,815.0,London_60,,151,453,1092.0,70.0,2.0,173952.0,1.2656481710728258,837.0,73.0,0.0,73.0,120.0,0.0,120.0,92.0,222.0,94.0,16.0,48.0,18.0,50.0,0.0,5.0,6.0,80.0,132.0,235.0,29.0,0.0,0.0,0.0,0.0,0.0,0.0,0.0,0.0,0.0,0.0,0.0,0.0,0.0,0.0,0.0,0.0,0.0,0.0,0.0,0.0,0.0,0.0,0.0,0.0,0.0,0.0,0.0,0.0,0.0,0.0,0.0,0.0,0.0,0.0,0.0,0.0,0.0,0.0,0.0,0.0,4.0,3.0,2.0,1.0,0.0,0.0,11.0,4.0,13.0,7.0,9.0,14.0,11.0,4.0,0.0,0.0,0.0,0.0,0.0,0.0,0.0,0.0,0.0,0.0,0.0,0.0,0.0,0.0,0.0,0.0,0.0,0.0,0.0,0.0,5.0,3.0,2.0,1.0,0.0,0.0,12.0,7.0,16.0,8.0,14.0,17.0,17.0,4.0
816,1.0,816.0,London_60,,151,453,1092.0,70.0,2.0,190713.0,0.7306175290141255,874.0,75.0,0.0,75.0,127.0,0.0,127.0,120.0,230.0,83.0,13.0,55.0,14.0,55.0,1.0,2.0,7.0,81.0,132.0,233.0,31.0,0.0,0.0,0.0,0.0,0.0,0.0,0.0,0.0,0.0,0.0,0.0,0.0,0.0,0.0,0.0,0.0,0.0,0.0,0.0,0.0,0.0,0.0,0.0,0.0,0.0,0.0,0.0,0.0,0.0,0.0,0.0,0.0,0.0,0.0,0.0,0.0,0.0,0.0,0.0,0.0,2.0,9.0,7.0,1.0,2.0,0.0,9.0,4.0,7.0,6.0,16.0,20.0,25.0,6.0,0.0,0.0,0.0,0.0,0.0,0.0,0.0,0.0,0.0,0.0,0.0,0.0,0.0,0.0,0.0,0.0,0.0,0.0,0.0,0.0,3.0,13.0,8.0,2.0,3.0,0.0,13.0,8.0,9.0,6.0,27.0,27.0,31.0,9.0
817,1.0,817.0,London_60,,151,453,1092.0,70.0,2.0,200679.0,1.2402298420201987,896.0,150.0,0.0,150.0,263.0,0.0,263.0,127.0,232.0,87.0,13.0,49.0,14.0,57.0,0.0,1.0,9.0,79.0,129.0,236.0,29.0,0.0,0.0,0.0,0.0,0.0,0.0,0.0,0.0,0.0,0.0,0.0,0.0,0.0,0.0,0.0,0.0,0.0,0.0,0.0,0.0,0.0,0.0,0.0,0.0,0.0,0.0,0.0,0.0,0.0,0.0,0.0,0.0,0.0,0.0,0.0,0.0,0.0,0.0,0.0,0.0,0.0,14.0,4.0,5.0,16.0,0.0,19.0,9.0,4.0,12.0,27.0,39.0,21.0,14.0,0.0,0.0,0.0,0.0,0.0,0.0,0.0,0.0,0.0,0.0,0.0,0.0,0.0,0.0,0.0,0.0,0.0,0.0,0.0,0.0,0.0,24.0,8.0,6.0,17.0,0.0,25.0,11.0,5.0,14.0,41.0,53.0,28.0,23.0
818,1.0,818.0,London_60,,151,453,1092.0,70.0,2.0,180747.0,0.8605281789787114,852.0,114.0,2.0,112.0,217.0,18.0,199.0,263.0,202.0,92.0,11.0,79.0,8.0,50.0,3.0,8.0,4.0,86.0,144.0,219.0,37.0,0.0,0.0,0.0,0.0,0.0,0.0,0.0,0.0,0.0,0.0,0.0,0.0,0.0,0.0,0.0,0.0,0.0,0.0,0.0,0.0,0.0,0.0,0.0,0.0,0.0,0.0,0.0,0.0,0.0,0.0,0.0,0.0,0.0,0.0,0.0,1.0,0.0,0.0,0.0,0.0,2.0,11.0,10.0,2.0,2.0,0.0,28.0,4.0,5.0,11.0,24.0,27.0,19.0,9.0,0.0,0.0,0.0,0.0,0.0,0.0,0.0,0.0,0.0,0.0,0.0,0.0,0.0,0.0,0.0,3.0,0.0,0.0,0.0,0.0,2.0,17.0,11.0,3.0,3.0,0.0,42.0,6.0,9.0,14.0,39.0,44.0,21.0,15.0
819,1.0,819.0,London_60,,151,453,1092.0,70.0,2.0,168063.0,1.1140643651597202,824.0,89.0,1.0,88.0,160.0,8.0,152.0,217.0,212.0,75.0,13.0,81.0,13.0,51.0,3.0,5.0,5.0,88.0,141.0,219.0,34.0,0.0,0.0,0.0,0.0,0.0,0.0,0.0,0.0,0.0,0.0,0.0,0.0,0.0,0.0,0.0,0.0,0.0,0.0,0.0,0.0,0.0,0.0,0.0,0.0,0.0,0.0,0.0,0.0,0.0,0.0,0.0,0.0,1.0,0.0,0.0,1.0,0.0,0.0,0.0,0.0,0.0,1.0,0.0,2.0,1.0,0.0,6.0,9.0,2.0,18.0,16.0,15.0,8.0,6.0,0.0,0.0,0.0,0.0,0.0,0.0,0.0,0.0,0.0,0.0,0.0,0.0,3.0,0.0,0.0,4.0,0.0,0.0,0.0,0.0,0.0,1.0,0.0,3.0,1.0,0.0,8.0,15.0,4.0,22.0,29.0,21.0,13.0,8.0
820,1.0,820.0,London_60,,151,453,1092.0,70.0,2.0,164892.0,0.7304342701099813,817.0,51.0,0.0,51.0,99.0,0.0,99.0,160.0,221.0,75.0,11.0,81.0,12.0,41.0,6.0,6.0,2.0,88.0,133.0,230.0,26.0,0.0,0.0,0.0,0.0,0.0,0.0,0.0,0.0,0.0,0.0,0.0,0.0,0.0,0.0,0.0,0.0,0.0,0.0,0.0,0.0,0.0,0.0,0.0,0.0,0.0,0.0,0.0,0.0,0.0,0.0,0.0,0.0,0.0,0.0,0.0,0.0,0.0,0.0,0.0,0.0,2.0,0.0,0.0,0.0,1.0,0.0,6.0,7.0,2.0,6.0,17.0,17.0,13.0,6.0,0.0,0.0,0.0,0.0,0.0,0.0,0.0,0.0,0.0,0.0,0.0,0.0,0.0,0.0,0.0,0.0,0.0,0.0,0.0,0.0,2.0,0.0,0.0,0.0,1.0,0.0,7.0,10.0,2.0,9.0,28.0,24.0,16.0,13.0
821,1.0,821.0,London_60,,151,453,1092.0,70.0,2.0,174858.0,0.6266950869467109,839.0,156.0,0.0,156.0,262.0,0.0,262.0,99.0,234.0,92.0,4.0,64.0,13.0,40.0,5.0,1.0,1.0,96.0,132.0,224.0,19.0,0.0,0.0,0.0,0.0,0.0,0.0,0.0,0.0,0.0,0.0,0.0,0.0,0.0,0.0,0.0,0.0,0.0,0.0,0.0,0.0,0.0,0.0,0.0,0.0,0.0,0.0,0.0,0.0,0.0,0.0,0.0,0.0,0.0,0.0,0.0,0.0,0.0,0.0,0.0,0.0,4.0,22.0,9.0,1.0,7.0,0.0,11.0,1.0,8.0,5.0,34.0,37.0,21.0,10.0,0.0,0.0,0.0,0.0,0.0,0.0,0.0,0.0,0.0,0.0,0.0,0.0,0.0,0.0,0.0,0.0,0.0,0.0,0.0,0.0,4.0,33.0,9.0,1.0,7.0,0.0,15.0,1.0,9.0,5.0,55.0,52.0,26.0,14.0
822,1.0,822.0,London_60,,151,453,1092.0,70.0,2.0,135900.0,0.7312316929455847,753.0,100.0,2.0,98.0,180.0,17.0,163.0,262.0,204.0,107.0,10.0,76.0,19.0,28.0,1.0,8.0,3.0,76.0,157.0,217.0,32.0,0.0,0.0,0.0,0.0,0.0,0.0,0.0,0.0,0.0,0.0,0.0,0.0,0.0,0.0,0.0,0.0,0.0,0.0,0.0,0.0,0.0,0.0,0.0,0.0,0.0,0.0,0.0,0.0,0.0,0.0,0.0,0.0,2.0,1.0,1.0,2.0,0.0,0.0,0.0,0.0,3.0,2.0,0.0,0.0,1.0,0.0,1.0,8.0,5.0,9.0,23.0,24.0,20.0,10.0,0.0,0.0,0.0,0.0,0.0,0.0,0.0,0.0,0.0,0.0,0.0,0.0,7.0,5.0,7.0,10.0,0.0,0.0,0.0,0.0,3.0,2.0,0.0,0.0,2.0,0.0,1.0,12.0,5.0,10.0,35.0,34.0,26.0,15.0
823,1.0,823.0,London_60,,151,453,1092.0,70.0,2.0,119592.0,0.7500267641153187,717.0,29.0,0.0,29.0,54.0,0.0,54.0,180.0,227.0,115.0,12.0,47.0,17.0,34.0,0.0,1.0,6.0,82.0,137.0,228.0,31.0,0.0,0.0,0.0,0.0,0.0,0.0,0.0,0.0,0.0,0.0,0.0,0.0,0.0,0.0,0.0,0.0,0.0,0.0,0.0,0.0,0.0,0.0,0.0,0.0,0.0,0.0,0.0,0.0,0.0,0.0,0.0,0.0,0.0,0.0,0.0,0.0,0.0,0.0,0.0,0.0,0.0,1.0,0.0,1.0,0.0,1.0,3.0,0.0,1.0,2.0,8.0,5.0,6.0,2.0,0.0,0.0,0.0,0.0,0.0,0.0,0.0,0.0,0.0,0.0,0.0,0.0,0.0,0.0,0.0,0.0,0.0,0.0,0.0,0.0,0.0,1.0,0.0,2.0,0.0,2.0,3.0,0.0,1.0,2.0,16.0,8.0,10.0,3.0
824,1.0,824.0,London_60,,151,453,1092.0,70.0,2.0,143148.0,0.5841642119921744,769.0,133.0,2.0,131.0,246.0,16.0,230.0,54.0,230.0,110.0,7.0,48.0,18.0,38.0,0.0,2.0,6.0,74.0,137.0,236.0,26.0,0.0,0.0,0.0,0.0,0.0,0.0,0.0,0.0,0.0,0.0,0.0,0.0,0.0,0.0,0.0,0.0,0.0,0.0,0.0,0.0,0.0,0.0,0.0,0.0,0.0,0.0,0.0,0.0,0.0,1.0,1.0,0.0,1.0,0.0,1.0,2.0,0.0,0.0,0.0,0.0,11.0,9.0,2.0,1.0,6.0,0.0,9.0,3.0,7.0,16.0,29.0,30.0,16.0,8.0,0.0,0.0,0.0,0.0,0.0,0.0,0.0,0.0,0.0,1.0,3.0,0.0,2.0,0.0,5.0,2.0,0.0,0.0,0.0,0.0,13.0,14.0,2.0,1.0,7.0,0.0,12.0,4.0,10.0,25.0,41.0,46.0,24.0,16.0
825,1.0,825.0,London_60,,151,453,1092.0,70.0,2.0,109626.0,0.5906043890863657,695.0,25.0,2.0,23.0,58.0,19.0,39.0,246.0,213.0,116.0,15.0,67.0,5.0,29.0,2.0,6.0,3.0,60.0,143.0,247.0,37.0,0.0,0.0,0.0,0.0,0.0,0.0,0.0,0.0,0.0,0.0,0.0,0.0,0.0,0.0,0.0,0.0,0.0,0.0,0.0,0.0,0.0,0.0,0.0,0.0,0.0,0.0,0.0,0.0,0.0,0.0,0.0,0.0,0.0,0.0,1.0,1.0,0.0,0.0,0.0,0.0,0.0,0.0,0.0,0.0,0.0,0.0,3.0,1.0,0.0,0.0,4.0,6.0,4.0,8.0,0.0,0.0,0.0,0.0,0.0,0.0,0.0,0.0,0.0,0.0,0.0,0.0,0.0,0.0,4.0,4.0,0.0,0.0,0.0,0.0,0.0,0.0,0.0,0.0,0.0,0.0,4.0,1.0,0.0,0.0,7.0,7.0,6.0,10.0
826,1.0,826.0,London_60,,151,453,1092.0,70.0,2.0,139524.0,0.9347322890534997,761.0,42.0,2.0,40.0,80.0,16.0,64.0,58.0,209.0,123.0,17.0,66.0,4.0,27.0,2.0,5.0,3.0,61.0,136.0,253.0,23.0,0.0,0.0,0.0,0.0,0.0,0.0,0.0,0.0,0.0,0.0,0.0,0.0,0.0,0.0,0.0,0.0,0.0,0.0,0.0,0.0,0.0,0.0,0.0,0.0,0.0,0.0,0.0,0.0,0.0,1.0,0.0,0.0,0.0,1.0,1.0,2.0,0.0,0.0,0.0,0.0,1.0,1.0,0.0,0.0,0.0,0.0,3.0,5.0,1.0,5.0,13.0,2.0,6.0,9.0,0.0,0.0,0.0,0.0,0.0,0.0,0.0,0.0,0.0,5.0,0.0,0.0,0.0,5.0,7.0,6.0,0.0,0.0,0.0,0.0,1.0,1.0,0.0,0.0,0.0,0.0,3.0,7.0,2.0,5.0,18.0,2.0,9.0,12.0
827,1.0,827.0,London_60,,151,453,1092.0,70.0,2.0,173499.0,0.7272235488053411,836.0,69.0,0.0,69.0,120.0,0.0,120.0,80.0,209.0,119.0,21.0,66.0,3.0,25.0,2.0,8.0,3.0,56.0,136.0,258.0,21.0,0.0,0.0,0.0,0.0,0.0,0.0,0.0,0.0,0.0,0.0,0.0,0.0,0.0,0.0,0.0,0.0,0.0,0.0,0.0,0.0,0.0,0.0,0.0,0.0,0.0,0.0,0.0,0.0,0.0,0.0,0.0,0.0,0.0,0.0,0.0,0.0,0.0,0.0,0.0,0.0,1.0,2.0,0.0,0.0,0.0,0.0,5.0,8.0,2.0,7.0,15.0,20.0,14.0,3.0,0.0,0.0,0.0,0.0,0.0,0.0,0.0,0.0,0.0,0.0,0.0,0.0,0.0,0.0,0.0,0.0,0.0,0.0,0.0,0.0,1.0,4.0,0.0,0.0,0.0,0.0,6.0,16.0,2.0,9.0,25.0,31.0,17.0,4.0
828,1.0,828.0,London_60,,151,453,1092.0,70.0,2.0,176670.0,0.7266687760129571,843.0,95.0,2.0,93.0,187.0,18.0,169.0,120.0,229.0,102.0,27.0,58.0,6.0,21.0,2.0,8.0,4.0,54.0,134.0,261.0,20.0,0.0,0.0,0.0,0.0,0.0,0.0,0.0,0.0,0.0,0.0,0.0,0.0,0.0,0.0,0.0,0.0,0.0,0.0,0.0,0.0,0.0,0.0,0.0,0.0,0.0,0.0,0.0,0.0,0.0,0.0,0.0,0.0,0.0,0.0,0.0,0.0,0.0,0.0,0.0,0.0,2.0,17.0,7.0,0.0,9.0,0.0,8.0,7.0,9.0,4.0,21.0,18.0,26.0,7.0,0.0,0.0,0.0,0.0,0.0,0.0,0.0,0.0,0.0,0.0,0.0,0.0,0.0,0.0,0.0,0.0,0.0,0.0,0.0,0.0,2.0,25.0,8.0,0.0,10.0,0.0,13.0,10.0,15.0,4.0,33.0,27.0,41.0,11.0
829,1.0,829.0,London_60,,151,453,1092.0,70.0,2.0,173952.0,0.8621300251688808,837.0,106.0,0.0,106.0,182.0,0.0,182.0,187.0,226.0,107.0,31.0,58.0,5.0,17.0,3.0,6.0,5.0,57.0,132.0,259.0,26.0,0.0,0.0,0.0,0.0,0.0,0.0,0.0,0.0,0.0,0.0,0.0,0.0,0.0,0.0,0.0,0.0,0.0,0.0,0.0,0.0,0.0,0.0,0.0,0.0,0.0,0.0,0.0,0.0,0.0,0.0,0.0,0.0,0.0,0.0,0.0,0.0,0.0,0.0,0.0,0.0,7.0,9.0,1.0,5.0,0.0,0.0,8.0,6.0,6.0,10.0,13.0,38.0,25.0,7.0,0.0,0.0,0.0,0.0,0.0,0.0,0.0,0.0,0.0,0.0,0.0,0.0,0.0,0.0,0.0,0.0,0.0,0.0,0.0,0.0,8.0,14.0,1.0,6.0,0.0,0.0,9.0,8.0,7.0,14.0,18.0,63.0,34.0,10.0
830,1.0,830.0,London_60,,151,453,1092.0,70.0,2.0,165798.0,0.863754411926493,819.0,88.0,0.0,88.0,152.0,0.0,152.0,182.0,243.0,91.0,24.0,52.0,11.0,25.0,3.0,4.0,9.0,61.0,134.0,249.0,27.0,0.0,0.0,0.0,0.0,0.0,0.0,0.0,0.0,0.0,0.0,0.0,0.0,0.0,0.0,0.0,0.0,0.0,0.0,0.0,0.0,0.0,0.0,0.0,0.0,0.0,0.0,0.0,0.0,0.0,0.0,0.0,0.0,0.0,0.0,0.0,0.0,0.0,0.0,0.0,0.0,3.0,1.0,0.0,3.0,9.0,1.0,5.0,0.0,14.0,2.0,15.0,26.0,14.0,1.0,0.0,0.0,0.0,0.0,0.0,0.0,0.0,0.0,0.0,0.0,0.0,0.0,0.0,0.0,0.0,0.0,0.0,0.0,0.0,0.0,3.0,2.0,0.0,4.0,11.0,2.0,6.0,0.0,22.0,2.0,25.0,35.0,19.0,1.0
831,1.0,831.0,London_60,,151,453,1092.0,70.0,2.0,166704.0,0.6821731710806489,821.0,55.0,1.0,54.0,106.0,9.0,97.0,152.0,246.0,93.0,15.0,48.0,18.0,25.0,3.0,5.0,3.0,74.0,151.0,225.0,24.0,0.0,0.0,0.0,0.0,0.0,0.0,0.0,0.0,0.0,0.0,0.0,0.0,0.0,0.0,0.0,0.0,0.0,0.0,0.0,0.0,0.0,0.0,0.0,0.0,0.0,0.0,0.0,0.0,0.0,0.0,0.0,0.0,0.0,0.0,0.0,1.0,0.0,0.0,0.0,0.0,1.0,0.0,2.0,1.0,1.0,0.0,10.0,2.0,1.0,3.0,6.0,19.0,10.0,5.0,0.0,0.0,0.0,0.0,0.0,0.0,0.0,0.0,0.0,0.0,0.0,0.0,0.0,0.0,0.0,2.0,0.0,0.0,0.0,0.0,2.0,0.0,2.0,1.0,1.0,0.0,17.0,3.0,1.0,5.0,12.0,29.0,17.0,7.0
832,1.0,832.0,London_60,,151,453,1092.0,70.0,2.0,176670.0,0.7948299329727888,843.0,128.0,2.0,126.0,232.0,17.0,215.0,106.0,250.0,90.0,9.0,48.0,22.0,29.0,1.0,4.0,4.0,71.0,149.0,229.0,23.0,0.0,0.0,0.0,0.0,0.0,0.0,0.0,0.0,0.0,0.0,0.0,0.0,0.0,0.0,0.0,0.0,0.0,0.0,0.0,0.0,0.0,0.0,0.0,0.0,0.0,0.0,0.0,0.0,0.0,1.0,0.0,0.0,0.0,0.0,0.0,1.0,0.0,0.0,0.0,0.0,6.0,6.0,5.0,3.0,1.0,0.0,11.0,11.0,2.0,10.0,20.0,27.0,20.0,13.0,0.0,0.0,0.0,0.0,0.0,0.0,0.0,0.0,0.0,3.0,0.0,0.0,0.0,0.0,0.0,1.0,0.0,0.0,0.0,0.0,9.0,10.0,5.0,4.0,1.0,0.0,12.0,15.0,4.0,13.0,31.0,41.0,24.0,18.0
833,1.0,833.0,London_60,,151,453,1092.0,70.0,2.0,154473.0,0.8082153149880469,794.0,106.0,1.0,105.0,201.0,10.0,191.0,232.0,226.0,96.0,15.0,59.0,20.0,31.0,2.0,4.0,7.0,69.0,141.0,236.0,29.0,0.0,0.0,0.0,0.0,0.0,0.0,0.0,0.0,0.0,0.0,0.0,0.0,0.0,0.0,0.0,0.0,0.0,0.0,0.0,0.0,0.0,0.0,0.0,0.0,0.0,0.0,0.0,0.0,0.0,0.0,0.0,0.0,0.0,0.0,0.0,1.0,0.0,0.0,0.0,0.0,1.0,10.0,3.0,0.0,2.0,0.0,21.0,4.0,6.0,6.0,19.0,22.0,12.0,11.0,0.0,0.0,0.0,0.0,0.0,0.0,0.0,0.0,0.0,0.0,0.0,0.0,0.0,0.0,0.0,4.0,0.0,0.0,0.0,0.0,1.0,13.0,3.0,0.0,2.0,0.0,29.0,6.0,7.0,9.0,27.0,34.0,15.0,16.0
834,1.0,834.0,London_60,,151,453,1092.0,70.0,2.0,149943.0,0.8423341130837798,784.0,5.0,0.0,5.0,10.0,0.0,10.0,201.0,239.0,88.0,15.0,57.0,24.0,21.0,1.0,8.0,7.0,67.0,130.0,249.0,33.0,0.0,0.0,0.0,0.0,0.0,0.0,0.0,0.0,0.0,0.0,0.0,0.0,0.0,0.0,0.0,0.0,0.0,0.0,0.0,0.0,0.0,0.0,0.0,0.0,0.0,0.0,0.0,0.0,0.0,0.0,0.0,0.0,0.0,0.0,0.0,0.0,0.0,0.0,0.0,0.0,0.0,0.0,0.0,0.0,0.0,0.0,0.0,0.0,0.0,0.0,1.0,1.0,0.0,0.0,0.0,0.0,0.0,0.0,0.0,0.0,0.0,0.0,0.0,0.0,0.0,0.0,0.0,0.0,0.0,0.0,0.0,0.0,0.0,0.0,0.0,0.0,0.0,0.0,0.0,0.0,0.0,0.0,0.0,0.0,2.0,1.0,0.0,0.0
835,1.0,835.0,London_60,,151,453,1092.0,70.0,2.0,191166.0,1.0116118870209903,875.0,181.0,2.0,179.0,305.0,17.0,288.0,10.0,239.0,95.0,11.0,56.0,24.0,19.0,1.0,8.0,7.0,68.0,131.0,247.0,34.0,0.0,0.0,0.0,0.0,0.0,0.0,0.0,0.0,0.0,0.0,0.0,0.0,0.0,0.0,0.0,0.0,0.0,0.0,0.0,0.0,0.0,0.0,0.0,0.0,0.0,0.0,0.0,0.0,0.0,1.0,0.0,0.0,1.0,0.0,1.0,1.0,0.0,0.0,0.0,0.0,1.0,16.0,0.0,4.0,7.0,0.0,17.0,7.0,10.0,2.0,27.0,43.0,17.0,15.0,0.0,0.0,0.0,0.0,0.0,0.0,0.0,0.0,0.0,5.0,0.0,0.0,5.0,0.0,8.0,3.0,0.0,0.0,0.0,0.0,1.0,21.0,0.0,8.0,8.0,0.0,20.0,8.0,13.0,2.0,39.0,51.0,19.0,23.0
836,1.0,836.0,London_60,,151,453,1092.0,70.0,2.0,134541.0,0.7742615910246968,750.0,13.0,2.0,11.0,34.0,18.0,16.0,305.0,198.0,114.0,24.0,76.0,2.0,30.0,2.0,7.0,11.0,83.0,119.0,240.0,37.0,0.0,0.0,0.0,0.0,0.0,0.0,0.0,0.0,0.0,0.0,0.0,0.0,0.0,0.0,0.0,0.0,0.0,0.0,0.0,0.0,0.0,0.0,0.0,0.0,0.0,0.0,0.0,0.0,0.0,1.0,0.0,0.0,1.0,1.0,0.0,1.0,1.0,0.0,0.0,0.0,0.0,0.0,0.0,0.0,1.0,0.0,3.0,0.0,0.0,1.0,2.0,4.0,3.0,0.0,0.0,0.0,0.0,0.0,0.0,0.0,0.0,0.0,0.0,1.0,0.0,0.0,3.0,8.0,0.0,3.0,7.0,0.0,0.0,0.0,0.0,0.0,0.0,0.0,1.0,0.0,6.0,0.0,0.0,2.0,2.0,6.0,3.0,0.0
837,1.0,837.0,London_60,,151,453,1092.0,70.0,2.0,167610.0,1.397343966877088,823.0,163.0,1.0,162.0,298.0,9.0,289.0,34.0,199.0,122.0,24.0,79.0,0.0,22.0,2.0,5.0,6.0,90.0,114.0,243.0,33.0,0.0,0.0,0.0,0.0,0.0,0.0,0.0,0.0,0.0,0.0,0.0,0.0,0.0,0.0,0.0,0.0,0.0,0.0,0.0,0.0,0.0,0.0,0.0,0.0,0.0,0.0,0.0,0.0,0.0,0.0,0.0,0.0,0.0,0.0,0.0,0.0,0.0,0.0,0.0,0.0,10.0,11.0,0.0,6.0,1.0,0.0,30.0,7.0,12.0,9.0,22.0,45.0,35.0,13.0,0.0,0.0,0.0,0.0,0.0,0.0,0.0,0.0,0.0,0.0,0.0,0.0,0.0,0.0,0.0,0.0,0.0,0.0,0.0,0.0,12.0,14.0,0.0,8.0,1.0,0.0,41.0,8.0,18.0,13.0,30.0,68.0,40.0,18.0
838,1.0,838.0,London_60,,151,453,1092.0,70.0,2.0,131823.0,0.5031049449462444,744.0,60.0,1.0,59.0,111.0,8.0,103.0,298.0,178.0,121.0,17.0,96.0,6.0,26.0,0.0,9.0,8.0,71.0,133.0,241.0,31.0,0.0,0.0,0.0,0.0,0.0,0.0,0.0,0.0,0.0,0.0,0.0,0.0,0.0,0.0,0.0,0.0,0.0,0.0,0.0,0.0,0.0,0.0,0.0,0.0,0.0,0.0,0.0,0.0,0.0,1.0,0.0,0.0,1.0,0.0,0.0,1.0,0.0,0.0,0.0,0.0,0.0,3.0,0.0,0.0,0.0,0.0,4.0,2.0,0.0,3.0,11.0,18.0,11.0,7.0,0.0,0.0,0.0,0.0,0.0,0.0,0.0,0.0,0.0,1.0,0.0,0.0,1.0,0.0,0.0,3.0,0.0,0.0,0.0,0.0,0.0,5.0,0.0,0.0,0.0,0.0,5.0,3.0,0.0,5.0,17.0,24.0,12.0,8.0
839,1.0,839.0,London_60,,151,453,1092.0,70.0,2.0,141789.0,0.7503275070339441,766.0,64.0,0.0,64.0,102.0,0.0,102.0,111.0,179.0,131.0,17.0,88.0,7.0,20.0,1.0,10.0,7.0,66.0,140.0,240.0,27.0,0.0,0.0,0.0,0.0,0.0,0.0,0.0,0.0,0.0,0.0,0.0,0.0,0.0,0.0,0.0,0.0,0.0,0.0,0.0,0.0,0.0,0.0,0.0,0.0,0.0,0.0,0.0,0.0,0.0,0.0,0.0,0.0,0.0,0.0,0.0,0.0,0.0,0.0,0.0,0.0,1.0,3.0,0.0,0.0,0.0,0.0,4.0,8.0,0.0,8.0,9.0,15.0,14.0,3.0,0.0,0.0,0.0,0.0,0.0,0.0,0.0,0.0,0.0,0.0,0.0,0.0,0.0,0.0,0.0,0.0,0.0,0.0,0.0,0.0,1.0,3.0,0.0,0.0,0.0,0.0,5.0,9.0,0.0,9.0,16.0,21.0,17.0,5.0
840,1.0,840.0,London_60,,151,453,1092.0,70.0,2.0,145866.0,0.7274407939985394,775.0,81.0,0.0,81.0,137.0,0.0,137.0,102.0,183.0,138.0,29.0,68.0,4.0,20.0,1.0,10.0,8.0,63.0,130.0,252.0,28.0,0.0,0.0,0.0,0.0,0.0,0.0,0.0,0.0,0.0,0.0,0.0,0.0,0.0,0.0,0.0,0.0,0.0,0.0,0.0,0.0,0.0,0.0,0.0,0.0,0.0,0.0,0.0,0.0,0.0,0.0,0.0,0.0,0.0,0.0,0.0,0.0,0.0,0.0,0.0,0.0,4.0,5.0,0.0,0.0,1.0,0.0,7.0,4.0,5.0,3.0,14.0,22.0,20.0,4.0,0.0,0.0,0.0,0.0,0.0,0.0,0.0,0.0,0.0,0.0,0.0,0.0,0.0,0.0,0.0,0.0,0.0,0.0,0.0,0.0,4.0,6.0,0.0,0.0,1.0,0.0,9.0,6.0,5.0,3.0,22.0,30.0,27.0,6.0
841,1.0,841.0,London_60,,151,453,1092.0,70.0,2.0,149943.0,0.6039084170479327,784.0,65.0,1.0,64.0,121.0,7.0,114.0,137.0,195.0,138.0,30.0,46.0,3.0,26.0,1.0,14.0,7.0,67.0,133.0,246.0,35.0,0.0,0.0,0.0,0.0,0.0,0.0,0.0,0.0,0.0,0.0,0.0,0.0,0.0,0.0,0.0,0.0,0.0,0.0,0.0,0.0,0.0,0.0,0.0,0.0,0.0,0.0,0.0,0.0,0.0,0.0,0.0,0.0,1.0,0.0,1.0,1.0,0.0,0.0,0.0,0.0,0.0,4.0,1.0,0.0,2.0,0.0,10.0,3.0,2.0,6.0,16.0,12.0,16.0,2.0,0.0,0.0,0.0,0.0,0.0,0.0,0.0,0.0,0.0,0.0,0.0,0.0,1.0,0.0,3.0,3.0,0.0,0.0,0.0,0.0,0.0,6.0,1.0,0.0,2.0,0.0,17.0,3.0,3.0,8.0,25.0,20.0,24.0,5.0
842,1.0,842.0,London_60,,151,453,1092.0,70.0,2.0,160815.0,1.083299868972972,808.0,43.0,1.0,42.0,81.0,9.0,72.0,121.0,203.0,123.0,28.0,44.0,6.0,34.0,1.0,14.0,7.0,65.0,137.0,244.0,31.0,0.0,0.0,0.0,0.0,0.0,0.0,0.0,0.0,0.0,0.0,0.0,0.0,0.0,0.0,0.0,0.0,0.0,0.0,0.0,0.0,0.0,0.0,0.0,0.0,0.0,0.0,0.0,0.0,0.0,0.0,0.0,0.0,0.0,0.0,0.0,0.0,0.0,0.0,0.0,0.0,2.0,1.0,3.0,2.0,0.0,0.0,7.0,5.0,1.0,7.0,7.0,7.0,10.0,0.0,0.0,0.0,0.0,0.0,0.0,0.0,0.0,0.0,0.0,0.0,0.0,0.0,0.0,0.0,0.0,0.0,0.0,0.0,0.0,0.0,3.0,1.0,3.0,3.0,0.0,0.0,9.0,8.0,1.0,10.0,12.0,11.0,11.0,0.0
843,1.0,843.0,London_60,,151,453,1092.0,70.0,2.0,186636.0,0.8231059948448092,865.0,127.0,2.0,125.0,238.0,19.0,219.0,81.0,212.0,121.0,29.0,42.0,6.0,31.0,3.0,9.0,6.0,64.0,143.0,240.0,26.0,0.0,0.0,0.0,0.0,0.0,0.0,0.0,0.0,0.0,0.0,0.0,0.0,0.0,0.0,0.0,0.0,0.0,0.0,0.0,0.0,0.0,0.0,0.0,0.0,0.0,0.0,0.0,0.0,0.0,0.0,0.0,0.0,1.0,0.0,1.0,1.0,0.0,0.0,0.0,0.0,4.0,5.0,17.0,2.0,3.0,0.0,5.0,14.0,5.0,11.0,29.0,31.0,24.0,9.0,0.0,0.0,0.0,0.0,0.0,0.0,0.0,0.0,0.0,0.0,0.0,0.0,1.0,0.0,5.0,4.0,0.0,0.0,0.0,0.0,4.0,7.0,21.0,2.0,3.0,0.0,6.0,20.0,6.0,18.0,47.0,43.0,31.0,15.0
844,1.0,844.0,London_60,,151,453,1092.0,70.0,2.0,168063.0,0.7998522729612887,824.0,116.0,2.0,114.0,219.0,20.0,199.0,238.0,216.0,82.0,15.0,74.0,12.0,44.0,2.0,8.0,8.0,65.0,142.0,238.0,25.0,0.0,0.0,0.0,0.0,0.0,0.0,0.0,0.0,0.0,0.0,0.0,0.0,0.0,0.0,0.0,0.0,0.0,0.0,0.0,0.0,0.0,0.0,0.0,0.0,0.0,0.0,0.0,0.0,0.0,1.0,0.0,0.0,0.0,0.0,0.0,0.0,0.0,0.0,0.0,0.0,9.0,8.0,0.0,0.0,1.0,1.0,12.0,10.0,5.0,13.0,26.0,23.0,26.0,10.0,0.0,0.0,0.0,0.0,0.0,0.0,0.0,0.0,0.0,2.0,0.0,0.0,0.0,0.0,0.0,0.0,0.0,0.0,0.0,0.0,13.0,11.0,0.0,0.0,1.0,2.0,19.0,11.0,6.0,15.0,40.0,27.0,31.0,16.0
845,1.0,845.0,London_60,,151,453,1092.0,70.0,2.0,150396.0,0.7872069550212473,785.0,115.0,1.0,114.0,213.0,8.0,205.0,219.0,230.0,85.0,17.0,78.0,15.0,17.0,3.0,8.0,4.0,64.0,137.0,248.0,23.0,0.0,0.0,0.0,0.0,0.0,0.0,0.0,0.0,0.0,0.0,0.0,0.0,0.0,0.0,0.0,0.0,0.0,0.0,0.0,0.0,0.0,0.0,0.0,0.0,0.0,0.0,0.0,0.0,0.0,0.0,0.0,0.0,0.0,1.0,0.0,0.0,0.0,0.0,0.0,0.0,0.0,4.0,8.0,3.0,11.0,0.0,10.0,12.0,6.0,11.0,24.0,25.0,15.0,9.0,0.0,0.0,0.0,0.0,0.0,0.0,0.0,0.0,0.0,0.0,0.0,0.0,0.0,8.0,0.0,0.0,0.0,0.0,0.0,0.0,0.0,5.0,10.0,5.0,12.0,0.0,17.0,15.0,6.0,14.0,39.0,37.0,18.0,13.0
846,1.0,846.0,London_60,,151,453,1092.0,70.0,2.0,130011.0,1.1635477510280907,740.0,28.0,0.0,28.0,53.0,0.0,53.0,213.0,229.0,99.0,20.0,62.0,11.0,25.0,2.0,5.0,5.0,59.0,152.0,237.0,29.0,0.0,0.0,0.0,0.0,0.0,0.0,0.0,0.0,0.0,0.0,0.0,0.0,0.0,0.0,0.0,0.0,0.0,0.0,0.0,0.0,0.0,0.0,0.0,0.0,0.0,0.0,0.0,0.0,0.0,0.0,0.0,0.0,0.0,0.0,0.0,0.0,0.0,0.0,0.0,0.0,0.0,0.0,0.0,0.0,0.0,0.0,2.0,1.0,1.0,2.0,5.0,5.0,6.0,0.0,0.0,0.0,0.0,0.0,0.0,0.0,0.0,0.0,0.0,0.0,0.0,0.0,0.0,0.0,0.0,0.0,0.0,0.0,0.0,0.0,0.0,0.0,0.0,0.0,0.0,0.0,2.0,1.0,1.0,2.0,7.0,11.0,6.0,0.0
847,1.0,847.0,London_60,,151,453,1092.0,70.0,2.0,154473.0,0.9538150830194354,794.0,109.0,2.0,107.0,223.0,19.0,204.0,53.0,227.0,103.0,25.0,57.0,12.0,20.0,3.0,6.0,7.0,65.0,148.0,233.0,29.0,0.0,0.0,0.0,0.0,0.0,0.0,0.0,0.0,0.0,0.0,0.0,0.0,0.0,0.0,0.0,0.0,0.0,0.0,0.0,0.0,0.0,0.0,0.0,0.0,0.0,0.0,0.0,0.0,0.0,0.0,0.0,0.0,0.0,0.0,1.0,2.0,0.0,0.0,0.0,0.0,8.0,8.0,3.0,4.0,8.0,0.0,22.0,10.0,11.0,12.0,17.0,31.0,17.0,13.0,0.0,0.0,0.0,0.0,0.0,0.0,0.0,0.0,0.0,0.0,0.0,0.0,0.0,0.0,5.0,10.0,0.0,0.0,0.0,0.0,10.0,11.0,3.0,5.0,8.0,0.0,27.0,15.0,12.0,15.0,23.0,50.0,22.0,18.0
848,1.0,848.0,London_60,,151,453,1092.0,70.0,2.0,139977.0,1.0020224819891155,762.0,7.0,0.0,7.0,13.0,0.0,13.0,223.0,242.0,87.0,14.0,70.0,12.0,23.0,2.0,3.0,7.0,70.0,152.0,224.0,28.0,0.0,0.0,0.0,0.0,0.0,0.0,0.0,0.0,0.0,0.0,0.0,0.0,0.0,0.0,0.0,0.0,0.0,0.0,0.0,0.0,0.0,0.0,0.0,0.0,0.0,0.0,0.0,0.0,0.0,0.0,0.0,0.0,0.0,0.0,0.0,0.0,0.0,0.0,0.0,0.0,1.0,0.0,0.0,0.0,0.0,0.0,1.0,0.0,0.0,0.0,0.0,4.0,2.0,0.0,0.0,0.0,0.0,0.0,0.0,0.0,0.0,0.0,0.0,0.0,0.0,0.0,0.0,0.0,0.0,0.0,0.0,0.0,0.0,0.0,1.0,0.0,0.0,0.0,0.0,0.0,1.0,0.0,0.0,0.0,0.0,8.0,3.0,0.0
849,1.0,849.0,London_60,,151,453,1092.0,70.0,2.0,178029.0,0.9433464580215514,846.0,153.0,2.0,151.0,277.0,18.0,259.0,13.0,239.0,89.0,9.0,74.0,13.0,24.0,2.0,3.0,7.0,69.0,150.0,227.0,30.0,0.0,0.0,0.0,0.0,0.0,0.0,0.0,0.0,0.0,0.0,0.0,0.0,0.0,0.0,0.0,0.0,0.0,0.0,0.0,0.0,0.0,0.0,0.0,0.0,0.0,0.0,0.0,0.0,0.0,0.0,0.0,0.0,0.0,0.0,0.0,1.0,0.0,0.0,0.0,0.0,3.0,12.0,3.0,0.0,0.0,0.0,9.0,11.0,3.0,18.0,22.0,36.0,19.0,11.0,0.0,0.0,0.0,0.0,0.0,0.0,0.0,0.0,0.0,0.0,0.0,0.0,0.0,0.0,0.0,3.0,0.0,0.0,0.0,0.0,6.0,16.0,3.0,0.0,0.0,0.0,16.0,14.0,5.0,23.0,33.0,51.0,22.0,17.0
850,1.0,850.0,London_60,,151,453,1092.0,70.0,2.0,139524.0,0.6026271521113813,761.0,68.0,0.0,68.0,119.0,0.0,119.0,277.0,202.0,110.0,16.0,87.0,9.0,21.0,1.0,7.0,5.0,78.0,153.0,217.0,27.0,0.0,0.0,0.0,0.0,0.0,0.0,0.0,0.0,0.0,0.0,0.0,0.0,0.0,0.0,0.0,0.0,0.0,0.0,0.0,0.0,0.0,0.0,0.0,0.0,0.0,0.0,0.0,0.0,0.0,0.0,0.0,0.0,0.0,0.0,0.0,0.0,0.0,0.0,0.0,0.0,0.0,0.0,0.0,1.0,0.0,1.0,6.0,2.0,1.0,9.0,10.0,20.0,10.0,5.0,0.0,0.0,0.0,0.0,0.0,0.0,0.0,0.0,0.0,0.0,0.0,0.0,0.0,0.0,0.0,0.0,0.0,0.0,0.0,0.0,0.0,0.0,0.0,1.0,0.0,1.0,10.0,3.0,1.0,13.0,15.0,28.0,15.0,7.0
851,1.0,851.0,London_60,,151,453,1092.0,70.0,2.0,152661.0,0.9086984791792929,790.0,44.0,0.0,44.0,80.0,0.0,80.0,119.0,203.0,113.0,21.0,69.0,12.0,28.0,1.0,6.0,8.0,72.0,150.0,223.0,28.0,0.0,0.0,0.0,0.0,0.0,0.0,0.0,0.0,0.0,0.0,0.0,0.0,0.0,0.0,0.0,0.0,0.0,0.0,0.0,0.0,0.0,0.0,0.0,0.0,0.0,0.0,0.0,0.0,0.0,0.0,0.0,0.0,0.0,0.0,0.0,0.0,0.0,0.0,0.0,0.0,0.0,1.0,0.0,1.0,0.0,0.0,2.0,3.0,3.0,7.0,13.0,11.0,5.0,5.0,0.0,0.0,0.0,0.0,0.0,0.0,0.0,0.0,0.0,0.0,0.0,0.0,0.0,0.0,0.0,0.0,0.0,0.0,0.0,0.0,0.0,1.0,0.0,1.0,0.0,0.0,3.0,3.0,4.0,12.0,21.0,16.0,7.0,10.0
852,1.0,852.0,London_60,,151,453,1092.0,70.0,2.0,171234.0,0.7483659330755472,831.0,171.0,0.0,171.0,306.0,0.0,306.0,80.0,205.0,116.0,24.0,65.0,13.0,25.0,1.0,4.0,6.0,73.0,146.0,228.0,25.0,0.0,0.0,0.0,0.0,0.0,0.0,0.0,0.0,0.0,0.0,0.0,0.0,0.0,0.0,0.0,0.0,0.0,0.0,0.0,0.0,0.0,0.0,0.0,0.0,0.0,0.0,0.0,0.0,0.0,0.0,0.0,0.0,0.0,0.0,0.0,0.0,0.0,0.0,0.0,0.0,0.0,14.0,16.0,2.0,4.0,1.0,10.0,10.0,9.0,17.0,27.0,42.0,22.0,12.0,0.0,0.0,0.0,0.0,0.0,0.0,0.0,0.0,0.0,0.0,0.0,0.0,0.0,0.0,0.0,0.0,0.0,0.0,0.0,0.0,0.0,20.0,18.0,4.0,4.0,2.0,12.0,14.0,13.0,24.0,38.0,65.0,27.0,17.0
853,1.0,853.0,London_60,,151,453,1092.0,70.0,2.0,126840.0,0.6505874060094357,733.0,12.0,2.0,10.0,41.0,22.0,19.0,306.0,177.0,134.0,17.0,78.0,12.0,26.0,1.0,8.0,7.0,92.0,138.0,216.0,32.0,0.0,0.0,0.0,0.0,0.0,0.0,0.0,0.0,0.0,1.0,0.0,1.0,0.0,0.0,0.0,0.0,0.0,0.0,1.0,0.0,0.0,0.0,0.0,0.0,0.0,0.0,0.0,0.0,0.0,1.0,0.0,0.0,1.0,0.0,1.0,1.0,0.0,0.0,0.0,0.0,0.0,0.0,0.0,0.0,0.0,0.0,0.0,0.0,0.0,1.0,3.0,3.0,3.0,0.0,0.0,0.0,0.0,0.0,0.0,0.0,0.0,0.0,0.0,4.0,0.0,0.0,8.0,0.0,7.0,4.0,0.0,0.0,0.0,0.0,0.0,0.0,0.0,0.0,0.0,0.0,0.0,0.0,0.0,1.0,5.0,7.0,4.0,0.0
854,1.0,854.0,London_60,,151,453,1092.0,70.0,2.0,160362.0,1.1800522000994533,807.0,56.0,2.0,54.0,112.0,18.0,94.0,39.0,174.0,131.0,17.0,84.0,10.0,28.0,1.0,8.0,5.0,90.0,134.0,224.0,32.0,0.0,0.0,0.0,0.0,0.0,0.0,0.0,0.0,0.0,0.0,0.0,0.0,0.0,0.0,0.0,0.0,0.0,0.0,0.0,0.0,0.0,0.0,0.0,0.0,0.0,0.0,0.0,0.0,0.0,2.0,0.0,0.0,2.0,0.0,2.0,0.0,1.0,0.0,0.0,0.0,0.0,0.0,0.0,2.0,0.0,0.0,8.0,1.0,3.0,6.0,14.0,11.0,6.0,5.0,0.0,0.0,0.0,0.0,0.0,0.0,0.0,0.0,0.0,5.0,0.0,0.0,11.0,0.0,11.0,0.0,7.0,0.0,0.0,0.0,0.0,0.0,0.0,4.0,0.0,0.0,13.0,1.0,4.0,8.0,23.0,15.0,9.0,8.0
855,1.0,855.0,London_60,,151,453,1092.0,70.0,2.0,180294.0,1.0716946490574628,851.0,141.0,2.0,139.0,271.0,17.0,254.0,112.0,179.0,132.0,12.0,81.0,4.0,35.0,1.0,9.0,4.0,79.0,132.0,238.0,28.0,0.0,0.0,0.0,0.0,0.0,0.0,0.0,0.0,0.0,0.0,0.0,0.0,0.0,0.0,0.0,0.0,0.0,0.0,0.0,0.0,0.0,0.0,0.0,0.0,0.0,0.0,0.0,0.0,0.0,1.0,0.0,0.0,1.0,0.0,0.0,2.0,0.0,0.0,0.0,0.0,6.0,5.0,2.0,3.0,5.0,0.0,16.0,9.0,11.0,13.0,23.0,29.0,21.0,9.0,0.0,0.0,0.0,0.0,0.0,0.0,0.0,0.0,0.0,5.0,0.0,0.0,5.0,0.0,0.0,4.0,0.0,0.0,0.0,0.0,8.0,7.0,2.0,5.0,5.0,0.0,19.0,13.0,17.0,15.0,38.0,45.0,27.0,12.0
856,1.0,856.0,London_60,,151,453,1092.0,70.0,2.0,147678.0,0.6760832979343832,779.0,100.0,1.0,99.0,183.0,12.0,171.0,271.0,187.0,118.0,21.0,75.0,7.0,35.0,1.0,9.0,9.0,78.0,144.0,222.0,41.0,0.0,0.0,0.0,0.0,0.0,0.0,0.0,0.0,0.0,0.0,0.0,0.0,0.0,0.0,0.0,0.0,0.0,0.0,0.0,0.0,0.0,0.0,0.0,0.0,0.0,0.0,0.0,0.0,0.0,0.0,1.0,0.0,1.0,0.0,0.0,1.0,0.0,0.0,0.0,0.0,0.0,0.0,0.0,3.0,0.0,2.0,9.0,5.0,7.0,10.0,15.0,19.0,13.0,6.0,0.0,0.0,0.0,0.0,0.0,0.0,0.0,0.0,0.0,0.0,8.0,0.0,7.0,0.0,0.0,5.0,0.0,0.0,0.0,0.0,0.0,0.0,0.0,3.0,0.0,2.0,13.0,7.0,12.0,20.0,24.0,23.0,16.0,10.0
857,1.0,857.0,London_60,,151,453,1092.0,70.0,2.0,131823.0,0.7978995449375361,744.0,91.0,0.0,91.0,155.0,0.0,155.0,183.0,186.0,130.0,28.0,56.0,9.0,28.0,4.0,12.0,4.0,70.0,153.0,226.0,32.0,0.0,0.0,0.0,0.0,0.0,0.0,0.0,0.0,0.0,0.0,0.0,0.0,0.0,0.0,0.0,0.0,0.0,0.0,0.0,0.0,0.0,0.0,0.0,0.0,0.0,0.0,0.0,0.0,0.0,0.0,0.0,0.0,0.0,0.0,0.0,0.0,0.0,0.0,0.0,0.0,2.0,3.0,1.0,2.0,1.0,0.0,7.0,6.0,4.0,9.0,19.0,19.0,13.0,9.0,0.0,0.0,0.0,0.0,0.0,0.0,0.0,0.0,0.0,0.0,0.0,0.0,0.0,0.0,0.0,0.0,0.0,0.0,0.0,0.0,2.0,4.0,1.0,4.0,1.0,0.0,11.0,6.0,5.0,11.0,25.0,31.0,20.0,16.0
858,1.0,858.0,London_60,,151,453,1092.0,70.0,2.0,115515.0,0.6714547139126807,708.0,19.0,0.0,19.0,35.0,0.0,35.0,155.0,195.0,144.0,31.0,48.0,2.0,15.0,3.0,15.0,7.0,70.0,145.0,231.0,31.0,0.0,0.0,0.0,0.0,0.0,0.0,0.0,0.0,0.0,0.0,0.0,0.0,0.0,0.0,0.0,0.0,0.0,0.0,0.0,0.0,0.0,0.0,0.0,0.0,0.0,0.0,0.0,0.0,0.0,0.0,0.0,0.0,0.0,0.0,0.0,0.0,0.0,0.0,0.0,0.0,0.0,1.0,1.0,0.0,0.0,0.0,2.0,2.0,1.0,4.0,2.0,2.0,3.0,1.0,0.0,0.0,0.0,0.0,0.0,0.0,0.0,0.0,0.0,0.0,0.0,0.0,0.0,0.0,0.0,0.0,0.0,0.0,0.0,0.0,0.0,1.0,1.0,0.0,0.0,0.0,3.0,3.0,2.0,5.0,2.0,2.0,5.0,1.0
859,1.0,859.0,London_60,,151,453,1092.0,70.0,2.0,136806.0,1.6178968520835042,755.0,104.0,0.0,104.0,193.0,0.0,193.0,35.0,192.0,145.0,34.0,51.0,1.0,17.0,0.0,13.0,7.0,71.0,150.0,225.0,29.0,0.0,0.0,0.0,0.0,0.0,0.0,0.0,0.0,0.0,0.0,0.0,0.0,0.0,0.0,0.0,0.0,0.0,0.0,0.0,0.0,0.0,0.0,0.0,0.0,0.0,0.0,0.0,0.0,0.0,0.0,0.0,0.0,0.0,0.0,0.0,0.0,0.0,0.0,0.0,0.0,1.0,5.0,4.0,0.0,2.0,0.0,8.0,17.0,5.0,7.0,17.0,30.0,19.0,12.0,0.0,0.0,0.0,0.0,0.0,0.0,0.0,0.0,0.0,0.0,0.0,0.0,0.0,0.0,0.0,0.0,0.0,0.0,0.0,0.0,1.0,6.0,6.0,0.0,2.0,0.0,11.0,26.0,7.0,11.0,27.0,43.0,21.0,21.0
860,1.0,860.0,London_60,,151,453,1092.0,70.0,2.0,121857.0,0.5109450928866863,722.0,58.0,2.0,56.0,117.0,18.0,99.0,193.0,198.0,145.0,17.0,57.0,7.0,22.0,3.0,4.0,11.0,69.0,152.0,221.0,33.0,0.0,0.0,0.0,0.0,0.0,0.0,0.0,0.0,0.0,0.0,0.0,0.0,0.0,0.0,0.0,0.0,0.0,0.0,0.0,0.0,0.0,0.0,0.0,0.0,0.0,0.0,0.0,0.0,0.0,0.0,0.0,0.0,0.0,0.0,0.0,0.0,0.0,0.0,0.0,0.0,1.0,2.0,0.0,1.0,0.0,0.0,5.0,4.0,6.0,6.0,12.0,12.0,10.0,4.0,0.0,0.0,0.0,0.0,0.0,0.0,0.0,0.0,0.0,0.0,0.0,0.0,0.0,0.0,0.0,0.0,0.0,0.0,0.0,0.0,1.0,2.0,0.0,1.0,0.0,0.0,7.0,6.0,8.0,13.0,16.0,17.0,13.0,6.0
861,1.0,861.0,London_60,,151,453,1092.0,70.0,2.0,134994.0,0.679780846927315,751.0,171.0,1.0,170.0,290.0,8.0,282.0,117.0,201.0,141.0,13.0,54.0,8.0,25.0,3.0,8.0,6.0,74.0,134.0,239.0,19.0,0.0,0.0,0.0,0.0,0.0,0.0,0.0,0.0,0.0,0.0,0.0,0.0,0.0,0.0,0.0,0.0,0.0,0.0,0.0,0.0,0.0,0.0,0.0,0.0,0.0,0.0,0.0,0.0,0.0,0.0,0.0,0.0,1.0,0.0,0.0,1.0,0.0,0.0,0.0,0.0,2.0,1.0,6.0,0.0,12.0,0.0,14.0,16.0,5.0,17.0,35.0,26.0,26.0,6.0,0.0,0.0,0.0,0.0,0.0,0.0,0.0,0.0,0.0,0.0,0.0,0.0,3.0,0.0,0.0,2.0,0.0,0.0,0.0,0.0,3.0,1.0,8.0,0.0,13.0,0.0,19.0,20.0,8.0,20.0,45.0,42.0,41.0,8.0
862,1.0,862.0,London_60,,151,453,1092.0,70.0,2.0,96036.0,0.6296665940899402,665.0,8.0,0.0,8.0,18.0,0.0,18.0,290.0,186.0,122.0,21.0,82.0,10.0,20.0,3.0,9.0,7.0,70.0,163.0,213.0,42.0,0.0,0.0,0.0,0.0,0.0,0.0,0.0,0.0,0.0,0.0,0.0,0.0,0.0,0.0,0.0,0.0,0.0,0.0,0.0,0.0,0.0,0.0,0.0,0.0,0.0,0.0,0.0,0.0,0.0,0.0,0.0,0.0,0.0,0.0,0.0,0.0,0.0,0.0,0.0,0.0,0.0,0.0,0.0,0.0,0.0,0.0,0.0,0.0,1.0,1.0,2.0,2.0,1.0,1.0,0.0,0.0,0.0,0.0,0.0,0.0,0.0,0.0,0.0,0.0,0.0,0.0,0.0,0.0,0.0,0.0,0.0,0.0,0.0,0.0,0.0,0.0,0.0,0.0,0.0,0.0,0.0,0.0,1.0,2.0,4.0,3.0,2.0,2.0
863,1.0,863.0,London_60,,151,453,1092.0,70.0,2.0,132729.0,0.5524020178709179,746.0,12.0,0.0,12.0,27.0,0.0,27.0,18.0,184.0,126.0,23.0,77.0,10.0,21.0,3.0,9.0,7.0,73.0,164.0,209.0,44.0,0.0,0.0,0.0,0.0,0.0,0.0,0.0,0.0,0.0,0.0,0.0,0.0,0.0,0.0,0.0,0.0,0.0,0.0,0.0,0.0,0.0,0.0,0.0,0.0,0.0,0.0,0.0,0.0,0.0,0.0,0.0,0.0,0.0,0.0,0.0,0.0,0.0,0.0,0.0,0.0,0.0,0.0,0.0,0.0,0.0,0.0,3.0,0.0,3.0,1.0,0.0,1.0,2.0,0.0,0.0,0.0,0.0,0.0,0.0,0.0,0.0,0.0,0.0,0.0,0.0,0.0,0.0,0.0,0.0,0.0,0.0,0.0,0.0,0.0,0.0,0.0,0.0,0.0,0.0,0.0,5.0,0.0,3.0,1.0,0.0,1.0,2.0,0.0
864,1.0,864.0,London_60,,151,453,1092.0,70.0,2.0,173499.0,0.5743496271315962,836.0,4.0,2.0,2.0,20.0,17.0,3.0,27.0,185.0,129.0,22.0,72.0,14.0,23.0,2.0,6.0,7.0,74.0,166.0,206.0,43.0,0.0,0.0,0.0,0.0,0.0,0.0,0.0,0.0,0.0,0.0,0.0,0.0,0.0,0.0,0.0,0.0,0.0,0.0,0.0,0.0,0.0,0.0,0.0,0.0,0.0,0.0,0.0,0.0,0.0,0.0,0.0,0.0,2.0,1.0,1.0,2.0,0.0,0.0,0.0,0.0,0.0,0.0,0.0,0.0,0.0,0.0,0.0,0.0,0.0,0.0,1.0,1.0,0.0,0.0,0.0,0.0,0.0,0.0,0.0,0.0,0.0,0.0,0.0,0.0,0.0,0.0,10.0,6.0,6.0,6.0,0.0,0.0,0.0,0.0,0.0,0.0,0.0,0.0,0.0,0.0,0.0,0.0,0.0,0.0,1.0,1.0,0.0,0.0
865,1.0,865.0,London_60,,151,453,1092.0,70.0,2.0,219252.0,0.8180970260873437,937.0,135.0,0.0,135.0,232.0,0.0,232.0,20.0,187.0,134.0,23.0,71.0,11.0,19.0,2.0,6.0,4.0,79.0,161.0,209.0,38.0,0.0,0.0,0.0,0.0,0.0,0.0,0.0,0.0,0.0,0.0,0.0,0.0,0.0,0.0,0.0,0.0,0.0,0.0,0.0,0.0,0.0,0.0,0.0,0.0,0.0,0.0,0.0,0.0,0.0,0.0,0.0,0.0,0.0,0.0,0.0,0.0,0.0,0.0,0.0,0.0,3.0,2.0,2.0,1.0,1.0,0.0,14.0,4.0,19.0,2.0,33.0,26.0,24.0,17.0,0.0,0.0,0.0,0.0,0.0,0.0,0.0,0.0,0.0,0.0,0.0,0.0,0.0,0.0,0.0,0.0,0.0,0.0,0.0,0.0,3.0,2.0,2.0,1.0,1.0,0.0,19.0,5.0,26.0,2.0,50.0,36.0,35.0,22.0
866,1.0,866.0,London_60,,151,453,1092.0,70.0,2.0,201585.0,0.9641020379494876,898.0,110.0,2.0,108.0,185.0,16.0,169.0,232.0,204.0,114.0,12.0,74.0,10.0,26.0,2.0,11.0,7.0,68.0,157.0,221.0,44.0,0.0,0.0,0.0,0.0,0.0,0.0,0.0,0.0,0.0,0.0,0.0,0.0,0.0,0.0,0.0,0.0,0.0,0.0,0.0,0.0,0.0,0.0,0.0,0.0,0.0,0.0,0.0,0.0,0.0,1.0,1.0,0.0,1.0,0.0,1.0,2.0,0.0,0.0,0.0,0.0,2.0,0.0,2.0,2.0,0.0,0.0,7.0,5.0,1.0,11.0,15.0,23.0,20.0,12.0,0.0,0.0,0.0,0.0,0.0,0.0,0.0,0.0,0.0,1.0,5.0,0.0,3.0,0.0,4.0,10.0,0.0,0.0,0.0,0.0,2.0,0.0,2.0,3.0,0.0,0.0,9.0,7.0,2.0,15.0,18.0,27.0,25.0,15.0
867,1.0,867.0,London_60,,151,453,1092.0,70.0,2.0,196149.0,0.9121436791028827,886.0,150.0,2.0,148.0,288.0,19.0,269.0,185.0,207.0,113.0,17.0,72.0,2.0,36.0,1.0,5.0,7.0,76.0,143.0,227.0,40.0,0.0,0.0,0.0,0.0,0.0,0.0,0.0,0.0,0.0,0.0,0.0,0.0,0.0,0.0,0.0,0.0,0.0,0.0,0.0,0.0,0.0,0.0,0.0,0.0,0.0,0.0,0.0,0.0,0.0,1.0,0.0,0.0,0.0,0.0,1.0,0.0,0.0,0.0,0.0,0.0,6.0,13.0,1.0,9.0,19.0,1.0,6.0,6.0,4.0,17.0,29.0,32.0,32.0,10.0,0.0,0.0,0.0,0.0,0.0,0.0,0.0,0.0,0.0,4.0,0.0,0.0,0.0,0.0,8.0,0.0,0.0,0.0,0.0,0.0,9.0,20.0,1.0,13.0,19.0,1.0,8.0,11.0,6.0,23.0,34.0,45.0,39.0,19.0
868,1.0,868.0,London_60,,151,453,1092.0,70.0,2.0,165798.0,1.0799716410692781,819.0,91.0,2.0,89.0,174.0,16.0,158.0,288.0,199.0,131.0,22.0,60.0,10.0,29.0,1.0,1.0,4.0,74.0,135.0,240.0,32.0,0.0,0.0,0.0,0.0,0.0,0.0,0.0,0.0,0.0,0.0,0.0,0.0,0.0,0.0,0.0,0.0,0.0,0.0,0.0,0.0,0.0,0.0,0.0,0.0,0.0,0.0,0.0,0.0,0.0,1.0,0.0,0.0,0.0,1.0,1.0,2.0,0.0,0.0,0.0,0.0,1.0,2.0,0.0,2.0,0.0,0.0,17.0,9.0,2.0,9.0,24.0,14.0,14.0,9.0,0.0,0.0,0.0,0.0,0.0,0.0,0.0,0.0,0.0,3.0,0.0,0.0,0.0,5.0,8.0,8.0,0.0,0.0,0.0,0.0,2.0,2.0,0.0,2.0,0.0,0.0,22.0,19.0,2.0,13.0,34.0,24.0,20.0,16.0
869,1.0,869.0,London_60,,151,453,1092.0,70.0,2.0,159003.0,1.0919726870488375,804.0,164.0,0.0,164.0,274.0,0.0,274.0,174.0,199.0,120.0,25.0,62.0,8.0,32.0,1.0,6.0,2.0,86.0,132.0,233.0,29.0,0.0,0.0,0.0,0.0,0.0,0.0,0.0,0.0,0.0,0.0,0.0,0.0,0.0,0.0,0.0,0.0,0.0,0.0,0.0,0.0,0.0,0.0,0.0,0.0,0.0,0.0,0.0,0.0,0.0,0.0,0.0,0.0,0.0,0.0,0.0,0.0,0.0,0.0,0.0,0.0,4.0,17.0,2.0,6.0,0.0,0.0,12.0,15.0,5.0,12.0,30.0,35.0,21.0,16.0,0.0,0.0,0.0,0.0,0.0,0.0,0.0,0.0,0.0,0.0,0.0,0.0,0.0,0.0,0.0,0.0,0.0,0.0,0.0,0.0,4.0,22.0,2.0,8.0,0.0,0.0,16.0,19.0,6.0,16.0,49.0,44.0,33.0,22.0
870,1.0,870.0,London_60,,151,453,1092.0,70.0,2.0,113250.0,0.5495767018292099,703.0,36.0,2.0,34.0,76.0,18.0,58.0,274.0,199.0,105.0,20.0,76.0,14.0,33.0,2.0,4.0,5.0,68.0,166.0,214.0,38.0,0.0,0.0,0.0,0.0,0.0,0.0,0.0,0.0,0.0,0.0,0.0,0.0,0.0,0.0,0.0,0.0,0.0,0.0,0.0,0.0,0.0,0.0,0.0,0.0,0.0,0.0,0.0,0.0,0.0,0.0,0.0,0.0,0.0,0.0,0.0,1.0,0.0,0.0,0.0,0.0,0.0,1.0,0.0,2.0,0.0,0.0,1.0,3.0,2.0,0.0,3.0,7.0,8.0,1.0,0.0,0.0,0.0,0.0,0.0,0.0,0.0,0.0,0.0,0.0,0.0,0.0,0.0,0.0,0.0,1.0,0.0,0.0,0.0,0.0,0.0,2.0,0.0,2.0,0.0,0.0,2.0,7.0,3.0,0.0,7.0,8.0,9.0,1.0
871,1.0,871.0,London_60,,151,453,1092.0,70.0,2.0,129558.0,0.47856983193196356,739.0,64.0,0.0,64.0,115.0,0.0,115.0,76.0,197.0,100.0,22.0,87.0,9.0,34.0,1.0,3.0,5.0,70.0,162.0,216.0,34.0,0.0,0.0,0.0,0.0,0.0,0.0,0.0,0.0,0.0,0.0,0.0,0.0,0.0,0.0,0.0,0.0,0.0,0.0,0.0,0.0,0.0,0.0,0.0,0.0,0.0,0.0,0.0,0.0,0.0,0.0,0.0,0.0,0.0,0.0,0.0,0.0,0.0,0.0,0.0,0.0,0.0,1.0,0.0,0.0,0.0,0.0,3.0,9.0,6.0,8.0,10.0,15.0,3.0,7.0,0.0,0.0,0.0,0.0,0.0,0.0,0.0,0.0,0.0,0.0,0.0,0.0,0.0,0.0,0.0,0.0,0.0,0.0,0.0,0.0,0.0,1.0,0.0,0.0,0.0,0.0,4.0,12.0,9.0,12.0,16.0,22.0,6.0,12.0
872,1.0,872.0,London_60,,151,453,1092.0,70.0,2.0,137712.0,0.5162113539408892,757.0,82.0,0.0,82.0,131.0,0.0,131.0,115.0,200.0,105.0,21.0,83.0,12.0,31.0,0.0,1.0,3.0,75.0,154.0,221.0,32.0,0.0,0.0,0.0,0.0,0.0,0.0,0.0,0.0,0.0,0.0,0.0,0.0,0.0,0.0,0.0,0.0,0.0,0.0,0.0,0.0,0.0,0.0,0.0,0.0,0.0,0.0,0.0,0.0,0.0,0.0,0.0,0.0,0.0,0.0,0.0,0.0,0.0,0.0,0.0,0.0,0.0,1.0,0.0,4.0,0.0,0.0,3.0,5.0,0.0,13.0,13.0,25.0,16.0,13.0,0.0,0.0,0.0,0.0,0.0,0.0,0.0,0.0,0.0,0.0,0.0,0.0,0.0,0.0,0.0,0.0,0.0,0.0,0.0,0.0,0.0,2.0,0.0,7.0,0.0,0.0,3.0,5.0,0.0,21.0,16.0,33.0,21.0,16.0
873,1.0,873.0,London_60,,151,453,1092.0,70.0,2.0,138618.0,1.1987716341391206,759.0,4.0,1.0,3.0,14.0,9.0,5.0,131.0,210.0,110.0,19.0,70.0,11.0,32.0,0.0,1.0,1.0,82.0,155.0,215.0,22.0,0.0,0.0,0.0,0.0,0.0,0.0,0.0,0.0,0.0,0.0,0.0,0.0,0.0,0.0,0.0,0.0,0.0,0.0,0.0,0.0,0.0,0.0,0.0,0.0,0.0,0.0,0.0,0.0,0.0,0.0,0.0,0.0,0.0,0.0,0.0,0.0,0.0,0.0,0.0,0.0,0.0,0.0,0.0,1.0,0.0,0.0,0.0,1.0,0.0,0.0,1.0,1.0,1.0,0.0,0.0,0.0,0.0,0.0,0.0,0.0,0.0,0.0,0.0,0.0,0.0,0.0,0.0,0.0,0.0,0.0,0.0,0.0,0.0,0.0,0.0,0.0,0.0,1.0,0.0,0.0,0.0,2.0,0.0,0.0,1.0,2.0,1.0,0.0
874,1.0,874.0,London_60,,151,453,1092.0,70.0,2.0,179388.0,0.6746296130586416,849.0,152.0,2.0,150.0,276.0,17.0,259.0,14.0,212.0,113.0,17.0,65.0,11.0,33.0,1.0,1.0,1.0,85.0,152.0,215.0,21.0,0.0,0.0,0.0,0.0,0.0,0.0,0.0,0.0,0.0,0.0,0.0,0.0,0.0,0.0,0.0,0.0,0.0,0.0,0.0,0.0,0.0,0.0,0.0,0.0,0.0,0.0,0.0,0.0,0.0,1.0,0.0,0.0,0.0,0.0,0.0,0.0,0.0,0.0,0.0,0.0,7.0,13.0,2.0,5.0,6.0,0.0,5.0,3.0,1.0,8.0,25.0,30.0,25.0,6.0,0.0,0.0,0.0,0.0,0.0,0.0,0.0,0.0,0.0,1.0,0.0,0.0,0.0,0.0,0.0,0.0,0.0,0.0,0.0,0.0,7.0,18.0,2.0,7.0,6.0,0.0,6.0,4.0,1.0,11.0,31.0,47.0,32.0,10.0
875,1.0,875.0,London_60,,151,453,1092.0,70.0,2.0,148131.0,0.7194031330291182,780.0,67.0,1.0,66.0,116.0,10.0,106.0,276.0,193.0,101.0,23.0,90.0,15.0,24.0,2.0,5.0,6.0,89.0,138.0,220.0,35.0,0.0,0.0,0.0,0.0,0.0,0.0,0.0,0.0,0.0,0.0,0.0,0.0,0.0,0.0,0.0,0.0,0.0,0.0,0.0,0.0,0.0,0.0,0.0,0.0,0.0,0.0,0.0,0.0,0.0,1.0,0.0,0.0,0.0,0.0,0.0,1.0,0.0,0.0,0.0,0.0,0.0,2.0,0.0,0.0,0.0,0.0,3.0,6.0,0.0,4.0,13.0,16.0,13.0,4.0,0.0,0.0,0.0,0.0,0.0,0.0,0.0,0.0,0.0,2.0,0.0,0.0,0.0,0.0,0.0,4.0,0.0,0.0,0.0,0.0,0.0,3.0,0.0,0.0,0.0,0.0,4.0,8.0,0.0,4.0,24.0,24.0,15.0,5.0
876,1.0,876.0,London_60,,151,453,1092.0,70.0,2.0,157191.0,0.6302636079490185,800.0,60.0,0.0,60.0,94.0,0.0,94.0,116.0,198.0,104.0,30.0,85.0,11.0,18.0,2.0,5.0,9.0,84.0,138.0,222.0,34.0,0.0,0.0,0.0,0.0,0.0,0.0,0.0,0.0,0.0,0.0,0.0,0.0,0.0,0.0,0.0,0.0,0.0,0.0,0.0,0.0,0.0,0.0,0.0,0.0,0.0,0.0,0.0,0.0,0.0,0.0,0.0,0.0,0.0,0.0,0.0,0.0,0.0,0.0,0.0,0.0,0.0,2.0,1.0,0.0,0.0,0.0,3.0,3.0,3.0,7.0,13.0,7.0,17.0,3.0,0.0,0.0,0.0,0.0,0.0,0.0,0.0,0.0,0.0,0.0,0.0,0.0,0.0,0.0,0.0,0.0,0.0,0.0,0.0,0.0,0.0,4.0,2.0,0.0,0.0,0.0,3.0,3.0,3.0,12.0,20.0,9.0,21.0,3.0
877,1.0,877.0,London_60,,151,453,1092.0,70.0,2.0,174405.0,0.7240356670226902,838.0,108.0,2.0,106.0,201.0,17.0,184.0,94.0,195.0,115.0,31.0,72.0,11.0,19.0,3.0,7.0,7.0,81.0,132.0,233.0,31.0,0.0,0.0,0.0,0.0,0.0,0.0,0.0,0.0,0.0,0.0,0.0,0.0,0.0,0.0,0.0,0.0,0.0,0.0,0.0,0.0,0.0,0.0,0.0,0.0,0.0,0.0,0.0,0.0,0.0,1.0,0.0,0.0,1.0,0.0,1.0,2.0,0.0,0.0,0.0,0.0,2.0,2.0,2.0,1.0,0.0,0.0,16.0,6.0,10.0,8.0,25.0,22.0,21.0,10.0,0.0,0.0,0.0,0.0,0.0,0.0,0.0,0.0,0.0,1.0,0.0,0.0,1.0,0.0,3.0,7.0,0.0,0.0,0.0,0.0,3.0,3.0,3.0,2.0,0.0,0.0,20.0,10.0,13.0,10.0,34.0,31.0,28.0,15.0
878,1.0,878.0,London_60,,151,453,1092.0,70.0,2.0,168969.0,0.8445883879903704,826.0,101.0,2.0,99.0,173.0,18.0,155.0,201.0,187.0,127.0,27.0,61.0,7.0,33.0,5.0,6.0,10.0,80.0,138.0,225.0,31.0,0.0,0.0,0.0,0.0,0.0,0.0,0.0,0.0,0.0,0.0,0.0,0.0,0.0,0.0,0.0,0.0,0.0,0.0,0.0,0.0,0.0,0.0,0.0,0.0,0.0,0.0,0.0,0.0,0.0,0.0,0.0,0.0,0.0,1.0,0.0,1.0,1.0,0.0,0.0,0.0,4.0,3.0,0.0,0.0,0.0,1.0,7.0,10.0,4.0,8.0,22.0,26.0,19.0,7.0,0.0,0.0,0.0,0.0,0.0,0.0,0.0,0.0,0.0,0.0,0.0,0.0,0.0,8.0,0.0,6.0,7.0,0.0,0.0,0.0,6.0,4.0,0.0,0.0,0.0,2.0,7.0,14.0,5.0,10.0,32.0,33.0,23.0,9.0
879,1.0,879.0,London_60,,151,453,1092.0,70.0,2.0,163986.0,0.6297729450743645,815.0,120.0,1.0,119.0,211.0,9.0,202.0,173.0,198.0,117.0,20.0,73.0,10.0,28.0,5.0,2.0,7.0,78.0,140.0,228.0,35.0,0.0,0.0,0.0,0.0,0.0,0.0,0.0,0.0,0.0,0.0,0.0,0.0,0.0,0.0,0.0,0.0,0.0,0.0,0.0,0.0,0.0,0.0,0.0,0.0,0.0,0.0,0.0,0.0,0.0,0.0,0.0,0.0,0.0,0.0,0.0,1.0,0.0,0.0,0.0,0.0,3.0,3.0,15.0,4.0,6.0,0.0,5.0,8.0,8.0,9.0,20.0,28.0,19.0,4.0,0.0,0.0,0.0,0.0,0.0,0.0,0.0,0.0,0.0,0.0,0.0,0.0,0.0,0.0,0.0,3.0,0.0,0.0,0.0,0.0,3.0,6.0,17.0,7.0,6.0,0.0,6.0,10.0,12.0,9.0,30.0,39.0,26.0,5.0
880,1.0,880.0,London_60,,151,453,1092.0,70.0,2.0,149490.0,0.776985335862264,783.0,13.0,1.0,12.0,28.0,8.0,20.0,211.0,228.0,119.0,11.0,53.0,8.0,26.0,0.0,8.0,4.0,81.0,139.0,229.0,23.0,0.0,0.0,0.0,0.0,0.0,0.0,0.0,0.0,0.0,0.0,0.0,0.0,0.0,0.0,0.0,0.0,0.0,0.0,0.0,0.0,0.0,0.0,0.0,0.0,0.0,0.0,0.0,0.0,0.0,0.0,0.0,0.0,1.0,0.0,0.0,1.0,0.0,0.0,0.0,0.0,0.0,0.0,0.0,0.0,0.0,0.0,1.0,0.0,0.0,0.0,2.0,2.0,1.0,2.0,0.0,0.0,0.0,0.0,0.0,0.0,0.0,0.0,0.0,0.0,0.0,0.0,1.0,0.0,0.0,5.0,0.0,0.0,0.0,0.0,0.0,0.0,0.0,0.0,0.0,0.0,1.0,0.0,0.0,0.0,3.0,3.0,2.0,3.0
881,1.0,881.0,London_60,,151,453,1092.0,70.0,2.0,174858.0,0.8669189789798111,839.0,142.0,0.0,142.0,239.0,0.0,239.0,28.0,229.0,116.0,9.0,60.0,4.0,27.0,0.0,8.0,2.0,79.0,141.0,231.0,20.0,0.0,0.0,0.0,0.0,0.0,0.0,0.0,0.0,0.0,0.0,0.0,0.0,0.0,0.0,0.0,0.0,0.0,0.0,0.0,0.0,0.0,0.0,0.0,0.0,0.0,0.0,0.0,0.0,0.0,0.0,0.0,0.0,0.0,0.0,0.0,0.0,0.0,0.0,0.0,0.0,3.0,14.0,3.0,0.0,3.0,0.0,8.0,14.0,17.0,15.0,30.0,28.0,19.0,22.0,0.0,0.0,0.0,0.0,0.0,0.0,0.0,0.0,0.0,0.0,0.0,0.0,0.0,0.0,0.0,0.0,0.0,0.0,0.0,0.0,3.0,18.0,3.0,0.0,3.0,0.0,9.0,19.0,20.0,24.0,49.0,45.0,25.0,36.0
882,1.0,882.0,London_60,,151,453,1092.0,70.0,2.0,153114.0,0.6161213640589267,791.0,112.0,0.0,112.0,204.0,0.0,204.0,239.0,213.0,107.0,18.0,76.0,7.0,26.0,1.0,5.0,7.0,79.0,154.0,213.0,31.0,0.0,0.0,0.0,0.0,0.0,0.0,0.0,0.0,0.0,0.0,0.0,0.0,0.0,0.0,0.0,0.0,0.0,0.0,0.0,0.0,0.0,0.0,0.0,0.0,0.0,0.0,0.0,0.0,0.0,0.0,0.0,0.0,0.0,0.0,0.0,0.0,0.0,0.0,0.0,0.0,3.0,10.0,2.0,1.0,0.0,0.0,12.0,5.0,4.0,12.0,26.0,23.0,28.0,8.0,0.0,0.0,0.0,0.0,0.0,0.0,0.0,0.0,0.0,0.0,0.0,0.0,0.0,0.0,0.0,0.0,0.0,0.0,0.0,0.0,3.0,14.0,3.0,1.0,0.0,0.0,16.0,5.0,6.0,14.0,40.0,31.0,39.0,8.0
883,1.0,883.0,London_60,,151,453,1092.0,70.0,2.0,143601.0,0.939300853991881,770.0,67.0,1.0,66.0,124.0,7.0,117.0,204.0,215.0,110.0,17.0,68.0,8.0,26.0,2.0,7.0,7.0,72.0,151.0,223.0,29.0,0.0,0.0,0.0,0.0,0.0,0.0,0.0,0.0,0.0,0.0,0.0,0.0,0.0,0.0,0.0,0.0,0.0,0.0,0.0,0.0,0.0,0.0,0.0,0.0,0.0,0.0,0.0,0.0,0.0,0.0,0.0,0.0,1.0,0.0,1.0,0.0,0.0,0.0,0.0,0.0,2.0,3.0,0.0,1.0,1.0,0.0,8.0,4.0,8.0,4.0,14.0,17.0,19.0,5.0,0.0,0.0,0.0,0.0,0.0,0.0,0.0,0.0,0.0,0.0,0.0,0.0,4.0,0.0,4.0,0.0,0.0,0.0,0.0,0.0,3.0,3.0,0.0,2.0,1.0,0.0,14.0,7.0,13.0,6.0,22.0,25.0,24.0,11.0
884,1.0,884.0,London_60,,151,453,1092.0,70.0,2.0,158097.0,1.1855062830727547,802.0,141.0,1.0,140.0,247.0,9.0,238.0,124.0,219.0,121.0,19.0,53.0,9.0,28.0,2.0,2.0,8.0,70.0,143.0,232.0,37.0,0.0,0.0,0.0,0.0,0.0,0.0,0.0,0.0,0.0,0.0,0.0,0.0,0.0,0.0,0.0,0.0,0.0,0.0,0.0,0.0,0.0,0.0,0.0,0.0,0.0,0.0,0.0,0.0,0.0,0.0,0.0,0.0,0.0,0.0,0.0,0.0,0.0,0.0,0.0,0.0,1.0,19.0,6.0,0.0,8.0,0.0,15.0,10.0,7.0,11.0,24.0,34.0,18.0,8.0,0.0,0.0,0.0,0.0,0.0,0.0,0.0,0.0,0.0,0.0,0.0,0.0,0.0,0.0,0.0,0.0,0.0,0.0,0.0,0.0,1.0,27.0,7.0,0.0,9.0,0.0,21.0,12.0,10.0,14.0,34.0,53.0,22.0,14.0
885,1.0,885.0,London_60,,151,453,1092.0,70.0,2.0,129558.0,0.4940634409431368,739.0,55.0,2.0,53.0,113.0,19.0,94.0,247.0,215.0,96.0,20.0,75.0,12.0,30.0,0.0,5.0,10.0,73.0,153.0,217.0,28.0,0.0,0.0,0.0,0.0,0.0,0.0,0.0,0.0,0.0,0.0,0.0,0.0,0.0,0.0,0.0,0.0,0.0,0.0,0.0,0.0,0.0,0.0,0.0,0.0,0.0,0.0,0.0,0.0,0.0,0.0,0.0,0.0,1.0,0.0,1.0,1.0,0.0,0.0,0.0,0.0,3.0,0.0,0.0,0.0,0.0,0.0,2.0,3.0,4.0,2.0,14.0,12.0,7.0,4.0,0.0,0.0,0.0,0.0,0.0,0.0,0.0,0.0,0.0,0.0,0.0,0.0,1.0,0.0,7.0,2.0,0.0,0.0,0.0,0.0,4.0,0.0,0.0,0.0,0.0,0.0,2.0,4.0,6.0,4.0,20.0,21.0,8.0,7.0
886,1.0,886.0,London_60,,151,453,1092.0,70.0,2.0,145866.0,1.9327193500939757,775.0,83.0,2.0,81.0,161.0,20.0,141.0,113.0,221.0,96.0,20.0,68.0,11.0,34.0,0.0,3.0,4.0,78.0,147.0,224.0,28.0,0.0,0.0,0.0,0.0,0.0,0.0,0.0,0.0,0.0,0.0,0.0,0.0,0.0,0.0,0.0,0.0,0.0,0.0,0.0,0.0,0.0,0.0,0.0,0.0,0.0,0.0,0.0,0.0,0.0,1.0,0.0,0.0,0.0,0.0,0.0,0.0,0.0,0.0,0.0,0.0,2.0,1.0,0.0,0.0,0.0,0.0,14.0,5.0,4.0,6.0,15.0,20.0,14.0,5.0,0.0,0.0,0.0,0.0,0.0,0.0,0.0,0.0,0.0,3.0,0.0,0.0,0.0,0.0,0.0,0.0,0.0,0.0,0.0,0.0,3.0,1.0,0.0,0.0,0.0,0.0,17.0,7.0,5.0,9.0,19.0,36.0,18.0,6.0
887,1.0,887.0,London_60,,151,453,1092.0,70.0,2.0,154473.0,0.6030437408480793,794.0,3.0,1.0,2.0,12.0,8.0,4.0,161.0,225.0,108.0,24.0,65.0,4.0,24.0,0.0,3.0,2.0,74.0,147.0,230.0,19.0,0.0,0.0,0.0,0.0,0.0,0.0,0.0,0.0,0.0,0.0,0.0,0.0,0.0,0.0,0.0,0.0,0.0,0.0,0.0,0.0,0.0,0.0,0.0,0.0,0.0,0.0,0.0,0.0,0.0,0.0,0.0,0.0,0.0,1.0,0.0,1.0,0.0,0.0,0.0,0.0,0.0,0.0,0.0,0.0,0.0,0.0,0.0,0.0,0.0,0.0,0.0,1.0,0.0,0.0,0.0,0.0,0.0,0.0,0.0,0.0,0.0,0.0,0.0,0.0,0.0,0.0,0.0,6.0,0.0,4.0,0.0,0.0,0.0,0.0,0.0,0.0,0.0,0.0,0.0,0.0,0.0,0.0,0.0,0.0,0.0,2.0,0.0,0.0
888,1.0,888.0,London_60,,151,453,1092.0,70.0,2.0,193884.0,1.8547257462050766,881.0,117.0,0.0,117.0,201.0,0.0,201.0,12.0,226.0,106.0,25.0,64.0,5.0,24.0,0.0,3.0,3.0,74.0,142.0,234.0,16.0,0.0,0.0,0.0,0.0,0.0,0.0,0.0,0.0,0.0,0.0,0.0,0.0,0.0,0.0,0.0,0.0,0.0,0.0,0.0,0.0,0.0,0.0,0.0,0.0,0.0,0.0,0.0,0.0,0.0,0.0,0.0,0.0,0.0,0.0,0.0,0.0,0.0,0.0,0.0,0.0,2.0,6.0,6.0,1.0,4.0,0.0,6.0,10.0,6.0,7.0,21.0,24.0,21.0,17.0,0.0,0.0,0.0,0.0,0.0,0.0,0.0,0.0,0.0,0.0,0.0,0.0,0.0,0.0,0.0,0.0,0.0,0.0,0.0,0.0,3.0,10.0,8.0,1.0,4.0,0.0,6.0,15.0,8.0,9.0,29.0,38.0,28.0,28.0
889,1.0,889.0,London_60,,151,453,1092.0,70.0,2.0,179841.0,1.793516251957044,850.0,83.0,2.0,81.0,151.0,19.0,132.0,201.0,240.0,107.0,19.0,60.0,5.0,16.0,2.0,4.0,3.0,70.0,161.0,219.0,17.0,0.0,0.0,0.0,0.0,0.0,0.0,0.0,0.0,0.0,0.0,0.0,0.0,0.0,0.0,0.0,0.0,0.0,0.0,0.0,0.0,0.0,0.0,0.0,0.0,0.0,0.0,0.0,0.0,0.0,0.0,0.0,0.0,1.0,0.0,1.0,2.0,0.0,0.0,0.0,0.0,2.0,2.0,1.0,3.0,3.0,0.0,5.0,3.0,2.0,13.0,15.0,22.0,11.0,10.0,0.0,0.0,0.0,0.0,0.0,0.0,0.0,0.0,0.0,0.0,0.0,0.0,6.0,0.0,9.0,6.0,0.0,0.0,0.0,0.0,3.0,2.0,1.0,3.0,3.0,0.0,6.0,4.0,2.0,17.0,23.0,30.0,13.0,15.0
890,1.0,890.0,London_60,,151,453,1092.0,70.0,2.0,179841.0,1.6912272160407156,850.0,172.0,0.0,172.0,293.0,0.0,293.0,151.0,243.0,115.0,21.0,41.0,6.0,23.0,0.0,4.0,6.0,78.0,146.0,223.0,14.0,0.0,0.0,0.0,0.0,0.0,0.0,0.0,0.0,0.0,0.0,0.0,0.0,0.0,0.0,0.0,0.0,0.0,0.0,0.0,0.0,0.0,0.0,0.0,0.0,0.0,0.0,0.0,0.0,0.0,0.0,0.0,0.0,0.0,0.0,0.0,0.0,0.0,0.0,0.0,0.0,10.0,0.0,0.0,2.0,5.0,0.0,8.0,12.0,7.0,10.0,31.0,44.0,23.0,19.0,0.0,0.0,0.0,0.0,0.0,0.0,0.0,0.0,0.0,0.0,0.0,0.0,0.0,0.0,0.0,0.0,0.0,0.0,0.0,0.0,11.0,0.0,0.0,2.0,5.0,0.0,10.0,14.0,7.0,15.0,45.0,59.0,27.0,30.0
891,1.0,891.0,London_60,,151,453,1092.0,70.0,2.0,130464.0,1.0329182939603925,741.0,25.0,2.0,23.0,64.0,18.0,46.0,293.0,195.0,107.0,24.0,84.0,7.0,25.0,3.0,8.0,8.0,70.0,153.0,222.0,30.0,0.0,0.0,0.0,0.0,0.0,0.0,0.0,0.0,0.0,0.0,0.0,0.0,0.0,0.0,0.0,0.0,0.0,0.0,0.0,0.0,0.0,0.0,0.0,0.0,0.0,0.0,0.0,0.0,0.0,1.0,0.0,0.0,0.0,0.0,0.0,1.0,0.0,0.0,0.0,0.0,2.0,3.0,0.0,2.0,0.0,0.0,2.0,2.0,3.0,4.0,4.0,7.0,4.0,1.0,0.0,0.0,0.0,0.0,0.0,0.0,0.0,0.0,0.0,7.0,0.0,0.0,0.0,0.0,0.0,1.0,0.0,0.0,0.0,0.0,3.0,4.0,0.0,3.0,0.0,0.0,2.0,3.0,5.0,4.0,5.0,11.0,5.0,3.0
892,1.0,892.0,London_60,,151,453,1092.0,70.0,2.0,157191.0,1.9033872850704938,800.0,182.0,0.0,182.0,316.0,0.0,316.0,64.0,203.0,121.0,25.0,81.0,4.0,15.0,3.0,1.0,8.0,71.0,155.0,219.0,24.0,0.0,0.0,0.0,0.0,0.0,0.0,0.0,0.0,0.0,0.0,0.0,0.0,0.0,0.0,0.0,0.0,0.0,0.0,0.0,0.0,0.0,0.0,0.0,0.0,0.0,0.0,0.0,0.0,0.0,0.0,0.0,0.0,0.0,0.0,0.0,0.0,0.0,0.0,0.0,0.0,4.0,15.0,3.0,6.0,4.0,0.0,15.0,8.0,1.0,21.0,34.0,46.0,24.0,15.0,0.0,0.0,0.0,0.0,0.0,0.0,0.0,0.0,0.0,0.0,0.0,0.0,0.0,0.0,0.0,0.0,0.0,0.0,0.0,0.0,4.0,21.0,3.0,10.0,4.0,0.0,17.0,9.0,2.0,27.0,56.0,67.0,33.0,21.0
893,1.0,893.0,London_60,,151,453,1092.0,70.0,2.0,94224.0,0.73783337790519,661.0,78.0,0.0,78.0,130.0,0.0,130.0,316.0,178.0,120.0,19.0,101.0,8.0,20.0,4.0,3.0,10.0,66.0,154.0,223.0,52.0,0.0,0.0,0.0,0.0,0.0,0.0,0.0,0.0,0.0,0.0,0.0,0.0,0.0,0.0,0.0,0.0,0.0,0.0,0.0,0.0,0.0,0.0,0.0,0.0,0.0,0.0,0.0,0.0,0.0,0.0,0.0,0.0,0.0,0.0,0.0,0.0,0.0,0.0,0.0,0.0,0.0,1.0,0.0,2.0,0.0,0.0,5.0,5.0,0.0,8.0,12.0,17.0,11.0,4.0,0.0,0.0,0.0,0.0,0.0,0.0,0.0,0.0,0.0,0.0,0.0,0.0,0.0,0.0,0.0,0.0,0.0,0.0,0.0,0.0,0.0,2.0,0.0,3.0,0.0,0.0,7.0,7.0,0.0,10.0,19.0,23.0,13.0,6.0
894,1.0,894.0,London_60,,151,453,1092.0,70.0,2.0,76557.0,0.6029696390032768,622.0,0.0,0.0,0.0,0.0,0.0,0.0,130.0,183.0,125.0,23.0,80.0,12.0,28.0,2.0,0.0,7.0,72.0,149.0,225.0,45.0,0.0,0.0,0.0,0.0,0.0,0.0,0.0,0.0,0.0,0.0,0.0,0.0,0.0,0.0,0.0,0.0,0.0,0.0,0.0,0.0,0.0,0.0,0.0,0.0,0.0,0.0,0.0,0.0,0.0,0.0,0.0,0.0,0.0,0.0,0.0,0.0,0.0,0.0,0.0,0.0,0.0,0.0,0.0,0.0,0.0,0.0,0.0,0.0,0.0,0.0,0.0,0.0,0.0,0.0,0.0,0.0,0.0,0.0,0.0,0.0,0.0,0.0,0.0,0.0,0.0,0.0,0.0,0.0,0.0,0.0,0.0,0.0,0.0,0.0,0.0,0.0,0.0,0.0,0.0,0.0,0.0,0.0,0.0,0.0,0.0,0.0,0.0,0.0
895,1.0,895.0,London_60,,151,453,1092.0,70.0,2.0,106002.0,0.9146090629510581,687.0,51.0,2.0,49.0,105.0,22.0,83.0,0.0,183.0,125.0,23.0,80.0,12.0,28.0,2.0,0.0,7.0,72.0,149.0,225.0,45.0,0.0,0.0,0.0,0.0,0.0,0.0,0.0,0.0,0.0,1.0,0.0,1.0,0.0,0.0,0.0,0.0,0.0,0.0,1.0,0.0,0.0,0.0,0.0,0.0,0.0,0.0,0.0,0.0,0.0,1.0,0.0,0.0,2.0,0.0,1.0,1.0,0.0,0.0,0.0,0.0,0.0,0.0,0.0,1.0,0.0,0.0,5.0,4.0,1.0,6.0,12.0,9.0,14.0,5.0,0.0,0.0,0.0,0.0,0.0,0.0,0.0,0.0,0.0,1.0,0.0,0.0,4.0,0.0,3.0,1.0,0.0,0.0,0.0,0.0,0.0,0.0,0.0,1.0,0.0,0.0,6.0,4.0,1.0,10.0,24.0,11.0,20.0,7.0
896,1.0,896.0,London_60,,151,453,1092.0,70.0,2.0,127746.0,0.5420039920136333,735.0,27.0,2.0,25.0,62.0,18.0,44.0,98.0,188.0,128.0,23.0,76.0,13.0,25.0,0.0,0.0,5.0,77.0,145.0,226.0,38.0,0.0,0.0,0.0,0.0,0.0,0.0,0.0,0.0,0.0,0.0,0.0,0.0,0.0,0.0,0.0,0.0,0.0,0.0,0.0,0.0,0.0,0.0,0.0,0.0,0.0,0.0,0.0,0.0,0.0,2.0,0.0,0.0,0.0,0.0,2.0,0.0,1.0,0.0,0.0,0.0,0.0,0.0,0.0,0.0,0.0,0.0,1.0,0.0,2.0,1.0,7.0,5.0,4.0,1.0,0.0,0.0,0.0,0.0,0.0,0.0,0.0,0.0,0.0,3.0,0.0,0.0,0.0,0.0,13.0,0.0,10.0,0.0,0.0,0.0,0.0,0.0,0.0,0.0,0.0,0.0,1.0,0.0,2.0,1.0,13.0,7.0,5.0,2.0
897,1.0,897.0,London_60,,151,453,1092.0,70.0,2.0,152208.0,2.193092786008492,789.0,119.0,2.0,117.0,220.0,17.0,203.0,62.0,187.0,134.0,26.0,66.0,10.0,29.0,0.0,1.0,4.0,88.0,125.0,236.0,28.0,0.0,0.0,0.0,0.0,0.0,0.0,0.0,0.0,0.0,0.0,0.0,0.0,0.0,0.0,0.0,0.0,0.0,0.0,0.0,0.0,0.0,0.0,0.0,0.0,0.0,0.0,0.0,0.0,0.0,0.0,0.0,0.0,1.0,0.0,0.0,2.0,0.0,0.0,0.0,0.0,12.0,4.0,1.0,2.0,2.0,0.0,10.0,6.0,5.0,11.0,16.0,29.0,20.0,18.0,0.0,0.0,0.0,0.0,0.0,0.0,0.0,0.0,0.0,0.0,0.0,0.0,4.0,0.0,0.0,6.0,0.0,0.0,0.0,0.0,14.0,4.0,1.0,3.0,2.0,0.0,15.0,8.0,7.0,11.0,26.0,41.0,29.0,22.0
898,1.0,898.0,London_60,,151,453,1092.0,70.0,2.0,150396.0,0.5890178859699517,785.0,70.0,1.0,69.0,127.0,12.0,115.0,220.0,194.0,142.0,18.0,68.0,6.0,18.0,1.0,6.0,5.0,78.0,132.0,238.0,36.0,0.0,0.0,0.0,0.0,0.0,0.0,0.0,0.0,0.0,0.0,0.0,0.0,0.0,0.0,0.0,0.0,0.0,0.0,0.0,0.0,0.0,0.0,0.0,0.0,0.0,0.0,0.0,0.0,0.0,0.0,1.0,0.0,1.0,0.0,0.0,1.0,0.0,0.0,0.0,0.0,0.0,0.0,0.0,1.0,0.0,0.0,4.0,7.0,3.0,6.0,16.0,14.0,14.0,7.0,0.0,0.0,0.0,0.0,0.0,0.0,0.0,0.0,0.0,0.0,9.0,0.0,7.0,0.0,0.0,2.0,0.0,0.0,0.0,0.0,0.0,0.0,0.0,1.0,0.0,0.0,5.0,8.0,6.0,8.0,26.0,20.0,17.0,11.0
899,1.0,899.0,London_60,,151,453,1092.0,70.0,2.0,153567.0,1.2808064338751137,792.0,2.0,0.0,2.0,4.0,0.0,4.0,127.0,200.0,140.0,18.0,66.0,6.0,14.0,1.0,8.0,4.0,69.0,127.0,253.0,36.0,0.0,0.0,0.0,0.0,0.0,0.0,0.0,0.0,0.0,0.0,0.0,0.0,0.0,0.0,0.0,0.0,0.0,0.0,0.0,0.0,0.0,0.0,0.0,0.0,0.0,0.0,0.0,0.0,0.0,0.0,0.0,0.0,0.0,0.0,0.0,0.0,0.0,0.0,0.0,0.0,0.0,0.0,0.0,0.0,0.0,0.0,0.0,0.0,0.0,1.0,1.0,0.0,1.0,0.0,0.0,0.0,0.0,0.0,0.0,0.0,0.0,0.0,0.0,0.0,0.0,0.0,0.0,0.0,0.0,0.0,0.0,0.0,0.0,0.0,0.0,0.0,0.0,0.0,0.0,0.0,0.0,0.0,0.0,1.0,2.0,0.0,1.0,0.0
900,1.0,900.0,London_60,,151,453,1092.0,70.0,2.0,194790.0,1.3139875640626997,883.0,49.0,0.0,49.0,79.0,0.0,79.0,4.0,201.0,139.0,18.0,65.0,6.0,14.0,1.0,9.0,4.0,68.0,128.0,253.0,36.0,0.0,0.0,0.0,0.0,0.0,0.0,0.0,0.0,0.0,0.0,0.0,0.0,0.0,0.0,0.0,0.0,0.0,0.0,0.0,0.0,0.0,0.0,0.0,0.0,0.0,0.0,0.0,0.0,0.0,0.0,0.0,0.0,0.0,0.0,0.0,0.0,0.0,0.0,0.0,0.0,1.0,1.0,0.0,2.0,0.0,0.0,5.0,4.0,2.0,0.0,8.0,10.0,14.0,8.0,0.0,0.0,0.0,0.0,0.0,0.0,0.0,0.0,0.0,0.0,0.0,0.0,0.0,0.0,0.0,0.0,0.0,0.0,0.0,0.0,1.0,1.0,0.0,2.0,0.0,0.0,5.0,7.0,3.0,0.0,12.0,15.0,18.0,13.0
901,1.0,901.0,London_60,,151,453,1092.0,70.0,2.0,219705.0,1.388933822978288,938.0,182.0,0.0,182.0,299.0,0.0,299.0,79.0,195.0,149.0,24.0,56.0,8.0,15.0,1.0,5.0,2.0,72.0,118.0,261.0,29.0,0.0,0.0,0.0,0.0,0.0,0.0,0.0,0.0,0.0,0.0,0.0,0.0,0.0,0.0,0.0,0.0,0.0,0.0,0.0,0.0,0.0,0.0,0.0,0.0,0.0,0.0,0.0,0.0,0.0,0.0,0.0,0.0,0.0,0.0,0.0,0.0,0.0,0.0,0.0,0.0,3.0,13.0,2.0,1.0,11.0,0.0,20.0,6.0,11.0,9.0,41.0,36.0,27.0,8.0,0.0,0.0,0.0,0.0,0.0,0.0,0.0,0.0,0.0,0.0,0.0,0.0,0.0,0.0,0.0,0.0,0.0,0.0,0.0,0.0,3.0,15.0,2.0,1.0,12.0,0.0,25.0,9.0,17.0,13.0,66.0,50.0,32.0,11.0
902,1.0,902.0,London_60,,151,453,1092.0,70.0,2.0,183465.0,0.7669067119713873,858.0,149.0,2.0,147.0,274.0,18.0,256.0,299.0,194.0,113.0,21.0,83.0,10.0,19.0,1.0,12.0,8.0,63.0,145.0,237.0,40.0,0.0,0.0,0.0,0.0,0.0,0.0,0.0,0.0,0.0,0.0,0.0,0.0,0.0,0.0,0.0,0.0,0.0,0.0,0.0,0.0,0.0,0.0,0.0,0.0,0.0,0.0,0.0,0.0,0.0,0.0,0.0,0.0,0.0,0.0,0.0,0.0,0.0,0.0,0.0,0.0,4.0,1.0,3.0,0.0,17.0,0.0,14.0,12.0,5.0,10.0,28.0,32.0,29.0,15.0,0.0,0.0,0.0,0.0,0.0,0.0,0.0,0.0,0.0,0.0,0.0,0.0,0.0,0.0,0.0,0.0,0.0,0.0,0.0,0.0,4.0,3.0,3.0,0.0,19.0,0.0,16.0,15.0,6.0,12.0,39.0,47.0,40.0,24.0
903,1.0,903.0,London_60,,151,453,1092.0,70.0,2.0,154473.0,0.6017297578509897,794.0,101.0,1.0,100.0,192.0,8.0,184.0,274.0,206.0,117.0,18.0,83.0,5.0,13.0,2.0,9.0,5.0,67.0,146.0,235.0,29.0,0.0,0.0,0.0,0.0,0.0,0.0,0.0,0.0,0.0,0.0,0.0,0.0,0.0,0.0,0.0,0.0,0.0,0.0,0.0,0.0,0.0,0.0,0.0,0.0,0.0,0.0,0.0,0.0,0.0,0.0,0.0,0.0,1.0,0.0,0.0,1.0,0.0,0.0,0.0,0.0,2.0,0.0,0.0,4.0,3.0,0.0,13.0,13.0,1.0,13.0,13.0,26.0,14.0,8.0,0.0,0.0,0.0,0.0,0.0,0.0,0.0,0.0,0.0,0.0,0.0,0.0,1.0,0.0,0.0,1.0,0.0,0.0,0.0,0.0,5.0,0.0,0.0,6.0,4.0,0.0,16.0,21.0,2.0,17.0,21.0,41.0,16.0,14.0
904,1.0,904.0,London_60,,151,453,1092.0,70.0,2.0,147225.0,0.5617405280936509,778.0,57.0,0.0,57.0,107.0,0.0,107.0,192.0,214.0,144.0,18.0,58.0,2.0,10.0,2.0,5.0,1.0,79.0,139.0,234.0,32.0,0.0,0.0,0.0,0.0,0.0,0.0,0.0,0.0,0.0,0.0,0.0,0.0,0.0,0.0,0.0,0.0,0.0,0.0,0.0,0.0,0.0,0.0,0.0,0.0,0.0,0.0,0.0,0.0,0.0,0.0,0.0,0.0,0.0,0.0,0.0,0.0,0.0,0.0,0.0,0.0,0.0,2.0,6.0,0.0,2.0,0.0,2.0,5.0,3.0,10.0,5.0,23.0,7.0,8.0,0.0,0.0,0.0,0.0,0.0,0.0,0.0,0.0,0.0,0.0,0.0,0.0,0.0,0.0,0.0,0.0,0.0,0.0,0.0,0.0,0.0,2.0,6.0,0.0,2.0,0.0,2.0,8.0,3.0,13.0,7.0,32.0,10.0,12.0
905,1.0,905.0,London_60,,151,453,1092.0,70.0,2.0,154926.0,1.1128579981159419,795.0,91.0,0.0,91.0,172.0,0.0,172.0,107.0,218.0,141.0,22.0,53.0,5.0,7.0,2.0,5.0,1.0,81.0,144.0,227.0,16.0,0.0,0.0,0.0,0.0,0.0,0.0,0.0,0.0,0.0,0.0,0.0,0.0,0.0,0.0,0.0,0.0,0.0,0.0,0.0,0.0,0.0,0.0,0.0,0.0,0.0,0.0,0.0,0.0,0.0,0.0,0.0,0.0,0.0,0.0,0.0,0.0,0.0,0.0,0.0,0.0,4.0,3.0,7.0,2.0,0.0,0.0,7.0,3.0,7.0,13.0,19.0,20.0,15.0,11.0,0.0,0.0,0.0,0.0,0.0,0.0,0.0,0.0,0.0,0.0,0.0,0.0,0.0,0.0,0.0,0.0,0.0,0.0,0.0,0.0,6.0,4.0,7.0,4.0,0.0,0.0,10.0,5.0,8.0,19.0,32.0,32.0,17.0,20.0
906,1.0,906.0,London_60,,151,453,1092.0,70.0,2.0,153114.0,0.7429087050259113,791.0,102.0,2.0,100.0,184.0,17.0,167.0,172.0,232.0,124.0,15.0,62.0,2.0,10.0,2.0,6.0,3.0,74.0,144.0,232.0,27.0,0.0,0.0,0.0,0.0,0.0,0.0,0.0,0.0,0.0,0.0,0.0,0.0,0.0,0.0,0.0,0.0,0.0,0.0,0.0,0.0,0.0,0.0,0.0,0.0,0.0,0.0,0.0,0.0,0.0,0.0,0.0,0.0,2.0,1.0,1.0,1.0,0.0,0.0,0.0,0.0,1.0,2.0,0.0,0.0,10.0,0.0,11.0,3.0,6.0,11.0,21.0,27.0,26.0,7.0,0.0,0.0,0.0,0.0,0.0,0.0,0.0,0.0,0.0,0.0,0.0,0.0,5.0,6.0,10.0,1.0,0.0,0.0,0.0,0.0,1.0,2.0,0.0,0.0,10.0,0.0,12.0,6.0,8.0,12.0,30.0,40.0,32.0,12.0
907,1.0,907.0,London_60,,151,453,1092.0,70.0,2.0,129558.0,1.636375828878954,739.0,93.0,0.0,93.0,168.0,0.0,168.0,184.0,244.0,120.0,13.0,51.0,5.0,14.0,2.0,4.0,4.0,72.0,144.0,233.0,33.0,0.0,0.0,0.0,0.0,0.0,0.0,0.0,0.0,0.0,0.0,0.0,0.0,0.0,0.0,0.0,0.0,0.0,0.0,0.0,0.0,0.0,0.0,0.0,0.0,0.0,0.0,0.0,0.0,0.0,0.0,0.0,0.0,0.0,0.0,0.0,0.0,0.0,0.0,0.0,0.0,1.0,7.0,0.0,0.0,0.0,0.0,9.0,3.0,3.0,13.0,17.0,17.0,17.0,4.0,0.0,0.0,0.0,0.0,0.0,0.0,0.0,0.0,0.0,0.0,0.0,0.0,0.0,0.0,0.0,0.0,0.0,0.0,0.0,0.0,1.0,8.0,0.0,0.0,0.0,0.0,15.0,5.0,6.0,18.0,28.0,27.0,19.0,8.0
908,1.0,908.0,London_60,,151,453,1092.0,70.0,2.0,124122.0,0.5714160499628633,727.0,85.0,2.0,83.0,160.0,16.0,144.0,168.0,258.0,121.0,10.0,41.0,6.0,12.0,0.0,5.0,6.0,72.0,142.0,233.0,25.0,0.0,0.0,0.0,0.0,0.0,0.0,0.0,0.0,0.0,0.0,0.0,0.0,0.0,0.0,0.0,0.0,0.0,0.0,0.0,0.0,0.0,0.0,0.0,0.0,0.0,0.0,0.0,0.0,0.0,0.0,0.0,0.0,0.0,0.0,1.0,2.0,0.0,0.0,0.0,0.0,4.0,3.0,0.0,3.0,6.0,1.0,8.0,10.0,9.0,12.0,15.0,25.0,16.0,6.0,0.0,0.0,0.0,0.0,0.0,0.0,0.0,0.0,0.0,0.0,0.0,0.0,0.0,0.0,8.0,5.0,0.0,0.0,0.0,0.0,4.0,5.0,0.0,8.0,6.0,1.0,9.0,14.0,11.0,19.0,21.0,40.0,21.0,7.0
909,1.0,909.0,London_60,,151,453,1092.0,70.0,2.0,120951.0,0.6738852572161704,720.0,36.0,2.0,34.0,76.0,19.0,57.0,160.0,258.0,123.0,9.0,36.0,4.0,17.0,0.0,6.0,9.0,75.0,137.0,232.0,35.0,0.0,0.0,0.0,0.0,0.0,0.0,0.0,0.0,0.0,0.0,0.0,0.0,0.0,0.0,0.0,0.0,0.0,0.0,0.0,0.0,0.0,0.0,0.0,0.0,0.0,0.0,0.0,0.0,0.0,1.0,0.0,0.0,0.0,0.0,1.0,1.0,0.0,0.0,0.0,0.0,3.0,1.0,4.0,1.0,0.0,0.0,3.0,0.0,0.0,7.0,9.0,6.0,12.0,3.0,0.0,0.0,0.0,0.0,0.0,0.0,0.0,0.0,0.0,5.0,0.0,0.0,0.0,0.0,6.0,3.0,0.0,0.0,0.0,0.0,4.0,1.0,4.0,3.0,0.0,0.0,3.0,0.0,0.0,10.0,11.0,9.0,17.0,6.0
910,1.0,910.0,London_60,,151,453,1092.0,70.0,2.0,147678.0,1.0022562721278518,779.0,96.0,2.0,94.0,174.0,16.0,158.0,76.0,264.0,125.0,5.0,33.0,2.0,15.0,1.0,8.0,4.0,85.0,136.0,228.0,25.0,0.0,0.0,0.0,0.0,0.0,0.0,0.0,0.0,0.0,0.0,0.0,0.0,0.0,0.0,0.0,0.0,0.0,0.0,0.0,0.0,0.0,0.0,0.0,0.0,0.0,0.0,0.0,0.0,0.0,1.0,0.0,0.0,0.0,0.0,1.0,0.0,0.0,0.0,0.0,0.0,5.0,7.0,5.0,0.0,0.0,1.0,8.0,5.0,3.0,6.0,18.0,26.0,12.0,3.0,0.0,0.0,0.0,0.0,0.0,0.0,0.0,0.0,0.0,1.0,0.0,0.0,0.0,0.0,5.0,0.0,0.0,0.0,0.0,0.0,5.0,10.0,5.0,0.0,0.0,2.0,12.0,6.0,4.0,7.0,24.0,43.0,16.0,5.0
911,1.0,911.0,London_60,,151,453,1092.0,70.0,2.0,149943.0,1.2918353020213544,784.0,85.0,0.0,85.0,139.0,0.0,139.0,174.0,244.0,115.0,15.0,39.0,4.0,23.0,4.0,9.0,6.0,71.0,151.0,225.0,18.0,0.0,0.0,0.0,0.0,0.0,0.0,0.0,0.0,0.0,0.0,0.0,0.0,0.0,0.0,0.0,0.0,0.0,0.0,0.0,0.0,0.0,0.0,0.0,0.0,0.0,0.0,0.0,0.0,0.0,0.0,0.0,0.0,0.0,0.0,0.0,0.0,0.0,0.0,0.0,0.0,1.0,0.0,0.0,0.0,0.0,0.0,5.0,7.0,2.0,11.0,20.0,23.0,22.0,4.0,0.0,0.0,0.0,0.0,0.0,0.0,0.0,0.0,0.0,0.0,0.0,0.0,0.0,0.0,0.0,0.0,0.0,0.0,0.0,0.0,1.0,0.0,0.0,0.0,0.0,0.0,5.0,7.0,3.0,14.0,26.0,28.0,29.0,8.0
912,1.0,912.0,London_60,,151,453,1092.0,70.0,2.0,159456.0,0.9492875451687723,805.0,49.0,2.0,47.0,101.0,18.0,83.0,139.0,253.0,103.0,10.0,39.0,8.0,28.0,5.0,7.0,8.0,71.0,147.0,227.0,21.0,0.0,0.0,0.0,0.0,0.0,0.0,0.0,0.0,0.0,0.0,0.0,0.0,0.0,0.0,0.0,0.0,0.0,0.0,0.0,0.0,0.0,0.0,0.0,0.0,0.0,0.0,0.0,0.0,0.0,0.0,0.0,0.0,0.0,0.0,0.0,1.0,0.0,0.0,0.0,0.0,1.0,3.0,1.0,1.0,0.0,0.0,2.0,5.0,3.0,9.0,9.0,6.0,8.0,4.0,0.0,0.0,0.0,0.0,0.0,0.0,0.0,0.0,0.0,0.0,0.0,0.0,0.0,0.0,0.0,2.0,0.0,0.0,0.0,0.0,1.0,4.0,1.0,3.0,0.0,0.0,4.0,8.0,4.0,14.0,16.0,9.0,12.0,6.0
913,1.0,913.0,London_60,,151,453,1092.0,70.0,2.0,191619.0,0.7479799310676754,876.0,53.0,0.0,53.0,96.0,0.0,96.0,101.0,249.0,107.0,12.0,42.0,8.0,29.0,4.0,2.0,3.0,67.0,143.0,240.0,26.0,0.0,0.0,0.0,0.0,0.0,0.0,0.0,0.0,0.0,0.0,0.0,0.0,0.0,0.0,0.0,0.0,0.0,0.0,0.0,0.0,0.0,0.0,0.0,0.0,0.0,0.0,0.0,0.0,0.0,0.0,0.0,0.0,0.0,0.0,0.0,0.0,0.0,0.0,0.0,0.0,1.0,3.0,0.0,1.0,0.0,0.0,2.0,1.0,2.0,7.0,7.0,9.0,17.0,1.0,0.0,0.0,0.0,0.0,0.0,0.0,0.0,0.0,0.0,0.0,0.0,0.0,0.0,0.0,0.0,0.0,0.0,0.0,0.0,0.0,1.0,3.0,0.0,2.0,0.0,0.0,3.0,2.0,2.0,9.0,11.0,14.0,20.0,1.0
914,1.0,914.0,London_60,,151,453,1092.0,70.0,2.0,214269.0,0.9664380671456456,926.0,107.0,0.0,107.0,177.0,0.0,177.0,96.0,254.0,91.0,13.0,47.0,9.0,30.0,4.0,5.0,2.0,71.0,141.0,239.0,18.0,0.0,0.0,0.0,0.0,0.0,0.0,0.0,0.0,0.0,0.0,0.0,0.0,0.0,0.0,0.0,0.0,0.0,0.0,0.0,0.0,0.0,0.0,0.0,0.0,0.0,0.0,0.0,0.0,0.0,0.0,0.0,0.0,0.0,0.0,0.0,0.0,0.0,0.0,0.0,0.0,4.0,4.0,1.0,3.0,5.0,0.0,10.0,10.0,11.0,14.0,18.0,22.0,20.0,12.0,0.0,0.0,0.0,0.0,0.0,0.0,0.0,0.0,0.0,0.0,0.0,0.0,0.0,0.0,0.0,0.0,0.0,0.0,0.0,0.0,4.0,6.0,1.0,5.0,6.0,0.0,15.0,13.0,14.0,19.0,26.0,31.0,29.0,20.0
915,1.0,915.0,London_60,,151,453,1092.0,70.0,2.0,210192.0,0.8751724511384964,917.0,112.0,1.0,111.0,193.0,9.0,184.0,177.0,243.0,105.0,12.0,52.0,15.0,23.0,2.0,1.0,3.0,68.0,150.0,232.0,22.0,0.0,0.0,0.0,0.0,0.0,0.0,0.0,0.0,0.0,0.0,0.0,0.0,0.0,0.0,0.0,0.0,0.0,0.0,0.0,0.0,0.0,0.0,0.0,0.0,0.0,0.0,0.0,0.0,0.0,0.0,0.0,0.0,0.0,0.0,0.0,0.0,0.0,0.0,0.0,0.0,3.0,9.0,2.0,1.0,6.0,0.0,12.0,9.0,5.0,4.0,18.0,27.0,19.0,9.0,0.0,0.0,0.0,0.0,0.0,0.0,0.0,0.0,0.0,0.0,0.0,0.0,0.0,0.0,0.0,0.0,0.0,0.0,0.0,0.0,5.0,11.0,2.0,1.0,7.0,0.0,17.0,14.0,5.0,8.0,24.0,40.0,25.0,9.0
916,1.0,916.0,London_60,,151,453,1092.0,70.0,2.0,198414.0,0.9506692849099636,891.0,96.0,2.0,94.0,179.0,17.0,162.0,193.0,245.0,93.0,17.0,61.0,9.0,26.0,1.0,1.0,1.0,79.0,147.0,226.0,23.0,0.0,0.0,0.0,0.0,0.0,0.0,0.0,0.0,0.0,0.0,0.0,0.0,0.0,0.0,0.0,0.0,0.0,0.0,0.0,0.0,0.0,0.0,0.0,0.0,0.0,0.0,0.0,0.0,0.0,0.0,0.0,0.0,0.0,0.0,0.0,1.0,0.0,0.0,0.0,0.0,2.0,0.0,0.0,4.0,2.0,0.0,17.0,3.0,18.0,5.0,17.0,20.0,22.0,13.0,0.0,0.0,0.0,0.0,0.0,0.0,0.0,0.0,0.0,0.0,0.0,0.0,0.0,0.0,0.0,2.0,0.0,0.0,0.0,0.0,2.0,0.0,0.0,5.0,2.0,0.0,22.0,5.0,25.0,5.0,25.0,30.0,28.0,20.0
917,1.0,917.0,London_60,,151,453,1092.0,70.0,2.0,198414.0,1.6412348251324147,891.0,184.0,1.0,183.0,332.0,10.0,322.0,179.0,263.0,96.0,7.0,59.0,6.0,21.0,0.0,1.0,4.0,84.0,142.0,223.0,22.0,0.0,0.0,0.0,0.0,0.0,0.0,0.0,0.0,0.0,0.0,0.0,0.0,0.0,0.0,0.0,0.0,0.0,0.0,0.0,0.0,0.0,0.0,0.0,0.0,0.0,0.0,0.0,0.0,0.0,0.0,0.0,0.0,0.0,0.0,0.0,0.0,0.0,0.0,0.0,0.0,15.0,12.0,0.0,5.0,1.0,0.0,28.0,8.0,7.0,10.0,34.0,55.0,28.0,14.0,0.0,0.0,0.0,0.0,0.0,0.0,0.0,0.0,0.0,0.0,0.0,0.0,0.0,0.0,0.0,0.0,0.0,0.0,0.0,0.0,19.0,16.0,0.0,9.0,1.0,0.0,35.0,10.0,8.0,15.0,50.0,81.0,39.0,18.0
918,1.0,918.0,London_60,,151,453,1092.0,70.0,2.0,149943.0,1.0396522069349885,784.0,97.0,0.0,97.0,161.0,0.0,161.0,332.0,162.0,128.0,25.0,99.0,7.0,25.0,2.0,5.0,2.0,89.0,142.0,220.0,46.0,0.0,0.0,0.0,0.0,0.0,0.0,0.0,0.0,0.0,0.0,0.0,0.0,0.0,0.0,0.0,0.0,0.0,0.0,0.0,0.0,0.0,0.0,0.0,0.0,0.0,0.0,0.0,0.0,0.0,0.0,0.0,0.0,0.0,0.0,0.0,0.0,0.0,0.0,0.0,0.0,4.0,0.0,0.0,1.0,1.0,0.0,10.0,9.0,2.0,3.0,11.0,32.0,15.0,9.0,0.0,0.0,0.0,0.0,0.0,0.0,0.0,0.0,0.0,0.0,0.0,0.0,0.0,0.0,0.0,0.0,0.0,0.0,0.0,0.0,4.0,0.0,0.0,1.0,1.0,0.0,13.0,13.0,2.0,5.0,19.0,45.0,18.0,13.0
919,1.0,919.0,London_60,,151,453,1092.0,70.0,2.0,135447.0,0.7011406780220568,752.0,151.0,2.0,149.0,282.0,17.0,265.0,161.0,171.0,121.0,24.0,101.0,4.0,27.0,1.0,4.0,5.0,75.0,138.0,235.0,32.0,0.0,0.0,0.0,0.0,0.0,0.0,0.0,0.0,0.0,0.0,0.0,0.0,0.0,0.0,0.0,0.0,0.0,0.0,0.0,0.0,0.0,0.0,0.0,0.0,0.0,0.0,0.0,0.0,0.0,1.0,0.0,0.0,1.0,0.0,1.0,2.0,0.0,0.0,0.0,0.0,3.0,6.0,2.0,0.0,5.0,1.0,15.0,1.0,9.0,7.0,22.0,30.0,26.0,10.0,0.0,0.0,0.0,0.0,0.0,0.0,0.0,0.0,0.0,2.0,0.0,0.0,2.0,0.0,7.0,7.0,0.0,0.0,0.0,0.0,3.0,9.0,3.0,0.0,6.0,1.0,18.0,2.0,14.0,8.0,32.0,41.0,36.0,21.0
920,1.0,920.0,London_60,,151,453,1092.0,70.0,2.0,97848.0,0.40764965186826885,669.0,41.0,2.0,39.0,81.0,18.0,63.0,282.0,190.0,127.0,24.0,79.0,7.0,21.0,2.0,3.0,6.0,90.0,134.0,223.0,29.0,0.0,0.0,0.0,0.0,0.0,0.0,0.0,0.0,0.0,0.0,0.0,0.0,0.0,0.0,0.0,0.0,0.0,0.0,0.0,0.0,0.0,0.0,0.0,0.0,0.0,0.0,0.0,0.0,0.0,0.0,0.0,0.0,1.0,1.0,0.0,1.0,1.0,0.0,0.0,0.0,0.0,1.0,0.0,0.0,0.0,0.0,3.0,1.0,1.0,6.0,10.0,7.0,11.0,1.0,0.0,0.0,0.0,0.0,0.0,0.0,0.0,0.0,0.0,0.0,0.0,0.0,4.0,7.0,0.0,2.0,8.0,0.0,0.0,0.0,0.0,2.0,0.0,0.0,0.0,0.0,4.0,1.0,1.0,9.0,13.0,11.0,15.0,1.0
921,1.0,921.0,London_60,,151,453,1092.0,70.0,2.0,108720.0,0.5248739938251674,693.0,54.0,1.0,53.0,99.0,9.0,90.0,81.0,197.0,133.0,12.0,75.0,9.0,19.0,0.0,8.0,4.0,90.0,144.0,215.0,33.0,0.0,0.0,0.0,0.0,0.0,0.0,0.0,0.0,0.0,0.0,0.0,0.0,0.0,0.0,0.0,0.0,0.0,0.0,0.0,0.0,0.0,0.0,0.0,0.0,0.0,0.0,0.0,0.0,0.0,0.0,0.0,0.0,0.0,0.0,0.0,1.0,0.0,0.0,0.0,0.0,0.0,3.0,0.0,0.0,0.0,0.0,5.0,3.0,1.0,6.0,10.0,10.0,17.0,5.0,0.0,0.0,0.0,0.0,0.0,0.0,0.0,0.0,0.0,0.0,0.0,0.0,0.0,0.0,0.0,2.0,0.0,0.0,0.0,0.0,0.0,3.0,0.0,0.0,0.0,0.0,6.0,5.0,1.0,8.0,17.0,12.0,21.0,8.0
922,1.0,922.0,London_60,,151,453,1092.0,70.0,2.0,112344.0,1.168097767047584,701.0,5.0,1.0,4.0,14.0,8.0,6.0,99.0,203.0,120.0,18.0,80.0,4.0,21.0,0.0,7.0,3.0,92.0,129.0,229.0,37.0,0.0,0.0,0.0,0.0,0.0,0.0,0.0,0.0,0.0,0.0,0.0,0.0,0.0,0.0,0.0,0.0,0.0,0.0,0.0,0.0,0.0,0.0,0.0,0.0,0.0,0.0,0.0,0.0,0.0,1.0,0.0,0.0,0.0,0.0,0.0,1.0,0.0,0.0,0.0,0.0,0.0,0.0,0.0,0.0,0.0,0.0,0.0,1.0,0.0,0.0,1.0,2.0,1.0,0.0,0.0,0.0,0.0,0.0,0.0,0.0,0.0,0.0,0.0,2.0,0.0,0.0,0.0,0.0,0.0,3.0,0.0,0.0,0.0,0.0,0.0,0.0,0.0,0.0,0.0,0.0,0.0,1.0,0.0,0.0,1.0,2.0,1.0,0.0
923,1.0,923.0,London_60,,151,453,1092.0,70.0,2.0,151302.0,0.6740707249846309,787.0,54.0,0.0,54.0,92.0,0.0,92.0,14.0,199.0,123.0,18.0,80.0,3.0,22.0,0.0,8.0,2.0,89.0,128.0,234.0,39.0,0.0,0.0,0.0,0.0,0.0,0.0,0.0,0.0,0.0,0.0,0.0,0.0,0.0,0.0,0.0,0.0,0.0,0.0,0.0,0.0,0.0,0.0,0.0,0.0,0.0,0.0,0.0,0.0,0.0,0.0,0.0,0.0,0.0,0.0,0.0,0.0,0.0,0.0,0.0,0.0,0.0,0.0,1.0,1.0,1.0,0.0,3.0,1.0,1.0,4.0,10.0,11.0,11.0,6.0,0.0,0.0,0.0,0.0,0.0,0.0,0.0,0.0,0.0,0.0,0.0,0.0,0.0,0.0,0.0,0.0,0.0,0.0,0.0,0.0,0.0,0.0,2.0,2.0,1.0,0.0,3.0,1.0,1.0,4.0,15.0,14.0,16.0,8.0
924,1.0,924.0,London_60,,151,453,1092.0,70.0,2.0,158550.0,1.3312167988624424,803.0,128.0,0.0,128.0,225.0,0.0,225.0,92.0,208.0,120.0,17.0,68.0,5.0,25.0,0.0,10.0,3.0,90.0,126.0,234.0,37.0,0.0,0.0,0.0,0.0,0.0,0.0,0.0,0.0,0.0,0.0,0.0,0.0,0.0,0.0,0.0,0.0,0.0,0.0,0.0,0.0,0.0,0.0,0.0,0.0,0.0,0.0,0.0,0.0,0.0,0.0,0.0,0.0,0.0,0.0,0.0,0.0,0.0,0.0,0.0,0.0,6.0,7.0,7.0,3.0,8.0,0.0,15.0,13.0,10.0,5.0,29.0,21.0,30.0,6.0,0.0,0.0,0.0,0.0,0.0,0.0,0.0,0.0,0.0,0.0,0.0,0.0,0.0,0.0,0.0,0.0,0.0,0.0,0.0,0.0,10.0,11.0,7.0,4.0,9.0,0.0,21.0,16.0,17.0,9.0,48.0,34.0,41.0,7.0
925,1.0,925.0,London_60,,151,453,1092.0,70.0,2.0,134994.0,0.85950419283472,751.0,25.0,1.0,24.0,49.0,7.0,42.0,225.0,217.0,122.0,17.0,60.0,6.0,20.0,2.0,9.0,2.0,84.0,148.0,219.0,35.0,0.0,0.0,0.0,0.0,0.0,0.0,0.0,0.0,0.0,0.0,0.0,0.0,0.0,0.0,0.0,0.0,0.0,0.0,0.0,0.0,0.0,0.0,0.0,0.0,0.0,0.0,0.0,0.0,0.0,0.0,0.0,0.0,0.0,0.0,1.0,1.0,0.0,0.0,0.0,0.0,1.0,0.0,0.0,2.0,1.0,0.0,4.0,2.0,0.0,1.0,5.0,6.0,3.0,2.0,0.0,0.0,0.0,0.0,0.0,0.0,0.0,0.0,0.0,0.0,0.0,0.0,0.0,0.0,4.0,5.0,0.0,0.0,0.0,0.0,2.0,0.0,0.0,4.0,1.0,0.0,5.0,3.0,0.0,2.0,7.0,8.0,6.0,3.0
926,1.0,926.0,London_60,,151,453,1092.0,70.0,2.0,158097.0,1.4144264741335064,802.0,133.0,1.0,132.0,234.0,9.0,225.0,49.0,228.0,110.0,17.0,56.0,9.0,23.0,0.0,10.0,4.0,88.0,134.0,227.0,33.0,0.0,0.0,0.0,0.0,0.0,0.0,0.0,0.0,0.0,0.0,0.0,0.0,0.0,0.0,0.0,0.0,0.0,0.0,0.0,0.0,0.0,0.0,0.0,0.0,0.0,0.0,0.0,0.0,0.0,0.0,0.0,0.0,0.0,0.0,0.0,0.0,0.0,0.0,0.0,0.0,4.0,14.0,19.0,4.0,13.0,0.0,15.0,4.0,2.0,7.0,31.0,23.0,19.0,6.0,0.0,0.0,0.0,0.0,0.0,0.0,0.0,0.0,0.0,0.0,0.0,0.0,0.0,0.0,0.0,0.0,0.0,0.0,0.0,0.0,5.0,21.0,23.0,4.0,13.0,0.0,21.0,6.0,2.0,9.0,43.0,39.0,25.0,11.0
927,1.0,927.0,London_60,,151,453,1092.0,70.0,2.0,141336.0,0.5276659559458494,765.0,51.0,2.0,49.0,103.0,19.0,84.0,234.0,227.0,97.0,9.0,75.0,6.0,29.0,0.0,10.0,9.0,84.0,147.0,213.0,38.0,0.0,0.0,0.0,0.0,0.0,0.0,0.0,0.0,0.0,0.0,0.0,0.0,0.0,0.0,0.0,0.0,0.0,0.0,0.0,0.0,0.0,0.0,0.0,0.0,0.0,0.0,0.0,0.0,0.0,0.0,0.0,0.0,1.0,0.0,1.0,1.0,0.0,0.0,0.0,0.0,1.0,1.0,0.0,1.0,2.0,0.0,5.0,1.0,3.0,9.0,10.0,15.0,10.0,7.0,0.0,0.0,0.0,0.0,0.0,0.0,0.0,0.0,0.0,0.0,0.0,0.0,5.0,0.0,6.0,4.0,0.0,0.0,0.0,0.0,1.0,1.0,0.0,1.0,2.0,0.0,6.0,1.0,4.0,14.0,17.0,20.0,14.0,11.0
928,1.0,928.0,London_60,,151,453,1092.0,70.0,2.0,148584.0,1.0350704898592085,781.0,77.0,2.0,75.0,149.0,20.0,129.0,103.0,229.0,102.0,15.0,64.0,8.0,33.0,0.0,2.0,3.0,85.0,137.0,228.0,33.0,0.0,0.0,0.0,0.0,0.0,0.0,0.0,0.0,0.0,0.0,0.0,0.0,0.0,0.0,0.0,0.0,0.0,0.0,0.0,0.0,0.0,0.0,0.0,0.0,0.0,0.0,0.0,0.0,0.0,1.0,0.0,0.0,0.0,0.0,0.0,0.0,0.0,0.0,0.0,0.0,0.0,4.0,2.0,2.0,3.0,0.0,16.0,3.0,3.0,8.0,12.0,21.0,9.0,6.0,0.0,0.0,0.0,0.0,0.0,0.0,0.0,0.0,0.0,2.0,0.0,0.0,0.0,0.0,0.0,0.0,0.0,0.0,0.0,0.0,0.0,6.0,3.0,3.0,3.0,0.0,25.0,4.0,3.0,12.0,18.0,30.0,10.0,11.0
929,1.0,929.0,London_60,,151,453,1092.0,70.0,2.0,147678.0,0.6984828719869256,779.0,117.0,1.0,116.0,204.0,8.0,196.0,149.0,227.0,119.0,19.0,57.0,8.0,20.0,1.0,2.0,6.0,88.0,147.0,212.0,32.0,0.0,0.0,0.0,0.0,0.0,0.0,0.0,0.0,0.0,0.0,0.0,0.0,0.0,0.0,0.0,0.0,0.0,0.0,0.0,0.0,0.0,0.0,0.0,0.0,0.0,0.0,0.0,0.0,0.0,0.0,0.0,0.0,0.0,1.0,0.0,1.0,0.0,0.0,0.0,0.0,1.0,9.0,10.0,2.0,17.0,0.0,9.0,4.0,9.0,4.0,22.0,26.0,15.0,15.0,0.0,0.0,0.0,0.0,0.0,0.0,0.0,0.0,0.0,0.0,0.0,0.0,0.0,6.0,0.0,3.0,0.0,0.0,0.0,0.0,1.0,12.0,10.0,2.0,17.0,0.0,10.0,5.0,15.0,5.0,35.0,35.0,19.0,17.0
930,1.0,930.0,London_60,,151,453,1092.0,70.0,2.0,128652.0,0.901392888976261,737.0,56.0,0.0,56.0,99.0,0.0,99.0,204.0,239.0,122.0,13.0,63.0,4.0,10.0,0.0,2.0,6.0,83.0,141.0,223.0,31.0,0.0,0.0,0.0,0.0,0.0,0.0,0.0,0.0,0.0,0.0,0.0,0.0,0.0,0.0,0.0,0.0,0.0,0.0,0.0,0.0,0.0,0.0,0.0,0.0,0.0,0.0,0.0,0.0,0.0,0.0,0.0,0.0,0.0,0.0,0.0,0.0,0.0,0.0,0.0,0.0,0.0,1.0,0.0,0.0,1.0,0.0,0.0,3.0,6.0,6.0,6.0,13.0,8.0,7.0,0.0,0.0,0.0,0.0,0.0,0.0,0.0,0.0,0.0,0.0,0.0,0.0,0.0,0.0,0.0,0.0,0.0,0.0,0.0,0.0,0.0,2.0,0.0,0.0,1.0,0.0,0.0,3.0,8.0,12.0,12.0,17.0,9.0,10.0
931,1.0,931.0,London_60,,151,453,1092.0,70.0,2.0,139524.0,1.4761821602005512,761.0,41.0,2.0,39.0,81.0,19.0,62.0,99.0,240.0,132.0,4.0,54.0,9.0,12.0,0.0,2.0,5.0,83.0,146.0,219.0,28.0,0.0,0.0,0.0,0.0,0.0,0.0,0.0,0.0,0.0,0.0,0.0,0.0,0.0,0.0,0.0,0.0,0.0,0.0,0.0,0.0,0.0,0.0,0.0,0.0,0.0,0.0,0.0,0.0,0.0,0.0,0.0,0.0,1.0,0.0,1.0,2.0,0.0,0.0,0.0,0.0,0.0,0.0,1.0,1.0,0.0,0.0,1.0,2.0,2.0,1.0,9.0,4.0,8.0,2.0,0.0,0.0,0.0,0.0,0.0,0.0,0.0,0.0,0.0,0.0,0.0,0.0,3.0,0.0,8.0,7.0,0.0,0.0,0.0,0.0,0.0,0.0,1.0,2.0,0.0,0.0,1.0,2.0,3.0,1.0,12.0,5.0,9.0,2.0
932,1.0,932.0,London_60,,151,453,1092.0,70.0,2.0,167157.0,1.401325596962124,822.0,146.0,0.0,146.0,259.0,0.0,259.0,81.0,235.0,137.0,6.0,49.0,12.0,13.0,0.0,1.0,2.0,77.0,139.0,235.0,23.0,0.0,0.0,0.0,0.0,0.0,0.0,0.0,0.0,0.0,0.0,0.0,0.0,0.0,0.0,0.0,0.0,0.0,0.0,0.0,0.0,0.0,0.0,0.0,0.0,0.0,0.0,0.0,0.0,0.0,0.0,0.0,0.0,0.0,0.0,0.0,0.0,0.0,0.0,0.0,0.0,6.0,7.0,6.0,4.0,6.0,0.0,12.0,7.0,6.0,10.0,30.0,25.0,30.0,14.0,0.0,0.0,0.0,0.0,0.0,0.0,0.0,0.0,0.0,0.0,0.0,0.0,0.0,0.0,0.0,0.0,0.0,0.0,0.0,0.0,6.0,9.0,6.0,8.0,8.0,0.0,16.0,11.0,7.0,18.0,42.0,36.0,37.0,19.0
933,1.0,933.0,London_60,,151,453,1092.0,70.0,2.0,139071.0,0.8273725979961455,760.0,77.0,2.0,75.0,155.0,18.0,137.0,259.0,227.0,99.0,25.0,69.0,7.0,21.0,1.0,4.0,3.0,81.0,147.0,222.0,24.0,0.0,0.0,0.0,0.0,0.0,0.0,0.0,0.0,0.0,0.0,0.0,0.0,0.0,0.0,0.0,0.0,0.0,0.0,0.0,0.0,0.0,0.0,0.0,0.0,0.0,0.0,0.0,0.0,0.0,0.0,0.0,0.0,0.0,0.0,0.0,1.0,0.0,0.0,0.0,0.0,6.0,7.0,1.0,0.0,0.0,0.0,11.0,2.0,6.0,3.0,14.0,21.0,11.0,1.0,0.0,0.0,0.0,0.0,0.0,0.0,0.0,0.0,0.0,0.0,0.0,0.0,0.0,0.0,0.0,2.0,0.0,0.0,0.0,0.0,7.0,10.0,1.0,0.0,0.0,0.0,15.0,2.0,11.0,3.0,24.0,37.0,14.0,1.0
934,1.0,934.0,London_60,,151,453,1092.0,70.0,2.0,130917.0,0.6307732430286705,742.0,0.0,0.0,0.0,0.0,0.0,0.0,155.0,238.0,109.0,35.0,52.0,5.0,11.0,0.0,3.0,1.0,80.0,142.0,230.0,17.0,0.0,0.0,0.0,0.0,0.0,0.0,0.0,0.0,0.0,0.0,0.0,0.0,0.0,0.0,0.0,0.0,0.0,0.0,0.0,0.0,0.0,0.0,0.0,0.0,0.0,0.0,0.0,0.0,0.0,0.0,0.0,0.0,0.0,0.0,0.0,0.0,0.0,0.0,0.0,0.0,0.0,0.0,0.0,0.0,0.0,0.0,0.0,0.0,0.0,0.0,0.0,0.0,0.0,0.0,0.0,0.0,0.0,0.0,0.0,0.0,0.0,0.0,0.0,0.0,0.0,0.0,0.0,0.0,0.0,0.0,0.0,0.0,0.0,0.0,0.0,0.0,0.0,0.0,0.0,0.0,0.0,0.0,0.0,0.0,0.0,0.0,0.0,0.0
935,1.0,935.0,London_60,,151,453,1092.0,70.0,2.0,163533.0,2.411138174822554,814.0,114.0,0.0,114.0,206.0,0.0,206.0,0.0,238.0,109.0,35.0,52.0,5.0,11.0,0.0,3.0,1.0,80.0,142.0,230.0,17.0,0.0,0.0,0.0,0.0,0.0,0.0,0.0,0.0,0.0,0.0,0.0,0.0,0.0,0.0,0.0,0.0,0.0,0.0,0.0,0.0,0.0,0.0,0.0,0.0,0.0,0.0,0.0,0.0,0.0,0.0,0.0,0.0,0.0,0.0,0.0,0.0,0.0,0.0,0.0,0.0,10.0,2.0,1.0,1.0,8.0,1.0,12.0,9.0,1.0,24.0,19.0,24.0,20.0,5.0,0.0,0.0,0.0,0.0,0.0,0.0,0.0,0.0,0.0,0.0,0.0,0.0,0.0,0.0,0.0,0.0,0.0,0.0,0.0,0.0,11.0,3.0,1.0,2.0,10.0,2.0,16.0,11.0,1.0,41.0,28.0,38.0,26.0,8.0
936,1.0,936.0,London_60,,151,453,1092.0,70.0,2.0,153567.0,1.5527172931469977,792.0,75.0,0.0,75.0,133.0,0.0,133.0,206.0,258.0,102.0,13.0,55.0,6.0,16.0,1.0,2.0,6.0,76.0,149.0,222.0,25.0,0.0,0.0,0.0,0.0,0.0,0.0,0.0,0.0,0.0,0.0,0.0,0.0,0.0,0.0,0.0,0.0,0.0,0.0,0.0,0.0,0.0,0.0,0.0,0.0,0.0,0.0,0.0,0.0,0.0,0.0,0.0,0.0,0.0,0.0,0.0,0.0,0.0,0.0,0.0,0.0,4.0,1.0,1.0,0.0,5.0,0.0,7.0,5.0,8.0,4.0,8.0,22.0,13.0,7.0,0.0,0.0,0.0,0.0,0.0,0.0,0.0,0.0,0.0,0.0,0.0,0.0,0.0,0.0,0.0,0.0,0.0,0.0,0.0,0.0,4.0,2.0,1.0,0.0,5.0,0.0,9.0,6.0,11.0,4.0,13.0,33.0,16.0,10.0
937,1.0,937.0,London_60,,151,453,1092.0,70.0,2.0,163533.0,1.182790586957708,814.0,115.0,2.0,113.0,225.0,22.0,203.0,133.0,279.0,112.0,8.0,39.0,1.0,12.0,0.0,2.0,5.0,78.0,139.0,231.0,24.0,0.0,0.0,0.0,0.0,0.0,0.0,0.0,0.0,0.0,1.0,0.0,1.0,0.0,0.0,0.0,0.0,0.0,0.0,1.0,0.0,0.0,0.0,0.0,0.0,0.0,0.0,0.0,0.0,0.0,1.0,0.0,0.0,1.0,0.0,1.0,1.0,0.0,0.0,0.0,0.0,3.0,4.0,1.0,4.0,1.0,0.0,25.0,4.0,4.0,10.0,24.0,24.0,22.0,8.0,0.0,0.0,0.0,0.0,0.0,0.0,0.0,0.0,0.0,1.0,0.0,0.0,8.0,0.0,4.0,4.0,0.0,0.0,0.0,0.0,3.0,5.0,1.0,5.0,1.0,0.0,31.0,6.0,6.0,12.0,38.0,34.0,31.0,10.0
938,1.0,938.0,London_60,,151,453,1092.0,70.0,2.0,147225.0,0.9167247489094734,778.0,84.0,2.0,82.0,160.0,18.0,142.0,222.0,262.0,89.0,24.0,48.0,6.0,17.0,3.0,4.0,7.0,76.0,150.0,220.0,28.0,0.0,0.0,0.0,0.0,0.0,0.0,0.0,0.0,0.0,0.0,0.0,0.0,0.0,0.0,0.0,0.0,0.0,0.0,0.0,0.0,0.0,0.0,0.0,0.0,0.0,0.0,0.0,0.0,0.0,0.0,0.0,0.0,2.0,0.0,2.0,0.0,1.0,0.0,0.0,0.0,1.0,2.0,0.0,0.0,0.0,0.0,2.0,5.0,4.0,4.0,19.0,19.0,17.0,7.0,0.0,0.0,0.0,0.0,0.0,0.0,0.0,0.0,0.0,0.0,0.0,0.0,3.0,0.0,11.0,0.0,5.0,0.0,0.0,0.0,1.0,4.0,0.0,0.0,0.0,0.0,2.0,6.0,6.0,5.0,28.0,30.0,18.0,10.0
939,1.0,939.0,London_60,,151,453,1092.0,70.0,2.0,142695.0,0.7955097260419279,768.0,58.0,2.0,56.0,115.0,17.0,98.0,160.0,261.0,89.0,23.0,46.0,6.0,22.0,0.0,6.0,3.0,72.0,150.0,228.0,20.0,0.0,0.0,0.0,0.0,0.0,0.0,0.0,0.0,0.0,0.0,0.0,0.0,0.0,0.0,0.0,0.0,0.0,0.0,0.0,0.0,0.0,0.0,0.0,0.0,0.0,0.0,0.0,0.0,0.0,1.0,0.0,0.0,1.0,0.0,0.0,2.0,0.0,0.0,0.0,0.0,1.0,4.0,1.0,0.0,0.0,0.0,6.0,7.0,5.0,3.0,15.0,18.0,10.0,5.0,0.0,0.0,0.0,0.0,0.0,0.0,0.0,0.0,0.0,4.0,0.0,0.0,2.0,0.0,0.0,8.0,0.0,0.0,0.0,0.0,1.0,4.0,1.0,0.0,0.0,0.0,8.0,12.0,7.0,5.0,24.0,28.0,10.0,8.0
940,1.0,940.0,London_60,,151,453,1092.0,70.0,2.0,154473.0,2.015380318975076,794.0,88.0,1.0,87.0,167.0,12.0,155.0,115.0,257.0,93.0,26.0,42.0,9.0,18.0,1.0,7.0,3.0,85.0,134.0,231.0,20.0,0.0,0.0,0.0,0.0,0.0,0.0,0.0,0.0,0.0,0.0,0.0,0.0,0.0,0.0,0.0,0.0,0.0,0.0,0.0,0.0,0.0,0.0,0.0,0.0,0.0,0.0,0.0,0.0,0.0,0.0,1.0,0.0,1.0,0.0,0.0,1.0,0.0,0.0,0.0,0.0,6.0,9.0,1.0,1.0,1.0,0.0,9.0,3.0,15.0,9.0,20.0,18.0,25.0,7.0,0.0,0.0,0.0,0.0,0.0,0.0,0.0,0.0,0.0,0.0,8.0,0.0,7.0,0.0,0.0,4.0,0.0,0.0,0.0,0.0,6.0,12.0,1.0,1.0,1.0,0.0,12.0,5.0,22.0,10.0,25.0,23.0,31.0,13.0
941,1.0,941.0,London_60,,151,453,1092.0,70.0,2.0,148131.0,0.6334243651945144,780.0,90.0,0.0,90.0,158.0,0.0,158.0,167.0,260.0,84.0,26.0,55.0,5.0,15.0,0.0,8.0,4.0,71.0,141.0,237.0,23.0,0.0,0.0,0.0,0.0,0.0,0.0,0.0,0.0,0.0,0.0,0.0,0.0,0.0,0.0,0.0,0.0,0.0,0.0,0.0,0.0,0.0,0.0,0.0,0.0,0.0,0.0,0.0,0.0,0.0,0.0,0.0,0.0,0.0,0.0,0.0,0.0,0.0,0.0,0.0,0.0,3.0,8.0,6.0,2.0,2.0,0.0,7.0,12.0,9.0,7.0,23.0,15.0,10.0,8.0,0.0,0.0,0.0,0.0,0.0,0.0,0.0,0.0,0.0,0.0,0.0,0.0,0.0,0.0,0.0,0.0,0.0,0.0,0.0,0.0,3.0,11.0,8.0,4.0,2.0,0.0,8.0,15.0,14.0,11.0,29.0,24.0,12.0,15.0
942,1.0,942.0,London_60,,151,453,1092.0,70.0,2.0,153114.0,0.8285853529814631,791.0,96.0,0.0,96.0,175.0,0.0,175.0,158.0,260.0,86.0,21.0,49.0,9.0,18.0,1.0,9.0,2.0,76.0,137.0,238.0,27.0,0.0,0.0,0.0,0.0,0.0,0.0,0.0,0.0,0.0,0.0,0.0,0.0,0.0,0.0,0.0,0.0,0.0,0.0,0.0,0.0,0.0,0.0,0.0,0.0,0.0,0.0,0.0,0.0,0.0,0.0,0.0,0.0,0.0,0.0,0.0,0.0,0.0,0.0,0.0,0.0,5.0,7.0,1.0,3.0,3.0,0.0,10.0,8.0,4.0,25.0,22.0,21.0,18.0,10.0,0.0,0.0,0.0,0.0,0.0,0.0,0.0,0.0,0.0,0.0,0.0,0.0,0.0,0.0,0.0,0.0,0.0,0.0,0.0,0.0,5.0,8.0,1.0,8.0,3.0,0.0,15.0,13.0,9.0,36.0,36.0,28.0,28.0,17.0
943,1.0,943.0,London_60,,151,453,1092.0,70.0,2.0,139977.0,1.5116645318921655,762.0,16.0,0.0,16.0,26.0,0.0,26.0,175.0,270.0,91.0,11.0,37.0,10.0,22.0,3.0,9.0,3.0,70.0,151.0,229.0,32.0,0.0,0.0,0.0,0.0,0.0,0.0,0.0,0.0,0.0,0.0,0.0,0.0,0.0,0.0,0.0,0.0,0.0,0.0,0.0,0.0,0.0,0.0,0.0,0.0,0.0,0.0,0.0,0.0,0.0,0.0,0.0,0.0,0.0,0.0,0.0,0.0,0.0,0.0,0.0,0.0,1.0,0.0,0.0,1.0,0.0,0.0,2.0,1.0,1.0,1.0,1.0,6.0,2.0,2.0,0.0,0.0,0.0,0.0,0.0,0.0,0.0,0.0,0.0,0.0,0.0,0.0,0.0,0.0,0.0,0.0,0.0,0.0,0.0,0.0,1.0,0.0,0.0,2.0,0.0,0.0,2.0,1.0,2.0,1.0,2.0,8.0,2.0,3.0
944,1.0,944.0,London_60,,151,453,1092.0,70.0,2.0,178482.0,0.7695871430914849,847.0,145.0,2.0,143.0,263.0,18.0,245.0,26.0,274.0,85.0,16.0,35.0,12.0,22.0,2.0,7.0,2.0,67.0,148.0,236.0,26.0,0.0,0.0,0.0,0.0,0.0,0.0,0.0,0.0,0.0,0.0,0.0,0.0,0.0,0.0,0.0,0.0,0.0,0.0,0.0,0.0,0.0,0.0,0.0,0.0,0.0,0.0,0.0,0.0,0.0,0.0,0.0,0.0,0.0,0.0,0.0,0.0,0.0,0.0,0.0,0.0,0.0,14.0,0.0,1.0,5.0,0.0,8.0,5.0,18.0,5.0,26.0,30.0,25.0,11.0,0.0,0.0,0.0,0.0,0.0,0.0,0.0,0.0,0.0,0.0,0.0,0.0,0.0,0.0,0.0,0.0,0.0,0.0,0.0,0.0,0.0,24.0,0.0,1.0,5.0,0.0,10.0,7.0,27.0,9.0,41.0,40.0,34.0,17.0
945,1.0,945.0,London_60,,151,453,1092.0,70.0,2.0,152208.0,0.5627683640923351,789.0,88.0,1.0,87.0,153.0,8.0,145.0,263.0,229.0,99.0,14.0,71.0,5.0,27.0,2.0,6.0,4.0,76.0,134.0,239.0,29.0,0.0,0.0,0.0,0.0,0.0,0.0,0.0,0.0,0.0,0.0,0.0,0.0,0.0,0.0,0.0,0.0,0.0,0.0,0.0,0.0,0.0,0.0,0.0,0.0,0.0,0.0,0.0,0.0,0.0,0.0,0.0,0.0,1.0,0.0,0.0,1.0,0.0,0.0,0.0,0.0,2.0,0.0,0.0,2.0,0.0,0.0,12.0,5.0,3.0,7.0,15.0,21.0,13.0,5.0,0.0,0.0,0.0,0.0,0.0,0.0,0.0,0.0,0.0,0.0,0.0,0.0,2.0,0.0,0.0,4.0,0.0,0.0,0.0,0.0,2.0,0.0,0.0,3.0,0.0,0.0,13.0,7.0,4.0,8.0,20.0,28.0,20.0,9.0
946,1.0,946.0,London_60,,151,453,1092.0,70.0,2.0,152208.0,0.8835394838824868,789.0,100.0,0.0,100.0,167.0,0.0,167.0,153.0,241.0,113.0,10.0,51.0,2.0,31.0,1.0,4.0,2.0,78.0,132.0,241.0,24.0,0.0,0.0,0.0,0.0,0.0,0.0,0.0,0.0,0.0,0.0,0.0,0.0,0.0,0.0,0.0,0.0,0.0,0.0,0.0,0.0,0.0,0.0,0.0,0.0,0.0,0.0,0.0,0.0,0.0,0.0,0.0,0.0,0.0,0.0,0.0,0.0,0.0,0.0,0.0,0.0,1.0,1.0,2.0,1.0,1.0,0.0,9.0,7.0,4.0,9.0,15.0,25.0,20.0,10.0,0.0,0.0,0.0,0.0,0.0,0.0,0.0,0.0,0.0,0.0,0.0,0.0,0.0,0.0,0.0,0.0,0.0,0.0,0.0,0.0,1.0,2.0,2.0,3.0,1.0,0.0,9.0,9.0,5.0,13.0,25.0,35.0,27.0,14.0
947,1.0,947.0,London_60,,151,453,1092.0,70.0,2.0,140430.0,0.5995973569806665,763.0,31.0,0.0,31.0,52.0,0.0,52.0,167.0,239.0,111.0,14.0,50.0,5.0,30.0,0.0,4.0,6.0,90.0,126.0,231.0,21.0,0.0,0.0,0.0,0.0,0.0,0.0,0.0,0.0,0.0,0.0,0.0,0.0,0.0,0.0,0.0,0.0,0.0,0.0,0.0,0.0,0.0,0.0,0.0,0.0,0.0,0.0,0.0,0.0,0.0,0.0,0.0,0.0,0.0,0.0,0.0,0.0,0.0,0.0,0.0,0.0,0.0,0.0,0.0,0.0,0.0,0.0,1.0,2.0,4.0,1.0,5.0,10.0,7.0,2.0,0.0,0.0,0.0,0.0,0.0,0.0,0.0,0.0,0.0,0.0,0.0,0.0,0.0,0.0,0.0,0.0,0.0,0.0,0.0,0.0,0.0,0.0,0.0,0.0,0.0,0.0,2.0,2.0,5.0,2.0,9.0,13.0,10.0,4.0
948,1.0,948.0,London_60,,151,453,1092.0,70.0,2.0,162627.0,0.7911745361052454,812.0,82.0,2.0,80.0,161.0,17.0,144.0,52.0,239.0,114.0,15.0,44.0,4.0,31.0,0.0,6.0,5.0,86.0,123.0,239.0,16.0,0.0,0.0,0.0,0.0,0.0,0.0,0.0,0.0,0.0,0.0,0.0,0.0,0.0,0.0,0.0,0.0,0.0,0.0,0.0,0.0,0.0,0.0,0.0,0.0,0.0,0.0,0.0,0.0,0.0,0.0,0.0,0.0,2.0,1.0,1.0,2.0,0.0,0.0,0.0,0.0,1.0,2.0,9.0,1.0,6.0,0.0,16.0,5.0,5.0,9.0,18.0,25.0,12.0,9.0,0.0,0.0,0.0,0.0,0.0,0.0,0.0,0.0,0.0,0.0,0.0,0.0,4.0,4.0,8.0,7.0,0.0,0.0,0.0,0.0,1.0,2.0,9.0,2.0,6.0,0.0,25.0,8.0,9.0,13.0,25.0,41.0,20.0,17.0
949,1.0,949.0,London_60,,151,453,1092.0,70.0,2.0,163986.0,1.8097527099307626,815.0,81.0,0.0,81.0,140.0,0.0,140.0,161.0,240.0,119.0,12.0,47.0,2.0,22.0,2.0,9.0,7.0,91.0,127.0,228.0,26.0,0.0,0.0,0.0,0.0,0.0,0.0,0.0,0.0,0.0,0.0,0.0,0.0,0.0,0.0,0.0,0.0,0.0,0.0,0.0,0.0,0.0,0.0,0.0,0.0,0.0,0.0,0.0,0.0,0.0,0.0,0.0,0.0,0.0,0.0,0.0,0.0,0.0,0.0,0.0,0.0,2.0,3.0,0.0,0.0,3.0,0.0,2.0,3.0,3.0,7.0,11.0,19.0,18.0,10.0,0.0,0.0,0.0,0.0,0.0,0.0,0.0,0.0,0.0,0.0,0.0,0.0,0.0,0.0,0.0,0.0,0.0,0.0,0.0,0.0,2.0,4.0,0.0,0.0,4.0,0.0,2.0,4.0,4.0,11.0,17.0,24.0,24.0,13.0
950,1.0,950.0,London_60,,151,453,1092.0,70.0,2.0,177123.0,0.8340245559811592,844.0,175.0,2.0,173.0,292.0,16.0,276.0,140.0,250.0,111.0,8.0,46.0,7.0,16.0,3.0,12.0,8.0,81.0,132.0,232.0,31.0,0.0,0.0,0.0,0.0,0.0,0.0,0.0,0.0,0.0,0.0,0.0,0.0,0.0,0.0,0.0,0.0,0.0,0.0,0.0,0.0,0.0,0.0,0.0,0.0,0.0,0.0,0.0,0.0,0.0,0.0,0.0,0.0,1.0,0.0,1.0,1.0,0.0,0.0,0.0,0.0,1.0,2.0,3.0,4.0,0.0,1.0,25.0,14.0,11.0,25.0,21.0,30.0,25.0,9.0,0.0,0.0,0.0,0.0,0.0,0.0,0.0,0.0,0.0,0.0,0.0,0.0,2.0,0.0,7.0,2.0,0.0,0.0,0.0,0.0,1.0,2.0,4.0,8.0,0.0,2.0,31.0,15.0,18.0,33.0,29.0,39.0,28.0,11.0
951,1.0,951.0,London_60,,151,453,1092.0,70.0,2.0,133182.0,0.6145873719360679,747.0,39.0,2.0,37.0,94.0,19.0,75.0,292.0,187.0,109.0,21.0,91.0,9.0,19.0,2.0,15.0,9.0,68.0,160.0,216.0,47.0,0.0,0.0,0.0,0.0,0.0,0.0,0.0,0.0,0.0,0.0,0.0,0.0,0.0,0.0,0.0,0.0,0.0,0.0,0.0,0.0,0.0,0.0,0.0,0.0,0.0,0.0,0.0,0.0,0.0,1.0,0.0,0.0,0.0,0.0,1.0,1.0,0.0,0.0,0.0,0.0,0.0,3.0,0.0,0.0,0.0,0.0,1.0,3.0,1.0,3.0,7.0,10.0,9.0,2.0,0.0,0.0,0.0,0.0,0.0,0.0,0.0,0.0,0.0,4.0,0.0,0.0,0.0,0.0,8.0,7.0,0.0,0.0,0.0,0.0,0.0,3.0,0.0,0.0,0.0,0.0,1.0,4.0,1.0,3.0,15.0,16.0,9.0,3.0
952,1.0,952.0,London_60,,151,453,1092.0,70.0,2.0,152661.0,0.6289787129499018,790.0,75.0,2.0,73.0,127.0,16.0,111.0,94.0,191.0,115.0,17.0,80.0,4.0,28.0,2.0,16.0,11.0,68.0,148.0,226.0,40.0,0.0,0.0,0.0,0.0,0.0,0.0,0.0,0.0,0.0,0.0,0.0,0.0,0.0,0.0,0.0,0.0,0.0,0.0,0.0,0.0,0.0,0.0,0.0,0.0,0.0,0.0,0.0,0.0,0.0,1.0,0.0,0.0,0.0,0.0,1.0,2.0,0.0,0.0,0.0,0.0,2.0,2.0,0.0,2.0,0.0,0.0,4.0,4.0,5.0,4.0,11.0,16.0,12.0,8.0,0.0,0.0,0.0,0.0,0.0,0.0,0.0,0.0,0.0,1.0,0.0,0.0,0.0,0.0,9.0,4.0,0.0,0.0,0.0,0.0,3.0,2.0,0.0,3.0,0.0,0.0,4.0,4.0,6.0,4.0,14.0,21.0,17.0,10.0
953,1.0,953.0,London_60,,151,453,1092.0,70.0,2.0,156738.0,1.209926255978644,799.0,90.0,0.0,90.0,154.0,0.0,154.0,127.0,194.0,127.0,19.0,61.0,7.0,28.0,2.0,15.0,9.0,66.0,148.0,230.0,35.0,0.0,0.0,0.0,0.0,0.0,0.0,0.0,0.0,0.0,0.0,0.0,0.0,0.0,0.0,0.0,0.0,0.0,0.0,0.0,0.0,0.0,0.0,0.0,0.0,0.0,0.0,0.0,0.0,0.0,0.0,0.0,0.0,0.0,0.0,0.0,0.0,0.0,0.0,0.0,0.0,4.0,1.0,1.0,0.0,1.0,0.0,8.0,9.0,3.0,5.0,19.0,18.0,14.0,9.0,0.0,0.0,0.0,0.0,0.0,0.0,0.0,0.0,0.0,0.0,0.0,0.0,0.0,0.0,0.0,0.0,0.0,0.0,0.0,0.0,7.0,1.0,1.0,0.0,1.0,0.0,10.0,12.0,3.0,5.0,23.0,28.0,19.0,17.0
954,1.0,954.0,London_60,,151,453,1092.0,70.0,2.0,147678.0,1.120896683074534,779.0,69.0,2.0,67.0,129.0,18.0,111.0,154.0,212.0,126.0,15.0,47.0,9.0,34.0,0.0,10.0,7.0,81.0,154.0,211.0,30.0,0.0,0.0,0.0,0.0,0.0,0.0,0.0,0.0,0.0,0.0,0.0,0.0,0.0,0.0,0.0,0.0,0.0,0.0,0.0,0.0,0.0,0.0,0.0,0.0,0.0,0.0,0.0,0.0,0.0,0.0,0.0,0.0,0.0,0.0,0.0,1.0,0.0,0.0,0.0,0.0,0.0,0.0,0.0,1.0,0.0,0.0,8.0,3.0,6.0,5.0,9.0,17.0,10.0,9.0,0.0,0.0,0.0,0.0,0.0,0.0,0.0,0.0,0.0,0.0,0.0,0.0,0.0,0.0,0.0,5.0,0.0,0.0,0.0,0.0,0.0,0.0,0.0,2.0,0.0,0.0,12.0,4.0,7.0,7.0,15.0,21.0,11.0,11.0
955,1.0,955.0,London_60,,151,453,1092.0,70.0,2.0,150396.0,0.7963970538694412,785.0,93.0,0.0,93.0,165.0,0.0,165.0,129.0,214.0,123.0,19.0,44.0,9.0,32.0,1.0,11.0,6.0,82.0,142.0,223.0,29.0,0.0,0.0,0.0,0.0,0.0,0.0,0.0,0.0,0.0,0.0,0.0,0.0,0.0,0.0,0.0,0.0,0.0,0.0,0.0,0.0,0.0,0.0,0.0,0.0,0.0,0.0,0.0,0.0,0.0,0.0,0.0,0.0,0.0,0.0,0.0,0.0,0.0,0.0,0.0,0.0,1.0,7.0,1.0,0.0,3.0,0.0,3.0,13.0,2.0,2.0,23.0,22.0,22.0,12.0,0.0,0.0,0.0,0.0,0.0,0.0,0.0,0.0,0.0,0.0,0.0,0.0,0.0,0.0,0.0,0.0,0.0,0.0,0.0,0.0,1.0,9.0,1.0,0.0,3.0,0.0,4.0,19.0,3.0,3.0,32.0,30.0,32.0,18.0
956,1.0,956.0,London_60,,151,453,1092.0,70.0,2.0,149037.0,0.6184236200060695,782.0,146.0,0.0,146.0,259.0,0.0,259.0,165.0,225.0,119.0,13.0,40.0,12.0,38.0,0.0,6.0,6.0,72.0,161.0,214.0,32.0,0.0,0.0,0.0,0.0,0.0,0.0,0.0,0.0,0.0,0.0,0.0,0.0,0.0,0.0,0.0,0.0,0.0,0.0,0.0,0.0,0.0,0.0,0.0,0.0,0.0,0.0,0.0,0.0,0.0,0.0,0.0,0.0,0.0,0.0,0.0,0.0,0.0,0.0,0.0,0.0,1.0,20.0,7.0,2.0,3.0,0.0,4.0,16.0,6.0,12.0,33.0,28.0,24.0,10.0,0.0,0.0,0.0,0.0,0.0,0.0,0.0,0.0,0.0,0.0,0.0,0.0,0.0,0.0,0.0,0.0,0.0,0.0,0.0,0.0,1.0,31.0,7.0,3.0,3.0,0.0,5.0,20.0,7.0,16.0,49.0,41.0,31.0,14.0
957,1.0,957.0,London_60,,151,453,1092.0,70.0,2.0,105096.0,0.9338357450906187,685.0,29.0,1.0,28.0,67.0,9.0,58.0,259.0,196.0,103.0,15.0,79.0,14.0,39.0,1.0,6.0,4.0,63.0,145.0,241.0,38.0,0.0,0.0,0.0,0.0,0.0,0.0,0.0,0.0,0.0,0.0,0.0,0.0,0.0,0.0,0.0,0.0,0.0,0.0,0.0,0.0,0.0,0.0,0.0,0.0,0.0,0.0,0.0,0.0,0.0,0.0,0.0,0.0,0.0,0.0,0.0,1.0,0.0,0.0,0.0,0.0,0.0,0.0,0.0,0.0,0.0,0.0,5.0,1.0,2.0,4.0,6.0,6.0,9.0,4.0,0.0,0.0,0.0,0.0,0.0,0.0,0.0,0.0,0.0,0.0,0.0,0.0,0.0,0.0,0.0,1.0,0.0,0.0,0.0,0.0,0.0,0.0,0.0,0.0,0.0,0.0,9.0,2.0,2.0,6.0,12.0,9.0,14.0,6.0
958,1.0,958.0,London_60,,151,453,1092.0,70.0,2.0,129105.0,0.6884730958845466,738.0,84.0,2.0,82.0,158.0,17.0,141.0,67.0,200.0,108.0,12.0,71.0,16.0,39.0,1.0,6.0,2.0,69.0,141.0,241.0,36.0,0.0,0.0,0.0,0.0,0.0,0.0,0.0,0.0,0.0,0.0,0.0,0.0,0.0,0.0,0.0,0.0,0.0,0.0,0.0,0.0,0.0,0.0,0.0,0.0,0.0,0.0,0.0,0.0,0.0,0.0,0.0,0.0,0.0,0.0,0.0,1.0,0.0,0.0,0.0,0.0,1.0,1.0,1.0,1.0,0.0,1.0,14.0,6.0,5.0,6.0,15.0,19.0,18.0,8.0,0.0,0.0,0.0,0.0,0.0,0.0,0.0,0.0,0.0,0.0,0.0,0.0,0.0,0.0,0.0,1.0,0.0,0.0,0.0,0.0,2.0,1.0,1.0,1.0,0.0,1.0,17.0,7.0,6.0,9.0,27.0,34.0,25.0,13.0
959,1.0,959.0,London_60,,151,453,1092.0,70.0,2.0,125481.0,1.1573335470166057,730.0,33.0,1.0,32.0,64.0,10.0,54.0,158.0,201.0,110.0,25.0,74.0,13.0,25.0,3.0,2.0,4.0,78.0,141.0,230.0,22.0,0.0,0.0,0.0,0.0,0.0,0.0,0.0,0.0,0.0,0.0,0.0,0.0,0.0,0.0,0.0,0.0,0.0,0.0,0.0,0.0,0.0,0.0,0.0,0.0,0.0,0.0,0.0,0.0,0.0,1.0,0.0,0.0,0.0,0.0,0.0,1.0,0.0,0.0,0.0,0.0,1.0,2.0,0.0,1.0,0.0,0.0,3.0,3.0,0.0,6.0,5.0,4.0,6.0,2.0,0.0,0.0,0.0,0.0,0.0,0.0,0.0,0.0,0.0,5.0,0.0,0.0,0.0,0.0,0.0,2.0,0.0,0.0,0.0,0.0,2.0,4.0,0.0,2.0,0.0,0.0,7.0,4.0,0.0,10.0,6.0,6.0,6.0,3.0
960,1.0,960.0,London_60,,151,453,1092.0,70.0,2.0,145866.0,1.1506541459821165,775.0,80.0,0.0,80.0,143.0,0.0,143.0,64.0,208.0,121.0,33.0,61.0,10.0,17.0,1.0,2.0,3.0,79.0,139.0,232.0,17.0,0.0,0.0,0.0,0.0,0.0,0.0,0.0,0.0,0.0,0.0,0.0,0.0,0.0,0.0,0.0,0.0,0.0,0.0,0.0,0.0,0.0,0.0,0.0,0.0,0.0,0.0,0.0,0.0,0.0,0.0,0.0,0.0,0.0,0.0,0.0,0.0,0.0,0.0,0.0,0.0,1.0,0.0,5.0,0.0,2.0,0.0,13.0,7.0,4.0,11.0,11.0,22.0,9.0,8.0,0.0,0.0,0.0,0.0,0.0,0.0,0.0,0.0,0.0,0.0,0.0,0.0,0.0,0.0,0.0,0.0,0.0,0.0,0.0,0.0,1.0,0.0,9.0,0.0,2.0,0.0,18.0,10.0,4.0,17.0,16.0,30.0,11.0,11.0
961,1.0,961.0,London_60,,151,453,1092.0,70.0,2.0,153114.0,2.023547906195745,791.0,74.0,2.0,72.0,145.0,17.0,128.0,143.0,232.0,150.0,18.0,38.0,3.0,9.0,2.0,1.0,4.0,84.0,131.0,234.0,29.0,0.0,0.0,0.0,0.0,0.0,0.0,0.0,0.0,0.0,0.0,0.0,0.0,0.0,0.0,0.0,0.0,0.0,0.0,0.0,0.0,0.0,0.0,0.0,0.0,0.0,0.0,0.0,0.0,0.0,0.0,0.0,0.0,0.0,0.0,1.0,1.0,0.0,0.0,0.0,0.0,2.0,3.0,4.0,0.0,3.0,0.0,15.0,5.0,4.0,6.0,15.0,12.0,14.0,6.0,0.0,0.0,0.0,0.0,0.0,0.0,0.0,0.0,0.0,0.0,0.0,0.0,0.0,0.0,8.0,6.0,0.0,0.0,0.0,0.0,2.0,5.0,4.0,0.0,3.0,0.0,18.0,9.0,5.0,8.0,21.0,19.0,14.0,11.0
962,1.0,962.0,London_60,,151,453,1092.0,70.0,2.0,160362.0,1.8750084328930825,807.0,99.0,2.0,97.0,196.0,18.0,178.0,145.0,233.0,146.0,13.0,41.0,2.0,12.0,2.0,4.0,3.0,90.0,130.0,230.0,29.0,0.0,0.0,0.0,0.0,0.0,0.0,0.0,0.0,0.0,0.0,0.0,0.0,0.0,0.0,0.0,0.0,0.0,0.0,0.0,0.0,0.0,0.0,0.0,0.0,0.0,0.0,0.0,0.0,0.0,0.0,0.0,0.0,0.0,1.0,0.0,1.0,1.0,0.0,0.0,0.0,1.0,6.0,1.0,4.0,3.0,0.0,26.0,7.0,4.0,11.0,21.0,28.0,12.0,8.0,0.0,0.0,0.0,0.0,0.0,0.0,0.0,0.0,0.0,0.0,0.0,0.0,0.0,10.0,0.0,8.0,5.0,0.0,0.0,0.0,1.0,8.0,1.0,8.0,4.0,0.0,34.0,7.0,5.0,16.0,32.0,43.0,14.0,8.0
963,1.0,963.0,London_60,,151,453,1092.0,70.0,2.0,156285.0,0.5921083691064268,798.0,13.0,1.0,12.0,29.0,9.0,20.0,196.0,241.0,113.0,13.0,53.0,7.0,19.0,1.0,6.0,9.0,65.0,139.0,240.0,32.0,0.0,0.0,0.0,0.0,0.0,0.0,0.0,0.0,0.0,0.0,0.0,0.0,0.0,0.0,0.0,0.0,0.0,0.0,0.0,0.0,0.0,0.0,0.0,0.0,0.0,0.0,0.0,0.0,0.0,0.0,0.0,0.0,0.0,0.0,0.0,1.0,0.0,0.0,0.0,0.0,0.0,1.0,0.0,0.0,0.0,0.0,1.0,0.0,1.0,2.0,0.0,4.0,2.0,1.0,0.0,0.0,0.0,0.0,0.0,0.0,0.0,0.0,0.0,0.0,0.0,0.0,0.0,0.0,0.0,4.0,0.0,0.0,0.0,0.0,0.0,1.0,0.0,0.0,0.0,0.0,3.0,0.0,1.0,2.0,0.0,6.0,2.0,2.0
964,1.0,964.0,London_60,,151,453,1092.0,70.0,2.0,191166.0,0.9436681801453233,875.0,151.0,1.0,150.0,277.0,8.0,269.0,29.0,244.0,114.0,12.0,58.0,7.0,10.0,1.0,7.0,9.0,67.0,133.0,244.0,33.0,0.0,0.0,0.0,0.0,0.0,0.0,0.0,0.0,0.0,0.0,0.0,0.0,0.0,0.0,0.0,0.0,0.0,0.0,0.0,0.0,0.0,0.0,0.0,0.0,0.0,0.0,0.0,0.0,0.0,0.0,0.0,0.0,0.0,0.0,0.0,1.0,0.0,0.0,0.0,0.0,1.0,8.0,7.0,1.0,2.0,0.0,10.0,11.0,2.0,10.0,29.0,35.0,15.0,14.0,0.0,0.0,0.0,0.0,0.0,0.0,0.0,0.0,0.0,0.0,0.0,0.0,0.0,0.0,0.0,5.0,0.0,0.0,0.0,0.0,1.0,16.0,8.0,1.0,2.0,0.0,11.0,15.0,4.0,10.0,40.0,50.0,19.0,19.0
965,1.0,965.0,London_60,,151,453,1092.0,70.0,2.0,162627.0,1.1379996999166906,812.0,124.0,0.0,124.0,208.0,0.0,208.0,277.0,211.0,106.0,20.0,83.0,6.0,17.0,3.0,7.0,6.0,71.0,147.0,229.0,23.0,0.0,0.0,0.0,0.0,0.0,0.0,0.0,0.0,0.0,0.0,0.0,0.0,0.0,0.0,0.0,0.0,0.0,0.0,0.0,0.0,0.0,0.0,0.0,0.0,0.0,0.0,0.0,0.0,0.0,0.0,0.0,0.0,0.0,0.0,0.0,0.0,0.0,0.0,0.0,0.0,3.0,4.0,1.0,2.0,1.0,0.0,9.0,18.0,10.0,10.0,23.0,25.0,18.0,7.0,0.0,0.0,0.0,0.0,0.0,0.0,0.0,0.0,0.0,0.0,0.0,0.0,0.0,0.0,0.0,0.0,0.0,0.0,0.0,0.0,4.0,4.0,1.0,2.0,1.0,0.0,13.0,25.0,12.0,18.0,32.0,30.0,20.0,8.0
966,1.0,966.0,London_60,,151,453,1092.0,70.0,2.0,143148.0,1.8490628120489419,769.0,50.0,0.0,50.0,91.0,0.0,91.0,208.0,229.0,97.0,20.0,64.0,9.0,31.0,0.0,3.0,5.0,78.0,142.0,228.0,23.0,0.0,0.0,0.0,0.0,0.0,0.0,0.0,0.0,0.0,0.0,0.0,0.0,0.0,0.0,0.0,0.0,0.0,0.0,0.0,0.0,0.0,0.0,0.0,0.0,0.0,0.0,0.0,0.0,0.0,0.0,0.0,0.0,0.0,0.0,0.0,0.0,0.0,0.0,0.0,0.0,3.0,0.0,0.0,1.0,0.0,0.0,6.0,5.0,1.0,7.0,4.0,17.0,18.0,1.0,0.0,0.0,0.0,0.0,0.0,0.0,0.0,0.0,0.0,0.0,0.0,0.0,0.0,0.0,0.0,0.0,0.0,0.0,0.0,0.0,4.0,0.0,0.0,3.0,0.0,0.0,8.0,10.0,1.0,8.0,6.0,26.0,24.0,2.0
967,1.0,967.0,London_60,,151,453,1092.0,70.0,2.0,167157.0,0.8354484490118921,822.0,28.0,1.0,27.0,52.0,7.0,45.0,91.0,234.0,100.0,22.0,56.0,11.0,29.0,1.0,0.0,5.0,78.0,141.0,229.0,19.0,0.0,0.0,0.0,0.0,0.0,0.0,0.0,0.0,0.0,0.0,0.0,0.0,0.0,0.0,0.0,0.0,0.0,0.0,0.0,0.0,0.0,0.0,0.0,0.0,0.0,0.0,0.0,0.0,0.0,0.0,0.0,0.0,1.0,0.0,1.0,1.0,0.0,0.0,0.0,0.0,0.0,0.0,1.0,1.0,1.0,0.0,2.0,1.0,0.0,6.0,6.0,3.0,5.0,1.0,0.0,0.0,0.0,0.0,0.0,0.0,0.0,0.0,0.0,0.0,0.0,0.0,1.0,0.0,2.0,3.0,0.0,0.0,0.0,0.0,0.0,0.0,1.0,1.0,1.0,0.0,2.0,1.0,0.0,9.0,10.0,3.0,8.0,2.0
968,1.0,968.0,London_60,,151,453,1092.0,70.0,2.0,198414.0,2.186902601039037,891.0,147.0,1.0,146.0,257.0,9.0,248.0,52.0,238.0,103.0,20.0,50.0,11.0,31.0,0.0,0.0,3.0,79.0,131.0,240.0,22.0,0.0,0.0,0.0,0.0,0.0,0.0,0.0,0.0,0.0,0.0,0.0,0.0,0.0,0.0,0.0,0.0,0.0,0.0,0.0,0.0,0.0,0.0,0.0,0.0,0.0,0.0,0.0,0.0,0.0,0.0,0.0,0.0,0.0,0.0,0.0,0.0,0.0,0.0,0.0,0.0,13.0,20.0,0.0,8.0,8.0,0.0,20.0,11.0,9.0,5.0,27.0,34.0,21.0,8.0,0.0,0.0,0.0,0.0,0.0,0.0,0.0,0.0,0.0,0.0,0.0,0.0,0.0,0.0,0.0,0.0,0.0,0.0,0.0,0.0,17.0,31.0,0.0,14.0,8.0,0.0,26.0,12.0,10.0,5.0,36.0,48.0,26.0,13.0
969,1.0,969.0,London_60,,151,453,1092.0,70.0,2.0,170781.0,1.5195706358645111,830.0,74.0,2.0,72.0,144.0,19.0,125.0,257.0,226.0,91.0,27.0,59.0,14.0,30.0,3.0,3.0,2.0,70.0,159.0,222.0,31.0,0.0,0.0,0.0,0.0,0.0,0.0,0.0,0.0,0.0,0.0,0.0,0.0,0.0,0.0,0.0,0.0,0.0,0.0,0.0,0.0,0.0,0.0,0.0,0.0,0.0,0.0,0.0,0.0,0.0,0.0,0.0,0.0,1.0,0.0,1.0,1.0,0.0,0.0,0.0,0.0,1.0,1.0,0.0,1.0,0.0,0.0,10.0,3.0,5.0,4.0,15.0,18.0,5.0,9.0,0.0,0.0,0.0,0.0,0.0,0.0,0.0,0.0,0.0,0.0,0.0,0.0,6.0,0.0,9.0,3.0,0.0,0.0,0.0,0.0,2.0,1.0,0.0,2.0,0.0,0.0,15.0,4.0,7.0,4.0,24.0,26.0,8.0,18.0
970,1.0,970.0,London_60,,151,453,1092.0,70.0,2.0,175764.0,0.8687264600303024,841.0,144.0,2.0,142.0,252.0,20.0,232.0,144.0,223.0,95.0,21.0,62.0,20.0,30.0,1.0,1.0,3.0,71.0,158.0,221.0,21.0,0.0,0.0,0.0,0.0,0.0,0.0,0.0,0.0,0.0,0.0,0.0,0.0,0.0,0.0,0.0,0.0,0.0,0.0,0.0,0.0,0.0,0.0,0.0,0.0,0.0,0.0,0.0,0.0,0.0,2.0,0.0,0.0,0.0,0.0,0.0,0.0,0.0,0.0,0.0,0.0,5.0,13.0,0.0,1.0,8.0,0.0,11.0,9.0,12.0,8.0,29.0,27.0,25.0,14.0,0.0,0.0,0.0,0.0,0.0,0.0,0.0,0.0,0.0,4.0,0.0,0.0,0.0,0.0,0.0,0.0,0.0,0.0,0.0,0.0,5.0,16.0,0.0,1.0,8.0,0.0,14.0,9.0,16.0,8.0,41.0,35.0,33.0,18.0
971,1.0,971.0,London_60,,151,453,1092.0,70.0,2.0,138618.0,0.811959455953911,759.0,138.0,1.0,137.0,251.0,8.0,243.0,252.0,216.0,89.0,15.0,81.0,18.0,24.0,2.0,8.0,6.0,69.0,151.0,227.0,32.0,0.0,0.0,0.0,0.0,0.0,0.0,0.0,0.0,0.0,0.0,0.0,0.0,0.0,0.0,0.0,0.0,0.0,0.0,0.0,0.0,0.0,0.0,0.0,0.0,0.0,0.0,0.0,0.0,0.0,0.0,0.0,0.0,0.0,1.0,0.0,0.0,0.0,0.0,0.0,0.0,0.0,0.0,0.0,2.0,0.0,0.0,6.0,5.0,11.0,12.0,31.0,34.0,23.0,7.0,0.0,0.0,0.0,0.0,0.0,0.0,0.0,0.0,0.0,0.0,0.0,0.0,0.0,6.0,0.0,0.0,0.0,0.0,0.0,0.0,0.0,0.0,0.0,3.0,0.0,0.0,6.0,6.0,13.0,14.0,45.0,46.0,30.0,10.0
972,1.0,972.0,London_60,,151,453,1092.0,70.0,2.0,102831.0,0.5647553310263902,680.0,7.0,0.0,7.0,16.0,0.0,16.0,251.0,206.0,88.0,25.0,79.0,19.0,27.0,0.0,9.0,3.0,73.0,141.0,236.0,30.0,0.0,0.0,0.0,0.0,0.0,0.0,0.0,0.0,0.0,0.0,0.0,0.0,0.0,0.0,0.0,0.0,0.0,0.0,0.0,0.0,0.0,0.0,0.0,0.0,0.0,0.0,0.0,0.0,0.0,0.0,0.0,0.0,0.0,0.0,0.0,0.0,0.0,0.0,0.0,0.0,0.0,0.0,0.0,1.0,0.0,0.0,0.0,0.0,0.0,0.0,1.0,0.0,2.0,0.0,0.0,0.0,0.0,0.0,0.0,0.0,0.0,0.0,0.0,0.0,0.0,0.0,0.0,0.0,0.0,0.0,0.0,0.0,0.0,0.0,0.0,0.0,0.0,4.0,0.0,0.0,0.0,0.0,0.0,0.0,3.0,0.0,4.0,0.0
973,1.0,973.0,London_60,,151,453,1092.0,70.0,2.0,142695.0,0.9125122970435768,768.0,83.0,2.0,81.0,165.0,19.0,146.0,16.0,208.0,89.0,21.0,78.0,19.0,28.0,0.0,10.0,2.0,75.0,143.0,233.0,30.0,0.0,0.0,0.0,0.0,0.0,0.0,0.0,0.0,0.0,0.0,0.0,0.0,0.0,0.0,0.0,0.0,0.0,0.0,0.0,0.0,0.0,0.0,0.0,0.0,0.0,0.0,0.0,0.0,0.0,0.0,0.0,0.0,1.0,0.0,1.0,2.0,0.0,0.0,0.0,0.0,3.0,5.0,2.0,0.0,2.0,0.0,7.0,4.0,8.0,6.0,19.0,22.0,14.0,6.0,0.0,0.0,0.0,0.0,0.0,0.0,0.0,0.0,0.0,0.0,0.0,0.0,2.0,0.0,6.0,6.0,0.0,0.0,0.0,0.0,3.0,6.0,2.0,0.0,2.0,0.0,9.0,4.0,13.0,10.0,28.0,36.0,18.0,8.0
974,1.0,974.0,London_60,,151,453,1092.0,70.0,2.0,150849.0,3.6534445208963007,786.0,90.0,0.0,90.0,159.0,0.0,159.0,165.0,219.0,93.0,17.0,80.0,19.0,21.0,2.0,2.0,3.0,71.0,135.0,244.0,23.0,0.0,0.0,0.0,0.0,0.0,0.0,0.0,0.0,0.0,0.0,0.0,0.0,0.0,0.0,0.0,0.0,0.0,0.0,0.0,0.0,0.0,0.0,0.0,0.0,0.0,0.0,0.0,0.0,0.0,0.0,0.0,0.0,0.0,0.0,0.0,0.0,0.0,0.0,0.0,0.0,3.0,4.0,0.0,0.0,0.0,0.0,6.0,8.0,7.0,8.0,17.0,19.0,23.0,5.0,0.0,0.0,0.0,0.0,0.0,0.0,0.0,0.0,0.0,0.0,0.0,0.0,0.0,0.0,0.0,0.0,0.0,0.0,0.0,0.0,3.0,6.0,0.0,0.0,0.0,0.0,7.0,11.0,10.0,14.0,27.0,28.0,30.0,7.0
975,1.0,975.0,London_60,,151,453,1092.0,70.0,2.0,156738.0,0.8223372290376574,799.0,92.0,2.0,90.0,169.0,18.0,151.0,159.0,232.0,101.0,13.0,73.0,16.0,13.0,2.0,3.0,7.0,75.0,128.0,243.0,25.0,0.0,0.0,0.0,0.0,0.0,0.0,0.0,0.0,0.0,0.0,0.0,0.0,0.0,0.0,0.0,0.0,0.0,0.0,0.0,0.0,0.0,0.0,0.0,0.0,0.0,0.0,0.0,0.0,0.0,1.0,0.0,0.0,0.0,0.0,0.0,1.0,0.0,0.0,0.0,0.0,0.0,9.0,0.0,0.0,5.0,0.0,13.0,4.0,8.0,11.0,22.0,20.0,19.0,3.0,0.0,0.0,0.0,0.0,0.0,0.0,0.0,0.0,0.0,2.0,0.0,0.0,0.0,0.0,0.0,1.0,0.0,0.0,0.0,0.0,0.0,14.0,0.0,0.0,7.0,0.0,18.0,4.0,14.0,16.0,38.0,28.0,25.0,7.0
976,1.0,976.0,London_60,,151,453,1092.0,70.0,2.0,167610.0,0.686934607103467,823.0,23.0,0.0,23.0,40.0,0.0,40.0,169.0,238.0,109.0,6.0,73.0,5.0,15.0,2.0,5.0,7.0,73.0,127.0,246.0,27.0,0.0,0.0,0.0,0.0,0.0,0.0,0.0,0.0,0.0,0.0,0.0,0.0,0.0,0.0,0.0,0.0,0.0,0.0,0.0,0.0,0.0,0.0,0.0,0.0,0.0,0.0,0.0,0.0,0.0,0.0,0.0,0.0,0.0,0.0,0.0,0.0,0.0,0.0,0.0,0.0,0.0,1.0,0.0,0.0,0.0,0.0,3.0,3.0,3.0,3.0,6.0,5.0,6.0,2.0,0.0,0.0,0.0,0.0,0.0,0.0,0.0,0.0,0.0,0.0,0.0,0.0,0.0,0.0,0.0,0.0,0.0,0.0,0.0,0.0,0.0,1.0,0.0,0.0,0.0,0.0,3.0,6.0,6.0,6.0,9.0,7.0,8.0,2.0
977,1.0,977.0,London_60,,151,453,1092.0,70.0,2.0,194337.0,2.476126335794106,882.0,32.0,0.0,32.0,53.0,0.0,53.0,40.0,239.0,115.0,7.0,72.0,3.0,10.0,2.0,5.0,4.0,75.0,128.0,246.0,22.0,0.0,0.0,0.0,0.0,0.0,0.0,0.0,0.0,0.0,0.0,0.0,0.0,0.0,0.0,0.0,0.0,0.0,0.0,0.0,0.0,0.0,0.0,0.0,0.0,0.0,0.0,0.0,0.0,0.0,0.0,0.0,0.0,0.0,0.0,0.0,0.0,0.0,0.0,0.0,0.0,0.0,2.0,0.0,0.0,0.0,0.0,1.0,3.0,1.0,2.0,4.0,8.0,7.0,6.0,0.0,0.0,0.0,0.0,0.0,0.0,0.0,0.0,0.0,0.0,0.0,0.0,0.0,0.0,0.0,0.0,0.0,0.0,0.0,0.0,0.0,3.0,0.0,0.0,0.0,0.0,2.0,6.0,1.0,2.0,6.0,13.0,9.0,9.0
978,1.0,978.0,London_60,,151,453,1092.0,70.0,2.0,220158.0,3.096279456978664,939.0,135.0,0.0,135.0,230.0,0.0,230.0,53.0,241.0,119.0,7.0,68.0,3.0,10.0,0.0,5.0,3.0,73.0,127.0,250.0,18.0,0.0,0.0,0.0,0.0,0.0,0.0,0.0,0.0,0.0,0.0,0.0,0.0,0.0,0.0,0.0,0.0,0.0,0.0,0.0,0.0,0.0,0.0,0.0,0.0,0.0,0.0,0.0,0.0,0.0,0.0,0.0,0.0,0.0,0.0,0.0,0.0,0.0,0.0,0.0,0.0,4.0,2.0,1.0,0.0,4.0,0.0,16.0,12.0,9.0,27.0,21.0,41.0,20.0,14.0,0.0,0.0,0.0,0.0,0.0,0.0,0.0,0.0,0.0,0.0,0.0,0.0,0.0,0.0,0.0,0.0,0.0,0.0,0.0,0.0,4.0,2.0,1.0,0.0,4.0,0.0,17.0,14.0,12.0,38.0,32.0,60.0,26.0,21.0
979,1.0,979.0,London_60,,151,453,1092.0,70.0,2.0,210192.0,0.888178942957893,917.0,137.0,2.0,135.0,243.0,22.0,221.0,230.0,259.0,87.0,16.0,63.0,6.0,17.0,0.0,5.0,2.0,69.0,130.0,252.0,21.0,0.0,0.0,0.0,0.0,0.0,0.0,0.0,0.0,0.0,1.0,0.0,1.0,0.0,0.0,0.0,0.0,0.0,0.0,1.0,0.0,0.0,0.0,0.0,0.0,0.0,0.0,0.0,0.0,0.0,1.0,0.0,0.0,1.0,0.0,1.0,1.0,0.0,0.0,0.0,0.0,3.0,1.0,2.0,3.0,5.0,0.0,20.0,7.0,0.0,21.0,27.0,27.0,22.0,10.0,0.0,0.0,0.0,0.0,0.0,0.0,0.0,0.0,0.0,1.0,0.0,0.0,2.0,0.0,2.0,4.0,0.0,0.0,0.0,0.0,4.0,1.0,2.0,3.0,5.0,0.0,23.0,7.0,0.0,27.0,41.0,36.0,27.0,15.0
980,1.0,980.0,London_60,,151,453,1092.0,70.0,2.0,187995.0,0.9563307159114629,868.0,143.0,2.0,141.0,257.0,18.0,239.0,235.0,247.0,92.0,13.0,68.0,8.0,21.0,0.0,4.0,4.0,72.0,136.0,241.0,30.0,0.0,0.0,0.0,0.0,0.0,0.0,0.0,0.0,0.0,0.0,0.0,0.0,0.0,0.0,0.0,0.0,0.0,0.0,0.0,0.0,0.0,0.0,0.0,0.0,0.0,0.0,0.0,0.0,0.0,0.0,0.0,0.0,2.0,0.0,2.0,0.0,1.0,0.0,0.0,0.0,4.0,5.0,0.0,2.0,1.0,1.0,16.0,7.0,1.0,8.0,32.0,40.0,36.0,8.0,0.0,0.0,0.0,0.0,0.0,0.0,0.0,0.0,0.0,0.0,0.0,0.0,10.0,0.0,11.0,0.0,6.0,0.0,0.0,0.0,6.0,5.0,0.0,3.0,1.0,1.0,20.0,9.0,1.0,11.0,45.0,58.0,43.0,13.0
981,1.0,981.0,London_60,,151,453,1092.0,70.0,2.0,159909.0,0.7462179369758815,806.0,133.0,2.0,131.0,229.0,17.0,212.0,257.0,237.0,93.0,18.0,75.0,3.0,18.0,1.0,8.0,5.0,69.0,128.0,251.0,31.0,0.0,0.0,0.0,0.0,0.0,0.0,0.0,0.0,0.0,0.0,0.0,0.0,0.0,0.0,0.0,0.0,0.0,0.0,0.0,0.0,0.0,0.0,0.0,0.0,0.0,0.0,0.0,0.0,0.0,0.0,0.0,0.0,1.0,0.0,0.0,1.0,0.0,0.0,0.0,0.0,6.0,11.0,0.0,5.0,3.0,0.0,19.0,5.0,2.0,16.0,27.0,26.0,26.0,13.0,0.0,0.0,0.0,0.0,0.0,0.0,0.0,0.0,0.0,0.0,0.0,0.0,3.0,0.0,0.0,1.0,0.0,0.0,0.0,0.0,7.0,15.0,0.0,5.0,3.0,0.0,23.0,5.0,2.0,24.0,41.0,37.0,30.0,19.0
982,1.0,982.0,London_60,,151,453,1092.0,70.0,2.0,137259.0,0.5819484789390117,756.0,145.0,1.0,144.0,251.0,12.0,239.0,229.0,251.0,84.0,15.0,72.0,10.0,17.0,0.0,4.0,6.0,69.0,115.0,263.0,26.0,0.0,0.0,0.0,0.0,0.0,0.0,0.0,0.0,0.0,0.0,0.0,0.0,0.0,0.0,0.0,0.0,0.0,0.0,0.0,0.0,0.0,0.0,0.0,0.0,0.0,0.0,0.0,0.0,0.0,0.0,0.0,0.0,0.0,0.0,0.0,1.0,0.0,0.0,0.0,0.0,1.0,3.0,0.0,1.0,9.0,0.0,13.0,19.0,1.0,20.0,27.0,21.0,23.0,12.0,0.0,0.0,0.0,0.0,0.0,0.0,0.0,0.0,0.0,0.0,0.0,0.0,0.0,0.0,0.0,5.0,0.0,0.0,0.0,0.0,1.0,3.0,0.0,2.0,10.0,0.0,17.0,28.0,1.0,23.0,39.0,26.0,27.0,19.0
983,1.0,983.0,London_60,,151,453,1092.0,70.0,2.0,97395.0,0.5480281750205904,668.0,25.0,0.0,25.0,46.0,0.0,46.0,251.0,238.0,93.0,23.0,67.0,6.0,17.0,1.0,8.0,7.0,57.0,139.0,250.0,31.0,0.0,0.0,0.0,0.0,0.0,0.0,0.0,0.0,0.0,0.0,0.0,0.0,0.0,0.0,0.0,0.0,0.0,0.0,0.0,0.0,0.0,0.0,0.0,0.0,0.0,0.0,0.0,0.0,0.0,0.0,0.0,0.0,0.0,0.0,0.0,0.0,0.0,0.0,0.0,0.0,1.0,0.0,0.0,0.0,0.0,0.0,2.0,2.0,0.0,4.0,6.0,9.0,3.0,0.0,0.0,0.0,0.0,0.0,0.0,0.0,0.0,0.0,0.0,0.0,0.0,0.0,0.0,0.0,0.0,0.0,0.0,0.0,0.0,0.0,1.0,0.0,0.0,0.0,0.0,0.0,4.0,4.0,0.0,7.0,11.0,15.0,5.0,0.0
984,1.0,984.0,London_60,,151,453,1092.0,70.0,2.0,117327.0,0.47627823683433235,712.0,14.0,0.0,14.0,31.0,0.0,31.0,46.0,242.0,89.0,25.0,58.0,7.0,21.0,1.0,10.0,7.0,61.0,144.0,241.0,25.0,0.0,0.0,0.0,0.0,0.0,0.0,0.0,0.0,0.0,0.0,0.0,0.0,0.0,0.0,0.0,0.0,0.0,0.0,0.0,0.0,0.0,0.0,0.0,0.0,0.0,0.0,0.0,0.0,0.0,0.0,0.0,0.0,0.0,0.0,0.0,0.0,0.0,0.0,0.0,0.0,0.0,0.0,0.0,0.0,0.0,0.0,0.0,2.0,2.0,1.0,3.0,4.0,3.0,1.0,0.0,0.0,0.0,0.0,0.0,0.0,0.0,0.0,0.0,0.0,0.0,0.0,0.0,0.0,0.0,0.0,0.0,0.0,0.0,0.0,0.0,0.0,0.0,0.0,0.0,0.0,0.0,2.0,5.0,1.0,4.0,7.0,5.0,1.0
985,1.0,985.0,London_60,,151,453,1092.0,70.0,2.0,154020.0,0.6581251039169729,793.0,83.0,0.0,83.0,148.0,0.0,148.0,31.0,247.0,90.0,26.0,57.0,7.0,16.0,1.0,9.0,6.0,59.0,141.0,247.0,20.0,0.0,0.0,0.0,0.0,0.0,0.0,0.0,0.0,0.0,0.0,0.0,0.0,0.0,0.0,0.0,0.0,0.0,0.0,0.0,0.0,0.0,0.0,0.0,0.0,0.0,0.0,0.0,0.0,0.0,0.0,0.0,0.0,0.0,0.0,0.0,0.0,0.0,0.0,0.0,0.0,0.0,8.0,0.0,1.0,0.0,0.0,3.0,14.0,2.0,14.0,14.0,22.0,11.0,8.0,0.0,0.0,0.0,0.0,0.0,0.0,0.0,0.0,0.0,0.0,0.0,0.0,0.0,0.0,0.0,0.0,0.0,0.0,0.0,0.0,0.0,12.0,0.0,2.0,0.0,0.0,5.0,17.0,3.0,21.0,20.0,33.0,19.0,12.0
986,1.0,986.0,London_60,,151,453,1092.0,70.0,2.0,151755.0,2.13381893793121,788.0,52.0,2.0,50.0,102.0,18.0,84.0,148.0,263.0,84.0,24.0,48.0,9.0,16.0,1.0,8.0,3.0,61.0,138.0,251.0,15.0,0.0,0.0,0.0,0.0,0.0,0.0,0.0,0.0,0.0,0.0,0.0,0.0,0.0,0.0,0.0,0.0,0.0,0.0,0.0,0.0,0.0,0.0,0.0,0.0,0.0,0.0,0.0,0.0,0.0,0.0,0.0,0.0,0.0,0.0,0.0,1.0,0.0,0.0,0.0,0.0,1.0,2.0,3.0,1.0,0.0,0.0,9.0,3.0,4.0,2.0,11.0,12.0,10.0,8.0,0.0,0.0,0.0,0.0,0.0,0.0,0.0,0.0,0.0,0.0,0.0,0.0,0.0,0.0,0.0,2.0,0.0,0.0,0.0,0.0,1.0,4.0,4.0,2.0,0.0,0.0,12.0,4.0,5.0,5.0,15.0,16.0,12.0,10.0
987,1.0,987.0,London_60,,151,453,1092.0,70.0,2.0,164439.0,1.493025504052639,816.0,86.0,1.0,85.0,154.0,8.0,146.0,102.0,268.0,72.0,29.0,46.0,12.0,20.0,2.0,4.0,3.0,67.0,127.0,256.0,12.0,0.0,0.0,0.0,0.0,0.0,0.0,0.0,0.0,0.0,0.0,0.0,0.0,0.0,0.0,0.0,0.0,0.0,0.0,0.0,0.0,0.0,0.0,0.0,0.0,0.0,0.0,0.0,0.0,0.0,0.0,0.0,0.0,1.0,0.0,0.0,1.0,0.0,0.0,0.0,0.0,2.0,21.0,26.0,1.0,1.0,0.0,13.0,3.0,3.0,9.0,17.0,20.0,16.0,6.0,0.0,0.0,0.0,0.0,0.0,0.0,0.0,0.0,0.0,0.0,0.0,0.0,2.0,0.0,0.0,3.0,0.0,0.0,0.0,0.0,3.0,34.0,36.0,1.0,1.0,0.0,14.0,4.0,4.0,12.0,21.0,26.0,21.0,11.0
988,1.0,988.0,London_60,,151,453,1092.0,70.0,2.0,160362.0,2.6617778239306062,807.0,127.0,0.0,127.0,208.0,0.0,208.0,154.0,270.0,71.0,23.0,44.0,10.0,29.0,1.0,5.0,7.0,66.0,129.0,251.0,23.0,0.0,0.0,0.0,0.0,0.0,0.0,0.0,0.0,0.0,0.0,0.0,0.0,0.0,0.0,0.0,0.0,0.0,0.0,0.0,0.0,0.0,0.0,0.0,0.0,0.0,0.0,0.0,0.0,0.0,0.0,0.0,0.0,0.0,0.0,0.0,0.0,0.0,0.0,0.0,0.0,2.0,12.0,0.0,0.0,3.0,0.0,9.0,15.0,0.0,6.0,27.0,29.0,25.0,5.0,0.0,0.0,0.0,0.0,0.0,0.0,0.0,0.0,0.0,0.0,0.0,0.0,0.0,0.0,0.0,0.0,0.0,0.0,0.0,0.0,3.0,15.0,0.0,0.0,3.0,0.0,11.0,18.0,0.0,6.0,36.0,36.0,29.0,9.0
989,1.0,989.0,London_60,,151,453,1092.0,70.0,2.0,140430.0,1.3826103089377284,763.0,109.0,0.0,109.0,194.0,0.0,194.0,208.0,255.0,75.0,14.0,57.0,11.0,31.0,3.0,7.0,8.0,76.0,138.0,231.0,25.0,0.0,0.0,0.0,0.0,0.0,0.0,0.0,0.0,0.0,0.0,0.0,0.0,0.0,0.0,0.0,0.0,0.0,0.0,0.0,0.0,0.0,0.0,0.0,0.0,0.0,0.0,0.0,0.0,0.0,0.0,0.0,0.0,0.0,0.0,0.0,0.0,0.0,0.0,0.0,0.0,3.0,9.0,1.0,6.0,1.0,0.0,8.0,8.0,9.0,9.0,25.0,24.0,13.0,14.0,0.0,0.0,0.0,0.0,0.0,0.0,0.0,0.0,0.0,0.0,0.0,0.0,0.0,0.0,0.0,0.0,0.0,0.0,0.0,0.0,3.0,10.0,1.0,8.0,1.0,0.0,10.0,12.0,12.0,13.0,36.0,31.0,18.0,22.0
990,1.0,990.0,London_60,,151,453,1092.0,70.0,2.0,136806.0,0.5227753899525851,755.0,25.0,2.0,23.0,56.0,17.0,39.0,194.0,255.0,77.0,14.0,59.0,6.0,33.0,4.0,5.0,4.0,78.0,141.0,230.0,35.0,0.0,0.0,0.0,0.0,0.0,0.0,0.0,0.0,0.0,0.0,0.0,0.0,0.0,0.0,0.0,0.0,0.0,0.0,0.0,0.0,0.0,0.0,0.0,0.0,0.0,0.0,0.0,0.0,0.0,0.0,0.0,0.0,2.0,1.0,1.0,2.0,0.0,0.0,0.0,0.0,0.0,0.0,0.0,0.0,0.0,0.0,1.0,3.0,1.0,1.0,3.0,7.0,3.0,3.0,0.0,0.0,0.0,0.0,0.0,0.0,0.0,0.0,0.0,0.0,0.0,0.0,12.0,2.0,6.0,7.0,0.0,0.0,0.0,0.0,0.0,0.0,0.0,0.0,0.0,0.0,1.0,6.0,2.0,1.0,3.0,11.0,4.0,5.0
991,1.0,991.0,London_60,,151,453,1092.0,70.0,2.0,175311.0,0.7026085390243679,840.0,92.0,0.0,92.0,159.0,0.0,159.0,56.0,260.0,85.0,10.0,56.0,5.0,28.0,3.0,6.0,5.0,77.0,130.0,241.0,32.0,0.0,0.0,0.0,0.0,0.0,0.0,0.0,0.0,0.0,0.0,0.0,0.0,0.0,0.0,0.0,0.0,0.0,0.0,0.0,0.0,0.0,0.0,0.0,0.0,0.0,0.0,0.0,0.0,0.0,0.0,0.0,0.0,0.0,0.0,0.0,0.0,0.0,0.0,0.0,0.0,0.0,6.0,0.0,0.0,4.0,0.0,7.0,5.0,2.0,9.0,15.0,21.0,22.0,5.0,0.0,0.0,0.0,0.0,0.0,0.0,0.0,0.0,0.0,0.0,0.0,0.0,0.0,0.0,0.0,0.0,0.0,0.0,0.0,0.0,0.0,8.0,0.0,0.0,4.0,0.0,10.0,8.0,4.0,13.0,17.0,29.0,32.0,9.0
992,1.0,992.0,London_60,,151,453,1092.0,70.0,2.0,177576.0,0.8792978031560779,845.0,38.0,2.0,36.0,79.0,16.0,63.0,159.0,266.0,91.0,9.0,52.0,3.0,24.0,1.0,7.0,3.0,82.0,139.0,229.0,23.0,0.0,0.0,0.0,0.0,0.0,0.0,0.0,0.0,0.0,0.0,0.0,0.0,0.0,0.0,0.0,0.0,0.0,0.0,0.0,0.0,0.0,0.0,0.0,0.0,0.0,0.0,0.0,0.0,0.0,0.0,1.0,0.0,1.0,0.0,1.0,2.0,0.0,0.0,0.0,0.0,2.0,2.0,0.0,0.0,1.0,0.0,2.0,3.0,1.0,2.0,8.0,7.0,6.0,2.0,0.0,0.0,0.0,0.0,0.0,0.0,0.0,0.0,0.0,0.0,4.0,0.0,1.0,0.0,5.0,5.0,0.0,0.0,0.0,0.0,3.0,2.0,0.0,0.0,1.0,0.0,3.0,4.0,2.0,3.0,10.0,11.0,8.0,3.0
993,1.0,993.0,London_60,,151,453,1092.0,70.0,2.0,193431.0,0.983816702850163,880.0,109.0,2.0,107.0,209.0,19.0,190.0,79.0,262.0,96.0,10.0,56.0,7.0,20.0,1.0,1.0,3.0,76.0,142.0,232.0,21.0,0.0,0.0,0.0,0.0,0.0,0.0,0.0,0.0,0.0,0.0,0.0,0.0,0.0,0.0,0.0,0.0,0.0,0.0,0.0,0.0,0.0,0.0,0.0,0.0,0.0,0.0,0.0,0.0,0.0,1.0,0.0,0.0,0.0,0.0,1.0,0.0,0.0,0.0,0.0,0.0,1.0,1.0,5.0,5.0,6.0,0.0,13.0,11.0,3.0,10.0,25.0,27.0,19.0,7.0,0.0,0.0,0.0,0.0,0.0,0.0,0.0,0.0,0.0,2.0,0.0,0.0,0.0,0.0,7.0,0.0,0.0,0.0,0.0,0.0,1.0,1.0,8.0,9.0,7.0,0.0,15.0,15.0,9.0,13.0,36.0,44.0,22.0,9.0
994,1.0,994.0,London_60,,151,453,1092.0,70.0,2.0,185730.0,0.7622117139399052,863.0,82.0,2.0,80.0,140.0,16.0,124.0,209.0,258.0,74.0,18.0,65.0,3.0,29.0,2.0,4.0,4.0,67.0,167.0,215.0,25.0,0.0,0.0,0.0,0.0,0.0,0.0,0.0,0.0,0.0,0.0,0.0,0.0,0.0,0.0,0.0,0.0,0.0,0.0,0.0,0.0,0.0,0.0,0.0,0.0,0.0,0.0,0.0,0.0,0.0,1.0,0.0,0.0,0.0,0.0,1.0,2.0,0.0,0.0,0.0,0.0,0.0,0.0,0.0,0.0,0.0,0.0,2.0,6.0,4.0,7.0,20.0,22.0,13.0,4.0,0.0,0.0,0.0,0.0,0.0,0.0,0.0,0.0,0.0,1.0,0.0,0.0,0.0,0.0,9.0,4.0,0.0,0.0,0.0,0.0,0.0,0.0,0.0,0.0,0.0,0.0,2.0,9.0,6.0,8.0,27.0,30.0,17.0,5.0
995,1.0,995.0,London_60,,151,453,1092.0,70.0,2.0,179388.0,1.006207819096744,849.0,197.0,0.0,197.0,339.0,0.0,339.0,140.0,264.0,87.0,11.0,53.0,4.0,30.0,0.0,4.0,6.0,71.0,144.0,232.0,18.0,0.0,0.0,0.0,0.0,0.0,0.0,0.0,0.0,0.0,0.0,0.0,0.0,0.0,0.0,0.0,0.0,0.0,0.0,0.0,0.0,0.0,0.0,0.0,0.0,0.0,0.0,0.0,0.0,0.0,0.0,0.0,0.0,0.0,0.0,0.0,0.0,0.0,0.0,0.0,0.0,4.0,22.0,1.0,6.0,0.0,1.0,10.0,3.0,2.0,20.0,39.0,53.0,26.0,9.0,0.0,0.0,0.0,0.0,0.0,0.0,0.0,0.0,0.0,0.0,0.0,0.0,0.0,0.0,0.0,0.0,0.0,0.0,0.0,0.0,5.0,30.0,1.0,10.0,0.0,2.0,12.0,3.0,2.0,24.0,58.0,75.0,35.0,11.0
996,1.0,996.0,London_60,,151,453,1092.0,70.0,2.0,110532.0,0.6613224418833852,697.0,24.0,2.0,22.0,50.0,18.0,32.0,339.0,156.0,132.0,24.0,102.0,4.0,30.0,1.0,4.0,9.0,85.0,148.0,211.0,40.0,0.0,0.0,0.0,0.0,0.0,0.0,0.0,0.0,0.0,0.0,0.0,0.0,0.0,0.0,0.0,0.0,0.0,0.0,0.0,0.0,0.0,0.0,0.0,0.0,0.0,0.0,0.0,0.0,0.0,0.0,0.0,0.0,0.0,0.0,0.0,1.0,0.0,0.0,0.0,0.0,1.0,0.0,0.0,0.0,0.0,0.0,0.0,0.0,0.0,0.0,3.0,7.0,2.0,3.0,0.0,0.0,0.0,0.0,0.0,0.0,0.0,0.0,0.0,0.0,0.0,0.0,0.0,0.0,0.0,4.0,0.0,0.0,0.0,0.0,1.0,0.0,0.0,0.0,0.0,0.0,0.0,0.0,0.0,0.0,5.0,10.0,2.0,4.0
997,1.0,997.0,London_60,,151,453,1092.0,70.0,2.0,142695.0,0.7253487501293421,768.0,124.0,0.0,124.0,201.0,0.0,201.0,50.0,150.0,137.0,23.0,103.0,4.0,30.0,1.0,5.0,11.0,84.0,136.0,222.0,39.0,0.0,0.0,0.0,0.0,0.0,0.0,0.0,0.0,0.0,0.0,0.0,0.0,0.0,0.0,0.0,0.0,0.0,0.0,0.0,0.0,0.0,0.0,0.0,0.0,0.0,0.0,0.0,0.0,0.0,0.0,0.0,0.0,0.0,0.0,0.0,0.0,0.0,0.0,0.0,0.0,0.0,4.0,0.0,3.0,0.0,0.0,7.0,3.0,3.0,7.0,19.0,34.0,19.0,9.0,0.0,0.0,0.0,0.0,0.0,0.0,0.0,0.0,0.0,0.0,0.0,0.0,0.0,0.0,0.0,0.0,0.0,0.0,0.0,0.0,0.0,4.0,0.0,4.0,0.0,0.0,11.0,3.0,4.0,11.0,26.0,42.0,28.0,10.0
998,1.0,998.0,London_60,,151,453,1092.0,70.0,2.0,125028.0,1.1951885488815606,729.0,102.0,0.0,102.0,168.0,0.0,168.0,201.0,153.0,154.0,21.0,89.0,5.0,24.0,2.0,5.0,1.0,74.0,144.0,234.0,29.0,0.0,0.0,0.0,0.0,0.0,0.0,0.0,0.0,0.0,0.0,0.0,0.0,0.0,0.0,0.0,0.0,0.0,0.0,0.0,0.0,0.0,0.0,0.0,0.0,0.0,0.0,0.0,0.0,0.0,0.0,0.0,0.0,0.0,0.0,0.0,0.0,0.0,0.0,0.0,0.0,0.0,4.0,0.0,3.0,1.0,0.0,4.0,3.0,7.0,12.0,22.0,24.0,13.0,10.0,0.0,0.0,0.0,0.0,0.0,0.0,0.0,0.0,0.0,0.0,0.0,0.0,0.0,0.0,0.0,0.0,0.0,0.0,0.0,0.0,0.0,7.0,0.0,4.0,1.0,0.0,8.0,4.0,7.0,17.0,37.0,37.0,16.0,15.0
999,1.0,999.0,London_60,,151,453,1092.0,70.0,2.0,113703.0,0.5497255111113191,704.0,55.0,1.0,54.0,98.0,9.0,89.0,168.0,165.0,170.0,19.0,66.0,5.0,19.0,2.0,7.0,4.0,78.0,145.0,226.0,37.0,0.0,0.0,0.0,0.0,0.0,0.0,0.0,0.0,0.0,0.0,0.0,0.0,0.0,0.0,0.0,0.0,0.0,0.0,0.0,0.0,0.0,0.0,0.0,0.0,0.0,0.0,0.0,0.0,0.0,0.0,0.0,0.0,0.0,0.0,0.0,0.0,0.0,0.0,0.0,0.0,0.0,2.0,0.0,2.0,0.0,0.0,5.0,2.0,0.0,12.0,6.0,12.0,18.0,5.0,0.0,0.0,0.0,0.0,0.0,0.0,0.0,0.0,0.0,0.0,0.0,0.0,0.0,0.0,0.0,0.0,0.0,0.0,0.0,0.0,0.0,5.0,0.0,2.0,0.0,0.0,9.0,2.0,0.0,18.0,10.0,18.0,25.0,7.0
1000,1.0,1000.0,London_60,,151,453,1092.0,70.0,2.0,120498.0,0.9291535571683198,719.0,26.0,2.0,24.0,64.0,17.0,47.0,98.0,156.0,185.0,24.0,52.0,7.0,20.0,2.0,7.0,4.0,70.0,143.0,236.0,38.0,0.0,0.0,0.0,0.0,0.0,0.0,0.0,0.0,0.0,1.0,0.0,0.0,0.0,0.0,0.0,1.0,0.0,0.0,1.0,0.0,0.0,0.0,0.0,0.0,0.0,0.0,0.0,0.0,0.0,0.0,0.0,0.0,0.0,0.0,0.0,1.0,0.0,0.0,0.0,0.0,1.0,2.0,0.0,0.0,0.0,0.0,3.0,4.0,0.0,8.0,2.0,5.0,6.0,3.0,0.0,0.0,0.0,0.0,0.0,0.0,0.0,0.0,0.0,0.0,0.0,0.0,0.0,0.0,0.0,2.0,0.0,0.0,0.0,0.0,1.0,2.0,0.0,0.0,0.0,0.0,4.0,9.0,0.0,10.0,2.0,7.0,9.0,6.0
1001,1.0,1001.0,London_60,,151,453,1092.0,70.0,2.0,147225.0,0.954167126910761,778.0,2.0,1.0,1.0,12.0,10.0,2.0,61.0,161.0,192.0,27.0,39.0,7.0,17.0,2.0,8.0,3.0,70.0,143.0,237.0,33.0,0.0,0.0,0.0,0.0,0.0,0.0,0.0,0.0,0.0,0.0,0.0,0.0,0.0,0.0,0.0,0.0,0.0,0.0,0.0,0.0,0.0,0.0,0.0,0.0,0.0,0.0,0.0,0.0,0.0,1.0,0.0,0.0,0.0,0.0,0.0,1.0,0.0,0.0,0.0,0.0,0.0,0.0,0.0,0.0,0.0,0.0,0.0,0.0,0.0,0.0,0.0,1.0,0.0,1.0,0.0,0.0,0.0,0.0,0.0,0.0,0.0,0.0,0.0,2.0,0.0,0.0,0.0,0.0,0.0,1.0,0.0,0.0,0.0,0.0,0.0,0.0,0.0,0.0,0.0,0.0,0.0,0.0,0.0,0.0,0.0,2.0,0.0,2.0
1002,1.0,1002.0,London_60,,151,453,1092.0,70.0,2.0,192978.0,0.7295115331653506,879.0,46.0,0.0,46.0,87.0,0.0,87.0,12.0,163.0,188.0,28.0,45.0,5.0,14.0,2.0,8.0,3.0,71.0,139.0,240.0,31.0,0.0,0.0,0.0,0.0,0.0,0.0,0.0,0.0,0.0,0.0,0.0,0.0,0.0,0.0,0.0,0.0,0.0,0.0,0.0,0.0,0.0,0.0,0.0,0.0,0.0,0.0,0.0,0.0,0.0,0.0,0.0,0.0,0.0,0.0,0.0,0.0,0.0,0.0,0.0,0.0,0.0,3.0,0.0,1.0,0.0,0.0,4.0,9.0,3.0,3.0,10.0,15.0,11.0,3.0,0.0,0.0,0.0,0.0,0.0,0.0,0.0,0.0,0.0,0.0,0.0,0.0,0.0,0.0,0.0,0.0,0.0,0.0,0.0,0.0,0.0,4.0,0.0,1.0,0.0,0.0,5.0,13.0,4.0,4.0,15.0,20.0,15.0,4.0
1003,1.0,1003.0,London_60,,151,453,1092.0,70.0,2.0,223329.0,1.735147963045165,946.0,261.0,2.0,259.0,451.0,17.0,434.0,87.0,168.0,182.0,29.0,46.0,5.0,14.0,1.0,8.0,1.0,70.0,133.0,249.0,33.0,0.0,0.0,0.0,0.0,0.0,0.0,0.0,0.0,0.0,0.0,0.0,0.0,0.0,0.0,0.0,0.0,0.0,0.0,0.0,0.0,0.0,0.0,0.0,0.0,0.0,0.0,0.0,0.0,0.0,0.0,0.0,0.0,1.0,0.0,1.0,1.0,0.0,0.0,0.0,0.0,2.0,31.0,0.0,6.0,12.0,1.0,33.0,6.0,11.0,9.0,49.0,55.0,18.0,9.0,0.0,0.0,0.0,0.0,0.0,0.0,0.0,0.0,0.0,0.0,0.0,0.0,3.0,0.0,7.0,3.0,0.0,0.0,0.0,0.0,2.0,41.0,0.0,11.0,13.0,2.0,43.0,9.0,13.0,11.0,72.0,87.0,19.0,12.0
1004,1.0,1004.0,London_60,,151,453,1092.0,70.0,2.0,141336.0,0.5245030261576176,765.0,125.0,2.0,123.0,221.0,18.0,203.0,451.0,68.0,154.0,34.0,130.0,21.0,37.0,2.0,7.0,9.0,86.0,138.0,220.0,50.0,0.0,0.0,0.0,0.0,0.0,0.0,0.0,0.0,0.0,0.0,0.0,0.0,0.0,0.0,0.0,0.0,0.0,0.0,0.0,0.0,0.0,0.0,0.0,0.0,0.0,0.0,0.0,0.0,0.0,0.0,0.0,0.0,1.0,1.0,0.0,1.0,1.0,0.0,0.0,0.0,4.0,1.0,0.0,5.0,0.0,0.0,12.0,3.0,4.0,7.0,20.0,22.0,12.0,7.0,0.0,0.0,0.0,0.0,0.0,0.0,0.0,0.0,0.0,0.0,0.0,0.0,2.0,7.0,0.0,6.0,6.0,0.0,0.0,0.0,5.0,2.0,0.0,10.0,0.0,0.0,19.0,3.0,5.0,10.0,37.0,36.0,17.0,8.0
1005,1.0,1005.0,London_60,,151,453,1092.0,70.0,2.0,115515.0,0.6518075161147863,708.0,24.0,1.0,23.0,48.0,9.0,39.0,221.0,85.0,135.0,37.0,141.0,21.0,28.0,2.0,4.0,6.0,71.0,140.0,236.0,45.0,0.0,0.0,0.0,0.0,0.0,0.0,0.0,0.0,0.0,0.0,0.0,0.0,0.0,0.0,0.0,0.0,0.0,0.0,0.0,0.0,0.0,0.0,0.0,0.0,0.0,0.0,0.0,0.0,0.0,0.0,0.0,0.0,0.0,0.0,0.0,1.0,0.0,0.0,0.0,0.0,0.0,1.0,0.0,0.0,0.0,0.0,1.0,3.0,0.0,3.0,6.0,5.0,6.0,2.0,0.0,0.0,0.0,0.0,0.0,0.0,0.0,0.0,0.0,0.0,0.0,0.0,0.0,0.0,0.0,2.0,0.0,0.0,0.0,0.0,0.0,2.0,0.0,0.0,0.0,0.0,1.0,7.0,0.0,4.0,8.0,6.0,9.0,2.0
1006,1.0,1006.0,London_60,,151,453,1092.0,70.0,2.0,140430.0,0.5713524208404124,763.0,15.0,1.0,14.0,34.0,8.0,26.0,48.0,89.0,141.0,34.0,141.0,19.0,24.0,1.0,4.0,7.0,70.0,134.0,242.0,45.0,0.0,0.0,0.0,0.0,0.0,0.0,0.0,0.0,0.0,0.0,0.0,0.0,0.0,0.0,0.0,0.0,0.0,0.0,0.0,0.0,0.0,0.0,0.0,0.0,0.0,0.0,0.0,0.0,0.0,1.0,0.0,0.0,1.0,0.0,0.0,1.0,0.0,0.0,0.0,0.0,0.0,0.0,0.0,1.0,0.0,0.0,1.0,0.0,0.0,1.0,2.0,3.0,2.0,4.0,0.0,0.0,0.0,0.0,0.0,0.0,0.0,0.0,0.0,2.0,0.0,0.0,5.0,0.0,0.0,3.0,0.0,0.0,0.0,0.0,0.0,0.0,0.0,1.0,0.0,0.0,2.0,0.0,0.0,2.0,3.0,4.0,3.0,8.0
1007,1.0,1007.0,London_60,,151,453,1092.0,70.0,2.0,173499.0,0.6414099321700633,836.0,124.0,0.0,124.0,209.0,0.0,209.0,34.0,91.0,143.0,37.0,137.0,10.0,27.0,1.0,7.0,7.0,72.0,137.0,237.0,42.0,0.0,0.0,0.0,0.0,0.0,0.0,0.0,0.0,0.0,0.0,0.0,0.0,0.0,0.0,0.0,0.0,0.0,0.0,0.0,0.0,0.0,0.0,0.0,0.0,0.0,0.0,0.0,0.0,0.0,0.0,0.0,0.0,0.0,0.0,0.0,0.0,0.0,0.0,0.0,0.0,2.0,12.0,1.0,3.0,0.0,0.0,9.0,6.0,3.0,9.0,28.0,29.0,15.0,8.0,0.0,0.0,0.0,0.0,0.0,0.0,0.0,0.0,0.0,0.0,0.0,0.0,0.0,0.0,0.0,0.0,0.0,0.0,0.0,0.0,2.0,18.0,1.0,3.0,0.0,0.0,12.0,8.0,4.0,11.0,34.0,42.0,17.0,13.0
1008,1.0,1008.0,London_60,,151,453,1092.0,70.0,2.0,155379.0,0.5753753727767617,796.0,82.0,0.0,82.0,145.0,0.0,145.0,209.0,94.0,181.0,35.0,112.0,7.0,17.0,1.0,6.0,9.0,72.0,152.0,220.0,48.0,0.0,0.0,0.0,0.0,0.0,0.0,0.0,0.0,0.0,0.0,0.0,0.0,0.0,0.0,0.0,0.0,0.0,0.0,0.0,0.0,0.0,0.0,0.0,0.0,0.0,0.0,0.0,0.0,0.0,0.0,0.0,0.0,0.0,0.0,0.0,0.0,0.0,0.0,0.0,0.0,2.0,1.0,0.0,1.0,0.0,0.0,3.0,4.0,5.0,6.0,17.0,21.0,14.0,8.0,0.0,0.0,0.0,0.0,0.0,0.0,0.0,0.0,0.0,0.0,0.0,0.0,0.0,0.0,0.0,0.0,0.0,0.0,0.0,0.0,2.0,2.0,0.0,1.0,0.0,0.0,4.0,5.0,6.0,11.0,28.0,28.0,16.0,14.0
1009,1.0,1009.0,London_60,,151,453,1092.0,70.0,2.0,162627.0,0.8465626130346209,812.0,123.0,1.0,122.0,213.0,7.0,206.0,145.0,97.0,168.0,46.0,105.0,6.0,25.0,1.0,5.0,7.0,69.0,141.0,236.0,40.0,0.0,0.0,0.0,0.0,0.0,0.0,0.0,0.0,0.0,0.0,0.0,0.0,0.0,0.0,0.0,0.0,0.0,0.0,0.0,0.0,0.0,0.0,0.0,0.0,0.0,0.0,0.0,0.0,0.0,0.0,0.0,0.0,1.0,0.0,1.0,1.0,0.0,0.0,0.0,0.0,3.0,5.0,1.0,0.0,1.0,1.0,8.0,9.0,6.0,11.0,22.0,30.0,17.0,10.0,0.0,0.0,0.0,0.0,0.0,0.0,0.0,0.0,0.0,0.0,0.0,0.0,1.0,0.0,5.0,2.0,0.0,0.0,0.0,0.0,5.0,8.0,2.0,0.0,1.0,1.0,12.0,13.0,8.0,15.0,33.0,50.0,22.0,17.0
1010,1.0,1010.0,London_60,,151,453,1092.0,70.0,2.0,138618.0,0.7441054398659617,759.0,58.0,1.0,57.0,113.0,9.0,104.0,213.0,123.0,191.0,30.0,69.0,12.0,25.0,2.0,1.0,6.0,78.0,157.0,212.0,38.0,0.0,0.0,0.0,0.0,0.0,0.0,0.0,0.0,0.0,0.0,0.0,0.0,0.0,0.0,0.0,0.0,0.0,0.0,0.0,0.0,0.0,0.0,0.0,0.0,0.0,0.0,0.0,0.0,0.0,0.0,0.0,0.0,0.0,0.0,0.0,0.0,0.0,0.0,0.0,0.0,3.0,3.0,1.0,2.0,0.0,0.0,8.0,4.0,1.0,9.0,8.0,11.0,17.0,5.0,0.0,0.0,0.0,0.0,0.0,0.0,0.0,0.0,0.0,0.0,0.0,0.0,0.0,0.0,0.0,0.0,0.0,0.0,0.0,0.0,4.0,6.0,1.0,5.0,0.0,0.0,11.0,4.0,2.0,9.0,13.0,17.0,27.0,11.0
1011,1.0,1011.0,London_60,,151,453,1092.0,70.0,2.0,137259.0,0.6262775850482285,756.0,126.0,2.0,124.0,236.0,19.0,217.0,113.0,138.0,195.0,30.0,44.0,12.0,27.0,3.0,4.0,6.0,82.0,157.0,208.0,43.0,0.0,0.0,0.0,0.0,0.0,0.0,0.0,0.0,0.0,0.0,0.0,0.0,0.0,0.0,0.0,0.0,0.0,0.0,0.0,0.0,0.0,0.0,0.0,0.0,0.0,0.0,0.0,0.0,0.0,0.0,0.0,0.0,1.0,0.0,1.0,1.0,0.0,0.0,0.0,0.0,1.0,14.0,0.0,0.0,2.0,0.0,14.0,5.0,6.0,16.0,19.0,33.0,17.0,9.0,0.0,0.0,0.0,0.0,0.0,0.0,0.0,0.0,0.0,0.0,0.0,0.0,6.0,0.0,8.0,2.0,0.0,0.0,0.0,0.0,1.0,24.0,0.0,0.0,3.0,0.0,17.0,6.0,11.0,26.0,29.0,47.0,18.0,11.0
1012,1.0,1012.0,London_60,,151,453,1092.0,70.0,2.0,125934.0,1.6248160630930215,731.0,22.0,2.0,20.0,56.0,20.0,36.0,236.0,152.0,166.0,23.0,65.0,9.0,30.0,2.0,6.0,5.0,68.0,146.0,234.0,44.0,0.0,0.0,0.0,0.0,0.0,0.0,0.0,0.0,0.0,0.0,0.0,0.0,0.0,0.0,0.0,0.0,0.0,0.0,0.0,0.0,0.0,0.0,0.0,0.0,0.0,0.0,0.0,0.0,0.0,1.0,0.0,0.0,0.0,0.0,0.0,0.0,0.0,0.0,0.0,0.0,2.0,0.0,0.0,0.0,1.0,0.0,2.0,4.0,2.0,1.0,0.0,5.0,6.0,3.0,0.0,0.0,0.0,0.0,0.0,0.0,0.0,0.0,0.0,2.0,0.0,0.0,0.0,0.0,0.0,0.0,0.0,0.0,0.0,0.0,2.0,0.0,0.0,0.0,1.0,0.0,3.0,6.0,4.0,1.0,0.0,7.0,7.0,4.0
1013,1.0,1013.0,London_60,,151,453,1092.0,70.0,2.0,153567.0,1.332714841933921,792.0,71.0,1.0,70.0,140.0,8.0,132.0,56.0,152.0,176.0,19.0,76.0,9.0,17.0,1.0,3.0,5.0,72.0,140.0,236.0,43.0,0.0,0.0,0.0,0.0,0.0,0.0,0.0,0.0,0.0,0.0,0.0,0.0,0.0,0.0,0.0,0.0,0.0,0.0,0.0,0.0,0.0,0.0,0.0,0.0,0.0,0.0,0.0,0.0,0.0,0.0,0.0,0.0,0.0,1.0,0.0,0.0,0.0,0.0,0.0,0.0,0.0,1.0,1.0,0.0,0.0,1.0,8.0,4.0,1.0,5.0,20.0,10.0,20.0,4.0,0.0,0.0,0.0,0.0,0.0,0.0,0.0,0.0,0.0,0.0,0.0,0.0,0.0,8.0,0.0,0.0,0.0,0.0,0.0,0.0,0.0,2.0,1.0,0.0,0.0,2.0,10.0,5.0,1.0,9.0,30.0,15.0,31.0,8.0
1014,1.0,1014.0,London_60,,151,453,1092.0,70.0,2.0,163533.0,2.3811486870981753,814.0,90.0,0.0,90.0,160.0,0.0,160.0,140.0,172.0,166.0,21.0,56.0,12.0,24.0,2.0,0.0,5.0,77.0,143.0,228.0,24.0,0.0,0.0,0.0,0.0,0.0,0.0,0.0,0.0,0.0,0.0,0.0,0.0,0.0,0.0,0.0,0.0,0.0,0.0,0.0,0.0,0.0,0.0,0.0,0.0,0.0,0.0,0.0,0.0,0.0,0.0,0.0,0.0,0.0,0.0,0.0,0.0,0.0,0.0,0.0,0.0,1.0,10.0,9.0,0.0,14.0,0.0,9.0,8.0,6.0,4.0,16.0,23.0,22.0,6.0,0.0,0.0,0.0,0.0,0.0,0.0,0.0,0.0,0.0,0.0,0.0,0.0,0.0,0.0,0.0,0.0,0.0,0.0,0.0,0.0,1.0,17.0,13.0,0.0,14.0,0.0,13.0,11.0,9.0,7.0,23.0,37.0,32.0,8.0
1015,1.0,1015.0,London_60,,151,453,1092.0,70.0,2.0,155832.0,2.3422366590239108,797.0,112.0,2.0,110.0,212.0,19.0,193.0,160.0,185.0,188.0,12.0,39.0,9.0,18.0,1.0,1.0,9.0,82.0,151.0,211.0,34.0,0.0,0.0,0.0,0.0,0.0,0.0,0.0,0.0,0.0,0.0,0.0,0.0,0.0,0.0,0.0,0.0,0.0,0.0,0.0,0.0,0.0,0.0,0.0,0.0,0.0,0.0,0.0,0.0,0.0,0.0,0.0,0.0,0.0,0.0,1.0,1.0,0.0,0.0,0.0,0.0,3.0,10.0,0.0,0.0,7.0,0.0,4.0,8.0,5.0,12.0,26.0,18.0,21.0,10.0,0.0,0.0,0.0,0.0,0.0,0.0,0.0,0.0,0.0,0.0,0.0,0.0,0.0,0.0,9.0,4.0,0.0,0.0,0.0,0.0,3.0,12.0,0.0,0.0,8.0,0.0,5.0,10.0,9.0,15.0,37.0,20.0,24.0,13.0
1016,1.0,1016.0,London_60,,151,453,1092.0,70.0,2.0,130917.0,0.7717004138976336,742.0,27.0,0.0,27.0,47.0,0.0,47.0,212.0,183.0,170.0,15.0,61.0,7.0,13.0,2.0,2.0,4.0,86.0,150.0,213.0,37.0,0.0,0.0,0.0,0.0,0.0,0.0,0.0,0.0,0.0,0.0,0.0,0.0,0.0,0.0,0.0,0.0,0.0,0.0,0.0,0.0,0.0,0.0,0.0,0.0,0.0,0.0,0.0,0.0,0.0,0.0,0.0,0.0,0.0,0.0,0.0,0.0,0.0,0.0,0.0,0.0,0.0,2.0,0.0,0.0,1.0,1.0,5.0,1.0,2.0,1.0,2.0,12.0,7.0,1.0,0.0,0.0,0.0,0.0,0.0,0.0,0.0,0.0,0.0,0.0,0.0,0.0,0.0,0.0,0.0,0.0,0.0,0.0,0.0,0.0,0.0,2.0,0.0,0.0,1.0,1.0,6.0,1.0,2.0,2.0,3.0,18.0,9.0,3.0
1017,1.0,1017.0,London_60,,151,453,1092.0,70.0,2.0,151302.0,2.0413945908658206,787.0,100.0,2.0,98.0,188.0,18.0,170.0,47.0,190.0,169.0,15.0,59.0,7.0,13.0,0.0,0.0,5.0,78.0,157.0,213.0,36.0,0.0,0.0,0.0,0.0,0.0,0.0,0.0,0.0,0.0,0.0,0.0,0.0,0.0,0.0,0.0,0.0,0.0,0.0,0.0,0.0,0.0,0.0,0.0,0.0,0.0,0.0,0.0,0.0,0.0,0.0,0.0,0.0,0.0,0.0,0.0,1.0,0.0,0.0,0.0,0.0,0.0,10.0,9.0,0.0,5.0,0.0,7.0,9.0,3.0,9.0,25.0,18.0,19.0,5.0,0.0,0.0,0.0,0.0,0.0,0.0,0.0,0.0,0.0,0.0,0.0,0.0,0.0,0.0,0.0,4.0,0.0,0.0,0.0,0.0,0.0,15.0,10.0,0.0,7.0,0.0,9.0,12.0,3.0,13.0,33.0,19.0,26.0,10.0
1018,1.0,1018.0,London_60,,151,453,1092.0,70.0,2.0,139071.0,0.8395409390795976,760.0,142.0,0.0,142.0,253.0,0.0,253.0,188.0,196.0,159.0,17.0,57.0,6.0,15.0,1.0,2.0,8.0,77.0,156.0,212.0,29.0,0.0,0.0,0.0,0.0,0.0,0.0,0.0,0.0,0.0,0.0,0.0,0.0,0.0,0.0,0.0,0.0,0.0,0.0,0.0,0.0,0.0,0.0,0.0,0.0,0.0,0.0,0.0,0.0,0.0,0.0,0.0,0.0,0.0,0.0,0.0,0.0,0.0,0.0,0.0,0.0,5.0,10.0,2.0,4.0,12.0,1.0,8.0,5.0,10.0,9.0,23.0,37.0,19.0,9.0,0.0,0.0,0.0,0.0,0.0,0.0,0.0,0.0,0.0,0.0,0.0,0.0,0.0,0.0,0.0,0.0,0.0,0.0,0.0,0.0,6.0,13.0,3.0,5.0,12.0,1.0,9.0,6.0,11.0,10.0,38.0,57.0,27.0,14.0
1019,1.0,1019.0,London_60,,151,453,1092.0,70.0,2.0,105096.0,1.2460937278810889,685.0,62.0,0.0,62.0,114.0,0.0,114.0,253.0,195.0,136.0,18.0,70.0,8.0,21.0,1.0,4.0,3.0,78.0,138.0,234.0,31.0,0.0,0.0,0.0,0.0,0.0,0.0,0.0,0.0,0.0,0.0,0.0,0.0,0.0,0.0,0.0,0.0,0.0,0.0,0.0,0.0,0.0,0.0,0.0,0.0,0.0,0.0,0.0,0.0,0.0,0.0,0.0,0.0,0.0,0.0,0.0,0.0,0.0,0.0,0.0,0.0,0.0,0.0,0.0,0.0,0.0,0.0,4.0,5.0,5.0,7.0,12.0,15.0,12.0,7.0,0.0,0.0,0.0,0.0,0.0,0.0,0.0,0.0,0.0,0.0,0.0,0.0,0.0,0.0,0.0,0.0,0.0,0.0,0.0,0.0,0.0,0.0,0.0,0.0,0.0,0.0,6.0,9.0,6.0,9.0,20.0,22.0,16.0,13.0
1020,1.0,1020.0,London_60,,151,453,1092.0,70.0,2.0,113703.0,0.767054048134014,704.0,11.0,0.0,11.0,18.0,0.0,18.0,114.0,206.0,123.0,20.0,64.0,11.0,25.0,1.0,3.0,3.0,84.0,141.0,225.0,23.0,0.0,0.0,0.0,0.0,0.0,0.0,0.0,0.0,0.0,0.0,0.0,0.0,0.0,0.0,0.0,0.0,0.0,0.0,0.0,0.0,0.0,0.0,0.0,0.0,0.0,0.0,0.0,0.0,0.0,0.0,0.0,0.0,0.0,0.0,0.0,0.0,0.0,0.0,0.0,0.0,0.0,0.0,0.0,1.0,0.0,0.0,2.0,0.0,1.0,1.0,3.0,3.0,2.0,0.0,0.0,0.0,0.0,0.0,0.0,0.0,0.0,0.0,0.0,0.0,0.0,0.0,0.0,0.0,0.0,0.0,0.0,0.0,0.0,0.0,0.0,0.0,0.0,1.0,0.0,0.0,2.0,0.0,2.0,1.0,4.0,3.0,2.0,0.0
1021,1.0,1021.0,London_60,,151,453,1092.0,70.0,2.0,144960.0,1.1341601349413395,773.0,120.0,2.0,118.0,226.0,22.0,204.0,18.0,206.0,118.0,19.0,67.0,12.0,27.0,1.0,3.0,3.0,81.0,146.0,223.0,22.0,0.0,0.0,0.0,0.0,0.0,0.0,0.0,0.0,0.0,1.0,0.0,1.0,0.0,0.0,0.0,0.0,0.0,0.0,1.0,0.0,0.0,0.0,0.0,0.0,0.0,0.0,0.0,0.0,0.0,0.0,0.0,0.0,1.0,0.0,1.0,1.0,0.0,0.0,0.0,0.0,9.0,5.0,0.0,3.0,8.0,0.0,11.0,7.0,4.0,7.0,17.0,37.0,21.0,10.0,0.0,0.0,0.0,0.0,0.0,0.0,0.0,0.0,0.0,0.0,0.0,0.0,3.0,0.0,5.0,3.0,0.0,0.0,0.0,0.0,12.0,6.0,0.0,3.0,8.0,0.0,13.0,9.0,4.0,11.0,27.0,52.0,24.0,13.0
1022,1.0,1022.0,London_60,,151,453,1092.0,70.0,2.0,129558.0,0.6247164099477232,739.0,24.0,2.0,22.0,52.0,18.0,34.0,222.0,217.0,99.0,30.0,67.0,15.0,19.0,1.0,5.0,8.0,77.0,138.0,230.0,33.0,0.0,0.0,0.0,0.0,0.0,0.0,0.0,0.0,0.0,0.0,0.0,0.0,0.0,0.0,0.0,0.0,0.0,0.0,0.0,0.0,0.0,0.0,0.0,0.0,0.0,0.0,0.0,0.0,0.0,2.0,0.0,0.0,2.0,0.0,2.0,0.0,1.0,0.0,0.0,0.0,0.0,1.0,0.0,0.0,0.0,0.0,1.0,1.0,1.0,2.0,3.0,5.0,2.0,3.0,0.0,0.0,0.0,0.0,0.0,0.0,0.0,0.0,0.0,2.0,0.0,0.0,5.0,0.0,13.0,0.0,10.0,0.0,0.0,0.0,0.0,2.0,0.0,0.0,0.0,0.0,1.0,1.0,1.0,3.0,4.0,8.0,2.0,4.0
1023,1.0,1023.0,London_60,,151,453,1092.0,70.0,2.0,150849.0,0.5162098819855601,786.0,33.0,2.0,31.0,73.0,17.0,56.0,52.0,215.0,104.0,32.0,68.0,12.0,16.0,1.0,5.0,5.0,75.0,134.0,239.0,23.0,0.0,0.0,0.0,0.0,0.0,0.0,0.0,0.0,0.0,0.0,0.0,0.0,0.0,0.0,0.0,0.0,0.0,0.0,0.0,0.0,0.0,0.0,0.0,0.0,0.0,0.0,0.0,0.0,0.0,2.0,0.0,0.0,1.0,0.0,0.0,2.0,0.0,0.0,0.0,0.0,0.0,1.0,0.0,0.0,0.0,0.0,3.0,5.0,2.0,2.0,7.0,7.0,6.0,1.0,0.0,0.0,0.0,0.0,0.0,0.0,0.0,0.0,0.0,6.0,0.0,0.0,2.0,0.0,0.0,7.0,0.0,0.0,0.0,0.0,0.0,2.0,0.0,0.0,0.0,0.0,5.0,9.0,3.0,2.0,12.0,10.0,6.0,2.0
1024,1.0,1024.0,London_60,,151,453,1092.0,70.0,2.0,178935.0,1.2886896210256964,848.0,130.0,1.0,129.0,248.0,12.0,236.0,73.0,208.0,123.0,23.0,62.0,11.0,15.0,0.0,11.0,6.0,80.0,113.0,254.0,24.0,0.0,0.0,0.0,0.0,0.0,0.0,0.0,0.0,0.0,0.0,0.0,0.0,0.0,0.0,0.0,0.0,0.0,0.0,0.0,0.0,0.0,0.0,0.0,0.0,0.0,0.0,0.0,0.0,0.0,0.0,0.0,0.0,0.0,0.0,0.0,1.0,0.0,0.0,0.0,0.0,3.0,0.0,0.0,2.0,17.0,0.0,11.0,12.0,7.0,18.0,18.0,34.0,19.0,13.0,0.0,0.0,0.0,0.0,0.0,0.0,0.0,0.0,0.0,0.0,0.0,0.0,0.0,0.0,0.0,7.0,0.0,0.0,0.0,0.0,3.0,0.0,0.0,2.0,19.0,0.0,15.0,15.0,10.0,26.0,23.0,44.0,21.0,22.0
1025,1.0,1025.0,London_60,,151,453,1092.0,70.0,2.0,158550.0,1.6270251981914043,803.0,90.0,0.0,90.0,150.0,0.0,150.0,248.0,208.0,108.0,29.0,70.0,4.0,20.0,1.0,13.0,6.0,89.0,134.0,224.0,28.0,0.0,0.0,0.0,0.0,0.0,0.0,0.0,0.0,0.0,0.0,0.0,0.0,0.0,0.0,0.0,0.0,0.0,0.0,0.0,0.0,0.0,0.0,0.0,0.0,0.0,0.0,0.0,0.0,0.0,0.0,0.0,0.0,0.0,0.0,0.0,0.0,0.0,0.0,0.0,0.0,2.0,2.0,0.0,2.0,0.0,0.0,9.0,5.0,3.0,7.0,10.0,22.0,10.0,9.0,0.0,0.0,0.0,0.0,0.0,0.0,0.0,0.0,0.0,0.0,0.0,0.0,0.0,0.0,0.0,0.0,0.0,0.0,0.0,0.0,2.0,2.0,0.0,2.0,0.0,0.0,12.0,8.0,4.0,12.0,13.0,29.0,16.0,14.0
1026,1.0,1026.0,London_60,,151,453,1092.0,70.0,2.0,159003.0,0.6679988550022244,804.0,130.0,0.0,130.0,220.0,0.0,220.0,150.0,221.0,106.0,31.0,53.0,4.0,24.0,0.0,14.0,5.0,93.0,130.0,225.0,26.0,0.0,0.0,0.0,0.0,0.0,0.0,0.0,0.0,0.0,0.0,0.0,0.0,0.0,0.0,0.0,0.0,0.0,0.0,0.0,0.0,0.0,0.0,0.0,0.0,0.0,0.0,0.0,0.0,0.0,0.0,0.0,0.0,0.0,0.0,0.0,0.0,0.0,0.0,0.0,0.0,4.0,4.0,1.0,0.0,6.0,0.0,8.0,8.0,5.0,17.0,23.0,40.0,30.0,12.0,0.0,0.0,0.0,0.0,0.0,0.0,0.0,0.0,0.0,0.0,0.0,0.0,0.0,0.0,0.0,0.0,0.0,0.0,0.0,0.0,4.0,4.0,1.0,0.0,6.0,0.0,10.0,10.0,7.0,21.0,37.0,57.0,42.0,15.0
1027,1.0,1027.0,London_60,,151,453,1092.0,70.0,2.0,142695.0,0.6334327720105648,768.0,88.0,0.0,88.0,152.0,0.0,152.0,220.0,227.0,98.0,11.0,56.0,15.0,31.0,0.0,15.0,6.0,90.0,129.0,228.0,31.0,0.0,0.0,0.0,0.0,0.0,0.0,0.0,0.0,0.0,0.0,0.0,0.0,0.0,0.0,0.0,0.0,0.0,0.0,0.0,0.0,0.0,0.0,0.0,0.0,0.0,0.0,0.0,0.0,0.0,0.0,0.0,0.0,0.0,0.0,0.0,0.0,0.0,0.0,0.0,0.0,3.0,0.0,0.0,0.0,0.0,0.0,5.0,7.0,1.0,3.0,20.0,17.0,26.0,2.0,0.0,0.0,0.0,0.0,0.0,0.0,0.0,0.0,0.0,0.0,0.0,0.0,0.0,0.0,0.0,0.0,0.0,0.0,0.0,0.0,4.0,0.0,0.0,0.0,0.0,0.0,5.0,11.0,1.0,4.0,33.0,21.0,33.0,2.0
1028,1.0,1028.0,London_60,,151,453,1092.0,70.0,2.0,138618.0,0.8921787280123681,759.0,90.0,2.0,88.0,169.0,18.0,151.0,152.0,226.0,107.0,8.0,59.0,11.0,24.0,1.0,17.0,4.0,89.0,144.0,216.0,32.0,0.0,0.0,0.0,0.0,0.0,0.0,0.0,0.0,0.0,0.0,0.0,0.0,0.0,0.0,0.0,0.0,0.0,0.0,0.0,0.0,0.0,0.0,0.0,0.0,0.0,0.0,0.0,0.0,0.0,0.0,0.0,0.0,0.0,0.0,0.0,1.0,0.0,0.0,0.0,0.0,2.0,4.0,1.0,3.0,0.0,0.0,12.0,5.0,5.0,6.0,22.0,22.0,24.0,8.0,0.0,0.0,0.0,0.0,0.0,0.0,0.0,0.0,0.0,0.0,0.0,0.0,0.0,0.0,0.0,5.0,0.0,0.0,0.0,0.0,3.0,7.0,1.0,4.0,0.0,0.0,16.0,8.0,7.0,9.0,29.0,32.0,34.0,12.0
1029,1.0,1029.0,London_60,,151,453,1092.0,70.0,2.0,140883.0,1.4349575750529766,764.0,64.0,1.0,63.0,116.0,8.0,108.0,169.0,219.0,110.0,13.0,47.0,15.0,30.0,1.0,18.0,7.0,91.0,129.0,226.0,33.0,0.0,0.0,0.0,0.0,0.0,0.0,0.0,0.0,0.0,0.0,0.0,0.0,0.0,0.0,0.0,0.0,0.0,0.0,0.0,0.0,0.0,0.0,0.0,0.0,0.0,0.0,0.0,0.0,0.0,0.0,0.0,0.0,1.0,0.0,0.0,1.0,0.0,0.0,0.0,0.0,0.0,10.0,0.0,1.0,0.0,0.0,2.0,6.0,5.0,7.0,18.0,14.0,12.0,7.0,0.0,0.0,0.0,0.0,0.0,0.0,0.0,0.0,0.0,0.0,0.0,0.0,6.0,0.0,0.0,3.0,0.0,0.0,0.0,0.0,0.0,14.0,0.0,1.0,0.0,0.0,2.0,7.0,7.0,10.0,28.0,21.0,17.0,11.0
1030,1.0,1030.0,London_60,,151,453,1092.0,70.0,2.0,155379.0,0.7021988371852785,796.0,78.0,0.0,78.0,132.0,0.0,132.0,116.0,231.0,105.0,19.0,46.0,14.0,21.0,2.0,15.0,4.0,88.0,142.0,219.0,21.0,0.0,0.0,0.0,0.0,0.0,0.0,0.0,0.0,0.0,0.0,0.0,0.0,0.0,0.0,0.0,0.0,0.0,0.0,0.0,0.0,0.0,0.0,0.0,0.0,0.0,0.0,0.0,0.0,0.0,0.0,0.0,0.0,0.0,0.0,0.0,0.0,0.0,0.0,0.0,0.0,2.0,4.0,1.0,1.0,2.0,0.0,9.0,1.0,4.0,5.0,10.0,14.0,19.0,6.0,0.0,0.0,0.0,0.0,0.0,0.0,0.0,0.0,0.0,0.0,0.0,0.0,0.0,0.0,0.0,0.0,0.0,0.0,0.0,0.0,3.0,4.0,1.0,2.0,3.0,0.0,14.0,1.0,7.0,6.0,13.0,19.0,23.0,9.0
1031,1.0,1031.0,London_60,,151,453,1092.0,70.0,2.0,159456.0,0.7319191710557789,805.0,7.0,0.0,7.0,17.0,0.0,17.0,132.0,247.0,87.0,18.0,48.0,13.0,19.0,4.0,17.0,5.0,83.0,118.0,247.0,26.0,0.0,0.0,0.0,0.0,0.0,0.0,0.0,0.0,0.0,0.0,0.0,0.0,0.0,0.0,0.0,0.0,0.0,0.0,0.0,0.0,0.0,0.0,0.0,0.0,0.0,0.0,0.0,0.0,0.0,0.0,0.0,0.0,0.0,0.0,0.0,0.0,0.0,0.0,0.0,0.0,0.0,0.0,0.0,0.0,0.0,0.0,0.0,0.0,1.0,0.0,1.0,0.0,2.0,0.0,0.0,0.0,0.0,0.0,0.0,0.0,0.0,0.0,0.0,0.0,0.0,0.0,0.0,0.0,0.0,0.0,0.0,0.0,0.0,0.0,0.0,0.0,0.0,0.0,0.0,0.0,0.0,0.0,1.0,0.0,1.0,0.0,2.0,0.0
1032,1.0,1032.0,London_60,,151,453,1092.0,70.0,2.0,209286.0,1.3598550939932466,915.0,113.0,2.0,111.0,197.0,17.0,180.0,17.0,249.0,85.0,18.0,46.0,12.0,21.0,5.0,17.0,3.0,84.0,122.0,244.0,23.0,0.0,0.0,0.0,0.0,0.0,0.0,0.0,0.0,0.0,0.0,0.0,0.0,0.0,0.0,0.0,0.0,0.0,0.0,0.0,0.0,0.0,0.0,0.0,0.0,0.0,0.0,0.0,0.0,0.0,0.0,0.0,0.0,1.0,1.0,1.0,2.0,0.0,0.0,0.0,0.0,6.0,18.0,22.0,0.0,6.0,1.0,18.0,3.0,5.0,16.0,20.0,21.0,22.0,12.0,0.0,0.0,0.0,0.0,0.0,0.0,0.0,0.0,0.0,0.0,0.0,0.0,2.0,7.0,10.0,7.0,0.0,0.0,0.0,0.0,6.0,31.0,28.0,0.0,6.0,2.0,22.0,4.0,7.0,21.0,33.0,27.0,26.0,19.0
1033,1.0,1033.0,London_60,,151,453,1092.0,70.0,2.0,200226.0,0.9891383498907089,895.0,148.0,0.0,148.0,281.0,0.0,281.0,197.0,244.0,85.0,14.0,56.0,14.0,23.0,4.0,13.0,11.0,79.0,133.0,230.0,36.0,0.0,0.0,0.0,0.0,0.0,0.0,0.0,0.0,0.0,0.0,0.0,0.0,0.0,0.0,0.0,0.0,0.0,0.0,0.0,0.0,0.0,0.0,0.0,0.0,0.0,0.0,0.0,0.0,0.0,0.0,0.0,0.0,0.0,0.0,0.0,0.0,0.0,0.0,0.0,0.0,0.0,17.0,2.0,6.0,1.0,0.0,3.0,4.0,6.0,13.0,35.0,37.0,18.0,9.0,0.0,0.0,0.0,0.0,0.0,0.0,0.0,0.0,0.0,0.0,0.0,0.0,0.0,0.0,0.0,0.0,0.0,0.0,0.0,0.0,0.0,28.0,2.0,12.0,1.0,0.0,9.0,4.0,8.0,18.0,47.0,60.0,22.0,12.0
1034,1.0,1034.0,London_60,,151,453,1092.0,70.0,2.0,179841.0,0.715209887130186,850.0,64.0,2.0,62.0,125.0,16.0,109.0,281.0,197.0,105.0,20.0,79.0,12.0,31.0,0.0,9.0,9.0,74.0,139.0,231.0,41.0,0.0,0.0,0.0,0.0,0.0,0.0,0.0,0.0,0.0,0.0,0.0,0.0,0.0,0.0,0.0,0.0,0.0,0.0,0.0,0.0,0.0,0.0,0.0,0.0,0.0,0.0,0.0,0.0,0.0,1.0,1.0,0.0,1.0,0.0,1.0,2.0,0.0,0.0,0.0,0.0,1.0,0.0,0.0,4.0,1.0,0.0,3.0,7.0,0.0,2.0,12.0,16.0,11.0,9.0,0.0,0.0,0.0,0.0,0.0,0.0,0.0,0.0,0.0,3.0,6.0,0.0,2.0,0.0,7.0,8.0,0.0,0.0,0.0,0.0,1.0,0.0,0.0,5.0,1.0,0.0,5.0,13.0,0.0,3.0,19.0,27.0,13.0,13.0
1035,1.0,1035.0,London_60,,151,453,1092.0,70.0,2.0,194790.0,0.92955625616014,883.0,108.0,2.0,106.0,191.0,19.0,172.0,125.0,205.0,116.0,13.0,74.0,3.0,33.0,0.0,9.0,8.0,92.0,134.0,219.0,37.0,0.0,0.0,0.0,0.0,0.0,0.0,0.0,0.0,0.0,0.0,0.0,0.0,0.0,0.0,0.0,0.0,0.0,0.0,0.0,0.0,0.0,0.0,0.0,0.0,0.0,0.0,0.0,0.0,0.0,1.0,0.0,0.0,0.0,0.0,1.0,1.0,0.0,0.0,0.0,0.0,6.0,2.0,0.0,1.0,7.0,0.0,8.0,4.0,3.0,9.0,26.0,22.0,25.0,8.0,0.0,0.0,0.0,0.0,0.0,0.0,0.0,0.0,0.0,4.0,0.0,0.0,0.0,0.0,5.0,2.0,0.0,0.0,0.0,0.0,8.0,3.0,0.0,1.0,7.0,0.0,11.0,5.0,4.0,12.0,38.0,31.0,33.0,9.0
1036,1.0,1036.0,London_60,,151,453,1092.0,70.0,2.0,183465.0,0.9628174630925059,858.0,145.0,2.0,143.0,265.0,16.0,249.0,191.0,216.0,123.0,19.0,52.0,9.0,31.0,0.0,3.0,2.0,78.0,155.0,218.0,37.0,0.0,0.0,0.0,0.0,0.0,0.0,0.0,0.0,0.0,0.0,0.0,0.0,0.0,0.0,0.0,0.0,0.0,0.0,0.0,0.0,0.0,0.0,0.0,0.0,0.0,0.0,0.0,0.0,0.0,0.0,0.0,0.0,0.0,0.0,1.0,0.0,0.0,0.0,0.0,0.0,2.0,5.0,0.0,1.0,22.0,0.0,4.0,6.0,15.0,5.0,30.0,31.0,20.0,13.0,0.0,0.0,0.0,0.0,0.0,0.0,0.0,0.0,0.0,0.0,0.0,0.0,0.0,0.0,8.0,0.0,0.0,0.0,0.0,0.0,2.0,6.0,0.0,2.0,23.0,0.0,7.0,7.0,20.0,8.0,50.0,44.0,25.0,19.0
1037,1.0,1037.0,London_60,,151,453,1092.0,70.0,2.0,152208.0,0.8235664898529649,789.0,97.0,0.0,97.0,165.0,0.0,165.0,265.0,235.0,84.0,29.0,65.0,8.0,19.0,2.0,11.0,5.0,68.0,142.0,238.0,28.0,0.0,0.0,0.0,0.0,0.0,0.0,0.0,0.0,0.0,0.0,0.0,0.0,0.0,0.0,0.0,0.0,0.0,0.0,0.0,0.0,0.0,0.0,0.0,0.0,0.0,0.0,0.0,0.0,0.0,0.0,0.0,0.0,0.0,0.0,0.0,0.0,0.0,0.0,0.0,0.0,1.0,4.0,0.0,0.0,1.0,0.0,5.0,10.0,8.0,8.0,20.0,25.0,15.0,12.0,0.0,0.0,0.0,0.0,0.0,0.0,0.0,0.0,0.0,0.0,0.0,0.0,0.0,0.0,0.0,0.0,0.0,0.0,0.0,0.0,1.0,6.0,0.0,0.0,1.0,0.0,6.0,12.0,11.0,9.0,29.0,40.0,17.0,19.0
1038,1.0,1038.0,London_60,,151,453,1092.0,70.0,2.0,143148.0,1.3148694259580225,769.0,73.0,2.0,71.0,142.0,18.0,124.0,165.0,244.0,82.0,34.0,62.0,11.0,15.0,2.0,3.0,3.0,69.0,139.0,242.0,22.0,0.0,0.0,0.0,0.0,0.0,0.0,0.0,0.0,0.0,0.0,0.0,0.0,0.0,0.0,0.0,0.0,0.0,0.0,0.0,0.0,0.0,0.0,0.0,0.0,0.0,0.0,0.0,0.0,0.0,0.0,0.0,0.0,0.0,0.0,0.0,1.0,0.0,0.0,0.0,0.0,1.0,0.0,0.0,1.0,1.0,0.0,6.0,4.0,3.0,4.0,11.0,14.0,16.0,8.0,0.0,0.0,0.0,0.0,0.0,0.0,0.0,0.0,0.0,0.0,0.0,0.0,0.0,0.0,0.0,4.0,0.0,0.0,0.0,0.0,2.0,0.0,0.0,2.0,1.0,0.0,10.0,4.0,5.0,9.0,17.0,24.0,20.0,12.0
1039,1.0,1039.0,London_60,,151,453,1092.0,70.0,2.0,150849.0,0.8344518060330302,786.0,90.0,0.0,90.0,161.0,0.0,161.0,142.0,246.0,100.0,33.0,55.0,9.0,7.0,0.0,3.0,2.0,73.0,137.0,241.0,18.0,0.0,0.0,0.0,0.0,0.0,0.0,0.0,0.0,0.0,0.0,0.0,0.0,0.0,0.0,0.0,0.0,0.0,0.0,0.0,0.0,0.0,0.0,0.0,0.0,0.0,0.0,0.0,0.0,0.0,0.0,0.0,0.0,0.0,0.0,0.0,0.0,0.0,0.0,0.0,0.0,6.0,7.0,2.0,1.0,0.0,0.0,11.0,4.0,14.0,5.0,20.0,25.0,19.0,11.0,0.0,0.0,0.0,0.0,0.0,0.0,0.0,0.0,0.0,0.0,0.0,0.0,0.0,0.0,0.0,0.0,0.0,0.0,0.0,0.0,7.0,8.0,3.0,2.0,0.0,0.0,14.0,5.0,19.0,8.0,28.0,37.0,25.0,18.0
1040,1.0,1040.0,London_60,,151,453,1092.0,70.0,2.0,149037.0,1.7167533771134913,782.0,127.0,0.0,127.0,206.0,0.0,206.0,161.0,261.0,88.0,33.0,46.0,5.0,13.0,1.0,6.0,2.0,65.0,149.0,237.0,23.0,0.0,0.0,0.0,0.0,0.0,0.0,0.0,0.0,0.0,0.0,0.0,0.0,0.0,0.0,0.0,0.0,0.0,0.0,0.0,0.0,0.0,0.0,0.0,0.0,0.0,0.0,0.0,0.0,0.0,0.0,0.0,0.0,0.0,0.0,0.0,0.0,0.0,0.0,0.0,0.0,7.0,14.0,0.0,4.0,0.0,0.0,3.0,10.0,18.0,7.0,28.0,19.0,17.0,8.0,0.0,0.0,0.0,0.0,0.0,0.0,0.0,0.0,0.0,0.0,0.0,0.0,0.0,0.0,0.0,0.0,0.0,0.0,0.0,0.0,10.0,18.0,0.0,7.0,0.0,0.0,4.0,16.0,24.0,7.0,46.0,29.0,21.0,15.0
1041,1.0,1041.0,London_60,,151,453,1092.0,70.0,2.0,117327.0,0.8171927749644965,712.0,41.0,1.0,40.0,87.0,9.0,78.0,206.0,269.0,72.0,20.0,61.0,6.0,17.0,3.0,5.0,6.0,81.0,144.0,222.0,32.0,0.0,0.0,0.0,0.0,0.0,0.0,0.0,0.0,0.0,0.0,0.0,0.0,0.0,0.0,0.0,0.0,0.0,0.0,0.0,0.0,0.0,0.0,0.0,0.0,0.0,0.0,0.0,0.0,0.0,0.0,0.0,0.0,0.0,0.0,0.0,1.0,0.0,0.0,0.0,0.0,0.0,1.0,4.0,1.0,0.0,1.0,9.0,0.0,1.0,3.0,11.0,14.0,10.0,2.0,0.0,0.0,0.0,0.0,0.0,0.0,0.0,0.0,0.0,0.0,0.0,0.0,0.0,0.0,0.0,2.0,0.0,0.0,0.0,0.0,0.0,1.0,5.0,1.0,0.0,2.0,14.0,0.0,2.0,3.0,21.0,20.0,16.0,4.0
1042,1.0,1042.0,London_60,,151,453,1092.0,70.0,2.0,131823.0,0.9935071950312704,744.0,13.0,2.0,11.0,34.0,17.0,17.0,87.0,277.0,91.0,13.0,37.0,10.0,21.0,2.0,2.0,7.0,71.0,152.0,223.0,30.0,0.0,0.0,0.0,0.0,0.0,0.0,0.0,0.0,0.0,0.0,0.0,0.0,0.0,0.0,0.0,0.0,0.0,0.0,0.0,0.0,0.0,0.0,0.0,0.0,0.0,0.0,0.0,0.0,0.0,0.0,0.0,0.0,0.0,0.0,0.0,1.0,0.0,0.0,0.0,0.0,0.0,0.0,0.0,0.0,0.0,0.0,1.0,2.0,1.0,0.0,2.0,2.0,1.0,4.0,0.0,0.0,0.0,0.0,0.0,0.0,0.0,0.0,0.0,0.0,0.0,0.0,0.0,0.0,0.0,1.0,0.0,0.0,0.0,0.0,0.0,0.0,0.0,0.0,0.0,0.0,2.0,3.0,1.0,0.0,6.0,3.0,1.0,8.0
1043,1.0,1043.0,London_60,,151,453,1092.0,70.0,2.0,162627.0,1.0147775360383093,812.0,104.0,1.0,103.0,193.0,10.0,183.0,34.0,277.0,91.0,13.0,43.0,8.0,17.0,2.0,2.0,4.0,70.0,147.0,232.0,22.0,0.0,0.0,0.0,0.0,0.0,0.0,0.0,0.0,0.0,0.0,0.0,0.0,0.0,0.0,0.0,0.0,0.0,0.0,0.0,0.0,0.0,0.0,0.0,0.0,0.0,0.0,0.0,0.0,0.0,1.0,0.0,0.0,0.0,0.0,0.0,1.0,0.0,0.0,0.0,0.0,2.0,13.0,12.0,0.0,4.0,0.0,18.0,4.0,2.0,13.0,29.0,21.0,18.0,9.0,0.0,0.0,0.0,0.0,0.0,0.0,0.0,0.0,0.0,1.0,0.0,0.0,0.0,0.0,0.0,1.0,0.0,0.0,0.0,0.0,2.0,20.0,14.0,0.0,6.0,0.0,25.0,5.0,3.0,17.0,48.0,38.0,22.0,15.0
1044,1.0,1044.0,London_60,,151,453,1092.0,70.0,2.0,153567.0,0.8165786459576339,792.0,163.0,0.0,163.0,281.0,0.0,281.0,193.0,273.0,79.0,10.0,65.0,4.0,16.0,2.0,4.0,9.0,64.0,161.0,219.0,39.0,0.0,0.0,0.0,0.0,0.0,0.0,0.0,0.0,0.0,0.0,0.0,0.0,0.0,0.0,0.0,0.0,0.0,0.0,0.0,0.0,0.0,0.0,0.0,0.0,0.0,0.0,0.0,0.0,0.0,0.0,0.0,0.0,0.0,0.0,0.0,0.0,0.0,0.0,0.0,0.0,2.0,24.0,1.0,7.0,3.0,0.0,7.0,1.0,1.0,11.0,32.0,41.0,22.0,4.0,0.0,0.0,0.0,0.0,0.0,0.0,0.0,0.0,0.0,0.0,0.0,0.0,0.0,0.0,0.0,0.0,0.0,0.0,0.0,0.0,2.0,31.0,1.0,12.0,3.0,0.0,7.0,2.0,1.0,12.0,46.0,65.0,23.0,6.0
1045,1.0,1045.0,London_60,,151,453,1092.0,70.0,2.0,111891.0,0.6462250410113484,700.0,11.0,2.0,9.0,31.0,17.0,14.0,281.0,213.0,107.0,16.0,78.0,8.0,24.0,0.0,7.0,4.0,80.0,143.0,226.0,32.0,0.0,0.0,0.0,0.0,0.0,0.0,0.0,0.0,0.0,0.0,0.0,0.0,0.0,0.0,0.0,0.0,0.0,0.0,0.0,0.0,0.0,0.0,0.0,0.0,0.0,0.0,0.0,0.0,0.0,1.0,0.0,0.0,1.0,0.0,1.0,1.0,0.0,0.0,0.0,0.0,0.0,0.0,0.0,1.0,0.0,0.0,0.0,0.0,0.0,1.0,3.0,2.0,0.0,2.0,0.0,0.0,0.0,0.0,0.0,0.0,0.0,0.0,0.0,1.0,0.0,0.0,1.0,0.0,6.0,4.0,0.0,0.0,0.0,0.0,0.0,0.0,0.0,1.0,0.0,0.0,0.0,0.0,0.0,1.0,3.0,3.0,0.0,2.0
1046,1.0,1046.0,London_60,,151,453,1092.0,70.0,2.0,145413.0,0.5989303968381137,774.0,66.0,2.0,64.0,129.0,18.0,111.0,31.0,206.0,107.0,15.0,84.0,5.0,28.0,0.0,8.0,1.0,82.0,137.0,233.0,33.0,0.0,0.0,0.0,0.0,0.0,0.0,0.0,0.0,0.0,0.0,0.0,0.0,0.0,0.0,0.0,0.0,0.0,0.0,0.0,0.0,0.0,0.0,0.0,0.0,0.0,0.0,0.0,0.0,0.0,0.0,0.0,0.0,1.0,1.0,0.0,1.0,1.0,0.0,0.0,0.0,1.0,1.0,0.0,0.0,0.0,0.0,5.0,7.0,3.0,7.0,11.0,15.0,13.0,11.0,0.0,0.0,0.0,0.0,0.0,0.0,0.0,0.0,0.0,0.0,0.0,0.0,5.0,8.0,0.0,1.0,8.0,0.0,0.0,0.0,1.0,1.0,0.0,0.0,0.0,0.0,7.0,10.0,5.0,9.0,15.0,26.0,16.0,18.0
1047,1.0,1047.0,London_60,,151,453,1092.0,70.0,2.0,151755.0,1.8216357629280537,788.0,43.0,1.0,42.0,80.0,9.0,71.0,129.0,221.0,112.0,16.0,77.0,8.0,14.0,0.0,5.0,3.0,78.0,136.0,236.0,41.0,0.0,0.0,0.0,0.0,0.0,0.0,0.0,0.0,0.0,0.0,0.0,0.0,0.0,0.0,0.0,0.0,0.0,0.0,0.0,0.0,0.0,0.0,0.0,0.0,0.0,0.0,0.0,0.0,0.0,1.0,0.0,0.0,0.0,0.0,0.0,1.0,0.0,0.0,0.0,0.0,0.0,6.0,0.0,0.0,0.0,0.0,1.0,3.0,0.0,2.0,11.0,7.0,7.0,4.0,0.0,0.0,0.0,0.0,0.0,0.0,0.0,0.0,0.0,1.0,0.0,0.0,0.0,0.0,0.0,1.0,0.0,0.0,0.0,0.0,0.0,7.0,0.0,0.0,0.0,0.0,2.0,3.0,0.0,2.0,18.0,10.0,9.0,7.0
1048,1.0,1048.0,London_60,,151,453,1092.0,70.0,2.0,177576.0,2.7027132441289723,845.0,94.0,1.0,93.0,164.0,8.0,156.0,80.0,222.0,111.0,18.0,77.0,11.0,9.0,1.0,4.0,2.0,77.0,140.0,234.0,39.0,0.0,0.0,0.0,0.0,0.0,0.0,0.0,0.0,0.0,0.0,0.0,0.0,0.0,0.0,0.0,0.0,0.0,0.0,0.0,0.0,0.0,0.0,0.0,0.0,0.0,0.0,0.0,0.0,0.0,1.0,0.0,0.0,1.0,0.0,0.0,1.0,0.0,0.0,0.0,0.0,3.0,13.0,0.0,0.0,0.0,0.0,2.0,6.0,9.0,11.0,19.0,21.0,21.0,9.0,0.0,0.0,0.0,0.0,0.0,0.0,0.0,0.0,0.0,2.0,0.0,0.0,1.0,0.0,0.0,4.0,0.0,0.0,0.0,0.0,3.0,20.0,0.0,0.0,0.0,0.0,3.0,9.0,12.0,14.0,29.0,29.0,28.0,16.0
1049,1.0,1049.0,London_60,,151,453,1092.0,70.0,2.0,175764.0,1.5331690439488739,841.0,108.0,0.0,108.0,183.0,0.0,183.0,164.0,231.0,97.0,24.0,67.0,9.0,17.0,3.0,5.0,6.0,73.0,140.0,234.0,34.0,0.0,0.0,0.0,0.0,0.0,0.0,0.0,0.0,0.0,0.0,0.0,0.0,0.0,0.0,0.0,0.0,0.0,0.0,0.0,0.0,0.0,0.0,0.0,0.0,0.0,0.0,0.0,0.0,0.0,0.0,0.0,0.0,0.0,0.0,0.0,0.0,0.0,0.0,0.0,0.0,5.0,17.0,5.0,1.0,5.0,0.0,2.0,8.0,10.0,1.0,17.0,25.0,24.0,8.0,0.0,0.0,0.0,0.0,0.0,0.0,0.0,0.0,0.0,0.0,0.0,0.0,0.0,0.0,0.0,0.0,0.0,0.0,0.0,0.0,5.0,27.0,6.0,1.0,5.0,0.0,2.0,11.0,10.0,1.0,24.0,39.0,30.0,9.0
1050,1.0,1050.0,London_60,,151,453,1092.0,70.0,2.0,165345.0,2.234393530059606,818.0,105.0,0.0,105.0,174.0,0.0,174.0,183.0,244.0,104.0,22.0,54.0,8.0,19.0,1.0,1.0,8.0,74.0,134.0,237.0,30.0,0.0,0.0,0.0,0.0,0.0,0.0,0.0,0.0,0.0,0.0,0.0,0.0,0.0,0.0,0.0,0.0,0.0,0.0,0.0,0.0,0.0,0.0,0.0,0.0,0.0,0.0,0.0,0.0,0.0,0.0,0.0,0.0,0.0,0.0,0.0,0.0,0.0,0.0,0.0,0.0,0.0,6.0,1.0,3.0,3.0,0.0,5.0,12.0,8.0,9.0,19.0,23.0,21.0,14.0,0.0,0.0,0.0,0.0,0.0,0.0,0.0,0.0,0.0,0.0,0.0,0.0,0.0,0.0,0.0,0.0,0.0,0.0,0.0,0.0,0.0,7.0,1.0,5.0,3.0,0.0,7.0,14.0,10.0,11.0,29.0,38.0,29.0,23.0
1051,1.0,1051.0,London_60,,151,453,1092.0,70.0,2.0,153114.0,0.8531740980688483,791.0,82.0,1.0,81.0,142.0,7.0,135.0,174.0,250.0,109.0,11.0,51.0,8.0,18.0,1.0,5.0,6.0,63.0,151.0,233.0,27.0,0.0,0.0,0.0,0.0,0.0,0.0,0.0,0.0,0.0,0.0,0.0,0.0,0.0,0.0,0.0,0.0,0.0,0.0,0.0,0.0,0.0,0.0,0.0,0.0,0.0,0.0,0.0,0.0,0.0,0.0,0.0,0.0,0.0,0.0,1.0,0.0,0.0,0.0,0.0,0.0,2.0,5.0,3.0,0.0,0.0,0.0,7.0,8.0,0.0,8.0,19.0,16.0,13.0,10.0,0.0,0.0,0.0,0.0,0.0,0.0,0.0,0.0,0.0,0.0,0.0,0.0,0.0,0.0,6.0,0.0,0.0,0.0,0.0,0.0,2.0,11.0,3.0,0.0,0.0,0.0,10.0,11.0,0.0,13.0,24.0,21.0,15.0,14.0
1052,1.0,1052.0,London_60,,151,453,1092.0,70.0,2.0,151302.0,1.4381461660377681,787.0,80.0,1.0,79.0,144.0,9.0,135.0,142.0,261.0,100.0,10.0,46.0,5.0,26.0,2.0,3.0,9.0,71.0,155.0,218.0,26.0,0.0,0.0,0.0,0.0,0.0,0.0,0.0,0.0,0.0,0.0,0.0,0.0,0.0,0.0,0.0,0.0,0.0,0.0,0.0,0.0,0.0,0.0,0.0,0.0,0.0,0.0,0.0,0.0,0.0,0.0,0.0,0.0,0.0,0.0,0.0,0.0,0.0,0.0,0.0,0.0,2.0,3.0,0.0,0.0,0.0,0.0,12.0,7.0,9.0,6.0,14.0,29.0,15.0,8.0,0.0,0.0,0.0,0.0,0.0,0.0,0.0,0.0,0.0,0.0,0.0,0.0,0.0,0.0,0.0,0.0,0.0,0.0,0.0,0.0,2.0,3.0,0.0,0.0,0.0,0.0,13.0,10.0,12.0,7.0,19.0,41.0,16.0,12.0
1053,1.0,1053.0,London_60,,151,453,1092.0,70.0,2.0,162174.0,1.091409323969856,811.0,52.0,2.0,50.0,96.0,19.0,77.0,144.0,287.0,77.0,11.0,47.0,9.0,15.0,3.0,4.0,5.0,72.0,156.0,220.0,24.0,0.0,0.0,0.0,0.0,0.0,0.0,0.0,0.0,0.0,0.0,0.0,0.0,0.0,0.0,0.0,0.0,0.0,0.0,0.0,0.0,0.0,0.0,0.0,0.0,0.0,0.0,0.0,0.0,0.0,0.0,0.0,0.0,1.0,0.0,1.0,1.0,0.0,0.0,0.0,0.0,0.0,1.0,0.0,0.0,1.0,0.0,8.0,2.0,2.0,10.0,14.0,10.0,5.0,1.0,0.0,0.0,0.0,0.0,0.0,0.0,0.0,0.0,0.0,0.0,0.0,0.0,5.0,0.0,5.0,4.0,0.0,0.0,0.0,0.0,0.0,2.0,0.0,0.0,1.0,0.0,9.0,2.0,3.0,12.0,20.0,15.0,8.0,1.0
1054,1.0,1054.0,London_60,,151,453,1092.0,70.0,2.0,190713.0,1.6129119540564716,874.0,134.0,2.0,132.0,269.0,20.0,249.0,96.0,292.0,79.0,9.0,47.0,9.0,13.0,0.0,4.0,5.0,70.0,145.0,233.0,25.0,0.0,0.0,0.0,0.0,0.0,0.0,0.0,0.0,0.0,0.0,0.0,0.0,0.0,0.0,0.0,0.0,0.0,0.0,0.0,0.0,0.0,0.0,0.0,0.0,0.0,0.0,0.0,0.0,0.0,0.0,0.0,0.0,0.0,0.0,0.0,0.0,0.0,0.0,0.0,0.0,2.0,22.0,1.0,2.0,7.0,0.0,10.0,7.0,1.0,12.0,37.0,23.0,19.0,6.0,0.0,0.0,0.0,0.0,0.0,0.0,0.0,0.0,0.0,0.0,0.0,0.0,0.0,0.0,0.0,0.0,0.0,0.0,0.0,0.0,3.0,35.0,1.0,3.0,8.0,0.0,14.0,9.0,1.0,17.0,53.0,32.0,24.0,9.0
1055,1.0,1055.0,London_60,,151,453,1092.0,70.0,2.0,172593.0,0.7224988220259547,834.0,29.0,1.0,28.0,60.0,8.0,52.0,269.0,232.0,93.0,26.0,70.0,7.0,20.0,1.0,4.0,8.0,75.0,168.0,202.0,39.0,0.0,0.0,0.0,0.0,0.0,0.0,0.0,0.0,0.0,0.0,0.0,0.0,0.0,0.0,0.0,0.0,0.0,0.0,0.0,0.0,0.0,0.0,0.0,0.0,0.0,0.0,0.0,0.0,0.0,0.0,0.0,0.0,0.0,1.0,0.0,1.0,0.0,0.0,0.0,0.0,0.0,0.0,1.0,2.0,0.0,0.0,0.0,1.0,1.0,1.0,7.0,8.0,2.0,3.0,0.0,0.0,0.0,0.0,0.0,0.0,0.0,0.0,0.0,0.0,0.0,0.0,0.0,8.0,0.0,5.0,0.0,0.0,0.0,0.0,0.0,0.0,1.0,2.0,0.0,0.0,0.0,3.0,2.0,1.0,10.0,12.0,2.0,6.0
1056,1.0,1056.0,London_60,,151,453,1092.0,70.0,2.0,202038.0,1.4428798570297658,899.0,104.0,0.0,104.0,178.0,0.0,178.0,60.0,235.0,86.0,28.0,70.0,8.0,21.0,1.0,4.0,6.0,83.0,163.0,201.0,30.0,0.0,0.0,0.0,0.0,0.0,0.0,0.0,0.0,0.0,0.0,0.0,0.0,0.0,0.0,0.0,0.0,0.0,0.0,0.0,0.0,0.0,0.0,0.0,0.0,0.0,0.0,0.0,0.0,0.0,0.0,0.0,0.0,0.0,0.0,0.0,0.0,0.0,0.0,0.0,0.0,0.0,9.0,0.0,2.0,2.0,0.0,14.0,7.0,4.0,6.0,20.0,23.0,14.0,7.0,0.0,0.0,0.0,0.0,0.0,0.0,0.0,0.0,0.0,0.0,0.0,0.0,0.0,0.0,0.0,0.0,0.0,0.0,0.0,0.0,0.0,14.0,0.0,4.0,2.0,0.0,14.0,13.0,6.0,7.0,33.0,38.0,19.0,10.0
1057,1.0,1057.0,London_60,,151,453,1092.0,70.0,2.0,197055.0,0.9328310191631317,888.0,148.0,2.0,146.0,272.0,19.0,253.0,178.0,246.0,80.0,26.0,81.0,4.0,14.0,0.0,2.0,4.0,84.0,152.0,213.0,18.0,0.0,0.0,0.0,0.0,0.0,0.0,0.0,0.0,0.0,0.0,0.0,0.0,0.0,0.0,0.0,0.0,0.0,0.0,0.0,0.0,0.0,0.0,0.0,0.0,0.0,0.0,0.0,0.0,0.0,0.0,0.0,0.0,0.0,0.0,1.0,2.0,0.0,0.0,0.0,0.0,1.0,12.0,0.0,0.0,10.0,0.0,17.0,7.0,5.0,10.0,16.0,43.0,16.0,11.0,0.0,0.0,0.0,0.0,0.0,0.0,0.0,0.0,0.0,0.0,0.0,0.0,0.0,0.0,5.0,11.0,0.0,0.0,0.0,0.0,1.0,17.0,0.0,0.0,10.0,0.0,22.0,11.0,6.0,14.0,21.0,64.0,19.0,14.0
1058,1.0,1058.0,London_60,,151,453,1092.0,70.0,2.0,156738.0,0.8455066368915141,799.0,103.0,0.0,103.0,168.0,0.0,168.0,272.0,224.0,98.0,19.0,76.0,5.0,24.0,2.0,5.0,3.0,69.0,160.0,221.0,32.0,0.0,0.0,0.0,0.0,0.0,0.0,0.0,0.0,0.0,0.0,0.0,0.0,0.0,0.0,0.0,0.0,0.0,0.0,0.0,0.0,0.0,0.0,0.0,0.0,0.0,0.0,0.0,0.0,0.0,0.0,0.0,0.0,0.0,0.0,0.0,0.0,0.0,0.0,0.0,0.0,2.0,5.0,0.0,0.0,0.0,0.0,8.0,10.0,5.0,5.0,18.0,22.0,12.0,6.0,0.0,0.0,0.0,0.0,0.0,0.0,0.0,0.0,0.0,0.0,0.0,0.0,0.0,0.0,0.0,0.0,0.0,0.0,0.0,0.0,4.0,7.0,0.0,0.0,0.0,0.0,9.0,15.0,9.0,5.0,26.0,29.0,18.0,8.0
1059,1.0,1059.0,London_60,,151,453,1092.0,70.0,2.0,139977.0,0.9188657160848379,762.0,206.0,2.0,204.0,364.0,18.0,346.0,168.0,239.0,97.0,21.0,67.0,10.0,16.0,0.0,3.0,4.0,72.0,161.0,216.0,23.0,0.0,0.0,0.0,0.0,0.0,0.0,0.0,0.0,0.0,0.0,0.0,0.0,0.0,0.0,0.0,0.0,0.0,0.0,0.0,0.0,0.0,0.0,0.0,0.0,0.0,0.0,0.0,0.0,0.0,0.0,0.0,0.0,0.0,0.0,0.0,0.0,0.0,0.0,0.0,0.0,3.0,24.0,5.0,6.0,1.0,1.0,5.0,6.0,2.0,15.0,47.0,33.0,28.0,12.0,0.0,0.0,0.0,0.0,0.0,0.0,0.0,0.0,0.0,0.0,0.0,0.0,0.0,0.0,0.0,0.0,0.0,0.0,0.0,0.0,3.0,33.0,5.0,9.0,1.0,1.0,6.0,6.0,2.0,18.0,68.0,46.0,32.0,19.0
1060,1.0,1060.0,London_60,,151,453,1092.0,70.0,2.0,71574.0,0.18714935705065727,611.0,17.0,0.0,17.0,27.0,0.0,27.0,364.0,140.0,137.0,27.0,104.0,4.0,32.0,3.0,6.0,12.0,76.0,154.0,211.0,47.0,0.0,0.0,0.0,0.0,0.0,0.0,0.0,0.0,0.0,0.0,0.0,0.0,0.0,0.0,0.0,0.0,0.0,0.0,0.0,0.0,0.0,0.0,0.0,0.0,0.0,0.0,0.0,0.0,0.0,0.0,0.0,0.0,0.0,0.0,0.0,0.0,0.0,0.0,0.0,0.0,0.0,0.0,0.0,0.0,0.0,0.0,2.0,0.0,0.0,0.0,2.0,6.0,0.0,3.0,0.0,0.0,0.0,0.0,0.0,0.0,0.0,0.0,0.0,0.0,0.0,0.0,0.0,0.0,0.0,0.0,0.0,0.0,0.0,0.0,0.0,0.0,0.0,0.0,0.0,0.0,2.0,0.0,0.0,0.0,3.0,8.0,0.0,4.0
1061,1.0,1061.0,London_60,,151,453,1092.0,70.0,2.0,94224.0,0.5035144258290529,661.0,36.0,0.0,36.0,60.0,0.0,60.0,27.0,141.0,141.0,23.0,104.0,4.0,33.0,1.0,6.0,12.0,75.0,157.0,209.0,49.0,0.0,0.0,0.0,0.0,0.0,0.0,0.0,0.0,0.0,0.0,0.0,0.0,0.0,0.0,0.0,0.0,0.0,0.0,0.0,0.0,0.0,0.0,0.0,0.0,0.0,0.0,0.0,0.0,0.0,0.0,0.0,0.0,0.0,0.0,0.0,0.0,0.0,0.0,0.0,0.0,1.0,0.0,0.0,1.0,0.0,0.0,3.0,7.0,1.0,2.0,4.0,9.0,6.0,4.0,0.0,0.0,0.0,0.0,0.0,0.0,0.0,0.0,0.0,0.0,0.0,0.0,0.0,0.0,0.0,0.0,0.0,0.0,0.0,0.0,1.0,0.0,0.0,1.0,0.0,0.0,4.0,8.0,1.0,3.0,8.0,15.0,8.0,5.0
1062,1.0,1062.0,London_60,,151,453,1092.0,70.0,2.0,112797.0,0.6473767468705773,702.0,1.0,0.0,1.0,1.0,0.0,1.0,60.0,143.0,141.0,32.0,98.0,4.0,29.0,2.0,4.0,15.0,78.0,154.0,206.0,51.0,0.0,0.0,0.0,0.0,0.0,0.0,0.0,0.0,0.0,0.0,0.0,0.0,0.0,0.0,0.0,0.0,0.0,0.0,0.0,0.0,0.0,0.0,0.0,0.0,0.0,0.0,0.0,0.0,0.0,0.0,0.0,0.0,0.0,0.0,0.0,0.0,0.0,0.0,0.0,0.0,0.0,0.0,0.0,0.0,0.0,0.0,0.0,0.0,0.0,0.0,0.0,0.0,0.0,0.0,0.0,0.0,0.0,0.0,0.0,0.0,0.0,0.0,0.0,0.0,0.0,0.0,0.0,0.0,0.0,0.0,0.0,0.0,0.0,0.0,0.0,0.0,0.0,0.0,0.0,0.0,0.0,0.0,0.0,0.0,0.0,0.0,0.0,0.0
1063,1.0,1063.0,London_60,,151,453,1092.0,70.0,2.0,149037.0,0.6222702299710363,782.0,91.0,2.0,89.0,167.0,22.0,145.0,1.0,143.0,141.0,33.0,97.0,4.0,29.0,2.0,4.0,15.0,78.0,154.0,206.0,51.0,0.0,0.0,0.0,0.0,0.0,0.0,0.0,0.0,0.0,1.0,0.0,1.0,0.0,0.0,0.0,0.0,0.0,0.0,1.0,0.0,0.0,0.0,0.0,0.0,0.0,0.0,0.0,0.0,0.0,1.0,0.0,0.0,1.0,0.0,1.0,1.0,0.0,0.0,0.0,0.0,0.0,1.0,0.0,1.0,0.0,0.0,7.0,4.0,2.0,6.0,20.0,21.0,10.0,5.0,0.0,0.0,0.0,0.0,0.0,0.0,0.0,0.0,0.0,3.0,0.0,0.0,7.0,0.0,6.0,3.0,0.0,0.0,0.0,0.0,0.0,1.0,0.0,1.0,0.0,0.0,9.0,6.0,3.0,11.0,28.0,31.0,13.0,11.0
1064,1.0,1064.0,London_60,,151,453,1092.0,70.0,2.0,142695.0,0.784081727033481,768.0,17.0,2.0,15.0,42.0,18.0,24.0,163.0,153.0,133.0,29.0,84.0,4.0,42.0,2.0,6.0,7.0,85.0,146.0,215.0,36.0,0.0,0.0,0.0,0.0,0.0,0.0,0.0,0.0,0.0,0.0,0.0,0.0,0.0,0.0,0.0,0.0,0.0,0.0,0.0,0.0,0.0,0.0,0.0,0.0,0.0,0.0,0.0,0.0,0.0,1.0,0.0,0.0,2.0,0.0,2.0,0.0,1.0,0.0,0.0,0.0,0.0,0.0,0.0,0.0,0.0,1.0,0.0,1.0,0.0,4.0,1.0,4.0,3.0,0.0,0.0,0.0,0.0,0.0,0.0,0.0,0.0,0.0,0.0,1.0,0.0,0.0,2.0,0.0,16.0,0.0,10.0,0.0,0.0,0.0,0.0,0.0,0.0,0.0,0.0,1.0,0.0,1.0,0.0,5.0,1.0,5.0,3.0,0.0
1065,1.0,1065.0,London_60,,151,453,1092.0,70.0,2.0,180747.0,1.3347390729468316,852.0,43.0,2.0,41.0,84.0,17.0,67.0,42.0,140.0,143.0,25.0,98.0,4.0,37.0,0.0,6.0,5.0,82.0,137.0,229.0,34.0,0.0,0.0,0.0,0.0,0.0,0.0,0.0,0.0,0.0,0.0,0.0,0.0,0.0,0.0,0.0,0.0,0.0,0.0,0.0,0.0,0.0,0.0,0.0,0.0,0.0,0.0,0.0,0.0,0.0,2.0,0.0,0.0,1.0,0.0,0.0,2.0,0.0,0.0,0.0,0.0,0.0,0.0,0.0,2.0,0.0,0.0,1.0,2.0,1.0,3.0,10.0,8.0,11.0,1.0,0.0,0.0,0.0,0.0,0.0,0.0,0.0,0.0,0.0,8.0,0.0,0.0,5.0,0.0,0.0,9.0,0.0,0.0,0.0,0.0,0.0,0.0,0.0,4.0,0.0,0.0,1.0,2.0,1.0,5.0,15.0,10.0,16.0,1.0
1066,1.0,1066.0,London_60,,151,453,1092.0,70.0,2.0,200226.0,0.7469190389383584,895.0,196.0,1.0,195.0,337.0,12.0,325.0,84.0,149.0,149.0,20.0,103.0,3.0,22.0,1.0,6.0,1.0,78.0,137.0,237.0,40.0,0.0,0.0,0.0,0.0,0.0,0.0,0.0,0.0,0.0,0.0,0.0,0.0,0.0,0.0,0.0,0.0,0.0,0.0,0.0,0.0,0.0,0.0,0.0,0.0,0.0,0.0,0.0,0.0,0.0,0.0,0.0,0.0,0.0,0.0,0.0,1.0,0.0,0.0,0.0,0.0,5.0,11.0,15.0,5.0,9.0,0.0,12.0,32.0,0.0,23.0,40.0,46.0,32.0,14.0,0.0,0.0,0.0,0.0,0.0,0.0,0.0,0.0,0.0,0.0,0.0,0.0,0.0,0.0,0.0,5.0,0.0,0.0,0.0,0.0,5.0,14.0,16.0,7.0,9.0,0.0,15.0,37.0,0.0,31.0,64.0,67.0,41.0,18.0
1067,1.0,1067.0,London_60,,151,453,1092.0,70.0,2.0,147225.0,1.6356312870047987,778.0,109.0,0.0,109.0,193.0,0.0,193.0,337.0,164.0,128.0,23.0,97.0,8.0,22.0,2.0,9.0,9.0,61.0,158.0,225.0,53.0,0.0,0.0,0.0,0.0,0.0,0.0,0.0,0.0,0.0,0.0,0.0,0.0,0.0,0.0,0.0,0.0,0.0,0.0,0.0,0.0,0.0,0.0,0.0,0.0,0.0,0.0,0.0,0.0,0.0,0.0,0.0,0.0,0.0,0.0,0.0,0.0,0.0,0.0,0.0,0.0,0.0,9.0,0.0,0.0,0.0,0.0,7.0,9.0,2.0,9.0,23.0,23.0,17.0,8.0,0.0,0.0,0.0,0.0,0.0,0.0,0.0,0.0,0.0,0.0,0.0,0.0,0.0,0.0,0.0,0.0,0.0,0.0,0.0,0.0,0.0,11.0,0.0,0.0,0.0,0.0,7.0,14.0,2.0,12.0,32.0,33.0,23.0,11.0
1068,1.0,1068.0,London_60,,151,453,1092.0,70.0,2.0,137259.0,0.5300860700663179,756.0,57.0,0.0,57.0,100.0,0.0,100.0,193.0,182.0,118.0,22.0,95.0,6.0,22.0,2.0,6.0,6.0,72.0,158.0,217.0,45.0,0.0,0.0,0.0,0.0,0.0,0.0,0.0,0.0,0.0,0.0,0.0,0.0,0.0,0.0,0.0,0.0,0.0,0.0,0.0,0.0,0.0,0.0,0.0,0.0,0.0,0.0,0.0,0.0,0.0,0.0,0.0,0.0,0.0,0.0,0.0,0.0,0.0,0.0,0.0,0.0,0.0,5.0,0.0,0.0,0.0,0.0,5.0,3.0,2.0,4.0,6.0,17.0,7.0,7.0,0.0,0.0,0.0,0.0,0.0,0.0,0.0,0.0,0.0,0.0,0.0,0.0,0.0,0.0,0.0,0.0,0.0,0.0,0.0,0.0,0.0,7.0,0.0,0.0,0.0,0.0,8.0,4.0,3.0,4.0,9.0,23.0,10.0,14.0
1069,1.0,1069.0,London_60,,151,453,1092.0,70.0,2.0,150396.0,0.6189204170368612,785.0,108.0,0.0,108.0,190.0,0.0,190.0,100.0,181.0,127.0,21.0,78.0,10.0,29.0,3.0,4.0,5.0,77.0,162.0,209.0,47.0,0.0,0.0,0.0,0.0,0.0,0.0,0.0,0.0,0.0,0.0,0.0,0.0,0.0,0.0,0.0,0.0,0.0,0.0,0.0,0.0,0.0,0.0,0.0,0.0,0.0,0.0,0.0,0.0,0.0,0.0,0.0,0.0,0.0,0.0,0.0,0.0,0.0,0.0,0.0,0.0,1.0,8.0,2.0,2.0,0.0,0.0,3.0,10.0,0.0,15.0,19.0,20.0,20.0,6.0,0.0,0.0,0.0,0.0,0.0,0.0,0.0,0.0,0.0,0.0,0.0,0.0,0.0,0.0,0.0,0.0,0.0,0.0,0.0,0.0,1.0,15.0,2.0,3.0,0.0,0.0,3.0,11.0,0.0,19.0,30.0,28.0,24.0,9.0
1070,1.0,1070.0,London_60,,151,453,1092.0,70.0,2.0,145866.0,1.0788681919220835,775.0,67.0,2.0,65.0,118.0,18.0,100.0,190.0,203.0,117.0,22.0,53.0,8.0,43.0,2.0,5.0,9.0,67.0,159.0,218.0,46.0,0.0,0.0,0.0,0.0,0.0,0.0,0.0,0.0,0.0,0.0,0.0,0.0,0.0,0.0,0.0,0.0,0.0,0.0,0.0,0.0,0.0,0.0,0.0,0.0,0.0,0.0,0.0,0.0,0.0,0.0,0.0,0.0,0.0,0.0,0.0,0.0,0.0,0.0,0.0,0.0,1.0,4.0,0.0,0.0,0.0,0.0,2.0,3.0,0.0,2.0,12.0,17.0,11.0,3.0,0.0,0.0,0.0,0.0,0.0,0.0,0.0,0.0,0.0,0.0,0.0,0.0,0.0,0.0,0.0,0.0,0.0,0.0,0.0,0.0,1.0,4.0,0.0,0.0,0.0,0.0,4.0,3.0,0.0,2.0,20.0,25.0,14.0,4.0
1071,1.0,1071.0,London_60,,151,453,1092.0,70.0,2.0,153114.0,1.2276264370884746,791.0,55.0,1.0,54.0,99.0,8.0,91.0,118.0,204.0,100.0,29.0,56.0,8.0,46.0,4.0,6.0,2.0,76.0,142.0,233.0,32.0,0.0,0.0,0.0,0.0,0.0,0.0,0.0,0.0,0.0,0.0,0.0,0.0,0.0,0.0,0.0,0.0,0.0,0.0,0.0,0.0,0.0,0.0,0.0,0.0,0.0,0.0,0.0,0.0,0.0,1.0,0.0,0.0,1.0,0.0,0.0,1.0,0.0,0.0,0.0,0.0,1.0,1.0,0.0,0.0,0.0,0.0,3.0,5.0,3.0,6.0,9.0,15.0,13.0,4.0,0.0,0.0,0.0,0.0,0.0,0.0,0.0,0.0,0.0,1.0,0.0,0.0,4.0,0.0,0.0,3.0,0.0,0.0,0.0,0.0,1.0,1.0,0.0,0.0,0.0,0.0,4.0,6.0,4.0,7.0,13.0,22.0,17.0,7.0
1072,1.0,1072.0,London_60,,151,453,1092.0,70.0,2.0,162627.0,0.7620675968937576,812.0,21.0,0.0,21.0,37.0,0.0,37.0,99.0,214.0,94.0,25.0,55.0,5.0,48.0,5.0,7.0,2.0,85.0,145.0,221.0,27.0,0.0,0.0,0.0,0.0,0.0,0.0,0.0,0.0,0.0,0.0,0.0,0.0,0.0,0.0,0.0,0.0,0.0,0.0,0.0,0.0,0.0,0.0,0.0,0.0,0.0,0.0,0.0,0.0,0.0,0.0,0.0,0.0,0.0,0.0,0.0,0.0,0.0,0.0,0.0,0.0,0.0,2.0,0.0,0.0,0.0,0.0,1.0,0.0,2.0,3.0,3.0,5.0,2.0,0.0,0.0,0.0,0.0,0.0,0.0,0.0,0.0,0.0,0.0,0.0,0.0,0.0,0.0,0.0,0.0,0.0,0.0,0.0,0.0,0.0,0.0,4.0,0.0,0.0,0.0,0.0,1.0,0.0,2.0,4.0,4.0,9.0,2.0,0.0
1073,1.0,1073.0,London_60,,151,453,1092.0,70.0,2.0,198867.0,1.2757200591731817,892.0,171.0,0.0,171.0,290.0,0.0,290.0,37.0,217.0,99.0,24.0,47.0,3.0,52.0,5.0,6.0,3.0,82.0,140.0,228.0,27.0,0.0,0.0,0.0,0.0,0.0,0.0,0.0,0.0,0.0,0.0,0.0,0.0,0.0,0.0,0.0,0.0,0.0,0.0,0.0,0.0,0.0,0.0,0.0,0.0,0.0,0.0,0.0,0.0,0.0,0.0,0.0,0.0,0.0,0.0,0.0,0.0,0.0,0.0,0.0,0.0,4.0,27.0,4.0,2.0,3.0,0.0,4.0,7.0,2.0,12.0,36.0,45.0,19.0,17.0,0.0,0.0,0.0,0.0,0.0,0.0,0.0,0.0,0.0,0.0,0.0,0.0,0.0,0.0,0.0,0.0,0.0,0.0,0.0,0.0,4.0,40.0,4.0,4.0,3.0,0.0,4.0,8.0,2.0,15.0,51.0,57.0,20.0,25.0
1074,1.0,1074.0,London_60,,151,453,1092.0,70.0,2.0,148584.0,0.905293210176751,781.0,36.0,2.0,34.0,77.0,17.0,60.0,290.0,165.0,110.0,19.0,89.0,8.0,56.0,2.0,4.0,6.0,89.0,127.0,231.0,53.0,0.0,0.0,0.0,0.0,0.0,0.0,0.0,0.0,0.0,0.0,0.0,0.0,0.0,0.0,0.0,0.0,0.0,0.0,0.0,0.0,0.0,0.0,0.0,0.0,0.0,0.0,0.0,0.0,0.0,0.0,0.0,0.0,2.0,1.0,1.0,2.0,0.0,0.0,0.0,0.0,0.0,0.0,0.0,0.0,0.0,1.0,1.0,2.0,0.0,3.0,5.0,8.0,2.0,1.0,0.0,0.0,0.0,0.0,0.0,0.0,0.0,0.0,0.0,0.0,0.0,0.0,9.0,5.0,6.0,7.0,0.0,0.0,0.0,0.0,0.0,0.0,0.0,0.0,0.0,4.0,1.0,2.0,0.0,6.0,8.0,12.0,2.0,2.0
1075,1.0,1075.0,London_60,,151,453,1092.0,70.0,2.0,173499.0,1.3788628170732409,836.0,145.0,0.0,145.0,258.0,0.0,258.0,77.0,168.0,107.0,20.0,91.0,6.0,54.0,2.0,5.0,7.0,94.0,118.0,234.0,53.0,0.0,0.0,0.0,0.0,0.0,0.0,0.0,0.0,0.0,0.0,0.0,0.0,0.0,0.0,0.0,0.0,0.0,0.0,0.0,0.0,0.0,0.0,0.0,0.0,0.0,0.0,0.0,0.0,0.0,0.0,0.0,0.0,0.0,0.0,0.0,0.0,0.0,0.0,0.0,0.0,1.0,1.0,2.0,0.0,0.0,1.0,17.0,10.0,4.0,19.0,36.0,30.0,28.0,10.0,0.0,0.0,0.0,0.0,0.0,0.0,0.0,0.0,0.0,0.0,0.0,0.0,0.0,0.0,0.0,0.0,0.0,0.0,0.0,0.0,1.0,1.0,2.0,0.0,0.0,2.0,26.0,16.0,5.0,25.0,53.0,47.0,34.0,17.0
1076,1.0,1076.0,London_60,,151,453,1092.0,70.0,2.0,143148.0,0.7401624089106917,769.0,134.0,2.0,132.0,259.0,16.0,243.0,258.0,179.0,113.0,26.0,64.0,12.0,50.0,1.0,8.0,10.0,81.0,140.0,222.0,43.0,0.0,0.0,0.0,0.0,0.0,0.0,0.0,0.0,0.0,0.0,0.0,0.0,0.0,0.0,0.0,0.0,0.0,0.0,0.0,0.0,0.0,0.0,0.0,0.0,0.0,0.0,0.0,0.0,0.0,1.0,1.0,0.0,1.0,0.0,1.0,2.0,0.0,0.0,0.0,0.0,1.0,1.0,3.0,4.0,2.0,1.0,11.0,3.0,7.0,14.0,27.0,26.0,25.0,14.0,0.0,0.0,0.0,0.0,0.0,0.0,0.0,0.0,0.0,2.0,2.0,0.0,2.0,0.0,6.0,6.0,0.0,0.0,0.0,0.0,2.0,2.0,3.0,7.0,2.0,3.0,12.0,3.0,11.0,25.0,45.0,42.0,32.0,25.0
1077,1.0,1077.0,London_60,,151,453,1092.0,70.0,2.0,114609.0,1.2036385629326105,706.0,15.0,2.0,13.0,41.0,19.0,22.0,259.0,199.0,105.0,16.0,73.0,8.0,46.0,2.0,4.0,5.0,86.0,146.0,216.0,30.0,0.0,0.0,0.0,0.0,0.0,0.0,0.0,0.0,0.0,0.0,0.0,0.0,0.0,0.0,0.0,0.0,0.0,0.0,0.0,0.0,0.0,0.0,0.0,0.0,0.0,0.0,0.0,0.0,0.0,1.0,0.0,0.0,0.0,0.0,1.0,1.0,0.0,0.0,0.0,0.0,0.0,0.0,0.0,1.0,0.0,0.0,1.0,0.0,1.0,1.0,2.0,6.0,2.0,1.0,0.0,0.0,0.0,0.0,0.0,0.0,0.0,0.0,0.0,2.0,0.0,0.0,0.0,0.0,6.0,1.0,0.0,0.0,0.0,0.0,0.0,0.0,0.0,2.0,0.0,0.0,2.0,0.0,2.0,1.0,3.0,7.0,2.0,1.0
1078,1.0,1078.0,London_60,,151,453,1092.0,70.0,2.0,142695.0,0.601990404073149,768.0,90.0,2.0,88.0,176.0,16.0,160.0,41.0,197.0,110.0,12.0,81.0,6.0,41.0,2.0,4.0,4.0,88.0,141.0,220.0,16.0,0.0,0.0,0.0,0.0,0.0,0.0,0.0,0.0,0.0,0.0,0.0,0.0,0.0,0.0,0.0,0.0,0.0,0.0,0.0,0.0,0.0,0.0,0.0,0.0,0.0,0.0,0.0,0.0,0.0,1.0,0.0,0.0,0.0,0.0,1.0,1.0,0.0,0.0,0.0,0.0,2.0,1.0,0.0,1.0,0.0,1.0,8.0,6.0,2.0,12.0,19.0,22.0,10.0,9.0,0.0,0.0,0.0,0.0,0.0,0.0,0.0,0.0,0.0,1.0,0.0,0.0,0.0,0.0,7.0,1.0,0.0,0.0,0.0,0.0,2.0,1.0,0.0,1.0,0.0,2.0,11.0,11.0,2.0,20.0,31.0,32.0,11.0,16.0
1079,1.0,1079.0,London_60,,151,453,1092.0,70.0,2.0,136806.0,0.6554788001812994,755.0,68.0,0.0,68.0,109.0,0.0,109.0,176.0,181.0,119.0,20.0,78.0,6.0,43.0,2.0,4.0,5.0,79.0,139.0,230.0,26.0,0.0,0.0,0.0,0.0,0.0,0.0,0.0,0.0,0.0,0.0,0.0,0.0,0.0,0.0,0.0,0.0,0.0,0.0,0.0,0.0,0.0,0.0,0.0,0.0,0.0,0.0,0.0,0.0,0.0,0.0,0.0,0.0,0.0,0.0,0.0,0.0,0.0,0.0,0.0,0.0,3.0,2.0,0.0,1.0,0.0,0.0,8.0,2.0,2.0,7.0,17.0,18.0,10.0,6.0,0.0,0.0,0.0,0.0,0.0,0.0,0.0,0.0,0.0,0.0,0.0,0.0,0.0,0.0,0.0,0.0,0.0,0.0,0.0,0.0,4.0,2.0,0.0,1.0,0.0,0.0,8.0,3.0,3.0,7.0,23.0,24.0,10.0,9.0
1080,1.0,1080.0,London_60,,151,453,1092.0,70.0,2.0,153114.0,0.8594835428521037,791.0,58.0,2.0,56.0,102.0,18.0,84.0,109.0,186.0,106.0,25.0,79.0,4.0,46.0,2.0,5.0,7.0,74.0,131.0,241.0,25.0,0.0,0.0,0.0,0.0,0.0,0.0,0.0,0.0,0.0,0.0,0.0,0.0,0.0,0.0,0.0,0.0,0.0,0.0,0.0,0.0,0.0,0.0,0.0,0.0,0.0,0.0,0.0,0.0,0.0,0.0,0.0,0.0,0.0,0.0,0.0,1.0,0.0,0.0,0.0,0.0,0.0,0.0,0.0,0.0,1.0,0.0,4.0,4.0,3.0,3.0,9.0,16.0,12.0,7.0,0.0,0.0,0.0,0.0,0.0,0.0,0.0,0.0,0.0,0.0,0.0,0.0,0.0,0.0,0.0,2.0,0.0,0.0,0.0,0.0,0.0,0.0,0.0,0.0,1.0,0.0,6.0,5.0,4.0,4.0,14.0,20.0,14.0,11.0
1081,1.0,1081.0,London_60,,151,453,1092.0,70.0,2.0,162627.0,0.7894630250521004,812.0,123.0,0.0,123.0,197.0,0.0,197.0,102.0,193.0,99.0,20.0,88.0,3.0,42.0,2.0,6.0,3.0,80.0,120.0,250.0,26.0,0.0,0.0,0.0,0.0,0.0,0.0,0.0,0.0,0.0,0.0,0.0,0.0,0.0,0.0,0.0,0.0,0.0,0.0,0.0,0.0,0.0,0.0,0.0,0.0,0.0,0.0,0.0,0.0,0.0,0.0,0.0,0.0,0.0,0.0,0.0,0.0,0.0,0.0,0.0,0.0,2.0,2.0,0.0,2.0,5.0,0.0,15.0,9.0,5.0,10.0,17.0,27.0,21.0,12.0,0.0,0.0,0.0,0.0,0.0,0.0,0.0,0.0,0.0,0.0,0.0,0.0,0.0,0.0,0.0,0.0,0.0,0.0,0.0,0.0,2.0,2.0,0.0,3.0,5.0,0.0,18.0,11.0,7.0,15.0,27.0,42.0,27.0,17.0
1082,1.0,1082.0,London_60,,151,453,1092.0,70.0,2.0,138618.0,0.7808083470445126,759.0,27.0,0.0,27.0,56.0,0.0,56.0,197.0,207.0,110.0,9.0,85.0,6.0,27.0,2.0,7.0,2.0,79.0,137.0,235.0,21.0,0.0,0.0,0.0,0.0,0.0,0.0,0.0,0.0,0.0,0.0,0.0,0.0,0.0,0.0,0.0,0.0,0.0,0.0,0.0,0.0,0.0,0.0,0.0,0.0,0.0,0.0,0.0,0.0,0.0,0.0,0.0,0.0,0.0,0.0,0.0,0.0,0.0,0.0,0.0,0.0,1.0,0.0,0.0,0.0,0.0,0.0,2.0,1.0,2.0,5.0,2.0,7.0,10.0,0.0,0.0,0.0,0.0,0.0,0.0,0.0,0.0,0.0,0.0,0.0,0.0,0.0,0.0,0.0,0.0,0.0,0.0,0.0,0.0,0.0,4.0,0.0,0.0,0.0,0.0,0.0,3.0,3.0,2.0,9.0,3.0,12.0,14.0,0.0
1083,1.0,1083.0,London_60,,151,453,1092.0,70.0,2.0,165345.0,2.513235248858109,818.0,130.0,1.0,129.0,228.0,9.0,219.0,56.0,206.0,100.0,6.0,90.0,7.0,34.0,2.0,8.0,2.0,79.0,134.0,238.0,26.0,0.0,0.0,0.0,0.0,0.0,0.0,0.0,0.0,0.0,0.0,0.0,0.0,0.0,0.0,0.0,0.0,0.0,0.0,0.0,0.0,0.0,0.0,0.0,0.0,0.0,0.0,0.0,0.0,0.0,0.0,0.0,0.0,0.0,0.0,0.0,0.0,0.0,0.0,0.0,0.0,2.0,17.0,6.0,4.0,2.0,0.0,21.0,4.0,4.0,6.0,24.0,31.0,23.0,9.0,0.0,0.0,0.0,0.0,0.0,0.0,0.0,0.0,0.0,0.0,0.0,0.0,0.0,0.0,0.0,0.0,0.0,0.0,0.0,0.0,2.0,28.0,7.0,6.0,2.0,0.0,29.0,6.0,5.0,6.0,41.0,46.0,28.0,13.0
1084,1.0,1084.0,London_60,,151,453,1092.0,70.0,2.0,142695.0,1.6973254720214754,768.0,105.0,2.0,103.0,191.0,17.0,174.0,228.0,218.0,97.0,17.0,59.0,8.0,42.0,2.0,10.0,6.0,77.0,152.0,218.0,28.0,0.0,0.0,0.0,0.0,0.0,0.0,0.0,0.0,0.0,0.0,0.0,0.0,0.0,0.0,0.0,0.0,0.0,0.0,0.0,0.0,0.0,0.0,0.0,0.0,0.0,0.0,0.0,0.0,0.0,0.0,0.0,0.0,0.0,0.0,0.0,1.0,0.0,0.0,0.0,0.0,1.0,4.0,2.0,4.0,0.0,0.0,6.0,8.0,10.0,9.0,20.0,26.0,29.0,6.0,0.0,0.0,0.0,0.0,0.0,0.0,0.0,0.0,0.0,0.0,0.0,0.0,0.0,0.0,0.0,1.0,0.0,0.0,0.0,0.0,1.0,5.0,2.0,7.0,0.0,0.0,8.0,12.0,10.0,10.0,31.0,34.0,38.0,6.0
1085,1.0,1085.0,London_60,,151,453,1092.0,70.0,2.0,134994.0,1.5046914170961827,751.0,23.0,1.0,22.0,46.0,10.0,36.0,191.0,226.0,92.0,8.0,68.0,8.0,40.0,3.0,8.0,4.0,77.0,134.0,238.0,27.0,0.0,0.0,0.0,0.0,0.0,0.0,0.0,0.0,0.0,0.0,0.0,0.0,0.0,0.0,0.0,0.0,0.0,0.0,0.0,0.0,0.0,0.0,0.0,0.0,0.0,0.0,0.0,0.0,0.0,0.0,0.0,0.0,0.0,0.0,0.0,1.0,0.0,0.0,0.0,0.0,1.0,2.0,0.0,1.0,0.0,0.0,3.0,0.0,2.0,3.0,5.0,4.0,6.0,2.0,0.0,0.0,0.0,0.0,0.0,0.0,0.0,0.0,0.0,0.0,0.0,0.0,0.0,0.0,0.0,6.0,0.0,0.0,0.0,0.0,1.0,3.0,0.0,1.0,0.0,0.0,3.0,0.0,3.0,3.0,7.0,7.0,6.0,2.0
1086,1.0,1086.0,London_60,,151,453,1092.0,70.0,2.0,165798.0,1.3068777760490775,819.0,122.0,0.0,122.0,204.0,0.0,204.0,46.0,229.0,97.0,7.0,74.0,8.0,30.0,2.0,6.0,6.0,79.0,123.0,245.0,30.0,0.0,0.0,0.0,0.0,0.0,0.0,0.0,0.0,0.0,0.0,0.0,0.0,0.0,0.0,0.0,0.0,0.0,0.0,0.0,0.0,0.0,0.0,0.0,0.0,0.0,0.0,0.0,0.0,0.0,0.0,0.0,0.0,0.0,0.0,0.0,0.0,0.0,0.0,0.0,0.0,8.0,4.0,0.0,3.0,0.0,0.0,17.0,9.0,13.0,9.0,21.0,28.0,30.0,12.0,0.0,0.0,0.0,0.0,0.0,0.0,0.0,0.0,0.0,0.0,0.0,0.0,0.0,0.0,0.0,0.0,0.0,0.0,0.0,0.0,9.0,6.0,0.0,5.0,0.0,0.0,25.0,11.0,19.0,9.0,28.0,36.0,38.0,15.0
1087,1.0,1087.0,London_60,,151,453,1092.0,70.0,2.0,150396.0,0.5966218658722937,785.0,63.0,2.0,61.0,117.0,17.0,100.0,204.0,233.0,116.0,9.0,57.0,8.0,23.0,2.0,5.0,6.0,88.0,138.0,221.0,31.0,0.0,0.0,0.0,0.0,0.0,0.0,0.0,0.0,0.0,0.0,0.0,0.0,0.0,0.0,0.0,0.0,0.0,0.0,0.0,0.0,0.0,0.0,0.0,0.0,0.0,0.0,0.0,0.0,0.0,0.0,0.0,0.0,1.0,0.0,1.0,2.0,0.0,0.0,0.0,0.0,0.0,4.0,0.0,0.0,0.0,0.0,10.0,4.0,7.0,3.0,13.0,17.0,17.0,7.0,0.0,0.0,0.0,0.0,0.0,0.0,0.0,0.0,0.0,0.0,0.0,0.0,1.0,0.0,7.0,6.0,0.0,0.0,0.0,0.0,0.0,4.0,0.0,0.0,0.0,0.0,16.0,7.0,9.0,6.0,16.0,21.0,19.0,8.0
1088,1.0,1088.0,London_60,,151,453,1092.0,70.0,2.0,155832.0,2.339822485111654,797.0,18.0,2.0,16.0,43.0,18.0,25.0,117.0,230.0,117.0,9.0,62.0,5.0,20.0,3.0,7.0,4.0,93.0,133.0,223.0,30.0,0.0,0.0,0.0,0.0,0.0,0.0,0.0,0.0,0.0,0.0,0.0,0.0,0.0,0.0,0.0,0.0,0.0,0.0,0.0,0.0,0.0,0.0,0.0,0.0,0.0,0.0,0.0,0.0,0.0,0.0,0.0,0.0,1.0,1.0,0.0,1.0,1.0,0.0,0.0,0.0,0.0,0.0,0.0,0.0,0.0,0.0,2.0,0.0,0.0,0.0,3.0,4.0,2.0,3.0,0.0,0.0,0.0,0.0,0.0,0.0,0.0,0.0,0.0,0.0,0.0,0.0,8.0,7.0,0.0,6.0,6.0,0.0,0.0,0.0,0.0,0.0,0.0,0.0,0.0,0.0,4.0,0.0,0.0,0.0,4.0,7.0,2.0,3.0
1089,1.0,1089.0,London_60,,151,453,1092.0,70.0,2.0,190713.0,0.8130298599135131,874.0,81.0,1.0,80.0,147.0,9.0,138.0,43.0,228.0,119.0,11.0,65.0,4.0,15.0,3.0,8.0,3.0,98.0,132.0,220.0,23.0,0.0,0.0,0.0,0.0,0.0,0.0,0.0,0.0,0.0,0.0,0.0,0.0,0.0,0.0,0.0,0.0,0.0,0.0,0.0,0.0,0.0,0.0,0.0,0.0,0.0,0.0,0.0,0.0,0.0,1.0,0.0,0.0,0.0,0.0,0.0,0.0,0.0,0.0,0.0,0.0,4.0,6.0,2.0,0.0,5.0,0.0,8.0,0.0,2.0,10.0,12.0,17.0,13.0,12.0,0.0,0.0,0.0,0.0,0.0,0.0,0.0,0.0,0.0,3.0,0.0,0.0,0.0,0.0,0.0,0.0,0.0,0.0,0.0,0.0,4.0,7.0,2.0,0.0,5.0,0.0,11.0,0.0,2.0,13.0,17.0,24.0,20.0,15.0
1090,1.0,1090.0,London_60,,151,453,1092.0,70.0,2.0,202944.0,0.895237322896719,901.0,177.0,1.0,176.0,312.0,8.0,304.0,147.0,236.0,103.0,14.0,63.0,7.0,20.0,2.0,8.0,6.0,76.0,138.0,233.0,33.0,0.0,0.0,0.0,0.0,0.0,0.0,0.0,0.0,0.0,0.0,0.0,0.0,0.0,0.0,0.0,0.0,0.0,0.0,0.0,0.0,0.0,0.0,0.0,0.0,0.0,0.0,0.0,0.0,0.0,0.0,0.0,0.0,1.0,0.0,0.0,1.0,0.0,0.0,0.0,0.0,1.0,18.0,0.0,5.0,17.0,1.0,22.0,14.0,4.0,5.0,35.0,41.0,20.0,15.0,0.0,0.0,0.0,0.0,0.0,0.0,0.0,0.0,0.0,0.0,0.0,0.0,3.0,0.0,0.0,3.0,0.0,0.0,0.0,0.0,1.0,22.0,0.0,6.0,19.0,2.0,26.0,24.0,5.0,7.0,53.0,66.0,25.0,25.0
1091,1.0,1091.0,London_60,,151,453,1092.0,70.0,2.0,167610.0,0.6930629508569837,823.0,115.0,0.0,115.0,195.0,0.0,195.0,312.0,190.0,105.0,22.0,90.0,11.0,30.0,0.0,5.0,4.0,82.0,118.0,249.0,41.0,0.0,0.0,0.0,0.0,0.0,0.0,0.0,0.0,0.0,0.0,0.0,0.0,0.0,0.0,0.0,0.0,0.0,0.0,0.0,0.0,0.0,0.0,0.0,0.0,0.0,0.0,0.0,0.0,0.0,0.0,0.0,0.0,0.0,0.0,0.0,0.0,0.0,0.0,0.0,0.0,1.0,4.0,0.0,0.0,0.0,0.0,12.0,7.0,8.0,12.0,26.0,27.0,29.0,13.0,0.0,0.0,0.0,0.0,0.0,0.0,0.0,0.0,0.0,0.0,0.0,0.0,0.0,0.0,0.0,0.0,0.0,0.0,0.0,0.0,1.0,4.0,0.0,0.0,0.0,0.0,15.0,11.0,8.0,17.0,40.0,42.0,31.0,17.0
1092,1.0,1092.0,London_60,,151,453,1092.0,70.0,2.0,153114.0,1.9587267879396677,791.0,101.0,0.0,101.0,173.0,0.0,173.0,195.0,205.0,109.0,16.0,68.0,16.0,32.0,2.0,5.0,8.0,76.0,147.0,222.0,32.0,0.0,0.0,0.0,0.0,0.0,0.0,0.0,0.0,0.0,0.0,0.0,0.0,0.0,0.0,0.0,0.0,0.0,0.0,0.0,0.0,0.0,0.0,0.0,0.0,0.0,0.0,0.0,0.0,0.0,0.0,0.0,0.0,0.0,0.0,0.0,0.0,0.0,0.0,0.0,0.0,1.0,0.0,0.0,1.0,1.0,0.0,4.0,10.0,8.0,8.0,20.0,24.0,17.0,12.0,0.0,0.0,0.0,0.0,0.0,0.0,0.0,0.0,0.0,0.0,0.0,0.0,0.0,0.0,0.0,0.0,0.0,0.0,0.0,0.0,2.0,0.0,0.0,1.0,1.0,0.0,4.0,12.0,10.0,12.0,35.0,37.0,24.0,20.0
1093,1.0,1093.0,London_60,,151,453,1092.0,70.0,2.0,134994.0,0.6234134640544653,751.0,37.0,1.0,36.0,72.0,7.0,65.0,173.0,214.0,100.0,11.0,72.0,16.0,31.0,3.0,6.0,5.0,76.0,136.0,236.0,27.0,0.0,0.0,0.0,0.0,0.0,0.0,0.0,0.0,0.0,0.0,0.0,0.0,0.0,0.0,0.0,0.0,0.0,0.0,0.0,0.0,0.0,0.0,0.0,0.0,0.0,0.0,0.0,0.0,0.0,0.0,0.0,0.0,1.0,0.0,1.0,1.0,0.0,0.0,0.0,0.0,0.0,0.0,0.0,0.0,2.0,0.0,7.0,4.0,2.0,2.0,9.0,7.0,7.0,3.0,0.0,0.0,0.0,0.0,0.0,0.0,0.0,0.0,0.0,0.0,0.0,0.0,2.0,0.0,5.0,2.0,0.0,0.0,0.0,0.0,0.0,0.0,0.0,0.0,2.0,0.0,10.0,7.0,2.0,4.0,12.0,8.0,10.0,5.0
1094,1.0,1094.0,London_60,,151,453,1092.0,70.0,2.0,153114.0,0.6085521141067147,791.0,23.0,1.0,22.0,43.0,9.0,34.0,72.0,222.0,110.0,9.0,63.0,16.0,31.0,0.0,2.0,5.0,85.0,137.0,226.0,21.0,0.0,0.0,0.0,0.0,0.0,0.0,0.0,0.0,0.0,0.0,0.0,0.0,0.0,0.0,0.0,0.0,0.0,0.0,0.0,0.0,0.0,0.0,0.0,0.0,0.0,0.0,0.0,0.0,0.0,0.0,0.0,0.0,0.0,0.0,0.0,0.0,0.0,0.0,0.0,0.0,1.0,3.0,0.0,0.0,0.0,0.0,7.0,1.0,4.0,0.0,5.0,3.0,2.0,3.0,0.0,0.0,0.0,0.0,0.0,0.0,0.0,0.0,0.0,0.0,0.0,0.0,0.0,0.0,0.0,0.0,0.0,0.0,0.0,0.0,1.0,5.0,0.0,0.0,0.0,0.0,10.0,2.0,4.0,0.0,7.0,4.0,3.0,5.0
1095,1.0,1095.0,London_60,,151,453,1092.0,70.0,2.0,191619.0,0.885009815916419,876.0,118.0,2.0,116.0,215.0,19.0,196.0,43.0,226.0,115.0,10.0,49.0,17.0,32.0,1.0,3.0,8.0,86.0,141.0,218.0,16.0,0.0,0.0,0.0,0.0,0.0,0.0,0.0,0.0,0.0,0.0,0.0,0.0,0.0,0.0,0.0,0.0,0.0,0.0,0.0,0.0,0.0,0.0,0.0,0.0,0.0,0.0,0.0,0.0,0.0,0.0,0.0,0.0,1.0,0.0,1.0,1.0,0.0,0.0,0.0,0.0,7.0,9.0,5.0,1.0,23.0,0.0,16.0,7.0,3.0,27.0,24.0,28.0,27.0,6.0,0.0,0.0,0.0,0.0,0.0,0.0,0.0,0.0,0.0,0.0,0.0,0.0,1.0,0.0,6.0,3.0,0.0,0.0,0.0,0.0,11.0,11.0,5.0,2.0,26.0,0.0,24.0,11.0,3.0,37.0,36.0,36.0,31.0,6.0
1096,1.0,1096.0,London_60,,151,453,1092.0,70.0,2.0,178029.0,2.5867175650782883,846.0,135.0,2.0,133.0,249.0,20.0,229.0,215.0,236.0,77.0,11.0,67.0,22.0,36.0,0.0,4.0,4.0,85.0,152.0,212.0,32.0,0.0,0.0,0.0,0.0,0.0,0.0,0.0,0.0,0.0,0.0,0.0,0.0,0.0,0.0,0.0,0.0,0.0,0.0,0.0,0.0,0.0,0.0,0.0,0.0,0.0,0.0,0.0,0.0,0.0,1.0,0.0,0.0,0.0,0.0,0.0,0.0,0.0,0.0,0.0,0.0,1.0,6.0,2.0,1.0,3.0,2.0,12.0,4.0,8.0,10.0,21.0,35.0,16.0,16.0,0.0,0.0,0.0,0.0,0.0,0.0,0.0,0.0,0.0,2.0,0.0,0.0,0.0,0.0,0.0,0.0,0.0,0.0,0.0,0.0,1.0,9.0,2.0,1.0,3.0,3.0,14.0,5.0,11.0,13.0,32.0,49.0,19.0,25.0
1097,1.0,1097.0,London_60,,151,453,1092.0,70.0,2.0,159909.0,0.832622499903664,806.0,134.0,1.0,133.0,240.0,8.0,232.0,249.0,216.0,81.0,18.0,74.0,24.0,32.0,1.0,7.0,3.0,78.0,159.0,213.0,34.0,0.0,0.0,0.0,0.0,0.0,0.0,0.0,0.0,0.0,0.0,0.0,0.0,0.0,0.0,0.0,0.0,0.0,0.0,0.0,0.0,0.0,0.0,0.0,0.0,0.0,0.0,0.0,0.0,0.0,0.0,0.0,0.0,0.0,1.0,0.0,0.0,0.0,0.0,0.0,0.0,0.0,14.0,0.0,2.0,1.0,0.0,11.0,3.0,1.0,16.0,21.0,32.0,14.0,8.0,0.0,0.0,0.0,0.0,0.0,0.0,0.0,0.0,0.0,0.0,0.0,0.0,0.0,8.0,0.0,0.0,0.0,0.0,0.0,0.0,0.0,18.0,0.0,4.0,1.0,0.0,15.0,4.0,4.0,21.0,34.0,49.0,19.0,13.0
1098,1.0,1098.0,London_60,,151,453,1092.0,70.0,2.0,140430.0,0.8904627258889377,763.0,44.0,0.0,44.0,70.0,0.0,70.0,240.0,197.0,100.0,11.0,65.0,30.0,39.0,0.0,11.0,4.0,71.0,159.0,219.0,34.0,0.0,0.0,0.0,0.0,0.0,0.0,0.0,0.0,0.0,0.0,0.0,0.0,0.0,0.0,0.0,0.0,0.0,0.0,0.0,0.0,0.0,0.0,0.0,0.0,0.0,0.0,0.0,0.0,0.0,0.0,0.0,0.0,0.0,0.0,0.0,0.0,0.0,0.0,0.0,0.0,0.0,0.0,0.0,2.0,0.0,0.0,2.0,1.0,1.0,3.0,8.0,14.0,5.0,2.0,0.0,0.0,0.0,0.0,0.0,0.0,0.0,0.0,0.0,0.0,0.0,0.0,0.0,0.0,0.0,0.0,0.0,0.0,0.0,0.0,0.0,0.0,0.0,2.0,0.0,0.0,2.0,1.0,1.0,3.0,10.0,19.0,5.0,3.0
1099,1.0,1099.0,London_60,,151,453,1092.0,70.0,2.0,160362.0,0.5201045111753047,807.0,16.0,2.0,14.0,45.0,19.0,26.0,70.0,204.0,90.0,18.0,58.0,31.0,42.0,0.0,10.0,3.0,70.0,164.0,216.0,28.0,0.0,0.0,0.0,0.0,0.0,0.0,0.0,0.0,0.0,0.0,0.0,0.0,0.0,0.0,0.0,0.0,0.0,0.0,0.0,0.0,0.0,0.0,0.0,0.0,0.0,0.0,0.0,0.0,0.0,0.0,0.0,0.0,1.0,0.0,1.0,2.0,0.0,0.0,0.0,0.0,0.0,0.0,0.0,1.0,0.0,0.0,3.0,0.0,2.0,0.0,4.0,3.0,4.0,2.0,0.0,0.0,0.0,0.0,0.0,0.0,0.0,0.0,0.0,0.0,0.0,0.0,7.0,0.0,10.0,9.0,0.0,0.0,0.0,0.0,0.0,0.0,0.0,2.0,0.0,0.0,5.0,0.0,5.0,0.0,6.0,4.0,5.0,4.0
1100,1.0,1100.0,London_60,,151,453,1092.0,70.0,2.0,204756.0,0.77069774386473,905.0,149.0,0.0,149.0,256.0,0.0,256.0,45.0,201.0,92.0,18.0,57.0,32.0,44.0,0.0,9.0,1.0,75.0,150.0,227.0,18.0,0.0,0.0,0.0,0.0,0.0,0.0,0.0,0.0,0.0,0.0,0.0,0.0,0.0,0.0,0.0,0.0,0.0,0.0,0.0,0.0,0.0,0.0,0.0,0.0,0.0,0.0,0.0,0.0,0.0,0.0,0.0,0.0,0.0,0.0,0.0,0.0,0.0,0.0,0.0,0.0,2.0,7.0,2.0,1.0,1.0,0.0,6.0,5.0,0.0,13.0,30.0,41.0,19.0,9.0,0.0,0.0,0.0,0.0,0.0,0.0,0.0,0.0,0.0,0.0,0.0,0.0,0.0,0.0,0.0,0.0,0.0,0.0,0.0,0.0,3.0,9.0,2.0,1.0,1.0,0.0,7.0,7.0,0.0,20.0,48.0,58.0,23.0,13.0
1101,1.0,1101.0,London_60,,151,453,1092.0,70.0,2.0,169875.0,0.6453483530785888,828.0,89.0,2.0,87.0,161.0,18.0,143.0,256.0,179.0,107.0,11.0,63.0,35.0,46.0,1.0,11.0,2.0,75.0,143.0,233.0,26.0,0.0,0.0,0.0,0.0,0.0,0.0,0.0,0.0,0.0,0.0,0.0,0.0,0.0,0.0,0.0,0.0,0.0,0.0,0.0,0.0,0.0,0.0,0.0,0.0,0.0,0.0,0.0,0.0,0.0,0.0,0.0,0.0,0.0,0.0,0.0,0.0,0.0,0.0,0.0,0.0,1.0,1.0,3.0,0.0,0.0,1.0,7.0,9.0,6.0,13.0,13.0,25.0,13.0,8.0,0.0,0.0,0.0,0.0,0.0,0.0,0.0,0.0,0.0,0.0,0.0,0.0,0.0,0.0,0.0,0.0,0.0,0.0,0.0,0.0,1.0,2.0,3.0,0.0,0.0,2.0,9.0,12.0,7.0,19.0,20.0,37.0,18.0,14.0
1102,1.0,1102.0,London_60,,151,453,1092.0,70.0,2.0,170781.0,1.5038955491036177,830.0,120.0,0.0,120.0,201.0,0.0,201.0,161.0,188.0,107.0,15.0,65.0,30.0,41.0,0.0,7.0,4.0,83.0,116.0,250.0,22.0,0.0,0.0,0.0,0.0,0.0,0.0,0.0,0.0,0.0,0.0,0.0,0.0,0.0,0.0,0.0,0.0,0.0,0.0,0.0,0.0,0.0,0.0,0.0,0.0,0.0,0.0,0.0,0.0,0.0,0.0,0.0,0.0,0.0,0.0,0.0,0.0,0.0,0.0,0.0,0.0,3.0,14.0,1.0,3.0,3.0,0.0,20.0,8.0,6.0,15.0,21.0,35.0,14.0,6.0,0.0,0.0,0.0,0.0,0.0,0.0,0.0,0.0,0.0,0.0,0.0,0.0,0.0,0.0,0.0,0.0,0.0,0.0,0.0,0.0,4.0,22.0,1.0,5.0,3.0,0.0,28.0,9.0,7.0,21.0,33.0,50.0,16.0,8.0
1103,1.0,1103.0,London_60,,151,453,1092.0,70.0,2.0,141789.0,0.5509878189768642,766.0,101.0,0.0,101.0,164.0,0.0,164.0,201.0,200.0,101.0,19.0,50.0,32.0,44.0,0.0,7.0,4.0,92.0,148.0,209.0,27.0,0.0,0.0,0.0,0.0,0.0,0.0,0.0,0.0,0.0,0.0,0.0,0.0,0.0,0.0,0.0,0.0,0.0,0.0,0.0,0.0,0.0,0.0,0.0,0.0,0.0,0.0,0.0,0.0,0.0,0.0,0.0,0.0,0.0,0.0,0.0,0.0,0.0,0.0,0.0,0.0,2.0,6.0,0.0,2.0,0.0,0.0,2.0,10.0,4.0,8.0,22.0,18.0,21.0,10.0,0.0,0.0,0.0,0.0,0.0,0.0,0.0,0.0,0.0,0.0,0.0,0.0,0.0,0.0,0.0,0.0,0.0,0.0,0.0,0.0,2.0,11.0,0.0,3.0,0.0,0.0,2.0,12.0,4.0,13.0,31.0,23.0,28.0,17.0
1104,1.0,1104.0,London_60,,151,453,1092.0,70.0,2.0,121404.0,0.5573829119093716,721.0,97.0,0.0,97.0,158.0,0.0,158.0,164.0,205.0,108.0,13.0,42.0,34.0,44.0,0.0,7.0,7.0,75.0,146.0,225.0,24.0,0.0,0.0,0.0,0.0,0.0,0.0,0.0,0.0,0.0,0.0,0.0,0.0,0.0,0.0,0.0,0.0,0.0,0.0,0.0,0.0,0.0,0.0,0.0,0.0,0.0,0.0,0.0,0.0,0.0,0.0,0.0,0.0,0.0,0.0,0.0,0.0,0.0,0.0,0.0,0.0,2.0,2.0,1.0,0.0,3.0,0.0,4.0,3.0,10.0,3.0,17.0,24.0,19.0,9.0,0.0,0.0,0.0,0.0,0.0,0.0,0.0,0.0,0.0,0.0,0.0,0.0,0.0,0.0,0.0,0.0,0.0,0.0,0.0,0.0,3.0,2.0,1.0,0.0,3.0,0.0,5.0,4.0,15.0,4.0,20.0,35.0,29.0,13.0
1105,1.0,1105.0,London_60,,151,453,1092.0,70.0,2.0,108720.0,0.6710981051437557,693.0,31.0,2.0,29.0,73.0,22.0,51.0,158.0,209.0,91.0,10.0,52.0,33.0,49.0,1.0,8.0,5.0,78.0,143.0,227.0,19.0,0.0,0.0,0.0,0.0,0.0,0.0,0.0,0.0,0.0,1.0,0.0,1.0,0.0,0.0,0.0,0.0,0.0,0.0,1.0,0.0,0.0,0.0,0.0,0.0,0.0,0.0,0.0,0.0,0.0,1.0,0.0,0.0,1.0,0.0,1.0,1.0,0.0,0.0,0.0,0.0,1.0,1.0,0.0,0.0,2.0,0.0,5.0,1.0,1.0,3.0,4.0,9.0,1.0,8.0,0.0,0.0,0.0,0.0,0.0,0.0,0.0,0.0,0.0,1.0,0.0,0.0,1.0,0.0,1.0,5.0,0.0,0.0,0.0,0.0,1.0,2.0,0.0,0.0,2.0,0.0,6.0,2.0,3.0,3.0,6.0,15.0,2.0,13.0
1106,1.0,1106.0,London_60,,151,453,1092.0,70.0,2.0,132276.0,0.5587433471810073,745.0,104.0,2.0,102.0,214.0,18.0,196.0,63.0,208.0,91.0,14.0,50.0,35.0,53.0,0.0,2.0,2.0,76.0,134.0,241.0,19.0,0.0,0.0,0.0,0.0,0.0,0.0,0.0,0.0,0.0,0.0,0.0,0.0,0.0,0.0,0.0,0.0,0.0,0.0,0.0,0.0,0.0,0.0,0.0,0.0,0.0,0.0,0.0,0.0,0.0,2.0,0.0,0.0,2.0,0.0,2.0,0.0,1.0,0.0,0.0,0.0,7.0,0.0,2.0,3.0,0.0,0.0,16.0,8.0,14.0,13.0,21.0,28.0,17.0,9.0,0.0,0.0,0.0,0.0,0.0,0.0,0.0,0.0,0.0,6.0,0.0,0.0,5.0,0.0,14.0,0.0,11.0,0.0,0.0,0.0,10.0,0.0,2.0,5.0,0.0,0.0,22.0,10.0,21.0,20.0,34.0,48.0,18.0,13.0
1107,1.0,1107.0,London_60,,151,453,1092.0,70.0,2.0,129105.0,0.44607481407001615,738.0,51.0,2.0,49.0,106.0,17.0,89.0,214.0,219.0,74.0,15.0,71.0,25.0,43.0,1.0,5.0,6.0,74.0,140.0,233.0,29.0,0.0,0.0,0.0,0.0,0.0,0.0,0.0,0.0,0.0,0.0,0.0,0.0,0.0,0.0,0.0,0.0,0.0,0.0,0.0,0.0,0.0,0.0,0.0,0.0,0.0,0.0,0.0,0.0,0.0,2.0,0.0,0.0,1.0,0.0,0.0,2.0,0.0,0.0,0.0,0.0,0.0,2.0,0.0,0.0,0.0,0.0,2.0,3.0,3.0,1.0,9.0,10.0,9.0,2.0,0.0,0.0,0.0,0.0,0.0,0.0,0.0,0.0,0.0,3.0,0.0,0.0,2.0,0.0,0.0,5.0,0.0,0.0,0.0,0.0,0.0,3.0,0.0,0.0,0.0,0.0,3.0,3.0,4.0,3.0,18.0,14.0,14.0,3.0
1108,1.0,1108.0,London_60,,151,453,1092.0,70.0,2.0,144054.0,1.2766401199623942,771.0,86.0,1.0,85.0,165.0,12.0,153.0,106.0,222.0,85.0,18.0,69.0,20.0,36.0,1.0,2.0,1.0,74.0,143.0,235.0,17.0,0.0,0.0,0.0,0.0,0.0,0.0,0.0,0.0,0.0,0.0,0.0,0.0,0.0,0.0,0.0,0.0,0.0,0.0,0.0,0.0,0.0,0.0,0.0,0.0,0.0,0.0,0.0,0.0,0.0,0.0,1.0,0.0,1.0,0.0,0.0,1.0,0.0,0.0,0.0,0.0,2.0,6.0,2.0,0.0,0.0,0.0,9.0,3.0,6.0,13.0,15.0,21.0,14.0,10.0,0.0,0.0,0.0,0.0,0.0,0.0,0.0,0.0,0.0,0.0,4.0,0.0,3.0,0.0,0.0,6.0,0.0,0.0,0.0,0.0,2.0,8.0,3.0,0.0,0.0,0.0,10.0,5.0,8.0,22.0,21.0,33.0,15.0,14.0
1109,1.0,1109.0,London_60,,151,453,1092.0,70.0,2.0,149490.0,1.27417868305929,783.0,30.0,0.0,30.0,57.0,0.0,57.0,165.0,225.0,105.0,16.0,63.0,13.0,28.0,2.0,1.0,3.0,67.0,139.0,244.0,18.0,0.0,0.0,0.0,0.0,0.0,0.0,0.0,0.0,0.0,0.0,0.0,0.0,0.0,0.0,0.0,0.0,0.0,0.0,0.0,0.0,0.0,0.0,0.0,0.0,0.0,0.0,0.0,0.0,0.0,0.0,0.0,0.0,0.0,0.0,0.0,0.0,0.0,0.0,0.0,0.0,1.0,2.0,0.0,0.0,0.0,0.0,3.0,3.0,1.0,4.0,6.0,8.0,8.0,4.0,0.0,0.0,0.0,0.0,0.0,0.0,0.0,0.0,0.0,0.0,0.0,0.0,0.0,0.0,0.0,0.0,0.0,0.0,0.0,0.0,2.0,4.0,0.0,0.0,0.0,0.0,4.0,3.0,1.0,4.0,8.0,13.0,11.0,7.0
1110,1.0,1110.0,London_60,,151,453,1092.0,70.0,2.0,181200.0,0.5669404668733478,853.0,21.0,0.0,21.0,38.0,0.0,38.0,57.0,224.0,105.0,20.0,61.0,15.0,25.0,0.0,3.0,2.0,62.0,139.0,250.0,19.0,0.0,0.0,0.0,0.0,0.0,0.0,0.0,0.0,0.0,0.0,0.0,0.0,0.0,0.0,0.0,0.0,0.0,0.0,0.0,0.0,0.0,0.0,0.0,0.0,0.0,0.0,0.0,0.0,0.0,0.0,0.0,0.0,0.0,0.0,0.0,0.0,0.0,0.0,0.0,0.0,0.0,1.0,0.0,0.0,0.0,0.0,2.0,4.0,0.0,1.0,4.0,2.0,4.0,0.0,0.0,0.0,0.0,0.0,0.0,0.0,0.0,0.0,0.0,0.0,0.0,0.0,0.0,0.0,0.0,0.0,0.0,0.0,0.0,0.0,0.0,1.0,0.0,0.0,0.0,0.0,2.0,5.0,0.0,1.0,7.0,3.0,8.0,0.0
1111,1.0,1111.0,London_60,,151,453,1092.0,70.0,2.0,212457.0,0.8002851770725101,922.0,131.0,0.0,131.0,233.0,0.0,233.0,38.0,227.0,105.0,21.0,53.0,15.0,28.0,1.0,3.0,5.0,65.0,140.0,243.0,23.0,0.0,0.0,0.0,0.0,0.0,0.0,0.0,0.0,0.0,0.0,0.0,0.0,0.0,0.0,0.0,0.0,0.0,0.0,0.0,0.0,0.0,0.0,0.0,0.0,0.0,0.0,0.0,0.0,0.0,0.0,0.0,0.0,0.0,0.0,0.0,0.0,0.0,0.0,0.0,0.0,4.0,17.0,19.0,2.0,9.0,0.0,5.0,10.0,6.0,7.0,36.0,24.0,35.0,10.0,0.0,0.0,0.0,0.0,0.0,0.0,0.0,0.0,0.0,0.0,0.0,0.0,0.0,0.0,0.0,0.0,0.0,0.0,0.0,0.0,4.0,23.0,22.0,4.0,11.0,0.0,7.0,13.0,8.0,9.0,48.0,33.0,47.0,14.0
1112,1.0,1112.0,London_60,,151,453,1092.0,70.0,2.0,190260.0,1.1771658000070602,873.0,130.0,2.0,128.0,251.0,18.0,233.0,233.0,245.0,96.0,11.0,57.0,15.0,24.0,1.0,4.0,3.0,67.0,132.0,251.0,22.0,0.0,0.0,0.0,0.0,0.0,0.0,0.0,0.0,0.0,0.0,0.0,0.0,0.0,0.0,0.0,0.0,0.0,0.0,0.0,0.0,0.0,0.0,0.0,0.0,0.0,0.0,0.0,0.0,0.0,0.0,0.0,0.0,0.0,0.0,0.0,0.0,0.0,0.0,0.0,0.0,1.0,22.0,0.0,1.0,2.0,0.0,18.0,7.0,4.0,4.0,23.0,32.0,11.0,13.0,0.0,0.0,0.0,0.0,0.0,0.0,0.0,0.0,0.0,0.0,0.0,0.0,0.0,0.0,0.0,0.0,0.0,0.0,0.0,0.0,1.0,29.0,0.0,1.0,2.0,0.0,26.0,11.0,5.0,7.0,32.0,44.0,15.0,25.0
1113,1.0,1113.0,London_60,,151,453,1092.0,70.0,2.0,167610.0,0.7944711870513856,823.0,226.0,1.0,225.0,387.0,8.0,379.0,251.0,199.0,97.0,20.0,78.0,13.0,34.0,2.0,10.0,7.0,79.0,135.0,232.0,46.0,0.0,0.0,0.0,0.0,0.0,0.0,0.0,0.0,0.0,0.0,0.0,0.0,0.0,0.0,0.0,0.0,0.0,0.0,0.0,0.0,0.0,0.0,0.0,0.0,0.0,0.0,0.0,0.0,0.0,0.0,0.0,0.0,0.0,0.0,0.0,0.0,0.0,0.0,0.0,0.0,0.0,23.0,5.0,3.0,9.0,0.0,11.0,6.0,5.0,10.0,40.0,58.0,33.0,20.0,0.0,0.0,0.0,0.0,0.0,0.0,0.0,0.0,0.0,0.0,0.0,0.0,0.0,0.0,0.0,0.0,0.0,0.0,0.0,0.0,0.0,32.0,5.0,3.0,10.0,0.0,12.0,8.0,6.0,14.0,64.0,91.0,41.0,28.0
1114,1.0,1114.0,London_60,,151,453,1092.0,70.0,2.0,91506.0,0.2560470250900835,655.0,0.0,0.0,0.0,0.0,0.0,0.0,387.0,102.0,139.0,27.0,128.0,6.0,41.0,1.0,9.0,8.0,66.0,158.0,221.0,54.0,0.0,0.0,0.0,0.0,0.0,0.0,0.0,0.0,0.0,0.0,0.0,0.0,0.0,0.0,0.0,0.0,0.0,0.0,0.0,0.0,0.0,0.0,0.0,0.0,0.0,0.0,0.0,0.0,0.0,0.0,0.0,0.0,0.0,0.0,0.0,0.0,0.0,0.0,0.0,0.0,0.0,0.0,0.0,0.0,0.0,0.0,0.0,0.0,0.0,0.0,0.0,0.0,0.0,0.0,0.0,0.0,0.0,0.0,0.0,0.0,0.0,0.0,0.0,0.0,0.0,0.0,0.0,0.0,0.0,0.0,0.0,0.0,0.0,0.0,0.0,0.0,0.0,0.0,0.0,0.0,0.0,0.0,0.0,0.0,0.0,0.0,0.0,0.0
1115,1.0,1115.0,London_60,,151,453,1092.0,70.0,2.0,127746.0,0.431378121022135,735.0,64.0,0.0,64.0,114.0,0.0,114.0,0.0,102.0,139.0,27.0,128.0,6.0,41.0,1.0,9.0,8.0,66.0,158.0,221.0,54.0,0.0,0.0,0.0,0.0,0.0,0.0,0.0,0.0,0.0,0.0,0.0,0.0,0.0,0.0,0.0,0.0,0.0,0.0,0.0,0.0,0.0,0.0,0.0,0.0,0.0,0.0,0.0,0.0,0.0,0.0,0.0,0.0,0.0,0.0,0.0,0.0,0.0,0.0,0.0,0.0,0.0,1.0,0.0,0.0,0.0,0.0,3.0,6.0,0.0,2.0,5.0,16.0,11.0,8.0,0.0,0.0,0.0,0.0,0.0,0.0,0.0,0.0,0.0,0.0,0.0,0.0,0.0,0.0,0.0,0.0,0.0,0.0,0.0,0.0,0.0,2.0,0.0,0.0,0.0,0.0,4.0,8.0,0.0,2.0,8.0,23.0,14.0,13.0
1116,1.0,1116.0,London_60,,151,453,1092.0,70.0,2.0,129558.0,0.49202181003056467,739.0,37.0,2.0,35.0,78.0,17.0,61.0,114.0,105.0,140.0,26.0,128.0,8.0,38.0,1.0,7.0,11.0,61.0,151.0,230.0,60.0,0.0,0.0,0.0,0.0,0.0,0.0,0.0,0.0,0.0,0.0,0.0,0.0,0.0,0.0,0.0,0.0,0.0,0.0,0.0,0.0,0.0,0.0,0.0,0.0,0.0,0.0,0.0,0.0,0.0,0.0,0.0,0.0,2.0,1.0,1.0,2.0,0.0,0.0,0.0,0.0,0.0,2.0,0.0,0.0,0.0,0.0,1.0,2.0,1.0,2.0,7.0,9.0,8.0,3.0,0.0,0.0,0.0,0.0,0.0,0.0,0.0,0.0,0.0,0.0,0.0,0.0,8.0,3.0,5.0,3.0,0.0,0.0,0.0,0.0,0.0,2.0,0.0,0.0,0.0,0.0,1.0,3.0,1.0,2.0,10.0,13.0,10.0,6.0
1117,1.0,1117.0,London_60,,151,453,1092.0,70.0,2.0,156738.0,0.47922537801787257,799.0,32.0,0.0,32.0,53.0,0.0,53.0,78.0,115.0,145.0,27.0,120.0,8.0,30.0,1.0,7.0,8.0,68.0,140.0,237.0,50.0,0.0,0.0,0.0,0.0,0.0,0.0,0.0,0.0,0.0,0.0,0.0,0.0,0.0,0.0,0.0,0.0,0.0,0.0,0.0,0.0,0.0,0.0,0.0,0.0,0.0,0.0,0.0,0.0,0.0,0.0,0.0,0.0,0.0,0.0,0.0,0.0,0.0,0.0,0.0,0.0,0.0,0.0,0.0,0.0,0.0,0.0,0.0,1.0,0.0,1.0,7.0,8.0,6.0,4.0,0.0,0.0,0.0,0.0,0.0,0.0,0.0,0.0,0.0,0.0,0.0,0.0,0.0,0.0,0.0,0.0,0.0,0.0,0.0,0.0,0.0,0.0,0.0,0.0,0.0,0.0,0.0,1.0,0.0,1.0,11.0,11.0,10.0,5.0
1118,1.0,1118.0,London_60,,151,453,1092.0,70.0,2.0,187542.0,1.302146069938317,867.0,172.0,2.0,170.0,299.0,16.0,283.0,53.0,119.0,153.0,27.0,107.0,11.0,27.0,1.0,8.0,7.0,68.0,139.0,239.0,46.0,0.0,0.0,0.0,0.0,0.0,0.0,0.0,0.0,0.0,0.0,0.0,0.0,0.0,0.0,0.0,0.0,0.0,0.0,0.0,0.0,0.0,0.0,0.0,0.0,0.0,0.0,0.0,0.0,0.0,0.0,1.0,0.0,1.0,0.0,1.0,2.0,0.0,0.0,0.0,0.0,2.0,5.0,5.0,1.0,8.0,0.0,7.0,14.0,10.0,18.0,38.0,34.0,40.0,14.0,0.0,0.0,0.0,0.0,0.0,0.0,0.0,0.0,0.0,0.0,4.0,0.0,1.0,0.0,6.0,5.0,0.0,0.0,0.0,0.0,2.0,6.0,6.0,2.0,9.0,0.0,10.0,16.0,13.0,25.0,57.0,43.0,48.0,21.0
1119,1.0,1119.0,London_60,,151,453,1092.0,70.0,2.0,142695.0,0.9418043319601566,768.0,64.0,2.0,62.0,128.0,19.0,109.0,299.0,127.0,162.0,33.0,90.0,8.0,25.0,1.0,7.0,8.0,90.0,150.0,205.0,50.0,0.0,0.0,0.0,0.0,0.0,0.0,0.0,0.0,0.0,0.0,0.0,0.0,0.0,0.0,0.0,0.0,0.0,0.0,0.0,0.0,0.0,0.0,0.0,0.0,0.0,0.0,0.0,0.0,0.0,1.0,0.0,0.0,0.0,0.0,1.0,0.0,0.0,0.0,0.0,0.0,0.0,1.0,0.0,0.0,0.0,0.0,3.0,5.0,1.0,10.0,10.0,14.0,7.0,7.0,0.0,0.0,0.0,0.0,0.0,0.0,0.0,0.0,0.0,3.0,0.0,0.0,0.0,0.0,7.0,0.0,0.0,0.0,0.0,0.0,0.0,1.0,0.0,0.0,0.0,0.0,5.0,10.0,2.0,13.0,14.0,20.0,11.0,12.0
1120,1.0,1120.0,London_60,,151,453,1092.0,70.0,2.0,151755.0,0.812797122169286,788.0,49.0,2.0,47.0,97.0,16.0,81.0,128.0,119.0,175.0,34.0,86.0,10.0,20.0,1.0,8.0,8.0,91.0,135.0,219.0,39.0,0.0,0.0,0.0,0.0,0.0,0.0,0.0,0.0,0.0,0.0,0.0,0.0,0.0,0.0,0.0,0.0,0.0,0.0,0.0,0.0,0.0,0.0,0.0,0.0,0.0,0.0,0.0,0.0,0.0,1.0,0.0,0.0,0.0,0.0,1.0,2.0,0.0,0.0,0.0,0.0,1.0,1.0,0.0,0.0,0.0,0.0,4.0,1.0,3.0,3.0,7.0,9.0,7.0,1.0,0.0,0.0,0.0,0.0,0.0,0.0,0.0,0.0,0.0,3.0,0.0,0.0,0.0,0.0,8.0,5.0,0.0,0.0,0.0,0.0,1.0,1.0,0.0,0.0,0.0,0.0,5.0,2.0,4.0,5.0,11.0,12.0,9.0,1.0
1121,1.0,1121.0,London_60,,151,453,1092.0,70.0,2.0,166704.0,0.6106037690769881,821.0,88.0,0.0,88.0,148.0,0.0,148.0,97.0,119.0,167.0,36.0,93.0,8.0,22.0,1.0,7.0,3.0,77.0,138.0,235.0,33.0,0.0,0.0,0.0,0.0,0.0,0.0,0.0,0.0,0.0,0.0,0.0,0.0,0.0,0.0,0.0,0.0,0.0,0.0,0.0,0.0,0.0,0.0,0.0,0.0,0.0,0.0,0.0,0.0,0.0,0.0,0.0,0.0,0.0,0.0,0.0,0.0,0.0,0.0,0.0,0.0,2.0,9.0,0.0,3.0,0.0,1.0,2.0,10.0,9.0,9.0,17.0,22.0,14.0,13.0,0.0,0.0,0.0,0.0,0.0,0.0,0.0,0.0,0.0,0.0,0.0,0.0,0.0,0.0,0.0,0.0,0.0,0.0,0.0,0.0,2.0,11.0,0.0,3.0,0.0,2.0,2.0,14.0,10.0,12.0,26.0,34.0,18.0,19.0
1122,1.0,1122.0,London_60,,151,453,1092.0,70.0,2.0,159003.0,0.8180752140469849,804.0,125.0,2.0,123.0,234.0,18.0,216.0,148.0,126.0,176.0,27.0,69.0,12.0,31.0,4.0,8.0,4.0,80.0,135.0,234.0,36.0,0.0,0.0,0.0,0.0,0.0,0.0,0.0,0.0,0.0,0.0,0.0,0.0,0.0,0.0,0.0,0.0,0.0,0.0,0.0,0.0,0.0,0.0,0.0,0.0,0.0,0.0,0.0,0.0,0.0,0.0,0.0,0.0,0.0,0.0,0.0,1.0,0.0,0.0,0.0,0.0,3.0,9.0,6.0,2.0,21.0,0.0,12.0,3.0,2.0,9.0,20.0,32.0,24.0,10.0,0.0,0.0,0.0,0.0,0.0,0.0,0.0,0.0,0.0,0.0,0.0,0.0,0.0,0.0,0.0,4.0,0.0,0.0,0.0,0.0,4.0,11.0,8.0,3.0,23.0,0.0,14.0,4.0,2.0,9.0,35.0,45.0,31.0,15.0
1123,1.0,1123.0,London_60,,151,453,1092.0,70.0,2.0,131370.0,0.9706422230228782,743.0,105.0,0.0,105.0,183.0,0.0,183.0,234.0,129.0,192.0,13.0,67.0,16.0,30.0,1.0,5.0,4.0,69.0,123.0,257.0,40.0,0.0,0.0,0.0,0.0,0.0,0.0,0.0,0.0,0.0,0.0,0.0,0.0,0.0,0.0,0.0,0.0,0.0,0.0,0.0,0.0,0.0,0.0,0.0,0.0,0.0,0.0,0.0,0.0,0.0,0.0,0.0,0.0,0.0,0.0,0.0,0.0,0.0,0.0,0.0,0.0,4.0,2.0,1.0,3.0,3.0,0.0,5.0,7.0,1.0,10.0,22.0,21.0,29.0,5.0,0.0,0.0,0.0,0.0,0.0,0.0,0.0,0.0,0.0,0.0,0.0,0.0,0.0,0.0,0.0,0.0,0.0,0.0,0.0,0.0,4.0,3.0,2.0,5.0,3.0,0.0,5.0,10.0,2.0,12.0,34.0,32.0,39.0,5.0
1124,1.0,1124.0,London_60,,151,453,1092.0,70.0,2.0,112344.0,1.501244073966518,701.0,37.0,0.0,37.0,67.0,0.0,67.0,183.0,142.0,182.0,10.0,55.0,20.0,36.0,3.0,5.0,5.0,57.0,130.0,261.0,40.0,0.0,0.0,0.0,0.0,0.0,0.0,0.0,0.0,0.0,0.0,0.0,0.0,0.0,0.0,0.0,0.0,0.0,0.0,0.0,0.0,0.0,0.0,0.0,0.0,0.0,0.0,0.0,0.0,0.0,0.0,0.0,0.0,0.0,0.0,0.0,0.0,0.0,0.0,0.0,0.0,1.0,0.0,1.0,0.0,0.0,0.0,1.0,5.0,1.0,4.0,5.0,12.0,6.0,5.0,0.0,0.0,0.0,0.0,0.0,0.0,0.0,0.0,0.0,0.0,0.0,0.0,0.0,0.0,0.0,0.0,0.0,0.0,0.0,0.0,1.0,0.0,2.0,0.0,0.0,0.0,2.0,7.0,1.0,6.0,8.0,19.0,9.0,10.0
1125,1.0,1125.0,London_60,,151,453,1092.0,70.0,2.0,134541.0,0.7242149419616908,750.0,75.0,1.0,74.0,134.0,9.0,125.0,67.0,146.0,178.0,14.0,52.0,20.0,38.0,1.0,4.0,6.0,54.0,143.0,250.0,41.0,0.0,0.0,0.0,0.0,0.0,0.0,0.0,0.0,0.0,0.0,0.0,0.0,0.0,0.0,0.0,0.0,0.0,0.0,0.0,0.0,0.0,0.0,0.0,0.0,0.0,0.0,0.0,0.0,0.0,0.0,0.0,0.0,0.0,0.0,0.0,0.0,0.0,0.0,0.0,0.0,1.0,8.0,1.0,0.0,1.0,0.0,7.0,1.0,2.0,6.0,13.0,18.0,20.0,9.0,0.0,0.0,0.0,0.0,0.0,0.0,0.0,0.0,0.0,0.0,0.0,0.0,0.0,0.0,0.0,0.0,0.0,0.0,0.0,0.0,1.0,11.0,2.0,0.0,3.0,0.0,11.0,1.0,2.0,9.0,19.0,27.0,24.0,14.0
1126,1.0,1126.0,London_60,,151,453,1092.0,70.0,2.0,141789.0,0.5920016749296337,766.0,112.0,2.0,110.0,197.0,17.0,180.0,134.0,157.0,176.0,18.0,41.0,22.0,39.0,0.0,0.0,3.0,56.0,142.0,252.0,25.0,0.0,0.0,0.0,0.0,0.0,0.0,0.0,0.0,0.0,0.0,0.0,0.0,0.0,0.0,0.0,0.0,0.0,0.0,0.0,0.0,0.0,0.0,0.0,0.0,0.0,0.0,0.0,0.0,0.0,0.0,0.0,0.0,0.0,0.0,0.0,1.0,0.0,0.0,0.0,0.0,1.0,7.0,9.0,3.0,4.0,0.0,11.0,5.0,3.0,16.0,20.0,15.0,18.0,12.0,0.0,0.0,0.0,0.0,0.0,0.0,0.0,0.0,0.0,0.0,0.0,0.0,0.0,0.0,0.0,2.0,0.0,0.0,0.0,0.0,1.0,7.0,10.0,5.0,5.0,0.0,11.0,7.0,3.0,24.0,28.0,22.0,20.0,18.0
1127,1.0,1127.0,London_60,,151,453,1092.0,70.0,2.0,126840.0,0.6456977468915284,733.0,3.0,1.0,2.0,15.0,10.0,5.0,197.0,166.0,173.0,7.0,59.0,14.0,30.0,0.0,4.0,3.0,66.0,110.0,274.0,28.0,0.0,0.0,0.0,0.0,0.0,0.0,0.0,0.0,0.0,0.0,0.0,0.0,0.0,0.0,0.0,0.0,0.0,0.0,0.0,0.0,0.0,0.0,0.0,0.0,0.0,0.0,0.0,0.0,0.0,1.0,0.0,0.0,0.0,0.0,0.0,1.0,0.0,0.0,0.0,0.0,0.0,0.0,0.0,0.0,0.0,0.0,1.0,0.0,0.0,0.0,0.0,1.0,0.0,2.0,0.0,0.0,0.0,0.0,0.0,0.0,0.0,0.0,0.0,2.0,0.0,0.0,0.0,0.0,0.0,4.0,0.0,0.0,0.0,0.0,0.0,0.0,0.0,0.0,0.0,0.0,1.0,0.0,0.0,0.0,0.0,1.0,0.0,5.0
1128,1.0,1128.0,London_60,,151,453,1092.0,70.0,2.0,168969.0,0.6409442750737071,826.0,58.0,0.0,58.0,111.0,0.0,111.0,15.0,168.0,177.0,8.0,60.0,10.0,26.0,0.0,4.0,2.0,69.0,104.0,278.0,27.0,0.0,0.0,0.0,0.0,0.0,0.0,0.0,0.0,0.0,0.0,0.0,0.0,0.0,0.0,0.0,0.0,0.0,0.0,0.0,0.0,0.0,0.0,0.0,0.0,0.0,0.0,0.0,0.0,0.0,0.0,0.0,0.0,0.0,0.0,0.0,0.0,0.0,0.0,0.0,0.0,0.0,0.0,0.0,0.0,2.0,1.0,7.0,5.0,0.0,5.0,10.0,12.0,10.0,5.0,0.0,0.0,0.0,0.0,0.0,0.0,0.0,0.0,0.0,0.0,0.0,0.0,0.0,0.0,0.0,0.0,0.0,0.0,0.0,0.0,0.0,0.0,0.0,0.0,2.0,2.0,12.0,7.0,0.0,9.0,13.0,21.0,15.0,6.0
1129,1.0,1129.0,London_60,,151,453,1092.0,70.0,2.0,184371.0,0.8987654969096184,860.0,99.0,2.0,97.0,180.0,17.0,163.0,111.0,189.0,176.0,6.0,44.0,14.0,21.0,1.0,2.0,5.0,84.0,109.0,255.0,23.0,0.0,0.0,0.0,0.0,0.0,0.0,0.0,0.0,0.0,0.0,0.0,0.0,0.0,0.0,0.0,0.0,0.0,0.0,0.0,0.0,0.0,0.0,0.0,0.0,0.0,0.0,0.0,0.0,0.0,1.0,0.0,0.0,1.0,0.0,1.0,2.0,0.0,0.0,0.0,0.0,1.0,4.0,0.0,0.0,3.0,1.0,14.0,4.0,1.0,17.0,21.0,21.0,21.0,8.0,0.0,0.0,0.0,0.0,0.0,0.0,0.0,0.0,0.0,3.0,0.0,0.0,1.0,0.0,6.0,6.0,0.0,0.0,0.0,0.0,1.0,4.0,0.0,0.0,3.0,2.0,21.0,5.0,2.0,20.0,30.0,29.0,26.0,13.0
1130,1.0,1130.0,London_60,,151,453,1092.0,70.0,2.0,186183.0,2.122549301944673,864.0,80.0,2.0,78.0,148.0,18.0,130.0,180.0,190.0,174.0,12.0,40.0,7.0,26.0,2.0,2.0,4.0,79.0,138.0,232.0,27.0,0.0,0.0,0.0,0.0,0.0,0.0,0.0,0.0,0.0,0.0,0.0,0.0,0.0,0.0,0.0,0.0,0.0,0.0,0.0,0.0,0.0,0.0,0.0,0.0,0.0,0.0,0.0,0.0,0.0,0.0,0.0,0.0,0.0,1.0,0.0,1.0,1.0,0.0,0.0,0.0,1.0,3.0,0.0,0.0,2.0,0.0,12.0,2.0,5.0,7.0,12.0,16.0,16.0,8.0,0.0,0.0,0.0,0.0,0.0,0.0,0.0,0.0,0.0,0.0,0.0,0.0,0.0,8.0,0.0,2.0,5.0,0.0,0.0,0.0,1.0,3.0,0.0,0.0,2.0,0.0,14.0,3.0,8.0,9.0,21.0,22.0,24.0,14.0
1131,1.0,1131.0,London_60,,151,453,1092.0,70.0,2.0,196602.0,1.1604997131507844,887.0,114.0,1.0,113.0,191.0,9.0,182.0,148.0,180.0,187.0,7.0,41.0,9.0,25.0,0.0,4.0,6.0,83.0,121.0,243.0,32.0,0.0,0.0,0.0,0.0,0.0,0.0,0.0,0.0,0.0,0.0,0.0,0.0,0.0,0.0,0.0,0.0,0.0,0.0,0.0,0.0,0.0,0.0,0.0,0.0,0.0,0.0,0.0,0.0,0.0,1.0,0.0,0.0,0.0,0.0,0.0,1.0,0.0,0.0,0.0,0.0,1.0,4.0,7.0,0.0,1.0,0.0,14.0,5.0,7.0,2.0,14.0,37.0,25.0,14.0,0.0,0.0,0.0,0.0,0.0,0.0,0.0,0.0,0.0,4.0,0.0,0.0,0.0,0.0,0.0,5.0,0.0,0.0,0.0,0.0,1.0,6.0,8.0,0.0,1.0,0.0,19.0,7.0,9.0,2.0,18.0,58.0,32.0,22.0
1132,1.0,1132.0,London_60,,151,453,1092.0,70.0,2.0,187542.0,1.5843371709343046,867.0,137.0,1.0,136.0,249.0,8.0,241.0,191.0,196.0,164.0,15.0,51.0,4.0,18.0,2.0,3.0,3.0,81.0,133.0,236.0,41.0,0.0,0.0,0.0,0.0,0.0,0.0,0.0,0.0,0.0,0.0,0.0,0.0,0.0,0.0,0.0,0.0,0.0,0.0,0.0,0.0,0.0,0.0,0.0,0.0,0.0,0.0,0.0,0.0,0.0,1.0,0.0,0.0,1.0,0.0,0.0,1.0,0.0,0.0,0.0,0.0,4.0,8.0,3.0,4.0,12.0,0.0,14.0,5.0,11.0,8.0,28.0,34.0,11.0,9.0,0.0,0.0,0.0,0.0,0.0,0.0,0.0,0.0,0.0,6.0,0.0,0.0,6.0,0.0,0.0,3.0,0.0,0.0,0.0,0.0,5.0,10.0,4.0,5.0,15.0,0.0,17.0,5.0,15.0,11.0,46.0,42.0,11.0,16.0
1133,1.0,1133.0,London_60,,151,453,1092.0,70.0,2.0,172140.0,0.8399658319540322,833.0,99.0,0.0,99.0,168.0,0.0,168.0,249.0,208.0,120.0,18.0,70.0,6.0,24.0,0.0,7.0,5.0,77.0,135.0,236.0,29.0,0.0,0.0,0.0,0.0,0.0,0.0,0.0,0.0,0.0,0.0,0.0,0.0,0.0,0.0,0.0,0.0,0.0,0.0,0.0,0.0,0.0,0.0,0.0,0.0,0.0,0.0,0.0,0.0,0.0,0.0,0.0,0.0,0.0,0.0,0.0,0.0,0.0,0.0,0.0,0.0,1.0,4.0,0.0,1.0,0.0,0.0,6.0,4.0,7.0,12.0,25.0,15.0,32.0,7.0,0.0,0.0,0.0,0.0,0.0,0.0,0.0,0.0,0.0,0.0,0.0,0.0,0.0,0.0,0.0,0.0,0.0,0.0,0.0,0.0,1.0,6.0,0.0,1.0,0.0,0.0,7.0,7.0,10.0,16.0,38.0,23.0,45.0,8.0
1134,1.0,1134.0,London_60,,151,453,1092.0,70.0,2.0,159003.0,2.241366681177169,804.0,110.0,0.0,110.0,191.0,0.0,191.0,168.0,223.0,125.0,13.0,43.0,8.0,29.0,0.0,12.0,7.0,73.0,139.0,234.0,24.0,0.0,0.0,0.0,0.0,0.0,0.0,0.0,0.0,0.0,0.0,0.0,0.0,0.0,0.0,0.0,0.0,0.0,0.0,0.0,0.0,0.0,0.0,0.0,0.0,0.0,0.0,0.0,0.0,0.0,0.0,0.0,0.0,0.0,0.0,0.0,0.0,0.0,0.0,0.0,0.0,11.0,2.0,0.0,2.0,2.0,0.0,6.0,8.0,6.0,10.0,21.0,27.0,24.0,6.0,0.0,0.0,0.0,0.0,0.0,0.0,0.0,0.0,0.0,0.0,0.0,0.0,0.0,0.0,0.0,0.0,0.0,0.0,0.0,0.0,14.0,2.0,0.0,2.0,2.0,0.0,8.0,9.0,7.0,14.0,32.0,44.0,28.0,7.0
1135,1.0,1135.0,London_60,,151,453,1092.0,70.0,2.0,145413.0,0.8463667379692197,774.0,18.0,1.0,17.0,40.0,7.0,33.0,191.0,225.0,90.0,15.0,66.0,11.0,33.0,2.0,11.0,6.0,79.0,143.0,225.0,32.0,0.0,0.0,0.0,0.0,0.0,0.0,0.0,0.0,0.0,0.0,0.0,0.0,0.0,0.0,0.0,0.0,0.0,0.0,0.0,0.0,0.0,0.0,0.0,0.0,0.0,0.0,0.0,0.0,0.0,0.0,0.0,0.0,0.0,0.0,1.0,1.0,0.0,0.0,0.0,0.0,0.0,0.0,0.0,0.0,0.0,0.0,1.0,1.0,1.0,0.0,2.0,4.0,4.0,3.0,0.0,0.0,0.0,0.0,0.0,0.0,0.0,0.0,0.0,0.0,0.0,0.0,0.0,0.0,7.0,3.0,0.0,0.0,0.0,0.0,0.0,0.0,0.0,0.0,0.0,0.0,2.0,1.0,3.0,0.0,4.0,5.0,7.0,4.0
1136,1.0,1136.0,London_60,,151,453,1092.0,70.0,2.0,181200.0,0.8326332250144333,853.0,91.0,1.0,90.0,164.0,9.0,155.0,40.0,233.0,94.0,11.0,56.0,9.0,36.0,2.0,12.0,7.0,81.0,133.0,232.0,31.0,0.0,0.0,0.0,0.0,0.0,0.0,0.0,0.0,0.0,0.0,0.0,0.0,0.0,0.0,0.0,0.0,0.0,0.0,0.0,0.0,0.0,0.0,0.0,0.0,0.0,0.0,0.0,0.0,0.0,0.0,0.0,0.0,0.0,0.0,0.0,0.0,0.0,0.0,0.0,0.0,2.0,8.0,0.0,3.0,4.0,0.0,5.0,9.0,9.0,6.0,13.0,18.0,13.0,8.0,0.0,0.0,0.0,0.0,0.0,0.0,0.0,0.0,0.0,0.0,0.0,0.0,0.0,0.0,0.0,0.0,0.0,0.0,0.0,0.0,5.0,10.0,0.0,5.0,4.0,0.0,5.0,12.0,11.0,8.0,17.0,24.0,18.0,11.0
1137,1.0,1137.0,London_60,,151,453,1092.0,70.0,2.0,181200.0,0.7248820131644607,853.0,142.0,2.0,140.0,250.0,19.0,231.0,164.0,235.0,97.0,11.0,52.0,14.0,33.0,4.0,7.0,6.0,76.0,136.0,235.0,30.0,0.0,0.0,0.0,0.0,0.0,0.0,0.0,0.0,0.0,0.0,0.0,0.0,0.0,0.0,0.0,0.0,0.0,0.0,0.0,0.0,0.0,0.0,0.0,0.0,0.0,0.0,0.0,0.0,0.0,0.0,0.0,0.0,1.0,0.0,1.0,1.0,0.0,0.0,0.0,0.0,4.0,3.0,3.0,2.0,7.0,0.0,27.0,5.0,1.0,6.0,25.0,24.0,28.0,7.0,0.0,0.0,0.0,0.0,0.0,0.0,0.0,0.0,0.0,0.0,0.0,0.0,2.0,0.0,7.0,3.0,0.0,0.0,0.0,0.0,4.0,5.0,3.0,2.0,9.0,0.0,36.0,6.0,1.0,7.0,36.0,38.0,35.0,10.0
1138,1.0,1138.0,London_60,,151,453,1092.0,70.0,2.0,152208.0,0.9275342558976263,789.0,47.0,2.0,45.0,97.0,20.0,77.0,250.0,206.0,97.0,19.0,72.0,14.0,36.0,1.0,8.0,6.0,71.0,140.0,236.0,31.0,0.0,0.0,0.0,0.0,0.0,0.0,0.0,0.0,0.0,0.0,0.0,0.0,0.0,0.0,0.0,0.0,0.0,0.0,0.0,0.0,0.0,0.0,0.0,0.0,0.0,0.0,0.0,0.0,0.0,2.0,0.0,0.0,0.0,0.0,0.0,0.0,0.0,0.0,0.0,0.0,1.0,0.0,0.0,0.0,0.0,0.0,6.0,5.0,2.0,3.0,8.0,10.0,5.0,3.0,0.0,0.0,0.0,0.0,0.0,0.0,0.0,0.0,0.0,4.0,0.0,0.0,0.0,0.0,0.0,0.0,0.0,0.0,0.0,0.0,1.0,0.0,0.0,0.0,0.0,0.0,9.0,8.0,2.0,3.0,14.0,13.0,7.0,5.0
1139,1.0,1139.0,London_60,,151,453,1092.0,70.0,2.0,167610.0,0.9873312308918685,823.0,150.0,1.0,149.0,257.0,8.0,249.0,97.0,206.0,93.0,24.0,81.0,11.0,28.0,1.0,9.0,3.0,78.0,130.0,242.0,27.0,0.0,0.0,0.0,0.0,0.0,0.0,0.0,0.0,0.0,0.0,0.0,0.0,0.0,0.0,0.0,0.0,0.0,0.0,0.0,0.0,0.0,0.0,0.0,0.0,0.0,0.0,0.0,0.0,0.0,0.0,0.0,0.0,0.0,1.0,0.0,0.0,0.0,0.0,0.0,0.0,1.0,5.0,5.0,6.0,3.0,2.0,17.0,5.0,6.0,14.0,30.0,30.0,19.0,10.0,0.0,0.0,0.0,0.0,0.0,0.0,0.0,0.0,0.0,0.0,0.0,0.0,0.0,8.0,0.0,0.0,0.0,0.0,0.0,0.0,1.0,8.0,5.0,8.0,3.0,6.0,24.0,7.0,8.0,18.0,45.0,43.0,22.0,19.0
1140,1.0,1140.0,London_60,,151,453,1092.0,70.0,2.0,140430.0,1.1559129448141903,763.0,36.0,0.0,36.0,63.0,0.0,63.0,257.0,206.0,100.0,15.0,85.0,11.0,28.0,3.0,5.0,3.0,88.0,130.0,232.0,36.0,0.0,0.0,0.0,0.0,0.0,0.0,0.0,0.0,0.0,0.0,0.0,0.0,0.0,0.0,0.0,0.0,0.0,0.0,0.0,0.0,0.0,0.0,0.0,0.0,0.0,0.0,0.0,0.0,0.0,0.0,0.0,0.0,0.0,0.0,0.0,0.0,0.0,0.0,0.0,0.0,0.0,4.0,0.0,1.0,0.0,0.0,0.0,1.0,1.0,1.0,5.0,12.0,9.0,5.0,0.0,0.0,0.0,0.0,0.0,0.0,0.0,0.0,0.0,0.0,0.0,0.0,0.0,0.0,0.0,0.0,0.0,0.0,0.0,0.0,0.0,6.0,0.0,1.0,0.0,0.0,0.0,1.0,3.0,1.0,8.0,18.0,12.0,7.0
1141,1.0,1141.0,London_60,,151,453,1092.0,70.0,2.0,173952.0,0.8456098968163133,837.0,136.0,2.0,134.0,240.0,19.0,221.0,63.0,217.0,104.0,16.0,75.0,11.0,23.0,3.0,4.0,4.0,95.0,123.0,231.0,26.0,0.0,0.0,0.0,0.0,0.0,0.0,0.0,0.0,0.0,0.0,0.0,0.0,0.0,0.0,0.0,0.0,0.0,0.0,0.0,0.0,0.0,0.0,0.0,0.0,0.0,0.0,0.0,0.0,0.0,0.0,0.0,0.0,1.0,0.0,1.0,2.0,0.0,0.0,0.0,0.0,4.0,12.0,7.0,0.0,0.0,0.0,22.0,2.0,10.0,16.0,26.0,24.0,20.0,14.0,0.0,0.0,0.0,0.0,0.0,0.0,0.0,0.0,0.0,0.0,0.0,0.0,1.0,0.0,5.0,10.0,0.0,0.0,0.0,0.0,4.0,15.0,7.0,0.0,0.0,0.0,30.0,2.0,13.0,23.0,35.0,32.0,27.0,19.0
1142,1.0,1142.0,London_60,,151,453,1092.0,70.0,2.0,142695.0,0.6375002800486982,768.0,84.0,0.0,84.0,138.0,0.0,138.0,240.0,221.0,105.0,19.0,74.0,4.0,25.0,0.0,5.0,6.0,78.0,125.0,244.0,26.0,0.0,0.0,0.0,0.0,0.0,0.0,0.0,0.0,0.0,0.0,0.0,0.0,0.0,0.0,0.0,0.0,0.0,0.0,0.0,0.0,0.0,0.0,0.0,0.0,0.0,0.0,0.0,0.0,0.0,0.0,0.0,0.0,0.0,0.0,0.0,0.0,0.0,0.0,0.0,0.0,0.0,0.0,0.0,0.0,0.0,0.0,8.0,2.0,3.0,5.0,13.0,19.0,24.0,10.0,0.0,0.0,0.0,0.0,0.0,0.0,0.0,0.0,0.0,0.0,0.0,0.0,0.0,0.0,0.0,0.0,0.0,0.0,0.0,0.0,0.0,0.0,0.0,0.0,0.0,0.0,9.0,4.0,3.0,6.0,17.0,26.0,26.0,16.0
1143,1.0,1143.0,London_60,,151,453,1092.0,70.0,2.0,134088.0,0.7817714191041887,749.0,71.0,2.0,69.0,135.0,18.0,117.0,138.0,226.0,108.0,18.0,62.0,6.0,27.0,0.0,6.0,5.0,69.0,138.0,241.0,29.0,0.0,0.0,0.0,0.0,0.0,0.0,0.0,0.0,0.0,0.0,0.0,0.0,0.0,0.0,0.0,0.0,0.0,0.0,0.0,0.0,0.0,0.0,0.0,0.0,0.0,0.0,0.0,0.0,0.0,1.0,0.0,0.0,0.0,0.0,0.0,1.0,0.0,0.0,0.0,0.0,1.0,1.0,0.0,0.0,0.0,0.0,9.0,8.0,4.0,5.0,13.0,8.0,12.0,5.0,0.0,0.0,0.0,0.0,0.0,0.0,0.0,0.0,0.0,3.0,0.0,0.0,0.0,0.0,0.0,3.0,0.0,0.0,0.0,0.0,1.0,1.0,0.0,0.0,0.0,0.0,12.0,8.0,4.0,6.0,20.0,8.0,16.0,5.0
1144,1.0,1144.0,London_60,,151,453,1092.0,70.0,2.0,130011.0,0.9329132828861475,740.0,28.0,0.0,28.0,48.0,0.0,48.0,135.0,232.0,111.0,20.0,62.0,3.0,22.0,0.0,3.0,5.0,79.0,138.0,231.0,18.0,0.0,0.0,0.0,0.0,0.0,0.0,0.0,0.0,0.0,0.0,0.0,0.0,0.0,0.0,0.0,0.0,0.0,0.0,0.0,0.0,0.0,0.0,0.0,0.0,0.0,0.0,0.0,0.0,0.0,0.0,0.0,0.0,0.0,0.0,0.0,0.0,0.0,0.0,0.0,0.0,0.0,3.0,0.0,1.0,0.0,0.0,4.0,2.0,2.0,4.0,4.0,6.0,6.0,5.0,0.0,0.0,0.0,0.0,0.0,0.0,0.0,0.0,0.0,0.0,0.0,0.0,0.0,0.0,0.0,0.0,0.0,0.0,0.0,0.0,0.0,6.0,0.0,2.0,0.0,0.0,5.0,3.0,2.0,6.0,4.0,9.0,8.0,5.0
1145,1.0,1145.0,London_60,,151,453,1092.0,70.0,2.0,146319.0,1.4734990510623902,776.0,121.0,0.0,121.0,204.0,0.0,204.0,48.0,233.0,111.0,27.0,54.0,2.0,23.0,0.0,3.0,6.0,74.0,138.0,235.0,17.0,0.0,0.0,0.0,0.0,0.0,0.0,0.0,0.0,0.0,0.0,0.0,0.0,0.0,0.0,0.0,0.0,0.0,0.0,0.0,0.0,0.0,0.0,0.0,0.0,0.0,0.0,0.0,0.0,0.0,0.0,0.0,0.0,0.0,0.0,0.0,0.0,0.0,0.0,0.0,0.0,5.0,13.0,7.0,0.0,8.0,2.0,6.0,10.0,9.0,11.0,25.0,31.0,28.0,16.0,0.0,0.0,0.0,0.0,0.0,0.0,0.0,0.0,0.0,0.0,0.0,0.0,0.0,0.0,0.0,0.0,0.0,0.0,0.0,0.0,7.0,18.0,8.0,0.0,8.0,2.0,7.0,16.0,10.0,13.0,34.0,44.0,35.0,24.0
1146,1.0,1146.0,London_60,,151,453,1092.0,70.0,2.0,122310.0,0.6293684120755643,723.0,110.0,0.0,110.0,186.0,0.0,186.0,204.0,244.0,102.0,14.0,55.0,7.0,26.0,0.0,5.0,3.0,71.0,151.0,228.0,31.0,0.0,0.0,0.0,0.0,0.0,0.0,0.0,0.0,0.0,0.0,0.0,0.0,0.0,0.0,0.0,0.0,0.0,0.0,0.0,0.0,0.0,0.0,0.0,0.0,0.0,0.0,0.0,0.0,0.0,0.0,0.0,0.0,0.0,0.0,0.0,0.0,0.0,0.0,0.0,0.0,3.0,11.0,0.0,0.0,7.0,0.0,12.0,8.0,4.0,7.0,26.0,21.0,17.0,6.0,0.0,0.0,0.0,0.0,0.0,0.0,0.0,0.0,0.0,0.0,0.0,0.0,0.0,0.0,0.0,0.0,0.0,0.0,0.0,0.0,3.0,15.0,0.0,0.0,7.0,0.0,17.0,15.0,5.0,8.0,45.0,29.0,23.0,9.0
1147,1.0,1147.0,London_60,,151,453,1092.0,70.0,2.0,110532.0,0.6792589160613716,697.0,49.0,2.0,47.0,108.0,22.0,86.0,186.0,256.0,81.0,15.0,58.0,10.0,22.0,1.0,10.0,9.0,72.0,142.0,230.0,35.0,0.0,0.0,0.0,0.0,0.0,0.0,0.0,0.0,0.0,1.0,0.0,1.0,0.0,0.0,0.0,0.0,0.0,0.0,1.0,0.0,0.0,0.0,0.0,0.0,0.0,0.0,0.0,0.0,0.0,0.0,0.0,0.0,1.0,0.0,1.0,1.0,0.0,0.0,0.0,0.0,0.0,5.0,0.0,1.0,0.0,0.0,3.0,4.0,1.0,5.0,12.0,8.0,14.0,3.0,0.0,0.0,0.0,0.0,0.0,0.0,0.0,0.0,0.0,0.0,0.0,0.0,2.0,0.0,2.0,1.0,0.0,0.0,0.0,0.0,0.0,7.0,0.0,2.0,0.0,0.0,3.0,6.0,1.0,8.0,20.0,12.0,21.0,6.0
1148,1.0,1148.0,London_60,,151,453,1092.0,70.0,2.0,127746.0,0.5029775809962302,735.0,26.0,2.0,24.0,62.0,18.0,44.0,100.0,260.0,84.0,16.0,42.0,13.0,27.0,0.0,11.0,4.0,74.0,137.0,238.0,26.0,0.0,0.0,0.0,0.0,0.0,0.0,0.0,0.0,0.0,0.0,0.0,0.0,0.0,0.0,0.0,0.0,0.0,0.0,0.0,0.0,0.0,0.0,0.0,0.0,0.0,0.0,0.0,0.0,0.0,1.0,0.0,0.0,2.0,0.0,2.0,0.0,1.0,0.0,0.0,0.0,1.0,0.0,0.0,1.0,0.0,1.0,5.0,1.0,3.0,7.0,5.0,6.0,4.0,2.0,0.0,0.0,0.0,0.0,0.0,0.0,0.0,0.0,0.0,3.0,0.0,0.0,5.0,0.0,13.0,0.0,9.0,0.0,0.0,0.0,1.0,0.0,0.0,1.0,0.0,1.0,9.0,1.0,4.0,9.0,8.0,9.0,4.0,3.0
1149,1.0,1149.0,London_60,,151,453,1092.0,70.0,2.0,159003.0,1.2814521549735218,804.0,41.0,2.0,39.0,92.0,17.0,75.0,62.0,257.0,93.0,21.0,40.0,7.0,23.0,0.0,12.0,2.0,78.0,136.0,237.0,19.0,0.0,0.0,0.0,0.0,0.0,0.0,0.0,0.0,0.0,0.0,0.0,0.0,0.0,0.0,0.0,0.0,0.0,0.0,0.0,0.0,0.0,0.0,0.0,0.0,0.0,0.0,0.0,0.0,0.0,2.0,0.0,0.0,1.0,0.0,0.0,2.0,0.0,0.0,0.0,0.0,1.0,0.0,0.0,1.0,0.0,0.0,9.0,4.0,3.0,6.0,12.0,8.0,8.0,8.0,0.0,0.0,0.0,0.0,0.0,0.0,0.0,0.0,0.0,9.0,0.0,0.0,7.0,0.0,0.0,5.0,0.0,0.0,0.0,0.0,2.0,0.0,0.0,4.0,0.0,0.0,15.0,5.0,4.0,9.0,22.0,12.0,10.0,14.0
1150,1.0,1150.0,London_60,,151,453,1092.0,70.0,2.0,187542.0,0.9682166080456227,867.0,113.0,1.0,112.0,208.0,12.0,196.0,92.0,268.0,97.0,17.0,35.0,7.0,16.0,2.0,11.0,1.0,76.0,144.0,232.0,20.0,0.0,0.0,0.0,0.0,0.0,0.0,0.0,0.0,0.0,0.0,0.0,0.0,0.0,0.0,0.0,0.0,0.0,0.0,0.0,0.0,0.0,0.0,0.0,0.0,0.0,0.0,0.0,0.0,0.0,0.0,1.0,0.0,1.0,0.0,0.0,1.0,0.0,0.0,0.0,0.0,2.0,18.0,18.0,4.0,4.0,1.0,4.0,12.0,8.0,12.0,23.0,24.0,15.0,7.0,0.0,0.0,0.0,0.0,0.0,0.0,0.0,0.0,0.0,0.0,10.0,0.0,9.0,0.0,0.0,6.0,0.0,0.0,0.0,0.0,2.0,24.0,21.0,8.0,4.0,1.0,5.0,18.0,8.0,17.0,34.0,37.0,20.0,15.0
1151,1.0,1151.0,London_60,,151,453,1092.0,70.0,2.0,178029.0,1.9757369621656835,846.0,31.0,0.0,31.0,54.0,0.0,54.0,208.0,266.0,87.0,14.0,50.0,4.0,21.0,3.0,8.0,3.0,84.0,138.0,228.0,33.0,0.0,0.0,0.0,0.0,0.0,0.0,0.0,0.0,0.0,0.0,0.0,0.0,0.0,0.0,0.0,0.0,0.0,0.0,0.0,0.0,0.0,0.0,0.0,0.0,0.0,0.0,0.0,0.0,0.0,0.0,0.0,0.0,0.0,0.0,0.0,0.0,0.0,0.0,0.0,0.0,0.0,0.0,0.0,0.0,0.0,0.0,3.0,2.0,0.0,1.0,7.0,3.0,6.0,0.0,0.0,0.0,0.0,0.0,0.0,0.0,0.0,0.0,0.0,0.0,0.0,0.0,0.0,0.0,0.0,0.0,0.0,0.0,0.0,0.0,0.0,0.0,0.0,0.0,0.0,0.0,4.0,3.0,0.0,1.0,9.0,4.0,8.0,0.0
1152,1.0,1152.0,London_60,,151,453,1092.0,70.0,2.0,220158.0,1.0659647448919713,939.0,141.0,0.0,141.0,233.0,0.0,233.0,54.0,262.0,84.0,16.0,52.0,5.0,23.0,3.0,8.0,2.0,84.0,149.0,218.0,25.0,0.0,0.0,0.0,0.0,0.0,0.0,0.0,0.0,0.0,0.0,0.0,0.0,0.0,0.0,0.0,0.0,0.0,0.0,0.0,0.0,0.0,0.0,0.0,0.0,0.0,0.0,0.0,0.0,0.0,0.0,0.0,0.0,0.0,0.0,0.0,0.0,0.0,0.0,0.0,0.0,1.0,20.0,0.0,3.0,4.0,0.0,7.0,7.0,4.0,17.0,23.0,30.0,11.0,11.0,0.0,0.0,0.0,0.0,0.0,0.0,0.0,0.0,0.0,0.0,0.0,0.0,0.0,0.0,0.0,0.0,0.0,0.0,0.0,0.0,1.0,29.0,0.0,3.0,5.0,0.0,9.0,8.0,4.0,19.0,32.0,43.0,12.0,17.0
1153,1.0,1153.0,London_60,,151,453,1092.0,70.0,2.0,195243.0,0.7173391520045698,884.0,138.0,0.0,138.0,230.0,0.0,230.0,233.0,240.0,85.0,14.0,72.0,8.0,17.0,4.0,13.0,4.0,75.0,157.0,217.0,25.0,0.0,0.0,0.0,0.0,0.0,0.0,0.0,0.0,0.0,0.0,0.0,0.0,0.0,0.0,0.0,0.0,0.0,0.0,0.0,0.0,0.0,0.0,0.0,0.0,0.0,0.0,0.0,0.0,0.0,0.0,0.0,0.0,0.0,0.0,0.0,0.0,0.0,0.0,0.0,0.0,3.0,2.0,0.0,2.0,1.0,0.0,10.0,6.0,10.0,11.0,12.0,32.0,25.0,9.0,0.0,0.0,0.0,0.0,0.0,0.0,0.0,0.0,0.0,0.0,0.0,0.0,0.0,0.0,0.0,0.0,0.0,0.0,0.0,0.0,3.0,2.0,0.0,2.0,1.0,0.0,14.0,12.0,11.0,16.0,20.0,48.0,34.0,19.0
1154,1.0,1154.0,London_60,,151,453,1092.0,70.0,2.0,167610.0,1.0366422389633954,823.0,99.0,2.0,97.0,186.0,18.0,168.0,230.0,241.0,92.0,20.0,61.0,11.0,22.0,1.0,5.0,5.0,81.0,154.0,213.0,21.0,0.0,0.0,0.0,0.0,0.0,0.0,0.0,0.0,0.0,0.0,0.0,0.0,0.0,0.0,0.0,0.0,0.0,0.0,0.0,0.0,0.0,0.0,0.0,0.0,0.0,0.0,0.0,0.0,0.0,0.0,0.0,0.0,0.0,0.0,0.0,1.0,0.0,0.0,0.0,0.0,1.0,5.0,0.0,0.0,1.0,0.0,6.0,12.0,4.0,6.0,13.0,22.0,22.0,7.0,0.0,0.0,0.0,0.0,0.0,0.0,0.0,0.0,0.0,0.0,0.0,0.0,0.0,0.0,0.0,1.0,0.0,0.0,0.0,0.0,1.0,5.0,0.0,0.0,1.0,0.0,7.0,17.0,5.0,9.0,18.0,30.0,29.0,9.0
1155,1.0,1155.0,London_60,,151,453,1092.0,70.0,2.0,156738.0,0.6846552090719342,799.0,48.0,1.0,47.0,86.0,8.0,78.0,186.0,249.0,86.0,14.0,58.0,12.0,31.0,1.0,2.0,3.0,75.0,150.0,225.0,31.0,0.0,0.0,0.0,0.0,0.0,0.0,0.0,0.0,0.0,0.0,0.0,0.0,0.0,0.0,0.0,0.0,0.0,0.0,0.0,0.0,0.0,0.0,0.0,0.0,0.0,0.0,0.0,0.0,0.0,1.0,0.0,0.0,1.0,0.0,0.0,1.0,0.0,0.0,0.0,0.0,1.0,0.0,0.0,0.0,1.0,0.0,3.0,6.0,1.0,3.0,8.0,11.0,7.0,3.0,0.0,0.0,0.0,0.0,0.0,0.0,0.0,0.0,0.0,2.0,0.0,0.0,6.0,0.0,0.0,4.0,0.0,0.0,0.0,0.0,1.0,0.0,0.0,0.0,1.0,0.0,4.0,7.0,1.0,3.0,11.0,14.0,9.0,4.0
1156,1.0,1156.0,London_60,,151,453,1092.0,70.0,2.0,173499.0,1.143535208888352,836.0,183.0,0.0,183.0,312.0,0.0,312.0,86.0,252.0,95.0,10.0,55.0,10.0,28.0,0.0,3.0,2.0,79.0,144.0,228.0,21.0,0.0,0.0,0.0,0.0,0.0,0.0,0.0,0.0,0.0,0.0,0.0,0.0,0.0,0.0,0.0,0.0,0.0,0.0,0.0,0.0,0.0,0.0,0.0,0.0,0.0,0.0,0.0,0.0,0.0,0.0,0.0,0.0,0.0,0.0,0.0,0.0,0.0,0.0,0.0,0.0,6.0,9.0,1.0,5.0,1.0,1.0,11.0,26.0,5.0,26.0,39.0,43.0,22.0,20.0,0.0,0.0,0.0,0.0,0.0,0.0,0.0,0.0,0.0,0.0,0.0,0.0,0.0,0.0,0.0,0.0,0.0,0.0,0.0,0.0,8.0,16.0,1.0,6.0,1.0,1.0,14.0,41.0,6.0,37.0,62.0,67.0,26.0,31.0
1157,1.0,1157.0,London_60,,151,453,1092.0,70.0,2.0,110985.0,0.4986414930317551,698.0,64.0,0.0,64.0,116.0,0.0,116.0,312.0,179.0,118.0,31.0,84.0,9.0,28.0,1.0,3.0,7.0,90.0,134.0,222.0,38.0,0.0,0.0,0.0,0.0,0.0,0.0,0.0,0.0,0.0,0.0,0.0,0.0,0.0,0.0,0.0,0.0,0.0,0.0,0.0,0.0,0.0,0.0,0.0,0.0,0.0,0.0,0.0,0.0,0.0,0.0,0.0,0.0,0.0,0.0,0.0,0.0,0.0,0.0,0.0,0.0,0.0,1.0,0.0,0.0,0.0,0.0,6.0,4.0,3.0,4.0,15.0,19.0,11.0,6.0,0.0,0.0,0.0,0.0,0.0,0.0,0.0,0.0,0.0,0.0,0.0,0.0,0.0,0.0,0.0,0.0,0.0,0.0,0.0,0.0,0.0,1.0,0.0,0.0,0.0,0.0,9.0,5.0,5.0,4.0,21.0,28.0,16.0,8.0
1158,1.0,1158.0,London_60,,151,453,1092.0,70.0,2.0,107814.0,0.9510116640012711,691.0,74.0,2.0,72.0,148.0,17.0,131.0,116.0,187.0,128.0,28.0,74.0,4.0,27.0,0.0,5.0,6.0,85.0,144.0,218.0,29.0,0.0,0.0,0.0,0.0,0.0,0.0,0.0,0.0,0.0,0.0,0.0,0.0,0.0,0.0,0.0,0.0,0.0,0.0,0.0,0.0,0.0,0.0,0.0,0.0,0.0,0.0,0.0,0.0,0.0,0.0,0.0,0.0,1.0,1.0,1.0,2.0,0.0,0.0,0.0,0.0,4.0,0.0,0.0,0.0,2.0,0.0,7.0,7.0,5.0,7.0,13.0,16.0,16.0,3.0,0.0,0.0,0.0,0.0,0.0,0.0,0.0,0.0,0.0,0.0,0.0,0.0,1.0,7.0,8.0,4.0,0.0,0.0,0.0,0.0,4.0,0.0,0.0,0.0,2.0,0.0,9.0,12.0,6.0,9.0,21.0,25.0,18.0,3.0
1159,1.0,1159.0,London_60,,151,453,1092.0,70.0,2.0,85617.0,0.3662191170733422,642.0,27.0,0.0,27.0,43.0,0.0,43.0,148.0,186.0,148.0,27.0,61.0,4.0,25.0,0.0,2.0,4.0,90.0,142.0,217.0,28.0,0.0,0.0,0.0,0.0,0.0,0.0,0.0,0.0,0.0,0.0,0.0,0.0,0.0,0.0,0.0,0.0,0.0,0.0,0.0,0.0,0.0,0.0,0.0,0.0,0.0,0.0,0.0,0.0,0.0,0.0,0.0,0.0,0.0,0.0,0.0,0.0,0.0,0.0,0.0,0.0,0.0,0.0,1.0,0.0,0.0,0.0,4.0,0.0,0.0,1.0,3.0,5.0,5.0,1.0,0.0,0.0,0.0,0.0,0.0,0.0,0.0,0.0,0.0,0.0,0.0,0.0,0.0,0.0,0.0,0.0,0.0,0.0,0.0,0.0,0.0,0.0,1.0,0.0,0.0,0.0,5.0,0.0,0.0,1.0,3.0,9.0,6.0,2.0
1160,1.0,1160.0,London_60,,151,453,1092.0,70.0,2.0,86070.0,0.5539104479830712,643.0,120.0,2.0,118.0,217.0,16.0,201.0,43.0,192.0,143.0,29.0,55.0,4.0,30.0,0.0,0.0,3.0,88.0,141.0,221.0,26.0,0.0,0.0,0.0,0.0,0.0,0.0,0.0,0.0,0.0,0.0,0.0,0.0,0.0,0.0,0.0,0.0,0.0,0.0,0.0,0.0,0.0,0.0,0.0,0.0,0.0,0.0,0.0,0.0,0.0,0.0,1.0,0.0,0.0,0.0,1.0,1.0,0.0,0.0,0.0,0.0,4.0,4.0,5.0,0.0,8.0,0.0,10.0,6.0,2.0,17.0,27.0,20.0,20.0,10.0,0.0,0.0,0.0,0.0,0.0,0.0,0.0,0.0,0.0,0.0,6.0,0.0,0.0,0.0,6.0,1.0,0.0,0.0,0.0,0.0,4.0,5.0,6.0,0.0,8.0,0.0,13.0,10.0,3.0,23.0,40.0,31.0,25.0,17.0
1161,1.0,1161.0,London_60,,151,453,1092.0,70.0,2.0,37146.0,0.10553149599581957,535.0,75.0,2.0,73.0,138.0,19.0,119.0,217.0,195.0,153.0,14.0,59.0,11.0,17.0,0.0,4.0,4.0,89.0,146.0,214.0,51.0,0.0,0.0,0.0,0.0,0.0,0.0,0.0,0.0,0.0,0.0,0.0,0.0,0.0,0.0,0.0,0.0,0.0,0.0,0.0,0.0,0.0,0.0,0.0,0.0,0.0,0.0,0.0,0.0,0.0,1.0,0.0,0.0,0.0,0.0,1.0,1.0,0.0,0.0,0.0,0.0,2.0,4.0,6.0,2.0,2.0,0.0,18.0,3.0,4.0,5.0,15.0,20.0,18.0,8.0,0.0,0.0,0.0,0.0,0.0,0.0,0.0,0.0,0.0,5.0,0.0,0.0,0.0,0.0,7.0,3.0,0.0,0.0,0.0,0.0,2.0,7.0,6.0,5.0,2.0,0.0,27.0,3.0,5.0,7.0,18.0,34.0,23.0,14.0
