,logged,day,location,model name,supply scenario,avg daily demand,inventory size,test days,init days,gurobi status,nvars,calc time,ncons,num patients,num SCD patients,num Other patients,num units requested,num units requested SCD,num units requested Other,num supplied products,num O- in inventory,num O+ in inventory,num A- in inventory,num A+ in inventory,num B- in inventory,num B+ in inventory,num AB- in inventory,num AB+ in inventory,num Fya-Fyb- in inventory,num Fya+Fyb- in inventory,num Fya-Fyb+ in inventory,num Fya+Fyb+ in inventory,num R0 in inventory,avg issuing age,num outdates,num outdates O-,num outdates O+,num outdates A-,num outdates A+,num outdates B-,num outdates B+,num outdates AB-,num outdates AB+,num shortages,num shortages O-,num shortages O+,num shortages A-,num shortages A+,num shortages B-,num shortages B+,num shortages AB-,num shortages AB+,num shortages SCD,num shortages Other,num mismatched patients SCD A,num mismatched patients SCD B,num mismatched patients SCD D,num mismatched patients SCD C,num mismatched patients SCD c,num mismatched patients SCD E,num mismatched patients SCD e,num mismatched patients SCD K,num mismatched patients SCD k,num mismatched patients SCD Fya,num mismatched patients SCD Fyb,num mismatched patients SCD Jka,num mismatched patients SCD Jkb,num mismatched patients SCD M,num mismatched patients SCD N,num mismatched patients SCD S,num mismatched patients SCD s,num mismatched patients Other A,num mismatched patients Other B,num mismatched patients Other D,num mismatched patients Other C,num mismatched patients Other c,num mismatched patients Other E,num mismatched patients Other e,num mismatched patients Other K,num mismatched patients Other k,num mismatched patients Other Fya,num mismatched patients Other Fyb,num mismatched patients Other Jka,num mismatched patients Other Jkb,num mismatched patients Other M,num mismatched patients Other N,num mismatched patients Other S,num mismatched patients Other s,num mismatched units SCD A,num mismatched units SCD B,num mismatched units SCD D,num mismatched units SCD C,num mismatched units SCD c,num mismatched units SCD E,num mismatched units SCD e,num mismatched units SCD K,num mismatched units SCD k,num mismatched units SCD Fya,num mismatched units SCD Fyb,num mismatched units SCD Jka,num mismatched units SCD Jkb,num mismatched units SCD M,num mismatched units SCD N,num mismatched units SCD S,num mismatched units SCD s,num mismatched units Other A,num mismatched units Other B,num mismatched units Other D,num mismatched units Other C,num mismatched units Other c,num mismatched units Other E,num mismatched units Other e,num mismatched units Other K,num mismatched units Other k,num mismatched units Other Fya,num mismatched units Other Fyb,num mismatched units Other Jka,num mismatched units Other Jkb,num mismatched units Other M,num mismatched units Other N,num mismatched units Other S,num mismatched units Other s
0,1.0,0.0,London_11,3years_LHD,1Lon_11,151,453,1092.0,70.0,2.0,122310.0,0.38144329469650984,723.0,25.0,0.0,25.0,43.0,0.0,43.0,453.0,61.0,166.0,36.0,128.0,13.0,40.0,5.0,4.0,9.0,73.0,152.0,219.0,74.0,0.0,0.0,0.0,0.0,0.0,0.0,0.0,0.0,0.0,0.0,0.0,0.0,0.0,0.0,0.0,0.0,0.0,0.0,0.0,0.0,0.0,0.0,0.0,0.0,0.0,0.0,0.0,0.0,0.0,0.0,0.0,0.0,0.0,0.0,0.0,0.0,0.0,0.0,0.0,0.0,0.0,0.0,1.0,0.0,0.0,1.0,0.0,4.0,3.0,1.0,1.0,5.0,9.0,3.0,4.0,0.0,0.0,0.0,0.0,0.0,0.0,0.0,0.0,0.0,0.0,0.0,0.0,0.0,0.0,0.0,0.0,0.0,0.0,0.0,0.0,0.0,1.0,0.0,0.0,1.0,0.0,6.0,4.0,2.0,1.0,5.0,14.0,4.0,7.0
1,1.0,1.0,London_11,3years_LHD,1Lon_11,151,453,1092.0,70.0,2.0,158097.0,1.4145967150107026,802.0,133.0,1.0,132.0,224.0,10.0,214.0,43.0,62.0,167.0,37.0,123.0,13.0,42.0,5.0,4.0,11.0,74.0,158.0,210.0,83.0,0.9553571428571429,0.0,0.0,0.0,0.0,0.0,0.0,0.0,0.0,0.0,0.0,0.0,0.0,0.0,0.0,0.0,0.0,0.0,0.0,0.0,0.0,0.0,0.0,0.0,0.0,0.0,0.0,0.0,0.0,0.0,1.0,0.0,0.0,0.0,0.0,0.0,0.0,0.0,0.0,0.0,0.0,0.0,2.0,1.0,3.0,8.0,0.0,7.0,8.0,5.0,13.0,31.0,30.0,25.0,9.0,0.0,0.0,0.0,0.0,0.0,0.0,0.0,0.0,0.0,2.0,0.0,0.0,0.0,0.0,0.0,0.0,0.0,0.0,0.0,0.0,0.0,3.0,1.0,5.0,9.0,0.0,7.0,11.0,5.0,18.0,42.0,38.0,33.0,12.0
2,1.0,2.0,London_11,3years_LHD,1Lon_11,151,453,1092.0,70.0,2.0,139071.0,2.583885969594121,760.0,48.0,0.0,48.0,86.0,0.0,86.0,224.0,71.0,180.0,40.0,95.0,13.0,41.0,2.0,11.0,12.0,90.0,151.0,200.0,89.0,1.3488372093023255,0.0,0.0,0.0,0.0,0.0,0.0,0.0,0.0,0.0,0.0,0.0,0.0,0.0,0.0,0.0,0.0,0.0,0.0,0.0,0.0,0.0,0.0,0.0,0.0,0.0,0.0,0.0,0.0,0.0,0.0,0.0,0.0,0.0,0.0,0.0,0.0,0.0,0.0,0.0,0.0,3.0,3.0,4.0,0.0,1.0,0.0,2.0,4.0,3.0,2.0,7.0,9.0,15.0,3.0,0.0,0.0,0.0,0.0,0.0,0.0,0.0,0.0,0.0,0.0,0.0,0.0,0.0,0.0,0.0,0.0,0.0,0.0,0.0,0.0,3.0,6.0,4.0,0.0,1.0,0.0,3.0,6.0,3.0,2.0,12.0,16.0,21.0,7.0
3,1.0,3.0,London_11,3years_LHD,1Lon_11,151,453,1092.0,70.0,2.0,161268.0,2.640134402550757,809.0,35.0,1.0,34.0,74.0,9.0,65.0,86.0,79.0,188.0,37.0,84.0,14.0,40.0,2.0,9.0,9.0,89.0,155.0,200.0,86.0,2.554054054054054,0.0,0.0,0.0,0.0,0.0,0.0,0.0,0.0,0.0,0.0,0.0,0.0,0.0,0.0,0.0,0.0,0.0,0.0,0.0,0.0,0.0,0.0,0.0,0.0,0.0,0.0,0.0,0.0,0.0,1.0,0.0,0.0,1.0,0.0,0.0,1.0,0.0,0.0,0.0,0.0,0.0,0.0,3.0,0.0,3.0,0.0,1.0,1.0,2.0,4.0,8.0,8.0,11.0,4.0,0.0,0.0,0.0,0.0,0.0,0.0,0.0,0.0,0.0,2.0,0.0,0.0,6.0,0.0,0.0,4.0,0.0,0.0,0.0,0.0,0.0,0.0,3.0,0.0,3.0,0.0,4.0,2.0,3.0,5.0,11.0,12.0,15.0,7.0
4,1.0,4.0,London_11,3years_LHD,1Lon_11,151,453,1092.0,70.0,2.0,194337.0,3.7672503357753158,882.0,56.0,0.0,56.0,93.0,0.0,93.0,74.0,89.0,173.0,35.0,89.0,15.0,39.0,3.0,10.0,8.0,93.0,150.0,202.0,70.0,2.204301075268817,0.0,0.0,0.0,0.0,0.0,0.0,0.0,0.0,0.0,0.0,0.0,0.0,0.0,0.0,0.0,0.0,0.0,0.0,0.0,0.0,0.0,0.0,0.0,0.0,0.0,0.0,0.0,0.0,0.0,0.0,0.0,0.0,0.0,0.0,0.0,0.0,0.0,0.0,0.0,0.0,1.0,5.0,0.0,0.0,1.0,0.0,7.0,5.0,7.0,4.0,12.0,12.0,11.0,4.0,0.0,0.0,0.0,0.0,0.0,0.0,0.0,0.0,0.0,0.0,0.0,0.0,0.0,0.0,0.0,0.0,0.0,0.0,0.0,0.0,1.0,7.0,0.0,0.0,1.0,0.0,12.0,6.0,10.0,4.0,18.0,18.0,12.0,8.0
5,1.0,5.0,London_11,3years_LHD,1Lon_11,151,453,1092.0,70.0,2.0,208380.0,3.0399972731247544,913.0,176.0,2.0,174.0,319.0,17.0,302.0,93.0,101.0,164.0,39.0,83.0,14.0,40.0,2.0,10.0,12.0,94.0,149.0,198.0,76.0,2.413793103448276,0.0,0.0,0.0,0.0,0.0,0.0,0.0,0.0,0.0,0.0,0.0,0.0,0.0,0.0,0.0,0.0,0.0,0.0,0.0,0.0,0.0,0.0,0.0,0.0,0.0,0.0,0.0,0.0,0.0,2.0,0.0,1.0,0.0,0.0,1.0,1.0,0.0,0.0,0.0,0.0,1.0,5.0,0.0,2.0,1.0,0.0,18.0,7.0,11.0,15.0,32.0,41.0,16.0,19.0,0.0,0.0,0.0,0.0,0.0,0.0,0.0,0.0,0.0,8.0,0.0,6.0,0.0,0.0,4.0,6.0,0.0,0.0,0.0,0.0,1.0,6.0,0.0,2.0,1.0,0.0,21.0,9.0,13.0,22.0,49.0,61.0,19.0,28.0
6,1.0,6.0,London_11,3years_LHD,1Lon_11,151,453,1092.0,70.0,2.0,173046.0,2.425752379000187,835.0,115.0,2.0,113.0,215.0,19.0,196.0,319.0,109.0,164.0,26.0,100.0,17.0,28.0,5.0,4.0,8.0,68.0,165.0,212.0,55.0,0.7627906976744186,0.0,0.0,0.0,0.0,0.0,0.0,0.0,0.0,0.0,0.0,0.0,0.0,0.0,0.0,0.0,0.0,0.0,0.0,0.0,0.0,0.0,0.0,0.0,0.0,0.0,0.0,0.0,0.0,0.0,2.0,0.0,0.0,1.0,0.0,1.0,2.0,0.0,0.0,0.0,0.0,4.0,10.0,1.0,1.0,4.0,0.0,8.0,11.0,11.0,8.0,24.0,27.0,26.0,11.0,0.0,0.0,0.0,0.0,0.0,0.0,0.0,0.0,0.0,11.0,0.0,0.0,8.0,0.0,10.0,8.0,0.0,0.0,0.0,0.0,5.0,13.0,1.0,1.0,4.0,0.0,10.0,16.0,13.0,10.0,34.0,41.0,35.0,16.0
7,1.0,7.0,London_11,3years_LHD,1Lon_11,151,453,1092.0,70.0,2.0,159003.0,2.733990576118231,804.0,146.0,0.0,146.0,260.0,0.0,260.0,215.0,122.0,177.0,12.0,80.0,18.0,35.0,5.0,4.0,10.0,66.0,158.0,219.0,65.0,1.1307692307692307,0.0,0.0,0.0,0.0,0.0,0.0,0.0,0.0,0.0,0.0,0.0,0.0,0.0,0.0,0.0,0.0,0.0,0.0,0.0,0.0,0.0,0.0,0.0,0.0,0.0,0.0,0.0,0.0,0.0,0.0,0.0,0.0,0.0,0.0,0.0,0.0,0.0,0.0,0.0,0.0,1.0,4.0,2.0,0.0,11.0,0.0,3.0,4.0,2.0,3.0,29.0,35.0,33.0,10.0,0.0,0.0,0.0,0.0,0.0,0.0,0.0,0.0,0.0,0.0,0.0,0.0,0.0,0.0,0.0,0.0,0.0,0.0,0.0,0.0,1.0,5.0,2.0,0.0,12.0,0.0,3.0,5.0,3.0,4.0,39.0,49.0,42.0,12.0
8,1.0,8.0,London_11,3years_LHD,1Lon_11,151,453,1092.0,70.0,2.0,123669.0,1.7410437231883407,726.0,51.0,0.0,51.0,85.0,0.0,85.0,260.0,124.0,157.0,15.0,81.0,26.0,40.0,1.0,9.0,11.0,64.0,156.0,222.0,61.0,0.8,0.0,0.0,0.0,0.0,0.0,0.0,0.0,0.0,0.0,0.0,0.0,0.0,0.0,0.0,0.0,0.0,0.0,0.0,0.0,0.0,0.0,0.0,0.0,0.0,0.0,0.0,0.0,0.0,0.0,0.0,0.0,0.0,0.0,0.0,0.0,0.0,0.0,0.0,0.0,0.0,0.0,0.0,3.0,1.0,4.0,1.0,5.0,6.0,1.0,11.0,13.0,13.0,13.0,3.0,0.0,0.0,0.0,0.0,0.0,0.0,0.0,0.0,0.0,0.0,0.0,0.0,0.0,0.0,0.0,0.0,0.0,0.0,0.0,0.0,0.0,0.0,3.0,1.0,4.0,1.0,7.0,8.0,1.0,13.0,20.0,21.0,20.0,4.0
9,1.0,9.0,London_11,3years_LHD,1Lon_11,151,453,1092.0,70.0,2.0,133635.0,3.810648993588984,748.0,56.0,2.0,54.0,123.0,23.0,100.0,85.0,130.0,150.0,21.0,92.0,21.0,37.0,0.0,2.0,13.0,67.0,158.0,215.0,68.0,1.6341463414634145,0.0,0.0,0.0,0.0,0.0,0.0,0.0,0.0,0.0,0.0,0.0,0.0,0.0,0.0,0.0,0.0,0.0,0.0,0.0,0.0,0.0,0.0,0.0,0.0,0.0,0.0,0.0,0.0,0.0,2.0,0.0,1.0,0.0,1.0,1.0,2.0,0.0,0.0,0.0,0.0,2.0,2.0,6.0,0.0,5.0,0.0,10.0,5.0,4.0,8.0,12.0,15.0,12.0,9.0,0.0,0.0,0.0,0.0,0.0,0.0,0.0,0.0,0.0,11.0,0.0,9.0,0.0,7.0,8.0,10.0,0.0,0.0,0.0,0.0,2.0,3.0,7.0,0.0,5.0,0.0,11.0,7.0,8.0,9.0,18.0,25.0,16.0,16.0
10,1.0,10.0,London_11,3years_LHD,1Lon_11,151,453,1092.0,70.0,2.0,143148.0,2.7530190525576472,769.0,137.0,2.0,135.0,254.0,18.0,236.0,123.0,139.0,148.0,20.0,97.0,25.0,21.0,0.0,3.0,11.0,72.0,159.0,211.0,52.0,1.594488188976378,0.0,0.0,0.0,0.0,0.0,0.0,0.0,0.0,0.0,0.0,0.0,0.0,0.0,0.0,0.0,0.0,0.0,0.0,0.0,0.0,0.0,0.0,0.0,0.0,0.0,0.0,0.0,0.0,0.0,1.0,1.0,0.0,0.0,1.0,1.0,1.0,0.0,0.0,0.0,0.0,3.0,2.0,2.0,3.0,8.0,0.0,14.0,10.0,9.0,11.0,26.0,30.0,30.0,9.0,0.0,0.0,0.0,0.0,0.0,0.0,0.0,0.0,0.0,4.0,4.0,0.0,0.0,7.0,4.0,4.0,0.0,0.0,0.0,0.0,4.0,2.0,2.0,4.0,8.0,0.0,20.0,11.0,13.0,12.0,42.0,47.0,37.0,11.0
11,1.0,11.0,London_11,3years_LHD,1Lon_11,151,453,1092.0,70.0,2.0,105096.0,1.330146873369813,685.0,6.0,0.0,6.0,11.0,0.0,11.0,254.0,165.0,158.0,14.0,68.0,18.0,22.0,3.0,5.0,8.0,65.0,164.0,216.0,37.0,0.0,0.0,0.0,0.0,0.0,0.0,0.0,0.0,0.0,0.0,0.0,0.0,0.0,0.0,0.0,0.0,0.0,0.0,0.0,0.0,0.0,0.0,0.0,0.0,0.0,0.0,0.0,0.0,0.0,0.0,0.0,0.0,0.0,0.0,0.0,0.0,0.0,0.0,0.0,0.0,0.0,0.0,0.0,0.0,0.0,1.0,0.0,1.0,1.0,1.0,0.0,0.0,2.0,2.0,0.0,0.0,0.0,0.0,0.0,0.0,0.0,0.0,0.0,0.0,0.0,0.0,0.0,0.0,0.0,0.0,0.0,0.0,0.0,0.0,0.0,0.0,0.0,0.0,0.0,1.0,0.0,1.0,2.0,1.0,0.0,0.0,3.0,2.0,0.0
12,1.0,12.0,London_11,3years_LHD,1Lon_11,151,453,1092.0,70.0,2.0,134541.0,3.1352204624563456,750.0,58.0,0.0,58.0,116.0,0.0,116.0,11.0,167.0,163.0,14.0,61.0,18.0,22.0,3.0,5.0,8.0,66.0,163.0,216.0,36.0,2.0689655172413794,0.0,0.0,0.0,0.0,0.0,0.0,0.0,0.0,0.0,0.0,0.0,0.0,0.0,0.0,0.0,0.0,0.0,0.0,0.0,0.0,0.0,0.0,0.0,0.0,0.0,0.0,0.0,0.0,0.0,0.0,0.0,0.0,0.0,0.0,0.0,0.0,0.0,0.0,0.0,0.0,3.0,2.0,6.0,0.0,4.0,0.0,5.0,10.0,5.0,7.0,11.0,16.0,9.0,4.0,0.0,0.0,0.0,0.0,0.0,0.0,0.0,0.0,0.0,0.0,0.0,0.0,0.0,0.0,0.0,0.0,0.0,0.0,0.0,0.0,3.0,3.0,6.0,0.0,4.0,0.0,6.0,17.0,5.0,11.0,23.0,26.0,13.0,7.0
13,1.0,13.0,London_11,3years_LHD,1Lon_11,151,453,1092.0,70.0,2.0,147225.0,7.818306912668049,778.0,119.0,2.0,117.0,209.0,17.0,192.0,116.0,174.0,169.0,7.0,54.0,15.0,25.0,3.0,6.0,7.0,83.0,168.0,195.0,40.0,2.229665071770335,0.0,0.0,0.0,0.0,0.0,0.0,0.0,0.0,0.0,0.0,0.0,0.0,0.0,0.0,0.0,0.0,0.0,0.0,0.0,0.0,0.0,0.0,0.0,0.0,0.0,0.0,0.0,0.0,0.0,2.0,0.0,0.0,2.0,0.0,1.0,2.0,0.0,0.0,0.0,0.0,3.0,8.0,2.0,3.0,1.0,1.0,12.0,7.0,3.0,13.0,27.0,33.0,24.0,9.0,0.0,0.0,0.0,0.0,0.0,0.0,0.0,0.0,0.0,12.0,0.0,0.0,12.0,0.0,7.0,8.0,0.0,0.0,0.0,0.0,4.0,12.0,2.0,3.0,1.0,3.0,15.0,10.0,3.0,15.0,41.0,48.0,31.0,13.0
14,1.0,14.0,London_11,3years_LHD,1Lon_11,151,453,1092.0,70.0,2.0,127746.0,2.770330681465566,735.0,27.0,0.0,27.0,41.0,0.0,41.0,209.0,177.0,166.0,12.0,67.0,9.0,15.0,1.0,6.0,7.0,74.0,159.0,213.0,47.0,1.8780487804878048,0.0,0.0,0.0,0.0,0.0,0.0,0.0,0.0,0.0,0.0,0.0,0.0,0.0,0.0,0.0,0.0,0.0,0.0,0.0,0.0,0.0,0.0,0.0,0.0,0.0,0.0,0.0,0.0,0.0,0.0,0.0,0.0,0.0,0.0,0.0,0.0,0.0,0.0,0.0,0.0,1.0,3.0,1.0,0.0,2.0,0.0,3.0,1.0,0.0,1.0,5.0,8.0,6.0,5.0,0.0,0.0,0.0,0.0,0.0,0.0,0.0,0.0,0.0,0.0,0.0,0.0,0.0,0.0,0.0,0.0,0.0,0.0,0.0,0.0,1.0,4.0,1.0,0.0,2.0,0.0,4.0,1.0,0.0,1.0,6.0,10.0,7.0,6.0
15,1.0,15.0,London_11,3years_LHD,1Lon_11,151,453,1092.0,70.0,2.0,159003.0,3.510522987693548,804.0,122.0,2.0,120.0,229.0,15.0,214.0,41.0,179.0,158.0,16.0,69.0,9.0,13.0,2.0,7.0,7.0,75.0,162.0,209.0,42.0,1.7816593886462881,0.0,0.0,0.0,0.0,0.0,0.0,0.0,0.0,0.0,0.0,0.0,0.0,0.0,0.0,0.0,0.0,0.0,0.0,0.0,0.0,0.0,0.0,0.0,0.0,0.0,0.0,0.0,0.0,0.0,2.0,0.0,1.0,0.0,1.0,1.0,1.0,0.0,0.0,0.0,0.0,2.0,2.0,6.0,0.0,3.0,1.0,13.0,3.0,5.0,10.0,27.0,32.0,22.0,14.0,0.0,0.0,0.0,0.0,0.0,0.0,0.0,0.0,0.0,5.0,0.0,4.0,0.0,4.0,5.0,2.0,0.0,0.0,0.0,0.0,2.0,3.0,7.0,0.0,3.0,1.0,15.0,3.0,7.0,12.0,43.0,43.0,32.0,21.0
16,1.0,16.0,London_11,3years_LHD,1Lon_11,151,453,1092.0,70.0,2.0,149037.0,3.7602132502943277,782.0,48.0,0.0,48.0,85.0,0.0,85.0,229.0,205.0,130.0,19.0,72.0,4.0,15.0,1.0,7.0,4.0,80.0,151.0,218.0,48.0,1.1411764705882352,0.0,0.0,0.0,0.0,0.0,0.0,0.0,0.0,0.0,0.0,0.0,0.0,0.0,0.0,0.0,0.0,0.0,0.0,0.0,0.0,0.0,0.0,0.0,0.0,0.0,0.0,0.0,0.0,0.0,0.0,0.0,0.0,0.0,0.0,0.0,0.0,0.0,0.0,0.0,0.0,4.0,3.0,1.0,2.0,3.0,0.0,6.0,1.0,3.0,10.0,5.0,15.0,9.0,5.0,0.0,0.0,0.0,0.0,0.0,0.0,0.0,0.0,0.0,0.0,0.0,0.0,0.0,0.0,0.0,0.0,0.0,0.0,0.0,0.0,4.0,4.0,2.0,2.0,3.0,0.0,10.0,1.0,4.0,10.0,9.0,24.0,13.0,5.0
17,1.0,17.0,London_11,3years_LHD,1Lon_11,151,453,1092.0,70.0,2.0,171234.0,2.1912053460255265,831.0,41.0,1.0,40.0,76.0,10.0,66.0,85.0,210.0,140.0,14.0,60.0,5.0,15.0,2.0,7.0,6.0,90.0,158.0,199.0,53.0,2.8157894736842106,0.0,0.0,0.0,0.0,0.0,0.0,0.0,0.0,0.0,0.0,0.0,0.0,0.0,0.0,0.0,0.0,0.0,0.0,0.0,0.0,0.0,0.0,0.0,0.0,0.0,0.0,0.0,0.0,0.0,1.0,0.0,0.0,0.0,1.0,0.0,1.0,0.0,0.0,0.0,0.0,1.0,3.0,2.0,0.0,2.0,0.0,5.0,1.0,2.0,2.0,9.0,6.0,8.0,2.0,0.0,0.0,0.0,0.0,0.0,0.0,0.0,0.0,0.0,4.0,0.0,0.0,0.0,9.0,0.0,5.0,0.0,0.0,0.0,0.0,1.0,3.0,3.0,0.0,2.0,0.0,9.0,1.0,2.0,3.0,15.0,6.0,10.0,3.0
18,1.0,18.0,London_11,3years_LHD,1Lon_11,151,453,1092.0,70.0,2.0,202491.0,2.4365179846063256,900.0,49.0,0.0,49.0,92.0,0.0,92.0,76.0,204.0,150.0,16.0,64.0,2.0,7.0,2.0,8.0,8.0,83.0,153.0,209.0,64.0,3.152173913043478,0.0,0.0,0.0,0.0,0.0,0.0,0.0,0.0,0.0,0.0,0.0,0.0,0.0,0.0,0.0,0.0,0.0,0.0,0.0,0.0,0.0,0.0,0.0,0.0,0.0,0.0,0.0,0.0,0.0,0.0,0.0,0.0,0.0,0.0,0.0,0.0,0.0,0.0,0.0,0.0,0.0,4.0,1.0,2.0,5.0,0.0,3.0,2.0,8.0,5.0,8.0,10.0,14.0,6.0,0.0,0.0,0.0,0.0,0.0,0.0,0.0,0.0,0.0,0.0,0.0,0.0,0.0,0.0,0.0,0.0,0.0,0.0,0.0,0.0,0.0,6.0,1.0,4.0,5.0,0.0,3.0,3.0,9.0,6.0,14.0,13.0,23.0,9.0
19,1.0,19.0,London_11,3years_LHD,1Lon_11,151,453,1092.0,70.0,2.0,228765.0,6.480997418984771,958.0,180.0,2.0,178.0,321.0,17.0,304.0,92.0,198.0,145.0,25.0,65.0,2.0,15.0,0.0,3.0,12.0,84.0,155.0,202.0,56.0,3.0031152647975077,0.0,0.0,0.0,0.0,0.0,0.0,0.0,0.0,0.0,0.0,0.0,0.0,0.0,0.0,0.0,0.0,0.0,0.0,0.0,0.0,0.0,0.0,0.0,0.0,0.0,0.0,0.0,0.0,0.0,2.0,0.0,0.0,0.0,0.0,1.0,1.0,0.0,0.0,0.0,0.0,0.0,5.0,0.0,4.0,4.0,0.0,13.0,2.0,9.0,10.0,35.0,39.0,20.0,14.0,0.0,0.0,0.0,0.0,0.0,0.0,0.0,0.0,0.0,6.0,0.0,0.0,0.0,0.0,7.0,4.0,0.0,0.0,0.0,0.0,0.0,9.0,0.0,5.0,4.0,0.0,15.0,2.0,16.0,14.0,58.0,51.0,27.0,19.0
20,1.0,20.0,London_11,3years_LHD,1Lon_11,151,453,1092.0,70.0,2.0,187089.0,4.079948898404837,866.0,116.0,2.0,114.0,214.0,17.0,197.0,321.0,180.0,119.0,21.0,91.0,7.0,31.0,2.0,2.0,5.0,87.0,155.0,206.0,38.0,0.8878504672897196,0.0,0.0,0.0,0.0,0.0,0.0,0.0,0.0,0.0,0.0,0.0,0.0,0.0,0.0,0.0,0.0,0.0,0.0,0.0,0.0,0.0,0.0,0.0,0.0,0.0,0.0,0.0,0.0,0.0,1.0,1.0,0.0,1.0,0.0,1.0,1.0,0.0,0.0,0.0,0.0,2.0,8.0,0.0,1.0,2.0,1.0,17.0,5.0,4.0,12.0,18.0,28.0,21.0,5.0,0.0,0.0,0.0,0.0,0.0,0.0,0.0,0.0,0.0,4.0,8.0,0.0,5.0,0.0,8.0,3.0,0.0,0.0,0.0,0.0,2.0,9.0,0.0,2.0,3.0,1.0,21.0,7.0,6.0,15.0,26.0,37.0,27.0,10.0
21,1.0,21.0,London_11,3years_LHD,1Lon_11,151,453,1092.0,70.0,2.0,171234.0,1.529762969352305,831.0,159.0,0.0,159.0,259.0,0.0,259.0,214.0,191.0,128.0,17.0,76.0,10.0,22.0,3.0,6.0,9.0,87.0,158.0,199.0,53.0,0.9652509652509652,0.0,0.0,0.0,0.0,0.0,0.0,0.0,0.0,0.0,0.0,0.0,0.0,0.0,0.0,0.0,0.0,0.0,0.0,0.0,0.0,0.0,0.0,0.0,0.0,0.0,0.0,0.0,0.0,0.0,0.0,0.0,0.0,0.0,0.0,0.0,0.0,0.0,0.0,0.0,0.0,9.0,3.0,1.0,1.0,1.0,0.0,10.0,1.0,7.0,12.0,35.0,41.0,26.0,13.0,0.0,0.0,0.0,0.0,0.0,0.0,0.0,0.0,0.0,0.0,0.0,0.0,0.0,0.0,0.0,0.0,0.0,0.0,0.0,0.0,9.0,5.0,1.0,1.0,1.0,0.0,15.0,1.0,9.0,14.0,49.0,57.0,37.0,25.0
22,1.0,22.0,London_11,3years_LHD,1Lon_11,151,453,1092.0,70.0,2.0,127293.0,4.539684548974037,734.0,48.0,0.0,48.0,85.0,0.0,85.0,259.0,202.0,125.0,17.0,72.0,7.0,24.0,1.0,5.0,6.0,90.0,136.0,221.0,47.0,1.0235294117647058,0.0,0.0,0.0,0.0,0.0,0.0,0.0,0.0,0.0,0.0,0.0,0.0,0.0,0.0,0.0,0.0,0.0,0.0,0.0,0.0,0.0,0.0,0.0,0.0,0.0,0.0,0.0,0.0,0.0,0.0,0.0,0.0,0.0,0.0,0.0,0.0,0.0,0.0,0.0,0.0,0.0,6.0,2.0,0.0,2.0,0.0,5.0,4.0,2.0,5.0,12.0,8.0,8.0,4.0,0.0,0.0,0.0,0.0,0.0,0.0,0.0,0.0,0.0,0.0,0.0,0.0,0.0,0.0,0.0,0.0,0.0,0.0,0.0,0.0,0.0,9.0,2.0,0.0,2.0,0.0,7.0,6.0,5.0,6.0,16.0,12.0,11.0,5.0
23,1.0,23.0,London_11,3years_LHD,1Lon_11,151,453,1092.0,70.0,2.0,130464.0,4.230207280255854,741.0,61.0,2.0,59.0,119.0,20.0,99.0,85.0,200.0,130.0,18.0,58.0,8.0,33.0,2.0,4.0,8.0,88.0,140.0,217.0,49.0,1.1764705882352942,0.0,0.0,0.0,0.0,0.0,0.0,0.0,0.0,0.0,0.0,0.0,0.0,0.0,0.0,0.0,0.0,0.0,0.0,0.0,0.0,0.0,0.0,0.0,0.0,0.0,0.0,0.0,0.0,0.0,2.0,0.0,0.0,1.0,0.0,0.0,1.0,1.0,0.0,0.0,0.0,3.0,5.0,1.0,0.0,3.0,0.0,2.0,3.0,0.0,12.0,12.0,15.0,11.0,3.0,0.0,0.0,0.0,0.0,0.0,0.0,0.0,0.0,0.0,10.0,0.0,0.0,8.0,0.0,0.0,5.0,8.0,0.0,0.0,0.0,4.0,9.0,1.0,0.0,3.0,0.0,3.0,5.0,0.0,14.0,22.0,20.0,15.0,5.0
24,1.0,24.0,London_11,3years_LHD,1Lon_11,151,453,1092.0,70.0,2.0,137712.0,4.900680257938802,757.0,136.0,2.0,134.0,254.0,19.0,235.0,119.0,215.0,138.0,25.0,46.0,1.0,25.0,1.0,2.0,7.0,86.0,142.0,218.0,38.0,1.8031496062992125,0.0,0.0,0.0,0.0,0.0,0.0,0.0,0.0,0.0,0.0,0.0,0.0,0.0,0.0,0.0,0.0,0.0,0.0,0.0,0.0,0.0,0.0,0.0,0.0,0.0,0.0,0.0,0.0,0.0,2.0,0.0,0.0,2.0,1.0,0.0,2.0,0.0,0.0,0.0,0.0,2.0,8.0,0.0,1.0,7.0,0.0,11.0,7.0,9.0,3.0,21.0,28.0,21.0,14.0,0.0,0.0,0.0,0.0,0.0,0.0,0.0,0.0,0.0,11.0,0.0,0.0,13.0,5.0,0.0,11.0,0.0,0.0,0.0,0.0,2.0,9.0,0.0,1.0,7.0,0.0,15.0,11.0,12.0,3.0,33.0,43.0,29.0,18.0
25,1.0,25.0,London_11,3years_LHD,1Lon_11,151,453,1092.0,70.0,2.0,102378.0,2.6956791020929813,679.0,8.0,0.0,8.0,13.0,0.0,13.0,254.0,216.0,91.0,15.0,84.0,5.0,36.0,2.0,4.0,4.0,83.0,142.0,224.0,34.0,0.0,0.0,0.0,0.0,0.0,0.0,0.0,0.0,0.0,0.0,0.0,0.0,0.0,0.0,0.0,0.0,0.0,0.0,0.0,0.0,0.0,0.0,0.0,0.0,0.0,0.0,0.0,0.0,0.0,0.0,0.0,0.0,0.0,0.0,0.0,0.0,0.0,0.0,0.0,0.0,0.0,0.0,2.0,0.0,0.0,0.0,0.0,1.0,1.0,1.0,1.0,3.0,4.0,1.0,0.0,0.0,0.0,0.0,0.0,0.0,0.0,0.0,0.0,0.0,0.0,0.0,0.0,0.0,0.0,0.0,0.0,0.0,0.0,0.0,0.0,0.0,4.0,0.0,0.0,0.0,0.0,1.0,1.0,1.0,1.0,5.0,6.0,1.0,0.0
26,1.0,26.0,London_11,3years_LHD,1Lon_11,151,453,1092.0,70.0,2.0,132276.0,2.9335270524024963,745.0,68.0,0.0,68.0,117.0,0.0,117.0,13.0,219.0,90.0,15.0,83.0,3.0,37.0,2.0,4.0,4.0,85.0,138.0,226.0,35.0,1.8461538461538463,0.0,0.0,0.0,0.0,0.0,0.0,0.0,0.0,0.0,0.0,0.0,0.0,0.0,0.0,0.0,0.0,0.0,0.0,0.0,0.0,0.0,0.0,0.0,0.0,0.0,0.0,0.0,0.0,0.0,0.0,0.0,0.0,0.0,0.0,0.0,0.0,0.0,0.0,0.0,0.0,1.0,8.0,4.0,2.0,3.0,0.0,12.0,5.0,5.0,13.0,8.0,16.0,15.0,7.0,0.0,0.0,0.0,0.0,0.0,0.0,0.0,0.0,0.0,0.0,0.0,0.0,0.0,0.0,0.0,0.0,0.0,0.0,0.0,0.0,1.0,10.0,4.0,3.0,4.0,0.0,18.0,9.0,9.0,18.0,10.0,24.0,18.0,8.0
27,1.0,27.0,London_11,3years_LHD,1Lon_11,151,453,1092.0,70.0,2.0,139071.0,1.5904114283621311,760.0,123.0,3.0,120.0,215.0,24.0,191.0,117.0,223.0,90.0,17.0,74.0,4.0,39.0,3.0,3.0,5.0,75.0,154.0,219.0,43.0,1.744186046511628,0.0,0.0,0.0,0.0,0.0,0.0,0.0,0.0,0.0,0.0,0.0,0.0,0.0,0.0,0.0,0.0,0.0,0.0,0.0,0.0,0.0,0.0,0.0,0.0,0.0,0.0,0.0,0.0,0.0,2.0,0.0,0.0,0.0,1.0,0.0,3.0,0.0,0.0,0.0,0.0,4.0,6.0,8.0,1.0,6.0,0.0,11.0,4.0,3.0,6.0,24.0,25.0,22.0,8.0,0.0,0.0,0.0,0.0,0.0,0.0,0.0,0.0,0.0,9.0,0.0,0.0,0.0,8.0,0.0,13.0,0.0,0.0,0.0,0.0,5.0,8.0,11.0,1.0,6.0,0.0,17.0,5.0,3.0,8.0,37.0,33.0,27.0,12.0
28,1.0,28.0,London_11,3years_LHD,1Lon_11,151,453,1092.0,70.0,2.0,115515.0,5.180863288231194,708.0,25.0,0.0,25.0,43.0,0.0,43.0,215.0,236.0,90.0,19.0,63.0,7.0,27.0,3.0,8.0,5.0,86.0,153.0,209.0,21.0,3.255813953488372,0.0,0.0,0.0,0.0,0.0,0.0,0.0,0.0,0.0,0.0,0.0,0.0,0.0,0.0,0.0,0.0,0.0,0.0,0.0,0.0,0.0,0.0,0.0,0.0,0.0,0.0,0.0,0.0,0.0,0.0,0.0,0.0,0.0,0.0,0.0,0.0,0.0,0.0,0.0,0.0,0.0,2.0,0.0,0.0,0.0,0.0,3.0,2.0,2.0,1.0,5.0,3.0,6.0,6.0,0.0,0.0,0.0,0.0,0.0,0.0,0.0,0.0,0.0,0.0,0.0,0.0,0.0,0.0,0.0,0.0,0.0,0.0,0.0,0.0,0.0,2.0,0.0,0.0,0.0,0.0,3.0,2.0,4.0,2.0,8.0,3.0,10.0,6.0
29,1.0,29.0,London_11,3years_LHD,1Lon_11,151,453,1092.0,70.0,2.0,152208.0,2.4854001719504595,789.0,120.0,2.0,118.0,232.0,18.0,214.0,43.0,227.0,94.0,23.0,65.0,7.0,26.0,3.0,8.0,4.0,78.0,159.0,212.0,23.0,2.2586206896551726,0.0,0.0,0.0,0.0,0.0,0.0,0.0,0.0,0.0,0.0,0.0,0.0,0.0,0.0,0.0,0.0,0.0,0.0,0.0,0.0,0.0,0.0,0.0,0.0,0.0,0.0,0.0,0.0,0.0,2.0,0.0,0.0,0.0,0.0,1.0,0.0,1.0,0.0,0.0,0.0,1.0,4.0,7.0,1.0,1.0,0.0,12.0,3.0,5.0,14.0,26.0,21.0,17.0,12.0,0.0,0.0,0.0,0.0,0.0,0.0,0.0,0.0,0.0,8.0,0.0,0.0,0.0,0.0,8.0,0.0,9.0,0.0,0.0,0.0,3.0,5.0,8.0,2.0,1.0,0.0,13.0,3.0,7.0,16.0,40.0,31.0,23.0,19.0
30,1.0,30.0,London_11,3years_LHD,1Lon_11,151,453,1092.0,70.0,2.0,144054.0,3.9794390574097633,771.0,52.0,0.0,52.0,86.0,0.0,86.0,232.0,232.0,89.0,17.0,68.0,3.0,28.0,8.0,8.0,5.0,76.0,151.0,221.0,25.0,0.5348837209302325,0.0,0.0,0.0,0.0,0.0,0.0,0.0,0.0,0.0,0.0,0.0,0.0,0.0,0.0,0.0,0.0,0.0,0.0,0.0,0.0,0.0,0.0,0.0,0.0,0.0,0.0,0.0,0.0,0.0,0.0,0.0,0.0,0.0,0.0,0.0,0.0,0.0,0.0,0.0,0.0,1.0,8.0,1.0,1.0,0.0,0.0,6.0,4.0,4.0,5.0,12.0,14.0,10.0,4.0,0.0,0.0,0.0,0.0,0.0,0.0,0.0,0.0,0.0,0.0,0.0,0.0,0.0,0.0,0.0,0.0,0.0,0.0,0.0,0.0,1.0,8.0,1.0,1.0,0.0,0.0,6.0,5.0,5.0,9.0,18.0,23.0,12.0,6.0
31,1.0,31.0,London_11,3years_LHD,1Lon_11,151,453,1092.0,70.0,2.0,160815.0,4.186138989403844,808.0,38.0,1.0,37.0,76.0,10.0,66.0,86.0,244.0,82.0,12.0,66.0,6.0,34.0,6.0,3.0,5.0,81.0,150.0,217.0,26.0,1.3026315789473684,0.0,0.0,0.0,0.0,0.0,0.0,0.0,0.0,0.0,0.0,0.0,0.0,0.0,0.0,0.0,0.0,0.0,0.0,0.0,0.0,0.0,0.0,0.0,0.0,0.0,0.0,0.0,0.0,0.0,1.0,0.0,0.0,1.0,0.0,0.0,0.0,0.0,0.0,0.0,0.0,4.0,2.0,1.0,1.0,0.0,0.0,2.0,4.0,1.0,5.0,6.0,12.0,6.0,2.0,0.0,0.0,0.0,0.0,0.0,0.0,0.0,0.0,0.0,9.0,0.0,0.0,5.0,0.0,0.0,0.0,0.0,0.0,0.0,0.0,5.0,4.0,1.0,1.0,0.0,0.0,4.0,6.0,1.0,7.0,8.0,15.0,6.0,3.0
32,1.0,32.0,London_11,3years_LHD,1Lon_11,151,453,1092.0,70.0,2.0,190713.0,2.1709630070254207,874.0,53.0,0.0,53.0,92.0,0.0,92.0,76.0,252.0,82.0,19.0,70.0,3.0,23.0,2.0,2.0,5.0,72.0,157.0,219.0,24.0,2.380434782608696,0.0,0.0,0.0,0.0,0.0,0.0,0.0,0.0,0.0,0.0,0.0,0.0,0.0,0.0,0.0,0.0,0.0,0.0,0.0,0.0,0.0,0.0,0.0,0.0,0.0,0.0,0.0,0.0,0.0,0.0,0.0,0.0,0.0,0.0,0.0,0.0,0.0,0.0,0.0,0.0,0.0,6.0,2.0,0.0,3.0,0.0,5.0,5.0,5.0,5.0,9.0,13.0,6.0,4.0,0.0,0.0,0.0,0.0,0.0,0.0,0.0,0.0,0.0,0.0,0.0,0.0,0.0,0.0,0.0,0.0,0.0,0.0,0.0,0.0,0.0,7.0,2.0,0.0,3.0,0.0,8.0,7.0,6.0,7.0,14.0,21.0,8.0,8.0
33,1.0,33.0,London_11,3years_LHD,1Lon_11,151,453,1092.0,70.0,2.0,210645.0,3.369108566083014,918.0,171.0,2.0,169.0,319.0,17.0,302.0,92.0,251.0,83.0,17.0,64.0,7.0,30.0,0.0,1.0,5.0,75.0,173.0,200.0,28.0,4.683385579937304,0.0,0.0,0.0,0.0,0.0,0.0,0.0,0.0,0.0,0.0,0.0,0.0,0.0,0.0,0.0,0.0,0.0,0.0,0.0,0.0,0.0,0.0,0.0,0.0,0.0,0.0,0.0,0.0,0.0,2.0,0.0,0.0,1.0,0.0,2.0,1.0,1.0,0.0,0.0,0.0,1.0,7.0,0.0,2.0,0.0,0.0,6.0,8.0,2.0,3.0,30.0,48.0,10.0,11.0,0.0,0.0,0.0,0.0,0.0,0.0,0.0,0.0,0.0,8.0,0.0,0.0,7.0,0.0,11.0,5.0,9.0,0.0,0.0,0.0,1.0,8.0,0.0,2.0,0.0,0.0,7.0,10.0,2.0,3.0,40.0,77.0,13.0,17.0
34,1.0,34.0,London_11,3years_LHD,1Lon_11,151,453,1092.0,70.0,2.0,178935.0,3.6885880045592785,848.0,116.0,2.0,114.0,214.0,17.0,197.0,319.0,177.0,116.0,23.0,98.0,4.0,29.0,2.0,4.0,5.0,70.0,166.0,212.0,39.0,0.3878504672897196,0.0,0.0,0.0,0.0,0.0,0.0,0.0,0.0,0.0,0.0,0.0,0.0,0.0,0.0,0.0,0.0,0.0,0.0,0.0,0.0,0.0,0.0,0.0,0.0,0.0,0.0,0.0,0.0,0.0,2.0,0.0,0.0,0.0,0.0,0.0,1.0,0.0,0.0,0.0,0.0,7.0,6.0,4.0,1.0,3.0,2.0,14.0,6.0,17.0,11.0,22.0,27.0,23.0,6.0,0.0,0.0,0.0,0.0,0.0,0.0,0.0,0.0,0.0,10.0,0.0,0.0,0.0,0.0,0.0,4.0,0.0,0.0,0.0,0.0,8.0,11.0,4.0,4.0,3.0,4.0,21.0,7.0,23.0,13.0,31.0,39.0,28.0,10.0
35,1.0,35.0,London_11,3years_LHD,1Lon_11,151,453,1092.0,70.0,2.0,162627.0,4.377327743917704,812.0,150.0,0.0,150.0,260.0,0.0,260.0,214.0,195.0,117.0,28.0,85.0,7.0,16.0,2.0,3.0,9.0,72.0,174.0,198.0,43.0,0.85,0.0,0.0,0.0,0.0,0.0,0.0,0.0,0.0,0.0,0.0,0.0,0.0,0.0,0.0,0.0,0.0,0.0,0.0,0.0,0.0,0.0,0.0,0.0,0.0,0.0,0.0,0.0,0.0,0.0,0.0,0.0,0.0,0.0,0.0,0.0,0.0,0.0,0.0,0.0,0.0,5.0,4.0,1.0,7.0,1.0,0.0,10.0,9.0,5.0,8.0,22.0,39.0,20.0,11.0,0.0,0.0,0.0,0.0,0.0,0.0,0.0,0.0,0.0,0.0,0.0,0.0,0.0,0.0,0.0,0.0,0.0,0.0,0.0,0.0,6.0,5.0,1.0,12.0,1.0,0.0,16.0,9.0,6.0,11.0,33.0,57.0,22.0,18.0
36,1.0,36.0,London_11,3years_LHD,1Lon_11,151,453,1092.0,70.0,2.0,123669.0,4.24648445378989,726.0,54.0,0.0,54.0,86.0,0.0,86.0,260.0,210.0,116.0,15.0,82.0,6.0,18.0,1.0,5.0,9.0,68.0,172.0,204.0,33.0,0.8953488372093024,0.0,0.0,0.0,0.0,0.0,0.0,0.0,0.0,0.0,0.0,0.0,0.0,0.0,0.0,0.0,0.0,0.0,0.0,0.0,0.0,0.0,0.0,0.0,0.0,0.0,0.0,0.0,0.0,0.0,0.0,0.0,0.0,0.0,0.0,0.0,0.0,0.0,0.0,0.0,0.0,3.0,0.0,0.0,1.0,0.0,0.0,2.0,3.0,3.0,11.0,5.0,9.0,9.0,4.0,0.0,0.0,0.0,0.0,0.0,0.0,0.0,0.0,0.0,0.0,0.0,0.0,0.0,0.0,0.0,0.0,0.0,0.0,0.0,0.0,4.0,0.0,0.0,1.0,0.0,0.0,2.0,3.0,4.0,13.0,7.0,14.0,9.0,6.0
37,1.0,37.0,London_11,3years_LHD,1Lon_11,151,453,1092.0,70.0,2.0,130011.0,4.522853536531329,740.0,62.0,2.0,60.0,117.0,18.0,99.0,86.0,211.0,135.0,12.0,83.0,3.0,8.0,0.0,1.0,7.0,73.0,160.0,213.0,37.0,1.3333333333333333,0.0,0.0,0.0,0.0,0.0,0.0,0.0,0.0,0.0,0.0,0.0,0.0,0.0,0.0,0.0,0.0,0.0,0.0,0.0,0.0,0.0,0.0,0.0,0.0,0.0,0.0,0.0,0.0,0.0,2.0,0.0,0.0,2.0,0.0,1.0,2.0,0.0,0.0,0.0,0.0,5.0,4.0,0.0,0.0,0.0,0.0,4.0,3.0,2.0,10.0,13.0,9.0,10.0,6.0,0.0,0.0,0.0,0.0,0.0,0.0,0.0,0.0,0.0,7.0,0.0,0.0,15.0,0.0,6.0,12.0,0.0,0.0,0.0,0.0,6.0,6.0,0.0,0.0,0.0,0.0,6.0,3.0,2.0,12.0,21.0,15.0,11.0,10.0
38,1.0,38.0,London_11,3years_LHD,1Lon_11,151,453,1092.0,70.0,2.0,132729.0,4.7963848216459155,746.0,139.0,2.0,137.0,252.0,17.0,235.0,117.0,216.0,140.0,13.0,69.0,2.0,11.0,0.0,2.0,5.0,77.0,158.0,213.0,37.0,1.992063492063492,0.0,0.0,0.0,0.0,0.0,0.0,0.0,0.0,0.0,0.0,0.0,0.0,0.0,0.0,0.0,0.0,0.0,0.0,0.0,0.0,0.0,0.0,0.0,0.0,0.0,0.0,0.0,0.0,0.0,1.0,0.0,0.0,1.0,0.0,1.0,1.0,0.0,0.0,0.0,0.0,1.0,3.0,1.0,2.0,0.0,1.0,8.0,9.0,5.0,18.0,28.0,38.0,22.0,9.0,0.0,0.0,0.0,0.0,0.0,0.0,0.0,0.0,0.0,3.0,0.0,0.0,8.0,0.0,8.0,5.0,0.0,0.0,0.0,0.0,1.0,3.0,1.0,2.0,0.0,2.0,14.0,10.0,6.0,25.0,37.0,57.0,30.0,15.0
39,1.0,39.0,London_11,3years_LHD,1Lon_11,151,453,1092.0,70.0,2.0,88335.0,2.6717844838276505,648.0,7.0,0.0,7.0,12.0,0.0,12.0,252.0,217.0,107.0,20.0,74.0,6.0,24.0,0.0,5.0,5.0,77.0,177.0,194.0,31.0,3.0,0.0,0.0,0.0,0.0,0.0,0.0,0.0,0.0,0.0,0.0,0.0,0.0,0.0,0.0,0.0,0.0,0.0,0.0,0.0,0.0,0.0,0.0,0.0,0.0,0.0,0.0,0.0,0.0,0.0,0.0,0.0,0.0,0.0,0.0,0.0,0.0,0.0,0.0,0.0,0.0,0.0,0.0,0.0,0.0,0.0,0.0,1.0,0.0,2.0,1.0,2.0,3.0,2.0,1.0,0.0,0.0,0.0,0.0,0.0,0.0,0.0,0.0,0.0,0.0,0.0,0.0,0.0,0.0,0.0,0.0,0.0,0.0,0.0,0.0,0.0,0.0,0.0,0.0,0.0,0.0,1.0,0.0,4.0,2.0,2.0,6.0,2.0,2.0
40,1.0,40.0,London_11,3years_LHD,1Lon_11,151,453,1092.0,70.0,2.0,126840.0,4.211694202385843,733.0,63.0,1.0,62.0,124.0,8.0,116.0,12.0,216.0,109.0,20.0,75.0,6.0,24.0,0.0,3.0,4.0,76.0,176.0,197.0,33.0,1.9274193548387097,0.0,0.0,0.0,0.0,0.0,0.0,0.0,0.0,0.0,0.0,0.0,0.0,0.0,0.0,0.0,0.0,0.0,0.0,0.0,0.0,0.0,0.0,0.0,0.0,0.0,0.0,0.0,0.0,0.0,1.0,0.0,0.0,0.0,0.0,0.0,1.0,0.0,0.0,0.0,0.0,4.0,3.0,0.0,3.0,1.0,0.0,4.0,2.0,5.0,2.0,15.0,16.0,14.0,10.0,0.0,0.0,0.0,0.0,0.0,0.0,0.0,0.0,0.0,3.0,0.0,0.0,0.0,0.0,0.0,7.0,0.0,0.0,0.0,0.0,6.0,4.0,0.0,5.0,1.0,0.0,5.0,2.0,12.0,2.0,20.0,28.0,16.0,15.0
41,1.0,41.0,London_11,3years_LHD,1Lon_11,151,453,1092.0,70.0,2.0,139524.0,1.9684362495318055,761.0,116.0,2.0,114.0,209.0,18.0,191.0,124.0,224.0,130.0,21.0,55.0,7.0,13.0,0.0,3.0,4.0,75.0,188.0,186.0,29.0,1.8803827751196172,0.0,0.0,0.0,0.0,0.0,0.0,0.0,0.0,0.0,0.0,0.0,0.0,0.0,0.0,0.0,0.0,0.0,0.0,0.0,0.0,0.0,0.0,0.0,0.0,0.0,0.0,0.0,0.0,0.0,2.0,0.0,0.0,1.0,0.0,1.0,1.0,0.0,0.0,0.0,0.0,8.0,4.0,2.0,2.0,1.0,0.0,6.0,8.0,3.0,12.0,20.0,31.0,22.0,7.0,0.0,0.0,0.0,0.0,0.0,0.0,0.0,0.0,0.0,8.0,0.0,0.0,5.0,0.0,3.0,7.0,0.0,0.0,0.0,0.0,10.0,5.0,3.0,2.0,1.0,0.0,7.0,9.0,3.0,16.0,29.0,40.0,26.0,10.0
42,1.0,42.0,London_11,3years_LHD,1Lon_11,151,453,1092.0,70.0,2.0,126387.0,3.1025743847712874,732.0,23.0,0.0,23.0,41.0,0.0,41.0,209.0,234.0,104.0,19.0,64.0,7.0,20.0,0.0,5.0,3.0,75.0,165.0,210.0,26.0,0.4878048780487805,0.0,0.0,0.0,0.0,0.0,0.0,0.0,0.0,0.0,0.0,0.0,0.0,0.0,0.0,0.0,0.0,0.0,0.0,0.0,0.0,0.0,0.0,0.0,0.0,0.0,0.0,0.0,0.0,0.0,0.0,0.0,0.0,0.0,0.0,0.0,0.0,0.0,0.0,0.0,0.0,2.0,2.0,1.0,0.0,1.0,0.0,4.0,3.0,1.0,6.0,4.0,4.0,7.0,3.0,0.0,0.0,0.0,0.0,0.0,0.0,0.0,0.0,0.0,0.0,0.0,0.0,0.0,0.0,0.0,0.0,0.0,0.0,0.0,0.0,3.0,2.0,1.0,0.0,1.0,0.0,6.0,4.0,1.0,8.0,5.0,7.0,9.0,3.0
43,1.0,43.0,London_11,3years_LHD,1Lon_11,151,453,1092.0,70.0,2.0,159003.0,4.921971230767667,804.0,117.0,1.0,116.0,227.0,10.0,217.0,41.0,238.0,112.0,21.0,55.0,7.0,15.0,0.0,5.0,3.0,75.0,165.0,210.0,29.0,2.052863436123348,0.0,0.0,0.0,0.0,0.0,0.0,0.0,0.0,0.0,0.0,0.0,0.0,0.0,0.0,0.0,0.0,0.0,0.0,0.0,0.0,0.0,0.0,0.0,0.0,0.0,0.0,0.0,0.0,0.0,1.0,0.0,0.0,0.0,0.0,0.0,1.0,0.0,0.0,0.0,0.0,1.0,0.0,3.0,0.0,5.0,1.0,5.0,13.0,4.0,10.0,29.0,31.0,21.0,11.0,0.0,0.0,0.0,0.0,0.0,0.0,0.0,0.0,0.0,4.0,0.0,0.0,0.0,0.0,0.0,5.0,0.0,0.0,0.0,0.0,1.0,0.0,3.0,0.0,5.0,2.0,9.0,15.0,9.0,12.0,57.0,46.0,33.0,17.0
44,1.0,44.0,London_11,3years_LHD,1Lon_11,151,453,1092.0,70.0,2.0,148584.0,2.797664286568761,781.0,49.0,1.0,48.0,94.0,9.0,85.0,227.0,245.0,81.0,15.0,75.0,5.0,22.0,2.0,8.0,6.0,79.0,163.0,205.0,30.0,0.3829787234042553,0.0,0.0,0.0,0.0,0.0,0.0,0.0,0.0,0.0,0.0,0.0,0.0,0.0,0.0,0.0,0.0,0.0,0.0,0.0,0.0,0.0,0.0,0.0,0.0,0.0,0.0,0.0,0.0,0.0,0.0,0.0,0.0,1.0,1.0,0.0,0.0,0.0,0.0,0.0,0.0,3.0,2.0,0.0,0.0,4.0,1.0,2.0,6.0,6.0,5.0,9.0,8.0,18.0,3.0,0.0,0.0,0.0,0.0,0.0,0.0,0.0,0.0,0.0,0.0,0.0,0.0,7.0,8.0,0.0,0.0,0.0,0.0,0.0,0.0,5.0,2.0,0.0,0.0,4.0,1.0,4.0,9.0,7.0,6.0,11.0,13.0,24.0,4.0
45,1.0,45.0,London_11,3years_LHD,1Lon_11,151,453,1092.0,70.0,2.0,171234.0,1.9880196675658226,831.0,44.0,1.0,43.0,75.0,9.0,66.0,94.0,252.0,89.0,8.0,70.0,6.0,22.0,2.0,4.0,9.0,84.0,161.0,199.0,36.0,2.2266666666666666,0.0,0.0,0.0,0.0,0.0,0.0,0.0,0.0,0.0,0.0,0.0,0.0,0.0,0.0,0.0,0.0,0.0,0.0,0.0,0.0,0.0,0.0,0.0,0.0,0.0,0.0,0.0,0.0,0.0,1.0,0.0,0.0,1.0,1.0,0.0,1.0,0.0,0.0,0.0,0.0,2.0,1.0,3.0,0.0,0.0,0.0,5.0,3.0,7.0,2.0,8.0,8.0,7.0,2.0,0.0,0.0,0.0,0.0,0.0,0.0,0.0,0.0,0.0,7.0,0.0,0.0,8.0,8.0,0.0,7.0,0.0,0.0,0.0,0.0,3.0,1.0,4.0,0.0,0.0,0.0,5.0,5.0,10.0,2.0,15.0,12.0,8.0,3.0
46,1.0,46.0,London_11,3years_LHD,1Lon_11,151,453,1092.0,70.0,2.0,201132.0,5.011466885916889,897.0,57.0,0.0,57.0,92.0,0.0,92.0,75.0,254.0,95.0,6.0,63.0,7.0,22.0,2.0,4.0,8.0,92.0,154.0,199.0,38.0,2.2282608695652173,0.0,0.0,0.0,0.0,0.0,0.0,0.0,0.0,0.0,0.0,0.0,0.0,0.0,0.0,0.0,0.0,0.0,0.0,0.0,0.0,0.0,0.0,0.0,0.0,0.0,0.0,0.0,0.0,0.0,0.0,0.0,0.0,0.0,0.0,0.0,0.0,0.0,0.0,0.0,0.0,2.0,1.0,3.0,0.0,1.0,0.0,10.0,4.0,10.0,4.0,12.0,13.0,18.0,1.0,0.0,0.0,0.0,0.0,0.0,0.0,0.0,0.0,0.0,0.0,0.0,0.0,0.0,0.0,0.0,0.0,0.0,0.0,0.0,0.0,2.0,1.0,3.0,0.0,1.0,0.0,14.0,5.0,12.0,6.0,16.0,19.0,21.0,1.0
47,1.0,47.0,London_11,3years_LHD,1Lon_11,151,453,1092.0,70.0,2.0,223329.0,4.327720569446683,946.0,187.0,2.0,185.0,319.0,17.0,302.0,92.0,256.0,93.0,9.0,59.0,8.0,21.0,2.0,5.0,9.0,89.0,163.0,192.0,45.0,4.9655172413793105,0.0,0.0,0.0,0.0,0.0,0.0,0.0,0.0,0.0,0.0,0.0,0.0,0.0,0.0,0.0,0.0,0.0,0.0,0.0,0.0,0.0,0.0,0.0,0.0,0.0,0.0,0.0,0.0,0.0,1.0,0.0,0.0,1.0,0.0,1.0,2.0,0.0,0.0,0.0,0.0,1.0,15.0,0.0,3.0,0.0,0.0,1.0,4.0,3.0,14.0,35.0,45.0,16.0,15.0,0.0,0.0,0.0,0.0,0.0,0.0,0.0,0.0,0.0,7.0,0.0,0.0,7.0,0.0,7.0,10.0,0.0,0.0,0.0,0.0,1.0,19.0,0.0,5.0,0.0,0.0,1.0,4.0,6.0,15.0,48.0,59.0,16.0,26.0
48,1.0,48.0,London_11,3years_LHD,1Lon_11,151,453,1092.0,70.0,2.0,177123.0,3.911542092449963,844.0,116.0,2.0,114.0,212.0,16.0,196.0,319.0,172.0,131.0,22.0,95.0,7.0,19.0,2.0,5.0,9.0,91.0,159.0,194.0,38.0,0.5849056603773585,0.0,0.0,0.0,0.0,0.0,0.0,0.0,0.0,0.0,0.0,0.0,0.0,0.0,0.0,0.0,0.0,0.0,0.0,0.0,0.0,0.0,0.0,0.0,0.0,0.0,0.0,0.0,0.0,0.0,2.0,0.0,0.0,2.0,0.0,0.0,1.0,1.0,0.0,0.0,0.0,0.0,13.0,0.0,4.0,11.0,0.0,11.0,2.0,18.0,15.0,26.0,23.0,19.0,11.0,0.0,0.0,0.0,0.0,0.0,0.0,0.0,0.0,0.0,5.0,0.0,0.0,9.0,0.0,0.0,2.0,6.0,0.0,0.0,0.0,0.0,20.0,0.0,5.0,13.0,0.0,18.0,2.0,30.0,23.0,38.0,36.0,24.0,17.0
49,1.0,49.0,London_11,3years_LHD,1Lon_11,151,453,1092.0,70.0,2.0,160815.0,5.3407498355954885,808.0,156.0,0.0,156.0,259.0,0.0,259.0,212.0,186.0,134.0,33.0,74.0,5.0,13.0,2.0,6.0,10.0,104.0,149.0,190.0,40.0,1.0347490347490347,0.0,0.0,0.0,0.0,0.0,0.0,0.0,0.0,0.0,0.0,0.0,0.0,0.0,0.0,0.0,0.0,0.0,0.0,0.0,0.0,0.0,0.0,0.0,0.0,0.0,0.0,0.0,0.0,0.0,0.0,0.0,0.0,0.0,0.0,0.0,0.0,0.0,0.0,0.0,0.0,3.0,8.0,1.0,3.0,3.0,0.0,10.0,8.0,10.0,10.0,33.0,32.0,18.0,17.0,0.0,0.0,0.0,0.0,0.0,0.0,0.0,0.0,0.0,0.0,0.0,0.0,0.0,0.0,0.0,0.0,0.0,0.0,0.0,0.0,4.0,16.0,2.0,4.0,3.0,0.0,14.0,10.0,15.0,15.0,42.0,48.0,23.0,26.0
50,1.0,50.0,London_11,3years_LHD,1Lon_11,151,453,1092.0,70.0,2.0,124575.0,2.2751000626012683,728.0,46.0,0.0,46.0,85.0,0.0,85.0,259.0,204.0,103.0,32.0,84.0,4.0,23.0,1.0,2.0,9.0,77.0,155.0,212.0,31.0,0.8823529411764706,0.0,0.0,0.0,0.0,0.0,0.0,0.0,0.0,0.0,0.0,0.0,0.0,0.0,0.0,0.0,0.0,0.0,0.0,0.0,0.0,0.0,0.0,0.0,0.0,0.0,0.0,0.0,0.0,0.0,0.0,0.0,0.0,0.0,0.0,0.0,0.0,0.0,0.0,0.0,0.0,1.0,1.0,0.0,2.0,1.0,0.0,2.0,1.0,5.0,1.0,6.0,18.0,4.0,5.0,0.0,0.0,0.0,0.0,0.0,0.0,0.0,0.0,0.0,0.0,0.0,0.0,0.0,0.0,0.0,0.0,0.0,0.0,0.0,0.0,1.0,3.0,0.0,4.0,1.0,0.0,2.0,1.0,5.0,1.0,7.0,28.0,4.0,10.0
51,1.0,51.0,London_11,3years_LHD,1Lon_11,151,453,1092.0,70.0,2.0,136353.0,4.441395349800587,754.0,58.0,3.0,55.0,124.0,24.0,100.0,85.0,209.0,114.0,23.0,68.0,7.0,27.0,2.0,3.0,12.0,79.0,153.0,209.0,39.0,2.1774193548387095,0.0,0.0,0.0,0.0,0.0,0.0,0.0,0.0,0.0,0.0,0.0,0.0,0.0,0.0,0.0,0.0,0.0,0.0,0.0,0.0,0.0,0.0,0.0,0.0,0.0,0.0,0.0,0.0,0.0,2.0,1.0,0.0,2.0,1.0,0.0,1.0,0.0,0.0,0.0,0.0,2.0,2.0,4.0,0.0,0.0,0.0,9.0,3.0,1.0,3.0,15.0,11.0,14.0,6.0,0.0,0.0,0.0,0.0,0.0,0.0,0.0,0.0,0.0,5.0,7.0,0.0,9.0,5.0,0.0,5.0,0.0,0.0,0.0,0.0,3.0,3.0,5.0,0.0,0.0,0.0,15.0,3.0,2.0,4.0,23.0,17.0,21.0,12.0
52,1.0,52.0,London_11,3years_LHD,1Lon_11,151,453,1092.0,70.0,2.0,142695.0,2.8901085816323757,768.0,138.0,3.0,135.0,260.0,25.0,235.0,124.0,210.0,113.0,23.0,74.0,7.0,20.0,2.0,4.0,13.0,77.0,159.0,204.0,44.0,1.7923076923076924,0.0,0.0,0.0,0.0,0.0,0.0,0.0,0.0,0.0,0.0,0.0,0.0,0.0,0.0,0.0,0.0,0.0,0.0,0.0,0.0,0.0,0.0,0.0,0.0,0.0,0.0,0.0,0.0,0.0,1.0,0.0,0.0,1.0,1.0,0.0,2.0,0.0,0.0,0.0,0.0,8.0,4.0,1.0,0.0,2.0,0.0,5.0,13.0,6.0,12.0,25.0,26.0,21.0,12.0,0.0,0.0,0.0,0.0,0.0,0.0,0.0,0.0,0.0,4.0,0.0,0.0,2.0,7.0,0.0,3.0,0.0,0.0,0.0,0.0,9.0,4.0,1.0,0.0,2.0,0.0,6.0,22.0,7.0,14.0,38.0,41.0,27.0,15.0
53,1.0,53.0,London_11,3years_LHD,1Lon_11,151,453,1092.0,70.0,2.0,110985.0,2.815450122579932,698.0,8.0,0.0,8.0,13.0,0.0,13.0,260.0,230.0,87.0,21.0,69.0,6.0,36.0,2.0,2.0,5.0,74.0,163.0,211.0,29.0,0.23076923076923078,0.0,0.0,0.0,0.0,0.0,0.0,0.0,0.0,0.0,0.0,0.0,0.0,0.0,0.0,0.0,0.0,0.0,0.0,0.0,0.0,0.0,0.0,0.0,0.0,0.0,0.0,0.0,0.0,0.0,0.0,0.0,0.0,0.0,0.0,0.0,0.0,0.0,0.0,0.0,0.0,1.0,0.0,0.0,0.0,0.0,0.0,1.0,0.0,2.0,1.0,3.0,0.0,3.0,1.0,0.0,0.0,0.0,0.0,0.0,0.0,0.0,0.0,0.0,0.0,0.0,0.0,0.0,0.0,0.0,0.0,0.0,0.0,0.0,0.0,1.0,0.0,0.0,0.0,0.0,0.0,1.0,0.0,2.0,1.0,3.0,0.0,4.0,2.0
54,1.0,54.0,London_11,3years_LHD,1Lon_11,151,453,1092.0,70.0,2.0,136806.0,3.6327791456133127,755.0,72.0,0.0,72.0,117.0,0.0,117.0,13.0,233.0,85.0,19.0,69.0,6.0,37.0,2.0,2.0,6.0,72.0,159.0,216.0,30.0,2.128205128205128,0.0,0.0,0.0,0.0,0.0,0.0,0.0,0.0,0.0,0.0,0.0,0.0,0.0,0.0,0.0,0.0,0.0,0.0,0.0,0.0,0.0,0.0,0.0,0.0,0.0,0.0,0.0,0.0,0.0,0.0,0.0,0.0,0.0,0.0,0.0,0.0,0.0,0.0,0.0,0.0,3.0,8.0,0.0,1.0,1.0,0.0,8.0,3.0,5.0,7.0,14.0,21.0,17.0,9.0,0.0,0.0,0.0,0.0,0.0,0.0,0.0,0.0,0.0,0.0,0.0,0.0,0.0,0.0,0.0,0.0,0.0,0.0,0.0,0.0,3.0,12.0,0.0,1.0,1.0,0.0,11.0,4.0,8.0,10.0,21.0,28.0,20.0,16.0
55,1.0,55.0,London_11,3years_LHD,1Lon_11,151,453,1092.0,70.0,2.0,150396.0,8.138883939944208,785.0,114.0,1.0,113.0,200.0,9.0,191.0,117.0,237.0,92.0,14.0,67.0,2.0,39.0,1.0,1.0,8.0,75.0,161.0,209.0,43.0,2.095,0.0,0.0,0.0,0.0,0.0,0.0,0.0,0.0,0.0,0.0,0.0,0.0,0.0,0.0,0.0,0.0,0.0,0.0,0.0,0.0,0.0,0.0,0.0,0.0,0.0,0.0,0.0,0.0,0.0,0.0,1.0,0.0,1.0,0.0,1.0,1.0,0.0,0.0,0.0,0.0,3.0,3.0,0.0,2.0,1.0,0.0,9.0,4.0,7.0,10.0,22.0,28.0,20.0,8.0,0.0,0.0,0.0,0.0,0.0,0.0,0.0,0.0,0.0,0.0,7.0,0.0,6.0,0.0,7.0,5.0,0.0,0.0,0.0,0.0,4.0,5.0,0.0,2.0,1.0,0.0,13.0,4.0,10.0,15.0,33.0,39.0,25.0,11.0
56,1.0,56.0,London_11,3years_LHD,1Lon_11,151,453,1092.0,70.0,2.0,127746.0,3.3133985809981823,735.0,23.0,0.0,23.0,43.0,0.0,43.0,200.0,242.0,95.0,11.0,60.0,9.0,32.0,1.0,3.0,9.0,69.0,162.0,213.0,44.0,1.069767441860465,0.0,0.0,0.0,0.0,0.0,0.0,0.0,0.0,0.0,0.0,0.0,0.0,0.0,0.0,0.0,0.0,0.0,0.0,0.0,0.0,0.0,0.0,0.0,0.0,0.0,0.0,0.0,0.0,0.0,0.0,0.0,0.0,0.0,0.0,0.0,0.0,0.0,0.0,0.0,0.0,1.0,3.0,2.0,0.0,0.0,0.0,3.0,3.0,2.0,2.0,6.0,5.0,3.0,2.0,0.0,0.0,0.0,0.0,0.0,0.0,0.0,0.0,0.0,0.0,0.0,0.0,0.0,0.0,0.0,0.0,0.0,0.0,0.0,0.0,1.0,5.0,3.0,0.0,0.0,0.0,4.0,7.0,5.0,2.0,9.0,8.0,5.0,5.0
57,1.0,57.0,London_11,3years_LHD,1Lon_11,151,453,1092.0,70.0,2.0,163080.0,2.391686695627868,813.0,130.0,2.0,128.0,231.0,17.0,214.0,43.0,246.0,101.0,10.0,59.0,8.0,27.0,0.0,2.0,9.0,68.0,166.0,210.0,49.0,2.329004329004329,0.0,0.0,0.0,0.0,0.0,0.0,0.0,0.0,0.0,0.0,0.0,0.0,0.0,0.0,0.0,0.0,0.0,0.0,0.0,0.0,0.0,0.0,0.0,0.0,0.0,0.0,0.0,0.0,0.0,2.0,0.0,0.0,2.0,0.0,0.0,2.0,0.0,0.0,0.0,0.0,1.0,1.0,1.0,2.0,3.0,0.0,12.0,10.0,5.0,6.0,29.0,31.0,29.0,13.0,0.0,0.0,0.0,0.0,0.0,0.0,0.0,0.0,0.0,8.0,0.0,0.0,9.0,0.0,0.0,10.0,0.0,0.0,0.0,0.0,1.0,1.0,1.0,3.0,3.0,0.0,17.0,13.0,6.0,8.0,45.0,48.0,35.0,19.0
58,1.0,58.0,London_11,3years_LHD,1Lon_11,151,453,1092.0,70.0,2.0,148584.0,2.0081277675926685,781.0,52.0,0.0,52.0,85.0,0.0,85.0,231.0,243.0,89.0,13.0,76.0,7.0,23.0,0.0,2.0,8.0,79.0,147.0,219.0,33.0,0.2823529411764706,0.0,0.0,0.0,0.0,0.0,0.0,0.0,0.0,0.0,0.0,0.0,0.0,0.0,0.0,0.0,0.0,0.0,0.0,0.0,0.0,0.0,0.0,0.0,0.0,0.0,0.0,0.0,0.0,0.0,0.0,0.0,0.0,0.0,0.0,0.0,0.0,0.0,0.0,0.0,0.0,2.0,3.0,2.0,0.0,7.0,0.0,3.0,6.0,3.0,1.0,11.0,16.0,10.0,4.0,0.0,0.0,0.0,0.0,0.0,0.0,0.0,0.0,0.0,0.0,0.0,0.0,0.0,0.0,0.0,0.0,0.0,0.0,0.0,0.0,2.0,3.0,2.0,0.0,8.0,0.0,3.0,9.0,5.0,3.0,16.0,24.0,10.0,5.0
59,1.0,59.0,London_11,3years_LHD,1Lon_11,151,453,1092.0,70.0,2.0,159456.0,6.17285222094506,805.0,38.0,0.0,38.0,65.0,0.0,65.0,85.0,255.0,96.0,12.0,61.0,11.0,16.0,0.0,2.0,7.0,86.0,156.0,204.0,37.0,1.123076923076923,0.0,0.0,0.0,0.0,0.0,0.0,0.0,0.0,0.0,0.0,0.0,0.0,0.0,0.0,0.0,0.0,0.0,0.0,0.0,0.0,0.0,0.0,0.0,0.0,0.0,0.0,0.0,0.0,0.0,0.0,0.0,0.0,0.0,0.0,0.0,0.0,0.0,0.0,0.0,0.0,2.0,2.0,4.0,1.0,3.0,0.0,3.0,2.0,4.0,0.0,3.0,11.0,7.0,4.0,0.0,0.0,0.0,0.0,0.0,0.0,0.0,0.0,0.0,0.0,0.0,0.0,0.0,0.0,0.0,0.0,0.0,0.0,0.0,0.0,2.0,2.0,6.0,1.0,3.0,0.0,3.0,3.0,6.0,0.0,5.0,17.0,9.0,7.0
60,1.0,60.0,London_11,3years_LHD,1Lon_11,151,453,1092.0,70.0,2.0,187995.0,2.4883509958162904,868.0,56.0,0.0,56.0,93.0,0.0,93.0,65.0,261.0,102.0,20.0,48.0,10.0,9.0,1.0,2.0,8.0,82.0,157.0,206.0,33.0,2.3763440860215055,0.0,0.0,0.0,0.0,0.0,0.0,0.0,0.0,0.0,0.0,0.0,0.0,0.0,0.0,0.0,0.0,0.0,0.0,0.0,0.0,0.0,0.0,0.0,0.0,0.0,0.0,0.0,0.0,0.0,0.0,0.0,0.0,0.0,0.0,0.0,0.0,0.0,0.0,0.0,0.0,2.0,2.0,4.0,0.0,0.0,1.0,3.0,4.0,5.0,3.0,9.0,11.0,11.0,8.0,0.0,0.0,0.0,0.0,0.0,0.0,0.0,0.0,0.0,0.0,0.0,0.0,0.0,0.0,0.0,0.0,0.0,0.0,0.0,0.0,3.0,3.0,4.0,0.0,0.0,2.0,3.0,6.0,5.0,3.0,12.0,16.0,14.0,12.0
61,1.0,61.0,London_11,3years_LHD,1Lon_11,151,453,1092.0,70.0,2.0,209286.0,5.63018836081028,915.0,177.0,2.0,175.0,321.0,18.0,303.0,93.0,265.0,112.0,14.0,45.0,8.0,7.0,1.0,1.0,9.0,85.0,149.0,210.0,43.0,4.8193146417445485,0.0,0.0,0.0,0.0,0.0,0.0,0.0,0.0,0.0,0.0,0.0,0.0,0.0,0.0,0.0,0.0,0.0,0.0,0.0,0.0,0.0,0.0,0.0,0.0,0.0,0.0,0.0,0.0,0.0,2.0,0.0,0.0,0.0,0.0,1.0,2.0,0.0,0.0,0.0,0.0,1.0,3.0,0.0,3.0,4.0,0.0,7.0,11.0,1.0,3.0,43.0,51.0,14.0,14.0,0.0,0.0,0.0,0.0,0.0,0.0,0.0,0.0,0.0,6.0,0.0,0.0,0.0,0.0,5.0,5.0,0.0,0.0,0.0,0.0,1.0,4.0,0.0,3.0,4.0,0.0,10.0,13.0,1.0,3.0,62.0,80.0,18.0,21.0
62,1.0,62.0,London_11,3years_LHD,1Lon_11,151,453,1092.0,70.0,2.0,172593.0,3.660807942971587,834.0,112.0,2.0,110.0,216.0,20.0,196.0,321.0,180.0,117.0,23.0,97.0,3.0,25.0,1.0,7.0,10.0,74.0,157.0,212.0,42.0,0.9398148148148148,0.0,0.0,0.0,0.0,0.0,0.0,0.0,0.0,0.0,0.0,0.0,0.0,0.0,0.0,0.0,0.0,0.0,0.0,0.0,0.0,0.0,0.0,0.0,0.0,0.0,0.0,0.0,0.0,0.0,1.0,1.0,0.0,2.0,0.0,1.0,2.0,0.0,0.0,0.0,0.0,10.0,6.0,10.0,3.0,3.0,1.0,22.0,9.0,9.0,6.0,21.0,27.0,11.0,9.0,0.0,0.0,0.0,0.0,0.0,0.0,0.0,0.0,0.0,4.0,7.0,0.0,12.0,0.0,10.0,6.0,0.0,0.0,0.0,0.0,11.0,8.0,11.0,4.0,3.0,1.0,27.0,10.0,16.0,11.0,34.0,38.0,15.0,12.0
63,1.0,63.0,London_11,3years_LHD,1Lon_11,151,453,1092.0,70.0,2.0,167157.0,4.143865033984184,822.0,159.0,0.0,159.0,259.0,0.0,259.0,216.0,177.0,115.0,34.0,84.0,6.0,30.0,2.0,5.0,13.0,80.0,167.0,193.0,42.0,0.9111969111969112,0.0,0.0,0.0,0.0,0.0,0.0,0.0,0.0,0.0,0.0,0.0,0.0,0.0,0.0,0.0,0.0,0.0,0.0,0.0,0.0,0.0,0.0,0.0,0.0,0.0,0.0,0.0,0.0,0.0,0.0,0.0,0.0,0.0,0.0,0.0,0.0,0.0,0.0,0.0,0.0,7.0,6.0,1.0,7.0,5.0,0.0,14.0,9.0,4.0,9.0,29.0,28.0,25.0,15.0,0.0,0.0,0.0,0.0,0.0,0.0,0.0,0.0,0.0,0.0,0.0,0.0,0.0,0.0,0.0,0.0,0.0,0.0,0.0,0.0,8.0,9.0,2.0,9.0,5.0,0.0,18.0,9.0,4.0,14.0,42.0,38.0,28.0,22.0
64,1.0,64.0,London_11,3years_LHD,1Lon_11,151,453,1092.0,70.0,2.0,126387.0,0.9294425109401345,732.0,51.0,0.0,51.0,85.0,0.0,85.0,259.0,190.0,116.0,37.0,62.0,14.0,27.0,1.0,6.0,12.0,89.0,149.0,203.0,34.0,0.5529411764705883,0.0,0.0,0.0,0.0,0.0,0.0,0.0,0.0,0.0,0.0,0.0,0.0,0.0,0.0,0.0,0.0,0.0,0.0,0.0,0.0,0.0,0.0,0.0,0.0,0.0,0.0,0.0,0.0,0.0,0.0,0.0,0.0,0.0,0.0,0.0,0.0,0.0,0.0,0.0,0.0,1.0,3.0,0.0,1.0,3.0,0.0,9.0,1.0,2.0,8.0,6.0,8.0,11.0,4.0,0.0,0.0,0.0,0.0,0.0,0.0,0.0,0.0,0.0,0.0,0.0,0.0,0.0,0.0,0.0,0.0,0.0,0.0,0.0,0.0,1.0,6.0,0.0,1.0,3.0,0.0,12.0,1.0,2.0,9.0,8.0,11.0,14.0,5.0
65,1.0,65.0,London_11,3years_LHD,1Lon_11,151,453,1092.0,70.0,2.0,137259.0,1.252482413314283,756.0,58.0,3.0,55.0,126.0,25.0,101.0,85.0,192.0,118.0,37.0,54.0,17.0,25.0,1.0,9.0,11.0,92.0,161.0,189.0,37.0,1.1904761904761905,0.0,0.0,0.0,0.0,0.0,0.0,0.0,0.0,0.0,0.0,0.0,0.0,0.0,0.0,0.0,0.0,0.0,0.0,0.0,0.0,0.0,0.0,0.0,0.0,0.0,0.0,0.0,0.0,0.0,3.0,0.0,0.0,2.0,0.0,0.0,2.0,0.0,0.0,0.0,0.0,1.0,3.0,1.0,0.0,6.0,0.0,5.0,2.0,9.0,3.0,10.0,10.0,15.0,1.0,0.0,0.0,0.0,0.0,0.0,0.0,0.0,0.0,0.0,11.0,0.0,0.0,10.0,0.0,0.0,8.0,0.0,0.0,0.0,0.0,1.0,3.0,1.0,0.0,6.0,0.0,6.0,3.0,15.0,4.0,21.0,13.0,25.0,1.0
66,1.0,66.0,London_11,3years_LHD,1Lon_11,151,453,1092.0,70.0,2.0,144960.0,1.5805592508986592,773.0,147.0,2.0,145.0,254.0,18.0,236.0,126.0,203.0,128.0,43.0,39.0,18.0,13.0,1.0,8.0,4.0,91.0,148.0,210.0,22.0,1.610236220472441,0.0,0.0,0.0,0.0,0.0,0.0,0.0,0.0,0.0,0.0,0.0,0.0,0.0,0.0,0.0,0.0,0.0,0.0,0.0,0.0,0.0,0.0,0.0,0.0,0.0,0.0,0.0,0.0,0.0,2.0,0.0,0.0,0.0,0.0,0.0,2.0,0.0,0.0,0.0,0.0,6.0,6.0,1.0,1.0,1.0,0.0,9.0,9.0,5.0,5.0,32.0,23.0,16.0,12.0,0.0,0.0,0.0,0.0,0.0,0.0,0.0,0.0,0.0,13.0,0.0,0.0,0.0,0.0,0.0,7.0,0.0,0.0,0.0,0.0,8.0,9.0,1.0,1.0,1.0,0.0,10.0,14.0,6.0,6.0,44.0,31.0,19.0,17.0
67,1.0,67.0,London_11,3years_LHD,1Lon_11,151,453,1092.0,70.0,2.0,110532.0,2.502453537657857,697.0,6.0,0.0,6.0,12.0,0.0,12.0,254.0,217.0,106.0,16.0,73.0,6.0,24.0,2.0,9.0,5.0,78.0,150.0,220.0,28.0,0.0,0.0,0.0,0.0,0.0,0.0,0.0,0.0,0.0,0.0,0.0,0.0,0.0,0.0,0.0,0.0,0.0,0.0,0.0,0.0,0.0,0.0,0.0,0.0,0.0,0.0,0.0,0.0,0.0,0.0,0.0,0.0,0.0,0.0,0.0,0.0,0.0,0.0,0.0,0.0,0.0,0.0,0.0,0.0,0.0,0.0,0.0,0.0,1.0,0.0,0.0,3.0,2.0,2.0,1.0,0.0,0.0,0.0,0.0,0.0,0.0,0.0,0.0,0.0,0.0,0.0,0.0,0.0,0.0,0.0,0.0,0.0,0.0,0.0,0.0,0.0,0.0,0.0,0.0,0.0,0.0,0.0,2.0,0.0,0.0,6.0,2.0,3.0,1.0
68,1.0,68.0,London_11,3years_LHD,1Lon_11,151,453,1092.0,70.0,2.0,133182.0,3.7524844454601407,747.0,67.0,0.0,67.0,117.0,0.0,117.0,12.0,220.0,107.0,14.0,72.0,6.0,24.0,2.0,8.0,5.0,79.0,148.0,221.0,30.0,1.6324786324786325,0.0,0.0,0.0,0.0,0.0,0.0,0.0,0.0,0.0,0.0,0.0,0.0,0.0,0.0,0.0,0.0,0.0,0.0,0.0,0.0,0.0,0.0,0.0,0.0,0.0,0.0,0.0,0.0,0.0,0.0,0.0,0.0,0.0,0.0,0.0,0.0,0.0,0.0,0.0,0.0,3.0,5.0,5.0,1.0,5.0,0.0,4.0,3.0,6.0,13.0,14.0,12.0,13.0,8.0,0.0,0.0,0.0,0.0,0.0,0.0,0.0,0.0,0.0,0.0,0.0,0.0,0.0,0.0,0.0,0.0,0.0,0.0,0.0,0.0,4.0,8.0,5.0,3.0,5.0,0.0,5.0,4.0,6.0,18.0,17.0,17.0,17.0,14.0
69,1.0,69.0,London_11,3years_LHD,1Lon_11,151,453,1092.0,70.0,2.0,138165.0,4.4330026768147945,758.0,116.0,2.0,114.0,209.0,18.0,191.0,117.0,228.0,121.0,15.0,47.0,7.0,22.0,1.0,12.0,6.0,84.0,160.0,203.0,44.0,2.1818181818181817,0.0,0.0,0.0,0.0,0.0,0.0,0.0,0.0,0.0,0.0,0.0,0.0,0.0,0.0,0.0,0.0,0.0,0.0,0.0,0.0,0.0,0.0,0.0,0.0,0.0,0.0,0.0,0.0,0.0,1.0,1.0,0.0,1.0,0.0,0.0,1.0,0.0,0.0,0.0,0.0,1.0,7.0,0.0,1.0,9.0,1.0,13.0,7.0,1.0,13.0,18.0,31.0,19.0,8.0,0.0,0.0,0.0,0.0,0.0,0.0,0.0,0.0,0.0,5.0,8.0,0.0,8.0,0.0,0.0,7.0,0.0,0.0,0.0,0.0,1.0,12.0,0.0,2.0,10.0,2.0,15.0,11.0,1.0,13.0,29.0,44.0,23.0,16.0
70,1.0,70.0,London_11,3years_LHD,1Lon_11,151,453,1092.0,70.0,2.0,129105.0,3.4033038578927517,738.0,26.0,0.0,26.0,44.0,0.0,44.0,209.0,231.0,75.0,20.0,66.0,13.0,34.0,1.0,13.0,8.0,78.0,166.0,201.0,29.0,1.0227272727272727,0.0,0.0,0.0,0.0,0.0,0.0,0.0,0.0,0.0,0.0,0.0,0.0,0.0,0.0,0.0,0.0,0.0,0.0,0.0,0.0,0.0,0.0,0.0,0.0,0.0,0.0,0.0,0.0,0.0,0.0,0.0,0.0,0.0,0.0,0.0,0.0,0.0,0.0,0.0,0.0,3.0,0.0,1.0,0.0,0.0,0.0,3.0,4.0,5.0,3.0,7.0,4.0,9.0,2.0,0.0,0.0,0.0,0.0,0.0,0.0,0.0,0.0,0.0,0.0,0.0,0.0,0.0,0.0,0.0,0.0,0.0,0.0,0.0,0.0,6.0,0.0,2.0,0.0,0.0,0.0,5.0,5.0,6.0,5.0,8.0,5.0,9.0,4.0
71,1.0,71.0,London_11,3years_LHD,1Lon_11,151,453,1092.0,70.0,2.0,158550.0,2.880387363024056,803.0,125.0,2.0,123.0,232.0,17.0,215.0,44.0,234.0,82.0,18.0,60.0,14.0,30.0,1.0,14.0,8.0,78.0,166.0,201.0,32.0,3.396551724137931,0.0,0.0,0.0,0.0,0.0,0.0,0.0,0.0,0.0,0.0,0.0,0.0,0.0,0.0,0.0,0.0,0.0,0.0,0.0,0.0,0.0,0.0,0.0,0.0,0.0,0.0,0.0,0.0,0.0,0.0,1.0,0.0,1.0,1.0,0.0,1.0,0.0,0.0,0.0,0.0,2.0,0.0,0.0,0.0,4.0,0.0,5.0,3.0,5.0,11.0,23.0,26.0,23.0,10.0,0.0,0.0,0.0,0.0,0.0,0.0,0.0,0.0,0.0,0.0,8.0,0.0,4.0,7.0,0.0,4.0,0.0,0.0,0.0,0.0,3.0,0.0,0.0,0.0,5.0,0.0,5.0,3.0,6.0,12.0,36.0,35.0,29.0,13.0
72,1.0,72.0,London_11,3years_LHD,1Lon_11,151,453,1092.0,70.0,2.0,148131.0,4.073288167826831,780.0,42.0,0.0,42.0,85.0,0.0,85.0,232.0,209.0,91.0,20.0,68.0,18.0,34.0,1.0,12.0,8.0,73.0,155.0,217.0,36.0,0.9647058823529412,0.0,0.0,0.0,0.0,0.0,0.0,0.0,0.0,0.0,0.0,0.0,0.0,0.0,0.0,0.0,0.0,0.0,0.0,0.0,0.0,0.0,0.0,0.0,0.0,0.0,0.0,0.0,0.0,0.0,0.0,0.0,0.0,0.0,0.0,0.0,0.0,0.0,0.0,0.0,0.0,1.0,6.0,5.0,0.0,0.0,0.0,9.0,4.0,14.0,1.0,13.0,8.0,5.0,4.0,0.0,0.0,0.0,0.0,0.0,0.0,0.0,0.0,0.0,0.0,0.0,0.0,0.0,0.0,0.0,0.0,0.0,0.0,0.0,0.0,1.0,10.0,5.0,0.0,0.0,0.0,13.0,6.0,22.0,2.0,22.0,12.0,6.0,7.0
73,1.0,73.0,London_11,3years_LHD,1Lon_11,151,453,1092.0,70.0,2.0,178935.0,4.416184403933585,848.0,39.0,0.0,39.0,66.0,0.0,66.0,85.0,217.0,86.0,26.0,60.0,16.0,41.0,0.0,7.0,10.0,69.0,165.0,209.0,44.0,1.5454545454545454,0.0,0.0,0.0,0.0,0.0,0.0,0.0,0.0,0.0,0.0,0.0,0.0,0.0,0.0,0.0,0.0,0.0,0.0,0.0,0.0,0.0,0.0,0.0,0.0,0.0,0.0,0.0,0.0,0.0,0.0,0.0,0.0,0.0,0.0,0.0,0.0,0.0,0.0,0.0,0.0,1.0,4.0,2.0,0.0,2.0,0.0,6.0,3.0,4.0,3.0,8.0,12.0,6.0,4.0,0.0,0.0,0.0,0.0,0.0,0.0,0.0,0.0,0.0,0.0,0.0,0.0,0.0,0.0,0.0,0.0,0.0,0.0,0.0,0.0,1.0,6.0,2.0,0.0,2.0,0.0,7.0,7.0,6.0,4.0,10.0,17.0,8.0,6.0
74,1.0,74.0,London_11,3years_LHD,1Lon_11,151,453,1092.0,70.0,2.0,207021.0,2.344541070982814,910.0,57.0,0.0,57.0,92.0,0.0,92.0,66.0,230.0,86.0,26.0,50.0,14.0,41.0,1.0,5.0,10.0,68.0,176.0,199.0,44.0,1.673913043478261,0.0,0.0,0.0,0.0,0.0,0.0,0.0,0.0,0.0,0.0,0.0,0.0,0.0,0.0,0.0,0.0,0.0,0.0,0.0,0.0,0.0,0.0,0.0,0.0,0.0,0.0,0.0,0.0,0.0,0.0,0.0,0.0,0.0,0.0,0.0,0.0,0.0,0.0,0.0,0.0,1.0,6.0,0.0,0.0,0.0,0.0,3.0,2.0,0.0,1.0,9.0,11.0,7.0,4.0,0.0,0.0,0.0,0.0,0.0,0.0,0.0,0.0,0.0,0.0,0.0,0.0,0.0,0.0,0.0,0.0,0.0,0.0,0.0,0.0,1.0,9.0,0.0,0.0,0.0,0.0,5.0,3.0,0.0,1.0,14.0,14.0,10.0,6.0
75,1.0,75.0,London_11,3years_LHD,1Lon_11,151,453,1092.0,70.0,2.0,223329.0,4.145766190253198,946.0,184.0,2.0,182.0,322.0,20.0,302.0,92.0,243.0,74.0,30.0,47.0,12.0,42.0,2.0,3.0,6.0,77.0,159.0,211.0,38.0,4.375776397515528,0.0,0.0,0.0,0.0,0.0,0.0,0.0,0.0,0.0,0.0,0.0,0.0,0.0,0.0,0.0,0.0,0.0,0.0,0.0,0.0,0.0,0.0,0.0,0.0,0.0,0.0,0.0,0.0,0.0,1.0,0.0,0.0,1.0,0.0,1.0,2.0,0.0,0.0,0.0,0.0,7.0,26.0,0.0,0.0,3.0,0.0,6.0,12.0,9.0,2.0,22.0,43.0,21.0,10.0,0.0,0.0,0.0,0.0,0.0,0.0,0.0,0.0,0.0,6.0,0.0,0.0,4.0,0.0,6.0,10.0,0.0,0.0,0.0,0.0,11.0,35.0,0.0,0.0,3.0,0.0,6.0,18.0,14.0,6.0,30.0,67.0,26.0,12.0
76,1.0,76.0,London_11,3years_LHD,1Lon_11,151,453,1092.0,70.0,2.0,168516.0,2.035431399010122,825.0,112.0,2.0,110.0,214.0,18.0,196.0,322.0,177.0,125.0,27.0,89.0,5.0,23.0,0.0,7.0,7.0,66.0,169.0,211.0,38.0,0.7663551401869159,0.0,0.0,0.0,0.0,0.0,0.0,0.0,0.0,0.0,0.0,0.0,0.0,0.0,0.0,0.0,0.0,0.0,0.0,0.0,0.0,0.0,0.0,0.0,0.0,0.0,0.0,0.0,0.0,0.0,2.0,0.0,0.0,0.0,0.0,0.0,2.0,0.0,0.0,0.0,0.0,2.0,8.0,3.0,2.0,6.0,0.0,5.0,10.0,16.0,10.0,18.0,33.0,20.0,9.0,0.0,0.0,0.0,0.0,0.0,0.0,0.0,0.0,0.0,10.0,0.0,0.0,0.0,0.0,0.0,3.0,0.0,0.0,0.0,0.0,3.0,9.0,3.0,3.0,6.0,0.0,6.0,13.0,20.0,12.0,29.0,45.0,29.0,14.0
77,1.0,77.0,London_11,3years_LHD,1Lon_11,151,453,1092.0,70.0,2.0,155379.0,6.900913844816387,796.0,150.0,0.0,150.0,259.0,0.0,259.0,214.0,185.0,146.0,28.0,70.0,5.0,15.0,0.0,4.0,10.0,75.0,158.0,210.0,45.0,0.7837837837837838,0.0,0.0,0.0,0.0,0.0,0.0,0.0,0.0,0.0,0.0,0.0,0.0,0.0,0.0,0.0,0.0,0.0,0.0,0.0,0.0,0.0,0.0,0.0,0.0,0.0,0.0,0.0,0.0,0.0,0.0,0.0,0.0,0.0,0.0,0.0,0.0,0.0,0.0,0.0,0.0,3.0,3.0,3.0,2.0,0.0,0.0,11.0,10.0,11.0,16.0,32.0,35.0,27.0,15.0,0.0,0.0,0.0,0.0,0.0,0.0,0.0,0.0,0.0,0.0,0.0,0.0,0.0,0.0,0.0,0.0,0.0,0.0,0.0,0.0,3.0,3.0,4.0,2.0,0.0,0.0,15.0,15.0,12.0,21.0,51.0,50.0,34.0,22.0
78,1.0,78.0,London_11,3years_LHD,1Lon_11,151,453,1092.0,70.0,2.0,120951.0,1.948606207035482,720.0,48.0,0.0,48.0,86.0,0.0,86.0,259.0,200.0,132.0,18.0,74.0,6.0,20.0,0.0,3.0,15.0,73.0,149.0,216.0,53.0,0.872093023255814,0.0,0.0,0.0,0.0,0.0,0.0,0.0,0.0,0.0,0.0,0.0,0.0,0.0,0.0,0.0,0.0,0.0,0.0,0.0,0.0,0.0,0.0,0.0,0.0,0.0,0.0,0.0,0.0,0.0,0.0,0.0,0.0,0.0,0.0,0.0,0.0,0.0,0.0,0.0,0.0,0.0,7.0,0.0,0.0,3.0,0.0,6.0,3.0,3.0,4.0,10.0,14.0,8.0,7.0,0.0,0.0,0.0,0.0,0.0,0.0,0.0,0.0,0.0,0.0,0.0,0.0,0.0,0.0,0.0,0.0,0.0,0.0,0.0,0.0,0.0,10.0,0.0,0.0,3.0,0.0,6.0,4.0,3.0,6.0,16.0,19.0,9.0,14.0
79,1.0,79.0,London_11,3years_LHD,1Lon_11,151,453,1092.0,70.0,2.0,136806.0,3.1794509328901768,755.0,62.0,2.0,60.0,118.0,19.0,99.0,86.0,206.0,138.0,14.0,64.0,5.0,24.0,0.0,2.0,15.0,77.0,165.0,196.0,50.0,1.3305084745762712,0.0,0.0,0.0,0.0,0.0,0.0,0.0,0.0,0.0,0.0,0.0,0.0,0.0,0.0,0.0,0.0,0.0,0.0,0.0,0.0,0.0,0.0,0.0,0.0,0.0,0.0,0.0,0.0,0.0,2.0,0.0,1.0,0.0,0.0,0.0,1.0,0.0,0.0,0.0,0.0,0.0,5.0,0.0,0.0,2.0,0.0,7.0,4.0,2.0,8.0,11.0,21.0,2.0,8.0,0.0,0.0,0.0,0.0,0.0,0.0,0.0,0.0,0.0,5.0,0.0,7.0,0.0,0.0,0.0,3.0,0.0,0.0,0.0,0.0,0.0,7.0,0.0,0.0,2.0,0.0,8.0,5.0,3.0,11.0,16.0,27.0,3.0,12.0
80,1.0,80.0,London_11,3years_LHD,1Lon_11,151,453,1092.0,70.0,2.0,140883.0,4.163278263062239,764.0,138.0,3.0,135.0,260.0,25.0,235.0,118.0,219.0,132.0,22.0,57.0,4.0,18.0,1.0,0.0,10.0,79.0,178.0,186.0,39.0,1.7192307692307693,0.0,0.0,0.0,0.0,0.0,0.0,0.0,0.0,0.0,0.0,0.0,0.0,0.0,0.0,0.0,0.0,0.0,0.0,0.0,0.0,0.0,0.0,0.0,0.0,0.0,0.0,0.0,0.0,0.0,3.0,0.0,0.0,1.0,0.0,3.0,2.0,0.0,0.0,0.0,0.0,8.0,3.0,0.0,2.0,2.0,0.0,13.0,7.0,5.0,13.0,32.0,32.0,18.0,12.0,0.0,0.0,0.0,0.0,0.0,0.0,0.0,0.0,0.0,15.0,0.0,0.0,6.0,0.0,18.0,11.0,0.0,0.0,0.0,0.0,10.0,5.0,0.0,4.0,2.0,0.0,16.0,13.0,6.0,16.0,51.0,46.0,22.0,17.0
81,1.0,81.0,London_11,3years_LHD,1Lon_11,151,453,1092.0,70.0,2.0,102378.0,2.7068579150363803,679.0,7.0,0.0,7.0,13.0,0.0,13.0,260.0,224.0,102.0,19.0,69.0,6.0,28.0,2.0,3.0,9.0,87.0,146.0,211.0,37.0,0.6923076923076923,0.0,0.0,0.0,0.0,0.0,0.0,0.0,0.0,0.0,0.0,0.0,0.0,0.0,0.0,0.0,0.0,0.0,0.0,0.0,0.0,0.0,0.0,0.0,0.0,0.0,0.0,0.0,0.0,0.0,0.0,0.0,0.0,0.0,0.0,0.0,0.0,0.0,0.0,0.0,0.0,2.0,0.0,0.0,1.0,1.0,0.0,1.0,1.0,0.0,2.0,1.0,2.0,2.0,0.0,0.0,0.0,0.0,0.0,0.0,0.0,0.0,0.0,0.0,0.0,0.0,0.0,0.0,0.0,0.0,0.0,0.0,0.0,0.0,0.0,2.0,0.0,0.0,2.0,1.0,0.0,2.0,3.0,0.0,5.0,1.0,3.0,3.0,0.0
82,1.0,82.0,London_11,3years_LHD,1Lon_11,151,453,1092.0,70.0,2.0,130011.0,7.327969023026526,740.0,66.0,0.0,66.0,116.0,0.0,116.0,13.0,225.0,100.0,20.0,68.0,6.0,29.0,2.0,3.0,9.0,86.0,144.0,214.0,38.0,1.7672413793103448,0.0,0.0,0.0,0.0,0.0,0.0,0.0,0.0,0.0,0.0,0.0,0.0,0.0,0.0,0.0,0.0,0.0,0.0,0.0,0.0,0.0,0.0,0.0,0.0,0.0,0.0,0.0,0.0,0.0,0.0,0.0,0.0,0.0,0.0,0.0,0.0,0.0,0.0,0.0,0.0,1.0,6.0,0.0,1.0,4.0,1.0,8.0,6.0,6.0,4.0,12.0,13.0,14.0,3.0,0.0,0.0,0.0,0.0,0.0,0.0,0.0,0.0,0.0,0.0,0.0,0.0,0.0,0.0,0.0,0.0,0.0,0.0,0.0,0.0,1.0,7.0,0.0,1.0,4.0,1.0,9.0,11.0,6.0,4.0,19.0,23.0,23.0,5.0
83,1.0,83.0,London_11,3years_LHD,1Lon_11,151,453,1092.0,70.0,2.0,139524.0,2.2651314586400986,761.0,110.0,2.0,108.0,208.0,17.0,191.0,116.0,225.0,114.0,23.0,46.0,9.0,31.0,3.0,2.0,12.0,90.0,148.0,203.0,42.0,1.8269230769230769,0.0,0.0,0.0,0.0,0.0,0.0,0.0,0.0,0.0,0.0,0.0,0.0,0.0,0.0,0.0,0.0,0.0,0.0,0.0,0.0,0.0,0.0,0.0,0.0,0.0,0.0,0.0,0.0,0.0,2.0,0.0,0.0,1.0,1.0,0.0,2.0,0.0,0.0,0.0,0.0,3.0,12.0,0.0,3.0,5.0,0.0,4.0,6.0,2.0,13.0,22.0,24.0,19.0,9.0,0.0,0.0,0.0,0.0,0.0,0.0,0.0,0.0,0.0,6.0,0.0,0.0,5.0,8.0,0.0,9.0,0.0,0.0,0.0,0.0,3.0,16.0,0.0,3.0,6.0,0.0,6.0,11.0,4.0,19.0,35.0,30.0,28.0,15.0
84,1.0,84.0,London_11,3years_LHD,1Lon_11,151,453,1092.0,70.0,2.0,127293.0,0.8270356645807624,734.0,30.0,0.0,30.0,44.0,0.0,44.0,208.0,237.0,107.0,10.0,66.0,7.0,22.0,1.0,3.0,4.0,88.0,150.0,211.0,31.0,1.4090909090909092,0.0,0.0,0.0,0.0,0.0,0.0,0.0,0.0,0.0,0.0,0.0,0.0,0.0,0.0,0.0,0.0,0.0,0.0,0.0,0.0,0.0,0.0,0.0,0.0,0.0,0.0,0.0,0.0,0.0,0.0,0.0,0.0,0.0,0.0,0.0,0.0,0.0,0.0,0.0,0.0,2.0,1.0,1.0,1.0,0.0,1.0,0.0,2.0,3.0,4.0,3.0,8.0,5.0,2.0,0.0,0.0,0.0,0.0,0.0,0.0,0.0,0.0,0.0,0.0,0.0,0.0,0.0,0.0,0.0,0.0,0.0,0.0,0.0,0.0,2.0,2.0,1.0,1.0,0.0,1.0,0.0,2.0,4.0,4.0,6.0,11.0,5.0,3.0
85,1.0,85.0,London_11,3years_LHD,1Lon_11,151,453,1092.0,70.0,2.0,158550.0,4.941308354027569,803.0,127.0,2.0,125.0,229.0,15.0,214.0,44.0,238.0,110.0,12.0,60.0,8.0,21.0,1.0,3.0,5.0,87.0,152.0,209.0,31.0,2.03056768558952,0.0,0.0,0.0,0.0,0.0,0.0,0.0,0.0,0.0,0.0,0.0,0.0,0.0,0.0,0.0,0.0,0.0,0.0,0.0,0.0,0.0,0.0,0.0,0.0,0.0,0.0,0.0,0.0,0.0,2.0,0.0,1.0,0.0,0.0,0.0,2.0,0.0,0.0,0.0,0.0,2.0,4.0,0.0,3.0,0.0,0.0,8.0,12.0,2.0,8.0,23.0,26.0,13.0,5.0,0.0,0.0,0.0,0.0,0.0,0.0,0.0,0.0,0.0,8.0,0.0,5.0,0.0,0.0,0.0,6.0,0.0,0.0,0.0,0.0,2.0,4.0,0.0,5.0,0.0,0.0,8.0,14.0,2.0,9.0,37.0,39.0,13.0,7.0
86,1.0,86.0,London_11,3years_LHD,1Lon_11,151,453,1092.0,70.0,2.0,143148.0,1.8715873435139656,769.0,48.0,0.0,48.0,85.0,0.0,85.0,229.0,249.0,92.0,18.0,72.0,3.0,15.0,1.0,3.0,7.0,90.0,130.0,226.0,38.0,1.0823529411764705,0.0,0.0,0.0,0.0,0.0,0.0,0.0,0.0,0.0,0.0,0.0,0.0,0.0,0.0,0.0,0.0,0.0,0.0,0.0,0.0,0.0,0.0,0.0,0.0,0.0,0.0,0.0,0.0,0.0,0.0,0.0,0.0,0.0,0.0,0.0,0.0,0.0,0.0,0.0,0.0,1.0,1.0,0.0,0.0,4.0,0.0,10.0,1.0,7.0,1.0,3.0,19.0,6.0,3.0,0.0,0.0,0.0,0.0,0.0,0.0,0.0,0.0,0.0,0.0,0.0,0.0,0.0,0.0,0.0,0.0,0.0,0.0,0.0,0.0,1.0,1.0,0.0,0.0,4.0,0.0,14.0,1.0,10.0,1.0,5.0,27.0,8.0,5.0
87,1.0,87.0,London_11,3years_LHD,1Lon_11,151,453,1092.0,70.0,2.0,164892.0,1.0376394540071487,817.0,38.0,1.0,37.0,74.0,9.0,65.0,85.0,253.0,78.0,20.0,65.0,5.0,30.0,1.0,1.0,8.0,94.0,137.0,214.0,47.0,0.8108108108108109,0.0,0.0,0.0,0.0,0.0,0.0,0.0,0.0,0.0,0.0,0.0,0.0,0.0,0.0,0.0,0.0,0.0,0.0,0.0,0.0,0.0,0.0,0.0,0.0,0.0,0.0,0.0,0.0,0.0,1.0,0.0,0.0,0.0,0.0,0.0,1.0,0.0,0.0,0.0,0.0,0.0,0.0,1.0,1.0,2.0,0.0,7.0,4.0,4.0,3.0,5.0,14.0,7.0,3.0,0.0,0.0,0.0,0.0,0.0,0.0,0.0,0.0,0.0,5.0,0.0,0.0,0.0,0.0,0.0,5.0,0.0,0.0,0.0,0.0,0.0,0.0,3.0,1.0,2.0,0.0,11.0,5.0,5.0,4.0,5.0,18.0,8.0,5.0
88,1.0,88.0,London_11,3years_LHD,1Lon_11,151,453,1092.0,70.0,2.0,194337.0,2.335117314942181,882.0,57.0,0.0,57.0,93.0,0.0,93.0,74.0,263.0,69.0,16.0,61.0,4.0,33.0,1.0,6.0,6.0,102.0,144.0,201.0,36.0,2.0,0.0,0.0,0.0,0.0,0.0,0.0,0.0,0.0,0.0,0.0,0.0,0.0,0.0,0.0,0.0,0.0,0.0,0.0,0.0,0.0,0.0,0.0,0.0,0.0,0.0,0.0,0.0,0.0,0.0,0.0,0.0,0.0,0.0,0.0,0.0,0.0,0.0,0.0,0.0,0.0,1.0,4.0,0.0,0.0,7.0,0.0,6.0,6.0,6.0,3.0,12.0,16.0,11.0,5.0,0.0,0.0,0.0,0.0,0.0,0.0,0.0,0.0,0.0,0.0,0.0,0.0,0.0,0.0,0.0,0.0,0.0,0.0,0.0,0.0,2.0,6.0,0.0,0.0,8.0,0.0,8.0,8.0,6.0,3.0,16.0,23.0,12.0,8.0
89,1.0,89.0,London_11,3years_LHD,1Lon_11,151,453,1092.0,70.0,2.0,209286.0,6.259796229191124,915.0,176.0,2.0,174.0,319.0,17.0,302.0,93.0,265.0,91.0,5.0,65.0,4.0,19.0,0.0,4.0,7.0,93.0,139.0,214.0,40.0,5.028213166144201,0.0,0.0,0.0,0.0,0.0,0.0,0.0,0.0,0.0,0.0,0.0,0.0,0.0,0.0,0.0,0.0,0.0,0.0,0.0,0.0,0.0,0.0,0.0,0.0,0.0,0.0,0.0,0.0,0.0,2.0,0.0,0.0,1.0,1.0,1.0,1.0,0.0,0.0,0.0,0.0,0.0,3.0,0.0,3.0,1.0,2.0,10.0,11.0,4.0,11.0,31.0,34.0,29.0,8.0,0.0,0.0,0.0,0.0,0.0,0.0,0.0,0.0,0.0,2.0,0.0,0.0,5.0,7.0,4.0,5.0,0.0,0.0,0.0,0.0,0.0,4.0,0.0,5.0,1.0,4.0,12.0,13.0,4.0,11.0,46.0,50.0,37.0,13.0
90,1.0,90.0,London_11,3years_LHD,1Lon_11,151,453,1092.0,70.0,2.0,168969.0,3.924940721131861,826.0,113.0,2.0,111.0,213.0,17.0,196.0,319.0,175.0,122.0,15.0,102.0,9.0,26.0,1.0,3.0,3.0,93.0,152.0,205.0,41.0,0.9953051643192489,0.0,0.0,0.0,0.0,0.0,0.0,0.0,0.0,0.0,0.0,0.0,0.0,0.0,0.0,0.0,0.0,0.0,0.0,0.0,0.0,0.0,0.0,0.0,0.0,0.0,0.0,0.0,0.0,0.0,2.0,0.0,0.0,2.0,1.0,0.0,2.0,0.0,0.0,0.0,0.0,0.0,7.0,3.0,1.0,3.0,0.0,11.0,3.0,9.0,8.0,21.0,26.0,20.0,10.0,0.0,0.0,0.0,0.0,0.0,0.0,0.0,0.0,0.0,8.0,0.0,0.0,10.0,7.0,0.0,9.0,0.0,0.0,0.0,0.0,0.0,10.0,4.0,1.0,3.0,0.0,16.0,3.0,14.0,8.0,35.0,39.0,24.0,16.0
91,1.0,91.0,London_11,3years_LHD,1Lon_11,151,453,1092.0,70.0,2.0,152208.0,2.9183330507948995,789.0,144.0,0.0,144.0,259.0,0.0,259.0,213.0,178.0,144.0,13.0,86.0,5.0,22.0,2.0,3.0,4.0,102.0,151.0,196.0,55.0,1.386100386100386,0.0,0.0,0.0,0.0,0.0,0.0,0.0,0.0,0.0,0.0,0.0,0.0,0.0,0.0,0.0,0.0,0.0,0.0,0.0,0.0,0.0,0.0,0.0,0.0,0.0,0.0,0.0,0.0,0.0,0.0,0.0,0.0,0.0,0.0,0.0,0.0,0.0,0.0,0.0,0.0,1.0,3.0,2.0,0.0,4.0,1.0,8.0,8.0,22.0,5.0,23.0,38.0,23.0,4.0,0.0,0.0,0.0,0.0,0.0,0.0,0.0,0.0,0.0,0.0,0.0,0.0,0.0,0.0,0.0,0.0,0.0,0.0,0.0,0.0,1.0,3.0,2.0,0.0,4.0,2.0,10.0,11.0,32.0,5.0,38.0,52.0,30.0,6.0
92,1.0,92.0,London_11,3years_LHD,1Lon_11,151,453,1092.0,70.0,2.0,121857.0,3.0823163269087672,722.0,43.0,0.0,43.0,85.0,0.0,85.0,259.0,174.0,140.0,15.0,93.0,7.0,22.0,1.0,1.0,11.0,74.0,140.0,228.0,61.0,0.4117647058823529,0.0,0.0,0.0,0.0,0.0,0.0,0.0,0.0,0.0,0.0,0.0,0.0,0.0,0.0,0.0,0.0,0.0,0.0,0.0,0.0,0.0,0.0,0.0,0.0,0.0,0.0,0.0,0.0,0.0,0.0,0.0,0.0,0.0,0.0,0.0,0.0,0.0,0.0,0.0,0.0,2.0,0.0,0.0,0.0,1.0,0.0,5.0,7.0,2.0,4.0,8.0,7.0,12.0,5.0,0.0,0.0,0.0,0.0,0.0,0.0,0.0,0.0,0.0,0.0,0.0,0.0,0.0,0.0,0.0,0.0,0.0,0.0,0.0,0.0,2.0,0.0,0.0,0.0,2.0,0.0,8.0,9.0,2.0,6.0,12.0,10.0,20.0,8.0
93,1.0,93.0,London_11,3years_LHD,1Lon_11,151,453,1092.0,70.0,2.0,138618.0,2.4556375173851848,759.0,60.0,2.0,58.0,118.0,19.0,99.0,85.0,179.0,143.0,15.0,80.0,12.0,22.0,0.0,2.0,11.0,74.0,159.0,209.0,66.0,1.2881355932203389,0.0,0.0,0.0,0.0,0.0,0.0,0.0,0.0,0.0,0.0,0.0,0.0,0.0,0.0,0.0,0.0,0.0,0.0,0.0,0.0,0.0,0.0,0.0,0.0,0.0,0.0,0.0,0.0,0.0,2.0,0.0,0.0,0.0,0.0,2.0,1.0,0.0,0.0,0.0,0.0,4.0,1.0,3.0,0.0,2.0,0.0,7.0,6.0,5.0,7.0,20.0,3.0,18.0,3.0,0.0,0.0,0.0,0.0,0.0,0.0,0.0,0.0,0.0,13.0,0.0,0.0,0.0,0.0,18.0,7.0,0.0,0.0,0.0,0.0,6.0,1.0,3.0,0.0,3.0,0.0,9.0,8.0,7.0,8.0,35.0,3.0,22.0,5.0
94,1.0,94.0,London_11,3years_LHD,1Lon_11,151,453,1092.0,70.0,2.0,147225.0,1.3159973435103893,778.0,137.0,2.0,135.0,253.0,18.0,235.0,118.0,185.0,151.0,11.0,85.0,5.0,13.0,3.0,0.0,12.0,72.0,164.0,205.0,59.0,2.3794466403162056,0.0,0.0,0.0,0.0,0.0,0.0,0.0,0.0,0.0,0.0,0.0,0.0,0.0,0.0,0.0,0.0,0.0,0.0,0.0,0.0,0.0,0.0,0.0,0.0,0.0,0.0,0.0,0.0,0.0,1.0,1.0,0.0,0.0,0.0,1.0,2.0,0.0,0.0,0.0,0.0,0.0,5.0,2.0,3.0,0.0,0.0,8.0,10.0,2.0,5.0,23.0,32.0,29.0,14.0,0.0,0.0,0.0,0.0,0.0,0.0,0.0,0.0,0.0,8.0,8.0,0.0,0.0,0.0,6.0,7.0,0.0,0.0,0.0,0.0,0.0,7.0,2.0,4.0,0.0,0.0,8.0,16.0,3.0,7.0,32.0,48.0,40.0,21.0
95,1.0,95.0,London_11,3years_LHD,1Lon_11,151,453,1092.0,70.0,2.0,109173.0,3.368858750909567,694.0,9.0,0.0,9.0,14.0,0.0,14.0,253.0,173.0,164.0,13.0,74.0,7.0,16.0,0.0,6.0,11.0,86.0,157.0,199.0,52.0,1.2142857142857142,0.0,0.0,0.0,0.0,0.0,0.0,0.0,0.0,0.0,0.0,0.0,0.0,0.0,0.0,0.0,0.0,0.0,0.0,0.0,0.0,0.0,0.0,0.0,0.0,0.0,0.0,0.0,0.0,0.0,0.0,0.0,0.0,0.0,0.0,0.0,0.0,0.0,0.0,0.0,0.0,0.0,1.0,0.0,0.0,0.0,0.0,0.0,0.0,0.0,2.0,1.0,1.0,0.0,0.0,0.0,0.0,0.0,0.0,0.0,0.0,0.0,0.0,0.0,0.0,0.0,0.0,0.0,0.0,0.0,0.0,0.0,0.0,0.0,0.0,0.0,1.0,0.0,0.0,0.0,0.0,0.0,0.0,0.0,4.0,1.0,1.0,0.0,0.0
96,1.0,96.0,London_11,3years_LHD,1Lon_11,151,453,1092.0,70.0,2.0,135900.0,4.5462432112544775,753.0,74.0,1.0,73.0,125.0,9.0,116.0,14.0,174.0,163.0,14.0,74.0,6.0,15.0,0.0,7.0,11.0,85.0,157.0,200.0,53.0,1.72,0.0,0.0,0.0,0.0,0.0,0.0,0.0,0.0,0.0,0.0,0.0,0.0,0.0,0.0,0.0,0.0,0.0,0.0,0.0,0.0,0.0,0.0,0.0,0.0,0.0,0.0,0.0,0.0,0.0,1.0,0.0,0.0,0.0,0.0,0.0,0.0,0.0,0.0,0.0,0.0,5.0,7.0,1.0,1.0,1.0,0.0,12.0,6.0,8.0,5.0,13.0,18.0,8.0,13.0,0.0,0.0,0.0,0.0,0.0,0.0,0.0,0.0,0.0,5.0,0.0,0.0,0.0,0.0,0.0,0.0,0.0,0.0,0.0,0.0,6.0,8.0,1.0,1.0,1.0,0.0,14.0,8.0,9.0,5.0,18.0,26.0,13.0,18.0
97,1.0,97.0,London_11,3years_LHD,1Lon_11,151,453,1092.0,70.0,2.0,140430.0,2.88080776296556,763.0,113.0,2.0,111.0,208.0,17.0,191.0,125.0,184.0,189.0,7.0,52.0,1.0,14.0,0.0,6.0,9.0,84.0,157.0,203.0,51.0,2.235576923076923,0.0,0.0,0.0,0.0,0.0,0.0,0.0,0.0,0.0,0.0,0.0,0.0,0.0,0.0,0.0,0.0,0.0,0.0,0.0,0.0,0.0,0.0,0.0,0.0,0.0,0.0,0.0,0.0,0.0,1.0,0.0,0.0,2.0,0.0,0.0,1.0,0.0,0.0,0.0,0.0,4.0,7.0,0.0,0.0,1.0,0.0,4.0,4.0,4.0,19.0,22.0,25.0,25.0,9.0,0.0,0.0,0.0,0.0,0.0,0.0,0.0,0.0,0.0,3.0,0.0,0.0,11.0,0.0,0.0,5.0,0.0,0.0,0.0,0.0,4.0,8.0,0.0,0.0,1.0,0.0,4.0,5.0,4.0,24.0,37.0,37.0,29.0,13.0
98,1.0,98.0,London_11,3years_LHD,1Lon_11,151,453,1092.0,70.0,2.0,131823.0,2.7510055834427476,744.0,24.0,0.0,24.0,44.0,0.0,44.0,208.0,193.0,160.0,21.0,56.0,6.0,12.0,1.0,4.0,9.0,80.0,161.0,203.0,32.0,1.0454545454545454,0.0,0.0,0.0,0.0,0.0,0.0,0.0,0.0,0.0,0.0,0.0,0.0,0.0,0.0,0.0,0.0,0.0,0.0,0.0,0.0,0.0,0.0,0.0,0.0,0.0,0.0,0.0,0.0,0.0,0.0,0.0,0.0,0.0,0.0,0.0,0.0,0.0,0.0,0.0,0.0,0.0,2.0,0.0,0.0,1.0,0.0,2.0,3.0,1.0,1.0,7.0,6.0,7.0,2.0,0.0,0.0,0.0,0.0,0.0,0.0,0.0,0.0,0.0,0.0,0.0,0.0,0.0,0.0,0.0,0.0,0.0,0.0,0.0,0.0,0.0,2.0,0.0,0.0,1.0,0.0,2.0,3.0,1.0,2.0,11.0,9.0,8.0,3.0
99,1.0,99.0,London_11,3years_LHD,1Lon_11,151,453,1092.0,70.0,2.0,166251.0,5.071000894531608,820.0,128.0,2.0,126.0,232.0,17.0,215.0,44.0,202.0,153.0,19.0,53.0,6.0,14.0,1.0,5.0,7.0,77.0,160.0,209.0,33.0,1.918103448275862,0.0,0.0,0.0,0.0,0.0,0.0,0.0,0.0,0.0,0.0,0.0,0.0,0.0,0.0,0.0,0.0,0.0,0.0,0.0,0.0,0.0,0.0,0.0,0.0,0.0,0.0,0.0,0.0,0.0,2.0,0.0,0.0,1.0,1.0,1.0,2.0,0.0,0.0,0.0,0.0,6.0,9.0,0.0,1.0,4.0,2.0,14.0,11.0,6.0,9.0,22.0,34.0,28.0,9.0,0.0,0.0,0.0,0.0,0.0,0.0,0.0,0.0,0.0,10.0,0.0,0.0,8.0,6.0,8.0,10.0,0.0,0.0,0.0,0.0,7.0,9.0,0.0,1.0,4.0,2.0,17.0,17.0,11.0,9.0,33.0,52.0,34.0,15.0
100,1.0,100.0,London_11,3years_LHD,1Lon_11,151,453,1092.0,70.0,2.0,151302.0,4.110118026845157,787.0,54.0,0.0,54.0,85.0,0.0,85.0,232.0,222.0,113.0,15.0,77.0,3.0,17.0,3.0,3.0,10.0,88.0,145.0,210.0,32.0,1.188235294117647,0.0,0.0,0.0,0.0,0.0,0.0,0.0,0.0,0.0,0.0,0.0,0.0,0.0,0.0,0.0,0.0,0.0,0.0,0.0,0.0,0.0,0.0,0.0,0.0,0.0,0.0,0.0,0.0,0.0,0.0,0.0,0.0,0.0,0.0,0.0,0.0,0.0,0.0,0.0,0.0,2.0,2.0,1.0,0.0,3.0,0.0,8.0,4.0,4.0,4.0,7.0,14.0,7.0,9.0,0.0,0.0,0.0,0.0,0.0,0.0,0.0,0.0,0.0,0.0,0.0,0.0,0.0,0.0,0.0,0.0,0.0,0.0,0.0,0.0,2.0,2.0,2.0,0.0,3.0,0.0,11.0,8.0,5.0,5.0,9.0,18.0,9.0,11.0
101,1.0,101.0,London_11,3years_LHD,1Lon_11,151,453,1092.0,70.0,2.0,169422.0,4.66541338339448,827.0,40.0,1.0,39.0,76.0,10.0,66.0,85.0,226.0,114.0,23.0,66.0,5.0,14.0,3.0,2.0,9.0,87.0,152.0,205.0,35.0,1.8026315789473684,0.0,0.0,0.0,0.0,0.0,0.0,0.0,0.0,0.0,0.0,0.0,0.0,0.0,0.0,0.0,0.0,0.0,0.0,0.0,0.0,0.0,0.0,0.0,0.0,0.0,0.0,0.0,0.0,0.0,1.0,0.0,0.0,1.0,0.0,1.0,0.0,1.0,0.0,0.0,0.0,0.0,0.0,3.0,0.0,1.0,0.0,3.0,6.0,6.0,2.0,6.0,7.0,9.0,5.0,0.0,0.0,0.0,0.0,0.0,0.0,0.0,0.0,0.0,7.0,0.0,0.0,7.0,0.0,7.0,0.0,9.0,0.0,0.0,0.0,0.0,0.0,3.0,0.0,1.0,0.0,3.0,7.0,8.0,2.0,11.0,9.0,13.0,6.0
102,1.0,102.0,London_11,3years_LHD,1Lon_11,151,453,1092.0,70.0,2.0,188901.0,5.046487843617797,870.0,52.0,0.0,52.0,92.0,0.0,92.0,76.0,229.0,118.0,25.0,61.0,4.0,12.0,0.0,4.0,9.0,76.0,167.0,201.0,33.0,2.25,0.0,0.0,0.0,0.0,0.0,0.0,0.0,0.0,0.0,0.0,0.0,0.0,0.0,0.0,0.0,0.0,0.0,0.0,0.0,0.0,0.0,0.0,0.0,0.0,0.0,0.0,0.0,0.0,0.0,0.0,0.0,0.0,0.0,0.0,0.0,0.0,0.0,0.0,0.0,0.0,5.0,1.0,1.0,0.0,7.0,0.0,3.0,1.0,3.0,9.0,11.0,13.0,5.0,4.0,0.0,0.0,0.0,0.0,0.0,0.0,0.0,0.0,0.0,0.0,0.0,0.0,0.0,0.0,0.0,0.0,0.0,0.0,0.0,0.0,7.0,1.0,1.0,0.0,7.0,0.0,4.0,2.0,3.0,11.0,15.0,16.0,10.0,8.0
103,1.0,103.0,London_11,3years_LHD,1Lon_11,151,453,1092.0,70.0,2.0,215628.0,1.5003013294190168,929.0,179.0,2.0,177.0,322.0,20.0,302.0,92.0,226.0,130.0,20.0,52.0,3.0,19.0,1.0,2.0,13.0,81.0,159.0,200.0,43.0,3.7453416149068324,0.0,0.0,0.0,0.0,0.0,0.0,0.0,0.0,0.0,0.0,0.0,0.0,0.0,0.0,0.0,0.0,0.0,0.0,0.0,0.0,0.0,0.0,0.0,0.0,0.0,0.0,0.0,0.0,0.0,2.0,0.0,0.0,1.0,2.0,0.0,1.0,1.0,0.0,0.0,0.0,1.0,11.0,2.0,4.0,0.0,0.0,6.0,4.0,6.0,8.0,32.0,43.0,29.0,11.0,0.0,0.0,0.0,0.0,0.0,0.0,0.0,0.0,0.0,6.0,0.0,0.0,8.0,18.0,0.0,1.0,10.0,0.0,0.0,0.0,1.0,12.0,2.0,4.0,0.0,0.0,8.0,6.0,8.0,10.0,46.0,58.0,35.0,15.0
104,1.0,104.0,London_11,3years_LHD,1Lon_11,151,453,1092.0,70.0,2.0,169422.0,3.506730416789651,827.0,115.0,2.0,113.0,212.0,16.0,196.0,322.0,173.0,119.0,17.0,102.0,9.0,30.0,1.0,2.0,8.0,83.0,136.0,226.0,38.0,0.32075471698113206,0.0,0.0,0.0,0.0,0.0,0.0,0.0,0.0,0.0,0.0,0.0,0.0,0.0,0.0,0.0,0.0,0.0,0.0,0.0,0.0,0.0,0.0,0.0,0.0,0.0,0.0,0.0,0.0,0.0,2.0,0.0,0.0,1.0,0.0,0.0,2.0,0.0,0.0,0.0,0.0,5.0,5.0,3.0,1.0,4.0,0.0,23.0,10.0,7.0,14.0,25.0,18.0,24.0,8.0,0.0,0.0,0.0,0.0,0.0,0.0,0.0,0.0,0.0,12.0,0.0,0.0,6.0,0.0,0.0,5.0,0.0,0.0,0.0,0.0,5.0,5.0,3.0,2.0,4.0,0.0,35.0,13.0,9.0,19.0,32.0,25.0,35.0,10.0
105,1.0,105.0,London_11,3years_LHD,1Lon_11,151,453,1092.0,70.0,2.0,159456.0,4.096943778917193,805.0,147.0,0.0,147.0,259.0,0.0,259.0,212.0,192.0,114.0,13.0,98.0,6.0,24.0,0.0,6.0,11.0,78.0,129.0,235.0,45.0,1.2972972972972974,0.0,0.0,0.0,0.0,0.0,0.0,0.0,0.0,0.0,0.0,0.0,0.0,0.0,0.0,0.0,0.0,0.0,0.0,0.0,0.0,0.0,0.0,0.0,0.0,0.0,0.0,0.0,0.0,0.0,0.0,0.0,0.0,0.0,0.0,0.0,0.0,0.0,0.0,0.0,0.0,2.0,6.0,3.0,1.0,0.0,0.0,19.0,7.0,7.0,15.0,27.0,31.0,27.0,13.0,0.0,0.0,0.0,0.0,0.0,0.0,0.0,0.0,0.0,0.0,0.0,0.0,0.0,0.0,0.0,0.0,0.0,0.0,0.0,0.0,2.0,10.0,3.0,1.0,0.0,0.0,20.0,11.0,14.0,21.0,41.0,45.0,31.0,20.0
106,1.0,106.0,London_11,3years_LHD,1Lon_11,151,453,1092.0,70.0,2.0,125028.0,3.739288005977869,729.0,48.0,0.0,48.0,86.0,0.0,86.0,259.0,193.0,138.0,25.0,65.0,7.0,18.0,1.0,6.0,13.0,73.0,150.0,217.0,40.0,0.5930232558139535,0.0,0.0,0.0,0.0,0.0,0.0,0.0,0.0,0.0,0.0,0.0,0.0,0.0,0.0,0.0,0.0,0.0,0.0,0.0,0.0,0.0,0.0,0.0,0.0,0.0,0.0,0.0,0.0,0.0,0.0,0.0,0.0,0.0,0.0,0.0,0.0,0.0,0.0,0.0,0.0,0.0,3.0,0.0,1.0,1.0,0.0,5.0,5.0,9.0,6.0,7.0,15.0,8.0,7.0,0.0,0.0,0.0,0.0,0.0,0.0,0.0,0.0,0.0,0.0,0.0,0.0,0.0,0.0,0.0,0.0,0.0,0.0,0.0,0.0,0.0,3.0,0.0,1.0,1.0,0.0,10.0,9.0,13.0,10.0,13.0,24.0,9.0,9.0
107,1.0,107.0,London_11,3years_LHD,1Lon_11,151,453,1092.0,70.0,2.0,133182.0,3.1889092847704887,747.0,58.0,2.0,56.0,116.0,17.0,99.0,86.0,202.0,138.0,26.0,58.0,7.0,15.0,1.0,6.0,13.0,76.0,156.0,208.0,44.0,1.1379310344827587,0.0,0.0,0.0,0.0,0.0,0.0,0.0,0.0,0.0,0.0,0.0,0.0,0.0,0.0,0.0,0.0,0.0,0.0,0.0,0.0,0.0,0.0,0.0,0.0,0.0,0.0,0.0,0.0,0.0,2.0,0.0,0.0,0.0,1.0,0.0,1.0,0.0,0.0,0.0,0.0,6.0,5.0,2.0,4.0,3.0,0.0,5.0,2.0,2.0,6.0,11.0,13.0,15.0,3.0,0.0,0.0,0.0,0.0,0.0,0.0,0.0,0.0,0.0,7.0,0.0,0.0,0.0,8.0,0.0,2.0,0.0,0.0,0.0,0.0,8.0,6.0,3.0,6.0,3.0,0.0,6.0,3.0,3.0,7.0,18.0,20.0,18.0,4.0
108,1.0,108.0,London_11,3years_LHD,1Lon_11,151,453,1092.0,70.0,2.0,141789.0,2.3871370051056147,766.0,133.0,2.0,131.0,253.0,18.0,235.0,116.0,214.0,137.0,32.0,45.0,4.0,10.0,3.0,8.0,6.0,78.0,159.0,210.0,34.0,1.9367588932806323,0.0,0.0,0.0,0.0,0.0,0.0,0.0,0.0,0.0,0.0,0.0,0.0,0.0,0.0,0.0,0.0,0.0,0.0,0.0,0.0,0.0,0.0,0.0,0.0,0.0,0.0,0.0,0.0,0.0,2.0,0.0,0.0,2.0,0.0,1.0,2.0,0.0,0.0,0.0,0.0,9.0,7.0,0.0,2.0,2.0,0.0,7.0,10.0,9.0,10.0,22.0,29.0,23.0,12.0,0.0,0.0,0.0,0.0,0.0,0.0,0.0,0.0,0.0,4.0,0.0,0.0,14.0,0.0,5.0,6.0,0.0,0.0,0.0,0.0,10.0,9.0,0.0,3.0,2.0,0.0,7.0,13.0,12.0,12.0,39.0,46.0,30.0,15.0
109,1.0,109.0,London_11,3years_LHD,1Lon_11,151,453,1092.0,70.0,2.0,110985.0,3.0009235767647624,698.0,7.0,0.0,7.0,12.0,0.0,12.0,253.0,228.0,108.0,15.0,68.0,7.0,22.0,0.0,5.0,11.0,75.0,150.0,217.0,32.0,1.75,0.0,0.0,0.0,0.0,0.0,0.0,0.0,0.0,0.0,0.0,0.0,0.0,0.0,0.0,0.0,0.0,0.0,0.0,0.0,0.0,0.0,0.0,0.0,0.0,0.0,0.0,0.0,0.0,0.0,0.0,0.0,0.0,0.0,0.0,0.0,0.0,0.0,0.0,0.0,0.0,0.0,0.0,0.0,0.0,0.0,0.0,1.0,1.0,0.0,0.0,1.0,4.0,1.0,1.0,0.0,0.0,0.0,0.0,0.0,0.0,0.0,0.0,0.0,0.0,0.0,0.0,0.0,0.0,0.0,0.0,0.0,0.0,0.0,0.0,0.0,0.0,0.0,0.0,0.0,0.0,2.0,2.0,0.0,0.0,1.0,6.0,2.0,2.0
110,1.0,110.0,London_11,3years_LHD,1Lon_11,151,453,1092.0,70.0,2.0,133635.0,2.2541127214208245,748.0,72.0,0.0,72.0,116.0,0.0,116.0,12.0,227.0,110.0,14.0,66.0,7.0,24.0,0.0,5.0,11.0,73.0,154.0,215.0,33.0,1.3103448275862069,0.0,0.0,0.0,0.0,0.0,0.0,0.0,0.0,0.0,0.0,0.0,0.0,0.0,0.0,0.0,0.0,0.0,0.0,0.0,0.0,0.0,0.0,0.0,0.0,0.0,0.0,0.0,0.0,0.0,0.0,0.0,0.0,0.0,0.0,0.0,0.0,0.0,0.0,0.0,0.0,2.0,8.0,4.0,2.0,1.0,0.0,14.0,5.0,10.0,10.0,8.0,20.0,14.0,5.0,0.0,0.0,0.0,0.0,0.0,0.0,0.0,0.0,0.0,0.0,0.0,0.0,0.0,0.0,0.0,0.0,0.0,0.0,0.0,0.0,2.0,12.0,4.0,3.0,1.0,0.0,21.0,5.0,12.0,15.0,11.0,27.0,18.0,7.0
111,1.0,111.0,London_11,3years_LHD,1Lon_11,151,453,1092.0,70.0,2.0,147225.0,4.4139470076188445,778.0,122.0,2.0,120.0,214.0,22.0,192.0,116.0,241.0,106.0,21.0,50.0,7.0,25.0,0.0,3.0,10.0,81.0,159.0,203.0,34.0,1.6308411214953271,0.0,0.0,0.0,0.0,0.0,0.0,0.0,0.0,0.0,0.0,0.0,0.0,0.0,0.0,0.0,0.0,0.0,0.0,0.0,0.0,0.0,0.0,0.0,0.0,0.0,0.0,0.0,0.0,0.0,2.0,0.0,0.0,0.0,0.0,0.0,2.0,0.0,0.0,0.0,0.0,1.0,15.0,1.0,1.0,0.0,1.0,4.0,10.0,6.0,8.0,26.0,26.0,16.0,8.0,0.0,0.0,0.0,0.0,0.0,0.0,0.0,0.0,0.0,9.0,0.0,0.0,0.0,0.0,0.0,12.0,0.0,0.0,0.0,0.0,1.0,19.0,1.0,1.0,0.0,2.0,5.0,12.0,8.0,13.0,35.0,37.0,23.0,14.0
112,1.0,112.0,London_11,3years_LHD,1Lon_11,151,453,1092.0,70.0,2.0,131823.0,2.5337808011099696,744.0,23.0,0.0,23.0,39.0,0.0,39.0,214.0,254.0,93.0,11.0,66.0,7.0,18.0,0.0,4.0,6.0,85.0,156.0,206.0,32.0,1.0256410256410255,0.0,0.0,0.0,0.0,0.0,0.0,0.0,0.0,0.0,0.0,0.0,0.0,0.0,0.0,0.0,0.0,0.0,0.0,0.0,0.0,0.0,0.0,0.0,0.0,0.0,0.0,0.0,0.0,0.0,0.0,0.0,0.0,0.0,0.0,0.0,0.0,0.0,0.0,0.0,0.0,1.0,3.0,0.0,0.0,0.0,1.0,2.0,2.0,1.0,5.0,5.0,6.0,3.0,5.0,0.0,0.0,0.0,0.0,0.0,0.0,0.0,0.0,0.0,0.0,0.0,0.0,0.0,0.0,0.0,0.0,0.0,0.0,0.0,0.0,1.0,3.0,0.0,0.0,0.0,1.0,4.0,2.0,1.0,7.0,8.0,7.0,3.0,8.0
113,1.0,113.0,London_11,3years_LHD,1Lon_11,151,453,1092.0,70.0,2.0,171234.0,2.377783172763884,831.0,127.0,2.0,125.0,231.0,17.0,214.0,39.0,257.0,94.0,12.0,60.0,7.0,17.0,0.0,6.0,6.0,83.0,160.0,204.0,34.0,3.393939393939394,0.0,0.0,0.0,0.0,0.0,0.0,0.0,0.0,0.0,0.0,0.0,0.0,0.0,0.0,0.0,0.0,0.0,0.0,0.0,0.0,0.0,0.0,0.0,0.0,0.0,0.0,0.0,0.0,0.0,1.0,1.0,0.0,1.0,1.0,0.0,1.0,0.0,0.0,0.0,0.0,4.0,14.0,0.0,2.0,2.0,0.0,4.0,4.0,1.0,13.0,31.0,18.0,28.0,6.0,0.0,0.0,0.0,0.0,0.0,0.0,0.0,0.0,0.0,2.0,6.0,0.0,7.0,9.0,0.0,2.0,0.0,0.0,0.0,0.0,4.0,17.0,0.0,3.0,2.0,0.0,7.0,5.0,1.0,16.0,44.0,21.0,40.0,8.0
114,1.0,114.0,London_11,3years_LHD,1Lon_11,151,453,1092.0,70.0,2.0,152661.0,2.8331213146448135,790.0,48.0,0.0,48.0,85.0,0.0,85.0,231.0,223.0,92.0,22.0,72.0,13.0,25.0,0.0,6.0,8.0,84.0,151.0,210.0,30.0,0.4823529411764706,0.0,0.0,0.0,0.0,0.0,0.0,0.0,0.0,0.0,0.0,0.0,0.0,0.0,0.0,0.0,0.0,0.0,0.0,0.0,0.0,0.0,0.0,0.0,0.0,0.0,0.0,0.0,0.0,0.0,0.0,0.0,0.0,0.0,0.0,0.0,0.0,0.0,0.0,0.0,0.0,1.0,7.0,0.0,0.0,6.0,1.0,9.0,2.0,6.0,8.0,8.0,11.0,9.0,5.0,0.0,0.0,0.0,0.0,0.0,0.0,0.0,0.0,0.0,0.0,0.0,0.0,0.0,0.0,0.0,0.0,0.0,0.0,0.0,0.0,1.0,10.0,0.0,0.0,6.0,1.0,14.0,2.0,12.0,13.0,11.0,21.0,10.0,9.0
115,1.0,115.0,London_11,3years_LHD,1Lon_11,151,453,1092.0,70.0,2.0,170328.0,1.9853576654568315,829.0,40.0,0.0,40.0,65.0,0.0,65.0,85.0,233.0,91.0,27.0,62.0,15.0,24.0,1.0,0.0,7.0,88.0,155.0,203.0,36.0,1.3076923076923077,0.0,0.0,0.0,0.0,0.0,0.0,0.0,0.0,0.0,0.0,0.0,0.0,0.0,0.0,0.0,0.0,0.0,0.0,0.0,0.0,0.0,0.0,0.0,0.0,0.0,0.0,0.0,0.0,0.0,0.0,0.0,0.0,0.0,0.0,0.0,0.0,0.0,0.0,0.0,0.0,1.0,2.0,3.0,0.0,1.0,0.0,3.0,1.0,1.0,3.0,12.0,12.0,7.0,2.0,0.0,0.0,0.0,0.0,0.0,0.0,0.0,0.0,0.0,0.0,0.0,0.0,0.0,0.0,0.0,0.0,0.0,0.0,0.0,0.0,1.0,2.0,3.0,0.0,1.0,0.0,4.0,1.0,1.0,4.0,15.0,19.0,8.0,3.0
116,1.0,116.0,London_11,3years_LHD,1Lon_11,151,453,1092.0,70.0,2.0,198867.0,0.8712208494544029,892.0,56.0,0.0,56.0,94.0,0.0,94.0,65.0,239.0,95.0,26.0,53.0,14.0,25.0,0.0,1.0,8.0,86.0,162.0,197.0,38.0,2.223404255319149,0.0,0.0,0.0,0.0,0.0,0.0,0.0,0.0,0.0,0.0,0.0,0.0,0.0,0.0,0.0,0.0,0.0,0.0,0.0,0.0,0.0,0.0,0.0,0.0,0.0,0.0,0.0,0.0,0.0,0.0,0.0,0.0,0.0,0.0,0.0,0.0,0.0,0.0,0.0,0.0,1.0,5.0,2.0,2.0,1.0,0.0,3.0,2.0,4.0,10.0,11.0,14.0,20.0,9.0,0.0,0.0,0.0,0.0,0.0,0.0,0.0,0.0,0.0,0.0,0.0,0.0,0.0,0.0,0.0,0.0,0.0,0.0,0.0,0.0,1.0,7.0,2.0,3.0,1.0,0.0,4.0,2.0,5.0,11.0,15.0,16.0,26.0,10.0
117,1.0,117.0,London_11,3years_LHD,1Lon_11,151,453,1092.0,70.0,2.0,219252.0,5.1752640679478645,937.0,183.0,2.0,181.0,323.0,20.0,303.0,94.0,244.0,86.0,38.0,49.0,16.0,16.0,0.0,4.0,11.0,80.0,156.0,206.0,35.0,4.634674922600619,0.0,0.0,0.0,0.0,0.0,0.0,0.0,0.0,0.0,0.0,0.0,0.0,0.0,0.0,0.0,0.0,0.0,0.0,0.0,0.0,0.0,0.0,0.0,0.0,0.0,0.0,0.0,0.0,0.0,1.0,0.0,0.0,1.0,0.0,1.0,2.0,0.0,0.0,0.0,0.0,0.0,26.0,0.0,0.0,0.0,0.0,5.0,1.0,7.0,3.0,45.0,30.0,21.0,7.0,0.0,0.0,0.0,0.0,0.0,0.0,0.0,0.0,0.0,7.0,0.0,0.0,6.0,0.0,7.0,8.0,0.0,0.0,0.0,0.0,0.0,37.0,0.0,0.0,0.0,0.0,6.0,1.0,8.0,4.0,60.0,45.0,22.0,10.0
118,1.0,118.0,London_11,3years_LHD,1Lon_11,151,453,1092.0,70.0,2.0,181200.0,4.683235424570739,853.0,117.0,2.0,115.0,217.0,18.0,199.0,323.0,180.0,118.0,14.0,99.0,5.0,26.0,4.0,7.0,8.0,75.0,175.0,195.0,36.0,0.8709677419354839,0.0,0.0,0.0,0.0,0.0,0.0,0.0,0.0,0.0,0.0,0.0,0.0,0.0,0.0,0.0,0.0,0.0,0.0,0.0,0.0,0.0,0.0,0.0,0.0,0.0,0.0,0.0,0.0,0.0,1.0,0.0,0.0,0.0,0.0,0.0,2.0,0.0,0.0,0.0,0.0,1.0,4.0,6.0,1.0,12.0,0.0,8.0,11.0,8.0,7.0,25.0,23.0,18.0,8.0,0.0,0.0,0.0,0.0,0.0,0.0,0.0,0.0,0.0,1.0,0.0,0.0,0.0,0.0,0.0,9.0,0.0,0.0,0.0,0.0,1.0,5.0,8.0,2.0,12.0,0.0,13.0,14.0,10.0,7.0,38.0,31.0,25.0,12.0
119,1.0,119.0,London_11,3years_LHD,1Lon_11,151,453,1092.0,70.0,2.0,160815.0,0.682464980520308,808.0,158.0,0.0,158.0,259.0,0.0,259.0,217.0,185.0,143.0,25.0,68.0,6.0,22.0,0.0,4.0,7.0,77.0,171.0,198.0,32.0,0.8725868725868726,0.0,0.0,0.0,0.0,0.0,0.0,0.0,0.0,0.0,0.0,0.0,0.0,0.0,0.0,0.0,0.0,0.0,0.0,0.0,0.0,0.0,0.0,0.0,0.0,0.0,0.0,0.0,0.0,0.0,0.0,0.0,0.0,0.0,0.0,0.0,0.0,0.0,0.0,0.0,0.0,3.0,5.0,0.0,2.0,0.0,0.0,6.0,13.0,5.0,9.0,27.0,31.0,25.0,15.0,0.0,0.0,0.0,0.0,0.0,0.0,0.0,0.0,0.0,0.0,0.0,0.0,0.0,0.0,0.0,0.0,0.0,0.0,0.0,0.0,3.0,8.0,0.0,3.0,0.0,0.0,8.0,17.0,6.0,11.0,34.0,43.0,33.0,25.0
120,1.0,120.0,London_11,3years_LHD,1Lon_11,151,453,1092.0,70.0,2.0,120951.0,1.8178245108574629,720.0,49.0,0.0,49.0,86.0,0.0,86.0,259.0,204.0,129.0,13.0,67.0,6.0,24.0,3.0,7.0,10.0,72.0,159.0,212.0,42.0,0.8604651162790697,0.0,0.0,0.0,0.0,0.0,0.0,0.0,0.0,0.0,0.0,0.0,0.0,0.0,0.0,0.0,0.0,0.0,0.0,0.0,0.0,0.0,0.0,0.0,0.0,0.0,0.0,0.0,0.0,0.0,0.0,0.0,0.0,0.0,0.0,0.0,0.0,0.0,0.0,0.0,0.0,1.0,3.0,0.0,1.0,1.0,0.0,4.0,2.0,5.0,4.0,15.0,9.0,16.0,2.0,0.0,0.0,0.0,0.0,0.0,0.0,0.0,0.0,0.0,0.0,0.0,0.0,0.0,0.0,0.0,0.0,0.0,0.0,0.0,0.0,1.0,4.0,0.0,3.0,2.0,0.0,4.0,2.0,6.0,7.0,21.0,12.0,20.0,3.0
121,1.0,121.0,London_11,3years_LHD,1Lon_11,151,453,1092.0,70.0,2.0,138165.0,2.95883946120739,758.0,64.0,2.0,62.0,120.0,19.0,101.0,86.0,207.0,123.0,9.0,74.0,6.0,23.0,4.0,7.0,9.0,70.0,159.0,215.0,45.0,1.4916666666666667,0.0,0.0,0.0,0.0,0.0,0.0,0.0,0.0,0.0,0.0,0.0,0.0,0.0,0.0,0.0,0.0,0.0,0.0,0.0,0.0,0.0,0.0,0.0,0.0,0.0,0.0,0.0,0.0,0.0,1.0,0.0,1.0,0.0,0.0,0.0,1.0,0.0,0.0,0.0,0.0,2.0,3.0,0.0,1.0,1.0,0.0,5.0,8.0,1.0,5.0,10.0,14.0,10.0,9.0,0.0,0.0,0.0,0.0,0.0,0.0,0.0,0.0,0.0,5.0,0.0,6.0,0.0,0.0,0.0,4.0,0.0,0.0,0.0,0.0,2.0,4.0,0.0,1.0,1.0,0.0,6.0,9.0,1.0,7.0,12.0,21.0,13.0,12.0
122,1.0,122.0,London_11,3years_LHD,1Lon_11,151,453,1092.0,70.0,2.0,139524.0,5.29742332175374,761.0,135.0,3.0,132.0,261.0,25.0,236.0,120.0,219.0,118.0,16.0,61.0,2.0,25.0,4.0,8.0,7.0,84.0,151.0,211.0,40.0,1.9616858237547892,0.0,0.0,0.0,0.0,0.0,0.0,0.0,0.0,0.0,0.0,0.0,0.0,0.0,0.0,0.0,0.0,0.0,0.0,0.0,0.0,0.0,0.0,0.0,0.0,0.0,0.0,0.0,0.0,0.0,3.0,0.0,0.0,1.0,0.0,3.0,2.0,0.0,0.0,0.0,0.0,2.0,4.0,0.0,0.0,11.0,0.0,12.0,9.0,10.0,12.0,28.0,31.0,27.0,8.0,0.0,0.0,0.0,0.0,0.0,0.0,0.0,0.0,0.0,9.0,0.0,0.0,6.0,0.0,17.0,7.0,0.0,0.0,0.0,0.0,3.0,4.0,0.0,0.0,11.0,0.0,16.0,13.0,11.0,15.0,42.0,45.0,33.0,11.0
123,1.0,123.0,London_11,3years_LHD,1Lon_11,151,453,1092.0,70.0,2.0,97848.0,3.8103427374735475,669.0,6.0,0.0,6.0,9.0,0.0,9.0,261.0,220.0,115.0,15.0,58.0,8.0,31.0,1.0,5.0,10.0,88.0,140.0,215.0,28.0,0.0,0.0,0.0,0.0,0.0,0.0,0.0,0.0,0.0,0.0,0.0,0.0,0.0,0.0,0.0,0.0,0.0,0.0,0.0,0.0,0.0,0.0,0.0,0.0,0.0,0.0,0.0,0.0,0.0,0.0,0.0,0.0,0.0,0.0,0.0,0.0,0.0,0.0,0.0,0.0,0.0,0.0,1.0,0.0,0.0,0.0,0.0,0.0,0.0,1.0,1.0,0.0,1.0,0.0,0.0,0.0,0.0,0.0,0.0,0.0,0.0,0.0,0.0,0.0,0.0,0.0,0.0,0.0,0.0,0.0,0.0,0.0,0.0,0.0,0.0,0.0,2.0,0.0,0.0,0.0,0.0,0.0,0.0,1.0,1.0,0.0,2.0,0.0,0.0
124,1.0,124.0,London_11,3years_LHD,1Lon_11,151,453,1092.0,70.0,2.0,123669.0,3.3034996762871742,726.0,67.0,0.0,67.0,117.0,0.0,117.0,9.0,221.0,114.0,15.0,56.0,8.0,33.0,1.0,5.0,10.0,90.0,143.0,210.0,29.0,2.076923076923077,0.0,0.0,0.0,0.0,0.0,0.0,0.0,0.0,0.0,0.0,0.0,0.0,0.0,0.0,0.0,0.0,0.0,0.0,0.0,0.0,0.0,0.0,0.0,0.0,0.0,0.0,0.0,0.0,0.0,0.0,0.0,0.0,0.0,0.0,0.0,0.0,0.0,0.0,0.0,0.0,1.0,3.0,3.0,3.0,0.0,0.0,5.0,4.0,5.0,8.0,14.0,14.0,9.0,6.0,0.0,0.0,0.0,0.0,0.0,0.0,0.0,0.0,0.0,0.0,0.0,0.0,0.0,0.0,0.0,0.0,0.0,0.0,0.0,0.0,1.0,5.0,4.0,5.0,0.0,0.0,7.0,5.0,6.0,12.0,19.0,22.0,13.0,10.0
125,1.0,125.0,London_11,3years_LHD,1Lon_11,151,453,1092.0,70.0,2.0,135447.0,5.703164843842387,752.0,104.0,2.0,102.0,208.0,17.0,191.0,117.0,221.0,131.0,18.0,37.0,11.0,33.0,0.0,2.0,11.0,85.0,140.0,217.0,32.0,1.7980769230769231,0.0,0.0,0.0,0.0,0.0,0.0,0.0,0.0,0.0,0.0,0.0,0.0,0.0,0.0,0.0,0.0,0.0,0.0,0.0,0.0,0.0,0.0,0.0,0.0,0.0,0.0,0.0,0.0,0.0,2.0,0.0,0.0,1.0,1.0,0.0,2.0,0.0,0.0,0.0,0.0,1.0,6.0,0.0,0.0,0.0,0.0,10.0,4.0,11.0,5.0,20.0,29.0,24.0,5.0,0.0,0.0,0.0,0.0,0.0,0.0,0.0,0.0,0.0,9.0,0.0,0.0,2.0,8.0,0.0,12.0,0.0,0.0,0.0,0.0,1.0,7.0,0.0,0.0,0.0,0.0,14.0,4.0,15.0,7.0,33.0,47.0,32.0,7.0
126,1.0,126.0,London_11,3years_LHD,1Lon_11,151,453,1092.0,70.0,2.0,126840.0,1.9355634786188602,733.0,25.0,0.0,25.0,45.0,0.0,45.0,208.0,234.0,101.0,14.0,64.0,13.0,22.0,0.0,5.0,7.0,87.0,140.0,219.0,30.0,0.7111111111111111,0.0,0.0,0.0,0.0,0.0,0.0,0.0,0.0,0.0,0.0,0.0,0.0,0.0,0.0,0.0,0.0,0.0,0.0,0.0,0.0,0.0,0.0,0.0,0.0,0.0,0.0,0.0,0.0,0.0,0.0,0.0,0.0,0.0,0.0,0.0,0.0,0.0,0.0,0.0,0.0,2.0,1.0,2.0,0.0,1.0,0.0,3.0,1.0,2.0,5.0,7.0,4.0,6.0,4.0,0.0,0.0,0.0,0.0,0.0,0.0,0.0,0.0,0.0,0.0,0.0,0.0,0.0,0.0,0.0,0.0,0.0,0.0,0.0,0.0,3.0,2.0,2.0,0.0,1.0,0.0,6.0,1.0,2.0,8.0,12.0,6.0,6.0,9.0
127,1.0,127.0,London_11,3years_LHD,1Lon_11,151,453,1092.0,70.0,2.0,159003.0,7.400155829265714,804.0,124.0,2.0,122.0,230.0,15.0,215.0,45.0,235.0,105.0,18.0,51.0,14.0,25.0,0.0,5.0,9.0,92.0,150.0,202.0,32.0,1.8434782608695652,0.0,0.0,0.0,0.0,0.0,0.0,0.0,0.0,0.0,0.0,0.0,0.0,0.0,0.0,0.0,0.0,0.0,0.0,0.0,0.0,0.0,0.0,0.0,0.0,0.0,0.0,0.0,0.0,0.0,2.0,0.0,1.0,0.0,0.0,0.0,2.0,0.0,0.0,0.0,0.0,7.0,2.0,2.0,1.0,0.0,1.0,7.0,7.0,7.0,8.0,29.0,30.0,23.0,5.0,0.0,0.0,0.0,0.0,0.0,0.0,0.0,0.0,0.0,6.0,0.0,6.0,0.0,0.0,0.0,7.0,0.0,0.0,0.0,0.0,8.0,4.0,2.0,1.0,0.0,1.0,11.0,11.0,13.0,11.0,44.0,48.0,28.0,7.0
128,1.0,128.0,London_11,3years_LHD,1Lon_11,151,453,1092.0,70.0,2.0,144054.0,2.008759251795709,771.0,49.0,0.0,49.0,86.0,0.0,86.0,230.0,243.0,84.0,18.0,62.0,20.0,20.0,1.0,5.0,5.0,78.0,144.0,226.0,31.0,0.9418604651162791,0.0,0.0,0.0,0.0,0.0,0.0,0.0,0.0,0.0,0.0,0.0,0.0,0.0,0.0,0.0,0.0,0.0,0.0,0.0,0.0,0.0,0.0,0.0,0.0,0.0,0.0,0.0,0.0,0.0,0.0,0.0,0.0,0.0,0.0,0.0,0.0,0.0,0.0,0.0,0.0,1.0,4.0,5.0,1.0,4.0,0.0,4.0,6.0,7.0,7.0,12.0,15.0,8.0,4.0,0.0,0.0,0.0,0.0,0.0,0.0,0.0,0.0,0.0,0.0,0.0,0.0,0.0,0.0,0.0,0.0,0.0,0.0,0.0,0.0,1.0,5.0,5.0,1.0,4.0,0.0,5.0,10.0,8.0,11.0,20.0,19.0,9.0,8.0
129,1.0,129.0,London_11,3years_LHD,1Lon_11,151,453,1092.0,70.0,2.0,165345.0,5.151333155110478,818.0,43.0,1.0,42.0,74.0,9.0,65.0,86.0,255.0,86.0,17.0,54.0,19.0,18.0,0.0,4.0,4.0,81.0,141.0,227.0,41.0,1.5,0.0,0.0,0.0,0.0,0.0,0.0,0.0,0.0,0.0,0.0,0.0,0.0,0.0,0.0,0.0,0.0,0.0,0.0,0.0,0.0,0.0,0.0,0.0,0.0,0.0,0.0,0.0,0.0,0.0,1.0,0.0,0.0,0.0,0.0,0.0,1.0,0.0,0.0,0.0,0.0,1.0,1.0,3.0,0.0,4.0,1.0,2.0,5.0,6.0,7.0,10.0,8.0,9.0,3.0,0.0,0.0,0.0,0.0,0.0,0.0,0.0,0.0,0.0,7.0,0.0,0.0,0.0,0.0,0.0,2.0,0.0,0.0,0.0,0.0,1.0,1.0,3.0,0.0,4.0,2.0,2.0,7.0,6.0,10.0,11.0,10.0,10.0,5.0
130,1.0,130.0,London_11,3years_LHD,1Lon_11,151,453,1092.0,70.0,2.0,194790.0,4.336584155447781,883.0,56.0,0.0,56.0,92.0,0.0,92.0,74.0,258.0,93.0,13.0,47.0,21.0,15.0,0.0,6.0,4.0,75.0,145.0,229.0,41.0,2.0217391304347827,0.0,0.0,0.0,0.0,0.0,0.0,0.0,0.0,0.0,0.0,0.0,0.0,0.0,0.0,0.0,0.0,0.0,0.0,0.0,0.0,0.0,0.0,0.0,0.0,0.0,0.0,0.0,0.0,0.0,0.0,0.0,0.0,0.0,0.0,0.0,0.0,0.0,0.0,0.0,0.0,1.0,2.0,0.0,2.0,3.0,0.0,6.0,6.0,6.0,2.0,14.0,12.0,15.0,5.0,0.0,0.0,0.0,0.0,0.0,0.0,0.0,0.0,0.0,0.0,0.0,0.0,0.0,0.0,0.0,0.0,0.0,0.0,0.0,0.0,1.0,3.0,0.0,3.0,3.0,0.0,8.0,9.0,7.0,2.0,21.0,16.0,18.0,5.0
131,1.0,131.0,London_11,3years_LHD,1Lon_11,151,453,1092.0,70.0,2.0,216081.0,6.899688481353223,930.0,169.0,2.0,167.0,319.0,17.0,302.0,92.0,262.0,99.0,16.0,39.0,22.0,12.0,0.0,3.0,6.0,86.0,147.0,214.0,29.0,4.987460815047022,0.0,0.0,0.0,0.0,0.0,0.0,0.0,0.0,0.0,0.0,0.0,0.0,0.0,0.0,0.0,0.0,0.0,0.0,0.0,0.0,0.0,0.0,0.0,0.0,0.0,0.0,0.0,0.0,0.0,2.0,0.0,0.0,1.0,1.0,1.0,1.0,0.0,0.0,0.0,0.0,0.0,5.0,0.0,3.0,0.0,0.0,13.0,7.0,0.0,13.0,33.0,44.0,13.0,6.0,0.0,0.0,0.0,0.0,0.0,0.0,0.0,0.0,0.0,7.0,0.0,0.0,9.0,6.0,9.0,5.0,0.0,0.0,0.0,0.0,0.0,6.0,0.0,4.0,0.0,0.0,17.0,11.0,0.0,16.0,49.0,66.0,15.0,10.0
132,1.0,132.0,London_11,3years_LHD,1Lon_11,151,453,1092.0,70.0,2.0,175764.0,4.610348446294665,841.0,126.0,2.0,124.0,213.0,17.0,196.0,319.0,177.0,122.0,21.0,93.0,8.0,26.0,0.0,6.0,9.0,78.0,139.0,227.0,43.0,0.27699530516431925,0.0,0.0,0.0,0.0,0.0,0.0,0.0,0.0,0.0,0.0,0.0,0.0,0.0,0.0,0.0,0.0,0.0,0.0,0.0,0.0,0.0,0.0,0.0,0.0,0.0,0.0,0.0,0.0,0.0,2.0,0.0,0.0,2.0,1.0,0.0,2.0,0.0,0.0,0.0,0.0,3.0,18.0,2.0,2.0,5.0,0.0,10.0,15.0,13.0,7.0,25.0,22.0,17.0,4.0,0.0,0.0,0.0,0.0,0.0,0.0,0.0,0.0,0.0,10.0,0.0,0.0,10.0,6.0,0.0,9.0,0.0,0.0,0.0,0.0,4.0,21.0,2.0,2.0,5.0,0.0,12.0,20.0,14.0,8.0,32.0,36.0,21.0,5.0
133,1.0,133.0,London_11,3years_LHD,1Lon_11,151,453,1092.0,70.0,2.0,157644.0,3.2330105677247047,801.0,151.0,0.0,151.0,259.0,0.0,259.0,213.0,203.0,155.0,13.0,54.0,6.0,19.0,1.0,2.0,10.0,73.0,125.0,245.0,51.0,1.3397683397683398,0.0,0.0,0.0,0.0,0.0,0.0,0.0,0.0,0.0,0.0,0.0,0.0,0.0,0.0,0.0,0.0,0.0,0.0,0.0,0.0,0.0,0.0,0.0,0.0,0.0,0.0,0.0,0.0,0.0,0.0,0.0,0.0,0.0,0.0,0.0,0.0,0.0,0.0,0.0,0.0,0.0,9.0,2.0,0.0,0.0,0.0,11.0,12.0,7.0,8.0,31.0,39.0,26.0,8.0,0.0,0.0,0.0,0.0,0.0,0.0,0.0,0.0,0.0,0.0,0.0,0.0,0.0,0.0,0.0,0.0,0.0,0.0,0.0,0.0,0.0,12.0,2.0,0.0,0.0,0.0,14.0,17.0,11.0,12.0,45.0,52.0,34.0,11.0
134,1.0,134.0,London_11,3years_LHD,1Lon_11,151,453,1092.0,70.0,2.0,122310.0,5.420766042545438,723.0,48.0,0.0,48.0,86.0,0.0,86.0,259.0,212.0,115.0,21.0,72.0,4.0,18.0,2.0,9.0,10.0,73.0,152.0,218.0,38.0,0.7441860465116279,0.0,0.0,0.0,0.0,0.0,0.0,0.0,0.0,0.0,0.0,0.0,0.0,0.0,0.0,0.0,0.0,0.0,0.0,0.0,0.0,0.0,0.0,0.0,0.0,0.0,0.0,0.0,0.0,0.0,0.0,0.0,0.0,0.0,0.0,0.0,0.0,0.0,0.0,0.0,0.0,2.0,3.0,3.0,0.0,1.0,0.0,5.0,4.0,5.0,8.0,7.0,13.0,15.0,2.0,0.0,0.0,0.0,0.0,0.0,0.0,0.0,0.0,0.0,0.0,0.0,0.0,0.0,0.0,0.0,0.0,0.0,0.0,0.0,0.0,2.0,3.0,5.0,0.0,1.0,0.0,5.0,7.0,9.0,12.0,11.0,21.0,18.0,3.0
135,1.0,135.0,London_11,3years_LHD,1Lon_11,151,453,1092.0,70.0,2.0,134994.0,2.394740918651223,751.0,56.0,2.0,54.0,118.0,19.0,99.0,86.0,218.0,119.0,16.0,73.0,4.0,11.0,7.0,5.0,11.0,80.0,154.0,208.0,42.0,1.8644067796610169,0.0,0.0,0.0,0.0,0.0,0.0,0.0,0.0,0.0,0.0,0.0,0.0,0.0,0.0,0.0,0.0,0.0,0.0,0.0,0.0,0.0,0.0,0.0,0.0,0.0,0.0,0.0,0.0,0.0,2.0,0.0,0.0,0.0,0.0,2.0,1.0,0.0,0.0,0.0,0.0,0.0,5.0,0.0,0.0,5.0,0.0,9.0,4.0,7.0,4.0,10.0,11.0,13.0,8.0,0.0,0.0,0.0,0.0,0.0,0.0,0.0,0.0,0.0,9.0,0.0,0.0,0.0,0.0,14.0,5.0,0.0,0.0,0.0,0.0,0.0,5.0,0.0,0.0,6.0,0.0,15.0,6.0,11.0,7.0,17.0,15.0,17.0,16.0
136,1.0,136.0,London_11,3years_LHD,1Lon_11,151,453,1092.0,70.0,2.0,146319.0,4.188127335160971,776.0,140.0,2.0,138.0,253.0,18.0,235.0,118.0,227.0,112.0,8.0,78.0,3.0,13.0,5.0,7.0,8.0,87.0,161.0,197.0,45.0,2.197628458498024,0.0,0.0,0.0,0.0,0.0,0.0,0.0,0.0,0.0,0.0,0.0,0.0,0.0,0.0,0.0,0.0,0.0,0.0,0.0,0.0,0.0,0.0,0.0,0.0,0.0,0.0,0.0,0.0,0.0,1.0,1.0,0.0,0.0,0.0,1.0,2.0,0.0,0.0,0.0,0.0,1.0,1.0,1.0,0.0,3.0,0.0,7.0,9.0,9.0,7.0,35.0,32.0,15.0,9.0,0.0,0.0,0.0,0.0,0.0,0.0,0.0,0.0,0.0,2.0,3.0,0.0,0.0,0.0,7.0,5.0,0.0,0.0,0.0,0.0,1.0,3.0,1.0,0.0,3.0,0.0,11.0,12.0,14.0,8.0,50.0,47.0,18.0,16.0
137,1.0,137.0,London_11,3years_LHD,1Lon_11,151,453,1092.0,70.0,2.0,109626.0,2.886896112933755,695.0,8.0,0.0,8.0,13.0,0.0,13.0,253.0,222.0,91.0,17.0,85.0,3.0,19.0,6.0,10.0,9.0,79.0,143.0,222.0,37.0,1.9230769230769231,0.0,0.0,0.0,0.0,0.0,0.0,0.0,0.0,0.0,0.0,0.0,0.0,0.0,0.0,0.0,0.0,0.0,0.0,0.0,0.0,0.0,0.0,0.0,0.0,0.0,0.0,0.0,0.0,0.0,0.0,0.0,0.0,0.0,0.0,0.0,0.0,0.0,0.0,0.0,0.0,0.0,0.0,0.0,0.0,0.0,0.0,1.0,1.0,0.0,2.0,3.0,1.0,3.0,0.0,0.0,0.0,0.0,0.0,0.0,0.0,0.0,0.0,0.0,0.0,0.0,0.0,0.0,0.0,0.0,0.0,0.0,0.0,0.0,0.0,0.0,0.0,0.0,0.0,0.0,0.0,1.0,1.0,0.0,2.0,3.0,1.0,3.0,0.0
138,1.0,138.0,London_11,3years_LHD,1Lon_11,151,453,1092.0,70.0,2.0,142242.0,6.59162028785795,767.0,63.0,1.0,62.0,125.0,9.0,116.0,13.0,221.0,96.0,17.0,81.0,3.0,18.0,6.0,11.0,9.0,79.0,147.0,218.0,37.0,1.544,0.0,0.0,0.0,0.0,0.0,0.0,0.0,0.0,0.0,0.0,0.0,0.0,0.0,0.0,0.0,0.0,0.0,0.0,0.0,0.0,0.0,0.0,0.0,0.0,0.0,0.0,0.0,0.0,0.0,1.0,0.0,0.0,0.0,0.0,0.0,0.0,0.0,0.0,0.0,0.0,2.0,10.0,6.0,2.0,1.0,0.0,5.0,3.0,6.0,9.0,15.0,15.0,15.0,3.0,0.0,0.0,0.0,0.0,0.0,0.0,0.0,0.0,0.0,1.0,0.0,0.0,0.0,0.0,0.0,0.0,0.0,0.0,0.0,0.0,2.0,15.0,7.0,3.0,1.0,0.0,5.0,5.0,12.0,11.0,24.0,28.0,18.0,4.0
139,1.0,139.0,London_11,3years_LHD,1Lon_11,151,453,1092.0,70.0,2.0,142695.0,4.556440966203809,768.0,116.0,2.0,114.0,209.0,17.0,192.0,125.0,225.0,90.0,14.0,88.0,3.0,14.0,6.0,13.0,9.0,79.0,158.0,207.0,39.0,1.5215311004784688,0.0,0.0,0.0,0.0,0.0,0.0,0.0,0.0,0.0,0.0,0.0,0.0,0.0,0.0,0.0,0.0,0.0,0.0,0.0,0.0,0.0,0.0,0.0,0.0,0.0,0.0,0.0,0.0,0.0,1.0,0.0,0.0,2.0,0.0,0.0,1.0,0.0,0.0,0.0,0.0,2.0,3.0,1.0,2.0,0.0,0.0,10.0,4.0,7.0,12.0,17.0,25.0,33.0,4.0,0.0,0.0,0.0,0.0,0.0,0.0,0.0,0.0,0.0,4.0,0.0,0.0,14.0,0.0,0.0,2.0,0.0,0.0,0.0,0.0,2.0,3.0,1.0,4.0,0.0,0.0,15.0,5.0,13.0,14.0,29.0,30.0,42.0,6.0
140,1.0,140.0,London_11,3years_LHD,1Lon_11,151,453,1092.0,70.0,2.0,133182.0,1.035637873224914,747.0,27.0,0.0,27.0,44.0,0.0,44.0,209.0,230.0,93.0,16.0,72.0,2.0,16.0,8.0,16.0,4.0,78.0,153.0,218.0,33.0,1.2045454545454546,0.0,0.0,0.0,0.0,0.0,0.0,0.0,0.0,0.0,0.0,0.0,0.0,0.0,0.0,0.0,0.0,0.0,0.0,0.0,0.0,0.0,0.0,0.0,0.0,0.0,0.0,0.0,0.0,0.0,0.0,0.0,0.0,0.0,0.0,0.0,0.0,0.0,0.0,0.0,0.0,2.0,5.0,1.0,0.0,0.0,0.0,3.0,2.0,3.0,3.0,6.0,7.0,4.0,1.0,0.0,0.0,0.0,0.0,0.0,0.0,0.0,0.0,0.0,0.0,0.0,0.0,0.0,0.0,0.0,0.0,0.0,0.0,0.0,0.0,2.0,7.0,1.0,0.0,0.0,0.0,3.0,2.0,4.0,3.0,7.0,9.0,5.0,2.0
141,1.0,141.0,London_11,3years_LHD,1Lon_11,151,453,1092.0,70.0,2.0,173952.0,4.326627625152469,837.0,135.0,2.0,133.0,231.0,17.0,214.0,44.0,237.0,88.0,16.0,66.0,2.0,20.0,8.0,16.0,5.0,80.0,155.0,213.0,37.0,2.1904761904761907,0.0,0.0,0.0,0.0,0.0,0.0,0.0,0.0,0.0,0.0,0.0,0.0,0.0,0.0,0.0,0.0,0.0,0.0,0.0,0.0,0.0,0.0,0.0,0.0,0.0,0.0,0.0,0.0,0.0,2.0,0.0,0.0,1.0,1.0,1.0,2.0,0.0,0.0,0.0,0.0,5.0,6.0,5.0,4.0,1.0,0.0,11.0,6.0,3.0,8.0,33.0,31.0,30.0,9.0,0.0,0.0,0.0,0.0,0.0,0.0,0.0,0.0,0.0,8.0,0.0,0.0,7.0,5.0,6.0,9.0,0.0,0.0,0.0,0.0,6.0,8.0,6.0,4.0,1.0,0.0,15.0,8.0,5.0,8.0,45.0,43.0,38.0,14.0
142,1.0,142.0,London_11,3years_LHD,1Lon_11,151,453,1092.0,70.0,2.0,158550.0,0.5960069466382265,803.0,49.0,0.0,49.0,86.0,0.0,86.0,231.0,236.0,86.0,17.0,68.0,7.0,14.0,7.0,18.0,9.0,70.0,155.0,219.0,41.0,0.4883720930232558,0.0,0.0,0.0,0.0,0.0,0.0,0.0,0.0,0.0,0.0,0.0,0.0,0.0,0.0,0.0,0.0,0.0,0.0,0.0,0.0,0.0,0.0,0.0,0.0,0.0,0.0,0.0,0.0,0.0,0.0,0.0,0.0,0.0,0.0,0.0,0.0,0.0,0.0,0.0,0.0,0.0,7.0,1.0,1.0,4.0,1.0,3.0,4.0,1.0,8.0,10.0,11.0,12.0,4.0,0.0,0.0,0.0,0.0,0.0,0.0,0.0,0.0,0.0,0.0,0.0,0.0,0.0,0.0,0.0,0.0,0.0,0.0,0.0,0.0,0.0,9.0,1.0,1.0,4.0,2.0,4.0,6.0,1.0,11.0,16.0,14.0,14.0,7.0
143,1.0,143.0,London_11,3years_LHD,1Lon_11,151,453,1092.0,70.0,2.0,178935.0,2.7081630807369947,848.0,44.0,1.0,43.0,76.0,10.0,66.0,86.0,239.0,90.0,21.0,58.0,9.0,11.0,8.0,17.0,8.0,80.0,159.0,206.0,52.0,1.5526315789473684,0.0,0.0,0.0,0.0,0.0,0.0,0.0,0.0,0.0,0.0,0.0,0.0,0.0,0.0,0.0,0.0,0.0,0.0,0.0,0.0,0.0,0.0,0.0,0.0,0.0,0.0,0.0,0.0,0.0,1.0,0.0,0.0,1.0,0.0,1.0,0.0,1.0,0.0,0.0,0.0,2.0,5.0,2.0,0.0,1.0,1.0,4.0,4.0,3.0,3.0,10.0,6.0,16.0,3.0,0.0,0.0,0.0,0.0,0.0,0.0,0.0,0.0,0.0,6.0,0.0,0.0,9.0,0.0,9.0,0.0,9.0,0.0,0.0,0.0,2.0,5.0,2.0,0.0,1.0,1.0,4.0,4.0,3.0,4.0,13.0,9.0,19.0,4.0
144,1.0,144.0,London_11,3years_LHD,1Lon_11,151,453,1092.0,70.0,2.0,198867.0,3.99828586447984,892.0,62.0,0.0,62.0,92.0,0.0,92.0,76.0,244.0,97.0,18.0,62.0,9.0,8.0,5.0,10.0,7.0,77.0,167.0,202.0,47.0,1.9891304347826086,0.0,0.0,0.0,0.0,0.0,0.0,0.0,0.0,0.0,0.0,0.0,0.0,0.0,0.0,0.0,0.0,0.0,0.0,0.0,0.0,0.0,0.0,0.0,0.0,0.0,0.0,0.0,0.0,0.0,0.0,0.0,0.0,0.0,0.0,0.0,0.0,0.0,0.0,0.0,0.0,2.0,2.0,0.0,1.0,1.0,0.0,7.0,5.0,2.0,6.0,10.0,12.0,14.0,5.0,0.0,0.0,0.0,0.0,0.0,0.0,0.0,0.0,0.0,0.0,0.0,0.0,0.0,0.0,0.0,0.0,0.0,0.0,0.0,0.0,2.0,2.0,0.0,1.0,1.0,0.0,8.0,5.0,2.0,9.0,12.0,15.0,20.0,7.0
145,1.0,145.0,London_11,3years_LHD,1Lon_11,151,453,1092.0,70.0,2.0,212457.0,3.1110475566238165,922.0,175.0,2.0,173.0,322.0,20.0,302.0,92.0,248.0,99.0,16.0,62.0,6.0,10.0,5.0,7.0,8.0,75.0,160.0,210.0,55.0,4.627329192546584,0.0,0.0,0.0,0.0,0.0,0.0,0.0,0.0,0.0,0.0,0.0,0.0,0.0,0.0,0.0,0.0,0.0,0.0,0.0,0.0,0.0,0.0,0.0,0.0,0.0,0.0,0.0,0.0,0.0,2.0,0.0,0.0,1.0,2.0,0.0,1.0,1.0,0.0,0.0,0.0,2.0,15.0,1.0,0.0,1.0,0.0,6.0,15.0,3.0,11.0,36.0,36.0,26.0,6.0,0.0,0.0,0.0,0.0,0.0,0.0,0.0,0.0,0.0,8.0,0.0,0.0,9.0,12.0,0.0,6.0,7.0,0.0,0.0,0.0,3.0,22.0,1.0,0.0,1.0,0.0,8.0,17.0,3.0,13.0,53.0,50.0,31.0,7.0
146,1.0,146.0,London_11,3years_LHD,1Lon_11,151,453,1092.0,70.0,2.0,173952.0,2.2838273234665394,837.0,115.0,2.0,113.0,212.0,16.0,196.0,322.0,160.0,126.0,19.0,99.0,6.0,30.0,5.0,8.0,8.0,78.0,153.0,214.0,44.0,0.3584905660377358,0.0,0.0,0.0,0.0,0.0,0.0,0.0,0.0,0.0,0.0,0.0,0.0,0.0,0.0,0.0,0.0,0.0,0.0,0.0,0.0,0.0,0.0,0.0,0.0,0.0,0.0,0.0,0.0,0.0,2.0,0.0,0.0,1.0,0.0,0.0,2.0,0.0,0.0,0.0,0.0,4.0,7.0,8.0,1.0,3.0,0.0,9.0,11.0,8.0,7.0,21.0,29.0,11.0,9.0,0.0,0.0,0.0,0.0,0.0,0.0,0.0,0.0,0.0,8.0,0.0,0.0,7.0,0.0,0.0,8.0,0.0,0.0,0.0,0.0,4.0,9.0,8.0,1.0,3.0,0.0,15.0,16.0,12.0,9.0,34.0,43.0,15.0,17.0
147,1.0,147.0,London_11,3years_LHD,1Lon_11,151,453,1092.0,70.0,2.0,156738.0,6.968638557009399,799.0,142.0,0.0,142.0,259.0,0.0,259.0,212.0,185.0,131.0,24.0,64.0,2.0,32.0,4.0,11.0,8.0,74.0,161.0,210.0,52.0,1.16988416988417,0.0,0.0,0.0,0.0,0.0,0.0,0.0,0.0,0.0,0.0,0.0,0.0,0.0,0.0,0.0,0.0,0.0,0.0,0.0,0.0,0.0,0.0,0.0,0.0,0.0,0.0,0.0,0.0,0.0,0.0,0.0,0.0,0.0,0.0,0.0,0.0,0.0,0.0,0.0,0.0,2.0,11.0,2.0,1.0,9.0,0.0,5.0,7.0,3.0,0.0,32.0,31.0,17.0,10.0,0.0,0.0,0.0,0.0,0.0,0.0,0.0,0.0,0.0,0.0,0.0,0.0,0.0,0.0,0.0,0.0,0.0,0.0,0.0,0.0,2.0,13.0,2.0,2.0,10.0,0.0,7.0,9.0,3.0,0.0,50.0,49.0,28.0,14.0
148,1.0,148.0,London_11,3years_LHD,1Lon_11,151,453,1092.0,70.0,2.0,125934.0,3.5620538173243403,731.0,48.0,0.0,48.0,85.0,0.0,85.0,259.0,200.0,89.0,26.0,77.0,6.0,35.0,4.0,16.0,8.0,76.0,165.0,204.0,30.0,0.7176470588235294,0.0,0.0,0.0,0.0,0.0,0.0,0.0,0.0,0.0,0.0,0.0,0.0,0.0,0.0,0.0,0.0,0.0,0.0,0.0,0.0,0.0,0.0,0.0,0.0,0.0,0.0,0.0,0.0,0.0,0.0,0.0,0.0,0.0,0.0,0.0,0.0,0.0,0.0,0.0,0.0,2.0,3.0,4.0,2.0,4.0,0.0,4.0,4.0,6.0,2.0,7.0,9.0,13.0,3.0,0.0,0.0,0.0,0.0,0.0,0.0,0.0,0.0,0.0,0.0,0.0,0.0,0.0,0.0,0.0,0.0,0.0,0.0,0.0,0.0,2.0,3.0,4.0,2.0,4.0,0.0,4.0,4.0,6.0,3.0,10.0,15.0,20.0,4.0
149,1.0,149.0,London_11,3years_LHD,1Lon_11,151,453,1092.0,70.0,2.0,141789.0,0.9648027699440718,766.0,59.0,2.0,57.0,117.0,17.0,100.0,85.0,210.0,92.0,20.0,79.0,7.0,24.0,4.0,17.0,10.0,86.0,160.0,197.0,38.0,1.7521367521367521,0.0,0.0,0.0,0.0,0.0,0.0,0.0,0.0,0.0,0.0,0.0,0.0,0.0,0.0,0.0,0.0,0.0,0.0,0.0,0.0,0.0,0.0,0.0,0.0,0.0,0.0,0.0,0.0,0.0,2.0,0.0,0.0,0.0,1.0,0.0,1.0,0.0,0.0,0.0,0.0,5.0,6.0,1.0,1.0,5.0,0.0,8.0,7.0,0.0,5.0,13.0,13.0,12.0,8.0,0.0,0.0,0.0,0.0,0.0,0.0,0.0,0.0,0.0,10.0,0.0,0.0,0.0,6.0,0.0,6.0,0.0,0.0,0.0,0.0,7.0,11.0,2.0,1.0,5.0,0.0,10.0,10.0,0.0,6.0,18.0,18.0,16.0,9.0
150,1.0,150.0,London_11,3years_LHD,1Lon_11,151,453,1092.0,70.0,2.0,149037.0,4.336437514983118,782.0,141.0,2.0,139.0,253.0,18.0,235.0,117.0,221.0,100.0,18.0,67.0,10.0,21.0,3.0,13.0,9.0,80.0,156.0,208.0,37.0,2.438735177865613,0.0,0.0,0.0,0.0,0.0,0.0,0.0,0.0,0.0,0.0,0.0,0.0,0.0,0.0,0.0,0.0,0.0,0.0,0.0,0.0,0.0,0.0,0.0,0.0,0.0,0.0,0.0,0.0,0.0,2.0,0.0,0.0,2.0,0.0,1.0,2.0,0.0,0.0,0.0,0.0,1.0,3.0,0.0,1.0,0.0,1.0,14.0,7.0,2.0,6.0,37.0,23.0,27.0,4.0,0.0,0.0,0.0,0.0,0.0,0.0,0.0,0.0,0.0,9.0,0.0,0.0,8.0,0.0,7.0,9.0,0.0,0.0,0.0,0.0,1.0,5.0,0.0,1.0,0.0,2.0,18.0,9.0,2.0,8.0,56.0,31.0,33.0,7.0
151,1.0,151.0,London_11,3years_LHD,1Lon_11,151,453,1092.0,70.0,2.0,103737.0,1.7477383324876428,682.0,8.0,0.0,8.0,14.0,0.0,14.0,253.0,215.0,93.0,16.0,77.0,10.0,30.0,3.0,9.0,8.0,81.0,156.0,208.0,34.0,0.6428571428571429,0.0,0.0,0.0,0.0,0.0,0.0,0.0,0.0,0.0,0.0,0.0,0.0,0.0,0.0,0.0,0.0,0.0,0.0,0.0,0.0,0.0,0.0,0.0,0.0,0.0,0.0,0.0,0.0,0.0,0.0,0.0,0.0,0.0,0.0,0.0,0.0,0.0,0.0,0.0,0.0,1.0,1.0,0.0,0.0,1.0,0.0,2.0,0.0,0.0,2.0,2.0,2.0,1.0,0.0,0.0,0.0,0.0,0.0,0.0,0.0,0.0,0.0,0.0,0.0,0.0,0.0,0.0,0.0,0.0,0.0,0.0,0.0,0.0,0.0,2.0,2.0,0.0,0.0,1.0,0.0,2.0,0.0,0.0,3.0,3.0,3.0,1.0,0.0
152,1.0,152.0,London_11,3years_LHD,1Lon_11,151,453,1092.0,70.0,2.0,134088.0,1.5683967228978872,749.0,74.0,0.0,74.0,116.0,0.0,116.0,14.0,216.0,97.0,15.0,75.0,10.0,28.0,2.0,10.0,8.0,81.0,159.0,205.0,35.0,2.206896551724138,0.0,0.0,0.0,0.0,0.0,0.0,0.0,0.0,0.0,0.0,0.0,0.0,0.0,0.0,0.0,0.0,0.0,0.0,0.0,0.0,0.0,0.0,0.0,0.0,0.0,0.0,0.0,0.0,0.0,0.0,0.0,0.0,0.0,0.0,0.0,0.0,0.0,0.0,0.0,0.0,1.0,10.0,3.0,2.0,2.0,0.0,11.0,8.0,6.0,10.0,13.0,13.0,14.0,5.0,0.0,0.0,0.0,0.0,0.0,0.0,0.0,0.0,0.0,0.0,0.0,0.0,0.0,0.0,0.0,0.0,0.0,0.0,0.0,0.0,1.0,16.0,3.0,3.0,2.0,0.0,13.0,8.0,8.0,13.0,20.0,19.0,15.0,6.0
153,1.0,153.0,London_11,3years_LHD,1Lon_11,151,453,1092.0,70.0,2.0,140430.0,4.956519675441086,763.0,111.0,2.0,109.0,213.0,22.0,191.0,116.0,219.0,94.0,12.0,78.0,9.0,31.0,1.0,9.0,12.0,86.0,173.0,182.0,38.0,2.4507042253521125,0.0,0.0,0.0,0.0,0.0,0.0,0.0,0.0,0.0,0.0,0.0,0.0,0.0,0.0,0.0,0.0,0.0,0.0,0.0,0.0,0.0,0.0,0.0,0.0,0.0,0.0,0.0,0.0,0.0,0.0,0.0,0.0,0.0,0.0,0.0,2.0,0.0,0.0,0.0,0.0,0.0,11.0,5.0,4.0,2.0,0.0,4.0,12.0,7.0,12.0,24.0,24.0,22.0,8.0,0.0,0.0,0.0,0.0,0.0,0.0,0.0,0.0,0.0,0.0,0.0,0.0,0.0,0.0,0.0,9.0,0.0,0.0,0.0,0.0,0.0,17.0,5.0,5.0,2.0,0.0,4.0,17.0,12.0,15.0,35.0,31.0,29.0,13.0
154,1.0,154.0,London_11,3years_LHD,1Lon_11,151,453,1092.0,70.0,2.0,125028.0,1.5916637741029263,729.0,28.0,0.0,28.0,43.0,0.0,43.0,213.0,208.0,85.0,16.0,95.0,13.0,30.0,0.0,6.0,8.0,81.0,170.0,194.0,37.0,1.3488372093023255,0.0,0.0,0.0,0.0,0.0,0.0,0.0,0.0,0.0,0.0,0.0,0.0,0.0,0.0,0.0,0.0,0.0,0.0,0.0,0.0,0.0,0.0,0.0,0.0,0.0,0.0,0.0,0.0,0.0,0.0,0.0,0.0,0.0,0.0,0.0,0.0,0.0,0.0,0.0,0.0,2.0,2.0,1.0,0.0,2.0,0.0,3.0,1.0,3.0,2.0,5.0,6.0,5.0,3.0,0.0,0.0,0.0,0.0,0.0,0.0,0.0,0.0,0.0,0.0,0.0,0.0,0.0,0.0,0.0,0.0,0.0,0.0,0.0,0.0,2.0,2.0,1.0,0.0,2.0,0.0,5.0,1.0,3.0,2.0,7.0,8.0,6.0,5.0
155,1.0,155.0,London_11,3years_LHD,1Lon_11,151,453,1092.0,70.0,2.0,148131.0,2.8275593537837267,780.0,114.0,2.0,112.0,231.0,17.0,214.0,43.0,212.0,84.0,20.0,89.0,14.0,26.0,0.0,8.0,11.0,79.0,169.0,194.0,38.0,1.896103896103896,0.0,0.0,0.0,0.0,0.0,0.0,0.0,0.0,0.0,0.0,0.0,0.0,0.0,0.0,0.0,0.0,0.0,0.0,0.0,0.0,0.0,0.0,0.0,0.0,0.0,0.0,0.0,0.0,0.0,1.0,1.0,0.0,1.0,1.0,0.0,1.0,0.0,0.0,0.0,0.0,8.0,3.0,0.0,2.0,0.0,1.0,12.0,6.0,9.0,10.0,21.0,32.0,22.0,6.0,0.0,0.0,0.0,0.0,0.0,0.0,0.0,0.0,0.0,4.0,6.0,0.0,7.0,7.0,0.0,3.0,0.0,0.0,0.0,0.0,10.0,4.0,0.0,3.0,0.0,2.0,18.0,8.0,12.0,12.0,29.0,52.0,30.0,13.0
156,1.0,156.0,London_11,3years_LHD,1Lon_11,151,453,1092.0,70.0,2.0,142695.0,4.041050573810935,768.0,50.0,0.0,50.0,85.0,0.0,85.0,231.0,225.0,89.0,23.0,73.0,1.0,27.0,1.0,14.0,7.0,81.0,149.0,216.0,27.0,0.36470588235294116,0.0,0.0,0.0,0.0,0.0,0.0,0.0,0.0,0.0,0.0,0.0,0.0,0.0,0.0,0.0,0.0,0.0,0.0,0.0,0.0,0.0,0.0,0.0,0.0,0.0,0.0,0.0,0.0,0.0,0.0,0.0,0.0,0.0,0.0,0.0,0.0,0.0,0.0,0.0,0.0,1.0,4.0,2.0,1.0,1.0,0.0,9.0,3.0,5.0,9.0,11.0,13.0,9.0,5.0,0.0,0.0,0.0,0.0,0.0,0.0,0.0,0.0,0.0,0.0,0.0,0.0,0.0,0.0,0.0,0.0,0.0,0.0,0.0,0.0,1.0,5.0,3.0,2.0,1.0,0.0,13.0,4.0,7.0,12.0,15.0,18.0,11.0,5.0
157,1.0,157.0,London_11,3years_LHD,1Lon_11,151,453,1092.0,70.0,2.0,159909.0,3.4970236318185925,806.0,39.0,0.0,39.0,65.0,0.0,65.0,85.0,235.0,77.0,27.0,68.0,4.0,25.0,1.0,16.0,9.0,83.0,162.0,199.0,38.0,1.2461538461538462,0.0,0.0,0.0,0.0,0.0,0.0,0.0,0.0,0.0,0.0,0.0,0.0,0.0,0.0,0.0,0.0,0.0,0.0,0.0,0.0,0.0,0.0,0.0,0.0,0.0,0.0,0.0,0.0,0.0,0.0,0.0,0.0,0.0,0.0,0.0,0.0,0.0,0.0,0.0,0.0,1.0,1.0,5.0,0.0,1.0,0.0,1.0,4.0,1.0,3.0,10.0,9.0,8.0,5.0,0.0,0.0,0.0,0.0,0.0,0.0,0.0,0.0,0.0,0.0,0.0,0.0,0.0,0.0,0.0,0.0,0.0,0.0,0.0,0.0,1.0,1.0,5.0,0.0,1.0,0.0,1.0,5.0,1.0,3.0,16.0,13.0,10.0,8.0
158,1.0,158.0,London_11,3years_LHD,1Lon_11,151,453,1092.0,70.0,2.0,193431.0,3.4353113314136863,880.0,52.0,0.0,52.0,92.0,0.0,92.0,65.0,244.0,74.0,26.0,68.0,2.0,23.0,2.0,14.0,11.0,79.0,170.0,193.0,39.0,2.347826086956522,0.0,0.0,0.0,0.0,0.0,0.0,0.0,0.0,0.0,0.0,0.0,0.0,0.0,0.0,0.0,0.0,0.0,0.0,0.0,0.0,0.0,0.0,0.0,0.0,0.0,0.0,0.0,0.0,0.0,0.0,0.0,0.0,0.0,0.0,0.0,0.0,0.0,0.0,0.0,0.0,1.0,0.0,3.0,2.0,4.0,0.0,6.0,7.0,0.0,3.0,16.0,9.0,11.0,4.0,0.0,0.0,0.0,0.0,0.0,0.0,0.0,0.0,0.0,0.0,0.0,0.0,0.0,0.0,0.0,0.0,0.0,0.0,0.0,0.0,1.0,0.0,5.0,4.0,4.0,0.0,7.0,12.0,0.0,4.0,24.0,14.0,14.0,4.0
159,1.0,159.0,London_11,3years_LHD,1Lon_11,151,453,1092.0,70.0,2.0,216081.0,3.877428929321468,930.0,176.0,2.0,174.0,323.0,20.0,303.0,92.0,241.0,78.0,30.0,58.0,3.0,28.0,1.0,14.0,13.0,86.0,164.0,190.0,46.0,4.591331269349845,0.0,0.0,0.0,0.0,0.0,0.0,0.0,0.0,0.0,0.0,0.0,0.0,0.0,0.0,0.0,0.0,0.0,0.0,0.0,0.0,0.0,0.0,0.0,0.0,0.0,0.0,0.0,0.0,0.0,1.0,0.0,0.0,1.0,0.0,1.0,2.0,0.0,0.0,0.0,0.0,2.0,7.0,4.0,4.0,1.0,0.0,2.0,13.0,6.0,6.0,21.0,46.0,13.0,7.0,0.0,0.0,0.0,0.0,0.0,0.0,0.0,0.0,0.0,5.0,0.0,0.0,5.0,0.0,8.0,11.0,0.0,0.0,0.0,0.0,3.0,7.0,4.0,6.0,1.0,0.0,2.0,20.0,11.0,8.0,31.0,70.0,17.0,9.0
160,1.0,160.0,London_11,3years_LHD,1Lon_11,151,453,1092.0,70.0,2.0,173952.0,1.8778846692293882,837.0,115.0,2.0,113.0,215.0,18.0,197.0,323.0,178.0,131.0,21.0,79.0,6.0,31.0,1.0,6.0,6.0,86.0,157.0,204.0,42.0,0.7674418604651163,0.0,0.0,0.0,0.0,0.0,0.0,0.0,0.0,0.0,0.0,0.0,0.0,0.0,0.0,0.0,0.0,0.0,0.0,0.0,0.0,0.0,0.0,0.0,0.0,0.0,0.0,0.0,0.0,0.0,2.0,0.0,0.0,0.0,0.0,0.0,2.0,0.0,0.0,0.0,0.0,2.0,6.0,4.0,2.0,1.0,0.0,11.0,5.0,3.0,5.0,18.0,28.0,26.0,8.0,0.0,0.0,0.0,0.0,0.0,0.0,0.0,0.0,0.0,7.0,0.0,0.0,0.0,0.0,0.0,6.0,0.0,0.0,0.0,0.0,3.0,8.0,4.0,4.0,1.0,0.0,14.0,6.0,5.0,7.0,28.0,40.0,41.0,16.0
161,1.0,161.0,London_11,3years_LHD,1Lon_11,151,453,1092.0,70.0,2.0,161721.0,1.974964833818376,810.0,143.0,0.0,143.0,259.0,0.0,259.0,215.0,195.0,125.0,27.0,65.0,4.0,28.0,2.0,7.0,5.0,86.0,155.0,207.0,40.0,0.6525096525096525,0.0,0.0,0.0,0.0,0.0,0.0,0.0,0.0,0.0,0.0,0.0,0.0,0.0,0.0,0.0,0.0,0.0,0.0,0.0,0.0,0.0,0.0,0.0,0.0,0.0,0.0,0.0,0.0,0.0,0.0,0.0,0.0,0.0,0.0,0.0,0.0,0.0,0.0,0.0,0.0,1.0,6.0,2.0,1.0,0.0,0.0,19.0,11.0,8.0,6.0,33.0,26.0,24.0,12.0,0.0,0.0,0.0,0.0,0.0,0.0,0.0,0.0,0.0,0.0,0.0,0.0,0.0,0.0,0.0,0.0,0.0,0.0,0.0,0.0,2.0,7.0,2.0,1.0,0.0,0.0,27.0,14.0,12.0,8.0,47.0,42.0,31.0,16.0
162,1.0,162.0,London_11,3years_LHD,1Lon_11,151,453,1092.0,70.0,2.0,122310.0,4.01633314229548,723.0,45.0,0.0,45.0,85.0,0.0,85.0,259.0,216.0,105.0,18.0,74.0,3.0,20.0,3.0,14.0,8.0,87.0,146.0,212.0,37.0,1.1176470588235294,0.0,0.0,0.0,0.0,0.0,0.0,0.0,0.0,0.0,0.0,0.0,0.0,0.0,0.0,0.0,0.0,0.0,0.0,0.0,0.0,0.0,0.0,0.0,0.0,0.0,0.0,0.0,0.0,0.0,0.0,0.0,0.0,0.0,0.0,0.0,0.0,0.0,0.0,0.0,0.0,2.0,5.0,2.0,3.0,3.0,0.0,4.0,6.0,4.0,7.0,11.0,10.0,10.0,4.0,0.0,0.0,0.0,0.0,0.0,0.0,0.0,0.0,0.0,0.0,0.0,0.0,0.0,0.0,0.0,0.0,0.0,0.0,0.0,0.0,3.0,8.0,2.0,4.0,4.0,0.0,5.0,10.0,6.0,8.0,22.0,17.0,16.0,8.0
163,1.0,163.0,London_11,3years_LHD,1Lon_11,151,453,1092.0,70.0,2.0,136806.0,4.845484267920256,755.0,59.0,2.0,57.0,119.0,19.0,100.0,85.0,217.0,110.0,22.0,60.0,4.0,21.0,3.0,16.0,9.0,92.0,149.0,203.0,44.0,1.4621848739495797,0.0,0.0,0.0,0.0,0.0,0.0,0.0,0.0,0.0,0.0,0.0,0.0,0.0,0.0,0.0,0.0,0.0,0.0,0.0,0.0,0.0,0.0,0.0,0.0,0.0,0.0,0.0,0.0,0.0,2.0,0.0,1.0,0.0,0.0,0.0,1.0,0.0,0.0,0.0,0.0,5.0,1.0,0.0,2.0,4.0,0.0,5.0,6.0,7.0,10.0,9.0,11.0,18.0,1.0,0.0,0.0,0.0,0.0,0.0,0.0,0.0,0.0,0.0,9.0,0.0,6.0,0.0,0.0,0.0,1.0,0.0,0.0,0.0,0.0,7.0,2.0,0.0,6.0,4.0,0.0,5.0,9.0,11.0,13.0,13.0,17.0,22.0,1.0
164,1.0,164.0,London_11,3years_LHD,1Lon_11,151,453,1092.0,70.0,2.0,146319.0,2.9917810587212443,776.0,148.0,3.0,145.0,261.0,25.0,236.0,119.0,226.0,93.0,24.0,77.0,2.0,15.0,3.0,13.0,7.0,89.0,149.0,208.0,41.0,2.1762452107279695,0.0,0.0,0.0,0.0,0.0,0.0,0.0,0.0,0.0,0.0,0.0,0.0,0.0,0.0,0.0,0.0,0.0,0.0,0.0,0.0,0.0,0.0,0.0,0.0,0.0,0.0,0.0,0.0,0.0,3.0,0.0,0.0,1.0,0.0,3.0,2.0,0.0,0.0,0.0,0.0,5.0,1.0,0.0,3.0,2.0,0.0,21.0,2.0,9.0,11.0,31.0,34.0,21.0,17.0,0.0,0.0,0.0,0.0,0.0,0.0,0.0,0.0,0.0,13.0,0.0,0.0,5.0,0.0,18.0,8.0,0.0,0.0,0.0,0.0,6.0,1.0,0.0,4.0,2.0,0.0,23.0,2.0,13.0,14.0,42.0,47.0,24.0,25.0
165,1.0,165.0,London_11,3years_LHD,1Lon_11,151,453,1092.0,70.0,2.0,109173.0,2.503726674243808,694.0,8.0,0.0,8.0,12.0,0.0,12.0,261.0,219.0,96.0,20.0,63.0,8.0,27.0,3.0,17.0,4.0,78.0,153.0,218.0,37.0,0.0,0.0,0.0,0.0,0.0,0.0,0.0,0.0,0.0,0.0,0.0,0.0,0.0,0.0,0.0,0.0,0.0,0.0,0.0,0.0,0.0,0.0,0.0,0.0,0.0,0.0,0.0,0.0,0.0,0.0,0.0,0.0,0.0,0.0,0.0,0.0,0.0,0.0,0.0,0.0,0.0,0.0,2.0,0.0,0.0,0.0,0.0,0.0,0.0,0.0,0.0,4.0,4.0,0.0,1.0,0.0,0.0,0.0,0.0,0.0,0.0,0.0,0.0,0.0,0.0,0.0,0.0,0.0,0.0,0.0,0.0,0.0,0.0,0.0,0.0,0.0,2.0,0.0,0.0,0.0,0.0,0.0,0.0,0.0,0.0,4.0,5.0,0.0,1.0
166,1.0,166.0,London_11,3years_LHD,1Lon_11,151,453,1092.0,70.0,2.0,139524.0,2.501979217864573,761.0,68.0,0.0,68.0,116.0,0.0,116.0,12.0,220.0,93.0,20.0,63.0,8.0,27.0,3.0,19.0,4.0,79.0,156.0,214.0,38.0,1.4741379310344827,0.0,0.0,0.0,0.0,0.0,0.0,0.0,0.0,0.0,0.0,0.0,0.0,0.0,0.0,0.0,0.0,0.0,0.0,0.0,0.0,0.0,0.0,0.0,0.0,0.0,0.0,0.0,0.0,0.0,0.0,0.0,0.0,0.0,0.0,0.0,0.0,0.0,0.0,0.0,0.0,1.0,10.0,1.0,0.0,7.0,0.0,11.0,7.0,7.0,3.0,9.0,21.0,5.0,5.0,0.0,0.0,0.0,0.0,0.0,0.0,0.0,0.0,0.0,0.0,0.0,0.0,0.0,0.0,0.0,0.0,0.0,0.0,0.0,0.0,1.0,17.0,1.0,0.0,7.0,0.0,15.0,9.0,10.0,4.0,12.0,29.0,7.0,9.0
167,1.0,167.0,London_11,3years_LHD,1Lon_11,151,453,1092.0,70.0,2.0,149943.0,3.038471929728985,784.0,109.0,2.0,107.0,208.0,17.0,191.0,116.0,237.0,82.0,22.0,53.0,10.0,26.0,3.0,20.0,5.0,92.0,156.0,200.0,42.0,1.6298076923076923,0.0,0.0,0.0,0.0,0.0,0.0,0.0,0.0,0.0,0.0,0.0,0.0,0.0,0.0,0.0,0.0,0.0,0.0,0.0,0.0,0.0,0.0,0.0,0.0,0.0,0.0,0.0,0.0,0.0,1.0,0.0,0.0,1.0,1.0,0.0,2.0,0.0,0.0,0.0,0.0,4.0,4.0,10.0,0.0,3.0,0.0,13.0,4.0,7.0,10.0,19.0,27.0,24.0,9.0,0.0,0.0,0.0,0.0,0.0,0.0,0.0,0.0,0.0,6.0,0.0,0.0,4.0,7.0,0.0,7.0,0.0,0.0,0.0,0.0,4.0,5.0,11.0,0.0,3.0,0.0,18.0,5.0,10.0,13.0,29.0,44.0,34.0,13.0
168,1.0,168.0,London_11,3years_LHD,1Lon_11,151,453,1092.0,70.0,2.0,135900.0,3.9824870862066746,753.0,27.0,0.0,27.0,42.0,0.0,42.0,208.0,256.0,76.0,14.0,56.0,13.0,21.0,2.0,15.0,7.0,87.0,155.0,204.0,36.0,0.023809523809523808,0.0,0.0,0.0,0.0,0.0,0.0,0.0,0.0,0.0,0.0,0.0,0.0,0.0,0.0,0.0,0.0,0.0,0.0,0.0,0.0,0.0,0.0,0.0,0.0,0.0,0.0,0.0,0.0,0.0,0.0,0.0,0.0,0.0,0.0,0.0,0.0,0.0,0.0,0.0,0.0,0.0,3.0,0.0,0.0,3.0,0.0,3.0,4.0,3.0,7.0,6.0,3.0,5.0,2.0,0.0,0.0,0.0,0.0,0.0,0.0,0.0,0.0,0.0,0.0,0.0,0.0,0.0,0.0,0.0,0.0,0.0,0.0,0.0,0.0,0.0,4.0,0.0,0.0,3.0,0.0,4.0,5.0,6.0,11.0,8.0,6.0,5.0,5.0
169,1.0,169.0,London_11,3years_LHD,1Lon_11,151,453,1092.0,70.0,2.0,167610.0,1.956360850483179,823.0,127.0,2.0,125.0,230.0,15.0,215.0,42.0,264.0,83.0,10.0,48.0,14.0,17.0,2.0,15.0,10.0,89.0,156.0,198.0,41.0,3.265217391304348,0.0,0.0,0.0,0.0,0.0,0.0,0.0,0.0,0.0,0.0,0.0,0.0,0.0,0.0,0.0,0.0,0.0,0.0,0.0,0.0,0.0,0.0,0.0,0.0,0.0,0.0,0.0,0.0,0.0,1.0,0.0,1.0,0.0,0.0,0.0,2.0,0.0,0.0,0.0,0.0,1.0,15.0,10.0,2.0,3.0,0.0,9.0,2.0,9.0,5.0,19.0,28.0,25.0,10.0,0.0,0.0,0.0,0.0,0.0,0.0,0.0,0.0,0.0,5.0,0.0,7.0,0.0,0.0,0.0,8.0,0.0,0.0,0.0,0.0,1.0,22.0,10.0,3.0,3.0,0.0,10.0,4.0,9.0,6.0,26.0,39.0,31.0,11.0
170,1.0,170.0,London_11,3years_LHD,1Lon_11,151,453,1092.0,70.0,2.0,143148.0,3.056450881063938,769.0,51.0,0.0,51.0,85.0,0.0,85.0,230.0,225.0,80.0,22.0,75.0,18.0,15.0,3.0,15.0,5.0,93.0,175.0,180.0,37.0,0.6470588235294118,0.0,0.0,0.0,0.0,0.0,0.0,0.0,0.0,0.0,0.0,0.0,0.0,0.0,0.0,0.0,0.0,0.0,0.0,0.0,0.0,0.0,0.0,0.0,0.0,0.0,0.0,0.0,0.0,0.0,0.0,0.0,0.0,0.0,0.0,0.0,0.0,0.0,0.0,0.0,0.0,2.0,3.0,5.0,2.0,3.0,0.0,2.0,4.0,3.0,6.0,6.0,12.0,6.0,4.0,0.0,0.0,0.0,0.0,0.0,0.0,0.0,0.0,0.0,0.0,0.0,0.0,0.0,0.0,0.0,0.0,0.0,0.0,0.0,0.0,3.0,5.0,5.0,4.0,3.0,0.0,2.0,5.0,4.0,8.0,7.0,15.0,6.0,7.0
171,1.0,171.0,London_11,3years_LHD,1Lon_11,151,453,1092.0,70.0,2.0,163986.0,2.304824475198984,815.0,39.0,1.0,38.0,75.0,9.0,66.0,85.0,233.0,84.0,28.0,55.0,19.0,18.0,3.0,13.0,5.0,98.0,176.0,174.0,44.0,1.16,0.0,0.0,0.0,0.0,0.0,0.0,0.0,0.0,0.0,0.0,0.0,0.0,0.0,0.0,0.0,0.0,0.0,0.0,0.0,0.0,0.0,0.0,0.0,0.0,0.0,0.0,0.0,0.0,0.0,1.0,0.0,0.0,0.0,0.0,0.0,1.0,0.0,0.0,0.0,0.0,0.0,2.0,3.0,0.0,1.0,0.0,3.0,3.0,6.0,1.0,7.0,17.0,9.0,5.0,0.0,0.0,0.0,0.0,0.0,0.0,0.0,0.0,0.0,3.0,0.0,0.0,0.0,0.0,0.0,4.0,0.0,0.0,0.0,0.0,0.0,6.0,3.0,0.0,1.0,0.0,5.0,6.0,8.0,1.0,11.0,22.0,11.0,7.0
172,1.0,172.0,London_11,3years_LHD,1Lon_11,151,453,1092.0,70.0,2.0,192072.0,3.8725560773164034,877.0,59.0,0.0,59.0,93.0,0.0,93.0,75.0,244.0,84.0,28.0,48.0,20.0,15.0,0.0,14.0,7.0,93.0,171.0,182.0,39.0,2.139784946236559,0.0,0.0,0.0,0.0,0.0,0.0,0.0,0.0,0.0,0.0,0.0,0.0,0.0,0.0,0.0,0.0,0.0,0.0,0.0,0.0,0.0,0.0,0.0,0.0,0.0,0.0,0.0,0.0,0.0,0.0,0.0,0.0,0.0,0.0,0.0,0.0,0.0,0.0,0.0,0.0,2.0,5.0,0.0,1.0,1.0,0.0,10.0,5.0,5.0,8.0,8.0,14.0,17.0,5.0,0.0,0.0,0.0,0.0,0.0,0.0,0.0,0.0,0.0,0.0,0.0,0.0,0.0,0.0,0.0,0.0,0.0,0.0,0.0,0.0,2.0,6.0,0.0,2.0,1.0,0.0,12.0,7.0,6.0,8.0,13.0,24.0,20.0,8.0
173,1.0,173.0,London_11,3years_LHD,1Lon_11,151,453,1092.0,70.0,2.0,211551.0,5.889506274834275,920.0,177.0,2.0,175.0,319.0,17.0,302.0,93.0,254.0,93.0,24.0,32.0,22.0,15.0,3.0,10.0,5.0,89.0,167.0,192.0,25.0,4.695924764890282,0.0,0.0,0.0,0.0,0.0,0.0,0.0,0.0,0.0,0.0,0.0,0.0,0.0,0.0,0.0,0.0,0.0,0.0,0.0,0.0,0.0,0.0,0.0,0.0,0.0,0.0,0.0,0.0,0.0,2.0,0.0,0.0,1.0,1.0,1.0,1.0,0.0,0.0,0.0,0.0,0.0,13.0,0.0,4.0,9.0,2.0,3.0,12.0,1.0,11.0,27.0,45.0,16.0,13.0,0.0,0.0,0.0,0.0,0.0,0.0,0.0,0.0,0.0,3.0,0.0,0.0,7.0,6.0,5.0,1.0,0.0,0.0,0.0,0.0,0.0,18.0,0.0,5.0,9.0,2.0,3.0,15.0,2.0,15.0,39.0,67.0,20.0,15.0
174,1.0,174.0,London_11,3years_LHD,1Lon_11,151,453,1092.0,70.0,2.0,168516.0,4.7721344185993075,825.0,112.0,2.0,110.0,213.0,17.0,196.0,319.0,161.0,114.0,26.0,102.0,11.0,25.0,3.0,11.0,6.0,87.0,150.0,210.0,39.0,0.4647887323943662,0.0,0.0,0.0,0.0,0.0,0.0,0.0,0.0,0.0,0.0,0.0,0.0,0.0,0.0,0.0,0.0,0.0,0.0,0.0,0.0,0.0,0.0,0.0,0.0,0.0,0.0,0.0,0.0,0.0,2.0,0.0,0.0,2.0,1.0,0.0,2.0,0.0,0.0,0.0,0.0,4.0,8.0,1.0,1.0,2.0,0.0,8.0,9.0,4.0,10.0,22.0,23.0,19.0,7.0,0.0,0.0,0.0,0.0,0.0,0.0,0.0,0.0,0.0,8.0,0.0,0.0,13.0,7.0,0.0,8.0,0.0,0.0,0.0,0.0,4.0,9.0,1.0,1.0,3.0,0.0,10.0,11.0,7.0,13.0,33.0,35.0,22.0,13.0
175,1.0,175.0,London_11,3years_LHD,1Lon_11,151,453,1092.0,70.0,2.0,162627.0,1.8349409131333232,812.0,144.0,0.0,144.0,259.0,0.0,259.0,213.0,185.0,114.0,24.0,78.0,8.0,31.0,3.0,10.0,5.0,76.0,172.0,200.0,34.0,0.8841698841698842,0.0,0.0,0.0,0.0,0.0,0.0,0.0,0.0,0.0,0.0,0.0,0.0,0.0,0.0,0.0,0.0,0.0,0.0,0.0,0.0,0.0,0.0,0.0,0.0,0.0,0.0,0.0,0.0,0.0,0.0,0.0,0.0,0.0,0.0,0.0,0.0,0.0,0.0,0.0,0.0,1.0,6.0,3.0,0.0,0.0,0.0,7.0,6.0,10.0,11.0,20.0,35.0,20.0,12.0,0.0,0.0,0.0,0.0,0.0,0.0,0.0,0.0,0.0,0.0,0.0,0.0,0.0,0.0,0.0,0.0,0.0,0.0,0.0,0.0,1.0,6.0,3.0,0.0,0.0,0.0,15.0,8.0,14.0,14.0,31.0,57.0,25.0,23.0
176,1.0,176.0,London_11,3years_LHD,1Lon_11,151,453,1092.0,70.0,2.0,131823.0,2.9878445100039244,744.0,53.0,0.0,53.0,85.0,0.0,85.0,259.0,199.0,108.0,18.0,87.0,11.0,24.0,1.0,5.0,8.0,80.0,162.0,203.0,44.0,0.3176470588235294,0.0,0.0,0.0,0.0,0.0,0.0,0.0,0.0,0.0,0.0,0.0,0.0,0.0,0.0,0.0,0.0,0.0,0.0,0.0,0.0,0.0,0.0,0.0,0.0,0.0,0.0,0.0,0.0,0.0,0.0,0.0,0.0,0.0,0.0,0.0,0.0,0.0,0.0,0.0,0.0,1.0,7.0,0.0,0.0,1.0,0.0,4.0,3.0,6.0,4.0,7.0,15.0,13.0,3.0,0.0,0.0,0.0,0.0,0.0,0.0,0.0,0.0,0.0,0.0,0.0,0.0,0.0,0.0,0.0,0.0,0.0,0.0,0.0,0.0,1.0,10.0,0.0,0.0,1.0,0.0,5.0,5.0,9.0,4.0,10.0,22.0,15.0,3.0
177,1.0,177.0,London_11,3years_LHD,1Lon_11,151,453,1092.0,70.0,2.0,139977.0,3.1261516828089952,762.0,62.0,2.0,60.0,121.0,19.0,102.0,85.0,207.0,94.0,12.0,90.0,13.0,27.0,3.0,7.0,10.0,76.0,162.0,205.0,46.0,1.1239669421487604,0.0,0.0,0.0,0.0,0.0,0.0,0.0,0.0,0.0,0.0,0.0,0.0,0.0,0.0,0.0,0.0,0.0,0.0,0.0,0.0,0.0,0.0,0.0,0.0,0.0,0.0,0.0,0.0,0.0,2.0,0.0,0.0,0.0,0.0,2.0,0.0,0.0,0.0,0.0,0.0,0.0,9.0,0.0,0.0,3.0,1.0,6.0,5.0,6.0,7.0,10.0,11.0,12.0,5.0,0.0,0.0,0.0,0.0,0.0,0.0,0.0,0.0,0.0,10.0,0.0,0.0,0.0,0.0,17.0,0.0,0.0,0.0,0.0,0.0,0.0,10.0,0.0,0.0,3.0,2.0,9.0,6.0,9.0,7.0,17.0,14.0,16.0,6.0
178,1.0,178.0,London_11,3years_LHD,1Lon_11,151,453,1092.0,70.0,2.0,149943.0,7.36512765288353,784.0,142.0,2.0,140.0,253.0,18.0,235.0,121.0,216.0,97.0,21.0,80.0,6.0,21.0,5.0,7.0,9.0,71.0,174.0,199.0,44.0,1.743083003952569,0.0,0.0,0.0,0.0,0.0,0.0,0.0,0.0,0.0,0.0,0.0,0.0,0.0,0.0,0.0,0.0,0.0,0.0,0.0,0.0,0.0,0.0,0.0,0.0,0.0,0.0,0.0,0.0,0.0,1.0,1.0,0.0,0.0,0.0,1.0,2.0,0.0,0.0,0.0,0.0,0.0,9.0,0.0,3.0,12.0,0.0,4.0,10.0,13.0,4.0,33.0,27.0,18.0,8.0,0.0,0.0,0.0,0.0,0.0,0.0,0.0,0.0,0.0,7.0,7.0,0.0,0.0,0.0,8.0,9.0,0.0,0.0,0.0,0.0,0.0,13.0,0.0,4.0,12.0,0.0,6.0,13.0,14.0,7.0,46.0,37.0,24.0,10.0
179,1.0,179.0,London_11,3years_LHD,1Lon_11,151,453,1092.0,70.0,2.0,110532.0,1.1590744154527783,697.0,5.0,0.0,5.0,10.0,0.0,10.0,253.0,225.0,94.0,17.0,79.0,5.0,23.0,4.0,6.0,5.0,83.0,151.0,214.0,39.0,0.0,0.0,0.0,0.0,0.0,0.0,0.0,0.0,0.0,0.0,0.0,0.0,0.0,0.0,0.0,0.0,0.0,0.0,0.0,0.0,0.0,0.0,0.0,0.0,0.0,0.0,0.0,0.0,0.0,0.0,0.0,0.0,0.0,0.0,0.0,0.0,0.0,0.0,0.0,0.0,0.0,0.0,0.0,0.0,0.0,0.0,0.0,0.0,0.0,2.0,1.0,0.0,1.0,2.0,0.0,0.0,0.0,0.0,0.0,0.0,0.0,0.0,0.0,0.0,0.0,0.0,0.0,0.0,0.0,0.0,0.0,0.0,0.0,0.0,0.0,0.0,0.0,0.0,0.0,0.0,0.0,0.0,0.0,5.0,2.0,0.0,3.0,2.0,0.0
180,1.0,180.0,London_11,3years_LHD,1Lon_11,151,453,1092.0,70.0,2.0,133182.0,4.3151972237974405,747.0,75.0,1.0,74.0,125.0,9.0,116.0,10.0,227.0,93.0,17.0,76.0,6.0,24.0,4.0,6.0,7.0,80.0,153.0,213.0,42.0,1.392,0.0,0.0,0.0,0.0,0.0,0.0,0.0,0.0,0.0,0.0,0.0,0.0,0.0,0.0,0.0,0.0,0.0,0.0,0.0,0.0,0.0,0.0,0.0,0.0,0.0,0.0,0.0,0.0,0.0,1.0,0.0,0.0,0.0,0.0,0.0,0.0,0.0,0.0,0.0,0.0,3.0,6.0,0.0,2.0,6.0,0.0,7.0,3.0,1.0,11.0,13.0,23.0,17.0,7.0,0.0,0.0,0.0,0.0,0.0,0.0,0.0,0.0,0.0,4.0,0.0,0.0,0.0,0.0,0.0,0.0,0.0,0.0,0.0,0.0,3.0,9.0,0.0,3.0,6.0,0.0,10.0,6.0,1.0,16.0,16.0,32.0,22.0,11.0
181,1.0,181.0,London_11,3years_LHD,1Lon_11,151,453,1092.0,70.0,2.0,137712.0,1.6061174171045423,757.0,113.0,2.0,111.0,209.0,17.0,192.0,125.0,240.0,104.0,12.0,62.0,2.0,28.0,2.0,3.0,3.0,82.0,151.0,217.0,46.0,2.325358851674641,0.0,0.0,0.0,0.0,0.0,0.0,0.0,0.0,0.0,0.0,0.0,0.0,0.0,0.0,0.0,0.0,0.0,0.0,0.0,0.0,0.0,0.0,0.0,0.0,0.0,0.0,0.0,0.0,0.0,1.0,0.0,0.0,2.0,0.0,0.0,1.0,0.0,0.0,0.0,0.0,1.0,8.0,1.0,5.0,6.0,0.0,10.0,3.0,4.0,8.0,17.0,18.0,13.0,8.0,0.0,0.0,0.0,0.0,0.0,0.0,0.0,0.0,0.0,5.0,0.0,0.0,12.0,0.0,0.0,2.0,0.0,0.0,0.0,0.0,1.0,10.0,1.0,9.0,6.0,0.0,17.0,5.0,5.0,11.0,28.0,27.0,18.0,10.0
182,1.0,182.0,London_11,3years_LHD,1Lon_11,151,453,1092.0,70.0,2.0,129105.0,3.9726205309852958,738.0,25.0,0.0,25.0,44.0,0.0,44.0,209.0,239.0,97.0,21.0,58.0,8.0,23.0,2.0,5.0,5.0,76.0,157.0,215.0,31.0,1.5454545454545454,0.0,0.0,0.0,0.0,0.0,0.0,0.0,0.0,0.0,0.0,0.0,0.0,0.0,0.0,0.0,0.0,0.0,0.0,0.0,0.0,0.0,0.0,0.0,0.0,0.0,0.0,0.0,0.0,0.0,0.0,0.0,0.0,0.0,0.0,0.0,0.0,0.0,0.0,0.0,0.0,0.0,2.0,0.0,0.0,1.0,0.0,1.0,1.0,0.0,1.0,5.0,6.0,5.0,1.0,0.0,0.0,0.0,0.0,0.0,0.0,0.0,0.0,0.0,0.0,0.0,0.0,0.0,0.0,0.0,0.0,0.0,0.0,0.0,0.0,0.0,3.0,0.0,0.0,1.0,0.0,2.0,1.0,0.0,1.0,9.0,8.0,6.0,1.0
183,1.0,183.0,London_11,3years_LHD,1Lon_11,151,453,1092.0,70.0,2.0,162627.0,4.455344274640083,812.0,126.0,2.0,124.0,232.0,17.0,215.0,44.0,239.0,94.0,20.0,58.0,9.0,27.0,2.0,4.0,6.0,78.0,162.0,207.0,34.0,2.168103448275862,0.0,0.0,0.0,0.0,0.0,0.0,0.0,0.0,0.0,0.0,0.0,0.0,0.0,0.0,0.0,0.0,0.0,0.0,0.0,0.0,0.0,0.0,0.0,0.0,0.0,0.0,0.0,0.0,0.0,2.0,0.0,0.0,1.0,1.0,1.0,2.0,0.0,0.0,0.0,0.0,7.0,11.0,3.0,1.0,2.0,0.0,10.0,4.0,4.0,17.0,17.0,29.0,21.0,9.0,0.0,0.0,0.0,0.0,0.0,0.0,0.0,0.0,0.0,5.0,0.0,0.0,6.0,4.0,8.0,10.0,0.0,0.0,0.0,0.0,7.0,17.0,3.0,2.0,2.0,0.0,12.0,5.0,7.0,22.0,23.0,48.0,27.0,17.0
184,1.0,184.0,London_11,3years_LHD,1Lon_11,151,453,1092.0,70.0,2.0,147225.0,3.8508118828758597,778.0,47.0,0.0,47.0,85.0,0.0,85.0,232.0,247.0,92.0,18.0,73.0,3.0,15.0,1.0,4.0,5.0,71.0,156.0,221.0,28.0,0.8235294117647058,0.0,0.0,0.0,0.0,0.0,0.0,0.0,0.0,0.0,0.0,0.0,0.0,0.0,0.0,0.0,0.0,0.0,0.0,0.0,0.0,0.0,0.0,0.0,0.0,0.0,0.0,0.0,0.0,0.0,0.0,0.0,0.0,0.0,0.0,0.0,0.0,0.0,0.0,0.0,0.0,1.0,8.0,2.0,1.0,0.0,0.0,4.0,1.0,5.0,5.0,10.0,10.0,10.0,2.0,0.0,0.0,0.0,0.0,0.0,0.0,0.0,0.0,0.0,0.0,0.0,0.0,0.0,0.0,0.0,0.0,0.0,0.0,0.0,0.0,1.0,12.0,2.0,2.0,0.0,0.0,5.0,1.0,9.0,7.0,15.0,14.0,13.0,4.0
185,1.0,185.0,London_11,3years_LHD,1Lon_11,151,453,1092.0,70.0,2.0,166704.0,3.6710206801071763,821.0,37.0,1.0,36.0,75.0,10.0,65.0,85.0,253.0,101.0,22.0,67.0,3.0,3.0,3.0,1.0,3.0,79.0,151.0,220.0,26.0,1.52,0.0,0.0,0.0,0.0,0.0,0.0,0.0,0.0,0.0,0.0,0.0,0.0,0.0,0.0,0.0,0.0,0.0,0.0,0.0,0.0,0.0,0.0,0.0,0.0,0.0,0.0,0.0,0.0,0.0,1.0,0.0,0.0,1.0,0.0,1.0,0.0,1.0,0.0,0.0,0.0,2.0,3.0,0.0,1.0,0.0,0.0,3.0,2.0,2.0,5.0,7.0,7.0,9.0,4.0,0.0,0.0,0.0,0.0,0.0,0.0,0.0,0.0,0.0,3.0,0.0,0.0,8.0,0.0,8.0,0.0,10.0,0.0,0.0,0.0,2.0,7.0,0.0,3.0,0.0,0.0,4.0,2.0,2.0,8.0,12.0,7.0,10.0,5.0
186,1.0,186.0,London_11,3years_LHD,1Lon_11,151,453,1092.0,70.0,2.0,198867.0,5.053710077889264,892.0,58.0,0.0,58.0,92.0,0.0,92.0,75.0,256.0,111.0,26.0,54.0,1.0,3.0,1.0,1.0,2.0,83.0,149.0,219.0,22.0,1.5326086956521738,0.0,0.0,0.0,0.0,0.0,0.0,0.0,0.0,0.0,0.0,0.0,0.0,0.0,0.0,0.0,0.0,0.0,0.0,0.0,0.0,0.0,0.0,0.0,0.0,0.0,0.0,0.0,0.0,0.0,0.0,0.0,0.0,0.0,0.0,0.0,0.0,0.0,0.0,0.0,0.0,1.0,2.0,2.0,2.0,1.0,0.0,11.0,2.0,6.0,5.0,11.0,15.0,16.0,8.0,0.0,0.0,0.0,0.0,0.0,0.0,0.0,0.0,0.0,0.0,0.0,0.0,0.0,0.0,0.0,0.0,0.0,0.0,0.0,0.0,1.0,2.0,2.0,3.0,1.0,0.0,14.0,2.0,7.0,6.0,15.0,23.0,20.0,12.0
187,1.0,187.0,London_11,3years_LHD,1Lon_11,151,453,1092.0,70.0,2.0,216534.0,5.4443033169955015,931.0,177.0,2.0,175.0,322.0,20.0,302.0,92.0,263.0,104.0,25.0,48.0,2.0,6.0,1.0,4.0,4.0,79.0,158.0,212.0,27.0,5.086956521739131,0.0,0.0,0.0,0.0,0.0,0.0,0.0,0.0,0.0,0.0,0.0,0.0,0.0,0.0,0.0,0.0,0.0,0.0,0.0,0.0,0.0,0.0,0.0,0.0,0.0,0.0,0.0,0.0,0.0,2.0,0.0,0.0,1.0,2.0,0.0,1.0,1.0,0.0,0.0,0.0,1.0,0.0,0.0,4.0,3.0,0.0,7.0,5.0,2.0,3.0,33.0,44.0,12.0,11.0,0.0,0.0,0.0,0.0,0.0,0.0,0.0,0.0,0.0,9.0,0.0,0.0,8.0,14.0,0.0,6.0,10.0,0.0,0.0,0.0,1.0,0.0,0.0,6.0,3.0,0.0,9.0,6.0,3.0,3.0,43.0,63.0,14.0,12.0
188,1.0,188.0,London_11,3years_LHD,1Lon_11,151,453,1092.0,70.0,2.0,177576.0,2.9958870615810156,845.0,117.0,2.0,115.0,212.0,16.0,196.0,322.0,174.0,126.0,21.0,85.0,12.0,26.0,1.0,8.0,12.0,66.0,165.0,210.0,45.0,0.419811320754717,0.0,0.0,0.0,0.0,0.0,0.0,0.0,0.0,0.0,0.0,0.0,0.0,0.0,0.0,0.0,0.0,0.0,0.0,0.0,0.0,0.0,0.0,0.0,0.0,0.0,0.0,0.0,0.0,0.0,2.0,0.0,0.0,1.0,0.0,0.0,2.0,0.0,0.0,0.0,0.0,1.0,5.0,4.0,5.0,4.0,0.0,6.0,13.0,9.0,7.0,26.0,24.0,21.0,12.0,0.0,0.0,0.0,0.0,0.0,0.0,0.0,0.0,0.0,8.0,0.0,0.0,6.0,0.0,0.0,8.0,0.0,0.0,0.0,0.0,1.0,6.0,5.0,5.0,4.0,0.0,6.0,20.0,16.0,11.0,36.0,35.0,23.0,18.0
189,1.0,189.0,London_11,3years_LHD,1Lon_11,151,453,1092.0,70.0,2.0,165345.0,2.970484981313348,818.0,146.0,0.0,146.0,259.0,0.0,259.0,212.0,189.0,126.0,19.0,78.0,6.0,23.0,1.0,11.0,17.0,67.0,169.0,200.0,57.0,0.8185328185328186,0.0,0.0,0.0,0.0,0.0,0.0,0.0,0.0,0.0,0.0,0.0,0.0,0.0,0.0,0.0,0.0,0.0,0.0,0.0,0.0,0.0,0.0,0.0,0.0,0.0,0.0,0.0,0.0,0.0,0.0,0.0,0.0,0.0,0.0,0.0,0.0,0.0,0.0,0.0,0.0,2.0,9.0,2.0,3.0,4.0,0.0,12.0,12.0,5.0,18.0,24.0,43.0,24.0,14.0,0.0,0.0,0.0,0.0,0.0,0.0,0.0,0.0,0.0,0.0,0.0,0.0,0.0,0.0,0.0,0.0,0.0,0.0,0.0,0.0,2.0,14.0,2.0,6.0,4.0,0.0,15.0,15.0,7.0,25.0,36.0,63.0,30.0,21.0
190,1.0,190.0,London_11,3years_LHD,1Lon_11,151,453,1092.0,70.0,2.0,133182.0,2.887557609938085,747.0,49.0,0.0,49.0,85.0,0.0,85.0,259.0,204.0,98.0,29.0,79.0,7.0,27.0,0.0,9.0,10.0,77.0,170.0,196.0,32.0,0.6588235294117647,0.0,0.0,0.0,0.0,0.0,0.0,0.0,0.0,0.0,0.0,0.0,0.0,0.0,0.0,0.0,0.0,0.0,0.0,0.0,0.0,0.0,0.0,0.0,0.0,0.0,0.0,0.0,0.0,0.0,0.0,0.0,0.0,0.0,0.0,0.0,0.0,0.0,0.0,0.0,0.0,3.0,6.0,4.0,2.0,1.0,0.0,3.0,7.0,5.0,5.0,14.0,9.0,10.0,6.0,0.0,0.0,0.0,0.0,0.0,0.0,0.0,0.0,0.0,0.0,0.0,0.0,0.0,0.0,0.0,0.0,0.0,0.0,0.0,0.0,4.0,6.0,4.0,2.0,1.0,0.0,4.0,12.0,8.0,7.0,22.0,14.0,12.0,11.0
191,1.0,191.0,London_11,3years_LHD,1Lon_11,151,453,1092.0,70.0,2.0,143148.0,3.4812188129872084,769.0,59.0,2.0,57.0,116.0,17.0,99.0,85.0,209.0,88.0,32.0,78.0,9.0,29.0,0.0,8.0,9.0,74.0,179.0,191.0,28.0,1.4827586206896552,0.0,0.0,0.0,0.0,0.0,0.0,0.0,0.0,0.0,0.0,0.0,0.0,0.0,0.0,0.0,0.0,0.0,0.0,0.0,0.0,0.0,0.0,0.0,0.0,0.0,0.0,0.0,0.0,0.0,2.0,0.0,0.0,0.0,1.0,0.0,0.0,0.0,0.0,0.0,0.0,0.0,3.0,5.0,1.0,3.0,0.0,7.0,9.0,7.0,3.0,6.0,16.0,13.0,5.0,0.0,0.0,0.0,0.0,0.0,0.0,0.0,0.0,0.0,7.0,0.0,0.0,0.0,6.0,0.0,0.0,0.0,0.0,0.0,0.0,0.0,4.0,6.0,1.0,3.0,0.0,9.0,13.0,9.0,4.0,9.0,23.0,17.0,7.0
192,1.0,192.0,London_11,3years_LHD,1Lon_11,151,453,1092.0,70.0,2.0,144507.0,4.766128761693835,772.0,143.0,2.0,141.0,253.0,18.0,235.0,116.0,223.0,73.0,35.0,79.0,10.0,23.0,0.0,10.0,4.0,79.0,180.0,190.0,25.0,1.901185770750988,0.0,0.0,0.0,0.0,0.0,0.0,0.0,0.0,0.0,0.0,0.0,0.0,0.0,0.0,0.0,0.0,0.0,0.0,0.0,0.0,0.0,0.0,0.0,0.0,0.0,0.0,0.0,0.0,0.0,2.0,0.0,0.0,2.0,0.0,1.0,2.0,0.0,0.0,0.0,0.0,5.0,13.0,0.0,1.0,5.0,1.0,6.0,10.0,5.0,6.0,29.0,31.0,23.0,9.0,0.0,0.0,0.0,0.0,0.0,0.0,0.0,0.0,0.0,7.0,0.0,0.0,15.0,0.0,6.0,10.0,0.0,0.0,0.0,0.0,6.0,16.0,0.0,1.0,5.0,2.0,7.0,18.0,7.0,12.0,41.0,41.0,28.0,15.0
193,1.0,193.0,London_11,3years_LHD,1Lon_11,151,453,1092.0,70.0,2.0,104643.0,1.005364317446947,684.0,7.0,0.0,7.0,11.0,0.0,11.0,253.0,229.0,91.0,14.0,72.0,9.0,23.0,0.0,15.0,5.0,81.0,164.0,203.0,35.0,0.0,0.0,0.0,0.0,0.0,0.0,0.0,0.0,0.0,0.0,0.0,0.0,0.0,0.0,0.0,0.0,0.0,0.0,0.0,0.0,0.0,0.0,0.0,0.0,0.0,0.0,0.0,0.0,0.0,0.0,0.0,0.0,0.0,0.0,0.0,0.0,0.0,0.0,0.0,0.0,0.0,0.0,0.0,1.0,1.0,0.0,0.0,1.0,3.0,0.0,2.0,2.0,0.0,1.0,0.0,0.0,0.0,0.0,0.0,0.0,0.0,0.0,0.0,0.0,0.0,0.0,0.0,0.0,0.0,0.0,0.0,0.0,0.0,0.0,0.0,0.0,0.0,2.0,1.0,0.0,0.0,1.0,3.0,0.0,2.0,3.0,0.0,1.0,0.0
194,1.0,194.0,London_11,3years_LHD,1Lon_11,151,453,1092.0,70.0,2.0,128199.0,3.928993501700461,736.0,68.0,0.0,68.0,118.0,0.0,118.0,11.0,232.0,87.0,15.0,73.0,9.0,22.0,0.0,15.0,6.0,81.0,162.0,204.0,36.0,1.5338983050847457,0.0,0.0,0.0,0.0,0.0,0.0,0.0,0.0,0.0,0.0,0.0,0.0,0.0,0.0,0.0,0.0,0.0,0.0,0.0,0.0,0.0,0.0,0.0,0.0,0.0,0.0,0.0,0.0,0.0,0.0,0.0,0.0,0.0,0.0,0.0,0.0,0.0,0.0,0.0,0.0,3.0,8.0,0.0,2.0,1.0,1.0,6.0,4.0,3.0,11.0,8.0,16.0,11.0,7.0,0.0,0.0,0.0,0.0,0.0,0.0,0.0,0.0,0.0,0.0,0.0,0.0,0.0,0.0,0.0,0.0,0.0,0.0,0.0,0.0,4.0,10.0,0.0,4.0,1.0,1.0,6.0,10.0,3.0,15.0,14.0,23.0,14.0,10.0
195,1.0,195.0,London_11,3years_LHD,1Lon_11,151,453,1092.0,70.0,2.0,132276.0,2.9815212273970246,745.0,111.0,2.0,109.0,214.0,22.0,192.0,118.0,242.0,77.0,18.0,62.0,12.0,29.0,2.0,11.0,8.0,69.0,164.0,212.0,39.0,2.7523364485981308,0.0,0.0,0.0,0.0,0.0,0.0,0.0,0.0,0.0,0.0,0.0,0.0,0.0,0.0,0.0,0.0,0.0,0.0,0.0,0.0,0.0,0.0,0.0,0.0,0.0,0.0,0.0,0.0,0.0,1.0,0.0,0.0,0.0,0.0,0.0,1.0,0.0,0.0,0.0,0.0,3.0,7.0,1.0,5.0,0.0,0.0,11.0,7.0,4.0,17.0,15.0,23.0,18.0,7.0,0.0,0.0,0.0,0.0,0.0,0.0,0.0,0.0,0.0,1.0,0.0,0.0,0.0,0.0,0.0,9.0,0.0,0.0,0.0,0.0,3.0,12.0,1.0,8.0,0.0,0.0,14.0,8.0,5.0,23.0,23.0,35.0,23.0,9.0
196,1.0,196.0,London_11,3years_LHD,1Lon_11,151,453,1092.0,70.0,2.0,122763.0,3.352245788089931,724.0,24.0,0.0,24.0,42.0,0.0,42.0,214.0,242.0,89.0,16.0,61.0,6.0,30.0,0.0,9.0,7.0,96.0,156.0,194.0,29.0,1.6904761904761905,0.0,0.0,0.0,0.0,0.0,0.0,0.0,0.0,0.0,0.0,0.0,0.0,0.0,0.0,0.0,0.0,0.0,0.0,0.0,0.0,0.0,0.0,0.0,0.0,0.0,0.0,0.0,0.0,0.0,0.0,0.0,0.0,0.0,0.0,0.0,0.0,0.0,0.0,0.0,0.0,0.0,2.0,1.0,0.0,0.0,0.0,2.0,1.0,2.0,2.0,5.0,7.0,6.0,2.0,0.0,0.0,0.0,0.0,0.0,0.0,0.0,0.0,0.0,0.0,0.0,0.0,0.0,0.0,0.0,0.0,0.0,0.0,0.0,0.0,0.0,2.0,1.0,0.0,0.0,0.0,2.0,1.0,3.0,3.0,6.0,9.0,8.0,2.0
197,1.0,197.0,London_11,3years_LHD,1Lon_11,151,453,1092.0,70.0,2.0,156285.0,4.779883322305977,798.0,128.0,2.0,126.0,231.0,17.0,214.0,42.0,240.0,88.0,17.0,60.0,4.0,31.0,1.0,12.0,10.0,96.0,149.0,198.0,37.0,2.9004329004329006,0.0,0.0,0.0,0.0,0.0,0.0,0.0,0.0,0.0,0.0,0.0,0.0,0.0,0.0,0.0,0.0,0.0,0.0,0.0,0.0,0.0,0.0,0.0,0.0,0.0,0.0,0.0,0.0,0.0,1.0,1.0,0.0,1.0,1.0,0.0,1.0,0.0,0.0,0.0,0.0,2.0,7.0,1.0,5.0,5.0,0.0,12.0,4.0,4.0,15.0,24.0,36.0,16.0,13.0,0.0,0.0,0.0,0.0,0.0,0.0,0.0,0.0,0.0,3.0,5.0,0.0,3.0,7.0,0.0,1.0,0.0,0.0,0.0,0.0,2.0,9.0,2.0,6.0,5.0,0.0,15.0,4.0,4.0,19.0,29.0,53.0,22.0,21.0
198,1.0,198.0,London_11,3years_LHD,1Lon_11,151,453,1092.0,70.0,2.0,143148.0,3.3287062533199787,769.0,49.0,0.0,49.0,85.0,0.0,85.0,231.0,211.0,106.0,17.0,67.0,9.0,24.0,3.0,16.0,8.0,82.0,155.0,208.0,38.0,1.388235294117647,0.0,0.0,0.0,0.0,0.0,0.0,0.0,0.0,0.0,0.0,0.0,0.0,0.0,0.0,0.0,0.0,0.0,0.0,0.0,0.0,0.0,0.0,0.0,0.0,0.0,0.0,0.0,0.0,0.0,0.0,0.0,0.0,0.0,0.0,0.0,0.0,0.0,0.0,0.0,0.0,1.0,2.0,1.0,1.0,1.0,0.0,4.0,5.0,1.0,11.0,12.0,15.0,11.0,7.0,0.0,0.0,0.0,0.0,0.0,0.0,0.0,0.0,0.0,0.0,0.0,0.0,0.0,0.0,0.0,0.0,0.0,0.0,0.0,0.0,1.0,2.0,1.0,1.0,1.0,0.0,5.0,8.0,2.0,14.0,19.0,25.0,16.0,11.0
199,1.0,199.0,London_11,3years_LHD,1Lon_11,151,453,1092.0,70.0,2.0,157644.0,1.497420696541667,801.0,38.0,0.0,38.0,66.0,0.0,66.0,85.0,213.0,122.0,15.0,67.0,9.0,12.0,0.0,15.0,8.0,82.0,157.0,206.0,35.0,1.3181818181818181,0.0,0.0,0.0,0.0,0.0,0.0,0.0,0.0,0.0,0.0,0.0,0.0,0.0,0.0,0.0,0.0,0.0,0.0,0.0,0.0,0.0,0.0,0.0,0.0,0.0,0.0,0.0,0.0,0.0,0.0,0.0,0.0,0.0,0.0,0.0,0.0,0.0,0.0,0.0,0.0,1.0,1.0,2.0,1.0,2.0,0.0,7.0,6.0,2.0,8.0,5.0,8.0,5.0,5.0,0.0,0.0,0.0,0.0,0.0,0.0,0.0,0.0,0.0,0.0,0.0,0.0,0.0,0.0,0.0,0.0,0.0,0.0,0.0,0.0,2.0,1.0,2.0,1.0,2.0,0.0,10.0,8.0,2.0,9.0,6.0,13.0,7.0,8.0
200,1.0,200.0,London_11,3years_LHD,1Lon_11,151,453,1092.0,70.0,2.0,185277.0,4.266699022613466,862.0,53.0,0.0,53.0,93.0,0.0,93.0,66.0,220.0,123.0,13.0,59.0,11.0,9.0,1.0,17.0,7.0,82.0,165.0,199.0,37.0,1.978494623655914,0.0,0.0,0.0,0.0,0.0,0.0,0.0,0.0,0.0,0.0,0.0,0.0,0.0,0.0,0.0,0.0,0.0,0.0,0.0,0.0,0.0,0.0,0.0,0.0,0.0,0.0,0.0,0.0,0.0,0.0,0.0,0.0,0.0,0.0,0.0,0.0,0.0,0.0,0.0,0.0,0.0,3.0,3.0,0.0,0.0,0.0,6.0,9.0,4.0,5.0,11.0,10.0,14.0,5.0,0.0,0.0,0.0,0.0,0.0,0.0,0.0,0.0,0.0,0.0,0.0,0.0,0.0,0.0,0.0,0.0,0.0,0.0,0.0,0.0,0.0,3.0,3.0,0.0,0.0,0.0,7.0,11.0,5.0,6.0,15.0,14.0,18.0,8.0
201,1.0,201.0,London_11,3years_LHD,1Lon_11,151,453,1092.0,70.0,2.0,207927.0,5.391090398654342,912.0,171.0,2.0,169.0,322.0,20.0,302.0,93.0,232.0,117.0,8.0,58.0,11.0,8.0,1.0,18.0,6.0,90.0,162.0,195.0,37.0,4.24223602484472,0.0,0.0,0.0,0.0,0.0,0.0,0.0,0.0,0.0,0.0,0.0,0.0,0.0,0.0,0.0,0.0,0.0,0.0,0.0,0.0,0.0,0.0,0.0,0.0,0.0,0.0,0.0,0.0,0.0,0.0,0.0,0.0,1.0,0.0,1.0,2.0,0.0,0.0,0.0,0.0,1.0,21.0,0.0,3.0,6.0,0.0,5.0,3.0,1.0,7.0,31.0,37.0,24.0,17.0,0.0,0.0,0.0,0.0,0.0,0.0,0.0,0.0,0.0,0.0,0.0,0.0,10.0,0.0,8.0,10.0,0.0,0.0,0.0,0.0,2.0,32.0,0.0,4.0,6.0,0.0,9.0,5.0,1.0,10.0,50.0,58.0,31.0,21.0
202,1.0,202.0,London_11,3years_LHD,1Lon_11,151,453,1092.0,70.0,2.0,165798.0,1.1818492831662297,819.0,118.0,2.0,116.0,215.0,18.0,197.0,322.0,160.0,122.0,21.0,86.0,9.0,36.0,1.0,18.0,7.0,62.0,172.0,212.0,46.0,0.6744186046511628,0.0,0.0,0.0,0.0,0.0,0.0,0.0,0.0,0.0,0.0,0.0,0.0,0.0,0.0,0.0,0.0,0.0,0.0,0.0,0.0,0.0,0.0,0.0,0.0,0.0,0.0,0.0,0.0,0.0,2.0,0.0,0.0,0.0,0.0,0.0,2.0,0.0,0.0,0.0,0.0,4.0,8.0,8.0,0.0,4.0,0.0,11.0,14.0,4.0,8.0,22.0,24.0,21.0,12.0,0.0,0.0,0.0,0.0,0.0,0.0,0.0,0.0,0.0,8.0,0.0,0.0,0.0,0.0,0.0,11.0,0.0,0.0,0.0,0.0,4.0,12.0,9.0,0.0,4.0,0.0,14.0,22.0,6.0,10.0,32.0,36.0,29.0,17.0
203,1.0,203.0,London_11,3years_LHD,1Lon_11,151,453,1092.0,70.0,2.0,152208.0,4.567481303587556,789.0,143.0,0.0,143.0,260.0,0.0,260.0,215.0,177.0,131.0,23.0,72.0,8.0,30.0,0.0,12.0,7.0,69.0,173.0,204.0,44.0,0.9076923076923077,0.0,0.0,0.0,0.0,0.0,0.0,0.0,0.0,0.0,0.0,0.0,0.0,0.0,0.0,0.0,0.0,0.0,0.0,0.0,0.0,0.0,0.0,0.0,0.0,0.0,0.0,0.0,0.0,0.0,0.0,0.0,0.0,0.0,0.0,0.0,0.0,0.0,0.0,0.0,0.0,2.0,7.0,2.0,0.0,1.0,1.0,7.0,13.0,11.0,10.0,28.0,42.0,20.0,15.0,0.0,0.0,0.0,0.0,0.0,0.0,0.0,0.0,0.0,0.0,0.0,0.0,0.0,0.0,0.0,0.0,0.0,0.0,0.0,0.0,2.0,11.0,2.0,0.0,1.0,2.0,8.0,17.0,14.0,12.0,45.0,58.0,27.0,24.0
204,1.0,204.0,London_11,3years_LHD,1Lon_11,151,453,1092.0,70.0,2.0,120498.0,3.5045605655759573,719.0,48.0,0.0,48.0,85.0,0.0,85.0,260.0,187.0,130.0,17.0,72.0,10.0,26.0,1.0,10.0,9.0,80.0,161.0,203.0,45.0,0.6235294117647059,0.0,0.0,0.0,0.0,0.0,0.0,0.0,0.0,0.0,0.0,0.0,0.0,0.0,0.0,0.0,0.0,0.0,0.0,0.0,0.0,0.0,0.0,0.0,0.0,0.0,0.0,0.0,0.0,0.0,0.0,0.0,0.0,0.0,0.0,0.0,0.0,0.0,0.0,0.0,0.0,3.0,7.0,1.0,0.0,1.0,0.0,5.0,3.0,0.0,5.0,13.0,10.0,8.0,6.0,0.0,0.0,0.0,0.0,0.0,0.0,0.0,0.0,0.0,0.0,0.0,0.0,0.0,0.0,0.0,0.0,0.0,0.0,0.0,0.0,4.0,8.0,1.0,0.0,1.0,0.0,5.0,3.0,0.0,7.0,24.0,15.0,10.0,9.0
205,1.0,205.0,London_11,3years_LHD,1Lon_11,151,453,1092.0,70.0,2.0,130011.0,3.640084250830114,740.0,59.0,2.0,57.0,119.0,19.0,100.0,85.0,200.0,134.0,19.0,46.0,10.0,31.0,2.0,11.0,10.0,81.0,159.0,203.0,47.0,1.4621848739495797,0.0,0.0,0.0,0.0,0.0,0.0,0.0,0.0,0.0,0.0,0.0,0.0,0.0,0.0,0.0,0.0,0.0,0.0,0.0,0.0,0.0,0.0,0.0,0.0,0.0,0.0,0.0,0.0,0.0,1.0,0.0,1.0,0.0,0.0,0.0,1.0,0.0,0.0,0.0,0.0,5.0,7.0,7.0,0.0,1.0,0.0,4.0,4.0,3.0,0.0,9.0,17.0,13.0,6.0,0.0,0.0,0.0,0.0,0.0,0.0,0.0,0.0,0.0,4.0,0.0,6.0,0.0,0.0,0.0,5.0,0.0,0.0,0.0,0.0,5.0,12.0,8.0,0.0,1.0,0.0,4.0,8.0,3.0,0.0,14.0,27.0,15.0,11.0
206,1.0,206.0,London_11,3years_LHD,1Lon_11,151,453,1092.0,70.0,2.0,139071.0,3.2186209550127387,760.0,130.0,3.0,127.0,260.0,25.0,235.0,119.0,217.0,143.0,20.0,31.0,8.0,26.0,0.0,8.0,7.0,81.0,167.0,198.0,29.0,1.9538461538461538,0.0,0.0,0.0,0.0,0.0,0.0,0.0,0.0,0.0,0.0,0.0,0.0,0.0,0.0,0.0,0.0,0.0,0.0,0.0,0.0,0.0,0.0,0.0,0.0,0.0,0.0,0.0,0.0,0.0,2.0,0.0,0.0,1.0,0.0,3.0,2.0,0.0,0.0,0.0,0.0,5.0,0.0,5.0,5.0,2.0,0.0,10.0,7.0,6.0,6.0,23.0,33.0,25.0,9.0,0.0,0.0,0.0,0.0,0.0,0.0,0.0,0.0,0.0,4.0,0.0,0.0,4.0,0.0,18.0,8.0,0.0,0.0,0.0,0.0,5.0,0.0,5.0,7.0,2.0,0.0,12.0,12.0,10.0,7.0,35.0,50.0,32.0,12.0
207,1.0,207.0,London_11,3years_LHD,1Lon_11,151,453,1092.0,70.0,2.0,112344.0,3.429042666219175,701.0,4.0,0.0,4.0,10.0,0.0,10.0,260.0,222.0,91.0,20.0,78.0,8.0,26.0,2.0,6.0,5.0,66.0,159.0,223.0,29.0,1.0,0.0,0.0,0.0,0.0,0.0,0.0,0.0,0.0,0.0,0.0,0.0,0.0,0.0,0.0,0.0,0.0,0.0,0.0,0.0,0.0,0.0,0.0,0.0,0.0,0.0,0.0,0.0,0.0,0.0,0.0,0.0,0.0,0.0,0.0,0.0,0.0,0.0,0.0,0.0,0.0,0.0,0.0,0.0,0.0,0.0,0.0,0.0,1.0,0.0,0.0,0.0,1.0,2.0,1.0,0.0,0.0,0.0,0.0,0.0,0.0,0.0,0.0,0.0,0.0,0.0,0.0,0.0,0.0,0.0,0.0,0.0,0.0,0.0,0.0,0.0,0.0,0.0,0.0,0.0,0.0,0.0,2.0,0.0,0.0,0.0,2.0,3.0,2.0
208,1.0,208.0,London_11,3years_LHD,1Lon_11,151,453,1092.0,70.0,2.0,137259.0,1.0755624305456877,756.0,72.0,0.0,72.0,117.0,0.0,117.0,10.0,221.0,90.0,21.0,78.0,9.0,26.0,2.0,6.0,5.0,66.0,159.0,223.0,29.0,2.1794871794871793,0.0,0.0,0.0,0.0,0.0,0.0,0.0,0.0,0.0,0.0,0.0,0.0,0.0,0.0,0.0,0.0,0.0,0.0,0.0,0.0,0.0,0.0,0.0,0.0,0.0,0.0,0.0,0.0,0.0,0.0,0.0,0.0,0.0,0.0,0.0,0.0,0.0,0.0,0.0,0.0,2.0,5.0,4.0,0.0,1.0,1.0,8.0,12.0,3.0,7.0,12.0,18.0,16.0,7.0,0.0,0.0,0.0,0.0,0.0,0.0,0.0,0.0,0.0,0.0,0.0,0.0,0.0,0.0,0.0,0.0,0.0,0.0,0.0,0.0,3.0,6.0,4.0,0.0,1.0,1.0,11.0,17.0,4.0,8.0,17.0,26.0,21.0,10.0
209,1.0,209.0,London_11,3years_LHD,1Lon_11,151,453,1092.0,70.0,2.0,144960.0,1.8882722845301032,773.0,117.0,2.0,115.0,209.0,17.0,192.0,117.0,211.0,107.0,29.0,61.0,10.0,29.0,4.0,2.0,6.0,68.0,156.0,223.0,39.0,1.9186602870813396,0.0,0.0,0.0,0.0,0.0,0.0,0.0,0.0,0.0,0.0,0.0,0.0,0.0,0.0,0.0,0.0,0.0,0.0,0.0,0.0,0.0,0.0,0.0,0.0,0.0,0.0,0.0,0.0,0.0,2.0,0.0,0.0,1.0,1.0,0.0,2.0,0.0,0.0,0.0,0.0,10.0,0.0,0.0,4.0,6.0,0.0,4.0,14.0,2.0,11.0,22.0,29.0,13.0,11.0,0.0,0.0,0.0,0.0,0.0,0.0,0.0,0.0,0.0,11.0,0.0,0.0,4.0,8.0,0.0,7.0,0.0,0.0,0.0,0.0,14.0,0.0,0.0,6.0,6.0,0.0,5.0,16.0,3.0,16.0,28.0,47.0,20.0,16.0
210,1.0,210.0,London_11,3years_LHD,1Lon_11,151,453,1092.0,70.0,2.0,125934.0,4.222213716246188,731.0,24.0,0.0,24.0,40.0,0.0,40.0,209.0,214.0,119.0,16.0,56.0,16.0,28.0,0.0,4.0,9.0,67.0,155.0,222.0,27.0,0.875,0.0,0.0,0.0,0.0,0.0,0.0,0.0,0.0,0.0,0.0,0.0,0.0,0.0,0.0,0.0,0.0,0.0,0.0,0.0,0.0,0.0,0.0,0.0,0.0,0.0,0.0,0.0,0.0,0.0,0.0,0.0,0.0,0.0,0.0,0.0,0.0,0.0,0.0,0.0,0.0,3.0,2.0,1.0,0.0,3.0,1.0,2.0,2.0,0.0,1.0,3.0,8.0,6.0,1.0,0.0,0.0,0.0,0.0,0.0,0.0,0.0,0.0,0.0,0.0,0.0,0.0,0.0,0.0,0.0,0.0,0.0,0.0,0.0,0.0,4.0,2.0,1.0,0.0,4.0,2.0,2.0,3.0,0.0,1.0,6.0,12.0,9.0,2.0
211,1.0,211.0,London_11,3years_LHD,1Lon_11,151,453,1092.0,70.0,2.0,164892.0,4.70134247187525,817.0,132.0,2.0,130.0,230.0,15.0,215.0,40.0,216.0,121.0,23.0,45.0,18.0,29.0,0.0,1.0,9.0,69.0,153.0,222.0,33.0,1.8521739130434782,0.0,0.0,0.0,0.0,0.0,0.0,0.0,0.0,0.0,0.0,0.0,0.0,0.0,0.0,0.0,0.0,0.0,0.0,0.0,0.0,0.0,0.0,0.0,0.0,0.0,0.0,0.0,0.0,0.0,2.0,0.0,0.0,0.0,0.0,0.0,2.0,0.0,0.0,0.0,0.0,2.0,4.0,0.0,2.0,1.0,0.0,7.0,7.0,5.0,8.0,29.0,29.0,28.0,13.0,0.0,0.0,0.0,0.0,0.0,0.0,0.0,0.0,0.0,8.0,0.0,0.0,0.0,0.0,0.0,9.0,0.0,0.0,0.0,0.0,2.0,7.0,0.0,3.0,1.0,0.0,8.0,8.0,10.0,8.0,46.0,39.0,33.0,18.0
212,1.0,212.0,London_11,3years_LHD,1Lon_11,151,453,1092.0,70.0,2.0,144960.0,4.23952124081552,773.0,51.0,0.0,51.0,87.0,0.0,87.0,230.0,227.0,103.0,20.0,75.0,6.0,21.0,1.0,0.0,10.0,53.0,146.0,244.0,35.0,0.9195402298850575,0.0,0.0,0.0,0.0,0.0,0.0,0.0,0.0,0.0,0.0,0.0,0.0,0.0,0.0,0.0,0.0,0.0,0.0,0.0,0.0,0.0,0.0,0.0,0.0,0.0,0.0,0.0,0.0,0.0,0.0,0.0,0.0,0.0,0.0,0.0,0.0,0.0,0.0,0.0,0.0,1.0,5.0,3.0,1.0,1.0,0.0,10.0,5.0,3.0,8.0,7.0,14.0,12.0,3.0,0.0,0.0,0.0,0.0,0.0,0.0,0.0,0.0,0.0,0.0,0.0,0.0,0.0,0.0,0.0,0.0,0.0,0.0,0.0,0.0,2.0,9.0,4.0,3.0,1.0,0.0,16.0,7.0,5.0,11.0,9.0,19.0,16.0,3.0
213,1.0,213.0,London_11,3years_LHD,1Lon_11,151,453,1092.0,70.0,2.0,157191.0,2.291767068207264,800.0,38.0,1.0,37.0,75.0,9.0,66.0,87.0,230.0,98.0,17.0,71.0,8.0,27.0,0.0,2.0,13.0,58.0,150.0,232.0,37.0,2.16,0.0,0.0,0.0,0.0,0.0,0.0,0.0,0.0,0.0,0.0,0.0,0.0,0.0,0.0,0.0,0.0,0.0,0.0,0.0,0.0,0.0,0.0,0.0,0.0,0.0,0.0,0.0,0.0,0.0,1.0,0.0,0.0,0.0,0.0,0.0,1.0,0.0,0.0,0.0,0.0,2.0,4.0,4.0,0.0,1.0,0.0,7.0,3.0,5.0,5.0,6.0,8.0,8.0,3.0,0.0,0.0,0.0,0.0,0.0,0.0,0.0,0.0,0.0,5.0,0.0,0.0,0.0,0.0,0.0,7.0,0.0,0.0,0.0,0.0,2.0,6.0,4.0,0.0,1.0,0.0,8.0,4.0,6.0,7.0,7.0,13.0,10.0,5.0
214,1.0,214.0,London_11,3years_LHD,1Lon_11,151,453,1092.0,70.0,2.0,192525.0,5.501045902259648,878.0,55.0,0.0,55.0,92.0,0.0,92.0,75.0,228.0,98.0,16.0,79.0,6.0,26.0,0.0,0.0,13.0,61.0,161.0,218.0,34.0,1.8369565217391304,0.0,0.0,0.0,0.0,0.0,0.0,0.0,0.0,0.0,0.0,0.0,0.0,0.0,0.0,0.0,0.0,0.0,0.0,0.0,0.0,0.0,0.0,0.0,0.0,0.0,0.0,0.0,0.0,0.0,0.0,0.0,0.0,0.0,0.0,0.0,0.0,0.0,0.0,0.0,0.0,0.0,2.0,1.0,0.0,0.0,0.0,8.0,3.0,4.0,5.0,16.0,19.0,12.0,5.0,0.0,0.0,0.0,0.0,0.0,0.0,0.0,0.0,0.0,0.0,0.0,0.0,0.0,0.0,0.0,0.0,0.0,0.0,0.0,0.0,0.0,2.0,1.0,0.0,0.0,0.0,9.0,5.0,4.0,6.0,23.0,32.0,15.0,8.0
215,1.0,215.0,London_11,3years_LHD,1Lon_11,151,453,1092.0,70.0,2.0,215628.0,7.9526891354471445,929.0,180.0,2.0,178.0,319.0,17.0,302.0,92.0,239.0,106.0,13.0,69.0,6.0,19.0,0.0,1.0,13.0,69.0,152.0,219.0,39.0,4.539184952978056,0.0,0.0,0.0,0.0,0.0,0.0,0.0,0.0,0.0,0.0,0.0,0.0,0.0,0.0,0.0,0.0,0.0,0.0,0.0,0.0,0.0,0.0,0.0,0.0,0.0,0.0,0.0,0.0,0.0,2.0,0.0,0.0,1.0,0.0,1.0,1.0,0.0,0.0,0.0,0.0,2.0,6.0,0.0,6.0,6.0,0.0,8.0,7.0,4.0,3.0,33.0,31.0,28.0,14.0,0.0,0.0,0.0,0.0,0.0,0.0,0.0,0.0,0.0,6.0,0.0,0.0,4.0,0.0,5.0,2.0,0.0,0.0,0.0,0.0,2.0,7.0,0.0,9.0,7.0,0.0,8.0,7.0,6.0,4.0,45.0,43.0,31.0,22.0
216,1.0,216.0,London_11,3years_LHD,1Lon_11,151,453,1092.0,70.0,2.0,177576.0,1.5368035361170769,845.0,117.0,2.0,115.0,214.0,17.0,197.0,319.0,185.0,105.0,23.0,103.0,9.0,23.0,2.0,3.0,6.0,75.0,154.0,218.0,37.0,0.6915887850467289,0.0,0.0,0.0,0.0,0.0,0.0,0.0,0.0,0.0,0.0,0.0,0.0,0.0,0.0,0.0,0.0,0.0,0.0,0.0,0.0,0.0,0.0,0.0,0.0,0.0,0.0,0.0,0.0,0.0,2.0,0.0,0.0,2.0,0.0,0.0,2.0,0.0,0.0,0.0,0.0,1.0,9.0,1.0,4.0,6.0,0.0,6.0,4.0,15.0,4.0,26.0,25.0,25.0,10.0,0.0,0.0,0.0,0.0,0.0,0.0,0.0,0.0,0.0,6.0,0.0,0.0,9.0,0.0,0.0,12.0,0.0,0.0,0.0,0.0,1.0,12.0,1.0,10.0,6.0,0.0,6.0,5.0,21.0,5.0,43.0,35.0,40.0,16.0
217,1.0,217.0,London_11,3years_LHD,1Lon_11,151,453,1092.0,70.0,2.0,157191.0,2.2187123922631145,800.0,150.0,0.0,150.0,259.0,0.0,259.0,214.0,205.0,101.0,15.0,103.0,6.0,16.0,1.0,6.0,8.0,81.0,153.0,211.0,47.0,1.1737451737451738,0.0,0.0,0.0,0.0,0.0,0.0,0.0,0.0,0.0,0.0,0.0,0.0,0.0,0.0,0.0,0.0,0.0,0.0,0.0,0.0,0.0,0.0,0.0,0.0,0.0,0.0,0.0,0.0,0.0,0.0,0.0,0.0,0.0,0.0,0.0,0.0,0.0,0.0,0.0,0.0,1.0,11.0,0.0,5.0,9.0,0.0,7.0,9.0,19.0,13.0,29.0,30.0,29.0,10.0,0.0,0.0,0.0,0.0,0.0,0.0,0.0,0.0,0.0,0.0,0.0,0.0,0.0,0.0,0.0,0.0,0.0,0.0,0.0,0.0,1.0,13.0,0.0,5.0,9.0,0.0,9.0,11.0,23.0,16.0,52.0,47.0,37.0,18.0
218,1.0,218.0,London_11,3years_LHD,1Lon_11,151,453,1092.0,70.0,2.0,116421.0,3.861394272185862,710.0,53.0,0.0,53.0,85.0,0.0,85.0,259.0,219.0,99.0,22.0,77.0,10.0,16.0,3.0,7.0,7.0,93.0,149.0,204.0,33.0,0.5647058823529412,0.0,0.0,0.0,0.0,0.0,0.0,0.0,0.0,0.0,0.0,0.0,0.0,0.0,0.0,0.0,0.0,0.0,0.0,0.0,0.0,0.0,0.0,0.0,0.0,0.0,0.0,0.0,0.0,0.0,0.0,0.0,0.0,0.0,0.0,0.0,0.0,0.0,0.0,0.0,0.0,1.0,3.0,0.0,0.0,0.0,0.0,6.0,5.0,5.0,4.0,11.0,11.0,12.0,3.0,0.0,0.0,0.0,0.0,0.0,0.0,0.0,0.0,0.0,0.0,0.0,0.0,0.0,0.0,0.0,0.0,0.0,0.0,0.0,0.0,2.0,5.0,0.0,0.0,0.0,0.0,7.0,6.0,6.0,4.0,18.0,15.0,19.0,4.0
219,1.0,219.0,London_11,3years_LHD,1Lon_11,151,453,1092.0,70.0,2.0,128199.0,3.7906967969611287,736.0,57.0,2.0,55.0,119.0,19.0,100.0,85.0,224.0,105.0,23.0,75.0,9.0,8.0,4.0,5.0,6.0,86.0,146.0,215.0,31.0,1.915966386554622,0.0,0.0,0.0,0.0,0.0,0.0,0.0,0.0,0.0,0.0,0.0,0.0,0.0,0.0,0.0,0.0,0.0,0.0,0.0,0.0,0.0,0.0,0.0,0.0,0.0,0.0,0.0,0.0,0.0,2.0,0.0,0.0,0.0,0.0,1.0,0.0,0.0,0.0,0.0,0.0,6.0,3.0,2.0,0.0,2.0,0.0,10.0,5.0,3.0,9.0,12.0,13.0,14.0,4.0,0.0,0.0,0.0,0.0,0.0,0.0,0.0,0.0,0.0,10.0,0.0,0.0,0.0,0.0,9.0,0.0,0.0,0.0,0.0,0.0,6.0,3.0,2.0,0.0,2.0,0.0,13.0,5.0,3.0,12.0,25.0,20.0,20.0,6.0
220,1.0,220.0,London_11,3years_LHD,1Lon_11,151,453,1092.0,70.0,2.0,140430.0,3.7823844496160746,763.0,137.0,2.0,135.0,254.0,18.0,236.0,119.0,228.0,114.0,19.0,66.0,8.0,17.0,0.0,1.0,6.0,88.0,148.0,211.0,39.0,2.263779527559055,0.0,0.0,0.0,0.0,0.0,0.0,0.0,0.0,0.0,0.0,0.0,0.0,0.0,0.0,0.0,0.0,0.0,0.0,0.0,0.0,0.0,0.0,0.0,0.0,0.0,0.0,0.0,0.0,0.0,0.0,1.0,0.0,0.0,0.0,1.0,2.0,0.0,0.0,0.0,0.0,3.0,8.0,0.0,1.0,8.0,1.0,10.0,5.0,10.0,11.0,21.0,35.0,17.0,10.0,0.0,0.0,0.0,0.0,0.0,0.0,0.0,0.0,0.0,0.0,7.0,0.0,0.0,0.0,7.0,9.0,0.0,0.0,0.0,0.0,3.0,10.0,0.0,1.0,8.0,1.0,11.0,6.0,10.0,13.0,35.0,51.0,23.0,14.0
221,1.0,221.0,London_11,3years_LHD,1Lon_11,151,453,1092.0,70.0,2.0,105549.0,1.2231541881337762,686.0,7.0,0.0,7.0,12.0,0.0,12.0,254.0,218.0,116.0,16.0,72.0,5.0,21.0,2.0,3.0,8.0,80.0,156.0,209.0,48.0,0.0,0.0,0.0,0.0,0.0,0.0,0.0,0.0,0.0,0.0,0.0,0.0,0.0,0.0,0.0,0.0,0.0,0.0,0.0,0.0,0.0,0.0,0.0,0.0,0.0,0.0,0.0,0.0,0.0,0.0,0.0,0.0,0.0,0.0,0.0,0.0,0.0,0.0,0.0,0.0,0.0,0.0,0.0,0.0,0.0,0.0,0.0,1.0,0.0,0.0,2.0,1.0,3.0,1.0,1.0,0.0,0.0,0.0,0.0,0.0,0.0,0.0,0.0,0.0,0.0,0.0,0.0,0.0,0.0,0.0,0.0,0.0,0.0,0.0,0.0,0.0,0.0,0.0,0.0,0.0,0.0,1.0,0.0,0.0,4.0,2.0,4.0,1.0,2.0
222,1.0,222.0,London_11,3years_LHD,1Lon_11,151,453,1092.0,70.0,2.0,132276.0,4.611746788024902,745.0,62.0,1.0,61.0,125.0,9.0,116.0,12.0,220.0,120.0,19.0,65.0,5.0,19.0,2.0,3.0,8.0,79.0,157.0,209.0,48.0,1.864,0.0,0.0,0.0,0.0,0.0,0.0,0.0,0.0,0.0,0.0,0.0,0.0,0.0,0.0,0.0,0.0,0.0,0.0,0.0,0.0,0.0,0.0,0.0,0.0,0.0,0.0,0.0,0.0,0.0,1.0,0.0,0.0,0.0,0.0,0.0,0.0,0.0,0.0,0.0,0.0,2.0,6.0,2.0,0.0,0.0,0.0,1.0,9.0,3.0,12.0,15.0,23.0,9.0,8.0,0.0,0.0,0.0,0.0,0.0,0.0,0.0,0.0,0.0,6.0,0.0,0.0,0.0,0.0,0.0,0.0,0.0,0.0,0.0,0.0,2.0,7.0,2.0,0.0,0.0,0.0,1.0,14.0,3.0,18.0,28.0,40.0,13.0,11.0
223,1.0,223.0,London_11,3years_LHD,1Lon_11,151,453,1092.0,70.0,2.0,139071.0,4.521561033092439,760.0,108.0,2.0,106.0,208.0,17.0,191.0,125.0,225.0,124.0,12.0,63.0,3.0,25.0,1.0,0.0,11.0,84.0,164.0,194.0,54.0,2.019230769230769,0.0,0.0,0.0,0.0,0.0,0.0,0.0,0.0,0.0,0.0,0.0,0.0,0.0,0.0,0.0,0.0,0.0,0.0,0.0,0.0,0.0,0.0,0.0,0.0,0.0,0.0,0.0,0.0,0.0,0.0,0.0,0.0,2.0,0.0,0.0,1.0,0.0,0.0,0.0,0.0,2.0,4.0,0.0,3.0,2.0,0.0,7.0,5.0,12.0,12.0,18.0,30.0,15.0,17.0,0.0,0.0,0.0,0.0,0.0,0.0,0.0,0.0,0.0,0.0,0.0,0.0,14.0,0.0,0.0,4.0,0.0,0.0,0.0,0.0,3.0,5.0,0.0,4.0,2.0,0.0,9.0,7.0,17.0,15.0,26.0,41.0,23.0,26.0
224,1.0,224.0,London_11,3years_LHD,1Lon_11,151,453,1092.0,70.0,2.0,124122.0,3.8099946854636073,727.0,29.0,0.0,29.0,46.0,0.0,46.0,208.0,229.0,116.0,14.0,53.0,6.0,28.0,1.0,6.0,11.0,90.0,141.0,211.0,43.0,1.1956521739130435,0.0,0.0,0.0,0.0,0.0,0.0,0.0,0.0,0.0,0.0,0.0,0.0,0.0,0.0,0.0,0.0,0.0,0.0,0.0,0.0,0.0,0.0,0.0,0.0,0.0,0.0,0.0,0.0,0.0,0.0,0.0,0.0,0.0,0.0,0.0,0.0,0.0,0.0,0.0,0.0,0.0,2.0,0.0,0.0,1.0,0.0,3.0,4.0,4.0,7.0,5.0,7.0,11.0,0.0,0.0,0.0,0.0,0.0,0.0,0.0,0.0,0.0,0.0,0.0,0.0,0.0,0.0,0.0,0.0,0.0,0.0,0.0,0.0,0.0,0.0,2.0,0.0,0.0,1.0,0.0,5.0,5.0,5.0,9.0,6.0,10.0,11.0,0.0
225,1.0,225.0,London_11,3years_LHD,1Lon_11,151,453,1092.0,70.0,2.0,156738.0,0.9097539056092501,799.0,120.0,2.0,118.0,232.0,17.0,215.0,46.0,231.0,123.0,9.0,47.0,8.0,29.0,1.0,5.0,11.0,93.0,132.0,217.0,51.0,2.0086206896551726,0.0,0.0,0.0,0.0,0.0,0.0,0.0,0.0,0.0,0.0,0.0,0.0,0.0,0.0,0.0,0.0,0.0,0.0,0.0,0.0,0.0,0.0,0.0,0.0,0.0,0.0,0.0,0.0,0.0,2.0,0.0,0.0,1.0,1.0,1.0,1.0,0.0,0.0,0.0,0.0,3.0,0.0,0.0,4.0,4.0,0.0,7.0,9.0,5.0,9.0,19.0,24.0,17.0,11.0,0.0,0.0,0.0,0.0,0.0,0.0,0.0,0.0,0.0,6.0,0.0,0.0,4.0,3.0,7.0,4.0,0.0,0.0,0.0,0.0,4.0,0.0,0.0,5.0,4.0,0.0,10.0,11.0,8.0,15.0,30.0,36.0,21.0,17.0
226,1.0,226.0,London_11,3years_LHD,1Lon_11,151,453,1092.0,70.0,2.0,144054.0,2.5401265658438206,771.0,48.0,0.0,48.0,85.0,0.0,85.0,232.0,225.0,89.0,10.0,72.0,16.0,27.0,3.0,11.0,7.0,71.0,158.0,217.0,35.0,0.5882352941176471,0.0,0.0,0.0,0.0,0.0,0.0,0.0,0.0,0.0,0.0,0.0,0.0,0.0,0.0,0.0,0.0,0.0,0.0,0.0,0.0,0.0,0.0,0.0,0.0,0.0,0.0,0.0,0.0,0.0,0.0,0.0,0.0,0.0,0.0,0.0,0.0,0.0,0.0,0.0,0.0,3.0,6.0,0.0,0.0,1.0,0.0,6.0,5.0,7.0,4.0,9.0,12.0,9.0,3.0,0.0,0.0,0.0,0.0,0.0,0.0,0.0,0.0,0.0,0.0,0.0,0.0,0.0,0.0,0.0,0.0,0.0,0.0,0.0,0.0,5.0,11.0,0.0,0.0,1.0,0.0,8.0,10.0,8.0,5.0,16.0,16.0,14.0,4.0
227,1.0,227.0,London_11,3years_LHD,1Lon_11,151,453,1092.0,70.0,2.0,168063.0,3.6012467704713345,824.0,39.0,1.0,38.0,75.0,10.0,65.0,85.0,234.0,81.0,13.0,61.0,18.0,32.0,2.0,12.0,8.0,72.0,166.0,207.0,46.0,0.9866666666666667,0.0,0.0,0.0,0.0,0.0,0.0,0.0,0.0,0.0,0.0,0.0,0.0,0.0,0.0,0.0,0.0,0.0,0.0,0.0,0.0,0.0,0.0,0.0,0.0,0.0,0.0,0.0,0.0,0.0,0.0,0.0,0.0,0.0,0.0,1.0,0.0,1.0,0.0,0.0,0.0,2.0,7.0,1.0,0.0,0.0,0.0,7.0,3.0,2.0,3.0,6.0,10.0,5.0,6.0,0.0,0.0,0.0,0.0,0.0,0.0,0.0,0.0,0.0,0.0,0.0,0.0,0.0,0.0,7.0,0.0,10.0,0.0,0.0,0.0,3.0,10.0,1.0,0.0,0.0,0.0,8.0,5.0,2.0,4.0,8.0,13.0,8.0,11.0
228,1.0,228.0,London_11,3years_LHD,1Lon_11,151,453,1092.0,70.0,2.0,195243.0,5.407436352223158,884.0,56.0,0.0,56.0,92.0,0.0,92.0,75.0,252.0,87.0,15.0,46.0,17.0,25.0,2.0,9.0,6.0,76.0,159.0,212.0,39.0,2.0869565217391304,0.0,0.0,0.0,0.0,0.0,0.0,0.0,0.0,0.0,0.0,0.0,0.0,0.0,0.0,0.0,0.0,0.0,0.0,0.0,0.0,0.0,0.0,0.0,0.0,0.0,0.0,0.0,0.0,0.0,0.0,0.0,0.0,0.0,0.0,0.0,0.0,0.0,0.0,0.0,0.0,0.0,4.0,0.0,0.0,0.0,0.0,3.0,3.0,6.0,6.0,13.0,10.0,15.0,2.0,0.0,0.0,0.0,0.0,0.0,0.0,0.0,0.0,0.0,0.0,0.0,0.0,0.0,0.0,0.0,0.0,0.0,0.0,0.0,0.0,0.0,6.0,0.0,0.0,0.0,0.0,4.0,3.0,9.0,7.0,20.0,10.0,23.0,3.0
229,1.0,229.0,London_11,3years_LHD,1Lon_11,151,453,1092.0,70.0,2.0,207474.0,5.599669643677771,911.0,172.0,2.0,170.0,323.0,20.0,303.0,92.0,257.0,90.0,19.0,35.0,16.0,25.0,3.0,8.0,3.0,73.0,166.0,211.0,34.0,4.74922600619195,0.0,0.0,0.0,0.0,0.0,0.0,0.0,0.0,0.0,0.0,0.0,0.0,0.0,0.0,0.0,0.0,0.0,0.0,0.0,0.0,0.0,0.0,0.0,0.0,0.0,0.0,0.0,0.0,0.0,2.0,0.0,0.0,1.0,1.0,0.0,1.0,1.0,0.0,0.0,0.0,1.0,11.0,0.0,1.0,5.0,1.0,2.0,12.0,1.0,9.0,31.0,55.0,26.0,6.0,0.0,0.0,0.0,0.0,0.0,0.0,0.0,0.0,0.0,11.0,0.0,0.0,9.0,9.0,0.0,7.0,9.0,0.0,0.0,0.0,1.0,16.0,0.0,2.0,5.0,4.0,2.0,18.0,2.0,11.0,50.0,81.0,29.0,8.0
230,1.0,230.0,London_11,3years_LHD,1Lon_11,151,453,1092.0,70.0,2.0,173499.0,3.6670293621718884,836.0,111.0,2.0,109.0,212.0,16.0,196.0,323.0,166.0,125.0,31.0,86.0,12.0,19.0,4.0,10.0,11.0,73.0,174.0,195.0,43.0,0.4481132075471698,0.0,0.0,0.0,0.0,0.0,0.0,0.0,0.0,0.0,0.0,0.0,0.0,0.0,0.0,0.0,0.0,0.0,0.0,0.0,0.0,0.0,0.0,0.0,0.0,0.0,0.0,0.0,0.0,0.0,2.0,0.0,0.0,1.0,0.0,0.0,1.0,0.0,0.0,0.0,0.0,8.0,4.0,1.0,5.0,2.0,0.0,15.0,9.0,8.0,9.0,22.0,20.0,17.0,17.0,0.0,0.0,0.0,0.0,0.0,0.0,0.0,0.0,0.0,9.0,0.0,0.0,6.0,0.0,0.0,1.0,0.0,0.0,0.0,0.0,11.0,8.0,1.0,6.0,2.0,0.0,23.0,12.0,11.0,10.0,35.0,30.0,22.0,22.0
231,1.0,231.0,London_11,3years_LHD,1Lon_11,151,453,1092.0,70.0,2.0,159003.0,9.775268574245274,804.0,153.0,0.0,153.0,260.0,0.0,260.0,212.0,182.0,119.0,27.0,93.0,14.0,12.0,2.0,4.0,9.0,79.0,166.0,199.0,39.0,0.8923076923076924,0.0,0.0,0.0,0.0,0.0,0.0,0.0,0.0,0.0,0.0,0.0,0.0,0.0,0.0,0.0,0.0,0.0,0.0,0.0,0.0,0.0,0.0,0.0,0.0,0.0,0.0,0.0,0.0,0.0,0.0,0.0,0.0,0.0,0.0,0.0,0.0,0.0,0.0,0.0,0.0,1.0,11.0,0.0,0.0,2.0,1.0,7.0,12.0,14.0,18.0,26.0,31.0,22.0,11.0,0.0,0.0,0.0,0.0,0.0,0.0,0.0,0.0,0.0,0.0,0.0,0.0,0.0,0.0,0.0,0.0,0.0,0.0,0.0,0.0,1.0,15.0,0.0,0.0,2.0,2.0,10.0,19.0,18.0,25.0,42.0,41.0,23.0,16.0
232,1.0,232.0,London_11,3years_LHD,1Lon_11,151,453,1092.0,70.0,2.0,120498.0,4.264630328863859,719.0,52.0,0.0,52.0,85.0,0.0,85.0,260.0,193.0,118.0,27.0,86.0,9.0,15.0,1.0,4.0,8.0,81.0,161.0,203.0,40.0,0.5529411764705883,0.0,0.0,0.0,0.0,0.0,0.0,0.0,0.0,0.0,0.0,0.0,0.0,0.0,0.0,0.0,0.0,0.0,0.0,0.0,0.0,0.0,0.0,0.0,0.0,0.0,0.0,0.0,0.0,0.0,0.0,0.0,0.0,0.0,0.0,0.0,0.0,0.0,0.0,0.0,0.0,1.0,2.0,1.0,2.0,3.0,0.0,8.0,3.0,7.0,3.0,7.0,7.0,12.0,3.0,0.0,0.0,0.0,0.0,0.0,0.0,0.0,0.0,0.0,0.0,0.0,0.0,0.0,0.0,0.0,0.0,0.0,0.0,0.0,0.0,1.0,4.0,1.0,2.0,3.0,0.0,10.0,4.0,9.0,3.0,9.0,9.0,17.0,3.0
233,1.0,233.0,London_11,3years_LHD,1Lon_11,151,453,1092.0,70.0,2.0,131370.0,2.3218154814094305,743.0,59.0,2.0,57.0,116.0,17.0,99.0,85.0,200.0,114.0,25.0,85.0,9.0,15.0,1.0,4.0,12.0,80.0,159.0,202.0,49.0,1.8275862068965518,0.0,0.0,0.0,0.0,0.0,0.0,0.0,0.0,0.0,0.0,0.0,0.0,0.0,0.0,0.0,0.0,0.0,0.0,0.0,0.0,0.0,0.0,0.0,0.0,0.0,0.0,0.0,0.0,0.0,2.0,0.0,0.0,0.0,1.0,0.0,1.0,0.0,0.0,0.0,0.0,0.0,3.0,1.0,0.0,2.0,0.0,3.0,5.0,6.0,5.0,15.0,13.0,26.0,9.0,0.0,0.0,0.0,0.0,0.0,0.0,0.0,0.0,0.0,8.0,0.0,0.0,0.0,8.0,0.0,4.0,0.0,0.0,0.0,0.0,0.0,5.0,1.0,0.0,2.0,0.0,4.0,7.0,10.0,6.0,22.0,22.0,30.0,13.0
234,1.0,234.0,London_11,3years_LHD,1Lon_11,151,453,1092.0,70.0,2.0,138165.0,3.8087928174063563,758.0,134.0,2.0,132.0,254.0,18.0,236.0,116.0,212.0,131.0,19.0,67.0,10.0,8.0,2.0,4.0,6.0,67.0,162.0,218.0,39.0,1.6023622047244095,0.0,0.0,0.0,0.0,0.0,0.0,0.0,0.0,0.0,0.0,0.0,0.0,0.0,0.0,0.0,0.0,0.0,0.0,0.0,0.0,0.0,0.0,0.0,0.0,0.0,0.0,0.0,0.0,0.0,1.0,0.0,0.0,2.0,0.0,0.0,2.0,0.0,0.0,0.0,0.0,0.0,1.0,0.0,0.0,7.0,0.0,14.0,8.0,10.0,11.0,28.0,31.0,18.0,7.0,0.0,0.0,0.0,0.0,0.0,0.0,0.0,0.0,0.0,6.0,0.0,0.0,7.0,0.0,0.0,9.0,0.0,0.0,0.0,0.0,0.0,1.0,0.0,0.0,7.0,0.0,19.0,9.0,12.0,15.0,42.0,47.0,20.0,10.0
235,1.0,235.0,London_11,3years_LHD,1Lon_11,151,453,1092.0,70.0,2.0,105096.0,2.980937011539936,685.0,5.0,0.0,5.0,10.0,0.0,10.0,254.0,225.0,93.0,21.0,85.0,5.0,16.0,1.0,7.0,5.0,82.0,154.0,212.0,41.0,0.0,0.0,0.0,0.0,0.0,0.0,0.0,0.0,0.0,0.0,0.0,0.0,0.0,0.0,0.0,0.0,0.0,0.0,0.0,0.0,0.0,0.0,0.0,0.0,0.0,0.0,0.0,0.0,0.0,0.0,0.0,0.0,0.0,0.0,0.0,0.0,0.0,0.0,0.0,0.0,0.0,0.0,0.0,0.0,1.0,0.0,0.0,1.0,1.0,1.0,0.0,2.0,1.0,0.0,0.0,0.0,0.0,0.0,0.0,0.0,0.0,0.0,0.0,0.0,0.0,0.0,0.0,0.0,0.0,0.0,0.0,0.0,0.0,0.0,0.0,0.0,0.0,0.0,1.0,0.0,0.0,2.0,3.0,1.0,0.0,4.0,2.0,0.0,0.0
236,1.0,236.0,London_11,3years_LHD,1Lon_11,151,453,1092.0,70.0,2.0,133182.0,1.1040460020303726,747.0,69.0,0.0,69.0,117.0,0.0,117.0,10.0,227.0,93.0,22.0,80.0,5.0,18.0,1.0,7.0,5.0,82.0,152.0,214.0,43.0,1.7692307692307692,0.0,0.0,0.0,0.0,0.0,0.0,0.0,0.0,0.0,0.0,0.0,0.0,0.0,0.0,0.0,0.0,0.0,0.0,0.0,0.0,0.0,0.0,0.0,0.0,0.0,0.0,0.0,0.0,0.0,0.0,0.0,0.0,0.0,0.0,0.0,0.0,0.0,0.0,0.0,0.0,3.0,4.0,2.0,2.0,4.0,0.0,14.0,4.0,5.0,13.0,12.0,18.0,21.0,4.0,0.0,0.0,0.0,0.0,0.0,0.0,0.0,0.0,0.0,0.0,0.0,0.0,0.0,0.0,0.0,0.0,0.0,0.0,0.0,0.0,3.0,7.0,2.0,3.0,4.0,0.0,18.0,8.0,8.0,18.0,16.0,23.0,27.0,7.0
237,1.0,237.0,London_11,3years_LHD,1Lon_11,151,453,1092.0,70.0,2.0,135900.0,4.706369165331125,753.0,109.0,2.0,107.0,214.0,22.0,192.0,117.0,233.0,105.0,19.0,71.0,5.0,16.0,1.0,3.0,6.0,83.0,165.0,199.0,46.0,2.439252336448598,0.0,0.0,0.0,0.0,0.0,0.0,0.0,0.0,0.0,0.0,0.0,0.0,0.0,0.0,0.0,0.0,0.0,0.0,0.0,0.0,0.0,0.0,0.0,0.0,0.0,0.0,0.0,0.0,0.0,0.0,0.0,0.0,0.0,0.0,0.0,1.0,0.0,0.0,0.0,0.0,5.0,3.0,1.0,1.0,1.0,0.0,15.0,9.0,12.0,10.0,15.0,23.0,20.0,10.0,0.0,0.0,0.0,0.0,0.0,0.0,0.0,0.0,0.0,0.0,0.0,0.0,0.0,0.0,0.0,6.0,0.0,0.0,0.0,0.0,6.0,4.0,1.0,1.0,1.0,0.0,20.0,10.0,17.0,15.0,24.0,39.0,23.0,20.0
238,1.0,238.0,London_11,3years_LHD,1Lon_11,151,453,1092.0,70.0,2.0,124575.0,1.655094726011157,728.0,25.0,0.0,25.0,43.0,0.0,43.0,214.0,231.0,106.0,15.0,70.0,7.0,19.0,2.0,3.0,7.0,95.0,153.0,198.0,35.0,0.4883720930232558,0.0,0.0,0.0,0.0,0.0,0.0,0.0,0.0,0.0,0.0,0.0,0.0,0.0,0.0,0.0,0.0,0.0,0.0,0.0,0.0,0.0,0.0,0.0,0.0,0.0,0.0,0.0,0.0,0.0,0.0,0.0,0.0,0.0,0.0,0.0,0.0,0.0,0.0,0.0,0.0,3.0,0.0,1.0,0.0,0.0,0.0,3.0,2.0,2.0,5.0,6.0,4.0,5.0,2.0,0.0,0.0,0.0,0.0,0.0,0.0,0.0,0.0,0.0,0.0,0.0,0.0,0.0,0.0,0.0,0.0,0.0,0.0,0.0,0.0,4.0,0.0,1.0,0.0,0.0,0.0,5.0,2.0,3.0,8.0,9.0,5.0,6.0,2.0
239,1.0,239.0,London_11,3years_LHD,1Lon_11,151,453,1092.0,70.0,2.0,154473.0,2.466407747939229,794.0,120.0,2.0,118.0,231.0,17.0,214.0,43.0,236.0,104.0,14.0,71.0,9.0,16.0,2.0,1.0,8.0,90.0,162.0,193.0,38.0,2.1991341991341993,0.0,0.0,0.0,0.0,0.0,0.0,0.0,0.0,0.0,0.0,0.0,0.0,0.0,0.0,0.0,0.0,0.0,0.0,0.0,0.0,0.0,0.0,0.0,0.0,0.0,0.0,0.0,0.0,0.0,1.0,1.0,0.0,1.0,0.0,0.0,1.0,0.0,0.0,0.0,0.0,2.0,2.0,0.0,2.0,1.0,0.0,10.0,7.0,10.0,8.0,16.0,31.0,22.0,9.0,0.0,0.0,0.0,0.0,0.0,0.0,0.0,0.0,0.0,5.0,6.0,0.0,7.0,0.0,0.0,5.0,0.0,0.0,0.0,0.0,2.0,2.0,0.0,2.0,1.0,0.0,10.0,9.0,13.0,11.0,22.0,49.0,29.0,16.0
240,1.0,240.0,London_11,3years_LHD,1Lon_11,151,453,1092.0,70.0,2.0,146319.0,4.76213026419282,776.0,46.0,0.0,46.0,85.0,0.0,85.0,231.0,244.0,87.0,9.0,78.0,9.0,20.0,2.0,4.0,7.0,81.0,166.0,199.0,19.0,0.5882352941176471,0.0,0.0,0.0,0.0,0.0,0.0,0.0,0.0,0.0,0.0,0.0,0.0,0.0,0.0,0.0,0.0,0.0,0.0,0.0,0.0,0.0,0.0,0.0,0.0,0.0,0.0,0.0,0.0,0.0,0.0,0.0,0.0,0.0,0.0,0.0,0.0,0.0,0.0,0.0,0.0,2.0,9.0,6.0,0.0,2.0,0.0,8.0,5.0,5.0,3.0,11.0,11.0,8.0,5.0,0.0,0.0,0.0,0.0,0.0,0.0,0.0,0.0,0.0,0.0,0.0,0.0,0.0,0.0,0.0,0.0,0.0,0.0,0.0,0.0,3.0,13.0,8.0,0.0,2.0,0.0,12.0,8.0,6.0,4.0,18.0,17.0,13.0,8.0
241,1.0,241.0,London_11,3years_LHD,1Lon_11,151,453,1092.0,70.0,2.0,165345.0,4.181746552698314,818.0,40.0,0.0,40.0,66.0,0.0,66.0,85.0,249.0,91.0,10.0,79.0,4.0,16.0,1.0,3.0,11.0,84.0,172.0,186.0,29.0,1.5606060606060606,0.0,0.0,0.0,0.0,0.0,0.0,0.0,0.0,0.0,0.0,0.0,0.0,0.0,0.0,0.0,0.0,0.0,0.0,0.0,0.0,0.0,0.0,0.0,0.0,0.0,0.0,0.0,0.0,0.0,0.0,0.0,0.0,0.0,0.0,0.0,0.0,0.0,0.0,0.0,0.0,0.0,5.0,3.0,0.0,0.0,0.0,6.0,0.0,3.0,2.0,8.0,12.0,6.0,3.0,0.0,0.0,0.0,0.0,0.0,0.0,0.0,0.0,0.0,0.0,0.0,0.0,0.0,0.0,0.0,0.0,0.0,0.0,0.0,0.0,0.0,9.0,3.0,0.0,0.0,0.0,8.0,0.0,4.0,2.0,11.0,15.0,10.0,3.0
242,1.0,242.0,London_11,3years_LHD,1Lon_11,151,453,1092.0,70.0,2.0,193884.0,2.9436042746528983,881.0,50.0,0.0,50.0,92.0,0.0,92.0,66.0,248.0,95.0,11.0,67.0,7.0,19.0,1.0,5.0,12.0,79.0,175.0,187.0,33.0,2.0434782608695654,0.0,0.0,0.0,0.0,0.0,0.0,0.0,0.0,0.0,0.0,0.0,0.0,0.0,0.0,0.0,0.0,0.0,0.0,0.0,0.0,0.0,0.0,0.0,0.0,0.0,0.0,0.0,0.0,0.0,0.0,0.0,0.0,0.0,0.0,0.0,0.0,0.0,0.0,0.0,0.0,2.0,5.0,1.0,0.0,1.0,0.0,4.0,4.0,2.0,3.0,11.0,13.0,13.0,2.0,0.0,0.0,0.0,0.0,0.0,0.0,0.0,0.0,0.0,0.0,0.0,0.0,0.0,0.0,0.0,0.0,0.0,0.0,0.0,0.0,2.0,6.0,1.0,0.0,1.0,0.0,5.0,5.0,2.0,3.0,24.0,19.0,17.0,5.0
243,1.0,243.0,London_11,3years_LHD,1Lon_11,151,453,1092.0,70.0,2.0,213816.0,3.2488910146057606,925.0,177.0,2.0,175.0,322.0,20.0,302.0,92.0,257.0,93.0,9.0,66.0,5.0,20.0,1.0,2.0,13.0,88.0,169.0,183.0,34.0,4.869565217391305,0.0,0.0,0.0,0.0,0.0,0.0,0.0,0.0,0.0,0.0,0.0,0.0,0.0,0.0,0.0,0.0,0.0,0.0,0.0,0.0,0.0,0.0,0.0,0.0,0.0,0.0,0.0,0.0,0.0,0.0,0.0,0.0,1.0,0.0,1.0,2.0,0.0,0.0,0.0,0.0,0.0,9.0,1.0,0.0,0.0,0.0,9.0,2.0,5.0,4.0,37.0,52.0,18.0,14.0,0.0,0.0,0.0,0.0,0.0,0.0,0.0,0.0,0.0,0.0,0.0,0.0,5.0,0.0,7.0,8.0,0.0,0.0,0.0,0.0,0.0,13.0,1.0,0.0,0.0,0.0,12.0,2.0,7.0,6.0,51.0,78.0,21.0,21.0
244,1.0,244.0,London_11,3years_LHD,1Lon_11,151,453,1092.0,70.0,2.0,175311.0,2.458765722811222,840.0,118.0,2.0,116.0,215.0,18.0,197.0,322.0,176.0,96.0,24.0,105.0,9.0,30.0,3.0,10.0,15.0,78.0,169.0,191.0,53.0,0.6139534883720931,0.0,0.0,0.0,0.0,0.0,0.0,0.0,0.0,0.0,0.0,0.0,0.0,0.0,0.0,0.0,0.0,0.0,0.0,0.0,0.0,0.0,0.0,0.0,0.0,0.0,0.0,0.0,0.0,0.0,2.0,0.0,0.0,0.0,0.0,0.0,2.0,0.0,0.0,0.0,0.0,2.0,10.0,7.0,1.0,8.0,0.0,10.0,9.0,9.0,8.0,23.0,24.0,17.0,10.0,0.0,0.0,0.0,0.0,0.0,0.0,0.0,0.0,0.0,10.0,0.0,0.0,0.0,0.0,0.0,11.0,0.0,0.0,0.0,0.0,2.0,16.0,7.0,2.0,8.0,0.0,14.0,11.0,14.0,8.0,37.0,40.0,19.0,13.0
245,1.0,245.0,London_11,3years_LHD,1Lon_11,151,453,1092.0,70.0,2.0,160362.0,5.062344714067876,807.0,146.0,0.0,146.0,259.0,0.0,259.0,215.0,184.0,115.0,27.0,93.0,5.0,25.0,1.0,3.0,9.0,70.0,181.0,193.0,50.0,0.7683397683397684,0.0,0.0,0.0,0.0,0.0,0.0,0.0,0.0,0.0,0.0,0.0,0.0,0.0,0.0,0.0,0.0,0.0,0.0,0.0,0.0,0.0,0.0,0.0,0.0,0.0,0.0,0.0,0.0,0.0,0.0,0.0,0.0,0.0,0.0,0.0,0.0,0.0,0.0,0.0,0.0,3.0,13.0,2.0,2.0,7.0,0.0,8.0,4.0,7.0,6.0,26.0,35.0,32.0,7.0,0.0,0.0,0.0,0.0,0.0,0.0,0.0,0.0,0.0,0.0,0.0,0.0,0.0,0.0,0.0,0.0,0.0,0.0,0.0,0.0,3.0,19.0,2.0,2.0,7.0,0.0,9.0,7.0,13.0,7.0,43.0,54.0,41.0,12.0
246,1.0,246.0,London_11,3years_LHD,1Lon_11,151,453,1092.0,70.0,2.0,122310.0,1.5837157778441906,723.0,52.0,0.0,52.0,86.0,0.0,86.0,259.0,196.0,100.0,18.0,90.0,12.0,29.0,2.0,6.0,10.0,76.0,172.0,195.0,37.0,0.43023255813953487,0.0,0.0,0.0,0.0,0.0,0.0,0.0,0.0,0.0,0.0,0.0,0.0,0.0,0.0,0.0,0.0,0.0,0.0,0.0,0.0,0.0,0.0,0.0,0.0,0.0,0.0,0.0,0.0,0.0,0.0,0.0,0.0,0.0,0.0,0.0,0.0,0.0,0.0,0.0,0.0,0.0,8.0,3.0,0.0,4.0,0.0,2.0,7.0,4.0,6.0,8.0,14.0,11.0,6.0,0.0,0.0,0.0,0.0,0.0,0.0,0.0,0.0,0.0,0.0,0.0,0.0,0.0,0.0,0.0,0.0,0.0,0.0,0.0,0.0,0.0,11.0,3.0,0.0,4.0,0.0,3.0,10.0,4.0,7.0,11.0,19.0,14.0,8.0
247,1.0,247.0,London_11,3years_LHD,1Lon_11,151,453,1092.0,70.0,2.0,132276.0,8.753987369127572,745.0,56.0,2.0,54.0,119.0,19.0,100.0,86.0,209.0,97.0,21.0,82.0,12.0,30.0,1.0,1.0,10.0,74.0,176.0,193.0,35.0,1.5630252100840336,0.0,0.0,0.0,0.0,0.0,0.0,0.0,0.0,0.0,0.0,0.0,0.0,0.0,0.0,0.0,0.0,0.0,0.0,0.0,0.0,0.0,0.0,0.0,0.0,0.0,0.0,0.0,0.0,0.0,1.0,0.0,1.0,0.0,0.0,0.0,1.0,0.0,0.0,0.0,0.0,0.0,2.0,2.0,0.0,4.0,0.0,2.0,5.0,11.0,3.0,15.0,8.0,12.0,2.0,0.0,0.0,0.0,0.0,0.0,0.0,0.0,0.0,0.0,7.0,0.0,6.0,0.0,0.0,0.0,3.0,0.0,0.0,0.0,0.0,0.0,3.0,3.0,0.0,4.0,0.0,3.0,8.0,14.0,6.0,25.0,13.0,17.0,6.0
248,1.0,248.0,London_11,3years_LHD,1Lon_11,151,453,1092.0,70.0,2.0,141336.0,1.7945408634841442,765.0,133.0,3.0,130.0,260.0,25.0,235.0,119.0,216.0,103.0,21.0,82.0,4.0,23.0,1.0,3.0,5.0,73.0,168.0,207.0,28.0,1.9423076923076923,0.0,0.0,0.0,0.0,0.0,0.0,0.0,0.0,0.0,0.0,0.0,0.0,0.0,0.0,0.0,0.0,0.0,0.0,0.0,0.0,0.0,0.0,0.0,0.0,0.0,0.0,0.0,0.0,0.0,2.0,0.0,0.0,1.0,0.0,3.0,2.0,0.0,0.0,0.0,0.0,0.0,1.0,4.0,0.0,9.0,0.0,11.0,6.0,6.0,9.0,27.0,43.0,22.0,5.0,0.0,0.0,0.0,0.0,0.0,0.0,0.0,0.0,0.0,7.0,0.0,0.0,7.0,0.0,17.0,9.0,0.0,0.0,0.0,0.0,0.0,1.0,6.0,0.0,9.0,0.0,14.0,9.0,9.0,11.0,41.0,66.0,26.0,6.0
249,1.0,249.0,London_11,3years_LHD,1Lon_11,151,453,1092.0,70.0,2.0,110985.0,3.5919352546334267,698.0,6.0,0.0,6.0,12.0,0.0,12.0,260.0,224.0,102.0,16.0,63.0,8.0,33.0,3.0,4.0,8.0,70.0,161.0,214.0,36.0,0.0,0.0,0.0,0.0,0.0,0.0,0.0,0.0,0.0,0.0,0.0,0.0,0.0,0.0,0.0,0.0,0.0,0.0,0.0,0.0,0.0,0.0,0.0,0.0,0.0,0.0,0.0,0.0,0.0,0.0,0.0,0.0,0.0,0.0,0.0,0.0,0.0,0.0,0.0,0.0,0.0,0.0,0.0,0.0,0.0,3.0,0.0,0.0,1.0,0.0,3.0,0.0,1.0,1.0,1.0,0.0,0.0,0.0,0.0,0.0,0.0,0.0,0.0,0.0,0.0,0.0,0.0,0.0,0.0,0.0,0.0,0.0,0.0,0.0,0.0,0.0,0.0,0.0,0.0,3.0,0.0,0.0,2.0,0.0,6.0,0.0,3.0,1.0,2.0
250,1.0,250.0,London_11,3years_LHD,1Lon_11,151,453,1092.0,70.0,2.0,137712.0,4.360169492661953,757.0,66.0,0.0,66.0,116.0,0.0,116.0,12.0,225.0,101.0,16.0,60.0,8.0,36.0,3.0,4.0,8.0,71.0,163.0,211.0,37.0,2.103448275862069,0.0,0.0,0.0,0.0,0.0,0.0,0.0,0.0,0.0,0.0,0.0,0.0,0.0,0.0,0.0,0.0,0.0,0.0,0.0,0.0,0.0,0.0,0.0,0.0,0.0,0.0,0.0,0.0,0.0,0.0,0.0,0.0,0.0,0.0,0.0,0.0,0.0,0.0,0.0,0.0,4.0,1.0,1.0,2.0,8.0,0.0,10.0,5.0,5.0,12.0,21.0,11.0,21.0,4.0,0.0,0.0,0.0,0.0,0.0,0.0,0.0,0.0,0.0,0.0,0.0,0.0,0.0,0.0,0.0,0.0,0.0,0.0,0.0,0.0,4.0,1.0,1.0,3.0,8.0,0.0,15.0,6.0,6.0,13.0,34.0,16.0,25.0,6.0
251,1.0,251.0,London_11,3years_LHD,1Lon_11,151,453,1092.0,70.0,2.0,141789.0,3.534614169038832,766.0,117.0,2.0,115.0,208.0,17.0,191.0,116.0,226.0,92.0,16.0,66.0,9.0,39.0,1.0,4.0,11.0,73.0,149.0,220.0,49.0,2.1971153846153846,0.0,0.0,0.0,0.0,0.0,0.0,0.0,0.0,0.0,0.0,0.0,0.0,0.0,0.0,0.0,0.0,0.0,0.0,0.0,0.0,0.0,0.0,0.0,0.0,0.0,0.0,0.0,0.0,0.0,2.0,0.0,0.0,1.0,0.0,0.0,2.0,0.0,0.0,0.0,0.0,1.0,0.0,1.0,3.0,4.0,0.0,6.0,4.0,12.0,12.0,19.0,24.0,21.0,11.0,0.0,0.0,0.0,0.0,0.0,0.0,0.0,0.0,0.0,12.0,0.0,0.0,7.0,0.0,0.0,6.0,0.0,0.0,0.0,0.0,1.0,0.0,1.0,5.0,6.0,0.0,9.0,4.0,16.0,15.0,34.0,36.0,26.0,17.0
252,1.0,252.0,London_11,3years_LHD,1Lon_11,151,453,1092.0,70.0,2.0,124122.0,3.5939755691215396,727.0,25.0,0.0,25.0,42.0,0.0,42.0,208.0,230.0,87.0,15.0,68.0,11.0,33.0,3.0,6.0,5.0,70.0,154.0,224.0,40.0,0.19047619047619047,0.0,0.0,0.0,0.0,0.0,0.0,0.0,0.0,0.0,0.0,0.0,0.0,0.0,0.0,0.0,0.0,0.0,0.0,0.0,0.0,0.0,0.0,0.0,0.0,0.0,0.0,0.0,0.0,0.0,0.0,0.0,0.0,0.0,0.0,0.0,0.0,0.0,0.0,0.0,0.0,0.0,1.0,0.0,0.0,0.0,0.0,8.0,2.0,3.0,2.0,4.0,6.0,6.0,2.0,0.0,0.0,0.0,0.0,0.0,0.0,0.0,0.0,0.0,0.0,0.0,0.0,0.0,0.0,0.0,0.0,0.0,0.0,0.0,0.0,0.0,1.0,0.0,0.0,0.0,0.0,11.0,3.0,3.0,2.0,5.0,11.0,7.0,3.0
253,1.0,253.0,London_11,3years_LHD,1Lon_11,151,453,1092.0,70.0,2.0,158550.0,2.0310456845909357,803.0,130.0,2.0,128.0,230.0,15.0,215.0,42.0,235.0,81.0,9.0,76.0,11.0,30.0,4.0,7.0,6.0,75.0,148.0,224.0,46.0,2.9,0.0,0.0,0.0,0.0,0.0,0.0,0.0,0.0,0.0,0.0,0.0,0.0,0.0,0.0,0.0,0.0,0.0,0.0,0.0,0.0,0.0,0.0,0.0,0.0,0.0,0.0,0.0,0.0,0.0,1.0,0.0,0.0,0.0,0.0,0.0,2.0,0.0,0.0,0.0,0.0,1.0,0.0,1.0,2.0,3.0,0.0,8.0,13.0,8.0,6.0,22.0,30.0,21.0,7.0,0.0,0.0,0.0,0.0,0.0,0.0,0.0,0.0,0.0,4.0,0.0,0.0,0.0,0.0,0.0,9.0,0.0,0.0,0.0,0.0,2.0,0.0,1.0,2.0,3.0,0.0,10.0,17.0,10.0,7.0,32.0,47.0,26.0,9.0
254,1.0,254.0,London_11,3years_LHD,1Lon_11,151,453,1092.0,70.0,2.0,144960.0,4.565263839438558,773.0,52.0,0.0,52.0,86.0,0.0,86.0,230.0,213.0,103.0,25.0,75.0,10.0,22.0,2.0,3.0,5.0,66.0,170.0,212.0,25.0,0.5232558139534884,0.0,0.0,0.0,0.0,0.0,0.0,0.0,0.0,0.0,0.0,0.0,0.0,0.0,0.0,0.0,0.0,0.0,0.0,0.0,0.0,0.0,0.0,0.0,0.0,0.0,0.0,0.0,0.0,0.0,0.0,0.0,0.0,0.0,0.0,0.0,0.0,0.0,0.0,0.0,0.0,0.0,4.0,4.0,1.0,1.0,0.0,3.0,6.0,5.0,8.0,10.0,10.0,9.0,3.0,0.0,0.0,0.0,0.0,0.0,0.0,0.0,0.0,0.0,0.0,0.0,0.0,0.0,0.0,0.0,0.0,0.0,0.0,0.0,0.0,0.0,4.0,4.0,1.0,1.0,0.0,3.0,6.0,7.0,12.0,17.0,14.0,12.0,3.0
255,1.0,255.0,London_11,3years_LHD,1Lon_11,151,453,1092.0,70.0,2.0,168063.0,4.526378454640508,824.0,38.0,1.0,37.0,74.0,9.0,65.0,86.0,225.0,93.0,26.0,75.0,11.0,20.0,0.0,3.0,6.0,64.0,170.0,213.0,31.0,2.22972972972973,0.0,0.0,0.0,0.0,0.0,0.0,0.0,0.0,0.0,0.0,0.0,0.0,0.0,0.0,0.0,0.0,0.0,0.0,0.0,0.0,0.0,0.0,0.0,0.0,0.0,0.0,0.0,0.0,0.0,1.0,0.0,0.0,0.0,0.0,0.0,1.0,0.0,0.0,0.0,0.0,0.0,7.0,0.0,0.0,1.0,0.0,4.0,2.0,6.0,5.0,10.0,5.0,11.0,3.0,0.0,0.0,0.0,0.0,0.0,0.0,0.0,0.0,0.0,4.0,0.0,0.0,0.0,0.0,0.0,3.0,0.0,0.0,0.0,0.0,0.0,10.0,0.0,0.0,1.0,0.0,6.0,3.0,8.0,10.0,14.0,6.0,13.0,5.0
256,1.0,256.0,London_11,3years_LHD,1Lon_11,151,453,1092.0,70.0,2.0,196149.0,2.067214627750218,886.0,57.0,0.0,57.0,92.0,0.0,92.0,74.0,228.0,79.0,33.0,76.0,11.0,24.0,1.0,1.0,6.0,64.0,172.0,211.0,29.0,2.652173913043478,0.0,0.0,0.0,0.0,0.0,0.0,0.0,0.0,0.0,0.0,0.0,0.0,0.0,0.0,0.0,0.0,0.0,0.0,0.0,0.0,0.0,0.0,0.0,0.0,0.0,0.0,0.0,0.0,0.0,0.0,0.0,0.0,0.0,0.0,0.0,0.0,0.0,0.0,0.0,0.0,1.0,3.0,0.0,1.0,4.0,0.0,3.0,4.0,2.0,3.0,14.0,10.0,13.0,4.0,0.0,0.0,0.0,0.0,0.0,0.0,0.0,0.0,0.0,0.0,0.0,0.0,0.0,0.0,0.0,0.0,0.0,0.0,0.0,0.0,1.0,4.0,0.0,1.0,4.0,0.0,3.0,6.0,3.0,5.0,19.0,13.0,15.0,5.0
257,1.0,257.0,London_11,3years_LHD,1Lon_11,151,453,1092.0,70.0,2.0,209739.0,3.993778179399669,916.0,195.0,2.0,193.0,321.0,17.0,304.0,92.0,227.0,75.0,37.0,76.0,14.0,21.0,0.0,3.0,8.0,74.0,175.0,196.0,31.0,4.137071651090342,0.0,0.0,0.0,0.0,0.0,0.0,0.0,0.0,0.0,0.0,0.0,0.0,0.0,0.0,0.0,0.0,0.0,0.0,0.0,0.0,0.0,0.0,0.0,0.0,0.0,0.0,0.0,0.0,0.0,2.0,0.0,0.0,1.0,0.0,1.0,1.0,0.0,0.0,0.0,0.0,0.0,1.0,1.0,4.0,2.0,0.0,4.0,7.0,6.0,2.0,31.0,44.0,19.0,6.0,0.0,0.0,0.0,0.0,0.0,0.0,0.0,0.0,0.0,8.0,0.0,0.0,7.0,0.0,6.0,1.0,0.0,0.0,0.0,0.0,0.0,1.0,1.0,5.0,2.0,0.0,5.0,8.0,7.0,2.0,48.0,57.0,24.0,9.0
258,1.0,258.0,London_11,3years_LHD,1Lon_11,151,453,1092.0,70.0,2.0,168063.0,3.373871306888759,824.0,113.0,2.0,111.0,214.0,17.0,197.0,321.0,169.0,129.0,20.0,95.0,9.0,23.0,1.0,7.0,9.0,79.0,138.0,227.0,47.0,0.6261682242990654,0.0,0.0,0.0,0.0,0.0,0.0,0.0,0.0,0.0,0.0,0.0,0.0,0.0,0.0,0.0,0.0,0.0,0.0,0.0,0.0,0.0,0.0,0.0,0.0,0.0,0.0,0.0,0.0,0.0,2.0,0.0,0.0,2.0,0.0,0.0,2.0,0.0,0.0,0.0,0.0,6.0,11.0,3.0,3.0,4.0,0.0,9.0,5.0,7.0,14.0,35.0,24.0,17.0,8.0,0.0,0.0,0.0,0.0,0.0,0.0,0.0,0.0,0.0,7.0,0.0,0.0,9.0,0.0,0.0,3.0,0.0,0.0,0.0,0.0,9.0,14.0,4.0,6.0,4.0,0.0,13.0,7.0,9.0,19.0,55.0,38.0,23.0,12.0
259,1.0,259.0,London_11,3years_LHD,1Lon_11,151,453,1092.0,70.0,2.0,159456.0,3.6168217416852713,805.0,149.0,0.0,149.0,259.0,0.0,259.0,214.0,189.0,123.0,21.0,76.0,9.0,25.0,0.0,10.0,12.0,73.0,155.0,213.0,51.0,0.9768339768339769,0.0,0.0,0.0,0.0,0.0,0.0,0.0,0.0,0.0,0.0,0.0,0.0,0.0,0.0,0.0,0.0,0.0,0.0,0.0,0.0,0.0,0.0,0.0,0.0,0.0,0.0,0.0,0.0,0.0,0.0,0.0,0.0,0.0,0.0,0.0,0.0,0.0,0.0,0.0,0.0,0.0,2.0,2.0,1.0,1.0,0.0,5.0,11.0,5.0,14.0,21.0,38.0,15.0,9.0,0.0,0.0,0.0,0.0,0.0,0.0,0.0,0.0,0.0,0.0,0.0,0.0,0.0,0.0,0.0,0.0,0.0,0.0,0.0,0.0,0.0,4.0,2.0,1.0,1.0,0.0,6.0,17.0,6.0,17.0,34.0,54.0,22.0,14.0
260,1.0,260.0,London_11,3years_LHD,1Lon_11,151,453,1092.0,70.0,2.0,118686.0,1.3789077745750546,715.0,50.0,0.0,50.0,86.0,0.0,86.0,259.0,198.0,120.0,20.0,77.0,5.0,24.0,2.0,7.0,10.0,57.0,142.0,244.0,36.0,0.8372093023255814,0.0,0.0,0.0,0.0,0.0,0.0,0.0,0.0,0.0,0.0,0.0,0.0,0.0,0.0,0.0,0.0,0.0,0.0,0.0,0.0,0.0,0.0,0.0,0.0,0.0,0.0,0.0,0.0,0.0,0.0,0.0,0.0,0.0,0.0,0.0,0.0,0.0,0.0,0.0,0.0,1.0,8.0,2.0,1.0,1.0,0.0,8.0,6.0,4.0,6.0,9.0,16.0,14.0,5.0,0.0,0.0,0.0,0.0,0.0,0.0,0.0,0.0,0.0,0.0,0.0,0.0,0.0,0.0,0.0,0.0,0.0,0.0,0.0,0.0,1.0,10.0,2.0,1.0,1.0,0.0,11.0,10.0,4.0,8.0,16.0,22.0,16.0,6.0
261,1.0,261.0,London_11,3years_LHD,1Lon_11,151,453,1092.0,70.0,2.0,132276.0,4.219111203216016,745.0,63.0,2.0,61.0,118.0,19.0,99.0,86.0,198.0,125.0,18.0,73.0,6.0,24.0,3.0,6.0,11.0,68.0,149.0,225.0,47.0,2.2457627118644066,0.0,0.0,0.0,0.0,0.0,0.0,0.0,0.0,0.0,0.0,0.0,0.0,0.0,0.0,0.0,0.0,0.0,0.0,0.0,0.0,0.0,0.0,0.0,0.0,0.0,0.0,0.0,0.0,0.0,2.0,0.0,0.0,0.0,0.0,1.0,0.0,0.0,0.0,0.0,0.0,5.0,4.0,0.0,0.0,3.0,0.0,7.0,5.0,2.0,7.0,11.0,21.0,16.0,7.0,0.0,0.0,0.0,0.0,0.0,0.0,0.0,0.0,0.0,11.0,0.0,0.0,0.0,0.0,9.0,0.0,0.0,0.0,0.0,0.0,8.0,5.0,0.0,0.0,3.0,0.0,9.0,5.0,2.0,9.0,17.0,27.0,19.0,9.0
262,1.0,262.0,London_11,3years_LHD,1Lon_11,151,453,1092.0,70.0,2.0,141789.0,3.824232663027942,766.0,140.0,2.0,138.0,254.0,18.0,236.0,118.0,194.0,131.0,17.0,83.0,4.0,13.0,3.0,8.0,11.0,72.0,148.0,222.0,48.0,2.0118110236220472,0.0,0.0,0.0,0.0,0.0,0.0,0.0,0.0,0.0,0.0,0.0,0.0,0.0,0.0,0.0,0.0,0.0,0.0,0.0,0.0,0.0,0.0,0.0,0.0,0.0,0.0,0.0,0.0,0.0,0.0,1.0,0.0,0.0,0.0,1.0,2.0,0.0,0.0,0.0,0.0,6.0,4.0,0.0,2.0,2.0,1.0,7.0,9.0,1.0,6.0,30.0,31.0,15.0,9.0,0.0,0.0,0.0,0.0,0.0,0.0,0.0,0.0,0.0,0.0,6.0,0.0,0.0,0.0,7.0,8.0,0.0,0.0,0.0,0.0,8.0,5.0,0.0,4.0,2.0,2.0,10.0,12.0,1.0,8.0,45.0,50.0,19.0,15.0
263,1.0,263.0,London_11,3years_LHD,1Lon_11,151,453,1092.0,70.0,2.0,103284.0,1.8913929425179958,681.0,6.0,0.0,6.0,10.0,0.0,10.0,254.0,209.0,122.0,17.0,80.0,4.0,17.0,1.0,3.0,6.0,71.0,154.0,222.0,34.0,0.2,0.0,0.0,0.0,0.0,0.0,0.0,0.0,0.0,0.0,0.0,0.0,0.0,0.0,0.0,0.0,0.0,0.0,0.0,0.0,0.0,0.0,0.0,0.0,0.0,0.0,0.0,0.0,0.0,0.0,0.0,0.0,0.0,0.0,0.0,0.0,0.0,0.0,0.0,0.0,0.0,0.0,1.0,0.0,0.0,0.0,0.0,1.0,1.0,0.0,2.0,0.0,2.0,1.0,0.0,0.0,0.0,0.0,0.0,0.0,0.0,0.0,0.0,0.0,0.0,0.0,0.0,0.0,0.0,0.0,0.0,0.0,0.0,0.0,0.0,0.0,1.0,0.0,0.0,0.0,0.0,1.0,1.0,0.0,4.0,0.0,2.0,1.0,0.0
264,1.0,264.0,London_11,3years_LHD,1Lon_11,151,453,1092.0,70.0,2.0,129105.0,4.453910136595368,738.0,72.0,1.0,71.0,126.0,9.0,117.0,10.0,210.0,121.0,17.0,81.0,4.0,16.0,1.0,3.0,6.0,71.0,150.0,226.0,35.0,1.9523809523809523,0.0,0.0,0.0,0.0,0.0,0.0,0.0,0.0,0.0,0.0,0.0,0.0,0.0,0.0,0.0,0.0,0.0,0.0,0.0,0.0,0.0,0.0,0.0,0.0,0.0,0.0,0.0,0.0,0.0,1.0,0.0,0.0,0.0,0.0,0.0,0.0,0.0,0.0,0.0,0.0,5.0,7.0,0.0,0.0,3.0,0.0,8.0,4.0,4.0,4.0,16.0,19.0,16.0,4.0,0.0,0.0,0.0,0.0,0.0,0.0,0.0,0.0,0.0,7.0,0.0,0.0,0.0,0.0,0.0,0.0,0.0,0.0,0.0,0.0,6.0,11.0,0.0,0.0,3.0,0.0,11.0,6.0,4.0,5.0,24.0,32.0,19.0,8.0
265,1.0,265.0,London_11,3years_LHD,1Lon_11,151,453,1092.0,70.0,2.0,138618.0,4.211920907720923,759.0,109.0,2.0,107.0,209.0,17.0,192.0,126.0,220.0,132.0,15.0,76.0,1.0,6.0,1.0,2.0,4.0,62.0,175.0,212.0,39.0,2.047846889952153,0.0,0.0,0.0,0.0,0.0,0.0,0.0,0.0,0.0,0.0,0.0,0.0,0.0,0.0,0.0,0.0,0.0,0.0,0.0,0.0,0.0,0.0,0.0,0.0,0.0,0.0,0.0,0.0,0.0,1.0,0.0,0.0,2.0,0.0,0.0,1.0,0.0,0.0,0.0,0.0,2.0,10.0,1.0,1.0,5.0,0.0,6.0,8.0,3.0,4.0,20.0,26.0,9.0,17.0,0.0,0.0,0.0,0.0,0.0,0.0,0.0,0.0,0.0,6.0,0.0,0.0,9.0,0.0,0.0,3.0,0.0,0.0,0.0,0.0,3.0,16.0,1.0,1.0,5.0,0.0,8.0,11.0,4.0,4.0,26.0,42.0,13.0,25.0
266,1.0,266.0,London_11,3years_LHD,1Lon_11,151,453,1092.0,70.0,2.0,127746.0,3.1446482930332422,735.0,23.0,0.0,23.0,44.0,0.0,44.0,209.0,219.0,119.0,15.0,77.0,8.0,12.0,1.0,2.0,7.0,69.0,178.0,199.0,37.0,1.7954545454545454,0.0,0.0,0.0,0.0,0.0,0.0,0.0,0.0,0.0,0.0,0.0,0.0,0.0,0.0,0.0,0.0,0.0,0.0,0.0,0.0,0.0,0.0,0.0,0.0,0.0,0.0,0.0,0.0,0.0,0.0,0.0,0.0,0.0,0.0,0.0,0.0,0.0,0.0,0.0,0.0,0.0,3.0,1.0,1.0,0.0,0.0,1.0,3.0,1.0,5.0,1.0,11.0,3.0,3.0,0.0,0.0,0.0,0.0,0.0,0.0,0.0,0.0,0.0,0.0,0.0,0.0,0.0,0.0,0.0,0.0,0.0,0.0,0.0,0.0,0.0,5.0,1.0,1.0,0.0,0.0,1.0,5.0,1.0,7.0,2.0,15.0,4.0,5.0
267,1.0,267.0,London_11,3years_LHD,1Lon_11,151,453,1092.0,70.0,2.0,159456.0,4.518603106960654,805.0,115.0,2.0,113.0,231.0,17.0,214.0,44.0,220.0,125.0,15.0,64.0,12.0,13.0,2.0,2.0,6.0,80.0,171.0,196.0,36.0,1.5281385281385282,0.0,0.0,0.0,0.0,0.0,0.0,0.0,0.0,0.0,0.0,0.0,0.0,0.0,0.0,0.0,0.0,0.0,0.0,0.0,0.0,0.0,0.0,0.0,0.0,0.0,0.0,0.0,0.0,0.0,2.0,0.0,0.0,1.0,1.0,1.0,1.0,0.0,0.0,0.0,0.0,4.0,4.0,0.0,4.0,2.0,1.0,3.0,5.0,0.0,6.0,25.0,22.0,20.0,9.0,0.0,0.0,0.0,0.0,0.0,0.0,0.0,0.0,0.0,3.0,0.0,0.0,6.0,6.0,6.0,6.0,0.0,0.0,0.0,0.0,4.0,5.0,0.0,4.0,2.0,2.0,3.0,7.0,0.0,6.0,41.0,32.0,25.0,18.0
268,1.0,268.0,London_11,3years_LHD,1Lon_11,151,453,1092.0,70.0,2.0,146319.0,4.2865117797628045,776.0,54.0,0.0,54.0,86.0,0.0,86.0,231.0,244.0,98.0,15.0,64.0,5.0,22.0,0.0,5.0,5.0,70.0,152.0,226.0,32.0,0.9186046511627907,0.0,0.0,0.0,0.0,0.0,0.0,0.0,0.0,0.0,0.0,0.0,0.0,0.0,0.0,0.0,0.0,0.0,0.0,0.0,0.0,0.0,0.0,0.0,0.0,0.0,0.0,0.0,0.0,0.0,0.0,0.0,0.0,0.0,0.0,0.0,0.0,0.0,0.0,0.0,0.0,3.0,6.0,0.0,1.0,2.0,1.0,3.0,2.0,2.0,2.0,12.0,14.0,10.0,3.0,0.0,0.0,0.0,0.0,0.0,0.0,0.0,0.0,0.0,0.0,0.0,0.0,0.0,0.0,0.0,0.0,0.0,0.0,0.0,0.0,3.0,7.0,0.0,1.0,2.0,1.0,4.0,3.0,3.0,2.0,18.0,15.0,11.0,3.0
269,1.0,269.0,London_11,3years_LHD,1Lon_11,151,453,1092.0,70.0,2.0,171687.0,2.4334327587857842,832.0,38.0,1.0,37.0,75.0,10.0,65.0,86.0,250.0,86.0,12.0,64.0,7.0,25.0,2.0,7.0,7.0,75.0,157.0,214.0,38.0,1.8266666666666667,0.0,0.0,0.0,0.0,0.0,0.0,0.0,0.0,0.0,0.0,0.0,0.0,0.0,0.0,0.0,0.0,0.0,0.0,0.0,0.0,0.0,0.0,0.0,0.0,0.0,0.0,0.0,0.0,0.0,0.0,0.0,0.0,0.0,0.0,1.0,0.0,1.0,0.0,0.0,0.0,2.0,1.0,3.0,1.0,1.0,0.0,7.0,1.0,3.0,5.0,8.0,12.0,11.0,2.0,0.0,0.0,0.0,0.0,0.0,0.0,0.0,0.0,0.0,0.0,0.0,0.0,0.0,0.0,8.0,0.0,9.0,0.0,0.0,0.0,3.0,2.0,3.0,2.0,1.0,0.0,10.0,2.0,4.0,5.0,16.0,20.0,16.0,3.0
270,1.0,270.0,London_11,3years_LHD,1Lon_11,151,453,1092.0,70.0,2.0,198414.0,3.2382010528817773,891.0,54.0,0.0,54.0,92.0,0.0,92.0,75.0,253.0,76.0,13.0,63.0,8.0,32.0,1.0,7.0,5.0,74.0,163.0,211.0,40.0,2.282608695652174,0.0,0.0,0.0,0.0,0.0,0.0,0.0,0.0,0.0,0.0,0.0,0.0,0.0,0.0,0.0,0.0,0.0,0.0,0.0,0.0,0.0,0.0,0.0,0.0,0.0,0.0,0.0,0.0,0.0,0.0,0.0,0.0,0.0,0.0,0.0,0.0,0.0,0.0,0.0,0.0,3.0,3.0,0.0,0.0,0.0,0.0,3.0,5.0,5.0,7.0,14.0,13.0,15.0,5.0,0.0,0.0,0.0,0.0,0.0,0.0,0.0,0.0,0.0,0.0,0.0,0.0,0.0,0.0,0.0,0.0,0.0,0.0,0.0,0.0,4.0,3.0,0.0,0.0,0.0,0.0,3.0,6.0,7.0,11.0,26.0,16.0,20.0,7.0
271,1.0,271.0,London_11,3years_LHD,1Lon_11,151,453,1092.0,70.0,2.0,223329.0,5.317841827869415,946.0,184.0,2.0,182.0,322.0,20.0,302.0,92.0,254.0,79.0,12.0,49.0,7.0,42.0,3.0,7.0,7.0,74.0,166.0,206.0,48.0,5.024844720496894,0.0,0.0,0.0,0.0,0.0,0.0,0.0,0.0,0.0,0.0,0.0,0.0,0.0,0.0,0.0,0.0,0.0,0.0,0.0,0.0,0.0,0.0,0.0,0.0,0.0,0.0,0.0,0.0,0.0,1.0,0.0,0.0,1.0,0.0,0.0,1.0,1.0,0.0,0.0,0.0,1.0,26.0,0.0,7.0,5.0,1.0,10.0,4.0,0.0,5.0,37.0,36.0,22.0,8.0,0.0,0.0,0.0,0.0,0.0,0.0,0.0,0.0,0.0,7.0,0.0,0.0,7.0,0.0,0.0,2.0,10.0,0.0,0.0,0.0,1.0,36.0,0.0,12.0,5.0,2.0,11.0,5.0,0.0,5.0,56.0,48.0,27.0,12.0
272,1.0,272.0,London_11,3years_LHD,1Lon_11,151,453,1092.0,70.0,2.0,181200.0,3.042010805569589,853.0,117.0,2.0,115.0,213.0,16.0,197.0,322.0,142.0,127.0,29.0,94.0,8.0,39.0,4.0,10.0,7.0,72.0,162.0,212.0,46.0,0.40375586854460094,0.0,0.0,0.0,0.0,0.0,0.0,0.0,0.0,0.0,0.0,0.0,0.0,0.0,0.0,0.0,0.0,0.0,0.0,0.0,0.0,0.0,0.0,0.0,0.0,0.0,0.0,0.0,0.0,0.0,2.0,0.0,0.0,1.0,0.0,0.0,2.0,0.0,0.0,0.0,0.0,1.0,9.0,4.0,2.0,8.0,1.0,6.0,9.0,6.0,12.0,21.0,23.0,15.0,11.0,0.0,0.0,0.0,0.0,0.0,0.0,0.0,0.0,0.0,9.0,0.0,0.0,5.0,0.0,0.0,7.0,0.0,0.0,0.0,0.0,1.0,13.0,5.0,5.0,8.0,2.0,9.0,11.0,10.0,16.0,30.0,37.0,19.0,18.0
273,1.0,273.0,London_11,3years_LHD,1Lon_11,151,453,1092.0,70.0,2.0,163533.0,4.994890159927309,814.0,152.0,0.0,152.0,259.0,0.0,259.0,213.0,162.0,127.0,41.0,61.0,7.0,38.0,4.0,13.0,12.0,61.0,154.0,226.0,49.0,0.7374517374517374,0.0,0.0,0.0,0.0,0.0,0.0,0.0,0.0,0.0,0.0,0.0,0.0,0.0,0.0,0.0,0.0,0.0,0.0,0.0,0.0,0.0,0.0,0.0,0.0,0.0,0.0,0.0,0.0,0.0,0.0,0.0,0.0,0.0,0.0,0.0,0.0,0.0,0.0,0.0,0.0,3.0,12.0,2.0,2.0,0.0,1.0,16.0,16.0,1.0,6.0,38.0,36.0,20.0,15.0,0.0,0.0,0.0,0.0,0.0,0.0,0.0,0.0,0.0,0.0,0.0,0.0,0.0,0.0,0.0,0.0,0.0,0.0,0.0,0.0,3.0,18.0,2.0,4.0,0.0,2.0,19.0,22.0,1.0,8.0,50.0,55.0,25.0,20.0
274,1.0,274.0,London_11,3years_LHD,1Lon_11,151,453,1092.0,70.0,2.0,123216.0,3.8191231889650226,725.0,52.0,0.0,52.0,86.0,0.0,86.0,259.0,187.0,117.0,15.0,82.0,10.0,34.0,3.0,5.0,5.0,50.0,166.0,232.0,53.0,1.430232558139535,0.0,0.0,0.0,0.0,0.0,0.0,0.0,0.0,0.0,0.0,0.0,0.0,0.0,0.0,0.0,0.0,0.0,0.0,0.0,0.0,0.0,0.0,0.0,0.0,0.0,0.0,0.0,0.0,0.0,0.0,0.0,0.0,0.0,0.0,0.0,0.0,0.0,0.0,0.0,0.0,2.0,3.0,2.0,2.0,1.0,0.0,2.0,5.0,3.0,6.0,17.0,11.0,9.0,6.0,0.0,0.0,0.0,0.0,0.0,0.0,0.0,0.0,0.0,0.0,0.0,0.0,0.0,0.0,0.0,0.0,0.0,0.0,0.0,0.0,2.0,3.0,2.0,4.0,1.0,0.0,2.0,7.0,4.0,8.0,26.0,18.0,13.0,8.0
275,1.0,275.0,London_11,3years_LHD,1Lon_11,151,453,1092.0,70.0,2.0,133635.0,3.880986495874822,748.0,65.0,2.0,63.0,117.0,17.0,100.0,86.0,184.0,124.0,14.0,80.0,5.0,40.0,1.0,5.0,7.0,52.0,163.0,231.0,59.0,1.564102564102564,0.0,0.0,0.0,0.0,0.0,0.0,0.0,0.0,0.0,0.0,0.0,0.0,0.0,0.0,0.0,0.0,0.0,0.0,0.0,0.0,0.0,0.0,0.0,0.0,0.0,0.0,0.0,0.0,0.0,2.0,0.0,0.0,0.0,1.0,0.0,1.0,0.0,0.0,0.0,0.0,1.0,3.0,0.0,0.0,1.0,0.0,4.0,10.0,0.0,10.0,10.0,13.0,8.0,2.0,0.0,0.0,0.0,0.0,0.0,0.0,0.0,0.0,0.0,10.0,0.0,0.0,0.0,7.0,0.0,6.0,0.0,0.0,0.0,0.0,1.0,5.0,0.0,0.0,1.0,0.0,6.0,17.0,0.0,12.0,10.0,18.0,11.0,4.0
276,1.0,276.0,London_11,3years_LHD,1Lon_11,151,453,1092.0,70.0,2.0,149037.0,3.075683629140258,782.0,145.0,2.0,143.0,253.0,18.0,235.0,117.0,190.0,120.0,18.0,75.0,6.0,36.0,2.0,6.0,10.0,47.0,178.0,218.0,53.0,1.608695652173913,0.0,0.0,0.0,0.0,0.0,0.0,0.0,0.0,0.0,0.0,0.0,0.0,0.0,0.0,0.0,0.0,0.0,0.0,0.0,0.0,0.0,0.0,0.0,0.0,0.0,0.0,0.0,0.0,0.0,2.0,0.0,0.0,2.0,0.0,0.0,2.0,0.0,0.0,0.0,0.0,1.0,7.0,0.0,1.0,6.0,0.0,19.0,15.0,5.0,5.0,35.0,31.0,30.0,10.0,0.0,0.0,0.0,0.0,0.0,0.0,0.0,0.0,0.0,3.0,0.0,0.0,14.0,0.0,0.0,13.0,0.0,0.0,0.0,0.0,1.0,10.0,0.0,1.0,6.0,0.0,23.0,18.0,7.0,7.0,47.0,42.0,37.0,12.0
277,1.0,277.0,London_11,3years_LHD,1Lon_11,151,453,1092.0,70.0,2.0,112797.0,3.8336721900850534,702.0,6.0,0.0,6.0,12.0,0.0,12.0,253.0,209.0,105.0,21.0,72.0,7.0,33.0,1.0,5.0,10.0,72.0,167.0,204.0,31.0,1.5833333333333333,0.0,0.0,0.0,0.0,0.0,0.0,0.0,0.0,0.0,0.0,0.0,0.0,0.0,0.0,0.0,0.0,0.0,0.0,0.0,0.0,0.0,0.0,0.0,0.0,0.0,0.0,0.0,0.0,0.0,0.0,0.0,0.0,0.0,0.0,0.0,0.0,0.0,0.0,0.0,0.0,0.0,0.0,0.0,0.0,0.0,0.0,2.0,1.0,0.0,0.0,0.0,0.0,2.0,0.0,0.0,0.0,0.0,0.0,0.0,0.0,0.0,0.0,0.0,0.0,0.0,0.0,0.0,0.0,0.0,0.0,0.0,0.0,0.0,0.0,0.0,0.0,0.0,0.0,0.0,0.0,4.0,1.0,0.0,0.0,0.0,0.0,2.0,0.0
278,1.0,278.0,London_11,3years_LHD,1Lon_11,151,453,1092.0,70.0,2.0,142695.0,1.9085922222584486,768.0,71.0,0.0,71.0,116.0,0.0,116.0,12.0,209.0,105.0,18.0,76.0,7.0,31.0,1.0,6.0,10.0,71.0,168.0,204.0,32.0,1.6982758620689655,0.0,0.0,0.0,0.0,0.0,0.0,0.0,0.0,0.0,0.0,0.0,0.0,0.0,0.0,0.0,0.0,0.0,0.0,0.0,0.0,0.0,0.0,0.0,0.0,0.0,0.0,0.0,0.0,0.0,0.0,0.0,0.0,0.0,0.0,0.0,0.0,0.0,0.0,0.0,0.0,0.0,7.0,1.0,1.0,4.0,0.0,6.0,6.0,4.0,7.0,16.0,13.0,12.0,9.0,0.0,0.0,0.0,0.0,0.0,0.0,0.0,0.0,0.0,0.0,0.0,0.0,0.0,0.0,0.0,0.0,0.0,0.0,0.0,0.0,0.0,8.0,1.0,2.0,4.0,0.0,9.0,10.0,5.0,8.0,21.0,18.0,13.0,12.0
279,1.0,279.0,London_11,3years_LHD,1Lon_11,151,453,1092.0,70.0,2.0,143601.0,1.721883631311357,770.0,111.0,2.0,109.0,213.0,22.0,191.0,116.0,217.0,112.0,23.0,73.0,2.0,24.0,2.0,0.0,11.0,77.0,162.0,203.0,39.0,2.2065727699530515,0.0,0.0,0.0,0.0,0.0,0.0,0.0,0.0,0.0,0.0,0.0,0.0,0.0,0.0,0.0,0.0,0.0,0.0,0.0,0.0,0.0,0.0,0.0,0.0,0.0,0.0,0.0,0.0,0.0,0.0,0.0,0.0,0.0,0.0,0.0,1.0,0.0,0.0,0.0,0.0,2.0,1.0,0.0,0.0,3.0,0.0,12.0,6.0,4.0,17.0,17.0,27.0,14.0,9.0,0.0,0.0,0.0,0.0,0.0,0.0,0.0,0.0,0.0,0.0,0.0,0.0,0.0,0.0,0.0,6.0,0.0,0.0,0.0,0.0,2.0,1.0,0.0,0.0,3.0,0.0,13.0,7.0,5.0,23.0,29.0,34.0,18.0,14.0
280,1.0,280.0,London_11,3years_LHD,1Lon_11,151,453,1092.0,70.0,2.0,126840.0,3.601265133358538,733.0,23.0,0.0,23.0,44.0,0.0,44.0,213.0,223.0,128.0,10.0,58.0,3.0,25.0,2.0,4.0,14.0,76.0,156.0,207.0,35.0,1.5227272727272727,0.0,0.0,0.0,0.0,0.0,0.0,0.0,0.0,0.0,0.0,0.0,0.0,0.0,0.0,0.0,0.0,0.0,0.0,0.0,0.0,0.0,0.0,0.0,0.0,0.0,0.0,0.0,0.0,0.0,0.0,0.0,0.0,0.0,0.0,0.0,0.0,0.0,0.0,0.0,0.0,1.0,3.0,1.0,0.0,0.0,0.0,2.0,3.0,2.0,0.0,5.0,6.0,3.0,1.0,0.0,0.0,0.0,0.0,0.0,0.0,0.0,0.0,0.0,0.0,0.0,0.0,0.0,0.0,0.0,0.0,0.0,0.0,0.0,0.0,1.0,4.0,1.0,0.0,0.0,0.0,4.0,4.0,3.0,0.0,10.0,8.0,5.0,2.0
281,1.0,281.0,London_11,3years_LHD,1Lon_11,151,453,1092.0,70.0,2.0,161268.0,2.2100029103457928,809.0,119.0,2.0,117.0,231.0,17.0,214.0,44.0,224.0,134.0,12.0,52.0,4.0,26.0,0.0,1.0,14.0,71.0,152.0,216.0,38.0,2.294372294372294,0.0,0.0,0.0,0.0,0.0,0.0,0.0,0.0,0.0,0.0,0.0,0.0,0.0,0.0,0.0,0.0,0.0,0.0,0.0,0.0,0.0,0.0,0.0,0.0,0.0,0.0,0.0,0.0,0.0,1.0,1.0,0.0,1.0,0.0,0.0,1.0,0.0,0.0,0.0,0.0,4.0,0.0,1.0,0.0,0.0,0.0,10.0,13.0,3.0,18.0,19.0,25.0,10.0,14.0,0.0,0.0,0.0,0.0,0.0,0.0,0.0,0.0,0.0,6.0,4.0,0.0,8.0,0.0,0.0,1.0,0.0,0.0,0.0,0.0,5.0,0.0,1.0,0.0,0.0,0.0,12.0,19.0,3.0,21.0,31.0,39.0,14.0,19.0
282,1.0,282.0,London_11,3years_LHD,1Lon_11,151,453,1092.0,70.0,2.0,144960.0,4.070248675532639,773.0,47.0,0.0,47.0,85.0,0.0,85.0,231.0,225.0,108.0,19.0,61.0,8.0,25.0,4.0,3.0,7.0,75.0,155.0,216.0,31.0,1.1294117647058823,0.0,0.0,0.0,0.0,0.0,0.0,0.0,0.0,0.0,0.0,0.0,0.0,0.0,0.0,0.0,0.0,0.0,0.0,0.0,0.0,0.0,0.0,0.0,0.0,0.0,0.0,0.0,0.0,0.0,0.0,0.0,0.0,0.0,0.0,0.0,0.0,0.0,0.0,0.0,0.0,3.0,5.0,0.0,1.0,1.0,0.0,2.0,2.0,4.0,3.0,9.0,13.0,8.0,3.0,0.0,0.0,0.0,0.0,0.0,0.0,0.0,0.0,0.0,0.0,0.0,0.0,0.0,0.0,0.0,0.0,0.0,0.0,0.0,0.0,4.0,6.0,0.0,2.0,1.0,0.0,2.0,3.0,5.0,5.0,15.0,25.0,10.0,5.0
283,1.0,283.0,London_11,3years_LHD,1Lon_11,151,453,1092.0,70.0,2.0,167610.0,4.605909808538854,823.0,35.0,0.0,35.0,65.0,0.0,65.0,85.0,222.0,108.0,13.0,62.0,10.0,35.0,2.0,1.0,11.0,81.0,156.0,205.0,41.0,0.8461538461538461,0.0,0.0,0.0,0.0,0.0,0.0,0.0,0.0,0.0,0.0,0.0,0.0,0.0,0.0,0.0,0.0,0.0,0.0,0.0,0.0,0.0,0.0,0.0,0.0,0.0,0.0,0.0,0.0,0.0,0.0,0.0,0.0,0.0,0.0,0.0,0.0,0.0,0.0,0.0,0.0,2.0,2.0,0.0,2.0,0.0,0.0,5.0,3.0,4.0,5.0,5.0,10.0,8.0,3.0,0.0,0.0,0.0,0.0,0.0,0.0,0.0,0.0,0.0,0.0,0.0,0.0,0.0,0.0,0.0,0.0,0.0,0.0,0.0,0.0,2.0,3.0,0.0,2.0,0.0,0.0,6.0,5.0,6.0,7.0,8.0,15.0,9.0,4.0
284,1.0,284.0,London_11,3years_LHD,1Lon_11,151,453,1092.0,70.0,2.0,201585.0,5.802785461768508,898.0,55.0,0.0,55.0,93.0,0.0,93.0,65.0,230.0,114.0,15.0,47.0,10.0,36.0,1.0,0.0,13.0,85.0,152.0,203.0,48.0,2.150537634408602,0.0,0.0,0.0,0.0,0.0,0.0,0.0,0.0,0.0,0.0,0.0,0.0,0.0,0.0,0.0,0.0,0.0,0.0,0.0,0.0,0.0,0.0,0.0,0.0,0.0,0.0,0.0,0.0,0.0,0.0,0.0,0.0,0.0,0.0,0.0,0.0,0.0,0.0,0.0,0.0,1.0,1.0,1.0,1.0,3.0,0.0,1.0,5.0,3.0,5.0,14.0,9.0,15.0,4.0,0.0,0.0,0.0,0.0,0.0,0.0,0.0,0.0,0.0,0.0,0.0,0.0,0.0,0.0,0.0,0.0,0.0,0.0,0.0,0.0,1.0,2.0,1.0,2.0,4.0,0.0,2.0,6.0,6.0,8.0,23.0,11.0,21.0,5.0
285,1.0,285.0,London_11,3years_LHD,1Lon_11,151,453,1092.0,70.0,2.0,220158.0,6.019186954945326,939.0,188.0,2.0,186.0,322.0,20.0,302.0,93.0,240.0,117.0,17.0,36.0,11.0,30.0,2.0,0.0,14.0,77.0,162.0,200.0,41.0,4.4813664596273295,0.0,0.0,0.0,0.0,0.0,0.0,0.0,0.0,0.0,0.0,0.0,0.0,0.0,0.0,0.0,0.0,0.0,0.0,0.0,0.0,0.0,0.0,0.0,0.0,0.0,0.0,0.0,0.0,0.0,0.0,0.0,0.0,1.0,0.0,1.0,2.0,0.0,0.0,0.0,0.0,0.0,13.0,0.0,0.0,14.0,0.0,14.0,7.0,3.0,14.0,44.0,40.0,15.0,14.0,0.0,0.0,0.0,0.0,0.0,0.0,0.0,0.0,0.0,0.0,0.0,0.0,10.0,0.0,7.0,6.0,0.0,0.0,0.0,0.0,0.0,16.0,0.0,0.0,14.0,0.0,17.0,11.0,3.0,15.0,69.0,55.0,18.0,20.0
286,1.0,286.0,London_11,3years_LHD,1Lon_11,151,453,1092.0,70.0,2.0,168516.0,6.864318096078932,825.0,116.0,2.0,114.0,214.0,18.0,196.0,322.0,167.0,115.0,30.0,93.0,8.0,33.0,1.0,6.0,7.0,88.0,160.0,198.0,34.0,0.43457943925233644,0.0,0.0,0.0,0.0,0.0,0.0,0.0,0.0,0.0,0.0,0.0,0.0,0.0,0.0,0.0,0.0,0.0,0.0,0.0,0.0,0.0,0.0,0.0,0.0,0.0,0.0,0.0,0.0,0.0,2.0,0.0,0.0,0.0,0.0,0.0,2.0,0.0,0.0,0.0,0.0,4.0,3.0,4.0,3.0,9.0,1.0,11.0,7.0,17.0,7.0,25.0,31.0,19.0,8.0,0.0,0.0,0.0,0.0,0.0,0.0,0.0,0.0,0.0,5.0,0.0,0.0,0.0,0.0,0.0,11.0,0.0,0.0,0.0,0.0,4.0,6.0,4.0,4.0,9.0,2.0,16.0,9.0,24.0,12.0,33.0,44.0,27.0,11.0
287,1.0,287.0,London_11,3years_LHD,1Lon_11,151,453,1092.0,70.0,2.0,158097.0,4.676957728341222,802.0,152.0,0.0,152.0,259.0,0.0,259.0,214.0,189.0,119.0,26.0,78.0,2.0,31.0,1.0,7.0,11.0,87.0,162.0,193.0,37.0,0.9961389961389961,0.0,0.0,0.0,0.0,0.0,0.0,0.0,0.0,0.0,0.0,0.0,0.0,0.0,0.0,0.0,0.0,0.0,0.0,0.0,0.0,0.0,0.0,0.0,0.0,0.0,0.0,0.0,0.0,0.0,0.0,0.0,0.0,0.0,0.0,0.0,0.0,0.0,0.0,0.0,0.0,2.0,7.0,3.0,1.0,3.0,0.0,9.0,5.0,6.0,13.0,40.0,25.0,20.0,6.0,0.0,0.0,0.0,0.0,0.0,0.0,0.0,0.0,0.0,0.0,0.0,0.0,0.0,0.0,0.0,0.0,0.0,0.0,0.0,0.0,2.0,8.0,3.0,1.0,3.0,0.0,10.0,7.0,8.0,18.0,62.0,36.0,25.0,8.0
288,1.0,288.0,London_11,3years_LHD,1Lon_11,151,453,1092.0,70.0,2.0,128199.0,3.3349405080080032,736.0,47.0,0.0,47.0,86.0,0.0,86.0,259.0,198.0,113.0,12.0,82.0,9.0,35.0,0.0,4.0,12.0,83.0,163.0,195.0,38.0,0.8837209302325582,0.0,0.0,0.0,0.0,0.0,0.0,0.0,0.0,0.0,0.0,0.0,0.0,0.0,0.0,0.0,0.0,0.0,0.0,0.0,0.0,0.0,0.0,0.0,0.0,0.0,0.0,0.0,0.0,0.0,0.0,0.0,0.0,0.0,0.0,0.0,0.0,0.0,0.0,0.0,0.0,2.0,2.0,1.0,1.0,0.0,0.0,6.0,4.0,7.0,7.0,8.0,18.0,9.0,4.0,0.0,0.0,0.0,0.0,0.0,0.0,0.0,0.0,0.0,0.0,0.0,0.0,0.0,0.0,0.0,0.0,0.0,0.0,0.0,0.0,2.0,3.0,1.0,1.0,0.0,0.0,9.0,4.0,7.0,8.0,11.0,28.0,13.0,5.0
289,1.0,289.0,London_11,3years_LHD,1Lon_11,151,453,1092.0,70.0,2.0,135900.0,4.009596563875675,753.0,58.0,2.0,56.0,119.0,19.0,100.0,86.0,203.0,103.0,11.0,82.0,9.0,38.0,1.0,6.0,15.0,80.0,163.0,195.0,51.0,1.0924369747899159,0.0,0.0,0.0,0.0,0.0,0.0,0.0,0.0,0.0,0.0,0.0,0.0,0.0,0.0,0.0,0.0,0.0,0.0,0.0,0.0,0.0,0.0,0.0,0.0,0.0,0.0,0.0,0.0,0.0,0.0,0.0,1.0,0.0,0.0,0.0,1.0,0.0,0.0,0.0,0.0,1.0,1.0,1.0,1.0,2.0,0.0,4.0,11.0,5.0,5.0,6.0,14.0,9.0,7.0,0.0,0.0,0.0,0.0,0.0,0.0,0.0,0.0,0.0,0.0,0.0,6.0,0.0,0.0,0.0,2.0,0.0,0.0,0.0,0.0,1.0,1.0,1.0,1.0,3.0,0.0,6.0,20.0,9.0,6.0,9.0,22.0,9.0,11.0
290,1.0,290.0,London_11,3years_LHD,1Lon_11,151,453,1092.0,70.0,2.0,151755.0,4.853033154271543,788.0,138.0,3.0,135.0,261.0,25.0,236.0,119.0,214.0,82.0,13.0,94.0,4.0,39.0,0.0,7.0,8.0,85.0,157.0,203.0,44.0,2.3831417624521074,0.0,0.0,0.0,0.0,0.0,0.0,0.0,0.0,0.0,0.0,0.0,0.0,0.0,0.0,0.0,0.0,0.0,0.0,0.0,0.0,0.0,0.0,0.0,0.0,0.0,0.0,0.0,0.0,0.0,0.0,0.0,0.0,1.0,0.0,2.0,1.0,0.0,0.0,0.0,0.0,2.0,0.0,1.0,1.0,3.0,0.0,11.0,9.0,7.0,14.0,24.0,36.0,20.0,15.0,0.0,0.0,0.0,0.0,0.0,0.0,0.0,0.0,0.0,0.0,0.0,0.0,4.0,0.0,14.0,6.0,0.0,0.0,0.0,0.0,3.0,0.0,2.0,2.0,4.0,0.0,13.0,11.0,8.0,19.0,32.0,53.0,24.0,21.0
291,1.0,291.0,London_11,3years_LHD,1Lon_11,151,453,1092.0,70.0,2.0,131823.0,3.8529210025444627,744.0,5.0,0.0,5.0,9.0,0.0,9.0,261.0,210.0,81.0,21.0,91.0,4.0,42.0,0.0,4.0,3.0,83.0,135.0,232.0,34.0,0.0,0.0,0.0,0.0,0.0,0.0,0.0,0.0,0.0,0.0,0.0,0.0,0.0,0.0,0.0,0.0,0.0,0.0,0.0,0.0,0.0,0.0,0.0,0.0,0.0,0.0,0.0,0.0,0.0,0.0,0.0,0.0,0.0,0.0,0.0,0.0,0.0,0.0,0.0,0.0,0.0,0.0,1.0,1.0,0.0,0.0,0.0,0.0,2.0,0.0,2.0,1.0,2.0,1.0,0.0,0.0,0.0,0.0,0.0,0.0,0.0,0.0,0.0,0.0,0.0,0.0,0.0,0.0,0.0,0.0,0.0,0.0,0.0,0.0,0.0,0.0,1.0,1.0,0.0,0.0,0.0,0.0,3.0,0.0,2.0,2.0,4.0,1.0,0.0
292,1.0,292.0,London_11,3years_LHD,1Lon_11,151,453,1092.0,70.0,2.0,169422.0,4.105580700561404,827.0,70.0,0.0,70.0,117.0,0.0,117.0,9.0,211.0,83.0,21.0,88.0,4.0,45.0,0.0,1.0,3.0,81.0,138.0,231.0,33.0,1.8205128205128205,0.0,0.0,0.0,0.0,0.0,0.0,0.0,0.0,0.0,0.0,0.0,0.0,0.0,0.0,0.0,0.0,0.0,0.0,0.0,0.0,0.0,0.0,0.0,0.0,0.0,0.0,0.0,0.0,0.0,0.0,0.0,0.0,0.0,0.0,0.0,0.0,0.0,0.0,0.0,0.0,3.0,3.0,1.0,0.0,5.0,0.0,11.0,6.0,1.0,6.0,22.0,15.0,24.0,7.0,0.0,0.0,0.0,0.0,0.0,0.0,0.0,0.0,0.0,0.0,0.0,0.0,0.0,0.0,0.0,0.0,0.0,0.0,0.0,0.0,4.0,3.0,1.0,0.0,5.0,0.0,13.0,8.0,1.0,6.0,31.0,21.0,29.0,9.0
293,1.0,293.0,London_11,3years_LHD,1Lon_11,151,453,1092.0,70.0,2.0,180747.0,4.15928908996284,852.0,116.0,2.0,114.0,209.0,17.0,192.0,117.0,220.0,84.0,23.0,83.0,5.0,37.0,1.0,0.0,3.0,83.0,145.0,222.0,30.0,1.8995215311004785,0.0,0.0,0.0,0.0,0.0,0.0,0.0,0.0,0.0,0.0,0.0,0.0,0.0,0.0,0.0,0.0,0.0,0.0,0.0,0.0,0.0,0.0,0.0,0.0,0.0,0.0,0.0,0.0,0.0,2.0,0.0,0.0,1.0,0.0,0.0,1.0,0.0,0.0,0.0,0.0,4.0,2.0,3.0,1.0,7.0,0.0,8.0,7.0,7.0,1.0,28.0,21.0,26.0,10.0,0.0,0.0,0.0,0.0,0.0,0.0,0.0,0.0,0.0,11.0,0.0,0.0,4.0,0.0,0.0,5.0,0.0,0.0,0.0,0.0,6.0,2.0,3.0,2.0,8.0,0.0,12.0,8.0,10.0,2.0,38.0,33.0,36.0,18.0
294,1.0,294.0,London_11,3years_LHD,1Lon_11,151,453,1092.0,70.0,2.0,168516.0,2.452973953448236,825.0,78.0,0.0,78.0,129.0,0.0,129.0,209.0,228.0,83.0,33.0,80.0,9.0,13.0,1.0,6.0,4.0,84.0,147.0,218.0,32.0,1.0232558139534884,0.0,0.0,0.0,0.0,0.0,0.0,0.0,0.0,0.0,0.0,0.0,0.0,0.0,0.0,0.0,0.0,0.0,0.0,0.0,0.0,0.0,0.0,0.0,0.0,0.0,0.0,0.0,0.0,0.0,0.0,0.0,0.0,0.0,0.0,0.0,0.0,0.0,0.0,0.0,0.0,1.0,4.0,1.0,0.0,6.0,0.0,8.0,10.0,9.0,10.0,12.0,14.0,17.0,2.0,0.0,0.0,0.0,0.0,0.0,0.0,0.0,0.0,0.0,0.0,0.0,0.0,0.0,0.0,0.0,0.0,0.0,0.0,0.0,0.0,1.0,5.0,1.0,0.0,6.0,0.0,9.0,13.0,11.0,15.0,22.0,19.0,25.0,4.0
295,1.0,295.0,London_11,3years_LHD,1Lon_11,151,453,1092.0,70.0,2.0,169875.0,4.456999257206917,828.0,66.0,2.0,64.0,124.0,15.0,109.0,129.0,237.0,91.0,37.0,53.0,9.0,15.0,1.0,10.0,10.0,79.0,154.0,210.0,34.0,1.2419354838709677,0.0,0.0,0.0,0.0,0.0,0.0,0.0,0.0,0.0,0.0,0.0,0.0,0.0,0.0,0.0,0.0,0.0,0.0,0.0,0.0,0.0,0.0,0.0,0.0,0.0,0.0,0.0,0.0,0.0,1.0,0.0,0.0,0.0,0.0,0.0,2.0,0.0,0.0,0.0,0.0,1.0,4.0,5.0,2.0,2.0,0.0,7.0,3.0,8.0,6.0,10.0,18.0,9.0,5.0,0.0,0.0,0.0,0.0,0.0,0.0,0.0,0.0,0.0,2.0,0.0,0.0,0.0,0.0,0.0,7.0,0.0,0.0,0.0,0.0,1.0,6.0,5.0,3.0,2.0,0.0,9.0,4.0,13.0,7.0,11.0,29.0,15.0,7.0
296,1.0,296.0,London_11,3years_LHD,1Lon_11,151,453,1092.0,70.0,2.0,173046.0,5.970912233926356,835.0,147.0,0.0,147.0,257.0,0.0,257.0,124.0,238.0,93.0,42.0,54.0,13.0,7.0,0.0,6.0,10.0,90.0,136.0,217.0,23.0,2.245136186770428,0.0,0.0,0.0,0.0,0.0,0.0,0.0,0.0,0.0,0.0,0.0,0.0,0.0,0.0,0.0,0.0,0.0,0.0,0.0,0.0,0.0,0.0,0.0,0.0,0.0,0.0,0.0,0.0,0.0,0.0,0.0,0.0,0.0,0.0,0.0,0.0,0.0,0.0,0.0,0.0,2.0,13.0,0.0,4.0,0.0,1.0,15.0,4.0,3.0,2.0,23.0,30.0,21.0,10.0,0.0,0.0,0.0,0.0,0.0,0.0,0.0,0.0,0.0,0.0,0.0,0.0,0.0,0.0,0.0,0.0,0.0,0.0,0.0,0.0,3.0,20.0,0.0,4.0,0.0,4.0,19.0,6.0,3.0,2.0,35.0,51.0,26.0,14.0
297,1.0,297.0,London_11,3years_LHD,1Lon_11,151,453,1092.0,70.0,2.0,132276.0,5.015913555398583,745.0,146.0,1.0,145.0,256.0,9.0,247.0,257.0,227.0,89.0,18.0,83.0,9.0,20.0,0.0,7.0,4.0,74.0,140.0,235.0,32.0,1.7734375,0.0,0.0,0.0,0.0,0.0,0.0,0.0,0.0,0.0,0.0,0.0,0.0,0.0,0.0,0.0,0.0,0.0,0.0,0.0,0.0,0.0,0.0,0.0,0.0,0.0,0.0,0.0,0.0,0.0,1.0,0.0,0.0,0.0,0.0,0.0,1.0,0.0,0.0,0.0,0.0,7.0,2.0,0.0,2.0,0.0,0.0,16.0,14.0,7.0,9.0,27.0,35.0,27.0,18.0,0.0,0.0,0.0,0.0,0.0,0.0,0.0,0.0,0.0,6.0,0.0,0.0,0.0,0.0,0.0,3.0,0.0,0.0,0.0,0.0,9.0,2.0,0.0,3.0,0.0,0.0,19.0,19.0,9.0,10.0,41.0,56.0,33.0,28.0
298,1.0,298.0,London_11,3years_LHD,1Lon_11,151,453,1092.0,70.0,2.0,88335.0,3.2430257694795728,648.0,19.0,0.0,19.0,36.0,0.0,36.0,256.0,212.0,107.0,26.0,76.0,9.0,16.0,2.0,5.0,1.0,77.0,156.0,219.0,33.0,0.6666666666666666,0.0,0.0,0.0,0.0,0.0,0.0,0.0,0.0,0.0,0.0,0.0,0.0,0.0,0.0,0.0,0.0,0.0,0.0,0.0,0.0,0.0,0.0,0.0,0.0,0.0,0.0,0.0,0.0,0.0,0.0,0.0,0.0,0.0,0.0,0.0,0.0,0.0,0.0,0.0,0.0,0.0,0.0,1.0,0.0,0.0,0.0,3.0,2.0,2.0,3.0,2.0,4.0,5.0,1.0,0.0,0.0,0.0,0.0,0.0,0.0,0.0,0.0,0.0,0.0,0.0,0.0,0.0,0.0,0.0,0.0,0.0,0.0,0.0,0.0,0.0,0.0,1.0,0.0,0.0,0.0,6.0,3.0,2.0,4.0,2.0,6.0,6.0,1.0
299,1.0,299.0,London_11,3years_LHD,1Lon_11,151,453,1092.0,70.0,2.0,110532.0,2.8186593987047672,697.0,127.0,2.0,125.0,224.0,17.0,207.0,36.0,218.0,107.0,22.0,73.0,8.0,19.0,1.0,5.0,1.0,79.0,160.0,213.0,34.0,1.7589285714285714,0.0,0.0,0.0,0.0,0.0,0.0,0.0,0.0,0.0,0.0,0.0,0.0,0.0,0.0,0.0,0.0,0.0,0.0,0.0,0.0,0.0,0.0,0.0,0.0,0.0,0.0,0.0,0.0,0.0,2.0,0.0,0.0,1.0,0.0,1.0,1.0,0.0,0.0,0.0,0.0,3.0,2.0,2.0,2.0,2.0,0.0,16.0,12.0,6.0,14.0,27.0,21.0,15.0,7.0,0.0,0.0,0.0,0.0,0.0,0.0,0.0,0.0,0.0,10.0,0.0,0.0,6.0,0.0,7.0,4.0,0.0,0.0,0.0,0.0,5.0,2.0,5.0,3.0,2.0,0.0,23.0,15.0,8.0,21.0,38.0,29.0,21.0,12.0
300,1.0,300.0,London_11,3years_LHD,1Lon_11,151,453,1092.0,70.0,2.0,90600.0,3.1474532652646303,653.0,9.0,2.0,7.0,31.0,17.0,14.0,224.0,228.0,108.0,13.0,72.0,8.0,21.0,1.0,2.0,10.0,73.0,184.0,186.0,40.0,0.3548387096774194,0.0,0.0,0.0,0.0,0.0,0.0,0.0,0.0,0.0,0.0,0.0,0.0,0.0,0.0,0.0,0.0,0.0,0.0,0.0,0.0,0.0,0.0,0.0,0.0,0.0,0.0,0.0,0.0,0.0,2.0,0.0,0.0,2.0,0.0,0.0,2.0,0.0,0.0,0.0,0.0,1.0,0.0,0.0,1.0,2.0,0.0,2.0,0.0,0.0,0.0,1.0,0.0,2.0,1.0,0.0,0.0,0.0,0.0,0.0,0.0,0.0,0.0,0.0,11.0,0.0,0.0,10.0,0.0,0.0,10.0,0.0,0.0,0.0,0.0,2.0,0.0,0.0,3.0,2.0,0.0,3.0,0.0,0.0,0.0,4.0,0.0,2.0,2.0
301,1.0,301.0,London_11,3years_LHD,1Lon_11,151,453,1092.0,70.0,2.0,127746.0,1.709022511728108,735.0,19.0,0.0,19.0,34.0,0.0,34.0,31.0,234.0,115.0,14.0,68.0,4.0,15.0,1.0,2.0,9.0,70.0,180.0,194.0,39.0,2.4705882352941178,0.0,0.0,0.0,0.0,0.0,0.0,0.0,0.0,0.0,0.0,0.0,0.0,0.0,0.0,0.0,0.0,0.0,0.0,0.0,0.0,0.0,0.0,0.0,0.0,0.0,0.0,0.0,0.0,0.0,0.0,0.0,0.0,0.0,0.0,0.0,0.0,0.0,0.0,0.0,0.0,0.0,2.0,0.0,0.0,1.0,0.0,2.0,2.0,1.0,3.0,8.0,1.0,5.0,2.0,0.0,0.0,0.0,0.0,0.0,0.0,0.0,0.0,0.0,0.0,0.0,0.0,0.0,0.0,0.0,0.0,0.0,0.0,0.0,0.0,0.0,2.0,0.0,0.0,1.0,0.0,2.0,3.0,1.0,4.0,15.0,1.0,7.0,2.0
302,1.0,302.0,London_11,3years_LHD,1Lon_11,151,453,1092.0,70.0,2.0,159456.0,0.7521826736629009,805.0,66.0,0.0,66.0,110.0,0.0,110.0,34.0,231.0,122.0,14.0,67.0,4.0,12.0,1.0,2.0,9.0,68.0,185.0,191.0,39.0,2.272727272727273,0.0,0.0,0.0,0.0,0.0,0.0,0.0,0.0,0.0,0.0,0.0,0.0,0.0,0.0,0.0,0.0,0.0,0.0,0.0,0.0,0.0,0.0,0.0,0.0,0.0,0.0,0.0,0.0,0.0,0.0,0.0,0.0,0.0,0.0,0.0,0.0,0.0,0.0,0.0,0.0,1.0,9.0,2.0,3.0,5.0,0.0,0.0,2.0,5.0,10.0,18.0,12.0,13.0,6.0,0.0,0.0,0.0,0.0,0.0,0.0,0.0,0.0,0.0,0.0,0.0,0.0,0.0,0.0,0.0,0.0,0.0,0.0,0.0,0.0,1.0,11.0,2.0,3.0,6.0,0.0,0.0,4.0,6.0,11.0,26.0,16.0,16.0,12.0
303,1.0,303.0,London_11,3years_LHD,1Lon_11,151,453,1092.0,70.0,2.0,171687.0,3.358258002437651,832.0,54.0,2.0,52.0,109.0,19.0,90.0,110.0,247.0,117.0,15.0,57.0,4.0,5.0,1.0,7.0,12.0,67.0,186.0,188.0,39.0,3.779816513761468,0.0,0.0,0.0,0.0,0.0,0.0,0.0,0.0,0.0,0.0,0.0,0.0,0.0,0.0,0.0,0.0,0.0,0.0,0.0,0.0,0.0,0.0,0.0,0.0,0.0,0.0,0.0,0.0,0.0,2.0,0.0,0.0,0.0,0.0,1.0,0.0,0.0,0.0,0.0,0.0,7.0,0.0,1.0,3.0,3.0,0.0,3.0,4.0,3.0,3.0,6.0,7.0,12.0,6.0,0.0,0.0,0.0,0.0,0.0,0.0,0.0,0.0,0.0,7.0,0.0,0.0,0.0,0.0,7.0,0.0,0.0,0.0,0.0,0.0,9.0,0.0,1.0,3.0,3.0,0.0,4.0,4.0,5.0,4.0,7.0,10.0,16.0,10.0
304,1.0,304.0,London_11,3years_LHD,1Lon_11,151,453,1092.0,70.0,2.0,190713.0,2.8221564795821905,874.0,66.0,2.0,64.0,135.0,18.0,117.0,109.0,242.0,110.0,18.0,57.0,3.0,13.0,3.0,7.0,12.0,64.0,175.0,202.0,38.0,1.7555555555555555,0.0,0.0,0.0,0.0,0.0,0.0,0.0,0.0,0.0,0.0,0.0,0.0,0.0,0.0,0.0,0.0,0.0,0.0,0.0,0.0,0.0,0.0,0.0,0.0,0.0,0.0,0.0,0.0,0.0,0.0,1.0,0.0,0.0,0.0,1.0,1.0,0.0,0.0,0.0,0.0,8.0,2.0,0.0,2.0,1.0,0.0,6.0,7.0,1.0,6.0,11.0,19.0,18.0,8.0,0.0,0.0,0.0,0.0,0.0,0.0,0.0,0.0,0.0,0.0,8.0,0.0,0.0,0.0,9.0,2.0,0.0,0.0,0.0,0.0,13.0,2.0,0.0,3.0,1.0,0.0,9.0,7.0,2.0,12.0,16.0,26.0,27.0,12.0
305,1.0,305.0,London_11,3years_LHD,1Lon_11,151,453,1092.0,70.0,2.0,203850.0,6.007163058035076,903.0,190.0,0.0,190.0,301.0,0.0,301.0,135.0,256.0,108.0,17.0,47.0,5.0,13.0,5.0,2.0,11.0,68.0,164.0,210.0,35.0,4.637873754152824,0.0,0.0,0.0,0.0,0.0,0.0,0.0,0.0,0.0,0.0,0.0,0.0,0.0,0.0,0.0,0.0,0.0,0.0,0.0,0.0,0.0,0.0,0.0,0.0,0.0,0.0,0.0,0.0,0.0,0.0,0.0,0.0,0.0,0.0,0.0,0.0,0.0,0.0,0.0,0.0,1.0,1.0,1.0,7.0,0.0,0.0,0.0,11.0,1.0,5.0,24.0,52.0,19.0,8.0,0.0,0.0,0.0,0.0,0.0,0.0,0.0,0.0,0.0,0.0,0.0,0.0,0.0,0.0,0.0,0.0,0.0,0.0,0.0,0.0,1.0,1.0,1.0,9.0,0.0,0.0,0.0,13.0,1.0,6.0,36.0,71.0,27.0,11.0
306,1.0,306.0,London_11,3years_LHD,1Lon_11,151,453,1092.0,70.0,2.0,143601.0,2.649891777895391,770.0,71.0,1.0,70.0,126.0,9.0,117.0,301.0,192.0,109.0,33.0,77.0,7.0,24.0,2.0,9.0,11.0,73.0,169.0,200.0,48.0,0.7857142857142857,0.0,0.0,0.0,0.0,0.0,0.0,0.0,0.0,0.0,0.0,0.0,0.0,0.0,0.0,0.0,0.0,0.0,0.0,0.0,0.0,0.0,0.0,0.0,0.0,0.0,0.0,0.0,0.0,0.0,1.0,0.0,0.0,0.0,0.0,0.0,0.0,0.0,0.0,0.0,0.0,6.0,10.0,2.0,1.0,2.0,0.0,7.0,5.0,8.0,14.0,11.0,12.0,11.0,8.0,0.0,0.0,0.0,0.0,0.0,0.0,0.0,0.0,0.0,4.0,0.0,0.0,0.0,0.0,0.0,0.0,0.0,0.0,0.0,0.0,7.0,11.0,2.0,1.0,3.0,0.0,8.0,7.0,10.0,18.0,15.0,22.0,15.0,13.0
307,1.0,307.0,London_11,3years_LHD,1Lon_11,151,453,1092.0,70.0,2.0,148584.0,1.1948914425447583,781.0,135.0,2.0,133.0,247.0,17.0,230.0,126.0,200.0,110.0,33.0,73.0,8.0,21.0,0.0,8.0,11.0,79.0,175.0,188.0,52.0,1.2672064777327936,0.0,0.0,0.0,0.0,0.0,0.0,0.0,0.0,0.0,0.0,0.0,0.0,0.0,0.0,0.0,0.0,0.0,0.0,0.0,0.0,0.0,0.0,0.0,0.0,0.0,0.0,0.0,0.0,0.0,0.0,0.0,0.0,2.0,0.0,0.0,1.0,0.0,0.0,0.0,0.0,5.0,8.0,0.0,0.0,2.0,0.0,5.0,8.0,10.0,14.0,25.0,31.0,20.0,11.0,0.0,0.0,0.0,0.0,0.0,0.0,0.0,0.0,0.0,0.0,0.0,0.0,6.0,0.0,0.0,5.0,0.0,0.0,0.0,0.0,5.0,11.0,0.0,0.0,3.0,0.0,11.0,10.0,13.0,16.0,42.0,41.0,27.0,15.0
308,1.0,308.0,London_11,3years_LHD,1Lon_11,151,453,1092.0,70.0,2.0,118686.0,3.8773780092597008,715.0,26.0,0.0,26.0,42.0,0.0,42.0,247.0,215.0,98.0,24.0,80.0,7.0,19.0,4.0,6.0,8.0,60.0,167.0,218.0,41.0,2.0714285714285716,0.0,0.0,0.0,0.0,0.0,0.0,0.0,0.0,0.0,0.0,0.0,0.0,0.0,0.0,0.0,0.0,0.0,0.0,0.0,0.0,0.0,0.0,0.0,0.0,0.0,0.0,0.0,0.0,0.0,0.0,0.0,0.0,0.0,0.0,0.0,0.0,0.0,0.0,0.0,0.0,0.0,1.0,1.0,1.0,0.0,0.0,1.0,2.0,4.0,2.0,5.0,6.0,5.0,1.0,0.0,0.0,0.0,0.0,0.0,0.0,0.0,0.0,0.0,0.0,0.0,0.0,0.0,0.0,0.0,0.0,0.0,0.0,0.0,0.0,0.0,1.0,1.0,1.0,0.0,0.0,1.0,2.0,4.0,2.0,6.0,8.0,5.0,2.0
309,1.0,309.0,London_11,3years_LHD,1Lon_11,151,453,1092.0,70.0,2.0,153567.0,3.0596674028784037,792.0,119.0,2.0,117.0,231.0,17.0,214.0,42.0,214.0,100.0,22.0,80.0,5.0,20.0,5.0,7.0,8.0,63.0,164.0,218.0,41.0,1.7792207792207793,0.0,0.0,0.0,0.0,0.0,0.0,0.0,0.0,0.0,0.0,0.0,0.0,0.0,0.0,0.0,0.0,0.0,0.0,0.0,0.0,0.0,0.0,0.0,0.0,0.0,0.0,0.0,0.0,0.0,2.0,0.0,0.0,1.0,1.0,1.0,1.0,0.0,0.0,0.0,0.0,6.0,3.0,14.0,3.0,1.0,0.0,5.0,10.0,9.0,9.0,13.0,33.0,18.0,4.0,0.0,0.0,0.0,0.0,0.0,0.0,0.0,0.0,0.0,10.0,0.0,0.0,6.0,7.0,7.0,1.0,0.0,0.0,0.0,0.0,7.0,3.0,15.0,4.0,1.0,0.0,5.0,17.0,13.0,9.0,17.0,56.0,24.0,5.0
310,1.0,310.0,London_11,3years_LHD,1Lon_11,151,453,1092.0,70.0,2.0,144960.0,3.2892451686784625,773.0,45.0,0.0,45.0,85.0,0.0,85.0,231.0,223.0,94.0,13.0,76.0,9.0,21.0,6.0,11.0,7.0,75.0,159.0,212.0,31.0,1.2470588235294118,0.0,0.0,0.0,0.0,0.0,0.0,0.0,0.0,0.0,0.0,0.0,0.0,0.0,0.0,0.0,0.0,0.0,0.0,0.0,0.0,0.0,0.0,0.0,0.0,0.0,0.0,0.0,0.0,0.0,0.0,0.0,0.0,0.0,0.0,0.0,0.0,0.0,0.0,0.0,0.0,2.0,7.0,7.0,1.0,1.0,1.0,3.0,5.0,6.0,5.0,11.0,11.0,2.0,2.0,0.0,0.0,0.0,0.0,0.0,0.0,0.0,0.0,0.0,0.0,0.0,0.0,0.0,0.0,0.0,0.0,0.0,0.0,0.0,0.0,2.0,12.0,9.0,2.0,1.0,2.0,5.0,5.0,9.0,8.0,21.0,15.0,3.0,3.0
311,1.0,311.0,London_11,3years_LHD,1Lon_11,151,453,1092.0,70.0,2.0,169875.0,5.072568922303617,828.0,40.0,1.0,39.0,76.0,10.0,66.0,85.0,228.0,102.0,4.0,70.0,8.0,23.0,5.0,13.0,7.0,66.0,168.0,212.0,36.0,1.5,0.0,0.0,0.0,0.0,0.0,0.0,0.0,0.0,0.0,0.0,0.0,0.0,0.0,0.0,0.0,0.0,0.0,0.0,0.0,0.0,0.0,0.0,0.0,0.0,0.0,0.0,0.0,0.0,0.0,0.0,0.0,0.0,0.0,0.0,1.0,0.0,1.0,0.0,0.0,0.0,4.0,1.0,0.0,1.0,2.0,1.0,2.0,5.0,1.0,4.0,2.0,8.0,8.0,2.0,0.0,0.0,0.0,0.0,0.0,0.0,0.0,0.0,0.0,0.0,0.0,0.0,0.0,0.0,8.0,0.0,8.0,0.0,0.0,0.0,4.0,1.0,0.0,1.0,2.0,2.0,3.0,8.0,2.0,5.0,3.0,13.0,10.0,3.0
312,1.0,312.0,London_11,3years_LHD,1Lon_11,151,453,1092.0,70.0,2.0,200226.0,6.238612647168338,895.0,52.0,0.0,52.0,94.0,0.0,94.0,76.0,232.0,103.0,0.0,67.0,10.0,27.0,5.0,9.0,4.0,69.0,162.0,218.0,30.0,2.6595744680851063,0.0,0.0,0.0,0.0,0.0,0.0,0.0,0.0,0.0,0.0,0.0,0.0,0.0,0.0,0.0,0.0,0.0,0.0,0.0,0.0,0.0,0.0,0.0,0.0,0.0,0.0,0.0,0.0,0.0,0.0,0.0,0.0,0.0,0.0,0.0,0.0,0.0,0.0,0.0,0.0,1.0,0.0,0.0,1.0,0.0,0.0,11.0,4.0,6.0,4.0,11.0,13.0,9.0,4.0,0.0,0.0,0.0,0.0,0.0,0.0,0.0,0.0,0.0,0.0,0.0,0.0,0.0,0.0,0.0,0.0,0.0,0.0,0.0,0.0,1.0,0.0,0.0,1.0,0.0,0.0,21.0,6.0,7.0,7.0,18.0,18.0,9.0,9.0
313,1.0,313.0,London_11,3years_LHD,1Lon_11,151,453,1092.0,70.0,2.0,219252.0,3.720840260386467,937.0,183.0,2.0,181.0,323.0,20.0,303.0,94.0,231.0,116.0,8.0,41.0,7.0,35.0,5.0,10.0,6.0,69.0,172.0,206.0,47.0,3.8359133126934983,0.0,0.0,0.0,0.0,0.0,0.0,0.0,0.0,0.0,0.0,0.0,0.0,0.0,0.0,0.0,0.0,0.0,0.0,0.0,0.0,0.0,0.0,0.0,0.0,0.0,0.0,0.0,0.0,0.0,1.0,0.0,0.0,1.0,0.0,0.0,1.0,1.0,0.0,0.0,0.0,1.0,3.0,1.0,3.0,5.0,1.0,11.0,7.0,11.0,8.0,39.0,40.0,17.0,11.0,0.0,0.0,0.0,0.0,0.0,0.0,0.0,0.0,0.0,3.0,0.0,0.0,8.0,0.0,0.0,3.0,10.0,0.0,0.0,0.0,2.0,4.0,1.0,5.0,5.0,1.0,12.0,9.0,13.0,8.0,54.0,58.0,21.0,15.0
314,1.0,314.0,London_11,3years_LHD,1Lon_11,151,453,1092.0,70.0,2.0,173952.0,3.263624258339405,837.0,119.0,2.0,117.0,212.0,16.0,196.0,323.0,171.0,114.0,25.0,96.0,5.0,28.0,5.0,9.0,7.0,83.0,157.0,206.0,39.0,0.9056603773584906,0.0,0.0,0.0,0.0,0.0,0.0,0.0,0.0,0.0,0.0,0.0,0.0,0.0,0.0,0.0,0.0,0.0,0.0,0.0,0.0,0.0,0.0,0.0,0.0,0.0,0.0,0.0,0.0,0.0,2.0,0.0,0.0,1.0,0.0,0.0,2.0,0.0,0.0,0.0,0.0,4.0,12.0,4.0,4.0,5.0,0.0,11.0,7.0,9.0,19.0,13.0,39.0,17.0,16.0,0.0,0.0,0.0,0.0,0.0,0.0,0.0,0.0,0.0,9.0,0.0,0.0,5.0,0.0,0.0,6.0,0.0,0.0,0.0,0.0,4.0,16.0,5.0,8.0,6.0,0.0,13.0,12.0,13.0,25.0,18.0,55.0,22.0,21.0
315,1.0,315.0,London_11,3years_LHD,1Lon_11,151,453,1092.0,70.0,2.0,160362.0,2.3829643595963717,807.0,142.0,0.0,142.0,259.0,0.0,259.0,212.0,167.0,127.0,32.0,94.0,4.0,22.0,2.0,5.0,5.0,91.0,142.0,215.0,46.0,1.0463320463320462,0.0,0.0,0.0,0.0,0.0,0.0,0.0,0.0,0.0,0.0,0.0,0.0,0.0,0.0,0.0,0.0,0.0,0.0,0.0,0.0,0.0,0.0,0.0,0.0,0.0,0.0,0.0,0.0,0.0,0.0,0.0,0.0,0.0,0.0,0.0,0.0,0.0,0.0,0.0,0.0,4.0,12.0,1.0,1.0,1.0,0.0,11.0,16.0,4.0,11.0,37.0,29.0,17.0,10.0,0.0,0.0,0.0,0.0,0.0,0.0,0.0,0.0,0.0,0.0,0.0,0.0,0.0,0.0,0.0,0.0,0.0,0.0,0.0,0.0,6.0,16.0,1.0,2.0,1.0,0.0,13.0,23.0,5.0,16.0,54.0,49.0,24.0,19.0
316,1.0,316.0,London_11,3years_LHD,1Lon_11,151,453,1092.0,70.0,2.0,124575.0,4.446089327335358,728.0,48.0,0.0,48.0,85.0,0.0,85.0,259.0,172.0,119.0,21.0,86.0,11.0,34.0,1.0,9.0,6.0,93.0,151.0,203.0,49.0,1.2705882352941176,0.0,0.0,0.0,0.0,0.0,0.0,0.0,0.0,0.0,0.0,0.0,0.0,0.0,0.0,0.0,0.0,0.0,0.0,0.0,0.0,0.0,0.0,0.0,0.0,0.0,0.0,0.0,0.0,0.0,0.0,0.0,0.0,0.0,0.0,0.0,0.0,0.0,0.0,0.0,0.0,5.0,1.0,1.0,2.0,1.0,0.0,0.0,4.0,3.0,12.0,8.0,11.0,13.0,10.0,0.0,0.0,0.0,0.0,0.0,0.0,0.0,0.0,0.0,0.0,0.0,0.0,0.0,0.0,0.0,0.0,0.0,0.0,0.0,0.0,7.0,1.0,1.0,4.0,1.0,0.0,0.0,6.0,4.0,17.0,13.0,15.0,18.0,20.0
317,1.0,317.0,London_11,3years_LHD,1Lon_11,151,453,1092.0,70.0,2.0,130464.0,4.841671733185649,741.0,55.0,2.0,53.0,116.0,17.0,99.0,85.0,174.0,126.0,18.0,81.0,13.0,28.0,1.0,12.0,8.0,81.0,179.0,185.0,50.0,1.1982758620689655,0.0,0.0,0.0,0.0,0.0,0.0,0.0,0.0,0.0,0.0,0.0,0.0,0.0,0.0,0.0,0.0,0.0,0.0,0.0,0.0,0.0,0.0,0.0,0.0,0.0,0.0,0.0,0.0,0.0,2.0,0.0,0.0,0.0,0.0,0.0,1.0,0.0,0.0,0.0,0.0,1.0,1.0,4.0,2.0,3.0,0.0,6.0,3.0,5.0,4.0,7.0,12.0,9.0,4.0,0.0,0.0,0.0,0.0,0.0,0.0,0.0,0.0,0.0,11.0,0.0,0.0,0.0,0.0,0.0,3.0,0.0,0.0,0.0,0.0,1.0,1.0,4.0,3.0,3.0,0.0,7.0,6.0,9.0,7.0,11.0,19.0,14.0,9.0
318,1.0,318.0,London_11,3years_LHD,1Lon_11,151,453,1092.0,70.0,2.0,145413.0,4.53803351148963,774.0,139.0,2.0,137.0,253.0,18.0,235.0,116.0,180.0,130.0,11.0,86.0,12.0,23.0,3.0,8.0,12.0,80.0,175.0,186.0,57.0,1.8735177865612649,0.0,0.0,0.0,0.0,0.0,0.0,0.0,0.0,0.0,0.0,0.0,0.0,0.0,0.0,0.0,0.0,0.0,0.0,0.0,0.0,0.0,0.0,0.0,0.0,0.0,0.0,0.0,0.0,0.0,2.0,0.0,0.0,2.0,0.0,0.0,2.0,0.0,0.0,0.0,0.0,1.0,0.0,2.0,2.0,5.0,1.0,9.0,4.0,3.0,16.0,26.0,36.0,14.0,18.0,0.0,0.0,0.0,0.0,0.0,0.0,0.0,0.0,0.0,7.0,0.0,0.0,12.0,0.0,0.0,14.0,0.0,0.0,0.0,0.0,1.0,0.0,2.0,6.0,5.0,2.0,10.0,4.0,3.0,23.0,40.0,54.0,18.0,26.0
319,1.0,319.0,London_11,3years_LHD,1Lon_11,151,453,1092.0,70.0,2.0,102831.0,3.5075426027178764,680.0,8.0,0.0,8.0,14.0,0.0,14.0,253.0,180.0,132.0,23.0,71.0,8.0,20.0,5.0,14.0,5.0,67.0,187.0,194.0,39.0,0.5714285714285714,0.0,0.0,0.0,0.0,0.0,0.0,0.0,0.0,0.0,0.0,0.0,0.0,0.0,0.0,0.0,0.0,0.0,0.0,0.0,0.0,0.0,0.0,0.0,0.0,0.0,0.0,0.0,0.0,0.0,0.0,0.0,0.0,0.0,0.0,0.0,0.0,0.0,0.0,0.0,0.0,0.0,1.0,0.0,0.0,1.0,0.0,0.0,1.0,0.0,0.0,1.0,3.0,1.0,2.0,0.0,0.0,0.0,0.0,0.0,0.0,0.0,0.0,0.0,0.0,0.0,0.0,0.0,0.0,0.0,0.0,0.0,0.0,0.0,0.0,0.0,2.0,0.0,0.0,1.0,0.0,0.0,1.0,0.0,0.0,1.0,6.0,1.0,3.0
320,1.0,320.0,London_11,3years_LHD,1Lon_11,151,453,1092.0,70.0,2.0,136806.0,2.7577623184770346,755.0,67.0,0.0,67.0,116.0,0.0,116.0,14.0,182.0,132.0,21.0,73.0,8.0,18.0,5.0,14.0,6.0,65.0,189.0,193.0,41.0,1.7241379310344827,0.0,0.0,0.0,0.0,0.0,0.0,0.0,0.0,0.0,0.0,0.0,0.0,0.0,0.0,0.0,0.0,0.0,0.0,0.0,0.0,0.0,0.0,0.0,0.0,0.0,0.0,0.0,0.0,0.0,0.0,0.0,0.0,0.0,0.0,0.0,0.0,0.0,0.0,0.0,0.0,2.0,5.0,4.0,2.0,5.0,1.0,3.0,3.0,7.0,3.0,14.0,15.0,16.0,6.0,0.0,0.0,0.0,0.0,0.0,0.0,0.0,0.0,0.0,0.0,0.0,0.0,0.0,0.0,0.0,0.0,0.0,0.0,0.0,0.0,3.0,9.0,5.0,2.0,5.0,2.0,3.0,3.0,8.0,4.0,22.0,17.0,18.0,10.0
321,1.0,321.0,London_11,3years_LHD,1Lon_11,151,453,1092.0,70.0,2.0,141789.0,2.3366628913208842,766.0,109.0,2.0,107.0,214.0,22.0,192.0,116.0,189.0,115.0,22.0,70.0,11.0,26.0,5.0,15.0,9.0,72.0,199.0,173.0,48.0,2.135514018691589,0.0,0.0,0.0,0.0,0.0,0.0,0.0,0.0,0.0,0.0,0.0,0.0,0.0,0.0,0.0,0.0,0.0,0.0,0.0,0.0,0.0,0.0,0.0,0.0,0.0,0.0,0.0,0.0,0.0,0.0,0.0,0.0,0.0,0.0,0.0,1.0,0.0,0.0,0.0,0.0,1.0,3.0,1.0,0.0,2.0,0.0,6.0,11.0,6.0,8.0,31.0,22.0,20.0,9.0,0.0,0.0,0.0,0.0,0.0,0.0,0.0,0.0,0.0,0.0,0.0,0.0,0.0,0.0,0.0,5.0,0.0,0.0,0.0,0.0,1.0,5.0,1.0,0.0,2.0,0.0,8.0,19.0,10.0,11.0,47.0,28.0,26.0,12.0
322,1.0,322.0,London_11,3years_LHD,1Lon_11,151,453,1092.0,70.0,2.0,126840.0,2.9860102524980903,733.0,26.0,0.0,26.0,42.0,0.0,42.0,214.0,201.0,120.0,14.0,71.0,13.0,21.0,5.0,8.0,6.0,81.0,170.0,196.0,41.0,1.4047619047619047,0.0,0.0,0.0,0.0,0.0,0.0,0.0,0.0,0.0,0.0,0.0,0.0,0.0,0.0,0.0,0.0,0.0,0.0,0.0,0.0,0.0,0.0,0.0,0.0,0.0,0.0,0.0,0.0,0.0,0.0,0.0,0.0,0.0,0.0,0.0,0.0,0.0,0.0,0.0,0.0,1.0,3.0,3.0,0.0,1.0,0.0,3.0,1.0,3.0,4.0,5.0,5.0,3.0,4.0,0.0,0.0,0.0,0.0,0.0,0.0,0.0,0.0,0.0,0.0,0.0,0.0,0.0,0.0,0.0,0.0,0.0,0.0,0.0,0.0,2.0,6.0,4.0,0.0,1.0,0.0,3.0,1.0,3.0,5.0,9.0,7.0,3.0,5.0
323,1.0,323.0,London_11,3years_LHD,1Lon_11,151,453,1092.0,70.0,2.0,164892.0,6.521848909556866,817.0,135.0,2.0,133.0,232.0,17.0,215.0,42.0,209.0,120.0,13.0,63.0,14.0,22.0,5.0,7.0,7.0,90.0,173.0,183.0,38.0,2.0991379310344827,0.0,0.0,0.0,0.0,0.0,0.0,0.0,0.0,0.0,0.0,0.0,0.0,0.0,0.0,0.0,0.0,0.0,0.0,0.0,0.0,0.0,0.0,0.0,0.0,0.0,0.0,0.0,0.0,0.0,0.0,1.0,0.0,1.0,0.0,0.0,1.0,0.0,0.0,0.0,0.0,6.0,8.0,1.0,1.0,1.0,1.0,9.0,7.0,2.0,9.0,18.0,36.0,20.0,14.0,0.0,0.0,0.0,0.0,0.0,0.0,0.0,0.0,0.0,0.0,7.0,0.0,6.0,0.0,0.0,3.0,0.0,0.0,0.0,0.0,7.0,8.0,1.0,2.0,1.0,1.0,10.0,8.0,2.0,9.0,25.0,47.0,22.0,18.0
324,1.0,324.0,London_11,3years_LHD,1Lon_11,151,453,1092.0,70.0,2.0,138618.0,3.8030929500237107,759.0,45.0,0.0,45.0,85.0,0.0,85.0,232.0,227.0,96.0,16.0,57.0,20.0,28.0,7.0,2.0,7.0,74.0,175.0,197.0,35.0,1.2588235294117647,0.0,0.0,0.0,0.0,0.0,0.0,0.0,0.0,0.0,0.0,0.0,0.0,0.0,0.0,0.0,0.0,0.0,0.0,0.0,0.0,0.0,0.0,0.0,0.0,0.0,0.0,0.0,0.0,0.0,0.0,0.0,0.0,0.0,0.0,0.0,0.0,0.0,0.0,0.0,0.0,1.0,4.0,2.0,2.0,3.0,0.0,3.0,5.0,4.0,6.0,6.0,10.0,13.0,6.0,0.0,0.0,0.0,0.0,0.0,0.0,0.0,0.0,0.0,0.0,0.0,0.0,0.0,0.0,0.0,0.0,0.0,0.0,0.0,0.0,2.0,6.0,3.0,2.0,3.0,0.0,3.0,6.0,6.0,7.0,9.0,15.0,17.0,10.0
325,1.0,325.0,London_11,3years_LHD,1Lon_11,151,453,1092.0,70.0,2.0,162174.0,4.85982308909297,811.0,36.0,0.0,36.0,65.0,0.0,65.0,85.0,232.0,106.0,16.0,53.0,20.0,19.0,6.0,1.0,5.0,74.0,178.0,196.0,33.0,1.7692307692307692,0.0,0.0,0.0,0.0,0.0,0.0,0.0,0.0,0.0,0.0,0.0,0.0,0.0,0.0,0.0,0.0,0.0,0.0,0.0,0.0,0.0,0.0,0.0,0.0,0.0,0.0,0.0,0.0,0.0,0.0,0.0,0.0,0.0,0.0,0.0,0.0,0.0,0.0,0.0,0.0,1.0,1.0,1.0,1.0,2.0,0.0,5.0,1.0,0.0,3.0,8.0,7.0,6.0,4.0,0.0,0.0,0.0,0.0,0.0,0.0,0.0,0.0,0.0,0.0,0.0,0.0,0.0,0.0,0.0,0.0,0.0,0.0,0.0,0.0,1.0,1.0,1.0,1.0,2.0,0.0,7.0,1.0,0.0,4.0,13.0,13.0,8.0,8.0
326,1.0,326.0,London_11,3years_LHD,1Lon_11,151,453,1092.0,70.0,2.0,190713.0,1.7774737952277064,874.0,47.0,0.0,47.0,92.0,0.0,92.0,65.0,235.0,111.0,13.0,48.0,21.0,22.0,2.0,1.0,8.0,84.0,169.0,192.0,37.0,2.869565217391304,0.0,0.0,0.0,0.0,0.0,0.0,0.0,0.0,0.0,0.0,0.0,0.0,0.0,0.0,0.0,0.0,0.0,0.0,0.0,0.0,0.0,0.0,0.0,0.0,0.0,0.0,0.0,0.0,0.0,0.0,0.0,0.0,0.0,0.0,0.0,0.0,0.0,0.0,0.0,0.0,3.0,4.0,1.0,0.0,2.0,0.0,7.0,3.0,1.0,3.0,9.0,12.0,15.0,2.0,0.0,0.0,0.0,0.0,0.0,0.0,0.0,0.0,0.0,0.0,0.0,0.0,0.0,0.0,0.0,0.0,0.0,0.0,0.0,0.0,3.0,6.0,2.0,0.0,2.0,0.0,9.0,5.0,1.0,3.0,13.0,17.0,23.0,3.0
327,1.0,327.0,London_11,3years_LHD,1Lon_11,151,453,1092.0,70.0,2.0,211098.0,5.28436476085335,919.0,181.0,2.0,179.0,323.0,20.0,303.0,92.0,240.0,110.0,10.0,42.0,22.0,27.0,1.0,1.0,7.0,84.0,177.0,185.0,33.0,4.352941176470588,0.0,0.0,0.0,0.0,0.0,0.0,0.0,0.0,0.0,0.0,0.0,0.0,0.0,0.0,0.0,0.0,0.0,0.0,0.0,0.0,0.0,0.0,0.0,0.0,0.0,0.0,0.0,0.0,0.0,0.0,0.0,0.0,1.0,0.0,1.0,2.0,0.0,0.0,0.0,0.0,1.0,13.0,0.0,1.0,4.0,0.0,10.0,3.0,3.0,3.0,30.0,36.0,7.0,8.0,0.0,0.0,0.0,0.0,0.0,0.0,0.0,0.0,0.0,0.0,0.0,0.0,7.0,0.0,6.0,9.0,0.0,0.0,0.0,0.0,1.0,17.0,0.0,1.0,4.0,0.0,12.0,4.0,3.0,3.0,43.0,56.0,7.0,8.0
328,1.0,328.0,London_11,3years_LHD,1Lon_11,151,453,1092.0,70.0,2.0,169422.0,6.503339755348861,827.0,120.0,2.0,118.0,215.0,18.0,197.0,323.0,175.0,124.0,24.0,91.0,7.0,25.0,2.0,5.0,7.0,78.0,159.0,209.0,43.0,0.6511627906976745,0.0,0.0,0.0,0.0,0.0,0.0,0.0,0.0,0.0,0.0,0.0,0.0,0.0,0.0,0.0,0.0,0.0,0.0,0.0,0.0,0.0,0.0,0.0,0.0,0.0,0.0,0.0,0.0,0.0,2.0,0.0,0.0,0.0,0.0,0.0,2.0,0.0,0.0,0.0,0.0,1.0,10.0,1.0,2.0,2.0,0.0,5.0,10.0,7.0,11.0,20.0,31.0,18.0,13.0,0.0,0.0,0.0,0.0,0.0,0.0,0.0,0.0,0.0,12.0,0.0,0.0,0.0,0.0,0.0,8.0,0.0,0.0,0.0,0.0,1.0,13.0,1.0,2.0,2.0,0.0,6.0,14.0,8.0,14.0,31.0,46.0,21.0,17.0
329,1.0,329.0,London_11,3years_LHD,1Lon_11,151,453,1092.0,70.0,2.0,151302.0,3.016814881004393,787.0,145.0,0.0,145.0,260.0,0.0,260.0,215.0,184.0,138.0,32.0,56.0,12.0,27.0,0.0,4.0,8.0,80.0,163.0,202.0,46.0,0.8384615384615385,0.0,0.0,0.0,0.0,0.0,0.0,0.0,0.0,0.0,0.0,0.0,0.0,0.0,0.0,0.0,0.0,0.0,0.0,0.0,0.0,0.0,0.0,0.0,0.0,0.0,0.0,0.0,0.0,0.0,0.0,0.0,0.0,0.0,0.0,0.0,0.0,0.0,0.0,0.0,0.0,0.0,10.0,0.0,1.0,8.0,0.0,7.0,5.0,0.0,22.0,29.0,25.0,17.0,14.0,0.0,0.0,0.0,0.0,0.0,0.0,0.0,0.0,0.0,0.0,0.0,0.0,0.0,0.0,0.0,0.0,0.0,0.0,0.0,0.0,0.0,15.0,0.0,1.0,9.0,0.0,10.0,7.0,0.0,26.0,44.0,41.0,18.0,20.0
330,1.0,330.0,London_11,3years_LHD,1Lon_11,151,453,1092.0,70.0,2.0,114609.0,1.7892102813348174,706.0,41.0,0.0,41.0,85.0,0.0,85.0,260.0,210.0,110.0,19.0,64.0,18.0,27.0,1.0,4.0,5.0,80.0,149.0,219.0,39.0,0.38823529411764707,0.0,0.0,0.0,0.0,0.0,0.0,0.0,0.0,0.0,0.0,0.0,0.0,0.0,0.0,0.0,0.0,0.0,0.0,0.0,0.0,0.0,0.0,0.0,0.0,0.0,0.0,0.0,0.0,0.0,0.0,0.0,0.0,0.0,0.0,0.0,0.0,0.0,0.0,0.0,0.0,3.0,4.0,0.0,0.0,10.0,0.0,10.0,2.0,2.0,2.0,8.0,8.0,8.0,4.0,0.0,0.0,0.0,0.0,0.0,0.0,0.0,0.0,0.0,0.0,0.0,0.0,0.0,0.0,0.0,0.0,0.0,0.0,0.0,0.0,3.0,4.0,0.0,0.0,11.0,0.0,12.0,2.0,3.0,2.0,17.0,15.0,10.0,8.0
331,1.0,331.0,London_11,3years_LHD,1Lon_11,151,453,1092.0,70.0,2.0,135900.0,2.1217977553606033,753.0,61.0,2.0,59.0,118.0,19.0,99.0,85.0,223.0,106.0,18.0,54.0,18.0,29.0,2.0,3.0,6.0,89.0,153.0,205.0,44.0,1.7118644067796611,0.0,0.0,0.0,0.0,0.0,0.0,0.0,0.0,0.0,0.0,0.0,0.0,0.0,0.0,0.0,0.0,0.0,0.0,0.0,0.0,0.0,0.0,0.0,0.0,0.0,0.0,0.0,0.0,0.0,1.0,0.0,0.0,0.0,0.0,0.0,1.0,0.0,0.0,0.0,0.0,2.0,1.0,1.0,0.0,7.0,0.0,13.0,4.0,5.0,7.0,9.0,12.0,13.0,5.0,0.0,0.0,0.0,0.0,0.0,0.0,0.0,0.0,0.0,6.0,0.0,0.0,0.0,0.0,0.0,3.0,0.0,0.0,0.0,0.0,2.0,1.0,1.0,0.0,7.0,0.0,18.0,4.0,7.0,8.0,13.0,19.0,14.0,6.0
332,1.0,332.0,London_11,3years_LHD,1Lon_11,151,453,1092.0,70.0,2.0,147225.0,4.117979399859905,778.0,148.0,3.0,145.0,260.0,25.0,235.0,118.0,225.0,98.0,19.0,61.0,15.0,34.0,0.0,1.0,4.0,82.0,163.0,204.0,44.0,1.8846153846153846,0.0,0.0,0.0,0.0,0.0,0.0,0.0,0.0,0.0,0.0,0.0,0.0,0.0,0.0,0.0,0.0,0.0,0.0,0.0,0.0,0.0,0.0,0.0,0.0,0.0,0.0,0.0,0.0,0.0,1.0,0.0,0.0,1.0,0.0,2.0,2.0,0.0,0.0,0.0,0.0,10.0,16.0,0.0,1.0,2.0,0.0,17.0,11.0,4.0,23.0,22.0,42.0,17.0,16.0,0.0,0.0,0.0,0.0,0.0,0.0,0.0,0.0,0.0,1.0,0.0,0.0,6.0,0.0,13.0,11.0,0.0,0.0,0.0,0.0,13.0,20.0,0.0,1.0,2.0,0.0,21.0,15.0,8.0,28.0,30.0,61.0,21.0,21.0
333,1.0,333.0,London_11,3years_LHD,1Lon_11,151,453,1092.0,70.0,2.0,104643.0,3.6934797381982207,684.0,9.0,0.0,9.0,13.0,0.0,13.0,260.0,232.0,93.0,14.0,83.0,9.0,18.0,0.0,4.0,5.0,82.0,163.0,203.0,31.0,1.2307692307692308,0.0,0.0,0.0,0.0,0.0,0.0,0.0,0.0,0.0,0.0,0.0,0.0,0.0,0.0,0.0,0.0,0.0,0.0,0.0,0.0,0.0,0.0,0.0,0.0,0.0,0.0,0.0,0.0,0.0,0.0,0.0,0.0,0.0,0.0,0.0,0.0,0.0,0.0,0.0,0.0,0.0,0.0,0.0,0.0,0.0,0.0,1.0,0.0,0.0,1.0,1.0,4.0,1.0,1.0,0.0,0.0,0.0,0.0,0.0,0.0,0.0,0.0,0.0,0.0,0.0,0.0,0.0,0.0,0.0,0.0,0.0,0.0,0.0,0.0,0.0,0.0,0.0,0.0,0.0,0.0,2.0,0.0,0.0,1.0,1.0,6.0,2.0,1.0
334,1.0,334.0,London_11,3years_LHD,1Lon_11,151,453,1092.0,70.0,2.0,133182.0,2.100387228652835,747.0,62.0,0.0,62.0,116.0,0.0,116.0,13.0,233.0,96.0,14.0,81.0,6.0,19.0,0.0,4.0,5.0,84.0,165.0,199.0,31.0,1.2413793103448276,0.0,0.0,0.0,0.0,0.0,0.0,0.0,0.0,0.0,0.0,0.0,0.0,0.0,0.0,0.0,0.0,0.0,0.0,0.0,0.0,0.0,0.0,0.0,0.0,0.0,0.0,0.0,0.0,0.0,0.0,0.0,0.0,0.0,0.0,0.0,0.0,0.0,0.0,0.0,0.0,3.0,5.0,1.0,0.0,2.0,0.0,8.0,5.0,6.0,12.0,17.0,14.0,15.0,6.0,0.0,0.0,0.0,0.0,0.0,0.0,0.0,0.0,0.0,0.0,0.0,0.0,0.0,0.0,0.0,0.0,0.0,0.0,0.0,0.0,4.0,6.0,1.0,0.0,2.0,0.0,10.0,7.0,10.0,20.0,27.0,20.0,22.0,8.0
335,1.0,335.0,London_11,3years_LHD,1Lon_11,151,453,1092.0,70.0,2.0,143148.0,4.591089695692062,769.0,115.0,2.0,113.0,208.0,17.0,191.0,116.0,250.0,97.0,5.0,74.0,8.0,17.0,0.0,2.0,9.0,87.0,168.0,189.0,36.0,1.8798076923076923,0.0,0.0,0.0,0.0,0.0,0.0,0.0,0.0,0.0,0.0,0.0,0.0,0.0,0.0,0.0,0.0,0.0,0.0,0.0,0.0,0.0,0.0,0.0,0.0,0.0,0.0,0.0,0.0,0.0,2.0,0.0,0.0,1.0,0.0,0.0,1.0,0.0,0.0,0.0,0.0,4.0,4.0,1.0,2.0,0.0,1.0,7.0,6.0,7.0,9.0,23.0,35.0,19.0,10.0,0.0,0.0,0.0,0.0,0.0,0.0,0.0,0.0,0.0,6.0,0.0,0.0,5.0,0.0,0.0,4.0,0.0,0.0,0.0,0.0,4.0,4.0,1.0,4.0,0.0,1.0,8.0,11.0,8.0,10.0,36.0,46.0,27.0,16.0
336,1.0,336.0,London_11,3years_LHD,1Lon_11,151,453,1092.0,70.0,2.0,127293.0,4.361221748404205,734.0,23.0,0.0,23.0,44.0,0.0,44.0,208.0,251.0,96.0,13.0,65.0,3.0,18.0,3.0,4.0,5.0,78.0,174.0,196.0,37.0,0.29545454545454547,0.0,0.0,0.0,0.0,0.0,0.0,0.0,0.0,0.0,0.0,0.0,0.0,0.0,0.0,0.0,0.0,0.0,0.0,0.0,0.0,0.0,0.0,0.0,0.0,0.0,0.0,0.0,0.0,0.0,0.0,0.0,0.0,0.0,0.0,0.0,0.0,0.0,0.0,0.0,0.0,0.0,7.0,1.0,0.0,0.0,0.0,4.0,1.0,0.0,7.0,5.0,4.0,5.0,2.0,0.0,0.0,0.0,0.0,0.0,0.0,0.0,0.0,0.0,0.0,0.0,0.0,0.0,0.0,0.0,0.0,0.0,0.0,0.0,0.0,0.0,10.0,1.0,0.0,0.0,0.0,7.0,2.0,0.0,9.0,8.0,5.0,8.0,3.0
337,1.0,337.0,London_11,3years_LHD,1Lon_11,151,453,1092.0,70.0,2.0,160362.0,4.618628785945475,807.0,130.0,2.0,128.0,229.0,15.0,214.0,44.0,257.0,97.0,9.0,63.0,5.0,21.0,1.0,0.0,5.0,72.0,183.0,193.0,41.0,2.3187772925764194,0.0,0.0,0.0,0.0,0.0,0.0,0.0,0.0,0.0,0.0,0.0,0.0,0.0,0.0,0.0,0.0,0.0,0.0,0.0,0.0,0.0,0.0,0.0,0.0,0.0,0.0,0.0,0.0,0.0,0.0,0.0,0.0,0.0,0.0,0.0,2.0,0.0,0.0,0.0,0.0,1.0,7.0,4.0,1.0,3.0,0.0,10.0,6.0,5.0,10.0,21.0,30.0,15.0,14.0,0.0,0.0,0.0,0.0,0.0,0.0,0.0,0.0,0.0,0.0,0.0,0.0,0.0,0.0,0.0,9.0,0.0,0.0,0.0,0.0,1.0,9.0,5.0,2.0,3.0,0.0,12.0,9.0,5.0,14.0,35.0,44.0,22.0,20.0
338,1.0,338.0,London_11,3years_LHD,1Lon_11,151,453,1092.0,70.0,2.0,140883.0,4.368857815861702,764.0,48.0,0.0,48.0,85.0,0.0,85.0,229.0,239.0,84.0,14.0,74.0,9.0,26.0,3.0,4.0,4.0,83.0,169.0,197.0,35.0,0.9176470588235294,0.0,0.0,0.0,0.0,0.0,0.0,0.0,0.0,0.0,0.0,0.0,0.0,0.0,0.0,0.0,0.0,0.0,0.0,0.0,0.0,0.0,0.0,0.0,0.0,0.0,0.0,0.0,0.0,0.0,0.0,0.0,0.0,0.0,0.0,0.0,0.0,0.0,0.0,0.0,0.0,3.0,2.0,0.0,1.0,0.0,0.0,6.0,0.0,2.0,13.0,11.0,11.0,7.0,7.0,0.0,0.0,0.0,0.0,0.0,0.0,0.0,0.0,0.0,0.0,0.0,0.0,0.0,0.0,0.0,0.0,0.0,0.0,0.0,0.0,4.0,2.0,0.0,2.0,0.0,0.0,7.0,0.0,3.0,22.0,19.0,15.0,10.0,12.0
339,1.0,339.0,London_11,3years_LHD,1Lon_11,151,453,1092.0,70.0,2.0,160815.0,4.740066570229828,808.0,35.0,1.0,34.0,75.0,9.0,66.0,85.0,246.0,86.0,15.0,61.0,11.0,26.0,3.0,5.0,6.0,82.0,172.0,193.0,38.0,1.5066666666666666,0.0,0.0,0.0,0.0,0.0,0.0,0.0,0.0,0.0,0.0,0.0,0.0,0.0,0.0,0.0,0.0,0.0,0.0,0.0,0.0,0.0,0.0,0.0,0.0,0.0,0.0,0.0,0.0,0.0,1.0,0.0,0.0,0.0,0.0,0.0,1.0,0.0,0.0,0.0,0.0,0.0,5.0,0.0,0.0,1.0,0.0,3.0,4.0,5.0,2.0,7.0,7.0,8.0,2.0,0.0,0.0,0.0,0.0,0.0,0.0,0.0,0.0,0.0,3.0,0.0,0.0,0.0,0.0,0.0,2.0,0.0,0.0,0.0,0.0,0.0,7.0,0.0,0.0,1.0,0.0,3.0,4.0,6.0,2.0,11.0,12.0,10.0,3.0
340,1.0,340.0,London_11,3years_LHD,1Lon_11,151,453,1092.0,70.0,2.0,194337.0,4.028964188881218,882.0,54.0,0.0,54.0,92.0,0.0,92.0,75.0,249.0,83.0,15.0,46.0,13.0,38.0,2.0,7.0,3.0,76.0,169.0,205.0,36.0,2.2717391304347827,0.0,0.0,0.0,0.0,0.0,0.0,0.0,0.0,0.0,0.0,0.0,0.0,0.0,0.0,0.0,0.0,0.0,0.0,0.0,0.0,0.0,0.0,0.0,0.0,0.0,0.0,0.0,0.0,0.0,0.0,0.0,0.0,0.0,0.0,0.0,0.0,0.0,0.0,0.0,0.0,0.0,3.0,3.0,1.0,2.0,0.0,3.0,3.0,3.0,4.0,10.0,11.0,15.0,6.0,0.0,0.0,0.0,0.0,0.0,0.0,0.0,0.0,0.0,0.0,0.0,0.0,0.0,0.0,0.0,0.0,0.0,0.0,0.0,0.0,0.0,3.0,3.0,1.0,2.0,0.0,3.0,4.0,4.0,5.0,13.0,17.0,19.0,7.0
341,1.0,341.0,London_11,3years_LHD,1Lon_11,151,453,1092.0,70.0,2.0,216987.0,6.292014399543405,932.0,180.0,2.0,178.0,320.0,17.0,303.0,92.0,253.0,70.0,18.0,48.0,13.0,43.0,1.0,7.0,4.0,83.0,171.0,195.0,38.0,4.865625,0.0,0.0,0.0,0.0,0.0,0.0,0.0,0.0,0.0,0.0,0.0,0.0,0.0,0.0,0.0,0.0,0.0,0.0,0.0,0.0,0.0,0.0,0.0,0.0,0.0,0.0,0.0,0.0,0.0,2.0,0.0,0.0,1.0,0.0,1.0,1.0,0.0,0.0,0.0,0.0,1.0,19.0,2.0,3.0,0.0,1.0,7.0,4.0,4.0,8.0,33.0,29.0,15.0,14.0,0.0,0.0,0.0,0.0,0.0,0.0,0.0,0.0,0.0,6.0,0.0,0.0,9.0,0.0,5.0,1.0,0.0,0.0,0.0,0.0,1.0,28.0,2.0,3.0,0.0,2.0,7.0,5.0,5.0,9.0,49.0,43.0,17.0,19.0
342,1.0,342.0,London_11,3years_LHD,1Lon_11,151,453,1092.0,70.0,2.0,178482.0,3.588856534101069,847.0,118.0,2.0,116.0,213.0,17.0,196.0,320.0,163.0,119.0,25.0,93.0,13.0,31.0,2.0,7.0,8.0,80.0,155.0,210.0,42.0,0.5727699530516432,0.0,0.0,0.0,0.0,0.0,0.0,0.0,0.0,0.0,0.0,0.0,0.0,0.0,0.0,0.0,0.0,0.0,0.0,0.0,0.0,0.0,0.0,0.0,0.0,0.0,0.0,0.0,0.0,0.0,1.0,0.0,0.0,2.0,0.0,0.0,2.0,0.0,0.0,0.0,0.0,7.0,6.0,5.0,1.0,2.0,1.0,10.0,14.0,14.0,8.0,20.0,25.0,22.0,7.0,0.0,0.0,0.0,0.0,0.0,0.0,0.0,0.0,0.0,4.0,0.0,0.0,13.0,0.0,0.0,8.0,0.0,0.0,0.0,0.0,9.0,8.0,6.0,1.0,2.0,2.0,15.0,20.0,19.0,12.0,33.0,36.0,31.0,12.0
343,1.0,343.0,London_11,3years_LHD,1Lon_11,151,453,1092.0,70.0,2.0,159003.0,4.808423865586519,804.0,152.0,0.0,152.0,261.0,0.0,261.0,213.0,179.0,133.0,20.0,75.0,19.0,24.0,1.0,2.0,8.0,81.0,159.0,205.0,46.0,1.1149425287356323,0.0,0.0,0.0,0.0,0.0,0.0,0.0,0.0,0.0,0.0,0.0,0.0,0.0,0.0,0.0,0.0,0.0,0.0,0.0,0.0,0.0,0.0,0.0,0.0,0.0,0.0,0.0,0.0,0.0,0.0,0.0,0.0,0.0,0.0,0.0,0.0,0.0,0.0,0.0,0.0,2.0,7.0,1.0,0.0,2.0,0.0,6.0,4.0,15.0,19.0,29.0,41.0,19.0,14.0,0.0,0.0,0.0,0.0,0.0,0.0,0.0,0.0,0.0,0.0,0.0,0.0,0.0,0.0,0.0,0.0,0.0,0.0,0.0,0.0,2.0,7.0,1.0,0.0,2.0,0.0,6.0,5.0,19.0,28.0,45.0,52.0,23.0,24.0
344,1.0,344.0,London_11,3years_LHD,1Lon_11,151,453,1092.0,70.0,2.0,120951.0,1.559807107783854,720.0,51.0,0.0,51.0,87.0,0.0,87.0,261.0,194.0,112.0,21.0,80.0,19.0,23.0,2.0,2.0,8.0,89.0,146.0,210.0,30.0,0.8275862068965517,0.0,0.0,0.0,0.0,0.0,0.0,0.0,0.0,0.0,0.0,0.0,0.0,0.0,0.0,0.0,0.0,0.0,0.0,0.0,0.0,0.0,0.0,0.0,0.0,0.0,0.0,0.0,0.0,0.0,0.0,0.0,0.0,0.0,0.0,0.0,0.0,0.0,0.0,0.0,0.0,1.0,5.0,1.0,0.0,1.0,0.0,7.0,4.0,4.0,2.0,14.0,8.0,10.0,6.0,0.0,0.0,0.0,0.0,0.0,0.0,0.0,0.0,0.0,0.0,0.0,0.0,0.0,0.0,0.0,0.0,0.0,0.0,0.0,0.0,1.0,9.0,1.0,0.0,1.0,0.0,9.0,8.0,6.0,2.0,21.0,10.0,13.0,9.0
345,1.0,345.0,London_11,3years_LHD,1Lon_11,151,453,1092.0,70.0,2.0,132729.0,4.215099731460214,746.0,63.0,2.0,61.0,121.0,19.0,102.0,87.0,200.0,113.0,19.0,69.0,21.0,28.0,2.0,1.0,11.0,88.0,152.0,202.0,36.0,1.7272727272727273,0.0,0.0,0.0,0.0,0.0,0.0,0.0,0.0,0.0,0.0,0.0,0.0,0.0,0.0,0.0,0.0,0.0,0.0,0.0,0.0,0.0,0.0,0.0,0.0,0.0,0.0,0.0,0.0,0.0,2.0,0.0,0.0,0.0,0.0,1.0,0.0,0.0,0.0,0.0,0.0,1.0,2.0,4.0,0.0,1.0,0.0,7.0,5.0,4.0,10.0,8.0,14.0,12.0,2.0,0.0,0.0,0.0,0.0,0.0,0.0,0.0,0.0,0.0,11.0,0.0,0.0,0.0,0.0,6.0,0.0,0.0,0.0,0.0,0.0,1.0,3.0,5.0,0.0,1.0,0.0,13.0,7.0,4.0,13.0,11.0,22.0,16.0,3.0
346,1.0,346.0,London_11,3years_LHD,1Lon_11,151,453,1092.0,70.0,2.0,136353.0,3.3574714064598083,754.0,129.0,2.0,127.0,253.0,18.0,235.0,121.0,204.0,125.0,20.0,62.0,10.0,30.0,0.0,2.0,6.0,85.0,158.0,204.0,32.0,1.6284584980237153,0.0,0.0,0.0,0.0,0.0,0.0,0.0,0.0,0.0,0.0,0.0,0.0,0.0,0.0,0.0,0.0,0.0,0.0,0.0,0.0,0.0,0.0,0.0,0.0,0.0,0.0,0.0,0.0,0.0,0.0,1.0,0.0,0.0,0.0,1.0,1.0,0.0,0.0,0.0,0.0,5.0,3.0,1.0,1.0,0.0,0.0,8.0,14.0,9.0,5.0,20.0,40.0,19.0,13.0,0.0,0.0,0.0,0.0,0.0,0.0,0.0,0.0,0.0,0.0,5.0,0.0,0.0,0.0,7.0,5.0,0.0,0.0,0.0,0.0,5.0,3.0,1.0,2.0,0.0,0.0,9.0,18.0,11.0,6.0,32.0,60.0,21.0,19.0
347,1.0,347.0,London_11,3years_LHD,1Lon_11,151,453,1092.0,70.0,2.0,104190.0,1.8089826814830303,683.0,4.0,0.0,4.0,5.0,0.0,5.0,253.0,215.0,95.0,18.0,86.0,12.0,23.0,2.0,2.0,5.0,75.0,142.0,231.0,41.0,0.0,0.0,0.0,0.0,0.0,0.0,0.0,0.0,0.0,0.0,0.0,0.0,0.0,0.0,0.0,0.0,0.0,0.0,0.0,0.0,0.0,0.0,0.0,0.0,0.0,0.0,0.0,0.0,0.0,0.0,0.0,0.0,0.0,0.0,0.0,0.0,0.0,0.0,0.0,0.0,0.0,0.0,0.0,0.0,0.0,0.0,0.0,0.0,2.0,0.0,1.0,1.0,1.0,0.0,0.0,0.0,0.0,0.0,0.0,0.0,0.0,0.0,0.0,0.0,0.0,0.0,0.0,0.0,0.0,0.0,0.0,0.0,0.0,0.0,0.0,0.0,0.0,0.0,0.0,0.0,0.0,0.0,2.0,0.0,1.0,1.0,1.0,0.0,0.0
348,1.0,348.0,London_11,3years_LHD,1Lon_11,151,453,1092.0,70.0,2.0,127746.0,4.161127456463873,735.0,73.0,1.0,72.0,127.0,9.0,118.0,5.0,217.0,94.0,18.0,85.0,12.0,23.0,2.0,2.0,5.0,74.0,144.0,230.0,42.0,1.4330708661417322,0.0,0.0,0.0,0.0,0.0,0.0,0.0,0.0,0.0,0.0,0.0,0.0,0.0,0.0,0.0,0.0,0.0,0.0,0.0,0.0,0.0,0.0,0.0,0.0,0.0,0.0,0.0,0.0,0.0,1.0,0.0,0.0,0.0,0.0,0.0,0.0,0.0,0.0,0.0,0.0,3.0,8.0,0.0,0.0,2.0,0.0,13.0,11.0,8.0,4.0,16.0,12.0,13.0,8.0,0.0,0.0,0.0,0.0,0.0,0.0,0.0,0.0,0.0,9.0,0.0,0.0,0.0,0.0,0.0,0.0,0.0,0.0,0.0,0.0,6.0,11.0,0.0,0.0,2.0,0.0,19.0,15.0,8.0,6.0,26.0,16.0,15.0,9.0
349,1.0,349.0,London_11,3years_LHD,1Lon_11,151,453,1092.0,70.0,2.0,137712.0,3.341497140005231,757.0,108.0,2.0,106.0,208.0,17.0,191.0,127.0,227.0,99.0,22.0,73.0,13.0,16.0,2.0,1.0,7.0,71.0,158.0,217.0,43.0,1.6105769230769231,0.0,0.0,0.0,0.0,0.0,0.0,0.0,0.0,0.0,0.0,0.0,0.0,0.0,0.0,0.0,0.0,0.0,0.0,0.0,0.0,0.0,0.0,0.0,0.0,0.0,0.0,0.0,0.0,0.0,0.0,0.0,0.0,2.0,0.0,0.0,1.0,0.0,0.0,0.0,0.0,2.0,6.0,0.0,2.0,2.0,0.0,18.0,7.0,9.0,16.0,22.0,27.0,13.0,7.0,0.0,0.0,0.0,0.0,0.0,0.0,0.0,0.0,0.0,0.0,0.0,0.0,11.0,0.0,0.0,3.0,0.0,0.0,0.0,0.0,4.0,10.0,0.0,5.0,3.0,0.0,23.0,10.0,13.0,17.0,34.0,38.0,15.0,8.0
350,1.0,350.0,London_11,3years_LHD,1Lon_11,151,453,1092.0,70.0,2.0,129105.0,4.744262400083244,738.0,27.0,0.0,27.0,44.0,0.0,44.0,208.0,246.0,105.0,17.0,56.0,4.0,19.0,3.0,3.0,7.0,87.0,141.0,218.0,34.0,1.0454545454545454,0.0,0.0,0.0,0.0,0.0,0.0,0.0,0.0,0.0,0.0,0.0,0.0,0.0,0.0,0.0,0.0,0.0,0.0,0.0,0.0,0.0,0.0,0.0,0.0,0.0,0.0,0.0,0.0,0.0,0.0,0.0,0.0,0.0,0.0,0.0,0.0,0.0,0.0,0.0,0.0,0.0,5.0,0.0,1.0,0.0,0.0,5.0,1.0,3.0,3.0,5.0,3.0,5.0,2.0,0.0,0.0,0.0,0.0,0.0,0.0,0.0,0.0,0.0,0.0,0.0,0.0,0.0,0.0,0.0,0.0,0.0,0.0,0.0,0.0,0.0,6.0,0.0,1.0,0.0,0.0,8.0,2.0,4.0,4.0,8.0,5.0,5.0,2.0
351,1.0,351.0,London_11,3years_LHD,1Lon_11,151,453,1092.0,70.0,2.0,162174.0,6.337832271121442,811.0,123.0,2.0,121.0,232.0,17.0,215.0,44.0,250.0,108.0,18.0,49.0,5.0,21.0,2.0,0.0,9.0,80.0,152.0,212.0,34.0,2.3189655172413794,0.0,0.0,0.0,0.0,0.0,0.0,0.0,0.0,0.0,0.0,0.0,0.0,0.0,0.0,0.0,0.0,0.0,0.0,0.0,0.0,0.0,0.0,0.0,0.0,0.0,0.0,0.0,0.0,0.0,2.0,0.0,0.0,1.0,1.0,1.0,1.0,0.0,0.0,0.0,0.0,3.0,12.0,0.0,1.0,1.0,0.0,4.0,5.0,4.0,14.0,19.0,26.0,16.0,15.0,0.0,0.0,0.0,0.0,0.0,0.0,0.0,0.0,0.0,8.0,0.0,0.0,4.0,2.0,7.0,3.0,0.0,0.0,0.0,0.0,3.0,16.0,0.0,1.0,1.0,0.0,4.0,5.0,5.0,18.0,26.0,42.0,22.0,23.0
352,1.0,352.0,London_11,3years_LHD,1Lon_11,151,453,1092.0,70.0,2.0,142695.0,3.1963543575257063,768.0,52.0,0.0,52.0,85.0,0.0,85.0,232.0,253.0,90.0,15.0,74.0,2.0,17.0,1.0,1.0,8.0,80.0,152.0,213.0,22.0,0.4117647058823529,0.0,0.0,0.0,0.0,0.0,0.0,0.0,0.0,0.0,0.0,0.0,0.0,0.0,0.0,0.0,0.0,0.0,0.0,0.0,0.0,0.0,0.0,0.0,0.0,0.0,0.0,0.0,0.0,0.0,0.0,0.0,0.0,0.0,0.0,0.0,0.0,0.0,0.0,0.0,0.0,1.0,2.0,2.0,1.0,3.0,0.0,2.0,8.0,4.0,9.0,13.0,11.0,7.0,4.0,0.0,0.0,0.0,0.0,0.0,0.0,0.0,0.0,0.0,0.0,0.0,0.0,0.0,0.0,0.0,0.0,0.0,0.0,0.0,0.0,2.0,2.0,3.0,1.0,3.0,0.0,3.0,8.0,4.0,11.0,18.0,17.0,8.0,8.0
353,1.0,353.0,London_11,3years_LHD,1Lon_11,151,453,1092.0,70.0,2.0,160815.0,4.902917690575123,808.0,36.0,1.0,35.0,75.0,10.0,65.0,85.0,261.0,104.0,16.0,54.0,3.0,13.0,0.0,2.0,9.0,79.0,154.0,211.0,25.0,1.2533333333333334,0.0,0.0,0.0,0.0,0.0,0.0,0.0,0.0,0.0,0.0,0.0,0.0,0.0,0.0,0.0,0.0,0.0,0.0,0.0,0.0,0.0,0.0,0.0,0.0,0.0,0.0,0.0,0.0,0.0,0.0,0.0,0.0,0.0,0.0,1.0,0.0,1.0,0.0,0.0,0.0,0.0,0.0,5.0,0.0,2.0,0.0,8.0,0.0,7.0,6.0,10.0,8.0,5.0,3.0,0.0,0.0,0.0,0.0,0.0,0.0,0.0,0.0,0.0,0.0,0.0,0.0,0.0,0.0,5.0,0.0,9.0,0.0,0.0,0.0,0.0,0.0,5.0,0.0,2.0,0.0,11.0,0.0,12.0,13.0,20.0,13.0,10.0,7.0
354,1.0,354.0,London_11,3years_LHD,1Lon_11,151,453,1092.0,70.0,2.0,196602.0,5.940221428871155,887.0,52.0,0.0,52.0,92.0,0.0,92.0,75.0,264.0,97.0,15.0,50.0,4.0,18.0,0.0,5.0,4.0,81.0,149.0,219.0,25.0,2.5869565217391304,0.0,0.0,0.0,0.0,0.0,0.0,0.0,0.0,0.0,0.0,0.0,0.0,0.0,0.0,0.0,0.0,0.0,0.0,0.0,0.0,0.0,0.0,0.0,0.0,0.0,0.0,0.0,0.0,0.0,0.0,0.0,0.0,0.0,0.0,0.0,0.0,0.0,0.0,0.0,0.0,4.0,4.0,4.0,1.0,1.0,0.0,4.0,1.0,2.0,8.0,11.0,13.0,4.0,1.0,0.0,0.0,0.0,0.0,0.0,0.0,0.0,0.0,0.0,0.0,0.0,0.0,0.0,0.0,0.0,0.0,0.0,0.0,0.0,0.0,4.0,6.0,4.0,1.0,1.0,0.0,4.0,1.0,2.0,11.0,16.0,20.0,5.0,2.0
355,1.0,355.0,London_11,3years_LHD,1Lon_11,151,453,1092.0,70.0,2.0,221517.0,8.042754406109452,942.0,182.0,2.0,180.0,322.0,20.0,302.0,92.0,258.0,122.0,14.0,33.0,6.0,14.0,0.0,6.0,6.0,79.0,153.0,215.0,32.0,4.903726708074534,0.0,0.0,0.0,0.0,0.0,0.0,0.0,0.0,0.0,0.0,0.0,0.0,0.0,0.0,0.0,0.0,0.0,0.0,0.0,0.0,0.0,0.0,0.0,0.0,0.0,0.0,0.0,0.0,0.0,1.0,0.0,0.0,1.0,0.0,0.0,1.0,1.0,0.0,0.0,0.0,1.0,11.0,1.0,6.0,7.0,2.0,5.0,5.0,4.0,2.0,40.0,38.0,20.0,8.0,0.0,0.0,0.0,0.0,0.0,0.0,0.0,0.0,0.0,10.0,0.0,0.0,6.0,0.0,0.0,3.0,10.0,0.0,0.0,0.0,1.0,17.0,1.0,8.0,7.0,4.0,6.0,5.0,5.0,2.0,65.0,49.0,24.0,12.0
356,1.0,356.0,London_11,3years_LHD,1Lon_11,151,453,1092.0,70.0,2.0,171687.0,3.482151567004621,832.0,114.0,2.0,112.0,212.0,16.0,196.0,322.0,173.0,111.0,28.0,105.0,9.0,19.0,0.0,8.0,8.0,73.0,153.0,219.0,46.0,0.6415094339622641,0.0,0.0,0.0,0.0,0.0,0.0,0.0,0.0,0.0,0.0,0.0,0.0,0.0,0.0,0.0,0.0,0.0,0.0,0.0,0.0,0.0,0.0,0.0,0.0,0.0,0.0,0.0,0.0,0.0,1.0,0.0,0.0,1.0,0.0,0.0,2.0,0.0,0.0,0.0,0.0,2.0,8.0,12.0,1.0,7.0,0.0,14.0,16.0,7.0,7.0,24.0,29.0,11.0,13.0,0.0,0.0,0.0,0.0,0.0,0.0,0.0,0.0,0.0,7.0,0.0,0.0,6.0,0.0,0.0,8.0,0.0,0.0,0.0,0.0,2.0,10.0,16.0,1.0,7.0,0.0,15.0,25.0,9.0,10.0,35.0,44.0,18.0,21.0
357,1.0,357.0,London_11,3years_LHD,1Lon_11,151,453,1092.0,70.0,2.0,160362.0,5.327920384705067,807.0,139.0,0.0,139.0,259.0,0.0,259.0,212.0,185.0,136.0,33.0,66.0,5.0,20.0,0.0,8.0,9.0,81.0,161.0,202.0,54.0,0.8108108108108109,0.0,0.0,0.0,0.0,0.0,0.0,0.0,0.0,0.0,0.0,0.0,0.0,0.0,0.0,0.0,0.0,0.0,0.0,0.0,0.0,0.0,0.0,0.0,0.0,0.0,0.0,0.0,0.0,0.0,0.0,0.0,0.0,0.0,0.0,0.0,0.0,0.0,0.0,0.0,0.0,0.0,6.0,0.0,0.0,11.0,0.0,10.0,7.0,6.0,14.0,29.0,49.0,14.0,11.0,0.0,0.0,0.0,0.0,0.0,0.0,0.0,0.0,0.0,0.0,0.0,0.0,0.0,0.0,0.0,0.0,0.0,0.0,0.0,0.0,0.0,9.0,0.0,0.0,11.0,0.0,11.0,7.0,6.0,18.0,42.0,74.0,16.0,16.0
358,1.0,358.0,London_11,3years_LHD,1Lon_11,151,453,1092.0,70.0,2.0,125481.0,2.5576631566509604,730.0,51.0,0.0,51.0,86.0,0.0,86.0,259.0,203.0,128.0,21.0,71.0,6.0,17.0,0.0,7.0,8.0,77.0,165.0,203.0,37.0,0.6162790697674418,0.0,0.0,0.0,0.0,0.0,0.0,0.0,0.0,0.0,0.0,0.0,0.0,0.0,0.0,0.0,0.0,0.0,0.0,0.0,0.0,0.0,0.0,0.0,0.0,0.0,0.0,0.0,0.0,0.0,0.0,0.0,0.0,0.0,0.0,0.0,0.0,0.0,0.0,0.0,0.0,4.0,6.0,6.0,2.0,1.0,0.0,1.0,1.0,4.0,4.0,8.0,10.0,9.0,3.0,0.0,0.0,0.0,0.0,0.0,0.0,0.0,0.0,0.0,0.0,0.0,0.0,0.0,0.0,0.0,0.0,0.0,0.0,0.0,0.0,4.0,12.0,8.0,2.0,1.0,0.0,1.0,1.0,8.0,5.0,11.0,16.0,12.0,6.0
359,1.0,359.0,London_11,3years_LHD,1Lon_11,151,453,1092.0,70.0,2.0,136353.0,3.8199301129207015,754.0,62.0,2.0,60.0,117.0,17.0,100.0,86.0,209.0,142.0,19.0,52.0,7.0,18.0,0.0,6.0,9.0,82.0,163.0,199.0,49.0,1.2735042735042734,0.0,0.0,0.0,0.0,0.0,0.0,0.0,0.0,0.0,0.0,0.0,0.0,0.0,0.0,0.0,0.0,0.0,0.0,0.0,0.0,0.0,0.0,0.0,0.0,0.0,0.0,0.0,0.0,0.0,1.0,0.0,0.0,0.0,0.0,0.0,1.0,0.0,0.0,0.0,0.0,5.0,2.0,5.0,2.0,0.0,0.0,7.0,4.0,5.0,5.0,13.0,10.0,15.0,6.0,0.0,0.0,0.0,0.0,0.0,0.0,0.0,0.0,0.0,1.0,0.0,0.0,0.0,0.0,0.0,1.0,0.0,0.0,0.0,0.0,6.0,4.0,5.0,3.0,0.0,0.0,8.0,4.0,7.0,7.0,20.0,18.0,19.0,8.0
360,1.0,360.0,London_11,3years_LHD,1Lon_11,151,453,1092.0,70.0,2.0,141336.0,4.532786346971989,765.0,142.0,2.0,140.0,254.0,18.0,236.0,117.0,217.0,127.0,20.0,56.0,5.0,19.0,2.0,7.0,7.0,72.0,161.0,213.0,42.0,1.8858267716535433,0.0,0.0,0.0,0.0,0.0,0.0,0.0,0.0,0.0,0.0,0.0,0.0,0.0,0.0,0.0,0.0,0.0,0.0,0.0,0.0,0.0,0.0,0.0,0.0,0.0,0.0,0.0,0.0,0.0,2.0,0.0,0.0,2.0,0.0,0.0,2.0,0.0,0.0,0.0,0.0,0.0,3.0,3.0,0.0,4.0,0.0,11.0,8.0,5.0,20.0,25.0,40.0,17.0,10.0,0.0,0.0,0.0,0.0,0.0,0.0,0.0,0.0,0.0,11.0,0.0,0.0,15.0,0.0,0.0,14.0,0.0,0.0,0.0,0.0,0.0,4.0,3.0,0.0,4.0,0.0,18.0,10.0,6.0,24.0,34.0,58.0,21.0,14.0
361,1.0,361.0,London_11,3years_LHD,1Lon_11,151,453,1092.0,70.0,2.0,105549.0,3.70954817160964,686.0,6.0,0.0,6.0,11.0,0.0,11.0,254.0,225.0,94.0,15.0,81.0,6.0,26.0,0.0,6.0,8.0,78.0,153.0,214.0,34.0,0.0,0.0,0.0,0.0,0.0,0.0,0.0,0.0,0.0,0.0,0.0,0.0,0.0,0.0,0.0,0.0,0.0,0.0,0.0,0.0,0.0,0.0,0.0,0.0,0.0,0.0,0.0,0.0,0.0,0.0,0.0,0.0,0.0,0.0,0.0,0.0,0.0,0.0,0.0,0.0,0.0,0.0,0.0,0.0,0.0,0.0,0.0,0.0,1.0,1.0,1.0,3.0,2.0,1.0,0.0,0.0,0.0,0.0,0.0,0.0,0.0,0.0,0.0,0.0,0.0,0.0,0.0,0.0,0.0,0.0,0.0,0.0,0.0,0.0,0.0,0.0,0.0,0.0,0.0,0.0,0.0,0.0,2.0,1.0,1.0,4.0,4.0,1.0,0.0
362,1.0,362.0,London_11,3years_LHD,1Lon_11,151,453,1092.0,70.0,2.0,132276.0,4.187957112677395,745.0,65.0,0.0,65.0,116.0,0.0,116.0,11.0,227.0,92.0,12.0,84.0,5.0,26.0,0.0,7.0,8.0,79.0,156.0,210.0,35.0,1.2758620689655173,0.0,0.0,0.0,0.0,0.0,0.0,0.0,0.0,0.0,0.0,0.0,0.0,0.0,0.0,0.0,0.0,0.0,0.0,0.0,0.0,0.0,0.0,0.0,0.0,0.0,0.0,0.0,0.0,0.0,0.0,0.0,0.0,0.0,0.0,0.0,0.0,0.0,0.0,0.0,0.0,2.0,4.0,5.0,1.0,4.0,0.0,7.0,5.0,5.0,5.0,12.0,15.0,9.0,3.0,0.0,0.0,0.0,0.0,0.0,0.0,0.0,0.0,0.0,0.0,0.0,0.0,0.0,0.0,0.0,0.0,0.0,0.0,0.0,0.0,2.0,6.0,6.0,2.0,5.0,0.0,10.0,6.0,7.0,6.0,20.0,21.0,9.0,4.0
363,1.0,363.0,London_11,3years_LHD,1Lon_11,151,453,1092.0,70.0,2.0,142695.0,2.7212585425004363,768.0,112.0,2.0,110.0,213.0,22.0,191.0,116.0,239.0,99.0,16.0,68.0,6.0,22.0,0.0,3.0,11.0,69.0,154.0,219.0,42.0,2.347417840375587,0.0,0.0,0.0,0.0,0.0,0.0,0.0,0.0,0.0,0.0,0.0,0.0,0.0,0.0,0.0,0.0,0.0,0.0,0.0,0.0,0.0,0.0,0.0,0.0,0.0,0.0,0.0,0.0,0.0,0.0,0.0,0.0,0.0,0.0,0.0,1.0,0.0,0.0,0.0,0.0,2.0,8.0,3.0,1.0,0.0,0.0,15.0,8.0,6.0,18.0,24.0,25.0,15.0,11.0,0.0,0.0,0.0,0.0,0.0,0.0,0.0,0.0,0.0,0.0,0.0,0.0,0.0,0.0,0.0,7.0,0.0,0.0,0.0,0.0,3.0,10.0,3.0,1.0,0.0,0.0,20.0,9.0,8.0,28.0,34.0,38.0,19.0,17.0
364,1.0,364.0,London_11,3years_LHD,1Lon_11,151,453,1092.0,70.0,2.0,138618.0,2.555413778871298,759.0,25.0,0.0,25.0,42.0,0.0,42.0,213.0,237.0,107.0,18.0,60.0,6.0,18.0,0.0,7.0,13.0,69.0,161.0,210.0,31.0,0.9761904761904762,0.0,0.0,0.0,0.0,0.0,0.0,0.0,0.0,0.0,0.0,0.0,0.0,0.0,0.0,0.0,0.0,0.0,0.0,0.0,0.0,0.0,0.0,0.0,0.0,0.0,0.0,0.0,0.0,0.0,0.0,0.0,0.0,0.0,0.0,0.0,0.0,0.0,0.0,0.0,0.0,1.0,2.0,3.0,1.0,0.0,0.0,0.0,3.0,3.0,1.0,7.0,7.0,7.0,1.0,0.0,0.0,0.0,0.0,0.0,0.0,0.0,0.0,0.0,0.0,0.0,0.0,0.0,0.0,0.0,0.0,0.0,0.0,0.0,0.0,1.0,3.0,3.0,1.0,0.0,0.0,0.0,4.0,3.0,1.0,10.0,9.0,10.0,1.0
365,1.0,365.0,London_11,3years_LHD,1Lon_11,151,453,1092.0,70.0,2.0,163533.0,5.7974992245435715,814.0,123.0,2.0,121.0,232.0,17.0,215.0,42.0,240.0,102.0,19.0,61.0,6.0,18.0,0.0,7.0,13.0,73.0,154.0,213.0,36.0,3.189655172413793,0.0,0.0,0.0,0.0,0.0,0.0,0.0,0.0,0.0,0.0,0.0,0.0,0.0,0.0,0.0,0.0,0.0,0.0,0.0,0.0,0.0,0.0,0.0,0.0,0.0,0.0,0.0,0.0,0.0,0.0,1.0,0.0,1.0,0.0,0.0,1.0,0.0,0.0,0.0,0.0,2.0,16.0,0.0,1.0,4.0,0.0,8.0,4.0,1.0,7.0,28.0,18.0,24.0,11.0,0.0,0.0,0.0,0.0,0.0,0.0,0.0,0.0,0.0,0.0,5.0,0.0,5.0,0.0,0.0,5.0,0.0,0.0,0.0,0.0,2.0,22.0,0.0,1.0,4.0,0.0,9.0,5.0,2.0,7.0,43.0,23.0,31.0,14.0
366,1.0,366.0,London_11,3years_LHD,1Lon_11,151,453,1092.0,70.0,2.0,150396.0,4.3379902467131615,785.0,51.0,0.0,51.0,85.0,0.0,85.0,232.0,224.0,99.0,21.0,62.0,9.0,28.0,1.0,9.0,10.0,70.0,152.0,221.0,31.0,1.2823529411764707,0.0,0.0,0.0,0.0,0.0,0.0,0.0,0.0,0.0,0.0,0.0,0.0,0.0,0.0,0.0,0.0,0.0,0.0,0.0,0.0,0.0,0.0,0.0,0.0,0.0,0.0,0.0,0.0,0.0,0.0,0.0,0.0,0.0,0.0,0.0,0.0,0.0,0.0,0.0,0.0,4.0,4.0,2.0,0.0,4.0,0.0,8.0,9.0,3.0,4.0,8.0,10.0,9.0,4.0,0.0,0.0,0.0,0.0,0.0,0.0,0.0,0.0,0.0,0.0,0.0,0.0,0.0,0.0,0.0,0.0,0.0,0.0,0.0,0.0,4.0,5.0,2.0,0.0,4.0,0.0,12.0,14.0,3.0,4.0,10.0,17.0,12.0,5.0
367,1.0,367.0,London_11,3years_LHD,1Lon_11,151,453,1092.0,70.0,2.0,168516.0,1.26382686663419,825.0,36.0,0.0,36.0,66.0,0.0,66.0,85.0,225.0,111.0,21.0,50.0,7.0,24.0,2.0,13.0,11.0,71.0,158.0,213.0,41.0,1.7424242424242424,0.0,0.0,0.0,0.0,0.0,0.0,0.0,0.0,0.0,0.0,0.0,0.0,0.0,0.0,0.0,0.0,0.0,0.0,0.0,0.0,0.0,0.0,0.0,0.0,0.0,0.0,0.0,0.0,0.0,0.0,0.0,0.0,0.0,0.0,0.0,0.0,0.0,0.0,0.0,0.0,4.0,0.0,0.0,0.0,0.0,0.0,9.0,5.0,1.0,6.0,14.0,5.0,13.0,1.0,0.0,0.0,0.0,0.0,0.0,0.0,0.0,0.0,0.0,0.0,0.0,0.0,0.0,0.0,0.0,0.0,0.0,0.0,0.0,0.0,5.0,0.0,0.0,0.0,0.0,0.0,12.0,8.0,1.0,7.0,21.0,7.0,15.0,1.0
368,1.0,368.0,London_11,3years_LHD,1Lon_11,151,453,1092.0,70.0,2.0,200226.0,5.203964802436531,895.0,54.0,0.0,54.0,93.0,0.0,93.0,66.0,230.0,118.0,19.0,38.0,9.0,26.0,0.0,13.0,11.0,70.0,155.0,217.0,44.0,2.096774193548387,0.0,0.0,0.0,0.0,0.0,0.0,0.0,0.0,0.0,0.0,0.0,0.0,0.0,0.0,0.0,0.0,0.0,0.0,0.0,0.0,0.0,0.0,0.0,0.0,0.0,0.0,0.0,0.0,0.0,0.0,0.0,0.0,0.0,0.0,0.0,0.0,0.0,0.0,0.0,0.0,5.0,1.0,1.0,1.0,0.0,0.0,8.0,6.0,2.0,10.0,9.0,15.0,13.0,6.0,0.0,0.0,0.0,0.0,0.0,0.0,0.0,0.0,0.0,0.0,0.0,0.0,0.0,0.0,0.0,0.0,0.0,0.0,0.0,0.0,6.0,1.0,1.0,3.0,0.0,0.0,11.0,9.0,2.0,16.0,14.0,22.0,19.0,9.0
369,1.0,369.0,London_11,3years_LHD,1Lon_11,151,453,1092.0,70.0,2.0,223329.0,6.987637592479587,946.0,177.0,2.0,175.0,322.0,20.0,302.0,93.0,238.0,111.0,18.0,43.0,3.0,32.0,0.0,8.0,13.0,67.0,150.0,223.0,42.0,4.291925465838509,0.0,0.0,0.0,0.0,0.0,0.0,0.0,0.0,0.0,0.0,0.0,0.0,0.0,0.0,0.0,0.0,0.0,0.0,0.0,0.0,0.0,0.0,0.0,0.0,0.0,0.0,0.0,0.0,0.0,0.0,0.0,0.0,1.0,0.0,1.0,2.0,0.0,0.0,0.0,0.0,1.0,11.0,2.0,2.0,0.0,0.0,11.0,3.0,12.0,5.0,25.0,42.0,21.0,11.0,0.0,0.0,0.0,0.0,0.0,0.0,0.0,0.0,0.0,0.0,0.0,0.0,6.0,0.0,7.0,8.0,0.0,0.0,0.0,0.0,1.0,18.0,2.0,3.0,0.0,0.0,13.0,3.0,14.0,7.0,36.0,65.0,28.0,19.0
370,1.0,370.0,London_11,3years_LHD,1Lon_11,151,453,1092.0,70.0,2.0,182559.0,4.395641601644456,856.0,119.0,2.0,117.0,214.0,18.0,196.0,322.0,163.0,127.0,22.0,94.0,13.0,24.0,1.0,9.0,5.0,60.0,166.0,222.0,36.0,0.5186915887850467,0.0,0.0,0.0,0.0,0.0,0.0,0.0,0.0,0.0,0.0,0.0,0.0,0.0,0.0,0.0,0.0,0.0,0.0,0.0,0.0,0.0,0.0,0.0,0.0,0.0,0.0,0.0,0.0,0.0,0.0,0.0,0.0,0.0,0.0,0.0,2.0,0.0,0.0,0.0,0.0,3.0,6.0,5.0,5.0,3.0,0.0,7.0,13.0,23.0,16.0,17.0,29.0,22.0,5.0,0.0,0.0,0.0,0.0,0.0,0.0,0.0,0.0,0.0,0.0,0.0,0.0,0.0,0.0,0.0,9.0,0.0,0.0,0.0,0.0,3.0,9.0,6.0,7.0,3.0,0.0,8.0,17.0,31.0,21.0,25.0,38.0,27.0,7.0
371,1.0,371.0,London_11,3years_LHD,1Lon_11,151,453,1092.0,70.0,2.0,163080.0,5.678204192779958,813.0,155.0,0.0,155.0,259.0,0.0,259.0,214.0,179.0,143.0,15.0,73.0,4.0,33.0,3.0,3.0,10.0,79.0,147.0,217.0,42.0,0.9111969111969112,0.0,0.0,0.0,0.0,0.0,0.0,0.0,0.0,0.0,0.0,0.0,0.0,0.0,0.0,0.0,0.0,0.0,0.0,0.0,0.0,0.0,0.0,0.0,0.0,0.0,0.0,0.0,0.0,0.0,0.0,0.0,0.0,0.0,0.0,0.0,0.0,0.0,0.0,0.0,0.0,2.0,8.0,2.0,1.0,7.0,0.0,20.0,8.0,8.0,6.0,33.0,36.0,26.0,8.0,0.0,0.0,0.0,0.0,0.0,0.0,0.0,0.0,0.0,0.0,0.0,0.0,0.0,0.0,0.0,0.0,0.0,0.0,0.0,0.0,2.0,11.0,2.0,1.0,8.0,0.0,25.0,10.0,9.0,7.0,45.0,50.0,34.0,9.0
372,1.0,372.0,London_11,3years_LHD,1Lon_11,151,453,1092.0,70.0,2.0,119592.0,4.54974236804992,717.0,53.0,0.0,53.0,85.0,0.0,85.0,259.0,203.0,132.0,17.0,62.0,7.0,27.0,1.0,4.0,5.0,63.0,155.0,230.0,29.0,0.8823529411764706,0.0,0.0,0.0,0.0,0.0,0.0,0.0,0.0,0.0,0.0,0.0,0.0,0.0,0.0,0.0,0.0,0.0,0.0,0.0,0.0,0.0,0.0,0.0,0.0,0.0,0.0,0.0,0.0,0.0,0.0,0.0,0.0,0.0,0.0,0.0,0.0,0.0,0.0,0.0,0.0,1.0,5.0,1.0,0.0,0.0,0.0,7.0,1.0,2.0,1.0,13.0,8.0,7.0,5.0,0.0,0.0,0.0,0.0,0.0,0.0,0.0,0.0,0.0,0.0,0.0,0.0,0.0,0.0,0.0,0.0,0.0,0.0,0.0,0.0,1.0,7.0,2.0,0.0,0.0,0.0,9.0,1.0,2.0,2.0,21.0,12.0,8.0,8.0
373,1.0,373.0,London_11,3years_LHD,1Lon_11,151,453,1092.0,70.0,2.0,130917.0,3.862426958978176,742.0,55.0,2.0,53.0,119.0,19.0,100.0,85.0,208.0,141.0,18.0,46.0,5.0,34.0,0.0,1.0,7.0,65.0,153.0,228.0,34.0,1.5378151260504203,0.0,0.0,0.0,0.0,0.0,0.0,0.0,0.0,0.0,0.0,0.0,0.0,0.0,0.0,0.0,0.0,0.0,0.0,0.0,0.0,0.0,0.0,0.0,0.0,0.0,0.0,0.0,0.0,0.0,1.0,0.0,0.0,0.0,0.0,0.0,1.0,0.0,0.0,0.0,0.0,1.0,2.0,1.0,0.0,1.0,0.0,7.0,5.0,6.0,6.0,8.0,15.0,17.0,8.0,0.0,0.0,0.0,0.0,0.0,0.0,0.0,0.0,0.0,6.0,0.0,0.0,0.0,0.0,0.0,3.0,0.0,0.0,0.0,0.0,2.0,2.0,1.0,0.0,1.0,0.0,11.0,7.0,10.0,9.0,12.0,18.0,23.0,15.0
374,1.0,374.0,London_11,3years_LHD,1Lon_11,151,453,1092.0,70.0,2.0,140883.0,5.5017343536019325,764.0,135.0,3.0,132.0,261.0,25.0,236.0,119.0,212.0,134.0,25.0,44.0,7.0,27.0,0.0,4.0,5.0,70.0,156.0,222.0,21.0,1.9846743295019158,0.0,0.0,0.0,0.0,0.0,0.0,0.0,0.0,0.0,0.0,0.0,0.0,0.0,0.0,0.0,0.0,0.0,0.0,0.0,0.0,0.0,0.0,0.0,0.0,0.0,0.0,0.0,0.0,0.0,1.0,0.0,0.0,1.0,0.0,2.0,2.0,0.0,0.0,0.0,0.0,13.0,0.0,1.0,2.0,0.0,1.0,17.0,9.0,5.0,16.0,27.0,29.0,18.0,11.0,0.0,0.0,0.0,0.0,0.0,0.0,0.0,0.0,0.0,7.0,0.0,0.0,3.0,0.0,14.0,10.0,0.0,0.0,0.0,0.0,17.0,0.0,1.0,4.0,0.0,2.0,18.0,13.0,6.0,19.0,42.0,42.0,22.0,16.0
375,1.0,375.0,London_11,3years_LHD,1Lon_11,151,453,1092.0,70.0,2.0,106455.0,4.200901561416686,688.0,7.0,0.0,7.0,12.0,0.0,12.0,261.0,225.0,107.0,20.0,69.0,1.0,21.0,2.0,8.0,8.0,82.0,134.0,229.0,31.0,0.0,0.0,0.0,0.0,0.0,0.0,0.0,0.0,0.0,0.0,0.0,0.0,0.0,0.0,0.0,0.0,0.0,0.0,0.0,0.0,0.0,0.0,0.0,0.0,0.0,0.0,0.0,0.0,0.0,0.0,0.0,0.0,0.0,0.0,0.0,0.0,0.0,0.0,0.0,0.0,0.0,0.0,0.0,0.0,0.0,0.0,0.0,2.0,0.0,0.0,2.0,1.0,1.0,3.0,0.0,0.0,0.0,0.0,0.0,0.0,0.0,0.0,0.0,0.0,0.0,0.0,0.0,0.0,0.0,0.0,0.0,0.0,0.0,0.0,0.0,0.0,0.0,0.0,0.0,0.0,0.0,4.0,0.0,0.0,3.0,3.0,1.0,3.0,0.0
376,1.0,376.0,London_11,3years_LHD,1Lon_11,151,453,1092.0,70.0,2.0,137259.0,4.442668991163373,756.0,68.0,0.0,68.0,116.0,0.0,116.0,12.0,226.0,111.0,19.0,64.0,1.0,24.0,2.0,6.0,9.0,83.0,134.0,227.0,33.0,1.9137931034482758,0.0,0.0,0.0,0.0,0.0,0.0,0.0,0.0,0.0,0.0,0.0,0.0,0.0,0.0,0.0,0.0,0.0,0.0,0.0,0.0,0.0,0.0,0.0,0.0,0.0,0.0,0.0,0.0,0.0,0.0,0.0,0.0,0.0,0.0,0.0,0.0,0.0,0.0,0.0,0.0,1.0,13.0,2.0,0.0,5.0,0.0,8.0,3.0,3.0,6.0,11.0,14.0,8.0,3.0,0.0,0.0,0.0,0.0,0.0,0.0,0.0,0.0,0.0,0.0,0.0,0.0,0.0,0.0,0.0,0.0,0.0,0.0,0.0,0.0,1.0,16.0,2.0,0.0,5.0,0.0,12.0,4.0,4.0,9.0,14.0,24.0,10.0,6.0
377,1.0,377.0,London_11,3years_LHD,1Lon_11,151,453,1092.0,70.0,2.0,147225.0,1.529921012930572,778.0,105.0,2.0,103.0,209.0,17.0,192.0,116.0,228.0,122.0,21.0,54.0,0.0,22.0,3.0,3.0,10.0,70.0,156.0,217.0,41.0,2.0717703349282295,0.0,0.0,0.0,0.0,0.0,0.0,0.0,0.0,0.0,0.0,0.0,0.0,0.0,0.0,0.0,0.0,0.0,0.0,0.0,0.0,0.0,0.0,0.0,0.0,0.0,0.0,0.0,0.0,0.0,2.0,0.0,0.0,1.0,0.0,0.0,1.0,0.0,0.0,0.0,0.0,1.0,11.0,2.0,3.0,7.0,0.0,11.0,3.0,5.0,4.0,27.0,18.0,25.0,4.0,0.0,0.0,0.0,0.0,0.0,0.0,0.0,0.0,0.0,5.0,0.0,0.0,6.0,0.0,0.0,1.0,0.0,0.0,0.0,0.0,1.0,15.0,2.0,4.0,7.0,0.0,13.0,3.0,7.0,6.0,40.0,31.0,30.0,7.0
378,1.0,378.0,London_11,3years_LHD,1Lon_11,151,453,1092.0,70.0,2.0,136806.0,3.581356960348785,755.0,29.0,0.0,29.0,44.0,0.0,44.0,209.0,230.0,100.0,19.0,68.0,7.0,26.0,0.0,3.0,9.0,72.0,144.0,228.0,30.0,1.0,0.0,0.0,0.0,0.0,0.0,0.0,0.0,0.0,0.0,0.0,0.0,0.0,0.0,0.0,0.0,0.0,0.0,0.0,0.0,0.0,0.0,0.0,0.0,0.0,0.0,0.0,0.0,0.0,0.0,0.0,0.0,0.0,0.0,0.0,0.0,0.0,0.0,0.0,0.0,0.0,2.0,2.0,1.0,1.0,0.0,0.0,4.0,0.0,1.0,4.0,3.0,6.0,3.0,3.0,0.0,0.0,0.0,0.0,0.0,0.0,0.0,0.0,0.0,0.0,0.0,0.0,0.0,0.0,0.0,0.0,0.0,0.0,0.0,0.0,2.0,2.0,1.0,2.0,0.0,0.0,7.0,0.0,2.0,5.0,4.0,9.0,4.0,4.0
379,1.0,379.0,London_11,3years_LHD,1Lon_11,151,453,1092.0,70.0,2.0,183012.0,2.917972669005394,857.0,128.0,2.0,126.0,230.0,15.0,215.0,44.0,233.0,104.0,17.0,62.0,8.0,28.0,0.0,1.0,9.0,73.0,154.0,217.0,29.0,2.4260869565217393,0.0,0.0,0.0,0.0,0.0,0.0,0.0,0.0,0.0,0.0,0.0,0.0,0.0,0.0,0.0,0.0,0.0,0.0,0.0,0.0,0.0,0.0,0.0,0.0,0.0,0.0,0.0,0.0,0.0,1.0,0.0,0.0,0.0,0.0,0.0,2.0,0.0,0.0,0.0,0.0,7.0,4.0,5.0,1.0,7.0,0.0,6.0,6.0,18.0,2.0,29.0,28.0,24.0,12.0,0.0,0.0,0.0,0.0,0.0,0.0,0.0,0.0,0.0,3.0,0.0,0.0,0.0,0.0,0.0,8.0,0.0,0.0,0.0,0.0,8.0,5.0,5.0,1.0,8.0,0.0,7.0,9.0,25.0,2.0,44.0,36.0,32.0,16.0
380,1.0,380.0,London_11,3years_LHD,1Lon_11,151,453,1092.0,70.0,2.0,160815.0,1.9965093294158578,808.0,53.0,0.0,53.0,85.0,0.0,85.0,230.0,239.0,99.0,17.0,56.0,7.0,28.0,0.0,7.0,9.0,81.0,148.0,215.0,33.0,1.2823529411764707,0.0,0.0,0.0,0.0,0.0,0.0,0.0,0.0,0.0,0.0,0.0,0.0,0.0,0.0,0.0,0.0,0.0,0.0,0.0,0.0,0.0,0.0,0.0,0.0,0.0,0.0,0.0,0.0,0.0,0.0,0.0,0.0,0.0,0.0,0.0,0.0,0.0,0.0,0.0,0.0,0.0,5.0,0.0,0.0,3.0,0.0,5.0,4.0,1.0,11.0,8.0,13.0,6.0,6.0,0.0,0.0,0.0,0.0,0.0,0.0,0.0,0.0,0.0,0.0,0.0,0.0,0.0,0.0,0.0,0.0,0.0,0.0,0.0,0.0,0.0,9.0,0.0,0.0,3.0,0.0,5.0,7.0,1.0,19.0,11.0,19.0,8.0,10.0
381,1.0,381.0,London_11,3years_LHD,1Lon_11,151,453,1092.0,70.0,2.0,180294.0,1.4837215850129724,851.0,43.0,1.0,42.0,75.0,9.0,66.0,85.0,241.0,97.0,23.0,53.0,7.0,27.0,0.0,5.0,10.0,80.0,153.0,210.0,41.0,1.0666666666666667,0.0,0.0,0.0,0.0,0.0,0.0,0.0,0.0,0.0,0.0,0.0,0.0,0.0,0.0,0.0,0.0,0.0,0.0,0.0,0.0,0.0,0.0,0.0,0.0,0.0,0.0,0.0,0.0,0.0,1.0,0.0,0.0,0.0,0.0,0.0,1.0,0.0,0.0,0.0,0.0,2.0,5.0,1.0,2.0,2.0,0.0,4.0,1.0,4.0,2.0,7.0,12.0,7.0,4.0,0.0,0.0,0.0,0.0,0.0,0.0,0.0,0.0,0.0,2.0,0.0,0.0,0.0,0.0,0.0,3.0,0.0,0.0,0.0,0.0,2.0,9.0,1.0,3.0,2.0,0.0,5.0,2.0,4.0,3.0,11.0,17.0,12.0,5.0
382,1.0,382.0,London_11,3years_LHD,1Lon_11,151,453,1092.0,70.0,2.0,208380.0,5.570058121345937,913.0,60.0,0.0,60.0,92.0,0.0,92.0,75.0,249.0,94.0,24.0,49.0,7.0,24.0,2.0,4.0,8.0,83.0,154.0,208.0,29.0,1.4673913043478262,0.0,0.0,0.0,0.0,0.0,0.0,0.0,0.0,0.0,0.0,0.0,0.0,0.0,0.0,0.0,0.0,0.0,0.0,0.0,0.0,0.0,0.0,0.0,0.0,0.0,0.0,0.0,0.0,0.0,0.0,0.0,0.0,0.0,0.0,0.0,0.0,0.0,0.0,0.0,0.0,1.0,3.0,0.0,0.0,0.0,0.0,5.0,4.0,5.0,2.0,12.0,15.0,12.0,1.0,0.0,0.0,0.0,0.0,0.0,0.0,0.0,0.0,0.0,0.0,0.0,0.0,0.0,0.0,0.0,0.0,0.0,0.0,0.0,0.0,1.0,4.0,0.0,0.0,0.0,0.0,6.0,4.0,5.0,2.0,16.0,22.0,13.0,2.0
383,1.0,383.0,London_11,3years_LHD,1Lon_11,151,453,1092.0,70.0,2.0,226500.0,6.326318605802953,953.0,184.0,2.0,182.0,319.0,17.0,302.0,92.0,259.0,71.0,25.0,54.0,8.0,25.0,3.0,8.0,9.0,80.0,146.0,218.0,33.0,5.15987460815047,0.0,0.0,0.0,0.0,0.0,0.0,0.0,0.0,0.0,0.0,0.0,0.0,0.0,0.0,0.0,0.0,0.0,0.0,0.0,0.0,0.0,0.0,0.0,0.0,0.0,0.0,0.0,0.0,0.0,2.0,0.0,0.0,1.0,0.0,1.0,1.0,0.0,0.0,0.0,0.0,0.0,8.0,1.0,4.0,3.0,0.0,16.0,7.0,7.0,11.0,40.0,36.0,28.0,15.0,0.0,0.0,0.0,0.0,0.0,0.0,0.0,0.0,0.0,10.0,0.0,0.0,5.0,0.0,5.0,4.0,0.0,0.0,0.0,0.0,0.0,8.0,3.0,8.0,3.0,0.0,21.0,10.0,7.0,14.0,60.0,52.0,32.0,19.0
384,1.0,384.0,London_11,3years_LHD,1Lon_11,151,453,1092.0,70.0,2.0,180294.0,2.2610544115304947,851.0,116.0,2.0,114.0,213.0,17.0,196.0,319.0,145.0,113.0,29.0,107.0,17.0,32.0,4.0,6.0,10.0,73.0,146.0,224.0,47.0,0.7417840375586855,0.0,0.0,0.0,0.0,0.0,0.0,0.0,0.0,0.0,0.0,0.0,0.0,0.0,0.0,0.0,0.0,0.0,0.0,0.0,0.0,0.0,0.0,0.0,0.0,0.0,0.0,0.0,0.0,0.0,1.0,0.0,0.0,2.0,0.0,0.0,2.0,0.0,0.0,0.0,0.0,0.0,7.0,4.0,2.0,4.0,0.0,18.0,8.0,16.0,4.0,20.0,29.0,16.0,13.0,0.0,0.0,0.0,0.0,0.0,0.0,0.0,0.0,0.0,2.0,0.0,0.0,10.0,0.0,0.0,4.0,0.0,0.0,0.0,0.0,0.0,11.0,4.0,3.0,4.0,0.0,26.0,10.0,21.0,6.0,28.0,41.0,22.0,19.0
385,1.0,385.0,London_11,3years_LHD,1Lon_11,151,453,1092.0,70.0,2.0,167610.0,4.771270741708577,823.0,157.0,0.0,157.0,260.0,0.0,260.0,213.0,155.0,113.0,22.0,107.0,20.0,28.0,1.0,7.0,8.0,75.0,175.0,195.0,54.0,0.8,0.0,0.0,0.0,0.0,0.0,0.0,0.0,0.0,0.0,0.0,0.0,0.0,0.0,0.0,0.0,0.0,0.0,0.0,0.0,0.0,0.0,0.0,0.0,0.0,0.0,0.0,0.0,0.0,0.0,0.0,0.0,0.0,0.0,0.0,0.0,0.0,0.0,0.0,0.0,0.0,3.0,5.0,1.0,4.0,11.0,1.0,5.0,10.0,22.0,8.0,30.0,33.0,26.0,9.0,0.0,0.0,0.0,0.0,0.0,0.0,0.0,0.0,0.0,0.0,0.0,0.0,0.0,0.0,0.0,0.0,0.0,0.0,0.0,0.0,3.0,5.0,1.0,4.0,12.0,1.0,6.0,12.0,33.0,11.0,39.0,51.0,29.0,18.0
386,1.0,386.0,London_11,3years_LHD,1Lon_11,151,453,1092.0,70.0,2.0,123669.0,1.4459146969020367,726.0,53.0,0.0,53.0,85.0,0.0,85.0,260.0,171.0,107.0,26.0,92.0,27.0,22.0,1.0,7.0,10.0,74.0,179.0,190.0,46.0,1.2588235294117647,0.0,0.0,0.0,0.0,0.0,0.0,0.0,0.0,0.0,0.0,0.0,0.0,0.0,0.0,0.0,0.0,0.0,0.0,0.0,0.0,0.0,0.0,0.0,0.0,0.0,0.0,0.0,0.0,0.0,0.0,0.0,0.0,0.0,0.0,0.0,0.0,0.0,0.0,0.0,0.0,2.0,7.0,1.0,2.0,2.0,1.0,2.0,5.0,4.0,1.0,9.0,11.0,13.0,1.0,0.0,0.0,0.0,0.0,0.0,0.0,0.0,0.0,0.0,0.0,0.0,0.0,0.0,0.0,0.0,0.0,0.0,0.0,0.0,0.0,2.0,8.0,1.0,2.0,2.0,2.0,2.0,6.0,4.0,1.0,11.0,15.0,17.0,1.0
387,1.0,387.0,London_11,3years_LHD,1Lon_11,151,453,1092.0,70.0,2.0,136806.0,4.044621123000979,755.0,59.0,2.0,57.0,119.0,19.0,100.0,85.0,174.0,106.0,27.0,92.0,27.0,21.0,1.0,5.0,13.0,71.0,170.0,199.0,48.0,1.9075630252100841,0.0,0.0,0.0,0.0,0.0,0.0,0.0,0.0,0.0,0.0,0.0,0.0,0.0,0.0,0.0,0.0,0.0,0.0,0.0,0.0,0.0,0.0,0.0,0.0,0.0,0.0,0.0,0.0,0.0,2.0,0.0,0.0,0.0,0.0,1.0,0.0,0.0,0.0,0.0,0.0,0.0,3.0,1.0,2.0,4.0,0.0,1.0,4.0,9.0,3.0,12.0,17.0,10.0,8.0,0.0,0.0,0.0,0.0,0.0,0.0,0.0,0.0,0.0,9.0,0.0,0.0,0.0,0.0,10.0,0.0,0.0,0.0,0.0,0.0,0.0,4.0,2.0,3.0,4.0,0.0,1.0,6.0,13.0,4.0,26.0,26.0,14.0,10.0
388,1.0,388.0,London_11,3years_LHD,1Lon_11,151,453,1092.0,70.0,2.0,145413.0,4.412849050015211,774.0,139.0,2.0,137.0,253.0,18.0,235.0,119.0,171.0,104.0,25.0,104.0,15.0,26.0,2.0,6.0,11.0,73.0,170.0,199.0,48.0,1.774703557312253,0.0,0.0,0.0,0.0,0.0,0.0,0.0,0.0,0.0,0.0,0.0,0.0,0.0,0.0,0.0,0.0,0.0,0.0,0.0,0.0,0.0,0.0,0.0,0.0,0.0,0.0,0.0,0.0,0.0,0.0,1.0,0.0,0.0,0.0,1.0,1.0,0.0,0.0,0.0,0.0,2.0,5.0,1.0,3.0,3.0,0.0,11.0,8.0,6.0,10.0,24.0,29.0,15.0,10.0,0.0,0.0,0.0,0.0,0.0,0.0,0.0,0.0,0.0,0.0,8.0,0.0,0.0,0.0,8.0,6.0,0.0,0.0,0.0,0.0,2.0,6.0,1.0,4.0,3.0,0.0,18.0,11.0,8.0,14.0,34.0,37.0,18.0,14.0
389,1.0,389.0,London_11,3years_LHD,1Lon_11,151,453,1092.0,70.0,2.0,110079.0,3.787844317033887,696.0,6.0,0.0,6.0,10.0,0.0,10.0,253.0,189.0,118.0,13.0,95.0,10.0,21.0,1.0,6.0,7.0,77.0,160.0,209.0,40.0,1.2,0.0,0.0,0.0,0.0,0.0,0.0,0.0,0.0,0.0,0.0,0.0,0.0,0.0,0.0,0.0,0.0,0.0,0.0,0.0,0.0,0.0,0.0,0.0,0.0,0.0,0.0,0.0,0.0,0.0,0.0,0.0,0.0,0.0,0.0,0.0,0.0,0.0,0.0,0.0,0.0,0.0,2.0,0.0,0.0,0.0,0.0,0.0,0.0,0.0,0.0,3.0,1.0,5.0,0.0,0.0,0.0,0.0,0.0,0.0,0.0,0.0,0.0,0.0,0.0,0.0,0.0,0.0,0.0,0.0,0.0,0.0,0.0,0.0,0.0,0.0,2.0,0.0,0.0,0.0,0.0,0.0,0.0,0.0,0.0,6.0,2.0,7.0,0.0
390,1.0,390.0,London_11,3years_LHD,1Lon_11,151,453,1092.0,70.0,2.0,136353.0,3.225714140571654,754.0,70.0,1.0,69.0,125.0,9.0,116.0,10.0,189.0,117.0,13.0,98.0,9.0,21.0,0.0,6.0,7.0,73.0,163.0,210.0,40.0,1.872,0.0,0.0,0.0,0.0,0.0,0.0,0.0,0.0,0.0,0.0,0.0,0.0,0.0,0.0,0.0,0.0,0.0,0.0,0.0,0.0,0.0,0.0,0.0,0.0,0.0,0.0,0.0,0.0,0.0,1.0,0.0,0.0,0.0,0.0,0.0,0.0,0.0,0.0,0.0,0.0,10.0,3.0,0.0,5.0,5.0,0.0,9.0,8.0,4.0,9.0,10.0,17.0,20.0,6.0,0.0,0.0,0.0,0.0,0.0,0.0,0.0,0.0,0.0,5.0,0.0,0.0,0.0,0.0,0.0,0.0,0.0,0.0,0.0,0.0,10.0,4.0,0.0,8.0,5.0,0.0,12.0,12.0,7.0,12.0,18.0,22.0,26.0,7.0
391,1.0,391.0,London_11,3years_LHD,1Lon_11,151,453,1092.0,70.0,2.0,146319.0,5.372733858413994,776.0,109.0,2.0,107.0,210.0,17.0,193.0,125.0,198.0,113.0,10.0,100.0,4.0,23.0,1.0,4.0,8.0,69.0,165.0,211.0,35.0,1.9952380952380953,0.0,0.0,0.0,0.0,0.0,0.0,0.0,0.0,0.0,0.0,0.0,0.0,0.0,0.0,0.0,0.0,0.0,0.0,0.0,0.0,0.0,0.0,0.0,0.0,0.0,0.0,0.0,0.0,0.0,0.0,0.0,0.0,2.0,0.0,0.0,1.0,0.0,0.0,0.0,0.0,3.0,2.0,2.0,4.0,4.0,0.0,9.0,11.0,7.0,8.0,15.0,24.0,21.0,3.0,0.0,0.0,0.0,0.0,0.0,0.0,0.0,0.0,0.0,0.0,0.0,0.0,8.0,0.0,0.0,7.0,0.0,0.0,0.0,0.0,4.0,2.0,2.0,7.0,4.0,0.0,11.0,15.0,9.0,14.0,19.0,33.0,27.0,5.0
392,1.0,392.0,London_11,3years_LHD,1Lon_11,151,453,1092.0,70.0,2.0,136806.0,4.580269953235984,755.0,30.0,0.0,30.0,43.0,0.0,43.0,210.0,210.0,128.0,12.0,70.0,8.0,19.0,3.0,3.0,11.0,72.0,156.0,214.0,30.0,0.9534883720930233,0.0,0.0,0.0,0.0,0.0,0.0,0.0,0.0,0.0,0.0,0.0,0.0,0.0,0.0,0.0,0.0,0.0,0.0,0.0,0.0,0.0,0.0,0.0,0.0,0.0,0.0,0.0,0.0,0.0,0.0,0.0,0.0,0.0,0.0,0.0,0.0,0.0,0.0,0.0,0.0,0.0,1.0,0.0,0.0,1.0,0.0,2.0,1.0,4.0,7.0,6.0,7.0,9.0,0.0,0.0,0.0,0.0,0.0,0.0,0.0,0.0,0.0,0.0,0.0,0.0,0.0,0.0,0.0,0.0,0.0,0.0,0.0,0.0,0.0,0.0,2.0,0.0,0.0,1.0,0.0,2.0,1.0,5.0,7.0,8.0,7.0,9.0,0.0
393,1.0,393.0,London_11,3years_LHD,1Lon_11,151,453,1092.0,70.0,2.0,168063.0,3.4920020923018456,824.0,133.0,2.0,131.0,232.0,17.0,215.0,43.0,216.0,128.0,9.0,65.0,7.0,21.0,4.0,3.0,13.0,79.0,149.0,212.0,35.0,2.0172413793103448,0.0,0.0,0.0,0.0,0.0,0.0,0.0,0.0,0.0,0.0,0.0,0.0,0.0,0.0,0.0,0.0,0.0,0.0,0.0,0.0,0.0,0.0,0.0,0.0,0.0,0.0,0.0,0.0,0.0,1.0,0.0,0.0,1.0,1.0,1.0,1.0,0.0,0.0,0.0,0.0,3.0,3.0,0.0,2.0,2.0,0.0,2.0,7.0,2.0,5.0,22.0,36.0,23.0,13.0,0.0,0.0,0.0,0.0,0.0,0.0,0.0,0.0,0.0,5.0,0.0,0.0,4.0,4.0,7.0,4.0,0.0,0.0,0.0,0.0,3.0,3.0,0.0,3.0,2.0,0.0,3.0,7.0,2.0,8.0,34.0,46.0,29.0,17.0
394,1.0,394.0,London_11,3years_LHD,1Lon_11,151,453,1092.0,70.0,2.0,151302.0,5.034857612103224,787.0,54.0,0.0,54.0,85.0,0.0,85.0,232.0,228.0,111.0,16.0,70.0,6.0,20.0,0.0,2.0,3.0,71.0,153.0,226.0,34.0,0.9176470588235294,0.0,0.0,0.0,0.0,0.0,0.0,0.0,0.0,0.0,0.0,0.0,0.0,0.0,0.0,0.0,0.0,0.0,0.0,0.0,0.0,0.0,0.0,0.0,0.0,0.0,0.0,0.0,0.0,0.0,0.0,0.0,0.0,0.0,0.0,0.0,0.0,0.0,0.0,0.0,0.0,2.0,2.0,0.0,1.0,1.0,0.0,7.0,7.0,4.0,5.0,12.0,14.0,10.0,6.0,0.0,0.0,0.0,0.0,0.0,0.0,0.0,0.0,0.0,0.0,0.0,0.0,0.0,0.0,0.0,0.0,0.0,0.0,0.0,0.0,4.0,2.0,0.0,2.0,2.0,0.0,9.0,10.0,4.0,6.0,15.0,20.0,13.0,7.0
395,1.0,395.0,London_11,3years_LHD,1Lon_11,151,453,1092.0,70.0,2.0,166251.0,0.759247524663806,820.0,38.0,1.0,37.0,75.0,10.0,65.0,85.0,230.0,112.0,14.0,66.0,7.0,22.0,0.0,2.0,3.0,66.0,158.0,226.0,41.0,1.92,0.0,0.0,0.0,0.0,0.0,0.0,0.0,0.0,0.0,0.0,0.0,0.0,0.0,0.0,0.0,0.0,0.0,0.0,0.0,0.0,0.0,0.0,0.0,0.0,0.0,0.0,0.0,0.0,0.0,0.0,0.0,0.0,0.0,0.0,1.0,0.0,1.0,0.0,0.0,0.0,2.0,5.0,1.0,1.0,3.0,0.0,5.0,1.0,2.0,6.0,8.0,5.0,11.0,6.0,0.0,0.0,0.0,0.0,0.0,0.0,0.0,0.0,0.0,0.0,0.0,0.0,0.0,0.0,8.0,0.0,10.0,0.0,0.0,0.0,3.0,5.0,1.0,3.0,3.0,0.0,7.0,1.0,2.0,8.0,9.0,8.0,16.0,8.0
396,1.0,396.0,London_11,3years_LHD,1Lon_11,151,453,1092.0,70.0,2.0,193884.0,3.7038544975221157,881.0,52.0,0.0,52.0,92.0,0.0,92.0,75.0,231.0,127.0,13.0,57.0,5.0,18.0,0.0,2.0,2.0,67.0,162.0,222.0,45.0,2.1847826086956523,0.0,0.0,0.0,0.0,0.0,0.0,0.0,0.0,0.0,0.0,0.0,0.0,0.0,0.0,0.0,0.0,0.0,0.0,0.0,0.0,0.0,0.0,0.0,0.0,0.0,0.0,0.0,0.0,0.0,0.0,0.0,0.0,0.0,0.0,0.0,0.0,0.0,0.0,0.0,0.0,2.0,4.0,1.0,2.0,0.0,0.0,8.0,6.0,0.0,7.0,13.0,14.0,9.0,5.0,0.0,0.0,0.0,0.0,0.0,0.0,0.0,0.0,0.0,0.0,0.0,0.0,0.0,0.0,0.0,0.0,0.0,0.0,0.0,0.0,3.0,7.0,2.0,2.0,0.0,0.0,9.0,10.0,0.0,8.0,27.0,21.0,13.0,8.0
397,1.0,397.0,London_11,3years_LHD,1Lon_11,151,453,1092.0,70.0,2.0,208833.0,5.053563937544823,914.0,176.0,2.0,174.0,323.0,20.0,303.0,92.0,237.0,126.0,12.0,48.0,6.0,23.0,0.0,1.0,6.0,73.0,160.0,214.0,46.0,4.195046439628483,0.0,0.0,0.0,0.0,0.0,0.0,0.0,0.0,0.0,0.0,0.0,0.0,0.0,0.0,0.0,0.0,0.0,0.0,0.0,0.0,0.0,0.0,0.0,0.0,0.0,0.0,0.0,0.0,0.0,1.0,0.0,0.0,1.0,0.0,0.0,1.0,1.0,0.0,0.0,0.0,1.0,10.0,0.0,0.0,0.0,2.0,9.0,11.0,9.0,7.0,39.0,36.0,26.0,14.0,0.0,0.0,0.0,0.0,0.0,0.0,0.0,0.0,0.0,10.0,0.0,0.0,5.0,0.0,0.0,3.0,8.0,0.0,0.0,0.0,1.0,15.0,0.0,0.0,0.0,2.0,11.0,14.0,11.0,9.0,57.0,54.0,32.0,18.0
398,1.0,398.0,London_11,3years_LHD,1Lon_11,151,453,1092.0,70.0,2.0,177576.0,3.0906622875481844,845.0,120.0,2.0,118.0,213.0,16.0,197.0,323.0,174.0,121.0,29.0,75.0,12.0,34.0,3.0,5.0,4.0,72.0,153.0,224.0,37.0,0.4272300469483568,0.0,0.0,0.0,0.0,0.0,0.0,0.0,0.0,0.0,0.0,0.0,0.0,0.0,0.0,0.0,0.0,0.0,0.0,0.0,0.0,0.0,0.0,0.0,0.0,0.0,0.0,0.0,0.0,0.0,1.0,0.0,0.0,1.0,0.0,0.0,2.0,0.0,0.0,0.0,0.0,2.0,8.0,5.0,1.0,4.0,1.0,9.0,14.0,3.0,10.0,16.0,30.0,16.0,12.0,0.0,0.0,0.0,0.0,0.0,0.0,0.0,0.0,0.0,6.0,0.0,0.0,8.0,0.0,0.0,9.0,0.0,0.0,0.0,0.0,2.0,9.0,5.0,2.0,4.0,1.0,10.0,19.0,4.0,14.0,22.0,49.0,21.0,24.0
399,1.0,399.0,London_11,3years_LHD,1Lon_11,151,453,1092.0,70.0,2.0,157644.0,0.697671384550631,801.0,151.0,0.0,151.0,260.0,0.0,260.0,213.0,191.0,138.0,19.0,62.0,13.0,21.0,1.0,8.0,4.0,64.0,168.0,217.0,36.0,1.4846153846153847,0.0,0.0,0.0,0.0,0.0,0.0,0.0,0.0,0.0,0.0,0.0,0.0,0.0,0.0,0.0,0.0,0.0,0.0,0.0,0.0,0.0,0.0,0.0,0.0,0.0,0.0,0.0,0.0,0.0,0.0,0.0,0.0,0.0,0.0,0.0,0.0,0.0,0.0,0.0,0.0,3.0,2.0,2.0,1.0,1.0,0.0,15.0,12.0,8.0,10.0,36.0,32.0,28.0,17.0,0.0,0.0,0.0,0.0,0.0,0.0,0.0,0.0,0.0,0.0,0.0,0.0,0.0,0.0,0.0,0.0,0.0,0.0,0.0,0.0,4.0,3.0,2.0,1.0,1.0,0.0,17.0,15.0,11.0,15.0,55.0,47.0,36.0,27.0
400,1.0,400.0,London_11,3years_LHD,1Lon_11,151,453,1092.0,70.0,2.0,125481.0,3.1767711425200105,730.0,45.0,0.0,45.0,85.0,0.0,85.0,260.0,185.0,118.0,21.0,80.0,15.0,23.0,1.0,10.0,7.0,78.0,140.0,228.0,38.0,1.9411764705882353,0.0,0.0,0.0,0.0,0.0,0.0,0.0,0.0,0.0,0.0,0.0,0.0,0.0,0.0,0.0,0.0,0.0,0.0,0.0,0.0,0.0,0.0,0.0,0.0,0.0,0.0,0.0,0.0,0.0,0.0,0.0,0.0,0.0,0.0,0.0,0.0,0.0,0.0,0.0,0.0,1.0,2.0,1.0,1.0,1.0,0.0,8.0,3.0,6.0,7.0,9.0,6.0,10.0,2.0,0.0,0.0,0.0,0.0,0.0,0.0,0.0,0.0,0.0,0.0,0.0,0.0,0.0,0.0,0.0,0.0,0.0,0.0,0.0,0.0,1.0,4.0,1.0,1.0,1.0,0.0,13.0,6.0,9.0,7.0,16.0,10.0,12.0,2.0
401,1.0,401.0,London_11,3years_LHD,1Lon_11,151,453,1092.0,70.0,2.0,135447.0,4.9585618963465095,752.0,64.0,2.0,62.0,116.0,17.0,99.0,85.0,178.0,125.0,19.0,71.0,22.0,28.0,1.0,9.0,7.0,72.0,166.0,208.0,42.0,1.1120689655172413,0.0,0.0,0.0,0.0,0.0,0.0,0.0,0.0,0.0,0.0,0.0,0.0,0.0,0.0,0.0,0.0,0.0,0.0,0.0,0.0,0.0,0.0,0.0,0.0,0.0,0.0,0.0,0.0,0.0,1.0,0.0,0.0,0.0,0.0,0.0,1.0,0.0,0.0,0.0,0.0,1.0,7.0,2.0,1.0,0.0,0.0,14.0,4.0,4.0,2.0,10.0,11.0,9.0,5.0,0.0,0.0,0.0,0.0,0.0,0.0,0.0,0.0,0.0,4.0,0.0,0.0,0.0,0.0,0.0,2.0,0.0,0.0,0.0,0.0,1.0,8.0,2.0,1.0,0.0,0.0,17.0,5.0,5.0,3.0,13.0,18.0,13.0,7.0
402,1.0,402.0,London_11,3years_LHD,1Lon_11,151,453,1092.0,70.0,2.0,142695.0,4.829366891644895,768.0,144.0,2.0,142.0,253.0,18.0,235.0,116.0,187.0,121.0,17.0,62.0,22.0,34.0,3.0,7.0,5.0,75.0,169.0,204.0,25.0,1.6284584980237153,0.0,0.0,0.0,0.0,0.0,0.0,0.0,0.0,0.0,0.0,0.0,0.0,0.0,0.0,0.0,0.0,0.0,0.0,0.0,0.0,0.0,0.0,0.0,0.0,0.0,0.0,0.0,0.0,0.0,2.0,0.0,0.0,2.0,0.0,0.0,1.0,0.0,0.0,0.0,0.0,7.0,1.0,0.0,5.0,4.0,0.0,12.0,9.0,4.0,7.0,35.0,26.0,30.0,7.0,0.0,0.0,0.0,0.0,0.0,0.0,0.0,0.0,0.0,9.0,0.0,0.0,14.0,0.0,0.0,4.0,0.0,0.0,0.0,0.0,8.0,2.0,0.0,6.0,4.0,0.0,14.0,11.0,6.0,8.0,51.0,35.0,38.0,10.0
403,1.0,403.0,London_11,3years_LHD,1Lon_11,151,453,1092.0,70.0,2.0,101925.0,3.237159974873066,678.0,8.0,0.0,8.0,13.0,0.0,13.0,253.0,195.0,97.0,25.0,72.0,20.0,36.0,2.0,6.0,6.0,75.0,150.0,222.0,36.0,2.0,0.0,0.0,0.0,0.0,0.0,0.0,0.0,0.0,0.0,0.0,0.0,0.0,0.0,0.0,0.0,0.0,0.0,0.0,0.0,0.0,0.0,0.0,0.0,0.0,0.0,0.0,0.0,0.0,0.0,0.0,0.0,0.0,0.0,0.0,0.0,0.0,0.0,0.0,0.0,0.0,0.0,1.0,0.0,0.0,0.0,0.0,1.0,1.0,0.0,0.0,2.0,3.0,1.0,1.0,0.0,0.0,0.0,0.0,0.0,0.0,0.0,0.0,0.0,0.0,0.0,0.0,0.0,0.0,0.0,0.0,0.0,0.0,0.0,0.0,0.0,1.0,0.0,0.0,0.0,0.0,1.0,1.0,0.0,0.0,2.0,4.0,2.0,1.0
404,1.0,404.0,London_11,3years_LHD,1Lon_11,151,453,1092.0,70.0,2.0,133182.0,4.574466428719461,747.0,69.0,0.0,69.0,116.0,0.0,116.0,13.0,194.0,94.0,22.0,78.0,20.0,37.0,2.0,6.0,6.0,76.0,146.0,225.0,39.0,2.0775862068965516,0.0,0.0,0.0,0.0,0.0,0.0,0.0,0.0,0.0,0.0,0.0,0.0,0.0,0.0,0.0,0.0,0.0,0.0,0.0,0.0,0.0,0.0,0.0,0.0,0.0,0.0,0.0,0.0,0.0,0.0,0.0,0.0,0.0,0.0,0.0,0.0,0.0,0.0,0.0,0.0,3.0,6.0,1.0,2.0,5.0,0.0,12.0,6.0,3.0,6.0,13.0,17.0,13.0,8.0,0.0,0.0,0.0,0.0,0.0,0.0,0.0,0.0,0.0,0.0,0.0,0.0,0.0,0.0,0.0,0.0,0.0,0.0,0.0,0.0,3.0,10.0,1.0,3.0,5.0,0.0,15.0,7.0,3.0,9.0,17.0,25.0,16.0,12.0
405,1.0,405.0,London_11,3years_LHD,1Lon_11,151,453,1092.0,70.0,2.0,141336.0,6.038593237288296,765.0,115.0,2.0,113.0,213.0,22.0,191.0,116.0,196.0,98.0,25.0,75.0,21.0,37.0,0.0,1.0,7.0,77.0,151.0,218.0,46.0,2.028169014084507,0.0,0.0,0.0,0.0,0.0,0.0,0.0,0.0,0.0,0.0,0.0,0.0,0.0,0.0,0.0,0.0,0.0,0.0,0.0,0.0,0.0,0.0,0.0,0.0,0.0,0.0,0.0,0.0,0.0,0.0,0.0,0.0,0.0,0.0,0.0,1.0,0.0,0.0,0.0,0.0,5.0,9.0,0.0,0.0,0.0,0.0,13.0,7.0,10.0,6.0,25.0,21.0,29.0,9.0,0.0,0.0,0.0,0.0,0.0,0.0,0.0,0.0,0.0,0.0,0.0,0.0,0.0,0.0,0.0,8.0,0.0,0.0,0.0,0.0,5.0,12.0,0.0,0.0,0.0,0.0,18.0,7.0,12.0,8.0,37.0,32.0,38.0,13.0
406,1.0,406.0,London_11,3years_LHD,1Lon_11,151,453,1092.0,70.0,2.0,128652.0,3.4384867856279016,737.0,26.0,0.0,26.0,43.0,0.0,43.0,213.0,202.0,95.0,23.0,78.0,21.0,31.0,0.0,3.0,9.0,77.0,158.0,209.0,34.0,1.2790697674418605,0.0,0.0,0.0,0.0,0.0,0.0,0.0,0.0,0.0,0.0,0.0,0.0,0.0,0.0,0.0,0.0,0.0,0.0,0.0,0.0,0.0,0.0,0.0,0.0,0.0,0.0,0.0,0.0,0.0,0.0,0.0,0.0,0.0,0.0,0.0,0.0,0.0,0.0,0.0,0.0,0.0,5.0,1.0,1.0,1.0,0.0,1.0,2.0,2.0,0.0,9.0,5.0,8.0,0.0,0.0,0.0,0.0,0.0,0.0,0.0,0.0,0.0,0.0,0.0,0.0,0.0,0.0,0.0,0.0,0.0,0.0,0.0,0.0,0.0,0.0,8.0,1.0,1.0,1.0,0.0,1.0,2.0,3.0,0.0,14.0,7.0,9.0,0.0
407,1.0,407.0,London_11,3years_LHD,1Lon_11,151,453,1092.0,70.0,2.0,167610.0,1.4284412628039718,823.0,126.0,2.0,124.0,233.0,17.0,216.0,43.0,204.0,98.0,23.0,72.0,19.0,34.0,0.0,3.0,9.0,80.0,162.0,202.0,34.0,2.257510729613734,0.0,0.0,0.0,0.0,0.0,0.0,0.0,0.0,0.0,0.0,0.0,0.0,0.0,0.0,0.0,0.0,0.0,0.0,0.0,0.0,0.0,0.0,0.0,0.0,0.0,0.0,0.0,0.0,0.0,0.0,1.0,0.0,1.0,0.0,0.0,1.0,0.0,0.0,0.0,0.0,1.0,8.0,4.0,1.0,0.0,1.0,7.0,7.0,6.0,11.0,23.0,31.0,21.0,9.0,0.0,0.0,0.0,0.0,0.0,0.0,0.0,0.0,0.0,0.0,6.0,0.0,3.0,0.0,0.0,3.0,0.0,0.0,0.0,0.0,1.0,10.0,5.0,1.0,0.0,2.0,9.0,10.0,7.0,15.0,36.0,50.0,26.0,14.0
408,1.0,408.0,London_11,3years_LHD,1Lon_11,151,453,1092.0,70.0,2.0,157644.0,1.5042960699647665,801.0,45.0,0.0,45.0,85.0,0.0,85.0,233.0,194.0,105.0,11.0,65.0,25.0,40.0,2.0,11.0,3.0,79.0,142.0,229.0,27.0,1.1058823529411765,0.0,0.0,0.0,0.0,0.0,0.0,0.0,0.0,0.0,0.0,0.0,0.0,0.0,0.0,0.0,0.0,0.0,0.0,0.0,0.0,0.0,0.0,0.0,0.0,0.0,0.0,0.0,0.0,0.0,0.0,0.0,0.0,0.0,0.0,0.0,0.0,0.0,0.0,0.0,0.0,3.0,2.0,0.0,2.0,3.0,0.0,7.0,5.0,4.0,13.0,10.0,13.0,11.0,3.0,0.0,0.0,0.0,0.0,0.0,0.0,0.0,0.0,0.0,0.0,0.0,0.0,0.0,0.0,0.0,0.0,0.0,0.0,0.0,0.0,6.0,4.0,0.0,4.0,3.0,0.0,13.0,7.0,7.0,20.0,15.0,22.0,13.0,8.0
409,1.0,409.0,London_11,3years_LHD,1Lon_11,151,453,1092.0,70.0,2.0,174858.0,2.767419731244445,839.0,43.0,0.0,43.0,66.0,0.0,66.0,85.0,202.0,109.0,14.0,54.0,25.0,36.0,3.0,10.0,5.0,70.0,162.0,216.0,33.0,2.4242424242424243,0.0,0.0,0.0,0.0,0.0,0.0,0.0,0.0,0.0,0.0,0.0,0.0,0.0,0.0,0.0,0.0,0.0,0.0,0.0,0.0,0.0,0.0,0.0,0.0,0.0,0.0,0.0,0.0,0.0,0.0,0.0,0.0,0.0,0.0,0.0,0.0,0.0,0.0,0.0,0.0,2.0,2.0,0.0,0.0,0.0,1.0,7.0,3.0,7.0,2.0,4.0,12.0,6.0,3.0,0.0,0.0,0.0,0.0,0.0,0.0,0.0,0.0,0.0,0.0,0.0,0.0,0.0,0.0,0.0,0.0,0.0,0.0,0.0,0.0,2.0,2.0,0.0,0.0,0.0,1.0,7.0,6.0,10.0,2.0,4.0,14.0,8.0,4.0
410,1.0,410.0,London_11,3years_LHD,1Lon_11,151,453,1092.0,70.0,2.0,197055.0,7.838487525470555,888.0,54.0,0.0,54.0,92.0,0.0,92.0,66.0,204.0,104.0,14.0,56.0,26.0,35.0,4.0,10.0,9.0,76.0,166.0,202.0,35.0,2.0760869565217392,0.0,0.0,0.0,0.0,0.0,0.0,0.0,0.0,0.0,0.0,0.0,0.0,0.0,0.0,0.0,0.0,0.0,0.0,0.0,0.0,0.0,0.0,0.0,0.0,0.0,0.0,0.0,0.0,0.0,0.0,0.0,0.0,0.0,0.0,0.0,0.0,0.0,0.0,0.0,0.0,5.0,5.0,0.0,0.0,2.0,0.0,4.0,1.0,2.0,6.0,11.0,15.0,13.0,6.0,0.0,0.0,0.0,0.0,0.0,0.0,0.0,0.0,0.0,0.0,0.0,0.0,0.0,0.0,0.0,0.0,0.0,0.0,0.0,0.0,7.0,5.0,0.0,0.0,2.0,0.0,4.0,1.0,3.0,6.0,14.0,20.0,14.0,11.0
411,1.0,411.0,London_11,3years_LHD,1Lon_11,151,453,1092.0,70.0,2.0,214722.0,5.710934711620212,927.0,176.0,2.0,174.0,322.0,20.0,302.0,92.0,217.0,105.0,15.0,42.0,24.0,34.0,5.0,11.0,8.0,71.0,170.0,204.0,36.0,4.627329192546584,0.0,0.0,0.0,0.0,0.0,0.0,0.0,0.0,0.0,0.0,0.0,0.0,0.0,0.0,0.0,0.0,0.0,0.0,0.0,0.0,0.0,0.0,0.0,0.0,0.0,0.0,0.0,0.0,0.0,0.0,0.0,0.0,1.0,0.0,0.0,2.0,0.0,0.0,0.0,0.0,2.0,9.0,0.0,2.0,1.0,0.0,4.0,4.0,2.0,8.0,42.0,39.0,33.0,10.0,0.0,0.0,0.0,0.0,0.0,0.0,0.0,0.0,0.0,0.0,0.0,0.0,7.0,0.0,0.0,11.0,0.0,0.0,0.0,0.0,2.0,14.0,0.0,3.0,1.0,0.0,6.0,6.0,4.0,12.0,70.0,49.0,40.0,17.0
412,1.0,412.0,London_11,3years_LHD,1Lon_11,151,453,1092.0,70.0,2.0,175311.0,3.6314966483041644,840.0,118.0,2.0,116.0,214.0,18.0,196.0,322.0,139.0,114.0,20.0,105.0,27.0,42.0,2.0,4.0,6.0,87.0,154.0,206.0,49.0,0.8925233644859814,0.0,0.0,0.0,0.0,0.0,0.0,0.0,0.0,0.0,0.0,0.0,0.0,0.0,0.0,0.0,0.0,0.0,0.0,0.0,0.0,0.0,0.0,0.0,0.0,0.0,0.0,0.0,0.0,0.0,0.0,0.0,0.0,0.0,0.0,0.0,2.0,0.0,0.0,0.0,0.0,5.0,9.0,6.0,0.0,6.0,0.0,10.0,16.0,12.0,22.0,17.0,34.0,19.0,9.0,0.0,0.0,0.0,0.0,0.0,0.0,0.0,0.0,0.0,0.0,0.0,0.0,0.0,0.0,0.0,9.0,0.0,0.0,0.0,0.0,6.0,12.0,8.0,0.0,6.0,0.0,13.0,21.0,18.0,27.0,23.0,46.0,28.0,12.0
413,1.0,413.0,London_11,3years_LHD,1Lon_11,151,453,1092.0,70.0,2.0,159456.0,1.4321510512381792,805.0,150.0,0.0,150.0,260.0,0.0,260.0,214.0,145.0,117.0,22.0,98.0,20.0,42.0,3.0,6.0,7.0,97.0,163.0,186.0,55.0,1.0538461538461539,0.0,0.0,0.0,0.0,0.0,0.0,0.0,0.0,0.0,0.0,0.0,0.0,0.0,0.0,0.0,0.0,0.0,0.0,0.0,0.0,0.0,0.0,0.0,0.0,0.0,0.0,0.0,0.0,0.0,0.0,0.0,0.0,0.0,0.0,0.0,0.0,0.0,0.0,0.0,0.0,4.0,8.0,1.0,0.0,7.0,0.0,11.0,6.0,13.0,12.0,26.0,35.0,24.0,18.0,0.0,0.0,0.0,0.0,0.0,0.0,0.0,0.0,0.0,0.0,0.0,0.0,0.0,0.0,0.0,0.0,0.0,0.0,0.0,0.0,5.0,13.0,1.0,0.0,8.0,0.0,14.0,7.0,20.0,14.0,42.0,53.0,28.0,27.0
414,1.0,414.0,London_11,3years_LHD,1Lon_11,151,453,1092.0,70.0,2.0,121857.0,2.0155838718637824,722.0,53.0,0.0,53.0,88.0,0.0,88.0,260.0,163.0,102.0,23.0,88.0,23.0,46.0,3.0,5.0,8.0,76.0,167.0,202.0,50.0,1.0909090909090908,0.0,0.0,0.0,0.0,0.0,0.0,0.0,0.0,0.0,0.0,0.0,0.0,0.0,0.0,0.0,0.0,0.0,0.0,0.0,0.0,0.0,0.0,0.0,0.0,0.0,0.0,0.0,0.0,0.0,0.0,0.0,0.0,0.0,0.0,0.0,0.0,0.0,0.0,0.0,0.0,0.0,1.0,0.0,1.0,1.0,0.0,3.0,3.0,2.0,10.0,11.0,22.0,7.0,6.0,0.0,0.0,0.0,0.0,0.0,0.0,0.0,0.0,0.0,0.0,0.0,0.0,0.0,0.0,0.0,0.0,0.0,0.0,0.0,0.0,0.0,1.0,0.0,1.0,1.0,0.0,5.0,5.0,2.0,13.0,17.0,31.0,8.0,10.0
415,1.0,415.0,London_11,3years_LHD,1Lon_11,151,453,1092.0,70.0,2.0,125028.0,4.828594143502414,729.0,63.0,2.0,61.0,119.0,19.0,100.0,88.0,164.0,113.0,16.0,89.0,21.0,48.0,1.0,1.0,9.0,71.0,177.0,196.0,50.0,1.7226890756302522,0.0,0.0,0.0,0.0,0.0,0.0,0.0,0.0,0.0,0.0,0.0,0.0,0.0,0.0,0.0,0.0,0.0,0.0,0.0,0.0,0.0,0.0,0.0,0.0,0.0,0.0,0.0,0.0,0.0,1.0,0.0,0.0,0.0,0.0,0.0,1.0,0.0,0.0,0.0,0.0,7.0,4.0,0.0,0.0,1.0,0.0,6.0,6.0,6.0,9.0,17.0,12.0,13.0,6.0,0.0,0.0,0.0,0.0,0.0,0.0,0.0,0.0,0.0,6.0,0.0,0.0,0.0,0.0,0.0,4.0,0.0,0.0,0.0,0.0,7.0,4.0,0.0,0.0,1.0,0.0,6.0,8.0,7.0,10.0,23.0,19.0,17.0,10.0
416,1.0,416.0,London_11,3years_LHD,1Lon_11,151,453,1092.0,70.0,2.0,125934.0,4.608980145305395,731.0,134.0,3.0,131.0,261.0,25.0,236.0,119.0,163.0,94.0,15.0,106.0,17.0,55.0,0.0,3.0,12.0,69.0,164.0,208.0,52.0,1.839080459770115,0.0,0.0,0.0,0.0,0.0,0.0,0.0,0.0,0.0,0.0,0.0,0.0,0.0,0.0,0.0,0.0,0.0,0.0,0.0,0.0,0.0,0.0,0.0,0.0,0.0,0.0,0.0,0.0,0.0,1.0,0.0,0.0,1.0,0.0,2.0,2.0,0.0,0.0,0.0,0.0,4.0,4.0,3.0,2.0,5.0,1.0,8.0,16.0,11.0,11.0,27.0,30.0,20.0,12.0,0.0,0.0,0.0,0.0,0.0,0.0,0.0,0.0,0.0,7.0,0.0,0.0,1.0,0.0,16.0,10.0,0.0,0.0,0.0,0.0,8.0,6.0,3.0,2.0,5.0,2.0,11.0,25.0,17.0,15.0,47.0,42.0,24.0,13.0
417,1.0,417.0,London_11,3years_LHD,1Lon_11,151,453,1092.0,70.0,2.0,96489.0,0.660438297316432,666.0,5.0,0.0,5.0,8.0,0.0,8.0,261.0,164.0,109.0,20.0,107.0,10.0,38.0,2.0,3.0,8.0,74.0,155.0,216.0,42.0,0.125,0.0,0.0,0.0,0.0,0.0,0.0,0.0,0.0,0.0,0.0,0.0,0.0,0.0,0.0,0.0,0.0,0.0,0.0,0.0,0.0,0.0,0.0,0.0,0.0,0.0,0.0,0.0,0.0,0.0,0.0,0.0,0.0,0.0,0.0,0.0,0.0,0.0,0.0,0.0,0.0,0.0,0.0,0.0,1.0,0.0,0.0,1.0,3.0,0.0,1.0,1.0,0.0,0.0,0.0,0.0,0.0,0.0,0.0,0.0,0.0,0.0,0.0,0.0,0.0,0.0,0.0,0.0,0.0,0.0,0.0,0.0,0.0,0.0,0.0,0.0,0.0,0.0,1.0,0.0,0.0,1.0,4.0,0.0,1.0,2.0,0.0,0.0,0.0
418,1.0,418.0,London_11,3years_LHD,1Lon_11,151,453,1092.0,70.0,2.0,133635.0,3.457926389761269,748.0,66.0,0.0,66.0,116.0,0.0,116.0,8.0,166.0,108.0,20.0,106.0,10.0,38.0,2.0,3.0,9.0,74.0,154.0,216.0,43.0,2.0344827586206895,0.0,0.0,0.0,0.0,0.0,0.0,0.0,0.0,0.0,0.0,0.0,0.0,0.0,0.0,0.0,0.0,0.0,0.0,0.0,0.0,0.0,0.0,0.0,0.0,0.0,0.0,0.0,0.0,0.0,0.0,0.0,0.0,0.0,0.0,0.0,0.0,0.0,0.0,0.0,0.0,5.0,3.0,2.0,1.0,2.0,0.0,8.0,7.0,7.0,8.0,14.0,17.0,13.0,6.0,0.0,0.0,0.0,0.0,0.0,0.0,0.0,0.0,0.0,0.0,0.0,0.0,0.0,0.0,0.0,0.0,0.0,0.0,0.0,0.0,5.0,4.0,3.0,1.0,3.0,0.0,12.0,9.0,10.0,10.0,20.0,25.0,16.0,10.0
419,1.0,419.0,London_11,3years_LHD,1Lon_11,151,453,1092.0,70.0,2.0,140883.0,3.1205176366493106,764.0,120.0,2.0,118.0,208.0,17.0,191.0,116.0,168.0,115.0,24.0,100.0,12.0,33.0,0.0,1.0,12.0,88.0,155.0,198.0,58.0,2.293269230769231,0.0,0.0,0.0,0.0,0.0,0.0,0.0,0.0,0.0,0.0,0.0,0.0,0.0,0.0,0.0,0.0,0.0,0.0,0.0,0.0,0.0,0.0,0.0,0.0,0.0,0.0,0.0,0.0,0.0,2.0,0.0,0.0,1.0,0.0,0.0,1.0,0.0,0.0,0.0,0.0,3.0,5.0,1.0,1.0,2.0,0.0,9.0,12.0,7.0,8.0,29.0,25.0,24.0,10.0,0.0,0.0,0.0,0.0,0.0,0.0,0.0,0.0,0.0,10.0,0.0,0.0,5.0,0.0,0.0,5.0,0.0,0.0,0.0,0.0,4.0,6.0,1.0,1.0,2.0,0.0,13.0,16.0,10.0,10.0,48.0,37.0,31.0,14.0
420,1.0,420.0,London_11,3years_LHD,1Lon_11,151,453,1092.0,70.0,2.0,126840.0,1.5507459519430995,733.0,29.0,0.0,29.0,45.0,0.0,45.0,208.0,170.0,115.0,26.0,105.0,12.0,19.0,1.0,5.0,12.0,90.0,154.0,197.0,49.0,1.4,0.0,0.0,0.0,0.0,0.0,0.0,0.0,0.0,0.0,0.0,0.0,0.0,0.0,0.0,0.0,0.0,0.0,0.0,0.0,0.0,0.0,0.0,0.0,0.0,0.0,0.0,0.0,0.0,0.0,0.0,0.0,0.0,0.0,0.0,0.0,0.0,0.0,0.0,0.0,0.0,1.0,3.0,2.0,0.0,0.0,0.0,2.0,1.0,2.0,2.0,4.0,5.0,4.0,5.0,0.0,0.0,0.0,0.0,0.0,0.0,0.0,0.0,0.0,0.0,0.0,0.0,0.0,0.0,0.0,0.0,0.0,0.0,0.0,0.0,1.0,3.0,2.0,0.0,0.0,0.0,2.0,1.0,2.0,2.0,5.0,7.0,7.0,6.0
421,1.0,421.0,London_11,3years_LHD,1Lon_11,151,453,1092.0,70.0,2.0,152208.0,1.9257082743570209,789.0,119.0,2.0,117.0,229.0,15.0,214.0,45.0,178.0,112.0,29.0,99.0,13.0,17.0,0.0,5.0,9.0,91.0,151.0,202.0,48.0,1.6506550218340612,0.0,0.0,0.0,0.0,0.0,0.0,0.0,0.0,0.0,0.0,0.0,0.0,0.0,0.0,0.0,0.0,0.0,0.0,0.0,0.0,0.0,0.0,0.0,0.0,0.0,0.0,0.0,0.0,0.0,0.0,0.0,0.0,0.0,0.0,0.0,2.0,0.0,0.0,0.0,0.0,3.0,3.0,4.0,3.0,1.0,0.0,9.0,9.0,6.0,6.0,25.0,19.0,22.0,10.0,0.0,0.0,0.0,0.0,0.0,0.0,0.0,0.0,0.0,0.0,0.0,0.0,0.0,0.0,0.0,7.0,0.0,0.0,0.0,0.0,3.0,4.0,4.0,4.0,1.0,0.0,12.0,10.0,7.0,11.0,40.0,30.0,29.0,15.0
422,1.0,422.0,London_11,3years_LHD,1Lon_11,151,453,1092.0,70.0,2.0,136353.0,2.6069656554609537,754.0,49.0,0.0,49.0,85.0,0.0,85.0,229.0,193.0,108.0,21.0,78.0,14.0,26.0,2.0,11.0,6.0,91.0,148.0,208.0,37.0,1.0470588235294118,0.0,0.0,0.0,0.0,0.0,0.0,0.0,0.0,0.0,0.0,0.0,0.0,0.0,0.0,0.0,0.0,0.0,0.0,0.0,0.0,0.0,0.0,0.0,0.0,0.0,0.0,0.0,0.0,0.0,0.0,0.0,0.0,0.0,0.0,0.0,0.0,0.0,0.0,0.0,0.0,0.0,4.0,1.0,0.0,0.0,0.0,11.0,0.0,0.0,6.0,16.0,7.0,14.0,3.0,0.0,0.0,0.0,0.0,0.0,0.0,0.0,0.0,0.0,0.0,0.0,0.0,0.0,0.0,0.0,0.0,0.0,0.0,0.0,0.0,0.0,6.0,1.0,0.0,0.0,0.0,13.0,0.0,0.0,7.0,23.0,9.0,17.0,4.0
423,1.0,423.0,London_11,3years_LHD,1Lon_11,151,453,1092.0,70.0,2.0,160362.0,1.6619632076472044,807.0,42.0,1.0,41.0,74.0,9.0,65.0,85.0,200.0,111.0,15.0,77.0,14.0,21.0,0.0,15.0,7.0,92.0,152.0,202.0,43.0,2.608108108108108,0.0,0.0,0.0,0.0,0.0,0.0,0.0,0.0,0.0,0.0,0.0,0.0,0.0,0.0,0.0,0.0,0.0,0.0,0.0,0.0,0.0,0.0,0.0,0.0,0.0,0.0,0.0,0.0,0.0,1.0,0.0,0.0,0.0,0.0,0.0,1.0,0.0,0.0,0.0,0.0,3.0,4.0,0.0,1.0,0.0,0.0,2.0,6.0,1.0,4.0,9.0,7.0,10.0,3.0,0.0,0.0,0.0,0.0,0.0,0.0,0.0,0.0,0.0,4.0,0.0,0.0,0.0,0.0,0.0,4.0,0.0,0.0,0.0,0.0,3.0,5.0,0.0,1.0,0.0,0.0,3.0,10.0,1.0,6.0,15.0,9.0,15.0,5.0
424,1.0,424.0,London_11,3years_LHD,1Lon_11,151,453,1092.0,70.0,2.0,192072.0,4.4010705184191465,877.0,50.0,0.0,50.0,92.0,0.0,92.0,74.0,199.0,120.0,16.0,73.0,14.0,18.0,0.0,13.0,7.0,90.0,161.0,195.0,44.0,2.3369565217391304,0.0,0.0,0.0,0.0,0.0,0.0,0.0,0.0,0.0,0.0,0.0,0.0,0.0,0.0,0.0,0.0,0.0,0.0,0.0,0.0,0.0,0.0,0.0,0.0,0.0,0.0,0.0,0.0,0.0,0.0,0.0,0.0,0.0,0.0,0.0,0.0,0.0,0.0,0.0,0.0,1.0,0.0,2.0,0.0,1.0,1.0,5.0,4.0,0.0,4.0,10.0,6.0,11.0,6.0,0.0,0.0,0.0,0.0,0.0,0.0,0.0,0.0,0.0,0.0,0.0,0.0,0.0,0.0,0.0,0.0,0.0,0.0,0.0,0.0,1.0,0.0,2.0,0.0,1.0,2.0,7.0,5.0,0.0,4.0,21.0,11.0,12.0,12.0
425,1.0,425.0,London_11,3years_LHD,1Lon_11,151,453,1092.0,70.0,2.0,217440.0,6.238699369132519,933.0,170.0,2.0,168.0,319.0,17.0,302.0,92.0,210.0,123.0,19.0,61.0,11.0,13.0,1.0,15.0,5.0,83.0,175.0,190.0,42.0,3.677115987460815,0.0,0.0,0.0,0.0,0.0,0.0,0.0,0.0,0.0,0.0,0.0,0.0,0.0,0.0,0.0,0.0,0.0,0.0,0.0,0.0,0.0,0.0,0.0,0.0,0.0,0.0,0.0,0.0,0.0,0.0,0.0,0.0,1.0,0.0,1.0,0.0,0.0,0.0,0.0,0.0,0.0,2.0,0.0,2.0,0.0,0.0,7.0,13.0,1.0,19.0,35.0,41.0,32.0,8.0,0.0,0.0,0.0,0.0,0.0,0.0,0.0,0.0,0.0,0.0,0.0,0.0,6.0,0.0,5.0,0.0,0.0,0.0,0.0,0.0,0.0,3.0,0.0,4.0,0.0,0.0,10.0,16.0,1.0,24.0,55.0,59.0,52.0,12.0
426,1.0,426.0,London_11,3years_LHD,1Lon_11,151,453,1092.0,70.0,2.0,179841.0,4.3883410124108195,850.0,114.0,2.0,112.0,213.0,17.0,196.0,319.0,163.0,121.0,13.0,99.0,8.0,30.0,3.0,16.0,6.0,73.0,158.0,216.0,49.0,0.6572769953051644,0.0,0.0,0.0,0.0,0.0,0.0,0.0,0.0,0.0,0.0,0.0,0.0,0.0,0.0,0.0,0.0,0.0,0.0,0.0,0.0,0.0,0.0,0.0,0.0,0.0,0.0,0.0,0.0,0.0,1.0,0.0,0.0,2.0,0.0,0.0,1.0,0.0,0.0,0.0,0.0,1.0,10.0,7.0,3.0,3.0,0.0,6.0,13.0,6.0,16.0,21.0,23.0,25.0,8.0,0.0,0.0,0.0,0.0,0.0,0.0,0.0,0.0,0.0,6.0,0.0,0.0,9.0,0.0,0.0,2.0,0.0,0.0,0.0,0.0,1.0,16.0,8.0,4.0,3.0,0.0,7.0,19.0,8.0,18.0,35.0,33.0,29.0,13.0
427,1.0,427.0,London_11,3years_LHD,1Lon_11,151,453,1092.0,70.0,2.0,160362.0,8.962398901581764,807.0,151.0,0.0,151.0,259.0,0.0,259.0,213.0,191.0,123.0,18.0,81.0,5.0,28.0,2.0,5.0,6.0,81.0,163.0,203.0,52.0,0.8146718146718147,0.0,0.0,0.0,0.0,0.0,0.0,0.0,0.0,0.0,0.0,0.0,0.0,0.0,0.0,0.0,0.0,0.0,0.0,0.0,0.0,0.0,0.0,0.0,0.0,0.0,0.0,0.0,0.0,0.0,0.0,0.0,0.0,0.0,0.0,0.0,0.0,0.0,0.0,0.0,0.0,4.0,10.0,3.0,1.0,4.0,0.0,5.0,7.0,5.0,8.0,22.0,37.0,24.0,11.0,0.0,0.0,0.0,0.0,0.0,0.0,0.0,0.0,0.0,0.0,0.0,0.0,0.0,0.0,0.0,0.0,0.0,0.0,0.0,0.0,5.0,15.0,3.0,2.0,4.0,0.0,5.0,11.0,8.0,8.0,35.0,55.0,30.0,18.0
428,1.0,428.0,London_11,3years_LHD,1Lon_11,151,453,1092.0,70.0,2.0,123669.0,4.143411759287119,726.0,44.0,0.0,44.0,85.0,0.0,85.0,259.0,213.0,114.0,14.0,68.0,8.0,26.0,3.0,7.0,8.0,77.0,163.0,205.0,37.0,0.4823529411764706,0.0,0.0,0.0,0.0,0.0,0.0,0.0,0.0,0.0,0.0,0.0,0.0,0.0,0.0,0.0,0.0,0.0,0.0,0.0,0.0,0.0,0.0,0.0,0.0,0.0,0.0,0.0,0.0,0.0,0.0,0.0,0.0,0.0,0.0,0.0,0.0,0.0,0.0,0.0,0.0,1.0,5.0,3.0,1.0,2.0,0.0,2.0,4.0,2.0,6.0,3.0,9.0,7.0,5.0,0.0,0.0,0.0,0.0,0.0,0.0,0.0,0.0,0.0,0.0,0.0,0.0,0.0,0.0,0.0,0.0,0.0,0.0,0.0,0.0,2.0,7.0,4.0,2.0,2.0,0.0,2.0,7.0,2.0,8.0,4.0,12.0,11.0,6.0
429,1.0,429.0,London_11,3years_LHD,1Lon_11,151,453,1092.0,70.0,2.0,135447.0,3.442120810970664,752.0,58.0,2.0,56.0,118.0,19.0,99.0,85.0,224.0,113.0,14.0,60.0,8.0,26.0,4.0,4.0,9.0,87.0,160.0,197.0,37.0,1.5847457627118644,0.0,0.0,0.0,0.0,0.0,0.0,0.0,0.0,0.0,0.0,0.0,0.0,0.0,0.0,0.0,0.0,0.0,0.0,0.0,0.0,0.0,0.0,0.0,0.0,0.0,0.0,0.0,0.0,0.0,2.0,0.0,0.0,0.0,0.0,1.0,0.0,0.0,0.0,0.0,0.0,1.0,5.0,2.0,1.0,1.0,1.0,4.0,11.0,6.0,8.0,8.0,16.0,9.0,7.0,0.0,0.0,0.0,0.0,0.0,0.0,0.0,0.0,0.0,12.0,0.0,0.0,0.0,0.0,8.0,0.0,0.0,0.0,0.0,0.0,1.0,5.0,2.0,1.0,1.0,3.0,4.0,14.0,8.0,11.0,10.0,28.0,12.0,13.0
430,1.0,430.0,London_11,3years_LHD,1Lon_11,151,453,1092.0,70.0,2.0,146772.0,5.61828722525388,777.0,143.0,2.0,141.0,254.0,18.0,236.0,118.0,225.0,120.0,24.0,50.0,4.0,25.0,1.0,4.0,8.0,81.0,159.0,205.0,36.0,1.81496062992126,0.0,0.0,0.0,0.0,0.0,0.0,0.0,0.0,0.0,0.0,0.0,0.0,0.0,0.0,0.0,0.0,0.0,0.0,0.0,0.0,0.0,0.0,0.0,0.0,0.0,0.0,0.0,0.0,0.0,0.0,1.0,0.0,0.0,0.0,1.0,1.0,0.0,0.0,0.0,0.0,0.0,0.0,0.0,1.0,0.0,0.0,10.0,10.0,1.0,15.0,24.0,28.0,20.0,8.0,0.0,0.0,0.0,0.0,0.0,0.0,0.0,0.0,0.0,0.0,6.0,0.0,0.0,0.0,5.0,4.0,0.0,0.0,0.0,0.0,0.0,0.0,0.0,2.0,0.0,0.0,13.0,13.0,2.0,20.0,36.0,41.0,29.0,11.0
431,1.0,431.0,London_11,3years_LHD,1Lon_11,151,453,1092.0,70.0,2.0,112344.0,1.0180575381964445,701.0,8.0,0.0,8.0,14.0,0.0,14.0,254.0,235.0,83.0,32.0,67.0,9.0,16.0,2.0,9.0,6.0,80.0,160.0,207.0,34.0,1.4285714285714286,0.0,0.0,0.0,0.0,0.0,0.0,0.0,0.0,0.0,0.0,0.0,0.0,0.0,0.0,0.0,0.0,0.0,0.0,0.0,0.0,0.0,0.0,0.0,0.0,0.0,0.0,0.0,0.0,0.0,0.0,0.0,0.0,0.0,0.0,0.0,0.0,0.0,0.0,0.0,0.0,0.0,1.0,1.0,0.0,0.0,0.0,2.0,0.0,1.0,0.0,0.0,1.0,0.0,0.0,0.0,0.0,0.0,0.0,0.0,0.0,0.0,0.0,0.0,0.0,0.0,0.0,0.0,0.0,0.0,0.0,0.0,0.0,0.0,0.0,0.0,1.0,1.0,0.0,0.0,0.0,3.0,0.0,2.0,0.0,0.0,2.0,0.0,0.0
432,1.0,432.0,London_11,3years_LHD,1Lon_11,151,453,1092.0,70.0,2.0,134088.0,3.77430403418839,749.0,67.0,1.0,66.0,125.0,9.0,116.0,14.0,233.0,83.0,33.0,68.0,9.0,15.0,2.0,10.0,6.0,78.0,163.0,206.0,36.0,1.464,0.0,0.0,0.0,0.0,0.0,0.0,0.0,0.0,0.0,0.0,0.0,0.0,0.0,0.0,0.0,0.0,0.0,0.0,0.0,0.0,0.0,0.0,0.0,0.0,0.0,0.0,0.0,0.0,0.0,1.0,0.0,0.0,0.0,0.0,0.0,0.0,0.0,0.0,0.0,0.0,4.0,1.0,1.0,2.0,1.0,0.0,10.0,5.0,6.0,10.0,15.0,11.0,11.0,5.0,0.0,0.0,0.0,0.0,0.0,0.0,0.0,0.0,0.0,7.0,0.0,0.0,0.0,0.0,0.0,0.0,0.0,0.0,0.0,0.0,4.0,2.0,1.0,6.0,1.0,0.0,15.0,8.0,9.0,14.0,23.0,17.0,15.0,6.0
433,1.0,433.0,London_11,3years_LHD,1Lon_11,151,453,1092.0,70.0,2.0,146772.0,4.544689333997667,777.0,112.0,2.0,110.0,208.0,17.0,191.0,125.0,245.0,78.0,34.0,71.0,4.0,10.0,0.0,11.0,7.0,77.0,173.0,196.0,37.0,2.1923076923076925,0.0,0.0,0.0,0.0,0.0,0.0,0.0,0.0,0.0,0.0,0.0,0.0,0.0,0.0,0.0,0.0,0.0,0.0,0.0,0.0,0.0,0.0,0.0,0.0,0.0,0.0,0.0,0.0,0.0,0.0,0.0,0.0,2.0,0.0,0.0,1.0,0.0,0.0,0.0,0.0,0.0,6.0,0.0,1.0,4.0,0.0,14.0,13.0,8.0,16.0,13.0,39.0,15.0,15.0,0.0,0.0,0.0,0.0,0.0,0.0,0.0,0.0,0.0,0.0,0.0,0.0,11.0,0.0,0.0,2.0,0.0,0.0,0.0,0.0,0.0,8.0,0.0,2.0,5.0,0.0,18.0,17.0,9.0,19.0,19.0,50.0,17.0,26.0
434,1.0,434.0,London_11,3years_LHD,1Lon_11,151,453,1092.0,70.0,2.0,132276.0,3.651174733415246,745.0,27.0,0.0,27.0,44.0,0.0,44.0,208.0,253.0,79.0,38.0,59.0,3.0,12.0,0.0,9.0,4.0,79.0,175.0,195.0,29.0,1.6818181818181819,0.0,0.0,0.0,0.0,0.0,0.0,0.0,0.0,0.0,0.0,0.0,0.0,0.0,0.0,0.0,0.0,0.0,0.0,0.0,0.0,0.0,0.0,0.0,0.0,0.0,0.0,0.0,0.0,0.0,0.0,0.0,0.0,0.0,0.0,0.0,0.0,0.0,0.0,0.0,0.0,3.0,2.0,1.0,0.0,0.0,0.0,3.0,0.0,2.0,8.0,1.0,7.0,4.0,2.0,0.0,0.0,0.0,0.0,0.0,0.0,0.0,0.0,0.0,0.0,0.0,0.0,0.0,0.0,0.0,0.0,0.0,0.0,0.0,0.0,3.0,3.0,1.0,0.0,0.0,0.0,3.0,0.0,3.0,12.0,3.0,10.0,5.0,3.0
435,1.0,435.0,London_11,3years_LHD,1Lon_11,151,453,1092.0,70.0,2.0,158097.0,1.5496379183605313,802.0,123.0,2.0,121.0,233.0,17.0,216.0,44.0,250.0,72.0,43.0,63.0,3.0,17.0,0.0,5.0,4.0,78.0,183.0,188.0,34.0,2.1974248927038627,0.0,0.0,0.0,0.0,0.0,0.0,0.0,0.0,0.0,0.0,0.0,0.0,0.0,0.0,0.0,0.0,0.0,0.0,0.0,0.0,0.0,0.0,0.0,0.0,0.0,0.0,0.0,0.0,0.0,1.0,0.0,0.0,1.0,1.0,1.0,1.0,0.0,0.0,0.0,0.0,1.0,13.0,0.0,2.0,7.0,0.0,9.0,4.0,7.0,13.0,21.0,30.0,25.0,6.0,0.0,0.0,0.0,0.0,0.0,0.0,0.0,0.0,0.0,2.0,0.0,0.0,5.0,4.0,7.0,7.0,0.0,0.0,0.0,0.0,1.0,17.0,0.0,2.0,8.0,0.0,9.0,4.0,11.0,15.0,30.0,45.0,31.0,10.0
436,1.0,436.0,London_11,3years_LHD,1Lon_11,151,453,1092.0,70.0,2.0,152208.0,4.113904139958322,789.0,49.0,0.0,49.0,85.0,0.0,85.0,233.0,254.0,80.0,17.0,63.0,11.0,24.0,1.0,3.0,4.0,73.0,162.0,214.0,27.0,1.2588235294117647,0.0,0.0,0.0,0.0,0.0,0.0,0.0,0.0,0.0,0.0,0.0,0.0,0.0,0.0,0.0,0.0,0.0,0.0,0.0,0.0,0.0,0.0,0.0,0.0,0.0,0.0,0.0,0.0,0.0,0.0,0.0,0.0,0.0,0.0,0.0,0.0,0.0,0.0,0.0,0.0,2.0,10.0,6.0,2.0,3.0,0.0,3.0,4.0,7.0,7.0,12.0,15.0,10.0,6.0,0.0,0.0,0.0,0.0,0.0,0.0,0.0,0.0,0.0,0.0,0.0,0.0,0.0,0.0,0.0,0.0,0.0,0.0,0.0,0.0,2.0,11.0,7.0,2.0,3.0,0.0,4.0,9.0,11.0,10.0,18.0,22.0,13.0,8.0
437,1.0,437.0,London_11,3years_LHD,1Lon_11,151,453,1092.0,70.0,2.0,170328.0,4.482630119659007,829.0,40.0,1.0,39.0,75.0,10.0,65.0,85.0,251.0,75.0,22.0,63.0,10.0,28.0,1.0,3.0,6.0,70.0,167.0,210.0,41.0,1.2133333333333334,0.0,0.0,0.0,0.0,0.0,0.0,0.0,0.0,0.0,0.0,0.0,0.0,0.0,0.0,0.0,0.0,0.0,0.0,0.0,0.0,0.0,0.0,0.0,0.0,0.0,0.0,0.0,0.0,0.0,0.0,0.0,0.0,0.0,0.0,1.0,0.0,1.0,0.0,0.0,0.0,1.0,5.0,1.0,0.0,3.0,0.0,5.0,3.0,3.0,3.0,8.0,13.0,5.0,3.0,0.0,0.0,0.0,0.0,0.0,0.0,0.0,0.0,0.0,0.0,0.0,0.0,0.0,0.0,9.0,0.0,8.0,0.0,0.0,0.0,1.0,6.0,1.0,0.0,3.0,0.0,8.0,4.0,5.0,5.0,12.0,22.0,6.0,6.0
438,1.0,438.0,London_11,3years_LHD,1Lon_11,151,453,1092.0,70.0,2.0,199320.0,5.090367606841028,893.0,51.0,0.0,51.0,92.0,0.0,92.0,75.0,258.0,74.0,15.0,63.0,12.0,26.0,1.0,4.0,7.0,70.0,160.0,216.0,44.0,1.9891304347826086,0.0,0.0,0.0,0.0,0.0,0.0,0.0,0.0,0.0,0.0,0.0,0.0,0.0,0.0,0.0,0.0,0.0,0.0,0.0,0.0,0.0,0.0,0.0,0.0,0.0,0.0,0.0,0.0,0.0,0.0,0.0,0.0,0.0,0.0,0.0,0.0,0.0,0.0,0.0,0.0,3.0,3.0,2.0,1.0,1.0,0.0,5.0,5.0,4.0,6.0,6.0,10.0,11.0,4.0,0.0,0.0,0.0,0.0,0.0,0.0,0.0,0.0,0.0,0.0,0.0,0.0,0.0,0.0,0.0,0.0,0.0,0.0,0.0,0.0,4.0,5.0,2.0,2.0,1.0,0.0,6.0,7.0,5.0,8.0,6.0,19.0,13.0,6.0
439,1.0,439.0,London_11,3years_LHD,1Lon_11,151,453,1092.0,70.0,2.0,223782.0,3.9064934458583593,947.0,169.0,2.0,167.0,322.0,20.0,302.0,92.0,258.0,77.0,15.0,58.0,10.0,29.0,1.0,5.0,6.0,72.0,161.0,214.0,46.0,4.75776397515528,0.0,0.0,0.0,0.0,0.0,0.0,0.0,0.0,0.0,0.0,0.0,0.0,0.0,0.0,0.0,0.0,0.0,0.0,0.0,0.0,0.0,0.0,0.0,0.0,0.0,0.0,0.0,0.0,0.0,1.0,0.0,0.0,1.0,0.0,0.0,1.0,1.0,0.0,0.0,0.0,1.0,2.0,0.0,0.0,3.0,1.0,7.0,9.0,6.0,7.0,43.0,37.0,30.0,10.0,0.0,0.0,0.0,0.0,0.0,0.0,0.0,0.0,0.0,3.0,0.0,0.0,7.0,0.0,0.0,4.0,10.0,0.0,0.0,0.0,2.0,2.0,0.0,0.0,3.0,3.0,11.0,12.0,8.0,11.0,73.0,57.0,42.0,17.0
440,1.0,440.0,London_11,3years_LHD,1Lon_11,151,453,1092.0,70.0,2.0,180747.0,0.8775757821276784,852.0,119.0,2.0,117.0,212.0,16.0,196.0,322.0,169.0,124.0,20.0,94.0,8.0,31.0,1.0,6.0,6.0,75.0,182.0,190.0,44.0,0.7311320754716981,0.0,0.0,0.0,0.0,0.0,0.0,0.0,0.0,0.0,0.0,0.0,0.0,0.0,0.0,0.0,0.0,0.0,0.0,0.0,0.0,0.0,0.0,0.0,0.0,0.0,0.0,0.0,0.0,0.0,1.0,0.0,0.0,1.0,0.0,0.0,2.0,0.0,0.0,0.0,0.0,6.0,9.0,8.0,3.0,3.0,0.0,10.0,10.0,4.0,24.0,25.0,35.0,29.0,11.0,0.0,0.0,0.0,0.0,0.0,0.0,0.0,0.0,0.0,7.0,0.0,0.0,8.0,0.0,0.0,9.0,0.0,0.0,0.0,0.0,7.0,14.0,10.0,4.0,3.0,0.0,12.0,14.0,5.0,34.0,35.0,50.0,40.0,17.0
441,1.0,441.0,London_11,3years_LHD,1Lon_11,151,453,1092.0,70.0,2.0,163986.0,4.417088061571121,815.0,163.0,0.0,163.0,260.0,0.0,260.0,212.0,173.0,136.0,17.0,84.0,7.0,27.0,1.0,8.0,10.0,83.0,173.0,187.0,50.0,0.9692307692307692,0.0,0.0,0.0,0.0,0.0,0.0,0.0,0.0,0.0,0.0,0.0,0.0,0.0,0.0,0.0,0.0,0.0,0.0,0.0,0.0,0.0,0.0,0.0,0.0,0.0,0.0,0.0,0.0,0.0,0.0,0.0,0.0,0.0,0.0,0.0,0.0,0.0,0.0,0.0,0.0,9.0,1.0,0.0,0.0,7.0,0.0,5.0,5.0,11.0,10.0,31.0,42.0,19.0,13.0,0.0,0.0,0.0,0.0,0.0,0.0,0.0,0.0,0.0,0.0,0.0,0.0,0.0,0.0,0.0,0.0,0.0,0.0,0.0,0.0,10.0,1.0,0.0,0.0,7.0,0.0,6.0,6.0,16.0,11.0,47.0,59.0,22.0,19.0
442,1.0,442.0,London_11,3years_LHD,1Lon_11,151,453,1092.0,70.0,2.0,120045.0,4.076940830796957,718.0,49.0,0.0,49.0,86.0,0.0,86.0,260.0,178.0,114.0,18.0,84.0,13.0,38.0,2.0,6.0,3.0,73.0,177.0,200.0,38.0,0.5697674418604651,0.0,0.0,0.0,0.0,0.0,0.0,0.0,0.0,0.0,0.0,0.0,0.0,0.0,0.0,0.0,0.0,0.0,0.0,0.0,0.0,0.0,0.0,0.0,0.0,0.0,0.0,0.0,0.0,0.0,0.0,0.0,0.0,0.0,0.0,0.0,0.0,0.0,0.0,0.0,0.0,0.0,1.0,6.0,2.0,1.0,0.0,8.0,2.0,3.0,3.0,6.0,11.0,8.0,4.0,0.0,0.0,0.0,0.0,0.0,0.0,0.0,0.0,0.0,0.0,0.0,0.0,0.0,0.0,0.0,0.0,0.0,0.0,0.0,0.0,0.0,1.0,8.0,4.0,1.0,0.0,10.0,3.0,3.0,3.0,9.0,16.0,13.0,5.0
443,1.0,443.0,London_11,3years_LHD,1Lon_11,151,453,1092.0,70.0,2.0,130464.0,2.043334612622857,741.0,53.0,2.0,51.0,116.0,17.0,99.0,86.0,182.0,120.0,15.0,72.0,12.0,45.0,2.0,5.0,4.0,82.0,181.0,186.0,46.0,1.8706896551724137,0.0,0.0,0.0,0.0,0.0,0.0,0.0,0.0,0.0,0.0,0.0,0.0,0.0,0.0,0.0,0.0,0.0,0.0,0.0,0.0,0.0,0.0,0.0,0.0,0.0,0.0,0.0,0.0,0.0,0.0,0.0,0.0,0.0,0.0,0.0,1.0,0.0,0.0,0.0,0.0,0.0,1.0,2.0,0.0,2.0,0.0,6.0,4.0,7.0,6.0,9.0,13.0,9.0,9.0,0.0,0.0,0.0,0.0,0.0,0.0,0.0,0.0,0.0,0.0,0.0,0.0,0.0,0.0,0.0,2.0,0.0,0.0,0.0,0.0,0.0,1.0,2.0,0.0,2.0,0.0,8.0,7.0,10.0,7.0,13.0,26.0,11.0,14.0
444,1.0,444.0,London_11,3years_LHD,1Lon_11,151,453,1092.0,70.0,2.0,139977.0,3.5846210587769747,762.0,137.0,2.0,135.0,255.0,18.0,237.0,116.0,197.0,111.0,20.0,60.0,10.0,50.0,1.0,4.0,3.0,75.0,166.0,209.0,40.0,2.3215686274509806,0.0,0.0,0.0,0.0,0.0,0.0,0.0,0.0,0.0,0.0,0.0,0.0,0.0,0.0,0.0,0.0,0.0,0.0,0.0,0.0,0.0,0.0,0.0,0.0,0.0,0.0,0.0,0.0,0.0,2.0,0.0,0.0,2.0,0.0,0.0,1.0,0.0,0.0,0.0,0.0,2.0,1.0,0.0,1.0,3.0,0.0,5.0,9.0,6.0,10.0,30.0,30.0,12.0,18.0,0.0,0.0,0.0,0.0,0.0,0.0,0.0,0.0,0.0,8.0,0.0,0.0,14.0,0.0,0.0,6.0,0.0,0.0,0.0,0.0,2.0,1.0,0.0,1.0,3.0,0.0,8.0,12.0,7.0,15.0,47.0,50.0,17.0,22.0
445,1.0,445.0,London_11,3years_LHD,1Lon_11,151,453,1092.0,70.0,2.0,104190.0,3.7937019346281886,683.0,5.0,0.0,5.0,10.0,0.0,10.0,255.0,191.0,113.0,14.0,71.0,9.0,43.0,1.0,11.0,10.0,77.0,158.0,208.0,36.0,0.0,0.0,0.0,0.0,0.0,0.0,0.0,0.0,0.0,0.0,0.0,0.0,0.0,0.0,0.0,0.0,0.0,0.0,0.0,0.0,0.0,0.0,0.0,0.0,0.0,0.0,0.0,0.0,0.0,0.0,0.0,0.0,0.0,0.0,0.0,0.0,0.0,0.0,0.0,0.0,0.0,0.0,0.0,0.0,0.0,0.0,0.0,0.0,0.0,0.0,0.0,0.0,0.0,1.0,0.0,0.0,0.0,0.0,0.0,0.0,0.0,0.0,0.0,0.0,0.0,0.0,0.0,0.0,0.0,0.0,0.0,0.0,0.0,0.0,0.0,0.0,0.0,0.0,0.0,0.0,0.0,0.0,0.0,0.0,0.0,0.0,0.0,1.0,0.0
446,1.0,446.0,London_11,3years_LHD,1Lon_11,151,453,1092.0,70.0,2.0,134088.0,4.116761398501694,749.0,67.0,0.0,67.0,116.0,0.0,116.0,10.0,193.0,110.0,15.0,70.0,9.0,44.0,1.0,11.0,10.0,76.0,160.0,207.0,36.0,1.706896551724138,0.0,0.0,0.0,0.0,0.0,0.0,0.0,0.0,0.0,0.0,0.0,0.0,0.0,0.0,0.0,0.0,0.0,0.0,0.0,0.0,0.0,0.0,0.0,0.0,0.0,0.0,0.0,0.0,0.0,0.0,0.0,0.0,0.0,0.0,0.0,0.0,0.0,0.0,0.0,0.0,5.0,7.0,8.0,0.0,3.0,0.0,5.0,4.0,6.0,8.0,14.0,16.0,16.0,5.0,0.0,0.0,0.0,0.0,0.0,0.0,0.0,0.0,0.0,0.0,0.0,0.0,0.0,0.0,0.0,0.0,0.0,0.0,0.0,0.0,7.0,8.0,9.0,0.0,4.0,0.0,8.0,7.0,6.0,10.0,20.0,22.0,22.0,7.0
447,1.0,447.0,London_11,3years_LHD,1Lon_11,151,453,1092.0,70.0,2.0,141336.0,4.490298010408878,765.0,104.0,2.0,102.0,214.0,22.0,192.0,116.0,202.0,125.0,11.0,52.0,7.0,49.0,0.0,7.0,13.0,85.0,168.0,187.0,47.0,2.5093457943925235,0.0,0.0,0.0,0.0,0.0,0.0,0.0,0.0,0.0,0.0,0.0,0.0,0.0,0.0,0.0,0.0,0.0,0.0,0.0,0.0,0.0,0.0,0.0,0.0,0.0,0.0,0.0,0.0,0.0,0.0,0.0,0.0,0.0,0.0,0.0,1.0,0.0,0.0,0.0,0.0,2.0,6.0,1.0,1.0,2.0,1.0,11.0,1.0,12.0,8.0,19.0,21.0,25.0,5.0,0.0,0.0,0.0,0.0,0.0,0.0,0.0,0.0,0.0,0.0,0.0,0.0,0.0,0.0,0.0,4.0,0.0,0.0,0.0,0.0,2.0,10.0,1.0,1.0,2.0,2.0,14.0,1.0,19.0,11.0,31.0,29.0,36.0,8.0
448,1.0,448.0,London_11,3years_LHD,1Lon_11,151,453,1092.0,70.0,2.0,131823.0,2.104925007559359,744.0,27.0,0.0,27.0,45.0,0.0,45.0,214.0,199.0,103.0,14.0,71.0,6.0,48.0,2.0,10.0,6.0,92.0,168.0,187.0,38.0,1.3333333333333333,0.0,0.0,0.0,0.0,0.0,0.0,0.0,0.0,0.0,0.0,0.0,0.0,0.0,0.0,0.0,0.0,0.0,0.0,0.0,0.0,0.0,0.0,0.0,0.0,0.0,0.0,0.0,0.0,0.0,0.0,0.0,0.0,0.0,0.0,0.0,0.0,0.0,0.0,0.0,0.0,1.0,3.0,2.0,0.0,1.0,0.0,5.0,2.0,0.0,4.0,8.0,8.0,8.0,4.0,0.0,0.0,0.0,0.0,0.0,0.0,0.0,0.0,0.0,0.0,0.0,0.0,0.0,0.0,0.0,0.0,0.0,0.0,0.0,0.0,1.0,3.0,2.0,0.0,1.0,0.0,7.0,3.0,0.0,4.0,12.0,10.0,9.0,7.0
449,1.0,449.0,London_11,3years_LHD,1Lon_11,151,453,1092.0,70.0,2.0,162174.0,5.176661837846041,811.0,127.0,2.0,125.0,231.0,17.0,214.0,45.0,205.0,108.0,14.0,64.0,5.0,46.0,2.0,9.0,9.0,90.0,169.0,185.0,35.0,2.1515151515151514,0.0,0.0,0.0,0.0,0.0,0.0,0.0,0.0,0.0,0.0,0.0,0.0,0.0,0.0,0.0,0.0,0.0,0.0,0.0,0.0,0.0,0.0,0.0,0.0,0.0,0.0,0.0,0.0,0.0,0.0,1.0,0.0,1.0,0.0,0.0,1.0,0.0,0.0,0.0,0.0,2.0,1.0,1.0,1.0,1.0,0.0,13.0,2.0,5.0,10.0,23.0,28.0,25.0,15.0,0.0,0.0,0.0,0.0,0.0,0.0,0.0,0.0,0.0,0.0,7.0,0.0,3.0,0.0,0.0,3.0,0.0,0.0,0.0,0.0,2.0,1.0,1.0,1.0,1.0,0.0,14.0,2.0,6.0,16.0,34.0,39.0,37.0,21.0
450,1.0,450.0,London_11,3years_LHD,1Lon_11,151,453,1092.0,70.0,2.0,144507.0,1.8593378271907568,772.0,52.0,0.0,52.0,85.0,0.0,85.0,231.0,207.0,97.0,12.0,76.0,6.0,49.0,3.0,3.0,8.0,78.0,171.0,196.0,36.0,0.8235294117647058,0.0,0.0,0.0,0.0,0.0,0.0,0.0,0.0,0.0,0.0,0.0,0.0,0.0,0.0,0.0,0.0,0.0,0.0,0.0,0.0,0.0,0.0,0.0,0.0,0.0,0.0,0.0,0.0,0.0,0.0,0.0,0.0,0.0,0.0,0.0,0.0,0.0,0.0,0.0,0.0,2.0,3.0,1.0,1.0,2.0,0.0,4.0,4.0,6.0,6.0,6.0,15.0,13.0,5.0,0.0,0.0,0.0,0.0,0.0,0.0,0.0,0.0,0.0,0.0,0.0,0.0,0.0,0.0,0.0,0.0,0.0,0.0,0.0,0.0,3.0,3.0,1.0,2.0,2.0,0.0,6.0,6.0,9.0,7.0,9.0,22.0,15.0,7.0
451,1.0,451.0,London_11,3years_LHD,1Lon_11,151,453,1092.0,70.0,2.0,161268.0,3.6424256963655353,809.0,39.0,0.0,39.0,65.0,0.0,65.0,85.0,213.0,97.0,9.0,74.0,6.0,51.0,1.0,2.0,10.0,76.0,168.0,199.0,41.0,1.4,0.0,0.0,0.0,0.0,0.0,0.0,0.0,0.0,0.0,0.0,0.0,0.0,0.0,0.0,0.0,0.0,0.0,0.0,0.0,0.0,0.0,0.0,0.0,0.0,0.0,0.0,0.0,0.0,0.0,0.0,0.0,0.0,0.0,0.0,0.0,0.0,0.0,0.0,0.0,0.0,1.0,3.0,1.0,2.0,0.0,0.0,2.0,4.0,1.0,3.0,4.0,12.0,9.0,4.0,0.0,0.0,0.0,0.0,0.0,0.0,0.0,0.0,0.0,0.0,0.0,0.0,0.0,0.0,0.0,0.0,0.0,0.0,0.0,0.0,1.0,4.0,1.0,2.0,0.0,0.0,4.0,5.0,1.0,4.0,4.0,16.0,13.0,5.0
452,1.0,452.0,London_11,3years_LHD,1Lon_11,151,453,1092.0,70.0,2.0,198414.0,3.8639658568426967,891.0,51.0,0.0,51.0,92.0,0.0,92.0,65.0,217.0,107.0,11.0,62.0,5.0,49.0,0.0,2.0,11.0,81.0,164.0,197.0,43.0,1.5978260869565217,0.0,0.0,0.0,0.0,0.0,0.0,0.0,0.0,0.0,0.0,0.0,0.0,0.0,0.0,0.0,0.0,0.0,0.0,0.0,0.0,0.0,0.0,0.0,0.0,0.0,0.0,0.0,0.0,0.0,0.0,0.0,0.0,0.0,0.0,0.0,0.0,0.0,0.0,0.0,0.0,1.0,0.0,3.0,0.0,6.0,0.0,9.0,3.0,2.0,2.0,16.0,11.0,12.0,4.0,0.0,0.0,0.0,0.0,0.0,0.0,0.0,0.0,0.0,0.0,0.0,0.0,0.0,0.0,0.0,0.0,0.0,0.0,0.0,0.0,1.0,0.0,3.0,0.0,7.0,0.0,10.0,5.0,2.0,2.0,27.0,18.0,16.0,8.0
453,1.0,453.0,London_11,3years_LHD,1Lon_11,151,453,1092.0,70.0,2.0,217893.0,6.282907487824559,934.0,170.0,2.0,168.0,322.0,20.0,302.0,92.0,221.0,118.0,9.0,42.0,7.0,56.0,0.0,0.0,8.0,83.0,169.0,193.0,41.0,4.509316770186335,0.0,0.0,0.0,0.0,0.0,0.0,0.0,0.0,0.0,0.0,0.0,0.0,0.0,0.0,0.0,0.0,0.0,0.0,0.0,0.0,0.0,0.0,0.0,0.0,0.0,0.0,0.0,0.0,0.0,0.0,0.0,0.0,1.0,0.0,0.0,2.0,0.0,0.0,0.0,0.0,3.0,6.0,1.0,0.0,1.0,0.0,1.0,9.0,4.0,15.0,30.0,43.0,28.0,21.0,0.0,0.0,0.0,0.0,0.0,0.0,0.0,0.0,0.0,0.0,0.0,0.0,7.0,0.0,0.0,12.0,0.0,0.0,0.0,0.0,3.0,8.0,1.0,0.0,1.0,0.0,2.0,14.0,5.0,17.0,49.0,65.0,32.0,32.0
454,1.0,454.0,London_11,3years_LHD,1Lon_11,151,453,1092.0,70.0,2.0,180747.0,1.2184942113235593,852.0,118.0,2.0,116.0,214.0,18.0,196.0,322.0,138.0,126.0,24.0,96.0,6.0,54.0,3.0,6.0,7.0,67.0,178.0,201.0,46.0,0.5420560747663551,0.0,0.0,0.0,0.0,0.0,0.0,0.0,0.0,0.0,0.0,0.0,0.0,0.0,0.0,0.0,0.0,0.0,0.0,0.0,0.0,0.0,0.0,0.0,0.0,0.0,0.0,0.0,0.0,0.0,0.0,0.0,0.0,0.0,0.0,0.0,2.0,0.0,0.0,0.0,0.0,4.0,4.0,3.0,1.0,6.0,1.0,10.0,9.0,11.0,16.0,18.0,24.0,15.0,14.0,0.0,0.0,0.0,0.0,0.0,0.0,0.0,0.0,0.0,0.0,0.0,0.0,0.0,0.0,0.0,5.0,0.0,0.0,0.0,0.0,6.0,6.0,3.0,1.0,6.0,2.0,14.0,17.0,14.0,24.0,31.0,31.0,19.0,20.0
455,1.0,455.0,London_11,3years_LHD,1Lon_11,151,453,1092.0,70.0,2.0,165345.0,2.1719905817881227,818.0,155.0,0.0,155.0,259.0,0.0,259.0,214.0,161.0,135.0,22.0,70.0,5.0,52.0,2.0,6.0,9.0,74.0,160.0,210.0,46.0,1.0308880308880308,0.0,0.0,0.0,0.0,0.0,0.0,0.0,0.0,0.0,0.0,0.0,0.0,0.0,0.0,0.0,0.0,0.0,0.0,0.0,0.0,0.0,0.0,0.0,0.0,0.0,0.0,0.0,0.0,0.0,0.0,0.0,0.0,0.0,0.0,0.0,0.0,0.0,0.0,0.0,0.0,5.0,1.0,0.0,1.0,2.0,0.0,5.0,9.0,6.0,15.0,26.0,38.0,30.0,11.0,0.0,0.0,0.0,0.0,0.0,0.0,0.0,0.0,0.0,0.0,0.0,0.0,0.0,0.0,0.0,0.0,0.0,0.0,0.0,0.0,7.0,1.0,0.0,1.0,2.0,0.0,8.0,13.0,6.0,18.0,40.0,60.0,38.0,15.0
456,1.0,456.0,London_11,3years_LHD,1Lon_11,151,453,1092.0,70.0,2.0,134088.0,3.746562813408673,749.0,53.0,0.0,53.0,86.0,0.0,86.0,259.0,168.0,132.0,19.0,73.0,13.0,44.0,0.0,4.0,8.0,76.0,162.0,207.0,37.0,0.8255813953488372,0.0,0.0,0.0,0.0,0.0,0.0,0.0,0.0,0.0,0.0,0.0,0.0,0.0,0.0,0.0,0.0,0.0,0.0,0.0,0.0,0.0,0.0,0.0,0.0,0.0,0.0,0.0,0.0,0.0,0.0,0.0,0.0,0.0,0.0,0.0,0.0,0.0,0.0,0.0,0.0,1.0,3.0,1.0,1.0,1.0,0.0,3.0,8.0,5.0,5.0,5.0,8.0,7.0,7.0,0.0,0.0,0.0,0.0,0.0,0.0,0.0,0.0,0.0,0.0,0.0,0.0,0.0,0.0,0.0,0.0,0.0,0.0,0.0,0.0,2.0,3.0,1.0,1.0,1.0,0.0,7.0,11.0,6.0,6.0,7.0,10.0,8.0,9.0
457,1.0,457.0,London_11,3years_LHD,1Lon_11,151,453,1092.0,70.0,2.0,147678.0,0.9019775558263063,779.0,58.0,2.0,56.0,118.0,19.0,99.0,86.0,171.0,128.0,15.0,79.0,13.0,45.0,0.0,2.0,9.0,82.0,173.0,189.0,53.0,1.6101694915254237,0.0,0.0,0.0,0.0,0.0,0.0,0.0,0.0,0.0,0.0,0.0,0.0,0.0,0.0,0.0,0.0,0.0,0.0,0.0,0.0,0.0,0.0,0.0,0.0,0.0,0.0,0.0,0.0,0.0,0.0,0.0,0.0,0.0,0.0,0.0,1.0,0.0,0.0,0.0,0.0,2.0,1.0,2.0,0.0,3.0,0.0,7.0,4.0,4.0,6.0,6.0,12.0,13.0,5.0,0.0,0.0,0.0,0.0,0.0,0.0,0.0,0.0,0.0,0.0,0.0,0.0,0.0,0.0,0.0,5.0,0.0,0.0,0.0,0.0,3.0,2.0,2.0,0.0,3.0,0.0,10.0,4.0,4.0,11.0,7.0,19.0,15.0,8.0
458,1.0,458.0,London_11,3years_LHD,1Lon_11,151,453,1092.0,70.0,2.0,164439.0,4.831722644157708,816.0,151.0,3.0,148.0,260.0,25.0,235.0,118.0,176.0,124.0,21.0,80.0,9.0,42.0,0.0,1.0,7.0,82.0,176.0,188.0,45.0,1.773076923076923,0.0,0.0,0.0,0.0,0.0,0.0,0.0,0.0,0.0,0.0,0.0,0.0,0.0,0.0,0.0,0.0,0.0,0.0,0.0,0.0,0.0,0.0,0.0,0.0,0.0,0.0,0.0,0.0,0.0,1.0,0.0,0.0,1.0,0.0,2.0,2.0,0.0,0.0,0.0,0.0,0.0,3.0,0.0,0.0,0.0,0.0,9.0,5.0,6.0,6.0,29.0,33.0,25.0,13.0,0.0,0.0,0.0,0.0,0.0,0.0,0.0,0.0,0.0,7.0,0.0,0.0,5.0,0.0,14.0,8.0,0.0,0.0,0.0,0.0,0.0,4.0,0.0,0.0,0.0,0.0,12.0,6.0,8.0,6.0,43.0,49.0,29.0,15.0
459,1.0,459.0,London_11,3years_LHD,1Lon_11,151,453,1092.0,70.0,2.0,135900.0,1.0441210540011525,753.0,7.0,0.0,7.0,14.0,0.0,14.0,260.0,191.0,107.0,24.0,74.0,10.0,41.0,1.0,5.0,6.0,67.0,160.0,220.0,28.0,0.5,0.0,0.0,0.0,0.0,0.0,0.0,0.0,0.0,0.0,0.0,0.0,0.0,0.0,0.0,0.0,0.0,0.0,0.0,0.0,0.0,0.0,0.0,0.0,0.0,0.0,0.0,0.0,0.0,0.0,0.0,0.0,0.0,0.0,0.0,0.0,0.0,0.0,0.0,0.0,0.0,1.0,1.0,1.0,0.0,0.0,0.0,1.0,1.0,0.0,0.0,2.0,1.0,4.0,1.0,0.0,0.0,0.0,0.0,0.0,0.0,0.0,0.0,0.0,0.0,0.0,0.0,0.0,0.0,0.0,0.0,0.0,0.0,0.0,0.0,1.0,1.0,1.0,0.0,0.0,0.0,2.0,1.0,0.0,0.0,3.0,1.0,7.0,2.0
460,1.0,460.0,London_11,3years_LHD,1Lon_11,151,453,1092.0,70.0,2.0,172140.0,4.315339277498424,833.0,65.0,0.0,65.0,116.0,0.0,116.0,14.0,193.0,104.0,25.0,72.0,10.0,43.0,1.0,5.0,6.0,67.0,162.0,218.0,28.0,1.9827586206896552,0.0,0.0,0.0,0.0,0.0,0.0,0.0,0.0,0.0,0.0,0.0,0.0,0.0,0.0,0.0,0.0,0.0,0.0,0.0,0.0,0.0,0.0,0.0,0.0,0.0,0.0,0.0,0.0,0.0,0.0,0.0,0.0,0.0,0.0,0.0,0.0,0.0,0.0,0.0,0.0,1.0,3.0,6.0,1.0,0.0,1.0,5.0,8.0,3.0,5.0,16.0,19.0,14.0,4.0,0.0,0.0,0.0,0.0,0.0,0.0,0.0,0.0,0.0,0.0,0.0,0.0,0.0,0.0,0.0,0.0,0.0,0.0,0.0,0.0,1.0,4.0,8.0,1.0,0.0,2.0,5.0,12.0,4.0,7.0,25.0,23.0,17.0,4.0
461,1.0,461.0,London_11,3years_LHD,1Lon_11,151,453,1092.0,70.0,2.0,186636.0,4.064145092852414,865.0,109.0,2.0,107.0,208.0,17.0,191.0,116.0,199.0,108.0,22.0,57.0,12.0,50.0,2.0,3.0,7.0,70.0,172.0,204.0,33.0,1.9951923076923077,0.0,0.0,0.0,0.0,0.0,0.0,0.0,0.0,0.0,0.0,0.0,0.0,0.0,0.0,0.0,0.0,0.0,0.0,0.0,0.0,0.0,0.0,0.0,0.0,0.0,0.0,0.0,0.0,0.0,1.0,0.0,0.0,1.0,0.0,0.0,1.0,0.0,0.0,0.0,0.0,2.0,8.0,9.0,1.0,1.0,2.0,14.0,8.0,11.0,6.0,23.0,29.0,19.0,5.0,0.0,0.0,0.0,0.0,0.0,0.0,0.0,0.0,0.0,7.0,0.0,0.0,5.0,0.0,0.0,1.0,0.0,0.0,0.0,0.0,2.0,11.0,12.0,2.0,1.0,4.0,18.0,10.0,18.0,9.0,41.0,44.0,23.0,9.0
462,1.0,462.0,London_11,3years_LHD,1Lon_11,151,453,1092.0,70.0,2.0,176217.0,4.517049189656973,842.0,78.0,0.0,78.0,129.0,0.0,129.0,208.0,210.0,96.0,20.0,71.0,14.0,36.0,1.0,5.0,2.0,69.0,183.0,199.0,29.0,1.302325581395349,0.0,0.0,0.0,0.0,0.0,0.0,0.0,0.0,0.0,0.0,0.0,0.0,0.0,0.0,0.0,0.0,0.0,0.0,0.0,0.0,0.0,0.0,0.0,0.0,0.0,0.0,0.0,0.0,0.0,0.0,0.0,0.0,0.0,0.0,0.0,0.0,0.0,0.0,0.0,0.0,5.0,4.0,3.0,1.0,1.0,2.0,5.0,4.0,3.0,10.0,15.0,23.0,16.0,9.0,0.0,0.0,0.0,0.0,0.0,0.0,0.0,0.0,0.0,0.0,0.0,0.0,0.0,0.0,0.0,0.0,0.0,0.0,0.0,0.0,6.0,5.0,3.0,1.0,1.0,3.0,5.0,5.0,3.0,17.0,27.0,38.0,22.0,14.0
463,1.0,463.0,London_11,3years_LHD,1Lon_11,151,453,1092.0,70.0,2.0,173952.0,2.519442468881607,837.0,69.0,2.0,67.0,125.0,15.0,110.0,129.0,221.0,100.0,18.0,54.0,17.0,38.0,1.0,4.0,3.0,72.0,178.0,200.0,35.0,1.904,0.0,0.0,0.0,0.0,0.0,0.0,0.0,0.0,0.0,0.0,0.0,0.0,0.0,0.0,0.0,0.0,0.0,0.0,0.0,0.0,0.0,0.0,0.0,0.0,0.0,0.0,0.0,0.0,0.0,0.0,0.0,0.0,0.0,0.0,0.0,2.0,0.0,0.0,0.0,0.0,2.0,6.0,3.0,2.0,1.0,1.0,4.0,5.0,6.0,8.0,13.0,18.0,10.0,12.0,0.0,0.0,0.0,0.0,0.0,0.0,0.0,0.0,0.0,0.0,0.0,0.0,0.0,0.0,0.0,9.0,0.0,0.0,0.0,0.0,2.0,6.0,3.0,2.0,1.0,2.0,4.0,9.0,10.0,10.0,18.0,26.0,16.0,17.0
464,1.0,464.0,London_11,3years_LHD,1Lon_11,151,453,1092.0,70.0,2.0,175764.0,6.316961204633117,841.0,154.0,0.0,154.0,258.0,0.0,258.0,125.0,225.0,102.0,18.0,58.0,17.0,31.0,0.0,2.0,3.0,69.0,171.0,210.0,27.0,2.0968992248062017,0.0,0.0,0.0,0.0,0.0,0.0,0.0,0.0,0.0,0.0,0.0,0.0,0.0,0.0,0.0,0.0,0.0,0.0,0.0,0.0,0.0,0.0,0.0,0.0,0.0,0.0,0.0,0.0,0.0,0.0,0.0,0.0,0.0,0.0,0.0,0.0,0.0,0.0,0.0,0.0,9.0,4.0,0.0,2.0,5.0,0.0,3.0,11.0,10.0,9.0,32.0,25.0,33.0,9.0,0.0,0.0,0.0,0.0,0.0,0.0,0.0,0.0,0.0,0.0,0.0,0.0,0.0,0.0,0.0,0.0,0.0,0.0,0.0,0.0,11.0,8.0,0.0,2.0,5.0,0.0,4.0,14.0,15.0,11.0,52.0,32.0,43.0,13.0
465,1.0,465.0,London_11,3years_LHD,1Lon_11,151,453,1092.0,70.0,2.0,131823.0,5.387460097670555,744.0,141.0,1.0,140.0,257.0,9.0,248.0,258.0,223.0,93.0,20.0,73.0,13.0,28.0,0.0,3.0,6.0,70.0,166.0,211.0,29.0,1.735408560311284,0.0,0.0,0.0,0.0,0.0,0.0,0.0,0.0,0.0,0.0,0.0,0.0,0.0,0.0,0.0,0.0,0.0,0.0,0.0,0.0,0.0,0.0,0.0,0.0,0.0,0.0,0.0,0.0,0.0,1.0,0.0,0.0,0.0,0.0,0.0,1.0,0.0,0.0,0.0,0.0,0.0,3.0,0.0,2.0,8.0,1.0,12.0,16.0,7.0,10.0,27.0,24.0,27.0,8.0,0.0,0.0,0.0,0.0,0.0,0.0,0.0,0.0,0.0,5.0,0.0,0.0,0.0,0.0,0.0,3.0,0.0,0.0,0.0,0.0,0.0,3.0,0.0,2.0,8.0,1.0,14.0,26.0,10.0,15.0,43.0,36.0,35.0,11.0
466,1.0,466.0,London_11,3years_LHD,1Lon_11,151,453,1092.0,70.0,2.0,93318.0,1.9030618984252214,659.0,22.0,0.0,22.0,36.0,0.0,36.0,257.0,205.0,95.0,15.0,86.0,16.0,32.0,1.0,3.0,5.0,78.0,159.0,211.0,37.0,1.0555555555555556,0.0,0.0,0.0,0.0,0.0,0.0,0.0,0.0,0.0,0.0,0.0,0.0,0.0,0.0,0.0,0.0,0.0,0.0,0.0,0.0,0.0,0.0,0.0,0.0,0.0,0.0,0.0,0.0,0.0,0.0,0.0,0.0,0.0,0.0,0.0,0.0,0.0,0.0,0.0,0.0,0.0,3.0,0.0,0.0,1.0,0.0,2.0,1.0,2.0,2.0,2.0,5.0,5.0,0.0,0.0,0.0,0.0,0.0,0.0,0.0,0.0,0.0,0.0,0.0,0.0,0.0,0.0,0.0,0.0,0.0,0.0,0.0,0.0,0.0,0.0,3.0,0.0,0.0,1.0,0.0,4.0,1.0,5.0,2.0,2.0,8.0,8.0,0.0
467,1.0,467.0,London_11,3years_LHD,1Lon_11,151,453,1092.0,70.0,2.0,115062.0,8.402885648421943,707.0,121.0,2.0,119.0,225.0,17.0,208.0,36.0,209.0,90.0,15.0,92.0,16.0,28.0,1.0,2.0,6.0,76.0,159.0,212.0,35.0,1.88,0.0,0.0,0.0,0.0,0.0,0.0,0.0,0.0,0.0,0.0,0.0,0.0,0.0,0.0,0.0,0.0,0.0,0.0,0.0,0.0,0.0,0.0,0.0,0.0,0.0,0.0,0.0,0.0,0.0,0.0,0.0,0.0,1.0,0.0,1.0,1.0,0.0,0.0,0.0,0.0,6.0,4.0,4.0,2.0,1.0,0.0,13.0,7.0,3.0,16.0,15.0,34.0,24.0,7.0,0.0,0.0,0.0,0.0,0.0,0.0,0.0,0.0,0.0,0.0,0.0,0.0,6.0,0.0,5.0,2.0,0.0,0.0,0.0,0.0,6.0,9.0,5.0,3.0,1.0,0.0,16.0,8.0,5.0,24.0,24.0,47.0,28.0,10.0
468,1.0,468.0,London_11,3years_LHD,1Lon_11,151,453,1092.0,70.0,2.0,87882.0,1.2081447821110487,647.0,7.0,2.0,5.0,27.0,17.0,10.0,225.0,214.0,83.0,21.0,100.0,10.0,20.0,0.0,5.0,8.0,84.0,155.0,206.0,49.0,1.6296296296296295,0.0,0.0,0.0,0.0,0.0,0.0,0.0,0.0,0.0,0.0,0.0,0.0,0.0,0.0,0.0,0.0,0.0,0.0,0.0,0.0,0.0,0.0,0.0,0.0,0.0,0.0,0.0,0.0,0.0,0.0,0.0,0.0,2.0,0.0,0.0,2.0,0.0,0.0,0.0,0.0,0.0,2.0,0.0,0.0,0.0,0.0,1.0,0.0,0.0,0.0,2.0,2.0,1.0,0.0,0.0,0.0,0.0,0.0,0.0,0.0,0.0,0.0,0.0,0.0,0.0,0.0,12.0,0.0,0.0,12.0,0.0,0.0,0.0,0.0,0.0,3.0,0.0,0.0,0.0,0.0,2.0,0.0,0.0,0.0,2.0,2.0,1.0,0.0
469,1.0,469.0,London_11,3years_LHD,1Lon_11,151,453,1092.0,70.0,2.0,119592.0,4.1616930570453405,717.0,18.0,0.0,18.0,31.0,0.0,31.0,27.0,214.0,81.0,20.0,104.0,8.0,21.0,0.0,5.0,7.0,82.0,146.0,218.0,42.0,1.903225806451613,0.0,0.0,0.0,0.0,0.0,0.0,0.0,0.0,0.0,0.0,0.0,0.0,0.0,0.0,0.0,0.0,0.0,0.0,0.0,0.0,0.0,0.0,0.0,0.0,0.0,0.0,0.0,0.0,0.0,0.0,0.0,0.0,0.0,0.0,0.0,0.0,0.0,0.0,0.0,0.0,0.0,2.0,0.0,0.0,0.0,0.0,0.0,1.0,1.0,2.0,4.0,5.0,1.0,5.0,0.0,0.0,0.0,0.0,0.0,0.0,0.0,0.0,0.0,0.0,0.0,0.0,0.0,0.0,0.0,0.0,0.0,0.0,0.0,0.0,0.0,2.0,0.0,0.0,0.0,0.0,0.0,1.0,1.0,2.0,7.0,8.0,1.0,9.0
470,1.0,470.0,London_11,3years_LHD,1Lon_11,151,453,1092.0,70.0,2.0,157644.0,2.744455815292895,801.0,64.0,0.0,64.0,110.0,0.0,110.0,31.0,216.0,80.0,19.0,100.0,8.0,24.0,0.0,6.0,6.0,83.0,147.0,217.0,40.0,2.827272727272727,0.0,0.0,0.0,0.0,0.0,0.0,0.0,0.0,0.0,0.0,0.0,0.0,0.0,0.0,0.0,0.0,0.0,0.0,0.0,0.0,0.0,0.0,0.0,0.0,0.0,0.0,0.0,0.0,0.0,0.0,0.0,0.0,0.0,0.0,0.0,0.0,0.0,0.0,0.0,0.0,2.0,7.0,2.0,0.0,1.0,0.0,4.0,2.0,5.0,10.0,11.0,15.0,12.0,10.0,0.0,0.0,0.0,0.0,0.0,0.0,0.0,0.0,0.0,0.0,0.0,0.0,0.0,0.0,0.0,0.0,0.0,0.0,0.0,0.0,2.0,9.0,2.0,0.0,1.0,0.0,7.0,4.0,9.0,14.0,15.0,22.0,17.0,15.0
471,1.0,471.0,London_11,3years_LHD,1Lon_11,151,453,1092.0,70.0,2.0,171687.0,3.52395249158144,832.0,56.0,2.0,54.0,110.0,19.0,91.0,110.0,226.0,81.0,16.0,89.0,8.0,28.0,0.0,5.0,6.0,86.0,149.0,212.0,48.0,3.2363636363636363,0.0,0.0,0.0,0.0,0.0,0.0,0.0,0.0,0.0,0.0,0.0,0.0,0.0,0.0,0.0,0.0,0.0,0.0,0.0,0.0,0.0,0.0,0.0,0.0,0.0,0.0,0.0,0.0,0.0,2.0,0.0,0.0,0.0,0.0,1.0,0.0,0.0,0.0,0.0,0.0,2.0,6.0,2.0,1.0,1.0,0.0,1.0,3.0,3.0,2.0,6.0,14.0,15.0,7.0,0.0,0.0,0.0,0.0,0.0,0.0,0.0,0.0,0.0,16.0,0.0,0.0,0.0,0.0,8.0,0.0,0.0,0.0,0.0,0.0,2.0,10.0,3.0,1.0,1.0,0.0,1.0,5.0,5.0,2.0,10.0,23.0,21.0,9.0
472,1.0,472.0,London_11,3years_LHD,1Lon_11,151,453,1092.0,70.0,2.0,189354.0,1.4178378991782665,871.0,68.0,2.0,66.0,136.0,18.0,118.0,110.0,227.0,95.0,24.0,63.0,5.0,31.0,1.0,7.0,6.0,77.0,180.0,190.0,42.0,3.2426470588235294,0.0,0.0,0.0,0.0,0.0,0.0,0.0,0.0,0.0,0.0,0.0,0.0,0.0,0.0,0.0,0.0,0.0,0.0,0.0,0.0,0.0,0.0,0.0,0.0,0.0,0.0,0.0,0.0,0.0,0.0,1.0,0.0,0.0,0.0,0.0,1.0,0.0,0.0,0.0,0.0,2.0,6.0,0.0,0.0,7.0,0.0,7.0,2.0,5.0,9.0,13.0,16.0,20.0,6.0,0.0,0.0,0.0,0.0,0.0,0.0,0.0,0.0,0.0,0.0,6.0,0.0,0.0,0.0,0.0,5.0,0.0,0.0,0.0,0.0,2.0,7.0,0.0,0.0,7.0,0.0,7.0,5.0,5.0,12.0,20.0,26.0,23.0,8.0
473,1.0,473.0,London_11,3years_LHD,1Lon_11,151,453,1092.0,70.0,2.0,209739.0,4.919606011360884,916.0,177.0,0.0,177.0,300.0,0.0,300.0,136.0,232.0,111.0,18.0,51.0,7.0,27.0,2.0,5.0,7.0,71.0,165.0,210.0,43.0,3.22,0.0,0.0,0.0,0.0,0.0,0.0,0.0,0.0,0.0,0.0,0.0,0.0,0.0,0.0,0.0,0.0,0.0,0.0,0.0,0.0,0.0,0.0,0.0,0.0,0.0,0.0,0.0,0.0,0.0,0.0,0.0,0.0,0.0,0.0,0.0,0.0,0.0,0.0,0.0,0.0,0.0,24.0,5.0,2.0,12.0,0.0,8.0,8.0,9.0,10.0,34.0,42.0,23.0,7.0,0.0,0.0,0.0,0.0,0.0,0.0,0.0,0.0,0.0,0.0,0.0,0.0,0.0,0.0,0.0,0.0,0.0,0.0,0.0,0.0,0.0,34.0,6.0,3.0,12.0,0.0,9.0,9.0,10.0,10.0,47.0,61.0,27.0,7.0
474,1.0,474.0,London_11,3years_LHD,1Lon_11,151,453,1092.0,70.0,2.0,172593.0,1.3310348140075803,834.0,67.0,1.0,66.0,125.0,9.0,116.0,300.0,190.0,108.0,22.0,86.0,11.0,28.0,2.0,6.0,9.0,87.0,156.0,201.0,28.0,0.704,0.0,0.0,0.0,0.0,0.0,0.0,0.0,0.0,0.0,0.0,0.0,0.0,0.0,0.0,0.0,0.0,0.0,0.0,0.0,0.0,0.0,0.0,0.0,0.0,0.0,0.0,0.0,0.0,0.0,1.0,0.0,0.0,0.0,0.0,0.0,0.0,0.0,0.0,0.0,0.0,1.0,4.0,2.0,1.0,6.0,0.0,3.0,8.0,8.0,7.0,17.0,20.0,15.0,9.0,0.0,0.0,0.0,0.0,0.0,0.0,0.0,0.0,0.0,4.0,0.0,0.0,0.0,0.0,0.0,0.0,0.0,0.0,0.0,0.0,2.0,5.0,2.0,1.0,8.0,0.0,5.0,12.0,12.0,12.0,27.0,27.0,21.0,15.0
475,1.0,475.0,London_11,3years_LHD,1Lon_11,151,453,1092.0,70.0,2.0,186636.0,5.904119769111276,865.0,129.0,2.0,127.0,250.0,17.0,233.0,125.0,197.0,111.0,23.0,75.0,10.0,26.0,3.0,8.0,9.0,89.0,156.0,199.0,36.0,1.192,0.0,0.0,0.0,0.0,0.0,0.0,0.0,0.0,0.0,0.0,0.0,0.0,0.0,0.0,0.0,0.0,0.0,0.0,0.0,0.0,0.0,0.0,0.0,0.0,0.0,0.0,0.0,0.0,0.0,0.0,0.0,0.0,2.0,0.0,0.0,1.0,0.0,0.0,0.0,0.0,6.0,3.0,0.0,3.0,1.0,0.0,17.0,9.0,4.0,12.0,22.0,34.0,23.0,18.0,0.0,0.0,0.0,0.0,0.0,0.0,0.0,0.0,0.0,0.0,0.0,0.0,11.0,0.0,0.0,2.0,0.0,0.0,0.0,0.0,7.0,3.0,0.0,3.0,1.0,0.0,19.0,16.0,4.0,17.0,36.0,50.0,30.0,27.0
476,1.0,476.0,London_11,3years_LHD,1Lon_11,151,453,1092.0,70.0,2.0,169875.0,1.205662746913731,828.0,75.0,0.0,75.0,130.0,0.0,130.0,250.0,210.0,89.0,19.0,81.0,14.0,28.0,4.0,8.0,11.0,76.0,153.0,213.0,32.0,1.1076923076923078,0.0,0.0,0.0,0.0,0.0,0.0,0.0,0.0,0.0,0.0,0.0,0.0,0.0,0.0,0.0,0.0,0.0,0.0,0.0,0.0,0.0,0.0,0.0,0.0,0.0,0.0,0.0,0.0,0.0,0.0,0.0,0.0,0.0,0.0,0.0,0.0,0.0,0.0,0.0,0.0,5.0,2.0,0.0,1.0,4.0,1.0,3.0,7.0,5.0,5.0,18.0,15.0,14.0,5.0,0.0,0.0,0.0,0.0,0.0,0.0,0.0,0.0,0.0,0.0,0.0,0.0,0.0,0.0,0.0,0.0,0.0,0.0,0.0,0.0,6.0,5.0,0.0,1.0,4.0,1.0,4.0,8.0,6.0,6.0,33.0,19.0,14.0,10.0
477,1.0,477.0,London_11,3years_LHD,1Lon_11,151,453,1092.0,70.0,2.0,171234.0,3.890860536135733,831.0,62.0,2.0,60.0,128.0,17.0,111.0,130.0,220.0,82.0,27.0,50.0,22.0,37.0,4.0,11.0,12.0,85.0,149.0,207.0,28.0,1.421875,0.0,0.0,0.0,0.0,0.0,0.0,0.0,0.0,0.0,0.0,0.0,0.0,0.0,0.0,0.0,0.0,0.0,0.0,0.0,0.0,0.0,0.0,0.0,0.0,0.0,0.0,0.0,0.0,0.0,2.0,0.0,0.0,1.0,1.0,1.0,1.0,0.0,0.0,0.0,0.0,5.0,3.0,1.0,1.0,8.0,0.0,8.0,9.0,4.0,6.0,11.0,14.0,15.0,12.0,0.0,0.0,0.0,0.0,0.0,0.0,0.0,0.0,0.0,5.0,0.0,0.0,5.0,6.0,8.0,1.0,0.0,0.0,0.0,0.0,6.0,3.0,3.0,2.0,8.0,0.0,12.0,17.0,5.0,9.0,16.0,20.0,25.0,20.0
478,1.0,478.0,London_11,3years_LHD,1Lon_11,151,453,1092.0,70.0,2.0,173952.0,5.276756441220641,837.0,145.0,0.0,145.0,257.0,0.0,257.0,128.0,226.0,96.0,25.0,42.0,26.0,27.0,3.0,8.0,7.0,93.0,158.0,195.0,23.0,2.922178988326848,0.0,0.0,0.0,0.0,0.0,0.0,0.0,0.0,0.0,0.0,0.0,0.0,0.0,0.0,0.0,0.0,0.0,0.0,0.0,0.0,0.0,0.0,0.0,0.0,0.0,0.0,0.0,0.0,0.0,0.0,0.0,0.0,0.0,0.0,0.0,0.0,0.0,0.0,0.0,0.0,3.0,2.0,0.0,1.0,4.0,0.0,8.0,4.0,9.0,9.0,29.0,33.0,26.0,12.0,0.0,0.0,0.0,0.0,0.0,0.0,0.0,0.0,0.0,0.0,0.0,0.0,0.0,0.0,0.0,0.0,0.0,0.0,0.0,0.0,4.0,2.0,0.0,2.0,4.0,0.0,11.0,5.0,10.0,12.0,46.0,48.0,35.0,18.0
479,1.0,479.0,London_11,3years_LHD,1Lon_11,151,453,1092.0,70.0,2.0,137712.0,2.4132646955549717,757.0,146.0,1.0,145.0,257.0,10.0,247.0,257.0,195.0,104.0,20.0,63.0,27.0,30.0,8.0,6.0,9.0,86.0,146.0,212.0,37.0,1.2023346303501945,0.0,0.0,0.0,0.0,0.0,0.0,0.0,0.0,0.0,0.0,0.0,0.0,0.0,0.0,0.0,0.0,0.0,0.0,0.0,0.0,0.0,0.0,0.0,0.0,0.0,0.0,0.0,0.0,0.0,0.0,0.0,0.0,0.0,0.0,1.0,0.0,1.0,0.0,0.0,0.0,5.0,13.0,0.0,2.0,8.0,0.0,8.0,9.0,3.0,16.0,30.0,32.0,29.0,9.0,0.0,0.0,0.0,0.0,0.0,0.0,0.0,0.0,0.0,0.0,0.0,0.0,0.0,0.0,7.0,0.0,10.0,0.0,0.0,0.0,6.0,16.0,0.0,2.0,8.0,0.0,10.0,14.0,3.0,25.0,42.0,47.0,39.0,12.0
480,1.0,480.0,London_11,3years_LHD,1Lon_11,151,453,1092.0,70.0,2.0,93771.0,2.325973910279572,660.0,21.0,0.0,21.0,37.0,0.0,37.0,257.0,178.0,86.0,25.0,85.0,29.0,34.0,8.0,8.0,6.0,73.0,153.0,221.0,36.0,0.8648648648648649,0.0,0.0,0.0,0.0,0.0,0.0,0.0,0.0,0.0,0.0,0.0,0.0,0.0,0.0,0.0,0.0,0.0,0.0,0.0,0.0,0.0,0.0,0.0,0.0,0.0,0.0,0.0,0.0,0.0,0.0,0.0,0.0,0.0,0.0,0.0,0.0,0.0,0.0,0.0,0.0,1.0,2.0,0.0,0.0,1.0,0.0,3.0,0.0,4.0,4.0,5.0,4.0,5.0,4.0,0.0,0.0,0.0,0.0,0.0,0.0,0.0,0.0,0.0,0.0,0.0,0.0,0.0,0.0,0.0,0.0,0.0,0.0,0.0,0.0,1.0,3.0,0.0,0.0,1.0,0.0,3.0,0.0,6.0,6.0,9.0,6.0,6.0,5.0
481,1.0,481.0,London_11,3years_LHD,1Lon_11,151,453,1092.0,70.0,2.0,117780.0,1.0526957036927342,713.0,124.0,2.0,122.0,227.0,20.0,207.0,37.0,183.0,87.0,26.0,83.0,26.0,33.0,8.0,7.0,7.0,79.0,147.0,220.0,39.0,1.47136563876652,0.0,0.0,0.0,0.0,0.0,0.0,0.0,0.0,0.0,0.0,0.0,0.0,0.0,0.0,0.0,0.0,0.0,0.0,0.0,0.0,0.0,0.0,0.0,0.0,0.0,0.0,0.0,0.0,0.0,1.0,0.0,0.0,1.0,0.0,0.0,0.0,1.0,0.0,0.0,0.0,1.0,5.0,5.0,2.0,4.0,0.0,16.0,10.0,4.0,17.0,27.0,23.0,20.0,13.0,0.0,0.0,0.0,0.0,0.0,0.0,0.0,0.0,0.0,9.0,0.0,0.0,8.0,0.0,0.0,0.0,10.0,0.0,0.0,0.0,1.0,6.0,5.0,3.0,4.0,0.0,23.0,15.0,4.0,21.0,41.0,31.0,23.0,21.0
482,1.0,482.0,London_11,3years_LHD,1Lon_11,151,453,1092.0,70.0,2.0,91053.0,0.8689604606479406,654.0,9.0,2.0,7.0,26.0,16.0,10.0,227.0,196.0,83.0,40.0,86.0,21.0,22.0,1.0,4.0,8.0,81.0,162.0,202.0,31.0,1.2692307692307692,0.0,0.0,0.0,0.0,0.0,0.0,0.0,0.0,0.0,0.0,0.0,0.0,0.0,0.0,0.0,0.0,0.0,0.0,0.0,0.0,0.0,0.0,0.0,0.0,0.0,0.0,0.0,0.0,0.0,0.0,0.0,0.0,1.0,0.0,0.0,2.0,0.0,0.0,0.0,0.0,0.0,2.0,0.0,0.0,0.0,0.0,0.0,1.0,0.0,1.0,1.0,1.0,1.0,0.0,0.0,0.0,0.0,0.0,0.0,0.0,0.0,0.0,0.0,0.0,0.0,0.0,7.0,0.0,0.0,6.0,0.0,0.0,0.0,0.0,0.0,3.0,0.0,0.0,0.0,0.0,0.0,1.0,0.0,1.0,1.0,1.0,1.0,0.0
483,1.0,483.0,London_11,3years_LHD,1Lon_11,151,453,1092.0,70.0,2.0,131823.0,4.237964349798858,744.0,20.0,0.0,20.0,34.0,0.0,34.0,26.0,201.0,86.0,41.0,82.0,17.0,20.0,1.0,5.0,6.0,87.0,152.0,208.0,24.0,1.8823529411764706,0.0,0.0,0.0,0.0,0.0,0.0,0.0,0.0,0.0,0.0,0.0,0.0,0.0,0.0,0.0,0.0,0.0,0.0,0.0,0.0,0.0,0.0,0.0,0.0,0.0,0.0,0.0,0.0,0.0,0.0,0.0,0.0,0.0,0.0,0.0,0.0,0.0,0.0,0.0,0.0,1.0,1.0,1.0,0.0,1.0,0.0,2.0,3.0,3.0,2.0,7.0,4.0,5.0,0.0,0.0,0.0,0.0,0.0,0.0,0.0,0.0,0.0,0.0,0.0,0.0,0.0,0.0,0.0,0.0,0.0,0.0,0.0,0.0,0.0,2.0,2.0,1.0,0.0,1.0,0.0,3.0,4.0,3.0,5.0,11.0,7.0,7.0,0.0
484,1.0,484.0,London_11,3years_LHD,1Lon_11,151,453,1092.0,70.0,2.0,160362.0,3.7146858125925064,807.0,69.0,0.0,69.0,110.0,0.0,110.0,34.0,201.0,95.0,38.0,76.0,18.0,21.0,1.0,3.0,7.0,92.0,148.0,206.0,24.0,3.3,0.0,0.0,0.0,0.0,0.0,0.0,0.0,0.0,0.0,0.0,0.0,0.0,0.0,0.0,0.0,0.0,0.0,0.0,0.0,0.0,0.0,0.0,0.0,0.0,0.0,0.0,0.0,0.0,0.0,0.0,0.0,0.0,0.0,0.0,0.0,0.0,0.0,0.0,0.0,0.0,3.0,4.0,0.0,0.0,2.0,0.0,6.0,1.0,7.0,7.0,16.0,9.0,14.0,7.0,0.0,0.0,0.0,0.0,0.0,0.0,0.0,0.0,0.0,0.0,0.0,0.0,0.0,0.0,0.0,0.0,0.0,0.0,0.0,0.0,3.0,6.0,0.0,0.0,2.0,0.0,6.0,3.0,9.0,8.0,23.0,13.0,16.0,9.0
485,1.0,485.0,London_11,3years_LHD,1Lon_11,151,453,1092.0,70.0,2.0,171234.0,0.9377864571288228,831.0,60.0,2.0,58.0,107.0,17.0,90.0,110.0,197.0,101.0,45.0,62.0,21.0,22.0,1.0,4.0,8.0,81.0,163.0,201.0,35.0,3.3271028037383177,0.0,0.0,0.0,0.0,0.0,0.0,0.0,0.0,0.0,0.0,0.0,0.0,0.0,0.0,0.0,0.0,0.0,0.0,0.0,0.0,0.0,0.0,0.0,0.0,0.0,0.0,0.0,0.0,0.0,1.0,0.0,0.0,0.0,0.0,0.0,1.0,0.0,0.0,0.0,0.0,1.0,2.0,0.0,1.0,2.0,0.0,6.0,10.0,5.0,1.0,10.0,12.0,22.0,3.0,0.0,0.0,0.0,0.0,0.0,0.0,0.0,0.0,0.0,2.0,0.0,0.0,0.0,0.0,0.0,3.0,0.0,0.0,0.0,0.0,1.0,3.0,0.0,1.0,3.0,0.0,8.0,14.0,6.0,1.0,14.0,19.0,24.0,5.0
486,1.0,486.0,London_11,3years_LHD,1Lon_11,151,453,1092.0,70.0,2.0,186636.0,3.5893223332241178,865.0,66.0,2.0,64.0,136.0,18.0,118.0,107.0,197.0,96.0,46.0,65.0,21.0,24.0,0.0,4.0,9.0,76.0,164.0,204.0,39.0,2.1544117647058822,0.0,0.0,0.0,0.0,0.0,0.0,0.0,0.0,0.0,0.0,0.0,0.0,0.0,0.0,0.0,0.0,0.0,0.0,0.0,0.0,0.0,0.0,0.0,0.0,0.0,0.0,0.0,0.0,0.0,1.0,0.0,0.0,2.0,0.0,0.0,1.0,0.0,0.0,0.0,0.0,5.0,5.0,0.0,2.0,6.0,0.0,4.0,7.0,7.0,7.0,8.0,13.0,14.0,5.0,0.0,0.0,0.0,0.0,0.0,0.0,0.0,0.0,0.0,6.0,0.0,0.0,14.0,0.0,0.0,7.0,0.0,0.0,0.0,0.0,6.0,6.0,0.0,2.0,6.0,0.0,4.0,13.0,9.0,11.0,10.0,20.0,21.0,9.0
487,1.0,487.0,London_11,3years_LHD,1Lon_11,151,453,1092.0,70.0,2.0,210645.0,6.2317708898335695,918.0,170.0,0.0,170.0,301.0,0.0,301.0,136.0,203.0,110.0,49.0,47.0,18.0,20.0,1.0,5.0,5.0,80.0,151.0,217.0,36.0,2.9700996677740865,0.0,0.0,0.0,0.0,0.0,0.0,0.0,0.0,0.0,0.0,0.0,0.0,0.0,0.0,0.0,0.0,0.0,0.0,0.0,0.0,0.0,0.0,0.0,0.0,0.0,0.0,0.0,0.0,0.0,0.0,0.0,0.0,0.0,0.0,0.0,0.0,0.0,0.0,0.0,0.0,0.0,2.0,0.0,1.0,3.0,0.0,8.0,10.0,9.0,11.0,28.0,43.0,15.0,15.0,0.0,0.0,0.0,0.0,0.0,0.0,0.0,0.0,0.0,0.0,0.0,0.0,0.0,0.0,0.0,0.0,0.0,0.0,0.0,0.0,0.0,5.0,0.0,1.0,3.0,0.0,10.0,10.0,11.0,14.0,44.0,66.0,24.0,24.0
488,1.0,488.0,London_11,3years_LHD,1Lon_11,151,453,1092.0,70.0,2.0,180294.0,4.513097901828587,851.0,67.0,0.0,67.0,117.0,0.0,117.0,301.0,179.0,97.0,26.0,82.0,20.0,44.0,2.0,3.0,8.0,69.0,164.0,212.0,33.0,0.6837606837606838,0.0,0.0,0.0,0.0,0.0,0.0,0.0,0.0,0.0,0.0,0.0,0.0,0.0,0.0,0.0,0.0,0.0,0.0,0.0,0.0,0.0,0.0,0.0,0.0,0.0,0.0,0.0,0.0,0.0,0.0,0.0,0.0,0.0,0.0,0.0,0.0,0.0,0.0,0.0,0.0,4.0,9.0,1.0,1.0,6.0,0.0,2.0,7.0,7.0,4.0,11.0,20.0,11.0,11.0,0.0,0.0,0.0,0.0,0.0,0.0,0.0,0.0,0.0,0.0,0.0,0.0,0.0,0.0,0.0,0.0,0.0,0.0,0.0,0.0,4.0,17.0,1.0,3.0,7.0,0.0,2.0,14.0,8.0,5.0,18.0,30.0,16.0,15.0
489,1.0,489.0,London_11,3years_LHD,1Lon_11,151,453,1092.0,70.0,2.0,197508.0,7.329327426850796,889.0,140.0,2.0,138.0,252.0,22.0,230.0,117.0,183.0,103.0,31.0,67.0,23.0,45.0,0.0,1.0,11.0,66.0,182.0,194.0,43.0,1.6984126984126984,0.0,0.0,0.0,0.0,0.0,0.0,0.0,0.0,0.0,0.0,0.0,0.0,0.0,0.0,0.0,0.0,0.0,0.0,0.0,0.0,0.0,0.0,0.0,0.0,0.0,0.0,0.0,0.0,0.0,0.0,0.0,0.0,0.0,0.0,0.0,1.0,0.0,0.0,0.0,0.0,0.0,0.0,0.0,0.0,0.0,0.0,4.0,11.0,5.0,10.0,28.0,34.0,16.0,11.0,0.0,0.0,0.0,0.0,0.0,0.0,0.0,0.0,0.0,0.0,0.0,0.0,0.0,0.0,0.0,4.0,0.0,0.0,0.0,0.0,0.0,0.0,0.0,0.0,0.0,0.0,7.0,15.0,5.0,12.0,45.0,49.0,18.0,18.0
490,1.0,490.0,London_11,3years_LHD,1Lon_11,151,453,1092.0,70.0,2.0,167157.0,5.110376029275358,822.0,82.0,0.0,82.0,129.0,0.0,129.0,252.0,185.0,104.0,30.0,60.0,32.0,35.0,1.0,6.0,6.0,80.0,155.0,212.0,44.0,1.1085271317829457,0.0,0.0,0.0,0.0,0.0,0.0,0.0,0.0,0.0,0.0,0.0,0.0,0.0,0.0,0.0,0.0,0.0,0.0,0.0,0.0,0.0,0.0,0.0,0.0,0.0,0.0,0.0,0.0,0.0,0.0,0.0,0.0,0.0,0.0,0.0,0.0,0.0,0.0,0.0,0.0,1.0,8.0,2.0,0.0,2.0,0.0,7.0,12.0,7.0,7.0,14.0,22.0,18.0,7.0,0.0,0.0,0.0,0.0,0.0,0.0,0.0,0.0,0.0,0.0,0.0,0.0,0.0,0.0,0.0,0.0,0.0,0.0,0.0,0.0,2.0,10.0,2.0,0.0,2.0,0.0,8.0,21.0,8.0,8.0,19.0,33.0,20.0,10.0
491,1.0,491.0,London_11,3years_LHD,1Lon_11,151,453,1092.0,70.0,2.0,163986.0,5.621481003239751,815.0,65.0,2.0,63.0,126.0,17.0,109.0,129.0,199.0,91.0,26.0,53.0,36.0,44.0,0.0,4.0,8.0,77.0,155.0,213.0,45.0,1.507936507936508,0.0,0.0,0.0,0.0,0.0,0.0,0.0,0.0,0.0,0.0,0.0,0.0,0.0,0.0,0.0,0.0,0.0,0.0,0.0,0.0,0.0,0.0,0.0,0.0,0.0,0.0,0.0,0.0,0.0,0.0,1.0,0.0,1.0,0.0,0.0,1.0,0.0,0.0,0.0,0.0,0.0,6.0,2.0,3.0,1.0,1.0,6.0,2.0,3.0,7.0,17.0,3.0,14.0,4.0,0.0,0.0,0.0,0.0,0.0,0.0,0.0,0.0,0.0,0.0,7.0,0.0,5.0,0.0,0.0,5.0,0.0,0.0,0.0,0.0,0.0,7.0,2.0,3.0,1.0,1.0,8.0,2.0,5.0,10.0,33.0,4.0,18.0,4.0
492,1.0,492.0,London_11,3years_LHD,1Lon_11,151,453,1092.0,70.0,2.0,173952.0,2.748950428329408,837.0,141.0,0.0,141.0,258.0,0.0,258.0,126.0,208.0,99.0,17.0,49.0,37.0,37.0,1.0,5.0,8.0,74.0,157.0,214.0,42.0,2.8294573643410854,0.0,0.0,0.0,0.0,0.0,0.0,0.0,0.0,0.0,0.0,0.0,0.0,0.0,0.0,0.0,0.0,0.0,0.0,0.0,0.0,0.0,0.0,0.0,0.0,0.0,0.0,0.0,0.0,0.0,0.0,0.0,0.0,0.0,0.0,0.0,0.0,0.0,0.0,0.0,0.0,1.0,7.0,0.0,5.0,0.0,0.0,11.0,3.0,8.0,3.0,30.0,27.0,35.0,7.0,0.0,0.0,0.0,0.0,0.0,0.0,0.0,0.0,0.0,0.0,0.0,0.0,0.0,0.0,0.0,0.0,0.0,0.0,0.0,0.0,1.0,10.0,0.0,7.0,0.0,0.0,16.0,4.0,13.0,3.0,50.0,44.0,48.0,10.0
493,1.0,493.0,London_11,3years_LHD,1Lon_11,151,453,1092.0,70.0,2.0,135447.0,3.5856604389846325,752.0,143.0,0.0,143.0,247.0,0.0,247.0,258.0,176.0,120.0,19.0,67.0,42.0,27.0,1.0,1.0,8.0,59.0,171.0,215.0,37.0,0.8137651821862348,0.0,0.0,0.0,0.0,0.0,0.0,0.0,0.0,0.0,0.0,0.0,0.0,0.0,0.0,0.0,0.0,0.0,0.0,0.0,0.0,0.0,0.0,0.0,0.0,0.0,0.0,0.0,0.0,0.0,0.0,0.0,0.0,0.0,0.0,0.0,0.0,0.0,0.0,0.0,0.0,3.0,4.0,0.0,3.0,5.0,0.0,4.0,15.0,13.0,10.0,28.0,34.0,17.0,11.0,0.0,0.0,0.0,0.0,0.0,0.0,0.0,0.0,0.0,0.0,0.0,0.0,0.0,0.0,0.0,0.0,0.0,0.0,0.0,0.0,3.0,4.0,0.0,4.0,5.0,0.0,5.0,22.0,16.0,12.0,41.0,47.0,25.0,15.0
494,1.0,494.0,London_11,3years_LHD,1Lon_11,151,453,1092.0,70.0,2.0,98754.0,3.901138381101191,671.0,18.0,0.0,18.0,36.0,0.0,36.0,247.0,194.0,102.0,16.0,80.0,29.0,27.0,3.0,2.0,8.0,64.0,172.0,209.0,32.0,0.6388888888888888,0.0,0.0,0.0,0.0,0.0,0.0,0.0,0.0,0.0,0.0,0.0,0.0,0.0,0.0,0.0,0.0,0.0,0.0,0.0,0.0,0.0,0.0,0.0,0.0,0.0,0.0,0.0,0.0,0.0,0.0,0.0,0.0,0.0,0.0,0.0,0.0,0.0,0.0,0.0,0.0,2.0,1.0,0.0,3.0,0.0,1.0,3.0,3.0,4.0,1.0,3.0,7.0,2.0,3.0,0.0,0.0,0.0,0.0,0.0,0.0,0.0,0.0,0.0,0.0,0.0,0.0,0.0,0.0,0.0,0.0,0.0,0.0,0.0,0.0,2.0,1.0,0.0,5.0,0.0,2.0,4.0,4.0,7.0,1.0,6.0,11.0,4.0,7.0
495,1.0,495.0,London_11,3years_LHD,1Lon_11,151,453,1092.0,70.0,2.0,115968.0,2.971895867958665,709.0,129.0,2.0,127.0,228.0,20.0,208.0,36.0,195.0,103.0,20.0,74.0,28.0,28.0,3.0,2.0,8.0,61.0,180.0,204.0,37.0,1.780701754385965,0.0,0.0,0.0,0.0,0.0,0.0,0.0,0.0,0.0,0.0,0.0,0.0,0.0,0.0,0.0,0.0,0.0,0.0,0.0,0.0,0.0,0.0,0.0,0.0,0.0,0.0,0.0,0.0,0.0,0.0,0.0,0.0,1.0,0.0,0.0,2.0,0.0,0.0,0.0,0.0,12.0,8.0,0.0,3.0,3.0,0.0,10.0,9.0,3.0,16.0,29.0,25.0,18.0,13.0,0.0,0.0,0.0,0.0,0.0,0.0,0.0,0.0,0.0,0.0,0.0,0.0,7.0,0.0,0.0,11.0,0.0,0.0,0.0,0.0,13.0,11.0,0.0,3.0,3.0,0.0,11.0,13.0,5.0,21.0,41.0,35.0,24.0,21.0
496,1.0,496.0,London_11,3years_LHD,1Lon_11,151,453,1092.0,70.0,2.0,86070.0,1.977215918712318,643.0,9.0,2.0,7.0,30.0,18.0,12.0,228.0,207.0,109.0,15.0,69.0,19.0,25.0,0.0,9.0,8.0,66.0,161.0,218.0,41.0,1.4666666666666666,0.0,0.0,0.0,0.0,0.0,0.0,0.0,0.0,0.0,0.0,0.0,0.0,0.0,0.0,0.0,0.0,0.0,0.0,0.0,0.0,0.0,0.0,0.0,0.0,0.0,0.0,0.0,0.0,0.0,0.0,0.0,0.0,0.0,0.0,0.0,2.0,0.0,0.0,0.0,0.0,0.0,0.0,0.0,0.0,0.0,0.0,0.0,1.0,0.0,0.0,2.0,3.0,1.0,0.0,0.0,0.0,0.0,0.0,0.0,0.0,0.0,0.0,0.0,0.0,0.0,0.0,0.0,0.0,0.0,10.0,0.0,0.0,0.0,0.0,0.0,0.0,0.0,0.0,0.0,0.0,0.0,2.0,0.0,0.0,4.0,4.0,3.0,0.0
497,1.0,497.0,London_11,3years_LHD,1Lon_11,151,453,1092.0,70.0,2.0,114609.0,3.94916270673275,706.0,19.0,0.0,19.0,33.0,0.0,33.0,30.0,211.0,120.0,16.0,67.0,6.0,24.0,0.0,9.0,8.0,66.0,155.0,224.0,44.0,1.9696969696969697,0.0,0.0,0.0,0.0,0.0,0.0,0.0,0.0,0.0,0.0,0.0,0.0,0.0,0.0,0.0,0.0,0.0,0.0,0.0,0.0,0.0,0.0,0.0,0.0,0.0,0.0,0.0,0.0,0.0,0.0,0.0,0.0,0.0,0.0,0.0,0.0,0.0,0.0,0.0,0.0,0.0,0.0,0.0,0.0,2.0,0.0,1.0,5.0,1.0,3.0,4.0,7.0,5.0,2.0,0.0,0.0,0.0,0.0,0.0,0.0,0.0,0.0,0.0,0.0,0.0,0.0,0.0,0.0,0.0,0.0,0.0,0.0,0.0,0.0,0.0,0.0,0.0,0.0,2.0,0.0,1.0,10.0,1.0,6.0,5.0,10.0,7.0,4.0
498,1.0,498.0,London_11,3years_LHD,1Lon_11,151,453,1092.0,70.0,2.0,152661.0,5.519452933222055,790.0,59.0,0.0,59.0,110.0,0.0,110.0,33.0,212.0,124.0,18.0,62.0,7.0,22.0,0.0,8.0,10.0,66.0,154.0,223.0,48.0,2.8727272727272726,0.0,0.0,0.0,0.0,0.0,0.0,0.0,0.0,0.0,0.0,0.0,0.0,0.0,0.0,0.0,0.0,0.0,0.0,0.0,0.0,0.0,0.0,0.0,0.0,0.0,0.0,0.0,0.0,0.0,0.0,0.0,0.0,0.0,0.0,0.0,0.0,0.0,0.0,0.0,0.0,8.0,1.0,1.0,3.0,2.0,0.0,1.0,5.0,1.0,5.0,15.0,10.0,23.0,2.0,0.0,0.0,0.0,0.0,0.0,0.0,0.0,0.0,0.0,0.0,0.0,0.0,0.0,0.0,0.0,0.0,0.0,0.0,0.0,0.0,10.0,1.0,1.0,5.0,2.0,0.0,2.0,7.0,2.0,5.0,25.0,16.0,33.0,3.0
499,1.0,499.0,London_11,3years_LHD,1Lon_11,151,453,1092.0,70.0,2.0,170328.0,3.4271788904443383,829.0,53.0,2.0,51.0,110.0,19.0,91.0,110.0,208.0,142.0,9.0,57.0,1.0,29.0,2.0,5.0,12.0,67.0,167.0,207.0,45.0,2.309090909090909,0.0,0.0,0.0,0.0,0.0,0.0,0.0,0.0,0.0,0.0,0.0,0.0,0.0,0.0,0.0,0.0,0.0,0.0,0.0,0.0,0.0,0.0,0.0,0.0,0.0,0.0,0.0,0.0,0.0,0.0,0.0,0.0,0.0,0.0,0.0,1.0,0.0,0.0,0.0,0.0,2.0,5.0,0.0,0.0,4.0,0.0,3.0,5.0,5.0,3.0,12.0,11.0,8.0,4.0,0.0,0.0,0.0,0.0,0.0,0.0,0.0,0.0,0.0,0.0,0.0,0.0,0.0,0.0,0.0,6.0,0.0,0.0,0.0,0.0,2.0,5.0,0.0,0.0,4.0,0.0,4.0,6.0,9.0,7.0,19.0,15.0,10.0,10.0
500,1.0,500.0,London_11,3years_LHD,1Lon_11,151,453,1092.0,70.0,2.0,184371.0,4.263376347720623,860.0,69.0,3.0,66.0,142.0,25.0,117.0,110.0,220.0,139.0,13.0,49.0,3.0,26.0,0.0,3.0,5.0,82.0,159.0,207.0,30.0,3.3943661971830985,0.0,0.0,0.0,0.0,0.0,0.0,0.0,0.0,0.0,0.0,0.0,0.0,0.0,0.0,0.0,0.0,0.0,0.0,0.0,0.0,0.0,0.0,0.0,0.0,0.0,0.0,0.0,0.0,0.0,0.0,0.0,0.0,1.0,0.0,2.0,2.0,0.0,0.0,0.0,0.0,4.0,1.0,2.0,1.0,9.0,0.0,10.0,4.0,5.0,3.0,13.0,18.0,12.0,4.0,0.0,0.0,0.0,0.0,0.0,0.0,0.0,0.0,0.0,0.0,0.0,0.0,6.0,0.0,15.0,12.0,0.0,0.0,0.0,0.0,4.0,1.0,2.0,2.0,10.0,0.0,16.0,6.0,5.0,4.0,18.0,24.0,15.0,6.0
501,1.0,501.0,London_11,3years_LHD,1Lon_11,151,453,1092.0,70.0,2.0,212457.0,6.504649906419218,922.0,175.0,0.0,175.0,300.0,0.0,300.0,142.0,215.0,146.0,14.0,52.0,3.0,16.0,4.0,3.0,10.0,65.0,140.0,238.0,25.0,3.0533333333333332,0.0,0.0,0.0,0.0,0.0,0.0,0.0,0.0,0.0,0.0,0.0,0.0,0.0,0.0,0.0,0.0,0.0,0.0,0.0,0.0,0.0,0.0,0.0,0.0,0.0,0.0,0.0,0.0,0.0,0.0,0.0,0.0,0.0,0.0,0.0,0.0,0.0,0.0,0.0,0.0,4.0,0.0,0.0,0.0,9.0,0.0,13.0,13.0,3.0,5.0,22.0,44.0,20.0,11.0,0.0,0.0,0.0,0.0,0.0,0.0,0.0,0.0,0.0,0.0,0.0,0.0,0.0,0.0,0.0,0.0,0.0,0.0,0.0,0.0,4.0,0.0,0.0,0.0,10.0,0.0,14.0,15.0,5.0,5.0,32.0,63.0,25.0,14.0
502,1.0,502.0,London_11,3years_LHD,1Lon_11,151,453,1092.0,70.0,2.0,175764.0,3.7217588797211647,841.0,67.0,0.0,67.0,117.0,0.0,117.0,300.0,195.0,99.0,25.0,98.0,6.0,23.0,0.0,7.0,7.0,67.0,152.0,227.0,32.0,0.4700854700854701,0.0,0.0,0.0,0.0,0.0,0.0,0.0,0.0,0.0,0.0,0.0,0.0,0.0,0.0,0.0,0.0,0.0,0.0,0.0,0.0,0.0,0.0,0.0,0.0,0.0,0.0,0.0,0.0,0.0,0.0,0.0,0.0,0.0,0.0,0.0,0.0,0.0,0.0,0.0,0.0,5.0,4.0,3.0,0.0,1.0,0.0,6.0,11.0,11.0,7.0,15.0,10.0,10.0,6.0,0.0,0.0,0.0,0.0,0.0,0.0,0.0,0.0,0.0,0.0,0.0,0.0,0.0,0.0,0.0,0.0,0.0,0.0,0.0,0.0,8.0,7.0,4.0,0.0,1.0,0.0,12.0,17.0,15.0,10.0,19.0,11.0,14.0,12.0
503,1.0,503.0,London_11,3years_LHD,1Lon_11,151,453,1092.0,70.0,2.0,191166.0,4.268140789121389,875.0,137.0,2.0,135.0,249.0,17.0,232.0,117.0,202.0,91.0,26.0,99.0,1.0,25.0,1.0,8.0,9.0,71.0,162.0,211.0,45.0,1.9397590361445782,0.0,0.0,0.0,0.0,0.0,0.0,0.0,0.0,0.0,0.0,0.0,0.0,0.0,0.0,0.0,0.0,0.0,0.0,0.0,0.0,0.0,0.0,0.0,0.0,0.0,0.0,0.0,0.0,0.0,0.0,0.0,0.0,1.0,0.0,0.0,0.0,0.0,0.0,0.0,0.0,6.0,4.0,5.0,4.0,8.0,0.0,16.0,6.0,1.0,15.0,27.0,40.0,29.0,13.0,0.0,0.0,0.0,0.0,0.0,0.0,0.0,0.0,0.0,0.0,0.0,0.0,4.0,0.0,0.0,0.0,0.0,0.0,0.0,0.0,6.0,6.0,7.0,5.0,8.0,0.0,18.0,11.0,1.0,20.0,42.0,60.0,35.0,19.0
504,1.0,504.0,London_11,3years_LHD,1Lon_11,151,453,1092.0,70.0,2.0,166251.0,4.105580103583634,820.0,80.0,0.0,80.0,129.0,0.0,129.0,249.0,197.0,84.0,26.0,104.0,6.0,26.0,2.0,8.0,9.0,71.0,166.0,207.0,51.0,1.1317829457364341,0.0,0.0,0.0,0.0,0.0,0.0,0.0,0.0,0.0,0.0,0.0,0.0,0.0,0.0,0.0,0.0,0.0,0.0,0.0,0.0,0.0,0.0,0.0,0.0,0.0,0.0,0.0,0.0,0.0,0.0,0.0,0.0,0.0,0.0,0.0,0.0,0.0,0.0,0.0,0.0,8.0,13.0,5.0,1.0,1.0,0.0,4.0,13.0,10.0,8.0,18.0,18.0,18.0,1.0,0.0,0.0,0.0,0.0,0.0,0.0,0.0,0.0,0.0,0.0,0.0,0.0,0.0,0.0,0.0,0.0,0.0,0.0,0.0,0.0,10.0,17.0,6.0,2.0,1.0,0.0,4.0,18.0,13.0,10.0,26.0,27.0,22.0,1.0
505,1.0,505.0,London_11,3years_LHD,1Lon_11,151,453,1092.0,70.0,2.0,163986.0,5.286761814728379,815.0,59.0,2.0,57.0,124.0,15.0,109.0,129.0,204.0,94.0,25.0,95.0,6.0,26.0,1.0,2.0,10.0,77.0,180.0,186.0,59.0,1.467741935483871,0.0,0.0,0.0,0.0,0.0,0.0,0.0,0.0,0.0,0.0,0.0,0.0,0.0,0.0,0.0,0.0,0.0,0.0,0.0,0.0,0.0,0.0,0.0,0.0,0.0,0.0,0.0,0.0,0.0,0.0,0.0,0.0,0.0,0.0,0.0,2.0,0.0,0.0,0.0,0.0,0.0,3.0,2.0,0.0,2.0,0.0,7.0,2.0,2.0,10.0,9.0,11.0,11.0,4.0,0.0,0.0,0.0,0.0,0.0,0.0,0.0,0.0,0.0,0.0,0.0,0.0,0.0,0.0,0.0,7.0,0.0,0.0,0.0,0.0,0.0,4.0,2.0,0.0,2.0,0.0,10.0,3.0,2.0,12.0,16.0,20.0,15.0,6.0
506,1.0,506.0,London_11,3years_LHD,1Lon_11,151,453,1092.0,70.0,2.0,174858.0,5.734763360582292,839.0,158.0,0.0,158.0,257.0,0.0,257.0,124.0,214.0,99.0,23.0,79.0,6.0,30.0,1.0,1.0,11.0,81.0,160.0,201.0,48.0,2.1089494163424125,0.0,0.0,0.0,0.0,0.0,0.0,0.0,0.0,0.0,0.0,0.0,0.0,0.0,0.0,0.0,0.0,0.0,0.0,0.0,0.0,0.0,0.0,0.0,0.0,0.0,0.0,0.0,0.0,0.0,0.0,0.0,0.0,0.0,0.0,0.0,0.0,0.0,0.0,0.0,0.0,2.0,13.0,3.0,1.0,4.0,1.0,6.0,4.0,11.0,9.0,29.0,40.0,15.0,21.0,0.0,0.0,0.0,0.0,0.0,0.0,0.0,0.0,0.0,0.0,0.0,0.0,0.0,0.0,0.0,0.0,0.0,0.0,0.0,0.0,2.0,17.0,3.0,2.0,4.0,1.0,8.0,4.0,13.0,10.0,42.0,55.0,19.0,31.0
507,1.0,507.0,London_11,3years_LHD,1Lon_11,151,453,1092.0,70.0,2.0,133182.0,1.9147963551804423,747.0,146.0,1.0,145.0,256.0,9.0,247.0,257.0,211.0,105.0,16.0,72.0,12.0,30.0,1.0,6.0,6.0,79.0,149.0,219.0,37.0,0.703125,0.0,0.0,0.0,0.0,0.0,0.0,0.0,0.0,0.0,0.0,0.0,0.0,0.0,0.0,0.0,0.0,0.0,0.0,0.0,0.0,0.0,0.0,0.0,0.0,0.0,0.0,0.0,0.0,0.0,1.0,0.0,0.0,0.0,0.0,0.0,1.0,0.0,0.0,0.0,0.0,4.0,2.0,2.0,3.0,0.0,0.0,17.0,5.0,7.0,15.0,27.0,31.0,24.0,12.0,0.0,0.0,0.0,0.0,0.0,0.0,0.0,0.0,0.0,3.0,0.0,0.0,0.0,0.0,0.0,4.0,0.0,0.0,0.0,0.0,5.0,2.0,2.0,4.0,0.0,0.0,19.0,5.0,12.0,17.0,44.0,44.0,29.0,19.0
508,1.0,508.0,London_11,3years_LHD,1Lon_11,151,453,1092.0,70.0,2.0,89241.0,0.8818204002454877,650.0,19.0,0.0,19.0,37.0,0.0,37.0,256.0,221.0,88.0,25.0,76.0,10.0,26.0,4.0,3.0,11.0,82.0,150.0,210.0,32.0,1.135135135135135,0.0,0.0,0.0,0.0,0.0,0.0,0.0,0.0,0.0,0.0,0.0,0.0,0.0,0.0,0.0,0.0,0.0,0.0,0.0,0.0,0.0,0.0,0.0,0.0,0.0,0.0,0.0,0.0,0.0,0.0,0.0,0.0,0.0,0.0,0.0,0.0,0.0,0.0,0.0,0.0,0.0,1.0,0.0,0.0,0.0,0.0,1.0,2.0,2.0,2.0,3.0,2.0,6.0,0.0,0.0,0.0,0.0,0.0,0.0,0.0,0.0,0.0,0.0,0.0,0.0,0.0,0.0,0.0,0.0,0.0,0.0,0.0,0.0,0.0,0.0,3.0,0.0,0.0,0.0,0.0,2.0,3.0,4.0,3.0,7.0,3.0,10.0,0.0
509,1.0,509.0,London_11,3years_LHD,1Lon_11,151,453,1092.0,70.0,2.0,117327.0,5.043412102386355,712.0,119.0,2.0,117.0,226.0,17.0,209.0,37.0,221.0,85.0,22.0,75.0,10.0,32.0,3.0,5.0,12.0,86.0,156.0,199.0,36.0,1.6150442477876106,0.0,0.0,0.0,0.0,0.0,0.0,0.0,0.0,0.0,0.0,0.0,0.0,0.0,0.0,0.0,0.0,0.0,0.0,0.0,0.0,0.0,0.0,0.0,0.0,0.0,0.0,0.0,0.0,0.0,0.0,0.0,0.0,1.0,0.0,1.0,1.0,0.0,0.0,0.0,0.0,1.0,9.0,2.0,1.0,1.0,0.0,9.0,8.0,2.0,20.0,26.0,33.0,19.0,6.0,0.0,0.0,0.0,0.0,0.0,0.0,0.0,0.0,0.0,0.0,0.0,0.0,5.0,0.0,7.0,3.0,0.0,0.0,0.0,0.0,1.0,10.0,2.0,2.0,1.0,0.0,10.0,13.0,2.0,27.0,42.0,49.0,27.0,9.0
510,1.0,510.0,London_11,3years_LHD,1Lon_11,151,453,1092.0,70.0,2.0,92412.0,3.0778297195211053,657.0,11.0,2.0,9.0,30.0,17.0,13.0,226.0,229.0,95.0,10.0,73.0,14.0,28.0,2.0,2.0,9.0,83.0,142.0,219.0,38.0,0.4666666666666667,0.0,0.0,0.0,0.0,0.0,0.0,0.0,0.0,0.0,0.0,0.0,0.0,0.0,0.0,0.0,0.0,0.0,0.0,0.0,0.0,0.0,0.0,0.0,0.0,0.0,0.0,0.0,0.0,0.0,0.0,0.0,0.0,2.0,0.0,0.0,2.0,0.0,0.0,0.0,0.0,0.0,0.0,0.0,0.0,0.0,0.0,1.0,1.0,1.0,0.0,1.0,3.0,1.0,3.0,0.0,0.0,0.0,0.0,0.0,0.0,0.0,0.0,0.0,0.0,0.0,0.0,15.0,0.0,0.0,8.0,0.0,0.0,0.0,0.0,0.0,0.0,0.0,0.0,0.0,0.0,1.0,2.0,2.0,0.0,2.0,4.0,1.0,4.0
511,1.0,511.0,London_11,3years_LHD,1Lon_11,151,453,1092.0,70.0,2.0,121404.0,3.798040802590549,721.0,20.0,0.0,20.0,35.0,0.0,35.0,30.0,232.0,96.0,12.0,69.0,12.0,25.0,2.0,5.0,6.0,87.0,135.0,225.0,36.0,2.1714285714285713,0.0,0.0,0.0,0.0,0.0,0.0,0.0,0.0,0.0,0.0,0.0,0.0,0.0,0.0,0.0,0.0,0.0,0.0,0.0,0.0,0.0,0.0,0.0,0.0,0.0,0.0,0.0,0.0,0.0,0.0,0.0,0.0,0.0,0.0,0.0,0.0,0.0,0.0,0.0,0.0,0.0,0.0,0.0,0.0,1.0,0.0,4.0,0.0,3.0,0.0,6.0,2.0,4.0,3.0,0.0,0.0,0.0,0.0,0.0,0.0,0.0,0.0,0.0,0.0,0.0,0.0,0.0,0.0,0.0,0.0,0.0,0.0,0.0,0.0,0.0,0.0,0.0,0.0,1.0,0.0,8.0,0.0,3.0,0.0,10.0,3.0,6.0,8.0
512,1.0,512.0,London_11,3years_LHD,1Lon_11,151,453,1092.0,70.0,2.0,152208.0,4.3305553533136845,789.0,66.0,0.0,66.0,111.0,0.0,111.0,35.0,232.0,99.0,6.0,69.0,12.0,28.0,2.0,5.0,6.0,92.0,138.0,217.0,36.0,2.684684684684685,0.0,0.0,0.0,0.0,0.0,0.0,0.0,0.0,0.0,0.0,0.0,0.0,0.0,0.0,0.0,0.0,0.0,0.0,0.0,0.0,0.0,0.0,0.0,0.0,0.0,0.0,0.0,0.0,0.0,0.0,0.0,0.0,0.0,0.0,0.0,0.0,0.0,0.0,0.0,0.0,1.0,1.0,0.0,2.0,6.0,0.0,17.0,6.0,7.0,3.0,10.0,15.0,11.0,7.0,0.0,0.0,0.0,0.0,0.0,0.0,0.0,0.0,0.0,0.0,0.0,0.0,0.0,0.0,0.0,0.0,0.0,0.0,0.0,0.0,2.0,1.0,0.0,3.0,6.0,0.0,26.0,7.0,9.0,3.0,19.0,22.0,15.0,11.0
513,1.0,513.0,London_11,3years_LHD,1Lon_11,151,453,1092.0,70.0,2.0,167610.0,3.7848148671910167,823.0,53.0,2.0,51.0,109.0,19.0,90.0,111.0,236.0,101.0,15.0,44.0,15.0,34.0,5.0,3.0,4.0,90.0,135.0,224.0,30.0,2.706422018348624,0.0,0.0,0.0,0.0,0.0,0.0,0.0,0.0,0.0,0.0,0.0,0.0,0.0,0.0,0.0,0.0,0.0,0.0,0.0,0.0,0.0,0.0,0.0,0.0,0.0,0.0,0.0,0.0,0.0,2.0,0.0,0.0,0.0,0.0,1.0,0.0,0.0,0.0,0.0,0.0,1.0,1.0,1.0,3.0,0.0,0.0,7.0,2.0,8.0,5.0,6.0,18.0,14.0,4.0,0.0,0.0,0.0,0.0,0.0,0.0,0.0,0.0,0.0,13.0,0.0,0.0,0.0,0.0,8.0,0.0,0.0,0.0,0.0,0.0,1.0,1.0,1.0,5.0,0.0,0.0,10.0,3.0,11.0,6.0,7.0,28.0,15.0,7.0
514,1.0,514.0,London_11,3years_LHD,1Lon_11,151,453,1092.0,70.0,2.0,190260.0,5.428408306092024,873.0,79.0,2.0,77.0,136.0,18.0,118.0,109.0,240.0,109.0,20.0,35.0,9.0,34.0,3.0,3.0,4.0,87.0,145.0,217.0,26.0,2.7794117647058822,0.0,0.0,0.0,0.0,0.0,0.0,0.0,0.0,0.0,0.0,0.0,0.0,0.0,0.0,0.0,0.0,0.0,0.0,0.0,0.0,0.0,0.0,0.0,0.0,0.0,0.0,0.0,0.0,0.0,0.0,1.0,0.0,0.0,0.0,0.0,1.0,0.0,0.0,0.0,0.0,3.0,1.0,1.0,1.0,2.0,0.0,7.0,10.0,3.0,7.0,15.0,21.0,19.0,7.0,0.0,0.0,0.0,0.0,0.0,0.0,0.0,0.0,0.0,0.0,9.0,0.0,0.0,0.0,0.0,2.0,0.0,0.0,0.0,0.0,4.0,1.0,1.0,2.0,2.0,0.0,9.0,13.0,3.0,9.0,23.0,31.0,25.0,11.0
515,1.0,515.0,London_11,3years_LHD,1Lon_11,151,453,1092.0,70.0,2.0,205662.0,5.723202843219042,907.0,170.0,0.0,170.0,301.0,0.0,301.0,136.0,243.0,105.0,10.0,55.0,8.0,28.0,1.0,3.0,6.0,94.0,139.0,214.0,33.0,3.9269102990033224,0.0,0.0,0.0,0.0,0.0,0.0,0.0,0.0,0.0,0.0,0.0,0.0,0.0,0.0,0.0,0.0,0.0,0.0,0.0,0.0,0.0,0.0,0.0,0.0,0.0,0.0,0.0,0.0,0.0,0.0,0.0,0.0,0.0,0.0,0.0,0.0,0.0,0.0,0.0,0.0,7.0,8.0,3.0,0.0,5.0,0.0,8.0,9.0,2.0,8.0,36.0,38.0,33.0,6.0,0.0,0.0,0.0,0.0,0.0,0.0,0.0,0.0,0.0,0.0,0.0,0.0,0.0,0.0,0.0,0.0,0.0,0.0,0.0,0.0,13.0,11.0,3.0,0.0,6.0,0.0,10.0,11.0,3.0,9.0,51.0,54.0,44.0,8.0
516,1.0,516.0,London_11,3years_LHD,1Lon_11,151,453,1092.0,70.0,2.0,172593.0,5.230742355808616,834.0,72.0,1.0,71.0,125.0,9.0,116.0,301.0,185.0,118.0,16.0,86.0,17.0,25.0,0.0,6.0,8.0,94.0,140.0,211.0,57.0,0.544,0.0,0.0,0.0,0.0,0.0,0.0,0.0,0.0,0.0,0.0,0.0,0.0,0.0,0.0,0.0,0.0,0.0,0.0,0.0,0.0,0.0,0.0,0.0,0.0,0.0,0.0,0.0,0.0,0.0,1.0,0.0,0.0,0.0,0.0,0.0,0.0,0.0,0.0,0.0,0.0,1.0,10.0,2.0,2.0,9.0,0.0,10.0,4.0,1.0,8.0,13.0,18.0,13.0,3.0,0.0,0.0,0.0,0.0,0.0,0.0,0.0,0.0,0.0,2.0,0.0,0.0,0.0,0.0,0.0,0.0,0.0,0.0,0.0,0.0,1.0,12.0,2.0,3.0,9.0,0.0,13.0,6.0,1.0,10.0,19.0,24.0,18.0,4.0
517,1.0,517.0,London_11,3years_LHD,1Lon_11,151,453,1092.0,70.0,2.0,182106.0,5.57740686647594,855.0,130.0,2.0,128.0,247.0,17.0,230.0,125.0,191.0,112.0,17.0,88.0,18.0,22.0,2.0,3.0,5.0,93.0,153.0,202.0,58.0,0.9433198380566802,0.0,0.0,0.0,0.0,0.0,0.0,0.0,0.0,0.0,0.0,0.0,0.0,0.0,0.0,0.0,0.0,0.0,0.0,0.0,0.0,0.0,0.0,0.0,0.0,0.0,0.0,0.0,0.0,0.0,0.0,0.0,0.0,2.0,0.0,0.0,1.0,0.0,0.0,0.0,0.0,1.0,7.0,0.0,2.0,4.0,0.0,15.0,12.0,1.0,5.0,22.0,35.0,11.0,10.0,0.0,0.0,0.0,0.0,0.0,0.0,0.0,0.0,0.0,0.0,0.0,0.0,12.0,0.0,0.0,3.0,0.0,0.0,0.0,0.0,2.0,7.0,0.0,3.0,4.0,0.0,22.0,14.0,1.0,6.0,30.0,57.0,18.0,15.0
518,1.0,518.0,London_11,3years_LHD,1Lon_11,151,453,1092.0,70.0,2.0,163986.0,4.605936970561743,815.0,82.0,0.0,82.0,129.0,0.0,129.0,247.0,217.0,101.0,23.0,77.0,5.0,23.0,1.0,6.0,3.0,82.0,149.0,219.0,41.0,1.0775193798449612,0.0,0.0,0.0,0.0,0.0,0.0,0.0,0.0,0.0,0.0,0.0,0.0,0.0,0.0,0.0,0.0,0.0,0.0,0.0,0.0,0.0,0.0,0.0,0.0,0.0,0.0,0.0,0.0,0.0,0.0,0.0,0.0,0.0,0.0,0.0,0.0,0.0,0.0,0.0,0.0,2.0,7.0,6.0,0.0,3.0,0.0,13.0,5.0,4.0,12.0,15.0,25.0,17.0,6.0,0.0,0.0,0.0,0.0,0.0,0.0,0.0,0.0,0.0,0.0,0.0,0.0,0.0,0.0,0.0,0.0,0.0,0.0,0.0,0.0,2.0,10.0,6.0,0.0,3.0,0.0,16.0,8.0,6.0,15.0,24.0,34.0,20.0,7.0
519,1.0,519.0,London_11,3years_LHD,1Lon_11,151,453,1092.0,70.0,2.0,168063.0,4.426702798344195,824.0,59.0,2.0,57.0,127.0,17.0,110.0,129.0,217.0,92.0,34.0,77.0,5.0,23.0,0.0,5.0,7.0,85.0,160.0,201.0,41.0,1.5984251968503937,0.0,0.0,0.0,0.0,0.0,0.0,0.0,0.0,0.0,0.0,0.0,0.0,0.0,0.0,0.0,0.0,0.0,0.0,0.0,0.0,0.0,0.0,0.0,0.0,0.0,0.0,0.0,0.0,0.0,2.0,0.0,0.0,1.0,1.0,1.0,1.0,0.0,0.0,0.0,0.0,2.0,10.0,3.0,2.0,3.0,0.0,5.0,4.0,3.0,1.0,8.0,18.0,13.0,6.0,0.0,0.0,0.0,0.0,0.0,0.0,0.0,0.0,0.0,12.0,0.0,0.0,6.0,7.0,7.0,5.0,0.0,0.0,0.0,0.0,4.0,13.0,3.0,3.0,3.0,0.0,6.0,5.0,5.0,1.0,14.0,27.0,20.0,8.0
520,1.0,520.0,London_11,3years_LHD,1Lon_11,151,453,1092.0,70.0,2.0,179388.0,2.058292302303016,849.0,151.0,0.0,151.0,257.0,0.0,257.0,127.0,219.0,93.0,36.0,81.0,6.0,14.0,0.0,4.0,7.0,92.0,155.0,199.0,39.0,2.649805447470817,0.0,0.0,0.0,0.0,0.0,0.0,0.0,0.0,0.0,0.0,0.0,0.0,0.0,0.0,0.0,0.0,0.0,0.0,0.0,0.0,0.0,0.0,0.0,0.0,0.0,0.0,0.0,0.0,0.0,0.0,0.0,0.0,0.0,0.0,0.0,0.0,0.0,0.0,0.0,0.0,5.0,6.0,1.0,0.0,4.0,0.0,13.0,6.0,2.0,15.0,23.0,35.0,15.0,15.0,0.0,0.0,0.0,0.0,0.0,0.0,0.0,0.0,0.0,0.0,0.0,0.0,0.0,0.0,0.0,0.0,0.0,0.0,0.0,0.0,5.0,9.0,1.0,0.0,4.0,0.0,14.0,10.0,3.0,18.0,36.0,55.0,16.0,25.0
521,1.0,521.0,London_11,3years_LHD,1Lon_11,151,453,1092.0,70.0,2.0,137712.0,2.97230507992208,757.0,145.0,1.0,144.0,257.0,10.0,247.0,257.0,197.0,87.0,38.0,104.0,7.0,16.0,2.0,2.0,4.0,80.0,162.0,207.0,28.0,1.0700389105058365,0.0,0.0,0.0,0.0,0.0,0.0,0.0,0.0,0.0,0.0,0.0,0.0,0.0,0.0,0.0,0.0,0.0,0.0,0.0,0.0,0.0,0.0,0.0,0.0,0.0,0.0,0.0,0.0,0.0,0.0,0.0,0.0,0.0,0.0,1.0,0.0,1.0,0.0,0.0,0.0,0.0,2.0,3.0,2.0,11.0,0.0,6.0,8.0,7.0,15.0,22.0,27.0,29.0,13.0,0.0,0.0,0.0,0.0,0.0,0.0,0.0,0.0,0.0,0.0,0.0,0.0,0.0,0.0,6.0,0.0,9.0,0.0,0.0,0.0,0.0,2.0,3.0,3.0,12.0,0.0,9.0,14.0,12.0,21.0,33.0,43.0,38.0,19.0
522,1.0,522.0,London_11,3years_LHD,1Lon_11,151,453,1092.0,70.0,2.0,93318.0,3.042785125784576,659.0,21.0,0.0,21.0,36.0,0.0,36.0,257.0,202.0,83.0,39.0,89.0,8.0,26.0,2.0,4.0,6.0,66.0,169.0,212.0,41.0,1.1388888888888888,0.0,0.0,0.0,0.0,0.0,0.0,0.0,0.0,0.0,0.0,0.0,0.0,0.0,0.0,0.0,0.0,0.0,0.0,0.0,0.0,0.0,0.0,0.0,0.0,0.0,0.0,0.0,0.0,0.0,0.0,0.0,0.0,0.0,0.0,0.0,0.0,0.0,0.0,0.0,0.0,0.0,4.0,0.0,0.0,0.0,0.0,5.0,2.0,2.0,0.0,2.0,9.0,3.0,2.0,0.0,0.0,0.0,0.0,0.0,0.0,0.0,0.0,0.0,0.0,0.0,0.0,0.0,0.0,0.0,0.0,0.0,0.0,0.0,0.0,0.0,7.0,0.0,0.0,0.0,0.0,6.0,3.0,3.0,0.0,3.0,11.0,3.0,3.0
523,1.0,523.0,London_11,3years_LHD,1Lon_11,151,453,1092.0,70.0,2.0,110985.0,5.004423220641911,698.0,118.0,2.0,116.0,227.0,20.0,207.0,36.0,205.0,81.0,42.0,85.0,7.0,27.0,2.0,4.0,6.0,72.0,172.0,203.0,42.0,2.0220264317180616,0.0,0.0,0.0,0.0,0.0,0.0,0.0,0.0,0.0,0.0,0.0,0.0,0.0,0.0,0.0,0.0,0.0,0.0,0.0,0.0,0.0,0.0,0.0,0.0,0.0,0.0,0.0,0.0,0.0,1.0,0.0,0.0,1.0,0.0,0.0,1.0,1.0,0.0,0.0,0.0,5.0,13.0,2.0,2.0,0.0,0.0,14.0,7.0,12.0,3.0,20.0,31.0,25.0,13.0,0.0,0.0,0.0,0.0,0.0,0.0,0.0,0.0,0.0,7.0,0.0,0.0,5.0,0.0,0.0,2.0,7.0,0.0,0.0,0.0,8.0,15.0,2.0,2.0,0.0,0.0,18.0,10.0,16.0,4.0,33.0,48.0,31.0,24.0
524,1.0,524.0,London_11,3years_LHD,1Lon_11,151,453,1092.0,70.0,2.0,92412.0,3.964495675638318,657.0,13.0,2.0,11.0,29.0,16.0,13.0,227.0,208.0,98.0,47.0,75.0,5.0,13.0,1.0,6.0,11.0,76.0,163.0,203.0,43.0,1.8275862068965518,0.0,0.0,0.0,0.0,0.0,0.0,0.0,0.0,0.0,0.0,0.0,0.0,0.0,0.0,0.0,0.0,0.0,0.0,0.0,0.0,0.0,0.0,0.0,0.0,0.0,0.0,0.0,0.0,0.0,0.0,0.0,0.0,1.0,0.0,0.0,2.0,0.0,0.0,0.0,0.0,0.0,1.0,0.0,1.0,0.0,0.0,2.0,0.0,1.0,2.0,2.0,1.0,1.0,0.0,0.0,0.0,0.0,0.0,0.0,0.0,0.0,0.0,0.0,0.0,0.0,0.0,7.0,0.0,0.0,7.0,0.0,0.0,0.0,0.0,0.0,1.0,0.0,1.0,0.0,0.0,2.0,0.0,1.0,3.0,2.0,1.0,1.0,0.0
525,1.0,525.0,London_11,3years_LHD,1Lon_11,151,453,1092.0,70.0,2.0,123669.0,5.569739948026836,726.0,16.0,0.0,16.0,31.0,0.0,31.0,29.0,209.0,99.0,50.0,69.0,4.0,14.0,1.0,7.0,10.0,75.0,156.0,212.0,34.0,2.3870967741935485,0.0,0.0,0.0,0.0,0.0,0.0,0.0,0.0,0.0,0.0,0.0,0.0,0.0,0.0,0.0,0.0,0.0,0.0,0.0,0.0,0.0,0.0,0.0,0.0,0.0,0.0,0.0,0.0,0.0,0.0,0.0,0.0,0.0,0.0,0.0,0.0,0.0,0.0,0.0,0.0,0.0,2.0,0.0,0.0,0.0,0.0,1.0,1.0,0.0,2.0,7.0,3.0,3.0,1.0,0.0,0.0,0.0,0.0,0.0,0.0,0.0,0.0,0.0,0.0,0.0,0.0,0.0,0.0,0.0,0.0,0.0,0.0,0.0,0.0,0.0,2.0,0.0,0.0,0.0,0.0,1.0,2.0,0.0,2.0,10.0,8.0,4.0,1.0
526,1.0,526.0,London_11,3years_LHD,1Lon_11,151,453,1092.0,70.0,2.0,161268.0,1.9889604588970542,809.0,64.0,0.0,64.0,110.0,0.0,110.0,31.0,206.0,100.0,49.0,68.0,4.0,17.0,2.0,7.0,10.0,82.0,150.0,211.0,40.0,2.2545454545454544,0.0,0.0,0.0,0.0,0.0,0.0,0.0,0.0,0.0,0.0,0.0,0.0,0.0,0.0,0.0,0.0,0.0,0.0,0.0,0.0,0.0,0.0,0.0,0.0,0.0,0.0,0.0,0.0,0.0,0.0,0.0,0.0,0.0,0.0,0.0,0.0,0.0,0.0,0.0,0.0,3.0,9.0,6.0,1.0,1.0,0.0,9.0,3.0,8.0,5.0,13.0,13.0,12.0,12.0,0.0,0.0,0.0,0.0,0.0,0.0,0.0,0.0,0.0,0.0,0.0,0.0,0.0,0.0,0.0,0.0,0.0,0.0,0.0,0.0,4.0,10.0,8.0,1.0,1.0,0.0,12.0,3.0,13.0,6.0,16.0,19.0,14.0,16.0
527,1.0,527.0,London_11,3years_LHD,1Lon_11,151,453,1092.0,70.0,2.0,170328.0,2.9967559576034546,829.0,50.0,2.0,48.0,107.0,17.0,90.0,110.0,223.0,90.0,49.0,60.0,6.0,16.0,3.0,6.0,12.0,82.0,160.0,199.0,39.0,2.411214953271028,0.0,0.0,0.0,0.0,0.0,0.0,0.0,0.0,0.0,0.0,0.0,0.0,0.0,0.0,0.0,0.0,0.0,0.0,0.0,0.0,0.0,0.0,0.0,0.0,0.0,0.0,0.0,0.0,0.0,0.0,0.0,0.0,0.0,0.0,0.0,1.0,0.0,0.0,0.0,0.0,1.0,4.0,3.0,0.0,2.0,0.0,6.0,3.0,3.0,8.0,9.0,10.0,7.0,7.0,0.0,0.0,0.0,0.0,0.0,0.0,0.0,0.0,0.0,0.0,0.0,0.0,0.0,0.0,0.0,2.0,0.0,0.0,0.0,0.0,1.0,6.0,4.0,0.0,2.0,0.0,6.0,3.0,6.0,10.0,12.0,16.0,8.0,12.0
528,1.0,528.0,London_11,3years_LHD,1Lon_11,151,453,1092.0,70.0,2.0,199320.0,4.612107019871473,893.0,75.0,2.0,73.0,135.0,18.0,117.0,107.0,224.0,86.0,48.0,60.0,10.0,15.0,3.0,7.0,8.0,80.0,156.0,209.0,32.0,2.637037037037037,0.0,0.0,0.0,0.0,0.0,0.0,0.0,0.0,0.0,0.0,0.0,0.0,0.0,0.0,0.0,0.0,0.0,0.0,0.0,0.0,0.0,0.0,0.0,0.0,0.0,0.0,0.0,0.0,0.0,1.0,0.0,0.0,2.0,0.0,0.0,1.0,0.0,0.0,0.0,0.0,2.0,6.0,5.0,0.0,3.0,1.0,10.0,3.0,4.0,13.0,16.0,16.0,18.0,2.0,0.0,0.0,0.0,0.0,0.0,0.0,0.0,0.0,0.0,3.0,0.0,0.0,14.0,0.0,0.0,7.0,0.0,0.0,0.0,0.0,2.0,9.0,6.0,0.0,3.0,1.0,15.0,4.0,7.0,19.0,23.0,21.0,24.0,2.0
529,1.0,529.0,London_11,3years_LHD,1Lon_11,151,453,1092.0,70.0,2.0,217440.0,5.549013487994671,933.0,178.0,0.0,178.0,302.0,0.0,302.0,135.0,229.0,95.0,44.0,57.0,8.0,13.0,3.0,4.0,10.0,73.0,154.0,216.0,42.0,3.6821192052980134,0.0,0.0,0.0,0.0,0.0,0.0,0.0,0.0,0.0,0.0,0.0,0.0,0.0,0.0,0.0,0.0,0.0,0.0,0.0,0.0,0.0,0.0,0.0,0.0,0.0,0.0,0.0,0.0,0.0,0.0,0.0,0.0,0.0,0.0,0.0,0.0,0.0,0.0,0.0,0.0,1.0,11.0,0.0,3.0,8.0,0.0,7.0,12.0,8.0,6.0,40.0,30.0,34.0,8.0,0.0,0.0,0.0,0.0,0.0,0.0,0.0,0.0,0.0,0.0,0.0,0.0,0.0,0.0,0.0,0.0,0.0,0.0,0.0,0.0,1.0,12.0,0.0,4.0,9.0,0.0,7.0,16.0,8.0,7.0,69.0,40.0,47.0,9.0
530,1.0,530.0,London_11,3years_LHD,1Lon_11,151,453,1092.0,70.0,2.0,184371.0,4.5763466861099005,860.0,65.0,0.0,65.0,116.0,0.0,116.0,302.0,189.0,119.0,20.0,86.0,2.0,27.0,2.0,8.0,4.0,74.0,156.0,219.0,39.0,0.9741379310344828,0.0,0.0,0.0,0.0,0.0,0.0,0.0,0.0,0.0,0.0,0.0,0.0,0.0,0.0,0.0,0.0,0.0,0.0,0.0,0.0,0.0,0.0,0.0,0.0,0.0,0.0,0.0,0.0,0.0,0.0,0.0,0.0,0.0,0.0,0.0,0.0,0.0,0.0,0.0,0.0,3.0,6.0,3.0,3.0,1.0,0.0,9.0,5.0,6.0,9.0,13.0,24.0,10.0,2.0,0.0,0.0,0.0,0.0,0.0,0.0,0.0,0.0,0.0,0.0,0.0,0.0,0.0,0.0,0.0,0.0,0.0,0.0,0.0,0.0,5.0,7.0,4.0,5.0,1.0,0.0,10.0,6.0,10.0,13.0,19.0,37.0,12.0,2.0
531,1.0,531.0,London_11,3years_LHD,1Lon_11,151,453,1092.0,70.0,2.0,210192.0,5.881152806803584,917.0,140.0,2.0,138.0,255.0,22.0,233.0,116.0,200.0,124.0,27.0,67.0,2.0,27.0,1.0,5.0,4.0,77.0,159.0,213.0,51.0,1.2509803921568627,0.0,0.0,0.0,0.0,0.0,0.0,0.0,0.0,0.0,0.0,0.0,0.0,0.0,0.0,0.0,0.0,0.0,0.0,0.0,0.0,0.0,0.0,0.0,0.0,0.0,0.0,0.0,0.0,0.0,0.0,0.0,0.0,0.0,0.0,0.0,1.0,0.0,0.0,0.0,0.0,1.0,9.0,0.0,1.0,0.0,0.0,18.0,5.0,1.0,16.0,30.0,30.0,32.0,3.0,0.0,0.0,0.0,0.0,0.0,0.0,0.0,0.0,0.0,0.0,0.0,0.0,0.0,0.0,0.0,6.0,0.0,0.0,0.0,0.0,2.0,11.0,0.0,1.0,0.0,0.0,23.0,7.0,1.0,21.0,51.0,36.0,39.0,3.0
532,1.0,532.0,London_11,3years_LHD,1Lon_11,151,453,1092.0,70.0,2.0,183012.0,5.485289314761758,857.0,79.0,0.0,79.0,130.0,0.0,130.0,255.0,217.0,116.0,12.0,77.0,9.0,17.0,3.0,2.0,8.0,82.0,144.0,219.0,42.0,1.1615384615384616,0.0,0.0,0.0,0.0,0.0,0.0,0.0,0.0,0.0,0.0,0.0,0.0,0.0,0.0,0.0,0.0,0.0,0.0,0.0,0.0,0.0,0.0,0.0,0.0,0.0,0.0,0.0,0.0,0.0,0.0,0.0,0.0,0.0,0.0,0.0,0.0,0.0,0.0,0.0,0.0,3.0,5.0,5.0,1.0,1.0,0.0,11.0,3.0,5.0,6.0,13.0,16.0,19.0,6.0,0.0,0.0,0.0,0.0,0.0,0.0,0.0,0.0,0.0,0.0,0.0,0.0,0.0,0.0,0.0,0.0,0.0,0.0,0.0,0.0,3.0,6.0,5.0,1.0,1.0,0.0,14.0,5.0,8.0,6.0,16.0,26.0,22.0,14.0
533,1.0,533.0,London_11,3years_LHD,1Lon_11,151,453,1092.0,70.0,2.0,179841.0,5.202096164226532,850.0,67.0,2.0,65.0,126.0,17.0,109.0,130.0,220.0,123.0,10.0,70.0,10.0,15.0,3.0,2.0,11.0,83.0,153.0,206.0,54.0,1.8015873015873016,0.0,0.0,0.0,0.0,0.0,0.0,0.0,0.0,0.0,0.0,0.0,0.0,0.0,0.0,0.0,0.0,0.0,0.0,0.0,0.0,0.0,0.0,0.0,0.0,0.0,0.0,0.0,0.0,0.0,0.0,1.0,0.0,1.0,0.0,0.0,1.0,0.0,0.0,0.0,0.0,2.0,1.0,5.0,0.0,1.0,1.0,5.0,5.0,7.0,5.0,13.0,14.0,12.0,4.0,0.0,0.0,0.0,0.0,0.0,0.0,0.0,0.0,0.0,0.0,7.0,0.0,4.0,0.0,0.0,1.0,0.0,0.0,0.0,0.0,3.0,1.0,5.0,0.0,1.0,2.0,9.0,8.0,9.0,7.0,24.0,21.0,16.0,7.0
534,1.0,534.0,London_11,3years_LHD,1Lon_11,151,453,1092.0,70.0,2.0,177123.0,6.629740907810628,844.0,157.0,0.0,157.0,260.0,0.0,260.0,126.0,219.0,126.0,13.0,54.0,11.0,26.0,0.0,4.0,10.0,86.0,156.0,201.0,49.0,2.15,0.0,0.0,0.0,0.0,0.0,0.0,0.0,0.0,0.0,0.0,0.0,0.0,0.0,0.0,0.0,0.0,0.0,0.0,0.0,0.0,0.0,0.0,0.0,0.0,0.0,0.0,0.0,0.0,0.0,0.0,0.0,0.0,0.0,0.0,0.0,0.0,0.0,0.0,0.0,0.0,1.0,1.0,1.0,0.0,9.0,0.0,16.0,4.0,8.0,17.0,24.0,34.0,20.0,12.0,0.0,0.0,0.0,0.0,0.0,0.0,0.0,0.0,0.0,0.0,0.0,0.0,0.0,0.0,0.0,0.0,0.0,0.0,0.0,0.0,1.0,1.0,1.0,0.0,10.0,0.0,23.0,7.0,9.0,21.0,37.0,52.0,22.0,18.0
535,1.0,535.0,London_11,3years_LHD,1Lon_11,151,453,1092.0,70.0,2.0,133635.0,5.532762935385108,748.0,141.0,0.0,141.0,247.0,0.0,247.0,260.0,210.0,112.0,13.0,79.0,9.0,22.0,0.0,8.0,2.0,84.0,153.0,214.0,27.0,1.1214574898785425,0.0,0.0,0.0,0.0,0.0,0.0,0.0,0.0,0.0,0.0,0.0,0.0,0.0,0.0,0.0,0.0,0.0,0.0,0.0,0.0,0.0,0.0,0.0,0.0,0.0,0.0,0.0,0.0,0.0,0.0,0.0,0.0,0.0,0.0,0.0,0.0,0.0,0.0,0.0,0.0,4.0,1.0,1.0,0.0,3.0,0.0,8.0,14.0,9.0,8.0,26.0,32.0,19.0,11.0,0.0,0.0,0.0,0.0,0.0,0.0,0.0,0.0,0.0,0.0,0.0,0.0,0.0,0.0,0.0,0.0,0.0,0.0,0.0,0.0,6.0,1.0,2.0,0.0,4.0,0.0,10.0,22.0,16.0,11.0,42.0,45.0,25.0,17.0
536,1.0,536.0,London_11,3years_LHD,1Lon_11,151,453,1092.0,70.0,2.0,90600.0,3.293484996072948,653.0,22.0,0.0,22.0,36.0,0.0,36.0,247.0,208.0,100.0,13.0,77.0,13.0,32.0,1.0,9.0,5.0,76.0,157.0,215.0,28.0,0.4444444444444444,0.0,0.0,0.0,0.0,0.0,0.0,0.0,0.0,0.0,0.0,0.0,0.0,0.0,0.0,0.0,0.0,0.0,0.0,0.0,0.0,0.0,0.0,0.0,0.0,0.0,0.0,0.0,0.0,0.0,0.0,0.0,0.0,0.0,0.0,0.0,0.0,0.0,0.0,0.0,0.0,1.0,0.0,0.0,0.0,0.0,0.0,2.0,4.0,0.0,5.0,6.0,3.0,4.0,1.0,0.0,0.0,0.0,0.0,0.0,0.0,0.0,0.0,0.0,0.0,0.0,0.0,0.0,0.0,0.0,0.0,0.0,0.0,0.0,0.0,1.0,0.0,0.0,0.0,0.0,0.0,3.0,6.0,0.0,7.0,9.0,4.0,5.0,2.0
537,1.0,537.0,London_11,3years_LHD,1Lon_11,151,453,1092.0,70.0,2.0,116421.0,3.903729579411447,710.0,124.0,2.0,122.0,226.0,20.0,206.0,36.0,211.0,93.0,15.0,80.0,14.0,30.0,1.0,9.0,6.0,75.0,161.0,211.0,29.0,1.7345132743362832,0.0,0.0,0.0,0.0,0.0,0.0,0.0,0.0,0.0,0.0,0.0,0.0,0.0,0.0,0.0,0.0,0.0,0.0,0.0,0.0,0.0,0.0,0.0,0.0,0.0,0.0,0.0,0.0,0.0,0.0,0.0,0.0,1.0,0.0,0.0,2.0,0.0,0.0,0.0,0.0,5.0,2.0,3.0,1.0,2.0,0.0,11.0,16.0,12.0,11.0,20.0,30.0,19.0,7.0,0.0,0.0,0.0,0.0,0.0,0.0,0.0,0.0,0.0,0.0,0.0,0.0,9.0,0.0,0.0,12.0,0.0,0.0,0.0,0.0,8.0,2.0,3.0,1.0,2.0,0.0,15.0,21.0,16.0,12.0,35.0,42.0,27.0,9.0
538,1.0,538.0,London_11,3years_LHD,1Lon_11,151,453,1092.0,70.0,2.0,96942.0,2.825411488302052,667.0,9.0,2.0,7.0,29.0,18.0,11.0,226.0,216.0,96.0,13.0,76.0,11.0,33.0,3.0,5.0,8.0,84.0,145.0,216.0,30.0,0.41379310344827586,0.0,0.0,0.0,0.0,0.0,0.0,0.0,0.0,0.0,0.0,0.0,0.0,0.0,0.0,0.0,0.0,0.0,0.0,0.0,0.0,0.0,0.0,0.0,0.0,0.0,0.0,0.0,0.0,0.0,0.0,0.0,0.0,0.0,0.0,0.0,2.0,0.0,0.0,0.0,0.0,0.0,0.0,0.0,0.0,0.0,0.0,3.0,0.0,0.0,2.0,2.0,0.0,1.0,2.0,0.0,0.0,0.0,0.0,0.0,0.0,0.0,0.0,0.0,0.0,0.0,0.0,0.0,0.0,0.0,9.0,0.0,0.0,0.0,0.0,0.0,0.0,0.0,0.0,0.0,0.0,5.0,0.0,0.0,2.0,3.0,0.0,1.0,4.0
539,1.0,539.0,London_11,3years_LHD,1Lon_11,151,453,1092.0,70.0,2.0,133182.0,2.4770834650844336,747.0,20.0,0.0,20.0,35.0,0.0,35.0,29.0,220.0,94.0,14.0,80.0,9.0,29.0,1.0,6.0,5.0,86.0,140.0,222.0,23.0,1.8,0.0,0.0,0.0,0.0,0.0,0.0,0.0,0.0,0.0,0.0,0.0,0.0,0.0,0.0,0.0,0.0,0.0,0.0,0.0,0.0,0.0,0.0,0.0,0.0,0.0,0.0,0.0,0.0,0.0,0.0,0.0,0.0,0.0,0.0,0.0,0.0,0.0,0.0,0.0,0.0,0.0,3.0,1.0,0.0,0.0,0.0,2.0,0.0,0.0,4.0,6.0,6.0,4.0,0.0,0.0,0.0,0.0,0.0,0.0,0.0,0.0,0.0,0.0,0.0,0.0,0.0,0.0,0.0,0.0,0.0,0.0,0.0,0.0,0.0,0.0,6.0,1.0,0.0,0.0,0.0,3.0,0.0,0.0,6.0,9.0,10.0,5.0,0.0
540,1.0,540.0,London_11,3years_LHD,1Lon_11,151,453,1092.0,70.0,2.0,164892.0,2.599647535942495,817.0,64.0,0.0,64.0,111.0,0.0,111.0,35.0,225.0,89.0,17.0,78.0,7.0,31.0,1.0,5.0,6.0,86.0,145.0,216.0,21.0,2.684684684684685,0.0,0.0,0.0,0.0,0.0,0.0,0.0,0.0,0.0,0.0,0.0,0.0,0.0,0.0,0.0,0.0,0.0,0.0,0.0,0.0,0.0,0.0,0.0,0.0,0.0,0.0,0.0,0.0,0.0,0.0,0.0,0.0,0.0,0.0,0.0,0.0,0.0,0.0,0.0,0.0,3.0,4.0,6.0,2.0,4.0,0.0,10.0,8.0,7.0,8.0,9.0,11.0,10.0,7.0,0.0,0.0,0.0,0.0,0.0,0.0,0.0,0.0,0.0,0.0,0.0,0.0,0.0,0.0,0.0,0.0,0.0,0.0,0.0,0.0,3.0,5.0,6.0,2.0,5.0,0.0,14.0,10.0,8.0,11.0,16.0,14.0,11.0,10.0
541,1.0,541.0,London_11,3years_LHD,1Lon_11,151,453,1092.0,70.0,2.0,177576.0,3.8570343255996704,845.0,59.0,2.0,57.0,110.0,19.0,91.0,111.0,230.0,86.0,20.0,81.0,9.0,23.0,0.0,4.0,8.0,89.0,161.0,195.0,23.0,4.154545454545454,0.0,0.0,0.0,0.0,0.0,0.0,0.0,0.0,0.0,0.0,0.0,0.0,0.0,0.0,0.0,0.0,0.0,0.0,0.0,0.0,0.0,0.0,0.0,0.0,0.0,0.0,0.0,0.0,0.0,0.0,0.0,0.0,0.0,0.0,0.0,1.0,0.0,0.0,0.0,0.0,1.0,5.0,4.0,0.0,0.0,0.0,9.0,2.0,6.0,5.0,11.0,8.0,11.0,2.0,0.0,0.0,0.0,0.0,0.0,0.0,0.0,0.0,0.0,0.0,0.0,0.0,0.0,0.0,0.0,6.0,0.0,0.0,0.0,0.0,1.0,5.0,4.0,0.0,0.0,0.0,10.0,2.0,8.0,7.0,14.0,14.0,14.0,3.0
542,1.0,542.0,London_11,3years_LHD,1Lon_11,151,453,1092.0,70.0,2.0,200679.0,3.7851679204031825,896.0,70.0,3.0,67.0,142.0,25.0,117.0,110.0,218.0,92.0,25.0,82.0,12.0,22.0,1.0,1.0,9.0,92.0,149.0,203.0,22.0,3.2183098591549295,0.0,0.0,0.0,0.0,0.0,0.0,0.0,0.0,0.0,0.0,0.0,0.0,0.0,0.0,0.0,0.0,0.0,0.0,0.0,0.0,0.0,0.0,0.0,0.0,0.0,0.0,0.0,0.0,0.0,0.0,0.0,0.0,1.0,0.0,2.0,2.0,0.0,0.0,0.0,0.0,7.0,1.0,3.0,4.0,2.0,0.0,5.0,8.0,2.0,5.0,9.0,16.0,15.0,7.0,0.0,0.0,0.0,0.0,0.0,0.0,0.0,0.0,0.0,0.0,0.0,0.0,4.0,0.0,15.0,13.0,0.0,0.0,0.0,0.0,8.0,2.0,3.0,4.0,2.0,0.0,7.0,10.0,2.0,6.0,12.0,24.0,17.0,9.0
543,1.0,543.0,London_11,3years_LHD,1Lon_11,151,453,1092.0,70.0,2.0,214269.0,3.3627090891823173,926.0,175.0,0.0,175.0,300.0,0.0,300.0,142.0,218.0,109.0,35.0,59.0,12.0,17.0,2.0,1.0,5.0,84.0,140.0,224.0,21.0,3.03,0.0,0.0,0.0,0.0,0.0,0.0,0.0,0.0,0.0,0.0,0.0,0.0,0.0,0.0,0.0,0.0,0.0,0.0,0.0,0.0,0.0,0.0,0.0,0.0,0.0,0.0,0.0,0.0,0.0,0.0,0.0,0.0,0.0,0.0,0.0,0.0,0.0,0.0,0.0,0.0,2.0,0.0,1.0,5.0,1.0,1.0,7.0,5.0,0.0,13.0,39.0,42.0,13.0,18.0,0.0,0.0,0.0,0.0,0.0,0.0,0.0,0.0,0.0,0.0,0.0,0.0,0.0,0.0,0.0,0.0,0.0,0.0,0.0,0.0,2.0,0.0,1.0,10.0,1.0,2.0,9.0,7.0,0.0,19.0,51.0,65.0,19.0,27.0
544,1.0,544.0,London_11,3years_LHD,1Lon_11,151,453,1092.0,70.0,2.0,178029.0,4.547668741084635,846.0,63.0,0.0,63.0,116.0,0.0,116.0,300.0,190.0,94.0,18.0,101.0,10.0,28.0,3.0,9.0,9.0,82.0,147.0,215.0,44.0,0.1810344827586207,0.0,0.0,0.0,0.0,0.0,0.0,0.0,0.0,0.0,0.0,0.0,0.0,0.0,0.0,0.0,0.0,0.0,0.0,0.0,0.0,0.0,0.0,0.0,0.0,0.0,0.0,0.0,0.0,0.0,0.0,0.0,0.0,0.0,0.0,0.0,0.0,0.0,0.0,0.0,0.0,2.0,2.0,2.0,1.0,3.0,0.0,8.0,6.0,7.0,6.0,12.0,21.0,8.0,7.0,0.0,0.0,0.0,0.0,0.0,0.0,0.0,0.0,0.0,0.0,0.0,0.0,0.0,0.0,0.0,0.0,0.0,0.0,0.0,0.0,3.0,3.0,2.0,1.0,4.0,0.0,10.0,7.0,8.0,7.0,19.0,35.0,13.0,11.0
545,1.0,545.0,London_11,3years_LHD,1Lon_11,151,453,1092.0,70.0,2.0,197508.0,4.802627460099757,889.0,138.0,2.0,136.0,247.0,17.0,230.0,116.0,203.0,102.0,18.0,71.0,11.0,35.0,3.0,10.0,10.0,91.0,156.0,196.0,45.0,1.51417004048583,0.0,0.0,0.0,0.0,0.0,0.0,0.0,0.0,0.0,0.0,0.0,0.0,0.0,0.0,0.0,0.0,0.0,0.0,0.0,0.0,0.0,0.0,0.0,0.0,0.0,0.0,0.0,0.0,0.0,0.0,0.0,0.0,1.0,0.0,0.0,1.0,0.0,0.0,0.0,0.0,1.0,5.0,1.0,1.0,0.0,0.0,16.0,4.0,3.0,10.0,30.0,38.0,17.0,10.0,0.0,0.0,0.0,0.0,0.0,0.0,0.0,0.0,0.0,0.0,0.0,0.0,5.0,0.0,0.0,4.0,0.0,0.0,0.0,0.0,2.0,6.0,2.0,2.0,0.0,0.0,22.0,4.0,4.0,11.0,43.0,53.0,21.0,14.0
546,1.0,546.0,London_11,3years_LHD,1Lon_11,151,453,1092.0,70.0,2.0,168063.0,4.633494386449456,824.0,69.0,0.0,69.0,131.0,0.0,131.0,247.0,207.0,99.0,18.0,67.0,14.0,30.0,6.0,12.0,6.0,85.0,154.0,208.0,40.0,0.7938931297709924,0.0,0.0,0.0,0.0,0.0,0.0,0.0,0.0,0.0,0.0,0.0,0.0,0.0,0.0,0.0,0.0,0.0,0.0,0.0,0.0,0.0,0.0,0.0,0.0,0.0,0.0,0.0,0.0,0.0,0.0,0.0,0.0,0.0,0.0,0.0,0.0,0.0,0.0,0.0,0.0,1.0,8.0,4.0,0.0,2.0,0.0,8.0,9.0,6.0,16.0,14.0,14.0,19.0,6.0,0.0,0.0,0.0,0.0,0.0,0.0,0.0,0.0,0.0,0.0,0.0,0.0,0.0,0.0,0.0,0.0,0.0,0.0,0.0,0.0,1.0,9.0,4.0,0.0,2.0,0.0,9.0,12.0,7.0,20.0,25.0,20.0,25.0,7.0
547,1.0,547.0,London_11,3years_LHD,1Lon_11,151,453,1092.0,70.0,2.0,172140.0,1.9134625885635614,833.0,63.0,2.0,61.0,124.0,15.0,109.0,131.0,219.0,117.0,9.0,48.0,12.0,31.0,7.0,10.0,7.0,82.0,162.0,202.0,50.0,1.2016129032258065,0.0,0.0,0.0,0.0,0.0,0.0,0.0,0.0,0.0,0.0,0.0,0.0,0.0,0.0,0.0,0.0,0.0,0.0,0.0,0.0,0.0,0.0,0.0,0.0,0.0,0.0,0.0,0.0,0.0,0.0,0.0,0.0,0.0,0.0,0.0,2.0,0.0,0.0,0.0,0.0,2.0,6.0,5.0,2.0,1.0,0.0,6.0,4.0,1.0,10.0,11.0,11.0,14.0,4.0,0.0,0.0,0.0,0.0,0.0,0.0,0.0,0.0,0.0,0.0,0.0,0.0,0.0,0.0,0.0,5.0,0.0,0.0,0.0,0.0,2.0,10.0,5.0,3.0,1.0,0.0,8.0,5.0,1.0,16.0,15.0,20.0,17.0,6.0
548,1.0,548.0,London_11,3years_LHD,1Lon_11,151,453,1092.0,70.0,2.0,172140.0,4.489714483730495,833.0,148.0,0.0,148.0,258.0,0.0,258.0,124.0,232.0,121.0,18.0,31.0,5.0,25.0,8.0,13.0,8.0,85.0,145.0,215.0,36.0,2.864341085271318,0.0,0.0,0.0,0.0,0.0,0.0,0.0,0.0,0.0,0.0,0.0,0.0,0.0,0.0,0.0,0.0,0.0,0.0,0.0,0.0,0.0,0.0,0.0,0.0,0.0,0.0,0.0,0.0,0.0,0.0,0.0,0.0,0.0,0.0,0.0,0.0,0.0,0.0,0.0,0.0,0.0,16.0,12.0,0.0,0.0,1.0,20.0,5.0,3.0,5.0,18.0,33.0,13.0,6.0,0.0,0.0,0.0,0.0,0.0,0.0,0.0,0.0,0.0,0.0,0.0,0.0,0.0,0.0,0.0,0.0,0.0,0.0,0.0,0.0,0.0,20.0,13.0,0.0,0.0,1.0,26.0,6.0,5.0,7.0,31.0,52.0,16.0,10.0
549,1.0,549.0,London_11,3years_LHD,1Lon_11,151,453,1092.0,70.0,2.0,130464.0,4.518284168094397,741.0,152.0,1.0,151.0,256.0,9.0,247.0,258.0,208.0,99.0,26.0,71.0,10.0,27.0,6.0,6.0,6.0,86.0,143.0,218.0,42.0,1.0,0.0,0.0,0.0,0.0,0.0,0.0,0.0,0.0,0.0,0.0,0.0,0.0,0.0,0.0,0.0,0.0,0.0,0.0,0.0,0.0,0.0,0.0,0.0,0.0,0.0,0.0,0.0,0.0,0.0,0.0,0.0,0.0,0.0,0.0,0.0,1.0,0.0,0.0,0.0,0.0,2.0,2.0,1.0,1.0,7.0,1.0,11.0,9.0,12.0,8.0,23.0,36.0,29.0,14.0,0.0,0.0,0.0,0.0,0.0,0.0,0.0,0.0,0.0,0.0,0.0,0.0,0.0,0.0,0.0,4.0,0.0,0.0,0.0,0.0,2.0,2.0,1.0,1.0,7.0,2.0,13.0,11.0,13.0,9.0,27.0,53.0,33.0,24.0
550,1.0,550.0,London_11,3years_LHD,1Lon_11,151,453,1092.0,70.0,2.0,83805.0,2.7569823265075684,638.0,23.0,0.0,23.0,36.0,0.0,36.0,256.0,209.0,88.0,18.0,71.0,16.0,39.0,2.0,10.0,7.0,83.0,144.0,219.0,37.0,1.0277777777777777,0.0,0.0,0.0,0.0,0.0,0.0,0.0,0.0,0.0,0.0,0.0,0.0,0.0,0.0,0.0,0.0,0.0,0.0,0.0,0.0,0.0,0.0,0.0,0.0,0.0,0.0,0.0,0.0,0.0,0.0,0.0,0.0,0.0,0.0,0.0,0.0,0.0,0.0,0.0,0.0,1.0,1.0,0.0,0.0,0.0,0.0,4.0,1.0,2.0,3.0,8.0,6.0,6.0,2.0,0.0,0.0,0.0,0.0,0.0,0.0,0.0,0.0,0.0,0.0,0.0,0.0,0.0,0.0,0.0,0.0,0.0,0.0,0.0,0.0,1.0,1.0,0.0,0.0,0.0,0.0,6.0,1.0,2.0,3.0,11.0,8.0,6.0,2.0
551,1.0,551.0,London_11,3years_LHD,1Lon_11,151,453,1092.0,70.0,2.0,100566.0,3.804217865690589,675.0,119.0,2.0,117.0,224.0,17.0,207.0,36.0,209.0,88.0,16.0,69.0,17.0,41.0,2.0,11.0,7.0,81.0,152.0,213.0,41.0,1.7937219730941705,0.0,0.0,0.0,0.0,0.0,0.0,0.0,0.0,0.0,1.0,0.0,1.0,0.0,0.0,0.0,0.0,0.0,0.0,1.0,0.0,0.0,0.0,0.0,0.0,0.0,0.0,0.0,0.0,0.0,0.0,0.0,0.0,0.0,0.0,0.0,1.0,0.0,0.0,0.0,0.0,2.0,11.0,12.0,2.0,2.0,1.0,15.0,4.0,14.0,6.0,24.0,29.0,14.0,8.0,0.0,0.0,0.0,0.0,0.0,0.0,0.0,0.0,0.0,0.0,0.0,0.0,0.0,0.0,0.0,2.0,0.0,0.0,0.0,0.0,4.0,15.0,16.0,4.0,2.0,2.0,18.0,6.0,21.0,11.0,39.0,45.0,18.0,12.0
552,1.0,552.0,London_11,3years_LHD,1Lon_11,151,453,1092.0,70.0,2.0,78369.0,1.956667092628777,626.0,9.0,2.0,7.0,28.0,17.0,11.0,223.0,201.0,90.0,15.0,56.0,24.0,46.0,5.0,16.0,5.0,86.0,143.0,219.0,40.0,1.3571428571428572,0.0,0.0,0.0,0.0,0.0,0.0,0.0,0.0,0.0,0.0,0.0,0.0,0.0,0.0,0.0,0.0,0.0,0.0,0.0,0.0,0.0,0.0,0.0,0.0,0.0,0.0,0.0,0.0,0.0,0.0,0.0,0.0,2.0,0.0,0.0,2.0,0.0,0.0,0.0,0.0,0.0,0.0,1.0,1.0,0.0,0.0,3.0,0.0,0.0,2.0,0.0,2.0,3.0,1.0,0.0,0.0,0.0,0.0,0.0,0.0,0.0,0.0,0.0,0.0,0.0,0.0,13.0,0.0,0.0,6.0,0.0,0.0,0.0,0.0,0.0,0.0,1.0,2.0,0.0,0.0,4.0,0.0,0.0,3.0,0.0,2.0,3.0,2.0
553,1.0,553.0,London_11,3years_LHD,1Lon_11,151,453,1092.0,70.0,2.0,117327.0,2.943162470124662,712.0,20.0,0.0,20.0,35.0,0.0,35.0,28.0,207.0,93.0,18.0,53.0,21.0,40.0,5.0,16.0,3.0,90.0,135.0,225.0,34.0,2.257142857142857,0.0,0.0,0.0,0.0,0.0,0.0,0.0,0.0,0.0,0.0,0.0,0.0,0.0,0.0,0.0,0.0,0.0,0.0,0.0,0.0,0.0,0.0,0.0,0.0,0.0,0.0,0.0,0.0,0.0,0.0,0.0,0.0,0.0,0.0,0.0,0.0,0.0,0.0,0.0,0.0,2.0,2.0,1.0,0.0,2.0,0.0,4.0,1.0,1.0,8.0,4.0,2.0,5.0,1.0,0.0,0.0,0.0,0.0,0.0,0.0,0.0,0.0,0.0,0.0,0.0,0.0,0.0,0.0,0.0,0.0,0.0,0.0,0.0,0.0,2.0,2.0,1.0,0.0,2.0,0.0,6.0,2.0,1.0,14.0,5.0,4.0,7.0,2.0
554,1.0,554.0,London_11,3years_LHD,1Lon_11,151,453,1092.0,70.0,2.0,153114.0,1.1274938862770796,791.0,65.0,0.0,65.0,112.0,0.0,112.0,35.0,206.0,99.0,20.0,51.0,20.0,37.0,4.0,16.0,6.0,95.0,135.0,217.0,41.0,2.4107142857142856,0.0,0.0,0.0,0.0,0.0,0.0,0.0,0.0,0.0,0.0,0.0,0.0,0.0,0.0,0.0,0.0,0.0,0.0,0.0,0.0,0.0,0.0,0.0,0.0,0.0,0.0,0.0,0.0,0.0,0.0,0.0,0.0,0.0,0.0,0.0,0.0,0.0,0.0,0.0,0.0,4.0,3.0,0.0,2.0,12.0,0.0,11.0,5.0,3.0,6.0,12.0,16.0,10.0,8.0,0.0,0.0,0.0,0.0,0.0,0.0,0.0,0.0,0.0,0.0,0.0,0.0,0.0,0.0,0.0,0.0,0.0,0.0,0.0,0.0,4.0,5.0,0.0,3.0,13.0,0.0,14.0,11.0,4.0,6.0,17.0,23.0,12.0,11.0
555,1.0,555.0,London_11,3years_LHD,1Lon_11,151,453,1092.0,70.0,2.0,165345.0,4.387885890901089,818.0,51.0,2.0,49.0,109.0,19.0,90.0,112.0,211.0,117.0,11.0,34.0,22.0,42.0,4.0,12.0,8.0,91.0,138.0,216.0,45.0,2.7339449541284404,0.0,0.0,0.0,0.0,0.0,0.0,0.0,0.0,0.0,0.0,0.0,0.0,0.0,0.0,0.0,0.0,0.0,0.0,0.0,0.0,0.0,0.0,0.0,0.0,0.0,0.0,0.0,0.0,0.0,1.0,0.0,0.0,0.0,0.0,1.0,0.0,0.0,0.0,0.0,0.0,2.0,3.0,3.0,0.0,1.0,0.0,5.0,6.0,3.0,6.0,11.0,15.0,9.0,7.0,0.0,0.0,0.0,0.0,0.0,0.0,0.0,0.0,0.0,8.0,0.0,0.0,0.0,0.0,8.0,0.0,0.0,0.0,0.0,0.0,3.0,4.0,3.0,0.0,1.0,0.0,7.0,10.0,5.0,7.0,19.0,22.0,12.0,11.0
556,1.0,556.0,London_11,3years_LHD,1Lon_11,151,453,1092.0,70.0,2.0,186636.0,5.402485279366374,865.0,71.0,2.0,69.0,135.0,18.0,117.0,109.0,217.0,135.0,9.0,21.0,10.0,45.0,3.0,13.0,9.0,91.0,136.0,217.0,36.0,3.311111111111111,0.0,0.0,0.0,0.0,0.0,0.0,0.0,0.0,0.0,0.0,0.0,0.0,0.0,0.0,0.0,0.0,0.0,0.0,0.0,0.0,0.0,0.0,0.0,0.0,0.0,0.0,0.0,0.0,0.0,0.0,1.0,0.0,0.0,0.0,0.0,1.0,0.0,0.0,0.0,0.0,3.0,4.0,0.0,2.0,4.0,0.0,7.0,3.0,7.0,8.0,11.0,16.0,14.0,9.0,0.0,0.0,0.0,0.0,0.0,0.0,0.0,0.0,0.0,0.0,5.0,0.0,0.0,0.0,0.0,7.0,0.0,0.0,0.0,0.0,3.0,4.0,0.0,3.0,5.0,0.0,8.0,4.0,8.0,10.0,13.0,24.0,18.0,13.0
557,1.0,557.0,London_11,3years_LHD,1Lon_11,151,453,1092.0,70.0,2.0,202944.0,5.948659895919263,901.0,171.0,0.0,171.0,300.0,0.0,300.0,135.0,213.0,136.0,9.0,38.0,10.0,29.0,1.0,17.0,12.0,89.0,145.0,207.0,32.0,3.276666666666667,0.0,0.0,0.0,0.0,0.0,0.0,0.0,0.0,0.0,0.0,0.0,0.0,0.0,0.0,0.0,0.0,0.0,0.0,0.0,0.0,0.0,0.0,0.0,0.0,0.0,0.0,0.0,0.0,0.0,0.0,0.0,0.0,0.0,0.0,0.0,0.0,0.0,0.0,0.0,0.0,2.0,18.0,1.0,1.0,0.0,1.0,5.0,4.0,22.0,13.0,28.0,42.0,13.0,10.0,0.0,0.0,0.0,0.0,0.0,0.0,0.0,0.0,0.0,0.0,0.0,0.0,0.0,0.0,0.0,0.0,0.0,0.0,0.0,0.0,2.0,26.0,1.0,2.0,0.0,2.0,6.0,5.0,29.0,18.0,37.0,66.0,15.0,16.0
558,1.0,558.0,London_11,3years_LHD,1Lon_11,151,453,1092.0,70.0,2.0,164892.0,1.7646187357604504,817.0,62.0,1.0,61.0,125.0,9.0,116.0,300.0,183.0,109.0,20.0,85.0,16.0,32.0,1.0,7.0,9.0,94.0,145.0,205.0,42.0,0.84,0.0,0.0,0.0,0.0,0.0,0.0,0.0,0.0,0.0,0.0,0.0,0.0,0.0,0.0,0.0,0.0,0.0,0.0,0.0,0.0,0.0,0.0,0.0,0.0,0.0,0.0,0.0,0.0,0.0,1.0,0.0,0.0,0.0,0.0,0.0,0.0,0.0,0.0,0.0,0.0,3.0,4.0,2.0,1.0,2.0,0.0,3.0,4.0,7.0,7.0,11.0,14.0,14.0,4.0,0.0,0.0,0.0,0.0,0.0,0.0,0.0,0.0,0.0,5.0,0.0,0.0,0.0,0.0,0.0,0.0,0.0,0.0,0.0,0.0,3.0,7.0,2.0,1.0,2.0,0.0,3.0,7.0,9.0,9.0,21.0,19.0,18.0,7.0
559,1.0,559.0,London_11,3years_LHD,1Lon_11,151,453,1092.0,70.0,2.0,187995.0,4.986184629611671,868.0,136.0,2.0,134.0,247.0,17.0,230.0,125.0,188.0,116.0,9.0,86.0,16.0,31.0,1.0,6.0,10.0,95.0,149.0,199.0,53.0,2.0040485829959516,0.0,0.0,0.0,0.0,0.0,0.0,0.0,0.0,0.0,0.0,0.0,0.0,0.0,0.0,0.0,0.0,0.0,0.0,0.0,0.0,0.0,0.0,0.0,0.0,0.0,0.0,0.0,0.0,0.0,0.0,0.0,0.0,1.0,0.0,0.0,1.0,0.0,0.0,0.0,0.0,4.0,0.0,0.0,2.0,1.0,0.0,16.0,9.0,4.0,11.0,24.0,35.0,19.0,11.0,0.0,0.0,0.0,0.0,0.0,0.0,0.0,0.0,0.0,0.0,0.0,0.0,4.0,0.0,0.0,3.0,0.0,0.0,0.0,0.0,5.0,0.0,0.0,4.0,1.0,0.0,18.0,11.0,5.0,16.0,36.0,51.0,23.0,13.0
560,1.0,560.0,London_11,3years_LHD,1Lon_11,151,453,1092.0,70.0,2.0,168516.0,3.232167954556644,825.0,78.0,0.0,78.0,130.0,0.0,130.0,247.0,182.0,115.0,20.0,91.0,11.0,24.0,2.0,8.0,3.0,95.0,164.0,191.0,45.0,0.6230769230769231,0.0,0.0,0.0,0.0,0.0,0.0,0.0,0.0,0.0,0.0,0.0,0.0,0.0,0.0,0.0,0.0,0.0,0.0,0.0,0.0,0.0,0.0,0.0,0.0,0.0,0.0,0.0,0.0,0.0,0.0,0.0,0.0,0.0,0.0,0.0,0.0,0.0,0.0,0.0,0.0,10.0,0.0,0.0,6.0,4.0,0.0,3.0,7.0,5.0,13.0,14.0,21.0,24.0,7.0,0.0,0.0,0.0,0.0,0.0,0.0,0.0,0.0,0.0,0.0,0.0,0.0,0.0,0.0,0.0,0.0,0.0,0.0,0.0,0.0,11.0,0.0,0.0,8.0,5.0,0.0,3.0,8.0,6.0,18.0,25.0,29.0,31.0,9.0
561,1.0,561.0,London_11,3years_LHD,1Lon_11,151,453,1092.0,70.0,2.0,168969.0,3.718779153190553,826.0,65.0,2.0,63.0,127.0,17.0,110.0,130.0,189.0,120.0,23.0,78.0,11.0,23.0,1.0,8.0,3.0,91.0,173.0,186.0,50.0,1.4488188976377954,0.0,0.0,0.0,0.0,0.0,0.0,0.0,0.0,0.0,0.0,0.0,0.0,0.0,0.0,0.0,0.0,0.0,0.0,0.0,0.0,0.0,0.0,0.0,0.0,0.0,0.0,0.0,0.0,0.0,2.0,0.0,0.0,1.0,1.0,1.0,1.0,0.0,0.0,0.0,0.0,2.0,1.0,3.0,0.0,3.0,0.0,4.0,4.0,3.0,10.0,14.0,7.0,16.0,3.0,0.0,0.0,0.0,0.0,0.0,0.0,0.0,0.0,0.0,10.0,0.0,0.0,6.0,4.0,6.0,7.0,0.0,0.0,0.0,0.0,2.0,2.0,3.0,0.0,3.0,0.0,4.0,4.0,3.0,12.0,19.0,10.0,20.0,3.0
562,1.0,562.0,London_11,3years_LHD,1Lon_11,151,453,1092.0,70.0,2.0,172593.0,5.20054747723043,834.0,145.0,0.0,145.0,259.0,0.0,259.0,127.0,196.0,130.0,21.0,73.0,9.0,12.0,1.0,11.0,4.0,74.0,179.0,196.0,35.0,1.7722007722007722,0.0,0.0,0.0,0.0,0.0,0.0,0.0,0.0,0.0,0.0,0.0,0.0,0.0,0.0,0.0,0.0,0.0,0.0,0.0,0.0,0.0,0.0,0.0,0.0,0.0,0.0,0.0,0.0,0.0,0.0,0.0,0.0,0.0,0.0,0.0,0.0,0.0,0.0,0.0,0.0,3.0,4.0,3.0,0.0,7.0,0.0,6.0,16.0,0.0,18.0,27.0,48.0,13.0,16.0,0.0,0.0,0.0,0.0,0.0,0.0,0.0,0.0,0.0,0.0,0.0,0.0,0.0,0.0,0.0,0.0,0.0,0.0,0.0,0.0,3.0,8.0,3.0,0.0,8.0,0.0,9.0,22.0,0.0,24.0,42.0,65.0,18.0,25.0
563,1.0,563.0,London_11,3years_LHD,1Lon_11,151,453,1092.0,70.0,2.0,132276.0,4.8241808693856,745.0,142.0,1.0,141.0,257.0,10.0,247.0,259.0,207.0,115.0,16.0,73.0,10.0,30.0,0.0,2.0,8.0,75.0,153.0,217.0,35.0,1.1828793774319066,0.0,0.0,0.0,0.0,0.0,0.0,0.0,0.0,0.0,0.0,0.0,0.0,0.0,0.0,0.0,0.0,0.0,0.0,0.0,0.0,0.0,0.0,0.0,0.0,0.0,0.0,0.0,0.0,0.0,0.0,0.0,0.0,0.0,0.0,1.0,0.0,1.0,0.0,0.0,0.0,4.0,0.0,0.0,3.0,4.0,0.0,14.0,11.0,9.0,19.0,25.0,32.0,43.0,10.0,0.0,0.0,0.0,0.0,0.0,0.0,0.0,0.0,0.0,0.0,0.0,0.0,0.0,0.0,6.0,0.0,9.0,0.0,0.0,0.0,4.0,0.0,0.0,3.0,4.0,0.0,19.0,16.0,14.0,25.0,37.0,46.0,60.0,13.0
564,1.0,564.0,London_11,3years_LHD,1Lon_11,151,453,1092.0,70.0,2.0,92412.0,3.1741074454039335,657.0,22.0,0.0,22.0,36.0,0.0,36.0,257.0,219.0,114.0,11.0,81.0,5.0,19.0,1.0,3.0,3.0,76.0,158.0,216.0,32.0,0.3888888888888889,0.0,0.0,0.0,0.0,0.0,0.0,0.0,0.0,0.0,0.0,0.0,0.0,0.0,0.0,0.0,0.0,0.0,0.0,0.0,0.0,0.0,0.0,0.0,0.0,0.0,0.0,0.0,0.0,0.0,0.0,0.0,0.0,0.0,0.0,0.0,0.0,0.0,0.0,0.0,0.0,0.0,0.0,0.0,1.0,0.0,0.0,4.0,1.0,4.0,3.0,2.0,9.0,3.0,6.0,0.0,0.0,0.0,0.0,0.0,0.0,0.0,0.0,0.0,0.0,0.0,0.0,0.0,0.0,0.0,0.0,0.0,0.0,0.0,0.0,0.0,0.0,0.0,1.0,0.0,0.0,4.0,1.0,8.0,4.0,2.0,14.0,4.0,7.0
565,1.0,565.0,London_11,3years_LHD,1Lon_11,151,453,1092.0,70.0,2.0,120045.0,5.050608613528311,718.0,125.0,2.0,123.0,227.0,20.0,207.0,36.0,218.0,113.0,18.0,79.0,4.0,18.0,0.0,3.0,3.0,78.0,158.0,214.0,36.0,2.211453744493392,0.0,0.0,0.0,0.0,0.0,0.0,0.0,0.0,0.0,0.0,0.0,0.0,0.0,0.0,0.0,0.0,0.0,0.0,0.0,0.0,0.0,0.0,0.0,0.0,0.0,0.0,0.0,0.0,0.0,1.0,0.0,0.0,1.0,0.0,0.0,1.0,1.0,0.0,0.0,0.0,2.0,0.0,2.0,2.0,1.0,0.0,12.0,13.0,7.0,17.0,16.0,27.0,15.0,15.0,0.0,0.0,0.0,0.0,0.0,0.0,0.0,0.0,0.0,6.0,0.0,0.0,8.0,0.0,0.0,5.0,10.0,0.0,0.0,0.0,3.0,0.0,2.0,3.0,1.0,0.0,14.0,16.0,7.0,20.0,23.0,42.0,17.0,20.0
566,1.0,566.0,London_11,3years_LHD,1Lon_11,151,453,1092.0,70.0,2.0,90147.0,3.254818581044674,652.0,8.0,2.0,6.0,27.0,16.0,11.0,227.0,208.0,121.0,15.0,82.0,5.0,16.0,1.0,5.0,1.0,84.0,150.0,218.0,29.0,2.5185185185185186,0.0,0.0,0.0,0.0,0.0,0.0,0.0,0.0,0.0,0.0,0.0,0.0,0.0,0.0,0.0,0.0,0.0,0.0,0.0,0.0,0.0,0.0,0.0,0.0,0.0,0.0,0.0,0.0,0.0,0.0,0.0,0.0,1.0,0.0,0.0,2.0,0.0,0.0,0.0,0.0,0.0,0.0,0.0,0.0,0.0,0.0,2.0,0.0,0.0,0.0,2.0,0.0,3.0,1.0,0.0,0.0,0.0,0.0,0.0,0.0,0.0,0.0,0.0,0.0,0.0,0.0,6.0,0.0,0.0,9.0,0.0,0.0,0.0,0.0,0.0,0.0,0.0,0.0,0.0,0.0,3.0,0.0,0.0,0.0,3.0,0.0,3.0,1.0
567,1.0,567.0,London_11,3years_LHD,1Lon_11,151,453,1092.0,70.0,2.0,124575.0,1.5442979913204908,728.0,16.0,0.0,16.0,30.0,0.0,30.0,27.0,205.0,120.0,16.0,81.0,5.0,20.0,1.0,5.0,0.0,80.0,144.0,229.0,21.0,1.3,0.0,0.0,0.0,0.0,0.0,0.0,0.0,0.0,0.0,0.0,0.0,0.0,0.0,0.0,0.0,0.0,0.0,0.0,0.0,0.0,0.0,0.0,0.0,0.0,0.0,0.0,0.0,0.0,0.0,0.0,0.0,0.0,0.0,0.0,0.0,0.0,0.0,0.0,0.0,0.0,0.0,1.0,2.0,0.0,0.0,0.0,2.0,1.0,1.0,4.0,1.0,2.0,5.0,0.0,0.0,0.0,0.0,0.0,0.0,0.0,0.0,0.0,0.0,0.0,0.0,0.0,0.0,0.0,0.0,0.0,0.0,0.0,0.0,0.0,0.0,2.0,3.0,0.0,0.0,0.0,2.0,1.0,1.0,5.0,2.0,2.0,7.0,0.0
568,1.0,568.0,London_11,3years_LHD,1Lon_11,151,453,1092.0,70.0,2.0,158097.0,3.1388711277395487,802.0,68.0,0.0,68.0,111.0,0.0,111.0,30.0,208.0,126.0,17.0,73.0,5.0,17.0,2.0,5.0,0.0,84.0,143.0,226.0,22.0,2.3423423423423424,0.0,0.0,0.0,0.0,0.0,0.0,0.0,0.0,0.0,0.0,0.0,0.0,0.0,0.0,0.0,0.0,0.0,0.0,0.0,0.0,0.0,0.0,0.0,0.0,0.0,0.0,0.0,0.0,0.0,0.0,0.0,0.0,0.0,0.0,0.0,0.0,0.0,0.0,0.0,0.0,1.0,2.0,6.0,0.0,3.0,0.0,9.0,2.0,0.0,12.0,14.0,14.0,18.0,0.0,0.0,0.0,0.0,0.0,0.0,0.0,0.0,0.0,0.0,0.0,0.0,0.0,0.0,0.0,0.0,0.0,0.0,0.0,0.0,0.0,1.0,3.0,6.0,0.0,3.0,0.0,10.0,2.0,0.0,16.0,25.0,19.0,23.0,0.0
569,1.0,569.0,London_11,3years_LHD,1Lon_11,151,453,1092.0,70.0,2.0,171687.0,2.203188124112785,832.0,59.0,2.0,57.0,107.0,17.0,90.0,111.0,217.0,125.0,15.0,64.0,5.0,24.0,0.0,3.0,2.0,85.0,148.0,218.0,25.0,3.046728971962617,0.0,0.0,0.0,0.0,0.0,0.0,0.0,0.0,0.0,0.0,0.0,0.0,0.0,0.0,0.0,0.0,0.0,0.0,0.0,0.0,0.0,0.0,0.0,0.0,0.0,0.0,0.0,0.0,0.0,0.0,0.0,0.0,0.0,0.0,0.0,1.0,0.0,0.0,0.0,0.0,2.0,3.0,7.0,1.0,1.0,0.0,7.0,1.0,2.0,7.0,6.0,15.0,12.0,5.0,0.0,0.0,0.0,0.0,0.0,0.0,0.0,0.0,0.0,0.0,0.0,0.0,0.0,0.0,0.0,3.0,0.0,0.0,0.0,0.0,2.0,3.0,8.0,2.0,1.0,0.0,9.0,2.0,2.0,8.0,10.0,26.0,14.0,7.0
570,1.0,570.0,London_11,3years_LHD,1Lon_11,151,453,1092.0,70.0,2.0,187995.0,5.42172319162637,868.0,75.0,2.0,73.0,137.0,18.0,119.0,107.0,212.0,127.0,16.0,60.0,5.0,30.0,0.0,3.0,2.0,86.0,153.0,212.0,32.0,2.372262773722628,0.0,0.0,0.0,0.0,0.0,0.0,0.0,0.0,0.0,0.0,0.0,0.0,0.0,0.0,0.0,0.0,0.0,0.0,0.0,0.0,0.0,0.0,0.0,0.0,0.0,0.0,0.0,0.0,0.0,1.0,0.0,0.0,2.0,0.0,0.0,1.0,0.0,0.0,0.0,0.0,3.0,3.0,7.0,3.0,3.0,0.0,10.0,4.0,6.0,8.0,22.0,15.0,20.0,7.0,0.0,0.0,0.0,0.0,0.0,0.0,0.0,0.0,0.0,8.0,0.0,0.0,14.0,0.0,0.0,5.0,0.0,0.0,0.0,0.0,3.0,3.0,7.0,5.0,3.0,0.0,10.0,7.0,6.0,9.0,36.0,23.0,25.0,9.0
571,1.0,571.0,London_11,3years_LHD,1Lon_11,151,453,1092.0,70.0,2.0,203850.0,5.949355716817081,903.0,168.0,0.0,168.0,301.0,0.0,301.0,137.0,220.0,132.0,11.0,60.0,3.0,21.0,1.0,5.0,4.0,70.0,153.0,226.0,27.0,3.1129568106312293,0.0,0.0,0.0,0.0,0.0,0.0,0.0,0.0,0.0,0.0,0.0,0.0,0.0,0.0,0.0,0.0,0.0,0.0,0.0,0.0,0.0,0.0,0.0,0.0,0.0,0.0,0.0,0.0,0.0,0.0,0.0,0.0,0.0,0.0,0.0,0.0,0.0,0.0,0.0,0.0,1.0,4.0,0.0,0.0,0.0,1.0,9.0,11.0,1.0,8.0,37.0,45.0,28.0,13.0,0.0,0.0,0.0,0.0,0.0,0.0,0.0,0.0,0.0,0.0,0.0,0.0,0.0,0.0,0.0,0.0,0.0,0.0,0.0,0.0,1.0,4.0,0.0,0.0,0.0,2.0,10.0,14.0,1.0,11.0,46.0,65.0,37.0,20.0
572,1.0,572.0,London_11,3years_LHD,1Lon_11,151,453,1092.0,70.0,2.0,170781.0,1.909339808858931,830.0,69.0,0.0,69.0,116.0,0.0,116.0,301.0,192.0,96.0,22.0,110.0,8.0,22.0,2.0,1.0,7.0,78.0,153.0,215.0,29.0,0.5086206896551724,0.0,0.0,0.0,0.0,0.0,0.0,0.0,0.0,0.0,0.0,0.0,0.0,0.0,0.0,0.0,0.0,0.0,0.0,0.0,0.0,0.0,0.0,0.0,0.0,0.0,0.0,0.0,0.0,0.0,0.0,0.0,0.0,0.0,0.0,0.0,0.0,0.0,0.0,0.0,0.0,1.0,10.0,0.0,1.0,0.0,0.0,6.0,3.0,2.0,13.0,8.0,20.0,11.0,6.0,0.0,0.0,0.0,0.0,0.0,0.0,0.0,0.0,0.0,0.0,0.0,0.0,0.0,0.0,0.0,0.0,0.0,0.0,0.0,0.0,2.0,12.0,0.0,3.0,0.0,0.0,7.0,6.0,3.0,19.0,13.0,28.0,16.0,8.0
573,1.0,573.0,London_11,3years_LHD,1Lon_11,151,453,1092.0,70.0,2.0,190713.0,5.697712983936071,874.0,141.0,2.0,139.0,254.0,22.0,232.0,116.0,199.0,95.0,16.0,107.0,13.0,23.0,0.0,0.0,7.0,85.0,153.0,208.0,36.0,2.3976377952755907,0.0,0.0,0.0,0.0,0.0,0.0,0.0,0.0,0.0,0.0,0.0,0.0,0.0,0.0,0.0,0.0,0.0,0.0,0.0,0.0,0.0,0.0,0.0,0.0,0.0,0.0,0.0,0.0,0.0,0.0,0.0,0.0,0.0,0.0,0.0,1.0,0.0,0.0,0.0,0.0,6.0,12.0,3.0,0.0,4.0,0.0,17.0,0.0,13.0,16.0,17.0,40.0,19.0,9.0,0.0,0.0,0.0,0.0,0.0,0.0,0.0,0.0,0.0,0.0,0.0,0.0,0.0,0.0,0.0,3.0,0.0,0.0,0.0,0.0,7.0,20.0,4.0,0.0,4.0,0.0,21.0,0.0,17.0,19.0,25.0,50.0,28.0,17.0
574,1.0,574.0,London_11,3years_LHD,1Lon_11,151,453,1092.0,70.0,2.0,163986.0,3.784648093394935,815.0,75.0,0.0,75.0,129.0,0.0,129.0,254.0,178.0,104.0,21.0,109.0,10.0,22.0,2.0,7.0,11.0,87.0,144.0,211.0,50.0,1.193798449612403,0.0,0.0,0.0,0.0,0.0,0.0,0.0,0.0,0.0,0.0,0.0,0.0,0.0,0.0,0.0,0.0,0.0,0.0,0.0,0.0,0.0,0.0,0.0,0.0,0.0,0.0,0.0,0.0,0.0,0.0,0.0,0.0,0.0,0.0,0.0,0.0,0.0,0.0,0.0,0.0,2.0,8.0,5.0,1.0,3.0,0.0,4.0,3.0,5.0,14.0,12.0,19.0,13.0,6.0,0.0,0.0,0.0,0.0,0.0,0.0,0.0,0.0,0.0,0.0,0.0,0.0,0.0,0.0,0.0,0.0,0.0,0.0,0.0,0.0,2.0,14.0,5.0,2.0,3.0,0.0,5.0,4.0,6.0,22.0,17.0,24.0,15.0,8.0
575,1.0,575.0,London_11,3years_LHD,1Lon_11,151,453,1092.0,70.0,2.0,163533.0,4.902939456515014,814.0,60.0,2.0,58.0,126.0,17.0,109.0,129.0,179.0,114.0,18.0,90.0,13.0,29.0,0.0,10.0,14.0,75.0,165.0,199.0,59.0,1.1428571428571428,0.0,0.0,0.0,0.0,0.0,0.0,0.0,0.0,0.0,0.0,0.0,0.0,0.0,0.0,0.0,0.0,0.0,0.0,0.0,0.0,0.0,0.0,0.0,0.0,0.0,0.0,0.0,0.0,0.0,0.0,1.0,0.0,1.0,0.0,0.0,1.0,0.0,0.0,0.0,0.0,0.0,4.0,1.0,1.0,3.0,0.0,5.0,4.0,4.0,6.0,13.0,16.0,11.0,6.0,0.0,0.0,0.0,0.0,0.0,0.0,0.0,0.0,0.0,0.0,7.0,0.0,5.0,0.0,0.0,4.0,0.0,0.0,0.0,0.0,0.0,6.0,1.0,1.0,3.0,0.0,5.0,5.0,6.0,10.0,24.0,25.0,16.0,12.0
576,1.0,576.0,London_11,3years_LHD,1Lon_11,151,453,1092.0,70.0,2.0,173952.0,5.009034464135766,837.0,145.0,0.0,145.0,258.0,0.0,258.0,126.0,191.0,104.0,11.0,82.0,13.0,31.0,2.0,19.0,11.0,83.0,151.0,208.0,59.0,2.368217054263566,0.0,0.0,0.0,0.0,0.0,0.0,0.0,0.0,0.0,0.0,0.0,0.0,0.0,0.0,0.0,0.0,0.0,0.0,0.0,0.0,0.0,0.0,0.0,0.0,0.0,0.0,0.0,0.0,0.0,0.0,0.0,0.0,0.0,0.0,0.0,0.0,0.0,0.0,0.0,0.0,0.0,1.0,3.0,2.0,3.0,0.0,11.0,5.0,10.0,6.0,30.0,22.0,17.0,13.0,0.0,0.0,0.0,0.0,0.0,0.0,0.0,0.0,0.0,0.0,0.0,0.0,0.0,0.0,0.0,0.0,0.0,0.0,0.0,0.0,0.0,1.0,4.0,4.0,4.0,0.0,15.0,7.0,17.0,9.0,44.0,34.0,27.0,20.0
577,1.0,577.0,London_11,3years_LHD,1Lon_11,151,453,1092.0,70.0,2.0,135900.0,3.534655872732401,753.0,149.0,0.0,149.0,247.0,0.0,247.0,258.0,181.0,110.0,18.0,66.0,15.0,42.0,4.0,17.0,10.0,74.0,147.0,222.0,43.0,1.3481781376518218,0.0,0.0,0.0,0.0,0.0,0.0,0.0,0.0,0.0,0.0,0.0,0.0,0.0,0.0,0.0,0.0,0.0,0.0,0.0,0.0,0.0,0.0,0.0,0.0,0.0,0.0,0.0,0.0,0.0,0.0,0.0,0.0,0.0,0.0,0.0,0.0,0.0,0.0,0.0,0.0,1.0,10.0,2.0,0.0,1.0,1.0,2.0,12.0,11.0,3.0,31.0,36.0,14.0,15.0,0.0,0.0,0.0,0.0,0.0,0.0,0.0,0.0,0.0,0.0,0.0,0.0,0.0,0.0,0.0,0.0,0.0,0.0,0.0,0.0,2.0,10.0,2.0,0.0,1.0,2.0,3.0,18.0,14.0,4.0,44.0,50.0,17.0,27.0
578,1.0,578.0,London_11,3years_LHD,1Lon_11,151,453,1092.0,70.0,2.0,86976.0,2.496809482574463,645.0,21.0,0.0,21.0,36.0,0.0,36.0,247.0,183.0,113.0,17.0,68.0,13.0,42.0,0.0,17.0,12.0,80.0,152.0,209.0,37.0,1.0,0.0,0.0,0.0,0.0,0.0,0.0,0.0,0.0,0.0,0.0,0.0,0.0,0.0,0.0,0.0,0.0,0.0,0.0,0.0,0.0,0.0,0.0,0.0,0.0,0.0,0.0,0.0,0.0,0.0,0.0,0.0,0.0,0.0,0.0,0.0,0.0,0.0,0.0,0.0,0.0,1.0,3.0,0.0,0.0,3.0,1.0,4.0,1.0,3.0,0.0,6.0,3.0,5.0,3.0,0.0,0.0,0.0,0.0,0.0,0.0,0.0,0.0,0.0,0.0,0.0,0.0,0.0,0.0,0.0,0.0,0.0,0.0,0.0,0.0,1.0,4.0,0.0,0.0,3.0,2.0,7.0,1.0,3.0,0.0,9.0,5.0,7.0,4.0
579,1.0,579.0,London_11,3years_LHD,1Lon_11,151,453,1092.0,70.0,2.0,114156.0,2.1009280513972044,705.0,121.0,2.0,119.0,229.0,20.0,209.0,36.0,188.0,116.0,13.0,66.0,9.0,43.0,0.0,18.0,12.0,81.0,158.0,202.0,43.0,1.8602620087336244,0.0,0.0,0.0,0.0,0.0,0.0,0.0,0.0,0.0,0.0,0.0,0.0,0.0,0.0,0.0,0.0,0.0,0.0,0.0,0.0,0.0,0.0,0.0,0.0,0.0,0.0,0.0,0.0,0.0,0.0,0.0,0.0,1.0,0.0,0.0,2.0,0.0,0.0,0.0,0.0,3.0,8.0,0.0,4.0,4.0,0.0,13.0,5.0,14.0,15.0,19.0,35.0,11.0,12.0,0.0,0.0,0.0,0.0,0.0,0.0,0.0,0.0,0.0,0.0,0.0,0.0,9.0,0.0,0.0,11.0,0.0,0.0,0.0,0.0,5.0,9.0,0.0,6.0,4.0,0.0,16.0,6.0,22.0,19.0,23.0,58.0,16.0,21.0
580,1.0,580.0,London_11,3years_LHD,1Lon_11,151,453,1092.0,70.0,2.0,90600.0,2.492941469885409,653.0,9.0,2.0,7.0,29.0,18.0,11.0,229.0,193.0,123.0,13.0,63.0,9.0,36.0,2.0,14.0,11.0,71.0,151.0,220.0,39.0,1.5517241379310345,0.0,0.0,0.0,0.0,0.0,0.0,0.0,0.0,0.0,0.0,0.0,0.0,0.0,0.0,0.0,0.0,0.0,0.0,0.0,0.0,0.0,0.0,0.0,0.0,0.0,0.0,0.0,0.0,0.0,0.0,0.0,0.0,0.0,0.0,0.0,2.0,0.0,0.0,0.0,0.0,0.0,0.0,0.0,0.0,0.0,0.0,2.0,0.0,1.0,0.0,3.0,2.0,1.0,1.0,0.0,0.0,0.0,0.0,0.0,0.0,0.0,0.0,0.0,0.0,0.0,0.0,0.0,0.0,0.0,12.0,0.0,0.0,0.0,0.0,0.0,0.0,0.0,0.0,0.0,0.0,2.0,0.0,2.0,0.0,4.0,4.0,1.0,2.0
581,1.0,581.0,London_11,3years_LHD,1Lon_11,151,453,1092.0,70.0,2.0,129558.0,2.841316156089306,739.0,20.0,0.0,20.0,31.0,0.0,31.0,29.0,196.0,124.0,15.0,65.0,7.0,38.0,0.0,8.0,6.0,73.0,146.0,228.0,26.0,1.5806451612903225,0.0,0.0,0.0,0.0,0.0,0.0,0.0,0.0,0.0,0.0,0.0,0.0,0.0,0.0,0.0,0.0,0.0,0.0,0.0,0.0,0.0,0.0,0.0,0.0,0.0,0.0,0.0,0.0,0.0,0.0,0.0,0.0,0.0,0.0,0.0,0.0,0.0,0.0,0.0,0.0,0.0,2.0,0.0,0.0,0.0,0.0,4.0,4.0,0.0,5.0,5.0,6.0,4.0,3.0,0.0,0.0,0.0,0.0,0.0,0.0,0.0,0.0,0.0,0.0,0.0,0.0,0.0,0.0,0.0,0.0,0.0,0.0,0.0,0.0,0.0,3.0,0.0,0.0,0.0,0.0,4.0,5.0,0.0,5.0,7.0,10.0,5.0,4.0
582,1.0,582.0,London_11,3years_LHD,1Lon_11,151,453,1092.0,70.0,2.0,163080.0,5.918638837523758,813.0,68.0,0.0,68.0,112.0,0.0,112.0,31.0,198.0,122.0,11.0,69.0,8.0,36.0,0.0,9.0,6.0,77.0,145.0,225.0,32.0,2.6160714285714284,0.0,0.0,0.0,0.0,0.0,0.0,0.0,0.0,0.0,0.0,0.0,0.0,0.0,0.0,0.0,0.0,0.0,0.0,0.0,0.0,0.0,0.0,0.0,0.0,0.0,0.0,0.0,0.0,0.0,0.0,0.0,0.0,0.0,0.0,0.0,0.0,0.0,0.0,0.0,0.0,0.0,2.0,8.0,0.0,1.0,0.0,9.0,4.0,1.0,5.0,12.0,19.0,3.0,8.0,0.0,0.0,0.0,0.0,0.0,0.0,0.0,0.0,0.0,0.0,0.0,0.0,0.0,0.0,0.0,0.0,0.0,0.0,0.0,0.0,0.0,3.0,9.0,0.0,1.0,0.0,13.0,5.0,1.0,7.0,17.0,24.0,3.0,15.0
583,1.0,583.0,London_11,3years_LHD,1Lon_11,151,453,1092.0,70.0,2.0,168969.0,3.2335924385115504,826.0,58.0,2.0,56.0,109.0,19.0,90.0,112.0,201.0,133.0,11.0,50.0,8.0,42.0,0.0,8.0,9.0,81.0,156.0,207.0,37.0,3.8073394495412844,0.0,0.0,0.0,0.0,0.0,0.0,0.0,0.0,0.0,0.0,0.0,0.0,0.0,0.0,0.0,0.0,0.0,0.0,0.0,0.0,0.0,0.0,0.0,0.0,0.0,0.0,0.0,0.0,0.0,0.0,0.0,0.0,0.0,0.0,0.0,1.0,0.0,0.0,0.0,0.0,2.0,0.0,4.0,1.0,2.0,0.0,5.0,4.0,6.0,9.0,16.0,8.0,12.0,5.0,0.0,0.0,0.0,0.0,0.0,0.0,0.0,0.0,0.0,0.0,0.0,0.0,0.0,0.0,0.0,2.0,0.0,0.0,0.0,0.0,2.0,0.0,5.0,1.0,2.0,0.0,8.0,8.0,8.0,11.0,23.0,12.0,15.0,8.0
584,1.0,584.0,London_11,3years_LHD,1Lon_11,151,453,1092.0,70.0,2.0,182106.0,4.058039180003107,855.0,69.0,3.0,66.0,143.0,25.0,118.0,109.0,195.0,132.0,14.0,49.0,10.0,45.0,0.0,8.0,7.0,76.0,160.0,210.0,35.0,2.8181818181818183,0.0,0.0,0.0,0.0,0.0,0.0,0.0,0.0,0.0,0.0,0.0,0.0,0.0,0.0,0.0,0.0,0.0,0.0,0.0,0.0,0.0,0.0,0.0,0.0,0.0,0.0,0.0,0.0,0.0,0.0,0.0,0.0,1.0,0.0,1.0,2.0,0.0,0.0,0.0,0.0,3.0,0.0,3.0,0.0,0.0,0.0,8.0,7.0,5.0,10.0,10.0,16.0,9.0,6.0,0.0,0.0,0.0,0.0,0.0,0.0,0.0,0.0,0.0,0.0,0.0,0.0,4.0,0.0,7.0,15.0,0.0,0.0,0.0,0.0,4.0,0.0,3.0,0.0,0.0,0.0,10.0,9.0,8.0,14.0,12.0,26.0,9.0,9.0
585,1.0,585.0,London_11,3years_LHD,1Lon_11,151,453,1092.0,70.0,2.0,201132.0,4.928671304136515,897.0,176.0,0.0,176.0,300.0,0.0,300.0,143.0,193.0,141.0,14.0,41.0,7.0,52.0,0.0,5.0,4.0,71.0,154.0,224.0,24.0,2.966666666666667,0.0,0.0,0.0,0.0,0.0,0.0,0.0,0.0,0.0,0.0,0.0,0.0,0.0,0.0,0.0,0.0,0.0,0.0,0.0,0.0,0.0,0.0,0.0,0.0,0.0,0.0,0.0,0.0,0.0,0.0,0.0,0.0,0.0,0.0,0.0,0.0,0.0,0.0,0.0,0.0,12.0,6.0,1.0,3.0,0.0,0.0,8.0,13.0,8.0,9.0,44.0,44.0,17.0,10.0,0.0,0.0,0.0,0.0,0.0,0.0,0.0,0.0,0.0,0.0,0.0,0.0,0.0,0.0,0.0,0.0,0.0,0.0,0.0,0.0,16.0,9.0,1.0,3.0,0.0,0.0,11.0,18.0,8.0,12.0,62.0,70.0,21.0,16.0
586,1.0,586.0,London_11,3years_LHD,1Lon_11,151,453,1092.0,70.0,2.0,159909.0,5.298178588971496,806.0,67.0,0.0,67.0,118.0,0.0,118.0,300.0,182.0,109.0,22.0,78.0,6.0,45.0,1.0,10.0,3.0,78.0,164.0,208.0,45.0,0.8813559322033898,0.0,0.0,0.0,0.0,0.0,0.0,0.0,0.0,0.0,0.0,0.0,0.0,0.0,0.0,0.0,0.0,0.0,0.0,0.0,0.0,0.0,0.0,0.0,0.0,0.0,0.0,0.0,0.0,0.0,0.0,0.0,0.0,0.0,0.0,0.0,0.0,0.0,0.0,0.0,0.0,2.0,3.0,8.0,1.0,1.0,0.0,7.0,5.0,12.0,5.0,14.0,15.0,12.0,10.0,0.0,0.0,0.0,0.0,0.0,0.0,0.0,0.0,0.0,0.0,0.0,0.0,0.0,0.0,0.0,0.0,0.0,0.0,0.0,0.0,2.0,4.0,8.0,1.0,1.0,0.0,12.0,5.0,14.0,8.0,23.0,20.0,18.0,14.0
587,1.0,587.0,London_11,3years_LHD,1Lon_11,151,453,1092.0,70.0,2.0,172593.0,1.1168962670490146,834.0,133.0,2.0,131.0,247.0,17.0,230.0,118.0,186.0,111.0,15.0,80.0,11.0,43.0,1.0,6.0,10.0,83.0,164.0,196.0,50.0,1.3927125506072875,0.0,0.0,0.0,0.0,0.0,0.0,0.0,0.0,0.0,0.0,0.0,0.0,0.0,0.0,0.0,0.0,0.0,0.0,0.0,0.0,0.0,0.0,0.0,0.0,0.0,0.0,0.0,0.0,0.0,0.0,0.0,0.0,1.0,0.0,0.0,1.0,0.0,0.0,0.0,0.0,3.0,10.0,4.0,0.0,1.0,1.0,9.0,9.0,7.0,12.0,27.0,30.0,24.0,7.0,0.0,0.0,0.0,0.0,0.0,0.0,0.0,0.0,0.0,0.0,0.0,0.0,7.0,0.0,0.0,3.0,0.0,0.0,0.0,0.0,3.0,13.0,4.0,0.0,1.0,2.0,9.0,12.0,9.0,13.0,48.0,42.0,28.0,11.0
588,1.0,588.0,London_11,3years_LHD,1Lon_11,151,453,1092.0,70.0,2.0,152661.0,3.366454035975039,790.0,64.0,0.0,64.0,120.0,0.0,120.0,247.0,204.0,112.0,17.0,66.0,16.0,33.0,1.0,4.0,9.0,76.0,155.0,213.0,37.0,0.95,0.0,0.0,0.0,0.0,0.0,0.0,0.0,0.0,0.0,0.0,0.0,0.0,0.0,0.0,0.0,0.0,0.0,0.0,0.0,0.0,0.0,0.0,0.0,0.0,0.0,0.0,0.0,0.0,0.0,0.0,0.0,0.0,0.0,0.0,0.0,0.0,0.0,0.0,0.0,0.0,0.0,2.0,2.0,0.0,1.0,0.0,10.0,2.0,10.0,8.0,14.0,14.0,14.0,4.0,0.0,0.0,0.0,0.0,0.0,0.0,0.0,0.0,0.0,0.0,0.0,0.0,0.0,0.0,0.0,0.0,0.0,0.0,0.0,0.0,0.0,2.0,2.0,0.0,2.0,0.0,15.0,2.0,15.0,8.0,23.0,20.0,17.0,5.0
589,1.0,589.0,London_11,3years_LHD,1Lon_11,151,453,1092.0,70.0,2.0,160815.0,4.698102316819131,808.0,128.0,2.0,126.0,228.0,15.0,213.0,120.0,208.0,110.0,15.0,69.0,18.0,31.0,0.0,2.0,11.0,69.0,177.0,196.0,47.0,1.381578947368421,0.0,0.0,0.0,0.0,0.0,0.0,0.0,0.0,0.0,0.0,0.0,0.0,0.0,0.0,0.0,0.0,0.0,0.0,0.0,0.0,0.0,0.0,0.0,0.0,0.0,0.0,0.0,0.0,0.0,0.0,0.0,0.0,0.0,0.0,0.0,2.0,0.0,0.0,0.0,0.0,0.0,4.0,5.0,1.0,0.0,0.0,5.0,3.0,16.0,6.0,21.0,27.0,16.0,10.0,0.0,0.0,0.0,0.0,0.0,0.0,0.0,0.0,0.0,0.0,0.0,0.0,0.0,0.0,0.0,5.0,0.0,0.0,0.0,0.0,0.0,5.0,5.0,1.0,0.0,0.0,8.0,3.0,21.0,7.0,29.0,41.0,22.0,13.0
590,1.0,590.0,London_11,3years_LHD,1Lon_11,151,453,1092.0,70.0,2.0,135900.0,3.5871040392667055,753.0,45.0,0.0,45.0,80.0,0.0,80.0,228.0,225.0,93.0,21.0,67.0,15.0,28.0,0.0,4.0,5.0,71.0,155.0,222.0,31.0,0.65,0.0,0.0,0.0,0.0,0.0,0.0,0.0,0.0,0.0,0.0,0.0,0.0,0.0,0.0,0.0,0.0,0.0,0.0,0.0,0.0,0.0,0.0,0.0,0.0,0.0,0.0,0.0,0.0,0.0,0.0,0.0,0.0,0.0,0.0,0.0,0.0,0.0,0.0,0.0,0.0,3.0,0.0,0.0,0.0,3.0,0.0,10.0,2.0,2.0,3.0,7.0,12.0,12.0,3.0,0.0,0.0,0.0,0.0,0.0,0.0,0.0,0.0,0.0,0.0,0.0,0.0,0.0,0.0,0.0,0.0,0.0,0.0,0.0,0.0,5.0,0.0,0.0,0.0,3.0,0.0,13.0,3.0,4.0,4.0,18.0,12.0,12.0,6.0
591,1.0,591.0,London_11,3years_LHD,1Lon_11,151,453,1092.0,70.0,2.0,152208.0,8.807819219306111,789.0,67.0,1.0,66.0,124.0,9.0,115.0,80.0,229.0,100.0,20.0,66.0,12.0,21.0,0.0,5.0,5.0,75.0,159.0,214.0,35.0,2.0725806451612905,0.0,0.0,0.0,0.0,0.0,0.0,0.0,0.0,0.0,0.0,0.0,0.0,0.0,0.0,0.0,0.0,0.0,0.0,0.0,0.0,0.0,0.0,0.0,0.0,0.0,0.0,0.0,0.0,0.0,0.0,0.0,0.0,0.0,0.0,0.0,1.0,0.0,0.0,0.0,0.0,3.0,2.0,2.0,1.0,0.0,0.0,7.0,3.0,3.0,5.0,11.0,17.0,19.0,5.0,0.0,0.0,0.0,0.0,0.0,0.0,0.0,0.0,0.0,0.0,0.0,0.0,0.0,0.0,0.0,3.0,0.0,0.0,0.0,0.0,3.0,2.0,2.0,1.0,0.0,0.0,10.0,4.0,6.0,6.0,16.0,27.0,30.0,8.0
592,1.0,592.0,London_11,3years_LHD,1Lon_11,151,453,1092.0,70.0,2.0,151302.0,5.386607311666012,787.0,136.0,0.0,136.0,222.0,0.0,222.0,124.0,236.0,107.0,16.0,51.0,14.0,28.0,0.0,1.0,5.0,70.0,172.0,206.0,41.0,1.9054054054054055,0.0,0.0,0.0,0.0,0.0,0.0,0.0,0.0,0.0,0.0,0.0,0.0,0.0,0.0,0.0,0.0,0.0,0.0,0.0,0.0,0.0,0.0,0.0,0.0,0.0,0.0,0.0,0.0,0.0,0.0,0.0,0.0,0.0,0.0,0.0,0.0,0.0,0.0,0.0,0.0,2.0,0.0,0.0,1.0,0.0,0.0,5.0,15.0,11.0,3.0,22.0,25.0,27.0,4.0,0.0,0.0,0.0,0.0,0.0,0.0,0.0,0.0,0.0,0.0,0.0,0.0,0.0,0.0,0.0,0.0,0.0,0.0,0.0,0.0,3.0,0.0,0.0,1.0,0.0,0.0,6.0,19.0,16.0,5.0,34.0,41.0,30.0,4.0
593,1.0,593.0,London_11,3years_LHD,1Lon_11,151,453,1092.0,70.0,2.0,126840.0,3.5352158322930336,733.0,32.0,2.0,30.0,68.0,17.0,51.0,222.0,245.0,77.0,18.0,71.0,8.0,27.0,3.0,4.0,5.0,68.0,169.0,211.0,34.0,2.142857142857143,0.0,0.0,0.0,0.0,0.0,0.0,0.0,0.0,0.0,1.0,0.0,1.0,0.0,0.0,0.0,0.0,0.0,0.0,1.0,0.0,0.0,0.0,0.0,0.0,0.0,0.0,0.0,0.0,0.0,0.0,0.0,0.0,0.0,0.0,0.0,1.0,0.0,0.0,0.0,0.0,2.0,1.0,0.0,0.0,1.0,0.0,5.0,3.0,0.0,3.0,8.0,5.0,9.0,5.0,0.0,0.0,0.0,0.0,0.0,0.0,0.0,0.0,0.0,0.0,0.0,0.0,0.0,0.0,0.0,2.0,0.0,0.0,0.0,0.0,2.0,1.0,0.0,0.0,1.0,0.0,6.0,5.0,0.0,4.0,11.0,9.0,11.0,8.0
594,1.0,594.0,London_11,3years_LHD,1Lon_11,151,453,1092.0,70.0,2.0,150849.0,4.264864902943373,786.0,124.0,2.0,122.0,215.0,17.0,198.0,63.0,234.0,85.0,15.0,72.0,4.0,31.0,3.0,9.0,3.0,77.0,164.0,209.0,36.0,1.572093023255814,0.0,0.0,0.0,0.0,0.0,0.0,0.0,0.0,0.0,0.0,0.0,0.0,0.0,0.0,0.0,0.0,0.0,0.0,0.0,0.0,0.0,0.0,0.0,0.0,0.0,0.0,0.0,0.0,0.0,0.0,0.0,0.0,2.0,0.0,0.0,2.0,0.0,0.0,0.0,0.0,4.0,16.0,0.0,0.0,4.0,1.0,23.0,17.0,7.0,18.0,26.0,33.0,18.0,1.0,0.0,0.0,0.0,0.0,0.0,0.0,0.0,0.0,0.0,0.0,0.0,0.0,10.0,0.0,0.0,6.0,0.0,0.0,0.0,0.0,4.0,22.0,0.0,0.0,4.0,2.0,30.0,21.0,9.0,20.0,38.0,47.0,23.0,2.0
595,1.0,595.0,London_11,3years_LHD,1Lon_11,151,453,1092.0,70.0,2.0,133182.0,2.7668545795604587,747.0,0.0,0.0,0.0,0.0,0.0,0.0,215.0,246.0,89.0,15.0,62.0,8.0,21.0,2.0,10.0,9.0,76.0,161.0,207.0,29.0,0.0,0.0,0.0,0.0,0.0,0.0,0.0,0.0,0.0,0.0,0.0,0.0,0.0,0.0,0.0,0.0,0.0,0.0,0.0,0.0,0.0,0.0,0.0,0.0,0.0,0.0,0.0,0.0,0.0,0.0,0.0,0.0,0.0,0.0,0.0,0.0,0.0,0.0,0.0,0.0,0.0,0.0,0.0,0.0,0.0,0.0,0.0,0.0,0.0,0.0,0.0,0.0,0.0,0.0,0.0,0.0,0.0,0.0,0.0,0.0,0.0,0.0,0.0,0.0,0.0,0.0,0.0,0.0,0.0,0.0,0.0,0.0,0.0,0.0,0.0,0.0,0.0,0.0,0.0,0.0,0.0,0.0,0.0,0.0,0.0,0.0,0.0,0.0,0.0
596,1.0,596.0,London_11,3years_LHD,1Lon_11,151,453,1092.0,70.0,2.0,175764.0,4.533150895498693,841.0,120.0,0.0,120.0,199.0,0.0,199.0,0.0,246.0,89.0,15.0,62.0,8.0,21.0,2.0,10.0,9.0,76.0,161.0,207.0,29.0,2.3316582914572863,0.0,0.0,0.0,0.0,0.0,0.0,0.0,0.0,0.0,0.0,0.0,0.0,0.0,0.0,0.0,0.0,0.0,0.0,0.0,0.0,0.0,0.0,0.0,0.0,0.0,0.0,0.0,0.0,0.0,0.0,0.0,0.0,0.0,0.0,0.0,0.0,0.0,0.0,0.0,0.0,3.0,1.0,0.0,0.0,4.0,0.0,12.0,7.0,3.0,11.0,30.0,31.0,25.0,7.0,0.0,0.0,0.0,0.0,0.0,0.0,0.0,0.0,0.0,0.0,0.0,0.0,0.0,0.0,0.0,0.0,0.0,0.0,0.0,0.0,3.0,1.0,0.0,0.0,4.0,0.0,14.0,8.0,4.0,15.0,43.0,47.0,34.0,12.0
597,1.0,597.0,London_11,3years_LHD,1Lon_11,151,453,1092.0,70.0,2.0,157644.0,4.872079758904874,801.0,62.0,2.0,60.0,119.0,19.0,100.0,199.0,255.0,95.0,14.0,44.0,10.0,25.0,3.0,7.0,4.0,78.0,158.0,213.0,25.0,2.1848739495798317,0.0,0.0,0.0,0.0,0.0,0.0,0.0,0.0,0.0,0.0,0.0,0.0,0.0,0.0,0.0,0.0,0.0,0.0,0.0,0.0,0.0,0.0,0.0,0.0,0.0,0.0,0.0,0.0,0.0,1.0,0.0,0.0,0.0,0.0,1.0,0.0,0.0,0.0,0.0,0.0,1.0,1.0,0.0,2.0,8.0,0.0,6.0,3.0,5.0,7.0,15.0,9.0,15.0,3.0,0.0,0.0,0.0,0.0,0.0,0.0,0.0,0.0,0.0,9.0,0.0,0.0,0.0,0.0,10.0,0.0,0.0,0.0,0.0,0.0,1.0,2.0,0.0,3.0,10.0,0.0,8.0,5.0,7.0,10.0,23.0,14.0,17.0,6.0
598,1.0,598.0,London_11,3years_LHD,1Lon_11,151,453,1092.0,70.0,2.0,178029.0,6.690515160560608,846.0,80.0,2.0,78.0,147.0,18.0,129.0,119.0,252.0,98.0,12.0,45.0,10.0,28.0,2.0,6.0,8.0,78.0,147.0,220.0,33.0,2.0205479452054793,0.0,0.0,0.0,0.0,0.0,0.0,0.0,0.0,0.0,1.0,0.0,0.0,1.0,0.0,0.0,0.0,0.0,0.0,1.0,0.0,0.0,0.0,0.0,0.0,0.0,0.0,0.0,0.0,0.0,0.0,0.0,0.0,0.0,0.0,0.0,1.0,0.0,0.0,0.0,0.0,1.0,7.0,2.0,1.0,1.0,0.0,4.0,6.0,5.0,6.0,20.0,22.0,14.0,9.0,0.0,0.0,0.0,0.0,0.0,0.0,0.0,0.0,0.0,0.0,0.0,0.0,0.0,0.0,0.0,5.0,0.0,0.0,0.0,0.0,1.0,8.0,2.0,1.0,1.0,0.0,4.0,7.0,8.0,7.0,27.0,29.0,17.0,13.0
599,1.0,599.0,London_11,3years_LHD,1Lon_11,151,453,1092.0,70.0,2.0,189354.0,5.649570218287408,871.0,157.0,0.0,157.0,279.0,0.0,279.0,146.0,257.0,107.0,5.0,34.0,13.0,30.0,1.0,6.0,8.0,73.0,145.0,227.0,38.0,4.0,0.0,0.0,0.0,0.0,0.0,0.0,0.0,0.0,0.0,0.0,0.0,0.0,0.0,0.0,0.0,0.0,0.0,0.0,0.0,0.0,0.0,0.0,0.0,0.0,0.0,0.0,0.0,0.0,0.0,0.0,0.0,0.0,0.0,0.0,0.0,0.0,0.0,0.0,0.0,0.0,1.0,24.0,1.0,2.0,0.0,1.0,3.0,8.0,14.0,9.0,32.0,42.0,21.0,14.0,0.0,0.0,0.0,0.0,0.0,0.0,0.0,0.0,0.0,0.0,0.0,0.0,0.0,0.0,0.0,0.0,0.0,0.0,0.0,0.0,1.0,37.0,1.0,6.0,0.0,2.0,5.0,9.0,17.0,11.0,47.0,65.0,27.0,26.0
600,1.0,600.0,London_11,3years_LHD,1Lon_11,151,453,1092.0,70.0,2.0,165345.0,0.8962151166051626,818.0,47.0,1.0,46.0,88.0,9.0,79.0,279.0,195.0,98.0,23.0,82.0,16.0,39.0,0.0,0.0,4.0,62.0,172.0,215.0,30.0,1.0909090909090908,0.0,0.0,0.0,0.0,0.0,0.0,0.0,0.0,0.0,0.0,0.0,0.0,0.0,0.0,0.0,0.0,0.0,0.0,0.0,0.0,0.0,0.0,0.0,0.0,0.0,0.0,0.0,0.0,0.0,1.0,0.0,0.0,0.0,0.0,0.0,0.0,0.0,0.0,0.0,0.0,4.0,5.0,0.0,0.0,3.0,0.0,2.0,6.0,2.0,6.0,7.0,10.0,7.0,5.0,0.0,0.0,0.0,0.0,0.0,0.0,0.0,0.0,0.0,6.0,0.0,0.0,0.0,0.0,0.0,0.0,0.0,0.0,0.0,0.0,6.0,8.0,0.0,0.0,4.0,0.0,3.0,10.0,3.0,8.0,12.0,15.0,8.0,7.0
601,1.0,601.0,London_11,3years_LHD,1Lon_11,151,453,1092.0,70.0,2.0,190713.0,5.094220002181828,874.0,127.0,2.0,125.0,231.0,17.0,214.0,88.0,193.0,103.0,23.0,82.0,14.0,36.0,0.0,2.0,5.0,74.0,180.0,194.0,33.0,1.5367965367965368,0.0,0.0,0.0,0.0,0.0,0.0,0.0,0.0,0.0,0.0,0.0,0.0,0.0,0.0,0.0,0.0,0.0,0.0,0.0,0.0,0.0,0.0,0.0,0.0,0.0,0.0,0.0,0.0,0.0,0.0,0.0,0.0,1.0,0.0,0.0,1.0,0.0,0.0,0.0,0.0,8.0,9.0,0.0,2.0,12.0,0.0,7.0,6.0,9.0,11.0,27.0,31.0,31.0,12.0,0.0,0.0,0.0,0.0,0.0,0.0,0.0,0.0,0.0,0.0,0.0,0.0,5.0,0.0,0.0,4.0,0.0,0.0,0.0,0.0,9.0,12.0,0.0,3.0,13.0,0.0,9.0,8.0,11.0,14.0,38.0,50.0,38.0,20.0
602,1.0,602.0,London_11,3years_LHD,1Lon_11,151,453,1092.0,70.0,2.0,170781.0,3.993069783784449,830.0,75.0,0.0,75.0,130.0,0.0,130.0,231.0,204.0,104.0,18.0,83.0,15.0,23.0,3.0,3.0,7.0,63.0,170.0,213.0,39.0,0.8692307692307693,0.0,0.0,0.0,0.0,0.0,0.0,0.0,0.0,0.0,0.0,0.0,0.0,0.0,0.0,0.0,0.0,0.0,0.0,0.0,0.0,0.0,0.0,0.0,0.0,0.0,0.0,0.0,0.0,0.0,0.0,0.0,0.0,0.0,0.0,0.0,0.0,0.0,0.0,0.0,0.0,2.0,11.0,5.0,1.0,9.0,0.0,3.0,4.0,6.0,9.0,11.0,23.0,11.0,10.0,0.0,0.0,0.0,0.0,0.0,0.0,0.0,0.0,0.0,0.0,0.0,0.0,0.0,0.0,0.0,0.0,0.0,0.0,0.0,0.0,2.0,13.0,5.0,1.0,10.0,0.0,3.0,5.0,8.0,14.0,18.0,33.0,12.0,17.0
603,1.0,603.0,London_11,3years_LHD,1Lon_11,151,453,1092.0,70.0,2.0,167610.0,5.580904518254101,823.0,62.0,2.0,60.0,126.0,17.0,109.0,130.0,213.0,116.0,17.0,69.0,14.0,21.0,0.0,3.0,11.0,66.0,164.0,212.0,49.0,1.5873015873015872,0.0,0.0,0.0,0.0,0.0,0.0,0.0,0.0,0.0,0.0,0.0,0.0,0.0,0.0,0.0,0.0,0.0,0.0,0.0,0.0,0.0,0.0,0.0,0.0,0.0,0.0,0.0,0.0,0.0,1.0,0.0,0.0,1.0,1.0,1.0,1.0,0.0,0.0,0.0,0.0,4.0,5.0,7.0,1.0,8.0,0.0,6.0,7.0,7.0,6.0,8.0,10.0,12.0,7.0,0.0,0.0,0.0,0.0,0.0,0.0,0.0,0.0,0.0,2.0,0.0,0.0,6.0,7.0,7.0,4.0,0.0,0.0,0.0,0.0,4.0,8.0,11.0,1.0,8.0,0.0,9.0,11.0,10.0,7.0,11.0,17.0,16.0,11.0
604,1.0,604.0,London_11,3years_LHD,1Lon_11,151,453,1092.0,70.0,2.0,173499.0,4.3293513637036085,836.0,154.0,0.0,154.0,257.0,0.0,257.0,126.0,221.0,129.0,28.0,49.0,10.0,13.0,0.0,3.0,13.0,68.0,164.0,208.0,32.0,1.8638132295719845,0.0,0.0,0.0,0.0,0.0,0.0,0.0,0.0,0.0,0.0,0.0,0.0,0.0,0.0,0.0,0.0,0.0,0.0,0.0,0.0,0.0,0.0,0.0,0.0,0.0,0.0,0.0,0.0,0.0,0.0,0.0,0.0,0.0,0.0,0.0,0.0,0.0,0.0,0.0,0.0,0.0,11.0,1.0,0.0,1.0,0.0,17.0,3.0,3.0,12.0,29.0,44.0,26.0,8.0,0.0,0.0,0.0,0.0,0.0,0.0,0.0,0.0,0.0,0.0,0.0,0.0,0.0,0.0,0.0,0.0,0.0,0.0,0.0,0.0,0.0,16.0,1.0,0.0,1.0,0.0,23.0,4.0,3.0,14.0,39.0,68.0,31.0,12.0
605,1.0,605.0,London_11,3years_LHD,1Lon_11,151,453,1092.0,70.0,2.0,138165.0,5.100415297783911,758.0,159.0,1.0,158.0,257.0,10.0,247.0,257.0,215.0,105.0,12.0,90.0,4.0,23.0,2.0,2.0,4.0,72.0,168.0,209.0,38.0,0.8404669260700389,0.0,0.0,0.0,0.0,0.0,0.0,0.0,0.0,0.0,0.0,0.0,0.0,0.0,0.0,0.0,0.0,0.0,0.0,0.0,0.0,0.0,0.0,0.0,0.0,0.0,0.0,0.0,0.0,0.0,0.0,0.0,0.0,0.0,0.0,1.0,0.0,1.0,0.0,0.0,0.0,5.0,7.0,0.0,4.0,8.0,0.0,15.0,5.0,13.0,23.0,43.0,34.0,34.0,7.0,0.0,0.0,0.0,0.0,0.0,0.0,0.0,0.0,0.0,0.0,0.0,0.0,0.0,0.0,7.0,0.0,9.0,0.0,0.0,0.0,5.0,9.0,0.0,4.0,9.0,0.0,15.0,7.0,18.0,26.0,61.0,48.0,40.0,10.0
606,1.0,606.0,London_11,3years_LHD,1Lon_11,151,453,1092.0,70.0,2.0,90147.0,1.0816028863191605,652.0,22.0,0.0,22.0,37.0,0.0,37.0,257.0,219.0,98.0,20.0,91.0,4.0,13.0,2.0,6.0,10.0,67.0,169.0,207.0,41.0,1.0,0.0,0.0,0.0,0.0,0.0,0.0,0.0,0.0,0.0,0.0,0.0,0.0,0.0,0.0,0.0,0.0,0.0,0.0,0.0,0.0,0.0,0.0,0.0,0.0,0.0,0.0,0.0,0.0,0.0,0.0,0.0,0.0,0.0,0.0,0.0,0.0,0.0,0.0,0.0,0.0,0.0,3.0,2.0,0.0,1.0,0.0,5.0,0.0,3.0,1.0,7.0,2.0,5.0,1.0,0.0,0.0,0.0,0.0,0.0,0.0,0.0,0.0,0.0,0.0,0.0,0.0,0.0,0.0,0.0,0.0,0.0,0.0,0.0,0.0,0.0,4.0,2.0,0.0,1.0,0.0,6.0,0.0,6.0,2.0,11.0,3.0,9.0,2.0
607,1.0,607.0,London_11,3years_LHD,1Lon_11,151,453,1092.0,70.0,2.0,118686.0,1.8599645718932152,715.0,113.0,2.0,111.0,227.0,20.0,207.0,37.0,221.0,103.0,17.0,90.0,6.0,11.0,2.0,3.0,10.0,70.0,171.0,202.0,45.0,1.7312775330396475,0.0,0.0,0.0,0.0,0.0,0.0,0.0,0.0,0.0,0.0,0.0,0.0,0.0,0.0,0.0,0.0,0.0,0.0,0.0,0.0,0.0,0.0,0.0,0.0,0.0,0.0,0.0,0.0,0.0,0.0,0.0,0.0,1.0,0.0,0.0,0.0,1.0,0.0,0.0,0.0,0.0,15.0,0.0,0.0,5.0,0.0,9.0,5.0,15.0,8.0,23.0,21.0,15.0,12.0,0.0,0.0,0.0,0.0,0.0,0.0,0.0,0.0,0.0,0.0,0.0,0.0,6.0,0.0,0.0,0.0,9.0,0.0,0.0,0.0,0.0,28.0,0.0,0.0,5.0,0.0,10.0,9.0,21.0,9.0,40.0,28.0,22.0,18.0
608,1.0,608.0,London_11,3years_LHD,1Lon_11,151,453,1092.0,70.0,2.0,95130.0,5.332089480012655,663.0,10.0,2.0,8.0,28.0,16.0,12.0,227.0,213.0,124.0,16.0,69.0,8.0,16.0,1.0,6.0,13.0,72.0,168.0,200.0,40.0,1.3571428571428572,0.0,0.0,0.0,0.0,0.0,0.0,0.0,0.0,0.0,0.0,0.0,0.0,0.0,0.0,0.0,0.0,0.0,0.0,0.0,0.0,0.0,0.0,0.0,0.0,0.0,0.0,0.0,0.0,0.0,0.0,0.0,0.0,1.0,0.0,0.0,2.0,0.0,0.0,0.0,0.0,0.0,0.0,0.0,0.0,0.0,0.0,2.0,1.0,2.0,1.0,2.0,1.0,2.0,0.0,0.0,0.0,0.0,0.0,0.0,0.0,0.0,0.0,0.0,0.0,0.0,0.0,3.0,0.0,0.0,11.0,0.0,0.0,0.0,0.0,0.0,0.0,0.0,0.0,0.0,0.0,2.0,2.0,3.0,1.0,2.0,2.0,2.0,0.0
609,1.0,609.0,London_11,3years_LHD,1Lon_11,151,453,1092.0,70.0,2.0,126840.0,4.042180502787232,733.0,20.0,0.0,20.0,35.0,0.0,35.0,28.0,217.0,126.0,19.0,65.0,5.0,13.0,1.0,7.0,11.0,76.0,161.0,205.0,29.0,1.8,0.0,0.0,0.0,0.0,0.0,0.0,0.0,0.0,0.0,0.0,0.0,0.0,0.0,0.0,0.0,0.0,0.0,0.0,0.0,0.0,0.0,0.0,0.0,0.0,0.0,0.0,0.0,0.0,0.0,0.0,0.0,0.0,0.0,0.0,0.0,0.0,0.0,0.0,0.0,0.0,1.0,0.0,2.0,0.0,3.0,0.0,0.0,1.0,0.0,1.0,4.0,6.0,2.0,3.0,0.0,0.0,0.0,0.0,0.0,0.0,0.0,0.0,0.0,0.0,0.0,0.0,0.0,0.0,0.0,0.0,0.0,0.0,0.0,0.0,2.0,0.0,2.0,0.0,3.0,0.0,0.0,1.0,0.0,1.0,4.0,10.0,2.0,4.0
610,1.0,610.0,London_11,3years_LHD,1Lon_11,151,453,1092.0,70.0,2.0,159456.0,4.858779224567115,805.0,59.0,0.0,59.0,110.0,0.0,110.0,35.0,215.0,124.0,19.0,69.0,3.0,14.0,2.0,7.0,11.0,85.0,163.0,194.0,31.0,2.7454545454545456,0.0,0.0,0.0,0.0,0.0,0.0,0.0,0.0,0.0,0.0,0.0,0.0,0.0,0.0,0.0,0.0,0.0,0.0,0.0,0.0,0.0,0.0,0.0,0.0,0.0,0.0,0.0,0.0,0.0,0.0,0.0,0.0,0.0,0.0,0.0,0.0,0.0,0.0,0.0,0.0,4.0,9.0,5.0,0.0,8.0,0.0,5.0,3.0,0.0,9.0,11.0,17.0,9.0,8.0,0.0,0.0,0.0,0.0,0.0,0.0,0.0,0.0,0.0,0.0,0.0,0.0,0.0,0.0,0.0,0.0,0.0,0.0,0.0,0.0,4.0,13.0,5.0,0.0,8.0,0.0,10.0,4.0,0.0,13.0,16.0,29.0,12.0,12.0
611,1.0,611.0,London_11,3years_LHD,1Lon_11,151,453,1092.0,70.0,2.0,165798.0,5.307444349862635,819.0,52.0,2.0,50.0,107.0,17.0,90.0,110.0,228.0,139.0,9.0,44.0,9.0,16.0,3.0,5.0,11.0,84.0,168.0,190.0,36.0,2.6728971962616823,0.0,0.0,0.0,0.0,0.0,0.0,0.0,0.0,0.0,0.0,0.0,0.0,0.0,0.0,0.0,0.0,0.0,0.0,0.0,0.0,0.0,0.0,0.0,0.0,0.0,0.0,0.0,0.0,0.0,0.0,0.0,0.0,0.0,0.0,0.0,1.0,0.0,0.0,0.0,0.0,0.0,6.0,0.0,1.0,4.0,0.0,5.0,4.0,1.0,6.0,8.0,5.0,12.0,2.0,0.0,0.0,0.0,0.0,0.0,0.0,0.0,0.0,0.0,0.0,0.0,0.0,0.0,0.0,0.0,3.0,0.0,0.0,0.0,0.0,0.0,8.0,0.0,2.0,4.0,0.0,6.0,5.0,1.0,8.0,15.0,7.0,18.0,2.0
612,1.0,612.0,London_11,3years_LHD,1Lon_11,151,453,1092.0,70.0,2.0,186183.0,6.268305374309421,864.0,69.0,2.0,67.0,135.0,18.0,117.0,107.0,231.0,131.0,13.0,46.0,13.0,13.0,4.0,2.0,6.0,84.0,165.0,198.0,30.0,2.1481481481481484,0.0,0.0,0.0,0.0,0.0,0.0,0.0,0.0,0.0,0.0,0.0,0.0,0.0,0.0,0.0,0.0,0.0,0.0,0.0,0.0,0.0,0.0,0.0,0.0,0.0,0.0,0.0,0.0,0.0,1.0,0.0,0.0,2.0,0.0,0.0,1.0,0.0,0.0,0.0,0.0,1.0,4.0,2.0,1.0,4.0,0.0,8.0,2.0,1.0,5.0,21.0,11.0,19.0,9.0,0.0,0.0,0.0,0.0,0.0,0.0,0.0,0.0,0.0,4.0,0.0,0.0,13.0,0.0,0.0,9.0,0.0,0.0,0.0,0.0,1.0,10.0,2.0,1.0,4.0,0.0,12.0,2.0,1.0,5.0,39.0,17.0,25.0,13.0
613,1.0,613.0,London_11,3years_LHD,1Lon_11,151,453,1092.0,70.0,2.0,201132.0,6.890070129185915,897.0,166.0,0.0,166.0,301.0,0.0,301.0,135.0,251.0,139.0,8.0,42.0,6.0,6.0,1.0,0.0,4.0,79.0,155.0,215.0,18.0,4.235880398671096,0.0,0.0,0.0,0.0,0.0,0.0,0.0,0.0,0.0,0.0,0.0,0.0,0.0,0.0,0.0,0.0,0.0,0.0,0.0,0.0,0.0,0.0,0.0,0.0,0.0,0.0,0.0,0.0,0.0,0.0,0.0,0.0,0.0,0.0,0.0,0.0,0.0,0.0,0.0,0.0,0.0,15.0,0.0,1.0,2.0,0.0,10.0,4.0,1.0,6.0,34.0,31.0,23.0,7.0,0.0,0.0,0.0,0.0,0.0,0.0,0.0,0.0,0.0,0.0,0.0,0.0,0.0,0.0,0.0,0.0,0.0,0.0,0.0,0.0,0.0,19.0,0.0,2.0,2.0,0.0,12.0,4.0,1.0,8.0,53.0,47.0,30.0,9.0
614,1.0,614.0,London_11,3years_LHD,1Lon_11,151,453,1092.0,70.0,2.0,174405.0,5.957535977475345,838.0,69.0,0.0,69.0,116.0,0.0,116.0,301.0,188.0,101.0,31.0,90.0,8.0,24.0,3.0,8.0,7.0,77.0,148.0,221.0,37.0,0.6206896551724138,0.0,0.0,0.0,0.0,0.0,0.0,0.0,0.0,0.0,0.0,0.0,0.0,0.0,0.0,0.0,0.0,0.0,0.0,0.0,0.0,0.0,0.0,0.0,0.0,0.0,0.0,0.0,0.0,0.0,0.0,0.0,0.0,0.0,0.0,0.0,0.0,0.0,0.0,0.0,0.0,4.0,4.0,3.0,1.0,1.0,0.0,7.0,10.0,6.0,8.0,14.0,13.0,14.0,3.0,0.0,0.0,0.0,0.0,0.0,0.0,0.0,0.0,0.0,0.0,0.0,0.0,0.0,0.0,0.0,0.0,0.0,0.0,0.0,0.0,4.0,5.0,3.0,1.0,1.0,0.0,9.0,12.0,6.0,11.0,18.0,18.0,14.0,6.0
615,1.0,615.0,London_11,3years_LHD,1Lon_11,151,453,1092.0,70.0,2.0,185730.0,3.665265287272632,863.0,138.0,2.0,136.0,252.0,22.0,230.0,116.0,194.0,110.0,25.0,78.0,9.0,26.0,3.0,8.0,7.0,79.0,166.0,201.0,45.0,1.5,0.0,0.0,0.0,0.0,0.0,0.0,0.0,0.0,0.0,0.0,0.0,0.0,0.0,0.0,0.0,0.0,0.0,0.0,0.0,0.0,0.0,0.0,0.0,0.0,0.0,0.0,0.0,0.0,0.0,0.0,0.0,0.0,0.0,0.0,0.0,1.0,0.0,0.0,0.0,0.0,4.0,3.0,1.0,1.0,10.0,0.0,9.0,4.0,3.0,8.0,38.0,26.0,37.0,8.0,0.0,0.0,0.0,0.0,0.0,0.0,0.0,0.0,0.0,0.0,0.0,0.0,0.0,0.0,0.0,6.0,0.0,0.0,0.0,0.0,5.0,3.0,1.0,1.0,11.0,0.0,11.0,4.0,5.0,10.0,65.0,38.0,47.0,14.0
616,1.0,616.0,London_11,3years_LHD,1Lon_11,151,453,1092.0,70.0,2.0,165798.0,3.4936505556106567,819.0,75.0,0.0,75.0,130.0,0.0,130.0,252.0,202.0,87.0,35.0,76.0,12.0,28.0,2.0,11.0,4.0,79.0,142.0,228.0,35.0,0.6692307692307692,0.0,0.0,0.0,0.0,0.0,0.0,0.0,0.0,0.0,0.0,0.0,0.0,0.0,0.0,0.0,0.0,0.0,0.0,0.0,0.0,0.0,0.0,0.0,0.0,0.0,0.0,0.0,0.0,0.0,0.0,0.0,0.0,0.0,0.0,0.0,0.0,0.0,0.0,0.0,0.0,2.0,4.0,2.0,1.0,2.0,2.0,11.0,3.0,5.0,7.0,12.0,19.0,14.0,5.0,0.0,0.0,0.0,0.0,0.0,0.0,0.0,0.0,0.0,0.0,0.0,0.0,0.0,0.0,0.0,0.0,0.0,0.0,0.0,0.0,2.0,6.0,3.0,2.0,2.0,4.0,14.0,4.0,8.0,9.0,18.0,25.0,14.0,7.0
617,1.0,617.0,London_11,3years_LHD,1Lon_11,151,453,1092.0,70.0,2.0,169875.0,2.3607469191774726,828.0,65.0,2.0,63.0,126.0,17.0,109.0,130.0,214.0,75.0,38.0,67.0,12.0,35.0,4.0,8.0,5.0,87.0,151.0,210.0,38.0,1.1825396825396826,0.0,0.0,0.0,0.0,0.0,0.0,0.0,0.0,0.0,0.0,0.0,0.0,0.0,0.0,0.0,0.0,0.0,0.0,0.0,0.0,0.0,0.0,0.0,0.0,0.0,0.0,0.0,0.0,0.0,0.0,1.0,0.0,1.0,0.0,0.0,1.0,0.0,0.0,0.0,0.0,2.0,5.0,4.0,1.0,1.0,0.0,3.0,5.0,6.0,6.0,13.0,14.0,9.0,4.0,0.0,0.0,0.0,0.0,0.0,0.0,0.0,0.0,0.0,0.0,6.0,0.0,2.0,0.0,0.0,4.0,0.0,0.0,0.0,0.0,2.0,6.0,6.0,2.0,1.0,0.0,5.0,6.0,11.0,7.0,19.0,21.0,10.0,5.0
618,1.0,618.0,London_11,3years_LHD,1Lon_11,151,453,1092.0,70.0,2.0,170328.0,2.4275752529501915,829.0,159.0,0.0,159.0,257.0,0.0,257.0,126.0,230.0,75.0,29.0,53.0,11.0,41.0,5.0,9.0,4.0,80.0,146.0,223.0,25.0,3.2140077821011674,0.0,0.0,0.0,0.0,0.0,0.0,0.0,0.0,0.0,0.0,0.0,0.0,0.0,0.0,0.0,0.0,0.0,0.0,0.0,0.0,0.0,0.0,0.0,0.0,0.0,0.0,0.0,0.0,0.0,0.0,0.0,0.0,0.0,0.0,0.0,0.0,0.0,0.0,0.0,0.0,0.0,8.0,8.0,1.0,2.0,0.0,3.0,8.0,7.0,11.0,36.0,29.0,26.0,6.0,0.0,0.0,0.0,0.0,0.0,0.0,0.0,0.0,0.0,0.0,0.0,0.0,0.0,0.0,0.0,0.0,0.0,0.0,0.0,0.0,0.0,13.0,9.0,1.0,2.0,0.0,3.0,9.0,8.0,13.0,53.0,39.0,34.0,7.0
619,1.0,619.0,London_11,3years_LHD,1Lon_11,151,453,1092.0,70.0,2.0,125934.0,4.138379380106926,731.0,144.0,0.0,144.0,247.0,0.0,247.0,257.0,198.0,88.0,21.0,80.0,8.0,52.0,4.0,2.0,8.0,76.0,149.0,220.0,40.0,1.2267206477732793,0.0,0.0,0.0,0.0,0.0,0.0,0.0,0.0,0.0,0.0,0.0,0.0,0.0,0.0,0.0,0.0,0.0,0.0,0.0,0.0,0.0,0.0,0.0,0.0,0.0,0.0,0.0,0.0,0.0,0.0,0.0,0.0,0.0,0.0,0.0,0.0,0.0,0.0,0.0,0.0,4.0,14.0,3.0,0.0,1.0,0.0,5.0,11.0,2.0,5.0,33.0,27.0,30.0,8.0,0.0,0.0,0.0,0.0,0.0,0.0,0.0,0.0,0.0,0.0,0.0,0.0,0.0,0.0,0.0,0.0,0.0,0.0,0.0,0.0,6.0,18.0,3.0,0.0,1.0,0.0,6.0,19.0,2.0,7.0,47.0,33.0,38.0,13.0
620,1.0,620.0,London_11,3years_LHD,1Lon_11,151,453,1092.0,70.0,2.0,83352.0,1.2439862582832575,637.0,19.0,0.0,19.0,37.0,0.0,37.0,247.0,195.0,116.0,11.0,61.0,8.0,53.0,5.0,4.0,6.0,79.0,154.0,214.0,45.0,0.5135135135135135,0.0,0.0,0.0,0.0,0.0,0.0,0.0,0.0,0.0,0.0,0.0,0.0,0.0,0.0,0.0,0.0,0.0,0.0,0.0,0.0,0.0,0.0,0.0,0.0,0.0,0.0,0.0,0.0,0.0,0.0,0.0,0.0,0.0,0.0,0.0,0.0,0.0,0.0,0.0,0.0,1.0,2.0,0.0,0.0,0.0,0.0,3.0,1.0,2.0,3.0,6.0,4.0,3.0,2.0,0.0,0.0,0.0,0.0,0.0,0.0,0.0,0.0,0.0,0.0,0.0,0.0,0.0,0.0,0.0,0.0,0.0,0.0,0.0,0.0,3.0,2.0,0.0,0.0,0.0,0.0,4.0,1.0,2.0,3.0,10.0,8.0,4.0,6.0
621,1.0,621.0,London_11,3years_LHD,1Lon_11,151,453,1092.0,70.0,2.0,109173.0,3.8471784628927708,694.0,124.0,2.0,122.0,226.0,20.0,206.0,37.0,203.0,110.0,11.0,59.0,10.0,52.0,5.0,3.0,6.0,82.0,156.0,209.0,45.0,1.752212389380531,0.0,0.0,0.0,0.0,0.0,0.0,0.0,0.0,0.0,0.0,0.0,0.0,0.0,0.0,0.0,0.0,0.0,0.0,0.0,0.0,0.0,0.0,0.0,0.0,0.0,0.0,0.0,0.0,0.0,0.0,0.0,0.0,1.0,0.0,0.0,2.0,0.0,0.0,0.0,0.0,2.0,8.0,5.0,2.0,0.0,0.0,11.0,11.0,8.0,12.0,16.0,34.0,26.0,12.0,0.0,0.0,0.0,0.0,0.0,0.0,0.0,0.0,0.0,0.0,0.0,0.0,6.0,0.0,0.0,12.0,0.0,0.0,0.0,0.0,2.0,14.0,5.0,3.0,0.0,0.0,17.0,15.0,11.0,14.0,26.0,47.0,40.0,19.0
622,1.0,622.0,London_11,3years_LHD,1Lon_11,151,453,1092.0,70.0,2.0,81540.0,1.6886101439595222,633.0,9.0,2.0,7.0,32.0,18.0,14.0,226.0,199.0,125.0,15.0,53.0,10.0,40.0,5.0,6.0,7.0,80.0,132.0,234.0,54.0,1.0625,0.0,0.0,0.0,0.0,0.0,0.0,0.0,0.0,0.0,0.0,0.0,0.0,0.0,0.0,0.0,0.0,0.0,0.0,0.0,0.0,0.0,0.0,0.0,0.0,0.0,0.0,0.0,0.0,0.0,0.0,0.0,0.0,0.0,0.0,0.0,2.0,0.0,0.0,0.0,0.0,1.0,0.0,0.0,0.0,1.0,0.0,3.0,0.0,1.0,1.0,1.0,2.0,3.0,1.0,0.0,0.0,0.0,0.0,0.0,0.0,0.0,0.0,0.0,0.0,0.0,0.0,0.0,0.0,0.0,7.0,0.0,0.0,0.0,0.0,1.0,0.0,0.0,0.0,1.0,0.0,4.0,0.0,1.0,1.0,1.0,2.0,5.0,1.0
623,1.0,623.0,London_11,3years_LHD,1Lon_11,151,453,1092.0,70.0,2.0,115515.0,3.185691340826452,708.0,19.0,0.0,19.0,32.0,0.0,32.0,32.0,201.0,129.0,18.0,52.0,9.0,39.0,1.0,4.0,6.0,80.0,123.0,244.0,44.0,1.71875,0.0,0.0,0.0,0.0,0.0,0.0,0.0,0.0,0.0,0.0,0.0,0.0,0.0,0.0,0.0,0.0,0.0,0.0,0.0,0.0,0.0,0.0,0.0,0.0,0.0,0.0,0.0,0.0,0.0,0.0,0.0,0.0,0.0,0.0,0.0,0.0,0.0,0.0,0.0,0.0,1.0,0.0,0.0,0.0,1.0,0.0,5.0,0.0,2.0,5.0,6.0,4.0,6.0,2.0,0.0,0.0,0.0,0.0,0.0,0.0,0.0,0.0,0.0,0.0,0.0,0.0,0.0,0.0,0.0,0.0,0.0,0.0,0.0,0.0,1.0,0.0,0.0,0.0,1.0,0.0,5.0,0.0,4.0,6.0,8.0,4.0,6.0,2.0
624,1.0,624.0,London_11,3years_LHD,1Lon_11,151,453,1092.0,70.0,2.0,154926.0,5.848807475529611,795.0,62.0,0.0,62.0,112.0,0.0,112.0,32.0,207.0,125.0,15.0,53.0,10.0,37.0,1.0,5.0,7.0,80.0,131.0,235.0,42.0,2.5714285714285716,0.0,0.0,0.0,0.0,0.0,0.0,0.0,0.0,0.0,0.0,0.0,0.0,0.0,0.0,0.0,0.0,0.0,0.0,0.0,0.0,0.0,0.0,0.0,0.0,0.0,0.0,0.0,0.0,0.0,0.0,0.0,0.0,0.0,0.0,0.0,0.0,0.0,0.0,0.0,0.0,1.0,7.0,0.0,0.0,3.0,0.0,10.0,3.0,11.0,4.0,9.0,15.0,10.0,11.0,0.0,0.0,0.0,0.0,0.0,0.0,0.0,0.0,0.0,0.0,0.0,0.0,0.0,0.0,0.0,0.0,0.0,0.0,0.0,0.0,1.0,10.0,0.0,0.0,4.0,0.0,12.0,4.0,11.0,4.0,11.0,20.0,16.0,14.0
625,1.0,625.0,London_11,3years_LHD,1Lon_11,151,453,1092.0,70.0,2.0,163080.0,0.9050272833555937,813.0,53.0,2.0,51.0,109.0,19.0,90.0,112.0,219.0,123.0,19.0,35.0,11.0,36.0,1.0,9.0,9.0,74.0,132.0,238.0,38.0,2.6788990825688073,0.0,0.0,0.0,0.0,0.0,0.0,0.0,0.0,0.0,0.0,0.0,0.0,0.0,0.0,0.0,0.0,0.0,0.0,0.0,0.0,0.0,0.0,0.0,0.0,0.0,0.0,0.0,0.0,0.0,0.0,0.0,0.0,0.0,0.0,0.0,1.0,0.0,0.0,0.0,0.0,4.0,3.0,3.0,1.0,0.0,0.0,7.0,5.0,4.0,12.0,6.0,12.0,8.0,6.0,0.0,0.0,0.0,0.0,0.0,0.0,0.0,0.0,0.0,0.0,0.0,0.0,0.0,0.0,0.0,3.0,0.0,0.0,0.0,0.0,4.0,3.0,4.0,1.0,0.0,0.0,10.0,8.0,7.0,14.0,8.0,20.0,12.0,8.0
626,1.0,626.0,London_11,3years_LHD,1Lon_11,151,453,1092.0,70.0,2.0,183918.0,6.749639269895852,859.0,70.0,3.0,67.0,144.0,25.0,119.0,109.0,218.0,120.0,17.0,39.0,12.0,41.0,1.0,5.0,5.0,76.0,141.0,231.0,29.0,3.048611111111111,0.0,0.0,0.0,0.0,0.0,0.0,0.0,0.0,0.0,0.0,0.0,0.0,0.0,0.0,0.0,0.0,0.0,0.0,0.0,0.0,0.0,0.0,0.0,0.0,0.0,0.0,0.0,0.0,0.0,0.0,0.0,0.0,1.0,0.0,1.0,2.0,0.0,0.0,0.0,0.0,1.0,1.0,1.0,0.0,2.0,0.0,9.0,7.0,4.0,6.0,15.0,14.0,12.0,5.0,0.0,0.0,0.0,0.0,0.0,0.0,0.0,0.0,0.0,0.0,0.0,0.0,4.0,0.0,7.0,12.0,0.0,0.0,0.0,0.0,3.0,1.0,1.0,0.0,2.0,0.0,12.0,12.0,5.0,9.0,24.0,20.0,17.0,8.0
627,1.0,627.0,London_11,3years_LHD,1Lon_11,151,453,1092.0,70.0,2.0,207927.0,6.105531414039433,912.0,175.0,0.0,175.0,300.0,0.0,300.0,144.0,203.0,138.0,3.0,46.0,9.0,46.0,0.0,8.0,6.0,80.0,134.0,233.0,39.0,3.15,0.0,0.0,0.0,0.0,0.0,0.0,0.0,0.0,0.0,0.0,0.0,0.0,0.0,0.0,0.0,0.0,0.0,0.0,0.0,0.0,0.0,0.0,0.0,0.0,0.0,0.0,0.0,0.0,0.0,0.0,0.0,0.0,0.0,0.0,0.0,0.0,0.0,0.0,0.0,0.0,1.0,0.0,2.0,2.0,6.0,0.0,15.0,7.0,7.0,10.0,30.0,34.0,18.0,12.0,0.0,0.0,0.0,0.0,0.0,0.0,0.0,0.0,0.0,0.0,0.0,0.0,0.0,0.0,0.0,0.0,0.0,0.0,0.0,0.0,1.0,0.0,2.0,3.0,6.0,0.0,20.0,8.0,8.0,12.0,41.0,55.0,20.0,15.0
628,1.0,628.0,London_11,3years_LHD,1Lon_11,151,453,1092.0,70.0,2.0,170781.0,1.425838802009821,830.0,64.0,0.0,64.0,116.0,0.0,116.0,300.0,164.0,118.0,20.0,84.0,17.0,40.0,3.0,7.0,9.0,78.0,156.0,210.0,38.0,0.07758620689655173,0.0,0.0,0.0,0.0,0.0,0.0,0.0,0.0,0.0,0.0,0.0,0.0,0.0,0.0,0.0,0.0,0.0,0.0,0.0,0.0,0.0,0.0,0.0,0.0,0.0,0.0,0.0,0.0,0.0,0.0,0.0,0.0,0.0,0.0,0.0,0.0,0.0,0.0,0.0,0.0,2.0,6.0,1.0,1.0,1.0,0.0,13.0,9.0,6.0,7.0,13.0,17.0,14.0,9.0,0.0,0.0,0.0,0.0,0.0,0.0,0.0,0.0,0.0,0.0,0.0,0.0,0.0,0.0,0.0,0.0,0.0,0.0,0.0,0.0,2.0,8.0,1.0,2.0,1.0,0.0,18.0,12.0,7.0,9.0,20.0,28.0,18.0,19.0
629,1.0,629.0,London_11,3years_LHD,1Lon_11,151,453,1092.0,70.0,2.0,191166.0,4.666039395146072,875.0,139.0,2.0,137.0,248.0,17.0,231.0,116.0,179.0,116.0,17.0,79.0,16.0,46.0,0.0,0.0,14.0,87.0,163.0,189.0,45.0,1.0766129032258065,0.0,0.0,0.0,0.0,0.0,0.0,0.0,0.0,0.0,0.0,0.0,0.0,0.0,0.0,0.0,0.0,0.0,0.0,0.0,0.0,0.0,0.0,0.0,0.0,0.0,0.0,0.0,0.0,0.0,0.0,0.0,0.0,1.0,0.0,0.0,1.0,0.0,0.0,0.0,0.0,1.0,6.0,0.0,1.0,7.0,0.0,3.0,4.0,2.0,10.0,26.0,29.0,26.0,10.0,0.0,0.0,0.0,0.0,0.0,0.0,0.0,0.0,0.0,0.0,0.0,0.0,7.0,0.0,0.0,5.0,0.0,0.0,0.0,0.0,1.0,6.0,0.0,1.0,8.0,0.0,5.0,5.0,2.0,15.0,36.0,40.0,33.0,12.0
630,1.0,630.0,London_11,3years_LHD,1Lon_11,151,453,1092.0,70.0,2.0,165798.0,4.8865824127569795,819.0,75.0,0.0,75.0,130.0,0.0,130.0,248.0,202.0,116.0,16.0,65.0,23.0,24.0,0.0,7.0,8.0,92.0,149.0,204.0,35.0,0.7,0.0,0.0,0.0,0.0,0.0,0.0,0.0,0.0,0.0,0.0,0.0,0.0,0.0,0.0,0.0,0.0,0.0,0.0,0.0,0.0,0.0,0.0,0.0,0.0,0.0,0.0,0.0,0.0,0.0,0.0,0.0,0.0,0.0,0.0,0.0,0.0,0.0,0.0,0.0,0.0,5.0,7.0,2.0,2.0,5.0,0.0,12.0,5.0,4.0,10.0,9.0,23.0,17.0,6.0,0.0,0.0,0.0,0.0,0.0,0.0,0.0,0.0,0.0,0.0,0.0,0.0,0.0,0.0,0.0,0.0,0.0,0.0,0.0,0.0,10.0,8.0,2.0,4.0,5.0,0.0,20.0,7.0,7.0,13.0,12.0,36.0,18.0,12.0
631,1.0,631.0,London_11,3years_LHD,1Lon_11,151,453,1092.0,70.0,2.0,164892.0,2.0935273049399257,817.0,60.0,2.0,58.0,126.0,15.0,111.0,130.0,211.0,119.0,11.0,53.0,24.0,30.0,1.0,4.0,12.0,88.0,148.0,205.0,38.0,0.9186991869918699,0.0,0.0,0.0,0.0,0.0,0.0,0.0,0.0,0.0,1.0,0.0,0.0,0.0,0.0,0.0,1.0,0.0,0.0,1.0,0.0,0.0,0.0,0.0,0.0,0.0,0.0,0.0,0.0,0.0,0.0,0.0,0.0,0.0,0.0,0.0,1.0,0.0,0.0,0.0,0.0,2.0,4.0,2.0,2.0,4.0,0.0,8.0,3.0,5.0,2.0,11.0,16.0,13.0,7.0,0.0,0.0,0.0,0.0,0.0,0.0,0.0,0.0,0.0,0.0,0.0,0.0,0.0,0.0,0.0,5.0,0.0,0.0,0.0,0.0,3.0,5.0,3.0,4.0,4.0,0.0,14.0,4.0,6.0,4.0,17.0,26.0,16.0,11.0
632,1.0,632.0,London_11,3years_LHD,1Lon_11,151,453,1092.0,70.0,2.0,168063.0,3.2835499374195933,824.0,145.0,0.0,145.0,257.0,0.0,257.0,123.0,226.0,106.0,8.0,55.0,22.0,34.0,1.0,1.0,13.0,88.0,143.0,209.0,44.0,3.272373540856031,0.0,0.0,0.0,0.0,0.0,0.0,0.0,0.0,0.0,0.0,0.0,0.0,0.0,0.0,0.0,0.0,0.0,0.0,0.0,0.0,0.0,0.0,0.0,0.0,0.0,0.0,0.0,0.0,0.0,0.0,0.0,0.0,0.0,0.0,0.0,0.0,0.0,0.0,0.0,0.0,2.0,15.0,0.0,0.0,0.0,2.0,10.0,2.0,4.0,12.0,30.0,32.0,17.0,7.0,0.0,0.0,0.0,0.0,0.0,0.0,0.0,0.0,0.0,0.0,0.0,0.0,0.0,0.0,0.0,0.0,0.0,0.0,0.0,0.0,2.0,16.0,0.0,0.0,0.0,5.0,15.0,3.0,6.0,18.0,44.0,50.0,25.0,10.0
633,1.0,633.0,London_11,3years_LHD,1Lon_11,151,453,1092.0,70.0,2.0,129558.0,5.588440168648958,739.0,148.0,1.0,147.0,257.0,9.0,248.0,257.0,197.0,111.0,20.0,72.0,18.0,30.0,2.0,3.0,10.0,67.0,146.0,230.0,37.0,0.8871595330739299,0.0,0.0,0.0,0.0,0.0,0.0,0.0,0.0,0.0,0.0,0.0,0.0,0.0,0.0,0.0,0.0,0.0,0.0,0.0,0.0,0.0,0.0,0.0,0.0,0.0,0.0,0.0,0.0,0.0,0.0,0.0,0.0,0.0,0.0,0.0,1.0,0.0,0.0,0.0,0.0,8.0,0.0,2.0,7.0,8.0,0.0,21.0,20.0,1.0,4.0,35.0,29.0,32.0,9.0,0.0,0.0,0.0,0.0,0.0,0.0,0.0,0.0,0.0,0.0,0.0,0.0,0.0,0.0,0.0,7.0,0.0,0.0,0.0,0.0,8.0,0.0,2.0,10.0,8.0,0.0,28.0,27.0,1.0,5.0,53.0,37.0,42.0,13.0
634,1.0,634.0,London_11,3years_LHD,1Lon_11,151,453,1092.0,70.0,2.0,86976.0,2.21196127217263,645.0,21.0,0.0,21.0,37.0,0.0,37.0,257.0,203.0,99.0,15.0,74.0,19.0,31.0,2.0,10.0,7.0,73.0,162.0,211.0,38.0,0.35135135135135137,0.0,0.0,0.0,0.0,0.0,0.0,0.0,0.0,0.0,0.0,0.0,0.0,0.0,0.0,0.0,0.0,0.0,0.0,0.0,0.0,0.0,0.0,0.0,0.0,0.0,0.0,0.0,0.0,0.0,0.0,0.0,0.0,0.0,0.0,0.0,0.0,0.0,0.0,0.0,0.0,0.0,3.0,0.0,1.0,1.0,0.0,4.0,3.0,0.0,2.0,4.0,0.0,7.0,1.0,0.0,0.0,0.0,0.0,0.0,0.0,0.0,0.0,0.0,0.0,0.0,0.0,0.0,0.0,0.0,0.0,0.0,0.0,0.0,0.0,0.0,4.0,0.0,2.0,1.0,0.0,4.0,3.0,0.0,3.0,7.0,0.0,11.0,1.0
635,1.0,635.0,London_11,3years_LHD,1Lon_11,151,453,1092.0,70.0,2.0,109173.0,4.015559418126941,694.0,118.0,2.0,116.0,223.0,17.0,206.0,37.0,207.0,97.0,15.0,74.0,20.0,27.0,3.0,10.0,8.0,73.0,164.0,208.0,40.0,1.6818181818181819,0.0,0.0,0.0,0.0,0.0,0.0,0.0,0.0,0.0,1.0,0.0,1.0,0.0,0.0,0.0,0.0,0.0,0.0,1.0,0.0,0.0,0.0,0.0,0.0,0.0,0.0,0.0,0.0,0.0,0.0,0.0,0.0,0.0,0.0,0.0,1.0,0.0,0.0,0.0,0.0,0.0,8.0,2.0,3.0,2.0,0.0,15.0,7.0,3.0,17.0,18.0,25.0,33.0,9.0,0.0,0.0,0.0,0.0,0.0,0.0,0.0,0.0,0.0,0.0,0.0,0.0,0.0,0.0,0.0,1.0,0.0,0.0,0.0,0.0,0.0,9.0,2.0,6.0,2.0,0.0,19.0,8.0,5.0,24.0,25.0,41.0,38.0,16.0
636,1.0,636.0,London_11,3years_LHD,1Lon_11,151,453,1092.0,70.0,2.0,85617.0,4.653982429765165,642.0,8.0,2.0,6.0,27.0,17.0,10.0,220.0,213.0,99.0,18.0,65.0,15.0,28.0,6.0,9.0,4.0,71.0,164.0,214.0,29.0,0.9629629629629629,0.0,0.0,0.0,0.0,0.0,0.0,0.0,0.0,0.0,0.0,0.0,0.0,0.0,0.0,0.0,0.0,0.0,0.0,0.0,0.0,0.0,0.0,0.0,0.0,0.0,0.0,0.0,0.0,0.0,0.0,0.0,0.0,2.0,0.0,0.0,2.0,0.0,0.0,0.0,0.0,0.0,0.0,0.0,0.0,0.0,0.0,1.0,1.0,0.0,0.0,1.0,2.0,2.0,0.0,0.0,0.0,0.0,0.0,0.0,0.0,0.0,0.0,0.0,0.0,0.0,0.0,11.0,0.0,0.0,10.0,0.0,0.0,0.0,0.0,0.0,0.0,0.0,0.0,0.0,0.0,2.0,1.0,0.0,0.0,2.0,3.0,3.0,0.0
637,1.0,637.0,London_11,3years_LHD,1Lon_11,151,453,1092.0,70.0,2.0,121404.0,3.0008902456611395,721.0,16.0,0.0,16.0,32.0,0.0,32.0,27.0,216.0,110.0,18.0,63.0,13.0,18.0,6.0,9.0,3.0,72.0,158.0,220.0,24.0,1.6875,0.0,0.0,0.0,0.0,0.0,0.0,0.0,0.0,0.0,0.0,0.0,0.0,0.0,0.0,0.0,0.0,0.0,0.0,0.0,0.0,0.0,0.0,0.0,0.0,0.0,0.0,0.0,0.0,0.0,0.0,0.0,0.0,0.0,0.0,0.0,0.0,0.0,0.0,0.0,0.0,1.0,2.0,1.0,0.0,2.0,0.0,3.0,1.0,1.0,4.0,1.0,5.0,2.0,0.0,0.0,0.0,0.0,0.0,0.0,0.0,0.0,0.0,0.0,0.0,0.0,0.0,0.0,0.0,0.0,0.0,0.0,0.0,0.0,0.0,1.0,5.0,1.0,0.0,2.0,0.0,3.0,1.0,1.0,5.0,1.0,9.0,2.0,0.0
638,1.0,638.0,London_11,3years_LHD,1Lon_11,151,453,1092.0,70.0,2.0,157644.0,5.526918831281364,801.0,67.0,0.0,67.0,111.0,0.0,111.0,32.0,215.0,109.0,18.0,63.0,13.0,20.0,6.0,9.0,5.0,79.0,160.0,209.0,29.0,2.6036036036036037,0.0,0.0,0.0,0.0,0.0,0.0,0.0,0.0,0.0,0.0,0.0,0.0,0.0,0.0,0.0,0.0,0.0,0.0,0.0,0.0,0.0,0.0,0.0,0.0,0.0,0.0,0.0,0.0,0.0,0.0,0.0,0.0,0.0,0.0,0.0,0.0,0.0,0.0,0.0,0.0,0.0,11.0,5.0,0.0,6.0,0.0,6.0,3.0,4.0,5.0,14.0,23.0,13.0,6.0,0.0,0.0,0.0,0.0,0.0,0.0,0.0,0.0,0.0,0.0,0.0,0.0,0.0,0.0,0.0,0.0,0.0,0.0,0.0,0.0,0.0,12.0,6.0,0.0,6.0,0.0,6.0,4.0,5.0,8.0,21.0,32.0,15.0,9.0
639,1.0,639.0,London_11,3years_LHD,1Lon_11,151,453,1092.0,70.0,2.0,166251.0,2.190653528086841,820.0,55.0,2.0,53.0,109.0,19.0,90.0,111.0,224.0,109.0,16.0,59.0,14.0,20.0,7.0,4.0,10.0,74.0,167.0,202.0,27.0,4.385321100917431,0.0,0.0,0.0,0.0,0.0,0.0,0.0,0.0,0.0,0.0,0.0,0.0,0.0,0.0,0.0,0.0,0.0,0.0,0.0,0.0,0.0,0.0,0.0,0.0,0.0,0.0,0.0,0.0,0.0,0.0,0.0,0.0,0.0,0.0,1.0,0.0,0.0,0.0,0.0,0.0,0.0,3.0,0.0,0.0,2.0,0.0,5.0,2.0,4.0,4.0,9.0,15.0,11.0,6.0,0.0,0.0,0.0,0.0,0.0,0.0,0.0,0.0,0.0,0.0,0.0,0.0,0.0,0.0,10.0,0.0,0.0,0.0,0.0,0.0,0.0,3.0,0.0,0.0,2.0,0.0,6.0,2.0,6.0,4.0,13.0,24.0,13.0,9.0
640,1.0,640.0,London_11,3years_LHD,1Lon_11,151,453,1092.0,70.0,2.0,191166.0,1.7148318719118834,875.0,76.0,2.0,74.0,136.0,18.0,118.0,109.0,208.0,106.0,14.0,72.0,13.0,31.0,5.0,4.0,10.0,77.0,166.0,200.0,41.0,2.3692307692307693,0.0,0.0,0.0,0.0,0.0,0.0,0.0,0.0,0.0,1.0,0.0,0.0,1.0,0.0,0.0,0.0,0.0,0.0,1.0,0.0,0.0,0.0,0.0,0.0,0.0,0.0,0.0,0.0,0.0,0.0,0.0,0.0,0.0,0.0,0.0,1.0,0.0,0.0,0.0,0.0,1.0,2.0,6.0,3.0,3.0,0.0,2.0,5.0,3.0,10.0,15.0,17.0,18.0,5.0,0.0,0.0,0.0,0.0,0.0,0.0,0.0,0.0,0.0,0.0,0.0,0.0,0.0,0.0,0.0,4.0,0.0,0.0,0.0,0.0,1.0,3.0,6.0,3.0,4.0,0.0,2.0,8.0,5.0,15.0,22.0,24.0,24.0,7.0
641,1.0,641.0,London_11,3years_LHD,1Lon_11,151,453,1092.0,70.0,2.0,213816.0,2.9991625947877765,925.0,189.0,0.0,189.0,300.0,0.0,300.0,130.0,212.0,124.0,14.0,59.0,12.0,27.0,2.0,3.0,12.0,80.0,161.0,200.0,51.0,3.243333333333333,0.0,0.0,0.0,0.0,0.0,0.0,0.0,0.0,0.0,0.0,0.0,0.0,0.0,0.0,0.0,0.0,0.0,0.0,0.0,0.0,0.0,0.0,0.0,0.0,0.0,0.0,0.0,0.0,0.0,0.0,0.0,0.0,0.0,0.0,0.0,0.0,0.0,0.0,0.0,0.0,2.0,11.0,1.0,1.0,6.0,0.0,14.0,5.0,5.0,7.0,35.0,40.0,30.0,10.0,0.0,0.0,0.0,0.0,0.0,0.0,0.0,0.0,0.0,0.0,0.0,0.0,0.0,0.0,0.0,0.0,0.0,0.0,0.0,0.0,4.0,14.0,1.0,1.0,6.0,0.0,14.0,6.0,6.0,10.0,54.0,54.0,41.0,13.0
642,1.0,642.0,London_11,3years_LHD,1Lon_11,151,453,1092.0,70.0,2.0,173499.0,4.62768945004791,836.0,64.0,1.0,63.0,126.0,9.0,117.0,300.0,187.0,109.0,25.0,95.0,6.0,25.0,1.0,5.0,4.0,60.0,159.0,230.0,41.0,1.1666666666666667,0.0,0.0,0.0,0.0,0.0,0.0,0.0,0.0,0.0,0.0,0.0,0.0,0.0,0.0,0.0,0.0,0.0,0.0,0.0,0.0,0.0,0.0,0.0,0.0,0.0,0.0,0.0,0.0,0.0,0.0,0.0,0.0,0.0,0.0,0.0,0.0,0.0,0.0,0.0,0.0,0.0,4.0,5.0,1.0,7.0,0.0,3.0,11.0,8.0,7.0,5.0,17.0,10.0,4.0,0.0,0.0,0.0,0.0,0.0,0.0,0.0,0.0,0.0,0.0,0.0,0.0,0.0,0.0,0.0,0.0,0.0,0.0,0.0,0.0,0.0,5.0,6.0,1.0,7.0,0.0,3.0,20.0,9.0,8.0,9.0,27.0,13.0,5.0
643,1.0,643.0,London_11,3years_LHD,1Lon_11,151,453,1092.0,70.0,2.0,196602.0,5.45798543933779,887.0,135.0,2.0,133.0,248.0,17.0,231.0,126.0,182.0,109.0,26.0,116.0,2.0,17.0,0.0,1.0,5.0,65.0,164.0,219.0,48.0,1.7258064516129032,0.0,0.0,0.0,0.0,0.0,0.0,0.0,0.0,0.0,0.0,0.0,0.0,0.0,0.0,0.0,0.0,0.0,0.0,0.0,0.0,0.0,0.0,0.0,0.0,0.0,0.0,0.0,0.0,0.0,0.0,0.0,0.0,1.0,0.0,0.0,1.0,0.0,0.0,0.0,0.0,5.0,8.0,2.0,1.0,4.0,0.0,7.0,14.0,5.0,11.0,27.0,34.0,18.0,7.0,0.0,0.0,0.0,0.0,0.0,0.0,0.0,0.0,0.0,0.0,0.0,0.0,3.0,0.0,0.0,2.0,0.0,0.0,0.0,0.0,6.0,10.0,2.0,1.0,4.0,0.0,7.0,19.0,8.0,14.0,37.0,48.0,25.0,9.0
644,1.0,644.0,London_11,3years_LHD,1Lon_11,151,453,1092.0,70.0,2.0,166704.0,3.4524396816268563,821.0,70.0,0.0,70.0,132.0,0.0,132.0,248.0,183.0,132.0,14.0,94.0,6.0,18.0,2.0,4.0,9.0,59.0,173.0,212.0,54.0,1.0984848484848484,0.0,0.0,0.0,0.0,0.0,0.0,0.0,0.0,0.0,0.0,0.0,0.0,0.0,0.0,0.0,0.0,0.0,0.0,0.0,0.0,0.0,0.0,0.0,0.0,0.0,0.0,0.0,0.0,0.0,0.0,0.0,0.0,0.0,0.0,0.0,0.0,0.0,0.0,0.0,0.0,2.0,8.0,1.0,0.0,4.0,1.0,3.0,7.0,4.0,13.0,17.0,10.0,13.0,5.0,0.0,0.0,0.0,0.0,0.0,0.0,0.0,0.0,0.0,0.0,0.0,0.0,0.0,0.0,0.0,0.0,0.0,0.0,0.0,0.0,2.0,9.0,1.0,0.0,5.0,1.0,3.0,15.0,5.0,21.0,25.0,16.0,15.0,8.0
645,1.0,645.0,London_11,3years_LHD,1Lon_11,151,453,1092.0,70.0,2.0,170328.0,3.334029333665967,829.0,67.0,2.0,65.0,126.0,17.0,109.0,132.0,195.0,131.0,10.0,80.0,5.0,23.0,2.0,7.0,12.0,76.0,173.0,192.0,51.0,1.6349206349206349,0.0,0.0,0.0,0.0,0.0,0.0,0.0,0.0,0.0,0.0,0.0,0.0,0.0,0.0,0.0,0.0,0.0,0.0,0.0,0.0,0.0,0.0,0.0,0.0,0.0,0.0,0.0,0.0,0.0,1.0,0.0,0.0,1.0,0.0,1.0,1.0,0.0,0.0,0.0,0.0,4.0,2.0,3.0,1.0,3.0,0.0,8.0,6.0,4.0,10.0,15.0,13.0,14.0,3.0,0.0,0.0,0.0,0.0,0.0,0.0,0.0,0.0,0.0,5.0,0.0,0.0,6.0,0.0,8.0,2.0,0.0,0.0,0.0,0.0,4.0,4.0,3.0,2.0,3.0,0.0,9.0,8.0,4.0,11.0,25.0,17.0,19.0,4.0
646,1.0,646.0,London_11,3years_LHD,1Lon_11,151,453,1092.0,70.0,2.0,178029.0,4.079061248339713,846.0,149.0,0.0,149.0,259.0,0.0,259.0,126.0,205.0,144.0,5.0,69.0,4.0,19.0,1.0,6.0,10.0,77.0,159.0,207.0,45.0,2.444015444015444,0.0,0.0,0.0,0.0,0.0,0.0,0.0,0.0,0.0,0.0,0.0,0.0,0.0,0.0,0.0,0.0,0.0,0.0,0.0,0.0,0.0,0.0,0.0,0.0,0.0,0.0,0.0,0.0,0.0,0.0,0.0,0.0,0.0,0.0,0.0,0.0,0.0,0.0,0.0,0.0,3.0,19.0,0.0,1.0,0.0,0.0,4.0,11.0,11.0,10.0,26.0,41.0,14.0,13.0,0.0,0.0,0.0,0.0,0.0,0.0,0.0,0.0,0.0,0.0,0.0,0.0,0.0,0.0,0.0,0.0,0.0,0.0,0.0,0.0,3.0,25.0,0.0,2.0,0.0,0.0,4.0,16.0,17.0,11.0,39.0,60.0,18.0,17.0
647,1.0,647.0,London_11,3years_LHD,1Lon_11,151,453,1092.0,70.0,2.0,136806.0,4.486681246198714,755.0,145.0,1.0,144.0,258.0,10.0,248.0,259.0,204.0,108.0,20.0,72.0,6.0,34.0,3.0,6.0,4.0,72.0,171.0,206.0,25.0,0.9689922480620154,0.0,0.0,0.0,0.0,0.0,0.0,0.0,0.0,0.0,0.0,0.0,0.0,0.0,0.0,0.0,0.0,0.0,0.0,0.0,0.0,0.0,0.0,0.0,0.0,0.0,0.0,0.0,0.0,0.0,0.0,0.0,0.0,0.0,0.0,1.0,0.0,1.0,0.0,0.0,0.0,0.0,18.0,15.0,0.0,14.0,0.0,4.0,9.0,6.0,15.0,28.0,26.0,26.0,5.0,0.0,0.0,0.0,0.0,0.0,0.0,0.0,0.0,0.0,0.0,0.0,0.0,0.0,0.0,8.0,0.0,9.0,0.0,0.0,0.0,0.0,25.0,17.0,0.0,15.0,0.0,6.0,12.0,8.0,24.0,36.0,39.0,29.0,9.0
648,1.0,648.0,London_11,3years_LHD,1Lon_11,151,453,1092.0,70.0,2.0,91959.0,5.280279513448477,656.0,27.0,0.0,27.0,37.0,0.0,37.0,258.0,212.0,119.0,19.0,74.0,4.0,17.0,0.0,8.0,6.0,69.0,147.0,231.0,32.0,0.05405405405405406,0.0,0.0,0.0,0.0,0.0,0.0,0.0,0.0,0.0,0.0,0.0,0.0,0.0,0.0,0.0,0.0,0.0,0.0,0.0,0.0,0.0,0.0,0.0,0.0,0.0,0.0,0.0,0.0,0.0,0.0,0.0,0.0,0.0,0.0,0.0,0.0,0.0,0.0,0.0,0.0,0.0,3.0,0.0,0.0,3.0,0.0,5.0,2.0,1.0,1.0,3.0,11.0,4.0,5.0,0.0,0.0,0.0,0.0,0.0,0.0,0.0,0.0,0.0,0.0,0.0,0.0,0.0,0.0,0.0,0.0,0.0,0.0,0.0,0.0,0.0,3.0,0.0,0.0,3.0,0.0,7.0,2.0,1.0,1.0,4.0,14.0,6.0,6.0
649,1.0,649.0,London_11,3years_LHD,1Lon_11,151,453,1092.0,70.0,2.0,105096.0,4.750567682087421,685.0,111.0,2.0,109.0,226.0,20.0,206.0,37.0,218.0,121.0,13.0,76.0,4.0,14.0,0.0,7.0,5.0,72.0,153.0,223.0,33.0,1.8716814159292035,0.0,0.0,0.0,0.0,0.0,0.0,0.0,0.0,0.0,0.0,0.0,0.0,0.0,0.0,0.0,0.0,0.0,0.0,0.0,0.0,0.0,0.0,0.0,0.0,0.0,0.0,0.0,0.0,0.0,0.0,0.0,0.0,1.0,0.0,0.0,0.0,1.0,0.0,0.0,0.0,1.0,14.0,0.0,0.0,10.0,0.0,11.0,10.0,9.0,1.0,17.0,31.0,20.0,10.0,0.0,0.0,0.0,0.0,0.0,0.0,0.0,0.0,0.0,0.0,0.0,0.0,8.0,0.0,0.0,0.0,9.0,0.0,0.0,0.0,1.0,17.0,0.0,0.0,10.0,0.0,16.0,16.0,12.0,1.0,33.0,44.0,31.0,17.0
650,1.0,650.0,London_11,3years_LHD,1Lon_11,151,453,1092.0,70.0,2.0,82899.0,3.059928694739938,636.0,7.0,2.0,5.0,24.0,16.0,8.0,226.0,218.0,125.0,17.0,70.0,2.0,12.0,1.0,8.0,6.0,76.0,155.0,216.0,37.0,1.0,0.0,0.0,0.0,0.0,0.0,0.0,0.0,0.0,0.0,0.0,0.0,0.0,0.0,0.0,0.0,0.0,0.0,0.0,0.0,0.0,0.0,0.0,0.0,0.0,0.0,0.0,0.0,0.0,0.0,0.0,0.0,0.0,1.0,0.0,0.0,2.0,0.0,0.0,0.0,0.0,2.0,0.0,0.0,0.0,0.0,0.0,2.0,2.0,1.0,0.0,4.0,1.0,0.0,0.0,0.0,0.0,0.0,0.0,0.0,0.0,0.0,0.0,0.0,0.0,0.0,0.0,6.0,0.0,0.0,9.0,0.0,0.0,0.0,0.0,2.0,0.0,0.0,0.0,0.0,0.0,3.0,3.0,1.0,0.0,5.0,1.0,0.0,0.0
651,1.0,651.0,London_11,3years_LHD,1Lon_11,151,453,1092.0,70.0,2.0,109626.0,3.0344189051538706,695.0,21.0,0.0,21.0,32.0,0.0,32.0,24.0,221.0,129.0,18.0,64.0,2.0,12.0,1.0,6.0,2.0,81.0,153.0,217.0,25.0,1.1875,0.0,0.0,0.0,0.0,0.0,0.0,0.0,0.0,0.0,0.0,0.0,0.0,0.0,0.0,0.0,0.0,0.0,0.0,0.0,0.0,0.0,0.0,0.0,0.0,0.0,0.0,0.0,0.0,0.0,0.0,0.0,0.0,0.0,0.0,0.0,0.0,0.0,0.0,0.0,0.0,0.0,2.0,0.0,0.0,0.0,0.0,6.0,0.0,2.0,1.0,0.0,4.0,4.0,0.0,0.0,0.0,0.0,0.0,0.0,0.0,0.0,0.0,0.0,0.0,0.0,0.0,0.0,0.0,0.0,0.0,0.0,0.0,0.0,0.0,0.0,2.0,0.0,0.0,0.0,0.0,8.0,0.0,2.0,1.0,0.0,5.0,7.0,0.0
652,1.0,652.0,London_11,3years_LHD,1Lon_11,151,453,1092.0,70.0,2.0,140883.0,5.725537094287574,764.0,58.0,0.0,58.0,110.0,0.0,110.0,32.0,226.0,135.0,17.0,53.0,2.0,13.0,1.0,6.0,3.0,82.0,157.0,211.0,33.0,3.390909090909091,0.0,0.0,0.0,0.0,0.0,0.0,0.0,0.0,0.0,0.0,0.0,0.0,0.0,0.0,0.0,0.0,0.0,0.0,0.0,0.0,0.0,0.0,0.0,0.0,0.0,0.0,0.0,0.0,0.0,0.0,0.0,0.0,0.0,0.0,0.0,0.0,0.0,0.0,0.0,0.0,4.0,7.0,0.0,1.0,0.0,0.0,7.0,5.0,6.0,4.0,12.0,12.0,12.0,4.0,0.0,0.0,0.0,0.0,0.0,0.0,0.0,0.0,0.0,0.0,0.0,0.0,0.0,0.0,0.0,0.0,0.0,0.0,0.0,0.0,5.0,9.0,0.0,1.0,0.0,0.0,13.0,6.0,8.0,7.0,19.0,22.0,18.0,6.0
653,1.0,653.0,London_11,3years_LHD,1Lon_11,151,453,1092.0,70.0,2.0,163986.0,3.389630584977567,815.0,55.0,2.0,53.0,108.0,17.0,91.0,110.0,221.0,145.0,19.0,44.0,2.0,16.0,0.0,6.0,8.0,79.0,161.0,205.0,36.0,2.935185185185185,0.0,0.0,0.0,0.0,0.0,0.0,0.0,0.0,0.0,0.0,0.0,0.0,0.0,0.0,0.0,0.0,0.0,0.0,0.0,0.0,0.0,0.0,0.0,0.0,0.0,0.0,0.0,0.0,0.0,0.0,0.0,0.0,0.0,0.0,0.0,1.0,0.0,0.0,0.0,0.0,4.0,2.0,0.0,1.0,2.0,0.0,7.0,2.0,7.0,5.0,13.0,6.0,11.0,5.0,0.0,0.0,0.0,0.0,0.0,0.0,0.0,0.0,0.0,0.0,0.0,0.0,0.0,0.0,0.0,3.0,0.0,0.0,0.0,0.0,6.0,2.0,0.0,1.0,2.0,0.0,9.0,2.0,10.0,7.0,17.0,8.0,14.0,10.0
654,1.0,654.0,London_11,3years_LHD,1Lon_11,151,453,1092.0,70.0,2.0,184824.0,7.04993614833802,861.0,70.0,2.0,68.0,136.0,18.0,118.0,108.0,221.0,145.0,21.0,36.0,5.0,18.0,1.0,6.0,6.0,77.0,155.0,215.0,38.0,2.323529411764706,0.0,0.0,0.0,0.0,0.0,0.0,0.0,0.0,0.0,0.0,0.0,0.0,0.0,0.0,0.0,0.0,0.0,0.0,0.0,0.0,0.0,0.0,0.0,0.0,0.0,0.0,0.0,0.0,0.0,1.0,0.0,0.0,2.0,0.0,0.0,1.0,0.0,0.0,0.0,0.0,2.0,5.0,0.0,0.0,3.0,0.0,10.0,5.0,2.0,7.0,16.0,17.0,17.0,2.0,0.0,0.0,0.0,0.0,0.0,0.0,0.0,0.0,0.0,7.0,0.0,0.0,12.0,0.0,0.0,9.0,0.0,0.0,0.0,0.0,2.0,8.0,0.0,0.0,3.0,0.0,14.0,9.0,5.0,7.0,30.0,22.0,23.0,3.0
655,1.0,655.0,London_11,3years_LHD,1Lon_11,151,453,1092.0,70.0,2.0,197508.0,6.9202027674764395,889.0,177.0,0.0,177.0,301.0,0.0,301.0,136.0,229.0,145.0,10.0,39.0,5.0,20.0,1.0,4.0,7.0,69.0,173.0,204.0,37.0,3.3222591362126246,0.0,0.0,0.0,0.0,0.0,0.0,0.0,0.0,0.0,0.0,0.0,0.0,0.0,0.0,0.0,0.0,0.0,0.0,0.0,0.0,0.0,0.0,0.0,0.0,0.0,0.0,0.0,0.0,0.0,0.0,0.0,0.0,0.0,0.0,0.0,0.0,0.0,0.0,0.0,0.0,0.0,7.0,0.0,0.0,0.0,0.0,5.0,9.0,12.0,15.0,33.0,31.0,33.0,7.0,0.0,0.0,0.0,0.0,0.0,0.0,0.0,0.0,0.0,0.0,0.0,0.0,0.0,0.0,0.0,0.0,0.0,0.0,0.0,0.0,0.0,13.0,0.0,0.0,0.0,0.0,6.0,13.0,15.0,17.0,46.0,48.0,46.0,9.0
656,1.0,656.0,London_11,3years_LHD,1Lon_11,151,453,1092.0,70.0,2.0,161721.0,3.5333951683714986,810.0,67.0,0.0,67.0,117.0,0.0,117.0,301.0,191.0,107.0,20.0,98.0,8.0,21.0,4.0,4.0,6.0,75.0,147.0,225.0,39.0,0.27350427350427353,0.0,0.0,0.0,0.0,0.0,0.0,0.0,0.0,0.0,0.0,0.0,0.0,0.0,0.0,0.0,0.0,0.0,0.0,0.0,0.0,0.0,0.0,0.0,0.0,0.0,0.0,0.0,0.0,0.0,0.0,0.0,0.0,0.0,0.0,0.0,0.0,0.0,0.0,0.0,0.0,0.0,4.0,3.0,2.0,4.0,0.0,9.0,7.0,3.0,3.0,9.0,14.0,18.0,4.0,0.0,0.0,0.0,0.0,0.0,0.0,0.0,0.0,0.0,0.0,0.0,0.0,0.0,0.0,0.0,0.0,0.0,0.0,0.0,0.0,0.0,5.0,4.0,2.0,4.0,0.0,11.0,11.0,4.0,4.0,15.0,17.0,25.0,6.0
657,1.0,657.0,London_11,3years_LHD,1Lon_11,151,453,1092.0,70.0,2.0,178029.0,6.42463852558285,846.0,142.0,2.0,140.0,252.0,22.0,230.0,117.0,206.0,109.0,21.0,72.0,8.0,30.0,3.0,4.0,6.0,66.0,175.0,206.0,48.0,1.7738095238095237,0.0,0.0,0.0,0.0,0.0,0.0,0.0,0.0,0.0,0.0,0.0,0.0,0.0,0.0,0.0,0.0,0.0,0.0,0.0,0.0,0.0,0.0,0.0,0.0,0.0,0.0,0.0,0.0,0.0,0.0,0.0,0.0,0.0,0.0,0.0,1.0,0.0,0.0,0.0,0.0,1.0,8.0,2.0,2.0,7.0,0.0,9.0,5.0,1.0,17.0,29.0,20.0,29.0,11.0,0.0,0.0,0.0,0.0,0.0,0.0,0.0,0.0,0.0,0.0,0.0,0.0,0.0,0.0,0.0,6.0,0.0,0.0,0.0,0.0,1.0,13.0,3.0,3.0,7.0,0.0,10.0,6.0,1.0,21.0,42.0,26.0,37.0,15.0
658,1.0,658.0,London_11,3years_LHD,1Lon_11,151,453,1092.0,70.0,2.0,150849.0,2.0871638618409634,786.0,67.0,0.0,67.0,120.0,0.0,120.0,252.0,202.0,128.0,13.0,74.0,9.0,24.0,0.0,3.0,5.0,69.0,161.0,218.0,50.0,1.05,0.0,0.0,0.0,0.0,0.0,0.0,0.0,0.0,0.0,0.0,0.0,0.0,0.0,0.0,0.0,0.0,0.0,0.0,0.0,0.0,0.0,0.0,0.0,0.0,0.0,0.0,0.0,0.0,0.0,0.0,0.0,0.0,0.0,0.0,0.0,0.0,0.0,0.0,0.0,0.0,0.0,6.0,3.0,0.0,9.0,0.0,9.0,3.0,6.0,7.0,11.0,8.0,11.0,4.0,0.0,0.0,0.0,0.0,0.0,0.0,0.0,0.0,0.0,0.0,0.0,0.0,0.0,0.0,0.0,0.0,0.0,0.0,0.0,0.0,0.0,9.0,3.0,0.0,9.0,0.0,12.0,3.0,12.0,10.0,17.0,12.0,13.0,7.0
659,1.0,659.0,London_11,3years_LHD,1Lon_11,151,453,1092.0,70.0,2.0,152661.0,5.205390368588269,790.0,129.0,2.0,127.0,230.0,17.0,213.0,120.0,210.0,126.0,10.0,68.0,14.0,21.0,0.0,4.0,5.0,61.0,165.0,222.0,49.0,2.0478260869565217,0.0,0.0,0.0,0.0,0.0,0.0,0.0,0.0,0.0,0.0,0.0,0.0,0.0,0.0,0.0,0.0,0.0,0.0,0.0,0.0,0.0,0.0,0.0,0.0,0.0,0.0,0.0,0.0,0.0,0.0,1.0,0.0,1.0,0.0,0.0,1.0,0.0,0.0,0.0,0.0,2.0,7.0,6.0,1.0,1.0,1.0,12.0,8.0,8.0,13.0,19.0,30.0,23.0,2.0,0.0,0.0,0.0,0.0,0.0,0.0,0.0,0.0,0.0,0.0,8.0,0.0,6.0,0.0,0.0,2.0,0.0,0.0,0.0,0.0,2.0,7.0,6.0,1.0,1.0,1.0,15.0,12.0,12.0,14.0,27.0,48.0,30.0,3.0
660,1.0,660.0,London_11,3years_LHD,1Lon_11,151,453,1092.0,70.0,2.0,133182.0,5.658150931820273,747.0,51.0,0.0,51.0,81.0,0.0,81.0,230.0,197.0,127.0,15.0,77.0,5.0,25.0,2.0,5.0,5.0,82.0,151.0,215.0,39.0,1.382716049382716,0.0,0.0,0.0,0.0,0.0,0.0,0.0,0.0,0.0,0.0,0.0,0.0,0.0,0.0,0.0,0.0,0.0,0.0,0.0,0.0,0.0,0.0,0.0,0.0,0.0,0.0,0.0,0.0,0.0,0.0,0.0,0.0,0.0,0.0,0.0,0.0,0.0,0.0,0.0,0.0,2.0,3.0,1.0,2.0,1.0,1.0,9.0,3.0,3.0,5.0,8.0,13.0,14.0,2.0,0.0,0.0,0.0,0.0,0.0,0.0,0.0,0.0,0.0,0.0,0.0,0.0,0.0,0.0,0.0,0.0,0.0,0.0,0.0,0.0,3.0,4.0,1.0,2.0,1.0,1.0,11.0,4.0,4.0,8.0,11.0,18.0,17.0,3.0
661,1.0,661.0,London_11,3years_LHD,1Lon_11,151,453,1092.0,70.0,2.0,154473.0,4.021737259812653,794.0,73.0,0.0,73.0,114.0,0.0,114.0,81.0,198.0,131.0,20.0,68.0,6.0,27.0,1.0,2.0,6.0,80.0,151.0,216.0,46.0,1.3245614035087718,0.0,0.0,0.0,0.0,0.0,0.0,0.0,0.0,0.0,0.0,0.0,0.0,0.0,0.0,0.0,0.0,0.0,0.0,0.0,0.0,0.0,0.0,0.0,0.0,0.0,0.0,0.0,0.0,0.0,0.0,0.0,0.0,0.0,0.0,0.0,0.0,0.0,0.0,0.0,0.0,0.0,4.0,2.0,2.0,2.0,0.0,9.0,2.0,2.0,8.0,10.0,19.0,8.0,8.0,0.0,0.0,0.0,0.0,0.0,0.0,0.0,0.0,0.0,0.0,0.0,0.0,0.0,0.0,0.0,0.0,0.0,0.0,0.0,0.0,0.0,5.0,2.0,2.0,2.0,0.0,14.0,3.0,3.0,10.0,15.0,28.0,11.0,10.0
662,1.0,662.0,London_11,3years_LHD,1Lon_11,151,453,1092.0,70.0,2.0,152208.0,5.383386600762606,789.0,124.0,0.0,124.0,221.0,0.0,221.0,114.0,205.0,141.0,21.0,59.0,0.0,24.0,0.0,3.0,6.0,81.0,151.0,215.0,45.0,2.076923076923077,0.0,0.0,0.0,0.0,0.0,0.0,0.0,0.0,0.0,0.0,0.0,0.0,0.0,0.0,0.0,0.0,0.0,0.0,0.0,0.0,0.0,0.0,0.0,0.0,0.0,0.0,0.0,0.0,0.0,0.0,0.0,0.0,0.0,0.0,0.0,0.0,0.0,0.0,0.0,0.0,4.0,9.0,0.0,3.0,10.0,0.0,12.0,10.0,2.0,9.0,17.0,31.0,25.0,12.0,0.0,0.0,0.0,0.0,0.0,0.0,0.0,0.0,0.0,0.0,0.0,0.0,0.0,0.0,0.0,0.0,0.0,0.0,0.0,0.0,4.0,15.0,0.0,5.0,11.0,0.0,13.0,14.0,2.0,11.0,27.0,43.0,33.0,19.0
663,1.0,663.0,London_11,3years_LHD,1Lon_11,151,453,1092.0,70.0,2.0,127293.0,5.0922719007357955,734.0,30.0,2.0,28.0,73.0,20.0,53.0,221.0,209.0,131.0,17.0,64.0,7.0,21.0,1.0,3.0,7.0,66.0,153.0,227.0,40.0,1.9452054794520548,0.0,0.0,0.0,0.0,0.0,0.0,0.0,0.0,0.0,0.0,0.0,0.0,0.0,0.0,0.0,0.0,0.0,0.0,0.0,0.0,0.0,0.0,0.0,0.0,0.0,0.0,0.0,0.0,0.0,0.0,0.0,0.0,1.0,0.0,0.0,2.0,0.0,0.0,0.0,0.0,2.0,4.0,0.0,1.0,0.0,0.0,4.0,4.0,4.0,6.0,6.0,8.0,3.0,3.0,0.0,0.0,0.0,0.0,0.0,0.0,0.0,0.0,0.0,0.0,0.0,0.0,8.0,0.0,0.0,13.0,0.0,0.0,0.0,0.0,2.0,5.0,0.0,2.0,0.0,0.0,5.0,7.0,5.0,9.0,9.0,11.0,5.0,5.0
664,1.0,664.0,London_11,3years_LHD,1Lon_11,151,453,1092.0,70.0,2.0,144960.0,1.2818949213251472,773.0,123.0,2.0,121.0,216.0,18.0,198.0,73.0,216.0,124.0,12.0,74.0,5.0,22.0,0.0,0.0,7.0,77.0,144.0,225.0,41.0,1.8333333333333333,0.0,0.0,0.0,0.0,0.0,0.0,0.0,0.0,0.0,0.0,0.0,0.0,0.0,0.0,0.0,0.0,0.0,0.0,0.0,0.0,0.0,0.0,0.0,0.0,0.0,0.0,0.0,0.0,0.0,0.0,0.0,0.0,0.0,0.0,0.0,2.0,0.0,0.0,0.0,0.0,3.0,4.0,0.0,1.0,1.0,0.0,30.0,5.0,3.0,13.0,17.0,28.0,28.0,12.0,0.0,0.0,0.0,0.0,0.0,0.0,0.0,0.0,0.0,0.0,0.0,0.0,0.0,0.0,0.0,7.0,0.0,0.0,0.0,0.0,3.0,5.0,0.0,2.0,1.0,0.0,39.0,7.0,3.0,16.0,23.0,42.0,33.0,18.0
665,1.0,665.0,London_11,3years_LHD,1Lon_11,151,453,1092.0,70.0,2.0,126840.0,5.024188498966396,733.0,0.0,0.0,0.0,0.0,0.0,0.0,216.0,223.0,117.0,16.0,61.0,5.0,27.0,1.0,3.0,5.0,68.0,153.0,227.0,31.0,0.0,0.0,0.0,0.0,0.0,0.0,0.0,0.0,0.0,0.0,0.0,0.0,0.0,0.0,0.0,0.0,0.0,0.0,0.0,0.0,0.0,0.0,0.0,0.0,0.0,0.0,0.0,0.0,0.0,0.0,0.0,0.0,0.0,0.0,0.0,0.0,0.0,0.0,0.0,0.0,0.0,0.0,0.0,0.0,0.0,0.0,0.0,0.0,0.0,0.0,0.0,0.0,0.0,0.0,0.0,0.0,0.0,0.0,0.0,0.0,0.0,0.0,0.0,0.0,0.0,0.0,0.0,0.0,0.0,0.0,0.0,0.0,0.0,0.0,0.0,0.0,0.0,0.0,0.0,0.0,0.0,0.0,0.0,0.0,0.0,0.0,0.0,0.0,0.0
666,1.0,666.0,London_11,3years_LHD,1Lon_11,151,453,1092.0,70.0,2.0,169422.0,5.04807180352509,827.0,111.0,0.0,111.0,200.0,0.0,200.0,0.0,223.0,117.0,16.0,61.0,5.0,27.0,1.0,3.0,5.0,68.0,153.0,227.0,31.0,2.235,0.0,0.0,0.0,0.0,0.0,0.0,0.0,0.0,0.0,0.0,0.0,0.0,0.0,0.0,0.0,0.0,0.0,0.0,0.0,0.0,0.0,0.0,0.0,0.0,0.0,0.0,0.0,0.0,0.0,0.0,0.0,0.0,0.0,0.0,0.0,0.0,0.0,0.0,0.0,0.0,2.0,3.0,0.0,0.0,1.0,1.0,4.0,14.0,5.0,19.0,15.0,30.0,13.0,11.0,0.0,0.0,0.0,0.0,0.0,0.0,0.0,0.0,0.0,0.0,0.0,0.0,0.0,0.0,0.0,0.0,0.0,0.0,0.0,0.0,2.0,3.0,0.0,0.0,1.0,1.0,6.0,21.0,5.0,27.0,27.0,45.0,18.0,13.0
667,1.0,667.0,London_11,3years_LHD,1Lon_11,151,453,1092.0,70.0,2.0,158550.0,3.641892612911761,803.0,56.0,2.0,54.0,118.0,19.0,99.0,200.0,236.0,118.0,12.0,49.0,5.0,27.0,2.0,4.0,11.0,66.0,149.0,227.0,36.0,2.194915254237288,0.0,0.0,0.0,0.0,0.0,0.0,0.0,0.0,0.0,0.0,0.0,0.0,0.0,0.0,0.0,0.0,0.0,0.0,0.0,0.0,0.0,0.0,0.0,0.0,0.0,0.0,0.0,0.0,0.0,0.0,0.0,0.0,0.0,0.0,0.0,1.0,0.0,0.0,0.0,0.0,1.0,3.0,0.0,0.0,4.0,0.0,4.0,6.0,4.0,10.0,11.0,16.0,12.0,6.0,0.0,0.0,0.0,0.0,0.0,0.0,0.0,0.0,0.0,0.0,0.0,0.0,0.0,0.0,0.0,1.0,0.0,0.0,0.0,0.0,2.0,6.0,0.0,0.0,4.0,0.0,6.0,12.0,8.0,14.0,23.0,23.0,19.0,11.0
668,1.0,668.0,London_11,3years_LHD,1Lon_11,151,453,1092.0,70.0,2.0,178029.0,5.138319859281182,846.0,79.0,3.0,76.0,155.0,25.0,130.0,118.0,231.0,126.0,14.0,47.0,3.0,27.0,2.0,3.0,6.0,73.0,138.0,236.0,34.0,2.7419354838709675,0.0,0.0,0.0,0.0,0.0,0.0,0.0,0.0,0.0,0.0,0.0,0.0,0.0,0.0,0.0,0.0,0.0,0.0,0.0,0.0,0.0,0.0,0.0,0.0,0.0,0.0,0.0,0.0,0.0,0.0,0.0,0.0,1.0,0.0,1.0,2.0,0.0,0.0,0.0,0.0,2.0,1.0,0.0,2.0,2.0,1.0,11.0,8.0,7.0,3.0,9.0,18.0,9.0,6.0,0.0,0.0,0.0,0.0,0.0,0.0,0.0,0.0,0.0,0.0,0.0,0.0,4.0,0.0,7.0,7.0,0.0,0.0,0.0,0.0,2.0,1.0,0.0,4.0,2.0,1.0,13.0,13.0,7.0,4.0,12.0,25.0,10.0,10.0
669,1.0,669.0,London_11,3years_LHD,1Lon_11,151,453,1092.0,70.0,2.0,192525.0,7.505745048634708,878.0,158.0,0.0,158.0,278.0,0.0,278.0,155.0,220.0,125.0,20.0,55.0,2.0,25.0,4.0,2.0,7.0,82.0,130.0,234.0,32.0,2.2517985611510793,0.0,0.0,0.0,0.0,0.0,0.0,0.0,0.0,0.0,0.0,0.0,0.0,0.0,0.0,0.0,0.0,0.0,0.0,0.0,0.0,0.0,0.0,0.0,0.0,0.0,0.0,0.0,0.0,0.0,0.0,0.0,0.0,0.0,0.0,0.0,0.0,0.0,0.0,0.0,0.0,1.0,9.0,0.0,1.0,2.0,0.0,12.0,8.0,11.0,8.0,25.0,38.0,26.0,10.0,0.0,0.0,0.0,0.0,0.0,0.0,0.0,0.0,0.0,0.0,0.0,0.0,0.0,0.0,0.0,0.0,0.0,0.0,0.0,0.0,1.0,11.0,0.0,1.0,2.0,0.0,14.0,9.0,13.0,9.0,35.0,51.0,32.0,17.0
670,1.0,670.0,London_11,3years_LHD,1Lon_11,151,453,1092.0,70.0,2.0,152208.0,7.099235563538969,789.0,44.0,0.0,44.0,79.0,0.0,79.0,278.0,206.0,103.0,19.0,77.0,11.0,30.0,2.0,5.0,9.0,77.0,146.0,221.0,29.0,0.27848101265822783,0.0,0.0,0.0,0.0,0.0,0.0,0.0,0.0,0.0,0.0,0.0,0.0,0.0,0.0,0.0,0.0,0.0,0.0,0.0,0.0,0.0,0.0,0.0,0.0,0.0,0.0,0.0,0.0,0.0,0.0,0.0,0.0,0.0,0.0,0.0,0.0,0.0,0.0,0.0,0.0,2.0,4.0,1.0,0.0,7.0,0.0,4.0,2.0,6.0,3.0,8.0,8.0,12.0,1.0,0.0,0.0,0.0,0.0,0.0,0.0,0.0,0.0,0.0,0.0,0.0,0.0,0.0,0.0,0.0,0.0,0.0,0.0,0.0,0.0,3.0,6.0,1.0,0.0,7.0,0.0,5.0,3.0,8.0,5.0,14.0,11.0,14.0,1.0
671,1.0,671.0,London_11,3years_LHD,1Lon_11,151,453,1092.0,70.0,2.0,177576.0,5.227625205181539,845.0,120.0,2.0,118.0,231.0,17.0,214.0,79.0,224.0,96.0,18.0,63.0,12.0,32.0,3.0,5.0,10.0,77.0,154.0,212.0,34.0,2.121212121212121,0.0,0.0,0.0,0.0,0.0,0.0,0.0,0.0,0.0,0.0,0.0,0.0,0.0,0.0,0.0,0.0,0.0,0.0,0.0,0.0,0.0,0.0,0.0,0.0,0.0,0.0,0.0,0.0,0.0,0.0,0.0,0.0,1.0,0.0,0.0,1.0,0.0,0.0,0.0,0.0,1.0,5.0,6.0,1.0,0.0,1.0,5.0,6.0,14.0,4.0,21.0,30.0,23.0,11.0,0.0,0.0,0.0,0.0,0.0,0.0,0.0,0.0,0.0,0.0,0.0,0.0,1.0,0.0,0.0,4.0,0.0,0.0,0.0,0.0,1.0,8.0,8.0,4.0,0.0,1.0,9.0,10.0,16.0,4.0,33.0,47.0,30.0,15.0
672,1.0,672.0,London_11,3years_LHD,1Lon_11,151,453,1092.0,70.0,2.0,160362.0,2.086751072667539,807.0,74.0,0.0,74.0,130.0,0.0,130.0,231.0,221.0,104.0,22.0,63.0,12.0,27.0,1.0,3.0,10.0,72.0,160.0,211.0,33.0,1.0692307692307692,0.0,0.0,0.0,0.0,0.0,0.0,0.0,0.0,0.0,0.0,0.0,0.0,0.0,0.0,0.0,0.0,0.0,0.0,0.0,0.0,0.0,0.0,0.0,0.0,0.0,0.0,0.0,0.0,0.0,0.0,0.0,0.0,0.0,0.0,0.0,0.0,0.0,0.0,0.0,0.0,4.0,2.0,3.0,0.0,1.0,0.0,8.0,6.0,4.0,10.0,15.0,19.0,13.0,7.0,0.0,0.0,0.0,0.0,0.0,0.0,0.0,0.0,0.0,0.0,0.0,0.0,0.0,0.0,0.0,0.0,0.0,0.0,0.0,0.0,4.0,3.0,3.0,0.0,1.0,0.0,11.0,7.0,5.0,13.0,22.0,33.0,19.0,10.0
673,1.0,673.0,London_11,3years_LHD,1Lon_11,151,453,1092.0,70.0,2.0,161268.0,4.239833594299853,809.0,68.0,2.0,66.0,124.0,15.0,109.0,130.0,226.0,117.0,20.0,52.0,9.0,26.0,0.0,3.0,9.0,77.0,159.0,208.0,37.0,1.6935483870967742,0.0,0.0,0.0,0.0,0.0,0.0,0.0,0.0,0.0,0.0,0.0,0.0,0.0,0.0,0.0,0.0,0.0,0.0,0.0,0.0,0.0,0.0,0.0,0.0,0.0,0.0,0.0,0.0,0.0,0.0,0.0,0.0,0.0,0.0,0.0,0.0,0.0,0.0,0.0,0.0,1.0,1.0,1.0,0.0,1.0,1.0,10.0,6.0,4.0,6.0,13.0,15.0,12.0,2.0,0.0,0.0,0.0,0.0,0.0,0.0,0.0,0.0,0.0,0.0,0.0,0.0,0.0,0.0,0.0,0.0,0.0,0.0,0.0,0.0,1.0,1.0,1.0,0.0,1.0,2.0,15.0,6.0,7.0,7.0,23.0,20.0,16.0,3.0
674,1.0,674.0,London_11,3years_LHD,1Lon_11,151,453,1092.0,70.0,2.0,168969.0,5.66833489574492,826.0,147.0,0.0,147.0,257.0,0.0,257.0,124.0,230.0,116.0,17.0,44.0,10.0,30.0,0.0,6.0,8.0,80.0,138.0,227.0,44.0,2.3463035019455254,0.0,0.0,0.0,0.0,0.0,0.0,0.0,0.0,0.0,0.0,0.0,0.0,0.0,0.0,0.0,0.0,0.0,0.0,0.0,0.0,0.0,0.0,0.0,0.0,0.0,0.0,0.0,0.0,0.0,0.0,0.0,0.0,0.0,0.0,0.0,0.0,0.0,0.0,0.0,0.0,2.0,14.0,3.0,1.0,2.0,2.0,18.0,13.0,3.0,5.0,23.0,29.0,22.0,9.0,0.0,0.0,0.0,0.0,0.0,0.0,0.0,0.0,0.0,0.0,0.0,0.0,0.0,0.0,0.0,0.0,0.0,0.0,0.0,0.0,2.0,17.0,3.0,1.0,2.0,4.0,22.0,19.0,8.0,6.0,32.0,42.0,30.0,10.0
675,1.0,675.0,London_11,3years_LHD,1Lon_11,151,453,1092.0,70.0,2.0,131370.0,5.976445899344981,743.0,146.0,1.0,145.0,257.0,9.0,248.0,257.0,214.0,90.0,23.0,87.0,9.0,24.0,0.0,6.0,8.0,79.0,143.0,223.0,35.0,1.0311284046692606,0.0,0.0,0.0,0.0,0.0,0.0,0.0,0.0,0.0,0.0,0.0,0.0,0.0,0.0,0.0,0.0,0.0,0.0,0.0,0.0,0.0,0.0,0.0,0.0,0.0,0.0,0.0,0.0,0.0,0.0,0.0,0.0,0.0,0.0,0.0,1.0,0.0,0.0,0.0,0.0,3.0,14.0,2.0,1.0,2.0,0.0,17.0,9.0,2.0,14.0,24.0,36.0,18.0,8.0,0.0,0.0,0.0,0.0,0.0,0.0,0.0,0.0,0.0,0.0,0.0,0.0,0.0,0.0,0.0,4.0,0.0,0.0,0.0,0.0,3.0,20.0,2.0,2.0,2.0,0.0,26.0,11.0,2.0,21.0,36.0,54.0,21.0,10.0
676,1.0,676.0,London_11,3years_LHD,1Lon_11,151,453,1092.0,70.0,2.0,85617.0,1.8491081511601806,642.0,22.0,0.0,22.0,37.0,0.0,37.0,257.0,222.0,102.0,18.0,76.0,10.0,19.0,1.0,5.0,3.0,80.0,153.0,217.0,33.0,0.1891891891891892,0.0,0.0,0.0,0.0,0.0,0.0,0.0,0.0,0.0,0.0,0.0,0.0,0.0,0.0,0.0,0.0,0.0,0.0,0.0,0.0,0.0,0.0,0.0,0.0,0.0,0.0,0.0,0.0,0.0,0.0,0.0,0.0,0.0,0.0,0.0,0.0,0.0,0.0,0.0,0.0,1.0,2.0,0.0,0.0,0.0,0.0,2.0,3.0,2.0,4.0,2.0,7.0,4.0,2.0,0.0,0.0,0.0,0.0,0.0,0.0,0.0,0.0,0.0,0.0,0.0,0.0,0.0,0.0,0.0,0.0,0.0,0.0,0.0,0.0,1.0,3.0,0.0,0.0,0.0,0.0,3.0,3.0,3.0,6.0,2.0,8.0,5.0,2.0
677,1.0,677.0,London_11,3years_LHD,1Lon_11,151,453,1092.0,70.0,2.0,115062.0,8.406550061888993,707.0,122.0,2.0,120.0,223.0,17.0,206.0,37.0,225.0,104.0,18.0,75.0,9.0,17.0,0.0,5.0,6.0,75.0,159.0,213.0,36.0,1.6053811659192825,0.0,0.0,0.0,0.0,0.0,0.0,0.0,0.0,0.0,0.0,0.0,0.0,0.0,0.0,0.0,0.0,0.0,0.0,0.0,0.0,0.0,0.0,0.0,0.0,0.0,0.0,0.0,0.0,0.0,0.0,0.0,0.0,0.0,0.0,0.0,1.0,0.0,0.0,0.0,0.0,0.0,1.0,10.0,2.0,0.0,0.0,10.0,10.0,9.0,6.0,28.0,28.0,15.0,5.0,0.0,0.0,0.0,0.0,0.0,0.0,0.0,0.0,0.0,0.0,0.0,0.0,0.0,0.0,0.0,3.0,0.0,0.0,0.0,0.0,0.0,2.0,11.0,3.0,0.0,0.0,11.0,14.0,15.0,7.0,44.0,45.0,16.0,13.0
678,1.0,678.0,London_11,3years_LHD,1Lon_11,151,453,1092.0,70.0,2.0,88335.0,2.5573190273717046,648.0,14.0,2.0,12.0,30.0,17.0,13.0,223.0,239.0,107.0,12.0,60.0,10.0,18.0,0.0,7.0,6.0,77.0,142.0,228.0,18.0,1.8,0.0,0.0,0.0,0.0,0.0,0.0,0.0,0.0,0.0,0.0,0.0,0.0,0.0,0.0,0.0,0.0,0.0,0.0,0.0,0.0,0.0,0.0,0.0,0.0,0.0,0.0,0.0,0.0,0.0,0.0,0.0,0.0,2.0,0.0,0.0,2.0,0.0,0.0,0.0,0.0,0.0,1.0,0.0,0.0,0.0,0.0,0.0,2.0,0.0,1.0,0.0,1.0,1.0,0.0,0.0,0.0,0.0,0.0,0.0,0.0,0.0,0.0,0.0,0.0,0.0,0.0,11.0,0.0,0.0,3.0,0.0,0.0,0.0,0.0,0.0,1.0,0.0,0.0,0.0,0.0,0.0,2.0,0.0,1.0,0.0,1.0,1.0,0.0
679,1.0,679.0,London_11,3years_LHD,1Lon_11,151,453,1092.0,70.0,2.0,121404.0,7.085182933136821,721.0,19.0,0.0,19.0,33.0,0.0,33.0,30.0,237.0,106.0,14.0,63.0,6.0,19.0,1.0,7.0,3.0,75.0,135.0,240.0,19.0,2.4545454545454546,0.0,0.0,0.0,0.0,0.0,0.0,0.0,0.0,0.0,0.0,0.0,0.0,0.0,0.0,0.0,0.0,0.0,0.0,0.0,0.0,0.0,0.0,0.0,0.0,0.0,0.0,0.0,0.0,0.0,0.0,0.0,0.0,0.0,0.0,0.0,0.0,0.0,0.0,0.0,0.0,0.0,0.0,0.0,0.0,0.0,0.0,1.0,3.0,2.0,1.0,3.0,7.0,2.0,4.0,0.0,0.0,0.0,0.0,0.0,0.0,0.0,0.0,0.0,0.0,0.0,0.0,0.0,0.0,0.0,0.0,0.0,0.0,0.0,0.0,0.0,0.0,0.0,0.0,0.0,0.0,2.0,3.0,3.0,1.0,5.0,9.0,3.0,6.0
680,1.0,680.0,London_11,3years_LHD,1Lon_11,151,453,1092.0,70.0,2.0,149037.0,6.438014879822731,782.0,63.0,0.0,63.0,110.0,0.0,110.0,33.0,235.0,109.0,14.0,64.0,8.0,13.0,4.0,6.0,6.0,78.0,140.0,229.0,21.0,2.581818181818182,0.0,0.0,0.0,0.0,0.0,0.0,0.0,0.0,0.0,0.0,0.0,0.0,0.0,0.0,0.0,0.0,0.0,0.0,0.0,0.0,0.0,0.0,0.0,0.0,0.0,0.0,0.0,0.0,0.0,0.0,0.0,0.0,0.0,0.0,0.0,0.0,0.0,0.0,0.0,0.0,0.0,2.0,0.0,0.0,3.0,0.0,13.0,6.0,2.0,9.0,11.0,14.0,15.0,8.0,0.0,0.0,0.0,0.0,0.0,0.0,0.0,0.0,0.0,0.0,0.0,0.0,0.0,0.0,0.0,0.0,0.0,0.0,0.0,0.0,0.0,3.0,0.0,0.0,3.0,0.0,19.0,7.0,3.0,12.0,16.0,17.0,20.0,12.0
681,1.0,681.0,London_11,3years_LHD,1Lon_11,151,453,1092.0,70.0,2.0,161268.0,6.939183530397713,809.0,50.0,2.0,48.0,109.0,19.0,90.0,110.0,236.0,117.0,11.0,56.0,8.0,18.0,1.0,6.0,10.0,82.0,144.0,217.0,32.0,3.18348623853211,0.0,0.0,0.0,0.0,0.0,0.0,0.0,0.0,0.0,0.0,0.0,0.0,0.0,0.0,0.0,0.0,0.0,0.0,0.0,0.0,0.0,0.0,0.0,0.0,0.0,0.0,0.0,0.0,0.0,0.0,0.0,0.0,0.0,0.0,1.0,0.0,0.0,0.0,0.0,0.0,4.0,6.0,3.0,0.0,1.0,0.0,7.0,7.0,1.0,4.0,12.0,13.0,9.0,2.0,0.0,0.0,0.0,0.0,0.0,0.0,0.0,0.0,0.0,0.0,0.0,0.0,0.0,0.0,10.0,0.0,0.0,0.0,0.0,0.0,5.0,8.0,3.0,0.0,2.0,0.0,11.0,11.0,1.0,6.0,19.0,21.0,10.0,4.0
682,1.0,682.0,London_11,3years_LHD,1Lon_11,151,453,1092.0,70.0,2.0,192072.0,4.1790759628638625,877.0,70.0,2.0,68.0,135.0,18.0,117.0,109.0,229.0,111.0,16.0,63.0,6.0,23.0,1.0,4.0,9.0,88.0,137.0,219.0,35.0,2.854961832061069,0.0,0.0,0.0,0.0,0.0,0.0,0.0,0.0,0.0,1.0,0.0,0.0,1.0,0.0,0.0,0.0,0.0,0.0,1.0,0.0,0.0,0.0,0.0,0.0,0.0,0.0,0.0,0.0,0.0,0.0,0.0,0.0,0.0,0.0,0.0,0.0,0.0,0.0,0.0,0.0,3.0,5.0,2.0,4.0,3.0,0.0,10.0,3.0,5.0,4.0,17.0,11.0,20.0,6.0,0.0,0.0,0.0,0.0,0.0,0.0,0.0,0.0,0.0,0.0,0.0,0.0,0.0,0.0,0.0,0.0,0.0,0.0,0.0,0.0,3.0,7.0,2.0,5.0,3.0,0.0,16.0,4.0,6.0,7.0,27.0,14.0,25.0,8.0
683,1.0,683.0,London_11,3years_LHD,1Lon_11,151,453,1092.0,70.0,2.0,207927.0,1.8914242591708899,912.0,174.0,0.0,174.0,301.0,0.0,301.0,131.0,231.0,111.0,6.0,72.0,8.0,19.0,2.0,4.0,12.0,86.0,132.0,223.0,43.0,3.6578073089700998,0.0,0.0,0.0,0.0,0.0,0.0,0.0,0.0,0.0,0.0,0.0,0.0,0.0,0.0,0.0,0.0,0.0,0.0,0.0,0.0,0.0,0.0,0.0,0.0,0.0,0.0,0.0,0.0,0.0,0.0,0.0,0.0,0.0,0.0,0.0,0.0,0.0,0.0,0.0,0.0,2.0,28.0,0.0,1.0,2.0,0.0,17.0,10.0,3.0,5.0,29.0,51.0,15.0,15.0,0.0,0.0,0.0,0.0,0.0,0.0,0.0,0.0,0.0,0.0,0.0,0.0,0.0,0.0,0.0,0.0,0.0,0.0,0.0,0.0,2.0,44.0,0.0,2.0,2.0,0.0,24.0,13.0,6.0,5.0,47.0,77.0,19.0,21.0
684,1.0,684.0,London_11,3years_LHD,1Lon_11,151,453,1092.0,70.0,2.0,173499.0,2.5259661497548223,836.0,68.0,1.0,67.0,127.0,9.0,118.0,301.0,186.0,100.0,22.0,100.0,11.0,23.0,2.0,9.0,4.0,73.0,150.0,226.0,41.0,0.2755905511811024,0.0,0.0,0.0,0.0,0.0,0.0,0.0,0.0,0.0,0.0,0.0,0.0,0.0,0.0,0.0,0.0,0.0,0.0,0.0,0.0,0.0,0.0,0.0,0.0,0.0,0.0,0.0,0.0,0.0,0.0,0.0,0.0,0.0,0.0,0.0,0.0,0.0,0.0,0.0,0.0,1.0,3.0,4.0,3.0,6.0,0.0,9.0,8.0,3.0,8.0,13.0,16.0,20.0,8.0,0.0,0.0,0.0,0.0,0.0,0.0,0.0,0.0,0.0,0.0,0.0,0.0,0.0,0.0,0.0,0.0,0.0,0.0,0.0,0.0,1.0,3.0,4.0,5.0,6.0,0.0,14.0,10.0,3.0,9.0,20.0,23.0,26.0,13.0
685,1.0,685.0,London_11,3years_LHD,1Lon_11,151,453,1092.0,70.0,2.0,187995.0,4.613361405208707,868.0,134.0,2.0,132.0,248.0,17.0,231.0,127.0,197.0,86.0,15.0,108.0,9.0,24.0,2.0,12.0,9.0,67.0,152.0,225.0,60.0,1.6370967741935485,0.0,0.0,0.0,0.0,0.0,0.0,0.0,0.0,0.0,0.0,0.0,0.0,0.0,0.0,0.0,0.0,0.0,0.0,0.0,0.0,0.0,0.0,0.0,0.0,0.0,0.0,0.0,0.0,0.0,0.0,0.0,0.0,1.0,0.0,0.0,1.0,0.0,0.0,0.0,0.0,1.0,8.0,5.0,2.0,0.0,1.0,13.0,11.0,2.0,10.0,28.0,33.0,19.0,7.0,0.0,0.0,0.0,0.0,0.0,0.0,0.0,0.0,0.0,0.0,0.0,0.0,8.0,0.0,0.0,6.0,0.0,0.0,0.0,0.0,1.0,9.0,5.0,2.0,0.0,2.0,20.0,15.0,2.0,13.0,41.0,54.0,23.0,12.0
686,1.0,686.0,London_11,3years_LHD,1Lon_11,151,453,1092.0,70.0,2.0,168516.0,3.326727284118533,825.0,72.0,0.0,72.0,130.0,0.0,130.0,248.0,207.0,82.0,25.0,99.0,4.0,22.0,2.0,12.0,13.0,65.0,149.0,226.0,51.0,1.0153846153846153,0.0,0.0,0.0,0.0,0.0,0.0,0.0,0.0,0.0,0.0,0.0,0.0,0.0,0.0,0.0,0.0,0.0,0.0,0.0,0.0,0.0,0.0,0.0,0.0,0.0,0.0,0.0,0.0,0.0,0.0,0.0,0.0,0.0,0.0,0.0,0.0,0.0,0.0,0.0,0.0,1.0,10.0,4.0,0.0,1.0,0.0,13.0,11.0,7.0,7.0,17.0,11.0,12.0,8.0,0.0,0.0,0.0,0.0,0.0,0.0,0.0,0.0,0.0,0.0,0.0,0.0,0.0,0.0,0.0,0.0,0.0,0.0,0.0,0.0,1.0,14.0,5.0,0.0,1.0,0.0,17.0,14.0,9.0,8.0,25.0,15.0,17.0,12.0
687,1.0,687.0,London_11,3years_LHD,1Lon_11,151,453,1092.0,70.0,2.0,172593.0,5.055707210674882,834.0,60.0,2.0,58.0,126.0,17.0,109.0,130.0,213.0,85.0,20.0,95.0,7.0,19.0,4.0,10.0,14.0,76.0,162.0,201.0,50.0,0.8968253968253969,0.0,0.0,0.0,0.0,0.0,0.0,0.0,0.0,0.0,0.0,0.0,0.0,0.0,0.0,0.0,0.0,0.0,0.0,0.0,0.0,0.0,0.0,0.0,0.0,0.0,0.0,0.0,0.0,0.0,2.0,0.0,0.0,1.0,0.0,1.0,1.0,0.0,0.0,0.0,0.0,0.0,6.0,3.0,0.0,1.0,0.0,4.0,3.0,5.0,6.0,13.0,9.0,16.0,6.0,0.0,0.0,0.0,0.0,0.0,0.0,0.0,0.0,0.0,4.0,0.0,0.0,7.0,0.0,7.0,4.0,0.0,0.0,0.0,0.0,0.0,8.0,5.0,0.0,1.0,0.0,6.0,5.0,9.0,7.0,23.0,13.0,20.0,10.0
688,1.0,688.0,London_11,3years_LHD,1Lon_11,151,453,1092.0,70.0,2.0,175764.0,5.370274691842496,841.0,149.0,0.0,149.0,257.0,0.0,257.0,126.0,233.0,84.0,18.0,73.0,8.0,24.0,5.0,8.0,5.0,70.0,171.0,207.0,37.0,3.2140077821011674,0.0,0.0,0.0,0.0,0.0,0.0,0.0,0.0,0.0,0.0,0.0,0.0,0.0,0.0,0.0,0.0,0.0,0.0,0.0,0.0,0.0,0.0,0.0,0.0,0.0,0.0,0.0,0.0,0.0,0.0,0.0,0.0,0.0,0.0,0.0,0.0,0.0,0.0,0.0,0.0,0.0,12.0,2.0,1.0,2.0,0.0,6.0,11.0,8.0,8.0,30.0,29.0,22.0,13.0,0.0,0.0,0.0,0.0,0.0,0.0,0.0,0.0,0.0,0.0,0.0,0.0,0.0,0.0,0.0,0.0,0.0,0.0,0.0,0.0,0.0,19.0,3.0,1.0,2.0,0.0,8.0,17.0,14.0,11.0,45.0,43.0,30.0,23.0
689,1.0,689.0,London_11,3years_LHD,1Lon_11,151,453,1092.0,70.0,2.0,139977.0,4.541651747189462,762.0,145.0,1.0,144.0,257.0,10.0,247.0,257.0,203.0,97.0,24.0,72.0,9.0,35.0,5.0,8.0,3.0,67.0,168.0,215.0,37.0,0.9883268482490273,0.0,0.0,0.0,0.0,0.0,0.0,0.0,0.0,0.0,0.0,0.0,0.0,0.0,0.0,0.0,0.0,0.0,0.0,0.0,0.0,0.0,0.0,0.0,0.0,0.0,0.0,0.0,0.0,0.0,0.0,0.0,0.0,0.0,0.0,1.0,0.0,1.0,0.0,0.0,0.0,1.0,3.0,0.0,0.0,1.0,1.0,8.0,11.0,3.0,17.0,35.0,34.0,27.0,8.0,0.0,0.0,0.0,0.0,0.0,0.0,0.0,0.0,0.0,0.0,0.0,0.0,0.0,0.0,9.0,0.0,10.0,0.0,0.0,0.0,1.0,5.0,0.0,0.0,1.0,1.0,9.0,12.0,4.0,22.0,50.0,58.0,32.0,12.0
690,1.0,690.0,London_11,3years_LHD,1Lon_11,151,453,1092.0,70.0,2.0,102831.0,1.4145822264254093,680.0,23.0,0.0,23.0,36.0,0.0,36.0,257.0,212.0,89.0,23.0,75.0,3.0,44.0,2.0,5.0,7.0,66.0,171.0,209.0,34.0,0.4444444444444444,0.0,0.0,0.0,0.0,0.0,0.0,0.0,0.0,0.0,0.0,0.0,0.0,0.0,0.0,0.0,0.0,0.0,0.0,0.0,0.0,0.0,0.0,0.0,0.0,0.0,0.0,0.0,0.0,0.0,0.0,0.0,0.0,0.0,0.0,0.0,0.0,0.0,0.0,0.0,0.0,0.0,3.0,1.0,0.0,0.0,0.0,4.0,1.0,1.0,2.0,5.0,6.0,4.0,1.0,0.0,0.0,0.0,0.0,0.0,0.0,0.0,0.0,0.0,0.0,0.0,0.0,0.0,0.0,0.0,0.0,0.0,0.0,0.0,0.0,0.0,3.0,2.0,0.0,0.0,0.0,5.0,2.0,1.0,4.0,7.0,10.0,5.0,1.0
691,1.0,691.0,London_11,3years_LHD,1Lon_11,151,453,1092.0,70.0,2.0,125481.0,5.978931310586631,730.0,132.0,2.0,130.0,226.0,20.0,206.0,36.0,213.0,89.0,26.0,65.0,6.0,48.0,2.0,4.0,6.0,68.0,170.0,209.0,39.0,1.8018018018018018,0.0,0.0,0.0,0.0,0.0,0.0,0.0,0.0,0.0,2.0,0.0,0.0,0.0,0.0,0.0,2.0,0.0,0.0,2.0,0.0,0.0,0.0,0.0,0.0,0.0,0.0,0.0,0.0,0.0,0.0,0.0,0.0,1.0,0.0,0.0,0.0,1.0,0.0,0.0,0.0,4.0,7.0,16.0,3.0,3.0,1.0,7.0,18.0,9.0,10.0,32.0,22.0,20.0,9.0,0.0,0.0,0.0,0.0,0.0,0.0,0.0,0.0,0.0,0.0,0.0,0.0,6.0,0.0,0.0,0.0,6.0,0.0,0.0,0.0,5.0,10.0,17.0,3.0,3.0,1.0,9.0,23.0,10.0,14.0,45.0,33.0,25.0,13.0
692,1.0,692.0,London_11,3years_LHD,1Lon_11,151,453,1092.0,70.0,2.0,89241.0,1.3492110101506114,650.0,11.0,2.0,9.0,30.0,16.0,14.0,222.0,206.0,85.0,28.0,72.0,3.0,55.0,1.0,3.0,7.0,69.0,168.0,209.0,41.0,1.5333333333333334,0.0,0.0,0.0,0.0,0.0,0.0,0.0,0.0,0.0,0.0,0.0,0.0,0.0,0.0,0.0,0.0,0.0,0.0,0.0,0.0,0.0,0.0,0.0,0.0,0.0,0.0,0.0,0.0,0.0,0.0,0.0,0.0,1.0,0.0,0.0,2.0,0.0,0.0,0.0,0.0,0.0,0.0,0.0,0.0,2.0,0.0,3.0,0.0,1.0,1.0,2.0,2.0,3.0,0.0,0.0,0.0,0.0,0.0,0.0,0.0,0.0,0.0,0.0,0.0,0.0,0.0,8.0,0.0,0.0,10.0,0.0,0.0,0.0,0.0,0.0,0.0,0.0,0.0,2.0,0.0,3.0,0.0,2.0,2.0,2.0,2.0,3.0,0.0
693,1.0,693.0,London_11,3years_LHD,1Lon_11,151,453,1092.0,70.0,2.0,117327.0,4.5323767540976405,712.0,20.0,0.0,20.0,34.0,0.0,34.0,30.0,206.0,85.0,30.0,79.0,3.0,48.0,1.0,1.0,5.0,75.0,163.0,210.0,32.0,2.4705882352941178,0.0,0.0,0.0,0.0,0.0,0.0,0.0,0.0,0.0,0.0,0.0,0.0,0.0,0.0,0.0,0.0,0.0,0.0,0.0,0.0,0.0,0.0,0.0,0.0,0.0,0.0,0.0,0.0,0.0,0.0,0.0,0.0,0.0,0.0,0.0,0.0,0.0,0.0,0.0,0.0,0.0,4.0,0.0,0.0,0.0,0.0,0.0,0.0,3.0,3.0,3.0,3.0,5.0,1.0,0.0,0.0,0.0,0.0,0.0,0.0,0.0,0.0,0.0,0.0,0.0,0.0,0.0,0.0,0.0,0.0,0.0,0.0,0.0,0.0,0.0,5.0,0.0,0.0,0.0,0.0,0.0,0.0,3.0,4.0,7.0,3.0,7.0,2.0
694,1.0,694.0,London_11,3years_LHD,1Lon_11,151,453,1092.0,70.0,2.0,153114.0,4.091125545091927,791.0,63.0,0.0,63.0,110.0,0.0,110.0,34.0,207.0,88.0,30.0,72.0,1.0,53.0,1.0,1.0,5.0,74.0,164.0,210.0,39.0,3.5,0.0,0.0,0.0,0.0,0.0,0.0,0.0,0.0,0.0,0.0,0.0,0.0,0.0,0.0,0.0,0.0,0.0,0.0,0.0,0.0,0.0,0.0,0.0,0.0,0.0,0.0,0.0,0.0,0.0,0.0,0.0,0.0,0.0,0.0,0.0,0.0,0.0,0.0,0.0,0.0,1.0,5.0,2.0,0.0,8.0,0.0,4.0,5.0,4.0,8.0,10.0,10.0,8.0,4.0,0.0,0.0,0.0,0.0,0.0,0.0,0.0,0.0,0.0,0.0,0.0,0.0,0.0,0.0,0.0,0.0,0.0,0.0,0.0,0.0,1.0,8.0,2.0,0.0,9.0,0.0,5.0,7.0,8.0,11.0,16.0,16.0,11.0,7.0
695,1.0,695.0,London_11,3years_LHD,1Lon_11,151,453,1092.0,70.0,2.0,170781.0,4.124804804101586,830.0,58.0,2.0,56.0,108.0,17.0,91.0,110.0,208.0,94.0,25.0,68.0,4.0,52.0,2.0,0.0,7.0,72.0,166.0,208.0,46.0,2.888888888888889,0.0,0.0,0.0,0.0,0.0,0.0,0.0,0.0,0.0,0.0,0.0,0.0,0.0,0.0,0.0,0.0,0.0,0.0,0.0,0.0,0.0,0.0,0.0,0.0,0.0,0.0,0.0,0.0,0.0,0.0,0.0,0.0,0.0,0.0,0.0,1.0,0.0,0.0,0.0,0.0,2.0,3.0,3.0,0.0,2.0,0.0,7.0,4.0,5.0,6.0,12.0,9.0,10.0,8.0,0.0,0.0,0.0,0.0,0.0,0.0,0.0,0.0,0.0,0.0,0.0,0.0,0.0,0.0,0.0,1.0,0.0,0.0,0.0,0.0,2.0,3.0,4.0,0.0,2.0,0.0,10.0,5.0,7.0,7.0,19.0,16.0,12.0,13.0
696,1.0,696.0,London_11,3years_LHD,1Lon_11,151,453,1092.0,70.0,2.0,196602.0,4.876043766736984,887.0,70.0,2.0,68.0,135.0,18.0,117.0,108.0,210.0,91.0,30.0,71.0,4.0,42.0,2.0,3.0,4.0,82.0,157.0,210.0,40.0,2.066666666666667,0.0,0.0,0.0,0.0,0.0,0.0,0.0,0.0,0.0,0.0,0.0,0.0,0.0,0.0,0.0,0.0,0.0,0.0,0.0,0.0,0.0,0.0,0.0,0.0,0.0,0.0,0.0,0.0,0.0,1.0,0.0,0.0,2.0,0.0,0.0,1.0,0.0,0.0,0.0,0.0,0.0,6.0,6.0,0.0,2.0,1.0,10.0,2.0,5.0,8.0,14.0,18.0,17.0,8.0,0.0,0.0,0.0,0.0,0.0,0.0,0.0,0.0,0.0,9.0,0.0,0.0,10.0,0.0,0.0,6.0,0.0,0.0,0.0,0.0,0.0,7.0,7.0,0.0,2.0,2.0,14.0,5.0,5.0,9.0,21.0,30.0,23.0,14.0
697,1.0,697.0,London_11,3years_LHD,1Lon_11,151,453,1092.0,70.0,2.0,219705.0,4.852216573432088,938.0,180.0,0.0,180.0,301.0,0.0,301.0,135.0,221.0,92.0,31.0,60.0,7.0,36.0,3.0,3.0,2.0,82.0,166.0,203.0,32.0,3.142857142857143,0.0,0.0,0.0,0.0,0.0,0.0,0.0,0.0,0.0,0.0,0.0,0.0,0.0,0.0,0.0,0.0,0.0,0.0,0.0,0.0,0.0,0.0,0.0,0.0,0.0,0.0,0.0,0.0,0.0,0.0,0.0,0.0,0.0,0.0,0.0,0.0,0.0,0.0,0.0,0.0,0.0,10.0,0.0,0.0,4.0,0.0,8.0,0.0,7.0,5.0,36.0,34.0,27.0,8.0,0.0,0.0,0.0,0.0,0.0,0.0,0.0,0.0,0.0,0.0,0.0,0.0,0.0,0.0,0.0,0.0,0.0,0.0,0.0,0.0,0.0,14.0,0.0,0.0,5.0,0.0,13.0,0.0,8.0,10.0,60.0,44.0,30.0,13.0
698,1.0,698.0,London_11,3years_LHD,1Lon_11,151,453,1092.0,70.0,2.0,180747.0,4.389470930211246,852.0,62.0,0.0,62.0,116.0,0.0,116.0,301.0,182.0,116.0,16.0,100.0,7.0,25.0,1.0,6.0,9.0,80.0,154.0,210.0,43.0,0.3275862068965517,0.0,0.0,0.0,0.0,0.0,0.0,0.0,0.0,0.0,0.0,0.0,0.0,0.0,0.0,0.0,0.0,0.0,0.0,0.0,0.0,0.0,0.0,0.0,0.0,0.0,0.0,0.0,0.0,0.0,0.0,0.0,0.0,0.0,0.0,0.0,0.0,0.0,0.0,0.0,0.0,3.0,5.0,4.0,0.0,3.0,0.0,11.0,2.0,9.0,12.0,13.0,16.0,14.0,4.0,0.0,0.0,0.0,0.0,0.0,0.0,0.0,0.0,0.0,0.0,0.0,0.0,0.0,0.0,0.0,0.0,0.0,0.0,0.0,0.0,3.0,6.0,4.0,0.0,3.0,0.0,17.0,2.0,10.0,17.0,20.0,30.0,17.0,6.0
699,1.0,699.0,London_11,3years_LHD,1Lon_11,151,453,1092.0,70.0,2.0,192525.0,6.688538652844727,878.0,143.0,2.0,141.0,253.0,22.0,231.0,116.0,189.0,121.0,20.0,91.0,5.0,24.0,2.0,1.0,12.0,85.0,164.0,192.0,52.0,1.5849802371541502,0.0,0.0,0.0,0.0,0.0,0.0,0.0,0.0,0.0,0.0,0.0,0.0,0.0,0.0,0.0,0.0,0.0,0.0,0.0,0.0,0.0,0.0,0.0,0.0,0.0,0.0,0.0,0.0,0.0,0.0,0.0,0.0,0.0,0.0,0.0,1.0,0.0,0.0,0.0,0.0,0.0,9.0,3.0,0.0,2.0,1.0,17.0,4.0,19.0,13.0,32.0,26.0,24.0,8.0,0.0,0.0,0.0,0.0,0.0,0.0,0.0,0.0,0.0,0.0,0.0,0.0,0.0,0.0,0.0,6.0,0.0,0.0,0.0,0.0,0.0,11.0,4.0,0.0,2.0,2.0,18.0,5.0,20.0,15.0,45.0,39.0,31.0,15.0
700,1.0,700.0,London_11,3years_LHD,1Lon_11,151,453,1092.0,70.0,2.0,164439.0,2.645278940908611,816.0,72.0,0.0,72.0,130.0,0.0,130.0,253.0,202.0,119.0,19.0,75.0,8.0,27.0,0.0,3.0,11.0,83.0,155.0,204.0,42.0,0.7307692307692307,0.0,0.0,0.0,0.0,0.0,0.0,0.0,0.0,0.0,0.0,0.0,0.0,0.0,0.0,0.0,0.0,0.0,0.0,0.0,0.0,0.0,0.0,0.0,0.0,0.0,0.0,0.0,0.0,0.0,0.0,0.0,0.0,0.0,0.0,0.0,0.0,0.0,0.0,0.0,0.0,0.0,2.0,0.0,0.0,0.0,0.0,14.0,2.0,6.0,7.0,10.0,22.0,9.0,2.0,0.0,0.0,0.0,0.0,0.0,0.0,0.0,0.0,0.0,0.0,0.0,0.0,0.0,0.0,0.0,0.0,0.0,0.0,0.0,0.0,0.0,4.0,0.0,0.0,0.0,0.0,19.0,3.0,9.0,12.0,14.0,31.0,16.0,3.0
701,1.0,701.0,London_11,3years_LHD,1Lon_11,151,453,1092.0,70.0,2.0,168516.0,5.924078248441219,825.0,66.0,2.0,64.0,126.0,17.0,109.0,130.0,206.0,116.0,18.0,59.0,10.0,36.0,2.0,6.0,8.0,87.0,159.0,199.0,40.0,0.6904761904761905,0.0,0.0,0.0,0.0,0.0,0.0,0.0,0.0,0.0,0.0,0.0,0.0,0.0,0.0,0.0,0.0,0.0,0.0,0.0,0.0,0.0,0.0,0.0,0.0,0.0,0.0,0.0,0.0,0.0,0.0,1.0,0.0,1.0,0.0,0.0,1.0,0.0,0.0,0.0,0.0,2.0,4.0,0.0,1.0,0.0,0.0,4.0,5.0,3.0,6.0,15.0,19.0,6.0,11.0,0.0,0.0,0.0,0.0,0.0,0.0,0.0,0.0,0.0,0.0,8.0,0.0,5.0,0.0,0.0,5.0,0.0,0.0,0.0,0.0,3.0,6.0,0.0,2.0,0.0,0.0,7.0,9.0,5.0,9.0,25.0,25.0,9.0,16.0
702,1.0,702.0,London_11,3years_LHD,1Lon_11,151,453,1092.0,70.0,2.0,172593.0,6.310574566014111,834.0,146.0,0.0,146.0,258.0,0.0,258.0,126.0,221.0,133.0,11.0,45.0,9.0,31.0,0.0,3.0,6.0,82.0,161.0,204.0,39.0,2.4224806201550386,0.0,0.0,0.0,0.0,0.0,0.0,0.0,0.0,0.0,0.0,0.0,0.0,0.0,0.0,0.0,0.0,0.0,0.0,0.0,0.0,0.0,0.0,0.0,0.0,0.0,0.0,0.0,0.0,0.0,0.0,0.0,0.0,0.0,0.0,0.0,0.0,0.0,0.0,0.0,0.0,2.0,3.0,0.0,5.0,4.0,0.0,4.0,13.0,9.0,8.0,25.0,44.0,30.0,12.0,0.0,0.0,0.0,0.0,0.0,0.0,0.0,0.0,0.0,0.0,0.0,0.0,0.0,0.0,0.0,0.0,0.0,0.0,0.0,0.0,2.0,3.0,0.0,6.0,4.0,0.0,4.0,19.0,11.0,9.0,39.0,70.0,43.0,20.0
703,1.0,703.0,London_11,3years_LHD,1Lon_11,151,453,1092.0,70.0,2.0,141336.0,4.932625523768365,765.0,151.0,0.0,151.0,247.0,0.0,247.0,258.0,213.0,96.0,16.0,83.0,9.0,26.0,2.0,8.0,7.0,83.0,161.0,202.0,42.0,1.1700404858299596,0.0,0.0,0.0,0.0,0.0,0.0,0.0,0.0,0.0,0.0,0.0,0.0,0.0,0.0,0.0,0.0,0.0,0.0,0.0,0.0,0.0,0.0,0.0,0.0,0.0,0.0,0.0,0.0,0.0,0.0,0.0,0.0,0.0,0.0,0.0,0.0,0.0,0.0,0.0,0.0,4.0,12.0,2.0,3.0,0.0,0.0,6.0,6.0,24.0,12.0,26.0,43.0,12.0,10.0,0.0,0.0,0.0,0.0,0.0,0.0,0.0,0.0,0.0,0.0,0.0,0.0,0.0,0.0,0.0,0.0,0.0,0.0,0.0,0.0,5.0,17.0,2.0,4.0,0.0,0.0,7.0,9.0,29.0,16.0,35.0,62.0,12.0,14.0
704,1.0,704.0,London_11,3years_LHD,1Lon_11,151,453,1092.0,70.0,2.0,99207.0,4.881962506100535,672.0,23.0,0.0,23.0,37.0,0.0,37.0,247.0,216.0,90.0,20.0,74.0,9.0,33.0,2.0,9.0,5.0,80.0,170.0,198.0,24.0,1.135135135135135,0.0,0.0,0.0,0.0,0.0,0.0,0.0,0.0,0.0,0.0,0.0,0.0,0.0,0.0,0.0,0.0,0.0,0.0,0.0,0.0,0.0,0.0,0.0,0.0,0.0,0.0,0.0,0.0,0.0,0.0,0.0,0.0,0.0,0.0,0.0,0.0,0.0,0.0,0.0,0.0,0.0,0.0,0.0,1.0,3.0,0.0,0.0,0.0,1.0,3.0,5.0,3.0,2.0,2.0,0.0,0.0,0.0,0.0,0.0,0.0,0.0,0.0,0.0,0.0,0.0,0.0,0.0,0.0,0.0,0.0,0.0,0.0,0.0,0.0,0.0,0.0,0.0,1.0,3.0,0.0,0.0,0.0,1.0,3.0,5.0,4.0,2.0,3.0
705,1.0,705.0,London_11,3years_LHD,1Lon_11,151,453,1092.0,70.0,2.0,118686.0,9.275197910144925,715.0,123.0,2.0,121.0,227.0,20.0,207.0,37.0,214.0,95.0,16.0,74.0,10.0,32.0,3.0,9.0,5.0,82.0,173.0,193.0,29.0,1.8634361233480177,0.0,0.0,0.0,0.0,0.0,0.0,0.0,0.0,0.0,0.0,0.0,0.0,0.0,0.0,0.0,0.0,0.0,0.0,0.0,0.0,0.0,0.0,0.0,0.0,0.0,0.0,0.0,0.0,0.0,0.0,0.0,0.0,1.0,0.0,0.0,2.0,0.0,0.0,0.0,0.0,6.0,0.0,1.0,1.0,11.0,1.0,5.0,10.0,5.0,14.0,18.0,36.0,24.0,13.0,0.0,0.0,0.0,0.0,0.0,0.0,0.0,0.0,0.0,0.0,0.0,0.0,4.0,0.0,0.0,13.0,0.0,0.0,0.0,0.0,8.0,0.0,1.0,2.0,12.0,2.0,7.0,16.0,5.0,22.0,33.0,52.0,30.0,19.0
706,1.0,706.0,London_11,3years_LHD,1Lon_11,151,453,1092.0,70.0,2.0,84711.0,1.9641102496534586,640.0,9.0,2.0,7.0,29.0,18.0,11.0,227.0,222.0,94.0,12.0,83.0,7.0,31.0,0.0,4.0,7.0,83.0,158.0,205.0,36.0,2.103448275862069,0.0,0.0,0.0,0.0,0.0,0.0,0.0,0.0,0.0,0.0,0.0,0.0,0.0,0.0,0.0,0.0,0.0,0.0,0.0,0.0,0.0,0.0,0.0,0.0,0.0,0.0,0.0,0.0,0.0,0.0,0.0,0.0,0.0,0.0,0.0,2.0,0.0,0.0,0.0,0.0,0.0,0.0,0.0,0.0,0.0,0.0,2.0,0.0,0.0,0.0,0.0,1.0,0.0,1.0,0.0,0.0,0.0,0.0,0.0,0.0,0.0,0.0,0.0,0.0,0.0,0.0,0.0,0.0,0.0,12.0,0.0,0.0,0.0,0.0,0.0,0.0,0.0,0.0,0.0,0.0,2.0,0.0,0.0,0.0,0.0,1.0,0.0,2.0
707,1.0,707.0,London_11,3years_LHD,1Lon_11,151,453,1092.0,70.0,2.0,113250.0,3.4124129777774215,703.0,20.0,0.0,20.0,34.0,0.0,34.0,29.0,226.0,93.0,11.0,80.0,7.0,32.0,0.0,4.0,5.0,87.0,153.0,208.0,27.0,1.0588235294117647,0.0,0.0,0.0,0.0,0.0,0.0,0.0,0.0,0.0,0.0,0.0,0.0,0.0,0.0,0.0,0.0,0.0,0.0,0.0,0.0,0.0,0.0,0.0,0.0,0.0,0.0,0.0,0.0,0.0,0.0,0.0,0.0,0.0,0.0,0.0,0.0,0.0,0.0,0.0,0.0,0.0,1.0,0.0,0.0,0.0,0.0,5.0,0.0,2.0,5.0,5.0,6.0,2.0,4.0,0.0,0.0,0.0,0.0,0.0,0.0,0.0,0.0,0.0,0.0,0.0,0.0,0.0,0.0,0.0,0.0,0.0,0.0,0.0,0.0,0.0,1.0,0.0,0.0,0.0,0.0,8.0,0.0,3.0,6.0,7.0,10.0,2.0,7.0
708,1.0,708.0,London_11,3years_LHD,1Lon_11,151,453,1092.0,70.0,2.0,155379.0,4.99781627766788,796.0,64.0,0.0,64.0,111.0,0.0,111.0,34.0,229.0,95.0,10.0,72.0,7.0,34.0,0.0,6.0,6.0,81.0,163.0,203.0,27.0,2.5315315315315314,0.0,0.0,0.0,0.0,0.0,0.0,0.0,0.0,0.0,0.0,0.0,0.0,0.0,0.0,0.0,0.0,0.0,0.0,0.0,0.0,0.0,0.0,0.0,0.0,0.0,0.0,0.0,0.0,0.0,0.0,0.0,0.0,0.0,0.0,0.0,0.0,0.0,0.0,0.0,0.0,5.0,4.0,0.0,3.0,5.0,0.0,5.0,8.0,3.0,10.0,11.0,11.0,13.0,7.0,0.0,0.0,0.0,0.0,0.0,0.0,0.0,0.0,0.0,0.0,0.0,0.0,0.0,0.0,0.0,0.0,0.0,0.0,0.0,0.0,6.0,6.0,0.0,4.0,5.0,0.0,6.0,11.0,4.0,11.0,16.0,18.0,16.0,10.0
709,1.0,709.0,London_11,3years_LHD,1Lon_11,151,453,1092.0,70.0,2.0,171687.0,4.0643448224291205,832.0,52.0,2.0,50.0,110.0,19.0,91.0,111.0,233.0,99.0,15.0,70.0,4.0,31.0,0.0,1.0,9.0,94.0,162.0,188.0,21.0,3.8636363636363638,0.0,0.0,0.0,0.0,0.0,0.0,0.0,0.0,0.0,0.0,0.0,0.0,0.0,0.0,0.0,0.0,0.0,0.0,0.0,0.0,0.0,0.0,0.0,0.0,0.0,0.0,0.0,0.0,0.0,0.0,0.0,0.0,0.0,0.0,0.0,1.0,0.0,0.0,0.0,0.0,2.0,0.0,0.0,0.0,1.0,1.0,11.0,6.0,8.0,7.0,11.0,14.0,7.0,5.0,0.0,0.0,0.0,0.0,0.0,0.0,0.0,0.0,0.0,0.0,0.0,0.0,0.0,0.0,0.0,3.0,0.0,0.0,0.0,0.0,2.0,0.0,0.0,0.0,1.0,2.0,14.0,8.0,15.0,11.0,16.0,20.0,8.0,8.0
710,1.0,710.0,London_11,3years_LHD,1Lon_11,151,453,1092.0,70.0,2.0,202944.0,7.28785917814821,901.0,73.0,3.0,70.0,142.0,25.0,117.0,110.0,225.0,116.0,17.0,62.0,4.0,24.0,1.0,4.0,7.0,95.0,160.0,191.0,21.0,3.823943661971831,0.0,0.0,0.0,0.0,0.0,0.0,0.0,0.0,0.0,0.0,0.0,0.0,0.0,0.0,0.0,0.0,0.0,0.0,0.0,0.0,0.0,0.0,0.0,0.0,0.0,0.0,0.0,0.0,0.0,0.0,0.0,0.0,1.0,0.0,1.0,2.0,0.0,0.0,0.0,0.0,2.0,0.0,1.0,1.0,1.0,0.0,11.0,4.0,13.0,11.0,12.0,14.0,9.0,7.0,0.0,0.0,0.0,0.0,0.0,0.0,0.0,0.0,0.0,0.0,0.0,0.0,7.0,0.0,8.0,8.0,0.0,0.0,0.0,0.0,2.0,0.0,1.0,1.0,1.0,0.0,17.0,4.0,15.0,11.0,16.0,23.0,11.0,10.0
711,1.0,711.0,London_11,3years_LHD,1Lon_11,151,453,1092.0,70.0,2.0,209286.0,4.44621894415468,915.0,171.0,0.0,171.0,300.0,0.0,300.0,142.0,202.0,137.0,22.0,48.0,7.0,31.0,1.0,5.0,6.0,91.0,147.0,209.0,34.0,2.703333333333333,0.0,0.0,0.0,0.0,0.0,0.0,0.0,0.0,0.0,0.0,0.0,0.0,0.0,0.0,0.0,0.0,0.0,0.0,0.0,0.0,0.0,0.0,0.0,0.0,0.0,0.0,0.0,0.0,0.0,0.0,0.0,0.0,0.0,0.0,0.0,0.0,0.0,0.0,0.0,0.0,0.0,3.0,0.0,4.0,2.0,0.0,19.0,5.0,13.0,14.0,42.0,28.0,33.0,11.0,0.0,0.0,0.0,0.0,0.0,0.0,0.0,0.0,0.0,0.0,0.0,0.0,0.0,0.0,0.0,0.0,0.0,0.0,0.0,0.0,0.0,4.0,0.0,7.0,2.0,0.0,29.0,7.0,19.0,15.0,59.0,48.0,37.0,19.0
712,1.0,712.0,London_11,3years_LHD,1Lon_11,151,453,1092.0,70.0,2.0,173499.0,2.8934508776292205,836.0,64.0,0.0,64.0,116.0,0.0,116.0,300.0,190.0,116.0,25.0,92.0,5.0,17.0,1.0,7.0,3.0,87.0,144.0,219.0,27.0,1.0258620689655173,0.0,0.0,0.0,0.0,0.0,0.0,0.0,0.0,0.0,0.0,0.0,0.0,0.0,0.0,0.0,0.0,0.0,0.0,0.0,0.0,0.0,0.0,0.0,0.0,0.0,0.0,0.0,0.0,0.0,0.0,0.0,0.0,0.0,0.0,0.0,0.0,0.0,0.0,0.0,0.0,3.0,3.0,1.0,2.0,0.0,0.0,16.0,6.0,10.0,5.0,14.0,14.0,9.0,9.0,0.0,0.0,0.0,0.0,0.0,0.0,0.0,0.0,0.0,0.0,0.0,0.0,0.0,0.0,0.0,0.0,0.0,0.0,0.0,0.0,4.0,4.0,1.0,4.0,0.0,0.0,19.0,9.0,15.0,6.0,20.0,19.0,11.0,16.0
713,1.0,713.0,London_11,3years_LHD,1Lon_11,151,453,1092.0,70.0,2.0,183465.0,2.056519382633269,858.0,144.0,2.0,142.0,247.0,17.0,230.0,116.0,192.0,117.0,22.0,89.0,6.0,17.0,2.0,8.0,7.0,80.0,156.0,210.0,44.0,1.8866396761133604,0.0,0.0,0.0,0.0,0.0,0.0,0.0,0.0,0.0,0.0,0.0,0.0,0.0,0.0,0.0,0.0,0.0,0.0,0.0,0.0,0.0,0.0,0.0,0.0,0.0,0.0,0.0,0.0,0.0,0.0,0.0,0.0,1.0,0.0,0.0,1.0,0.0,0.0,0.0,0.0,1.0,7.0,2.0,2.0,3.0,0.0,6.0,9.0,5.0,11.0,22.0,32.0,27.0,12.0,0.0,0.0,0.0,0.0,0.0,0.0,0.0,0.0,0.0,0.0,0.0,0.0,5.0,0.0,0.0,3.0,0.0,0.0,0.0,0.0,1.0,8.0,2.0,2.0,4.0,0.0,9.0,12.0,5.0,12.0,33.0,39.0,33.0,20.0
714,1.0,714.0,London_11,3years_LHD,1Lon_11,151,453,1092.0,70.0,2.0,159909.0,5.715350332669914,806.0,71.0,0.0,71.0,120.0,0.0,120.0,247.0,197.0,118.0,20.0,78.0,10.0,20.0,1.0,9.0,4.0,80.0,145.0,224.0,43.0,0.9583333333333334,0.0,0.0,0.0,0.0,0.0,0.0,0.0,0.0,0.0,0.0,0.0,0.0,0.0,0.0,0.0,0.0,0.0,0.0,0.0,0.0,0.0,0.0,0.0,0.0,0.0,0.0,0.0,0.0,0.0,0.0,0.0,0.0,0.0,0.0,0.0,0.0,0.0,0.0,0.0,0.0,3.0,4.0,3.0,1.0,2.0,0.0,10.0,5.0,5.0,6.0,15.0,19.0,14.0,6.0,0.0,0.0,0.0,0.0,0.0,0.0,0.0,0.0,0.0,0.0,0.0,0.0,0.0,0.0,0.0,0.0,0.0,0.0,0.0,0.0,5.0,4.0,3.0,1.0,2.0,0.0,13.0,8.0,8.0,9.0,25.0,33.0,19.0,12.0
715,1.0,715.0,London_11,3years_LHD,1Lon_11,151,453,1092.0,70.0,2.0,159456.0,5.209222770296037,805.0,126.0,2.0,124.0,228.0,15.0,213.0,120.0,204.0,132.0,21.0,61.0,9.0,17.0,1.0,8.0,5.0,87.0,150.0,211.0,44.0,1.2236842105263157,0.0,0.0,0.0,0.0,0.0,0.0,0.0,0.0,0.0,0.0,0.0,0.0,0.0,0.0,0.0,0.0,0.0,0.0,0.0,0.0,0.0,0.0,0.0,0.0,0.0,0.0,0.0,0.0,0.0,0.0,0.0,0.0,0.0,0.0,0.0,0.0,0.0,0.0,0.0,0.0,1.0,3.0,2.0,5.0,4.0,0.0,15.0,7.0,4.0,14.0,25.0,35.0,12.0,12.0,0.0,0.0,0.0,0.0,0.0,0.0,0.0,0.0,0.0,0.0,0.0,0.0,0.0,0.0,0.0,0.0,0.0,0.0,0.0,0.0,1.0,3.0,2.0,6.0,4.0,0.0,20.0,9.0,5.0,19.0,40.0,48.0,15.0,22.0
716,1.0,716.0,London_11,3years_LHD,1Lon_11,151,453,1092.0,70.0,2.0,132729.0,2.788075809367001,746.0,46.0,0.0,46.0,81.0,0.0,81.0,228.0,222.0,103.0,16.0,65.0,18.0,14.0,3.0,12.0,7.0,73.0,144.0,229.0,33.0,0.8271604938271605,0.0,0.0,0.0,0.0,0.0,0.0,0.0,0.0,0.0,0.0,0.0,0.0,0.0,0.0,0.0,0.0,0.0,0.0,0.0,0.0,0.0,0.0,0.0,0.0,0.0,0.0,0.0,0.0,0.0,0.0,0.0,0.0,0.0,0.0,0.0,0.0,0.0,0.0,0.0,0.0,3.0,6.0,1.0,2.0,6.0,0.0,8.0,3.0,4.0,5.0,8.0,11.0,8.0,3.0,0.0,0.0,0.0,0.0,0.0,0.0,0.0,0.0,0.0,0.0,0.0,0.0,0.0,0.0,0.0,0.0,0.0,0.0,0.0,0.0,3.0,7.0,1.0,4.0,6.0,0.0,9.0,3.0,5.0,9.0,14.0,13.0,10.0,4.0
717,1.0,717.0,London_11,3years_LHD,1Lon_11,151,453,1092.0,70.0,2.0,144054.0,1.719819976016879,771.0,71.0,1.0,70.0,123.0,9.0,114.0,81.0,228.0,100.0,19.0,58.0,16.0,19.0,3.0,10.0,8.0,84.0,142.0,219.0,31.0,2.6260162601626016,0.0,0.0,0.0,0.0,0.0,0.0,0.0,0.0,0.0,0.0,0.0,0.0,0.0,0.0,0.0,0.0,0.0,0.0,0.0,0.0,0.0,0.0,0.0,0.0,0.0,0.0,0.0,0.0,0.0,0.0,0.0,0.0,0.0,0.0,0.0,1.0,0.0,0.0,0.0,0.0,7.0,1.0,1.0,0.0,0.0,0.0,5.0,4.0,5.0,8.0,14.0,11.0,15.0,7.0,0.0,0.0,0.0,0.0,0.0,0.0,0.0,0.0,0.0,0.0,0.0,0.0,0.0,0.0,0.0,3.0,0.0,0.0,0.0,0.0,7.0,1.0,1.0,0.0,0.0,0.0,7.0,5.0,6.0,10.0,21.0,14.0,21.0,9.0
718,1.0,718.0,London_11,3years_LHD,1Lon_11,151,453,1092.0,70.0,2.0,143601.0,1.8111947616562247,770.0,127.0,0.0,127.0,222.0,0.0,222.0,123.0,225.0,105.0,14.0,49.0,18.0,26.0,4.0,12.0,8.0,69.0,155.0,221.0,31.0,2.626126126126126,0.0,0.0,0.0,0.0,0.0,0.0,0.0,0.0,0.0,0.0,0.0,0.0,0.0,0.0,0.0,0.0,0.0,0.0,0.0,0.0,0.0,0.0,0.0,0.0,0.0,0.0,0.0,0.0,0.0,0.0,0.0,0.0,0.0,0.0,0.0,0.0,0.0,0.0,0.0,0.0,2.0,0.0,0.0,4.0,2.0,1.0,7.0,2.0,11.0,5.0,21.0,37.0,18.0,15.0,0.0,0.0,0.0,0.0,0.0,0.0,0.0,0.0,0.0,0.0,0.0,0.0,0.0,0.0,0.0,0.0,0.0,0.0,0.0,0.0,2.0,0.0,0.0,5.0,2.0,2.0,9.0,2.0,15.0,8.0,35.0,55.0,25.0,19.0
719,1.0,719.0,London_11,3years_LHD,1Lon_11,151,453,1092.0,70.0,2.0,115515.0,3.786943123675883,708.0,30.0,2.0,28.0,70.0,17.0,53.0,222.0,208.0,98.0,13.0,69.0,23.0,23.0,4.0,15.0,8.0,83.0,137.0,225.0,41.0,2.046153846153846,0.0,0.0,0.0,0.0,0.0,0.0,0.0,0.0,0.0,1.0,0.0,1.0,0.0,0.0,0.0,0.0,0.0,0.0,1.0,0.0,0.0,0.0,0.0,0.0,0.0,0.0,0.0,0.0,0.0,0.0,0.0,0.0,0.0,0.0,0.0,1.0,0.0,0.0,0.0,0.0,2.0,3.0,0.0,2.0,0.0,0.0,4.0,4.0,0.0,0.0,8.0,5.0,6.0,5.0,0.0,0.0,0.0,0.0,0.0,0.0,0.0,0.0,0.0,0.0,0.0,0.0,0.0,0.0,0.0,3.0,0.0,0.0,0.0,0.0,2.0,4.0,0.0,3.0,0.0,0.0,7.0,4.0,0.0,0.0,13.0,7.0,7.0,9.0
720,1.0,720.0,London_11,3years_LHD,1Lon_11,151,453,1092.0,70.0,2.0,140883.0,4.295209570787847,764.0,116.0,2.0,114.0,214.0,17.0,197.0,65.0,196.0,105.0,15.0,72.0,21.0,27.0,4.0,13.0,8.0,70.0,144.0,231.0,50.0,1.9205607476635513,0.0,0.0,0.0,0.0,0.0,0.0,0.0,0.0,0.0,0.0,0.0,0.0,0.0,0.0,0.0,0.0,0.0,0.0,0.0,0.0,0.0,0.0,0.0,0.0,0.0,0.0,0.0,0.0,0.0,0.0,0.0,0.0,1.0,0.0,0.0,2.0,0.0,0.0,0.0,0.0,1.0,1.0,1.0,0.0,3.0,1.0,12.0,1.0,8.0,10.0,25.0,26.0,15.0,9.0,0.0,0.0,0.0,0.0,0.0,0.0,0.0,0.0,0.0,0.0,0.0,0.0,9.0,0.0,0.0,6.0,0.0,0.0,0.0,0.0,1.0,1.0,1.0,0.0,3.0,2.0,15.0,1.0,11.0,12.0,36.0,36.0,19.0,9.0
721,1.0,721.0,London_11,3years_LHD,1Lon_11,151,453,1092.0,70.0,2.0,131370.0,1.6971730440855026,743.0,0.0,0.0,0.0,0.0,0.0,0.0,214.0,197.0,113.0,10.0,71.0,14.0,29.0,5.0,14.0,5.0,81.0,135.0,232.0,52.0,0.0,0.0,0.0,0.0,0.0,0.0,0.0,0.0,0.0,0.0,0.0,0.0,0.0,0.0,0.0,0.0,0.0,0.0,0.0,0.0,0.0,0.0,0.0,0.0,0.0,0.0,0.0,0.0,0.0,0.0,0.0,0.0,0.0,0.0,0.0,0.0,0.0,0.0,0.0,0.0,0.0,0.0,0.0,0.0,0.0,0.0,0.0,0.0,0.0,0.0,0.0,0.0,0.0,0.0,0.0,0.0,0.0,0.0,0.0,0.0,0.0,0.0,0.0,0.0,0.0,0.0,0.0,0.0,0.0,0.0,0.0,0.0,0.0,0.0,0.0,0.0,0.0,0.0,0.0,0.0,0.0,0.0,0.0,0.0,0.0,0.0,0.0,0.0,0.0
722,1.0,722.0,London_11,3years_LHD,1Lon_11,151,453,1092.0,70.0,2.0,176670.0,9.944081074558198,843.0,103.0,0.0,103.0,199.0,0.0,199.0,0.0,197.0,113.0,10.0,71.0,14.0,29.0,5.0,14.0,5.0,81.0,135.0,232.0,52.0,2.457286432160804,0.0,0.0,0.0,0.0,0.0,0.0,0.0,0.0,0.0,0.0,0.0,0.0,0.0,0.0,0.0,0.0,0.0,0.0,0.0,0.0,0.0,0.0,0.0,0.0,0.0,0.0,0.0,0.0,0.0,0.0,0.0,0.0,0.0,0.0,0.0,0.0,0.0,0.0,0.0,0.0,2.0,1.0,5.0,1.0,6.0,0.0,7.0,5.0,3.0,16.0,17.0,16.0,15.0,11.0,0.0,0.0,0.0,0.0,0.0,0.0,0.0,0.0,0.0,0.0,0.0,0.0,0.0,0.0,0.0,0.0,0.0,0.0,0.0,0.0,3.0,1.0,7.0,1.0,6.0,0.0,10.0,6.0,5.0,24.0,25.0,29.0,18.0,21.0
723,1.0,723.0,London_11,3years_LHD,1Lon_11,151,453,1092.0,70.0,2.0,173046.0,9.96509045548737,835.0,61.0,2.0,59.0,117.0,19.0,98.0,199.0,202.0,111.0,13.0,56.0,19.0,37.0,4.0,11.0,8.0,78.0,158.0,209.0,44.0,1.6324786324786325,0.0,0.0,0.0,0.0,0.0,0.0,0.0,0.0,0.0,0.0,0.0,0.0,0.0,0.0,0.0,0.0,0.0,0.0,0.0,0.0,0.0,0.0,0.0,0.0,0.0,0.0,0.0,0.0,0.0,0.0,0.0,0.0,0.0,0.0,1.0,0.0,0.0,0.0,0.0,0.0,3.0,3.0,1.0,0.0,2.0,0.0,11.0,9.0,6.0,6.0,6.0,16.0,10.0,9.0,0.0,0.0,0.0,0.0,0.0,0.0,0.0,0.0,0.0,0.0,0.0,0.0,0.0,0.0,7.0,0.0,0.0,0.0,0.0,0.0,3.0,4.0,1.0,0.0,2.0,0.0,14.0,11.0,7.0,9.0,8.0,24.0,11.0,14.0
724,1.0,724.0,London_11,3years_LHD,1Lon_11,151,453,1092.0,70.0,2.0,183465.0,3.359686435200274,858.0,74.0,2.0,72.0,149.0,18.0,131.0,117.0,216.0,108.0,12.0,60.0,9.0,39.0,4.0,5.0,4.0,81.0,153.0,215.0,38.0,1.5673758865248226,0.0,0.0,0.0,0.0,0.0,0.0,0.0,0.0,0.0,1.0,0.0,0.0,1.0,0.0,0.0,0.0,0.0,0.0,1.0,0.0,0.0,0.0,0.0,0.0,0.0,0.0,0.0,0.0,0.0,0.0,0.0,0.0,0.0,0.0,0.0,0.0,0.0,0.0,0.0,0.0,2.0,0.0,3.0,1.0,1.0,0.0,13.0,2.0,7.0,6.0,16.0,17.0,12.0,6.0,0.0,0.0,0.0,0.0,0.0,0.0,0.0,0.0,0.0,0.0,0.0,0.0,0.0,0.0,0.0,0.0,0.0,0.0,0.0,0.0,3.0,0.0,4.0,1.0,1.0,0.0,14.0,3.0,11.0,9.0,30.0,23.0,14.0,8.0
725,1.0,725.0,London_11,3years_LHD,1Lon_11,151,453,1092.0,70.0,2.0,189354.0,6.9408972123637795,871.0,166.0,0.0,166.0,278.0,0.0,278.0,141.0,236.0,100.0,15.0,55.0,11.0,26.0,6.0,4.0,3.0,75.0,166.0,209.0,39.0,3.1258992805755397,0.0,0.0,0.0,0.0,0.0,0.0,0.0,0.0,0.0,0.0,0.0,0.0,0.0,0.0,0.0,0.0,0.0,0.0,0.0,0.0,0.0,0.0,0.0,0.0,0.0,0.0,0.0,0.0,0.0,0.0,0.0,0.0,0.0,0.0,0.0,0.0,0.0,0.0,0.0,0.0,2.0,4.0,0.0,1.0,4.0,0.0,5.0,7.0,3.0,8.0,35.0,38.0,19.0,21.0,0.0,0.0,0.0,0.0,0.0,0.0,0.0,0.0,0.0,0.0,0.0,0.0,0.0,0.0,0.0,0.0,0.0,0.0,0.0,0.0,2.0,5.0,0.0,1.0,4.0,0.0,6.0,7.0,4.0,9.0,54.0,54.0,26.0,32.0
726,1.0,726.0,London_11,3years_LHD,1Lon_11,151,453,1092.0,70.0,2.0,149490.0,4.98326772544533,783.0,51.0,1.0,50.0,89.0,9.0,80.0,278.0,209.0,106.0,16.0,77.0,11.0,26.0,3.0,5.0,8.0,75.0,159.0,211.0,32.0,0.8539325842696629,0.0,0.0,0.0,0.0,0.0,0.0,0.0,0.0,0.0,0.0,0.0,0.0,0.0,0.0,0.0,0.0,0.0,0.0,0.0,0.0,0.0,0.0,0.0,0.0,0.0,0.0,0.0,0.0,0.0,0.0,0.0,0.0,0.0,0.0,0.0,0.0,0.0,0.0,0.0,0.0,2.0,6.0,4.0,0.0,1.0,0.0,2.0,2.0,9.0,6.0,9.0,12.0,6.0,4.0,0.0,0.0,0.0,0.0,0.0,0.0,0.0,0.0,0.0,0.0,0.0,0.0,0.0,0.0,0.0,0.0,0.0,0.0,0.0,0.0,2.0,8.0,5.0,0.0,1.0,0.0,2.0,3.0,13.0,6.0,11.0,17.0,7.0,5.0
727,1.0,727.0,London_11,3years_LHD,1Lon_11,151,453,1092.0,70.0,2.0,166251.0,6.006603641435504,820.0,129.0,2.0,127.0,231.0,17.0,214.0,89.0,216.0,101.0,13.0,86.0,7.0,24.0,1.0,5.0,8.0,82.0,166.0,197.0,32.0,1.4935064935064934,0.0,0.0,0.0,0.0,0.0,0.0,0.0,0.0,0.0,0.0,0.0,0.0,0.0,0.0,0.0,0.0,0.0,0.0,0.0,0.0,0.0,0.0,0.0,0.0,0.0,0.0,0.0,0.0,0.0,0.0,0.0,0.0,1.0,0.0,0.0,1.0,0.0,0.0,0.0,0.0,3.0,11.0,4.0,2.0,1.0,0.0,12.0,7.0,10.0,13.0,19.0,34.0,18.0,14.0,0.0,0.0,0.0,0.0,0.0,0.0,0.0,0.0,0.0,0.0,0.0,0.0,6.0,0.0,0.0,4.0,0.0,0.0,0.0,0.0,3.0,13.0,4.0,4.0,1.0,0.0,17.0,11.0,16.0,17.0,26.0,51.0,24.0,26.0
728,1.0,728.0,London_11,3years_LHD,1Lon_11,151,453,1092.0,70.0,2.0,149490.0,2.511191539466381,783.0,74.0,0.0,74.0,120.0,0.0,120.0,231.0,227.0,112.0,18.0,72.0,3.0,15.0,2.0,4.0,7.0,79.0,159.0,208.0,33.0,0.9416666666666667,0.0,0.0,0.0,0.0,0.0,0.0,0.0,0.0,0.0,0.0,0.0,0.0,0.0,0.0,0.0,0.0,0.0,0.0,0.0,0.0,0.0,0.0,0.0,0.0,0.0,0.0,0.0,0.0,0.0,0.0,0.0,0.0,0.0,0.0,0.0,0.0,0.0,0.0,0.0,0.0,3.0,4.0,1.0,2.0,3.0,0.0,10.0,2.0,8.0,7.0,17.0,17.0,17.0,2.0,0.0,0.0,0.0,0.0,0.0,0.0,0.0,0.0,0.0,0.0,0.0,0.0,0.0,0.0,0.0,0.0,0.0,0.0,0.0,0.0,3.0,6.0,1.0,3.0,3.0,0.0,12.0,4.0,10.0,9.0,27.0,22.0,21.0,2.0
729,1.0,729.0,London_11,3years_LHD,1Lon_11,151,453,1092.0,70.0,2.0,150849.0,6.574121600948274,786.0,125.0,2.0,123.0,231.0,17.0,214.0,120.0,235.0,105.0,12.0,64.0,1.0,26.0,3.0,7.0,8.0,76.0,156.0,213.0,42.0,2.1298701298701297,0.0,0.0,0.0,0.0,0.0,0.0,0.0,0.0,0.0,0.0,0.0,0.0,0.0,0.0,0.0,0.0,0.0,0.0,0.0,0.0,0.0,0.0,0.0,0.0,0.0,0.0,0.0,0.0,0.0,2.0,0.0,0.0,1.0,0.0,1.0,1.0,0.0,0.0,0.0,0.0,3.0,6.0,4.0,2.0,6.0,0.0,6.0,8.0,0.0,12.0,19.0,26.0,25.0,10.0,0.0,0.0,0.0,0.0,0.0,0.0,0.0,0.0,0.0,9.0,0.0,0.0,5.0,0.0,8.0,2.0,0.0,0.0,0.0,0.0,3.0,8.0,4.0,2.0,6.0,0.0,7.0,9.0,0.0,15.0,32.0,34.0,36.0,14.0
730,1.0,730.0,London_11,3years_LHD,1Lon_11,151,453,1092.0,70.0,2.0,129558.0,4.236038124188781,739.0,43.0,0.0,43.0,82.0,0.0,82.0,231.0,233.0,97.0,14.0,59.0,3.0,39.0,4.0,4.0,7.0,77.0,144.0,225.0,39.0,1.1341463414634145,0.0,0.0,0.0,0.0,0.0,0.0,0.0,0.0,0.0,0.0,0.0,0.0,0.0,0.0,0.0,0.0,0.0,0.0,0.0,0.0,0.0,0.0,0.0,0.0,0.0,0.0,0.0,0.0,0.0,0.0,0.0,0.0,0.0,0.0,0.0,0.0,0.0,0.0,0.0,0.0,0.0,1.0,2.0,0.0,3.0,0.0,7.0,0.0,4.0,4.0,7.0,18.0,11.0,2.0,0.0,0.0,0.0,0.0,0.0,0.0,0.0,0.0,0.0,0.0,0.0,0.0,0.0,0.0,0.0,0.0,0.0,0.0,0.0,0.0,0.0,1.0,3.0,0.0,4.0,0.0,11.0,0.0,4.0,4.0,13.0,26.0,13.0,4.0
731,1.0,731.0,London_11,3years_LHD,1Lon_11,151,453,1092.0,70.0,2.0,134088.0,1.809276120737195,749.0,61.0,1.0,60.0,124.0,10.0,114.0,82.0,237.0,77.0,11.0,71.0,2.0,46.0,5.0,4.0,7.0,80.0,149.0,217.0,46.0,1.8373983739837398,0.0,0.0,0.0,0.0,0.0,0.0,0.0,0.0,0.0,1.0,0.0,0.0,0.0,0.0,0.0,0.0,0.0,1.0,1.0,0.0,0.0,0.0,0.0,0.0,0.0,0.0,0.0,0.0,0.0,0.0,0.0,0.0,0.0,0.0,0.0,0.0,1.0,0.0,0.0,0.0,1.0,4.0,1.0,2.0,5.0,0.0,13.0,3.0,4.0,12.0,11.0,16.0,12.0,2.0,0.0,0.0,0.0,0.0,0.0,0.0,0.0,0.0,0.0,0.0,0.0,0.0,0.0,0.0,0.0,0.0,7.0,0.0,0.0,0.0,1.0,5.0,1.0,2.0,5.0,0.0,21.0,6.0,6.0,17.0,16.0,23.0,16.0,3.0
732,1.0,732.0,London_11,3years_LHD,1Lon_11,151,453,1092.0,70.0,2.0,144054.0,3.8024588506668806,771.0,126.0,0.0,126.0,221.0,0.0,221.0,123.0,237.0,76.0,13.0,65.0,4.0,53.0,3.0,2.0,6.0,82.0,143.0,222.0,38.0,2.4479638009049776,0.0,0.0,0.0,0.0,0.0,0.0,0.0,0.0,0.0,0.0,0.0,0.0,0.0,0.0,0.0,0.0,0.0,0.0,0.0,0.0,0.0,0.0,0.0,0.0,0.0,0.0,0.0,0.0,0.0,0.0,0.0,0.0,0.0,0.0,0.0,0.0,0.0,0.0,0.0,0.0,0.0,12.0,0.0,1.0,7.0,0.0,7.0,6.0,5.0,4.0,28.0,30.0,24.0,10.0,0.0,0.0,0.0,0.0,0.0,0.0,0.0,0.0,0.0,0.0,0.0,0.0,0.0,0.0,0.0,0.0,0.0,0.0,0.0,0.0,0.0,18.0,0.0,1.0,7.0,0.0,9.0,8.0,6.0,4.0,42.0,43.0,29.0,14.0
733,1.0,733.0,London_11,3years_LHD,1Lon_11,151,453,1092.0,70.0,2.0,124575.0,2.9232636662200093,728.0,37.0,2.0,35.0,71.0,20.0,51.0,221.0,218.0,88.0,11.0,60.0,7.0,58.0,3.0,8.0,5.0,69.0,149.0,230.0,38.0,1.8142857142857143,0.0,0.0,0.0,0.0,0.0,0.0,0.0,0.0,0.0,1.0,0.0,0.0,0.0,0.0,0.0,1.0,0.0,0.0,1.0,0.0,0.0,0.0,0.0,0.0,0.0,0.0,0.0,0.0,0.0,0.0,0.0,0.0,1.0,0.0,0.0,0.0,1.0,0.0,0.0,0.0,0.0,3.0,2.0,0.0,3.0,0.0,5.0,2.0,1.0,2.0,3.0,14.0,5.0,5.0,0.0,0.0,0.0,0.0,0.0,0.0,0.0,0.0,0.0,0.0,0.0,0.0,6.0,0.0,0.0,0.0,7.0,0.0,0.0,0.0,0.0,5.0,2.0,0.0,4.0,0.0,7.0,2.0,1.0,3.0,4.0,21.0,8.0,5.0
734,1.0,734.0,London_11,3years_LHD,1Lon_11,151,453,1092.0,70.0,2.0,144960.0,4.9043264063075185,773.0,118.0,2.0,116.0,213.0,16.0,197.0,70.0,206.0,85.0,13.0,72.0,7.0,59.0,2.0,9.0,7.0,63.0,133.0,250.0,40.0,1.807511737089202,0.0,0.0,0.0,0.0,0.0,0.0,0.0,0.0,0.0,0.0,0.0,0.0,0.0,0.0,0.0,0.0,0.0,0.0,0.0,0.0,0.0,0.0,0.0,0.0,0.0,0.0,0.0,0.0,0.0,0.0,0.0,0.0,1.0,0.0,0.0,2.0,0.0,0.0,0.0,0.0,4.0,4.0,5.0,3.0,4.0,0.0,16.0,7.0,7.0,10.0,21.0,20.0,25.0,7.0,0.0,0.0,0.0,0.0,0.0,0.0,0.0,0.0,0.0,0.0,0.0,0.0,5.0,0.0,0.0,9.0,0.0,0.0,0.0,0.0,5.0,5.0,5.0,5.0,4.0,0.0,22.0,9.0,9.0,10.0,29.0,27.0,32.0,9.0
735,1.0,735.0,London_11,3years_LHD,1Lon_11,151,453,1092.0,70.0,2.0,134541.0,2.689704366028309,750.0,0.0,0.0,0.0,0.0,0.0,0.0,213.0,211.0,70.0,20.0,66.0,8.0,64.0,2.0,12.0,6.0,67.0,121.0,259.0,31.0,0.0,0.0,0.0,0.0,0.0,0.0,0.0,0.0,0.0,0.0,0.0,0.0,0.0,0.0,0.0,0.0,0.0,0.0,0.0,0.0,0.0,0.0,0.0,0.0,0.0,0.0,0.0,0.0,0.0,0.0,0.0,0.0,0.0,0.0,0.0,0.0,0.0,0.0,0.0,0.0,0.0,0.0,0.0,0.0,0.0,0.0,0.0,0.0,0.0,0.0,0.0,0.0,0.0,0.0,0.0,0.0,0.0,0.0,0.0,0.0,0.0,0.0,0.0,0.0,0.0,0.0,0.0,0.0,0.0,0.0,0.0,0.0,0.0,0.0,0.0,0.0,0.0,0.0,0.0,0.0,0.0,0.0,0.0,0.0,0.0,0.0,0.0,0.0,0.0
736,1.0,736.0,London_11,3years_LHD,1Lon_11,151,453,1092.0,70.0,2.0,180294.0,5.378384497947991,851.0,113.0,0.0,113.0,200.0,0.0,200.0,0.0,211.0,70.0,20.0,66.0,8.0,64.0,2.0,12.0,6.0,67.0,121.0,259.0,31.0,1.935,0.0,0.0,0.0,0.0,0.0,0.0,0.0,0.0,0.0,0.0,0.0,0.0,0.0,0.0,0.0,0.0,0.0,0.0,0.0,0.0,0.0,0.0,0.0,0.0,0.0,0.0,0.0,0.0,0.0,0.0,0.0,0.0,0.0,0.0,0.0,0.0,0.0,0.0,0.0,0.0,2.0,6.0,2.0,2.0,5.0,0.0,15.0,12.0,1.0,6.0,20.0,28.0,19.0,9.0,0.0,0.0,0.0,0.0,0.0,0.0,0.0,0.0,0.0,0.0,0.0,0.0,0.0,0.0,0.0,0.0,0.0,0.0,0.0,0.0,2.0,7.0,2.0,2.0,5.0,0.0,20.0,17.0,2.0,6.0,27.0,49.0,25.0,13.0
737,1.0,737.0,London_11,3years_LHD,1Lon_11,151,453,1092.0,70.0,2.0,168063.0,5.41580699943006,824.0,61.0,2.0,59.0,116.0,17.0,99.0,200.0,226.0,69.0,12.0,64.0,6.0,63.0,4.0,9.0,9.0,67.0,121.0,256.0,35.0,1.3103448275862069,0.0,0.0,0.0,0.0,0.0,0.0,0.0,0.0,0.0,0.0,0.0,0.0,0.0,0.0,0.0,0.0,0.0,0.0,0.0,0.0,0.0,0.0,0.0,0.0,0.0,0.0,0.0,0.0,0.0,0.0,0.0,0.0,0.0,0.0,0.0,1.0,0.0,0.0,0.0,0.0,5.0,10.0,0.0,1.0,4.0,0.0,14.0,4.0,4.0,12.0,11.0,16.0,12.0,8.0,0.0,0.0,0.0,0.0,0.0,0.0,0.0,0.0,0.0,0.0,0.0,0.0,0.0,0.0,0.0,1.0,0.0,0.0,0.0,0.0,6.0,15.0,0.0,1.0,5.0,0.0,25.0,6.0,4.0,17.0,20.0,21.0,17.0,14.0
738,1.0,738.0,London_11,3years_LHD,1Lon_11,151,453,1092.0,70.0,2.0,186636.0,2.2644426822662354,865.0,81.0,2.0,79.0,147.0,18.0,129.0,116.0,234.0,72.0,17.0,53.0,7.0,65.0,1.0,4.0,6.0,72.0,120.0,255.0,31.0,2.1496598639455784,0.0,0.0,0.0,0.0,0.0,0.0,0.0,0.0,0.0,0.0,0.0,0.0,0.0,0.0,0.0,0.0,0.0,0.0,0.0,0.0,0.0,0.0,0.0,0.0,0.0,0.0,0.0,0.0,0.0,1.0,0.0,0.0,2.0,0.0,0.0,1.0,0.0,0.0,0.0,0.0,3.0,1.0,2.0,0.0,1.0,0.0,10.0,9.0,4.0,8.0,14.0,25.0,15.0,7.0,0.0,0.0,0.0,0.0,0.0,0.0,0.0,0.0,0.0,9.0,0.0,0.0,12.0,0.0,0.0,5.0,0.0,0.0,0.0,0.0,3.0,1.0,2.0,0.0,1.0,0.0,12.0,11.0,6.0,9.0,19.0,36.0,19.0,11.0
739,1.0,739.0,London_11,3years_LHD,1Lon_11,151,453,1092.0,70.0,2.0,196149.0,4.293183562345803,886.0,166.0,0.0,166.0,278.0,0.0,278.0,147.0,238.0,68.0,17.0,51.0,8.0,62.0,0.0,9.0,6.0,68.0,135.0,244.0,28.0,4.244604316546763,0.0,0.0,0.0,0.0,0.0,0.0,0.0,0.0,0.0,0.0,0.0,0.0,0.0,0.0,0.0,0.0,0.0,0.0,0.0,0.0,0.0,0.0,0.0,0.0,0.0,0.0,0.0,0.0,0.0,0.0,0.0,0.0,0.0,0.0,0.0,0.0,0.0,0.0,0.0,0.0,1.0,18.0,0.0,0.0,4.0,1.0,7.0,11.0,13.0,16.0,31.0,45.0,11.0,10.0,0.0,0.0,0.0,0.0,0.0,0.0,0.0,0.0,0.0,0.0,0.0,0.0,0.0,0.0,0.0,0.0,0.0,0.0,0.0,0.0,1.0,29.0,0.0,0.0,4.0,2.0,8.0,14.0,15.0,23.0,50.0,57.0,14.0,13.0
740,1.0,740.0,London_11,3years_LHD,1Lon_11,151,453,1092.0,70.0,2.0,173046.0,1.9118768209591508,835.0,51.0,0.0,51.0,81.0,0.0,81.0,278.0,173.0,111.0,14.0,85.0,5.0,59.0,1.0,5.0,10.0,72.0,145.0,226.0,38.0,0.8148148148148148,0.0,0.0,0.0,0.0,0.0,0.0,0.0,0.0,0.0,0.0,0.0,0.0,0.0,0.0,0.0,0.0,0.0,0.0,0.0,0.0,0.0,0.0,0.0,0.0,0.0,0.0,0.0,0.0,0.0,0.0,0.0,0.0,0.0,0.0,0.0,0.0,0.0,0.0,0.0,0.0,1.0,3.0,0.0,0.0,8.0,0.0,5.0,5.0,7.0,10.0,11.0,9.0,10.0,5.0,0.0,0.0,0.0,0.0,0.0,0.0,0.0,0.0,0.0,0.0,0.0,0.0,0.0,0.0,0.0,0.0,0.0,0.0,0.0,0.0,1.0,3.0,0.0,0.0,9.0,0.0,6.0,7.0,9.0,14.0,15.0,12.0,12.0,7.0
741,1.0,741.0,London_11,3years_LHD,1Lon_11,151,453,1092.0,70.0,2.0,199773.0,5.906024455092847,894.0,132.0,2.0,130.0,235.0,22.0,213.0,81.0,178.0,117.0,15.0,81.0,2.0,54.0,1.0,5.0,12.0,71.0,157.0,213.0,44.0,1.6893617021276597,0.0,0.0,0.0,0.0,0.0,0.0,0.0,0.0,0.0,0.0,0.0,0.0,0.0,0.0,0.0,0.0,0.0,0.0,0.0,0.0,0.0,0.0,0.0,0.0,0.0,0.0,0.0,0.0,0.0,0.0,0.0,0.0,0.0,0.0,0.0,1.0,0.0,0.0,0.0,0.0,1.0,6.0,17.0,0.0,5.0,1.0,7.0,8.0,12.0,12.0,27.0,28.0,18.0,12.0,0.0,0.0,0.0,0.0,0.0,0.0,0.0,0.0,0.0,0.0,0.0,0.0,0.0,0.0,0.0,4.0,0.0,0.0,0.0,0.0,1.0,8.0,18.0,0.0,5.0,1.0,10.0,9.0,16.0,22.0,35.0,38.0,22.0,17.0
742,1.0,742.0,London_11,3years_LHD,1Lon_11,151,453,1092.0,70.0,2.0,174858.0,4.787765633314848,839.0,80.0,0.0,80.0,129.0,0.0,129.0,235.0,188.0,122.0,13.0,65.0,8.0,51.0,0.0,6.0,4.0,83.0,143.0,223.0,36.0,1.0310077519379846,0.0,0.0,0.0,0.0,0.0,0.0,0.0,0.0,0.0,0.0,0.0,0.0,0.0,0.0,0.0,0.0,0.0,0.0,0.0,0.0,0.0,0.0,0.0,0.0,0.0,0.0,0.0,0.0,0.0,0.0,0.0,0.0,0.0,0.0,0.0,0.0,0.0,0.0,0.0,0.0,1.0,4.0,4.0,0.0,1.0,1.0,9.0,3.0,4.0,8.0,14.0,12.0,19.0,6.0,0.0,0.0,0.0,0.0,0.0,0.0,0.0,0.0,0.0,0.0,0.0,0.0,0.0,0.0,0.0,0.0,0.0,0.0,0.0,0.0,1.0,4.0,4.0,0.0,1.0,2.0,18.0,3.0,4.0,8.0,20.0,19.0,21.0,7.0
743,1.0,743.0,London_11,3years_LHD,1Lon_11,151,453,1092.0,70.0,2.0,170328.0,8.163415294140577,829.0,67.0,2.0,65.0,126.0,17.0,109.0,129.0,192.0,118.0,15.0,65.0,8.0,48.0,0.0,7.0,12.0,80.0,143.0,218.0,53.0,1.0793650793650793,0.0,0.0,0.0,0.0,0.0,0.0,0.0,0.0,0.0,0.0,0.0,0.0,0.0,0.0,0.0,0.0,0.0,0.0,0.0,0.0,0.0,0.0,0.0,0.0,0.0,0.0,0.0,0.0,0.0,0.0,1.0,0.0,1.0,0.0,0.0,1.0,0.0,0.0,0.0,0.0,1.0,3.0,3.0,0.0,3.0,0.0,8.0,5.0,3.0,12.0,7.0,18.0,10.0,5.0,0.0,0.0,0.0,0.0,0.0,0.0,0.0,0.0,0.0,0.0,6.0,0.0,6.0,0.0,0.0,5.0,0.0,0.0,0.0,0.0,1.0,6.0,3.0,0.0,4.0,0.0,10.0,8.0,3.0,18.0,12.0,25.0,12.0,8.0
744,1.0,744.0,London_11,3years_LHD,1Lon_11,151,453,1092.0,70.0,2.0,171687.0,6.313918731175363,832.0,154.0,0.0,154.0,258.0,0.0,258.0,126.0,209.0,104.0,7.0,70.0,5.0,54.0,1.0,3.0,14.0,85.0,146.0,208.0,42.0,2.313953488372093,0.0,0.0,0.0,0.0,0.0,0.0,0.0,0.0,0.0,0.0,0.0,0.0,0.0,0.0,0.0,0.0,0.0,0.0,0.0,0.0,0.0,0.0,0.0,0.0,0.0,0.0,0.0,0.0,0.0,0.0,0.0,0.0,0.0,0.0,0.0,0.0,0.0,0.0,0.0,0.0,0.0,6.0,1.0,0.0,0.0,1.0,10.0,10.0,7.0,15.0,30.0,43.0,24.0,14.0,0.0,0.0,0.0,0.0,0.0,0.0,0.0,0.0,0.0,0.0,0.0,0.0,0.0,0.0,0.0,0.0,0.0,0.0,0.0,0.0,0.0,8.0,1.0,0.0,0.0,2.0,15.0,13.0,9.0,21.0,46.0,67.0,30.0,23.0
745,1.0,745.0,London_11,3years_LHD,1Lon_11,151,453,1092.0,70.0,2.0,135447.0,3.2916449531912804,752.0,137.0,0.0,137.0,248.0,0.0,248.0,258.0,180.0,112.0,16.0,77.0,10.0,53.0,1.0,4.0,8.0,80.0,147.0,218.0,47.0,0.8790322580645161,0.0,0.0,0.0,0.0,0.0,0.0,0.0,0.0,0.0,0.0,0.0,0.0,0.0,0.0,0.0,0.0,0.0,0.0,0.0,0.0,0.0,0.0,0.0,0.0,0.0,0.0,0.0,0.0,0.0,0.0,0.0,0.0,0.0,0.0,0.0,0.0,0.0,0.0,0.0,0.0,2.0,11.0,3.0,0.0,1.0,1.0,9.0,16.0,7.0,9.0,24.0,23.0,18.0,12.0,0.0,0.0,0.0,0.0,0.0,0.0,0.0,0.0,0.0,0.0,0.0,0.0,0.0,0.0,0.0,0.0,0.0,0.0,0.0,0.0,2.0,16.0,5.0,0.0,1.0,2.0,14.0,22.0,11.0,12.0,35.0,32.0,23.0,23.0
746,1.0,746.0,London_11,3years_LHD,1Lon_11,151,453,1092.0,70.0,2.0,93771.0,2.617118701338768,660.0,23.0,0.0,23.0,36.0,0.0,36.0,248.0,188.0,98.0,11.0,84.0,13.0,52.0,0.0,7.0,8.0,85.0,144.0,216.0,43.0,0.4444444444444444,0.0,0.0,0.0,0.0,0.0,0.0,0.0,0.0,0.0,0.0,0.0,0.0,0.0,0.0,0.0,0.0,0.0,0.0,0.0,0.0,0.0,0.0,0.0,0.0,0.0,0.0,0.0,0.0,0.0,0.0,0.0,0.0,0.0,0.0,0.0,0.0,0.0,0.0,0.0,0.0,0.0,1.0,0.0,0.0,0.0,0.0,7.0,1.0,0.0,3.0,4.0,8.0,5.0,2.0,0.0,0.0,0.0,0.0,0.0,0.0,0.0,0.0,0.0,0.0,0.0,0.0,0.0,0.0,0.0,0.0,0.0,0.0,0.0,0.0,0.0,1.0,0.0,0.0,0.0,0.0,10.0,1.0,0.0,5.0,6.0,11.0,9.0,3.0
747,1.0,747.0,London_11,3years_LHD,1Lon_11,151,453,1092.0,70.0,2.0,115515.0,3.369134404696524,708.0,126.0,2.0,124.0,226.0,20.0,206.0,36.0,194.0,95.0,10.0,83.0,14.0,50.0,0.0,7.0,9.0,84.0,151.0,209.0,47.0,1.9867256637168142,0.0,0.0,0.0,0.0,0.0,0.0,0.0,0.0,0.0,0.0,0.0,0.0,0.0,0.0,0.0,0.0,0.0,0.0,0.0,0.0,0.0,0.0,0.0,0.0,0.0,0.0,0.0,0.0,0.0,0.0,0.0,0.0,1.0,0.0,0.0,2.0,0.0,0.0,0.0,0.0,9.0,5.0,0.0,3.0,3.0,0.0,7.0,7.0,3.0,11.0,27.0,24.0,20.0,12.0,0.0,0.0,0.0,0.0,0.0,0.0,0.0,0.0,0.0,0.0,0.0,0.0,8.0,0.0,0.0,13.0,0.0,0.0,0.0,0.0,12.0,7.0,0.0,7.0,3.0,0.0,12.0,11.0,4.0,15.0,46.0,39.0,24.0,16.0
748,1.0,748.0,London_11,3years_LHD,1Lon_11,151,453,1092.0,70.0,2.0,91506.0,2.318957927636802,655.0,10.0,2.0,8.0,31.0,18.0,13.0,226.0,198.0,109.0,19.0,69.0,11.0,36.0,0.0,11.0,10.0,75.0,162.0,206.0,50.0,0.7096774193548387,0.0,0.0,0.0,0.0,0.0,0.0,0.0,0.0,0.0,0.0,0.0,0.0,0.0,0.0,0.0,0.0,0.0,0.0,0.0,0.0,0.0,0.0,0.0,0.0,0.0,0.0,0.0,0.0,0.0,0.0,0.0,0.0,0.0,0.0,0.0,2.0,0.0,0.0,0.0,0.0,0.0,1.0,0.0,0.0,0.0,0.0,2.0,1.0,0.0,1.0,4.0,0.0,4.0,0.0,0.0,0.0,0.0,0.0,0.0,0.0,0.0,0.0,0.0,0.0,0.0,0.0,0.0,0.0,0.0,3.0,0.0,0.0,0.0,0.0,0.0,1.0,0.0,0.0,0.0,0.0,4.0,1.0,0.0,1.0,6.0,0.0,6.0,0.0
749,1.0,749.0,London_11,3years_LHD,1Lon_11,151,453,1092.0,70.0,2.0,119592.0,3.934601285494864,717.0,20.0,0.0,20.0,35.0,0.0,35.0,31.0,200.0,104.0,24.0,70.0,8.0,36.0,0.0,11.0,6.0,78.0,157.0,212.0,36.0,3.5142857142857142,0.0,0.0,0.0,0.0,0.0,0.0,0.0,0.0,0.0,0.0,0.0,0.0,0.0,0.0,0.0,0.0,0.0,0.0,0.0,0.0,0.0,0.0,0.0,0.0,0.0,0.0,0.0,0.0,0.0,0.0,0.0,0.0,0.0,0.0,0.0,0.0,0.0,0.0,0.0,0.0,2.0,2.0,0.0,1.0,0.0,0.0,5.0,4.0,0.0,2.0,9.0,5.0,4.0,1.0,0.0,0.0,0.0,0.0,0.0,0.0,0.0,0.0,0.0,0.0,0.0,0.0,0.0,0.0,0.0,0.0,0.0,0.0,0.0,0.0,4.0,3.0,0.0,3.0,0.0,0.0,8.0,4.0,0.0,5.0,13.0,6.0,6.0,1.0
750,1.0,750.0,London_11,3years_LHD,1Lon_11,151,453,1092.0,70.0,2.0,159909.0,2.0974561674520373,806.0,63.0,0.0,63.0,110.0,0.0,110.0,35.0,195.0,103.0,26.0,75.0,6.0,35.0,0.0,13.0,6.0,75.0,160.0,212.0,39.0,2.809090909090909,0.0,0.0,0.0,0.0,0.0,0.0,0.0,0.0,0.0,0.0,0.0,0.0,0.0,0.0,0.0,0.0,0.0,0.0,0.0,0.0,0.0,0.0,0.0,0.0,0.0,0.0,0.0,0.0,0.0,0.0,0.0,0.0,0.0,0.0,0.0,0.0,0.0,0.0,0.0,0.0,1.0,6.0,2.0,0.0,4.0,0.0,3.0,8.0,5.0,3.0,11.0,12.0,16.0,8.0,0.0,0.0,0.0,0.0,0.0,0.0,0.0,0.0,0.0,0.0,0.0,0.0,0.0,0.0,0.0,0.0,0.0,0.0,0.0,0.0,1.0,8.0,2.0,0.0,6.0,0.0,4.0,13.0,7.0,4.0,17.0,16.0,22.0,9.0
751,1.0,751.0,London_11,3years_LHD,1Lon_11,151,453,1092.0,70.0,2.0,179841.0,3.2181610725820065,850.0,58.0,2.0,56.0,109.0,19.0,90.0,110.0,204.0,99.0,31.0,60.0,11.0,36.0,0.0,12.0,8.0,63.0,163.0,219.0,49.0,4.036697247706422,0.0,0.0,0.0,0.0,0.0,0.0,0.0,0.0,0.0,0.0,0.0,0.0,0.0,0.0,0.0,0.0,0.0,0.0,0.0,0.0,0.0,0.0,0.0,0.0,0.0,0.0,0.0,0.0,0.0,0.0,0.0,0.0,0.0,0.0,0.0,1.0,0.0,0.0,0.0,0.0,1.0,1.0,3.0,2.0,1.0,0.0,8.0,3.0,3.0,9.0,7.0,12.0,8.0,3.0,0.0,0.0,0.0,0.0,0.0,0.0,0.0,0.0,0.0,0.0,0.0,0.0,0.0,0.0,0.0,5.0,0.0,0.0,0.0,0.0,1.0,2.0,3.0,3.0,1.0,0.0,10.0,6.0,4.0,10.0,9.0,17.0,10.0,4.0
752,1.0,752.0,London_11,3years_LHD,1Lon_11,151,453,1092.0,70.0,2.0,199320.0,3.2026208778843284,893.0,78.0,3.0,75.0,143.0,25.0,118.0,109.0,203.0,102.0,28.0,63.0,17.0,29.0,1.0,10.0,10.0,68.0,151.0,224.0,41.0,2.8714285714285714,0.0,0.0,0.0,0.0,0.0,0.0,0.0,0.0,0.0,1.0,0.0,0.0,0.0,0.0,0.0,1.0,0.0,0.0,1.0,0.0,0.0,0.0,0.0,0.0,0.0,0.0,0.0,0.0,0.0,0.0,0.0,0.0,1.0,0.0,1.0,2.0,0.0,0.0,0.0,0.0,2.0,5.0,1.0,1.0,5.0,0.0,7.0,5.0,4.0,4.0,15.0,12.0,14.0,8.0,0.0,0.0,0.0,0.0,0.0,0.0,0.0,0.0,0.0,0.0,0.0,0.0,8.0,0.0,8.0,11.0,0.0,0.0,0.0,0.0,3.0,5.0,2.0,2.0,5.0,0.0,9.0,6.0,5.0,4.0,18.0,16.0,14.0,10.0
753,1.0,753.0,London_11,3years_LHD,1Lon_11,151,453,1092.0,70.0,2.0,212910.0,6.410906047560275,923.0,173.0,0.0,173.0,300.0,0.0,300.0,140.0,201.0,113.0,35.0,58.0,11.0,31.0,1.0,3.0,9.0,79.0,134.0,231.0,35.0,2.5833333333333335,0.0,0.0,0.0,0.0,0.0,0.0,0.0,0.0,0.0,0.0,0.0,0.0,0.0,0.0,0.0,0.0,0.0,0.0,0.0,0.0,0.0,0.0,0.0,0.0,0.0,0.0,0.0,0.0,0.0,0.0,0.0,0.0,0.0,0.0,0.0,0.0,0.0,0.0,0.0,0.0,4.0,3.0,0.0,2.0,6.0,1.0,20.0,11.0,5.0,3.0,24.0,45.0,21.0,15.0,0.0,0.0,0.0,0.0,0.0,0.0,0.0,0.0,0.0,0.0,0.0,0.0,0.0,0.0,0.0,0.0,0.0,0.0,0.0,0.0,4.0,3.0,0.0,2.0,6.0,2.0,26.0,17.0,6.0,3.0,31.0,70.0,26.0,21.0
754,1.0,754.0,London_11,3years_LHD,1Lon_11,151,453,1092.0,70.0,2.0,182559.0,4.445700663141906,856.0,69.0,0.0,69.0,116.0,0.0,116.0,300.0,193.0,114.0,12.0,101.0,3.0,21.0,4.0,5.0,3.0,67.0,150.0,233.0,35.0,0.6206896551724138,0.0,0.0,0.0,0.0,0.0,0.0,0.0,0.0,0.0,0.0,0.0,0.0,0.0,0.0,0.0,0.0,0.0,0.0,0.0,0.0,0.0,0.0,0.0,0.0,0.0,0.0,0.0,0.0,0.0,0.0,0.0,0.0,0.0,0.0,0.0,0.0,0.0,0.0,0.0,0.0,2.0,6.0,2.0,4.0,4.0,0.0,11.0,15.0,10.0,5.0,17.0,9.0,15.0,5.0,0.0,0.0,0.0,0.0,0.0,0.0,0.0,0.0,0.0,0.0,0.0,0.0,0.0,0.0,0.0,0.0,0.0,0.0,0.0,0.0,2.0,7.0,2.0,6.0,5.0,0.0,17.0,19.0,15.0,6.0,24.0,13.0,18.0,9.0
755,1.0,755.0,London_11,3years_LHD,1Lon_11,151,453,1092.0,70.0,2.0,197961.0,5.346292142756283,890.0,132.0,2.0,130.0,247.0,17.0,230.0,116.0,205.0,104.0,11.0,93.0,3.0,28.0,4.0,5.0,5.0,67.0,161.0,220.0,44.0,1.3238866396761133,0.0,0.0,0.0,0.0,0.0,0.0,0.0,0.0,0.0,0.0,0.0,0.0,0.0,0.0,0.0,0.0,0.0,0.0,0.0,0.0,0.0,0.0,0.0,0.0,0.0,0.0,0.0,0.0,0.0,0.0,0.0,0.0,1.0,0.0,0.0,1.0,0.0,0.0,0.0,0.0,0.0,7.0,2.0,0.0,2.0,1.0,7.0,6.0,9.0,11.0,29.0,37.0,24.0,10.0,0.0,0.0,0.0,0.0,0.0,0.0,0.0,0.0,0.0,0.0,0.0,0.0,5.0,0.0,0.0,4.0,0.0,0.0,0.0,0.0,0.0,11.0,2.0,0.0,2.0,2.0,9.0,9.0,12.0,16.0,51.0,55.0,30.0,15.0
756,1.0,756.0,London_11,3years_LHD,1Lon_11,151,453,1092.0,70.0,2.0,168516.0,4.993448384106159,825.0,79.0,0.0,79.0,129.0,0.0,129.0,247.0,215.0,90.0,16.0,96.0,6.0,29.0,0.0,1.0,8.0,73.0,137.0,235.0,37.0,1.1162790697674418,0.0,0.0,0.0,0.0,0.0,0.0,0.0,0.0,0.0,0.0,0.0,0.0,0.0,0.0,0.0,0.0,0.0,0.0,0.0,0.0,0.0,0.0,0.0,0.0,0.0,0.0,0.0,0.0,0.0,0.0,0.0,0.0,0.0,0.0,0.0,0.0,0.0,0.0,0.0,0.0,4.0,6.0,2.0,0.0,0.0,0.0,12.0,6.0,13.0,4.0,18.0,13.0,22.0,6.0,0.0,0.0,0.0,0.0,0.0,0.0,0.0,0.0,0.0,0.0,0.0,0.0,0.0,0.0,0.0,0.0,0.0,0.0,0.0,0.0,4.0,7.0,2.0,0.0,0.0,0.0,16.0,7.0,18.0,5.0,28.0,15.0,24.0,7.0
757,1.0,757.0,London_11,3years_LHD,1Lon_11,151,453,1092.0,70.0,2.0,165345.0,4.83142613619566,818.0,69.0,2.0,67.0,125.0,15.0,110.0,129.0,224.0,85.0,14.0,91.0,5.0,33.0,0.0,1.0,7.0,62.0,147.0,237.0,37.0,1.5564516129032258,0.0,0.0,0.0,0.0,0.0,0.0,0.0,0.0,0.0,1.0,0.0,0.0,0.0,0.0,0.0,1.0,0.0,0.0,1.0,0.0,0.0,0.0,0.0,0.0,0.0,0.0,0.0,0.0,0.0,0.0,0.0,0.0,0.0,0.0,0.0,0.0,0.0,0.0,0.0,0.0,1.0,1.0,0.0,1.0,1.0,0.0,6.0,6.0,8.0,3.0,15.0,18.0,20.0,6.0,0.0,0.0,0.0,0.0,0.0,0.0,0.0,0.0,0.0,0.0,0.0,0.0,0.0,0.0,0.0,0.0,0.0,0.0,0.0,0.0,1.0,1.0,0.0,1.0,1.0,0.0,7.0,8.0,11.0,3.0,25.0,25.0,27.0,7.0
758,1.0,758.0,London_11,3years_LHD,1Lon_11,151,453,1092.0,70.0,2.0,169422.0,6.732015773653984,827.0,155.0,0.0,155.0,258.0,0.0,258.0,124.0,228.0,89.0,8.0,88.0,4.0,33.0,2.0,1.0,9.0,75.0,155.0,214.0,39.0,2.7829457364341086,0.0,0.0,0.0,0.0,0.0,0.0,0.0,0.0,0.0,0.0,0.0,0.0,0.0,0.0,0.0,0.0,0.0,0.0,0.0,0.0,0.0,0.0,0.0,0.0,0.0,0.0,0.0,0.0,0.0,0.0,0.0,0.0,0.0,0.0,0.0,0.0,0.0,0.0,0.0,0.0,3.0,0.0,0.0,0.0,2.0,0.0,7.0,6.0,5.0,17.0,28.0,32.0,21.0,16.0,0.0,0.0,0.0,0.0,0.0,0.0,0.0,0.0,0.0,0.0,0.0,0.0,0.0,0.0,0.0,0.0,0.0,0.0,0.0,0.0,3.0,0.0,0.0,0.0,2.0,0.0,10.0,8.0,5.0,22.0,44.0,40.0,26.0,23.0
759,1.0,759.0,London_11,3years_LHD,1Lon_11,151,453,1092.0,70.0,2.0,128199.0,2.0940971048548818,736.0,133.0,1.0,132.0,257.0,9.0,248.0,258.0,208.0,96.0,19.0,81.0,6.0,31.0,3.0,9.0,9.0,78.0,148.0,218.0,36.0,1.11284046692607,0.0,0.0,0.0,0.0,0.0,0.0,0.0,0.0,0.0,0.0,0.0,0.0,0.0,0.0,0.0,0.0,0.0,0.0,0.0,0.0,0.0,0.0,0.0,0.0,0.0,0.0,0.0,0.0,0.0,0.0,0.0,0.0,0.0,0.0,0.0,1.0,0.0,0.0,0.0,0.0,2.0,4.0,5.0,1.0,8.0,0.0,20.0,11.0,10.0,10.0,18.0,38.0,20.0,9.0,0.0,0.0,0.0,0.0,0.0,0.0,0.0,0.0,0.0,0.0,0.0,0.0,0.0,0.0,0.0,9.0,0.0,0.0,0.0,0.0,3.0,7.0,6.0,1.0,8.0,0.0,30.0,17.0,14.0,15.0,30.0,62.0,27.0,14.0
760,1.0,760.0,London_11,3years_LHD,1Lon_11,151,453,1092.0,70.0,2.0,91053.0,2.3859415613114834,654.0,21.0,0.0,21.0,36.0,0.0,36.0,257.0,204.0,103.0,20.0,78.0,11.0,30.0,2.0,5.0,14.0,79.0,147.0,213.0,38.0,0.6111111111111112,0.0,0.0,0.0,0.0,0.0,0.0,0.0,0.0,0.0,0.0,0.0,0.0,0.0,0.0,0.0,0.0,0.0,0.0,0.0,0.0,0.0,0.0,0.0,0.0,0.0,0.0,0.0,0.0,0.0,0.0,0.0,0.0,0.0,0.0,0.0,0.0,0.0,0.0,0.0,0.0,0.0,1.0,0.0,0.0,0.0,0.0,5.0,1.0,2.0,2.0,6.0,5.0,4.0,2.0,0.0,0.0,0.0,0.0,0.0,0.0,0.0,0.0,0.0,0.0,0.0,0.0,0.0,0.0,0.0,0.0,0.0,0.0,0.0,0.0,0.0,1.0,0.0,0.0,0.0,0.0,6.0,1.0,2.0,2.0,10.0,8.0,5.0,2.0
761,1.0,761.0,London_11,3years_LHD,1Lon_11,151,453,1092.0,70.0,2.0,118686.0,5.641301503404975,715.0,124.0,2.0,122.0,223.0,17.0,206.0,36.0,202.0,103.0,19.0,82.0,12.0,26.0,3.0,6.0,15.0,82.0,146.0,210.0,43.0,1.365296803652968,0.0,0.0,0.0,0.0,0.0,0.0,0.0,0.0,0.0,1.0,0.0,1.0,0.0,0.0,0.0,0.0,0.0,0.0,1.0,0.0,0.0,0.0,0.0,0.0,0.0,0.0,0.0,0.0,0.0,0.0,0.0,0.0,0.0,0.0,0.0,1.0,0.0,0.0,0.0,0.0,6.0,15.0,1.0,1.0,0.0,1.0,12.0,7.0,8.0,4.0,20.0,25.0,17.0,10.0,0.0,0.0,0.0,0.0,0.0,0.0,0.0,0.0,0.0,0.0,0.0,0.0,0.0,0.0,0.0,3.0,0.0,0.0,0.0,0.0,6.0,22.0,1.0,1.0,0.0,1.0,17.0,10.0,12.0,8.0,30.0,36.0,20.0,15.0
762,1.0,762.0,London_11,3years_LHD,1Lon_11,151,453,1092.0,70.0,2.0,96489.0,3.187036633491516,666.0,10.0,2.0,8.0,30.0,17.0,13.0,219.0,212.0,95.0,22.0,77.0,15.0,26.0,3.0,3.0,10.0,78.0,146.0,219.0,36.0,1.4333333333333333,0.0,0.0,0.0,0.0,0.0,0.0,0.0,0.0,0.0,0.0,0.0,0.0,0.0,0.0,0.0,0.0,0.0,0.0,0.0,0.0,0.0,0.0,0.0,0.0,0.0,0.0,0.0,0.0,0.0,0.0,0.0,0.0,1.0,0.0,0.0,2.0,0.0,0.0,0.0,0.0,1.0,0.0,0.0,0.0,0.0,0.0,0.0,3.0,1.0,1.0,1.0,2.0,1.0,0.0,0.0,0.0,0.0,0.0,0.0,0.0,0.0,0.0,0.0,0.0,0.0,0.0,9.0,0.0,0.0,7.0,0.0,0.0,0.0,0.0,1.0,0.0,0.0,0.0,0.0,0.0,0.0,3.0,1.0,1.0,1.0,3.0,2.0,0.0
763,1.0,763.0,London_11,3years_LHD,1Lon_11,151,453,1092.0,70.0,2.0,126387.0,4.015793267637491,732.0,20.0,0.0,20.0,33.0,0.0,33.0,30.0,210.0,102.0,22.0,71.0,15.0,27.0,3.0,3.0,9.0,82.0,132.0,230.0,40.0,1.6363636363636365,0.0,0.0,0.0,0.0,0.0,0.0,0.0,0.0,0.0,0.0,0.0,0.0,0.0,0.0,0.0,0.0,0.0,0.0,0.0,0.0,0.0,0.0,0.0,0.0,0.0,0.0,0.0,0.0,0.0,0.0,0.0,0.0,0.0,0.0,0.0,0.0,0.0,0.0,0.0,0.0,0.0,3.0,0.0,0.0,3.0,0.0,1.0,4.0,1.0,3.0,1.0,4.0,1.0,2.0,0.0,0.0,0.0,0.0,0.0,0.0,0.0,0.0,0.0,0.0,0.0,0.0,0.0,0.0,0.0,0.0,0.0,0.0,0.0,0.0,0.0,4.0,0.0,0.0,3.0,0.0,1.0,4.0,2.0,3.0,2.0,7.0,1.0,2.0
764,1.0,764.0,London_11,3years_LHD,1Lon_11,151,453,1092.0,70.0,2.0,154020.0,2.6729359794408083,793.0,62.0,0.0,62.0,110.0,0.0,110.0,33.0,213.0,106.0,20.0,63.0,15.0,30.0,3.0,3.0,10.0,81.0,133.0,229.0,44.0,3.3454545454545452,0.0,0.0,0.0,0.0,0.0,0.0,0.0,0.0,0.0,0.0,0.0,0.0,0.0,0.0,0.0,0.0,0.0,0.0,0.0,0.0,0.0,0.0,0.0,0.0,0.0,0.0,0.0,0.0,0.0,0.0,0.0,0.0,0.0,0.0,0.0,0.0,0.0,0.0,0.0,0.0,1.0,2.0,0.0,0.0,4.0,0.0,5.0,6.0,5.0,12.0,10.0,20.0,16.0,5.0,0.0,0.0,0.0,0.0,0.0,0.0,0.0,0.0,0.0,0.0,0.0,0.0,0.0,0.0,0.0,0.0,0.0,0.0,0.0,0.0,1.0,4.0,0.0,0.0,4.0,0.0,8.0,8.0,7.0,16.0,23.0,27.0,22.0,6.0
765,1.0,765.0,London_11,3years_LHD,1Lon_11,151,453,1092.0,70.0,2.0,172593.0,3.1486401027068496,834.0,57.0,2.0,55.0,110.0,19.0,91.0,110.0,210.0,118.0,24.0,48.0,16.0,31.0,3.0,3.0,10.0,79.0,145.0,219.0,42.0,3.5,0.0,0.0,0.0,0.0,0.0,0.0,0.0,0.0,0.0,0.0,0.0,0.0,0.0,0.0,0.0,0.0,0.0,0.0,0.0,0.0,0.0,0.0,0.0,0.0,0.0,0.0,0.0,0.0,0.0,0.0,0.0,0.0,0.0,0.0,1.0,0.0,0.0,0.0,0.0,0.0,3.0,3.0,2.0,3.0,1.0,0.0,10.0,6.0,10.0,12.0,11.0,11.0,13.0,7.0,0.0,0.0,0.0,0.0,0.0,0.0,0.0,0.0,0.0,0.0,0.0,0.0,0.0,0.0,7.0,0.0,0.0,0.0,0.0,0.0,4.0,3.0,2.0,5.0,1.0,0.0,15.0,8.0,16.0,15.0,17.0,18.0,16.0,9.0
766,1.0,766.0,London_11,3years_LHD,1Lon_11,151,453,1092.0,70.0,2.0,194337.0,4.8820032896474,882.0,66.0,2.0,64.0,136.0,18.0,118.0,110.0,205.0,118.0,33.0,40.0,16.0,35.0,3.0,3.0,5.0,89.0,149.0,210.0,43.0,3.2290076335877864,0.0,0.0,0.0,0.0,0.0,0.0,0.0,0.0,0.0,1.0,0.0,0.0,1.0,0.0,0.0,0.0,0.0,0.0,1.0,0.0,0.0,0.0,0.0,0.0,0.0,0.0,0.0,0.0,0.0,0.0,0.0,0.0,0.0,0.0,0.0,0.0,0.0,0.0,0.0,0.0,3.0,2.0,1.0,1.0,1.0,0.0,11.0,5.0,8.0,5.0,19.0,15.0,17.0,5.0,0.0,0.0,0.0,0.0,0.0,0.0,0.0,0.0,0.0,0.0,0.0,0.0,0.0,0.0,0.0,0.0,0.0,0.0,0.0,0.0,4.0,3.0,1.0,1.0,1.0,0.0,14.0,5.0,11.0,6.0,25.0,27.0,19.0,8.0
767,1.0,767.0,London_11,3years_LHD,1Lon_11,151,453,1092.0,70.0,2.0,217893.0,6.379176087677479,934.0,169.0,0.0,169.0,300.0,0.0,300.0,131.0,203.0,126.0,38.0,34.0,12.0,32.0,3.0,5.0,9.0,89.0,147.0,208.0,37.0,3.11,0.0,0.0,0.0,0.0,0.0,0.0,0.0,0.0,0.0,0.0,0.0,0.0,0.0,0.0,0.0,0.0,0.0,0.0,0.0,0.0,0.0,0.0,0.0,0.0,0.0,0.0,0.0,0.0,0.0,0.0,0.0,0.0,0.0,0.0,0.0,0.0,0.0,0.0,0.0,0.0,3.0,19.0,0.0,4.0,1.0,1.0,9.0,11.0,9.0,13.0,30.0,30.0,19.0,7.0,0.0,0.0,0.0,0.0,0.0,0.0,0.0,0.0,0.0,0.0,0.0,0.0,0.0,0.0,0.0,0.0,0.0,0.0,0.0,0.0,3.0,27.0,0.0,8.0,1.0,1.0,10.0,16.0,10.0,16.0,45.0,40.0,24.0,10.0
768,1.0,768.0,London_11,3years_LHD,1Lon_11,151,453,1092.0,70.0,2.0,186183.0,1.5411334540694952,864.0,65.0,1.0,64.0,126.0,9.0,117.0,300.0,180.0,116.0,20.0,86.0,17.0,21.0,5.0,8.0,4.0,72.0,157.0,220.0,32.0,0.8253968253968254,0.0,0.0,0.0,0.0,0.0,0.0,0.0,0.0,0.0,0.0,0.0,0.0,0.0,0.0,0.0,0.0,0.0,0.0,0.0,0.0,0.0,0.0,0.0,0.0,0.0,0.0,0.0,0.0,0.0,0.0,0.0,0.0,0.0,0.0,0.0,0.0,0.0,0.0,0.0,0.0,1.0,2.0,3.0,0.0,5.0,0.0,5.0,7.0,5.0,8.0,11.0,13.0,12.0,7.0,0.0,0.0,0.0,0.0,0.0,0.0,0.0,0.0,0.0,0.0,0.0,0.0,0.0,0.0,0.0,0.0,0.0,0.0,0.0,0.0,1.0,2.0,3.0,0.0,7.0,0.0,8.0,12.0,6.0,11.0,18.0,19.0,16.0,11.0
769,1.0,769.0,London_11,3years_LHD,1Lon_11,151,453,1092.0,70.0,2.0,199773.0,5.63273598626256,894.0,147.0,2.0,145.0,247.0,17.0,230.0,126.0,191.0,97.0,28.0,79.0,19.0,28.0,4.0,7.0,5.0,79.0,149.0,220.0,40.0,1.45748987854251,0.0,0.0,0.0,0.0,0.0,0.0,0.0,0.0,0.0,0.0,0.0,0.0,0.0,0.0,0.0,0.0,0.0,0.0,0.0,0.0,0.0,0.0,0.0,0.0,0.0,0.0,0.0,0.0,0.0,0.0,0.0,0.0,1.0,0.0,0.0,1.0,0.0,0.0,0.0,0.0,0.0,9.0,3.0,3.0,3.0,0.0,10.0,9.0,4.0,11.0,28.0,36.0,23.0,12.0,0.0,0.0,0.0,0.0,0.0,0.0,0.0,0.0,0.0,0.0,0.0,0.0,3.0,0.0,0.0,5.0,0.0,0.0,0.0,0.0,0.0,17.0,5.0,3.0,3.0,0.0,13.0,14.0,4.0,16.0,48.0,47.0,28.0,17.0
770,1.0,770.0,London_11,3years_LHD,1Lon_11,151,453,1092.0,70.0,2.0,164439.0,7.618893034756184,816.0,77.0,0.0,77.0,130.0,0.0,130.0,247.0,193.0,117.0,19.0,81.0,18.0,16.0,2.0,7.0,10.0,83.0,142.0,218.0,32.0,0.7846153846153846,0.0,0.0,0.0,0.0,0.0,0.0,0.0,0.0,0.0,0.0,0.0,0.0,0.0,0.0,0.0,0.0,0.0,0.0,0.0,0.0,0.0,0.0,0.0,0.0,0.0,0.0,0.0,0.0,0.0,0.0,0.0,0.0,0.0,0.0,0.0,0.0,0.0,0.0,0.0,0.0,0.0,5.0,3.0,0.0,2.0,0.0,5.0,9.0,5.0,6.0,13.0,14.0,16.0,9.0,0.0,0.0,0.0,0.0,0.0,0.0,0.0,0.0,0.0,0.0,0.0,0.0,0.0,0.0,0.0,0.0,0.0,0.0,0.0,0.0,0.0,7.0,4.0,0.0,2.0,0.0,6.0,12.0,5.0,9.0,18.0,19.0,24.0,13.0
771,1.0,771.0,London_11,3years_LHD,1Lon_11,151,453,1092.0,70.0,2.0,164892.0,1.5908121634274721,817.0,62.0,2.0,60.0,127.0,17.0,110.0,130.0,205.0,109.0,23.0,74.0,21.0,10.0,2.0,9.0,15.0,88.0,146.0,204.0,43.0,1.2913385826771653,0.0,0.0,0.0,0.0,0.0,0.0,0.0,0.0,0.0,0.0,0.0,0.0,0.0,0.0,0.0,0.0,0.0,0.0,0.0,0.0,0.0,0.0,0.0,0.0,0.0,0.0,0.0,0.0,0.0,2.0,0.0,0.0,1.0,0.0,1.0,1.0,0.0,0.0,0.0,0.0,0.0,9.0,1.0,0.0,0.0,0.0,9.0,6.0,2.0,6.0,12.0,17.0,10.0,7.0,0.0,0.0,0.0,0.0,0.0,0.0,0.0,0.0,0.0,6.0,0.0,0.0,6.0,0.0,7.0,5.0,0.0,0.0,0.0,0.0,0.0,11.0,1.0,0.0,0.0,0.0,13.0,12.0,2.0,9.0,19.0,30.0,11.0,15.0
772,1.0,772.0,London_11,3years_LHD,1Lon_11,151,453,1092.0,70.0,2.0,171234.0,7.890366826206446,831.0,151.0,0.0,151.0,258.0,0.0,258.0,127.0,216.0,115.0,23.0,64.0,20.0,11.0,2.0,2.0,12.0,80.0,149.0,212.0,43.0,2.507751937984496,0.0,0.0,0.0,0.0,0.0,0.0,0.0,0.0,0.0,0.0,0.0,0.0,0.0,0.0,0.0,0.0,0.0,0.0,0.0,0.0,0.0,0.0,0.0,0.0,0.0,0.0,0.0,0.0,0.0,0.0,0.0,0.0,0.0,0.0,0.0,0.0,0.0,0.0,0.0,0.0,0.0,18.0,1.0,0.0,1.0,0.0,7.0,3.0,1.0,7.0,28.0,33.0,24.0,7.0,0.0,0.0,0.0,0.0,0.0,0.0,0.0,0.0,0.0,0.0,0.0,0.0,0.0,0.0,0.0,0.0,0.0,0.0,0.0,0.0,0.0,27.0,1.0,0.0,1.0,0.0,10.0,3.0,2.0,10.0,42.0,44.0,25.0,9.0
773,1.0,773.0,London_11,3years_LHD,1Lon_11,151,453,1092.0,70.0,2.0,128199.0,6.12620151322335,736.0,139.0,1.0,138.0,259.0,10.0,249.0,258.0,204.0,99.0,25.0,69.0,27.0,27.0,2.0,0.0,7.0,87.0,153.0,206.0,35.0,1.2945736434108528,0.0,0.0,0.0,0.0,0.0,0.0,0.0,0.0,0.0,1.0,0.0,0.0,0.0,0.0,0.0,0.0,0.0,1.0,1.0,0.0,0.0,0.0,0.0,0.0,0.0,0.0,0.0,0.0,0.0,0.0,0.0,0.0,0.0,0.0,0.0,0.0,1.0,0.0,0.0,0.0,3.0,3.0,1.0,5.0,3.0,0.0,2.0,6.0,8.0,17.0,33.0,35.0,26.0,11.0,0.0,0.0,0.0,0.0,0.0,0.0,0.0,0.0,0.0,0.0,0.0,0.0,0.0,0.0,0.0,0.0,9.0,0.0,0.0,0.0,4.0,3.0,1.0,8.0,3.0,0.0,3.0,9.0,10.0,25.0,48.0,52.0,36.0,17.0
774,1.0,774.0,London_11,3years_LHD,1Lon_11,151,453,1092.0,70.0,2.0,86523.0,3.190809989348054,644.0,19.0,0.0,19.0,36.0,0.0,36.0,258.0,185.0,97.0,15.0,86.0,29.0,37.0,2.0,2.0,7.0,78.0,159.0,209.0,44.0,0.4722222222222222,0.0,0.0,0.0,0.0,0.0,0.0,0.0,0.0,0.0,0.0,0.0,0.0,0.0,0.0,0.0,0.0,0.0,0.0,0.0,0.0,0.0,0.0,0.0,0.0,0.0,0.0,0.0,0.0,0.0,0.0,0.0,0.0,0.0,0.0,0.0,0.0,0.0,0.0,0.0,0.0,0.0,4.0,0.0,0.0,0.0,0.0,1.0,1.0,0.0,3.0,2.0,6.0,2.0,2.0,0.0,0.0,0.0,0.0,0.0,0.0,0.0,0.0,0.0,0.0,0.0,0.0,0.0,0.0,0.0,0.0,0.0,0.0,0.0,0.0,0.0,6.0,0.0,0.0,0.0,0.0,1.0,1.0,0.0,4.0,2.0,10.0,3.0,4.0
775,1.0,775.0,London_11,3years_LHD,1Lon_11,151,453,1092.0,70.0,2.0,107361.0,4.974877620115876,690.0,120.0,2.0,118.0,227.0,20.0,207.0,36.0,184.0,110.0,9.0,79.0,28.0,41.0,2.0,0.0,7.0,73.0,162.0,211.0,44.0,1.7444933920704846,0.0,0.0,0.0,0.0,0.0,0.0,0.0,0.0,0.0,0.0,0.0,0.0,0.0,0.0,0.0,0.0,0.0,0.0,0.0,0.0,0.0,0.0,0.0,0.0,0.0,0.0,0.0,0.0,0.0,0.0,0.0,0.0,1.0,0.0,0.0,0.0,1.0,0.0,0.0,0.0,0.0,16.0,3.0,0.0,0.0,0.0,11.0,6.0,12.0,10.0,20.0,27.0,14.0,3.0,0.0,0.0,0.0,0.0,0.0,0.0,0.0,0.0,0.0,0.0,0.0,0.0,7.0,0.0,0.0,0.0,9.0,0.0,0.0,0.0,0.0,25.0,3.0,0.0,0.0,0.0,14.0,9.0,18.0,13.0,31.0,38.0,16.0,3.0
776,1.0,776.0,London_11,3years_LHD,1Lon_11,151,453,1092.0,70.0,2.0,88788.0,1.4933688519522548,649.0,7.0,2.0,5.0,25.0,16.0,9.0,227.0,187.0,111.0,14.0,78.0,26.0,30.0,2.0,5.0,8.0,68.0,149.0,228.0,40.0,1.64,0.0,0.0,0.0,0.0,0.0,0.0,0.0,0.0,0.0,0.0,0.0,0.0,0.0,0.0,0.0,0.0,0.0,0.0,0.0,0.0,0.0,0.0,0.0,0.0,0.0,0.0,0.0,0.0,0.0,0.0,0.0,0.0,1.0,0.0,0.0,2.0,0.0,0.0,0.0,0.0,0.0,1.0,0.0,0.0,0.0,0.0,1.0,0.0,0.0,0.0,3.0,0.0,1.0,0.0,0.0,0.0,0.0,0.0,0.0,0.0,0.0,0.0,0.0,0.0,0.0,0.0,4.0,0.0,0.0,8.0,0.0,0.0,0.0,0.0,0.0,2.0,0.0,0.0,0.0,0.0,1.0,0.0,0.0,0.0,6.0,0.0,1.0,0.0
777,1.0,777.0,London_11,3years_LHD,1Lon_11,151,453,1092.0,70.0,2.0,123216.0,1.2497918428853154,725.0,16.0,0.0,16.0,31.0,0.0,31.0,25.0,188.0,115.0,18.0,78.0,18.0,28.0,3.0,5.0,2.0,68.0,144.0,239.0,40.0,1.2903225806451613,0.0,0.0,0.0,0.0,0.0,0.0,0.0,0.0,0.0,0.0,0.0,0.0,0.0,0.0,0.0,0.0,0.0,0.0,0.0,0.0,0.0,0.0,0.0,0.0,0.0,0.0,0.0,0.0,0.0,0.0,0.0,0.0,0.0,0.0,0.0,0.0,0.0,0.0,0.0,0.0,1.0,2.0,0.0,1.0,0.0,0.0,1.0,1.0,0.0,1.0,3.0,6.0,7.0,0.0,0.0,0.0,0.0,0.0,0.0,0.0,0.0,0.0,0.0,0.0,0.0,0.0,0.0,0.0,0.0,0.0,0.0,0.0,0.0,0.0,1.0,2.0,0.0,2.0,0.0,0.0,2.0,1.0,0.0,1.0,4.0,11.0,10.0,0.0
778,1.0,778.0,London_11,3years_LHD,1Lon_11,151,453,1092.0,70.0,2.0,159003.0,4.251973303034902,804.0,62.0,0.0,62.0,111.0,0.0,111.0,31.0,193.0,113.0,21.0,72.0,21.0,28.0,2.0,3.0,3.0,62.0,151.0,237.0,42.0,2.4414414414414414,0.0,0.0,0.0,0.0,0.0,0.0,0.0,0.0,0.0,0.0,0.0,0.0,0.0,0.0,0.0,0.0,0.0,0.0,0.0,0.0,0.0,0.0,0.0,0.0,0.0,0.0,0.0,0.0,0.0,0.0,0.0,0.0,0.0,0.0,0.0,0.0,0.0,0.0,0.0,0.0,2.0,5.0,5.0,1.0,2.0,0.0,3.0,5.0,10.0,7.0,18.0,16.0,12.0,7.0,0.0,0.0,0.0,0.0,0.0,0.0,0.0,0.0,0.0,0.0,0.0,0.0,0.0,0.0,0.0,0.0,0.0,0.0,0.0,0.0,3.0,8.0,6.0,2.0,2.0,0.0,3.0,8.0,12.0,11.0,31.0,21.0,16.0,9.0
779,1.0,779.0,London_11,3years_LHD,1Lon_11,151,453,1092.0,70.0,2.0,174858.0,5.078875209204853,839.0,52.0,2.0,50.0,108.0,17.0,91.0,111.0,205.0,102.0,20.0,64.0,24.0,36.0,0.0,2.0,7.0,69.0,176.0,201.0,54.0,3.064814814814815,0.0,0.0,0.0,0.0,0.0,0.0,0.0,0.0,0.0,0.0,0.0,0.0,0.0,0.0,0.0,0.0,0.0,0.0,0.0,0.0,0.0,0.0,0.0,0.0,0.0,0.0,0.0,0.0,0.0,0.0,0.0,0.0,0.0,0.0,0.0,1.0,0.0,0.0,0.0,0.0,3.0,3.0,0.0,0.0,2.0,0.0,0.0,2.0,3.0,4.0,7.0,12.0,11.0,3.0,0.0,0.0,0.0,0.0,0.0,0.0,0.0,0.0,0.0,0.0,0.0,0.0,0.0,0.0,0.0,2.0,0.0,0.0,0.0,0.0,3.0,3.0,0.0,0.0,2.0,0.0,0.0,3.0,6.0,4.0,10.0,21.0,14.0,4.0
780,1.0,780.0,London_11,3years_LHD,1Lon_11,151,453,1092.0,70.0,2.0,196602.0,5.173898528330028,887.0,70.0,2.0,68.0,136.0,18.0,118.0,108.0,208.0,97.0,21.0,59.0,26.0,41.0,0.0,1.0,6.0,77.0,158.0,212.0,37.0,2.4558823529411766,0.0,0.0,0.0,0.0,0.0,0.0,0.0,0.0,0.0,0.0,0.0,0.0,0.0,0.0,0.0,0.0,0.0,0.0,0.0,0.0,0.0,0.0,0.0,0.0,0.0,0.0,0.0,0.0,0.0,1.0,0.0,0.0,2.0,0.0,0.0,1.0,0.0,0.0,0.0,0.0,4.0,2.0,0.0,1.0,5.0,0.0,10.0,4.0,4.0,6.0,9.0,18.0,20.0,6.0,0.0,0.0,0.0,0.0,0.0,0.0,0.0,0.0,0.0,8.0,0.0,0.0,15.0,0.0,0.0,7.0,0.0,0.0,0.0,0.0,4.0,4.0,0.0,1.0,7.0,0.0,14.0,5.0,4.0,8.0,15.0,27.0,25.0,7.0
781,1.0,781.0,London_11,3years_LHD,1Lon_11,151,453,1092.0,70.0,2.0,213363.0,1.7348747896030545,924.0,179.0,0.0,179.0,301.0,0.0,301.0,136.0,222.0,104.0,18.0,55.0,18.0,30.0,0.0,6.0,5.0,81.0,156.0,211.0,31.0,3.372093023255814,0.0,0.0,0.0,0.0,0.0,0.0,0.0,0.0,0.0,0.0,0.0,0.0,0.0,0.0,0.0,0.0,0.0,0.0,0.0,0.0,0.0,0.0,0.0,0.0,0.0,0.0,0.0,0.0,0.0,0.0,0.0,0.0,0.0,0.0,0.0,0.0,0.0,0.0,0.0,0.0,3.0,6.0,1.0,3.0,0.0,0.0,10.0,2.0,3.0,13.0,23.0,41.0,12.0,13.0,0.0,0.0,0.0,0.0,0.0,0.0,0.0,0.0,0.0,0.0,0.0,0.0,0.0,0.0,0.0,0.0,0.0,0.0,0.0,0.0,3.0,7.0,1.0,4.0,0.0,0.0,11.0,2.0,3.0,20.0,39.0,57.0,14.0,22.0
782,1.0,782.0,London_11,3years_LHD,1Lon_11,151,453,1092.0,70.0,2.0,167610.0,6.096131484024227,823.0,81.0,0.0,81.0,117.0,0.0,117.0,301.0,191.0,119.0,19.0,75.0,12.0,28.0,2.0,7.0,5.0,78.0,166.0,204.0,43.0,0.9829059829059829,0.0,0.0,0.0,0.0,0.0,0.0,0.0,0.0,0.0,0.0,0.0,0.0,0.0,0.0,0.0,0.0,0.0,0.0,0.0,0.0,0.0,0.0,0.0,0.0,0.0,0.0,0.0,0.0,0.0,0.0,0.0,0.0,0.0,0.0,0.0,0.0,0.0,0.0,0.0,0.0,1.0,3.0,4.0,1.0,4.0,0.0,3.0,5.0,9.0,13.0,17.0,20.0,12.0,5.0,0.0,0.0,0.0,0.0,0.0,0.0,0.0,0.0,0.0,0.0,0.0,0.0,0.0,0.0,0.0,0.0,0.0,0.0,0.0,0.0,1.0,4.0,5.0,2.0,4.0,0.0,4.0,8.0,11.0,16.0,17.0,25.0,13.0,8.0
783,1.0,783.0,London_11,3years_LHD,1Lon_11,151,453,1092.0,70.0,2.0,168516.0,7.138011387549341,825.0,130.0,2.0,128.0,252.0,22.0,230.0,117.0,187.0,133.0,18.0,64.0,14.0,29.0,4.0,4.0,6.0,78.0,167.0,202.0,55.0,1.7817460317460319,0.0,0.0,0.0,0.0,0.0,0.0,0.0,0.0,0.0,0.0,0.0,0.0,0.0,0.0,0.0,0.0,0.0,0.0,0.0,0.0,0.0,0.0,0.0,0.0,0.0,0.0,0.0,0.0,0.0,0.0,0.0,0.0,0.0,0.0,0.0,1.0,0.0,0.0,0.0,0.0,2.0,14.0,0.0,2.0,1.0,1.0,7.0,4.0,6.0,6.0,25.0,37.0,21.0,11.0,0.0,0.0,0.0,0.0,0.0,0.0,0.0,0.0,0.0,0.0,0.0,0.0,0.0,0.0,0.0,5.0,0.0,0.0,0.0,0.0,2.0,23.0,0.0,2.0,1.0,2.0,7.0,5.0,8.0,11.0,38.0,61.0,27.0,17.0
784,1.0,784.0,London_11,3years_LHD,1Lon_11,151,453,1092.0,70.0,2.0,153114.0,6.370789997279644,791.0,67.0,0.0,67.0,120.0,0.0,120.0,252.0,187.0,132.0,18.0,72.0,15.0,22.0,3.0,4.0,5.0,90.0,159.0,199.0,46.0,0.6333333333333333,0.0,0.0,0.0,0.0,0.0,0.0,0.0,0.0,0.0,0.0,0.0,0.0,0.0,0.0,0.0,0.0,0.0,0.0,0.0,0.0,0.0,0.0,0.0,0.0,0.0,0.0,0.0,0.0,0.0,0.0,0.0,0.0,0.0,0.0,0.0,0.0,0.0,0.0,0.0,0.0,3.0,9.0,1.0,2.0,4.0,0.0,2.0,5.0,6.0,7.0,8.0,21.0,15.0,10.0,0.0,0.0,0.0,0.0,0.0,0.0,0.0,0.0,0.0,0.0,0.0,0.0,0.0,0.0,0.0,0.0,0.0,0.0,0.0,0.0,4.0,12.0,1.0,4.0,4.0,0.0,2.0,8.0,8.0,8.0,12.0,31.0,21.0,18.0
785,1.0,785.0,London_11,3years_LHD,1Lon_11,151,453,1092.0,70.0,2.0,158097.0,4.372568893246353,802.0,130.0,2.0,128.0,231.0,17.0,214.0,120.0,203.0,145.0,16.0,52.0,17.0,11.0,3.0,6.0,9.0,89.0,163.0,192.0,46.0,1.277056277056277,0.0,0.0,0.0,0.0,0.0,0.0,0.0,0.0,0.0,0.0,0.0,0.0,0.0,0.0,0.0,0.0,0.0,0.0,0.0,0.0,0.0,0.0,0.0,0.0,0.0,0.0,0.0,0.0,0.0,0.0,1.0,0.0,1.0,0.0,0.0,1.0,0.0,0.0,0.0,0.0,4.0,18.0,0.0,3.0,9.0,1.0,6.0,3.0,2.0,16.0,28.0,31.0,20.0,14.0,0.0,0.0,0.0,0.0,0.0,0.0,0.0,0.0,0.0,0.0,4.0,0.0,3.0,0.0,0.0,1.0,0.0,0.0,0.0,0.0,5.0,23.0,0.0,4.0,9.0,1.0,6.0,4.0,2.0,20.0,38.0,44.0,24.0,21.0
786,1.0,786.0,London_11,3years_LHD,1Lon_11,151,453,1092.0,70.0,2.0,130917.0,1.0194621672853827,742.0,52.0,0.0,52.0,82.0,0.0,82.0,231.0,219.0,118.0,19.0,59.0,8.0,25.0,0.0,5.0,8.0,69.0,149.0,227.0,28.0,2.0853658536585367,0.0,0.0,0.0,0.0,0.0,0.0,0.0,0.0,0.0,0.0,0.0,0.0,0.0,0.0,0.0,0.0,0.0,0.0,0.0,0.0,0.0,0.0,0.0,0.0,0.0,0.0,0.0,0.0,0.0,0.0,0.0,0.0,0.0,0.0,0.0,0.0,0.0,0.0,0.0,0.0,2.0,2.0,1.0,0.0,0.0,0.0,6.0,4.0,1.0,3.0,12.0,15.0,10.0,5.0,0.0,0.0,0.0,0.0,0.0,0.0,0.0,0.0,0.0,0.0,0.0,0.0,0.0,0.0,0.0,0.0,0.0,0.0,0.0,0.0,3.0,2.0,1.0,0.0,0.0,0.0,8.0,7.0,2.0,5.0,18.0,18.0,11.0,6.0
787,1.0,787.0,London_11,3years_LHD,1Lon_11,151,453,1092.0,70.0,2.0,141336.0,4.650654732249677,765.0,65.0,0.0,65.0,116.0,0.0,116.0,82.0,213.0,131.0,16.0,54.0,7.0,24.0,2.0,6.0,7.0,72.0,164.0,210.0,33.0,1.1810344827586208,0.0,0.0,0.0,0.0,0.0,0.0,0.0,0.0,0.0,0.0,0.0,0.0,0.0,0.0,0.0,0.0,0.0,0.0,0.0,0.0,0.0,0.0,0.0,0.0,0.0,0.0,0.0,0.0,0.0,0.0,0.0,0.0,0.0,0.0,0.0,0.0,0.0,0.0,0.0,0.0,4.0,6.0,3.0,0.0,3.0,0.0,12.0,2.0,4.0,3.0,13.0,16.0,12.0,7.0,0.0,0.0,0.0,0.0,0.0,0.0,0.0,0.0,0.0,0.0,0.0,0.0,0.0,0.0,0.0,0.0,0.0,0.0,0.0,0.0,5.0,7.0,3.0,0.0,3.0,0.0,13.0,2.0,6.0,4.0,22.0,22.0,16.0,12.0
788,1.0,788.0,London_11,3years_LHD,1Lon_11,151,453,1092.0,70.0,2.0,146319.0,3.778639600612223,776.0,125.0,0.0,125.0,221.0,0.0,221.0,116.0,221.0,130.0,12.0,46.0,7.0,29.0,2.0,6.0,3.0,73.0,163.0,214.0,28.0,2.271493212669683,0.0,0.0,0.0,0.0,0.0,0.0,0.0,0.0,0.0,0.0,0.0,0.0,0.0,0.0,0.0,0.0,0.0,0.0,0.0,0.0,0.0,0.0,0.0,0.0,0.0,0.0,0.0,0.0,0.0,0.0,0.0,0.0,0.0,0.0,0.0,0.0,0.0,0.0,0.0,0.0,1.0,6.0,5.0,1.0,5.0,0.0,17.0,16.0,2.0,7.0,28.0,32.0,21.0,11.0,0.0,0.0,0.0,0.0,0.0,0.0,0.0,0.0,0.0,0.0,0.0,0.0,0.0,0.0,0.0,0.0,0.0,0.0,0.0,0.0,1.0,7.0,7.0,1.0,5.0,0.0,23.0,22.0,3.0,9.0,39.0,48.0,25.0,15.0
789,1.0,789.0,London_11,3years_LHD,1Lon_11,151,453,1092.0,70.0,2.0,122763.0,4.81533638201654,724.0,31.0,2.0,29.0,68.0,20.0,48.0,221.0,221.0,112.0,17.0,56.0,10.0,31.0,1.0,5.0,5.0,59.0,167.0,222.0,41.0,1.8823529411764706,0.0,0.0,0.0,0.0,0.0,0.0,0.0,0.0,0.0,0.0,0.0,0.0,0.0,0.0,0.0,0.0,0.0,0.0,0.0,0.0,0.0,0.0,0.0,0.0,0.0,0.0,0.0,0.0,0.0,0.0,0.0,0.0,1.0,0.0,0.0,2.0,0.0,0.0,0.0,0.0,3.0,1.0,0.0,0.0,1.0,0.0,2.0,2.0,1.0,5.0,5.0,11.0,5.0,4.0,0.0,0.0,0.0,0.0,0.0,0.0,0.0,0.0,0.0,0.0,0.0,0.0,6.0,0.0,0.0,12.0,0.0,0.0,0.0,0.0,4.0,2.0,0.0,0.0,1.0,0.0,2.0,4.0,1.0,9.0,7.0,13.0,6.0,6.0
790,1.0,790.0,London_11,3years_LHD,1Lon_11,151,453,1092.0,70.0,2.0,143601.0,3.4008238380774856,770.0,114.0,2.0,112.0,216.0,18.0,198.0,68.0,228.0,103.0,17.0,66.0,5.0,26.0,2.0,6.0,4.0,64.0,146.0,239.0,44.0,1.7592592592592593,0.0,0.0,0.0,0.0,0.0,0.0,0.0,0.0,0.0,0.0,0.0,0.0,0.0,0.0,0.0,0.0,0.0,0.0,0.0,0.0,0.0,0.0,0.0,0.0,0.0,0.0,0.0,0.0,0.0,0.0,0.0,0.0,0.0,0.0,0.0,2.0,0.0,0.0,0.0,0.0,1.0,12.0,1.0,0.0,0.0,0.0,10.0,8.0,7.0,6.0,16.0,29.0,18.0,8.0,0.0,0.0,0.0,0.0,0.0,0.0,0.0,0.0,0.0,0.0,0.0,0.0,0.0,0.0,0.0,8.0,0.0,0.0,0.0,0.0,1.0,21.0,2.0,0.0,0.0,0.0,17.0,11.0,10.0,7.0,22.0,43.0,25.0,12.0
791,1.0,791.0,London_11,3years_LHD,1Lon_11,151,453,1092.0,70.0,2.0,133635.0,2.352912682108581,748.0,0.0,0.0,0.0,0.0,0.0,0.0,216.0,237.0,96.0,17.0,60.0,7.0,28.0,1.0,7.0,7.0,86.0,152.0,208.0,37.0,0.0,0.0,0.0,0.0,0.0,0.0,0.0,0.0,0.0,0.0,0.0,0.0,0.0,0.0,0.0,0.0,0.0,0.0,0.0,0.0,0.0,0.0,0.0,0.0,0.0,0.0,0.0,0.0,0.0,0.0,0.0,0.0,0.0,0.0,0.0,0.0,0.0,0.0,0.0,0.0,0.0,0.0,0.0,0.0,0.0,0.0,0.0,0.0,0.0,0.0,0.0,0.0,0.0,0.0,0.0,0.0,0.0,0.0,0.0,0.0,0.0,0.0,0.0,0.0,0.0,0.0,0.0,0.0,0.0,0.0,0.0,0.0,0.0,0.0,0.0,0.0,0.0,0.0,0.0,0.0,0.0,0.0,0.0,0.0,0.0,0.0,0.0,0.0,0.0
792,1.0,792.0,London_11,3years_LHD,1Lon_11,151,453,1092.0,70.0,2.0,178029.0,6.191044730134308,846.0,117.0,0.0,117.0,200.0,0.0,200.0,0.0,237.0,96.0,17.0,60.0,7.0,28.0,1.0,7.0,7.0,86.0,152.0,208.0,37.0,2.595,0.0,0.0,0.0,0.0,0.0,0.0,0.0,0.0,0.0,0.0,0.0,0.0,0.0,0.0,0.0,0.0,0.0,0.0,0.0,0.0,0.0,0.0,0.0,0.0,0.0,0.0,0.0,0.0,0.0,0.0,0.0,0.0,0.0,0.0,0.0,0.0,0.0,0.0,0.0,0.0,2.0,8.0,1.0,2.0,8.0,0.0,11.0,9.0,4.0,12.0,24.0,27.0,16.0,14.0,0.0,0.0,0.0,0.0,0.0,0.0,0.0,0.0,0.0,0.0,0.0,0.0,0.0,0.0,0.0,0.0,0.0,0.0,0.0,0.0,2.0,13.0,1.0,2.0,8.0,0.0,12.0,12.0,4.0,16.0,37.0,38.0,23.0,18.0
793,1.0,793.0,London_11,3years_LHD,1Lon_11,151,453,1092.0,70.0,2.0,164892.0,2.883465079590678,817.0,58.0,2.0,56.0,118.0,19.0,99.0,200.0,234.0,94.0,14.0,52.0,9.0,42.0,2.0,6.0,5.0,82.0,164.0,202.0,32.0,2.059322033898305,0.0,0.0,0.0,0.0,0.0,0.0,0.0,0.0,0.0,0.0,0.0,0.0,0.0,0.0,0.0,0.0,0.0,0.0,0.0,0.0,0.0,0.0,0.0,0.0,0.0,0.0,0.0,0.0,0.0,0.0,0.0,0.0,0.0,0.0,0.0,1.0,0.0,0.0,0.0,0.0,1.0,6.0,1.0,1.0,1.0,0.0,4.0,7.0,5.0,8.0,15.0,14.0,9.0,3.0,0.0,0.0,0.0,0.0,0.0,0.0,0.0,0.0,0.0,0.0,0.0,0.0,0.0,0.0,0.0,6.0,0.0,0.0,0.0,0.0,1.0,7.0,1.0,2.0,1.0,0.0,5.0,7.0,6.0,12.0,25.0,19.0,11.0,5.0
794,1.0,794.0,London_11,3years_LHD,1Lon_11,151,453,1092.0,70.0,2.0,182106.0,6.440793460235,855.0,77.0,3.0,74.0,155.0,25.0,130.0,118.0,236.0,100.0,17.0,42.0,10.0,41.0,3.0,4.0,3.0,102.0,148.0,200.0,33.0,2.238709677419355,0.0,0.0,0.0,0.0,0.0,0.0,0.0,0.0,0.0,0.0,0.0,0.0,0.0,0.0,0.0,0.0,0.0,0.0,0.0,0.0,0.0,0.0,0.0,0.0,0.0,0.0,0.0,0.0,0.0,0.0,0.0,0.0,1.0,0.0,1.0,2.0,0.0,0.0,0.0,0.0,6.0,7.0,2.0,6.0,0.0,0.0,9.0,8.0,11.0,11.0,6.0,20.0,13.0,8.0,0.0,0.0,0.0,0.0,0.0,0.0,0.0,0.0,0.0,0.0,0.0,0.0,4.0,0.0,7.0,11.0,0.0,0.0,0.0,0.0,6.0,12.0,3.0,12.0,0.0,0.0,10.0,11.0,14.0,12.0,11.0,31.0,16.0,13.0
795,1.0,795.0,London_11,3years_LHD,1Lon_11,151,453,1092.0,70.0,2.0,203397.0,4.439954336732626,902.0,166.0,0.0,166.0,278.0,0.0,278.0,155.0,222.0,103.0,26.0,48.0,14.0,35.0,2.0,3.0,5.0,93.0,128.0,227.0,34.0,3.176258992805755,0.0,0.0,0.0,0.0,0.0,0.0,0.0,0.0,0.0,0.0,0.0,0.0,0.0,0.0,0.0,0.0,0.0,0.0,0.0,0.0,0.0,0.0,0.0,0.0,0.0,0.0,0.0,0.0,0.0,0.0,0.0,0.0,0.0,0.0,0.0,0.0,0.0,0.0,0.0,0.0,0.0,12.0,0.0,1.0,1.0,0.0,22.0,5.0,3.0,11.0,26.0,38.0,21.0,15.0,0.0,0.0,0.0,0.0,0.0,0.0,0.0,0.0,0.0,0.0,0.0,0.0,0.0,0.0,0.0,0.0,0.0,0.0,0.0,0.0,0.0,19.0,0.0,3.0,1.0,0.0,33.0,6.0,4.0,15.0,37.0,57.0,27.0,24.0
796,1.0,796.0,London_11,3years_LHD,1Lon_11,151,453,1092.0,70.0,2.0,167157.0,4.504755051806569,822.0,50.0,0.0,50.0,79.0,0.0,79.0,278.0,188.0,99.0,18.0,88.0,12.0,37.0,1.0,10.0,1.0,83.0,141.0,228.0,43.0,1.1265822784810127,0.0,0.0,0.0,0.0,0.0,0.0,0.0,0.0,0.0,0.0,0.0,0.0,0.0,0.0,0.0,0.0,0.0,0.0,0.0,0.0,0.0,0.0,0.0,0.0,0.0,0.0,0.0,0.0,0.0,0.0,0.0,0.0,0.0,0.0,0.0,0.0,0.0,0.0,0.0,0.0,4.0,5.0,3.0,0.0,4.0,0.0,9.0,6.0,5.0,8.0,12.0,12.0,10.0,4.0,0.0,0.0,0.0,0.0,0.0,0.0,0.0,0.0,0.0,0.0,0.0,0.0,0.0,0.0,0.0,0.0,0.0,0.0,0.0,0.0,6.0,6.0,3.0,0.0,4.0,0.0,13.0,7.0,6.0,11.0,17.0,16.0,14.0,4.0
797,1.0,797.0,London_11,3years_LHD,1Lon_11,151,453,1092.0,70.0,2.0,186183.0,2.6098088677972555,864.0,120.0,2.0,118.0,230.0,17.0,213.0,79.0,189.0,104.0,17.0,85.0,13.0,35.0,2.0,8.0,1.0,80.0,153.0,219.0,46.0,1.4434782608695653,0.0,0.0,0.0,0.0,0.0,0.0,0.0,0.0,0.0,0.0,0.0,0.0,0.0,0.0,0.0,0.0,0.0,0.0,0.0,0.0,0.0,0.0,0.0,0.0,0.0,0.0,0.0,0.0,0.0,0.0,0.0,0.0,1.0,0.0,0.0,1.0,0.0,0.0,0.0,0.0,4.0,23.0,11.0,2.0,1.0,1.0,11.0,8.0,10.0,7.0,21.0,34.0,21.0,7.0,0.0,0.0,0.0,0.0,0.0,0.0,0.0,0.0,0.0,0.0,0.0,0.0,2.0,0.0,0.0,3.0,0.0,0.0,0.0,0.0,5.0,34.0,11.0,3.0,1.0,2.0,17.0,13.0,12.0,7.0,26.0,53.0,26.0,12.0
798,1.0,798.0,London_11,3years_LHD,1Lon_11,151,453,1092.0,70.0,2.0,165345.0,5.305575154721737,818.0,82.0,0.0,82.0,129.0,0.0,129.0,230.0,205.0,105.0,18.0,62.0,12.0,47.0,1.0,3.0,4.0,90.0,143.0,216.0,38.0,1.1472868217054264,0.0,0.0,0.0,0.0,0.0,0.0,0.0,0.0,0.0,0.0,0.0,0.0,0.0,0.0,0.0,0.0,0.0,0.0,0.0,0.0,0.0,0.0,0.0,0.0,0.0,0.0,0.0,0.0,0.0,0.0,0.0,0.0,0.0,0.0,0.0,0.0,0.0,0.0,0.0,0.0,3.0,10.0,6.0,1.0,1.0,0.0,13.0,3.0,7.0,2.0,14.0,15.0,17.0,5.0,0.0,0.0,0.0,0.0,0.0,0.0,0.0,0.0,0.0,0.0,0.0,0.0,0.0,0.0,0.0,0.0,0.0,0.0,0.0,0.0,3.0,13.0,6.0,1.0,1.0,0.0,17.0,3.0,7.0,2.0,20.0,21.0,19.0,6.0
799,1.0,799.0,London_11,3years_LHD,1Lon_11,151,453,1092.0,70.0,2.0,163986.0,5.321741417981684,815.0,64.0,2.0,62.0,124.0,15.0,109.0,129.0,213.0,118.0,10.0,49.0,13.0,48.0,0.0,2.0,5.0,86.0,151.0,211.0,46.0,1.467741935483871,0.0,0.0,0.0,0.0,0.0,0.0,0.0,0.0,0.0,0.0,0.0,0.0,0.0,0.0,0.0,0.0,0.0,0.0,0.0,0.0,0.0,0.0,0.0,0.0,0.0,0.0,0.0,0.0,0.0,0.0,0.0,0.0,0.0,0.0,0.0,0.0,0.0,0.0,0.0,0.0,1.0,6.0,3.0,2.0,0.0,0.0,14.0,3.0,5.0,6.0,9.0,14.0,11.0,3.0,0.0,0.0,0.0,0.0,0.0,0.0,0.0,0.0,0.0,0.0,0.0,0.0,0.0,0.0,0.0,0.0,0.0,0.0,0.0,0.0,1.0,7.0,4.0,2.0,0.0,0.0,15.0,4.0,6.0,8.0,12.0,19.0,12.0,4.0
800,1.0,800.0,London_11,3years_LHD,1Lon_11,151,453,1092.0,70.0,2.0,172140.0,6.60625815205276,833.0,152.0,0.0,152.0,259.0,0.0,259.0,124.0,220.0,106.0,11.0,51.0,15.0,42.0,2.0,6.0,3.0,93.0,140.0,217.0,37.0,2.193050193050193,0.0,0.0,0.0,0.0,0.0,0.0,0.0,0.0,0.0,0.0,0.0,0.0,0.0,0.0,0.0,0.0,0.0,0.0,0.0,0.0,0.0,0.0,0.0,0.0,0.0,0.0,0.0,0.0,0.0,0.0,0.0,0.0,0.0,0.0,0.0,0.0,0.0,0.0,0.0,0.0,4.0,11.0,0.0,5.0,0.0,1.0,17.0,5.0,9.0,8.0,30.0,36.0,24.0,11.0,0.0,0.0,0.0,0.0,0.0,0.0,0.0,0.0,0.0,0.0,0.0,0.0,0.0,0.0,0.0,0.0,0.0,0.0,0.0,0.0,5.0,14.0,0.0,8.0,0.0,1.0,23.0,5.0,10.0,11.0,44.0,56.0,29.0,14.0
801,1.0,801.0,London_11,3years_LHD,1Lon_11,151,453,1092.0,70.0,2.0,130464.0,5.156459840014577,741.0,145.0,1.0,144.0,257.0,9.0,248.0,259.0,218.0,93.0,13.0,79.0,13.0,28.0,1.0,8.0,9.0,86.0,134.0,224.0,36.0,1.6575875486381324,0.0,0.0,0.0,0.0,0.0,0.0,0.0,0.0,0.0,0.0,0.0,0.0,0.0,0.0,0.0,0.0,0.0,0.0,0.0,0.0,0.0,0.0,0.0,0.0,0.0,0.0,0.0,0.0,0.0,0.0,0.0,0.0,0.0,0.0,0.0,1.0,0.0,0.0,0.0,0.0,6.0,12.0,0.0,0.0,1.0,2.0,19.0,7.0,24.0,8.0,31.0,33.0,24.0,15.0,0.0,0.0,0.0,0.0,0.0,0.0,0.0,0.0,0.0,0.0,0.0,0.0,0.0,0.0,0.0,2.0,0.0,0.0,0.0,0.0,8.0,15.0,0.0,0.0,1.0,4.0,26.0,8.0,33.0,8.0,48.0,45.0,28.0,25.0
802,1.0,802.0,London_11,3years_LHD,1Lon_11,151,453,1092.0,70.0,2.0,85617.0,2.58311462495476,642.0,18.0,0.0,18.0,36.0,0.0,36.0,257.0,199.0,100.0,14.0,70.0,16.0,42.0,3.0,9.0,5.0,84.0,152.0,212.0,29.0,0.6666666666666666,0.0,0.0,0.0,0.0,0.0,0.0,0.0,0.0,0.0,0.0,0.0,0.0,0.0,0.0,0.0,0.0,0.0,0.0,0.0,0.0,0.0,0.0,0.0,0.0,0.0,0.0,0.0,0.0,0.0,0.0,0.0,0.0,0.0,0.0,0.0,0.0,0.0,0.0,0.0,0.0,1.0,3.0,0.0,1.0,0.0,0.0,9.0,2.0,2.0,1.0,3.0,4.0,2.0,2.0,0.0,0.0,0.0,0.0,0.0,0.0,0.0,0.0,0.0,0.0,0.0,0.0,0.0,0.0,0.0,0.0,0.0,0.0,0.0,0.0,1.0,4.0,0.0,3.0,0.0,0.0,12.0,3.0,4.0,1.0,7.0,8.0,5.0,5.0
803,1.0,803.0,London_11,3years_LHD,1Lon_11,151,453,1092.0,70.0,2.0,118233.0,3.196709138341248,714.0,123.0,2.0,121.0,224.0,17.0,207.0,36.0,199.0,105.0,13.0,61.0,17.0,45.0,3.0,10.0,6.0,87.0,150.0,210.0,40.0,1.914027149321267,0.0,0.0,0.0,0.0,0.0,0.0,0.0,0.0,0.0,1.0,0.0,1.0,0.0,0.0,0.0,0.0,0.0,0.0,1.0,0.0,0.0,0.0,0.0,0.0,0.0,0.0,0.0,0.0,0.0,0.0,0.0,0.0,0.0,0.0,0.0,1.0,0.0,0.0,0.0,0.0,2.0,5.0,1.0,1.0,2.0,0.0,19.0,7.0,23.0,9.0,26.0,22.0,20.0,13.0,0.0,0.0,0.0,0.0,0.0,0.0,0.0,0.0,0.0,0.0,0.0,0.0,0.0,0.0,0.0,4.0,0.0,0.0,0.0,0.0,3.0,8.0,1.0,1.0,2.0,0.0,25.0,8.0,30.0,9.0,45.0,36.0,27.0,22.0
804,1.0,804.0,London_11,3years_LHD,1Lon_11,151,453,1092.0,70.0,2.0,96036.0,4.917140366509557,665.0,8.0,2.0,6.0,28.0,17.0,11.0,221.0,192.0,114.0,16.0,61.0,18.0,45.0,1.0,6.0,10.0,91.0,140.0,212.0,31.0,0.6785714285714286,0.0,0.0,0.0,0.0,0.0,0.0,0.0,0.0,0.0,0.0,0.0,0.0,0.0,0.0,0.0,0.0,0.0,0.0,0.0,0.0,0.0,0.0,0.0,0.0,0.0,0.0,0.0,0.0,0.0,0.0,0.0,0.0,1.0,0.0,0.0,2.0,0.0,0.0,0.0,0.0,0.0,0.0,0.0,0.0,0.0,0.0,0.0,1.0,0.0,1.0,2.0,1.0,2.0,0.0,0.0,0.0,0.0,0.0,0.0,0.0,0.0,0.0,0.0,0.0,0.0,0.0,8.0,0.0,0.0,3.0,0.0,0.0,0.0,0.0,0.0,0.0,0.0,0.0,0.0,0.0,0.0,3.0,0.0,1.0,4.0,1.0,2.0,0.0
805,1.0,805.0,London_11,3years_LHD,1Lon_11,151,453,1092.0,70.0,2.0,125481.0,5.605430420488119,730.0,16.0,0.0,16.0,30.0,0.0,30.0,28.0,199.0,118.0,16.0,57.0,17.0,39.0,1.0,6.0,6.0,94.0,138.0,215.0,26.0,2.2333333333333334,0.0,0.0,0.0,0.0,0.0,0.0,0.0,0.0,0.0,0.0,0.0,0.0,0.0,0.0,0.0,0.0,0.0,0.0,0.0,0.0,0.0,0.0,0.0,0.0,0.0,0.0,0.0,0.0,0.0,0.0,0.0,0.0,0.0,0.0,0.0,0.0,0.0,0.0,0.0,0.0,0.0,0.0,0.0,1.0,1.0,0.0,6.0,1.0,3.0,4.0,6.0,3.0,5.0,0.0,0.0,0.0,0.0,0.0,0.0,0.0,0.0,0.0,0.0,0.0,0.0,0.0,0.0,0.0,0.0,0.0,0.0,0.0,0.0,0.0,0.0,0.0,0.0,2.0,1.0,0.0,8.0,1.0,6.0,8.0,10.0,6.0,6.0,0.0
806,1.0,806.0,London_11,3years_LHD,1Lon_11,151,453,1092.0,70.0,2.0,156285.0,6.232452912256122,798.0,69.0,0.0,69.0,110.0,0.0,110.0,30.0,203.0,122.0,14.0,57.0,15.0,38.0,0.0,4.0,7.0,94.0,145.0,207.0,28.0,2.9,0.0,0.0,0.0,0.0,0.0,0.0,0.0,0.0,0.0,0.0,0.0,0.0,0.0,0.0,0.0,0.0,0.0,0.0,0.0,0.0,0.0,0.0,0.0,0.0,0.0,0.0,0.0,0.0,0.0,0.0,0.0,0.0,0.0,0.0,0.0,0.0,0.0,0.0,0.0,0.0,2.0,2.0,2.0,2.0,1.0,0.0,7.0,5.0,6.0,10.0,12.0,19.0,11.0,8.0,0.0,0.0,0.0,0.0,0.0,0.0,0.0,0.0,0.0,0.0,0.0,0.0,0.0,0.0,0.0,0.0,0.0,0.0,0.0,0.0,2.0,3.0,2.0,3.0,1.0,0.0,9.0,7.0,8.0,14.0,16.0,27.0,12.0,12.0
807,1.0,807.0,London_11,3years_LHD,1Lon_11,151,453,1092.0,70.0,2.0,163986.0,4.544140933081508,815.0,53.0,2.0,51.0,110.0,19.0,91.0,110.0,212.0,122.0,10.0,56.0,15.0,35.0,0.0,3.0,8.0,76.0,160.0,209.0,35.0,3.4,0.0,0.0,0.0,0.0,0.0,0.0,0.0,0.0,0.0,0.0,0.0,0.0,0.0,0.0,0.0,0.0,0.0,0.0,0.0,0.0,0.0,0.0,0.0,0.0,0.0,0.0,0.0,0.0,0.0,0.0,0.0,0.0,0.0,0.0,1.0,0.0,0.0,0.0,0.0,0.0,0.0,4.0,1.0,0.0,0.0,0.0,4.0,4.0,5.0,4.0,5.0,11.0,11.0,5.0,0.0,0.0,0.0,0.0,0.0,0.0,0.0,0.0,0.0,0.0,0.0,0.0,0.0,0.0,10.0,0.0,0.0,0.0,0.0,0.0,0.0,6.0,1.0,0.0,0.0,0.0,6.0,7.0,9.0,5.0,6.0,18.0,14.0,7.0
808,1.0,808.0,London_11,3years_LHD,1Lon_11,151,453,1092.0,70.0,2.0,185730.0,5.202446333132684,863.0,71.0,2.0,69.0,138.0,18.0,120.0,110.0,209.0,128.0,9.0,62.0,15.0,26.0,0.0,4.0,8.0,89.0,150.0,206.0,45.0,2.7709923664122136,0.0,0.0,0.0,0.0,0.0,0.0,0.0,0.0,0.0,1.0,0.0,0.0,1.0,0.0,0.0,0.0,0.0,0.0,1.0,0.0,0.0,0.0,0.0,0.0,0.0,0.0,0.0,0.0,0.0,0.0,0.0,0.0,0.0,0.0,0.0,0.0,0.0,0.0,0.0,0.0,3.0,1.0,0.0,3.0,1.0,0.0,10.0,7.0,6.0,3.0,9.0,18.0,19.0,2.0,0.0,0.0,0.0,0.0,0.0,0.0,0.0,0.0,0.0,0.0,0.0,0.0,0.0,0.0,0.0,0.0,0.0,0.0,0.0,0.0,4.0,2.0,0.0,5.0,1.0,0.0,13.0,8.0,8.0,5.0,14.0,29.0,25.0,2.0
809,1.0,809.0,London_11,3years_LHD,1Lon_11,151,453,1092.0,70.0,2.0,204303.0,3.2889387058094144,904.0,174.0,0.0,174.0,301.0,0.0,301.0,131.0,223.0,130.0,13.0,53.0,15.0,18.0,0.0,1.0,4.0,81.0,147.0,221.0,43.0,3.1461794019933556,0.0,0.0,0.0,0.0,0.0,0.0,0.0,0.0,0.0,0.0,0.0,0.0,0.0,0.0,0.0,0.0,0.0,0.0,0.0,0.0,0.0,0.0,0.0,0.0,0.0,0.0,0.0,0.0,0.0,0.0,0.0,0.0,0.0,0.0,0.0,0.0,0.0,0.0,0.0,0.0,0.0,1.0,0.0,0.0,0.0,0.0,7.0,0.0,6.0,15.0,33.0,42.0,18.0,8.0,0.0,0.0,0.0,0.0,0.0,0.0,0.0,0.0,0.0,0.0,0.0,0.0,0.0,0.0,0.0,0.0,0.0,0.0,0.0,0.0,0.0,1.0,0.0,0.0,0.0,0.0,9.0,0.0,8.0,20.0,54.0,59.0,24.0,12.0
810,1.0,810.0,London_11,3years_LHD,1Lon_11,151,453,1092.0,70.0,2.0,168969.0,6.321668049320579,826.0,67.0,1.0,66.0,125.0,9.0,116.0,301.0,183.0,114.0,20.0,100.0,9.0,23.0,0.0,4.0,3.0,75.0,152.0,223.0,43.0,0.52,0.0,0.0,0.0,0.0,0.0,0.0,0.0,0.0,0.0,0.0,0.0,0.0,0.0,0.0,0.0,0.0,0.0,0.0,0.0,0.0,0.0,0.0,0.0,0.0,0.0,0.0,0.0,0.0,0.0,0.0,0.0,0.0,0.0,0.0,0.0,0.0,0.0,0.0,0.0,0.0,3.0,4.0,1.0,3.0,2.0,0.0,11.0,4.0,7.0,11.0,16.0,14.0,13.0,5.0,0.0,0.0,0.0,0.0,0.0,0.0,0.0,0.0,0.0,0.0,0.0,0.0,0.0,0.0,0.0,0.0,0.0,0.0,0.0,0.0,3.0,5.0,1.0,4.0,2.0,0.0,14.0,4.0,9.0,17.0,22.0,22.0,17.0,6.0
811,1.0,811.0,London_11,3years_LHD,1Lon_11,151,453,1092.0,70.0,2.0,184824.0,7.267234371043742,861.0,133.0,2.0,131.0,248.0,17.0,231.0,125.0,192.0,135.0,25.0,74.0,3.0,22.0,2.0,0.0,5.0,82.0,160.0,206.0,54.0,1.7862903225806452,0.0,0.0,0.0,0.0,0.0,0.0,0.0,0.0,0.0,0.0,0.0,0.0,0.0,0.0,0.0,0.0,0.0,0.0,0.0,0.0,0.0,0.0,0.0,0.0,0.0,0.0,0.0,0.0,0.0,0.0,0.0,0.0,1.0,0.0,0.0,1.0,0.0,0.0,0.0,0.0,3.0,2.0,2.0,4.0,0.0,1.0,11.0,9.0,6.0,10.0,26.0,24.0,13.0,9.0,0.0,0.0,0.0,0.0,0.0,0.0,0.0,0.0,0.0,0.0,0.0,0.0,6.0,0.0,0.0,3.0,0.0,0.0,0.0,0.0,4.0,4.0,2.0,5.0,0.0,2.0,14.0,13.0,6.0,11.0,38.0,33.0,20.0,14.0
812,1.0,812.0,London_11,3years_LHD,1Lon_11,151,453,1092.0,70.0,2.0,160815.0,6.432793322950602,808.0,79.0,0.0,79.0,130.0,0.0,130.0,248.0,190.0,146.0,11.0,80.0,5.0,17.0,1.0,3.0,9.0,74.0,157.0,213.0,46.0,1.1923076923076923,0.0,0.0,0.0,0.0,0.0,0.0,0.0,0.0,0.0,0.0,0.0,0.0,0.0,0.0,0.0,0.0,0.0,0.0,0.0,0.0,0.0,0.0,0.0,0.0,0.0,0.0,0.0,0.0,0.0,0.0,0.0,0.0,0.0,0.0,0.0,0.0,0.0,0.0,0.0,0.0,2.0,6.0,3.0,0.0,4.0,0.0,12.0,3.0,5.0,11.0,21.0,20.0,11.0,10.0,0.0,0.0,0.0,0.0,0.0,0.0,0.0,0.0,0.0,0.0,0.0,0.0,0.0,0.0,0.0,0.0,0.0,0.0,0.0,0.0,2.0,9.0,3.0,0.0,4.0,0.0,16.0,3.0,8.0,15.0,33.0,26.0,16.0,12.0
813,1.0,813.0,London_11,3years_LHD,1Lon_11,151,453,1092.0,70.0,2.0,164439.0,7.037616174668074,816.0,69.0,2.0,67.0,126.0,17.0,109.0,130.0,199.0,162.0,7.0,59.0,6.0,19.0,0.0,1.0,11.0,78.0,169.0,195.0,49.0,1.880952380952381,0.0,0.0,0.0,0.0,0.0,0.0,0.0,0.0,0.0,0.0,0.0,0.0,0.0,0.0,0.0,0.0,0.0,0.0,0.0,0.0,0.0,0.0,0.0,0.0,0.0,0.0,0.0,0.0,0.0,2.0,0.0,0.0,1.0,0.0,1.0,1.0,0.0,0.0,0.0,0.0,1.0,2.0,0.0,1.0,7.0,0.0,3.0,3.0,3.0,9.0,19.0,15.0,14.0,7.0,0.0,0.0,0.0,0.0,0.0,0.0,0.0,0.0,0.0,7.0,0.0,0.0,7.0,0.0,7.0,6.0,0.0,0.0,0.0,0.0,1.0,2.0,0.0,2.0,7.0,0.0,4.0,6.0,5.0,11.0,27.0,21.0,19.0,10.0
814,1.0,814.0,London_11,3years_LHD,1Lon_11,151,453,1092.0,70.0,2.0,169422.0,7.780041232705116,827.0,147.0,0.0,147.0,259.0,0.0,259.0,126.0,206.0,162.0,8.0,57.0,8.0,11.0,0.0,1.0,6.0,69.0,173.0,205.0,43.0,1.6833976833976834,0.0,0.0,0.0,0.0,0.0,0.0,0.0,0.0,0.0,0.0,0.0,0.0,0.0,0.0,0.0,0.0,0.0,0.0,0.0,0.0,0.0,0.0,0.0,0.0,0.0,0.0,0.0,0.0,0.0,0.0,0.0,0.0,0.0,0.0,0.0,0.0,0.0,0.0,0.0,0.0,1.0,0.0,0.0,0.0,7.0,0.0,9.0,6.0,3.0,21.0,22.0,44.0,16.0,12.0,0.0,0.0,0.0,0.0,0.0,0.0,0.0,0.0,0.0,0.0,0.0,0.0,0.0,0.0,0.0,0.0,0.0,0.0,0.0,0.0,1.0,0.0,0.0,0.0,7.0,0.0,12.0,7.0,6.0,27.0,38.0,71.0,21.0,17.0
815,1.0,815.0,London_11,3years_LHD,1Lon_11,151,453,1092.0,70.0,2.0,133635.0,7.418438800610602,748.0,151.0,1.0,150.0,257.0,10.0,247.0,259.0,218.0,103.0,14.0,80.0,9.0,18.0,3.0,8.0,7.0,67.0,162.0,217.0,37.0,1.1634241245136188,0.0,0.0,0.0,0.0,0.0,0.0,0.0,0.0,0.0,0.0,0.0,0.0,0.0,0.0,0.0,0.0,0.0,0.0,0.0,0.0,0.0,0.0,0.0,0.0,0.0,0.0,0.0,0.0,0.0,0.0,0.0,0.0,0.0,0.0,0.0,0.0,1.0,0.0,0.0,0.0,0.0,2.0,0.0,8.0,8.0,1.0,6.0,15.0,1.0,12.0,21.0,37.0,21.0,10.0,0.0,0.0,0.0,0.0,0.0,0.0,0.0,0.0,0.0,0.0,0.0,0.0,0.0,0.0,0.0,0.0,7.0,0.0,0.0,0.0,0.0,3.0,0.0,15.0,8.0,2.0,8.0,21.0,1.0,15.0,28.0,59.0,26.0,13.0
816,1.0,816.0,London_11,3years_LHD,1Lon_11,151,453,1092.0,70.0,2.0,92865.0,1.9459948316216469,658.0,20.0,0.0,20.0,38.0,0.0,38.0,257.0,223.0,100.0,11.0,76.0,9.0,30.0,1.0,3.0,5.0,81.0,172.0,195.0,26.0,0.7105263157894737,0.0,0.0,0.0,0.0,0.0,0.0,0.0,0.0,0.0,0.0,0.0,0.0,0.0,0.0,0.0,0.0,0.0,0.0,0.0,0.0,0.0,0.0,0.0,0.0,0.0,0.0,0.0,0.0,0.0,0.0,0.0,0.0,0.0,0.0,0.0,0.0,0.0,0.0,0.0,0.0,1.0,3.0,0.0,0.0,1.0,0.0,4.0,2.0,1.0,3.0,2.0,5.0,5.0,1.0,0.0,0.0,0.0,0.0,0.0,0.0,0.0,0.0,0.0,0.0,0.0,0.0,0.0,0.0,0.0,0.0,0.0,0.0,0.0,0.0,1.0,6.0,0.0,0.0,1.0,0.0,6.0,3.0,1.0,5.0,4.0,8.0,8.0,1.0
817,1.0,817.0,London_11,3years_LHD,1Lon_11,151,453,1092.0,70.0,2.0,115062.0,6.69403618760407,707.0,120.0,2.0,118.0,227.0,20.0,207.0,38.0,224.0,99.0,14.0,75.0,9.0,30.0,1.0,1.0,5.0,82.0,175.0,191.0,29.0,2.092511013215859,0.0,0.0,0.0,0.0,0.0,0.0,0.0,0.0,0.0,0.0,0.0,0.0,0.0,0.0,0.0,0.0,0.0,0.0,0.0,0.0,0.0,0.0,0.0,0.0,0.0,0.0,0.0,0.0,0.0,0.0,0.0,0.0,1.0,0.0,0.0,0.0,1.0,0.0,0.0,0.0,2.0,11.0,1.0,1.0,1.0,1.0,14.0,11.0,5.0,19.0,20.0,33.0,14.0,10.0,0.0,0.0,0.0,0.0,0.0,0.0,0.0,0.0,0.0,0.0,0.0,0.0,8.0,0.0,0.0,0.0,9.0,0.0,0.0,0.0,2.0,14.0,1.0,1.0,1.0,2.0,18.0,16.0,7.0,24.0,27.0,55.0,18.0,13.0
818,1.0,818.0,London_11,3years_LHD,1Lon_11,151,453,1092.0,70.0,2.0,82899.0,3.344054102897644,636.0,10.0,2.0,8.0,26.0,16.0,10.0,227.0,210.0,112.0,12.0,80.0,10.0,24.0,0.0,5.0,9.0,86.0,160.0,198.0,47.0,1.1153846153846154,0.0,0.0,0.0,0.0,0.0,0.0,0.0,0.0,0.0,0.0,0.0,0.0,0.0,0.0,0.0,0.0,0.0,0.0,0.0,0.0,0.0,0.0,0.0,0.0,0.0,0.0,0.0,0.0,0.0,0.0,0.0,0.0,1.0,0.0,0.0,2.0,0.0,0.0,0.0,0.0,0.0,1.0,0.0,0.0,0.0,0.0,2.0,0.0,1.0,0.0,2.0,1.0,3.0,0.0,0.0,0.0,0.0,0.0,0.0,0.0,0.0,0.0,0.0,0.0,0.0,0.0,6.0,0.0,0.0,11.0,0.0,0.0,0.0,0.0,0.0,1.0,0.0,0.0,0.0,0.0,2.0,0.0,1.0,0.0,2.0,2.0,3.0,0.0
819,1.0,819.0,London_11,3years_LHD,1Lon_11,151,453,1092.0,70.0,2.0,116874.0,5.709051550365984,711.0,19.0,0.0,19.0,34.0,0.0,34.0,26.0,216.0,113.0,13.0,76.0,7.0,24.0,0.0,4.0,7.0,86.0,159.0,201.0,38.0,2.1176470588235294,0.0,0.0,0.0,0.0,0.0,0.0,0.0,0.0,0.0,0.0,0.0,0.0,0.0,0.0,0.0,0.0,0.0,0.0,0.0,0.0,0.0,0.0,0.0,0.0,0.0,0.0,0.0,0.0,0.0,0.0,0.0,0.0,0.0,0.0,0.0,0.0,0.0,0.0,0.0,0.0,0.0,3.0,0.0,1.0,0.0,0.0,3.0,0.0,6.0,0.0,4.0,2.0,3.0,1.0,0.0,0.0,0.0,0.0,0.0,0.0,0.0,0.0,0.0,0.0,0.0,0.0,0.0,0.0,0.0,0.0,0.0,0.0,0.0,0.0,0.0,3.0,0.0,1.0,0.0,0.0,4.0,0.0,7.0,0.0,7.0,3.0,4.0,4.0
820,1.0,820.0,London_11,3years_LHD,1Lon_11,151,453,1092.0,70.0,2.0,158550.0,6.545259155333042,803.0,68.0,0.0,68.0,111.0,0.0,111.0,34.0,222.0,112.0,7.0,74.0,10.0,24.0,1.0,3.0,8.0,74.0,166.0,205.0,33.0,3.063063063063063,0.0,0.0,0.0,0.0,0.0,0.0,0.0,0.0,0.0,0.0,0.0,0.0,0.0,0.0,0.0,0.0,0.0,0.0,0.0,0.0,0.0,0.0,0.0,0.0,0.0,0.0,0.0,0.0,0.0,0.0,0.0,0.0,0.0,0.0,0.0,0.0,0.0,0.0,0.0,0.0,1.0,2.0,3.0,0.0,7.0,0.0,11.0,5.0,11.0,3.0,11.0,18.0,7.0,11.0,0.0,0.0,0.0,0.0,0.0,0.0,0.0,0.0,0.0,0.0,0.0,0.0,0.0,0.0,0.0,0.0,0.0,0.0,0.0,0.0,1.0,3.0,3.0,0.0,8.0,0.0,13.0,8.0,16.0,3.0,16.0,28.0,7.0,17.0
821,1.0,821.0,London_11,3years_LHD,1Lon_11,151,453,1092.0,70.0,2.0,168969.0,5.167889141477644,826.0,56.0,2.0,54.0,107.0,17.0,90.0,111.0,222.0,110.0,6.0,72.0,11.0,29.0,0.0,3.0,10.0,79.0,166.0,198.0,50.0,3.710280373831776,0.0,0.0,0.0,0.0,0.0,0.0,0.0,0.0,0.0,0.0,0.0,0.0,0.0,0.0,0.0,0.0,0.0,0.0,0.0,0.0,0.0,0.0,0.0,0.0,0.0,0.0,0.0,0.0,0.0,0.0,0.0,0.0,0.0,0.0,0.0,1.0,0.0,0.0,0.0,0.0,2.0,5.0,0.0,1.0,0.0,0.0,4.0,6.0,6.0,7.0,13.0,10.0,17.0,7.0,0.0,0.0,0.0,0.0,0.0,0.0,0.0,0.0,0.0,0.0,0.0,0.0,0.0,0.0,0.0,1.0,0.0,0.0,0.0,0.0,2.0,6.0,0.0,2.0,0.0,0.0,5.0,9.0,8.0,8.0,15.0,15.0,19.0,11.0
822,1.0,822.0,London_11,3years_LHD,1Lon_11,151,453,1092.0,70.0,2.0,197508.0,3.4076788695529103,889.0,75.0,2.0,73.0,136.0,18.0,118.0,107.0,215.0,102.0,15.0,75.0,16.0,25.0,3.0,2.0,10.0,80.0,148.0,215.0,40.0,1.9044117647058822,0.0,0.0,0.0,0.0,0.0,0.0,0.0,0.0,0.0,0.0,0.0,0.0,0.0,0.0,0.0,0.0,0.0,0.0,0.0,0.0,0.0,0.0,0.0,0.0,0.0,0.0,0.0,0.0,0.0,1.0,0.0,0.0,2.0,0.0,0.0,1.0,0.0,0.0,0.0,0.0,2.0,0.0,7.0,0.0,7.0,0.0,9.0,2.0,6.0,9.0,16.0,13.0,8.0,4.0,0.0,0.0,0.0,0.0,0.0,0.0,0.0,0.0,0.0,4.0,0.0,0.0,10.0,0.0,0.0,4.0,0.0,0.0,0.0,0.0,3.0,0.0,8.0,0.0,7.0,0.0,12.0,2.0,8.0,11.0,18.0,19.0,9.0,7.0
823,1.0,823.0,London_11,3years_LHD,1Lon_11,151,453,1092.0,70.0,2.0,208380.0,5.458793141879141,913.0,172.0,0.0,172.0,300.0,0.0,300.0,136.0,229.0,101.0,13.0,55.0,12.0,35.0,3.0,5.0,11.0,83.0,152.0,207.0,33.0,3.743333333333333,0.0,0.0,0.0,0.0,0.0,0.0,0.0,0.0,0.0,0.0,0.0,0.0,0.0,0.0,0.0,0.0,0.0,0.0,0.0,0.0,0.0,0.0,0.0,0.0,0.0,0.0,0.0,0.0,0.0,0.0,0.0,0.0,0.0,0.0,0.0,0.0,0.0,0.0,0.0,0.0,1.0,4.0,0.0,3.0,5.0,0.0,13.0,6.0,4.0,11.0,32.0,27.0,21.0,12.0,0.0,0.0,0.0,0.0,0.0,0.0,0.0,0.0,0.0,0.0,0.0,0.0,0.0,0.0,0.0,0.0,0.0,0.0,0.0,0.0,1.0,4.0,0.0,4.0,5.0,0.0,18.0,6.0,6.0,14.0,45.0,41.0,25.0,17.0
824,1.0,824.0,London_11,3years_LHD,1Lon_11,151,453,1092.0,70.0,2.0,172140.0,5.237850999459624,833.0,60.0,0.0,60.0,117.0,0.0,117.0,300.0,174.0,111.0,24.0,88.0,12.0,40.0,2.0,2.0,4.0,69.0,146.0,234.0,36.0,0.8974358974358975,0.0,0.0,0.0,0.0,0.0,0.0,0.0,0.0,0.0,0.0,0.0,0.0,0.0,0.0,0.0,0.0,0.0,0.0,0.0,0.0,0.0,0.0,0.0,0.0,0.0,0.0,0.0,0.0,0.0,0.0,0.0,0.0,0.0,0.0,0.0,0.0,0.0,0.0,0.0,0.0,3.0,6.0,4.0,0.0,1.0,0.0,5.0,1.0,9.0,10.0,7.0,8.0,18.0,3.0,0.0,0.0,0.0,0.0,0.0,0.0,0.0,0.0,0.0,0.0,0.0,0.0,0.0,0.0,0.0,0.0,0.0,0.0,0.0,0.0,4.0,9.0,4.0,0.0,1.0,0.0,7.0,1.0,13.0,13.0,12.0,13.0,26.0,3.0
825,1.0,825.0,London_11,3years_LHD,1Lon_11,151,453,1092.0,70.0,2.0,185277.0,6.028484155423939,862.0,133.0,2.0,131.0,252.0,22.0,230.0,117.0,182.0,117.0,16.0,75.0,14.0,43.0,2.0,4.0,9.0,72.0,159.0,213.0,53.0,1.4246031746031746,0.0,0.0,0.0,0.0,0.0,0.0,0.0,0.0,0.0,0.0,0.0,0.0,0.0,0.0,0.0,0.0,0.0,0.0,0.0,0.0,0.0,0.0,0.0,0.0,0.0,0.0,0.0,0.0,0.0,0.0,0.0,0.0,0.0,0.0,0.0,1.0,0.0,0.0,0.0,0.0,0.0,3.0,2.0,0.0,0.0,0.0,7.0,4.0,12.0,13.0,29.0,32.0,27.0,10.0,0.0,0.0,0.0,0.0,0.0,0.0,0.0,0.0,0.0,0.0,0.0,0.0,0.0,0.0,0.0,6.0,0.0,0.0,0.0,0.0,0.0,6.0,2.0,0.0,0.0,0.0,8.0,6.0,21.0,16.0,41.0,49.0,34.0,16.0
826,1.0,826.0,London_11,3years_LHD,1Lon_11,151,453,1092.0,70.0,2.0,158097.0,5.399319999851286,802.0,77.0,0.0,77.0,129.0,0.0,129.0,252.0,194.0,110.0,19.0,72.0,14.0,33.0,2.0,9.0,3.0,77.0,152.0,221.0,46.0,1.4651162790697674,0.0,0.0,0.0,0.0,0.0,0.0,0.0,0.0,0.0,0.0,0.0,0.0,0.0,0.0,0.0,0.0,0.0,0.0,0.0,0.0,0.0,0.0,0.0,0.0,0.0,0.0,0.0,0.0,0.0,0.0,0.0,0.0,0.0,0.0,0.0,0.0,0.0,0.0,0.0,0.0,0.0,7.0,6.0,1.0,2.0,0.0,4.0,2.0,9.0,8.0,13.0,16.0,19.0,6.0,0.0,0.0,0.0,0.0,0.0,0.0,0.0,0.0,0.0,0.0,0.0,0.0,0.0,0.0,0.0,0.0,0.0,0.0,0.0,0.0,0.0,10.0,6.0,1.0,2.0,0.0,5.0,3.0,13.0,12.0,21.0,25.0,22.0,9.0
827,1.0,827.0,London_11,3years_LHD,1Lon_11,151,453,1092.0,70.0,2.0,154020.0,6.415171664208174,793.0,62.0,2.0,60.0,127.0,17.0,110.0,129.0,197.0,111.0,18.0,56.0,17.0,43.0,3.0,8.0,7.0,76.0,163.0,207.0,53.0,1.2834645669291338,0.0,0.0,0.0,0.0,0.0,0.0,0.0,0.0,0.0,0.0,0.0,0.0,0.0,0.0,0.0,0.0,0.0,0.0,0.0,0.0,0.0,0.0,0.0,0.0,0.0,0.0,0.0,0.0,0.0,0.0,1.0,0.0,1.0,0.0,0.0,1.0,0.0,0.0,0.0,0.0,0.0,7.0,0.0,2.0,3.0,0.0,9.0,2.0,6.0,4.0,9.0,12.0,14.0,6.0,0.0,0.0,0.0,0.0,0.0,0.0,0.0,0.0,0.0,0.0,7.0,0.0,7.0,0.0,0.0,5.0,0.0,0.0,0.0,0.0,0.0,11.0,0.0,3.0,5.0,0.0,10.0,2.0,8.0,4.0,12.0,18.0,20.0,9.0
828,1.0,828.0,London_11,3years_LHD,1Lon_11,151,453,1092.0,70.0,2.0,167610.0,7.844474331475794,823.0,152.0,0.0,152.0,258.0,0.0,258.0,127.0,203.0,119.0,17.0,40.0,20.0,43.0,5.0,6.0,7.0,76.0,155.0,215.0,42.0,2.127906976744186,0.0,0.0,0.0,0.0,0.0,0.0,0.0,0.0,0.0,0.0,0.0,0.0,0.0,0.0,0.0,0.0,0.0,0.0,0.0,0.0,0.0,0.0,0.0,0.0,0.0,0.0,0.0,0.0,0.0,0.0,0.0,0.0,0.0,0.0,0.0,0.0,0.0,0.0,0.0,0.0,0.0,12.0,5.0,0.0,9.0,1.0,13.0,7.0,5.0,3.0,24.0,42.0,18.0,12.0,0.0,0.0,0.0,0.0,0.0,0.0,0.0,0.0,0.0,0.0,0.0,0.0,0.0,0.0,0.0,0.0,0.0,0.0,0.0,0.0,0.0,18.0,6.0,0.0,10.0,1.0,18.0,9.0,6.0,4.0,39.0,60.0,25.0,15.0
829,1.0,829.0,London_11,3years_LHD,1Lon_11,151,453,1092.0,70.0,2.0,129105.0,5.291255698539317,738.0,131.0,0.0,131.0,247.0,0.0,247.0,258.0,193.0,103.0,23.0,64.0,23.0,46.0,0.0,1.0,13.0,79.0,157.0,204.0,42.0,0.9959514170040485,0.0,0.0,0.0,0.0,0.0,0.0,0.0,0.0,0.0,0.0,0.0,0.0,0.0,0.0,0.0,0.0,0.0,0.0,0.0,0.0,0.0,0.0,0.0,0.0,0.0,0.0,0.0,0.0,0.0,0.0,0.0,0.0,0.0,0.0,0.0,0.0,0.0,0.0,0.0,0.0,2.0,15.0,2.0,1.0,0.0,1.0,10.0,2.0,8.0,14.0,28.0,25.0,14.0,10.0,0.0,0.0,0.0,0.0,0.0,0.0,0.0,0.0,0.0,0.0,0.0,0.0,0.0,0.0,0.0,0.0,0.0,0.0,0.0,0.0,3.0,25.0,3.0,2.0,0.0,2.0,15.0,4.0,11.0,21.0,46.0,37.0,19.0,16.0
830,1.0,830.0,London_11,3years_LHD,1Lon_11,151,453,1092.0,70.0,2.0,93318.0,2.841356978751719,659.0,25.0,0.0,25.0,37.0,0.0,37.0,247.0,193.0,102.0,19.0,73.0,22.0,37.0,4.0,3.0,5.0,74.0,173.0,201.0,29.0,0.16216216216216217,0.0,0.0,0.0,0.0,0.0,0.0,0.0,0.0,0.0,0.0,0.0,0.0,0.0,0.0,0.0,0.0,0.0,0.0,0.0,0.0,0.0,0.0,0.0,0.0,0.0,0.0,0.0,0.0,0.0,0.0,0.0,0.0,0.0,0.0,0.0,0.0,0.0,0.0,0.0,0.0,1.0,1.0,1.0,0.0,0.0,0.0,8.0,3.0,1.0,6.0,5.0,5.0,4.0,0.0,0.0,0.0,0.0,0.0,0.0,0.0,0.0,0.0,0.0,0.0,0.0,0.0,0.0,0.0,0.0,0.0,0.0,0.0,0.0,0.0,1.0,1.0,1.0,0.0,0.0,0.0,12.0,3.0,2.0,7.0,6.0,9.0,4.0,0.0
831,1.0,831.0,London_11,3years_LHD,1Lon_11,151,453,1092.0,70.0,2.0,110532.0,7.463940032757819,697.0,120.0,2.0,118.0,226.0,20.0,206.0,37.0,198.0,103.0,16.0,67.0,24.0,37.0,4.0,4.0,6.0,76.0,181.0,190.0,34.0,1.5221238938053097,0.0,0.0,0.0,0.0,0.0,0.0,0.0,0.0,0.0,0.0,0.0,0.0,0.0,0.0,0.0,0.0,0.0,0.0,0.0,0.0,0.0,0.0,0.0,0.0,0.0,0.0,0.0,0.0,0.0,0.0,0.0,0.0,1.0,0.0,0.0,2.0,0.0,0.0,0.0,0.0,2.0,8.0,3.0,0.0,0.0,0.0,9.0,7.0,6.0,13.0,29.0,33.0,19.0,6.0,0.0,0.0,0.0,0.0,0.0,0.0,0.0,0.0,0.0,0.0,0.0,0.0,8.0,0.0,0.0,14.0,0.0,0.0,0.0,0.0,2.0,10.0,3.0,0.0,0.0,0.0,12.0,10.0,7.0,17.0,42.0,44.0,23.0,10.0
832,1.0,832.0,London_11,3years_LHD,1Lon_11,151,453,1092.0,70.0,2.0,82899.0,3.101217795163393,636.0,8.0,2.0,6.0,30.0,18.0,12.0,226.0,215.0,93.0,25.0,73.0,19.0,24.0,0.0,4.0,8.0,85.0,165.0,195.0,32.0,1.4333333333333333,0.0,0.0,0.0,0.0,0.0,0.0,0.0,0.0,0.0,0.0,0.0,0.0,0.0,0.0,0.0,0.0,0.0,0.0,0.0,0.0,0.0,0.0,0.0,0.0,0.0,0.0,0.0,0.0,0.0,0.0,0.0,0.0,0.0,0.0,0.0,2.0,0.0,0.0,0.0,0.0,0.0,0.0,0.0,0.0,0.0,0.0,0.0,0.0,3.0,0.0,2.0,2.0,2.0,0.0,0.0,0.0,0.0,0.0,0.0,0.0,0.0,0.0,0.0,0.0,0.0,0.0,0.0,0.0,0.0,12.0,0.0,0.0,0.0,0.0,0.0,0.0,0.0,0.0,0.0,0.0,0.0,0.0,5.0,0.0,2.0,2.0,2.0,0.0
833,1.0,833.0,London_11,3years_LHD,1Lon_11,151,453,1092.0,70.0,2.0,123669.0,2.9070033580064774,726.0,18.0,0.0,18.0,32.0,0.0,32.0,30.0,218.0,99.0,23.0,76.0,10.0,22.0,0.0,5.0,6.0,89.0,154.0,204.0,26.0,1.53125,0.0,0.0,0.0,0.0,0.0,0.0,0.0,0.0,0.0,0.0,0.0,0.0,0.0,0.0,0.0,0.0,0.0,0.0,0.0,0.0,0.0,0.0,0.0,0.0,0.0,0.0,0.0,0.0,0.0,0.0,0.0,0.0,0.0,0.0,0.0,0.0,0.0,0.0,0.0,0.0,1.0,5.0,0.0,0.0,1.0,0.0,0.0,0.0,2.0,5.0,3.0,4.0,4.0,1.0,0.0,0.0,0.0,0.0,0.0,0.0,0.0,0.0,0.0,0.0,0.0,0.0,0.0,0.0,0.0,0.0,0.0,0.0,0.0,0.0,2.0,7.0,0.0,0.0,1.0,0.0,0.0,0.0,2.0,6.0,6.0,7.0,8.0,1.0
834,1.0,834.0,London_11,3years_LHD,1Lon_11,151,453,1092.0,70.0,2.0,156738.0,4.276934575289488,799.0,60.0,0.0,60.0,112.0,0.0,112.0,32.0,220.0,97.0,25.0,75.0,11.0,24.0,0.0,1.0,6.0,89.0,150.0,208.0,26.0,3.267857142857143,0.0,0.0,0.0,0.0,0.0,0.0,0.0,0.0,0.0,0.0,0.0,0.0,0.0,0.0,0.0,0.0,0.0,0.0,0.0,0.0,0.0,0.0,0.0,0.0,0.0,0.0,0.0,0.0,0.0,0.0,0.0,0.0,0.0,0.0,0.0,0.0,0.0,0.0,0.0,0.0,0.0,8.0,2.0,0.0,1.0,0.0,8.0,2.0,7.0,5.0,7.0,14.0,21.0,6.0,0.0,0.0,0.0,0.0,0.0,0.0,0.0,0.0,0.0,0.0,0.0,0.0,0.0,0.0,0.0,0.0,0.0,0.0,0.0,0.0,0.0,10.0,2.0,0.0,1.0,0.0,12.0,3.0,11.0,8.0,15.0,19.0,30.0,8.0
835,1.0,835.0,London_11,3years_LHD,1Lon_11,151,453,1092.0,70.0,2.0,172593.0,5.692402541637421,834.0,54.0,2.0,52.0,110.0,19.0,91.0,112.0,211.0,91.0,28.0,82.0,14.0,27.0,0.0,0.0,7.0,79.0,162.0,205.0,36.0,2.9272727272727272,0.0,0.0,0.0,0.0,0.0,0.0,0.0,0.0,0.0,0.0,0.0,0.0,0.0,0.0,0.0,0.0,0.0,0.0,0.0,0.0,0.0,0.0,0.0,0.0,0.0,0.0,0.0,0.0,0.0,0.0,0.0,0.0,0.0,0.0,0.0,1.0,0.0,0.0,0.0,0.0,2.0,0.0,0.0,0.0,0.0,0.0,5.0,8.0,3.0,4.0,8.0,7.0,16.0,6.0,0.0,0.0,0.0,0.0,0.0,0.0,0.0,0.0,0.0,0.0,0.0,0.0,0.0,0.0,0.0,6.0,0.0,0.0,0.0,0.0,2.0,0.0,0.0,0.0,0.0,0.0,7.0,11.0,6.0,5.0,13.0,10.0,23.0,11.0
836,1.0,836.0,London_11,3years_LHD,1Lon_11,151,453,1092.0,70.0,2.0,192072.0,5.660028082318604,877.0,69.0,3.0,66.0,143.0,25.0,118.0,110.0,213.0,89.0,32.0,76.0,12.0,30.0,1.0,0.0,5.0,89.0,159.0,200.0,27.0,2.4475524475524475,0.0,0.0,0.0,0.0,0.0,0.0,0.0,0.0,0.0,0.0,0.0,0.0,0.0,0.0,0.0,0.0,0.0,0.0,0.0,0.0,0.0,0.0,0.0,0.0,0.0,0.0,0.0,0.0,0.0,0.0,0.0,0.0,1.0,0.0,1.0,2.0,0.0,0.0,0.0,0.0,4.0,2.0,1.0,0.0,3.0,0.0,2.0,5.0,8.0,9.0,12.0,12.0,17.0,4.0,0.0,0.0,0.0,0.0,0.0,0.0,0.0,0.0,0.0,0.0,0.0,0.0,4.0,0.0,4.0,12.0,0.0,0.0,0.0,0.0,8.0,2.0,1.0,0.0,3.0,0.0,3.0,8.0,11.0,14.0,18.0,21.0,19.0,7.0
837,1.0,837.0,London_11,3years_LHD,1Lon_11,151,453,1092.0,70.0,2.0,207021.0,4.3114558113738894,910.0,175.0,0.0,175.0,300.0,0.0,300.0,143.0,208.0,82.0,31.0,73.0,15.0,39.0,1.0,4.0,5.0,82.0,163.0,203.0,28.0,2.7666666666666666,0.0,0.0,0.0,0.0,0.0,0.0,0.0,0.0,0.0,0.0,0.0,0.0,0.0,0.0,0.0,0.0,0.0,0.0,0.0,0.0,0.0,0.0,0.0,0.0,0.0,0.0,0.0,0.0,0.0,0.0,0.0,0.0,0.0,0.0,0.0,0.0,0.0,0.0,0.0,0.0,2.0,7.0,1.0,2.0,0.0,0.0,18.0,15.0,4.0,15.0,41.0,35.0,26.0,16.0,0.0,0.0,0.0,0.0,0.0,0.0,0.0,0.0,0.0,0.0,0.0,0.0,0.0,0.0,0.0,0.0,0.0,0.0,0.0,0.0,2.0,11.0,1.0,4.0,0.0,0.0,22.0,21.0,4.0,20.0,60.0,51.0,30.0,24.0
838,1.0,838.0,London_11,3years_LHD,1Lon_11,151,453,1092.0,70.0,2.0,166704.0,5.481349170207977,821.0,66.0,0.0,66.0,116.0,0.0,116.0,300.0,193.0,110.0,27.0,85.0,9.0,21.0,2.0,6.0,8.0,81.0,152.0,212.0,42.0,1.1724137931034482,0.0,0.0,0.0,0.0,0.0,0.0,0.0,0.0,0.0,0.0,0.0,0.0,0.0,0.0,0.0,0.0,0.0,0.0,0.0,0.0,0.0,0.0,0.0,0.0,0.0,0.0,0.0,0.0,0.0,0.0,0.0,0.0,0.0,0.0,0.0,0.0,0.0,0.0,0.0,0.0,2.0,5.0,0.0,1.0,4.0,0.0,9.0,8.0,9.0,8.0,13.0,8.0,17.0,7.0,0.0,0.0,0.0,0.0,0.0,0.0,0.0,0.0,0.0,0.0,0.0,0.0,0.0,0.0,0.0,0.0,0.0,0.0,0.0,0.0,2.0,10.0,0.0,1.0,4.0,0.0,12.0,10.0,14.0,10.0,17.0,11.0,26.0,11.0
839,1.0,839.0,London_11,3years_LHD,1Lon_11,151,453,1092.0,70.0,2.0,180294.0,7.08023797813803,851.0,137.0,2.0,135.0,247.0,17.0,230.0,116.0,195.0,127.0,30.0,74.0,8.0,18.0,0.0,1.0,7.0,77.0,172.0,197.0,52.0,1.7732793522267207,0.0,0.0,0.0,0.0,0.0,0.0,0.0,0.0,0.0,0.0,0.0,0.0,0.0,0.0,0.0,0.0,0.0,0.0,0.0,0.0,0.0,0.0,0.0,0.0,0.0,0.0,0.0,0.0,0.0,0.0,0.0,0.0,1.0,0.0,0.0,1.0,0.0,0.0,0.0,0.0,3.0,10.0,0.0,1.0,4.0,0.0,8.0,7.0,4.0,9.0,20.0,30.0,18.0,9.0,0.0,0.0,0.0,0.0,0.0,0.0,0.0,0.0,0.0,0.0,0.0,0.0,5.0,0.0,0.0,3.0,0.0,0.0,0.0,0.0,3.0,13.0,0.0,2.0,4.0,0.0,8.0,11.0,4.0,11.0,31.0,43.0,27.0,12.0
840,1.0,840.0,London_11,3years_LHD,1Lon_11,151,453,1092.0,70.0,2.0,157644.0,2.232280128635466,801.0,64.0,0.0,64.0,120.0,0.0,120.0,247.0,203.0,118.0,36.0,68.0,7.0,15.0,0.0,6.0,6.0,80.0,151.0,216.0,41.0,0.3,0.0,0.0,0.0,0.0,0.0,0.0,0.0,0.0,0.0,0.0,0.0,0.0,0.0,0.0,0.0,0.0,0.0,0.0,0.0,0.0,0.0,0.0,0.0,0.0,0.0,0.0,0.0,0.0,0.0,0.0,0.0,0.0,0.0,0.0,0.0,0.0,0.0,0.0,0.0,0.0,3.0,6.0,1.0,1.0,0.0,0.0,8.0,11.0,1.0,12.0,12.0,15.0,14.0,6.0,0.0,0.0,0.0,0.0,0.0,0.0,0.0,0.0,0.0,0.0,0.0,0.0,0.0,0.0,0.0,0.0,0.0,0.0,0.0,0.0,3.0,15.0,1.0,3.0,0.0,0.0,8.0,19.0,1.0,19.0,18.0,21.0,19.0,9.0
841,1.0,841.0,London_11,3years_LHD,1Lon_11,151,453,1092.0,70.0,2.0,155379.0,6.481163894757628,796.0,125.0,2.0,123.0,228.0,15.0,213.0,120.0,216.0,112.0,39.0,66.0,6.0,10.0,1.0,3.0,7.0,72.0,172.0,202.0,40.0,1.669603524229075,0.0,0.0,0.0,0.0,0.0,0.0,0.0,0.0,0.0,1.0,0.0,0.0,0.0,0.0,0.0,1.0,0.0,0.0,1.0,0.0,0.0,0.0,0.0,0.0,0.0,0.0,0.0,0.0,0.0,0.0,0.0,0.0,0.0,0.0,0.0,0.0,0.0,0.0,0.0,0.0,3.0,6.0,3.0,2.0,4.0,0.0,13.0,11.0,12.0,7.0,24.0,19.0,23.0,7.0,0.0,0.0,0.0,0.0,0.0,0.0,0.0,0.0,0.0,0.0,0.0,0.0,0.0,0.0,0.0,0.0,0.0,0.0,0.0,0.0,4.0,10.0,4.0,2.0,5.0,0.0,15.0,12.0,15.0,12.0,37.0,30.0,28.0,8.0
842,1.0,842.0,London_11,3years_LHD,1Lon_11,151,453,1092.0,70.0,2.0,136806.0,2.363852834329009,755.0,49.0,0.0,49.0,80.0,0.0,80.0,227.0,219.0,132.0,12.0,62.0,7.0,17.0,1.0,3.0,3.0,75.0,179.0,196.0,32.0,0.7,0.0,0.0,0.0,0.0,0.0,0.0,0.0,0.0,0.0,0.0,0.0,0.0,0.0,0.0,0.0,0.0,0.0,0.0,0.0,0.0,0.0,0.0,0.0,0.0,0.0,0.0,0.0,0.0,0.0,0.0,0.0,0.0,0.0,0.0,0.0,0.0,0.0,0.0,0.0,0.0,2.0,2.0,3.0,3.0,1.0,0.0,5.0,4.0,4.0,3.0,12.0,9.0,14.0,5.0,0.0,0.0,0.0,0.0,0.0,0.0,0.0,0.0,0.0,0.0,0.0,0.0,0.0,0.0,0.0,0.0,0.0,0.0,0.0,0.0,3.0,3.0,4.0,5.0,1.0,0.0,7.0,5.0,4.0,3.0,15.0,15.0,19.0,7.0
843,1.0,843.0,London_11,3years_LHD,1Lon_11,151,453,1092.0,70.0,2.0,146772.0,6.10890272539109,777.0,67.0,1.0,66.0,125.0,9.0,116.0,80.0,226.0,125.0,14.0,58.0,7.0,20.0,1.0,2.0,4.0,79.0,176.0,194.0,39.0,1.944,0.0,0.0,0.0,0.0,0.0,0.0,0.0,0.0,0.0,0.0,0.0,0.0,0.0,0.0,0.0,0.0,0.0,0.0,0.0,0.0,0.0,0.0,0.0,0.0,0.0,0.0,0.0,0.0,0.0,0.0,0.0,0.0,0.0,0.0,0.0,1.0,0.0,0.0,0.0,0.0,4.0,4.0,0.0,3.0,0.0,0.0,10.0,3.0,7.0,11.0,12.0,15.0,12.0,9.0,0.0,0.0,0.0,0.0,0.0,0.0,0.0,0.0,0.0,0.0,0.0,0.0,0.0,0.0,0.0,4.0,0.0,0.0,0.0,0.0,4.0,4.0,0.0,3.0,0.0,0.0,14.0,4.0,7.0,16.0,18.0,24.0,12.0,14.0
844,1.0,844.0,London_11,3years_LHD,1Lon_11,151,453,1092.0,70.0,2.0,150849.0,6.513049135915935,786.0,134.0,0.0,134.0,222.0,0.0,222.0,125.0,231.0,114.0,11.0,52.0,10.0,28.0,0.0,7.0,7.0,77.0,169.0,200.0,42.0,2.1621621621621623,0.0,0.0,0.0,0.0,0.0,0.0,0.0,0.0,0.0,0.0,0.0,0.0,0.0,0.0,0.0,0.0,0.0,0.0,0.0,0.0,0.0,0.0,0.0,0.0,0.0,0.0,0.0,0.0,0.0,0.0,0.0,0.0,0.0,0.0,0.0,0.0,0.0,0.0,0.0,0.0,1.0,1.0,1.0,2.0,7.0,0.0,6.0,12.0,4.0,4.0,25.0,34.0,24.0,10.0,0.0,0.0,0.0,0.0,0.0,0.0,0.0,0.0,0.0,0.0,0.0,0.0,0.0,0.0,0.0,0.0,0.0,0.0,0.0,0.0,2.0,1.0,1.0,3.0,8.0,0.0,7.0,17.0,5.0,5.0,38.0,45.0,30.0,14.0
845,1.0,845.0,London_11,3years_LHD,1Lon_11,151,453,1092.0,70.0,2.0,128199.0,5.1475846925750375,736.0,33.0,2.0,31.0,68.0,17.0,51.0,222.0,244.0,90.0,17.0,65.0,6.0,27.0,1.0,3.0,11.0,79.0,158.0,205.0,29.0,2.1029411764705883,0.0,0.0,0.0,0.0,0.0,0.0,0.0,0.0,0.0,0.0,0.0,0.0,0.0,0.0,0.0,0.0,0.0,0.0,0.0,0.0,0.0,0.0,0.0,0.0,0.0,0.0,0.0,0.0,0.0,0.0,0.0,0.0,0.0,0.0,0.0,1.0,0.0,0.0,0.0,0.0,0.0,3.0,0.0,0.0,2.0,0.0,5.0,1.0,4.0,2.0,7.0,9.0,6.0,3.0,0.0,0.0,0.0,0.0,0.0,0.0,0.0,0.0,0.0,0.0,0.0,0.0,0.0,0.0,0.0,1.0,0.0,0.0,0.0,0.0,0.0,3.0,0.0,0.0,2.0,0.0,5.0,1.0,6.0,2.0,11.0,14.0,7.0,4.0
846,1.0,846.0,London_11,3years_LHD,1Lon_11,151,453,1092.0,70.0,2.0,145413.0,6.4106404995545745,774.0,114.0,2.0,112.0,214.0,17.0,197.0,68.0,236.0,89.0,20.0,68.0,10.0,27.0,1.0,2.0,12.0,85.0,155.0,201.0,33.0,1.8317757009345794,0.0,0.0,0.0,0.0,0.0,0.0,0.0,0.0,0.0,0.0,0.0,0.0,0.0,0.0,0.0,0.0,0.0,0.0,0.0,0.0,0.0,0.0,0.0,0.0,0.0,0.0,0.0,0.0,0.0,0.0,0.0,0.0,1.0,0.0,0.0,2.0,0.0,0.0,0.0,0.0,2.0,3.0,5.0,2.0,4.0,0.0,3.0,13.0,16.0,6.0,28.0,24.0,22.0,7.0,0.0,0.0,0.0,0.0,0.0,0.0,0.0,0.0,0.0,0.0,0.0,0.0,3.0,0.0,0.0,7.0,0.0,0.0,0.0,0.0,2.0,5.0,5.0,2.0,4.0,0.0,3.0,19.0,20.0,7.0,47.0,30.0,29.0,8.0
847,1.0,847.0,London_11,3years_LHD,1Lon_11,151,453,1092.0,70.0,2.0,134088.0,4.627785914577544,749.0,0.0,0.0,0.0,0.0,0.0,0.0,214.0,244.0,102.0,14.0,61.0,11.0,16.0,1.0,4.0,7.0,83.0,143.0,220.0,31.0,0.0,0.0,0.0,0.0,0.0,0.0,0.0,0.0,0.0,0.0,0.0,0.0,0.0,0.0,0.0,0.0,0.0,0.0,0.0,0.0,0.0,0.0,0.0,0.0,0.0,0.0,0.0,0.0,0.0,0.0,0.0,0.0,0.0,0.0,0.0,0.0,0.0,0.0,0.0,0.0,0.0,0.0,0.0,0.0,0.0,0.0,0.0,0.0,0.0,0.0,0.0,0.0,0.0,0.0,0.0,0.0,0.0,0.0,0.0,0.0,0.0,0.0,0.0,0.0,0.0,0.0,0.0,0.0,0.0,0.0,0.0,0.0,0.0,0.0,0.0,0.0,0.0,0.0,0.0,0.0,0.0,0.0,0.0,0.0,0.0,0.0,0.0,0.0,0.0
848,1.0,848.0,London_11,3years_LHD,1Lon_11,151,453,1092.0,70.0,2.0,180294.0,5.7116976622492075,851.0,113.0,0.0,113.0,200.0,0.0,200.0,0.0,244.0,102.0,14.0,61.0,11.0,16.0,1.0,4.0,7.0,83.0,143.0,220.0,31.0,2.205,0.0,0.0,0.0,0.0,0.0,0.0,0.0,0.0,0.0,0.0,0.0,0.0,0.0,0.0,0.0,0.0,0.0,0.0,0.0,0.0,0.0,0.0,0.0,0.0,0.0,0.0,0.0,0.0,0.0,0.0,0.0,0.0,0.0,0.0,0.0,0.0,0.0,0.0,0.0,0.0,3.0,10.0,1.0,4.0,1.0,0.0,11.0,6.0,2.0,9.0,22.0,28.0,22.0,4.0,0.0,0.0,0.0,0.0,0.0,0.0,0.0,0.0,0.0,0.0,0.0,0.0,0.0,0.0,0.0,0.0,0.0,0.0,0.0,0.0,3.0,13.0,1.0,5.0,1.0,0.0,14.0,8.0,2.0,11.0,33.0,40.0,29.0,6.0
849,1.0,849.0,London_11,3years_LHD,1Lon_11,151,453,1092.0,70.0,2.0,171687.0,5.691057148389518,832.0,57.0,2.0,55.0,117.0,19.0,98.0,200.0,250.0,101.0,9.0,59.0,10.0,17.0,0.0,7.0,6.0,88.0,142.0,217.0,19.0,1.8717948717948718,0.0,0.0,0.0,0.0,0.0,0.0,0.0,0.0,0.0,0.0,0.0,0.0,0.0,0.0,0.0,0.0,0.0,0.0,0.0,0.0,0.0,0.0,0.0,0.0,0.0,0.0,0.0,0.0,0.0,0.0,0.0,0.0,0.0,0.0,1.0,0.0,0.0,0.0,0.0,0.0,5.0,4.0,4.0,1.0,2.0,0.0,11.0,3.0,5.0,7.0,10.0,12.0,14.0,4.0,0.0,0.0,0.0,0.0,0.0,0.0,0.0,0.0,0.0,0.0,0.0,0.0,0.0,0.0,9.0,0.0,0.0,0.0,0.0,0.0,6.0,6.0,4.0,3.0,2.0,0.0,15.0,7.0,5.0,10.0,19.0,18.0,20.0,4.0
850,1.0,850.0,London_11,3years_LHD,1Lon_11,151,453,1092.0,70.0,2.0,188901.0,5.848030771128833,870.0,77.0,2.0,75.0,147.0,18.0,129.0,117.0,248.0,96.0,16.0,63.0,6.0,16.0,0.0,8.0,7.0,96.0,140.0,210.0,29.0,1.4275862068965517,0.0,0.0,0.0,0.0,0.0,0.0,0.0,0.0,0.0,1.0,0.0,0.0,1.0,0.0,0.0,0.0,0.0,0.0,1.0,0.0,0.0,0.0,0.0,0.0,0.0,0.0,0.0,0.0,0.0,0.0,0.0,0.0,0.0,0.0,0.0,0.0,0.0,0.0,0.0,0.0,3.0,1.0,2.0,0.0,3.0,0.0,10.0,3.0,6.0,12.0,17.0,15.0,15.0,4.0,0.0,0.0,0.0,0.0,0.0,0.0,0.0,0.0,0.0,0.0,0.0,0.0,0.0,0.0,0.0,0.0,0.0,0.0,0.0,0.0,3.0,1.0,2.0,0.0,4.0,0.0,12.0,5.0,8.0,15.0,26.0,23.0,19.0,6.0
851,1.0,851.0,London_11,3years_LHD,1Lon_11,151,453,1092.0,70.0,2.0,192072.0,3.8760153437033296,877.0,164.0,0.0,164.0,279.0,0.0,279.0,145.0,256.0,100.0,11.0,60.0,7.0,14.0,0.0,5.0,4.0,81.0,149.0,219.0,29.0,3.867383512544803,0.0,0.0,0.0,0.0,0.0,0.0,0.0,0.0,0.0,0.0,0.0,0.0,0.0,0.0,0.0,0.0,0.0,0.0,0.0,0.0,0.0,0.0,0.0,0.0,0.0,0.0,0.0,0.0,0.0,0.0,0.0,0.0,0.0,0.0,0.0,0.0,0.0,0.0,0.0,0.0,1.0,0.0,0.0,0.0,1.0,0.0,12.0,2.0,0.0,12.0,31.0,44.0,18.0,23.0,0.0,0.0,0.0,0.0,0.0,0.0,0.0,0.0,0.0,0.0,0.0,0.0,0.0,0.0,0.0,0.0,0.0,0.0,0.0,0.0,1.0,0.0,0.0,0.0,1.0,0.0,14.0,3.0,0.0,19.0,41.0,61.0,23.0,38.0
852,1.0,852.0,London_11,3years_LHD,1Lon_11,151,453,1092.0,70.0,2.0,153567.0,5.193071405403316,792.0,52.0,1.0,51.0,88.0,9.0,79.0,279.0,196.0,103.0,22.0,93.0,9.0,22.0,2.0,6.0,4.0,74.0,160.0,215.0,38.0,0.2727272727272727,0.0,0.0,0.0,0.0,0.0,0.0,0.0,0.0,0.0,0.0,0.0,0.0,0.0,0.0,0.0,0.0,0.0,0.0,0.0,0.0,0.0,0.0,0.0,0.0,0.0,0.0,0.0,0.0,0.0,0.0,0.0,0.0,0.0,0.0,0.0,0.0,0.0,0.0,0.0,0.0,0.0,7.0,1.0,3.0,2.0,0.0,9.0,1.0,6.0,6.0,7.0,8.0,7.0,3.0,0.0,0.0,0.0,0.0,0.0,0.0,0.0,0.0,0.0,0.0,0.0,0.0,0.0,0.0,0.0,0.0,0.0,0.0,0.0,0.0,0.0,8.0,1.0,4.0,2.0,0.0,12.0,1.0,8.0,10.0,10.0,10.0,8.0,5.0
853,1.0,853.0,London_11,3years_LHD,1Lon_11,151,453,1092.0,70.0,2.0,170781.0,1.1107811760157347,830.0,119.0,2.0,117.0,231.0,17.0,214.0,88.0,208.0,110.0,25.0,71.0,3.0,26.0,3.0,7.0,3.0,77.0,161.0,212.0,38.0,1.632034632034632,0.0,0.0,0.0,0.0,0.0,0.0,0.0,0.0,0.0,0.0,0.0,0.0,0.0,0.0,0.0,0.0,0.0,0.0,0.0,0.0,0.0,0.0,0.0,0.0,0.0,0.0,0.0,0.0,0.0,0.0,0.0,0.0,1.0,0.0,0.0,0.0,0.0,0.0,0.0,0.0,4.0,7.0,0.0,2.0,3.0,0.0,27.0,9.0,4.0,4.0,19.0,40.0,15.0,12.0,0.0,0.0,0.0,0.0,0.0,0.0,0.0,0.0,0.0,0.0,0.0,0.0,7.0,0.0,0.0,0.0,0.0,0.0,0.0,0.0,6.0,9.0,0.0,4.0,3.0,0.0,31.0,14.0,5.0,5.0,27.0,61.0,16.0,19.0
854,1.0,854.0,London_11,3years_LHD,1Lon_11,151,453,1092.0,70.0,2.0,158097.0,4.381030932068825,802.0,72.0,0.0,72.0,121.0,0.0,121.0,231.0,214.0,111.0,24.0,67.0,3.0,22.0,6.0,6.0,4.0,80.0,161.0,208.0,24.0,0.4793388429752066,0.0,0.0,0.0,0.0,0.0,0.0,0.0,0.0,0.0,0.0,0.0,0.0,0.0,0.0,0.0,0.0,0.0,0.0,0.0,0.0,0.0,0.0,0.0,0.0,0.0,0.0,0.0,0.0,0.0,0.0,0.0,0.0,0.0,0.0,0.0,0.0,0.0,0.0,0.0,0.0,1.0,7.0,1.0,1.0,0.0,0.0,8.0,3.0,9.0,7.0,8.0,20.0,11.0,4.0,0.0,0.0,0.0,0.0,0.0,0.0,0.0,0.0,0.0,0.0,0.0,0.0,0.0,0.0,0.0,0.0,0.0,0.0,0.0,0.0,1.0,11.0,2.0,1.0,0.0,0.0,12.0,3.0,12.0,8.0,17.0,28.0,13.0,6.0
855,1.0,855.0,London_11,3years_LHD,1Lon_11,151,453,1092.0,70.0,2.0,158550.0,7.011527081951499,803.0,127.0,2.0,125.0,231.0,17.0,214.0,121.0,227.0,97.0,24.0,61.0,6.0,28.0,5.0,5.0,6.0,72.0,165.0,210.0,26.0,1.6623376623376624,0.0,0.0,0.0,0.0,0.0,0.0,0.0,0.0,0.0,0.0,0.0,0.0,0.0,0.0,0.0,0.0,0.0,0.0,0.0,0.0,0.0,0.0,0.0,0.0,0.0,0.0,0.0,0.0,0.0,2.0,0.0,0.0,1.0,0.0,1.0,1.0,0.0,0.0,0.0,0.0,5.0,3.0,3.0,1.0,1.0,1.0,10.0,5.0,15.0,6.0,32.0,31.0,25.0,6.0,0.0,0.0,0.0,0.0,0.0,0.0,0.0,0.0,0.0,8.0,0.0,0.0,7.0,0.0,7.0,4.0,0.0,0.0,0.0,0.0,6.0,5.0,3.0,2.0,1.0,3.0,13.0,5.0,18.0,9.0,46.0,38.0,32.0,9.0
856,1.0,856.0,London_11,3years_LHD,1Lon_11,151,453,1092.0,70.0,2.0,126840.0,5.381220015697181,733.0,48.0,0.0,48.0,80.0,0.0,80.0,231.0,234.0,84.0,16.0,69.0,5.0,35.0,2.0,8.0,6.0,78.0,158.0,211.0,38.0,1.525,0.0,0.0,0.0,0.0,0.0,0.0,0.0,0.0,0.0,0.0,0.0,0.0,0.0,0.0,0.0,0.0,0.0,0.0,0.0,0.0,0.0,0.0,0.0,0.0,0.0,0.0,0.0,0.0,0.0,0.0,0.0,0.0,0.0,0.0,0.0,0.0,0.0,0.0,0.0,0.0,1.0,9.0,0.0,0.0,1.0,0.0,9.0,5.0,7.0,6.0,12.0,11.0,9.0,4.0,0.0,0.0,0.0,0.0,0.0,0.0,0.0,0.0,0.0,0.0,0.0,0.0,0.0,0.0,0.0,0.0,0.0,0.0,0.0,0.0,1.0,12.0,0.0,0.0,1.0,0.0,12.0,5.0,8.0,8.0,19.0,16.0,12.0,9.0
857,1.0,857.0,London_11,3years_LHD,1Lon_11,151,453,1092.0,70.0,2.0,139071.0,4.858280926011503,760.0,52.0,1.0,51.0,124.0,10.0,114.0,80.0,236.0,92.0,19.0,56.0,6.0,33.0,2.0,9.0,10.0,74.0,171.0,198.0,43.0,2.1693548387096775,0.0,0.0,0.0,0.0,0.0,0.0,0.0,0.0,0.0,0.0,0.0,0.0,0.0,0.0,0.0,0.0,0.0,0.0,0.0,0.0,0.0,0.0,0.0,0.0,0.0,0.0,0.0,0.0,0.0,0.0,0.0,0.0,0.0,0.0,0.0,0.0,1.0,0.0,0.0,0.0,5.0,4.0,3.0,1.0,2.0,0.0,5.0,5.0,4.0,5.0,6.0,13.0,13.0,3.0,0.0,0.0,0.0,0.0,0.0,0.0,0.0,0.0,0.0,0.0,0.0,0.0,0.0,0.0,0.0,0.0,8.0,0.0,0.0,0.0,5.0,6.0,3.0,2.0,2.0,0.0,10.0,6.0,6.0,10.0,12.0,23.0,23.0,6.0
858,1.0,858.0,London_11,3years_LHD,1Lon_11,151,453,1092.0,70.0,2.0,155832.0,3.4123397720977664,797.0,137.0,0.0,137.0,221.0,0.0,221.0,124.0,231.0,95.0,17.0,61.0,8.0,34.0,1.0,6.0,12.0,77.0,169.0,195.0,30.0,2.018099547511312,0.0,0.0,0.0,0.0,0.0,0.0,0.0,0.0,0.0,0.0,0.0,0.0,0.0,0.0,0.0,0.0,0.0,0.0,0.0,0.0,0.0,0.0,0.0,0.0,0.0,0.0,0.0,0.0,0.0,0.0,0.0,0.0,0.0,0.0,0.0,0.0,0.0,0.0,0.0,0.0,7.0,3.0,1.0,3.0,4.0,0.0,11.0,11.0,6.0,6.0,21.0,24.0,29.0,4.0,0.0,0.0,0.0,0.0,0.0,0.0,0.0,0.0,0.0,0.0,0.0,0.0,0.0,0.0,0.0,0.0,0.0,0.0,0.0,0.0,8.0,4.0,1.0,5.0,4.0,0.0,13.0,15.0,9.0,9.0,30.0,33.0,36.0,5.0
859,1.0,859.0,London_11,3years_LHD,1Lon_11,151,453,1092.0,70.0,2.0,125934.0,1.7897111447528005,731.0,34.0,2.0,32.0,72.0,20.0,52.0,221.0,232.0,88.0,16.0,74.0,9.0,23.0,0.0,11.0,11.0,73.0,157.0,212.0,31.0,2.263888888888889,0.0,0.0,0.0,0.0,0.0,0.0,0.0,0.0,0.0,0.0,0.0,0.0,0.0,0.0,0.0,0.0,0.0,0.0,0.0,0.0,0.0,0.0,0.0,0.0,0.0,0.0,0.0,0.0,0.0,0.0,0.0,0.0,1.0,0.0,0.0,0.0,1.0,0.0,0.0,0.0,4.0,3.0,0.0,0.0,3.0,0.0,5.0,3.0,1.0,3.0,5.0,11.0,5.0,3.0,0.0,0.0,0.0,0.0,0.0,0.0,0.0,0.0,0.0,0.0,0.0,0.0,8.0,0.0,0.0,0.0,9.0,0.0,0.0,0.0,5.0,5.0,0.0,0.0,3.0,0.0,5.0,4.0,1.0,6.0,7.0,16.0,6.0,6.0
860,1.0,860.0,London_11,3years_LHD,1Lon_11,151,453,1092.0,70.0,2.0,153567.0,4.675682378001511,792.0,118.0,2.0,116.0,213.0,16.0,197.0,72.0,226.0,90.0,20.0,77.0,6.0,23.0,0.0,11.0,8.0,82.0,149.0,214.0,37.0,1.92018779342723,0.0,0.0,0.0,0.0,0.0,0.0,0.0,0.0,0.0,0.0,0.0,0.0,0.0,0.0,0.0,0.0,0.0,0.0,0.0,0.0,0.0,0.0,0.0,0.0,0.0,0.0,0.0,0.0,0.0,0.0,0.0,0.0,1.0,0.0,0.0,2.0,0.0,0.0,0.0,0.0,2.0,7.0,2.0,1.0,1.0,0.0,17.0,10.0,4.0,8.0,20.0,23.0,21.0,10.0,0.0,0.0,0.0,0.0,0.0,0.0,0.0,0.0,0.0,0.0,0.0,0.0,6.0,0.0,0.0,5.0,0.0,0.0,0.0,0.0,2.0,9.0,2.0,2.0,1.0,0.0,21.0,14.0,7.0,10.0,29.0,29.0,25.0,20.0
861,1.0,861.0,London_11,3years_LHD,1Lon_11,151,453,1092.0,70.0,2.0,140883.0,1.5759256444871426,764.0,0.0,0.0,0.0,0.0,0.0,0.0,213.0,248.0,90.0,13.0,53.0,11.0,27.0,1.0,10.0,8.0,71.0,158.0,216.0,32.0,0.0,0.0,0.0,0.0,0.0,0.0,0.0,0.0,0.0,0.0,0.0,0.0,0.0,0.0,0.0,0.0,0.0,0.0,0.0,0.0,0.0,0.0,0.0,0.0,0.0,0.0,0.0,0.0,0.0,0.0,0.0,0.0,0.0,0.0,0.0,0.0,0.0,0.0,0.0,0.0,0.0,0.0,0.0,0.0,0.0,0.0,0.0,0.0,0.0,0.0,0.0,0.0,0.0,0.0,0.0,0.0,0.0,0.0,0.0,0.0,0.0,0.0,0.0,0.0,0.0,0.0,0.0,0.0,0.0,0.0,0.0,0.0,0.0,0.0,0.0,0.0,0.0,0.0,0.0,0.0,0.0,0.0,0.0,0.0,0.0,0.0,0.0,0.0,0.0
862,1.0,862.0,London_11,3years_LHD,1Lon_11,151,453,1092.0,70.0,2.0,173499.0,5.865014988929033,836.0,117.0,0.0,117.0,199.0,0.0,199.0,0.0,248.0,90.0,13.0,53.0,11.0,27.0,1.0,10.0,8.0,71.0,158.0,216.0,32.0,2.28643216080402,0.0,0.0,0.0,0.0,0.0,0.0,0.0,0.0,0.0,0.0,0.0,0.0,0.0,0.0,0.0,0.0,0.0,0.0,0.0,0.0,0.0,0.0,0.0,0.0,0.0,0.0,0.0,0.0,0.0,0.0,0.0,0.0,0.0,0.0,0.0,0.0,0.0,0.0,0.0,0.0,1.0,5.0,3.0,3.0,3.0,0.0,11.0,9.0,7.0,24.0,16.0,36.0,14.0,12.0,0.0,0.0,0.0,0.0,0.0,0.0,0.0,0.0,0.0,0.0,0.0,0.0,0.0,0.0,0.0,0.0,0.0,0.0,0.0,0.0,1.0,9.0,3.0,4.0,3.0,0.0,14.0,10.0,8.0,30.0,28.0,57.0,14.0,18.0
863,1.0,863.0,London_11,3years_LHD,1Lon_11,151,453,1092.0,70.0,2.0,167157.0,1.989449799992144,822.0,59.0,2.0,57.0,115.0,17.0,98.0,199.0,259.0,72.0,19.0,60.0,8.0,32.0,0.0,3.0,8.0,67.0,159.0,219.0,29.0,2.0695652173913044,0.0,0.0,0.0,0.0,0.0,0.0,0.0,0.0,0.0,0.0,0.0,0.0,0.0,0.0,0.0,0.0,0.0,0.0,0.0,0.0,0.0,0.0,0.0,0.0,0.0,0.0,0.0,0.0,0.0,0.0,0.0,0.0,0.0,0.0,0.0,1.0,0.0,0.0,0.0,0.0,4.0,3.0,4.0,0.0,1.0,0.0,6.0,4.0,6.0,7.0,11.0,15.0,14.0,5.0,0.0,0.0,0.0,0.0,0.0,0.0,0.0,0.0,0.0,0.0,0.0,0.0,0.0,0.0,0.0,2.0,0.0,0.0,0.0,0.0,5.0,4.0,5.0,0.0,1.0,0.0,11.0,5.0,10.0,9.0,17.0,24.0,20.0,9.0
864,1.0,864.0,London_11,3years_LHD,1Lon_11,151,453,1092.0,70.0,2.0,183012.0,8.400424977764487,857.0,78.0,2.0,76.0,147.0,18.0,129.0,115.0,251.0,59.0,21.0,73.0,11.0,34.0,1.0,3.0,9.0,67.0,162.0,215.0,29.0,1.945578231292517,0.0,0.0,0.0,0.0,0.0,0.0,0.0,0.0,0.0,0.0,0.0,0.0,0.0,0.0,0.0,0.0,0.0,0.0,0.0,0.0,0.0,0.0,0.0,0.0,0.0,0.0,0.0,0.0,0.0,1.0,0.0,0.0,2.0,0.0,0.0,1.0,0.0,0.0,0.0,0.0,3.0,7.0,3.0,2.0,8.0,0.0,5.0,6.0,10.0,12.0,13.0,22.0,18.0,7.0,0.0,0.0,0.0,0.0,0.0,0.0,0.0,0.0,0.0,5.0,0.0,0.0,11.0,0.0,0.0,6.0,0.0,0.0,0.0,0.0,3.0,10.0,3.0,2.0,8.0,0.0,6.0,7.0,13.0,21.0,19.0,32.0,23.0,13.0
865,1.0,865.0,London_11,3years_LHD,1Lon_11,151,453,1092.0,70.0,2.0,186183.0,5.081794623285532,864.0,160.0,0.0,160.0,278.0,0.0,278.0,147.0,252.0,84.0,10.0,67.0,13.0,25.0,0.0,2.0,7.0,69.0,164.0,213.0,32.0,3.550359712230216,0.0,0.0,0.0,0.0,0.0,0.0,0.0,0.0,0.0,0.0,0.0,0.0,0.0,0.0,0.0,0.0,0.0,0.0,0.0,0.0,0.0,0.0,0.0,0.0,0.0,0.0,0.0,0.0,0.0,0.0,0.0,0.0,0.0,0.0,0.0,0.0,0.0,0.0,0.0,0.0,2.0,19.0,0.0,0.0,9.0,0.0,10.0,7.0,9.0,5.0,30.0,39.0,19.0,11.0,0.0,0.0,0.0,0.0,0.0,0.0,0.0,0.0,0.0,0.0,0.0,0.0,0.0,0.0,0.0,0.0,0.0,0.0,0.0,0.0,2.0,28.0,0.0,0.0,9.0,0.0,10.0,8.0,15.0,7.0,48.0,50.0,21.0,15.0
866,1.0,866.0,London_11,3years_LHD,1Lon_11,151,453,1092.0,70.0,2.0,154926.0,3.057888049632311,795.0,45.0,0.0,45.0,82.0,0.0,82.0,278.0,209.0,116.0,16.0,73.0,6.0,28.0,0.0,5.0,6.0,75.0,137.0,235.0,31.0,1.170731707317073,0.0,0.0,0.0,0.0,0.0,0.0,0.0,0.0,0.0,0.0,0.0,0.0,0.0,0.0,0.0,0.0,0.0,0.0,0.0,0.0,0.0,0.0,0.0,0.0,0.0,0.0,0.0,0.0,0.0,0.0,0.0,0.0,0.0,0.0,0.0,0.0,0.0,0.0,0.0,0.0,7.0,6.0,3.0,0.0,4.0,0.0,6.0,5.0,1.0,4.0,7.0,12.0,2.0,5.0,0.0,0.0,0.0,0.0,0.0,0.0,0.0,0.0,0.0,0.0,0.0,0.0,0.0,0.0,0.0,0.0,0.0,0.0,0.0,0.0,10.0,9.0,3.0,0.0,5.0,0.0,7.0,8.0,3.0,7.0,9.0,18.0,2.0,9.0
867,1.0,867.0,London_11,3years_LHD,1Lon_11,151,453,1092.0,70.0,2.0,172593.0,5.8719307240098715,834.0,132.0,2.0,130.0,235.0,22.0,213.0,82.0,207.0,125.0,15.0,69.0,3.0,31.0,1.0,2.0,7.0,84.0,146.0,216.0,40.0,1.9702127659574469,0.0,0.0,0.0,0.0,0.0,0.0,0.0,0.0,0.0,0.0,0.0,0.0,0.0,0.0,0.0,0.0,0.0,0.0,0.0,0.0,0.0,0.0,0.0,0.0,0.0,0.0,0.0,0.0,0.0,0.0,0.0,0.0,0.0,0.0,0.0,1.0,0.0,0.0,0.0,0.0,5.0,16.0,8.0,1.0,1.0,1.0,13.0,11.0,5.0,12.0,24.0,20.0,19.0,6.0,0.0,0.0,0.0,0.0,0.0,0.0,0.0,0.0,0.0,0.0,0.0,0.0,0.0,0.0,0.0,6.0,0.0,0.0,0.0,0.0,6.0,23.0,8.0,1.0,1.0,1.0,15.0,12.0,5.0,15.0,35.0,30.0,23.0,10.0
868,1.0,868.0,London_11,3years_LHD,1Lon_11,151,453,1092.0,70.0,2.0,155379.0,2.8898093458265066,796.0,67.0,0.0,67.0,122.0,0.0,122.0,235.0,209.0,114.0,18.0,82.0,4.0,20.0,1.0,5.0,8.0,96.0,137.0,212.0,41.0,1.2704918032786885,0.0,0.0,0.0,0.0,0.0,0.0,0.0,0.0,0.0,0.0,0.0,0.0,0.0,0.0,0.0,0.0,0.0,0.0,0.0,0.0,0.0,0.0,0.0,0.0,0.0,0.0,0.0,0.0,0.0,0.0,0.0,0.0,0.0,0.0,0.0,0.0,0.0,0.0,0.0,0.0,2.0,15.0,4.0,1.0,3.0,0.0,9.0,5.0,3.0,6.0,18.0,12.0,17.0,5.0,0.0,0.0,0.0,0.0,0.0,0.0,0.0,0.0,0.0,0.0,0.0,0.0,0.0,0.0,0.0,0.0,0.0,0.0,0.0,0.0,3.0,25.0,4.0,2.0,4.0,0.0,11.0,5.0,3.0,9.0,28.0,19.0,23.0,6.0
869,1.0,869.0,London_11,3years_LHD,1Lon_11,151,453,1092.0,70.0,2.0,154020.0,3.106127847917378,793.0,129.0,2.0,127.0,231.0,17.0,214.0,122.0,208.0,114.0,26.0,67.0,8.0,25.0,3.0,2.0,10.0,93.0,152.0,198.0,50.0,1.3203463203463204,0.0,0.0,0.0,0.0,0.0,0.0,0.0,0.0,0.0,0.0,0.0,0.0,0.0,0.0,0.0,0.0,0.0,0.0,0.0,0.0,0.0,0.0,0.0,0.0,0.0,0.0,0.0,0.0,0.0,0.0,1.0,0.0,1.0,0.0,0.0,1.0,0.0,0.0,0.0,0.0,9.0,7.0,1.0,2.0,0.0,1.0,14.0,8.0,3.0,11.0,19.0,23.0,19.0,10.0,0.0,0.0,0.0,0.0,0.0,0.0,0.0,0.0,0.0,0.0,5.0,0.0,7.0,0.0,0.0,1.0,0.0,0.0,0.0,0.0,11.0,9.0,1.0,3.0,0.0,1.0,18.0,11.0,3.0,15.0,35.0,31.0,24.0,15.0
870,1.0,870.0,London_11,3years_LHD,1Lon_11,151,453,1092.0,70.0,2.0,126840.0,6.179946045391262,733.0,47.0,0.0,47.0,80.0,0.0,80.0,231.0,222.0,107.0,32.0,47.0,12.0,28.0,2.0,3.0,5.0,83.0,146.0,219.0,25.0,0.8375,0.0,0.0,0.0,0.0,0.0,0.0,0.0,0.0,0.0,0.0,0.0,0.0,0.0,0.0,0.0,0.0,0.0,0.0,0.0,0.0,0.0,0.0,0.0,0.0,0.0,0.0,0.0,0.0,0.0,0.0,0.0,0.0,0.0,0.0,0.0,0.0,0.0,0.0,0.0,0.0,3.0,4.0,0.0,0.0,2.0,0.0,4.0,7.0,1.0,5.0,8.0,11.0,17.0,2.0,0.0,0.0,0.0,0.0,0.0,0.0,0.0,0.0,0.0,0.0,0.0,0.0,0.0,0.0,0.0,0.0,0.0,0.0,0.0,0.0,3.0,6.0,0.0,0.0,2.0,0.0,7.0,12.0,2.0,7.0,11.0,13.0,23.0,2.0
871,1.0,871.0,London_11,3years_LHD,1Lon_11,151,453,1092.0,70.0,2.0,131370.0,4.1009552124887705,743.0,64.0,0.0,64.0,115.0,0.0,115.0,80.0,229.0,105.0,35.0,43.0,13.0,26.0,1.0,1.0,6.0,85.0,154.0,208.0,33.0,1.208695652173913,0.0,0.0,0.0,0.0,0.0,0.0,0.0,0.0,0.0,0.0,0.0,0.0,0.0,0.0,0.0,0.0,0.0,0.0,0.0,0.0,0.0,0.0,0.0,0.0,0.0,0.0,0.0,0.0,0.0,0.0,0.0,0.0,0.0,0.0,0.0,0.0,0.0,0.0,0.0,0.0,0.0,5.0,3.0,0.0,0.0,0.0,4.0,5.0,4.0,8.0,17.0,17.0,17.0,7.0,0.0,0.0,0.0,0.0,0.0,0.0,0.0,0.0,0.0,0.0,0.0,0.0,0.0,0.0,0.0,0.0,0.0,0.0,0.0,0.0,0.0,6.0,4.0,0.0,0.0,0.0,5.0,5.0,5.0,9.0,29.0,26.0,25.0,10.0
872,1.0,872.0,London_11,3years_LHD,1Lon_11,151,453,1092.0,70.0,2.0,139524.0,2.3379677701741457,761.0,131.0,0.0,131.0,224.0,0.0,224.0,115.0,239.0,127.0,17.0,32.0,16.0,21.0,0.0,1.0,6.0,85.0,159.0,203.0,29.0,2.205357142857143,0.0,0.0,0.0,0.0,0.0,0.0,0.0,0.0,0.0,0.0,0.0,0.0,0.0,0.0,0.0,0.0,0.0,0.0,0.0,0.0,0.0,0.0,0.0,0.0,0.0,0.0,0.0,0.0,0.0,0.0,0.0,0.0,0.0,0.0,0.0,0.0,0.0,0.0,0.0,0.0,0.0,5.0,2.0,1.0,3.0,0.0,6.0,2.0,2.0,6.0,21.0,38.0,19.0,10.0,0.0,0.0,0.0,0.0,0.0,0.0,0.0,0.0,0.0,0.0,0.0,0.0,0.0,0.0,0.0,0.0,0.0,0.0,0.0,0.0,0.0,9.0,2.0,1.0,3.0,0.0,8.0,3.0,3.0,9.0,34.0,54.0,22.0,14.0
873,1.0,873.0,London_11,3years_LHD,1Lon_11,151,453,1092.0,70.0,2.0,118233.0,4.038312070071697,714.0,31.0,2.0,29.0,67.0,20.0,47.0,224.0,247.0,80.0,13.0,80.0,11.0,15.0,1.0,6.0,8.0,70.0,152.0,223.0,30.0,1.373134328358209,0.0,0.0,0.0,0.0,0.0,0.0,0.0,0.0,0.0,0.0,0.0,0.0,0.0,0.0,0.0,0.0,0.0,0.0,0.0,0.0,0.0,0.0,0.0,0.0,0.0,0.0,0.0,0.0,0.0,0.0,0.0,0.0,1.0,0.0,0.0,2.0,0.0,0.0,0.0,0.0,0.0,2.0,3.0,0.0,1.0,1.0,5.0,8.0,3.0,6.0,5.0,6.0,4.0,5.0,0.0,0.0,0.0,0.0,0.0,0.0,0.0,0.0,0.0,0.0,0.0,0.0,8.0,0.0,0.0,12.0,0.0,0.0,0.0,0.0,0.0,3.0,3.0,0.0,1.0,2.0,9.0,13.0,4.0,7.0,9.0,6.0,4.0,7.0
874,1.0,874.0,London_11,3years_LHD,1Lon_11,151,453,1092.0,70.0,2.0,146319.0,5.180764584802091,776.0,114.0,2.0,112.0,215.0,18.0,197.0,67.0,252.0,86.0,19.0,77.0,6.0,8.0,1.0,4.0,6.0,67.0,151.0,229.0,34.0,1.9069767441860466,0.0,0.0,0.0,0.0,0.0,0.0,0.0,0.0,0.0,0.0,0.0,0.0,0.0,0.0,0.0,0.0,0.0,0.0,0.0,0.0,0.0,0.0,0.0,0.0,0.0,0.0,0.0,0.0,0.0,0.0,0.0,0.0,0.0,0.0,0.0,2.0,0.0,0.0,0.0,0.0,4.0,5.0,5.0,1.0,0.0,1.0,16.0,12.0,8.0,8.0,29.0,23.0,31.0,7.0,0.0,0.0,0.0,0.0,0.0,0.0,0.0,0.0,0.0,0.0,0.0,0.0,0.0,0.0,0.0,5.0,0.0,0.0,0.0,0.0,4.0,8.0,5.0,1.0,0.0,2.0,23.0,16.0,10.0,10.0,48.0,35.0,38.0,10.0
875,1.0,875.0,London_11,3years_LHD,1Lon_11,151,453,1092.0,70.0,2.0,130917.0,0.5154563514515758,742.0,0.0,0.0,0.0,0.0,0.0,0.0,215.0,249.0,83.0,17.0,74.0,6.0,18.0,0.0,6.0,11.0,82.0,141.0,219.0,36.0,0.0,0.0,0.0,0.0,0.0,0.0,0.0,0.0,0.0,0.0,0.0,0.0,0.0,0.0,0.0,0.0,0.0,0.0,0.0,0.0,0.0,0.0,0.0,0.0,0.0,0.0,0.0,0.0,0.0,0.0,0.0,0.0,0.0,0.0,0.0,0.0,0.0,0.0,0.0,0.0,0.0,0.0,0.0,0.0,0.0,0.0,0.0,0.0,0.0,0.0,0.0,0.0,0.0,0.0,0.0,0.0,0.0,0.0,0.0,0.0,0.0,0.0,0.0,0.0,0.0,0.0,0.0,0.0,0.0,0.0,0.0,0.0,0.0,0.0,0.0,0.0,0.0,0.0,0.0,0.0,0.0,0.0,0.0,0.0,0.0,0.0,0.0,0.0,0.0
876,1.0,876.0,London_11,3years_LHD,1Lon_11,151,453,1092.0,70.0,2.0,166704.0,5.669969150796533,821.0,109.0,0.0,109.0,199.0,0.0,199.0,0.0,249.0,83.0,17.0,74.0,6.0,18.0,0.0,6.0,11.0,82.0,141.0,219.0,36.0,1.4974874371859297,0.0,0.0,0.0,0.0,0.0,0.0,0.0,0.0,0.0,0.0,0.0,0.0,0.0,0.0,0.0,0.0,0.0,0.0,0.0,0.0,0.0,0.0,0.0,0.0,0.0,0.0,0.0,0.0,0.0,0.0,0.0,0.0,0.0,0.0,0.0,0.0,0.0,0.0,0.0,0.0,11.0,14.0,2.0,4.0,5.0,0.0,10.0,6.0,7.0,5.0,23.0,33.0,20.0,12.0,0.0,0.0,0.0,0.0,0.0,0.0,0.0,0.0,0.0,0.0,0.0,0.0,0.0,0.0,0.0,0.0,0.0,0.0,0.0,0.0,11.0,18.0,2.0,7.0,5.0,0.0,18.0,6.0,11.0,7.0,35.0,50.0,22.0,19.0
877,1.0,877.0,London_11,3years_LHD,1Lon_11,151,453,1092.0,70.0,2.0,154926.0,5.265327375382185,795.0,55.0,2.0,53.0,117.0,19.0,98.0,199.0,268.0,79.0,16.0,62.0,4.0,21.0,1.0,2.0,8.0,88.0,145.0,212.0,22.0,1.6324786324786325,0.0,0.0,0.0,0.0,0.0,0.0,0.0,0.0,0.0,0.0,0.0,0.0,0.0,0.0,0.0,0.0,0.0,0.0,0.0,0.0,0.0,0.0,0.0,0.0,0.0,0.0,0.0,0.0,0.0,0.0,0.0,0.0,0.0,0.0,0.0,1.0,0.0,0.0,0.0,0.0,1.0,3.0,3.0,1.0,1.0,0.0,12.0,3.0,4.0,13.0,12.0,11.0,16.0,4.0,0.0,0.0,0.0,0.0,0.0,0.0,0.0,0.0,0.0,0.0,0.0,0.0,0.0,0.0,0.0,4.0,0.0,0.0,0.0,0.0,1.0,3.0,3.0,1.0,1.0,0.0,17.0,5.0,5.0,21.0,22.0,15.0,21.0,4.0
878,1.0,878.0,London_11,3years_LHD,1Lon_11,151,453,1092.0,70.0,2.0,178935.0,1.6954985093325377,848.0,73.0,3.0,70.0,154.0,25.0,129.0,117.0,267.0,77.0,18.0,60.0,9.0,16.0,2.0,4.0,8.0,92.0,148.0,205.0,25.0,2.065359477124183,0.0,0.0,0.0,0.0,0.0,0.0,0.0,0.0,0.0,1.0,0.0,0.0,0.0,0.0,0.0,1.0,0.0,0.0,1.0,0.0,0.0,0.0,0.0,0.0,0.0,0.0,0.0,0.0,0.0,0.0,0.0,0.0,1.0,0.0,1.0,2.0,0.0,0.0,0.0,0.0,2.0,6.0,6.0,1.0,3.0,0.0,13.0,3.0,7.0,15.0,10.0,15.0,20.0,2.0,0.0,0.0,0.0,0.0,0.0,0.0,0.0,0.0,0.0,0.0,0.0,0.0,6.0,0.0,8.0,12.0,0.0,0.0,0.0,0.0,2.0,8.0,7.0,1.0,3.0,0.0,15.0,4.0,8.0,19.0,15.0,28.0,27.0,3.0
879,1.0,879.0,London_11,3years_LHD,1Lon_11,151,453,1092.0,70.0,2.0,200679.0,6.700838252902031,896.0,169.0,0.0,169.0,279.0,0.0,279.0,153.0,264.0,82.0,9.0,65.0,7.0,21.0,2.0,3.0,7.0,95.0,137.0,214.0,33.0,3.974910394265233,0.0,0.0,0.0,0.0,0.0,0.0,0.0,0.0,0.0,0.0,0.0,0.0,0.0,0.0,0.0,0.0,0.0,0.0,0.0,0.0,0.0,0.0,0.0,0.0,0.0,0.0,0.0,0.0,0.0,0.0,0.0,0.0,0.0,0.0,0.0,0.0,0.0,0.0,0.0,0.0,0.0,2.0,0.0,0.0,0.0,0.0,24.0,3.0,3.0,9.0,24.0,45.0,17.0,10.0,0.0,0.0,0.0,0.0,0.0,0.0,0.0,0.0,0.0,0.0,0.0,0.0,0.0,0.0,0.0,0.0,0.0,0.0,0.0,0.0,0.0,2.0,0.0,0.0,0.0,0.0,30.0,3.0,3.0,14.0,28.0,76.0,22.0,14.0
880,1.0,880.0,London_11,3years_LHD,1Lon_11,151,453,1092.0,70.0,2.0,171687.0,5.239030438475311,832.0,49.0,0.0,49.0,80.0,0.0,80.0,279.0,211.0,103.0,17.0,83.0,5.0,28.0,1.0,5.0,8.0,88.0,136.0,221.0,48.0,0.6,0.0,0.0,0.0,0.0,0.0,0.0,0.0,0.0,0.0,0.0,0.0,0.0,0.0,0.0,0.0,0.0,0.0,0.0,0.0,0.0,0.0,0.0,0.0,0.0,0.0,0.0,0.0,0.0,0.0,0.0,0.0,0.0,0.0,0.0,0.0,0.0,0.0,0.0,0.0,0.0,2.0,3.0,6.0,0.0,0.0,0.0,12.0,2.0,0.0,1.0,10.0,7.0,8.0,5.0,0.0,0.0,0.0,0.0,0.0,0.0,0.0,0.0,0.0,0.0,0.0,0.0,0.0,0.0,0.0,0.0,0.0,0.0,0.0,0.0,2.0,4.0,6.0,0.0,0.0,0.0,17.0,2.0,0.0,2.0,14.0,10.0,11.0,8.0
881,1.0,881.0,London_11,3years_LHD,1Lon_11,151,453,1092.0,70.0,2.0,197508.0,6.796477661468089,889.0,130.0,2.0,128.0,231.0,17.0,214.0,80.0,215.0,109.0,16.0,75.0,6.0,30.0,1.0,1.0,11.0,93.0,132.0,217.0,51.0,2.207792207792208,0.0,0.0,0.0,0.0,0.0,0.0,0.0,0.0,0.0,0.0,0.0,0.0,0.0,0.0,0.0,0.0,0.0,0.0,0.0,0.0,0.0,0.0,0.0,0.0,0.0,0.0,0.0,0.0,0.0,0.0,0.0,0.0,1.0,0.0,0.0,1.0,0.0,0.0,0.0,0.0,1.0,10.0,4.0,3.0,2.0,1.0,14.0,13.0,4.0,12.0,24.0,35.0,16.0,14.0,0.0,0.0,0.0,0.0,0.0,0.0,0.0,0.0,0.0,0.0,0.0,0.0,5.0,0.0,0.0,5.0,0.0,0.0,0.0,0.0,2.0,17.0,5.0,3.0,2.0,1.0,17.0,14.0,5.0,14.0,36.0,51.0,19.0,19.0
882,1.0,882.0,London_11,3years_LHD,1Lon_11,151,453,1092.0,70.0,2.0,174858.0,6.736377134919167,839.0,74.0,0.0,74.0,129.0,0.0,129.0,231.0,211.0,117.0,16.0,81.0,12.0,11.0,2.0,3.0,5.0,74.0,151.0,223.0,43.0,1.124031007751938,0.0,0.0,0.0,0.0,0.0,0.0,0.0,0.0,0.0,0.0,0.0,0.0,0.0,0.0,0.0,0.0,0.0,0.0,0.0,0.0,0.0,0.0,0.0,0.0,0.0,0.0,0.0,0.0,0.0,0.0,0.0,0.0,0.0,0.0,0.0,0.0,0.0,0.0,0.0,0.0,3.0,7.0,1.0,2.0,8.0,0.0,12.0,4.0,7.0,5.0,14.0,14.0,17.0,8.0,0.0,0.0,0.0,0.0,0.0,0.0,0.0,0.0,0.0,0.0,0.0,0.0,0.0,0.0,0.0,0.0,0.0,0.0,0.0,0.0,3.0,10.0,1.0,2.0,10.0,0.0,16.0,6.0,7.0,7.0,21.0,19.0,24.0,13.0
883,1.0,883.0,London_11,3years_LHD,1Lon_11,151,453,1092.0,70.0,2.0,172593.0,2.709487213753164,834.0,64.0,2.0,62.0,124.0,15.0,109.0,129.0,216.0,116.0,19.0,84.0,2.0,11.0,2.0,3.0,8.0,82.0,166.0,197.0,46.0,2.6991869918699187,0.0,0.0,0.0,0.0,0.0,0.0,0.0,0.0,0.0,1.0,0.0,0.0,0.0,0.0,0.0,1.0,0.0,0.0,1.0,0.0,0.0,0.0,0.0,0.0,0.0,0.0,0.0,0.0,0.0,0.0,0.0,0.0,0.0,0.0,0.0,0.0,0.0,0.0,0.0,0.0,3.0,4.0,1.0,0.0,4.0,0.0,4.0,10.0,5.0,6.0,8.0,16.0,19.0,3.0,0.0,0.0,0.0,0.0,0.0,0.0,0.0,0.0,0.0,0.0,0.0,0.0,0.0,0.0,0.0,0.0,0.0,0.0,0.0,0.0,3.0,6.0,1.0,0.0,4.0,0.0,5.0,13.0,8.0,8.0,13.0,21.0,25.0,7.0
884,1.0,884.0,London_11,3years_LHD,1Lon_11,151,453,1092.0,70.0,2.0,176217.0,7.1946184150874615,842.0,150.0,0.0,150.0,258.0,0.0,258.0,123.0,210.0,109.0,29.0,93.0,2.0,8.0,1.0,1.0,6.0,82.0,164.0,201.0,43.0,1.6356589147286822,0.0,0.0,0.0,0.0,0.0,0.0,0.0,0.0,0.0,0.0,0.0,0.0,0.0,0.0,0.0,0.0,0.0,0.0,0.0,0.0,0.0,0.0,0.0,0.0,0.0,0.0,0.0,0.0,0.0,0.0,0.0,0.0,0.0,0.0,0.0,0.0,0.0,0.0,0.0,0.0,2.0,4.0,0.0,3.0,1.0,0.0,13.0,6.0,15.0,11.0,28.0,36.0,21.0,7.0,0.0,0.0,0.0,0.0,0.0,0.0,0.0,0.0,0.0,0.0,0.0,0.0,0.0,0.0,0.0,0.0,0.0,0.0,0.0,0.0,2.0,6.0,0.0,4.0,1.0,0.0,14.0,8.0,19.0,14.0,33.0,57.0,24.0,11.0
885,1.0,885.0,London_11,3years_LHD,1Lon_11,151,453,1092.0,70.0,2.0,131370.0,3.8074569180607796,743.0,148.0,1.0,147.0,256.0,9.0,247.0,258.0,227.0,86.0,18.0,78.0,9.0,24.0,3.0,8.0,4.0,92.0,153.0,204.0,33.0,1.53125,0.0,0.0,0.0,0.0,0.0,0.0,0.0,0.0,0.0,0.0,0.0,0.0,0.0,0.0,0.0,0.0,0.0,0.0,0.0,0.0,0.0,0.0,0.0,0.0,0.0,0.0,0.0,0.0,0.0,0.0,0.0,0.0,0.0,0.0,0.0,1.0,0.0,0.0,0.0,0.0,0.0,0.0,4.0,2.0,1.0,0.0,10.0,10.0,15.0,11.0,30.0,37.0,19.0,8.0,0.0,0.0,0.0,0.0,0.0,0.0,0.0,0.0,0.0,0.0,0.0,0.0,0.0,0.0,0.0,6.0,0.0,0.0,0.0,0.0,0.0,0.0,4.0,2.0,1.0,0.0,12.0,12.0,23.0,13.0,46.0,53.0,25.0,13.0
886,1.0,886.0,London_11,3years_LHD,1Lon_11,151,453,1092.0,70.0,2.0,86976.0,0.6194226751103997,645.0,18.0,0.0,18.0,36.0,0.0,36.0,256.0,218.0,99.0,15.0,79.0,10.0,25.0,1.0,6.0,7.0,81.0,156.0,209.0,40.0,0.0,0.0,0.0,0.0,0.0,0.0,0.0,0.0,0.0,0.0,0.0,0.0,0.0,0.0,0.0,0.0,0.0,0.0,0.0,0.0,0.0,0.0,0.0,0.0,0.0,0.0,0.0,0.0,0.0,0.0,0.0,0.0,0.0,0.0,0.0,0.0,0.0,0.0,0.0,0.0,0.0,0.0,2.0,0.0,1.0,1.0,0.0,5.0,2.0,0.0,0.0,4.0,5.0,4.0,3.0,0.0,0.0,0.0,0.0,0.0,0.0,0.0,0.0,0.0,0.0,0.0,0.0,0.0,0.0,0.0,0.0,0.0,0.0,0.0,0.0,0.0,4.0,0.0,2.0,1.0,0.0,5.0,3.0,0.0,0.0,6.0,8.0,6.0,5.0
887,1.0,887.0,London_11,3years_LHD,1Lon_11,151,453,1092.0,70.0,2.0,117327.0,3.370958609506488,712.0,121.0,2.0,119.0,223.0,17.0,206.0,36.0,226.0,100.0,12.0,72.0,13.0,24.0,1.0,5.0,8.0,76.0,167.0,202.0,39.0,1.760180995475113,0.0,0.0,0.0,0.0,0.0,0.0,0.0,0.0,0.0,1.0,0.0,1.0,0.0,0.0,0.0,0.0,0.0,0.0,1.0,0.0,0.0,0.0,0.0,0.0,0.0,0.0,0.0,0.0,0.0,0.0,0.0,0.0,0.0,0.0,0.0,1.0,0.0,0.0,0.0,0.0,1.0,4.0,2.0,1.0,4.0,2.0,8.0,10.0,4.0,6.0,26.0,26.0,19.0,12.0,0.0,0.0,0.0,0.0,0.0,0.0,0.0,0.0,0.0,0.0,0.0,0.0,0.0,0.0,0.0,4.0,0.0,0.0,0.0,0.0,1.0,7.0,3.0,1.0,4.0,2.0,11.0,14.0,5.0,8.0,37.0,43.0,25.0,21.0
888,1.0,888.0,London_11,3years_LHD,1Lon_11,151,453,1092.0,70.0,2.0,93318.0,4.057238280773163,659.0,10.0,2.0,8.0,32.0,17.0,15.0,221.0,237.0,70.0,19.0,73.0,14.0,27.0,4.0,9.0,10.0,81.0,152.0,210.0,37.0,0.9375,0.0,0.0,0.0,0.0,0.0,0.0,0.0,0.0,0.0,0.0,0.0,0.0,0.0,0.0,0.0,0.0,0.0,0.0,0.0,0.0,0.0,0.0,0.0,0.0,0.0,0.0,0.0,0.0,0.0,0.0,0.0,0.0,1.0,0.0,0.0,2.0,0.0,0.0,0.0,0.0,0.0,1.0,0.0,0.0,0.0,0.0,3.0,0.0,0.0,1.0,1.0,1.0,4.0,1.0,0.0,0.0,0.0,0.0,0.0,0.0,0.0,0.0,0.0,0.0,0.0,0.0,8.0,0.0,0.0,5.0,0.0,0.0,0.0,0.0,0.0,4.0,0.0,0.0,0.0,0.0,3.0,0.0,0.0,1.0,2.0,1.0,6.0,2.0
889,1.0,889.0,London_11,3years_LHD,1Lon_11,151,453,1092.0,70.0,2.0,125028.0,6.367620206438005,729.0,17.0,0.0,17.0,33.0,0.0,33.0,32.0,242.0,69.0,15.0,72.0,13.0,28.0,4.0,10.0,8.0,79.0,147.0,219.0,32.0,1.696969696969697,0.0,0.0,0.0,0.0,0.0,0.0,0.0,0.0,0.0,0.0,0.0,0.0,0.0,0.0,0.0,0.0,0.0,0.0,0.0,0.0,0.0,0.0,0.0,0.0,0.0,0.0,0.0,0.0,0.0,0.0,0.0,0.0,0.0,0.0,0.0,0.0,0.0,0.0,0.0,0.0,1.0,2.0,3.0,0.0,2.0,0.0,2.0,2.0,1.0,1.0,2.0,4.0,3.0,3.0,0.0,0.0,0.0,0.0,0.0,0.0,0.0,0.0,0.0,0.0,0.0,0.0,0.0,0.0,0.0,0.0,0.0,0.0,0.0,0.0,1.0,4.0,5.0,0.0,2.0,0.0,3.0,4.0,2.0,2.0,4.0,7.0,4.0,5.0
890,1.0,890.0,London_11,3years_LHD,1Lon_11,151,453,1092.0,70.0,2.0,156738.0,5.034653950482607,799.0,67.0,0.0,67.0,111.0,0.0,111.0,33.0,244.0,75.0,17.0,66.0,13.0,24.0,4.0,10.0,9.0,75.0,149.0,220.0,37.0,3.5315315315315314,0.0,0.0,0.0,0.0,0.0,0.0,0.0,0.0,0.0,0.0,0.0,0.0,0.0,0.0,0.0,0.0,0.0,0.0,0.0,0.0,0.0,0.0,0.0,0.0,0.0,0.0,0.0,0.0,0.0,0.0,0.0,0.0,0.0,0.0,0.0,0.0,0.0,0.0,0.0,0.0,3.0,5.0,1.0,0.0,1.0,0.0,12.0,2.0,8.0,5.0,8.0,18.0,11.0,8.0,0.0,0.0,0.0,0.0,0.0,0.0,0.0,0.0,0.0,0.0,0.0,0.0,0.0,0.0,0.0,0.0,0.0,0.0,0.0,0.0,3.0,8.0,1.0,0.0,1.0,0.0,14.0,2.0,12.0,6.0,12.0,23.0,12.0,14.0
891,1.0,891.0,London_11,3years_LHD,1Lon_11,151,453,1092.0,70.0,2.0,165798.0,3.518996288999915,819.0,56.0,2.0,54.0,110.0,19.0,91.0,111.0,244.0,88.0,13.0,61.0,13.0,24.0,4.0,6.0,9.0,76.0,163.0,205.0,40.0,2.9727272727272727,0.0,0.0,0.0,0.0,0.0,0.0,0.0,0.0,0.0,0.0,0.0,0.0,0.0,0.0,0.0,0.0,0.0,0.0,0.0,0.0,0.0,0.0,0.0,0.0,0.0,0.0,0.0,0.0,0.0,0.0,0.0,0.0,0.0,0.0,1.0,0.0,0.0,0.0,0.0,0.0,1.0,11.0,1.0,0.0,3.0,0.0,8.0,4.0,4.0,4.0,7.0,9.0,11.0,6.0,0.0,0.0,0.0,0.0,0.0,0.0,0.0,0.0,0.0,0.0,0.0,0.0,0.0,0.0,8.0,0.0,0.0,0.0,0.0,0.0,1.0,14.0,1.0,0.0,3.0,0.0,9.0,5.0,4.0,4.0,10.0,13.0,12.0,9.0
892,1.0,892.0,London_11,3years_LHD,1Lon_11,151,453,1092.0,70.0,2.0,187542.0,6.179273991845548,867.0,63.0,2.0,61.0,135.0,18.0,117.0,110.0,246.0,91.0,15.0,53.0,15.0,23.0,4.0,6.0,9.0,87.0,147.0,210.0,34.0,2.3333333333333335,0.0,0.0,0.0,0.0,0.0,0.0,0.0,0.0,0.0,1.0,0.0,0.0,1.0,0.0,0.0,0.0,0.0,0.0,1.0,0.0,0.0,0.0,0.0,0.0,0.0,0.0,0.0,0.0,0.0,0.0,0.0,0.0,0.0,0.0,0.0,0.0,0.0,0.0,0.0,0.0,1.0,9.0,1.0,1.0,2.0,0.0,13.0,6.0,4.0,8.0,12.0,15.0,13.0,7.0,0.0,0.0,0.0,0.0,0.0,0.0,0.0,0.0,0.0,0.0,0.0,0.0,0.0,0.0,0.0,0.0,0.0,0.0,0.0,0.0,1.0,13.0,1.0,1.0,2.0,0.0,17.0,12.0,6.0,9.0,25.0,23.0,18.0,13.0
893,1.0,893.0,London_11,3years_LHD,1Lon_11,151,453,1092.0,70.0,2.0,216987.0,9.032750073820353,932.0,177.0,0.0,177.0,300.0,0.0,300.0,129.0,249.0,121.0,12.0,30.0,11.0,24.0,2.0,4.0,4.0,76.0,153.0,220.0,30.0,3.9233333333333333,0.0,0.0,0.0,0.0,0.0,0.0,0.0,0.0,0.0,0.0,0.0,0.0,0.0,0.0,0.0,0.0,0.0,0.0,0.0,0.0,0.0,0.0,0.0,0.0,0.0,0.0,0.0,0.0,0.0,0.0,0.0,0.0,0.0,0.0,0.0,0.0,0.0,0.0,0.0,0.0,0.0,1.0,0.0,3.0,2.0,0.0,17.0,3.0,9.0,9.0,32.0,44.0,16.0,10.0,0.0,0.0,0.0,0.0,0.0,0.0,0.0,0.0,0.0,0.0,0.0,0.0,0.0,0.0,0.0,0.0,0.0,0.0,0.0,0.0,0.0,1.0,0.0,4.0,2.0,0.0,23.0,4.0,16.0,11.0,46.0,62.0,20.0,12.0
894,1.0,894.0,London_11,3years_LHD,1Lon_11,151,453,1092.0,70.0,2.0,180747.0,2.1570349726825953,852.0,66.0,1.0,65.0,126.0,9.0,117.0,300.0,199.0,108.0,26.0,82.0,8.0,25.0,1.0,4.0,4.0,68.0,154.0,227.0,38.0,1.2142857142857142,0.0,0.0,0.0,0.0,0.0,0.0,0.0,0.0,0.0,0.0,0.0,0.0,0.0,0.0,0.0,0.0,0.0,0.0,0.0,0.0,0.0,0.0,0.0,0.0,0.0,0.0,0.0,0.0,0.0,0.0,0.0,0.0,0.0,0.0,0.0,0.0,0.0,0.0,0.0,0.0,7.0,4.0,4.0,2.0,1.0,0.0,13.0,4.0,5.0,7.0,10.0,16.0,19.0,7.0,0.0,0.0,0.0,0.0,0.0,0.0,0.0,0.0,0.0,0.0,0.0,0.0,0.0,0.0,0.0,0.0,0.0,0.0,0.0,0.0,9.0,6.0,5.0,4.0,1.0,0.0,14.0,7.0,8.0,9.0,14.0,24.0,26.0,10.0
895,1.0,895.0,London_11,3years_LHD,1Lon_11,151,453,1092.0,70.0,2.0,190713.0,4.730670656077564,874.0,138.0,2.0,136.0,247.0,17.0,230.0,126.0,196.0,132.0,23.0,74.0,6.0,16.0,2.0,4.0,7.0,86.0,151.0,209.0,44.0,1.1538461538461537,0.0,0.0,0.0,0.0,0.0,0.0,0.0,0.0,0.0,0.0,0.0,0.0,0.0,0.0,0.0,0.0,0.0,0.0,0.0,0.0,0.0,0.0,0.0,0.0,0.0,0.0,0.0,0.0,0.0,0.0,0.0,0.0,1.0,0.0,0.0,1.0,0.0,0.0,0.0,0.0,5.0,7.0,0.0,1.0,6.0,0.0,10.0,14.0,5.0,18.0,25.0,35.0,28.0,14.0,0.0,0.0,0.0,0.0,0.0,0.0,0.0,0.0,0.0,0.0,0.0,0.0,6.0,0.0,0.0,5.0,0.0,0.0,0.0,0.0,5.0,12.0,0.0,1.0,6.0,0.0,14.0,17.0,7.0,20.0,35.0,51.0,35.0,19.0
896,1.0,896.0,London_11,3years_LHD,1Lon_11,151,453,1092.0,70.0,2.0,169422.0,8.722078586928546,827.0,75.0,0.0,75.0,130.0,0.0,130.0,247.0,215.0,126.0,17.0,69.0,3.0,14.0,1.0,8.0,6.0,84.0,151.0,212.0,46.0,0.6153846153846154,0.0,0.0,0.0,0.0,0.0,0.0,0.0,0.0,0.0,0.0,0.0,0.0,0.0,0.0,0.0,0.0,0.0,0.0,0.0,0.0,0.0,0.0,0.0,0.0,0.0,0.0,0.0,0.0,0.0,0.0,0.0,0.0,0.0,0.0,0.0,0.0,0.0,0.0,0.0,0.0,4.0,7.0,2.0,1.0,5.0,0.0,12.0,5.0,5.0,1.0,12.0,19.0,14.0,5.0,0.0,0.0,0.0,0.0,0.0,0.0,0.0,0.0,0.0,0.0,0.0,0.0,0.0,0.0,0.0,0.0,0.0,0.0,0.0,0.0,5.0,9.0,2.0,2.0,6.0,0.0,16.0,6.0,8.0,1.0,21.0,25.0,20.0,7.0
897,1.0,897.0,London_11,3years_LHD,1Lon_11,151,453,1092.0,70.0,2.0,170328.0,6.736150621436536,829.0,69.0,2.0,67.0,128.0,17.0,111.0,130.0,232.0,108.0,16.0,71.0,5.0,16.0,0.0,5.0,8.0,80.0,179.0,186.0,46.0,1.3671875,0.0,0.0,0.0,0.0,0.0,0.0,0.0,0.0,0.0,0.0,0.0,0.0,0.0,0.0,0.0,0.0,0.0,0.0,0.0,0.0,0.0,0.0,0.0,0.0,0.0,0.0,0.0,0.0,0.0,2.0,0.0,0.0,1.0,0.0,1.0,1.0,0.0,0.0,0.0,0.0,1.0,9.0,1.0,0.0,2.0,0.0,6.0,2.0,2.0,7.0,12.0,15.0,19.0,5.0,0.0,0.0,0.0,0.0,0.0,0.0,0.0,0.0,0.0,7.0,0.0,0.0,4.0,0.0,6.0,4.0,0.0,0.0,0.0,0.0,1.0,11.0,1.0,0.0,2.0,0.0,8.0,3.0,2.0,8.0,22.0,20.0,23.0,10.0
898,1.0,898.0,London_11,3years_LHD,1Lon_11,151,453,1092.0,70.0,2.0,169875.0,6.728116453625262,828.0,149.0,0.0,149.0,258.0,0.0,258.0,128.0,242.0,97.0,17.0,69.0,6.0,18.0,1.0,3.0,6.0,86.0,171.0,190.0,32.0,2.507751937984496,0.0,0.0,0.0,0.0,0.0,0.0,0.0,0.0,0.0,0.0,0.0,0.0,0.0,0.0,0.0,0.0,0.0,0.0,0.0,0.0,0.0,0.0,0.0,0.0,0.0,0.0,0.0,0.0,0.0,0.0,0.0,0.0,0.0,0.0,0.0,0.0,0.0,0.0,0.0,0.0,1.0,18.0,1.0,0.0,6.0,1.0,3.0,5.0,2.0,5.0,25.0,42.0,16.0,10.0,0.0,0.0,0.0,0.0,0.0,0.0,0.0,0.0,0.0,0.0,0.0,0.0,0.0,0.0,0.0,0.0,0.0,0.0,0.0,0.0,1.0,24.0,1.0,0.0,6.0,2.0,3.0,5.0,2.0,6.0,36.0,61.0,23.0,14.0
899,1.0,899.0,London_11,3years_LHD,1Lon_11,151,453,1092.0,70.0,2.0,138165.0,3.4940569028258324,758.0,151.0,1.0,150.0,257.0,10.0,247.0,258.0,232.0,87.0,30.0,69.0,6.0,22.0,1.0,6.0,4.0,88.0,150.0,211.0,32.0,1.4747081712062258,0.0,0.0,0.0,0.0,0.0,0.0,0.0,0.0,0.0,0.0,0.0,0.0,0.0,0.0,0.0,0.0,0.0,0.0,0.0,0.0,0.0,0.0,0.0,0.0,0.0,0.0,0.0,0.0,0.0,0.0,0.0,0.0,0.0,0.0,0.0,0.0,1.0,0.0,0.0,0.0,2.0,2.0,2.0,4.0,3.0,0.0,9.0,11.0,3.0,15.0,30.0,39.0,22.0,4.0,0.0,0.0,0.0,0.0,0.0,0.0,0.0,0.0,0.0,0.0,0.0,0.0,0.0,0.0,0.0,0.0,8.0,0.0,0.0,0.0,2.0,2.0,2.0,5.0,3.0,0.0,12.0,14.0,3.0,22.0,42.0,54.0,29.0,6.0
900,1.0,900.0,London_11,3years_LHD,1Lon_11,151,453,1092.0,70.0,2.0,94677.0,2.9194776322692633,662.0,20.0,0.0,20.0,36.0,0.0,36.0,257.0,213.0,92.0,19.0,70.0,12.0,40.0,0.0,7.0,8.0,78.0,159.0,208.0,47.0,0.4166666666666667,0.0,0.0,0.0,0.0,0.0,0.0,0.0,0.0,0.0,0.0,0.0,0.0,0.0,0.0,0.0,0.0,0.0,0.0,0.0,0.0,0.0,0.0,0.0,0.0,0.0,0.0,0.0,0.0,0.0,0.0,0.0,0.0,0.0,0.0,0.0,0.0,0.0,0.0,0.0,0.0,1.0,0.0,0.0,0.0,2.0,0.0,3.0,1.0,3.0,1.0,5.0,5.0,3.0,2.0,0.0,0.0,0.0,0.0,0.0,0.0,0.0,0.0,0.0,0.0,0.0,0.0,0.0,0.0,0.0,0.0,0.0,0.0,0.0,0.0,1.0,0.0,0.0,0.0,3.0,0.0,4.0,2.0,5.0,1.0,7.0,10.0,3.0,5.0
901,1.0,901.0,London_11,3years_LHD,1Lon_11,151,453,1092.0,70.0,2.0,119592.0,4.547742721624672,717.0,131.0,2.0,129.0,228.0,20.0,208.0,36.0,215.0,99.0,17.0,69.0,10.0,38.0,0.0,5.0,9.0,73.0,169.0,202.0,48.0,1.3771929824561404,0.0,0.0,0.0,0.0,0.0,0.0,0.0,0.0,0.0,0.0,0.0,0.0,0.0,0.0,0.0,0.0,0.0,0.0,0.0,0.0,0.0,0.0,0.0,0.0,0.0,0.0,0.0,0.0,0.0,0.0,0.0,0.0,1.0,0.0,0.0,0.0,1.0,0.0,0.0,0.0,5.0,1.0,0.0,3.0,11.0,1.0,5.0,8.0,10.0,12.0,30.0,32.0,16.0,10.0,0.0,0.0,0.0,0.0,0.0,0.0,0.0,0.0,0.0,0.0,0.0,0.0,7.0,0.0,0.0,0.0,9.0,0.0,0.0,0.0,6.0,1.0,0.0,3.0,11.0,1.0,7.0,9.0,11.0,14.0,39.0,52.0,20.0,17.0
902,1.0,902.0,London_11,3years_LHD,1Lon_11,151,453,1092.0,70.0,2.0,89241.0,1.0932823335751891,650.0,9.0,2.0,7.0,26.0,16.0,10.0,228.0,222.0,96.0,18.0,61.0,13.0,35.0,0.0,8.0,4.0,81.0,148.0,220.0,31.0,2.5,0.0,0.0,0.0,0.0,0.0,0.0,0.0,0.0,0.0,0.0,0.0,0.0,0.0,0.0,0.0,0.0,0.0,0.0,0.0,0.0,0.0,0.0,0.0,0.0,0.0,0.0,0.0,0.0,0.0,0.0,0.0,0.0,1.0,0.0,0.0,2.0,0.0,0.0,0.0,0.0,0.0,0.0,0.0,0.0,0.0,0.0,1.0,1.0,1.0,0.0,2.0,0.0,2.0,1.0,0.0,0.0,0.0,0.0,0.0,0.0,0.0,0.0,0.0,0.0,0.0,0.0,8.0,0.0,0.0,12.0,0.0,0.0,0.0,0.0,0.0,0.0,0.0,0.0,0.0,0.0,1.0,2.0,2.0,0.0,2.0,0.0,3.0,1.0
903,1.0,903.0,London_11,3years_LHD,1Lon_11,151,453,1092.0,70.0,2.0,124575.0,3.1736758146435022,728.0,23.0,0.0,23.0,35.0,0.0,35.0,26.0,222.0,101.0,17.0,58.0,10.0,38.0,0.0,7.0,3.0,87.0,140.0,223.0,25.0,2.1142857142857143,0.0,0.0,0.0,0.0,0.0,0.0,0.0,0.0,0.0,0.0,0.0,0.0,0.0,0.0,0.0,0.0,0.0,0.0,0.0,0.0,0.0,0.0,0.0,0.0,0.0,0.0,0.0,0.0,0.0,0.0,0.0,0.0,0.0,0.0,0.0,0.0,0.0,0.0,0.0,0.0,0.0,2.0,0.0,1.0,0.0,0.0,4.0,1.0,2.0,3.0,1.0,4.0,5.0,1.0,0.0,0.0,0.0,0.0,0.0,0.0,0.0,0.0,0.0,0.0,0.0,0.0,0.0,0.0,0.0,0.0,0.0,0.0,0.0,0.0,0.0,3.0,0.0,2.0,0.0,0.0,4.0,2.0,3.0,4.0,1.0,6.0,5.0,2.0
904,1.0,904.0,London_11,3years_LHD,1Lon_11,151,453,1092.0,70.0,2.0,155832.0,3.756552141159773,797.0,65.0,0.0,65.0,110.0,0.0,110.0,35.0,221.0,99.0,15.0,59.0,10.0,43.0,0.0,6.0,4.0,83.0,141.0,225.0,25.0,2.981818181818182,0.0,0.0,0.0,0.0,0.0,0.0,0.0,0.0,0.0,0.0,0.0,0.0,0.0,0.0,0.0,0.0,0.0,0.0,0.0,0.0,0.0,0.0,0.0,0.0,0.0,0.0,0.0,0.0,0.0,0.0,0.0,0.0,0.0,0.0,0.0,0.0,0.0,0.0,0.0,0.0,1.0,1.0,4.0,2.0,0.0,1.0,12.0,7.0,8.0,4.0,13.0,14.0,19.0,6.0,0.0,0.0,0.0,0.0,0.0,0.0,0.0,0.0,0.0,0.0,0.0,0.0,0.0,0.0,0.0,0.0,0.0,0.0,0.0,0.0,1.0,1.0,4.0,3.0,0.0,1.0,14.0,9.0,9.0,6.0,16.0,21.0,25.0,10.0
905,1.0,905.0,London_11,3years_LHD,1Lon_11,151,453,1092.0,70.0,2.0,170328.0,2.56649118475616,829.0,55.0,2.0,53.0,107.0,17.0,90.0,110.0,220.0,97.0,16.0,58.0,9.0,45.0,0.0,8.0,6.0,89.0,137.0,221.0,37.0,2.2523364485981308,0.0,0.0,0.0,0.0,0.0,0.0,0.0,0.0,0.0,0.0,0.0,0.0,0.0,0.0,0.0,0.0,0.0,0.0,0.0,0.0,0.0,0.0,0.0,0.0,0.0,0.0,0.0,0.0,0.0,0.0,0.0,0.0,0.0,0.0,0.0,1.0,0.0,0.0,0.0,0.0,1.0,1.0,1.0,0.0,3.0,0.0,12.0,3.0,2.0,5.0,9.0,12.0,9.0,3.0,0.0,0.0,0.0,0.0,0.0,0.0,0.0,0.0,0.0,0.0,0.0,0.0,0.0,0.0,0.0,3.0,0.0,0.0,0.0,0.0,1.0,1.0,1.0,0.0,3.0,0.0,17.0,3.0,3.0,6.0,13.0,17.0,13.0,3.0
906,1.0,906.0,London_11,3years_LHD,1Lon_11,151,453,1092.0,70.0,2.0,187995.0,3.7985451444983482,868.0,70.0,2.0,68.0,135.0,18.0,117.0,107.0,233.0,94.0,13.0,59.0,6.0,40.0,0.0,8.0,4.0,90.0,141.0,218.0,38.0,2.6074074074074076,0.0,0.0,0.0,0.0,0.0,0.0,0.0,0.0,0.0,0.0,0.0,0.0,0.0,0.0,0.0,0.0,0.0,0.0,0.0,0.0,0.0,0.0,0.0,0.0,0.0,0.0,0.0,0.0,0.0,1.0,0.0,0.0,2.0,0.0,0.0,1.0,0.0,0.0,0.0,0.0,1.0,5.0,1.0,0.0,0.0,0.0,11.0,2.0,8.0,4.0,10.0,16.0,10.0,6.0,0.0,0.0,0.0,0.0,0.0,0.0,0.0,0.0,0.0,6.0,0.0,0.0,17.0,0.0,0.0,8.0,0.0,0.0,0.0,0.0,1.0,9.0,3.0,0.0,0.0,0.0,15.0,2.0,9.0,7.0,14.0,26.0,13.0,8.0
907,1.0,907.0,London_11,3years_LHD,1Lon_11,151,453,1092.0,70.0,2.0,215175.0,5.77028107829392,928.0,177.0,0.0,177.0,301.0,0.0,301.0,135.0,233.0,102.0,13.0,59.0,10.0,32.0,0.0,4.0,4.0,84.0,141.0,224.0,40.0,3.425249169435216,0.0,0.0,0.0,0.0,0.0,0.0,0.0,0.0,0.0,0.0,0.0,0.0,0.0,0.0,0.0,0.0,0.0,0.0,0.0,0.0,0.0,0.0,0.0,0.0,0.0,0.0,0.0,0.0,0.0,0.0,0.0,0.0,0.0,0.0,0.0,0.0,0.0,0.0,0.0,0.0,1.0,5.0,0.0,0.0,1.0,0.0,20.0,9.0,1.0,2.0,41.0,40.0,26.0,17.0,0.0,0.0,0.0,0.0,0.0,0.0,0.0,0.0,0.0,0.0,0.0,0.0,0.0,0.0,0.0,0.0,0.0,0.0,0.0,0.0,1.0,5.0,0.0,0.0,2.0,0.0,24.0,9.0,2.0,2.0,62.0,54.0,32.0,24.0
908,1.0,908.0,London_11,3years_LHD,1Lon_11,151,453,1092.0,70.0,2.0,172140.0,4.080186110921204,833.0,67.0,0.0,67.0,116.0,0.0,116.0,301.0,185.0,111.0,22.0,79.0,8.0,33.0,6.0,9.0,4.0,90.0,138.0,221.0,48.0,0.603448275862069,0.0,0.0,0.0,0.0,0.0,0.0,0.0,0.0,0.0,0.0,0.0,0.0,0.0,0.0,0.0,0.0,0.0,0.0,0.0,0.0,0.0,0.0,0.0,0.0,0.0,0.0,0.0,0.0,0.0,0.0,0.0,0.0,0.0,0.0,0.0,0.0,0.0,0.0,0.0,0.0,3.0,7.0,6.0,1.0,3.0,0.0,8.0,1.0,5.0,8.0,11.0,13.0,11.0,4.0,0.0,0.0,0.0,0.0,0.0,0.0,0.0,0.0,0.0,0.0,0.0,0.0,0.0,0.0,0.0,0.0,0.0,0.0,0.0,0.0,4.0,11.0,7.0,1.0,3.0,0.0,12.0,2.0,6.0,11.0,18.0,19.0,15.0,4.0
909,1.0,909.0,London_11,3years_LHD,1Lon_11,151,453,1092.0,70.0,2.0,187995.0,3.6826069559901953,868.0,132.0,2.0,130.0,252.0,22.0,230.0,116.0,194.0,111.0,21.0,72.0,8.0,35.0,8.0,4.0,5.0,90.0,144.0,214.0,57.0,1.7103174603174602,0.0,0.0,0.0,0.0,0.0,0.0,0.0,0.0,0.0,0.0,0.0,0.0,0.0,0.0,0.0,0.0,0.0,0.0,0.0,0.0,0.0,0.0,0.0,0.0,0.0,0.0,0.0,0.0,0.0,0.0,0.0,0.0,0.0,0.0,0.0,1.0,0.0,0.0,0.0,0.0,3.0,3.0,1.0,0.0,4.0,1.0,23.0,8.0,8.0,9.0,21.0,31.0,22.0,4.0,0.0,0.0,0.0,0.0,0.0,0.0,0.0,0.0,0.0,0.0,0.0,0.0,0.0,0.0,0.0,6.0,0.0,0.0,0.0,0.0,3.0,6.0,1.0,0.0,4.0,2.0,34.0,10.0,10.0,12.0,29.0,48.0,28.0,7.0
910,1.0,910.0,London_11,3years_LHD,1Lon_11,151,453,1092.0,70.0,2.0,172593.0,4.805644894018769,834.0,77.0,0.0,77.0,130.0,0.0,130.0,252.0,202.0,119.0,19.0,70.0,14.0,19.0,6.0,4.0,3.0,80.0,154.0,216.0,50.0,0.8153846153846154,0.0,0.0,0.0,0.0,0.0,0.0,0.0,0.0,0.0,0.0,0.0,0.0,0.0,0.0,0.0,0.0,0.0,0.0,0.0,0.0,0.0,0.0,0.0,0.0,0.0,0.0,0.0,0.0,0.0,0.0,0.0,0.0,0.0,0.0,0.0,0.0,0.0,0.0,0.0,0.0,2.0,3.0,3.0,0.0,5.0,0.0,5.0,3.0,5.0,11.0,14.0,17.0,16.0,6.0,0.0,0.0,0.0,0.0,0.0,0.0,0.0,0.0,0.0,0.0,0.0,0.0,0.0,0.0,0.0,0.0,0.0,0.0,0.0,0.0,2.0,5.0,3.0,0.0,5.0,0.0,6.0,3.0,9.0,12.0,22.0,25.0,21.0,7.0
911,1.0,911.0,London_11,3years_LHD,1Lon_11,151,453,1092.0,70.0,2.0,166251.0,4.5002060905098915,820.0,67.0,2.0,65.0,126.0,17.0,109.0,130.0,209.0,109.0,24.0,72.0,14.0,18.0,3.0,4.0,5.0,72.0,163.0,213.0,49.0,1.1587301587301588,0.0,0.0,0.0,0.0,0.0,0.0,0.0,0.0,0.0,0.0,0.0,0.0,0.0,0.0,0.0,0.0,0.0,0.0,0.0,0.0,0.0,0.0,0.0,0.0,0.0,0.0,0.0,0.0,0.0,0.0,1.0,0.0,1.0,0.0,0.0,0.0,0.0,0.0,0.0,0.0,3.0,3.0,3.0,2.0,5.0,0.0,7.0,8.0,3.0,4.0,11.0,17.0,10.0,7.0,0.0,0.0,0.0,0.0,0.0,0.0,0.0,0.0,0.0,0.0,5.0,0.0,6.0,0.0,0.0,0.0,0.0,0.0,0.0,0.0,3.0,4.0,3.0,2.0,6.0,0.0,8.0,10.0,3.0,5.0,17.0,22.0,11.0,10.0
912,1.0,912.0,London_11,3years_LHD,1Lon_11,151,453,1092.0,70.0,2.0,170328.0,1.5053858933970332,829.0,153.0,0.0,153.0,257.0,0.0,257.0,126.0,223.0,102.0,24.0,61.0,16.0,19.0,2.0,6.0,5.0,73.0,163.0,212.0,37.0,2.544747081712062,0.0,0.0,0.0,0.0,0.0,0.0,0.0,0.0,0.0,0.0,0.0,0.0,0.0,0.0,0.0,0.0,0.0,0.0,0.0,0.0,0.0,0.0,0.0,0.0,0.0,0.0,0.0,0.0,0.0,0.0,0.0,0.0,0.0,0.0,0.0,0.0,0.0,0.0,0.0,0.0,2.0,23.0,2.0,1.0,2.0,0.0,9.0,13.0,8.0,5.0,35.0,33.0,15.0,13.0,0.0,0.0,0.0,0.0,0.0,0.0,0.0,0.0,0.0,0.0,0.0,0.0,0.0,0.0,0.0,0.0,0.0,0.0,0.0,0.0,2.0,30.0,2.0,1.0,2.0,0.0,11.0,18.0,12.0,7.0,50.0,48.0,18.0,21.0
913,1.0,913.0,London_11,3years_LHD,1Lon_11,151,453,1092.0,70.0,2.0,133182.0,5.333738378249109,747.0,148.0,0.0,148.0,248.0,0.0,248.0,257.0,198.0,112.0,18.0,84.0,13.0,20.0,2.0,6.0,8.0,63.0,166.0,216.0,40.0,0.592741935483871,0.0,0.0,0.0,0.0,0.0,0.0,0.0,0.0,0.0,0.0,0.0,0.0,0.0,0.0,0.0,0.0,0.0,0.0,0.0,0.0,0.0,0.0,0.0,0.0,0.0,0.0,0.0,0.0,0.0,0.0,0.0,0.0,0.0,0.0,0.0,0.0,0.0,0.0,0.0,0.0,1.0,13.0,1.0,5.0,10.0,0.0,10.0,5.0,13.0,6.0,22.0,29.0,14.0,8.0,0.0,0.0,0.0,0.0,0.0,0.0,0.0,0.0,0.0,0.0,0.0,0.0,0.0,0.0,0.0,0.0,0.0,0.0,0.0,0.0,1.0,17.0,1.0,8.0,10.0,0.0,15.0,7.0,17.0,7.0,34.0,39.0,17.0,12.0
914,1.0,914.0,London_11,3years_LHD,1Lon_11,151,453,1092.0,70.0,2.0,87429.0,6.211510390974581,646.0,22.0,0.0,22.0,36.0,0.0,36.0,248.0,208.0,113.0,14.0,65.0,17.0,31.0,1.0,4.0,4.0,66.0,161.0,222.0,34.0,0.75,0.0,0.0,0.0,0.0,0.0,0.0,0.0,0.0,0.0,0.0,0.0,0.0,0.0,0.0,0.0,0.0,0.0,0.0,0.0,0.0,0.0,0.0,0.0,0.0,0.0,0.0,0.0,0.0,0.0,0.0,0.0,0.0,0.0,0.0,0.0,0.0,0.0,0.0,0.0,0.0,1.0,0.0,0.0,1.0,2.0,0.0,3.0,2.0,0.0,1.0,3.0,4.0,1.0,1.0,0.0,0.0,0.0,0.0,0.0,0.0,0.0,0.0,0.0,0.0,0.0,0.0,0.0,0.0,0.0,0.0,0.0,0.0,0.0,0.0,1.0,0.0,0.0,2.0,2.0,0.0,4.0,3.0,0.0,1.0,4.0,4.0,1.0,1.0
915,1.0,915.0,London_11,3years_LHD,1Lon_11,151,453,1092.0,70.0,2.0,111438.0,7.330866454169154,699.0,115.0,2.0,113.0,226.0,20.0,206.0,36.0,210.0,103.0,16.0,65.0,17.0,37.0,1.0,4.0,5.0,67.0,162.0,219.0,35.0,1.3468468468468469,0.0,0.0,0.0,0.0,0.0,0.0,0.0,0.0,0.0,1.0,0.0,1.0,0.0,0.0,0.0,0.0,0.0,0.0,1.0,0.0,0.0,0.0,0.0,0.0,0.0,0.0,0.0,0.0,0.0,0.0,0.0,0.0,0.0,0.0,0.0,2.0,0.0,0.0,0.0,0.0,7.0,8.0,4.0,0.0,11.0,1.0,13.0,11.0,1.0,4.0,21.0,20.0,30.0,9.0,0.0,0.0,0.0,0.0,0.0,0.0,0.0,0.0,0.0,0.0,0.0,0.0,0.0,0.0,0.0,11.0,0.0,0.0,0.0,0.0,8.0,13.0,4.0,0.0,11.0,2.0,19.0,15.0,2.0,4.0,33.0,25.0,40.0,11.0
916,1.0,916.0,London_11,3years_LHD,1Lon_11,151,453,1092.0,70.0,2.0,90147.0,4.880533360876143,652.0,11.0,2.0,9.0,32.0,18.0,14.0,222.0,239.0,87.0,12.0,76.0,7.0,25.0,1.0,6.0,6.0,65.0,164.0,218.0,29.0,1.9375,0.0,0.0,0.0,0.0,0.0,0.0,0.0,0.0,0.0,0.0,0.0,0.0,0.0,0.0,0.0,0.0,0.0,0.0,0.0,0.0,0.0,0.0,0.0,0.0,0.0,0.0,0.0,0.0,0.0,0.0,0.0,0.0,0.0,0.0,0.0,2.0,0.0,0.0,0.0,0.0,0.0,0.0,0.0,0.0,0.0,0.0,0.0,0.0,0.0,0.0,2.0,2.0,3.0,0.0,0.0,0.0,0.0,0.0,0.0,0.0,0.0,0.0,0.0,0.0,0.0,0.0,0.0,0.0,0.0,6.0,0.0,0.0,0.0,0.0,0.0,0.0,0.0,0.0,0.0,0.0,0.0,0.0,0.0,0.0,3.0,4.0,4.0,0.0
917,1.0,917.0,London_11,3years_LHD,1Lon_11,151,453,1092.0,70.0,2.0,124122.0,4.2149581257253885,727.0,20.0,0.0,20.0,33.0,0.0,33.0,32.0,241.0,86.0,10.0,78.0,6.0,25.0,1.0,6.0,1.0,69.0,161.0,222.0,22.0,2.4545454545454546,0.0,0.0,0.0,0.0,0.0,0.0,0.0,0.0,0.0,0.0,0.0,0.0,0.0,0.0,0.0,0.0,0.0,0.0,0.0,0.0,0.0,0.0,0.0,0.0,0.0,0.0,0.0,0.0,0.0,0.0,0.0,0.0,0.0,0.0,0.0,0.0,0.0,0.0,0.0,0.0,0.0,0.0,0.0,0.0,2.0,0.0,2.0,0.0,0.0,2.0,4.0,6.0,4.0,3.0,0.0,0.0,0.0,0.0,0.0,0.0,0.0,0.0,0.0,0.0,0.0,0.0,0.0,0.0,0.0,0.0,0.0,0.0,0.0,0.0,0.0,0.0,0.0,0.0,2.0,0.0,3.0,0.0,0.0,2.0,5.0,8.0,5.0,5.0
918,1.0,918.0,London_11,3years_LHD,1Lon_11,151,453,1092.0,70.0,2.0,156738.0,0.5931440740823746,799.0,63.0,0.0,63.0,111.0,0.0,111.0,33.0,244.0,78.0,10.0,82.0,8.0,25.0,1.0,5.0,1.0,70.0,166.0,216.0,27.0,3.3963963963963963,0.0,0.0,0.0,0.0,0.0,0.0,0.0,0.0,0.0,0.0,0.0,0.0,0.0,0.0,0.0,0.0,0.0,0.0,0.0,0.0,0.0,0.0,0.0,0.0,0.0,0.0,0.0,0.0,0.0,0.0,0.0,0.0,0.0,0.0,0.0,0.0,0.0,0.0,0.0,0.0,0.0,4.0,4.0,0.0,8.0,0.0,5.0,6.0,11.0,5.0,7.0,18.0,21.0,6.0,0.0,0.0,0.0,0.0,0.0,0.0,0.0,0.0,0.0,0.0,0.0,0.0,0.0,0.0,0.0,0.0,0.0,0.0,0.0,0.0,0.0,4.0,5.0,0.0,9.0,0.0,7.0,8.0,19.0,6.0,11.0,36.0,30.0,10.0
919,1.0,919.0,London_11,3years_LHD,1Lon_11,151,453,1092.0,70.0,2.0,167157.0,2.7066641664132476,822.0,56.0,2.0,54.0,109.0,19.0,90.0,111.0,251.0,73.0,5.0,91.0,8.0,24.0,0.0,1.0,3.0,70.0,160.0,220.0,30.0,4.275229357798165,0.0,0.0,0.0,0.0,0.0,0.0,0.0,0.0,0.0,0.0,0.0,0.0,0.0,0.0,0.0,0.0,0.0,0.0,0.0,0.0,0.0,0.0,0.0,0.0,0.0,0.0,0.0,0.0,0.0,0.0,0.0,0.0,0.0,0.0,0.0,1.0,0.0,0.0,0.0,0.0,8.0,6.0,4.0,0.0,3.0,1.0,6.0,4.0,0.0,1.0,10.0,13.0,14.0,6.0,0.0,0.0,0.0,0.0,0.0,0.0,0.0,0.0,0.0,0.0,0.0,0.0,0.0,0.0,0.0,5.0,0.0,0.0,0.0,0.0,8.0,7.0,6.0,0.0,3.0,2.0,8.0,6.0,0.0,1.0,16.0,17.0,18.0,10.0
920,1.0,920.0,London_11,3years_LHD,1Lon_11,151,453,1092.0,70.0,2.0,188901.0,4.281692516990006,870.0,70.0,3.0,67.0,142.0,25.0,117.0,109.0,238.0,83.0,4.0,84.0,12.0,28.0,0.0,4.0,2.0,74.0,164.0,213.0,30.0,3.0567375886524824,0.0,0.0,0.0,0.0,0.0,0.0,0.0,0.0,0.0,1.0,0.0,0.0,0.0,0.0,0.0,1.0,0.0,0.0,1.0,0.0,0.0,0.0,0.0,0.0,0.0,0.0,0.0,0.0,0.0,0.0,0.0,0.0,1.0,0.0,1.0,2.0,0.0,0.0,0.0,0.0,0.0,2.0,2.0,1.0,4.0,0.0,6.0,10.0,1.0,8.0,14.0,22.0,5.0,3.0,0.0,0.0,0.0,0.0,0.0,0.0,0.0,0.0,0.0,0.0,0.0,0.0,5.0,0.0,8.0,15.0,0.0,0.0,0.0,0.0,0.0,2.0,2.0,1.0,4.0,0.0,7.0,17.0,1.0,11.0,21.0,33.0,9.0,5.0
921,1.0,921.0,London_11,3years_LHD,1Lon_11,151,453,1092.0,70.0,2.0,212457.0,2.559798543341458,922.0,170.0,0.0,170.0,301.0,0.0,301.0,141.0,223.0,103.0,6.0,74.0,9.0,31.0,2.0,5.0,5.0,74.0,158.0,216.0,27.0,3.3787375415282392,0.0,0.0,0.0,0.0,0.0,0.0,0.0,0.0,0.0,0.0,0.0,0.0,0.0,0.0,0.0,0.0,0.0,0.0,0.0,0.0,0.0,0.0,0.0,0.0,0.0,0.0,0.0,0.0,0.0,0.0,0.0,0.0,0.0,0.0,0.0,0.0,0.0,0.0,0.0,0.0,0.0,1.0,0.0,5.0,0.0,0.0,8.0,11.0,5.0,9.0,36.0,38.0,26.0,10.0,0.0,0.0,0.0,0.0,0.0,0.0,0.0,0.0,0.0,0.0,0.0,0.0,0.0,0.0,0.0,0.0,0.0,0.0,0.0,0.0,0.0,1.0,0.0,10.0,0.0,0.0,9.0,17.0,6.0,11.0,57.0,59.0,31.0,13.0
922,1.0,922.0,London_11,3years_LHD,1Lon_11,151,453,1092.0,70.0,2.0,178029.0,2.1589222671464086,846.0,67.0,0.0,67.0,116.0,0.0,116.0,301.0,177.0,113.0,17.0,101.0,5.0,34.0,2.0,4.0,5.0,75.0,154.0,219.0,44.0,1.1982758620689655,0.0,0.0,0.0,0.0,0.0,0.0,0.0,0.0,0.0,0.0,0.0,0.0,0.0,0.0,0.0,0.0,0.0,0.0,0.0,0.0,0.0,0.0,0.0,0.0,0.0,0.0,0.0,0.0,0.0,0.0,0.0,0.0,0.0,0.0,0.0,0.0,0.0,0.0,0.0,0.0,5.0,5.0,2.0,1.0,2.0,0.0,10.0,5.0,1.0,8.0,12.0,17.0,8.0,14.0,0.0,0.0,0.0,0.0,0.0,0.0,0.0,0.0,0.0,0.0,0.0,0.0,0.0,0.0,0.0,0.0,0.0,0.0,0.0,0.0,5.0,8.0,2.0,1.0,2.0,0.0,15.0,8.0,1.0,9.0,21.0,25.0,9.0,19.0
923,1.0,923.0,London_11,3years_LHD,1Lon_11,151,453,1092.0,70.0,2.0,197508.0,6.082175691612065,889.0,136.0,2.0,134.0,248.0,17.0,231.0,116.0,180.0,97.0,19.0,109.0,6.0,34.0,2.0,6.0,5.0,83.0,168.0,197.0,56.0,1.2620967741935485,0.0,0.0,0.0,0.0,0.0,0.0,0.0,0.0,0.0,0.0,0.0,0.0,0.0,0.0,0.0,0.0,0.0,0.0,0.0,0.0,0.0,0.0,0.0,0.0,0.0,0.0,0.0,0.0,0.0,0.0,0.0,0.0,1.0,0.0,0.0,1.0,0.0,0.0,0.0,0.0,6.0,4.0,4.0,0.0,1.0,0.0,13.0,5.0,5.0,9.0,34.0,23.0,20.0,13.0,0.0,0.0,0.0,0.0,0.0,0.0,0.0,0.0,0.0,0.0,0.0,0.0,6.0,0.0,0.0,3.0,0.0,0.0,0.0,0.0,7.0,4.0,6.0,0.0,1.0,0.0,22.0,7.0,9.0,13.0,53.0,32.0,26.0,25.0
924,1.0,924.0,London_11,3years_LHD,1Lon_11,151,453,1092.0,70.0,2.0,175311.0,3.0681957993656397,840.0,74.0,0.0,74.0,130.0,0.0,130.0,248.0,191.0,112.0,19.0,88.0,5.0,35.0,0.0,3.0,5.0,64.0,154.0,230.0,45.0,1.0615384615384615,0.0,0.0,0.0,0.0,0.0,0.0,0.0,0.0,0.0,0.0,0.0,0.0,0.0,0.0,0.0,0.0,0.0,0.0,0.0,0.0,0.0,0.0,0.0,0.0,0.0,0.0,0.0,0.0,0.0,0.0,0.0,0.0,0.0,0.0,0.0,0.0,0.0,0.0,0.0,0.0,5.0,3.0,1.0,1.0,2.0,0.0,8.0,8.0,7.0,14.0,14.0,13.0,15.0,3.0,0.0,0.0,0.0,0.0,0.0,0.0,0.0,0.0,0.0,0.0,0.0,0.0,0.0,0.0,0.0,0.0,0.0,0.0,0.0,0.0,6.0,3.0,1.0,2.0,2.0,0.0,13.0,11.0,9.0,16.0,24.0,20.0,19.0,4.0
925,1.0,925.0,London_11,3years_LHD,1Lon_11,151,453,1092.0,70.0,2.0,168969.0,7.091041972860694,826.0,60.0,2.0,58.0,124.0,15.0,109.0,130.0,204.0,114.0,22.0,75.0,7.0,30.0,0.0,1.0,5.0,59.0,164.0,225.0,51.0,1.4274193548387097,0.0,0.0,0.0,0.0,0.0,0.0,0.0,0.0,0.0,0.0,0.0,0.0,0.0,0.0,0.0,0.0,0.0,0.0,0.0,0.0,0.0,0.0,0.0,0.0,0.0,0.0,0.0,0.0,0.0,0.0,0.0,0.0,0.0,0.0,0.0,0.0,0.0,0.0,0.0,0.0,1.0,1.0,0.0,1.0,4.0,0.0,9.0,6.0,4.0,9.0,14.0,18.0,9.0,4.0,0.0,0.0,0.0,0.0,0.0,0.0,0.0,0.0,0.0,0.0,0.0,0.0,0.0,0.0,0.0,0.0,0.0,0.0,0.0,0.0,1.0,1.0,0.0,2.0,4.0,0.0,16.0,11.0,5.0,14.0,22.0,30.0,13.0,10.0
926,1.0,926.0,London_11,3years_LHD,1Lon_11,151,453,1092.0,70.0,2.0,175311.0,6.377477311529219,840.0,157.0,0.0,157.0,258.0,0.0,258.0,124.0,208.0,115.0,23.0,69.0,8.0,27.0,1.0,2.0,4.0,63.0,165.0,221.0,47.0,1.5426356589147288,0.0,0.0,0.0,0.0,0.0,0.0,0.0,0.0,0.0,0.0,0.0,0.0,0.0,0.0,0.0,0.0,0.0,0.0,0.0,0.0,0.0,0.0,0.0,0.0,0.0,0.0,0.0,0.0,0.0,0.0,0.0,0.0,0.0,0.0,0.0,0.0,0.0,0.0,0.0,0.0,1.0,0.0,0.0,0.0,7.0,0.0,10.0,20.0,1.0,9.0,33.0,34.0,25.0,9.0,0.0,0.0,0.0,0.0,0.0,0.0,0.0,0.0,0.0,0.0,0.0,0.0,0.0,0.0,0.0,0.0,0.0,0.0,0.0,0.0,1.0,0.0,0.0,0.0,7.0,0.0,14.0,26.0,1.0,10.0,45.0,48.0,29.0,13.0
927,1.0,927.0,London_11,3years_LHD,1Lon_11,151,453,1092.0,70.0,2.0,129558.0,2.609069467522204,739.0,145.0,1.0,144.0,257.0,9.0,248.0,258.0,219.0,107.0,13.0,72.0,9.0,25.0,2.0,6.0,7.0,73.0,156.0,217.0,34.0,1.3424124513618676,0.0,0.0,0.0,0.0,0.0,0.0,0.0,0.0,0.0,0.0,0.0,0.0,0.0,0.0,0.0,0.0,0.0,0.0,0.0,0.0,0.0,0.0,0.0,0.0,0.0,0.0,0.0,0.0,0.0,0.0,0.0,0.0,0.0,0.0,0.0,1.0,0.0,0.0,0.0,0.0,12.0,9.0,1.0,3.0,2.0,0.0,14.0,13.0,7.0,11.0,27.0,31.0,18.0,10.0,0.0,0.0,0.0,0.0,0.0,0.0,0.0,0.0,0.0,0.0,0.0,0.0,0.0,0.0,0.0,8.0,0.0,0.0,0.0,0.0,13.0,10.0,1.0,3.0,2.0,0.0,18.0,17.0,7.0,17.0,41.0,49.0,22.0,13.0
928,1.0,928.0,London_11,3years_LHD,1Lon_11,151,453,1092.0,70.0,2.0,89241.0,3.6833793222904205,650.0,18.0,0.0,18.0,36.0,0.0,36.0,257.0,218.0,88.0,24.0,82.0,10.0,25.0,3.0,3.0,5.0,73.0,169.0,206.0,28.0,0.6944444444444444,0.0,0.0,0.0,0.0,0.0,0.0,0.0,0.0,0.0,0.0,0.0,0.0,0.0,0.0,0.0,0.0,0.0,0.0,0.0,0.0,0.0,0.0,0.0,0.0,0.0,0.0,0.0,0.0,0.0,0.0,0.0,0.0,0.0,0.0,0.0,0.0,0.0,0.0,0.0,0.0,1.0,1.0,0.0,1.0,0.0,0.0,4.0,1.0,0.0,1.0,2.0,3.0,3.0,2.0,0.0,0.0,0.0,0.0,0.0,0.0,0.0,0.0,0.0,0.0,0.0,0.0,0.0,0.0,0.0,0.0,0.0,0.0,0.0,0.0,2.0,1.0,0.0,4.0,0.0,0.0,7.0,2.0,0.0,2.0,2.0,7.0,4.0,6.0
929,1.0,929.0,London_11,3years_LHD,1Lon_11,151,453,1092.0,70.0,2.0,115515.0,5.596922007389367,708.0,120.0,2.0,118.0,224.0,17.0,207.0,36.0,220.0,94.0,24.0,77.0,11.0,25.0,2.0,0.0,6.0,77.0,169.0,201.0,27.0,1.6026785714285714,0.0,0.0,0.0,0.0,0.0,0.0,0.0,0.0,0.0,0.0,0.0,0.0,0.0,0.0,0.0,0.0,0.0,0.0,0.0,0.0,0.0,0.0,0.0,0.0,0.0,0.0,0.0,0.0,0.0,0.0,0.0,0.0,0.0,0.0,0.0,1.0,0.0,0.0,0.0,0.0,3.0,10.0,2.0,2.0,4.0,1.0,10.0,16.0,13.0,11.0,20.0,27.0,18.0,10.0,0.0,0.0,0.0,0.0,0.0,0.0,0.0,0.0,0.0,0.0,0.0,0.0,0.0,0.0,0.0,3.0,0.0,0.0,0.0,0.0,4.0,13.0,2.0,4.0,5.0,1.0,11.0,27.0,19.0,15.0,28.0,42.0,25.0,14.0
930,1.0,930.0,London_11,3years_LHD,1Lon_11,151,453,1092.0,70.0,2.0,86523.0,1.1945613836869597,644.0,9.0,2.0,7.0,28.0,17.0,11.0,224.0,231.0,106.0,19.0,63.0,11.0,19.0,1.0,3.0,5.0,77.0,150.0,221.0,36.0,1.5714285714285714,0.0,0.0,0.0,0.0,0.0,0.0,0.0,0.0,0.0,0.0,0.0,0.0,0.0,0.0,0.0,0.0,0.0,0.0,0.0,0.0,0.0,0.0,0.0,0.0,0.0,0.0,0.0,0.0,0.0,0.0,0.0,0.0,1.0,0.0,0.0,2.0,0.0,0.0,0.0,0.0,0.0,2.0,0.0,0.0,0.0,0.0,1.0,1.0,0.0,0.0,2.0,1.0,2.0,0.0,0.0,0.0,0.0,0.0,0.0,0.0,0.0,0.0,0.0,0.0,0.0,0.0,5.0,0.0,0.0,8.0,0.0,0.0,0.0,0.0,0.0,3.0,0.0,0.0,0.0,0.0,1.0,1.0,0.0,0.0,3.0,2.0,2.0,0.0
931,1.0,931.0,London_11,3years_LHD,1Lon_11,151,453,1092.0,70.0,2.0,119592.0,1.4910610616207123,717.0,17.0,0.0,17.0,28.0,0.0,28.0,28.0,230.0,108.0,16.0,64.0,13.0,20.0,1.0,1.0,5.0,78.0,139.0,231.0,32.0,1.1428571428571428,0.0,0.0,0.0,0.0,0.0,0.0,0.0,0.0,0.0,0.0,0.0,0.0,0.0,0.0,0.0,0.0,0.0,0.0,0.0,0.0,0.0,0.0,0.0,0.0,0.0,0.0,0.0,0.0,0.0,0.0,0.0,0.0,0.0,0.0,0.0,0.0,0.0,0.0,0.0,0.0,0.0,0.0,0.0,0.0,0.0,0.0,2.0,1.0,1.0,0.0,3.0,5.0,4.0,2.0,0.0,0.0,0.0,0.0,0.0,0.0,0.0,0.0,0.0,0.0,0.0,0.0,0.0,0.0,0.0,0.0,0.0,0.0,0.0,0.0,0.0,0.0,0.0,0.0,0.0,0.0,2.0,2.0,1.0,0.0,5.0,7.0,4.0,3.0
932,1.0,932.0,London_11,3years_LHD,1Lon_11,151,453,1092.0,70.0,2.0,152208.0,2.2860763892531395,789.0,65.0,0.0,65.0,112.0,0.0,112.0,28.0,235.0,105.0,15.0,58.0,14.0,22.0,1.0,3.0,6.0,81.0,141.0,225.0,35.0,3.2142857142857144,0.0,0.0,0.0,0.0,0.0,0.0,0.0,0.0,0.0,0.0,0.0,0.0,0.0,0.0,0.0,0.0,0.0,0.0,0.0,0.0,0.0,0.0,0.0,0.0,0.0,0.0,0.0,0.0,0.0,0.0,0.0,0.0,0.0,0.0,0.0,0.0,0.0,0.0,0.0,0.0,1.0,2.0,2.0,2.0,0.0,1.0,11.0,10.0,7.0,5.0,14.0,9.0,16.0,7.0,0.0,0.0,0.0,0.0,0.0,0.0,0.0,0.0,0.0,0.0,0.0,0.0,0.0,0.0,0.0,0.0,0.0,0.0,0.0,0.0,1.0,3.0,2.0,2.0,0.0,1.0,16.0,16.0,11.0,7.0,23.0,12.0,19.0,11.0
933,1.0,933.0,London_11,3years_LHD,1Lon_11,151,453,1092.0,70.0,2.0,158097.0,5.823224402964115,802.0,54.0,2.0,52.0,109.0,19.0,90.0,112.0,241.0,111.0,20.0,49.0,14.0,16.0,0.0,2.0,7.0,83.0,152.0,211.0,41.0,3.330275229357798,0.0,0.0,0.0,0.0,0.0,0.0,0.0,0.0,0.0,0.0,0.0,0.0,0.0,0.0,0.0,0.0,0.0,0.0,0.0,0.0,0.0,0.0,0.0,0.0,0.0,0.0,0.0,0.0,0.0,0.0,0.0,0.0,0.0,0.0,1.0,0.0,0.0,0.0,0.0,0.0,0.0,5.0,0.0,0.0,0.0,0.0,7.0,5.0,6.0,5.0,9.0,12.0,14.0,3.0,0.0,0.0,0.0,0.0,0.0,0.0,0.0,0.0,0.0,0.0,0.0,0.0,0.0,0.0,7.0,0.0,0.0,0.0,0.0,0.0,0.0,6.0,0.0,0.0,0.0,0.0,9.0,6.0,6.0,6.0,13.0,15.0,16.0,4.0
934,1.0,934.0,London_11,3years_LHD,1Lon_11,151,453,1092.0,70.0,2.0,187542.0,6.43374434299767,867.0,71.0,2.0,69.0,136.0,18.0,118.0,109.0,242.0,109.0,23.0,49.0,7.0,18.0,1.0,4.0,7.0,81.0,155.0,210.0,45.0,2.116279069767442,0.0,0.0,0.0,0.0,0.0,0.0,0.0,0.0,0.0,1.0,0.0,0.0,1.0,0.0,0.0,0.0,0.0,0.0,1.0,0.0,0.0,0.0,0.0,0.0,0.0,0.0,0.0,0.0,0.0,0.0,0.0,0.0,0.0,0.0,0.0,0.0,0.0,0.0,0.0,0.0,3.0,6.0,2.0,0.0,3.0,0.0,8.0,3.0,2.0,3.0,7.0,21.0,16.0,6.0,0.0,0.0,0.0,0.0,0.0,0.0,0.0,0.0,0.0,0.0,0.0,0.0,0.0,0.0,0.0,0.0,0.0,0.0,0.0,0.0,3.0,11.0,2.0,0.0,3.0,0.0,9.0,5.0,2.0,3.0,11.0,33.0,24.0,10.0
935,1.0,935.0,London_11,3years_LHD,1Lon_11,151,453,1092.0,70.0,2.0,204756.0,3.083967155776918,905.0,168.0,0.0,168.0,302.0,0.0,302.0,129.0,249.0,127.0,21.0,34.0,5.0,14.0,2.0,1.0,2.0,73.0,151.0,227.0,28.0,4.089403973509934,0.0,0.0,0.0,0.0,0.0,0.0,0.0,0.0,0.0,0.0,0.0,0.0,0.0,0.0,0.0,0.0,0.0,0.0,0.0,0.0,0.0,0.0,0.0,0.0,0.0,0.0,0.0,0.0,0.0,0.0,0.0,0.0,0.0,0.0,0.0,0.0,0.0,0.0,0.0,0.0,2.0,25.0,1.0,4.0,2.0,1.0,3.0,20.0,1.0,3.0,20.0,51.0,29.0,11.0,0.0,0.0,0.0,0.0,0.0,0.0,0.0,0.0,0.0,0.0,0.0,0.0,0.0,0.0,0.0,0.0,0.0,0.0,0.0,0.0,2.0,31.0,1.0,7.0,2.0,2.0,3.0,25.0,2.0,5.0,31.0,79.0,37.0,17.0
936,1.0,936.0,London_11,3years_LHD,1Lon_11,151,453,1092.0,70.0,2.0,167157.0,3.745912665501237,822.0,66.0,1.0,65.0,127.0,9.0,118.0,302.0,194.0,98.0,24.0,98.0,4.0,27.0,5.0,3.0,2.0,80.0,171.0,200.0,29.0,1.2755905511811023,0.0,0.0,0.0,0.0,0.0,0.0,0.0,0.0,0.0,0.0,0.0,0.0,0.0,0.0,0.0,0.0,0.0,0.0,0.0,0.0,0.0,0.0,0.0,0.0,0.0,0.0,0.0,0.0,0.0,0.0,0.0,0.0,0.0,0.0,0.0,0.0,0.0,0.0,0.0,0.0,5.0,9.0,2.0,0.0,10.0,0.0,5.0,4.0,5.0,9.0,11.0,16.0,16.0,3.0,0.0,0.0,0.0,0.0,0.0,0.0,0.0,0.0,0.0,0.0,0.0,0.0,0.0,0.0,0.0,0.0,0.0,0.0,0.0,0.0,8.0,12.0,3.0,0.0,10.0,0.0,6.0,8.0,7.0,12.0,21.0,24.0,21.0,7.0
937,1.0,937.0,London_11,3years_LHD,1Lon_11,151,453,1092.0,70.0,2.0,183918.0,4.359906569123268,859.0,131.0,2.0,129.0,248.0,17.0,231.0,127.0,192.0,88.0,26.0,93.0,7.0,40.0,4.0,3.0,8.0,84.0,164.0,197.0,38.0,1.3266129032258065,0.0,0.0,0.0,0.0,0.0,0.0,0.0,0.0,0.0,0.0,0.0,0.0,0.0,0.0,0.0,0.0,0.0,0.0,0.0,0.0,0.0,0.0,0.0,0.0,0.0,0.0,0.0,0.0,0.0,0.0,0.0,0.0,1.0,0.0,0.0,1.0,0.0,0.0,0.0,0.0,1.0,5.0,5.0,1.0,5.0,0.0,9.0,10.0,6.0,11.0,19.0,26.0,19.0,11.0,0.0,0.0,0.0,0.0,0.0,0.0,0.0,0.0,0.0,0.0,0.0,0.0,6.0,0.0,0.0,4.0,0.0,0.0,0.0,0.0,2.0,6.0,5.0,3.0,5.0,0.0,14.0,13.0,8.0,12.0,28.0,37.0,24.0,15.0
938,1.0,938.0,London_11,3years_LHD,1Lon_11,151,453,1092.0,70.0,2.0,161721.0,3.414255429059267,810.0,74.0,0.0,74.0,130.0,0.0,130.0,248.0,196.0,91.0,24.0,82.0,10.0,45.0,3.0,2.0,10.0,69.0,158.0,216.0,34.0,1.0153846153846153,0.0,0.0,0.0,0.0,0.0,0.0,0.0,0.0,0.0,0.0,0.0,0.0,0.0,0.0,0.0,0.0,0.0,0.0,0.0,0.0,0.0,0.0,0.0,0.0,0.0,0.0,0.0,0.0,0.0,0.0,0.0,0.0,0.0,0.0,0.0,0.0,0.0,0.0,0.0,0.0,3.0,9.0,4.0,0.0,6.0,0.0,5.0,8.0,2.0,9.0,17.0,20.0,14.0,8.0,0.0,0.0,0.0,0.0,0.0,0.0,0.0,0.0,0.0,0.0,0.0,0.0,0.0,0.0,0.0,0.0,0.0,0.0,0.0,0.0,4.0,13.0,4.0,0.0,6.0,0.0,7.0,13.0,2.0,12.0,28.0,25.0,16.0,15.0
939,1.0,939.0,London_11,3years_LHD,1Lon_11,151,453,1092.0,70.0,2.0,165345.0,4.735695998184383,818.0,63.0,2.0,61.0,126.0,17.0,109.0,130.0,197.0,75.0,28.0,83.0,16.0,53.0,1.0,0.0,13.0,83.0,153.0,204.0,37.0,1.7619047619047619,0.0,0.0,0.0,0.0,0.0,0.0,0.0,0.0,0.0,0.0,0.0,0.0,0.0,0.0,0.0,0.0,0.0,0.0,0.0,0.0,0.0,0.0,0.0,0.0,0.0,0.0,0.0,0.0,0.0,2.0,0.0,0.0,1.0,0.0,1.0,1.0,0.0,0.0,0.0,0.0,0.0,11.0,5.0,0.0,1.0,0.0,6.0,6.0,3.0,4.0,15.0,12.0,12.0,4.0,0.0,0.0,0.0,0.0,0.0,0.0,0.0,0.0,0.0,12.0,0.0,0.0,6.0,0.0,8.0,1.0,0.0,0.0,0.0,0.0,0.0,15.0,6.0,0.0,1.0,0.0,8.0,9.0,5.0,4.0,23.0,23.0,13.0,6.0
940,1.0,940.0,London_11,3years_LHD,1Lon_11,151,453,1092.0,70.0,2.0,170328.0,4.1388629619032145,829.0,155.0,0.0,155.0,257.0,0.0,257.0,126.0,197.0,70.0,35.0,86.0,15.0,45.0,1.0,4.0,12.0,85.0,156.0,200.0,42.0,2.307392996108949,0.0,0.0,0.0,0.0,0.0,0.0,0.0,0.0,0.0,0.0,0.0,0.0,0.0,0.0,0.0,0.0,0.0,0.0,0.0,0.0,0.0,0.0,0.0,0.0,0.0,0.0,0.0,0.0,0.0,0.0,0.0,0.0,0.0,0.0,0.0,0.0,0.0,0.0,0.0,0.0,7.0,2.0,3.0,3.0,1.0,0.0,17.0,8.0,9.0,9.0,22.0,35.0,20.0,8.0,0.0,0.0,0.0,0.0,0.0,0.0,0.0,0.0,0.0,0.0,0.0,0.0,0.0,0.0,0.0,0.0,0.0,0.0,0.0,0.0,7.0,2.0,3.0,4.0,1.0,0.0,20.0,8.0,13.0,12.0,27.0,49.0,26.0,12.0
941,1.0,941.0,London_11,3years_LHD,1Lon_11,151,453,1092.0,70.0,2.0,128652.0,4.819369251839817,737.0,136.0,1.0,135.0,258.0,10.0,248.0,257.0,190.0,95.0,31.0,73.0,18.0,40.0,2.0,4.0,3.0,89.0,164.0,197.0,37.0,0.9767441860465116,0.0,0.0,0.0,0.0,0.0,0.0,0.0,0.0,0.0,0.0,0.0,0.0,0.0,0.0,0.0,0.0,0.0,0.0,0.0,0.0,0.0,0.0,0.0,0.0,0.0,0.0,0.0,0.0,0.0,0.0,0.0,0.0,0.0,0.0,0.0,0.0,1.0,0.0,0.0,0.0,6.0,1.0,5.0,3.0,2.0,0.0,6.0,10.0,10.0,12.0,31.0,29.0,11.0,18.0,0.0,0.0,0.0,0.0,0.0,0.0,0.0,0.0,0.0,0.0,0.0,0.0,0.0,0.0,0.0,0.0,7.0,0.0,0.0,0.0,8.0,1.0,5.0,5.0,2.0,0.0,7.0,13.0,14.0,16.0,50.0,42.0,15.0,30.0
942,1.0,942.0,London_11,3years_LHD,1Lon_11,151,453,1092.0,70.0,2.0,89694.0,1.1412432231009007,651.0,22.0,0.0,22.0,36.0,0.0,36.0,258.0,200.0,108.0,19.0,73.0,12.0,37.0,2.0,2.0,4.0,88.0,152.0,209.0,39.0,1.0833333333333333,0.0,0.0,0.0,0.0,0.0,0.0,0.0,0.0,0.0,0.0,0.0,0.0,0.0,0.0,0.0,0.0,0.0,0.0,0.0,0.0,0.0,0.0,0.0,0.0,0.0,0.0,0.0,0.0,0.0,0.0,0.0,0.0,0.0,0.0,0.0,0.0,0.0,0.0,0.0,0.0,0.0,1.0,0.0,1.0,0.0,0.0,0.0,0.0,2.0,1.0,2.0,12.0,4.0,2.0,0.0,0.0,0.0,0.0,0.0,0.0,0.0,0.0,0.0,0.0,0.0,0.0,0.0,0.0,0.0,0.0,0.0,0.0,0.0,0.0,0.0,1.0,0.0,2.0,0.0,0.0,0.0,0.0,4.0,1.0,3.0,19.0,4.0,2.0
943,1.0,943.0,London_11,3years_LHD,1Lon_11,151,453,1092.0,70.0,2.0,112797.0,4.867334037087858,702.0,113.0,2.0,111.0,226.0,20.0,206.0,36.0,205.0,110.0,16.0,68.0,14.0,36.0,1.0,3.0,5.0,86.0,160.0,202.0,41.0,1.6194690265486726,0.0,0.0,0.0,0.0,0.0,0.0,0.0,0.0,0.0,0.0,0.0,0.0,0.0,0.0,0.0,0.0,0.0,0.0,0.0,0.0,0.0,0.0,0.0,0.0,0.0,0.0,0.0,0.0,0.0,0.0,0.0,0.0,1.0,0.0,0.0,0.0,1.0,0.0,0.0,0.0,3.0,4.0,1.0,4.0,0.0,0.0,7.0,6.0,9.0,4.0,22.0,26.0,14.0,5.0,0.0,0.0,0.0,0.0,0.0,0.0,0.0,0.0,0.0,0.0,0.0,0.0,6.0,0.0,0.0,0.0,10.0,0.0,0.0,0.0,4.0,5.0,1.0,6.0,0.0,0.0,10.0,7.0,12.0,6.0,35.0,48.0,17.0,7.0
944,1.0,944.0,London_11,3years_LHD,1Lon_11,151,453,1092.0,70.0,2.0,90147.0,3.083053885959089,652.0,14.0,2.0,12.0,31.0,16.0,15.0,226.0,210.0,93.0,23.0,85.0,14.0,21.0,1.0,6.0,8.0,82.0,158.0,205.0,39.0,2.7419354838709675,0.0,0.0,0.0,0.0,0.0,0.0,0.0,0.0,0.0,0.0,0.0,0.0,0.0,0.0,0.0,0.0,0.0,0.0,0.0,0.0,0.0,0.0,0.0,0.0,0.0,0.0,0.0,0.0,0.0,0.0,0.0,0.0,1.0,0.0,0.0,2.0,0.0,0.0,0.0,0.0,0.0,0.0,0.0,0.0,0.0,0.0,4.0,1.0,0.0,5.0,2.0,1.0,1.0,1.0,0.0,0.0,0.0,0.0,0.0,0.0,0.0,0.0,0.0,0.0,0.0,0.0,9.0,0.0,0.0,8.0,0.0,0.0,0.0,0.0,0.0,0.0,0.0,0.0,0.0,0.0,4.0,1.0,0.0,5.0,3.0,1.0,1.0,1.0
945,1.0,945.0,London_11,3years_LHD,1Lon_11,151,453,1092.0,70.0,2.0,120498.0,0.5372367007657886,719.0,19.0,0.0,19.0,34.0,0.0,34.0,31.0,210.0,104.0,27.0,78.0,9.0,18.0,1.0,6.0,5.0,84.0,152.0,212.0,32.0,1.8529411764705883,0.0,0.0,0.0,0.0,0.0,0.0,0.0,0.0,0.0,0.0,0.0,0.0,0.0,0.0,0.0,0.0,0.0,0.0,0.0,0.0,0.0,0.0,0.0,0.0,0.0,0.0,0.0,0.0,0.0,0.0,0.0,0.0,0.0,0.0,0.0,0.0,0.0,0.0,0.0,0.0,3.0,1.0,1.0,0.0,0.0,0.0,3.0,2.0,0.0,5.0,3.0,10.0,8.0,1.0,0.0,0.0,0.0,0.0,0.0,0.0,0.0,0.0,0.0,0.0,0.0,0.0,0.0,0.0,0.0,0.0,0.0,0.0,0.0,0.0,4.0,1.0,1.0,0.0,0.0,0.0,4.0,4.0,0.0,7.0,4.0,16.0,11.0,2.0
946,1.0,946.0,London_11,3years_LHD,1Lon_11,151,453,1092.0,70.0,2.0,159003.0,3.744833366945386,804.0,68.0,0.0,68.0,110.0,0.0,110.0,34.0,214.0,114.0,27.0,76.0,8.0,11.0,1.0,2.0,5.0,75.0,157.0,216.0,32.0,2.8727272727272726,0.0,0.0,0.0,0.0,0.0,0.0,0.0,0.0,0.0,0.0,0.0,0.0,0.0,0.0,0.0,0.0,0.0,0.0,0.0,0.0,0.0,0.0,0.0,0.0,0.0,0.0,0.0,0.0,0.0,0.0,0.0,0.0,0.0,0.0,0.0,0.0,0.0,0.0,0.0,0.0,0.0,2.0,0.0,0.0,2.0,0.0,8.0,6.0,2.0,11.0,15.0,17.0,13.0,6.0,0.0,0.0,0.0,0.0,0.0,0.0,0.0,0.0,0.0,0.0,0.0,0.0,0.0,0.0,0.0,0.0,0.0,0.0,0.0,0.0,0.0,2.0,0.0,0.0,2.0,0.0,9.0,7.0,2.0,13.0,20.0,23.0,16.0,8.0
947,1.0,947.0,London_11,3years_LHD,1Lon_11,151,453,1092.0,70.0,2.0,172593.0,5.238363625481725,834.0,57.0,2.0,55.0,107.0,17.0,90.0,110.0,219.0,126.0,29.0,64.0,7.0,8.0,0.0,0.0,7.0,78.0,165.0,203.0,36.0,2.7570093457943927,0.0,0.0,0.0,0.0,0.0,0.0,0.0,0.0,0.0,0.0,0.0,0.0,0.0,0.0,0.0,0.0,0.0,0.0,0.0,0.0,0.0,0.0,0.0,0.0,0.0,0.0,0.0,0.0,0.0,0.0,0.0,0.0,0.0,0.0,0.0,1.0,0.0,0.0,0.0,0.0,0.0,4.0,0.0,0.0,1.0,1.0,5.0,7.0,1.0,6.0,9.0,12.0,10.0,9.0,0.0,0.0,0.0,0.0,0.0,0.0,0.0,0.0,0.0,0.0,0.0,0.0,0.0,0.0,0.0,3.0,0.0,0.0,0.0,0.0,0.0,4.0,0.0,0.0,1.0,1.0,7.0,8.0,1.0,7.0,16.0,18.0,13.0,12.0
948,1.0,948.0,London_11,3years_LHD,1Lon_11,151,453,1092.0,70.0,2.0,197055.0,5.875035006552935,888.0,74.0,2.0,72.0,136.0,18.0,118.0,107.0,218.0,116.0,32.0,67.0,7.0,9.0,0.0,4.0,7.0,79.0,156.0,211.0,31.0,2.0294117647058822,0.0,0.0,0.0,0.0,0.0,0.0,0.0,0.0,0.0,0.0,0.0,0.0,0.0,0.0,0.0,0.0,0.0,0.0,0.0,0.0,0.0,0.0,0.0,0.0,0.0,0.0,0.0,0.0,0.0,1.0,0.0,0.0,2.0,0.0,0.0,1.0,0.0,0.0,0.0,0.0,1.0,4.0,3.0,0.0,2.0,0.0,9.0,7.0,2.0,14.0,16.0,14.0,27.0,4.0,0.0,0.0,0.0,0.0,0.0,0.0,0.0,0.0,0.0,5.0,0.0,0.0,14.0,0.0,0.0,8.0,0.0,0.0,0.0,0.0,1.0,6.0,3.0,0.0,2.0,0.0,13.0,9.0,3.0,19.0,25.0,22.0,33.0,8.0
949,1.0,949.0,London_11,3years_LHD,1Lon_11,151,453,1092.0,70.0,2.0,211551.0,4.174203339964151,920.0,174.0,0.0,174.0,301.0,0.0,301.0,136.0,233.0,118.0,31.0,58.0,4.0,7.0,0.0,2.0,8.0,83.0,146.0,216.0,35.0,3.431893687707641,0.0,0.0,0.0,0.0,0.0,0.0,0.0,0.0,0.0,0.0,0.0,0.0,0.0,0.0,0.0,0.0,0.0,0.0,0.0,0.0,0.0,0.0,0.0,0.0,0.0,0.0,0.0,0.0,0.0,0.0,0.0,0.0,0.0,0.0,0.0,0.0,0.0,0.0,0.0,0.0,2.0,4.0,0.0,1.0,0.0,0.0,6.0,16.0,2.0,11.0,27.0,49.0,7.0,10.0,0.0,0.0,0.0,0.0,0.0,0.0,0.0,0.0,0.0,0.0,0.0,0.0,0.0,0.0,0.0,0.0,0.0,0.0,0.0,0.0,2.0,5.0,0.0,2.0,0.0,0.0,7.0,21.0,3.0,11.0,37.0,76.0,8.0,14.0
950,1.0,950.0,London_11,3years_LHD,1Lon_11,151,453,1092.0,70.0,2.0,173046.0,4.2734614396467805,835.0,64.0,0.0,64.0,116.0,0.0,116.0,301.0,188.0,118.0,17.0,94.0,8.0,16.0,0.0,12.0,6.0,84.0,134.0,229.0,38.0,0.7758620689655172,0.0,0.0,0.0,0.0,0.0,0.0,0.0,0.0,0.0,0.0,0.0,0.0,0.0,0.0,0.0,0.0,0.0,0.0,0.0,0.0,0.0,0.0,0.0,0.0,0.0,0.0,0.0,0.0,0.0,0.0,0.0,0.0,0.0,0.0,0.0,0.0,0.0,0.0,0.0,0.0,2.0,5.0,0.0,0.0,6.0,0.0,6.0,7.0,9.0,10.0,11.0,8.0,10.0,6.0,0.0,0.0,0.0,0.0,0.0,0.0,0.0,0.0,0.0,0.0,0.0,0.0,0.0,0.0,0.0,0.0,0.0,0.0,0.0,0.0,3.0,8.0,0.0,0.0,6.0,0.0,9.0,10.0,12.0,12.0,17.0,13.0,11.0,8.0
951,1.0,951.0,London_11,3years_LHD,1Lon_11,151,453,1092.0,70.0,2.0,192072.0,2.4937109760940075,877.0,136.0,2.0,134.0,252.0,22.0,230.0,116.0,189.0,135.0,24.0,80.0,7.0,9.0,0.0,9.0,6.0,78.0,147.0,222.0,49.0,1.6984126984126984,0.0,0.0,0.0,0.0,0.0,0.0,0.0,0.0,0.0,0.0,0.0,0.0,0.0,0.0,0.0,0.0,0.0,0.0,0.0,0.0,0.0,0.0,0.0,0.0,0.0,0.0,0.0,0.0,0.0,0.0,0.0,0.0,0.0,0.0,0.0,1.0,0.0,0.0,0.0,0.0,1.0,9.0,0.0,2.0,2.0,0.0,25.0,6.0,5.0,5.0,24.0,37.0,19.0,7.0,0.0,0.0,0.0,0.0,0.0,0.0,0.0,0.0,0.0,0.0,0.0,0.0,0.0,0.0,0.0,6.0,0.0,0.0,0.0,0.0,1.0,11.0,0.0,3.0,2.0,0.0,34.0,8.0,6.0,8.0,38.0,64.0,22.0,10.0
952,1.0,952.0,London_11,3years_LHD,1Lon_11,151,453,1092.0,70.0,2.0,170328.0,2.724913160316646,829.0,79.0,0.0,79.0,129.0,0.0,129.0,252.0,189.0,127.0,13.0,83.0,8.0,26.0,2.0,5.0,7.0,81.0,145.0,220.0,48.0,1.682170542635659,0.0,0.0,0.0,0.0,0.0,0.0,0.0,0.0,0.0,0.0,0.0,0.0,0.0,0.0,0.0,0.0,0.0,0.0,0.0,0.0,0.0,0.0,0.0,0.0,0.0,0.0,0.0,0.0,0.0,0.0,0.0,0.0,0.0,0.0,0.0,0.0,0.0,0.0,0.0,0.0,2.0,2.0,1.0,3.0,1.0,0.0,10.0,8.0,5.0,12.0,19.0,15.0,20.0,3.0,0.0,0.0,0.0,0.0,0.0,0.0,0.0,0.0,0.0,0.0,0.0,0.0,0.0,0.0,0.0,0.0,0.0,0.0,0.0,0.0,2.0,3.0,1.0,5.0,1.0,0.0,11.0,13.0,6.0,16.0,28.0,19.0,27.0,3.0
953,1.0,953.0,London_11,3years_LHD,1Lon_11,151,453,1092.0,70.0,2.0,166251.0,2.2378068063408136,820.0,62.0,2.0,60.0,126.0,17.0,109.0,129.0,189.0,125.0,18.0,73.0,11.0,29.0,2.0,6.0,6.0,75.0,165.0,207.0,45.0,1.0396825396825398,0.0,0.0,0.0,0.0,0.0,0.0,0.0,0.0,0.0,0.0,0.0,0.0,0.0,0.0,0.0,0.0,0.0,0.0,0.0,0.0,0.0,0.0,0.0,0.0,0.0,0.0,0.0,0.0,0.0,0.0,1.0,0.0,1.0,0.0,0.0,1.0,0.0,0.0,0.0,0.0,1.0,3.0,1.0,1.0,2.0,0.0,7.0,12.0,4.0,10.0,9.0,13.0,18.0,2.0,0.0,0.0,0.0,0.0,0.0,0.0,0.0,0.0,0.0,0.0,7.0,0.0,8.0,0.0,0.0,1.0,0.0,0.0,0.0,0.0,1.0,4.0,1.0,1.0,3.0,0.0,9.0,19.0,8.0,12.0,14.0,23.0,24.0,2.0
954,1.0,954.0,London_11,3years_LHD,1Lon_11,151,453,1092.0,70.0,2.0,170328.0,6.392757100053132,829.0,144.0,0.0,144.0,258.0,0.0,258.0,126.0,198.0,115.0,14.0,76.0,9.0,32.0,1.0,8.0,7.0,80.0,164.0,202.0,31.0,2.131782945736434,0.0,0.0,0.0,0.0,0.0,0.0,0.0,0.0,0.0,0.0,0.0,0.0,0.0,0.0,0.0,0.0,0.0,0.0,0.0,0.0,0.0,0.0,0.0,0.0,0.0,0.0,0.0,0.0,0.0,0.0,0.0,0.0,0.0,0.0,0.0,0.0,0.0,0.0,0.0,0.0,4.0,0.0,0.0,4.0,1.0,0.0,6.0,8.0,6.0,10.0,28.0,32.0,17.0,8.0,0.0,0.0,0.0,0.0,0.0,0.0,0.0,0.0,0.0,0.0,0.0,0.0,0.0,0.0,0.0,0.0,0.0,0.0,0.0,0.0,6.0,0.0,0.0,4.0,1.0,0.0,8.0,12.0,7.0,13.0,41.0,45.0,23.0,11.0
955,1.0,955.0,London_11,3years_LHD,1Lon_11,151,453,1092.0,70.0,2.0,128199.0,4.892654021270573,736.0,141.0,0.0,141.0,248.0,0.0,248.0,258.0,199.0,97.0,18.0,76.0,14.0,36.0,3.0,10.0,5.0,85.0,167.0,196.0,41.0,1.3870967741935485,0.0,0.0,0.0,0.0,0.0,0.0,0.0,0.0,0.0,0.0,0.0,0.0,0.0,0.0,0.0,0.0,0.0,0.0,0.0,0.0,0.0,0.0,0.0,0.0,0.0,0.0,0.0,0.0,0.0,0.0,0.0,0.0,0.0,0.0,0.0,0.0,0.0,0.0,0.0,0.0,1.0,3.0,10.0,0.0,4.0,0.0,12.0,13.0,7.0,6.0,20.0,33.0,35.0,11.0,0.0,0.0,0.0,0.0,0.0,0.0,0.0,0.0,0.0,0.0,0.0,0.0,0.0,0.0,0.0,0.0,0.0,0.0,0.0,0.0,2.0,3.0,10.0,0.0,4.0,0.0,18.0,18.0,11.0,8.0,33.0,47.0,43.0,16.0
956,1.0,956.0,London_11,3years_LHD,1Lon_11,151,453,1092.0,70.0,2.0,88788.0,2.0993013959378004,649.0,20.0,0.0,20.0,36.0,0.0,36.0,248.0,198.0,96.0,29.0,69.0,16.0,33.0,3.0,9.0,16.0,78.0,178.0,181.0,41.0,1.0,0.0,0.0,0.0,0.0,0.0,0.0,0.0,0.0,0.0,0.0,0.0,0.0,0.0,0.0,0.0,0.0,0.0,0.0,0.0,0.0,0.0,0.0,0.0,0.0,0.0,0.0,0.0,0.0,0.0,0.0,0.0,0.0,0.0,0.0,0.0,0.0,0.0,0.0,0.0,0.0,2.0,1.0,0.0,0.0,1.0,0.0,3.0,4.0,1.0,2.0,7.0,4.0,4.0,1.0,0.0,0.0,0.0,0.0,0.0,0.0,0.0,0.0,0.0,0.0,0.0,0.0,0.0,0.0,0.0,0.0,0.0,0.0,0.0,0.0,2.0,2.0,0.0,0.0,1.0,0.0,3.0,5.0,1.0,4.0,10.0,7.0,4.0,3.0
957,1.0,957.0,London_11,3years_LHD,1Lon_11,151,453,1092.0,70.0,2.0,110079.0,4.6751425582915545,696.0,114.0,2.0,112.0,227.0,20.0,207.0,36.0,199.0,102.0,26.0,63.0,16.0,36.0,0.0,11.0,16.0,81.0,172.0,184.0,48.0,1.5972850678733033,0.0,0.0,0.0,0.0,0.0,0.0,0.0,0.0,0.0,1.0,0.0,1.0,0.0,0.0,0.0,0.0,0.0,0.0,1.0,0.0,0.0,0.0,0.0,0.0,0.0,0.0,0.0,0.0,0.0,0.0,0.0,0.0,0.0,0.0,0.0,2.0,0.0,0.0,0.0,0.0,6.0,12.0,4.0,0.0,3.0,0.0,6.0,8.0,6.0,12.0,20.0,21.0,27.0,7.0,0.0,0.0,0.0,0.0,0.0,0.0,0.0,0.0,0.0,0.0,0.0,0.0,0.0,0.0,0.0,6.0,0.0,0.0,0.0,0.0,9.0,17.0,5.0,0.0,3.0,0.0,9.0,11.0,7.0,21.0,31.0,32.0,37.0,11.0
958,1.0,958.0,London_11,3years_LHD,1Lon_11,151,453,1092.0,70.0,2.0,88335.0,3.3248994732275605,648.0,10.0,2.0,8.0,31.0,18.0,13.0,221.0,223.0,105.0,17.0,65.0,12.0,22.0,0.0,9.0,8.0,84.0,163.0,198.0,29.0,2.193548387096774,0.0,0.0,0.0,0.0,0.0,0.0,0.0,0.0,0.0,0.0,0.0,0.0,0.0,0.0,0.0,0.0,0.0,0.0,0.0,0.0,0.0,0.0,0.0,0.0,0.0,0.0,0.0,0.0,0.0,0.0,0.0,0.0,0.0,0.0,0.0,2.0,0.0,0.0,0.0,0.0,0.0,1.0,0.0,0.0,1.0,0.0,3.0,0.0,3.0,0.0,3.0,1.0,0.0,1.0,0.0,0.0,0.0,0.0,0.0,0.0,0.0,0.0,0.0,0.0,0.0,0.0,0.0,0.0,0.0,3.0,0.0,0.0,0.0,0.0,0.0,2.0,0.0,0.0,1.0,0.0,4.0,0.0,4.0,0.0,3.0,1.0,0.0,2.0
959,1.0,959.0,London_11,3years_LHD,1Lon_11,151,453,1092.0,70.0,2.0,126840.0,5.5127363028004766,733.0,21.0,0.0,21.0,33.0,0.0,33.0,31.0,222.0,114.0,16.0,68.0,3.0,22.0,0.0,8.0,3.0,87.0,158.0,205.0,29.0,2.121212121212121,0.0,0.0,0.0,0.0,0.0,0.0,0.0,0.0,0.0,0.0,0.0,0.0,0.0,0.0,0.0,0.0,0.0,0.0,0.0,0.0,0.0,0.0,0.0,0.0,0.0,0.0,0.0,0.0,0.0,0.0,0.0,0.0,0.0,0.0,0.0,0.0,0.0,0.0,0.0,0.0,1.0,1.0,0.0,0.0,1.0,0.0,1.0,0.0,2.0,3.0,2.0,3.0,2.0,1.0,0.0,0.0,0.0,0.0,0.0,0.0,0.0,0.0,0.0,0.0,0.0,0.0,0.0,0.0,0.0,0.0,0.0,0.0,0.0,0.0,1.0,2.0,0.0,0.0,1.0,0.0,2.0,0.0,3.0,5.0,2.0,4.0,2.0,1.0
960,1.0,960.0,London_11,3years_LHD,1Lon_11,151,453,1092.0,70.0,2.0,155379.0,3.5976914698258042,796.0,65.0,0.0,65.0,111.0,0.0,111.0,33.0,225.0,107.0,16.0,76.0,3.0,18.0,0.0,8.0,3.0,85.0,164.0,201.0,31.0,2.720720720720721,0.0,0.0,0.0,0.0,0.0,0.0,0.0,0.0,0.0,0.0,0.0,0.0,0.0,0.0,0.0,0.0,0.0,0.0,0.0,0.0,0.0,0.0,0.0,0.0,0.0,0.0,0.0,0.0,0.0,0.0,0.0,0.0,0.0,0.0,0.0,0.0,0.0,0.0,0.0,0.0,4.0,3.0,1.0,2.0,6.0,0.0,8.0,9.0,9.0,6.0,7.0,16.0,15.0,6.0,0.0,0.0,0.0,0.0,0.0,0.0,0.0,0.0,0.0,0.0,0.0,0.0,0.0,0.0,0.0,0.0,0.0,0.0,0.0,0.0,4.0,3.0,1.0,3.0,7.0,0.0,14.0,13.0,12.0,8.0,9.0,23.0,23.0,9.0
961,1.0,961.0,London_11,3years_LHD,1Lon_11,151,453,1092.0,70.0,2.0,166251.0,2.8329387912526727,820.0,53.0,2.0,51.0,110.0,19.0,91.0,111.0,227.0,114.0,15.0,67.0,4.0,23.0,2.0,1.0,5.0,76.0,178.0,194.0,39.0,3.209090909090909,0.0,0.0,0.0,0.0,0.0,0.0,0.0,0.0,0.0,0.0,0.0,0.0,0.0,0.0,0.0,0.0,0.0,0.0,0.0,0.0,0.0,0.0,0.0,0.0,0.0,0.0,0.0,0.0,0.0,0.0,0.0,0.0,0.0,0.0,0.0,1.0,0.0,0.0,0.0,0.0,0.0,3.0,1.0,1.0,8.0,0.0,7.0,4.0,2.0,4.0,10.0,13.0,13.0,10.0,0.0,0.0,0.0,0.0,0.0,0.0,0.0,0.0,0.0,0.0,0.0,0.0,0.0,0.0,0.0,3.0,0.0,0.0,0.0,0.0,0.0,3.0,1.0,1.0,8.0,0.0,10.0,4.0,2.0,4.0,14.0,19.0,17.0,16.0
962,1.0,962.0,London_11,3years_LHD,1Lon_11,151,453,1092.0,70.0,2.0,183465.0,5.433531936258078,858.0,69.0,3.0,66.0,143.0,25.0,118.0,110.0,229.0,118.0,15.0,74.0,3.0,13.0,0.0,1.0,6.0,87.0,165.0,195.0,36.0,3.020979020979021,0.0,0.0,0.0,0.0,0.0,0.0,0.0,0.0,0.0,0.0,0.0,0.0,0.0,0.0,0.0,0.0,0.0,0.0,0.0,0.0,0.0,0.0,0.0,0.0,0.0,0.0,0.0,0.0,0.0,0.0,0.0,0.0,1.0,0.0,1.0,2.0,0.0,0.0,0.0,0.0,0.0,4.0,1.0,0.0,3.0,0.0,4.0,4.0,7.0,11.0,16.0,14.0,10.0,7.0,0.0,0.0,0.0,0.0,0.0,0.0,0.0,0.0,0.0,0.0,0.0,0.0,7.0,0.0,8.0,9.0,0.0,0.0,0.0,0.0,0.0,4.0,1.0,0.0,4.0,0.0,6.0,5.0,8.0,13.0,26.0,20.0,13.0,13.0
963,1.0,963.0,London_11,3years_LHD,1Lon_11,151,453,1092.0,70.0,2.0,208833.0,5.2747733648866415,914.0,183.0,0.0,183.0,300.0,0.0,300.0,143.0,222.0,142.0,11.0,59.0,2.0,12.0,0.0,5.0,4.0,84.0,155.0,210.0,38.0,3.066666666666667,0.0,0.0,0.0,0.0,0.0,0.0,0.0,0.0,0.0,0.0,0.0,0.0,0.0,0.0,0.0,0.0,0.0,0.0,0.0,0.0,0.0,0.0,0.0,0.0,0.0,0.0,0.0,0.0,0.0,0.0,0.0,0.0,0.0,0.0,0.0,0.0,0.0,0.0,0.0,0.0,1.0,4.0,0.0,6.0,5.0,0.0,11.0,7.0,0.0,8.0,34.0,38.0,11.0,12.0,0.0,0.0,0.0,0.0,0.0,0.0,0.0,0.0,0.0,0.0,0.0,0.0,0.0,0.0,0.0,0.0,0.0,0.0,0.0,0.0,1.0,5.0,0.0,10.0,5.0,0.0,15.0,7.0,0.0,10.0,42.0,47.0,14.0,19.0
964,1.0,964.0,London_11,3years_LHD,1Lon_11,151,453,1092.0,70.0,2.0,168516.0,5.010136556811631,825.0,67.0,0.0,67.0,116.0,0.0,116.0,300.0,191.0,108.0,14.0,101.0,4.0,26.0,1.0,8.0,12.0,75.0,143.0,223.0,44.0,0.2413793103448276,0.0,0.0,0.0,0.0,0.0,0.0,0.0,0.0,0.0,0.0,0.0,0.0,0.0,0.0,0.0,0.0,0.0,0.0,0.0,0.0,0.0,0.0,0.0,0.0,0.0,0.0,0.0,0.0,0.0,0.0,0.0,0.0,0.0,0.0,0.0,0.0,0.0,0.0,0.0,0.0,1.0,7.0,2.0,0.0,4.0,0.0,20.0,4.0,8.0,6.0,22.0,17.0,10.0,6.0,0.0,0.0,0.0,0.0,0.0,0.0,0.0,0.0,0.0,0.0,0.0,0.0,0.0,0.0,0.0,0.0,0.0,0.0,0.0,0.0,1.0,11.0,2.0,0.0,4.0,0.0,30.0,4.0,8.0,7.0,33.0,30.0,13.0,8.0
965,1.0,965.0,London_11,3years_LHD,1Lon_11,151,453,1092.0,70.0,2.0,180294.0,6.222036821767688,851.0,130.0,2.0,128.0,247.0,17.0,230.0,116.0,205.0,114.0,13.0,76.0,3.0,32.0,1.0,9.0,16.0,70.0,151.0,216.0,57.0,1.5748987854251013,0.0,0.0,0.0,0.0,0.0,0.0,0.0,0.0,0.0,0.0,0.0,0.0,0.0,0.0,0.0,0.0,0.0,0.0,0.0,0.0,0.0,0.0,0.0,0.0,0.0,0.0,0.0,0.0,0.0,0.0,0.0,0.0,1.0,0.0,0.0,1.0,0.0,0.0,0.0,0.0,0.0,5.0,2.0,1.0,1.0,1.0,16.0,3.0,8.0,15.0,22.0,36.0,25.0,4.0,0.0,0.0,0.0,0.0,0.0,0.0,0.0,0.0,0.0,0.0,0.0,0.0,5.0,0.0,0.0,2.0,0.0,0.0,0.0,0.0,0.0,9.0,2.0,1.0,1.0,2.0,21.0,3.0,8.0,21.0,39.0,48.0,34.0,6.0
966,1.0,966.0,London_11,3years_LHD,1Lon_11,151,453,1092.0,70.0,2.0,161721.0,4.99739302136004,810.0,75.0,0.0,75.0,129.0,0.0,129.0,247.0,208.0,110.0,23.0,76.0,5.0,26.0,0.0,5.0,11.0,68.0,169.0,205.0,42.0,0.8992248062015504,0.0,0.0,0.0,0.0,0.0,0.0,0.0,0.0,0.0,0.0,0.0,0.0,0.0,0.0,0.0,0.0,0.0,0.0,0.0,0.0,0.0,0.0,0.0,0.0,0.0,0.0,0.0,0.0,0.0,0.0,0.0,0.0,0.0,0.0,0.0,0.0,0.0,0.0,0.0,0.0,2.0,2.0,2.0,0.0,8.0,0.0,10.0,5.0,1.0,11.0,19.0,13.0,17.0,3.0,0.0,0.0,0.0,0.0,0.0,0.0,0.0,0.0,0.0,0.0,0.0,0.0,0.0,0.0,0.0,0.0,0.0,0.0,0.0,0.0,2.0,2.0,2.0,0.0,8.0,0.0,13.0,9.0,2.0,15.0,31.0,21.0,19.0,4.0
967,1.0,967.0,London_11,3years_LHD,1Lon_11,151,453,1092.0,70.0,2.0,160362.0,1.5609903344884515,807.0,63.0,2.0,61.0,125.0,15.0,110.0,129.0,212.0,112.0,18.0,75.0,6.0,28.0,0.0,2.0,11.0,78.0,162.0,202.0,48.0,1.2258064516129032,0.0,0.0,0.0,0.0,0.0,0.0,0.0,0.0,0.0,1.0,0.0,0.0,0.0,0.0,0.0,1.0,0.0,0.0,1.0,0.0,0.0,0.0,0.0,0.0,0.0,0.0,0.0,0.0,0.0,0.0,0.0,0.0,0.0,0.0,0.0,0.0,0.0,0.0,0.0,0.0,3.0,0.0,0.0,1.0,0.0,1.0,3.0,7.0,9.0,5.0,16.0,16.0,12.0,8.0,0.0,0.0,0.0,0.0,0.0,0.0,0.0,0.0,0.0,0.0,0.0,0.0,0.0,0.0,0.0,0.0,0.0,0.0,0.0,0.0,4.0,0.0,0.0,1.0,0.0,1.0,4.0,12.0,13.0,7.0,21.0,21.0,16.0,11.0
968,1.0,968.0,London_11,3years_LHD,1Lon_11,151,453,1092.0,70.0,2.0,165345.0,6.867868954315782,818.0,146.0,0.0,146.0,258.0,0.0,258.0,124.0,223.0,112.0,19.0,57.0,7.0,30.0,1.0,4.0,11.0,86.0,165.0,191.0,44.0,2.0271317829457365,0.0,0.0,0.0,0.0,0.0,0.0,0.0,0.0,0.0,0.0,0.0,0.0,0.0,0.0,0.0,0.0,0.0,0.0,0.0,0.0,0.0,0.0,0.0,0.0,0.0,0.0,0.0,0.0,0.0,0.0,0.0,0.0,0.0,0.0,0.0,0.0,0.0,0.0,0.0,0.0,3.0,0.0,0.0,0.0,0.0,1.0,4.0,4.0,4.0,6.0,28.0,33.0,33.0,7.0,0.0,0.0,0.0,0.0,0.0,0.0,0.0,0.0,0.0,0.0,0.0,0.0,0.0,0.0,0.0,0.0,0.0,0.0,0.0,0.0,3.0,0.0,0.0,0.0,0.0,2.0,4.0,5.0,4.0,6.0,43.0,49.0,48.0,9.0
969,1.0,969.0,London_11,3years_LHD,1Lon_11,151,453,1092.0,70.0,2.0,130011.0,3.028341433033347,740.0,140.0,1.0,139.0,256.0,9.0,247.0,258.0,234.0,99.0,14.0,68.0,9.0,20.0,0.0,9.0,9.0,90.0,141.0,213.0,38.0,1.62109375,0.0,0.0,0.0,0.0,0.0,0.0,0.0,0.0,0.0,0.0,0.0,0.0,0.0,0.0,0.0,0.0,0.0,0.0,0.0,0.0,0.0,0.0,0.0,0.0,0.0,0.0,0.0,0.0,0.0,0.0,0.0,0.0,0.0,0.0,0.0,1.0,0.0,0.0,0.0,0.0,1.0,0.0,1.0,2.0,1.0,0.0,9.0,8.0,3.0,14.0,25.0,42.0,13.0,10.0,0.0,0.0,0.0,0.0,0.0,0.0,0.0,0.0,0.0,0.0,0.0,0.0,0.0,0.0,0.0,2.0,0.0,0.0,0.0,0.0,3.0,0.0,1.0,3.0,2.0,0.0,10.0,11.0,3.0,21.0,38.0,67.0,15.0,12.0
970,1.0,970.0,London_11,3years_LHD,1Lon_11,151,453,1092.0,70.0,2.0,94224.0,3.5473127691075206,661.0,20.0,0.0,20.0,37.0,0.0,37.0,256.0,222.0,97.0,17.0,82.0,9.0,21.0,4.0,1.0,7.0,77.0,150.0,219.0,34.0,1.0,0.0,0.0,0.0,0.0,0.0,0.0,0.0,0.0,0.0,0.0,0.0,0.0,0.0,0.0,0.0,0.0,0.0,0.0,0.0,0.0,0.0,0.0,0.0,0.0,0.0,0.0,0.0,0.0,0.0,0.0,0.0,0.0,0.0,0.0,0.0,0.0,0.0,0.0,0.0,0.0,1.0,1.0,0.0,0.0,0.0,0.0,4.0,2.0,4.0,5.0,2.0,4.0,7.0,1.0,0.0,0.0,0.0,0.0,0.0,0.0,0.0,0.0,0.0,0.0,0.0,0.0,0.0,0.0,0.0,0.0,0.0,0.0,0.0,0.0,1.0,1.0,0.0,0.0,0.0,0.0,5.0,4.0,5.0,8.0,2.0,6.0,10.0,2.0
971,1.0,971.0,London_11,3years_LHD,1Lon_11,151,453,1092.0,70.0,2.0,116874.0,5.534376873634756,711.0,131.0,2.0,129.0,224.0,17.0,207.0,37.0,223.0,97.0,18.0,78.0,10.0,23.0,3.0,1.0,7.0,77.0,146.0,223.0,39.0,1.5357142857142858,0.0,0.0,0.0,0.0,0.0,0.0,0.0,0.0,0.0,0.0,0.0,0.0,0.0,0.0,0.0,0.0,0.0,0.0,0.0,0.0,0.0,0.0,0.0,0.0,0.0,0.0,0.0,0.0,0.0,0.0,0.0,0.0,0.0,0.0,0.0,1.0,0.0,0.0,0.0,0.0,0.0,4.0,0.0,3.0,2.0,0.0,3.0,7.0,7.0,12.0,30.0,30.0,23.0,10.0,0.0,0.0,0.0,0.0,0.0,0.0,0.0,0.0,0.0,0.0,0.0,0.0,0.0,0.0,0.0,5.0,0.0,0.0,0.0,0.0,0.0,5.0,0.0,5.0,2.0,0.0,4.0,9.0,8.0,19.0,47.0,38.0,30.0,16.0
972,1.0,972.0,London_11,3years_LHD,1Lon_11,151,453,1092.0,70.0,2.0,91506.0,4.681150184944272,655.0,11.0,2.0,9.0,29.0,17.0,12.0,224.0,227.0,88.0,19.0,75.0,11.0,28.0,1.0,4.0,6.0,78.0,141.0,228.0,29.0,0.9655172413793104,0.0,0.0,0.0,0.0,0.0,0.0,0.0,0.0,0.0,0.0,0.0,0.0,0.0,0.0,0.0,0.0,0.0,0.0,0.0,0.0,0.0,0.0,0.0,0.0,0.0,0.0,0.0,0.0,0.0,0.0,0.0,0.0,1.0,0.0,0.0,1.0,0.0,0.0,0.0,0.0,0.0,1.0,0.0,1.0,0.0,0.0,3.0,0.0,0.0,0.0,1.0,3.0,0.0,2.0,0.0,0.0,0.0,0.0,0.0,0.0,0.0,0.0,0.0,0.0,0.0,0.0,7.0,0.0,0.0,2.0,0.0,0.0,0.0,0.0,0.0,1.0,0.0,2.0,0.0,0.0,5.0,0.0,0.0,0.0,1.0,5.0,0.0,2.0
973,1.0,973.0,London_11,3years_LHD,1Lon_11,151,453,1092.0,70.0,2.0,126840.0,4.351511578075588,733.0,17.0,0.0,17.0,33.0,0.0,33.0,29.0,230.0,83.0,19.0,75.0,12.0,30.0,1.0,3.0,7.0,79.0,136.0,231.0,26.0,1.7878787878787878,0.0,0.0,0.0,0.0,0.0,0.0,0.0,0.0,0.0,0.0,0.0,0.0,0.0,0.0,0.0,0.0,0.0,0.0,0.0,0.0,0.0,0.0,0.0,0.0,0.0,0.0,0.0,0.0,0.0,0.0,0.0,0.0,0.0,0.0,0.0,0.0,0.0,0.0,0.0,0.0,0.0,1.0,1.0,1.0,0.0,0.0,5.0,0.0,1.0,2.0,2.0,4.0,3.0,1.0,0.0,0.0,0.0,0.0,0.0,0.0,0.0,0.0,0.0,0.0,0.0,0.0,0.0,0.0,0.0,0.0,0.0,0.0,0.0,0.0,0.0,1.0,1.0,1.0,0.0,0.0,7.0,0.0,1.0,3.0,2.0,10.0,4.0,2.0
974,1.0,974.0,London_11,3years_LHD,1Lon_11,151,453,1092.0,70.0,2.0,159003.0,1.452278452925384,804.0,60.0,0.0,60.0,111.0,0.0,111.0,33.0,232.0,75.0,21.0,77.0,12.0,33.0,1.0,2.0,7.0,76.0,138.0,232.0,30.0,2.6396396396396398,0.0,0.0,0.0,0.0,0.0,0.0,0.0,0.0,0.0,0.0,0.0,0.0,0.0,0.0,0.0,0.0,0.0,0.0,0.0,0.0,0.0,0.0,0.0,0.0,0.0,0.0,0.0,0.0,0.0,0.0,0.0,0.0,0.0,0.0,0.0,0.0,0.0,0.0,0.0,0.0,3.0,2.0,8.0,0.0,3.0,0.0,8.0,7.0,4.0,5.0,10.0,20.0,11.0,8.0,0.0,0.0,0.0,0.0,0.0,0.0,0.0,0.0,0.0,0.0,0.0,0.0,0.0,0.0,0.0,0.0,0.0,0.0,0.0,0.0,3.0,4.0,8.0,0.0,3.0,0.0,13.0,10.0,6.0,6.0,16.0,32.0,17.0,13.0
975,1.0,975.0,London_11,3years_LHD,1Lon_11,151,453,1092.0,70.0,2.0,174858.0,1.003604776225984,839.0,57.0,2.0,55.0,109.0,19.0,90.0,111.0,234.0,74.0,20.0,86.0,11.0,27.0,0.0,1.0,8.0,78.0,156.0,211.0,28.0,3.467889908256881,0.0,0.0,0.0,0.0,0.0,0.0,0.0,0.0,0.0,0.0,0.0,0.0,0.0,0.0,0.0,0.0,0.0,0.0,0.0,0.0,0.0,0.0,0.0,0.0,0.0,0.0,0.0,0.0,0.0,0.0,0.0,0.0,0.0,0.0,1.0,0.0,0.0,0.0,0.0,0.0,3.0,1.0,3.0,1.0,1.0,0.0,16.0,3.0,5.0,6.0,9.0,10.0,11.0,4.0,0.0,0.0,0.0,0.0,0.0,0.0,0.0,0.0,0.0,0.0,0.0,0.0,0.0,0.0,8.0,0.0,0.0,0.0,0.0,0.0,3.0,1.0,3.0,1.0,1.0,0.0,18.0,3.0,6.0,9.0,12.0,19.0,12.0,9.0
976,1.0,976.0,London_11,3years_LHD,1Lon_11,151,453,1092.0,70.0,2.0,184824.0,5.479960489086807,861.0,67.0,2.0,65.0,136.0,18.0,118.0,109.0,223.0,82.0,22.0,76.0,17.0,31.0,1.0,1.0,8.0,82.0,158.0,205.0,28.0,2.8059701492537314,0.0,0.0,0.0,0.0,0.0,0.0,0.0,0.0,0.0,1.0,0.0,0.0,1.0,0.0,0.0,0.0,0.0,0.0,1.0,0.0,0.0,0.0,0.0,0.0,0.0,0.0,0.0,0.0,0.0,0.0,0.0,0.0,0.0,0.0,0.0,0.0,0.0,0.0,0.0,0.0,1.0,3.0,2.0,1.0,3.0,0.0,7.0,10.0,6.0,8.0,8.0,19.0,14.0,7.0,0.0,0.0,0.0,0.0,0.0,0.0,0.0,0.0,0.0,0.0,0.0,0.0,0.0,0.0,0.0,0.0,0.0,0.0,0.0,0.0,2.0,4.0,2.0,3.0,4.0,0.0,9.0,17.0,9.0,10.0,15.0,23.0,16.0,12.0
977,1.0,977.0,London_11,3years_LHD,1Lon_11,151,453,1092.0,70.0,2.0,194337.0,5.930332088842988,882.0,177.0,0.0,177.0,300.0,0.0,300.0,134.0,218.0,100.0,17.0,72.0,17.0,26.0,0.0,3.0,10.0,73.0,164.0,206.0,35.0,3.39,0.0,0.0,0.0,0.0,0.0,0.0,0.0,0.0,0.0,0.0,0.0,0.0,0.0,0.0,0.0,0.0,0.0,0.0,0.0,0.0,0.0,0.0,0.0,0.0,0.0,0.0,0.0,0.0,0.0,0.0,0.0,0.0,0.0,0.0,0.0,0.0,0.0,0.0,0.0,0.0,3.0,17.0,0.0,1.0,8.0,0.0,5.0,7.0,4.0,3.0,32.0,38.0,25.0,12.0,0.0,0.0,0.0,0.0,0.0,0.0,0.0,0.0,0.0,0.0,0.0,0.0,0.0,0.0,0.0,0.0,0.0,0.0,0.0,0.0,3.0,20.0,0.0,1.0,8.0,0.0,5.0,7.0,4.0,6.0,48.0,50.0,30.0,20.0
978,1.0,978.0,London_11,3years_LHD,1Lon_11,151,453,1092.0,70.0,2.0,152661.0,3.420297948643565,790.0,65.0,1.0,64.0,125.0,9.0,116.0,300.0,177.0,112.0,20.0,94.0,18.0,27.0,2.0,3.0,7.0,73.0,163.0,210.0,41.0,0.432,0.0,0.0,0.0,0.0,0.0,0.0,0.0,0.0,0.0,0.0,0.0,0.0,0.0,0.0,0.0,0.0,0.0,0.0,0.0,0.0,0.0,0.0,0.0,0.0,0.0,0.0,0.0,0.0,0.0,0.0,0.0,0.0,0.0,0.0,0.0,0.0,0.0,0.0,0.0,0.0,0.0,3.0,3.0,2.0,1.0,0.0,13.0,8.0,12.0,9.0,13.0,16.0,14.0,6.0,0.0,0.0,0.0,0.0,0.0,0.0,0.0,0.0,0.0,0.0,0.0,0.0,0.0,0.0,0.0,0.0,0.0,0.0,0.0,0.0,0.0,4.0,4.0,2.0,1.0,0.0,15.0,11.0,16.0,13.0,24.0,26.0,18.0,6.0
979,1.0,979.0,London_11,3years_LHD,1Lon_11,151,453,1092.0,70.0,2.0,165345.0,5.5584346717223525,818.0,136.0,2.0,134.0,248.0,17.0,231.0,125.0,193.0,107.0,28.0,78.0,19.0,24.0,1.0,3.0,5.0,74.0,162.0,212.0,44.0,1.4637096774193548,0.0,0.0,0.0,0.0,0.0,0.0,0.0,0.0,0.0,0.0,0.0,0.0,0.0,0.0,0.0,0.0,0.0,0.0,0.0,0.0,0.0,0.0,0.0,0.0,0.0,0.0,0.0,0.0,0.0,0.0,0.0,0.0,1.0,0.0,0.0,1.0,0.0,0.0,0.0,0.0,3.0,2.0,0.0,3.0,1.0,1.0,18.0,7.0,14.0,13.0,30.0,28.0,18.0,14.0,0.0,0.0,0.0,0.0,0.0,0.0,0.0,0.0,0.0,0.0,0.0,0.0,5.0,0.0,0.0,4.0,0.0,0.0,0.0,0.0,3.0,3.0,0.0,3.0,1.0,2.0,25.0,9.0,19.0,15.0,49.0,40.0,22.0,22.0
980,1.0,980.0,London_11,3years_LHD,1Lon_11,151,453,1092.0,70.0,2.0,141336.0,4.15413476806134,765.0,62.0,0.0,62.0,121.0,0.0,121.0,248.0,203.0,119.0,18.0,59.0,20.0,28.0,2.0,4.0,7.0,82.0,158.0,206.0,36.0,0.4380165289256198,0.0,0.0,0.0,0.0,0.0,0.0,0.0,0.0,0.0,0.0,0.0,0.0,0.0,0.0,0.0,0.0,0.0,0.0,0.0,0.0,0.0,0.0,0.0,0.0,0.0,0.0,0.0,0.0,0.0,0.0,0.0,0.0,0.0,0.0,0.0,0.0,0.0,0.0,0.0,0.0,4.0,7.0,2.0,1.0,6.0,1.0,6.0,6.0,12.0,9.0,16.0,13.0,12.0,4.0,0.0,0.0,0.0,0.0,0.0,0.0,0.0,0.0,0.0,0.0,0.0,0.0,0.0,0.0,0.0,0.0,0.0,0.0,0.0,0.0,5.0,12.0,2.0,3.0,6.0,2.0,7.0,10.0,20.0,11.0,25.0,23.0,14.0,7.0
981,1.0,981.0,London_11,3years_LHD,1Lon_11,151,453,1092.0,70.0,2.0,149037.0,6.516201965510845,782.0,116.0,2.0,114.0,230.0,17.0,213.0,121.0,223.0,115.0,24.0,43.0,20.0,25.0,0.0,3.0,7.0,83.0,160.0,203.0,36.0,1.4304347826086956,0.0,0.0,0.0,0.0,0.0,0.0,0.0,0.0,0.0,0.0,0.0,0.0,0.0,0.0,0.0,0.0,0.0,0.0,0.0,0.0,0.0,0.0,0.0,0.0,0.0,0.0,0.0,0.0,0.0,2.0,0.0,0.0,1.0,0.0,1.0,1.0,0.0,0.0,0.0,0.0,3.0,13.0,3.0,2.0,4.0,0.0,8.0,9.0,4.0,15.0,20.0,23.0,11.0,10.0,0.0,0.0,0.0,0.0,0.0,0.0,0.0,0.0,0.0,12.0,0.0,0.0,6.0,0.0,8.0,3.0,0.0,0.0,0.0,0.0,3.0,20.0,3.0,2.0,4.0,0.0,13.0,12.0,7.0,21.0,37.0,37.0,14.0,17.0
982,1.0,982.0,London_11,3years_LHD,1Lon_11,151,453,1092.0,70.0,2.0,127293.0,2.697997037321329,734.0,49.0,0.0,49.0,81.0,0.0,81.0,230.0,234.0,99.0,11.0,66.0,22.0,15.0,2.0,4.0,4.0,89.0,159.0,201.0,25.0,1.271604938271605,0.0,0.0,0.0,0.0,0.0,0.0,0.0,0.0,0.0,0.0,0.0,0.0,0.0,0.0,0.0,0.0,0.0,0.0,0.0,0.0,0.0,0.0,0.0,0.0,0.0,0.0,0.0,0.0,0.0,0.0,0.0,0.0,0.0,0.0,0.0,0.0,0.0,0.0,0.0,0.0,0.0,4.0,1.0,3.0,5.0,0.0,2.0,6.0,2.0,5.0,12.0,9.0,6.0,6.0,0.0,0.0,0.0,0.0,0.0,0.0,0.0,0.0,0.0,0.0,0.0,0.0,0.0,0.0,0.0,0.0,0.0,0.0,0.0,0.0,0.0,5.0,1.0,4.0,5.0,0.0,4.0,8.0,2.0,6.0,16.0,14.0,7.0,8.0
983,1.0,983.0,London_11,3years_LHD,1Lon_11,151,453,1092.0,70.0,2.0,137712.0,1.333457374945283,757.0,61.0,1.0,60.0,124.0,10.0,114.0,81.0,236.0,96.0,1.0,68.0,25.0,18.0,3.0,6.0,8.0,91.0,162.0,192.0,37.0,2.3870967741935485,0.0,0.0,0.0,0.0,0.0,0.0,0.0,0.0,0.0,0.0,0.0,0.0,0.0,0.0,0.0,0.0,0.0,0.0,0.0,0.0,0.0,0.0,0.0,0.0,0.0,0.0,0.0,0.0,0.0,0.0,0.0,0.0,0.0,0.0,0.0,0.0,1.0,0.0,0.0,0.0,1.0,7.0,4.0,1.0,2.0,0.0,9.0,8.0,3.0,12.0,14.0,12.0,21.0,6.0,0.0,0.0,0.0,0.0,0.0,0.0,0.0,0.0,0.0,0.0,0.0,0.0,0.0,0.0,0.0,0.0,10.0,0.0,0.0,0.0,1.0,8.0,5.0,1.0,3.0,0.0,15.0,9.0,6.0,15.0,21.0,22.0,32.0,13.0
984,1.0,984.0,London_11,3years_LHD,1Lon_11,151,453,1092.0,70.0,2.0,142695.0,3.3484930898994207,768.0,122.0,0.0,122.0,221.0,0.0,221.0,124.0,232.0,100.0,8.0,58.0,25.0,25.0,1.0,4.0,7.0,85.0,173.0,188.0,40.0,2.2941176470588234,0.0,0.0,0.0,0.0,0.0,0.0,0.0,0.0,0.0,0.0,0.0,0.0,0.0,0.0,0.0,0.0,0.0,0.0,0.0,0.0,0.0,0.0,0.0,0.0,0.0,0.0,0.0,0.0,0.0,0.0,0.0,0.0,0.0,0.0,0.0,0.0,0.0,0.0,0.0,0.0,4.0,16.0,0.0,1.0,2.0,2.0,4.0,2.0,3.0,7.0,29.0,30.0,23.0,10.0,0.0,0.0,0.0,0.0,0.0,0.0,0.0,0.0,0.0,0.0,0.0,0.0,0.0,0.0,0.0,0.0,0.0,0.0,0.0,0.0,4.0,19.0,0.0,2.0,2.0,2.0,6.0,2.0,5.0,9.0,49.0,43.0,28.0,13.0
985,1.0,985.0,London_11,3years_LHD,1Lon_11,151,453,1092.0,70.0,2.0,126387.0,5.7162006087601185,732.0,32.0,2.0,30.0,72.0,20.0,52.0,221.0,233.0,76.0,17.0,80.0,18.0,21.0,2.0,6.0,3.0,74.0,171.0,205.0,25.0,1.4027777777777777,0.0,0.0,0.0,0.0,0.0,0.0,0.0,0.0,0.0,0.0,0.0,0.0,0.0,0.0,0.0,0.0,0.0,0.0,0.0,0.0,0.0,0.0,0.0,0.0,0.0,0.0,0.0,0.0,0.0,0.0,0.0,0.0,1.0,0.0,0.0,0.0,1.0,0.0,0.0,0.0,0.0,2.0,0.0,0.0,1.0,0.0,0.0,2.0,2.0,3.0,6.0,7.0,3.0,3.0,0.0,0.0,0.0,0.0,0.0,0.0,0.0,0.0,0.0,0.0,0.0,0.0,6.0,0.0,0.0,0.0,9.0,0.0,0.0,0.0,0.0,2.0,0.0,0.0,1.0,0.0,0.0,3.0,2.0,4.0,8.0,10.0,4.0,5.0
986,1.0,986.0,London_11,3years_LHD,1Lon_11,151,453,1092.0,70.0,2.0,147225.0,3.5163289979100227,778.0,119.0,2.0,117.0,213.0,16.0,197.0,72.0,234.0,76.0,17.0,79.0,16.0,23.0,2.0,6.0,3.0,79.0,155.0,216.0,28.0,1.9295774647887325,0.0,0.0,0.0,0.0,0.0,0.0,0.0,0.0,0.0,0.0,0.0,0.0,0.0,0.0,0.0,0.0,0.0,0.0,0.0,0.0,0.0,0.0,0.0,0.0,0.0,0.0,0.0,0.0,0.0,0.0,0.0,0.0,1.0,0.0,0.0,2.0,0.0,0.0,0.0,0.0,3.0,1.0,4.0,0.0,1.0,1.0,10.0,10.0,16.0,14.0,21.0,21.0,27.0,3.0,0.0,0.0,0.0,0.0,0.0,0.0,0.0,0.0,0.0,0.0,0.0,0.0,8.0,0.0,0.0,7.0,0.0,0.0,0.0,0.0,3.0,1.0,4.0,0.0,1.0,2.0,13.0,16.0,19.0,21.0,33.0,32.0,35.0,6.0
987,1.0,987.0,London_11,3years_LHD,1Lon_11,151,453,1092.0,70.0,2.0,125481.0,4.542498459108174,730.0,1.0,0.0,1.0,1.0,0.0,1.0,213.0,237.0,85.0,12.0,71.0,18.0,28.0,1.0,1.0,5.0,80.0,167.0,201.0,30.0,0.0,0.0,0.0,0.0,0.0,0.0,0.0,0.0,0.0,0.0,0.0,0.0,0.0,0.0,0.0,0.0,0.0,0.0,0.0,0.0,0.0,0.0,0.0,0.0,0.0,0.0,0.0,0.0,0.0,0.0,0.0,0.0,0.0,0.0,0.0,0.0,0.0,0.0,0.0,0.0,0.0,0.0,0.0,0.0,0.0,0.0,0.0,0.0,0.0,0.0,0.0,0.0,1.0,0.0,0.0,0.0,0.0,0.0,0.0,0.0,0.0,0.0,0.0,0.0,0.0,0.0,0.0,0.0,0.0,0.0,0.0,0.0,0.0,0.0,0.0,0.0,0.0,0.0,0.0,0.0,0.0,0.0,0.0,0.0,0.0,0.0,1.0,0.0,0.0
988,1.0,988.0,London_11,3years_LHD,1Lon_11,151,453,1092.0,70.0,2.0,167157.0,4.652789516374469,822.0,120.0,0.0,120.0,199.0,0.0,199.0,1.0,237.0,85.0,12.0,71.0,18.0,28.0,1.0,1.0,5.0,80.0,167.0,201.0,30.0,2.3316582914572863,0.0,0.0,0.0,0.0,0.0,0.0,0.0,0.0,0.0,0.0,0.0,0.0,0.0,0.0,0.0,0.0,0.0,0.0,0.0,0.0,0.0,0.0,0.0,0.0,0.0,0.0,0.0,0.0,0.0,0.0,0.0,0.0,0.0,0.0,0.0,0.0,0.0,0.0,0.0,0.0,1.0,9.0,2.0,1.0,5.0,0.0,8.0,5.0,7.0,14.0,27.0,21.0,23.0,4.0,0.0,0.0,0.0,0.0,0.0,0.0,0.0,0.0,0.0,0.0,0.0,0.0,0.0,0.0,0.0,0.0,0.0,0.0,0.0,0.0,2.0,13.0,3.0,1.0,5.0,0.0,9.0,8.0,10.0,17.0,36.0,34.0,28.0,7.0
989,1.0,989.0,London_11,3years_LHD,1Lon_11,151,453,1092.0,70.0,2.0,150849.0,4.158519365824759,786.0,58.0,2.0,56.0,115.0,17.0,98.0,199.0,242.0,76.0,14.0,61.0,24.0,34.0,0.0,2.0,6.0,78.0,158.0,211.0,26.0,1.8347826086956522,0.0,0.0,0.0,0.0,0.0,0.0,0.0,0.0,0.0,0.0,0.0,0.0,0.0,0.0,0.0,0.0,0.0,0.0,0.0,0.0,0.0,0.0,0.0,0.0,0.0,0.0,0.0,0.0,0.0,0.0,0.0,0.0,0.0,0.0,0.0,1.0,0.0,0.0,0.0,0.0,1.0,5.0,3.0,1.0,5.0,0.0,13.0,2.0,4.0,6.0,8.0,12.0,10.0,5.0,0.0,0.0,0.0,0.0,0.0,0.0,0.0,0.0,0.0,0.0,0.0,0.0,0.0,0.0,0.0,4.0,0.0,0.0,0.0,0.0,1.0,6.0,3.0,1.0,5.0,0.0,18.0,3.0,5.0,9.0,13.0,19.0,13.0,7.0
990,1.0,990.0,London_11,3years_LHD,1Lon_11,151,453,1092.0,70.0,2.0,168969.0,3.2831319961696863,826.0,71.0,2.0,69.0,147.0,18.0,129.0,115.0,244.0,79.0,13.0,55.0,23.0,34.0,0.0,5.0,5.0,86.0,153.0,209.0,35.0,1.380952380952381,0.0,0.0,0.0,0.0,0.0,0.0,0.0,0.0,0.0,0.0,0.0,0.0,0.0,0.0,0.0,0.0,0.0,0.0,0.0,0.0,0.0,0.0,0.0,0.0,0.0,0.0,0.0,0.0,0.0,1.0,0.0,0.0,2.0,0.0,0.0,1.0,0.0,0.0,0.0,0.0,1.0,2.0,7.0,1.0,2.0,0.0,9.0,4.0,3.0,8.0,14.0,17.0,10.0,9.0,0.0,0.0,0.0,0.0,0.0,0.0,0.0,0.0,0.0,9.0,0.0,0.0,15.0,0.0,0.0,7.0,0.0,0.0,0.0,0.0,1.0,2.0,7.0,2.0,2.0,0.0,14.0,6.0,4.0,9.0,27.0,25.0,17.0,16.0
991,1.0,991.0,London_11,3years_LHD,1Lon_11,151,453,1092.0,70.0,2.0,190260.0,3.5345588149502873,873.0,168.0,0.0,168.0,278.0,0.0,278.0,147.0,254.0,81.0,12.0,44.0,20.0,35.0,1.0,6.0,5.0,87.0,168.0,193.0,31.0,4.0647482014388485,0.0,0.0,0.0,0.0,0.0,0.0,0.0,0.0,0.0,0.0,0.0,0.0,0.0,0.0,0.0,0.0,0.0,0.0,0.0,0.0,0.0,0.0,0.0,0.0,0.0,0.0,0.0,0.0,0.0,0.0,0.0,0.0,0.0,0.0,0.0,0.0,0.0,0.0,0.0,0.0,0.0,11.0,4.0,6.0,0.0,0.0,7.0,8.0,3.0,7.0,29.0,35.0,14.0,6.0,0.0,0.0,0.0,0.0,0.0,0.0,0.0,0.0,0.0,0.0,0.0,0.0,0.0,0.0,0.0,0.0,0.0,0.0,0.0,0.0,0.0,19.0,5.0,8.0,0.0,0.0,7.0,9.0,3.0,9.0,49.0,51.0,18.0,11.0
992,1.0,992.0,London_11,3years_LHD,1Lon_11,151,453,1092.0,70.0,2.0,155832.0,4.161382624879479,797.0,47.0,0.0,47.0,83.0,0.0,83.0,278.0,192.0,105.0,23.0,72.0,24.0,33.0,2.0,2.0,5.0,77.0,172.0,199.0,34.0,0.7469879518072289,0.0,0.0,0.0,0.0,0.0,0.0,0.0,0.0,0.0,0.0,0.0,0.0,0.0,0.0,0.0,0.0,0.0,0.0,0.0,0.0,0.0,0.0,0.0,0.0,0.0,0.0,0.0,0.0,0.0,0.0,0.0,0.0,0.0,0.0,0.0,0.0,0.0,0.0,0.0,0.0,2.0,3.0,0.0,0.0,0.0,0.0,2.0,7.0,2.0,2.0,8.0,15.0,12.0,4.0,0.0,0.0,0.0,0.0,0.0,0.0,0.0,0.0,0.0,0.0,0.0,0.0,0.0,0.0,0.0,0.0,0.0,0.0,0.0,0.0,2.0,6.0,0.0,0.0,0.0,0.0,3.0,12.0,2.0,4.0,13.0,20.0,16.0,6.0
993,1.0,993.0,London_11,3years_LHD,1Lon_11,151,453,1092.0,70.0,2.0,182559.0,8.857576738111675,856.0,122.0,2.0,120.0,235.0,22.0,213.0,83.0,198.0,100.0,29.0,66.0,27.0,31.0,0.0,2.0,7.0,76.0,174.0,196.0,39.0,1.5404255319148936,0.0,0.0,0.0,0.0,0.0,0.0,0.0,0.0,0.0,0.0,0.0,0.0,0.0,0.0,0.0,0.0,0.0,0.0,0.0,0.0,0.0,0.0,0.0,0.0,0.0,0.0,0.0,0.0,0.0,0.0,0.0,0.0,0.0,0.0,0.0,1.0,0.0,0.0,0.0,0.0,1.0,3.0,0.0,0.0,4.0,0.0,11.0,4.0,6.0,13.0,21.0,25.0,20.0,12.0,0.0,0.0,0.0,0.0,0.0,0.0,0.0,0.0,0.0,0.0,0.0,0.0,0.0,0.0,0.0,4.0,0.0,0.0,0.0,0.0,1.0,4.0,0.0,0.0,4.0,0.0,13.0,7.0,9.0,19.0,36.0,42.0,23.0,18.0
994,1.0,994.0,London_11,3years_LHD,1Lon_11,151,453,1092.0,70.0,2.0,163080.0,3.759569621644914,813.0,74.0,0.0,74.0,129.0,0.0,129.0,235.0,211.0,97.0,14.0,66.0,28.0,29.0,3.0,5.0,4.0,76.0,167.0,206.0,34.0,1.2713178294573644,0.0,0.0,0.0,0.0,0.0,0.0,0.0,0.0,0.0,0.0,0.0,0.0,0.0,0.0,0.0,0.0,0.0,0.0,0.0,0.0,0.0,0.0,0.0,0.0,0.0,0.0,0.0,0.0,0.0,0.0,0.0,0.0,0.0,0.0,0.0,0.0,0.0,0.0,0.0,0.0,0.0,6.0,6.0,1.0,4.0,0.0,9.0,6.0,8.0,7.0,15.0,11.0,16.0,6.0,0.0,0.0,0.0,0.0,0.0,0.0,0.0,0.0,0.0,0.0,0.0,0.0,0.0,0.0,0.0,0.0,0.0,0.0,0.0,0.0,0.0,9.0,6.0,3.0,4.0,0.0,12.0,10.0,12.0,9.0,18.0,15.0,22.0,10.0
995,1.0,995.0,London_11,3years_LHD,1Lon_11,151,453,1092.0,70.0,2.0,161721.0,4.062730387784541,810.0,66.0,2.0,64.0,126.0,17.0,109.0,129.0,214.0,74.0,21.0,70.0,31.0,34.0,4.0,5.0,3.0,82.0,176.0,192.0,40.0,1.8253968253968254,0.0,0.0,0.0,0.0,0.0,0.0,0.0,0.0,0.0,0.0,0.0,0.0,0.0,0.0,0.0,0.0,0.0,0.0,0.0,0.0,0.0,0.0,0.0,0.0,0.0,0.0,0.0,0.0,0.0,0.0,0.0,0.0,1.0,0.0,0.0,1.0,0.0,0.0,0.0,0.0,3.0,2.0,7.0,2.0,2.0,0.0,8.0,4.0,3.0,11.0,16.0,10.0,14.0,7.0,0.0,0.0,0.0,0.0,0.0,0.0,0.0,0.0,0.0,0.0,0.0,0.0,8.0,0.0,0.0,4.0,0.0,0.0,0.0,0.0,4.0,2.0,8.0,4.0,2.0,0.0,8.0,5.0,3.0,14.0,22.0,16.0,20.0,9.0
996,1.0,996.0,London_11,3years_LHD,1Lon_11,151,453,1092.0,70.0,2.0,170781.0,0.9297915874049067,830.0,143.0,0.0,143.0,257.0,0.0,257.0,126.0,210.0,91.0,21.0,60.0,32.0,31.0,3.0,5.0,5.0,79.0,176.0,193.0,32.0,2.5136186770428015,0.0,0.0,0.0,0.0,0.0,0.0,0.0,0.0,0.0,0.0,0.0,0.0,0.0,0.0,0.0,0.0,0.0,0.0,0.0,0.0,0.0,0.0,0.0,0.0,0.0,0.0,0.0,0.0,0.0,0.0,0.0,0.0,0.0,0.0,0.0,0.0,0.0,0.0,0.0,0.0,0.0,1.0,0.0,1.0,8.0,0.0,11.0,7.0,2.0,7.0,26.0,37.0,19.0,5.0,0.0,0.0,0.0,0.0,0.0,0.0,0.0,0.0,0.0,0.0,0.0,0.0,0.0,0.0,0.0,0.0,0.0,0.0,0.0,0.0,0.0,1.0,0.0,2.0,8.0,0.0,16.0,8.0,4.0,10.0,38.0,54.0,22.0,11.0
997,1.0,997.0,London_11,3years_LHD,1Lon_11,151,453,1092.0,70.0,2.0,135447.0,3.1862826915457845,752.0,141.0,0.0,141.0,247.0,0.0,247.0,257.0,185.0,101.0,15.0,83.0,31.0,30.0,1.0,7.0,6.0,77.0,163.0,207.0,35.0,0.7813765182186235,0.0,0.0,0.0,0.0,0.0,0.0,0.0,0.0,0.0,0.0,0.0,0.0,0.0,0.0,0.0,0.0,0.0,0.0,0.0,0.0,0.0,0.0,0.0,0.0,0.0,0.0,0.0,0.0,0.0,0.0,0.0,0.0,0.0,0.0,0.0,0.0,0.0,0.0,0.0,0.0,3.0,0.0,0.0,1.0,1.0,0.0,8.0,17.0,13.0,18.0,30.0,28.0,28.0,10.0,0.0,0.0,0.0,0.0,0.0,0.0,0.0,0.0,0.0,0.0,0.0,0.0,0.0,0.0,0.0,0.0,0.0,0.0,0.0,0.0,4.0,0.0,0.0,1.0,2.0,0.0,11.0,20.0,17.0,24.0,41.0,40.0,36.0,19.0
998,1.0,998.0,London_11,3years_LHD,1Lon_11,151,453,1092.0,70.0,2.0,95130.0,1.3907000701874495,663.0,20.0,0.0,20.0,36.0,0.0,36.0,247.0,210.0,106.0,12.0,59.0,26.0,32.0,4.0,4.0,6.0,79.0,171.0,197.0,26.0,0.05555555555555555,0.0,0.0,0.0,0.0,0.0,0.0,0.0,0.0,0.0,0.0,0.0,0.0,0.0,0.0,0.0,0.0,0.0,0.0,0.0,0.0,0.0,0.0,0.0,0.0,0.0,0.0,0.0,0.0,0.0,0.0,0.0,0.0,0.0,0.0,0.0,0.0,0.0,0.0,0.0,0.0,0.0,5.0,0.0,0.0,1.0,0.0,2.0,0.0,1.0,2.0,4.0,6.0,4.0,2.0,0.0,0.0,0.0,0.0,0.0,0.0,0.0,0.0,0.0,0.0,0.0,0.0,0.0,0.0,0.0,0.0,0.0,0.0,0.0,0.0,0.0,7.0,0.0,0.0,1.0,0.0,2.0,0.0,1.0,2.0,4.0,7.0,7.0,4.0
999,1.0,999.0,London_11,3years_LHD,1Lon_11,151,453,1092.0,70.0,2.0,120498.0,5.440609104000032,719.0,124.0,2.0,122.0,226.0,20.0,206.0,36.0,215.0,106.0,13.0,55.0,27.0,29.0,4.0,4.0,7.0,71.0,181.0,194.0,30.0,2.013392857142857,0.0,0.0,0.0,0.0,0.0,0.0,0.0,0.0,0.0,1.0,0.0,1.0,0.0,0.0,0.0,0.0,0.0,0.0,1.0,0.0,0.0,0.0,0.0,0.0,0.0,0.0,0.0,0.0,0.0,0.0,0.0,0.0,0.0,0.0,0.0,2.0,0.0,0.0,0.0,0.0,4.0,9.0,1.0,0.0,4.0,0.0,8.0,10.0,6.0,15.0,20.0,31.0,32.0,14.0,0.0,0.0,0.0,0.0,0.0,0.0,0.0,0.0,0.0,0.0,0.0,0.0,0.0,0.0,0.0,10.0,0.0,0.0,0.0,0.0,4.0,11.0,1.0,0.0,4.0,0.0,9.0,12.0,7.0,20.0,29.0,44.0,37.0,21.0
1000,1.0,1000.0,London_11,3years_LHD,1Lon_11,151,453,1092.0,70.0,2.0,99207.0,4.616078794002533,672.0,10.0,2.0,8.0,33.0,18.0,15.0,224.0,221.0,106.0,20.0,57.0,17.0,24.0,2.0,6.0,4.0,69.0,165.0,215.0,30.0,1.121212121212121,0.0,0.0,0.0,0.0,0.0,0.0,0.0,0.0,0.0,0.0,0.0,0.0,0.0,0.0,0.0,0.0,0.0,0.0,0.0,0.0,0.0,0.0,0.0,0.0,0.0,0.0,0.0,0.0,0.0,0.0,0.0,0.0,0.0,0.0,0.0,2.0,0.0,0.0,0.0,0.0,1.0,0.0,0.0,0.0,1.0,0.0,1.0,0.0,1.0,2.0,1.0,0.0,2.0,0.0,0.0,0.0,0.0,0.0,0.0,0.0,0.0,0.0,0.0,0.0,0.0,0.0,0.0,0.0,0.0,11.0,0.0,0.0,0.0,0.0,2.0,0.0,0.0,0.0,1.0,0.0,1.0,0.0,1.0,3.0,2.0,0.0,2.0,0.0
1001,1.0,1001.0,London_11,3years_LHD,1Lon_11,151,453,1092.0,70.0,2.0,121857.0,3.148572430945933,722.0,16.0,0.0,16.0,34.0,0.0,34.0,33.0,225.0,116.0,15.0,57.0,9.0,23.0,1.0,7.0,4.0,71.0,153.0,225.0,27.0,1.3823529411764706,0.0,0.0,0.0,0.0,0.0,0.0,0.0,0.0,0.0,0.0,0.0,0.0,0.0,0.0,0.0,0.0,0.0,0.0,0.0,0.0,0.0,0.0,0.0,0.0,0.0,0.0,0.0,0.0,0.0,0.0,0.0,0.0,0.0,0.0,0.0,0.0,0.0,0.0,0.0,0.0,0.0,1.0,0.0,0.0,1.0,0.0,4.0,1.0,0.0,5.0,5.0,3.0,6.0,1.0,0.0,0.0,0.0,0.0,0.0,0.0,0.0,0.0,0.0,0.0,0.0,0.0,0.0,0.0,0.0,0.0,0.0,0.0,0.0,0.0,0.0,2.0,0.0,0.0,1.0,0.0,4.0,1.0,0.0,8.0,11.0,8.0,11.0,1.0
1002,1.0,1002.0,London_11,3years_LHD,1Lon_11,151,453,1092.0,70.0,2.0,160362.0,4.2748986426740885,807.0,67.0,0.0,67.0,111.0,0.0,111.0,34.0,227.0,108.0,17.0,58.0,8.0,24.0,1.0,10.0,4.0,67.0,162.0,220.0,29.0,2.972972972972973,0.0,0.0,0.0,0.0,0.0,0.0,0.0,0.0,0.0,0.0,0.0,0.0,0.0,0.0,0.0,0.0,0.0,0.0,0.0,0.0,0.0,0.0,0.0,0.0,0.0,0.0,0.0,0.0,0.0,0.0,0.0,0.0,0.0,0.0,0.0,0.0,0.0,0.0,0.0,0.0,0.0,2.0,5.0,3.0,5.0,0.0,4.0,7.0,7.0,4.0,13.0,16.0,10.0,4.0,0.0,0.0,0.0,0.0,0.0,0.0,0.0,0.0,0.0,0.0,0.0,0.0,0.0,0.0,0.0,0.0,0.0,0.0,0.0,0.0,0.0,2.0,5.0,4.0,5.0,0.0,6.0,9.0,8.0,5.0,20.0,25.0,15.0,8.0
1003,1.0,1003.0,London_11,3years_LHD,1Lon_11,151,453,1092.0,70.0,2.0,180747.0,1.7639699457213283,852.0,50.0,2.0,48.0,110.0,19.0,91.0,111.0,231.0,104.0,17.0,49.0,7.0,30.0,1.0,14.0,8.0,71.0,175.0,199.0,35.0,2.5545454545454547,0.0,0.0,0.0,0.0,0.0,0.0,0.0,0.0,0.0,0.0,0.0,0.0,0.0,0.0,0.0,0.0,0.0,0.0,0.0,0.0,0.0,0.0,0.0,0.0,0.0,0.0,0.0,0.0,0.0,0.0,0.0,0.0,0.0,0.0,0.0,1.0,0.0,0.0,0.0,0.0,0.0,4.0,3.0,0.0,3.0,0.0,5.0,4.0,2.0,7.0,14.0,5.0,12.0,3.0,0.0,0.0,0.0,0.0,0.0,0.0,0.0,0.0,0.0,0.0,0.0,0.0,0.0,0.0,0.0,3.0,0.0,0.0,0.0,0.0,0.0,8.0,3.0,0.0,3.0,0.0,10.0,5.0,3.0,11.0,20.0,7.0,19.0,6.0
1004,1.0,1004.0,London_11,3years_LHD,1Lon_11,151,453,1092.0,70.0,2.0,196149.0,1.4574361080303788,886.0,68.0,3.0,65.0,142.0,25.0,117.0,110.0,234.0,98.0,20.0,43.0,6.0,36.0,1.0,15.0,7.0,69.0,182.0,195.0,28.0,2.640845070422535,0.0,0.0,0.0,0.0,0.0,0.0,0.0,0.0,0.0,0.0,0.0,0.0,0.0,0.0,0.0,0.0,0.0,0.0,0.0,0.0,0.0,0.0,0.0,0.0,0.0,0.0,0.0,0.0,0.0,0.0,0.0,0.0,1.0,0.0,1.0,2.0,0.0,0.0,0.0,0.0,2.0,2.0,1.0,1.0,10.0,0.0,9.0,8.0,2.0,6.0,11.0,14.0,17.0,6.0,0.0,0.0,0.0,0.0,0.0,0.0,0.0,0.0,0.0,0.0,0.0,0.0,5.0,0.0,5.0,12.0,0.0,0.0,0.0,0.0,2.0,2.0,1.0,1.0,11.0,0.0,10.0,9.0,3.0,8.0,15.0,18.0,24.0,8.0
1005,1.0,1005.0,London_11,3years_LHD,1Lon_11,151,453,1092.0,70.0,2.0,212457.0,4.316780984401703,922.0,176.0,0.0,176.0,301.0,0.0,301.0,142.0,236.0,113.0,11.0,44.0,3.0,31.0,3.0,12.0,7.0,80.0,167.0,199.0,40.0,4.358803986710964,0.0,0.0,0.0,0.0,0.0,0.0,0.0,0.0,0.0,0.0,0.0,0.0,0.0,0.0,0.0,0.0,0.0,0.0,0.0,0.0,0.0,0.0,0.0,0.0,0.0,0.0,0.0,0.0,0.0,0.0,0.0,0.0,0.0,0.0,0.0,0.0,0.0,0.0,0.0,0.0,1.0,18.0,1.0,3.0,11.0,0.0,7.0,9.0,3.0,3.0,33.0,41.0,14.0,8.0,0.0,0.0,0.0,0.0,0.0,0.0,0.0,0.0,0.0,0.0,0.0,0.0,0.0,0.0,0.0,0.0,0.0,0.0,0.0,0.0,2.0,21.0,1.0,4.0,11.0,0.0,9.0,13.0,4.0,4.0,51.0,59.0,19.0,10.0
1006,1.0,1006.0,London_11,3years_LHD,1Lon_11,151,453,1092.0,70.0,2.0,167157.0,2.5868537109345198,822.0,66.0,0.0,66.0,118.0,0.0,118.0,301.0,181.0,109.0,26.0,72.0,2.0,50.0,4.0,9.0,10.0,78.0,146.0,219.0,36.0,1.5593220338983051,0.0,0.0,0.0,0.0,0.0,0.0,0.0,0.0,0.0,0.0,0.0,0.0,0.0,0.0,0.0,0.0,0.0,0.0,0.0,0.0,0.0,0.0,0.0,0.0,0.0,0.0,0.0,0.0,0.0,0.0,0.0,0.0,0.0,0.0,0.0,0.0,0.0,0.0,0.0,0.0,1.0,3.0,7.0,0.0,2.0,0.0,10.0,2.0,7.0,6.0,15.0,17.0,14.0,6.0,0.0,0.0,0.0,0.0,0.0,0.0,0.0,0.0,0.0,0.0,0.0,0.0,0.0,0.0,0.0,0.0,0.0,0.0,0.0,0.0,1.0,6.0,7.0,0.0,2.0,0.0,14.0,3.0,12.0,7.0,24.0,25.0,17.0,9.0
1007,1.0,1007.0,London_11,3years_LHD,1Lon_11,151,453,1092.0,70.0,2.0,173952.0,2.7672188514843583,837.0,137.0,2.0,135.0,247.0,17.0,230.0,118.0,170.0,114.0,27.0,74.0,5.0,53.0,4.0,6.0,8.0,73.0,166.0,206.0,53.0,1.6923076923076923,0.0,0.0,0.0,0.0,0.0,0.0,0.0,0.0,0.0,0.0,0.0,0.0,0.0,0.0,0.0,0.0,0.0,0.0,0.0,0.0,0.0,0.0,0.0,0.0,0.0,0.0,0.0,0.0,0.0,0.0,0.0,0.0,1.0,0.0,0.0,1.0,0.0,0.0,0.0,0.0,3.0,4.0,1.0,3.0,0.0,0.0,13.0,6.0,10.0,7.0,20.0,41.0,27.0,13.0,0.0,0.0,0.0,0.0,0.0,0.0,0.0,0.0,0.0,0.0,0.0,0.0,4.0,0.0,0.0,2.0,0.0,0.0,0.0,0.0,3.0,6.0,1.0,7.0,0.0,0.0,15.0,9.0,12.0,13.0,30.0,57.0,33.0,21.0
1008,1.0,1008.0,London_11,3years_LHD,1Lon_11,151,453,1092.0,70.0,2.0,150849.0,5.154800216667354,786.0,93.0,0.0,93.0,164.0,0.0,164.0,247.0,176.0,123.0,18.0,66.0,15.0,49.0,2.0,4.0,9.0,70.0,157.0,217.0,58.0,0.7804878048780488,0.0,0.0,0.0,0.0,0.0,0.0,0.0,0.0,0.0,0.0,0.0,0.0,0.0,0.0,0.0,0.0,0.0,0.0,0.0,0.0,0.0,0.0,0.0,0.0,0.0,0.0,0.0,0.0,0.0,0.0,0.0,0.0,0.0,0.0,0.0,0.0,0.0,0.0,0.0,0.0,1.0,12.0,2.0,0.0,2.0,1.0,21.0,7.0,6.0,5.0,25.0,23.0,21.0,2.0,0.0,0.0,0.0,0.0,0.0,0.0,0.0,0.0,0.0,0.0,0.0,0.0,0.0,0.0,0.0,0.0,0.0,0.0,0.0,0.0,1.0,17.0,2.0,0.0,2.0,3.0,30.0,11.0,9.0,9.0,40.0,36.0,27.0,4.0
1009,1.0,1009.0,London_11,3years_LHD,1Lon_11,151,453,1092.0,70.0,2.0,145413.0,9.843423312529922,774.0,106.0,2.0,104.0,193.0,15.0,178.0,164.0,191.0,129.0,5.0,57.0,17.0,48.0,1.0,5.0,12.0,78.0,157.0,206.0,57.0,1.1761658031088082,0.0,0.0,0.0,0.0,0.0,0.0,0.0,0.0,0.0,0.0,0.0,0.0,0.0,0.0,0.0,0.0,0.0,0.0,0.0,0.0,0.0,0.0,0.0,0.0,0.0,0.0,0.0,0.0,0.0,0.0,0.0,0.0,0.0,0.0,0.0,0.0,0.0,0.0,0.0,0.0,0.0,16.0,3.0,0.0,1.0,1.0,12.0,2.0,6.0,14.0,21.0,26.0,26.0,13.0,0.0,0.0,0.0,0.0,0.0,0.0,0.0,0.0,0.0,0.0,0.0,0.0,0.0,0.0,0.0,0.0,0.0,0.0,0.0,0.0,0.0,23.0,3.0,0.0,1.0,1.0,16.0,2.0,6.0,18.0,33.0,40.0,31.0,20.0
1010,1.0,1010.0,London_11,3years_LHD,1Lon_11,151,453,1092.0,70.0,2.0,137259.0,3.4420893350616097,756.0,91.0,0.0,91.0,163.0,0.0,163.0,193.0,201.0,104.0,24.0,55.0,19.0,42.0,1.0,7.0,7.0,75.0,163.0,208.0,46.0,1.0552147239263803,0.0,0.0,0.0,0.0,0.0,0.0,0.0,0.0,0.0,0.0,0.0,0.0,0.0,0.0,0.0,0.0,0.0,0.0,0.0,0.0,0.0,0.0,0.0,0.0,0.0,0.0,0.0,0.0,0.0,0.0,0.0,0.0,0.0,0.0,0.0,0.0,0.0,0.0,0.0,0.0,1.0,4.0,7.0,1.0,6.0,0.0,7.0,7.0,2.0,17.0,21.0,18.0,22.0,10.0,0.0,0.0,0.0,0.0,0.0,0.0,0.0,0.0,0.0,0.0,0.0,0.0,0.0,0.0,0.0,0.0,0.0,0.0,0.0,0.0,1.0,7.0,7.0,1.0,6.0,0.0,8.0,10.0,3.0,22.0,32.0,25.0,35.0,14.0
1011,1.0,1011.0,London_11,3years_LHD,1Lon_11,151,453,1092.0,70.0,2.0,128199.0,5.683157708495855,736.0,53.0,1.0,52.0,105.0,9.0,96.0,163.0,212.0,104.0,30.0,44.0,18.0,42.0,1.0,2.0,8.0,71.0,166.0,208.0,43.0,1.4476190476190476,0.0,0.0,0.0,0.0,0.0,0.0,0.0,0.0,0.0,0.0,0.0,0.0,0.0,0.0,0.0,0.0,0.0,0.0,0.0,0.0,0.0,0.0,0.0,0.0,0.0,0.0,0.0,0.0,0.0,0.0,0.0,0.0,0.0,0.0,0.0,1.0,0.0,0.0,0.0,0.0,4.0,3.0,1.0,0.0,5.0,0.0,5.0,5.0,0.0,8.0,12.0,10.0,9.0,8.0,0.0,0.0,0.0,0.0,0.0,0.0,0.0,0.0,0.0,0.0,0.0,0.0,0.0,0.0,0.0,4.0,0.0,0.0,0.0,0.0,4.0,3.0,1.0,0.0,5.0,0.0,6.0,6.0,0.0,10.0,19.0,13.0,11.0,13.0
1012,1.0,1012.0,London_11,3years_LHD,1Lon_11,151,453,1092.0,70.0,2.0,143601.0,2.967439018189907,770.0,3.0,0.0,3.0,5.0,0.0,5.0,105.0,213.0,102.0,36.0,34.0,18.0,46.0,2.0,2.0,7.0,72.0,160.0,214.0,39.0,0.2,0.0,0.0,0.0,0.0,0.0,0.0,0.0,0.0,0.0,0.0,0.0,0.0,0.0,0.0,0.0,0.0,0.0,0.0,0.0,0.0,0.0,0.0,0.0,0.0,0.0,0.0,0.0,0.0,0.0,0.0,0.0,0.0,0.0,0.0,0.0,0.0,0.0,0.0,0.0,0.0,0.0,1.0,0.0,0.0,0.0,0.0,0.0,0.0,0.0,0.0,0.0,3.0,0.0,0.0,0.0,0.0,0.0,0.0,0.0,0.0,0.0,0.0,0.0,0.0,0.0,0.0,0.0,0.0,0.0,0.0,0.0,0.0,0.0,0.0,0.0,1.0,0.0,0.0,0.0,0.0,0.0,0.0,0.0,0.0,0.0,3.0,0.0,0.0
1013,1.0,1013.0,London_11,3years_LHD,1Lon_11,151,453,1092.0,70.0,2.0,191619.0,7.405668145976961,876.0,103.0,2.0,101.0,184.0,17.0,167.0,5.0,213.0,103.0,36.0,32.0,18.0,47.0,2.0,2.0,7.0,72.0,163.0,211.0,39.0,2.630434782608696,0.0,0.0,0.0,0.0,0.0,0.0,0.0,0.0,0.0,0.0,0.0,0.0,0.0,0.0,0.0,0.0,0.0,0.0,0.0,0.0,0.0,0.0,0.0,0.0,0.0,0.0,0.0,0.0,0.0,0.0,0.0,0.0,0.0,0.0,0.0,1.0,0.0,0.0,0.0,0.0,0.0,7.0,0.0,2.0,0.0,1.0,8.0,7.0,0.0,11.0,19.0,15.0,18.0,3.0,0.0,0.0,0.0,0.0,0.0,0.0,0.0,0.0,0.0,0.0,0.0,0.0,0.0,0.0,0.0,2.0,0.0,0.0,0.0,0.0,0.0,7.0,0.0,2.0,0.0,2.0,8.0,9.0,0.0,14.0,28.0,20.0,24.0,4.0
1014,1.0,1014.0,London_11,3years_LHD,1Lon_11,151,453,1092.0,70.0,2.0,182559.0,2.6899528289213777,856.0,135.0,2.0,133.0,243.0,17.0,226.0,184.0,213.0,105.0,20.0,53.0,19.0,40.0,2.0,1.0,5.0,85.0,150.0,213.0,33.0,1.5637860082304527,0.0,0.0,0.0,0.0,0.0,0.0,0.0,0.0,0.0,0.0,0.0,0.0,0.0,0.0,0.0,0.0,0.0,0.0,0.0,0.0,0.0,0.0,0.0,0.0,0.0,0.0,0.0,0.0,0.0,0.0,0.0,0.0,1.0,0.0,0.0,2.0,0.0,0.0,0.0,0.0,12.0,1.0,0.0,5.0,2.0,0.0,11.0,8.0,1.0,8.0,23.0,31.0,23.0,5.0,0.0,0.0,0.0,0.0,0.0,0.0,0.0,0.0,0.0,0.0,0.0,0.0,6.0,0.0,0.0,4.0,0.0,0.0,0.0,0.0,14.0,1.0,0.0,9.0,2.0,0.0,16.0,11.0,2.0,15.0,31.0,38.0,30.0,7.0
1015,1.0,1015.0,London_11,3years_LHD,1Lon_11,151,453,1092.0,70.0,2.0,164892.0,7.15549926366657,817.0,110.0,0.0,110.0,198.0,0.0,198.0,243.0,230.0,91.0,20.0,64.0,17.0,24.0,1.0,6.0,5.0,84.0,160.0,204.0,35.0,0.35858585858585856,0.0,0.0,0.0,0.0,0.0,0.0,0.0,0.0,0.0,0.0,0.0,0.0,0.0,0.0,0.0,0.0,0.0,0.0,0.0,0.0,0.0,0.0,0.0,0.0,0.0,0.0,0.0,0.0,0.0,0.0,0.0,0.0,0.0,0.0,0.0,0.0,0.0,0.0,0.0,0.0,5.0,7.0,2.0,1.0,1.0,1.0,9.0,8.0,7.0,6.0,17.0,26.0,16.0,9.0,0.0,0.0,0.0,0.0,0.0,0.0,0.0,0.0,0.0,0.0,0.0,0.0,0.0,0.0,0.0,0.0,0.0,0.0,0.0,0.0,7.0,8.0,2.0,1.0,1.0,3.0,11.0,13.0,9.0,8.0,29.0,40.0,21.0,16.0
1016,1.0,1016.0,London_11,3years_LHD,1Lon_11,151,453,1092.0,70.0,2.0,155832.0,4.532027212902904,797.0,99.0,0.0,99.0,161.0,0.0,161.0,198.0,248.0,75.0,6.0,69.0,21.0,29.0,2.0,3.0,7.0,77.0,165.0,204.0,21.0,0.6273291925465838,0.0,0.0,0.0,0.0,0.0,0.0,0.0,0.0,0.0,0.0,0.0,0.0,0.0,0.0,0.0,0.0,0.0,0.0,0.0,0.0,0.0,0.0,0.0,0.0,0.0,0.0,0.0,0.0,0.0,0.0,0.0,0.0,0.0,0.0,0.0,0.0,0.0,0.0,0.0,0.0,6.0,2.0,2.0,1.0,3.0,1.0,8.0,10.0,7.0,7.0,19.0,21.0,26.0,5.0,0.0,0.0,0.0,0.0,0.0,0.0,0.0,0.0,0.0,0.0,0.0,0.0,0.0,0.0,0.0,0.0,0.0,0.0,0.0,0.0,6.0,2.0,3.0,1.0,3.0,3.0,11.0,14.0,10.0,8.0,25.0,29.0,34.0,8.0
1017,1.0,1017.0,London_11,3years_LHD,1Lon_11,151,453,1092.0,70.0,2.0,148131.0,2.951253895647824,780.0,84.0,2.0,82.0,164.0,19.0,145.0,161.0,263.0,78.0,17.0,54.0,20.0,19.0,0.0,2.0,9.0,84.0,166.0,194.0,20.0,2.097560975609756,0.0,0.0,0.0,0.0,0.0,0.0,0.0,0.0,0.0,0.0,0.0,0.0,0.0,0.0,0.0,0.0,0.0,0.0,0.0,0.0,0.0,0.0,0.0,0.0,0.0,0.0,0.0,0.0,0.0,0.0,0.0,0.0,0.0,0.0,1.0,0.0,0.0,0.0,0.0,0.0,1.0,2.0,3.0,0.0,4.0,0.0,3.0,2.0,10.0,13.0,15.0,20.0,25.0,7.0,0.0,0.0,0.0,0.0,0.0,0.0,0.0,0.0,0.0,0.0,0.0,0.0,0.0,0.0,10.0,0.0,0.0,0.0,0.0,0.0,1.0,3.0,3.0,0.0,4.0,0.0,5.0,2.0,14.0,20.0,28.0,30.0,32.0,11.0
1018,1.0,1018.0,London_11,3years_LHD,1Lon_11,151,453,1092.0,70.0,2.0,143601.0,5.5023895772174,770.0,41.0,2.0,39.0,81.0,18.0,63.0,164.0,258.0,85.0,26.0,55.0,11.0,15.0,0.0,3.0,6.0,82.0,153.0,212.0,23.0,0.7027027027027027,0.0,0.0,0.0,0.0,0.0,0.0,0.0,0.0,0.0,1.0,0.0,0.0,1.0,0.0,0.0,0.0,0.0,0.0,1.0,0.0,0.0,0.0,0.0,0.0,0.0,0.0,0.0,0.0,0.0,0.0,0.0,0.0,0.0,0.0,0.0,0.0,0.0,0.0,0.0,0.0,2.0,3.0,2.0,0.0,2.0,0.0,5.0,4.0,1.0,6.0,5.0,9.0,5.0,4.0,0.0,0.0,0.0,0.0,0.0,0.0,0.0,0.0,0.0,0.0,0.0,0.0,0.0,0.0,0.0,0.0,0.0,0.0,0.0,0.0,2.0,5.0,3.0,0.0,2.0,0.0,7.0,4.0,1.0,8.0,6.0,13.0,6.0,5.0
1019,1.0,1019.0,London_11,3years_LHD,1Lon_11,151,453,1092.0,70.0,2.0,154473.0,9.009667810983956,794.0,102.0,0.0,102.0,171.0,0.0,171.0,74.0,262.0,84.0,24.0,50.0,12.0,18.0,1.0,2.0,6.0,86.0,158.0,203.0,24.0,1.847953216374269,0.0,0.0,0.0,0.0,0.0,0.0,0.0,0.0,0.0,0.0,0.0,0.0,0.0,0.0,0.0,0.0,0.0,0.0,0.0,0.0,0.0,0.0,0.0,0.0,0.0,0.0,0.0,0.0,0.0,0.0,0.0,0.0,0.0,0.0,0.0,0.0,0.0,0.0,0.0,0.0,7.0,4.0,0.0,2.0,1.0,0.0,10.0,4.0,11.0,11.0,17.0,18.0,11.0,8.0,0.0,0.0,0.0,0.0,0.0,0.0,0.0,0.0,0.0,0.0,0.0,0.0,0.0,0.0,0.0,0.0,0.0,0.0,0.0,0.0,8.0,4.0,0.0,2.0,1.0,0.0,13.0,4.0,16.0,14.0,25.0,24.0,16.0,12.0
1020,1.0,1020.0,London_11,3years_LHD,1Lon_11,151,453,1092.0,70.0,2.0,144054.0,5.008035504259169,771.0,55.0,1.0,54.0,103.0,9.0,94.0,171.0,263.0,80.0,26.0,58.0,15.0,8.0,0.0,3.0,5.0,71.0,156.0,221.0,20.0,1.3592233009708738,0.0,0.0,0.0,0.0,0.0,0.0,0.0,0.0,0.0,0.0,0.0,0.0,0.0,0.0,0.0,0.0,0.0,0.0,0.0,0.0,0.0,0.0,0.0,0.0,0.0,0.0,0.0,0.0,0.0,0.0,0.0,0.0,0.0,0.0,0.0,0.0,0.0,0.0,0.0,0.0,0.0,7.0,4.0,1.0,2.0,0.0,12.0,3.0,2.0,8.0,11.0,14.0,13.0,1.0,0.0,0.0,0.0,0.0,0.0,0.0,0.0,0.0,0.0,0.0,0.0,0.0,0.0,0.0,0.0,0.0,0.0,0.0,0.0,0.0,0.0,9.0,4.0,1.0,2.0,0.0,17.0,5.0,3.0,12.0,17.0,18.0,16.0,1.0
1021,1.0,1021.0,London_11,3years_LHD,1Lon_11,151,453,1092.0,70.0,2.0,163080.0,8.013704892247915,813.0,98.0,2.0,96.0,185.0,17.0,168.0,103.0,269.0,89.0,22.0,54.0,9.0,6.0,1.0,3.0,5.0,80.0,160.0,208.0,20.0,1.3675675675675676,0.0,0.0,0.0,0.0,0.0,0.0,0.0,0.0,0.0,0.0,0.0,0.0,0.0,0.0,0.0,0.0,0.0,0.0,0.0,0.0,0.0,0.0,0.0,0.0,0.0,0.0,0.0,0.0,0.0,0.0,0.0,0.0,1.0,0.0,0.0,1.0,0.0,0.0,0.0,0.0,1.0,1.0,0.0,0.0,4.0,0.0,9.0,5.0,5.0,1.0,25.0,26.0,18.0,8.0,0.0,0.0,0.0,0.0,0.0,0.0,0.0,0.0,0.0,0.0,0.0,0.0,7.0,0.0,0.0,2.0,0.0,0.0,0.0,0.0,1.0,1.0,0.0,0.0,4.0,0.0,10.0,8.0,8.0,1.0,34.0,39.0,23.0,11.0
1022,1.0,1022.0,London_11,3years_LHD,1Lon_11,151,453,1092.0,70.0,2.0,159003.0,9.632051983848214,804.0,74.0,0.0,74.0,120.0,0.0,120.0,185.0,288.0,76.0,14.0,55.0,3.0,16.0,0.0,1.0,4.0,76.0,160.0,213.0,26.0,0.9916666666666667,0.0,0.0,0.0,0.0,0.0,0.0,0.0,0.0,0.0,0.0,0.0,0.0,0.0,0.0,0.0,0.0,0.0,0.0,0.0,0.0,0.0,0.0,0.0,0.0,0.0,0.0,0.0,0.0,0.0,0.0,0.0,0.0,0.0,0.0,0.0,0.0,0.0,0.0,0.0,0.0,0.0,8.0,0.0,2.0,4.0,0.0,10.0,4.0,6.0,8.0,11.0,16.0,15.0,6.0,0.0,0.0,0.0,0.0,0.0,0.0,0.0,0.0,0.0,0.0,0.0,0.0,0.0,0.0,0.0,0.0,0.0,0.0,0.0,0.0,0.0,10.0,0.0,3.0,5.0,0.0,15.0,6.0,9.0,12.0,14.0,21.0,17.0,8.0
1023,1.0,1023.0,London_11,3years_LHD,1Lon_11,151,453,1092.0,70.0,2.0,161268.0,8.43861526157707,809.0,132.0,2.0,130.0,232.0,17.0,215.0,120.0,299.0,60.0,23.0,48.0,4.0,17.0,0.0,2.0,6.0,62.0,177.0,208.0,22.0,4.530172413793103,0.0,0.0,0.0,0.0,0.0,0.0,0.0,0.0,0.0,0.0,0.0,0.0,0.0,0.0,0.0,0.0,0.0,0.0,0.0,0.0,0.0,0.0,0.0,0.0,0.0,0.0,0.0,0.0,0.0,2.0,0.0,0.0,1.0,0.0,1.0,1.0,0.0,0.0,0.0,0.0,0.0,5.0,0.0,3.0,0.0,0.0,4.0,15.0,0.0,9.0,21.0,38.0,27.0,6.0,0.0,0.0,0.0,0.0,0.0,0.0,0.0,0.0,0.0,6.0,0.0,0.0,6.0,0.0,6.0,3.0,0.0,0.0,0.0,0.0,0.0,6.0,0.0,3.0,0.0,0.0,4.0,22.0,0.0,12.0,30.0,52.0,37.0,7.0
1024,1.0,1024.0,London_11,3years_LHD,1Lon_11,151,453,1092.0,70.0,2.0,126840.0,5.022462205961347,733.0,48.0,0.0,48.0,80.0,0.0,80.0,232.0,248.0,86.0,17.0,72.0,5.0,18.0,2.0,5.0,8.0,72.0,176.0,197.0,28.0,0.0,0.0,0.0,0.0,0.0,0.0,0.0,0.0,0.0,0.0,0.0,0.0,0.0,0.0,0.0,0.0,0.0,0.0,0.0,0.0,0.0,0.0,0.0,0.0,0.0,0.0,0.0,0.0,0.0,0.0,0.0,0.0,0.0,0.0,0.0,0.0,0.0,0.0,0.0,0.0,0.0,0.0,10.0,0.0,2.0,3.0,0.0,5.0,5.0,0.0,4.0,8.0,8.0,16.0,2.0,0.0,0.0,0.0,0.0,0.0,0.0,0.0,0.0,0.0,0.0,0.0,0.0,0.0,0.0,0.0,0.0,0.0,0.0,0.0,0.0,0.0,12.0,0.0,3.0,3.0,0.0,6.0,8.0,0.0,4.0,11.0,14.0,18.0,3.0
1025,1.0,1025.0,London_11,3years_LHD,1Lon_11,151,453,1092.0,70.0,2.0,136353.0,5.893004043027759,754.0,68.0,1.0,67.0,124.0,10.0,114.0,80.0,257.0,85.0,21.0,55.0,7.0,17.0,2.0,9.0,10.0,74.0,178.0,191.0,32.0,2.130081300813008,0.0,0.0,0.0,0.0,0.0,0.0,0.0,0.0,0.0,1.0,0.0,0.0,0.0,0.0,0.0,0.0,0.0,1.0,1.0,0.0,0.0,0.0,0.0,0.0,0.0,0.0,0.0,0.0,0.0,0.0,0.0,0.0,0.0,0.0,0.0,0.0,1.0,0.0,0.0,0.0,2.0,3.0,2.0,1.0,6.0,0.0,5.0,9.0,2.0,5.0,15.0,16.0,12.0,5.0,0.0,0.0,0.0,0.0,0.0,0.0,0.0,0.0,0.0,0.0,0.0,0.0,0.0,0.0,0.0,0.0,7.0,0.0,0.0,0.0,2.0,3.0,2.0,2.0,6.0,0.0,6.0,11.0,3.0,8.0,27.0,23.0,15.0,6.0
1026,1.0,1026.0,London_11,3years_LHD,1Lon_11,151,453,1092.0,70.0,2.0,140430.0,5.703329500742257,763.0,125.0,0.0,125.0,221.0,0.0,221.0,123.0,260.0,83.0,27.0,44.0,10.0,15.0,1.0,13.0,8.0,76.0,162.0,207.0,35.0,3.244343891402715,0.0,0.0,0.0,0.0,0.0,0.0,0.0,0.0,0.0,0.0,0.0,0.0,0.0,0.0,0.0,0.0,0.0,0.0,0.0,0.0,0.0,0.0,0.0,0.0,0.0,0.0,0.0,0.0,0.0,0.0,0.0,0.0,0.0,0.0,0.0,0.0,0.0,0.0,0.0,0.0,2.0,15.0,2.0,2.0,5.0,0.0,10.0,4.0,5.0,9.0,26.0,39.0,16.0,12.0,0.0,0.0,0.0,0.0,0.0,0.0,0.0,0.0,0.0,0.0,0.0,0.0,0.0,0.0,0.0,0.0,0.0,0.0,0.0,0.0,3.0,24.0,2.0,2.0,6.0,0.0,10.0,7.0,8.0,15.0,38.0,66.0,22.0,15.0
1027,1.0,1027.0,London_11,3years_LHD,1Lon_11,151,453,1092.0,70.0,2.0,118233.0,1.6157279908657074,714.0,31.0,2.0,29.0,73.0,20.0,53.0,221.0,244.0,78.0,15.0,67.0,14.0,25.0,1.0,9.0,3.0,68.0,152.0,230.0,32.0,2.2777777777777777,0.0,0.0,0.0,0.0,0.0,0.0,0.0,0.0,0.0,1.0,0.0,0.0,0.0,0.0,0.0,1.0,0.0,0.0,1.0,0.0,0.0,0.0,0.0,0.0,0.0,0.0,0.0,0.0,0.0,0.0,0.0,0.0,1.0,0.0,0.0,0.0,1.0,0.0,0.0,0.0,2.0,2.0,2.0,1.0,0.0,0.0,5.0,4.0,3.0,2.0,5.0,9.0,6.0,5.0,0.0,0.0,0.0,0.0,0.0,0.0,0.0,0.0,0.0,0.0,0.0,0.0,8.0,0.0,0.0,0.0,8.0,0.0,0.0,0.0,2.0,2.0,3.0,1.0,0.0,0.0,9.0,5.0,3.0,3.0,11.0,13.0,9.0,8.0
1028,1.0,1028.0,London_11,3years_LHD,1Lon_11,151,453,1092.0,70.0,2.0,144507.0,4.232331313192844,772.0,116.0,2.0,114.0,213.0,16.0,197.0,72.0,235.0,83.0,19.0,60.0,17.0,31.0,1.0,7.0,2.0,65.0,153.0,233.0,33.0,2.131455399061033,0.0,0.0,0.0,0.0,0.0,0.0,0.0,0.0,0.0,0.0,0.0,0.0,0.0,0.0,0.0,0.0,0.0,0.0,0.0,0.0,0.0,0.0,0.0,0.0,0.0,0.0,0.0,0.0,0.0,0.0,0.0,0.0,1.0,0.0,0.0,2.0,0.0,0.0,0.0,0.0,13.0,6.0,1.0,6.0,7.0,0.0,20.0,7.0,1.0,7.0,24.0,29.0,24.0,7.0,0.0,0.0,0.0,0.0,0.0,0.0,0.0,0.0,0.0,0.0,0.0,0.0,6.0,0.0,0.0,8.0,0.0,0.0,0.0,0.0,18.0,7.0,1.0,7.0,8.0,0.0,26.0,11.0,2.0,9.0,41.0,45.0,29.0,10.0
1029,1.0,1029.0,London_11,3years_LHD,1Lon_11,151,453,1092.0,70.0,2.0,134541.0,2.8394696209579706,750.0,0.0,0.0,0.0,0.0,0.0,0.0,213.0,237.0,79.0,15.0,63.0,19.0,32.0,1.0,7.0,7.0,70.0,155.0,221.0,34.0,0.0,0.0,0.0,0.0,0.0,0.0,0.0,0.0,0.0,0.0,0.0,0.0,0.0,0.0,0.0,0.0,0.0,0.0,0.0,0.0,0.0,0.0,0.0,0.0,0.0,0.0,0.0,0.0,0.0,0.0,0.0,0.0,0.0,0.0,0.0,0.0,0.0,0.0,0.0,0.0,0.0,0.0,0.0,0.0,0.0,0.0,0.0,0.0,0.0,0.0,0.0,0.0,0.0,0.0,0.0,0.0,0.0,0.0,0.0,0.0,0.0,0.0,0.0,0.0,0.0,0.0,0.0,0.0,0.0,0.0,0.0,0.0,0.0,0.0,0.0,0.0,0.0,0.0,0.0,0.0,0.0,0.0,0.0,0.0,0.0,0.0,0.0,0.0,0.0
1030,1.0,1030.0,London_11,3years_LHD,1Lon_11,151,453,1092.0,70.0,2.0,179841.0,4.8947710283100605,850.0,114.0,0.0,114.0,199.0,0.0,199.0,0.0,237.0,79.0,15.0,63.0,19.0,32.0,1.0,7.0,7.0,70.0,155.0,221.0,34.0,1.8391959798994975,0.0,0.0,0.0,0.0,0.0,0.0,0.0,0.0,0.0,0.0,0.0,0.0,0.0,0.0,0.0,0.0,0.0,0.0,0.0,0.0,0.0,0.0,0.0,0.0,0.0,0.0,0.0,0.0,0.0,0.0,0.0,0.0,0.0,0.0,0.0,0.0,0.0,0.0,0.0,0.0,0.0,6.0,1.0,1.0,2.0,2.0,5.0,7.0,6.0,14.0,25.0,26.0,18.0,11.0,0.0,0.0,0.0,0.0,0.0,0.0,0.0,0.0,0.0,0.0,0.0,0.0,0.0,0.0,0.0,0.0,0.0,0.0,0.0,0.0,0.0,8.0,1.0,2.0,2.0,2.0,9.0,12.0,9.0,21.0,41.0,43.0,25.0,19.0
1031,1.0,1031.0,London_11,3years_LHD,1Lon_11,151,453,1092.0,70.0,2.0,166251.0,4.706802252680063,820.0,61.0,2.0,59.0,115.0,17.0,98.0,199.0,252.0,79.0,14.0,60.0,17.0,29.0,0.0,2.0,9.0,69.0,146.0,229.0,29.0,1.6725663716814159,0.0,0.0,0.0,0.0,0.0,0.0,0.0,0.0,0.0,1.0,0.0,0.0,0.0,0.0,0.0,1.0,0.0,0.0,1.0,0.0,0.0,0.0,0.0,0.0,0.0,0.0,0.0,0.0,0.0,0.0,0.0,0.0,0.0,0.0,0.0,1.0,0.0,0.0,0.0,0.0,0.0,3.0,1.0,0.0,9.0,0.0,10.0,7.0,7.0,4.0,15.0,9.0,15.0,4.0,0.0,0.0,0.0,0.0,0.0,0.0,0.0,0.0,0.0,0.0,0.0,0.0,0.0,0.0,0.0,1.0,0.0,0.0,0.0,0.0,0.0,4.0,1.0,0.0,9.0,0.0,14.0,15.0,9.0,7.0,18.0,15.0,18.0,5.0
1032,1.0,1032.0,London_11,3years_LHD,1Lon_11,151,453,1092.0,70.0,2.0,173499.0,3.1986084701493382,836.0,71.0,2.0,69.0,148.0,18.0,130.0,113.0,252.0,67.0,19.0,72.0,14.0,26.0,1.0,2.0,9.0,74.0,161.0,209.0,33.0,1.587837837837838,0.0,0.0,0.0,0.0,0.0,0.0,0.0,0.0,0.0,0.0,0.0,0.0,0.0,0.0,0.0,0.0,0.0,0.0,0.0,0.0,0.0,0.0,0.0,0.0,0.0,0.0,0.0,0.0,0.0,0.0,0.0,0.0,2.0,0.0,0.0,1.0,0.0,0.0,0.0,0.0,1.0,1.0,1.0,1.0,7.0,0.0,8.0,6.0,4.0,13.0,11.0,21.0,4.0,9.0,0.0,0.0,0.0,0.0,0.0,0.0,0.0,0.0,0.0,0.0,0.0,0.0,16.0,0.0,0.0,6.0,0.0,0.0,0.0,0.0,3.0,1.0,1.0,1.0,7.0,0.0,12.0,9.0,4.0,19.0,18.0,37.0,7.0,14.0
1033,1.0,1033.0,London_11,3years_LHD,1Lon_11,151,453,1092.0,70.0,2.0,173499.0,5.160902161151171,836.0,155.0,0.0,155.0,278.0,0.0,278.0,148.0,263.0,73.0,15.0,60.0,18.0,20.0,0.0,4.0,7.0,77.0,163.0,206.0,29.0,4.363309352517986,0.0,0.0,0.0,0.0,0.0,0.0,0.0,0.0,0.0,0.0,0.0,0.0,0.0,0.0,0.0,0.0,0.0,0.0,0.0,0.0,0.0,0.0,0.0,0.0,0.0,0.0,0.0,0.0,0.0,0.0,0.0,0.0,0.0,0.0,0.0,0.0,0.0,0.0,0.0,0.0,0.0,20.0,0.0,0.0,5.0,0.0,11.0,6.0,3.0,11.0,28.0,43.0,22.0,8.0,0.0,0.0,0.0,0.0,0.0,0.0,0.0,0.0,0.0,0.0,0.0,0.0,0.0,0.0,0.0,0.0,0.0,0.0,0.0,0.0,0.0,32.0,0.0,0.0,5.0,0.0,15.0,6.0,3.0,17.0,46.0,56.0,28.0,14.0
1034,1.0,1034.0,London_11,3years_LHD,1Lon_11,151,453,1092.0,70.0,2.0,147225.0,4.00938159134239,778.0,48.0,0.0,48.0,81.0,0.0,81.0,278.0,195.0,95.0,19.0,91.0,17.0,28.0,1.0,7.0,7.0,81.0,140.0,225.0,40.0,0.8518518518518519,0.0,0.0,0.0,0.0,0.0,0.0,0.0,0.0,0.0,0.0,0.0,0.0,0.0,0.0,0.0,0.0,0.0,0.0,0.0,0.0,0.0,0.0,0.0,0.0,0.0,0.0,0.0,0.0,0.0,0.0,0.0,0.0,0.0,0.0,0.0,0.0,0.0,0.0,0.0,0.0,3.0,3.0,1.0,3.0,2.0,0.0,5.0,1.0,2.0,3.0,5.0,12.0,8.0,5.0,0.0,0.0,0.0,0.0,0.0,0.0,0.0,0.0,0.0,0.0,0.0,0.0,0.0,0.0,0.0,0.0,0.0,0.0,0.0,0.0,3.0,4.0,1.0,5.0,2.0,0.0,8.0,1.0,2.0,4.0,7.0,21.0,10.0,5.0
1035,1.0,1035.0,London_11,3years_LHD,1Lon_11,151,453,1092.0,70.0,2.0,167610.0,5.217983070760965,823.0,126.0,2.0,124.0,235.0,22.0,213.0,81.0,200.0,93.0,18.0,93.0,16.0,26.0,1.0,6.0,8.0,84.0,150.0,211.0,54.0,1.5106382978723405,0.0,0.0,0.0,0.0,0.0,0.0,0.0,0.0,0.0,0.0,0.0,0.0,0.0,0.0,0.0,0.0,0.0,0.0,0.0,0.0,0.0,0.0,0.0,0.0,0.0,0.0,0.0,0.0,0.0,0.0,0.0,0.0,0.0,0.0,0.0,1.0,0.0,0.0,0.0,0.0,0.0,9.0,1.0,1.0,11.0,0.0,12.0,5.0,3.0,9.0,28.0,25.0,27.0,8.0,0.0,0.0,0.0,0.0,0.0,0.0,0.0,0.0,0.0,0.0,0.0,0.0,0.0,0.0,0.0,4.0,0.0,0.0,0.0,0.0,0.0,11.0,1.0,1.0,11.0,0.0,13.0,6.0,3.0,12.0,43.0,38.0,41.0,12.0
1036,1.0,1036.0,London_11,3years_LHD,1Lon_11,151,453,1092.0,70.0,2.0,144054.0,4.112067647278309,771.0,68.0,0.0,68.0,122.0,0.0,122.0,235.0,215.0,104.0,28.0,81.0,1.0,17.0,2.0,5.0,5.0,83.0,148.0,217.0,30.0,0.8688524590163934,0.0,0.0,0.0,0.0,0.0,0.0,0.0,0.0,0.0,0.0,0.0,0.0,0.0,0.0,0.0,0.0,0.0,0.0,0.0,0.0,0.0,0.0,0.0,0.0,0.0,0.0,0.0,0.0,0.0,0.0,0.0,0.0,0.0,0.0,0.0,0.0,0.0,0.0,0.0,0.0,2.0,10.0,1.0,1.0,1.0,0.0,14.0,5.0,1.0,10.0,10.0,18.0,11.0,8.0,0.0,0.0,0.0,0.0,0.0,0.0,0.0,0.0,0.0,0.0,0.0,0.0,0.0,0.0,0.0,0.0,0.0,0.0,0.0,0.0,3.0,14.0,1.0,1.0,1.0,0.0,22.0,5.0,1.0,16.0,17.0,33.0,13.0,11.0
1037,1.0,1037.0,London_11,3years_LHD,1Lon_11,151,453,1092.0,70.0,2.0,149943.0,3.041360625065863,784.0,123.0,2.0,121.0,230.0,17.0,213.0,122.0,223.0,105.0,21.0,80.0,3.0,17.0,1.0,3.0,8.0,78.0,172.0,195.0,39.0,1.3391304347826087,0.0,0.0,0.0,0.0,0.0,0.0,0.0,0.0,0.0,0.0,0.0,0.0,0.0,0.0,0.0,0.0,0.0,0.0,0.0,0.0,0.0,0.0,0.0,0.0,0.0,0.0,0.0,0.0,0.0,0.0,0.0,0.0,1.0,0.0,0.0,1.0,0.0,0.0,0.0,0.0,6.0,3.0,0.0,2.0,3.0,0.0,5.0,10.0,6.0,10.0,27.0,23.0,26.0,7.0,0.0,0.0,0.0,0.0,0.0,0.0,0.0,0.0,0.0,0.0,0.0,0.0,7.0,0.0,0.0,4.0,0.0,0.0,0.0,0.0,7.0,4.0,0.0,4.0,5.0,0.0,8.0,14.0,11.0,13.0,39.0,32.0,37.0,11.0
1038,1.0,1038.0,London_11,3years_LHD,1Lon_11,151,453,1092.0,70.0,2.0,130011.0,4.839826493524015,740.0,51.0,0.0,51.0,80.0,0.0,80.0,230.0,231.0,107.0,19.0,66.0,3.0,25.0,0.0,2.0,6.0,74.0,162.0,211.0,38.0,0.7125,0.0,0.0,0.0,0.0,0.0,0.0,0.0,0.0,0.0,0.0,0.0,0.0,0.0,0.0,0.0,0.0,0.0,0.0,0.0,0.0,0.0,0.0,0.0,0.0,0.0,0.0,0.0,0.0,0.0,0.0,0.0,0.0,0.0,0.0,0.0,0.0,0.0,0.0,0.0,0.0,0.0,1.0,0.0,0.0,0.0,0.0,7.0,8.0,2.0,3.0,8.0,13.0,7.0,6.0,0.0,0.0,0.0,0.0,0.0,0.0,0.0,0.0,0.0,0.0,0.0,0.0,0.0,0.0,0.0,0.0,0.0,0.0,0.0,0.0,0.0,1.0,0.0,0.0,0.0,0.0,8.0,9.0,3.0,5.0,11.0,17.0,8.0,9.0
1039,1.0,1039.0,London_11,3years_LHD,1Lon_11,151,453,1092.0,70.0,2.0,136806.0,6.360823870636523,755.0,64.0,0.0,64.0,115.0,0.0,115.0,80.0,231.0,103.0,20.0,68.0,2.0,23.0,0.0,6.0,8.0,73.0,167.0,205.0,45.0,1.4782608695652173,0.0,0.0,0.0,0.0,0.0,0.0,0.0,0.0,0.0,0.0,0.0,0.0,0.0,0.0,0.0,0.0,0.0,0.0,0.0,0.0,0.0,0.0,0.0,0.0,0.0,0.0,0.0,0.0,0.0,0.0,0.0,0.0,0.0,0.0,0.0,0.0,0.0,0.0,0.0,0.0,4.0,10.0,3.0,1.0,4.0,0.0,8.0,5.0,7.0,5.0,18.0,8.0,15.0,6.0,0.0,0.0,0.0,0.0,0.0,0.0,0.0,0.0,0.0,0.0,0.0,0.0,0.0,0.0,0.0,0.0,0.0,0.0,0.0,0.0,4.0,17.0,3.0,1.0,4.0,0.0,10.0,7.0,9.0,6.0,26.0,9.0,19.0,7.0
1040,1.0,1040.0,London_11,3years_LHD,1Lon_11,151,453,1092.0,70.0,2.0,146772.0,6.5825208416208625,777.0,127.0,0.0,127.0,221.0,0.0,221.0,115.0,236.0,109.0,20.0,57.0,6.0,24.0,0.0,1.0,10.0,71.0,144.0,228.0,51.0,1.7737556561085972,0.0,0.0,0.0,0.0,0.0,0.0,0.0,0.0,0.0,0.0,0.0,0.0,0.0,0.0,0.0,0.0,0.0,0.0,0.0,0.0,0.0,0.0,0.0,0.0,0.0,0.0,0.0,0.0,0.0,0.0,0.0,0.0,0.0,0.0,0.0,0.0,0.0,0.0,0.0,0.0,0.0,6.0,0.0,1.0,5.0,0.0,14.0,7.0,6.0,7.0,24.0,24.0,27.0,12.0,0.0,0.0,0.0,0.0,0.0,0.0,0.0,0.0,0.0,0.0,0.0,0.0,0.0,0.0,0.0,0.0,0.0,0.0,0.0,0.0,0.0,6.0,0.0,2.0,5.0,0.0,17.0,9.0,7.0,8.0,45.0,35.0,33.0,18.0
1041,1.0,1041.0,London_11,3years_LHD,1Lon_11,151,453,1092.0,70.0,2.0,122763.0,4.933420308865607,724.0,32.0,2.0,30.0,71.0,20.0,51.0,221.0,251.0,87.0,21.0,49.0,8.0,30.0,4.0,3.0,8.0,81.0,172.0,192.0,27.0,0.6323529411764706,0.0,0.0,0.0,0.0,0.0,0.0,0.0,0.0,0.0,1.0,0.0,1.0,0.0,0.0,0.0,0.0,0.0,0.0,1.0,0.0,0.0,0.0,0.0,0.0,0.0,0.0,0.0,0.0,0.0,0.0,0.0,0.0,0.0,0.0,0.0,2.0,0.0,0.0,0.0,0.0,1.0,2.0,0.0,1.0,0.0,1.0,2.0,3.0,1.0,3.0,4.0,5.0,8.0,1.0,0.0,0.0,0.0,0.0,0.0,0.0,0.0,0.0,0.0,0.0,0.0,0.0,0.0,0.0,0.0,13.0,0.0,0.0,0.0,0.0,2.0,2.0,0.0,3.0,0.0,1.0,3.0,4.0,1.0,4.0,7.0,7.0,10.0,1.0
1042,1.0,1042.0,London_11,3years_LHD,1Lon_11,151,453,1092.0,70.0,2.0,150849.0,3.6565013509243727,786.0,117.0,2.0,115.0,215.0,18.0,197.0,68.0,261.0,79.0,22.0,48.0,11.0,28.0,2.0,2.0,9.0,88.0,165.0,191.0,27.0,3.046511627906977,0.0,0.0,0.0,0.0,0.0,0.0,0.0,0.0,0.0,0.0,0.0,0.0,0.0,0.0,0.0,0.0,0.0,0.0,0.0,0.0,0.0,0.0,0.0,0.0,0.0,0.0,0.0,0.0,0.0,0.0,0.0,0.0,0.0,0.0,0.0,2.0,0.0,0.0,0.0,0.0,5.0,2.0,0.0,1.0,2.0,0.0,3.0,3.0,2.0,12.0,13.0,28.0,11.0,7.0,0.0,0.0,0.0,0.0,0.0,0.0,0.0,0.0,0.0,0.0,0.0,0.0,0.0,0.0,0.0,10.0,0.0,0.0,0.0,0.0,6.0,2.0,0.0,2.0,2.0,0.0,4.0,4.0,2.0,14.0,20.0,40.0,15.0,9.0
1043,1.0,1043.0,London_11,3years_LHD,1Lon_11,151,453,1092.0,70.0,2.0,133182.0,3.7217770954594016,747.0,0.0,0.0,0.0,0.0,0.0,0.0,215.0,255.0,67.0,19.0,64.0,9.0,33.0,1.0,5.0,6.0,77.0,158.0,212.0,26.0,0.0,0.0,0.0,0.0,0.0,0.0,0.0,0.0,0.0,0.0,0.0,0.0,0.0,0.0,0.0,0.0,0.0,0.0,0.0,0.0,0.0,0.0,0.0,0.0,0.0,0.0,0.0,0.0,0.0,0.0,0.0,0.0,0.0,0.0,0.0,0.0,0.0,0.0,0.0,0.0,0.0,0.0,0.0,0.0,0.0,0.0,0.0,0.0,0.0,0.0,0.0,0.0,0.0,0.0,0.0,0.0,0.0,0.0,0.0,0.0,0.0,0.0,0.0,0.0,0.0,0.0,0.0,0.0,0.0,0.0,0.0,0.0,0.0,0.0,0.0,0.0,0.0,0.0,0.0,0.0,0.0,0.0,0.0,0.0,0.0,0.0,0.0,0.0,0.0
1044,1.0,1044.0,London_11,3years_LHD,1Lon_11,151,453,1092.0,70.0,2.0,177123.0,6.5235003512352705,844.0,120.0,0.0,120.0,200.0,0.0,200.0,0.0,255.0,67.0,19.0,64.0,9.0,33.0,1.0,5.0,6.0,77.0,158.0,212.0,26.0,2.52,0.0,0.0,0.0,0.0,0.0,0.0,0.0,0.0,0.0,0.0,0.0,0.0,0.0,0.0,0.0,0.0,0.0,0.0,0.0,0.0,0.0,0.0,0.0,0.0,0.0,0.0,0.0,0.0,0.0,0.0,0.0,0.0,0.0,0.0,0.0,0.0,0.0,0.0,0.0,0.0,2.0,3.0,0.0,2.0,9.0,0.0,5.0,5.0,8.0,15.0,25.0,22.0,17.0,12.0,0.0,0.0,0.0,0.0,0.0,0.0,0.0,0.0,0.0,0.0,0.0,0.0,0.0,0.0,0.0,0.0,0.0,0.0,0.0,0.0,2.0,4.0,0.0,3.0,9.0,0.0,6.0,5.0,10.0,21.0,38.0,31.0,21.0,18.0
1045,1.0,1045.0,London_11,3years_LHD,1Lon_11,151,453,1092.0,70.0,2.0,167610.0,4.2684801472350955,823.0,59.0,2.0,57.0,118.0,19.0,99.0,200.0,254.0,72.0,18.0,65.0,7.0,33.0,2.0,2.0,4.0,78.0,173.0,198.0,29.0,2.26271186440678,0.0,0.0,0.0,0.0,0.0,0.0,0.0,0.0,0.0,0.0,0.0,0.0,0.0,0.0,0.0,0.0,0.0,0.0,0.0,0.0,0.0,0.0,0.0,0.0,0.0,0.0,0.0,0.0,0.0,0.0,0.0,0.0,0.0,0.0,0.0,1.0,0.0,0.0,0.0,0.0,2.0,7.0,1.0,2.0,1.0,0.0,12.0,4.0,5.0,6.0,7.0,16.0,15.0,7.0,0.0,0.0,0.0,0.0,0.0,0.0,0.0,0.0,0.0,0.0,0.0,0.0,0.0,0.0,0.0,3.0,0.0,0.0,0.0,0.0,3.0,8.0,1.0,4.0,1.0,0.0,17.0,4.0,6.0,9.0,11.0,27.0,22.0,14.0
1046,1.0,1046.0,London_11,3years_LHD,1Lon_11,151,453,1092.0,70.0,2.0,182559.0,4.8438995918259025,856.0,71.0,3.0,68.0,154.0,25.0,129.0,118.0,250.0,77.0,12.0,69.0,9.0,36.0,0.0,0.0,7.0,78.0,172.0,196.0,34.0,2.272727272727273,0.0,0.0,0.0,0.0,0.0,0.0,0.0,0.0,0.0,0.0,0.0,0.0,0.0,0.0,0.0,0.0,0.0,0.0,0.0,0.0,0.0,0.0,0.0,0.0,0.0,0.0,0.0,0.0,0.0,0.0,0.0,0.0,1.0,0.0,0.0,1.0,0.0,0.0,0.0,0.0,7.0,7.0,7.0,0.0,2.0,0.0,14.0,8.0,7.0,5.0,13.0,15.0,19.0,4.0,0.0,0.0,0.0,0.0,0.0,0.0,0.0,0.0,0.0,0.0,0.0,0.0,8.0,0.0,0.0,7.0,0.0,0.0,0.0,0.0,9.0,12.0,8.0,0.0,2.0,0.0,19.0,10.0,9.0,6.0,23.0,27.0,26.0,8.0
1047,1.0,1047.0,London_11,3years_LHD,1Lon_11,151,453,1092.0,70.0,2.0,183012.0,5.74207005277276,857.0,161.0,0.0,161.0,278.0,0.0,278.0,154.0,240.0,83.0,13.0,85.0,3.0,28.0,0.0,1.0,10.0,73.0,177.0,193.0,47.0,3.0431654676258995,0.0,0.0,0.0,0.0,0.0,0.0,0.0,0.0,0.0,0.0,0.0,0.0,0.0,0.0,0.0,0.0,0.0,0.0,0.0,0.0,0.0,0.0,0.0,0.0,0.0,0.0,0.0,0.0,0.0,0.0,0.0,0.0,0.0,0.0,0.0,0.0,0.0,0.0,0.0,0.0,1.0,16.0,0.0,2.0,10.0,0.0,0.0,3.0,8.0,6.0,29.0,37.0,20.0,8.0,0.0,0.0,0.0,0.0,0.0,0.0,0.0,0.0,0.0,0.0,0.0,0.0,0.0,0.0,0.0,0.0,0.0,0.0,0.0,0.0,1.0,21.0,0.0,2.0,10.0,0.0,0.0,5.0,9.0,8.0,41.0,56.0,23.0,9.0
1048,1.0,1048.0,London_11,3years_LHD,1Lon_11,151,453,1092.0,70.0,2.0,154473.0,4.650113451294601,794.0,47.0,0.0,47.0,80.0,0.0,80.0,278.0,220.0,95.0,25.0,85.0,6.0,15.0,1.0,6.0,5.0,78.0,161.0,209.0,37.0,0.4375,0.0,0.0,0.0,0.0,0.0,0.0,0.0,0.0,0.0,0.0,0.0,0.0,0.0,0.0,0.0,0.0,0.0,0.0,0.0,0.0,0.0,0.0,0.0,0.0,0.0,0.0,0.0,0.0,0.0,0.0,0.0,0.0,0.0,0.0,0.0,0.0,0.0,0.0,0.0,0.0,1.0,7.0,4.0,0.0,3.0,0.0,6.0,0.0,5.0,7.0,9.0,12.0,7.0,6.0,0.0,0.0,0.0,0.0,0.0,0.0,0.0,0.0,0.0,0.0,0.0,0.0,0.0,0.0,0.0,0.0,0.0,0.0,0.0,0.0,1.0,11.0,6.0,0.0,3.0,0.0,8.0,0.0,8.0,11.0,11.0,20.0,8.0,8.0
1049,1.0,1049.0,London_11,3years_LHD,1Lon_11,151,453,1092.0,70.0,2.0,163986.0,5.8518843380734324,815.0,125.0,2.0,123.0,231.0,17.0,214.0,80.0,229.0,94.0,22.0,76.0,6.0,17.0,2.0,7.0,6.0,74.0,163.0,210.0,44.0,1.974025974025974,0.0,0.0,0.0,0.0,0.0,0.0,0.0,0.0,0.0,0.0,0.0,0.0,0.0,0.0,0.0,0.0,0.0,0.0,0.0,0.0,0.0,0.0,0.0,0.0,0.0,0.0,0.0,0.0,0.0,0.0,0.0,0.0,1.0,0.0,0.0,1.0,0.0,0.0,0.0,0.0,3.0,10.0,11.0,2.0,6.0,0.0,19.0,4.0,9.0,11.0,28.0,25.0,29.0,10.0,0.0,0.0,0.0,0.0,0.0,0.0,0.0,0.0,0.0,0.0,0.0,0.0,5.0,0.0,0.0,1.0,0.0,0.0,0.0,0.0,4.0,16.0,13.0,3.0,7.0,0.0,29.0,4.0,10.0,15.0,45.0,36.0,38.0,11.0
1050,1.0,1050.0,London_11,3years_LHD,1Lon_11,151,453,1092.0,70.0,2.0,144054.0,1.381491239182651,771.0,69.0,0.0,69.0,120.0,0.0,120.0,231.0,227.0,92.0,15.0,88.0,6.0,21.0,1.0,3.0,5.0,91.0,152.0,205.0,40.0,0.7416666666666667,0.0,0.0,0.0,0.0,0.0,0.0,0.0,0.0,0.0,0.0,0.0,0.0,0.0,0.0,0.0,0.0,0.0,0.0,0.0,0.0,0.0,0.0,0.0,0.0,0.0,0.0,0.0,0.0,0.0,0.0,0.0,0.0,0.0,0.0,0.0,0.0,0.0,0.0,0.0,0.0,4.0,9.0,1.0,0.0,3.0,0.0,10.0,3.0,5.0,6.0,17.0,15.0,15.0,7.0,0.0,0.0,0.0,0.0,0.0,0.0,0.0,0.0,0.0,0.0,0.0,0.0,0.0,0.0,0.0,0.0,0.0,0.0,0.0,0.0,5.0,12.0,1.0,0.0,3.0,0.0,14.0,6.0,8.0,9.0,28.0,20.0,17.0,13.0
1051,1.0,1051.0,London_11,3years_LHD,1Lon_11,151,453,1092.0,70.0,2.0,144507.0,5.841406676918268,772.0,121.0,2.0,119.0,229.0,15.0,214.0,120.0,245.0,78.0,10.0,88.0,5.0,24.0,0.0,3.0,8.0,86.0,158.0,201.0,44.0,1.8951965065502183,0.0,0.0,0.0,0.0,0.0,0.0,0.0,0.0,0.0,0.0,0.0,0.0,0.0,0.0,0.0,0.0,0.0,0.0,0.0,0.0,0.0,0.0,0.0,0.0,0.0,0.0,0.0,0.0,0.0,0.0,0.0,0.0,0.0,0.0,0.0,0.0,0.0,0.0,0.0,0.0,0.0,12.0,1.0,0.0,0.0,2.0,17.0,3.0,10.0,6.0,34.0,23.0,27.0,6.0,0.0,0.0,0.0,0.0,0.0,0.0,0.0,0.0,0.0,0.0,0.0,0.0,0.0,0.0,0.0,0.0,0.0,0.0,0.0,0.0,0.0,21.0,1.0,0.0,0.0,3.0,23.0,4.0,13.0,7.0,53.0,34.0,37.0,9.0
1052,1.0,1052.0,London_11,3years_LHD,1Lon_11,151,453,1092.0,70.0,2.0,127746.0,4.191477049142122,735.0,48.0,0.0,48.0,80.0,0.0,80.0,229.0,246.0,77.0,15.0,82.0,5.0,23.0,2.0,3.0,5.0,81.0,152.0,215.0,36.0,1.5125,0.0,0.0,0.0,0.0,0.0,0.0,0.0,0.0,0.0,0.0,0.0,0.0,0.0,0.0,0.0,0.0,0.0,0.0,0.0,0.0,0.0,0.0,0.0,0.0,0.0,0.0,0.0,0.0,0.0,0.0,0.0,0.0,0.0,0.0,0.0,0.0,0.0,0.0,0.0,0.0,2.0,3.0,0.0,1.0,3.0,0.0,6.0,7.0,5.0,6.0,12.0,11.0,10.0,2.0,0.0,0.0,0.0,0.0,0.0,0.0,0.0,0.0,0.0,0.0,0.0,0.0,0.0,0.0,0.0,0.0,0.0,0.0,0.0,0.0,2.0,3.0,0.0,1.0,3.0,0.0,7.0,9.0,6.0,8.0,20.0,15.0,12.0,4.0
1053,1.0,1053.0,London_11,3years_LHD,1Lon_11,151,453,1092.0,70.0,2.0,134994.0,5.133237048983574,751.0,70.0,1.0,69.0,124.0,9.0,115.0,80.0,247.0,83.0,11.0,74.0,6.0,27.0,2.0,3.0,8.0,86.0,160.0,199.0,36.0,1.75,0.0,0.0,0.0,0.0,0.0,0.0,0.0,0.0,0.0,0.0,0.0,0.0,0.0,0.0,0.0,0.0,0.0,0.0,0.0,0.0,0.0,0.0,0.0,0.0,0.0,0.0,0.0,0.0,0.0,0.0,0.0,0.0,0.0,0.0,0.0,1.0,0.0,0.0,0.0,0.0,3.0,4.0,3.0,2.0,3.0,0.0,10.0,4.0,9.0,6.0,19.0,13.0,14.0,3.0,0.0,0.0,0.0,0.0,0.0,0.0,0.0,0.0,0.0,0.0,0.0,0.0,0.0,0.0,0.0,1.0,0.0,0.0,0.0,0.0,3.0,4.0,3.0,2.0,3.0,0.0,13.0,6.0,11.0,7.0,25.0,20.0,19.0,5.0
1054,1.0,1054.0,London_11,3years_LHD,1Lon_11,151,453,1092.0,70.0,2.0,135900.0,4.510993842966855,753.0,120.0,0.0,120.0,222.0,0.0,222.0,124.0,252.0,78.0,18.0,71.0,6.0,25.0,1.0,2.0,2.0,94.0,164.0,193.0,31.0,2.265765765765766,0.0,0.0,0.0,0.0,0.0,0.0,0.0,0.0,0.0,0.0,0.0,0.0,0.0,0.0,0.0,0.0,0.0,0.0,0.0,0.0,0.0,0.0,0.0,0.0,0.0,0.0,0.0,0.0,0.0,0.0,0.0,0.0,0.0,0.0,0.0,0.0,0.0,0.0,0.0,0.0,2.0,0.0,0.0,2.0,3.0,0.0,11.0,4.0,9.0,10.0,21.0,35.0,15.0,13.0,0.0,0.0,0.0,0.0,0.0,0.0,0.0,0.0,0.0,0.0,0.0,0.0,0.0,0.0,0.0,0.0,0.0,0.0,0.0,0.0,3.0,0.0,0.0,2.0,3.0,0.0,18.0,4.0,14.0,13.0,37.0,51.0,20.0,21.0
1055,1.0,1055.0,London_11,3years_LHD,1Lon_11,151,453,1092.0,70.0,2.0,115968.0,5.144460352137685,709.0,34.0,2.0,32.0,69.0,17.0,52.0,222.0,245.0,91.0,20.0,62.0,2.0,26.0,0.0,7.0,7.0,82.0,167.0,197.0,38.0,1.2835820895522387,0.0,0.0,0.0,0.0,0.0,0.0,0.0,0.0,0.0,1.0,0.0,1.0,0.0,0.0,0.0,0.0,0.0,0.0,1.0,0.0,0.0,0.0,0.0,0.0,0.0,0.0,0.0,0.0,0.0,0.0,0.0,0.0,0.0,0.0,0.0,1.0,0.0,0.0,0.0,0.0,0.0,2.0,0.0,1.0,1.0,0.0,3.0,0.0,3.0,8.0,5.0,11.0,5.0,2.0,0.0,0.0,0.0,0.0,0.0,0.0,0.0,0.0,0.0,0.0,0.0,0.0,0.0,0.0,0.0,2.0,0.0,0.0,0.0,0.0,0.0,2.0,0.0,1.0,1.0,0.0,4.0,0.0,6.0,9.0,7.0,15.0,6.0,3.0
1056,1.0,1056.0,London_11,3years_LHD,1Lon_11,151,453,1092.0,70.0,2.0,139977.0,1.8105866322293878,762.0,117.0,2.0,115.0,214.0,17.0,197.0,67.0,241.0,95.0,21.0,59.0,0.0,31.0,0.0,6.0,5.0,84.0,160.0,204.0,35.0,1.3504672897196262,0.0,0.0,0.0,0.0,0.0,0.0,0.0,0.0,0.0,0.0,0.0,0.0,0.0,0.0,0.0,0.0,0.0,0.0,0.0,0.0,0.0,0.0,0.0,0.0,0.0,0.0,0.0,0.0,0.0,0.0,0.0,0.0,1.0,0.0,0.0,2.0,0.0,0.0,0.0,0.0,3.0,3.0,2.0,3.0,1.0,1.0,11.0,8.0,4.0,11.0,26.0,28.0,28.0,10.0,0.0,0.0,0.0,0.0,0.0,0.0,0.0,0.0,0.0,0.0,0.0,0.0,8.0,0.0,0.0,4.0,0.0,0.0,0.0,0.0,4.0,4.0,2.0,4.0,1.0,2.0,13.0,13.0,5.0,16.0,41.0,42.0,41.0,15.0
1057,1.0,1057.0,London_11,3years_LHD,1Lon_11,151,453,1092.0,70.0,2.0,128199.0,3.921288582496345,736.0,0.0,0.0,0.0,0.0,0.0,0.0,214.0,246.0,87.0,10.0,72.0,3.0,29.0,1.0,5.0,2.0,87.0,158.0,206.0,31.0,0.0,0.0,0.0,0.0,0.0,0.0,0.0,0.0,0.0,0.0,0.0,0.0,0.0,0.0,0.0,0.0,0.0,0.0,0.0,0.0,0.0,0.0,0.0,0.0,0.0,0.0,0.0,0.0,0.0,0.0,0.0,0.0,0.0,0.0,0.0,0.0,0.0,0.0,0.0,0.0,0.0,0.0,0.0,0.0,0.0,0.0,0.0,0.0,0.0,0.0,0.0,0.0,0.0,0.0,0.0,0.0,0.0,0.0,0.0,0.0,0.0,0.0,0.0,0.0,0.0,0.0,0.0,0.0,0.0,0.0,0.0,0.0,0.0,0.0,0.0,0.0,0.0,0.0,0.0,0.0,0.0,0.0,0.0,0.0,0.0,0.0,0.0,0.0,0.0
1058,1.0,1058.0,London_11,3years_LHD,1Lon_11,151,453,1092.0,70.0,2.0,164892.0,6.090007179416716,817.0,110.0,0.0,110.0,199.0,0.0,199.0,0.0,246.0,87.0,10.0,72.0,3.0,29.0,1.0,5.0,2.0,87.0,158.0,206.0,31.0,2.4522613065326633,0.0,0.0,0.0,0.0,0.0,0.0,0.0,0.0,0.0,0.0,0.0,0.0,0.0,0.0,0.0,0.0,0.0,0.0,0.0,0.0,0.0,0.0,0.0,0.0,0.0,0.0,0.0,0.0,0.0,0.0,0.0,0.0,0.0,0.0,0.0,0.0,0.0,0.0,0.0,0.0,4.0,10.0,3.0,3.0,1.0,0.0,18.0,10.0,16.0,4.0,23.0,21.0,27.0,9.0,0.0,0.0,0.0,0.0,0.0,0.0,0.0,0.0,0.0,0.0,0.0,0.0,0.0,0.0,0.0,0.0,0.0,0.0,0.0,0.0,6.0,17.0,3.0,6.0,1.0,0.0,24.0,12.0,23.0,6.0,37.0,31.0,33.0,15.0
1059,1.0,1059.0,London_11,3years_LHD,1Lon_11,151,453,1092.0,70.0,2.0,154020.0,6.165627267211676,793.0,61.0,2.0,59.0,117.0,19.0,98.0,199.0,241.0,87.0,7.0,73.0,8.0,36.0,0.0,1.0,8.0,91.0,159.0,195.0,28.0,2.3076923076923075,0.0,0.0,0.0,0.0,0.0,0.0,0.0,0.0,0.0,0.0,0.0,0.0,0.0,0.0,0.0,0.0,0.0,0.0,0.0,0.0,0.0,0.0,0.0,0.0,0.0,0.0,0.0,0.0,0.0,0.0,0.0,0.0,0.0,0.0,1.0,0.0,0.0,0.0,0.0,0.0,2.0,2.0,2.0,1.0,3.0,0.0,4.0,5.0,8.0,4.0,13.0,14.0,10.0,9.0,0.0,0.0,0.0,0.0,0.0,0.0,0.0,0.0,0.0,0.0,0.0,0.0,0.0,0.0,9.0,0.0,0.0,0.0,0.0,0.0,2.0,2.0,2.0,1.0,3.0,0.0,6.0,6.0,11.0,7.0,18.0,21.0,14.0,10.0
1060,1.0,1060.0,London_11,3years_LHD,1Lon_11,151,453,1092.0,70.0,2.0,172593.0,6.467586920596659,834.0,75.0,2.0,73.0,147.0,18.0,129.0,117.0,233.0,92.0,6.0,78.0,9.0,33.0,0.0,2.0,11.0,97.0,149.0,196.0,40.0,1.767605633802817,0.0,0.0,0.0,0.0,0.0,0.0,0.0,0.0,0.0,1.0,0.0,0.0,1.0,0.0,0.0,0.0,0.0,0.0,1.0,0.0,0.0,0.0,0.0,0.0,0.0,0.0,0.0,0.0,0.0,0.0,0.0,0.0,0.0,0.0,0.0,0.0,0.0,0.0,0.0,0.0,1.0,4.0,0.0,0.0,2.0,0.0,11.0,8.0,1.0,8.0,16.0,9.0,15.0,7.0,0.0,0.0,0.0,0.0,0.0,0.0,0.0,0.0,0.0,0.0,0.0,0.0,0.0,0.0,0.0,0.0,0.0,0.0,0.0,0.0,1.0,5.0,0.0,0.0,2.0,0.0,18.0,9.0,1.0,12.0,23.0,13.0,20.0,9.0
1061,1.0,1061.0,London_11,3years_LHD,1Lon_11,151,453,1092.0,70.0,2.0,183012.0,6.953215819783509,857.0,164.0,0.0,164.0,281.0,0.0,281.0,142.0,243.0,101.0,9.0,66.0,10.0,20.0,1.0,3.0,9.0,91.0,153.0,200.0,41.0,3.2526690391459074,0.0,0.0,0.0,0.0,0.0,0.0,0.0,0.0,0.0,0.0,0.0,0.0,0.0,0.0,0.0,0.0,0.0,0.0,0.0,0.0,0.0,0.0,0.0,0.0,0.0,0.0,0.0,0.0,0.0,0.0,0.0,0.0,0.0,0.0,0.0,0.0,0.0,0.0,0.0,0.0,1.0,4.0,0.0,2.0,0.0,0.0,7.0,8.0,1.0,9.0,29.0,34.0,17.0,15.0,0.0,0.0,0.0,0.0,0.0,0.0,0.0,0.0,0.0,0.0,0.0,0.0,0.0,0.0,0.0,0.0,0.0,0.0,0.0,0.0,1.0,5.0,0.0,3.0,0.0,0.0,11.0,11.0,2.0,11.0,44.0,59.0,19.0,24.0
1062,1.0,1062.0,London_11,3years_LHD,1Lon_11,151,453,1092.0,70.0,2.0,149037.0,4.747626676224172,782.0,43.0,1.0,42.0,88.0,9.0,79.0,281.0,208.0,109.0,20.0,75.0,10.0,26.0,1.0,4.0,5.0,89.0,164.0,195.0,31.0,1.0,0.0,0.0,0.0,0.0,0.0,0.0,0.0,0.0,0.0,0.0,0.0,0.0,0.0,0.0,0.0,0.0,0.0,0.0,0.0,0.0,0.0,0.0,0.0,0.0,0.0,0.0,0.0,0.0,0.0,0.0,0.0,0.0,0.0,0.0,0.0,0.0,0.0,0.0,0.0,0.0,2.0,6.0,4.0,0.0,1.0,0.0,8.0,1.0,3.0,11.0,6.0,8.0,8.0,4.0,0.0,0.0,0.0,0.0,0.0,0.0,0.0,0.0,0.0,0.0,0.0,0.0,0.0,0.0,0.0,0.0,0.0,0.0,0.0,0.0,2.0,7.0,4.0,0.0,1.0,0.0,12.0,1.0,4.0,12.0,7.0,14.0,9.0,9.0
1063,1.0,1063.0,London_11,3years_LHD,1Lon_11,151,453,1092.0,70.0,2.0,172140.0,7.11095389444381,833.0,114.0,2.0,112.0,230.0,17.0,213.0,88.0,211.0,112.0,25.0,78.0,1.0,22.0,0.0,4.0,8.0,91.0,162.0,192.0,30.0,1.8565217391304347,0.0,0.0,0.0,0.0,0.0,0.0,0.0,0.0,0.0,0.0,0.0,0.0,0.0,0.0,0.0,0.0,0.0,0.0,0.0,0.0,0.0,0.0,0.0,0.0,0.0,0.0,0.0,0.0,0.0,0.0,0.0,0.0,1.0,0.0,0.0,1.0,0.0,0.0,0.0,0.0,6.0,4.0,2.0,0.0,6.0,1.0,9.0,9.0,8.0,14.0,18.0,34.0,15.0,11.0,0.0,0.0,0.0,0.0,0.0,0.0,0.0,0.0,0.0,0.0,0.0,0.0,5.0,0.0,0.0,4.0,0.0,0.0,0.0,0.0,7.0,7.0,2.0,0.0,6.0,2.0,14.0,13.0,11.0,19.0,29.0,53.0,20.0,21.0
1064,1.0,1064.0,London_11,3years_LHD,1Lon_11,151,453,1092.0,70.0,2.0,159003.0,6.2537558833137155,804.0,69.0,0.0,69.0,121.0,0.0,121.0,230.0,209.0,129.0,23.0,67.0,7.0,12.0,3.0,3.0,4.0,83.0,174.0,192.0,30.0,1.0661157024793388,0.0,0.0,0.0,0.0,0.0,0.0,0.0,0.0,0.0,0.0,0.0,0.0,0.0,0.0,0.0,0.0,0.0,0.0,0.0,0.0,0.0,0.0,0.0,0.0,0.0,0.0,0.0,0.0,0.0,0.0,0.0,0.0,0.0,0.0,0.0,0.0,0.0,0.0,0.0,0.0,0.0,4.0,2.0,1.0,6.0,0.0,3.0,8.0,3.0,5.0,9.0,11.0,13.0,6.0,0.0,0.0,0.0,0.0,0.0,0.0,0.0,0.0,0.0,0.0,0.0,0.0,0.0,0.0,0.0,0.0,0.0,0.0,0.0,0.0,0.0,6.0,2.0,1.0,7.0,0.0,3.0,11.0,4.0,6.0,13.0,18.0,15.0,10.0
1065,1.0,1065.0,London_11,3years_LHD,1Lon_11,151,453,1092.0,70.0,2.0,155832.0,7.138044754974544,797.0,130.0,2.0,128.0,230.0,17.0,213.0,121.0,219.0,125.0,17.0,62.0,6.0,20.0,3.0,1.0,5.0,78.0,179.0,191.0,37.0,1.3217391304347825,0.0,0.0,0.0,0.0,0.0,0.0,0.0,0.0,0.0,0.0,0.0,0.0,0.0,0.0,0.0,0.0,0.0,0.0,0.0,0.0,0.0,0.0,0.0,0.0,0.0,0.0,0.0,0.0,0.0,1.0,0.0,0.0,1.0,0.0,1.0,1.0,0.0,0.0,0.0,0.0,1.0,4.0,2.0,0.0,2.0,0.0,6.0,8.0,7.0,5.0,23.0,35.0,8.0,7.0,0.0,0.0,0.0,0.0,0.0,0.0,0.0,0.0,0.0,4.0,0.0,0.0,4.0,0.0,7.0,7.0,0.0,0.0,0.0,0.0,1.0,6.0,2.0,0.0,2.0,0.0,7.0,14.0,9.0,6.0,31.0,55.0,10.0,8.0
1066,1.0,1066.0,London_11,3years_LHD,1Lon_11,151,453,1092.0,70.0,2.0,125028.0,3.0440532844513655,729.0,44.0,0.0,44.0,81.0,0.0,81.0,230.0,231.0,105.0,12.0,68.0,8.0,25.0,1.0,3.0,8.0,82.0,157.0,206.0,41.0,1.382716049382716,0.0,0.0,0.0,0.0,0.0,0.0,0.0,0.0,0.0,0.0,0.0,0.0,0.0,0.0,0.0,0.0,0.0,0.0,0.0,0.0,0.0,0.0,0.0,0.0,0.0,0.0,0.0,0.0,0.0,0.0,0.0,0.0,0.0,0.0,0.0,0.0,0.0,0.0,0.0,0.0,1.0,4.0,0.0,0.0,0.0,0.0,6.0,4.0,2.0,8.0,8.0,11.0,10.0,2.0,0.0,0.0,0.0,0.0,0.0,0.0,0.0,0.0,0.0,0.0,0.0,0.0,0.0,0.0,0.0,0.0,0.0,0.0,0.0,0.0,1.0,5.0,0.0,0.0,0.0,0.0,7.0,4.0,3.0,11.0,14.0,19.0,11.0,2.0
1067,1.0,1067.0,London_11,3years_LHD,1Lon_11,151,453,1092.0,70.0,2.0,138618.0,6.1440332708880305,759.0,71.0,1.0,70.0,125.0,10.0,115.0,81.0,233.0,106.0,6.0,64.0,9.0,28.0,0.0,7.0,7.0,89.0,155.0,202.0,44.0,1.304,0.0,0.0,0.0,0.0,0.0,0.0,0.0,0.0,0.0,0.0,0.0,0.0,0.0,0.0,0.0,0.0,0.0,0.0,0.0,0.0,0.0,0.0,0.0,0.0,0.0,0.0,0.0,0.0,0.0,0.0,0.0,0.0,0.0,0.0,0.0,0.0,1.0,0.0,0.0,0.0,2.0,5.0,1.0,6.0,2.0,0.0,4.0,9.0,6.0,9.0,12.0,16.0,17.0,2.0,0.0,0.0,0.0,0.0,0.0,0.0,0.0,0.0,0.0,0.0,0.0,0.0,0.0,0.0,0.0,0.0,8.0,0.0,0.0,0.0,3.0,6.0,1.0,7.0,2.0,0.0,4.0,13.0,8.0,16.0,18.0,26.0,20.0,2.0
1068,1.0,1068.0,London_11,3years_LHD,1Lon_11,151,453,1092.0,70.0,2.0,145413.0,4.7821082547307014,774.0,123.0,0.0,123.0,221.0,0.0,221.0,125.0,239.0,101.0,9.0,53.0,10.0,29.0,0.0,12.0,11.0,80.0,153.0,209.0,50.0,2.5972850678733033,0.0,0.0,0.0,0.0,0.0,0.0,0.0,0.0,0.0,0.0,0.0,0.0,0.0,0.0,0.0,0.0,0.0,0.0,0.0,0.0,0.0,0.0,0.0,0.0,0.0,0.0,0.0,0.0,0.0,0.0,0.0,0.0,0.0,0.0,0.0,0.0,0.0,0.0,0.0,0.0,1.0,2.0,0.0,3.0,1.0,1.0,11.0,2.0,3.0,13.0,23.0,29.0,12.0,12.0,0.0,0.0,0.0,0.0,0.0,0.0,0.0,0.0,0.0,0.0,0.0,0.0,0.0,0.0,0.0,0.0,0.0,0.0,0.0,0.0,1.0,4.0,0.0,4.0,1.0,2.0,15.0,3.0,4.0,19.0,38.0,42.0,14.0,17.0
1069,1.0,1069.0,London_11,3years_LHD,1Lon_11,151,453,1092.0,70.0,2.0,128652.0,2.7350782388821244,737.0,32.0,2.0,30.0,71.0,20.0,51.0,221.0,232.0,76.0,14.0,73.0,14.0,37.0,0.0,7.0,10.0,74.0,147.0,222.0,46.0,1.411764705882353,0.0,0.0,0.0,0.0,0.0,0.0,0.0,0.0,0.0,1.0,0.0,0.0,0.0,0.0,0.0,1.0,0.0,0.0,1.0,0.0,0.0,0.0,0.0,0.0,0.0,0.0,0.0,0.0,0.0,0.0,0.0,0.0,1.0,0.0,0.0,0.0,1.0,0.0,0.0,0.0,2.0,5.0,2.0,0.0,0.0,0.0,4.0,3.0,1.0,2.0,9.0,3.0,7.0,3.0,0.0,0.0,0.0,0.0,0.0,0.0,0.0,0.0,0.0,0.0,0.0,0.0,7.0,0.0,0.0,0.0,9.0,0.0,0.0,0.0,2.0,7.0,2.0,0.0,0.0,0.0,5.0,5.0,1.0,3.0,12.0,5.0,9.0,4.0
1070,1.0,1070.0,London_11,3years_LHD,1Lon_11,151,453,1092.0,70.0,2.0,149943.0,5.981659946963191,784.0,120.0,2.0,118.0,213.0,16.0,197.0,68.0,222.0,74.0,13.0,82.0,15.0,37.0,0.0,10.0,9.0,78.0,147.0,219.0,46.0,2.23943661971831,0.0,0.0,0.0,0.0,0.0,0.0,0.0,0.0,0.0,0.0,0.0,0.0,0.0,0.0,0.0,0.0,0.0,0.0,0.0,0.0,0.0,0.0,0.0,0.0,0.0,0.0,0.0,0.0,0.0,0.0,0.0,0.0,1.0,0.0,0.0,1.0,0.0,0.0,0.0,0.0,3.0,2.0,6.0,0.0,3.0,1.0,16.0,9.0,8.0,14.0,14.0,31.0,22.0,10.0,0.0,0.0,0.0,0.0,0.0,0.0,0.0,0.0,0.0,0.0,0.0,0.0,5.0,0.0,0.0,3.0,0.0,0.0,0.0,0.0,3.0,2.0,7.0,0.0,3.0,1.0,18.0,14.0,10.0,17.0,19.0,45.0,24.0,15.0
1071,1.0,1071.0,London_11,3years_LHD,1Lon_11,151,453,1092.0,70.0,2.0,127746.0,4.626992368139327,735.0,0.0,0.0,0.0,0.0,0.0,0.0,213.0,225.0,85.0,20.0,63.0,12.0,41.0,1.0,6.0,11.0,81.0,146.0,215.0,31.0,0.0,0.0,0.0,0.0,0.0,0.0,0.0,0.0,0.0,0.0,0.0,0.0,0.0,0.0,0.0,0.0,0.0,0.0,0.0,0.0,0.0,0.0,0.0,0.0,0.0,0.0,0.0,0.0,0.0,0.0,0.0,0.0,0.0,0.0,0.0,0.0,0.0,0.0,0.0,0.0,0.0,0.0,0.0,0.0,0.0,0.0,0.0,0.0,0.0,0.0,0.0,0.0,0.0,0.0,0.0,0.0,0.0,0.0,0.0,0.0,0.0,0.0,0.0,0.0,0.0,0.0,0.0,0.0,0.0,0.0,0.0,0.0,0.0,0.0,0.0,0.0,0.0,0.0,0.0,0.0,0.0,0.0,0.0,0.0,0.0,0.0,0.0,0.0,0.0
1072,1.0,1072.0,London_11,3years_LHD,1Lon_11,151,453,1092.0,70.0,2.0,173499.0,1.0653866147622466,836.0,118.0,0.0,118.0,200.0,0.0,200.0,0.0,225.0,85.0,20.0,63.0,12.0,41.0,1.0,6.0,11.0,81.0,146.0,215.0,31.0,2.17,0.0,0.0,0.0,0.0,0.0,0.0,0.0,0.0,0.0,0.0,0.0,0.0,0.0,0.0,0.0,0.0,0.0,0.0,0.0,0.0,0.0,0.0,0.0,0.0,0.0,0.0,0.0,0.0,0.0,0.0,0.0,0.0,0.0,0.0,0.0,0.0,0.0,0.0,0.0,0.0,4.0,9.0,2.0,4.0,2.0,0.0,8.0,8.0,5.0,6.0,20.0,34.0,28.0,8.0,0.0,0.0,0.0,0.0,0.0,0.0,0.0,0.0,0.0,0.0,0.0,0.0,0.0,0.0,0.0,0.0,0.0,0.0,0.0,0.0,6.0,14.0,2.0,10.0,2.0,0.0,9.0,10.0,9.0,7.0,28.0,50.0,33.0,10.0
1073,1.0,1073.0,London_11,3years_LHD,1Lon_11,151,453,1092.0,70.0,2.0,157191.0,5.99500703252852,800.0,61.0,2.0,59.0,116.0,17.0,99.0,200.0,234.0,82.0,22.0,58.0,10.0,39.0,2.0,6.0,10.0,75.0,151.0,217.0,31.0,1.4260869565217391,0.0,0.0,0.0,0.0,0.0,0.0,0.0,0.0,0.0,1.0,0.0,0.0,0.0,0.0,0.0,1.0,0.0,0.0,1.0,0.0,0.0,0.0,0.0,0.0,0.0,0.0,0.0,0.0,0.0,0.0,0.0,0.0,0.0,0.0,0.0,1.0,0.0,0.0,0.0,0.0,0.0,2.0,2.0,1.0,0.0,0.0,11.0,4.0,8.0,8.0,9.0,11.0,12.0,4.0,0.0,0.0,0.0,0.0,0.0,0.0,0.0,0.0,0.0,0.0,0.0,0.0,0.0,0.0,0.0,3.0,0.0,0.0,0.0,0.0,0.0,2.0,2.0,1.0,0.0,0.0,14.0,8.0,10.0,9.0,14.0,17.0,16.0,5.0
1074,1.0,1074.0,London_11,3years_LHD,1Lon_11,151,453,1092.0,70.0,2.0,172140.0,4.7228090185672045,833.0,80.0,2.0,78.0,147.0,18.0,129.0,115.0,232.0,80.0,25.0,63.0,8.0,40.0,2.0,3.0,5.0,88.0,158.0,202.0,38.0,2.2653061224489797,0.0,0.0,0.0,0.0,0.0,0.0,0.0,0.0,0.0,0.0,0.0,0.0,0.0,0.0,0.0,0.0,0.0,0.0,0.0,0.0,0.0,0.0,0.0,0.0,0.0,0.0,0.0,0.0,0.0,1.0,0.0,0.0,2.0,0.0,0.0,1.0,0.0,0.0,0.0,0.0,1.0,6.0,2.0,1.0,0.0,0.0,7.0,7.0,3.0,9.0,19.0,14.0,16.0,7.0,0.0,0.0,0.0,0.0,0.0,0.0,0.0,0.0,0.0,4.0,0.0,0.0,11.0,0.0,0.0,8.0,0.0,0.0,0.0,0.0,1.0,6.0,2.0,2.0,0.0,0.0,9.0,9.0,3.0,13.0,27.0,17.0,18.0,12.0
1075,1.0,1075.0,London_11,3years_LHD,1Lon_11,151,453,1092.0,70.0,2.0,177123.0,5.400684360414743,844.0,151.0,0.0,151.0,279.0,0.0,279.0,147.0,234.0,80.0,24.0,60.0,14.0,39.0,0.0,2.0,6.0,81.0,153.0,213.0,27.0,3.6989247311827955,0.0,0.0,0.0,0.0,0.0,0.0,0.0,0.0,0.0,0.0,0.0,0.0,0.0,0.0,0.0,0.0,0.0,0.0,0.0,0.0,0.0,0.0,0.0,0.0,0.0,0.0,0.0,0.0,0.0,0.0,0.0,0.0,0.0,0.0,0.0,0.0,0.0,0.0,0.0,0.0,1.0,23.0,1.0,0.0,0.0,1.0,3.0,7.0,3.0,11.0,33.0,42.0,21.0,13.0,0.0,0.0,0.0,0.0,0.0,0.0,0.0,0.0,0.0,0.0,0.0,0.0,0.0,0.0,0.0,0.0,0.0,0.0,0.0,0.0,1.0,33.0,1.0,0.0,0.0,3.0,5.0,10.0,3.0,15.0,54.0,70.0,27.0,19.0
1076,1.0,1076.0,London_11,3years_LHD,1Lon_11,151,453,1092.0,70.0,2.0,145413.0,4.196501140482724,774.0,41.0,0.0,41.0,78.0,0.0,78.0,279.0,195.0,95.0,22.0,82.0,16.0,37.0,1.0,5.0,7.0,78.0,150.0,218.0,33.0,0.4230769230769231,0.0,0.0,0.0,0.0,0.0,0.0,0.0,0.0,0.0,0.0,0.0,0.0,0.0,0.0,0.0,0.0,0.0,0.0,0.0,0.0,0.0,0.0,0.0,0.0,0.0,0.0,0.0,0.0,0.0,0.0,0.0,0.0,0.0,0.0,0.0,0.0,0.0,0.0,0.0,0.0,5.0,6.0,4.0,1.0,2.0,0.0,7.0,6.0,6.0,6.0,7.0,11.0,10.0,6.0,0.0,0.0,0.0,0.0,0.0,0.0,0.0,0.0,0.0,0.0,0.0,0.0,0.0,0.0,0.0,0.0,0.0,0.0,0.0,0.0,5.0,8.0,6.0,1.0,2.0,0.0,9.0,9.0,12.0,8.0,13.0,18.0,14.0,8.0
1077,1.0,1077.0,London_11,3years_LHD,1Lon_11,151,453,1092.0,70.0,2.0,169422.0,4.050671331584454,827.0,130.0,2.0,128.0,236.0,22.0,214.0,78.0,200.0,90.0,27.0,65.0,22.0,43.0,2.0,4.0,8.0,81.0,157.0,207.0,45.0,2.194915254237288,0.0,0.0,0.0,0.0,0.0,0.0,0.0,0.0,0.0,0.0,0.0,0.0,0.0,0.0,0.0,0.0,0.0,0.0,0.0,0.0,0.0,0.0,0.0,0.0,0.0,0.0,0.0,0.0,0.0,0.0,0.0,0.0,0.0,0.0,0.0,1.0,0.0,0.0,0.0,0.0,2.0,17.0,1.0,0.0,2.0,2.0,10.0,3.0,4.0,13.0,27.0,33.0,17.0,4.0,0.0,0.0,0.0,0.0,0.0,0.0,0.0,0.0,0.0,0.0,0.0,0.0,0.0,0.0,0.0,7.0,0.0,0.0,0.0,0.0,3.0,24.0,1.0,0.0,2.0,2.0,14.0,3.0,5.0,16.0,39.0,47.0,24.0,5.0
1078,1.0,1078.0,London_11,3years_LHD,1Lon_11,151,453,1092.0,70.0,2.0,149490.0,1.747901321388781,783.0,101.0,0.0,101.0,162.0,0.0,162.0,236.0,197.0,89.0,20.0,75.0,25.0,43.0,3.0,1.0,6.0,93.0,154.0,200.0,31.0,0.845679012345679,0.0,0.0,0.0,0.0,0.0,0.0,0.0,0.0,0.0,0.0,0.0,0.0,0.0,0.0,0.0,0.0,0.0,0.0,0.0,0.0,0.0,0.0,0.0,0.0,0.0,0.0,0.0,0.0,0.0,0.0,0.0,0.0,0.0,0.0,0.0,0.0,0.0,0.0,0.0,0.0,0.0,4.0,1.0,2.0,5.0,0.0,8.0,6.0,11.0,11.0,22.0,21.0,18.0,7.0,0.0,0.0,0.0,0.0,0.0,0.0,0.0,0.0,0.0,0.0,0.0,0.0,0.0,0.0,0.0,0.0,0.0,0.0,0.0,0.0,0.0,7.0,1.0,3.0,5.0,0.0,13.0,6.0,12.0,14.0,33.0,33.0,21.0,14.0
1079,1.0,1079.0,London_11,3years_LHD,1Lon_11,151,453,1092.0,70.0,2.0,144507.0,2.23205045145005,772.0,99.0,2.0,97.0,196.0,17.0,179.0,162.0,217.0,87.0,14.0,66.0,22.0,44.0,1.0,2.0,7.0,90.0,163.0,193.0,47.0,1.683673469387755,0.0,0.0,0.0,0.0,0.0,0.0,0.0,0.0,0.0,0.0,0.0,0.0,0.0,0.0,0.0,0.0,0.0,0.0,0.0,0.0,0.0,0.0,0.0,0.0,0.0,0.0,0.0,0.0,0.0,0.0,0.0,0.0,1.0,0.0,0.0,1.0,0.0,0.0,0.0,0.0,6.0,1.0,2.0,0.0,8.0,0.0,13.0,2.0,4.0,13.0,18.0,27.0,29.0,8.0,0.0,0.0,0.0,0.0,0.0,0.0,0.0,0.0,0.0,0.0,0.0,0.0,5.0,0.0,0.0,5.0,0.0,0.0,0.0,0.0,6.0,2.0,2.0,0.0,8.0,0.0,15.0,2.0,5.0,19.0,29.0,42.0,44.0,14.0
1080,1.0,1080.0,London_11,3years_LHD,1Lon_11,151,453,1092.0,70.0,2.0,138618.0,4.314431103877723,759.0,93.0,0.0,93.0,163.0,0.0,163.0,196.0,221.0,94.0,10.0,62.0,24.0,33.0,1.0,8.0,12.0,75.0,152.0,214.0,39.0,0.8588957055214724,0.0,0.0,0.0,0.0,0.0,0.0,0.0,0.0,0.0,0.0,0.0,0.0,0.0,0.0,0.0,0.0,0.0,0.0,0.0,0.0,0.0,0.0,0.0,0.0,0.0,0.0,0.0,0.0,0.0,0.0,0.0,0.0,0.0,0.0,0.0,0.0,0.0,0.0,0.0,0.0,1.0,6.0,2.0,1.0,6.0,0.0,15.0,12.0,4.0,6.0,16.0,17.0,16.0,4.0,0.0,0.0,0.0,0.0,0.0,0.0,0.0,0.0,0.0,0.0,0.0,0.0,0.0,0.0,0.0,0.0,0.0,0.0,0.0,0.0,1.0,8.0,2.0,1.0,6.0,0.0,21.0,17.0,4.0,8.0,27.0,24.0,18.0,6.0
1081,1.0,1081.0,London_11,3years_LHD,1Lon_11,151,453,1092.0,70.0,2.0,133182.0,4.259114052169025,747.0,56.0,0.0,56.0,94.0,0.0,94.0,163.0,236.0,109.0,16.0,40.0,22.0,25.0,1.0,4.0,9.0,70.0,155.0,219.0,34.0,0.8297872340425532,0.0,0.0,0.0,0.0,0.0,0.0,0.0,0.0,0.0,0.0,0.0,0.0,0.0,0.0,0.0,0.0,0.0,0.0,0.0,0.0,0.0,0.0,0.0,0.0,0.0,0.0,0.0,0.0,0.0,0.0,0.0,0.0,0.0,0.0,0.0,0.0,0.0,0.0,0.0,0.0,1.0,0.0,0.0,2.0,1.0,0.0,11.0,3.0,3.0,6.0,8.0,16.0,15.0,8.0,0.0,0.0,0.0,0.0,0.0,0.0,0.0,0.0,0.0,0.0,0.0,0.0,0.0,0.0,0.0,0.0,0.0,0.0,0.0,0.0,2.0,0.0,0.0,3.0,1.0,0.0,14.0,3.0,3.0,9.0,11.0,25.0,22.0,13.0
1082,1.0,1082.0,London_11,3years_LHD,1Lon_11,151,453,1092.0,70.0,2.0,139977.0,2.802222047932446,762.0,5.0,0.0,5.0,7.0,0.0,7.0,94.0,246.0,115.0,11.0,31.0,24.0,25.0,0.0,1.0,9.0,76.0,162.0,206.0,32.0,2.0,0.0,0.0,0.0,0.0,0.0,0.0,0.0,0.0,0.0,0.0,0.0,0.0,0.0,0.0,0.0,0.0,0.0,0.0,0.0,0.0,0.0,0.0,0.0,0.0,0.0,0.0,0.0,0.0,0.0,0.0,0.0,0.0,0.0,0.0,0.0,0.0,0.0,0.0,0.0,0.0,0.0,0.0,1.0,0.0,0.0,0.0,1.0,0.0,1.0,0.0,1.0,1.0,0.0,0.0,0.0,0.0,0.0,0.0,0.0,0.0,0.0,0.0,0.0,0.0,0.0,0.0,0.0,0.0,0.0,0.0,0.0,0.0,0.0,0.0,0.0,0.0,1.0,0.0,0.0,0.0,1.0,0.0,1.0,0.0,1.0,2.0,0.0,0.0
1083,1.0,1083.0,London_11,3years_LHD,1Lon_11,151,453,1092.0,70.0,2.0,184371.0,6.465957277454436,860.0,93.0,2.0,91.0,188.0,20.0,168.0,7.0,248.0,114.0,11.0,32.0,23.0,25.0,0.0,0.0,9.0,74.0,162.0,208.0,33.0,2.648936170212766,0.0,0.0,0.0,0.0,0.0,0.0,0.0,0.0,0.0,0.0,0.0,0.0,0.0,0.0,0.0,0.0,0.0,0.0,0.0,0.0,0.0,0.0,0.0,0.0,0.0,0.0,0.0,0.0,0.0,0.0,0.0,0.0,0.0,0.0,0.0,2.0,0.0,0.0,0.0,0.0,4.0,0.0,0.0,3.0,1.0,0.0,12.0,3.0,1.0,22.0,22.0,24.0,21.0,8.0,0.0,0.0,0.0,0.0,0.0,0.0,0.0,0.0,0.0,0.0,0.0,0.0,0.0,0.0,0.0,10.0,0.0,0.0,0.0,0.0,4.0,0.0,0.0,5.0,1.0,0.0,15.0,4.0,1.0,33.0,33.0,36.0,28.0,14.0
1084,1.0,1084.0,London_11,3years_LHD,1Lon_11,151,453,1092.0,70.0,2.0,180747.0,5.823302332311869,852.0,131.0,2.0,129.0,244.0,18.0,226.0,188.0,270.0,80.0,15.0,54.0,12.0,18.0,2.0,2.0,7.0,61.0,155.0,230.0,36.0,3.1434426229508197,0.0,0.0,0.0,0.0,0.0,0.0,0.0,0.0,0.0,0.0,0.0,0.0,0.0,0.0,0.0,0.0,0.0,0.0,0.0,0.0,0.0,0.0,0.0,0.0,0.0,0.0,0.0,0.0,0.0,0.0,0.0,0.0,0.0,0.0,0.0,2.0,0.0,0.0,0.0,0.0,6.0,13.0,0.0,3.0,2.0,2.0,2.0,6.0,8.0,7.0,31.0,28.0,29.0,8.0,0.0,0.0,0.0,0.0,0.0,0.0,0.0,0.0,0.0,0.0,0.0,0.0,0.0,0.0,0.0,10.0,0.0,0.0,0.0,0.0,7.0,17.0,0.0,4.0,2.0,4.0,4.0,11.0,8.0,11.0,51.0,41.0,40.0,10.0
1085,1.0,1085.0,London_11,3years_LHD,1Lon_11,151,453,1092.0,70.0,2.0,161721.0,4.226217937655747,810.0,110.0,0.0,110.0,197.0,0.0,197.0,244.0,237.0,80.0,20.0,83.0,12.0,15.0,0.0,6.0,3.0,70.0,162.0,218.0,31.0,0.3147208121827411,0.0,0.0,0.0,0.0,0.0,0.0,0.0,0.0,0.0,0.0,0.0,0.0,0.0,0.0,0.0,0.0,0.0,0.0,0.0,0.0,0.0,0.0,0.0,0.0,0.0,0.0,0.0,0.0,0.0,0.0,0.0,0.0,0.0,0.0,0.0,0.0,0.0,0.0,0.0,0.0,4.0,6.0,5.0,5.0,4.0,0.0,13.0,5.0,16.0,7.0,26.0,28.0,30.0,7.0,0.0,0.0,0.0,0.0,0.0,0.0,0.0,0.0,0.0,0.0,0.0,0.0,0.0,0.0,0.0,0.0,0.0,0.0,0.0,0.0,5.0,8.0,5.0,10.0,4.0,0.0,18.0,5.0,20.0,8.0,40.0,43.0,40.0,9.0
1086,1.0,1086.0,London_11,3years_LHD,1Lon_11,151,453,1092.0,70.0,2.0,147225.0,2.6437718737870455,778.0,94.0,0.0,94.0,161.0,0.0,161.0,197.0,255.0,83.0,14.0,77.0,4.0,16.0,1.0,3.0,4.0,77.0,164.0,208.0,32.0,0.6459627329192547,0.0,0.0,0.0,0.0,0.0,0.0,0.0,0.0,0.0,0.0,0.0,0.0,0.0,0.0,0.0,0.0,0.0,0.0,0.0,0.0,0.0,0.0,0.0,0.0,0.0,0.0,0.0,0.0,0.0,0.0,0.0,0.0,0.0,0.0,0.0,0.0,0.0,0.0,0.0,0.0,6.0,7.0,2.0,2.0,0.0,0.0,11.0,6.0,8.0,10.0,22.0,14.0,18.0,10.0,0.0,0.0,0.0,0.0,0.0,0.0,0.0,0.0,0.0,0.0,0.0,0.0,0.0,0.0,0.0,0.0,0.0,0.0,0.0,0.0,6.0,9.0,2.0,3.0,0.0,0.0,15.0,9.0,8.0,13.0,39.0,20.0,24.0,13.0
1087,1.0,1087.0,London_11,3years_LHD,1Lon_11,151,453,1092.0,70.0,2.0,138165.0,5.180250254459679,758.0,78.0,2.0,76.0,164.0,19.0,145.0,161.0,267.0,107.0,8.0,46.0,6.0,15.0,2.0,2.0,5.0,70.0,169.0,209.0,34.0,1.670731707317073,0.0,0.0,0.0,0.0,0.0,0.0,0.0,0.0,0.0,0.0,0.0,0.0,0.0,0.0,0.0,0.0,0.0,0.0,0.0,0.0,0.0,0.0,0.0,0.0,0.0,0.0,0.0,0.0,0.0,0.0,0.0,0.0,0.0,0.0,0.0,1.0,0.0,0.0,0.0,0.0,0.0,8.0,2.0,0.0,0.0,0.0,6.0,9.0,9.0,5.0,13.0,19.0,17.0,3.0,0.0,0.0,0.0,0.0,0.0,0.0,0.0,0.0,0.0,0.0,0.0,0.0,0.0,0.0,0.0,3.0,0.0,0.0,0.0,0.0,0.0,12.0,2.0,0.0,0.0,0.0,8.0,11.0,11.0,6.0,23.0,30.0,25.0,5.0
1088,1.0,1088.0,London_11,3years_LHD,1Lon_11,151,453,1092.0,70.0,2.0,142242.0,3.627701056189835,767.0,43.0,3.0,40.0,90.0,25.0,65.0,164.0,265.0,99.0,11.0,46.0,5.0,21.0,2.0,4.0,5.0,77.0,160.0,211.0,33.0,2.1,0.0,0.0,0.0,0.0,0.0,0.0,0.0,0.0,0.0,0.0,0.0,0.0,0.0,0.0,0.0,0.0,0.0,0.0,0.0,0.0,0.0,0.0,0.0,0.0,0.0,0.0,0.0,0.0,0.0,0.0,0.0,0.0,1.0,0.0,0.0,1.0,0.0,0.0,0.0,0.0,4.0,4.0,0.0,1.0,4.0,0.0,6.0,1.0,4.0,2.0,12.0,5.0,5.0,6.0,0.0,0.0,0.0,0.0,0.0,0.0,0.0,0.0,0.0,0.0,0.0,0.0,5.0,0.0,0.0,7.0,0.0,0.0,0.0,0.0,5.0,4.0,0.0,1.0,5.0,0.0,9.0,2.0,4.0,3.0,19.0,9.0,5.0,7.0
1089,1.0,1089.0,London_11,3years_LHD,1Lon_11,151,453,1092.0,70.0,2.0,160362.0,5.116482658311725,807.0,96.0,0.0,96.0,171.0,0.0,171.0,90.0,255.0,104.0,17.0,33.0,7.0,27.0,3.0,7.0,6.0,84.0,152.0,211.0,34.0,1.2982456140350878,0.0,0.0,0.0,0.0,0.0,0.0,0.0,0.0,0.0,0.0,0.0,0.0,0.0,0.0,0.0,0.0,0.0,0.0,0.0,0.0,0.0,0.0,0.0,0.0,0.0,0.0,0.0,0.0,0.0,0.0,0.0,0.0,0.0,0.0,0.0,0.0,0.0,0.0,0.0,0.0,1.0,3.0,3.0,2.0,6.0,1.0,4.0,12.0,6.0,12.0,14.0,21.0,19.0,9.0,0.0,0.0,0.0,0.0,0.0,0.0,0.0,0.0,0.0,0.0,0.0,0.0,0.0,0.0,0.0,0.0,0.0,0.0,0.0,0.0,1.0,3.0,3.0,2.0,6.0,1.0,6.0,14.0,10.0,15.0,22.0,36.0,23.0,14.0
1090,1.0,1090.0,London_11,3years_LHD,1Lon_11,151,453,1092.0,70.0,2.0,154020.0,5.29618354793638,793.0,53.0,0.0,53.0,93.0,0.0,93.0,171.0,268.0,67.0,9.0,67.0,11.0,23.0,3.0,5.0,6.0,74.0,146.0,227.0,25.0,1.1935483870967742,0.0,0.0,0.0,0.0,0.0,0.0,0.0,0.0,0.0,0.0,0.0,0.0,0.0,0.0,0.0,0.0,0.0,0.0,0.0,0.0,0.0,0.0,0.0,0.0,0.0,0.0,0.0,0.0,0.0,0.0,0.0,0.0,0.0,0.0,0.0,0.0,0.0,0.0,0.0,0.0,3.0,8.0,3.0,1.0,1.0,0.0,12.0,9.0,4.0,6.0,11.0,17.0,5.0,5.0,0.0,0.0,0.0,0.0,0.0,0.0,0.0,0.0,0.0,0.0,0.0,0.0,0.0,0.0,0.0,0.0,0.0,0.0,0.0,0.0,4.0,10.0,3.0,2.0,1.0,0.0,15.0,11.0,7.0,8.0,15.0,23.0,6.0,10.0
1091,1.0,1091.0,London_11,3years_LHD,1Lon_11,151,453,1092.0,70.0,2.0,163986.0,5.380864476785064,815.0,100.0,2.0,98.0,185.0,17.0,168.0,93.0,280.0,68.0,13.0,55.0,9.0,14.0,5.0,9.0,9.0,81.0,151.0,212.0,34.0,2.9351351351351354,0.0,0.0,0.0,0.0,0.0,0.0,0.0,0.0,0.0,0.0,0.0,0.0,0.0,0.0,0.0,0.0,0.0,0.0,0.0,0.0,0.0,0.0,0.0,0.0,0.0,0.0,0.0,0.0,0.0,0.0,0.0,0.0,1.0,0.0,0.0,1.0,0.0,0.0,0.0,0.0,4.0,7.0,3.0,3.0,3.0,0.0,9.0,6.0,5.0,10.0,15.0,21.0,23.0,6.0,0.0,0.0,0.0,0.0,0.0,0.0,0.0,0.0,0.0,0.0,0.0,0.0,2.0,0.0,0.0,2.0,0.0,0.0,0.0,0.0,5.0,7.0,3.0,4.0,3.0,0.0,11.0,7.0,5.0,14.0,25.0,33.0,33.0,9.0
1092,1.0,1092.0,London_11,3years_LHD,1Lon_11,151,453,1092.0,70.0,2.0,153114.0,5.078924799337983,791.0,74.0,0.0,74.0,120.0,0.0,120.0,185.0,269.0,76.0,15.0,49.0,13.0,16.0,7.0,8.0,4.0,79.0,145.0,225.0,23.0,0.7416666666666667,0.0,0.0,0.0,0.0,0.0,0.0,0.0,0.0,0.0,0.0,0.0,0.0,0.0,0.0,0.0,0.0,0.0,0.0,0.0,0.0,0.0,0.0,0.0,0.0,0.0,0.0,0.0,0.0,0.0,0.0,0.0,0.0,0.0,0.0,0.0,0.0,0.0,0.0,0.0,0.0,8.0,3.0,0.0,1.0,2.0,0.0,4.0,13.0,2.0,6.0,14.0,13.0,13.0,6.0,0.0,0.0,0.0,0.0,0.0,0.0,0.0,0.0,0.0,0.0,0.0,0.0,0.0,0.0,0.0,0.0,0.0,0.0,0.0,0.0,8.0,3.0,0.0,1.0,2.0,0.0,4.0,18.0,4.0,6.0,20.0,17.0,14.0,9.0
1093,1.0,1093.0,London_11,3years_LHD,1Lon_11,151,453,1092.0,70.0,2.0,154926.0,5.017157739028335,795.0,127.0,2.0,125.0,230.0,15.0,215.0,120.0,279.0,84.0,13.0,34.0,16.0,15.0,5.0,7.0,4.0,81.0,151.0,217.0,36.0,4.195652173913044,0.0,0.0,0.0,0.0,0.0,0.0,0.0,0.0,0.0,0.0,0.0,0.0,0.0,0.0,0.0,0.0,0.0,0.0,0.0,0.0,0.0,0.0,0.0,0.0,0.0,0.0,0.0,0.0,0.0,0.0,0.0,0.0,0.0,0.0,0.0,0.0,0.0,0.0,0.0,0.0,3.0,17.0,0.0,2.0,4.0,1.0,16.0,13.0,7.0,4.0,22.0,29.0,17.0,13.0,0.0,0.0,0.0,0.0,0.0,0.0,0.0,0.0,0.0,0.0,0.0,0.0,0.0,0.0,0.0,0.0,0.0,0.0,0.0,0.0,3.0,24.0,0.0,2.0,4.0,4.0,20.0,16.0,11.0,5.0,35.0,45.0,19.0,18.0
1094,1.0,1094.0,London_11,3years_LHD,1Lon_11,151,453,1092.0,70.0,2.0,128199.0,5.576879763044417,736.0,48.0,0.0,48.0,80.0,0.0,80.0,230.0,241.0,88.0,12.0,63.0,20.0,20.0,5.0,4.0,4.0,80.0,146.0,223.0,39.0,1.0,0.0,0.0,0.0,0.0,0.0,0.0,0.0,0.0,0.0,0.0,0.0,0.0,0.0,0.0,0.0,0.0,0.0,0.0,0.0,0.0,0.0,0.0,0.0,0.0,0.0,0.0,0.0,0.0,0.0,0.0,0.0,0.0,0.0,0.0,0.0,0.0,0.0,0.0,0.0,0.0,0.0,4.0,1.0,0.0,0.0,0.0,5.0,5.0,3.0,6.0,10.0,13.0,10.0,3.0,0.0,0.0,0.0,0.0,0.0,0.0,0.0,0.0,0.0,0.0,0.0,0.0,0.0,0.0,0.0,0.0,0.0,0.0,0.0,0.0,0.0,7.0,1.0,0.0,0.0,0.0,5.0,7.0,3.0,7.0,14.0,20.0,13.0,4.0
1095,1.0,1095.0,London_11,3years_LHD,1Lon_11,151,453,1092.0,70.0,2.0,138165.0,2.609343416057527,758.0,68.0,1.0,67.0,123.0,9.0,114.0,80.0,243.0,92.0,8.0,59.0,18.0,22.0,4.0,7.0,6.0,82.0,150.0,215.0,33.0,1.6097560975609757,0.0,0.0,0.0,0.0,0.0,0.0,0.0,0.0,0.0,0.0,0.0,0.0,0.0,0.0,0.0,0.0,0.0,0.0,0.0,0.0,0.0,0.0,0.0,0.0,0.0,0.0,0.0,0.0,0.0,0.0,0.0,0.0,0.0,0.0,0.0,1.0,0.0,0.0,0.0,0.0,7.0,1.0,1.0,0.0,4.0,0.0,8.0,4.0,6.0,9.0,17.0,18.0,21.0,2.0,0.0,0.0,0.0,0.0,0.0,0.0,0.0,0.0,0.0,0.0,0.0,0.0,0.0,0.0,0.0,3.0,0.0,0.0,0.0,0.0,8.0,1.0,1.0,0.0,4.0,0.0,11.0,4.0,7.0,13.0,24.0,24.0,28.0,3.0
1096,1.0,1096.0,London_11,3years_LHD,1Lon_11,151,453,1092.0,70.0,2.0,142695.0,4.073299292474985,768.0,128.0,0.0,128.0,222.0,0.0,222.0,123.0,249.0,109.0,13.0,29.0,17.0,21.0,5.0,10.0,5.0,84.0,144.0,220.0,26.0,3.0495495495495497,0.0,0.0,0.0,0.0,0.0,0.0,0.0,0.0,0.0,0.0,0.0,0.0,0.0,0.0,0.0,0.0,0.0,0.0,0.0,0.0,0.0,0.0,0.0,0.0,0.0,0.0,0.0,0.0,0.0,0.0,0.0,0.0,0.0,0.0,0.0,0.0,0.0,0.0,0.0,0.0,0.0,17.0,0.0,3.0,4.0,0.0,6.0,3.0,3.0,5.0,27.0,26.0,9.0,15.0,0.0,0.0,0.0,0.0,0.0,0.0,0.0,0.0,0.0,0.0,0.0,0.0,0.0,0.0,0.0,0.0,0.0,0.0,0.0,0.0,0.0,22.0,0.0,7.0,4.0,0.0,7.0,3.0,5.0,5.0,37.0,37.0,13.0,21.0
1097,1.0,1097.0,London_11,3years_LHD,1Lon_11,151,453,1092.0,70.0,2.0,128652.0,4.6784600196406245,737.0,32.0,2.0,30.0,69.0,17.0,52.0,222.0,231.0,79.0,14.0,63.0,23.0,31.0,5.0,7.0,9.0,78.0,163.0,203.0,34.0,1.6666666666666667,0.0,0.0,0.0,0.0,0.0,0.0,0.0,0.0,0.0,1.0,0.0,1.0,0.0,0.0,0.0,0.0,0.0,0.0,1.0,0.0,0.0,0.0,0.0,0.0,0.0,0.0,0.0,0.0,0.0,0.0,0.0,0.0,0.0,0.0,0.0,1.0,0.0,0.0,0.0,0.0,1.0,5.0,2.0,1.0,4.0,0.0,7.0,2.0,1.0,5.0,9.0,9.0,9.0,1.0,0.0,0.0,0.0,0.0,0.0,0.0,0.0,0.0,0.0,0.0,0.0,0.0,0.0,0.0,0.0,3.0,0.0,0.0,0.0,0.0,1.0,5.0,2.0,2.0,4.0,0.0,7.0,3.0,1.0,6.0,14.0,11.0,12.0,1.0
1098,1.0,1098.0,London_11,3years_LHD,1Lon_11,151,453,1092.0,70.0,2.0,151755.0,5.42078725900501,788.0,110.0,2.0,108.0,214.0,17.0,197.0,66.0,230.0,83.0,17.0,59.0,25.0,25.0,6.0,8.0,10.0,81.0,155.0,207.0,38.0,2.191588785046729,0.0,0.0,0.0,0.0,0.0,0.0,0.0,0.0,0.0,0.0,0.0,0.0,0.0,0.0,0.0,0.0,0.0,0.0,0.0,0.0,0.0,0.0,0.0,0.0,0.0,0.0,0.0,0.0,0.0,0.0,0.0,0.0,1.0,0.0,0.0,2.0,0.0,0.0,0.0,0.0,1.0,3.0,1.0,0.0,0.0,0.0,8.0,7.0,1.0,13.0,21.0,21.0,22.0,11.0,0.0,0.0,0.0,0.0,0.0,0.0,0.0,0.0,0.0,0.0,0.0,0.0,7.0,0.0,0.0,5.0,0.0,0.0,0.0,0.0,1.0,5.0,1.0,0.0,0.0,0.0,10.0,8.0,1.0,18.0,32.0,35.0,31.0,19.0
1099,1.0,1099.0,London_11,3years_LHD,1Lon_11,151,453,1092.0,70.0,2.0,134994.0,3.7935823434963822,751.0,0.0,0.0,0.0,0.0,0.0,0.0,214.0,224.0,80.0,15.0,64.0,27.0,28.0,5.0,10.0,5.0,81.0,148.0,219.0,34.0,0.0,0.0,0.0,0.0,0.0,0.0,0.0,0.0,0.0,0.0,0.0,0.0,0.0,0.0,0.0,0.0,0.0,0.0,0.0,0.0,0.0,0.0,0.0,0.0,0.0,0.0,0.0,0.0,0.0,0.0,0.0,0.0,0.0,0.0,0.0,0.0,0.0,0.0,0.0,0.0,0.0,0.0,0.0,0.0,0.0,0.0,0.0,0.0,0.0,0.0,0.0,0.0,0.0,0.0,0.0,0.0,0.0,0.0,0.0,0.0,0.0,0.0,0.0,0.0,0.0,0.0,0.0,0.0,0.0,0.0,0.0,0.0,0.0,0.0,0.0,0.0,0.0,0.0,0.0,0.0,0.0,0.0,0.0,0.0,0.0,0.0,0.0,0.0,0.0
1100,1.0,1100.0,London_11,3years_LHD,1Lon_11,151,453,1092.0,70.0,2.0,169422.0,4.86431391350925,827.0,116.0,0.0,116.0,199.0,0.0,199.0,0.0,224.0,80.0,15.0,64.0,27.0,28.0,5.0,10.0,5.0,81.0,148.0,219.0,34.0,2.2462311557788945,0.0,0.0,0.0,0.0,0.0,0.0,0.0,0.0,0.0,0.0,0.0,0.0,0.0,0.0,0.0,0.0,0.0,0.0,0.0,0.0,0.0,0.0,0.0,0.0,0.0,0.0,0.0,0.0,0.0,0.0,0.0,0.0,0.0,0.0,0.0,0.0,0.0,0.0,0.0,0.0,0.0,3.0,8.0,3.0,4.0,0.0,14.0,11.0,5.0,19.0,22.0,26.0,28.0,8.0,0.0,0.0,0.0,0.0,0.0,0.0,0.0,0.0,0.0,0.0,0.0,0.0,0.0,0.0,0.0,0.0,0.0,0.0,0.0,0.0,0.0,3.0,9.0,6.0,4.0,0.0,18.0,17.0,6.0,25.0,34.0,32.0,36.0,14.0
1101,1.0,1101.0,London_11,3years_LHD,1Lon_11,151,453,1092.0,70.0,2.0,160815.0,2.042343381792307,808.0,64.0,2.0,62.0,117.0,19.0,98.0,199.0,226.0,75.0,25.0,67.0,25.0,33.0,0.0,2.0,5.0,83.0,149.0,216.0,32.0,1.9230769230769231,0.0,0.0,0.0,0.0,0.0,0.0,0.0,0.0,0.0,0.0,0.0,0.0,0.0,0.0,0.0,0.0,0.0,0.0,0.0,0.0,0.0,0.0,0.0,0.0,0.0,0.0,0.0,0.0,0.0,0.0,0.0,0.0,0.0,0.0,1.0,0.0,0.0,0.0,0.0,0.0,4.0,4.0,1.0,1.0,1.0,0.0,10.0,4.0,3.0,9.0,20.0,9.0,13.0,5.0,0.0,0.0,0.0,0.0,0.0,0.0,0.0,0.0,0.0,0.0,0.0,0.0,0.0,0.0,10.0,0.0,0.0,0.0,0.0,0.0,5.0,4.0,1.0,1.0,1.0,0.0,12.0,6.0,5.0,10.0,29.0,13.0,16.0,6.0
1102,1.0,1102.0,London_11,3years_LHD,1Lon_11,151,453,1092.0,70.0,2.0,177576.0,5.07064994610846,845.0,78.0,2.0,76.0,147.0,18.0,129.0,117.0,228.0,64.0,27.0,76.0,17.0,39.0,1.0,1.0,6.0,81.0,153.0,213.0,40.0,1.7553956834532374,0.0,0.0,0.0,0.0,0.0,0.0,0.0,0.0,0.0,1.0,0.0,0.0,1.0,0.0,0.0,0.0,0.0,0.0,1.0,0.0,0.0,0.0,0.0,0.0,0.0,0.0,0.0,0.0,0.0,0.0,0.0,0.0,0.0,0.0,0.0,0.0,0.0,0.0,0.0,0.0,3.0,5.0,1.0,0.0,1.0,0.0,7.0,4.0,6.0,13.0,10.0,14.0,10.0,9.0,0.0,0.0,0.0,0.0,0.0,0.0,0.0,0.0,0.0,0.0,0.0,0.0,0.0,0.0,0.0,0.0,0.0,0.0,0.0,0.0,3.0,8.0,1.0,0.0,1.0,0.0,10.0,4.0,8.0,18.0,13.0,17.0,14.0,13.0
1103,1.0,1103.0,London_11,3years_LHD,1Lon_11,151,453,1092.0,70.0,2.0,189354.0,6.6713082157075405,871.0,151.0,0.0,151.0,278.0,0.0,278.0,139.0,239.0,82.0,30.0,53.0,15.0,29.0,2.0,3.0,5.0,81.0,153.0,214.0,41.0,3.9820143884892087,0.0,0.0,0.0,0.0,0.0,0.0,0.0,0.0,0.0,0.0,0.0,0.0,0.0,0.0,0.0,0.0,0.0,0.0,0.0,0.0,0.0,0.0,0.0,0.0,0.0,0.0,0.0,0.0,0.0,0.0,0.0,0.0,0.0,0.0,0.0,0.0,0.0,0.0,0.0,0.0,1.0,19.0,0.0,1.0,1.0,1.0,5.0,1.0,10.0,4.0,28.0,38.0,23.0,5.0,0.0,0.0,0.0,0.0,0.0,0.0,0.0,0.0,0.0,0.0,0.0,0.0,0.0,0.0,0.0,0.0,0.0,0.0,0.0,0.0,1.0,31.0,0.0,2.0,1.0,2.0,7.0,1.0,13.0,6.0,42.0,57.0,30.0,7.0
1104,1.0,1104.0,London_11,3years_LHD,1Lon_11,151,453,1092.0,70.0,2.0,154020.0,4.643385000526905,793.0,48.0,1.0,47.0,90.0,9.0,81.0,278.0,186.0,117.0,14.0,72.0,17.0,41.0,1.0,5.0,8.0,78.0,147.0,220.0,35.0,1.511111111111111,0.0,0.0,0.0,0.0,0.0,0.0,0.0,0.0,0.0,0.0,0.0,0.0,0.0,0.0,0.0,0.0,0.0,0.0,0.0,0.0,0.0,0.0,0.0,0.0,0.0,0.0,0.0,0.0,0.0,0.0,0.0,0.0,0.0,0.0,0.0,0.0,0.0,0.0,0.0,0.0,0.0,4.0,2.0,0.0,1.0,0.0,9.0,2.0,8.0,4.0,8.0,7.0,13.0,4.0,0.0,0.0,0.0,0.0,0.0,0.0,0.0,0.0,0.0,0.0,0.0,0.0,0.0,0.0,0.0,0.0,0.0,0.0,0.0,0.0,0.0,6.0,2.0,0.0,1.0,0.0,14.0,3.0,8.0,6.0,11.0,10.0,15.0,5.0
1105,1.0,1105.0,London_11,3years_LHD,1Lon_11,151,453,1092.0,70.0,2.0,171687.0,3.9691563425585628,832.0,125.0,2.0,123.0,231.0,17.0,214.0,90.0,185.0,129.0,9.0,74.0,6.0,45.0,2.0,3.0,7.0,81.0,155.0,210.0,47.0,1.5887445887445888,0.0,0.0,0.0,0.0,0.0,0.0,0.0,0.0,0.0,0.0,0.0,0.0,0.0,0.0,0.0,0.0,0.0,0.0,0.0,0.0,0.0,0.0,0.0,0.0,0.0,0.0,0.0,0.0,0.0,0.0,0.0,0.0,0.0,0.0,0.0,1.0,0.0,0.0,0.0,0.0,0.0,9.0,1.0,0.0,3.0,0.0,9.0,13.0,5.0,14.0,33.0,31.0,15.0,10.0,0.0,0.0,0.0,0.0,0.0,0.0,0.0,0.0,0.0,0.0,0.0,0.0,0.0,0.0,0.0,3.0,0.0,0.0,0.0,0.0,0.0,11.0,1.0,0.0,3.0,0.0,10.0,16.0,6.0,15.0,47.0,46.0,16.0,14.0
1106,1.0,1106.0,London_11,3years_LHD,1Lon_11,151,453,1092.0,70.0,2.0,150849.0,4.453421484678984,786.0,92.0,0.0,92.0,165.0,0.0,165.0,231.0,185.0,121.0,19.0,66.0,10.0,45.0,0.0,7.0,5.0,78.0,150.0,220.0,41.0,1.1393939393939394,0.0,0.0,0.0,0.0,0.0,0.0,0.0,0.0,0.0,0.0,0.0,0.0,0.0,0.0,0.0,0.0,0.0,0.0,0.0,0.0,0.0,0.0,0.0,0.0,0.0,0.0,0.0,0.0,0.0,0.0,0.0,0.0,0.0,0.0,0.0,0.0,0.0,0.0,0.0,0.0,2.0,6.0,6.0,0.0,5.0,0.0,8.0,8.0,7.0,7.0,21.0,23.0,17.0,6.0,0.0,0.0,0.0,0.0,0.0,0.0,0.0,0.0,0.0,0.0,0.0,0.0,0.0,0.0,0.0,0.0,0.0,0.0,0.0,0.0,3.0,10.0,7.0,0.0,5.0,0.0,10.0,10.0,10.0,9.0,31.0,37.0,25.0,10.0
1107,1.0,1107.0,London_11,3years_LHD,1Lon_11,151,453,1092.0,70.0,2.0,143601.0,10.582831579260528,770.0,104.0,2.0,102.0,196.0,17.0,179.0,165.0,191.0,140.0,22.0,48.0,9.0,42.0,1.0,0.0,9.0,83.0,143.0,218.0,41.0,1.1989795918367347,0.0,0.0,0.0,0.0,0.0,0.0,0.0,0.0,0.0,0.0,0.0,0.0,0.0,0.0,0.0,0.0,0.0,0.0,0.0,0.0,0.0,0.0,0.0,0.0,0.0,0.0,0.0,0.0,0.0,1.0,0.0,0.0,1.0,0.0,1.0,1.0,0.0,0.0,0.0,0.0,3.0,7.0,3.0,0.0,7.0,0.0,15.0,5.0,4.0,13.0,16.0,30.0,17.0,7.0,0.0,0.0,0.0,0.0,0.0,0.0,0.0,0.0,0.0,4.0,0.0,0.0,4.0,0.0,6.0,7.0,0.0,0.0,0.0,0.0,3.0,9.0,5.0,0.0,7.0,0.0,20.0,6.0,4.0,18.0,28.0,47.0,21.0,10.0
1108,1.0,1108.0,London_11,3years_LHD,1Lon_11,151,453,1092.0,70.0,2.0,131370.0,4.541112644597888,743.0,95.0,0.0,95.0,164.0,0.0,164.0,196.0,214.0,140.0,8.0,53.0,6.0,31.0,0.0,1.0,7.0,82.0,140.0,224.0,45.0,1.146341463414634,0.0,0.0,0.0,0.0,0.0,0.0,0.0,0.0,0.0,0.0,0.0,0.0,0.0,0.0,0.0,0.0,0.0,0.0,0.0,0.0,0.0,0.0,0.0,0.0,0.0,0.0,0.0,0.0,0.0,0.0,0.0,0.0,0.0,0.0,0.0,0.0,0.0,0.0,0.0,0.0,3.0,9.0,2.0,1.0,1.0,0.0,8.0,5.0,3.0,8.0,27.0,19.0,20.0,8.0,0.0,0.0,0.0,0.0,0.0,0.0,0.0,0.0,0.0,0.0,0.0,0.0,0.0,0.0,0.0,0.0,0.0,0.0,0.0,0.0,3.0,9.0,2.0,2.0,1.0,0.0,11.0,7.0,4.0,8.0,37.0,31.0,22.0,14.0
1109,1.0,1109.0,London_11,3years_LHD,1Lon_11,151,453,1092.0,70.0,2.0,134994.0,4.802148119546473,751.0,57.0,1.0,56.0,106.0,10.0,96.0,164.0,229.0,133.0,10.0,47.0,5.0,21.0,1.0,7.0,10.0,76.0,131.0,236.0,43.0,1.099009900990099,0.0,0.0,0.0,0.0,0.0,0.0,0.0,0.0,0.0,1.0,0.0,0.0,0.0,0.0,0.0,0.0,0.0,1.0,1.0,0.0,0.0,0.0,0.0,0.0,0.0,0.0,0.0,0.0,0.0,0.0,0.0,0.0,0.0,0.0,0.0,0.0,1.0,0.0,0.0,0.0,3.0,5.0,1.0,0.0,6.0,0.0,4.0,7.0,6.0,6.0,8.0,19.0,7.0,4.0,0.0,0.0,0.0,0.0,0.0,0.0,0.0,0.0,0.0,0.0,0.0,0.0,0.0,0.0,0.0,0.0,4.0,0.0,0.0,0.0,4.0,8.0,1.0,0.0,6.0,0.0,6.0,10.0,8.0,8.0,10.0,28.0,9.0,9.0
1110,1.0,1110.0,London_11,3years_LHD,1Lon_11,151,453,1092.0,70.0,2.0,149037.0,5.467531806789339,782.0,4.0,0.0,4.0,4.0,0.0,4.0,101.0,232.0,136.0,15.0,35.0,1.0,25.0,3.0,6.0,11.0,73.0,141.0,228.0,42.0,6.0,0.0,0.0,0.0,0.0,0.0,0.0,0.0,0.0,0.0,0.0,0.0,0.0,0.0,0.0,0.0,0.0,0.0,0.0,0.0,0.0,0.0,0.0,0.0,0.0,0.0,0.0,0.0,0.0,0.0,0.0,0.0,0.0,0.0,0.0,0.0,0.0,0.0,0.0,0.0,0.0,0.0,0.0,0.0,0.0,0.0,0.0,0.0,0.0,0.0,2.0,0.0,1.0,0.0,0.0,0.0,0.0,0.0,0.0,0.0,0.0,0.0,0.0,0.0,0.0,0.0,0.0,0.0,0.0,0.0,0.0,0.0,0.0,0.0,0.0,0.0,0.0,0.0,0.0,0.0,0.0,0.0,0.0,0.0,2.0,0.0,1.0,0.0,0.0
1111,1.0,1111.0,London_11,3years_LHD,1Lon_11,151,453,1092.0,70.0,2.0,188448.0,6.990804251283407,869.0,93.0,2.0,91.0,186.0,20.0,166.0,4.0,230.0,139.0,14.0,36.0,1.0,25.0,3.0,5.0,11.0,74.0,143.0,225.0,41.0,2.849462365591398,0.0,0.0,0.0,0.0,0.0,0.0,0.0,0.0,0.0,0.0,0.0,0.0,0.0,0.0,0.0,0.0,0.0,0.0,0.0,0.0,0.0,0.0,0.0,0.0,0.0,0.0,0.0,0.0,0.0,0.0,0.0,0.0,1.0,0.0,0.0,0.0,1.0,0.0,0.0,0.0,1.0,2.0,2.0,1.0,3.0,0.0,9.0,9.0,6.0,11.0,14.0,21.0,15.0,8.0,0.0,0.0,0.0,0.0,0.0,0.0,0.0,0.0,0.0,0.0,0.0,0.0,8.0,0.0,0.0,0.0,9.0,0.0,0.0,0.0,1.0,3.0,2.0,2.0,3.0,0.0,11.0,17.0,6.0,15.0,25.0,33.0,20.0,15.0
1112,1.0,1112.0,London_11,3years_LHD,1Lon_11,151,453,1092.0,70.0,2.0,184824.0,4.053884617984295,861.0,134.0,2.0,132.0,242.0,16.0,226.0,186.0,230.0,121.0,9.0,52.0,8.0,27.0,5.0,1.0,12.0,77.0,153.0,211.0,32.0,2.169421487603306,0.0,0.0,0.0,0.0,0.0,0.0,0.0,0.0,0.0,0.0,0.0,0.0,0.0,0.0,0.0,0.0,0.0,0.0,0.0,0.0,0.0,0.0,0.0,0.0,0.0,0.0,0.0,0.0,0.0,0.0,0.0,0.0,1.0,0.0,0.0,1.0,0.0,0.0,0.0,0.0,4.0,2.0,3.0,2.0,0.0,0.0,17.0,4.0,2.0,10.0,24.0,25.0,33.0,13.0,0.0,0.0,0.0,0.0,0.0,0.0,0.0,0.0,0.0,0.0,0.0,0.0,6.0,0.0,0.0,3.0,0.0,0.0,0.0,0.0,4.0,3.0,3.0,2.0,0.0,0.0,20.0,7.0,2.0,11.0,32.0,34.0,37.0,16.0
1113,1.0,1113.0,London_11,3years_LHD,1Lon_11,151,453,1092.0,70.0,2.0,162174.0,4.51576566323638,811.0,116.0,0.0,116.0,198.0,0.0,198.0,242.0,227.0,96.0,22.0,73.0,6.0,25.0,2.0,2.0,10.0,86.0,140.0,217.0,38.0,0.7272727272727273,0.0,0.0,0.0,0.0,0.0,0.0,0.0,0.0,0.0,0.0,0.0,0.0,0.0,0.0,0.0,0.0,0.0,0.0,0.0,0.0,0.0,0.0,0.0,0.0,0.0,0.0,0.0,0.0,0.0,0.0,0.0,0.0,0.0,0.0,0.0,0.0,0.0,0.0,0.0,0.0,1.0,2.0,2.0,1.0,10.0,0.0,6.0,7.0,12.0,11.0,20.0,32.0,20.0,17.0,0.0,0.0,0.0,0.0,0.0,0.0,0.0,0.0,0.0,0.0,0.0,0.0,0.0,0.0,0.0,0.0,0.0,0.0,0.0,0.0,2.0,3.0,2.0,1.0,10.0,0.0,7.0,8.0,13.0,13.0,34.0,49.0,24.0,23.0
1114,1.0,1114.0,London_11,3years_LHD,1Lon_11,151,453,1092.0,70.0,2.0,146772.0,4.785097133368254,777.0,92.0,0.0,92.0,162.0,0.0,162.0,198.0,248.0,93.0,19.0,62.0,7.0,17.0,2.0,5.0,13.0,75.0,139.0,226.0,35.0,0.654320987654321,0.0,0.0,0.0,0.0,0.0,0.0,0.0,0.0,0.0,0.0,0.0,0.0,0.0,0.0,0.0,0.0,0.0,0.0,0.0,0.0,0.0,0.0,0.0,0.0,0.0,0.0,0.0,0.0,0.0,0.0,0.0,0.0,0.0,0.0,0.0,0.0,0.0,0.0,0.0,0.0,2.0,7.0,1.0,0.0,7.0,0.0,16.0,1.0,4.0,7.0,26.0,14.0,12.0,7.0,0.0,0.0,0.0,0.0,0.0,0.0,0.0,0.0,0.0,0.0,0.0,0.0,0.0,0.0,0.0,0.0,0.0,0.0,0.0,0.0,3.0,9.0,1.0,0.0,7.0,0.0,22.0,1.0,7.0,9.0,42.0,22.0,14.0,12.0
1115,1.0,1115.0,London_11,3years_LHD,1Lon_11,151,453,1092.0,70.0,2.0,144960.0,2.3475442808121443,773.0,90.0,2.0,88.0,162.0,17.0,145.0,162.0,268.0,103.0,12.0,43.0,9.0,12.0,1.0,5.0,14.0,73.0,148.0,218.0,31.0,1.2345679012345678,0.0,0.0,0.0,0.0,0.0,0.0,0.0,0.0,0.0,0.0,0.0,0.0,0.0,0.0,0.0,0.0,0.0,0.0,0.0,0.0,0.0,0.0,0.0,0.0,0.0,0.0,0.0,0.0,0.0,0.0,0.0,0.0,0.0,0.0,0.0,1.0,0.0,0.0,0.0,0.0,6.0,6.0,0.0,2.0,0.0,1.0,13.0,7.0,10.0,5.0,11.0,22.0,15.0,10.0,0.0,0.0,0.0,0.0,0.0,0.0,0.0,0.0,0.0,0.0,0.0,0.0,0.0,0.0,0.0,3.0,0.0,0.0,0.0,0.0,6.0,8.0,0.0,3.0,0.0,2.0,14.0,9.0,14.0,5.0,17.0,28.0,17.0,13.0
1116,1.0,1116.0,London_11,3years_LHD,1Lon_11,151,453,1092.0,70.0,2.0,134088.0,4.481876275502145,749.0,38.0,2.0,36.0,78.0,18.0,60.0,162.0,277.0,82.0,11.0,52.0,7.0,13.0,2.0,9.0,7.0,80.0,145.0,221.0,19.0,1.2307692307692308,0.0,0.0,0.0,0.0,0.0,0.0,0.0,0.0,0.0,0.0,0.0,0.0,0.0,0.0,0.0,0.0,0.0,0.0,0.0,0.0,0.0,0.0,0.0,0.0,0.0,0.0,0.0,0.0,0.0,1.0,0.0,0.0,2.0,0.0,0.0,1.0,0.0,0.0,0.0,0.0,0.0,4.0,1.0,0.0,1.0,0.0,2.0,6.0,5.0,5.0,15.0,7.0,9.0,1.0,0.0,0.0,0.0,0.0,0.0,0.0,0.0,0.0,0.0,6.0,0.0,0.0,16.0,0.0,0.0,7.0,0.0,0.0,0.0,0.0,0.0,7.0,1.0,0.0,1.0,0.0,3.0,6.0,9.0,7.0,21.0,10.0,14.0,1.0
1117,1.0,1117.0,London_11,3years_LHD,1Lon_11,151,453,1092.0,70.0,2.0,149490.0,4.325128766708076,783.0,102.0,0.0,102.0,172.0,0.0,172.0,78.0,284.0,78.0,15.0,45.0,3.0,21.0,1.0,6.0,6.0,84.0,143.0,220.0,20.0,2.0290697674418605,0.0,0.0,0.0,0.0,0.0,0.0,0.0,0.0,0.0,0.0,0.0,0.0,0.0,0.0,0.0,0.0,0.0,0.0,0.0,0.0,0.0,0.0,0.0,0.0,0.0,0.0,0.0,0.0,0.0,0.0,0.0,0.0,0.0,0.0,0.0,0.0,0.0,0.0,0.0,0.0,0.0,0.0,1.0,1.0,4.0,0.0,7.0,7.0,6.0,1.0,20.0,29.0,18.0,9.0,0.0,0.0,0.0,0.0,0.0,0.0,0.0,0.0,0.0,0.0,0.0,0.0,0.0,0.0,0.0,0.0,0.0,0.0,0.0,0.0,0.0,0.0,2.0,1.0,4.0,0.0,10.0,8.0,10.0,1.0,31.0,37.0,23.0,11.0
1118,1.0,1118.0,London_11,3years_LHD,1Lon_11,151,453,1092.0,70.0,2.0,139524.0,2.318722735159099,761.0,55.0,0.0,55.0,93.0,0.0,93.0,172.0,289.0,56.0,18.0,53.0,12.0,20.0,1.0,4.0,6.0,76.0,148.0,223.0,27.0,0.40860215053763443,0.0,0.0,0.0,0.0,0.0,0.0,0.0,0.0,0.0,0.0,0.0,0.0,0.0,0.0,0.0,0.0,0.0,0.0,0.0,0.0,0.0,0.0,0.0,0.0,0.0,0.0,0.0,0.0,0.0,0.0,0.0,0.0,0.0,0.0,0.0,0.0,0.0,0.0,0.0,0.0,4.0,4.0,3.0,2.0,5.0,0.0,4.0,5.0,3.0,11.0,10.0,8.0,11.0,7.0,0.0,0.0,0.0,0.0,0.0,0.0,0.0,0.0,0.0,0.0,0.0,0.0,0.0,0.0,0.0,0.0,0.0,0.0,0.0,0.0,5.0,6.0,3.0,2.0,5.0,0.0,7.0,5.0,5.0,14.0,17.0,11.0,16.0,11.0
1119,1.0,1119.0,London_11,3years_LHD,1Lon_11,151,453,1092.0,70.0,2.0,160362.0,2.995772199705243,807.0,100.0,2.0,98.0,191.0,22.0,169.0,93.0,294.0,54.0,23.0,48.0,13.0,14.0,2.0,5.0,4.0,86.0,153.0,210.0,20.0,3.397905759162304,0.0,0.0,0.0,0.0,0.0,0.0,0.0,0.0,0.0,0.0,0.0,0.0,0.0,0.0,0.0,0.0,0.0,0.0,0.0,0.0,0.0,0.0,0.0,0.0,0.0,0.0,0.0,0.0,0.0,0.0,0.0,0.0,0.0,0.0,0.0,1.0,0.0,0.0,0.0,0.0,3.0,6.0,4.0,2.0,0.0,0.0,10.0,0.0,5.0,6.0,15.0,30.0,21.0,2.0,0.0,0.0,0.0,0.0,0.0,0.0,0.0,0.0,0.0,0.0,0.0,0.0,0.0,0.0,0.0,5.0,0.0,0.0,0.0,0.0,3.0,8.0,5.0,3.0,0.0,0.0,14.0,0.0,5.0,9.0,19.0,48.0,27.0,3.0
1120,1.0,1120.0,London_11,3years_LHD,1Lon_11,151,453,1092.0,70.0,2.0,159909.0,5.732050794176757,806.0,69.0,0.0,69.0,120.0,0.0,120.0,191.0,271.0,79.0,15.0,51.0,15.0,19.0,1.0,2.0,4.0,83.0,163.0,203.0,17.0,0.9416666666666667,0.0,0.0,0.0,0.0,0.0,0.0,0.0,0.0,0.0,0.0,0.0,0.0,0.0,0.0,0.0,0.0,0.0,0.0,0.0,0.0,0.0,0.0,0.0,0.0,0.0,0.0,0.0,0.0,0.0,0.0,0.0,0.0,0.0,0.0,0.0,0.0,0.0,0.0,0.0,0.0,4.0,7.0,0.0,1.0,5.0,0.0,5.0,3.0,1.0,10.0,15.0,17.0,16.0,4.0,0.0,0.0,0.0,0.0,0.0,0.0,0.0,0.0,0.0,0.0,0.0,0.0,0.0,0.0,0.0,0.0,0.0,0.0,0.0,0.0,5.0,9.0,0.0,1.0,6.0,0.0,6.0,3.0,2.0,15.0,21.0,24.0,23.0,5.0
1121,1.0,1121.0,London_11,3years_LHD,1Lon_11,151,453,1092.0,70.0,2.0,162627.0,6.3530645640566945,812.0,131.0,2.0,129.0,230.0,17.0,213.0,120.0,279.0,88.0,8.0,41.0,14.0,21.0,1.0,1.0,3.0,88.0,160.0,202.0,24.0,3.8088888888888888,0.0,0.0,0.0,0.0,0.0,0.0,0.0,0.0,0.0,1.0,0.0,0.0,0.0,1.0,0.0,0.0,0.0,0.0,1.0,0.0,0.0,0.0,0.0,0.0,0.0,0.0,0.0,0.0,0.0,0.0,0.0,0.0,1.0,0.0,0.0,1.0,0.0,0.0,0.0,0.0,1.0,7.0,1.0,3.0,0.0,0.0,7.0,12.0,6.0,7.0,28.0,37.0,17.0,11.0,0.0,0.0,0.0,0.0,0.0,0.0,0.0,0.0,0.0,0.0,0.0,0.0,5.0,0.0,0.0,2.0,0.0,0.0,0.0,0.0,1.0,7.0,1.0,3.0,0.0,0.0,11.0,15.0,8.0,7.0,44.0,53.0,20.0,18.0
1122,1.0,1122.0,London_11,3years_LHD,1Lon_11,151,453,1092.0,70.0,2.0,128199.0,4.563022519461811,736.0,47.0,0.0,47.0,80.0,0.0,80.0,225.0,234.0,95.0,19.0,60.0,14.0,24.0,1.0,6.0,6.0,79.0,150.0,218.0,25.0,0.775,0.0,0.0,0.0,0.0,0.0,0.0,0.0,0.0,0.0,0.0,0.0,0.0,0.0,0.0,0.0,0.0,0.0,0.0,0.0,0.0,0.0,0.0,0.0,0.0,0.0,0.0,0.0,0.0,0.0,0.0,0.0,0.0,0.0,0.0,0.0,0.0,0.0,0.0,0.0,0.0,5.0,0.0,0.0,0.0,0.0,0.0,6.0,4.0,4.0,8.0,15.0,10.0,10.0,5.0,0.0,0.0,0.0,0.0,0.0,0.0,0.0,0.0,0.0,0.0,0.0,0.0,0.0,0.0,0.0,0.0,0.0,0.0,0.0,0.0,7.0,0.0,0.0,0.0,0.0,0.0,9.0,7.0,5.0,10.0,20.0,14.0,12.0,8.0
1123,1.0,1123.0,London_11,3years_LHD,1Lon_11,151,453,1092.0,70.0,2.0,134994.0,4.949381836690009,751.0,66.0,0.0,66.0,115.0,0.0,115.0,80.0,240.0,93.0,22.0,49.0,15.0,30.0,0.0,4.0,5.0,75.0,156.0,217.0,23.0,1.3391304347826087,0.0,0.0,0.0,0.0,0.0,0.0,0.0,0.0,0.0,0.0,0.0,0.0,0.0,0.0,0.0,0.0,0.0,0.0,0.0,0.0,0.0,0.0,0.0,0.0,0.0,0.0,0.0,0.0,0.0,0.0,0.0,0.0,0.0,0.0,0.0,0.0,0.0,0.0,0.0,0.0,3.0,1.0,1.0,2.0,0.0,0.0,6.0,5.0,6.0,9.0,13.0,16.0,12.0,3.0,0.0,0.0,0.0,0.0,0.0,0.0,0.0,0.0,0.0,0.0,0.0,0.0,0.0,0.0,0.0,0.0,0.0,0.0,0.0,0.0,4.0,1.0,2.0,6.0,0.0,0.0,8.0,6.0,6.0,12.0,19.0,24.0,15.0,6.0
1124,1.0,1124.0,London_11,3years_LHD,1Lon_11,151,453,1092.0,70.0,2.0,139977.0,4.60614977683872,762.0,135.0,0.0,135.0,222.0,0.0,222.0,115.0,252.0,77.0,16.0,46.0,21.0,36.0,1.0,4.0,3.0,80.0,157.0,213.0,16.0,3.3873873873873874,0.0,0.0,0.0,0.0,0.0,0.0,0.0,0.0,0.0,0.0,0.0,0.0,0.0,0.0,0.0,0.0,0.0,0.0,0.0,0.0,0.0,0.0,0.0,0.0,0.0,0.0,0.0,0.0,0.0,0.0,0.0,0.0,0.0,0.0,0.0,0.0,0.0,0.0,0.0,0.0,2.0,2.0,2.0,3.0,5.0,0.0,19.0,9.0,4.0,12.0,29.0,33.0,19.0,10.0,0.0,0.0,0.0,0.0,0.0,0.0,0.0,0.0,0.0,0.0,0.0,0.0,0.0,0.0,0.0,0.0,0.0,0.0,0.0,0.0,2.0,2.0,2.0,4.0,5.0,0.0,28.0,11.0,5.0,13.0,45.0,44.0,26.0,17.0
1125,1.0,1125.0,London_11,3years_LHD,1Lon_11,151,453,1092.0,70.0,2.0,113703.0,3.7360940100625157,704.0,33.0,2.0,31.0,73.0,20.0,53.0,222.0,225.0,81.0,15.0,66.0,23.0,33.0,4.0,6.0,6.0,80.0,171.0,196.0,35.0,1.9,0.0,0.0,0.0,0.0,0.0,0.0,0.0,0.0,0.0,1.0,0.0,1.0,0.0,0.0,0.0,0.0,0.0,0.0,1.0,0.0,0.0,0.0,0.0,0.0,0.0,0.0,0.0,0.0,0.0,0.0,0.0,0.0,0.0,0.0,0.0,2.0,0.0,0.0,0.0,0.0,1.0,2.0,0.0,0.0,1.0,0.0,0.0,3.0,2.0,3.0,8.0,4.0,6.0,1.0,0.0,0.0,0.0,0.0,0.0,0.0,0.0,0.0,0.0,0.0,0.0,0.0,0.0,0.0,0.0,12.0,0.0,0.0,0.0,0.0,2.0,4.0,0.0,0.0,1.0,0.0,0.0,4.0,3.0,4.0,10.0,6.0,8.0,2.0
1126,1.0,1126.0,London_11,3years_LHD,1Lon_11,151,453,1092.0,70.0,2.0,137712.0,8.0297383479774,757.0,111.0,2.0,109.0,215.0,18.0,197.0,70.0,225.0,91.0,18.0,58.0,17.0,35.0,3.0,6.0,5.0,82.0,164.0,202.0,37.0,1.6,0.0,0.0,0.0,0.0,0.0,0.0,0.0,0.0,0.0,0.0,0.0,0.0,0.0,0.0,0.0,0.0,0.0,0.0,0.0,0.0,0.0,0.0,0.0,0.0,0.0,0.0,0.0,0.0,0.0,0.0,0.0,0.0,0.0,0.0,0.0,2.0,0.0,0.0,0.0,0.0,4.0,5.0,1.0,1.0,11.0,0.0,5.0,8.0,6.0,5.0,21.0,28.0,18.0,8.0,0.0,0.0,0.0,0.0,0.0,0.0,0.0,0.0,0.0,0.0,0.0,0.0,0.0,0.0,0.0,10.0,0.0,0.0,0.0,0.0,5.0,5.0,2.0,1.0,11.0,0.0,8.0,12.0,6.0,7.0,30.0,47.0,21.0,13.0
1127,1.0,1127.0,London_11,3years_LHD,1Lon_11,151,453,1092.0,70.0,2.0,128652.0,1.4625835353508592,737.0,1.0,0.0,1.0,1.0,0.0,1.0,215.0,222.0,99.0,22.0,69.0,15.0,23.0,0.0,3.0,3.0,68.0,165.0,217.0,24.0,0.0,0.0,0.0,0.0,0.0,0.0,0.0,0.0,0.0,0.0,0.0,0.0,0.0,0.0,0.0,0.0,0.0,0.0,0.0,0.0,0.0,0.0,0.0,0.0,0.0,0.0,0.0,0.0,0.0,0.0,0.0,0.0,0.0,0.0,0.0,0.0,0.0,0.0,0.0,0.0,0.0,0.0,0.0,0.0,0.0,0.0,0.0,0.0,0.0,0.0,0.0,0.0,0.0,0.0,1.0,0.0,0.0,0.0,0.0,0.0,0.0,0.0,0.0,0.0,0.0,0.0,0.0,0.0,0.0,0.0,0.0,0.0,0.0,0.0,0.0,0.0,0.0,0.0,0.0,0.0,0.0,0.0,0.0,0.0,0.0,0.0,0.0,0.0,1.0
1128,1.0,1128.0,London_11,3years_LHD,1Lon_11,151,453,1092.0,70.0,2.0,178029.0,5.284985362552106,846.0,121.0,0.0,121.0,199.0,0.0,199.0,1.0,222.0,99.0,22.0,69.0,15.0,23.0,0.0,3.0,3.0,68.0,166.0,216.0,24.0,1.8944723618090453,0.0,0.0,0.0,0.0,0.0,0.0,0.0,0.0,0.0,0.0,0.0,0.0,0.0,0.0,0.0,0.0,0.0,0.0,0.0,0.0,0.0,0.0,0.0,0.0,0.0,0.0,0.0,0.0,0.0,0.0,0.0,0.0,0.0,0.0,0.0,0.0,0.0,0.0,0.0,0.0,8.0,2.0,1.0,3.0,1.0,0.0,9.0,15.0,1.0,12.0,18.0,38.0,12.0,6.0,0.0,0.0,0.0,0.0,0.0,0.0,0.0,0.0,0.0,0.0,0.0,0.0,0.0,0.0,0.0,0.0,0.0,0.0,0.0,0.0,9.0,2.0,1.0,4.0,1.0,0.0,12.0,18.0,1.0,14.0,24.0,52.0,14.0,9.0
1129,1.0,1129.0,London_11,3years_LHD,1Lon_11,151,453,1092.0,70.0,2.0,158097.0,1.8813494145870209,802.0,56.0,2.0,54.0,117.0,19.0,98.0,199.0,233.0,96.0,14.0,58.0,18.0,32.0,1.0,1.0,6.0,76.0,158.0,213.0,24.0,2.888888888888889,0.0,0.0,0.0,0.0,0.0,0.0,0.0,0.0,0.0,0.0,0.0,0.0,0.0,0.0,0.0,0.0,0.0,0.0,0.0,0.0,0.0,0.0,0.0,0.0,0.0,0.0,0.0,0.0,0.0,0.0,0.0,0.0,0.0,0.0,0.0,1.0,0.0,0.0,0.0,0.0,1.0,2.0,2.0,0.0,1.0,1.0,14.0,4.0,6.0,2.0,13.0,17.0,11.0,6.0,0.0,0.0,0.0,0.0,0.0,0.0,0.0,0.0,0.0,0.0,0.0,0.0,0.0,0.0,0.0,3.0,0.0,0.0,0.0,0.0,1.0,2.0,2.0,0.0,1.0,2.0,17.0,5.0,10.0,2.0,20.0,28.0,14.0,8.0
1130,1.0,1130.0,London_11,3years_LHD,1Lon_11,151,453,1092.0,70.0,2.0,180294.0,6.067245424725115,851.0,77.0,3.0,74.0,154.0,25.0,129.0,117.0,220.0,117.0,11.0,47.0,17.0,38.0,1.0,2.0,4.0,79.0,151.0,219.0,20.0,2.1946308724832213,0.0,0.0,0.0,0.0,0.0,0.0,0.0,0.0,0.0,3.0,0.0,1.0,0.0,0.0,0.0,2.0,0.0,0.0,3.0,0.0,0.0,0.0,0.0,0.0,0.0,0.0,0.0,0.0,0.0,0.0,0.0,0.0,1.0,0.0,0.0,1.0,0.0,0.0,0.0,0.0,5.0,2.0,3.0,2.0,4.0,0.0,9.0,3.0,5.0,8.0,16.0,17.0,9.0,5.0,0.0,0.0,0.0,0.0,0.0,0.0,0.0,0.0,0.0,0.0,0.0,0.0,5.0,0.0,0.0,8.0,0.0,0.0,0.0,0.0,6.0,3.0,3.0,3.0,4.0,0.0,11.0,5.0,7.0,14.0,25.0,24.0,14.0,7.0
1131,1.0,1131.0,London_11,3years_LHD,1Lon_11,151,453,1092.0,70.0,2.0,183465.0,5.692292022518814,858.0,156.0,0.0,156.0,278.0,0.0,278.0,149.0,220.0,115.0,11.0,45.0,16.0,43.0,1.0,2.0,6.0,86.0,138.0,223.0,37.0,3.6258992805755397,0.0,0.0,0.0,0.0,0.0,0.0,0.0,0.0,0.0,0.0,0.0,0.0,0.0,0.0,0.0,0.0,0.0,0.0,0.0,0.0,0.0,0.0,0.0,0.0,0.0,0.0,0.0,0.0,0.0,0.0,0.0,0.0,0.0,0.0,0.0,0.0,0.0,0.0,0.0,0.0,2.0,1.0,1.0,4.0,1.0,1.0,14.0,4.0,11.0,5.0,18.0,39.0,10.0,20.0,0.0,0.0,0.0,0.0,0.0,0.0,0.0,0.0,0.0,0.0,0.0,0.0,0.0,0.0,0.0,0.0,0.0,0.0,0.0,0.0,2.0,2.0,1.0,5.0,1.0,2.0,17.0,5.0,16.0,6.0,30.0,67.0,11.0,32.0
1132,1.0,1132.0,London_11,3years_LHD,1Lon_11,151,453,1092.0,70.0,2.0,157191.0,2.585814457386732,800.0,46.0,0.0,46.0,82.0,0.0,82.0,278.0,173.0,95.0,21.0,101.0,14.0,42.0,2.0,5.0,4.0,70.0,143.0,236.0,31.0,0.8902439024390244,0.0,0.0,0.0,0.0,0.0,0.0,0.0,0.0,0.0,0.0,0.0,0.0,0.0,0.0,0.0,0.0,0.0,0.0,0.0,0.0,0.0,0.0,0.0,0.0,0.0,0.0,0.0,0.0,0.0,0.0,0.0,0.0,0.0,0.0,0.0,0.0,0.0,0.0,0.0,0.0,4.0,6.0,7.0,2.0,3.0,0.0,8.0,6.0,8.0,1.0,8.0,11.0,10.0,4.0,0.0,0.0,0.0,0.0,0.0,0.0,0.0,0.0,0.0,0.0,0.0,0.0,0.0,0.0,0.0,0.0,0.0,0.0,0.0,0.0,6.0,10.0,8.0,2.0,3.0,0.0,11.0,10.0,12.0,1.0,11.0,16.0,12.0,6.0
1133,1.0,1133.0,London_11,3years_LHD,1Lon_11,151,453,1092.0,70.0,2.0,173046.0,4.111084014177322,835.0,128.0,2.0,126.0,231.0,17.0,214.0,82.0,178.0,102.0,24.0,85.0,14.0,39.0,3.0,8.0,4.0,75.0,154.0,220.0,39.0,1.3333333333333333,0.0,0.0,0.0,0.0,0.0,0.0,0.0,0.0,0.0,0.0,0.0,0.0,0.0,0.0,0.0,0.0,0.0,0.0,0.0,0.0,0.0,0.0,0.0,0.0,0.0,0.0,0.0,0.0,0.0,0.0,0.0,0.0,1.0,0.0,0.0,1.0,0.0,0.0,0.0,0.0,7.0,3.0,1.0,5.0,3.0,0.0,17.0,5.0,14.0,11.0,22.0,26.0,27.0,9.0,0.0,0.0,0.0,0.0,0.0,0.0,0.0,0.0,0.0,0.0,0.0,0.0,3.0,0.0,0.0,1.0,0.0,0.0,0.0,0.0,7.0,5.0,1.0,8.0,3.0,0.0,20.0,7.0,19.0,15.0,34.0,38.0,34.0,13.0
1134,1.0,1134.0,London_11,3years_LHD,1Lon_11,151,453,1092.0,70.0,2.0,147678.0,3.646436375565827,779.0,72.0,0.0,72.0,120.0,0.0,120.0,231.0,204.0,92.0,30.0,67.0,16.0,33.0,1.0,10.0,6.0,66.0,157.0,224.0,34.0,0.75,0.0,0.0,0.0,0.0,0.0,0.0,0.0,0.0,0.0,0.0,0.0,0.0,0.0,0.0,0.0,0.0,0.0,0.0,0.0,0.0,0.0,0.0,0.0,0.0,0.0,0.0,0.0,0.0,0.0,0.0,0.0,0.0,0.0,0.0,0.0,0.0,0.0,0.0,0.0,0.0,2.0,10.0,0.0,2.0,3.0,0.0,6.0,5.0,5.0,10.0,21.0,14.0,12.0,10.0,0.0,0.0,0.0,0.0,0.0,0.0,0.0,0.0,0.0,0.0,0.0,0.0,0.0,0.0,0.0,0.0,0.0,0.0,0.0,0.0,3.0,13.0,0.0,3.0,3.0,0.0,8.0,6.0,6.0,14.0,32.0,23.0,15.0,17.0
1135,1.0,1135.0,London_11,3years_LHD,1Lon_11,151,453,1092.0,70.0,2.0,155379.0,1.6424734517931938,796.0,132.0,2.0,130.0,229.0,15.0,214.0,120.0,218.0,77.0,33.0,57.0,20.0,38.0,1.0,9.0,7.0,76.0,162.0,208.0,41.0,2.7161572052401746,0.0,0.0,0.0,0.0,0.0,0.0,0.0,0.0,0.0,0.0,0.0,0.0,0.0,0.0,0.0,0.0,0.0,0.0,0.0,0.0,0.0,0.0,0.0,0.0,0.0,0.0,0.0,0.0,0.0,0.0,0.0,0.0,0.0,0.0,0.0,0.0,0.0,0.0,0.0,0.0,3.0,1.0,2.0,2.0,0.0,0.0,11.0,3.0,8.0,5.0,24.0,23.0,32.0,10.0,0.0,0.0,0.0,0.0,0.0,0.0,0.0,0.0,0.0,0.0,0.0,0.0,0.0,0.0,0.0,0.0,0.0,0.0,0.0,0.0,3.0,1.0,2.0,3.0,0.0,0.0,13.0,5.0,11.0,6.0,32.0,37.0,38.0,15.0
1136,1.0,1136.0,London_11,3years_LHD,1Lon_11,151,453,1092.0,70.0,2.0,127293.0,1.8773565795272589,734.0,48.0,0.0,48.0,82.0,0.0,82.0,229.0,204.0,85.0,16.0,65.0,23.0,42.0,3.0,15.0,7.0,77.0,169.0,200.0,34.0,0.8902439024390244,0.0,0.0,0.0,0.0,0.0,0.0,0.0,0.0,0.0,0.0,0.0,0.0,0.0,0.0,0.0,0.0,0.0,0.0,0.0,0.0,0.0,0.0,0.0,0.0,0.0,0.0,0.0,0.0,0.0,0.0,0.0,0.0,0.0,0.0,0.0,0.0,0.0,0.0,0.0,0.0,1.0,4.0,7.0,0.0,1.0,0.0,8.0,2.0,2.0,4.0,7.0,9.0,12.0,3.0,0.0,0.0,0.0,0.0,0.0,0.0,0.0,0.0,0.0,0.0,0.0,0.0,0.0,0.0,0.0,0.0,0.0,0.0,0.0,0.0,1.0,4.0,8.0,0.0,1.0,0.0,11.0,4.0,2.0,6.0,11.0,13.0,18.0,4.0
1137,1.0,1137.0,London_11,3years_LHD,1Lon_11,151,453,1092.0,70.0,2.0,139524.0,4.821681191213429,761.0,62.0,1.0,61.0,123.0,9.0,114.0,82.0,218.0,77.0,9.0,68.0,25.0,42.0,4.0,10.0,7.0,74.0,179.0,193.0,38.0,1.983739837398374,0.0,0.0,0.0,0.0,0.0,0.0,0.0,0.0,0.0,0.0,0.0,0.0,0.0,0.0,0.0,0.0,0.0,0.0,0.0,0.0,0.0,0.0,0.0,0.0,0.0,0.0,0.0,0.0,0.0,0.0,0.0,0.0,0.0,0.0,0.0,1.0,0.0,0.0,0.0,0.0,0.0,3.0,1.0,2.0,0.0,0.0,11.0,4.0,4.0,6.0,10.0,17.0,10.0,5.0,0.0,0.0,0.0,0.0,0.0,0.0,0.0,0.0,0.0,0.0,0.0,0.0,0.0,0.0,0.0,3.0,0.0,0.0,0.0,0.0,0.0,7.0,1.0,2.0,0.0,0.0,21.0,4.0,4.0,6.0,16.0,25.0,14.0,9.0
1138,1.0,1138.0,London_11,3years_LHD,1Lon_11,151,453,1092.0,70.0,2.0,144054.0,4.994998084381223,771.0,127.0,0.0,127.0,221.0,0.0,221.0,123.0,218.0,84.0,12.0,53.0,25.0,44.0,4.0,13.0,9.0,70.0,173.0,201.0,38.0,2.5429864253393664,0.0,0.0,0.0,0.0,0.0,0.0,0.0,0.0,0.0,0.0,0.0,0.0,0.0,0.0,0.0,0.0,0.0,0.0,0.0,0.0,0.0,0.0,0.0,0.0,0.0,0.0,0.0,0.0,0.0,0.0,0.0,0.0,0.0,0.0,0.0,0.0,0.0,0.0,0.0,0.0,0.0,5.0,0.0,1.0,0.0,0.0,3.0,10.0,4.0,6.0,31.0,34.0,17.0,8.0,0.0,0.0,0.0,0.0,0.0,0.0,0.0,0.0,0.0,0.0,0.0,0.0,0.0,0.0,0.0,0.0,0.0,0.0,0.0,0.0,0.0,7.0,0.0,2.0,0.0,0.0,3.0,14.0,4.0,7.0,39.0,53.0,19.0,13.0
1139,1.0,1139.0,London_11,3years_LHD,1Lon_11,151,453,1092.0,70.0,2.0,129105.0,3.625179633498192,738.0,37.0,2.0,35.0,69.0,17.0,52.0,221.0,192.0,92.0,21.0,63.0,24.0,44.0,6.0,11.0,11.0,58.0,169.0,215.0,40.0,1.5846153846153845,0.0,0.0,0.0,0.0,0.0,0.0,0.0,0.0,0.0,1.0,0.0,1.0,0.0,0.0,0.0,0.0,0.0,0.0,1.0,0.0,0.0,0.0,0.0,0.0,0.0,0.0,0.0,0.0,0.0,0.0,0.0,0.0,0.0,0.0,0.0,1.0,0.0,0.0,0.0,0.0,0.0,3.0,1.0,1.0,1.0,0.0,3.0,3.0,5.0,3.0,7.0,7.0,8.0,0.0,0.0,0.0,0.0,0.0,0.0,0.0,0.0,0.0,0.0,0.0,0.0,0.0,0.0,0.0,0.0,2.0,0.0,0.0,0.0,0.0,0.0,4.0,1.0,1.0,1.0,0.0,4.0,3.0,6.0,3.0,11.0,8.0,9.0,0.0
1140,1.0,1140.0,London_11,3years_LHD,1Lon_11,151,453,1092.0,70.0,2.0,152661.0,2.2314792899414897,790.0,116.0,2.0,114.0,214.0,17.0,197.0,65.0,189.0,89.0,24.0,64.0,24.0,44.0,7.0,12.0,7.0,67.0,161.0,218.0,37.0,1.8317757009345794,0.0,0.0,0.0,0.0,0.0,0.0,0.0,0.0,0.0,0.0,0.0,0.0,0.0,0.0,0.0,0.0,0.0,0.0,0.0,0.0,0.0,0.0,0.0,0.0,0.0,0.0,0.0,0.0,0.0,0.0,0.0,0.0,1.0,0.0,0.0,2.0,0.0,0.0,0.0,0.0,1.0,11.0,0.0,1.0,8.0,0.0,5.0,12.0,13.0,10.0,25.0,26.0,31.0,4.0,0.0,0.0,0.0,0.0,0.0,0.0,0.0,0.0,0.0,0.0,0.0,0.0,6.0,0.0,0.0,7.0,0.0,0.0,0.0,0.0,1.0,14.0,0.0,2.0,9.0,0.0,6.0,17.0,19.0,11.0,42.0,39.0,44.0,6.0
1141,1.0,1141.0,London_11,3years_LHD,1Lon_11,151,453,1092.0,70.0,2.0,139977.0,1.944013544358313,762.0,0.0,0.0,0.0,0.0,0.0,0.0,214.0,195.0,81.0,16.0,64.0,25.0,49.0,10.0,13.0,10.0,74.0,150.0,219.0,33.0,0.0,0.0,0.0,0.0,0.0,0.0,0.0,0.0,0.0,0.0,0.0,0.0,0.0,0.0,0.0,0.0,0.0,0.0,0.0,0.0,0.0,0.0,0.0,0.0,0.0,0.0,0.0,0.0,0.0,0.0,0.0,0.0,0.0,0.0,0.0,0.0,0.0,0.0,0.0,0.0,0.0,0.0,0.0,0.0,0.0,0.0,0.0,0.0,0.0,0.0,0.0,0.0,0.0,0.0,0.0,0.0,0.0,0.0,0.0,0.0,0.0,0.0,0.0,0.0,0.0,0.0,0.0,0.0,0.0,0.0,0.0,0.0,0.0,0.0,0.0,0.0,0.0,0.0,0.0,0.0,0.0,0.0,0.0,0.0,0.0,0.0,0.0,0.0,0.0
1142,1.0,1142.0,London_11,3years_LHD,1Lon_11,151,453,1092.0,70.0,2.0,180294.0,4.844173916615546,851.0,112.0,0.0,112.0,199.0,0.0,199.0,0.0,195.0,81.0,16.0,64.0,25.0,49.0,10.0,13.0,10.0,74.0,150.0,219.0,33.0,2.201005025125628,0.0,0.0,0.0,0.0,0.0,0.0,0.0,0.0,0.0,0.0,0.0,0.0,0.0,0.0,0.0,0.0,0.0,0.0,0.0,0.0,0.0,0.0,0.0,0.0,0.0,0.0,0.0,0.0,0.0,0.0,0.0,0.0,0.0,0.0,0.0,0.0,0.0,0.0,0.0,0.0,3.0,13.0,4.0,1.0,1.0,2.0,9.0,4.0,8.0,8.0,17.0,21.0,18.0,10.0,0.0,0.0,0.0,0.0,0.0,0.0,0.0,0.0,0.0,0.0,0.0,0.0,0.0,0.0,0.0,0.0,0.0,0.0,0.0,0.0,4.0,24.0,5.0,1.0,1.0,3.0,13.0,4.0,12.0,13.0,28.0,33.0,24.0,17.0
1143,1.0,1143.0,London_11,3years_LHD,1Lon_11,151,453,1092.0,70.0,2.0,166704.0,3.3151683676987886,821.0,61.0,2.0,59.0,117.0,19.0,98.0,199.0,197.0,72.0,16.0,56.0,35.0,59.0,7.0,11.0,10.0,78.0,155.0,210.0,39.0,2.3504273504273505,0.0,0.0,0.0,0.0,0.0,0.0,0.0,0.0,0.0,0.0,0.0,0.0,0.0,0.0,0.0,0.0,0.0,0.0,0.0,0.0,0.0,0.0,0.0,0.0,0.0,0.0,0.0,0.0,0.0,0.0,0.0,0.0,0.0,0.0,1.0,0.0,0.0,0.0,0.0,0.0,1.0,5.0,0.0,2.0,1.0,0.0,5.0,7.0,2.0,9.0,8.0,13.0,16.0,3.0,0.0,0.0,0.0,0.0,0.0,0.0,0.0,0.0,0.0,0.0,0.0,0.0,0.0,0.0,8.0,0.0,0.0,0.0,0.0,0.0,1.0,6.0,0.0,2.0,1.0,0.0,6.0,9.0,2.0,13.0,10.0,19.0,19.0,4.0
1144,1.0,1144.0,London_11,3years_LHD,1Lon_11,151,453,1092.0,70.0,2.0,183465.0,5.945403869263828,858.0,80.0,2.0,78.0,147.0,18.0,129.0,117.0,195.0,89.0,17.0,45.0,27.0,63.0,5.0,12.0,8.0,76.0,144.0,225.0,41.0,1.7122302158273381,0.0,0.0,0.0,0.0,0.0,0.0,0.0,0.0,0.0,1.0,0.0,0.0,1.0,0.0,0.0,0.0,0.0,0.0,1.0,0.0,0.0,0.0,0.0,0.0,0.0,0.0,0.0,0.0,0.0,0.0,0.0,0.0,0.0,0.0,0.0,0.0,0.0,0.0,0.0,0.0,4.0,1.0,0.0,0.0,5.0,0.0,8.0,5.0,3.0,7.0,11.0,23.0,14.0,5.0,0.0,0.0,0.0,0.0,0.0,0.0,0.0,0.0,0.0,0.0,0.0,0.0,0.0,0.0,0.0,0.0,0.0,0.0,0.0,0.0,4.0,1.0,0.0,0.0,5.0,0.0,10.0,7.0,3.0,10.0,14.0,35.0,16.0,7.0
1145,1.0,1145.0,London_11,3years_LHD,1Lon_11,151,453,1092.0,70.0,2.0,190260.0,4.132615506649017,873.0,172.0,0.0,172.0,278.0,0.0,278.0,139.0,205.0,99.0,15.0,40.0,23.0,54.0,4.0,13.0,7.0,76.0,143.0,227.0,44.0,3.568345323741007,0.0,0.0,0.0,0.0,0.0,0.0,0.0,0.0,0.0,0.0,0.0,0.0,0.0,0.0,0.0,0.0,0.0,0.0,0.0,0.0,0.0,0.0,0.0,0.0,0.0,0.0,0.0,0.0,0.0,0.0,0.0,0.0,0.0,0.0,0.0,0.0,0.0,0.0,0.0,0.0,0.0,14.0,0.0,0.0,5.0,2.0,10.0,5.0,3.0,3.0,26.0,44.0,20.0,14.0,0.0,0.0,0.0,0.0,0.0,0.0,0.0,0.0,0.0,0.0,0.0,0.0,0.0,0.0,0.0,0.0,0.0,0.0,0.0,0.0,0.0,19.0,0.0,0.0,5.0,5.0,12.0,8.0,3.0,4.0,34.0,60.0,24.0,23.0
1146,1.0,1146.0,London_11,3years_LHD,1Lon_11,151,453,1092.0,70.0,2.0,150396.0,3.817962539382279,785.0,47.0,1.0,46.0,90.0,9.0,81.0,278.0,156.0,92.0,18.0,88.0,26.0,58.0,5.0,10.0,9.0,87.0,145.0,212.0,49.0,1.1333333333333333,0.0,0.0,0.0,0.0,0.0,0.0,0.0,0.0,0.0,0.0,0.0,0.0,0.0,0.0,0.0,0.0,0.0,0.0,0.0,0.0,0.0,0.0,0.0,0.0,0.0,0.0,0.0,0.0,0.0,0.0,0.0,0.0,0.0,0.0,0.0,0.0,0.0,0.0,0.0,0.0,2.0,5.0,0.0,0.0,2.0,0.0,9.0,3.0,7.0,2.0,8.0,9.0,8.0,4.0,0.0,0.0,0.0,0.0,0.0,0.0,0.0,0.0,0.0,0.0,0.0,0.0,0.0,0.0,0.0,0.0,0.0,0.0,0.0,0.0,2.0,8.0,0.0,0.0,2.0,0.0,11.0,7.0,11.0,3.0,10.0,10.0,8.0,6.0
1147,1.0,1147.0,London_11,3years_LHD,1Lon_11,151,453,1092.0,70.0,2.0,176217.0,3.4796604700386524,842.0,128.0,2.0,126.0,231.0,17.0,214.0,90.0,160.0,76.0,25.0,96.0,25.0,56.0,3.0,12.0,8.0,95.0,144.0,206.0,54.0,1.5714285714285714,0.0,0.0,0.0,0.0,0.0,0.0,0.0,0.0,0.0,0.0,0.0,0.0,0.0,0.0,0.0,0.0,0.0,0.0,0.0,0.0,0.0,0.0,0.0,0.0,0.0,0.0,0.0,0.0,0.0,0.0,0.0,0.0,0.0,0.0,0.0,1.0,0.0,0.0,0.0,0.0,2.0,11.0,1.0,2.0,3.0,0.0,5.0,9.0,4.0,7.0,32.0,24.0,28.0,10.0,0.0,0.0,0.0,0.0,0.0,0.0,0.0,0.0,0.0,0.0,0.0,0.0,0.0,0.0,0.0,5.0,0.0,0.0,0.0,0.0,2.0,13.0,1.0,3.0,4.0,0.0,6.0,11.0,5.0,9.0,48.0,31.0,34.0,15.0
1148,1.0,1148.0,London_11,3years_LHD,1Lon_11,151,453,1092.0,70.0,2.0,155832.0,5.130738917738199,797.0,72.0,0.0,72.0,120.0,0.0,120.0,231.0,171.0,95.0,24.0,62.0,26.0,56.0,4.0,15.0,6.0,101.0,157.0,189.0,41.0,0.8583333333333333,0.0,0.0,0.0,0.0,0.0,0.0,0.0,0.0,0.0,0.0,0.0,0.0,0.0,0.0,0.0,0.0,0.0,0.0,0.0,0.0,0.0,0.0,0.0,0.0,0.0,0.0,0.0,0.0,0.0,0.0,0.0,0.0,0.0,0.0,0.0,0.0,0.0,0.0,0.0,0.0,3.0,3.0,0.0,1.0,7.0,0.0,4.0,4.0,0.0,6.0,12.0,17.0,8.0,6.0,0.0,0.0,0.0,0.0,0.0,0.0,0.0,0.0,0.0,0.0,0.0,0.0,0.0,0.0,0.0,0.0,0.0,0.0,0.0,0.0,5.0,4.0,0.0,1.0,7.0,0.0,6.0,5.0,0.0,7.0,20.0,24.0,9.0,8.0
1149,1.0,1149.0,London_11,3years_LHD,1Lon_11,151,453,1092.0,70.0,2.0,158550.0,5.320861904881895,803.0,124.0,2.0,122.0,233.0,17.0,216.0,120.0,177.0,87.0,23.0,50.0,29.0,71.0,4.0,12.0,10.0,99.0,152.0,192.0,43.0,1.905579399141631,0.0,0.0,0.0,0.0,0.0,0.0,0.0,0.0,0.0,0.0,0.0,0.0,0.0,0.0,0.0,0.0,0.0,0.0,0.0,0.0,0.0,0.0,0.0,0.0,0.0,0.0,0.0,0.0,0.0,0.0,0.0,0.0,1.0,0.0,1.0,1.0,0.0,0.0,0.0,0.0,1.0,2.0,0.0,2.0,8.0,0.0,8.0,7.0,2.0,32.0,25.0,25.0,21.0,7.0,0.0,0.0,0.0,0.0,0.0,0.0,0.0,0.0,0.0,0.0,0.0,0.0,5.0,0.0,5.0,3.0,0.0,0.0,0.0,0.0,1.0,2.0,0.0,4.0,8.0,0.0,13.0,11.0,3.0,47.0,37.0,39.0,25.0,11.0
1150,1.0,1150.0,London_11,3years_LHD,1Lon_11,151,453,1092.0,70.0,2.0,139524.0,5.321021566167474,761.0,45.0,0.0,45.0,81.0,0.0,81.0,233.0,184.0,74.0,22.0,67.0,34.0,53.0,1.0,18.0,5.0,92.0,137.0,219.0,39.0,1.2098765432098766,0.0,0.0,0.0,0.0,0.0,0.0,0.0,0.0,0.0,0.0,0.0,0.0,0.0,0.0,0.0,0.0,0.0,0.0,0.0,0.0,0.0,0.0,0.0,0.0,0.0,0.0,0.0,0.0,0.0,0.0,0.0,0.0,0.0,0.0,0.0,0.0,0.0,0.0,0.0,0.0,0.0,4.0,5.0,2.0,0.0,0.0,5.0,4.0,1.0,3.0,11.0,11.0,19.0,5.0,0.0,0.0,0.0,0.0,0.0,0.0,0.0,0.0,0.0,0.0,0.0,0.0,0.0,0.0,0.0,0.0,0.0,0.0,0.0,0.0,0.0,5.0,5.0,3.0,0.0,0.0,6.0,6.0,1.0,3.0,15.0,16.0,22.0,8.0
1151,1.0,1151.0,London_11,3years_LHD,1Lon_11,151,453,1092.0,70.0,2.0,148131.0,6.418129974044859,780.0,72.0,1.0,71.0,125.0,10.0,115.0,81.0,186.0,83.0,21.0,49.0,36.0,58.0,1.0,19.0,6.0,98.0,148.0,201.0,44.0,1.8048780487804879,0.0,0.0,0.0,0.0,0.0,0.0,0.0,0.0,0.0,1.0,0.0,0.0,0.0,0.0,0.0,0.0,0.0,1.0,1.0,0.0,0.0,0.0,0.0,0.0,0.0,0.0,0.0,0.0,0.0,0.0,0.0,0.0,0.0,0.0,0.0,0.0,1.0,0.0,0.0,0.0,3.0,5.0,1.0,0.0,1.0,0.0,11.0,3.0,4.0,10.0,13.0,13.0,10.0,6.0,0.0,0.0,0.0,0.0,0.0,0.0,0.0,0.0,0.0,0.0,0.0,0.0,0.0,0.0,0.0,0.0,7.0,0.0,0.0,0.0,5.0,6.0,1.0,0.0,1.0,0.0,14.0,4.0,5.0,13.0,16.0,17.0,13.0,8.0
1152,1.0,1152.0,London_11,3years_LHD,1Lon_11,151,453,1092.0,70.0,2.0,150396.0,5.072932567447424,785.0,130.0,0.0,130.0,221.0,0.0,221.0,123.0,188.0,76.0,28.0,49.0,37.0,57.0,1.0,17.0,6.0,106.0,137.0,204.0,23.0,2.167420814479638,0.0,0.0,0.0,0.0,0.0,0.0,0.0,0.0,0.0,0.0,0.0,0.0,0.0,0.0,0.0,0.0,0.0,0.0,0.0,0.0,0.0,0.0,0.0,0.0,0.0,0.0,0.0,0.0,0.0,0.0,0.0,0.0,0.0,0.0,0.0,0.0,0.0,0.0,0.0,0.0,0.0,10.0,0.0,2.0,0.0,1.0,10.0,14.0,2.0,11.0,29.0,20.0,16.0,4.0,0.0,0.0,0.0,0.0,0.0,0.0,0.0,0.0,0.0,0.0,0.0,0.0,0.0,0.0,0.0,0.0,0.0,0.0,0.0,0.0,0.0,14.0,0.0,2.0,0.0,2.0,12.0,17.0,3.0,13.0,47.0,27.0,24.0,6.0
1153,1.0,1153.0,London_11,3years_LHD,1Lon_11,151,453,1092.0,70.0,2.0,127293.0,1.7662529814988375,734.0,32.0,2.0,30.0,68.0,20.0,48.0,221.0,181.0,77.0,14.0,67.0,36.0,68.0,1.0,9.0,9.0,84.0,141.0,219.0,35.0,1.9558823529411764,0.0,0.0,0.0,0.0,0.0,0.0,0.0,0.0,0.0,0.0,0.0,0.0,0.0,0.0,0.0,0.0,0.0,0.0,0.0,0.0,0.0,0.0,0.0,0.0,0.0,0.0,0.0,0.0,0.0,0.0,0.0,0.0,1.0,0.0,0.0,0.0,1.0,0.0,0.0,0.0,1.0,0.0,2.0,2.0,0.0,0.0,3.0,1.0,1.0,4.0,5.0,8.0,6.0,6.0,0.0,0.0,0.0,0.0,0.0,0.0,0.0,0.0,0.0,0.0,0.0,0.0,9.0,0.0,0.0,0.0,10.0,0.0,0.0,0.0,1.0,0.0,2.0,3.0,0.0,0.0,3.0,1.0,1.0,4.0,7.0,12.0,8.0,7.0
1154,1.0,1154.0,London_11,3years_LHD,1Lon_11,151,453,1092.0,70.0,2.0,145413.0,3.304594381712377,774.0,118.0,2.0,116.0,214.0,16.0,198.0,68.0,182.0,83.0,7.0,69.0,33.0,67.0,3.0,9.0,9.0,79.0,141.0,224.0,43.0,2.191588785046729,0.0,0.0,0.0,0.0,0.0,0.0,0.0,0.0,0.0,0.0,0.0,0.0,0.0,0.0,0.0,0.0,0.0,0.0,0.0,0.0,0.0,0.0,0.0,0.0,0.0,0.0,0.0,0.0,0.0,0.0,0.0,0.0,1.0,0.0,0.0,1.0,0.0,0.0,0.0,0.0,1.0,7.0,0.0,2.0,3.0,1.0,17.0,8.0,6.0,5.0,15.0,21.0,16.0,11.0,0.0,0.0,0.0,0.0,0.0,0.0,0.0,0.0,0.0,0.0,0.0,0.0,6.0,0.0,0.0,6.0,0.0,0.0,0.0,0.0,2.0,9.0,0.0,3.0,3.0,2.0,23.0,8.0,9.0,9.0,19.0,37.0,21.0,18.0
1155,1.0,1155.0,London_11,3years_LHD,1Lon_11,151,453,1092.0,70.0,2.0,133182.0,2.654060445725918,747.0,0.0,0.0,0.0,0.0,0.0,0.0,214.0,187.0,84.0,13.0,70.0,30.0,63.0,3.0,3.0,5.0,89.0,131.0,228.0,32.0,0.0,0.0,0.0,0.0,0.0,0.0,0.0,0.0,0.0,0.0,0.0,0.0,0.0,0.0,0.0,0.0,0.0,0.0,0.0,0.0,0.0,0.0,0.0,0.0,0.0,0.0,0.0,0.0,0.0,0.0,0.0,0.0,0.0,0.0,0.0,0.0,0.0,0.0,0.0,0.0,0.0,0.0,0.0,0.0,0.0,0.0,0.0,0.0,0.0,0.0,0.0,0.0,0.0,0.0,0.0,0.0,0.0,0.0,0.0,0.0,0.0,0.0,0.0,0.0,0.0,0.0,0.0,0.0,0.0,0.0,0.0,0.0,0.0,0.0,0.0,0.0,0.0,0.0,0.0,0.0,0.0,0.0,0.0,0.0,0.0,0.0,0.0,0.0,0.0
1156,1.0,1156.0,London_11,3years_LHD,1Lon_11,151,453,1092.0,70.0,2.0,166704.0,3.5711826533079147,821.0,110.0,0.0,110.0,200.0,0.0,200.0,0.0,187.0,84.0,13.0,70.0,30.0,63.0,3.0,3.0,5.0,89.0,131.0,228.0,32.0,2.31,0.0,0.0,0.0,0.0,0.0,0.0,0.0,0.0,0.0,0.0,0.0,0.0,0.0,0.0,0.0,0.0,0.0,0.0,0.0,0.0,0.0,0.0,0.0,0.0,0.0,0.0,0.0,0.0,0.0,0.0,0.0,0.0,0.0,0.0,0.0,0.0,0.0,0.0,0.0,0.0,5.0,11.0,1.0,2.0,0.0,0.0,21.0,5.0,6.0,13.0,29.0,23.0,28.0,9.0,0.0,0.0,0.0,0.0,0.0,0.0,0.0,0.0,0.0,0.0,0.0,0.0,0.0,0.0,0.0,0.0,0.0,0.0,0.0,0.0,5.0,16.0,1.0,3.0,0.0,0.0,27.0,9.0,9.0,19.0,43.0,34.0,35.0,13.0
1157,1.0,1157.0,London_11,3years_LHD,1Lon_11,151,453,1092.0,70.0,2.0,151302.0,5.001734420657158,787.0,61.0,2.0,59.0,115.0,17.0,98.0,200.0,208.0,74.0,5.0,60.0,24.0,71.0,4.0,7.0,7.0,81.0,153.0,212.0,28.0,1.173913043478261,0.0,0.0,0.0,0.0,0.0,0.0,0.0,0.0,0.0,0.0,0.0,0.0,0.0,0.0,0.0,0.0,0.0,0.0,0.0,0.0,0.0,0.0,0.0,0.0,0.0,0.0,0.0,0.0,0.0,0.0,0.0,0.0,0.0,0.0,0.0,1.0,0.0,0.0,0.0,0.0,6.0,1.0,1.0,2.0,1.0,0.0,4.0,3.0,5.0,2.0,7.0,11.0,10.0,9.0,0.0,0.0,0.0,0.0,0.0,0.0,0.0,0.0,0.0,0.0,0.0,0.0,0.0,0.0,0.0,3.0,0.0,0.0,0.0,0.0,8.0,1.0,2.0,2.0,1.0,0.0,6.0,7.0,5.0,4.0,7.0,17.0,12.0,16.0
1158,1.0,1158.0,London_11,3years_LHD,1Lon_11,151,453,1092.0,70.0,2.0,154020.0,5.185243004001677,793.0,80.0,2.0,78.0,148.0,18.0,130.0,115.0,215.0,81.0,7.0,40.0,24.0,77.0,5.0,4.0,8.0,78.0,139.0,228.0,35.0,2.054054054054054,0.0,0.0,0.0,0.0,0.0,0.0,0.0,0.0,0.0,0.0,0.0,0.0,0.0,0.0,0.0,0.0,0.0,0.0,0.0,0.0,0.0,0.0,0.0,0.0,0.0,0.0,0.0,0.0,0.0,1.0,0.0,0.0,2.0,0.0,0.0,1.0,0.0,0.0,0.0,0.0,4.0,3.0,1.0,1.0,0.0,0.0,16.0,5.0,9.0,3.0,15.0,15.0,18.0,1.0,0.0,0.0,0.0,0.0,0.0,0.0,0.0,0.0,0.0,7.0,0.0,0.0,13.0,0.0,0.0,6.0,0.0,0.0,0.0,0.0,6.0,3.0,1.0,1.0,0.0,0.0,22.0,5.0,10.0,4.0,23.0,27.0,23.0,1.0
1159,1.0,1159.0,London_11,3years_LHD,1Lon_11,151,453,1092.0,70.0,2.0,137259.0,4.767790294252336,756.0,155.0,0.0,155.0,279.0,0.0,279.0,148.0,216.0,73.0,10.0,43.0,30.0,74.0,2.0,5.0,6.0,85.0,140.0,222.0,25.0,3.673835125448029,0.0,0.0,0.0,0.0,0.0,0.0,0.0,0.0,0.0,0.0,0.0,0.0,0.0,0.0,0.0,0.0,0.0,0.0,0.0,0.0,0.0,0.0,0.0,0.0,0.0,0.0,0.0,0.0,0.0,0.0,0.0,0.0,0.0,0.0,0.0,0.0,0.0,0.0,0.0,0.0,6.0,10.0,0.0,5.0,0.0,0.0,20.0,4.0,1.0,7.0,30.0,38.0,28.0,9.0,0.0,0.0,0.0,0.0,0.0,0.0,0.0,0.0,0.0,0.0,0.0,0.0,0.0,0.0,0.0,0.0,0.0,0.0,0.0,0.0,7.0,11.0,0.0,7.0,0.0,0.0,26.0,4.0,2.0,10.0,44.0,64.0,35.0,11.0
1160,1.0,1160.0,London_11,3years_LHD,1Lon_11,151,453,1092.0,70.0,2.0,78369.0,0.5379270175471902,626.0,49.0,0.0,49.0,78.0,0.0,78.0,279.0,129.0,120.0,22.0,71.0,27.0,81.0,1.0,2.0,10.0,79.0,150.0,214.0,53.0,1.1666666666666667,0.0,0.0,0.0,0.0,0.0,0.0,0.0,0.0,0.0,0.0,0.0,0.0,0.0,0.0,0.0,0.0,0.0,0.0,0.0,0.0,0.0,0.0,0.0,0.0,0.0,0.0,0.0,0.0,0.0,0.0,0.0,0.0,0.0,0.0,0.0,0.0,0.0,0.0,0.0,0.0,2.0,2.0,0.0,0.0,1.0,0.0,5.0,3.0,5.0,6.0,8.0,9.0,12.0,5.0,0.0,0.0,0.0,0.0,0.0,0.0,0.0,0.0,0.0,0.0,0.0,0.0,0.0,0.0,0.0,0.0,0.0,0.0,0.0,0.0,2.0,2.0,0.0,0.0,1.0,0.0,8.0,3.0,7.0,6.0,11.0,12.0,15.0,11.0
1161,1.0,1161.0,London_11,3years_LHD,1Lon_11,151,453,1092.0,70.0,2.0,63420.0,0.3473020438104868,593.0,134.0,2.0,132.0,236.0,22.0,214.0,78.0,135.0,113.0,25.0,69.0,27.0,79.0,1.0,4.0,10.0,83.0,154.0,206.0,58.0,1.6779661016949152,0.0,0.0,0.0,0.0,0.0,0.0,0.0,0.0,0.0,0.0,0.0,0.0,0.0,0.0,0.0,0.0,0.0,0.0,0.0,0.0,0.0,0.0,0.0,0.0,0.0,0.0,0.0,0.0,0.0,0.0,0.0,0.0,0.0,0.0,0.0,1.0,0.0,0.0,0.0,0.0,7.0,3.0,0.0,3.0,8.0,0.0,10.0,16.0,11.0,17.0,26.0,26.0,14.0,9.0,0.0,0.0,0.0,0.0,0.0,0.0,0.0,0.0,0.0,0.0,0.0,0.0,0.0,0.0,0.0,7.0,0.0,0.0,0.0,0.0,7.0,3.0,0.0,5.0,8.0,0.0,15.0,24.0,15.0,24.0,39.0,35.0,20.0,12.0
