,logged,day,location,model name,avg daily demand,inventory size,test days,init days,gurobi status,nvars,calc time,ncons,num patients,num SCD patients,num Other patients,num units requested,num units requested SCD,num units requested Other,num supplied products,num O- in inventory,num O+ in inventory,num A- in inventory,num A+ in inventory,num B- in inventory,num B+ in inventory,num AB- in inventory,num AB+ in inventory,num Fya-Fyb- in inventory,num Fya+Fyb- in inventory,num Fya-Fyb+ in inventory,num Fya+Fyb+ in inventory,num R0 in inventory,num outdates,num outdates O-,num outdates O+,num outdates A-,num outdates A+,num outdates B-,num outdates B+,num outdates AB-,num outdates AB+,num shortages,num shortages O-,num shortages O+,num shortages A-,num shortages A+,num shortages B-,num shortages B+,num shortages AB-,num shortages AB+,num shortages SCD,num shortages Other,num mismatched patients SCD A,num mismatched patients SCD B,num mismatched patients SCD D,num mismatched patients SCD C,num mismatched patients SCD c,num mismatched patients SCD E,num mismatched patients SCD e,num mismatched patients SCD K,num mismatched patients SCD k,num mismatched patients SCD Fya,num mismatched patients SCD Fyb,num mismatched patients SCD Jka,num mismatched patients SCD Jkb,num mismatched patients SCD M,num mismatched patients SCD N,num mismatched patients SCD S,num mismatched patients SCD s,num mismatched patients Other A,num mismatched patients Other B,num mismatched patients Other D,num mismatched patients Other C,num mismatched patients Other c,num mismatched patients Other E,num mismatched patients Other e,num mismatched patients Other K,num mismatched patients Other k,num mismatched patients Other Fya,num mismatched patients Other Fyb,num mismatched patients Other Jka,num mismatched patients Other Jkb,num mismatched patients Other M,num mismatched patients Other N,num mismatched patients Other S,num mismatched patients Other s,num mismatched units SCD A,num mismatched units SCD B,num mismatched units SCD D,num mismatched units SCD C,num mismatched units SCD c,num mismatched units SCD E,num mismatched units SCD e,num mismatched units SCD K,num mismatched units SCD k,num mismatched units SCD Fya,num mismatched units SCD Fyb,num mismatched units SCD Jka,num mismatched units SCD Jkb,num mismatched units SCD M,num mismatched units SCD N,num mismatched units SCD S,num mismatched units SCD s,num mismatched units Other A,num mismatched units Other B,num mismatched units Other D,num mismatched units Other C,num mismatched units Other c,num mismatched units Other E,num mismatched units Other e,num mismatched units Other K,num mismatched units Other k,num mismatched units Other Fya,num mismatched units Other Fyb,num mismatched units Other Jka,num mismatched units Other Jkb,num mismatched units Other M,num mismatched units Other N,num mismatched units Other S,num mismatched units Other s
0,1.0,0.0,London_170,,151,453,1092.0,70.0,2.0,162627.0,0.5663879737257957,812.0,121.0,0.0,121.0,218.0,0.0,218.0,453.0,59.0,165.0,40.0,116.0,12.0,51.0,4.0,6.0,10.0,78.0,152.0,213.0,56.0,0.0,0.0,0.0,0.0,0.0,0.0,0.0,0.0,0.0,0.0,0.0,0.0,0.0,0.0,0.0,0.0,0.0,0.0,0.0,0.0,0.0,0.0,0.0,0.0,0.0,0.0,0.0,0.0,0.0,0.0,0.0,0.0,0.0,0.0,0.0,0.0,0.0,0.0,0.0,0.0,2.0,3.0,0.0,3.0,0.0,0.0,6.0,8.0,2.0,8.0,31.0,32.0,24.0,9.0,0.0,0.0,0.0,0.0,0.0,0.0,0.0,0.0,0.0,0.0,0.0,0.0,0.0,0.0,0.0,0.0,0.0,0.0,0.0,0.0,2.0,4.0,0.0,5.0,0.0,0.0,10.0,9.0,3.0,11.0,55.0,47.0,36.0,13.0
1,1.0,1.0,London_170,,151,453,1092.0,70.0,2.0,143148.0,0.6364985271357,769.0,159.0,1.0,158.0,287.0,9.0,278.0,218.0,67.0,163.0,34.0,118.0,11.0,55.0,0.0,5.0,10.0,77.0,171.0,195.0,78.0,0.0,0.0,0.0,0.0,0.0,0.0,0.0,0.0,0.0,0.0,0.0,0.0,0.0,0.0,0.0,0.0,0.0,0.0,0.0,0.0,0.0,0.0,0.0,0.0,0.0,0.0,0.0,0.0,0.0,1.0,0.0,0.0,1.0,1.0,0.0,1.0,0.0,0.0,0.0,0.0,3.0,6.0,0.0,3.0,0.0,0.0,9.0,7.0,4.0,14.0,27.0,36.0,28.0,9.0,0.0,0.0,0.0,0.0,0.0,0.0,0.0,0.0,0.0,3.0,0.0,0.0,6.0,9.0,0.0,7.0,0.0,0.0,0.0,0.0,3.0,6.0,0.0,4.0,0.0,0.0,12.0,9.0,4.0,19.0,44.0,58.0,35.0,17.0
2,1.0,2.0,London_170,,151,453,1092.0,70.0,2.0,110985.0,1.187231959309429,698.0,34.0,2.0,32.0,81.0,18.0,63.0,287.0,95.0,175.0,33.0,70.0,17.0,59.0,0.0,4.0,12.0,101.0,146.0,194.0,77.0,0.0,0.0,0.0,0.0,0.0,0.0,0.0,0.0,0.0,0.0,0.0,0.0,0.0,0.0,0.0,0.0,0.0,0.0,0.0,0.0,0.0,0.0,0.0,0.0,0.0,0.0,0.0,0.0,0.0,1.0,0.0,0.0,0.0,1.0,0.0,1.0,0.0,0.0,0.0,0.0,1.0,2.0,0.0,0.0,0.0,0.0,6.0,1.0,1.0,1.0,10.0,12.0,8.0,4.0,0.0,0.0,0.0,0.0,0.0,0.0,0.0,0.0,0.0,3.0,0.0,0.0,0.0,6.0,0.0,5.0,0.0,0.0,0.0,0.0,1.0,2.0,0.0,0.0,0.0,0.0,9.0,1.0,1.0,1.0,17.0,18.0,10.0,8.0
3,1.0,3.0,London_170,,151,453,1092.0,70.0,2.0,127293.0,0.6038194498978555,734.0,26.0,0.0,26.0,42.0,0.0,42.0,81.0,105.0,184.0,35.0,51.0,14.0,59.0,0.0,5.0,10.0,94.0,151.0,198.0,72.0,0.0,0.0,0.0,0.0,0.0,0.0,0.0,0.0,0.0,0.0,0.0,0.0,0.0,0.0,0.0,0.0,0.0,0.0,0.0,0.0,0.0,0.0,0.0,0.0,0.0,0.0,0.0,0.0,0.0,0.0,0.0,0.0,0.0,0.0,0.0,0.0,0.0,0.0,0.0,0.0,1.0,0.0,0.0,1.0,0.0,0.0,0.0,3.0,2.0,6.0,6.0,3.0,8.0,3.0,0.0,0.0,0.0,0.0,0.0,0.0,0.0,0.0,0.0,0.0,0.0,0.0,0.0,0.0,0.0,0.0,0.0,0.0,0.0,0.0,1.0,0.0,0.0,1.0,0.0,0.0,0.0,3.0,2.0,8.0,9.0,4.0,11.0,5.0
4,1.0,4.0,London_170,,151,453,1092.0,70.0,2.0,143148.0,0.712831664364785,769.0,79.0,2.0,77.0,146.0,19.0,127.0,42.0,106.0,194.0,35.0,40.0,13.0,59.0,0.0,6.0,10.0,92.0,147.0,204.0,73.0,0.0,0.0,0.0,0.0,0.0,0.0,0.0,0.0,0.0,0.0,0.0,0.0,0.0,0.0,0.0,0.0,0.0,0.0,0.0,0.0,0.0,0.0,0.0,0.0,0.0,0.0,0.0,0.0,0.0,1.0,0.0,0.0,0.0,0.0,1.0,1.0,0.0,0.0,0.0,0.0,0.0,4.0,1.0,2.0,5.0,0.0,4.0,3.0,2.0,10.0,15.0,18.0,16.0,8.0,0.0,0.0,0.0,0.0,0.0,0.0,0.0,0.0,0.0,9.0,0.0,0.0,0.0,0.0,6.0,7.0,0.0,0.0,0.0,0.0,0.0,4.0,1.0,2.0,5.0,0.0,6.0,4.0,2.0,12.0,28.0,28.0,24.0,12.0
5,1.0,5.0,London_170,,151,453,1092.0,70.0,2.0,137712.0,0.6480345036834478,757.0,49.0,0.0,49.0,77.0,0.0,77.0,146.0,110.0,194.0,35.0,40.0,8.0,61.0,0.0,5.0,10.0,95.0,147.0,201.0,62.0,0.0,0.0,0.0,0.0,0.0,0.0,0.0,0.0,0.0,0.0,0.0,0.0,0.0,0.0,0.0,0.0,0.0,0.0,0.0,0.0,0.0,0.0,0.0,0.0,0.0,0.0,0.0,0.0,0.0,0.0,0.0,0.0,0.0,0.0,0.0,0.0,0.0,0.0,0.0,0.0,2.0,0.0,0.0,1.0,0.0,1.0,8.0,1.0,1.0,6.0,11.0,9.0,15.0,5.0,0.0,0.0,0.0,0.0,0.0,0.0,0.0,0.0,0.0,0.0,0.0,0.0,0.0,0.0,0.0,0.0,0.0,0.0,0.0,0.0,2.0,0.0,0.0,1.0,0.0,1.0,10.0,1.0,1.0,9.0,16.0,13.0,16.0,5.0
6,1.0,6.0,London_170,,151,453,1092.0,70.0,2.0,162627.0,1.0362369930371642,812.0,116.0,2.0,114.0,210.0,15.0,195.0,77.0,115.0,193.0,34.0,37.0,8.0,61.0,0.0,5.0,13.0,91.0,156.0,193.0,71.0,0.0,0.0,0.0,0.0,0.0,0.0,0.0,0.0,0.0,0.0,0.0,0.0,0.0,0.0,0.0,0.0,0.0,0.0,0.0,0.0,0.0,0.0,0.0,0.0,0.0,0.0,0.0,0.0,0.0,1.0,0.0,0.0,2.0,0.0,1.0,2.0,0.0,0.0,0.0,0.0,1.0,5.0,1.0,3.0,8.0,0.0,3.0,3.0,7.0,6.0,23.0,28.0,23.0,9.0,0.0,0.0,0.0,0.0,0.0,0.0,0.0,0.0,0.0,3.0,0.0,0.0,4.0,0.0,5.0,6.0,0.0,0.0,0.0,0.0,1.0,10.0,2.0,4.0,9.0,0.0,4.0,3.0,8.0,6.0,37.0,40.0,27.0,11.0
7,1.0,7.0,London_170,,151,453,1092.0,70.0,2.0,149037.0,0.8789756009355187,782.0,58.0,1.0,57.0,106.0,9.0,97.0,210.0,108.0,210.0,14.0,52.0,4.0,60.0,3.0,2.0,8.0,78.0,159.0,208.0,89.0,0.0,0.0,0.0,0.0,0.0,0.0,0.0,0.0,0.0,0.0,0.0,0.0,0.0,0.0,0.0,0.0,0.0,0.0,0.0,0.0,0.0,0.0,0.0,0.0,0.0,0.0,0.0,0.0,0.0,0.0,0.0,0.0,1.0,0.0,0.0,1.0,0.0,0.0,0.0,0.0,2.0,1.0,0.0,1.0,0.0,0.0,5.0,3.0,4.0,1.0,8.0,12.0,17.0,6.0,0.0,0.0,0.0,0.0,0.0,0.0,0.0,0.0,0.0,0.0,0.0,0.0,2.0,0.0,0.0,3.0,0.0,0.0,0.0,0.0,3.0,2.0,0.0,1.0,0.0,0.0,6.0,4.0,6.0,1.0,12.0,18.0,20.0,6.0
8,1.0,8.0,London_170,,151,453,1092.0,70.0,2.0,156738.0,0.9586952365934849,799.0,125.0,1.0,124.0,229.0,9.0,220.0,106.0,115.0,193.0,22.0,55.0,6.0,61.0,0.0,1.0,9.0,81.0,154.0,209.0,88.0,0.0,0.0,0.0,0.0,0.0,0.0,0.0,0.0,0.0,0.0,0.0,0.0,0.0,0.0,0.0,0.0,0.0,0.0,0.0,0.0,0.0,0.0,0.0,0.0,0.0,0.0,0.0,0.0,0.0,1.0,0.0,0.0,1.0,0.0,0.0,0.0,0.0,0.0,0.0,0.0,1.0,12.0,0.0,1.0,4.0,0.0,13.0,6.0,4.0,8.0,26.0,35.0,36.0,11.0,0.0,0.0,0.0,0.0,0.0,0.0,0.0,0.0,0.0,4.0,0.0,0.0,4.0,0.0,0.0,0.0,0.0,0.0,0.0,0.0,1.0,16.0,0.0,1.0,4.0,0.0,21.0,6.0,4.0,11.0,45.0,52.0,48.0,14.0
9,1.0,9.0,London_170,,151,453,1092.0,70.0,2.0,132276.0,0.8948866361752152,745.0,67.0,1.0,66.0,122.0,8.0,114.0,229.0,128.0,188.0,14.0,70.0,5.0,42.0,2.0,4.0,14.0,74.0,159.0,206.0,88.0,0.0,0.0,0.0,0.0,0.0,0.0,0.0,0.0,0.0,0.0,0.0,0.0,0.0,0.0,0.0,0.0,0.0,0.0,0.0,0.0,0.0,0.0,0.0,0.0,0.0,0.0,0.0,0.0,0.0,0.0,0.0,0.0,0.0,0.0,0.0,0.0,0.0,0.0,0.0,0.0,1.0,0.0,0.0,1.0,0.0,0.0,10.0,5.0,2.0,2.0,13.0,13.0,12.0,7.0,0.0,0.0,0.0,0.0,0.0,0.0,0.0,0.0,0.0,0.0,0.0,0.0,0.0,0.0,0.0,0.0,0.0,0.0,0.0,0.0,1.0,0.0,0.0,1.0,0.0,0.0,14.0,7.0,4.0,3.0,18.0,18.0,16.0,15.0
10,1.0,10.0,London_170,,151,453,1092.0,70.0,2.0,134088.0,1.1696728821843863,749.0,5.0,0.0,5.0,8.0,0.0,8.0,122.0,131.0,181.0,16.0,70.0,1.0,47.0,2.0,5.0,11.0,79.0,156.0,207.0,92.0,0.0,0.0,0.0,0.0,0.0,0.0,0.0,0.0,0.0,0.0,0.0,0.0,0.0,0.0,0.0,0.0,0.0,0.0,0.0,0.0,0.0,0.0,0.0,0.0,0.0,0.0,0.0,0.0,0.0,0.0,0.0,0.0,0.0,0.0,0.0,0.0,0.0,0.0,0.0,0.0,2.0,0.0,0.0,1.0,0.0,0.0,0.0,0.0,0.0,0.0,0.0,1.0,1.0,0.0,0.0,0.0,0.0,0.0,0.0,0.0,0.0,0.0,0.0,0.0,0.0,0.0,0.0,0.0,0.0,0.0,0.0,0.0,0.0,0.0,2.0,0.0,0.0,1.0,0.0,0.0,0.0,0.0,0.0,0.0,0.0,2.0,1.0,0.0
11,1.0,11.0,London_170,,151,453,1092.0,70.0,2.0,165798.0,0.9859575070440769,819.0,124.0,0.0,124.0,212.0,0.0,212.0,8.0,131.0,178.0,17.0,72.0,1.0,47.0,2.0,5.0,11.0,81.0,157.0,204.0,94.0,0.0,0.0,0.0,0.0,0.0,0.0,0.0,0.0,0.0,0.0,0.0,0.0,0.0,0.0,0.0,0.0,0.0,0.0,0.0,0.0,0.0,0.0,0.0,0.0,0.0,0.0,0.0,0.0,0.0,0.0,0.0,0.0,0.0,0.0,0.0,0.0,0.0,0.0,0.0,0.0,6.0,2.0,0.0,4.0,3.0,0.0,9.0,4.0,12.0,9.0,32.0,24.0,22.0,7.0,0.0,0.0,0.0,0.0,0.0,0.0,0.0,0.0,0.0,0.0,0.0,0.0,0.0,0.0,0.0,0.0,0.0,0.0,0.0,0.0,9.0,4.0,0.0,7.0,3.0,0.0,16.0,5.0,16.0,15.0,48.0,36.0,30.0,10.0
12,1.0,12.0,London_170,,151,453,1092.0,70.0,2.0,145866.0,1.0245595718733966,775.0,175.0,2.0,173.0,317.0,16.0,301.0,212.0,147.0,177.0,10.0,59.0,2.0,51.0,2.0,5.0,11.0,76.0,147.0,219.0,97.0,0.0,0.0,0.0,0.0,0.0,0.0,0.0,0.0,0.0,0.0,0.0,0.0,0.0,0.0,0.0,0.0,0.0,0.0,0.0,0.0,0.0,0.0,0.0,0.0,0.0,0.0,0.0,0.0,0.0,0.0,0.0,0.0,0.0,0.0,1.0,0.0,0.0,0.0,0.0,0.0,0.0,10.0,0.0,1.0,7.0,0.0,16.0,8.0,4.0,9.0,29.0,40.0,30.0,9.0,0.0,0.0,0.0,0.0,0.0,0.0,0.0,0.0,0.0,0.0,0.0,0.0,0.0,0.0,6.0,0.0,0.0,0.0,0.0,0.0,0.0,15.0,0.0,2.0,7.0,0.0,24.0,11.0,4.0,10.0,46.0,59.0,43.0,15.0
13,1.0,13.0,London_170,,151,453,1092.0,70.0,2.0,96942.0,0.8871494238264859,667.0,32.0,2.0,30.0,67.0,20.0,47.0,317.0,148.0,122.0,18.0,96.0,12.0,43.0,4.0,10.0,10.0,76.0,142.0,225.0,43.0,0.0,0.0,0.0,0.0,0.0,0.0,0.0,0.0,0.0,0.0,0.0,0.0,0.0,0.0,0.0,0.0,0.0,0.0,0.0,0.0,0.0,0.0,0.0,0.0,0.0,0.0,0.0,0.0,0.0,2.0,0.0,0.0,2.0,0.0,0.0,1.0,1.0,0.0,0.0,0.0,1.0,1.0,0.0,1.0,1.0,0.0,5.0,3.0,2.0,1.0,4.0,6.0,6.0,0.0,0.0,0.0,0.0,0.0,0.0,0.0,0.0,0.0,0.0,12.0,0.0,0.0,12.0,0.0,0.0,4.0,9.0,0.0,0.0,0.0,1.0,1.0,0.0,2.0,2.0,0.0,7.0,3.0,2.0,1.0,5.0,9.0,7.0,0.0
14,1.0,14.0,London_170,,151,453,1092.0,70.0,2.0,118686.0,0.6385678937658668,715.0,6.0,2.0,4.0,21.0,15.0,6.0,67.0,156.0,136.0,18.0,99.0,2.0,32.0,2.0,8.0,8.0,84.0,137.0,224.0,39.0,0.0,0.0,0.0,0.0,0.0,0.0,0.0,0.0,0.0,0.0,0.0,0.0,0.0,0.0,0.0,0.0,0.0,0.0,0.0,0.0,0.0,0.0,0.0,0.0,0.0,0.0,0.0,0.0,0.0,0.0,1.0,0.0,1.0,0.0,1.0,2.0,0.0,0.0,0.0,0.0,0.0,0.0,0.0,0.0,0.0,0.0,1.0,1.0,0.0,0.0,1.0,0.0,1.0,0.0,0.0,0.0,0.0,0.0,0.0,0.0,0.0,0.0,0.0,0.0,1.0,0.0,2.0,0.0,3.0,3.0,0.0,0.0,0.0,0.0,0.0,0.0,0.0,0.0,0.0,0.0,1.0,1.0,0.0,0.0,2.0,0.0,1.0,0.0
15,1.0,15.0,London_170,,151,453,1092.0,70.0,2.0,149490.0,0.8817218369804323,783.0,71.0,2.0,69.0,146.0,18.0,128.0,21.0,150.0,133.0,19.0,105.0,2.0,34.0,2.0,8.0,4.0,82.0,136.0,231.0,32.0,0.0,0.0,0.0,0.0,0.0,0.0,0.0,0.0,0.0,0.0,0.0,0.0,0.0,0.0,0.0,0.0,0.0,0.0,0.0,0.0,0.0,0.0,0.0,0.0,0.0,0.0,0.0,0.0,0.0,0.0,0.0,0.0,1.0,0.0,2.0,0.0,0.0,0.0,0.0,0.0,4.0,5.0,2.0,0.0,1.0,1.0,8.0,4.0,2.0,5.0,11.0,17.0,8.0,10.0,0.0,0.0,0.0,0.0,0.0,0.0,0.0,0.0,0.0,0.0,0.0,0.0,5.0,0.0,13.0,0.0,0.0,0.0,0.0,0.0,6.0,10.0,2.0,0.0,1.0,1.0,14.0,5.0,2.0,7.0,15.0,27.0,8.0,18.0
16,1.0,16.0,London_170,,151,453,1092.0,70.0,2.0,153567.0,0.6717796763405204,792.0,91.0,0.0,91.0,165.0,0.0,165.0,146.0,136.0,153.0,16.0,94.0,6.0,42.0,3.0,3.0,4.0,82.0,133.0,234.0,31.0,0.0,0.0,0.0,0.0,0.0,0.0,0.0,0.0,0.0,0.0,0.0,0.0,0.0,0.0,0.0,0.0,0.0,0.0,0.0,0.0,0.0,0.0,0.0,0.0,0.0,0.0,0.0,0.0,0.0,0.0,0.0,0.0,0.0,0.0,0.0,0.0,0.0,0.0,0.0,0.0,1.0,1.0,0.0,1.0,1.0,0.0,6.0,8.0,6.0,12.0,21.0,19.0,21.0,7.0,0.0,0.0,0.0,0.0,0.0,0.0,0.0,0.0,0.0,0.0,0.0,0.0,0.0,0.0,0.0,0.0,0.0,0.0,0.0,0.0,2.0,2.0,0.0,1.0,1.0,0.0,6.0,10.0,8.0,18.0,36.0,28.0,29.0,16.0
17,1.0,17.0,London_170,,151,453,1092.0,70.0,2.0,162174.0,0.8325994010083377,811.0,70.0,0.0,70.0,128.0,0.0,128.0,165.0,156.0,150.0,12.0,87.0,10.0,35.0,0.0,3.0,3.0,80.0,135.0,235.0,29.0,0.0,0.0,0.0,0.0,0.0,0.0,0.0,0.0,0.0,0.0,0.0,0.0,0.0,0.0,0.0,0.0,0.0,0.0,0.0,0.0,0.0,0.0,0.0,0.0,0.0,0.0,0.0,0.0,0.0,0.0,0.0,0.0,0.0,0.0,0.0,0.0,0.0,0.0,0.0,0.0,5.0,2.0,0.0,2.0,2.0,0.0,9.0,6.0,6.0,7.0,14.0,18.0,7.0,7.0,0.0,0.0,0.0,0.0,0.0,0.0,0.0,0.0,0.0,0.0,0.0,0.0,0.0,0.0,0.0,0.0,0.0,0.0,0.0,0.0,5.0,2.0,0.0,3.0,2.0,0.0,12.0,7.0,10.0,12.0,22.0,27.0,8.0,12.0
18,1.0,18.0,London_170,,151,453,1092.0,70.0,2.0,171234.0,1.4490124792791903,831.0,120.0,1.0,119.0,221.0,10.0,211.0,128.0,161.0,141.0,18.0,82.0,5.0,38.0,1.0,7.0,6.0,79.0,134.0,234.0,35.0,0.0,0.0,0.0,0.0,0.0,0.0,0.0,0.0,0.0,0.0,0.0,0.0,0.0,0.0,0.0,0.0,0.0,0.0,0.0,0.0,0.0,0.0,0.0,0.0,0.0,0.0,0.0,0.0,0.0,0.0,0.0,0.0,1.0,0.0,1.0,0.0,0.0,0.0,0.0,0.0,4.0,9.0,0.0,3.0,4.0,0.0,15.0,5.0,12.0,11.0,23.0,26.0,14.0,6.0,0.0,0.0,0.0,0.0,0.0,0.0,0.0,0.0,0.0,0.0,0.0,0.0,3.0,0.0,8.0,0.0,0.0,0.0,0.0,0.0,4.0,11.0,0.0,3.0,4.0,0.0,21.0,7.0,13.0,16.0,39.0,35.0,20.0,10.0
19,1.0,19.0,London_170,,151,453,1092.0,70.0,2.0,152661.0,0.8081709002144635,790.0,115.0,0.0,115.0,193.0,0.0,193.0,221.0,176.0,133.0,18.0,72.0,5.0,42.0,0.0,7.0,5.0,76.0,144.0,228.0,40.0,0.0,0.0,0.0,0.0,0.0,0.0,0.0,0.0,0.0,0.0,0.0,0.0,0.0,0.0,0.0,0.0,0.0,0.0,0.0,0.0,0.0,0.0,0.0,0.0,0.0,0.0,0.0,0.0,0.0,0.0,0.0,0.0,0.0,0.0,0.0,0.0,0.0,0.0,0.0,0.0,1.0,10.0,1.0,0.0,0.0,0.0,11.0,14.0,1.0,11.0,23.0,36.0,28.0,5.0,0.0,0.0,0.0,0.0,0.0,0.0,0.0,0.0,0.0,0.0,0.0,0.0,0.0,0.0,0.0,0.0,0.0,0.0,0.0,0.0,1.0,13.0,1.0,0.0,0.0,0.0,14.0,22.0,1.0,17.0,32.0,49.0,36.0,8.0
20,1.0,20.0,London_170,,151,453,1092.0,70.0,2.0,136806.0,0.7677786378189921,755.0,100.0,2.0,98.0,184.0,16.0,168.0,193.0,193.0,130.0,13.0,74.0,6.0,31.0,2.0,4.0,7.0,80.0,154.0,212.0,43.0,0.0,0.0,0.0,0.0,0.0,0.0,0.0,0.0,0.0,0.0,0.0,0.0,0.0,0.0,0.0,0.0,0.0,0.0,0.0,0.0,0.0,0.0,0.0,0.0,0.0,0.0,0.0,0.0,0.0,1.0,0.0,0.0,0.0,1.0,0.0,1.0,0.0,0.0,0.0,0.0,2.0,1.0,1.0,1.0,1.0,0.0,11.0,8.0,4.0,8.0,17.0,29.0,13.0,11.0,0.0,0.0,0.0,0.0,0.0,0.0,0.0,0.0,0.0,3.0,0.0,0.0,0.0,8.0,0.0,2.0,0.0,0.0,0.0,0.0,3.0,1.0,1.0,1.0,1.0,0.0,12.0,10.0,5.0,10.0,25.0,42.0,16.0,18.0
21,1.0,21.0,London_170,,151,453,1092.0,70.0,2.0,126387.0,1.5497560473158956,732.0,1.0,0.0,1.0,1.0,0.0,1.0,184.0,200.0,137.0,14.0,61.0,6.0,34.0,0.0,1.0,14.0,79.0,155.0,205.0,53.0,0.0,0.0,0.0,0.0,0.0,0.0,0.0,0.0,0.0,0.0,0.0,0.0,0.0,0.0,0.0,0.0,0.0,0.0,0.0,0.0,0.0,0.0,0.0,0.0,0.0,0.0,0.0,0.0,0.0,0.0,0.0,0.0,0.0,0.0,0.0,0.0,0.0,0.0,0.0,0.0,0.0,0.0,0.0,0.0,0.0,0.0,0.0,0.0,0.0,0.0,0.0,0.0,0.0,0.0,0.0,0.0,0.0,0.0,0.0,0.0,0.0,0.0,0.0,0.0,0.0,0.0,0.0,0.0,0.0,0.0,0.0,0.0,0.0,0.0,0.0,0.0,0.0,0.0,0.0,0.0,0.0,0.0,0.0,0.0,0.0,0.0,0.0,0.0
22,1.0,22.0,London_170,,151,453,1092.0,70.0,2.0,174858.0,0.8430931661278009,839.0,28.0,2.0,26.0,64.0,18.0,46.0,1.0,201.0,136.0,14.0,61.0,6.0,34.0,0.0,1.0,14.0,79.0,155.0,205.0,53.0,0.0,0.0,0.0,0.0,0.0,0.0,0.0,0.0,0.0,0.0,0.0,0.0,0.0,0.0,0.0,0.0,0.0,0.0,0.0,0.0,0.0,0.0,0.0,0.0,0.0,0.0,0.0,0.0,0.0,0.0,0.0,0.0,0.0,1.0,0.0,1.0,0.0,0.0,0.0,0.0,1.0,0.0,0.0,0.0,0.0,0.0,3.0,1.0,3.0,1.0,2.0,8.0,6.0,0.0,0.0,0.0,0.0,0.0,0.0,0.0,0.0,0.0,0.0,0.0,0.0,0.0,0.0,7.0,0.0,1.0,0.0,0.0,0.0,0.0,1.0,0.0,0.0,0.0,0.0,0.0,3.0,1.0,4.0,2.0,3.0,11.0,8.0,0.0
23,1.0,23.0,London_170,,151,453,1092.0,70.0,2.0,211551.0,1.343003768939525,920.0,167.0,0.0,167.0,296.0,0.0,296.0,64.0,180.0,145.0,16.0,63.0,8.0,39.0,0.0,2.0,14.0,75.0,150.0,214.0,59.0,0.0,0.0,0.0,0.0,0.0,0.0,0.0,0.0,0.0,0.0,0.0,0.0,0.0,0.0,0.0,0.0,0.0,0.0,0.0,0.0,0.0,0.0,0.0,0.0,0.0,0.0,0.0,0.0,0.0,0.0,0.0,0.0,0.0,0.0,0.0,0.0,0.0,0.0,0.0,0.0,1.0,5.0,0.0,2.0,6.0,0.0,15.0,4.0,8.0,6.0,29.0,39.0,27.0,12.0,0.0,0.0,0.0,0.0,0.0,0.0,0.0,0.0,0.0,0.0,0.0,0.0,0.0,0.0,0.0,0.0,0.0,0.0,0.0,0.0,1.0,6.0,0.0,3.0,7.0,0.0,20.0,5.0,12.0,7.0,46.0,52.0,34.0,15.0
24,1.0,24.0,London_170,,151,453,1092.0,70.0,2.0,178935.0,0.8131488268263638,848.0,90.0,2.0,88.0,176.0,19.0,157.0,296.0,176.0,120.0,23.0,74.0,11.0,38.0,1.0,10.0,4.0,87.0,146.0,216.0,40.0,0.0,0.0,0.0,0.0,0.0,0.0,0.0,0.0,0.0,0.0,0.0,0.0,0.0,0.0,0.0,0.0,0.0,0.0,0.0,0.0,0.0,0.0,0.0,0.0,0.0,0.0,0.0,0.0,0.0,1.0,0.0,0.0,1.0,1.0,1.0,1.0,1.0,0.0,0.0,0.0,8.0,2.0,2.0,2.0,2.0,0.0,7.0,6.0,8.0,8.0,22.0,18.0,17.0,10.0,0.0,0.0,0.0,0.0,0.0,0.0,0.0,0.0,0.0,7.0,0.0,0.0,7.0,7.0,7.0,2.0,10.0,0.0,0.0,0.0,9.0,2.0,2.0,2.0,2.0,0.0,11.0,9.0,10.0,14.0,39.0,22.0,26.0,14.0
25,1.0,25.0,London_170,,151,453,1092.0,70.0,2.0,173499.0,0.8646533819846809,836.0,96.0,2.0,94.0,176.0,18.0,158.0,176.0,184.0,132.0,29.0,62.0,2.0,33.0,3.0,8.0,6.0,90.0,152.0,205.0,54.0,0.0,0.0,0.0,0.0,0.0,0.0,0.0,0.0,0.0,0.0,0.0,0.0,0.0,0.0,0.0,0.0,0.0,0.0,0.0,0.0,0.0,0.0,0.0,0.0,0.0,0.0,0.0,0.0,0.0,1.0,1.0,1.0,1.0,0.0,0.0,2.0,0.0,0.0,0.0,0.0,0.0,4.0,5.0,0.0,10.0,0.0,16.0,4.0,7.0,3.0,19.0,21.0,17.0,11.0,0.0,0.0,0.0,0.0,0.0,0.0,0.0,0.0,0.0,3.0,3.0,5.0,3.0,0.0,0.0,8.0,0.0,0.0,0.0,0.0,0.0,7.0,5.0,0.0,12.0,0.0,18.0,5.0,10.0,4.0,28.0,29.0,21.0,15.0
26,1.0,26.0,London_170,,151,453,1092.0,70.0,2.0,175764.0,1.0676570758223534,841.0,90.0,0.0,90.0,143.0,0.0,143.0,176.0,187.0,140.0,29.0,63.0,4.0,20.0,2.0,8.0,9.0,86.0,162.0,196.0,50.0,0.0,0.0,0.0,0.0,0.0,0.0,0.0,0.0,0.0,0.0,0.0,0.0,0.0,0.0,0.0,0.0,0.0,0.0,0.0,0.0,0.0,0.0,0.0,0.0,0.0,0.0,0.0,0.0,0.0,0.0,0.0,0.0,0.0,0.0,0.0,0.0,0.0,0.0,0.0,0.0,3.0,2.0,2.0,1.0,2.0,0.0,5.0,3.0,4.0,3.0,14.0,24.0,13.0,7.0,0.0,0.0,0.0,0.0,0.0,0.0,0.0,0.0,0.0,0.0,0.0,0.0,0.0,0.0,0.0,0.0,0.0,0.0,0.0,0.0,4.0,3.0,2.0,1.0,2.0,0.0,5.0,3.0,5.0,4.0,21.0,34.0,16.0,11.0
27,1.0,27.0,London_170,,151,453,1092.0,70.0,2.0,184371.0,1.173624909017235,860.0,114.0,0.0,114.0,198.0,0.0,198.0,143.0,199.0,126.0,33.0,52.0,2.0,26.0,3.0,12.0,13.0,86.0,157.0,197.0,44.0,0.0,0.0,0.0,0.0,0.0,0.0,0.0,0.0,0.0,0.0,0.0,0.0,0.0,0.0,0.0,0.0,0.0,0.0,0.0,0.0,0.0,0.0,0.0,0.0,0.0,0.0,0.0,0.0,0.0,0.0,0.0,0.0,0.0,0.0,0.0,0.0,0.0,0.0,0.0,0.0,7.0,7.0,1.0,1.0,4.0,0.0,6.0,6.0,5.0,5.0,15.0,26.0,18.0,9.0,0.0,0.0,0.0,0.0,0.0,0.0,0.0,0.0,0.0,0.0,0.0,0.0,0.0,0.0,0.0,0.0,0.0,0.0,0.0,0.0,7.0,12.0,1.0,2.0,5.0,0.0,8.0,10.0,7.0,7.0,21.0,37.0,25.0,13.0
28,1.0,28.0,London_170,,151,453,1092.0,70.0,2.0,176217.0,1.2328509711660445,842.0,134.0,2.0,132.0,232.0,17.0,215.0,198.0,207.0,147.0,8.0,47.0,5.0,31.0,3.0,5.0,10.0,75.0,166.0,202.0,52.0,0.0,0.0,0.0,0.0,0.0,0.0,0.0,0.0,0.0,0.0,0.0,0.0,0.0,0.0,0.0,0.0,0.0,0.0,0.0,0.0,0.0,0.0,0.0,0.0,0.0,0.0,0.0,0.0,0.0,0.0,0.0,0.0,2.0,1.0,0.0,2.0,0.0,0.0,0.0,0.0,2.0,2.0,2.0,1.0,10.0,0.0,8.0,6.0,2.0,3.0,28.0,27.0,24.0,13.0,0.0,0.0,0.0,0.0,0.0,0.0,0.0,0.0,0.0,0.0,0.0,0.0,6.0,6.0,0.0,6.0,0.0,0.0,0.0,0.0,2.0,5.0,2.0,1.0,11.0,0.0,11.0,10.0,2.0,4.0,37.0,37.0,30.0,21.0
29,1.0,29.0,London_170,,151,453,1092.0,70.0,2.0,149490.0,1.0408748821355402,783.0,109.0,0.0,109.0,198.0,0.0,198.0,232.0,204.0,129.0,14.0,67.0,5.0,25.0,1.0,8.0,11.0,80.0,155.0,207.0,60.0,0.0,0.0,0.0,0.0,0.0,0.0,0.0,0.0,0.0,0.0,0.0,0.0,0.0,0.0,0.0,0.0,0.0,0.0,0.0,0.0,0.0,0.0,0.0,0.0,0.0,0.0,0.0,0.0,0.0,0.0,0.0,0.0,0.0,0.0,0.0,0.0,0.0,0.0,0.0,0.0,4.0,2.0,4.0,1.0,1.0,0.0,10.0,7.0,9.0,9.0,28.0,29.0,20.0,14.0,0.0,0.0,0.0,0.0,0.0,0.0,0.0,0.0,0.0,0.0,0.0,0.0,0.0,0.0,0.0,0.0,0.0,0.0,0.0,0.0,7.0,2.0,4.0,1.0,1.0,0.0,13.0,12.0,10.0,13.0,42.0,42.0,25.0,20.0
30,1.0,30.0,London_170,,151,453,1092.0,70.0,2.0,143148.0,0.8813607576303184,769.0,48.0,0.0,48.0,81.0,0.0,81.0,198.0,225.0,126.0,10.0,53.0,7.0,26.0,1.0,5.0,12.0,81.0,143.0,217.0,48.0,0.0,0.0,0.0,0.0,0.0,0.0,0.0,0.0,0.0,0.0,0.0,0.0,0.0,0.0,0.0,0.0,0.0,0.0,0.0,0.0,0.0,0.0,0.0,0.0,0.0,0.0,0.0,0.0,0.0,0.0,0.0,0.0,0.0,0.0,0.0,0.0,0.0,0.0,0.0,0.0,2.0,2.0,0.0,0.0,0.0,0.0,7.0,3.0,0.0,2.0,12.0,7.0,12.0,5.0,0.0,0.0,0.0,0.0,0.0,0.0,0.0,0.0,0.0,0.0,0.0,0.0,0.0,0.0,0.0,0.0,0.0,0.0,0.0,0.0,2.0,2.0,0.0,0.0,0.0,0.0,8.0,5.0,0.0,2.0,19.0,10.0,17.0,5.0
31,1.0,31.0,London_170,,151,453,1092.0,70.0,2.0,150396.0,1.1024933499284089,785.0,33.0,2.0,31.0,75.0,20.0,55.0,81.0,229.0,123.0,4.0,51.0,7.0,30.0,5.0,4.0,15.0,91.0,136.0,211.0,60.0,0.0,0.0,0.0,0.0,0.0,0.0,0.0,0.0,0.0,0.0,0.0,0.0,0.0,0.0,0.0,0.0,0.0,0.0,0.0,0.0,0.0,0.0,0.0,0.0,0.0,0.0,0.0,0.0,0.0,1.0,0.0,0.0,1.0,0.0,0.0,1.0,0.0,0.0,0.0,0.0,3.0,1.0,0.0,1.0,0.0,0.0,8.0,5.0,0.0,6.0,7.0,9.0,6.0,3.0,0.0,0.0,0.0,0.0,0.0,0.0,0.0,0.0,0.0,1.0,0.0,0.0,2.0,0.0,0.0,4.0,0.0,0.0,0.0,0.0,4.0,1.0,0.0,1.0,0.0,0.0,11.0,7.0,0.0,10.0,13.0,13.0,7.0,4.0
32,1.0,32.0,London_170,,151,453,1092.0,70.0,2.0,166251.0,1.1044199247844517,820.0,73.0,0.0,73.0,128.0,0.0,128.0,75.0,230.0,116.0,9.0,46.0,9.0,32.0,5.0,6.0,9.0,79.0,134.0,231.0,54.0,0.0,0.0,0.0,0.0,0.0,0.0,0.0,0.0,0.0,0.0,0.0,0.0,0.0,0.0,0.0,0.0,0.0,0.0,0.0,0.0,0.0,0.0,0.0,0.0,0.0,0.0,0.0,0.0,0.0,0.0,0.0,0.0,0.0,0.0,0.0,0.0,0.0,0.0,0.0,0.0,2.0,4.0,0.0,0.0,0.0,0.0,6.0,6.0,6.0,11.0,17.0,18.0,15.0,6.0,0.0,0.0,0.0,0.0,0.0,0.0,0.0,0.0,0.0,0.0,0.0,0.0,0.0,0.0,0.0,0.0,0.0,0.0,0.0,0.0,3.0,4.0,0.0,0.0,0.0,0.0,8.0,9.0,8.0,13.0,26.0,22.0,24.0,6.0
33,1.0,33.0,London_170,,151,453,1092.0,70.0,2.0,172593.0,1.7037160289473832,834.0,165.0,3.0,162.0,311.0,25.0,286.0,128.0,229.0,113.0,16.0,43.0,10.0,35.0,4.0,3.0,8.0,82.0,149.0,214.0,58.0,0.0,0.0,0.0,0.0,0.0,0.0,0.0,0.0,0.0,0.0,0.0,0.0,0.0,0.0,0.0,0.0,0.0,0.0,0.0,0.0,0.0,0.0,0.0,0.0,0.0,0.0,0.0,0.0,0.0,1.0,0.0,0.0,0.0,2.0,0.0,2.0,0.0,0.0,0.0,0.0,7.0,16.0,0.0,2.0,0.0,1.0,7.0,13.0,3.0,11.0,31.0,44.0,16.0,16.0,0.0,0.0,0.0,0.0,0.0,0.0,0.0,0.0,0.0,3.0,0.0,0.0,0.0,12.0,0.0,7.0,0.0,0.0,0.0,0.0,8.0,31.0,0.0,3.0,0.0,1.0,9.0,17.0,6.0,14.0,49.0,70.0,20.0,29.0
34,1.0,34.0,London_170,,151,453,1092.0,70.0,2.0,138165.0,1.2989948680624366,758.0,23.0,0.0,23.0,37.0,0.0,37.0,311.0,166.0,116.0,14.0,99.0,8.0,41.0,2.0,7.0,5.0,67.0,141.0,240.0,41.0,0.0,0.0,0.0,0.0,0.0,0.0,0.0,0.0,0.0,0.0,0.0,0.0,0.0,0.0,0.0,0.0,0.0,0.0,0.0,0.0,0.0,0.0,0.0,0.0,0.0,0.0,0.0,0.0,0.0,0.0,0.0,0.0,0.0,0.0,0.0,0.0,0.0,0.0,0.0,0.0,0.0,1.0,0.0,0.0,0.0,0.0,1.0,2.0,0.0,4.0,4.0,8.0,1.0,5.0,0.0,0.0,0.0,0.0,0.0,0.0,0.0,0.0,0.0,0.0,0.0,0.0,0.0,0.0,0.0,0.0,0.0,0.0,0.0,0.0,0.0,1.0,0.0,0.0,0.0,0.0,1.0,4.0,0.0,9.0,6.0,9.0,1.0,8.0
35,1.0,35.0,London_170,,151,453,1092.0,70.0,2.0,166704.0,0.735181107185781,821.0,146.0,0.0,146.0,254.0,0.0,254.0,37.0,167.0,113.0,12.0,103.0,8.0,45.0,2.0,3.0,5.0,71.0,146.0,231.0,43.0,0.0,0.0,0.0,0.0,0.0,0.0,0.0,0.0,0.0,0.0,0.0,0.0,0.0,0.0,0.0,0.0,0.0,0.0,0.0,0.0,0.0,0.0,0.0,0.0,0.0,0.0,0.0,0.0,0.0,0.0,0.0,0.0,0.0,0.0,0.0,0.0,0.0,0.0,0.0,0.0,3.0,12.0,3.0,3.0,3.0,1.0,17.0,21.0,7.0,10.0,33.0,34.0,31.0,19.0,0.0,0.0,0.0,0.0,0.0,0.0,0.0,0.0,0.0,0.0,0.0,0.0,0.0,0.0,0.0,0.0,0.0,0.0,0.0,0.0,6.0,16.0,5.0,4.0,5.0,1.0,25.0,30.0,12.0,15.0,46.0,60.0,37.0,30.0
36,1.0,36.0,London_170,,151,453,1092.0,70.0,2.0,146319.0,1.056060432922095,776.0,103.0,0.0,103.0,191.0,0.0,191.0,254.0,164.0,137.0,14.0,85.0,7.0,38.0,3.0,5.0,10.0,75.0,155.0,213.0,51.0,0.0,0.0,0.0,0.0,0.0,0.0,0.0,0.0,0.0,0.0,0.0,0.0,0.0,0.0,0.0,0.0,0.0,0.0,0.0,0.0,0.0,0.0,0.0,0.0,0.0,0.0,0.0,0.0,0.0,0.0,0.0,0.0,0.0,0.0,0.0,0.0,0.0,0.0,0.0,0.0,2.0,7.0,6.0,0.0,0.0,0.0,6.0,12.0,13.0,12.0,24.0,27.0,15.0,9.0,0.0,0.0,0.0,0.0,0.0,0.0,0.0,0.0,0.0,0.0,0.0,0.0,0.0,0.0,0.0,0.0,0.0,0.0,0.0,0.0,4.0,12.0,8.0,0.0,0.0,0.0,11.0,17.0,22.0,16.0,41.0,41.0,24.0,22.0
37,1.0,37.0,London_170,,151,453,1092.0,70.0,2.0,134541.0,1.0548021853901446,750.0,54.0,3.0,51.0,109.0,26.0,83.0,191.0,177.0,139.0,17.0,68.0,9.0,37.0,2.0,4.0,5.0,66.0,157.0,225.0,48.0,0.0,0.0,0.0,0.0,0.0,0.0,0.0,0.0,0.0,0.0,0.0,0.0,0.0,0.0,0.0,0.0,0.0,0.0,0.0,0.0,0.0,0.0,0.0,0.0,0.0,0.0,0.0,0.0,0.0,2.0,0.0,0.0,2.0,1.0,2.0,1.0,0.0,0.0,0.0,0.0,0.0,3.0,2.0,1.0,0.0,0.0,6.0,4.0,1.0,3.0,7.0,14.0,11.0,5.0,0.0,0.0,0.0,0.0,0.0,0.0,0.0,0.0,0.0,7.0,0.0,0.0,2.0,5.0,11.0,3.0,0.0,0.0,0.0,0.0,0.0,5.0,2.0,1.0,0.0,0.0,9.0,5.0,1.0,6.0,11.0,18.0,13.0,7.0
38,1.0,38.0,London_170,,151,453,1092.0,70.0,2.0,156285.0,0.7730051181279123,798.0,5.0,2.0,3.0,21.0,18.0,3.0,109.0,174.0,144.0,17.0,71.0,8.0,33.0,2.0,4.0,7.0,70.0,151.0,225.0,55.0,0.0,0.0,0.0,0.0,0.0,0.0,0.0,0.0,0.0,0.0,0.0,0.0,0.0,0.0,0.0,0.0,0.0,0.0,0.0,0.0,0.0,0.0,0.0,0.0,0.0,0.0,0.0,0.0,0.0,2.0,0.0,0.0,2.0,0.0,0.0,2.0,0.0,0.0,0.0,0.0,0.0,0.0,0.0,0.0,0.0,0.0,1.0,0.0,1.0,0.0,1.0,0.0,1.0,0.0,0.0,0.0,0.0,0.0,0.0,0.0,0.0,0.0,0.0,10.0,0.0,0.0,14.0,0.0,0.0,9.0,0.0,0.0,0.0,0.0,0.0,0.0,0.0,0.0,0.0,0.0,1.0,0.0,1.0,0.0,1.0,0.0,1.0,0.0
39,1.0,39.0,London_170,,151,453,1092.0,70.0,2.0,206115.0,1.4967501279897988,908.0,148.0,0.0,148.0,257.0,0.0,257.0,21.0,174.0,151.0,5.0,73.0,9.0,34.0,2.0,5.0,6.0,70.0,151.0,226.0,54.0,0.0,0.0,0.0,0.0,0.0,0.0,0.0,0.0,0.0,0.0,0.0,0.0,0.0,0.0,0.0,0.0,0.0,0.0,0.0,0.0,0.0,0.0,0.0,0.0,0.0,0.0,0.0,0.0,0.0,0.0,0.0,0.0,0.0,0.0,0.0,0.0,0.0,0.0,0.0,0.0,7.0,7.0,0.0,1.0,0.0,0.0,9.0,13.0,6.0,4.0,30.0,34.0,22.0,9.0,0.0,0.0,0.0,0.0,0.0,0.0,0.0,0.0,0.0,0.0,0.0,0.0,0.0,0.0,0.0,0.0,0.0,0.0,0.0,0.0,9.0,12.0,0.0,1.0,0.0,0.0,13.0,18.0,9.0,5.0,43.0,56.0,32.0,18.0
40,1.0,40.0,London_170,,151,453,1092.0,70.0,2.0,177576.0,0.8425002852454782,845.0,39.0,0.0,39.0,64.0,0.0,64.0,257.0,169.0,127.0,20.0,88.0,12.0,32.0,3.0,2.0,11.0,70.0,140.0,232.0,57.0,0.0,0.0,0.0,0.0,0.0,0.0,0.0,0.0,0.0,0.0,0.0,0.0,0.0,0.0,0.0,0.0,0.0,0.0,0.0,0.0,0.0,0.0,0.0,0.0,0.0,0.0,0.0,0.0,0.0,0.0,0.0,0.0,0.0,0.0,0.0,0.0,0.0,0.0,0.0,0.0,1.0,0.0,0.0,1.0,0.0,0.0,1.0,1.0,3.0,4.0,3.0,12.0,5.0,3.0,0.0,0.0,0.0,0.0,0.0,0.0,0.0,0.0,0.0,0.0,0.0,0.0,0.0,0.0,0.0,0.0,0.0,0.0,0.0,0.0,1.0,0.0,0.0,2.0,0.0,0.0,1.0,1.0,3.0,6.0,5.0,15.0,6.0,4.0
41,1.0,41.0,London_170,,151,453,1092.0,70.0,2.0,200679.0,1.072092399932444,896.0,86.0,2.0,84.0,165.0,17.0,148.0,64.0,174.0,129.0,22.0,82.0,15.0,30.0,1.0,0.0,13.0,66.0,147.0,227.0,60.0,0.0,0.0,0.0,0.0,0.0,0.0,0.0,0.0,0.0,0.0,0.0,0.0,0.0,0.0,0.0,0.0,0.0,0.0,0.0,0.0,0.0,0.0,0.0,0.0,0.0,0.0,0.0,0.0,0.0,0.0,0.0,0.0,1.0,0.0,1.0,1.0,1.0,0.0,0.0,0.0,1.0,3.0,0.0,1.0,9.0,0.0,13.0,5.0,4.0,15.0,14.0,21.0,18.0,9.0,0.0,0.0,0.0,0.0,0.0,0.0,0.0,0.0,0.0,0.0,0.0,0.0,4.0,0.0,5.0,1.0,6.0,0.0,0.0,0.0,2.0,4.0,0.0,3.0,11.0,0.0,16.0,7.0,5.0,23.0,19.0,29.0,24.0,15.0
42,1.0,42.0,London_170,,151,453,1092.0,70.0,2.0,201585.0,1.0831836480647326,898.0,159.0,0.0,159.0,274.0,0.0,274.0,165.0,180.0,145.0,22.0,67.0,13.0,25.0,0.0,1.0,6.0,75.0,141.0,231.0,59.0,0.0,0.0,0.0,0.0,0.0,0.0,0.0,0.0,0.0,0.0,0.0,0.0,0.0,0.0,0.0,0.0,0.0,0.0,0.0,0.0,0.0,0.0,0.0,0.0,0.0,0.0,0.0,0.0,0.0,0.0,0.0,0.0,0.0,0.0,0.0,0.0,0.0,0.0,0.0,0.0,5.0,3.0,0.0,3.0,7.0,0.0,8.0,14.0,8.0,14.0,19.0,44.0,31.0,10.0,0.0,0.0,0.0,0.0,0.0,0.0,0.0,0.0,0.0,0.0,0.0,0.0,0.0,0.0,0.0,0.0,0.0,0.0,0.0,0.0,5.0,3.0,0.0,4.0,9.0,0.0,9.0,20.0,13.0,21.0,27.0,63.0,42.0,14.0
43,1.0,43.0,London_170,,151,453,1092.0,70.0,2.0,156285.0,0.7421073992736638,798.0,123.0,0.0,123.0,221.0,0.0,221.0,274.0,186.0,131.0,25.0,80.0,6.0,20.0,4.0,1.0,8.0,76.0,161.0,208.0,39.0,0.0,0.0,0.0,0.0,0.0,0.0,0.0,0.0,0.0,0.0,0.0,0.0,0.0,0.0,0.0,0.0,0.0,0.0,0.0,0.0,0.0,0.0,0.0,0.0,0.0,0.0,0.0,0.0,0.0,0.0,0.0,0.0,0.0,0.0,0.0,0.0,0.0,0.0,0.0,0.0,2.0,7.0,0.0,0.0,7.0,2.0,4.0,8.0,4.0,9.0,24.0,28.0,17.0,12.0,0.0,0.0,0.0,0.0,0.0,0.0,0.0,0.0,0.0,0.0,0.0,0.0,0.0,0.0,0.0,0.0,0.0,0.0,0.0,0.0,3.0,10.0,0.0,0.0,9.0,3.0,5.0,10.0,4.0,16.0,36.0,42.0,24.0,21.0
44,1.0,44.0,London_170,,151,453,1092.0,70.0,2.0,132729.0,0.8751571672037244,746.0,123.0,0.0,123.0,223.0,0.0,223.0,221.0,212.0,140.0,18.0,52.0,7.0,13.0,7.0,4.0,10.0,75.0,164.0,204.0,37.0,0.0,0.0,0.0,0.0,0.0,0.0,0.0,0.0,0.0,0.0,0.0,0.0,0.0,0.0,0.0,0.0,0.0,0.0,0.0,0.0,0.0,0.0,0.0,0.0,0.0,0.0,0.0,0.0,0.0,0.0,0.0,0.0,0.0,0.0,0.0,0.0,0.0,0.0,0.0,0.0,2.0,2.0,2.0,1.0,2.0,1.0,6.0,6.0,12.0,7.0,23.0,35.0,18.0,9.0,0.0,0.0,0.0,0.0,0.0,0.0,0.0,0.0,0.0,0.0,0.0,0.0,0.0,0.0,0.0,0.0,0.0,0.0,0.0,0.0,2.0,2.0,3.0,2.0,2.0,2.0,8.0,9.0,15.0,8.0,29.0,58.0,22.0,11.0
45,1.0,45.0,London_170,,151,453,1092.0,70.0,2.0,107361.0,1.4019142631441355,690.0,107.0,3.0,104.0,202.0,26.0,176.0,223.0,224.0,94.0,24.0,76.0,11.0,18.0,1.0,5.0,5.0,83.0,148.0,217.0,35.0,0.0,0.0,0.0,0.0,0.0,0.0,0.0,0.0,0.0,0.0,0.0,0.0,0.0,0.0,0.0,0.0,0.0,0.0,0.0,0.0,0.0,0.0,0.0,0.0,0.0,0.0,0.0,0.0,0.0,1.0,0.0,0.0,0.0,0.0,1.0,3.0,0.0,0.0,0.0,0.0,6.0,2.0,0.0,0.0,7.0,0.0,16.0,10.0,4.0,11.0,20.0,25.0,19.0,8.0,0.0,0.0,0.0,0.0,0.0,0.0,0.0,0.0,0.0,6.0,0.0,0.0,0.0,0.0,5.0,8.0,0.0,0.0,0.0,0.0,8.0,2.0,0.0,0.0,7.0,0.0,19.0,12.0,6.0,14.0,31.0,32.0,23.0,13.0
46,1.0,46.0,London_170,,151,453,1092.0,70.0,2.0,83352.0,0.4753783461637795,637.0,10.0,2.0,8.0,35.0,19.0,16.0,202.0,227.0,78.0,33.0,81.0,6.0,21.0,0.0,7.0,10.0,85.0,151.0,207.0,33.0,0.0,0.0,0.0,0.0,0.0,0.0,0.0,0.0,0.0,0.0,0.0,0.0,0.0,0.0,0.0,0.0,0.0,0.0,0.0,0.0,0.0,0.0,0.0,0.0,0.0,0.0,0.0,0.0,0.0,1.0,1.0,0.0,1.0,1.0,1.0,2.0,0.0,0.0,0.0,0.0,0.0,1.0,0.0,0.0,0.0,0.0,2.0,0.0,0.0,2.0,2.0,1.0,2.0,0.0,0.0,0.0,0.0,0.0,0.0,0.0,0.0,0.0,0.0,7.0,6.0,0.0,6.0,8.0,4.0,14.0,0.0,0.0,0.0,0.0,0.0,2.0,0.0,0.0,0.0,0.0,2.0,0.0,0.0,3.0,4.0,3.0,2.0,0.0
47,1.0,47.0,London_170,,151,453,1092.0,70.0,2.0,105549.0,0.8291936190798879,686.0,55.0,2.0,53.0,107.0,17.0,90.0,35.0,233.0,78.0,35.0,87.0,0.0,11.0,0.0,9.0,10.0,83.0,149.0,211.0,31.0,0.0,0.0,0.0,0.0,0.0,0.0,0.0,0.0,0.0,0.0,0.0,0.0,0.0,0.0,0.0,0.0,0.0,0.0,0.0,0.0,0.0,0.0,0.0,0.0,0.0,0.0,0.0,0.0,0.0,0.0,0.0,0.0,0.0,1.0,1.0,1.0,0.0,0.0,0.0,0.0,1.0,3.0,0.0,3.0,5.0,0.0,7.0,6.0,1.0,6.0,8.0,14.0,9.0,10.0,0.0,0.0,0.0,0.0,0.0,0.0,0.0,0.0,0.0,0.0,0.0,0.0,0.0,7.0,7.0,4.0,0.0,0.0,0.0,0.0,2.0,3.0,0.0,4.0,5.0,0.0,9.0,12.0,2.0,11.0,10.0,26.0,13.0,16.0
48,1.0,48.0,London_170,,151,453,1092.0,70.0,2.0,114156.0,0.9087246488779783,705.0,1.0,0.0,1.0,2.0,0.0,2.0,107.0,255.0,74.0,35.0,71.0,2.0,9.0,0.0,7.0,8.0,95.0,137.0,213.0,26.0,0.0,0.0,0.0,0.0,0.0,0.0,0.0,0.0,0.0,0.0,0.0,0.0,0.0,0.0,0.0,0.0,0.0,0.0,0.0,0.0,0.0,0.0,0.0,0.0,0.0,0.0,0.0,0.0,0.0,0.0,0.0,0.0,0.0,0.0,0.0,0.0,0.0,0.0,0.0,0.0,0.0,0.0,0.0,0.0,0.0,0.0,0.0,0.0,0.0,0.0,0.0,1.0,0.0,0.0,0.0,0.0,0.0,0.0,0.0,0.0,0.0,0.0,0.0,0.0,0.0,0.0,0.0,0.0,0.0,0.0,0.0,0.0,0.0,0.0,0.0,0.0,0.0,0.0,0.0,0.0,0.0,0.0,0.0,0.0,0.0,2.0,0.0,0.0
49,1.0,49.0,London_170,,151,453,1092.0,70.0,2.0,147225.0,0.9247037880122662,778.0,50.0,2.0,48.0,107.0,18.0,89.0,2.0,256.0,74.0,35.0,69.0,3.0,9.0,0.0,7.0,8.0,95.0,138.0,212.0,24.0,0.0,0.0,0.0,0.0,0.0,0.0,0.0,0.0,0.0,0.0,0.0,0.0,0.0,0.0,0.0,0.0,0.0,0.0,0.0,0.0,0.0,0.0,0.0,0.0,0.0,0.0,0.0,0.0,0.0,1.0,0.0,0.0,2.0,0.0,0.0,0.0,0.0,0.0,0.0,0.0,2.0,0.0,0.0,0.0,2.0,0.0,6.0,5.0,2.0,8.0,7.0,16.0,9.0,5.0,0.0,0.0,0.0,0.0,0.0,0.0,0.0,0.0,0.0,1.0,0.0,0.0,10.0,0.0,0.0,0.0,0.0,0.0,0.0,0.0,3.0,0.0,0.0,0.0,2.0,0.0,10.0,9.0,2.0,12.0,8.0,25.0,13.0,9.0
50,1.0,50.0,London_170,,151,453,1092.0,70.0,2.0,168516.0,1.266898050904274,825.0,161.0,0.0,161.0,273.0,0.0,273.0,107.0,255.0,85.0,33.0,66.0,3.0,5.0,0.0,6.0,5.0,86.0,142.0,220.0,34.0,0.0,0.0,0.0,0.0,0.0,0.0,0.0,0.0,0.0,0.0,0.0,0.0,0.0,0.0,0.0,0.0,0.0,0.0,0.0,0.0,0.0,0.0,0.0,0.0,0.0,0.0,0.0,0.0,0.0,0.0,0.0,0.0,0.0,0.0,0.0,0.0,0.0,0.0,0.0,0.0,5.0,13.0,0.0,0.0,0.0,0.0,11.0,8.0,1.0,7.0,38.0,38.0,12.0,6.0,0.0,0.0,0.0,0.0,0.0,0.0,0.0,0.0,0.0,0.0,0.0,0.0,0.0,0.0,0.0,0.0,0.0,0.0,0.0,0.0,6.0,21.0,0.0,0.0,0.0,0.0,11.0,10.0,1.0,10.0,61.0,59.0,14.0,8.0
51,1.0,51.0,London_170,,151,453,1092.0,70.0,2.0,132729.0,1.0024207909591496,746.0,75.0,2.0,73.0,139.0,17.0,122.0,273.0,210.0,98.0,24.0,92.0,3.0,18.0,1.0,7.0,8.0,95.0,153.0,197.0,29.0,0.0,0.0,0.0,0.0,0.0,0.0,0.0,0.0,0.0,0.0,0.0,0.0,0.0,0.0,0.0,0.0,0.0,0.0,0.0,0.0,0.0,0.0,0.0,0.0,0.0,0.0,0.0,0.0,0.0,1.0,0.0,0.0,0.0,0.0,2.0,1.0,0.0,0.0,0.0,0.0,4.0,5.0,3.0,1.0,1.0,0.0,11.0,4.0,7.0,5.0,20.0,18.0,16.0,7.0,0.0,0.0,0.0,0.0,0.0,0.0,0.0,0.0,0.0,3.0,0.0,0.0,0.0,0.0,15.0,4.0,0.0,0.0,0.0,0.0,4.0,8.0,4.0,2.0,1.0,0.0,18.0,6.0,12.0,5.0,31.0,29.0,22.0,13.0
52,1.0,52.0,London_170,,151,453,1092.0,70.0,2.0,132276.0,1.270844872109592,745.0,17.0,2.0,15.0,46.0,17.0,29.0,139.0,210.0,132.0,28.0,60.0,5.0,15.0,1.0,2.0,8.0,90.0,158.0,197.0,29.0,0.0,0.0,0.0,0.0,0.0,0.0,0.0,0.0,0.0,0.0,0.0,0.0,0.0,0.0,0.0,0.0,0.0,0.0,0.0,0.0,0.0,0.0,0.0,0.0,0.0,0.0,0.0,0.0,0.0,1.0,1.0,0.0,2.0,1.0,1.0,1.0,1.0,0.0,0.0,0.0,0.0,1.0,0.0,0.0,0.0,0.0,2.0,1.0,3.0,1.0,2.0,3.0,4.0,2.0,0.0,0.0,0.0,0.0,0.0,0.0,0.0,0.0,0.0,4.0,3.0,0.0,5.0,7.0,6.0,1.0,8.0,0.0,0.0,0.0,0.0,2.0,0.0,0.0,0.0,0.0,3.0,1.0,4.0,2.0,4.0,6.0,7.0,2.0
53,1.0,53.0,London_170,,151,453,1092.0,70.0,2.0,157644.0,1.1222577770240605,801.0,55.0,0.0,55.0,88.0,0.0,88.0,46.0,208.0,154.0,25.0,48.0,1.0,15.0,1.0,1.0,6.0,87.0,159.0,201.0,25.0,0.0,0.0,0.0,0.0,0.0,0.0,0.0,0.0,0.0,0.0,0.0,0.0,0.0,0.0,0.0,0.0,0.0,0.0,0.0,0.0,0.0,0.0,0.0,0.0,0.0,0.0,0.0,0.0,0.0,0.0,0.0,0.0,0.0,0.0,0.0,0.0,0.0,0.0,0.0,0.0,0.0,2.0,1.0,1.0,3.0,0.0,4.0,3.0,4.0,2.0,11.0,19.0,12.0,7.0,0.0,0.0,0.0,0.0,0.0,0.0,0.0,0.0,0.0,0.0,0.0,0.0,0.0,0.0,0.0,0.0,0.0,0.0,0.0,0.0,0.0,2.0,1.0,3.0,3.0,0.0,5.0,3.0,5.0,2.0,15.0,25.0,16.0,9.0
54,1.0,54.0,London_170,,151,453,1092.0,70.0,2.0,173046.0,1.6512124361470342,835.0,142.0,1.0,141.0,239.0,8.0,231.0,88.0,215.0,151.0,26.0,54.0,2.0,3.0,0.0,2.0,6.0,82.0,163.0,202.0,32.0,0.0,0.0,0.0,0.0,0.0,0.0,0.0,0.0,0.0,0.0,0.0,0.0,0.0,0.0,0.0,0.0,0.0,0.0,0.0,0.0,0.0,0.0,0.0,0.0,0.0,0.0,0.0,0.0,0.0,0.0,1.0,0.0,0.0,1.0,0.0,1.0,0.0,0.0,0.0,0.0,2.0,11.0,0.0,2.0,0.0,0.0,6.0,10.0,13.0,11.0,33.0,30.0,36.0,5.0,0.0,0.0,0.0,0.0,0.0,0.0,0.0,0.0,0.0,0.0,5.0,0.0,0.0,6.0,0.0,1.0,0.0,0.0,0.0,0.0,2.0,14.0,0.0,4.0,0.0,0.0,7.0,11.0,19.0,12.0,53.0,40.0,40.0,8.0
55,1.0,55.0,London_170,,151,453,1092.0,70.0,2.0,149490.0,1.5998000199906528,783.0,94.0,0.0,94.0,167.0,0.0,167.0,239.0,226.0,93.0,15.0,81.0,9.0,21.0,1.0,7.0,8.0,83.0,148.0,214.0,36.0,0.0,0.0,0.0,0.0,0.0,0.0,0.0,0.0,0.0,0.0,0.0,0.0,0.0,0.0,0.0,0.0,0.0,0.0,0.0,0.0,0.0,0.0,0.0,0.0,0.0,0.0,0.0,0.0,0.0,0.0,0.0,0.0,0.0,0.0,0.0,0.0,0.0,0.0,0.0,0.0,2.0,7.0,1.0,1.0,0.0,0.0,4.0,3.0,5.0,16.0,16.0,26.0,19.0,17.0,0.0,0.0,0.0,0.0,0.0,0.0,0.0,0.0,0.0,0.0,0.0,0.0,0.0,0.0,0.0,0.0,0.0,0.0,0.0,0.0,3.0,10.0,1.0,1.0,0.0,0.0,6.0,4.0,8.0,23.0,23.0,44.0,22.0,26.0
56,1.0,56.0,London_170,,151,453,1092.0,70.0,2.0,149943.0,0.8619204238057137,784.0,91.0,2.0,89.0,175.0,20.0,155.0,167.0,228.0,110.0,25.0,53.0,9.0,19.0,1.0,8.0,6.0,83.0,153.0,211.0,42.0,0.0,0.0,0.0,0.0,0.0,0.0,0.0,0.0,0.0,0.0,0.0,0.0,0.0,0.0,0.0,0.0,0.0,0.0,0.0,0.0,0.0,0.0,0.0,0.0,0.0,0.0,0.0,0.0,0.0,1.0,0.0,0.0,0.0,0.0,1.0,0.0,1.0,0.0,0.0,0.0,7.0,8.0,0.0,0.0,1.0,0.0,20.0,5.0,6.0,6.0,18.0,20.0,19.0,6.0,0.0,0.0,0.0,0.0,0.0,0.0,0.0,0.0,0.0,1.0,0.0,0.0,0.0,0.0,9.0,0.0,8.0,0.0,0.0,0.0,12.0,10.0,0.0,0.0,1.0,0.0,26.0,6.0,9.0,8.0,26.0,28.0,25.0,9.0
57,1.0,57.0,London_170,,151,453,1092.0,70.0,2.0,138165.0,1.6745824343524873,758.0,17.0,0.0,17.0,28.0,0.0,28.0,175.0,236.0,106.0,33.0,53.0,3.0,16.0,3.0,3.0,5.0,88.0,149.0,211.0,31.0,0.0,0.0,0.0,0.0,0.0,0.0,0.0,0.0,0.0,0.0,0.0,0.0,0.0,0.0,0.0,0.0,0.0,0.0,0.0,0.0,0.0,0.0,0.0,0.0,0.0,0.0,0.0,0.0,0.0,0.0,0.0,0.0,0.0,0.0,0.0,0.0,0.0,0.0,0.0,0.0,0.0,2.0,1.0,2.0,0.0,0.0,2.0,0.0,1.0,2.0,1.0,5.0,1.0,1.0,0.0,0.0,0.0,0.0,0.0,0.0,0.0,0.0,0.0,0.0,0.0,0.0,0.0,0.0,0.0,0.0,0.0,0.0,0.0,0.0,0.0,2.0,1.0,2.0,0.0,0.0,2.0,0.0,1.0,3.0,2.0,6.0,1.0,2.0
58,1.0,58.0,London_170,,151,453,1092.0,70.0,2.0,163533.0,1.0673235137946904,814.0,87.0,0.0,87.0,141.0,0.0,141.0,28.0,235.0,107.0,34.0,58.0,4.0,12.0,1.0,2.0,5.0,91.0,150.0,207.0,35.0,0.0,0.0,0.0,0.0,0.0,0.0,0.0,0.0,0.0,0.0,0.0,0.0,0.0,0.0,0.0,0.0,0.0,0.0,0.0,0.0,0.0,0.0,0.0,0.0,0.0,0.0,0.0,0.0,0.0,0.0,0.0,0.0,0.0,0.0,0.0,0.0,0.0,0.0,0.0,0.0,4.0,3.0,2.0,5.0,0.0,0.0,12.0,4.0,2.0,13.0,16.0,15.0,14.0,6.0,0.0,0.0,0.0,0.0,0.0,0.0,0.0,0.0,0.0,0.0,0.0,0.0,0.0,0.0,0.0,0.0,0.0,0.0,0.0,0.0,4.0,3.0,3.0,8.0,0.0,0.0,12.0,6.0,3.0,18.0,23.0,24.0,16.0,7.0
59,1.0,59.0,London_170,,151,453,1092.0,70.0,2.0,162174.0,1.5869739591144025,811.0,96.0,0.0,96.0,157.0,0.0,157.0,141.0,239.0,125.0,28.0,36.0,2.0,14.0,2.0,7.0,6.0,89.0,155.0,203.0,35.0,0.0,0.0,0.0,0.0,0.0,0.0,0.0,0.0,0.0,0.0,0.0,0.0,0.0,0.0,0.0,0.0,0.0,0.0,0.0,0.0,0.0,0.0,0.0,0.0,0.0,0.0,0.0,0.0,0.0,0.0,0.0,0.0,0.0,0.0,0.0,0.0,0.0,0.0,0.0,0.0,1.0,9.0,1.0,1.0,3.0,0.0,4.0,2.0,9.0,3.0,15.0,30.0,17.0,13.0,0.0,0.0,0.0,0.0,0.0,0.0,0.0,0.0,0.0,0.0,0.0,0.0,0.0,0.0,0.0,0.0,0.0,0.0,0.0,0.0,1.0,12.0,1.0,1.0,3.0,0.0,6.0,3.0,11.0,5.0,20.0,35.0,22.0,18.0
60,1.0,60.0,London_170,,151,453,1092.0,70.0,2.0,150396.0,0.9579255236312747,785.0,50.0,2.0,48.0,102.0,19.0,83.0,157.0,244.0,125.0,11.0,44.0,2.0,22.0,3.0,2.0,8.0,84.0,154.0,207.0,52.0,0.0,0.0,0.0,0.0,0.0,0.0,0.0,0.0,0.0,0.0,0.0,0.0,0.0,0.0,0.0,0.0,0.0,0.0,0.0,0.0,0.0,0.0,0.0,0.0,0.0,0.0,0.0,0.0,0.0,1.0,0.0,0.0,0.0,0.0,1.0,1.0,0.0,0.0,0.0,0.0,1.0,3.0,0.0,0.0,0.0,0.0,8.0,5.0,4.0,9.0,9.0,15.0,8.0,4.0,0.0,0.0,0.0,0.0,0.0,0.0,0.0,0.0,0.0,6.0,0.0,0.0,0.0,0.0,5.0,3.0,0.0,0.0,0.0,0.0,1.0,3.0,0.0,0.0,0.0,0.0,10.0,5.0,5.0,13.0,15.0,23.0,8.0,5.0
61,1.0,61.0,London_170,,151,453,1092.0,70.0,2.0,173952.0,1.7201712257228792,837.0,185.0,0.0,185.0,318.0,0.0,318.0,102.0,250.0,123.0,19.0,32.0,6.0,18.0,4.0,1.0,9.0,87.0,155.0,202.0,55.0,0.0,0.0,0.0,0.0,0.0,0.0,0.0,0.0,0.0,0.0,0.0,0.0,0.0,0.0,0.0,0.0,0.0,0.0,0.0,0.0,0.0,0.0,0.0,0.0,0.0,0.0,0.0,0.0,0.0,0.0,0.0,0.0,0.0,0.0,0.0,0.0,0.0,0.0,0.0,0.0,2.0,23.0,0.0,2.0,7.0,0.0,1.0,1.0,1.0,6.0,34.0,45.0,19.0,11.0,0.0,0.0,0.0,0.0,0.0,0.0,0.0,0.0,0.0,0.0,0.0,0.0,0.0,0.0,0.0,0.0,0.0,0.0,0.0,0.0,2.0,31.0,0.0,3.0,7.0,0.0,2.0,1.0,1.0,6.0,50.0,70.0,21.0,17.0
62,1.0,62.0,London_170,,151,453,1092.0,70.0,2.0,134994.0,0.7581079169176519,751.0,68.0,2.0,66.0,135.0,18.0,117.0,318.0,179.0,129.0,23.0,87.0,7.0,22.0,1.0,5.0,10.0,88.0,139.0,216.0,35.0,0.0,0.0,0.0,0.0,0.0,0.0,0.0,0.0,0.0,0.0,0.0,0.0,0.0,0.0,0.0,0.0,0.0,0.0,0.0,0.0,0.0,0.0,0.0,0.0,0.0,0.0,0.0,0.0,0.0,0.0,1.0,0.0,1.0,0.0,1.0,1.0,0.0,0.0,0.0,0.0,0.0,5.0,0.0,2.0,1.0,0.0,12.0,6.0,1.0,10.0,12.0,13.0,15.0,4.0,0.0,0.0,0.0,0.0,0.0,0.0,0.0,0.0,0.0,0.0,5.0,0.0,3.0,0.0,6.0,2.0,0.0,0.0,0.0,0.0,0.0,7.0,0.0,4.0,1.0,0.0,17.0,7.0,2.0,14.0,22.0,20.0,19.0,6.0
63,1.0,63.0,London_170,,151,453,1092.0,70.0,2.0,137712.0,0.6972497492097318,757.0,21.0,0.0,21.0,32.0,0.0,32.0,135.0,186.0,119.0,22.0,91.0,4.0,25.0,2.0,4.0,8.0,95.0,140.0,210.0,38.0,0.0,0.0,0.0,0.0,0.0,0.0,0.0,0.0,0.0,0.0,0.0,0.0,0.0,0.0,0.0,0.0,0.0,0.0,0.0,0.0,0.0,0.0,0.0,0.0,0.0,0.0,0.0,0.0,0.0,0.0,0.0,0.0,0.0,0.0,0.0,0.0,0.0,0.0,0.0,0.0,0.0,0.0,0.0,1.0,0.0,0.0,4.0,4.0,3.0,2.0,5.0,3.0,3.0,2.0,0.0,0.0,0.0,0.0,0.0,0.0,0.0,0.0,0.0,0.0,0.0,0.0,0.0,0.0,0.0,0.0,0.0,0.0,0.0,0.0,0.0,0.0,0.0,1.0,0.0,0.0,5.0,6.0,3.0,2.0,6.0,5.0,3.0,2.0
64,1.0,64.0,London_170,,151,453,1092.0,70.0,2.0,169422.0,1.0247632223181427,827.0,89.0,1.0,88.0,147.0,9.0,138.0,32.0,191.0,114.0,23.0,92.0,2.0,27.0,2.0,2.0,7.0,95.0,145.0,206.0,38.0,0.0,0.0,0.0,0.0,0.0,0.0,0.0,0.0,0.0,0.0,0.0,0.0,0.0,0.0,0.0,0.0,0.0,0.0,0.0,0.0,0.0,0.0,0.0,0.0,0.0,0.0,0.0,0.0,0.0,1.0,0.0,0.0,0.0,0.0,1.0,0.0,0.0,0.0,0.0,0.0,2.0,8.0,0.0,0.0,1.0,1.0,9.0,3.0,2.0,11.0,15.0,19.0,14.0,9.0,0.0,0.0,0.0,0.0,0.0,0.0,0.0,0.0,0.0,4.0,0.0,0.0,0.0,0.0,7.0,0.0,0.0,0.0,0.0,0.0,2.0,10.0,0.0,0.0,1.0,2.0,14.0,3.0,3.0,14.0,21.0,25.0,17.0,12.0
65,1.0,65.0,London_170,,151,453,1092.0,70.0,2.0,163986.0,1.008093369193375,815.0,38.0,0.0,38.0,68.0,0.0,68.0,147.0,194.0,126.0,17.0,83.0,2.0,26.0,3.0,2.0,8.0,88.0,138.0,219.0,49.0,0.0,0.0,0.0,0.0,0.0,0.0,0.0,0.0,0.0,0.0,0.0,0.0,0.0,0.0,0.0,0.0,0.0,0.0,0.0,0.0,0.0,0.0,0.0,0.0,0.0,0.0,0.0,0.0,0.0,0.0,0.0,0.0,0.0,0.0,0.0,0.0,0.0,0.0,0.0,0.0,2.0,3.0,0.0,0.0,1.0,0.0,3.0,2.0,1.0,5.0,3.0,9.0,10.0,6.0,0.0,0.0,0.0,0.0,0.0,0.0,0.0,0.0,0.0,0.0,0.0,0.0,0.0,0.0,0.0,0.0,0.0,0.0,0.0,0.0,2.0,4.0,0.0,0.0,1.0,0.0,6.0,2.0,2.0,7.0,7.0,12.0,14.0,10.0
66,1.0,66.0,London_170,,151,453,1092.0,70.0,2.0,191619.0,1.1984092113561928,876.0,61.0,2.0,59.0,115.0,17.0,98.0,68.0,197.0,128.0,24.0,68.0,4.0,29.0,3.0,0.0,9.0,97.0,151.0,196.0,55.0,0.0,0.0,0.0,0.0,0.0,0.0,0.0,0.0,0.0,0.0,0.0,0.0,0.0,0.0,0.0,0.0,0.0,0.0,0.0,0.0,0.0,0.0,0.0,0.0,0.0,0.0,0.0,0.0,0.0,0.0,0.0,0.0,1.0,1.0,0.0,2.0,0.0,0.0,0.0,0.0,3.0,4.0,0.0,0.0,0.0,0.0,6.0,2.0,3.0,8.0,12.0,14.0,20.0,6.0,0.0,0.0,0.0,0.0,0.0,0.0,0.0,0.0,0.0,0.0,0.0,0.0,2.0,8.0,0.0,9.0,0.0,0.0,0.0,0.0,3.0,5.0,0.0,0.0,0.0,0.0,8.0,2.0,5.0,10.0,14.0,18.0,26.0,11.0
67,1.0,67.0,London_170,,151,453,1092.0,70.0,2.0,209739.0,1.3269151709973812,916.0,245.0,2.0,243.0,428.0,16.0,412.0,115.0,209.0,124.0,25.0,66.0,4.0,23.0,1.0,1.0,10.0,88.0,139.0,216.0,51.0,0.0,0.0,0.0,0.0,0.0,0.0,0.0,0.0,0.0,0.0,0.0,0.0,0.0,0.0,0.0,0.0,0.0,0.0,0.0,0.0,0.0,0.0,0.0,0.0,0.0,0.0,0.0,0.0,0.0,0.0,0.0,0.0,0.0,2.0,0.0,1.0,0.0,0.0,0.0,0.0,1.0,27.0,0.0,6.0,5.0,1.0,10.0,7.0,1.0,5.0,40.0,54.0,27.0,14.0,0.0,0.0,0.0,0.0,0.0,0.0,0.0,0.0,0.0,0.0,0.0,0.0,0.0,10.0,0.0,1.0,0.0,0.0,0.0,0.0,1.0,39.0,0.0,8.0,6.0,2.0,10.0,9.0,1.0,6.0,60.0,76.0,33.0,18.0
68,1.0,68.0,London_170,,151,453,1092.0,70.0,2.0,135447.0,0.4884334122762084,752.0,122.0,2.0,120.0,225.0,18.0,207.0,428.0,72.0,170.0,29.0,127.0,11.0,35.0,1.0,8.0,8.0,74.0,153.0,218.0,54.0,0.0,0.0,0.0,0.0,0.0,0.0,0.0,0.0,0.0,0.0,0.0,0.0,0.0,0.0,0.0,0.0,0.0,0.0,0.0,0.0,0.0,0.0,0.0,0.0,0.0,0.0,0.0,0.0,0.0,0.0,0.0,0.0,2.0,2.0,0.0,1.0,1.0,0.0,0.0,0.0,12.0,2.0,0.0,0.0,1.0,0.0,8.0,6.0,7.0,14.0,21.0,29.0,17.0,13.0,0.0,0.0,0.0,0.0,0.0,0.0,0.0,0.0,0.0,0.0,0.0,0.0,10.0,16.0,0.0,7.0,8.0,0.0,0.0,0.0,13.0,3.0,0.0,0.0,1.0,0.0,11.0,7.0,10.0,19.0,29.0,44.0,22.0,23.0
69,1.0,69.0,London_170,,151,453,1092.0,70.0,2.0,115515.0,0.46488671423867345,708.0,27.0,0.0,27.0,45.0,0.0,45.0,225.0,83.0,173.0,34.0,104.0,8.0,42.0,1.0,8.0,5.0,82.0,144.0,222.0,70.0,0.0,0.0,0.0,0.0,0.0,0.0,0.0,0.0,0.0,0.0,0.0,0.0,0.0,0.0,0.0,0.0,0.0,0.0,0.0,0.0,0.0,0.0,0.0,0.0,0.0,0.0,0.0,0.0,0.0,0.0,0.0,0.0,0.0,0.0,0.0,0.0,0.0,0.0,0.0,0.0,0.0,1.0,0.0,0.0,0.0,0.0,0.0,2.0,1.0,4.0,6.0,7.0,6.0,2.0,0.0,0.0,0.0,0.0,0.0,0.0,0.0,0.0,0.0,0.0,0.0,0.0,0.0,0.0,0.0,0.0,0.0,0.0,0.0,0.0,0.0,1.0,0.0,0.0,0.0,0.0,0.0,3.0,1.0,5.0,11.0,10.0,8.0,3.0
70,1.0,70.0,London_170,,151,453,1092.0,70.0,2.0,137259.0,0.6183149479329586,756.0,19.0,0.0,19.0,31.0,0.0,31.0,45.0,83.0,168.0,36.0,105.0,9.0,45.0,1.0,6.0,7.0,76.0,135.0,235.0,75.0,0.0,0.0,0.0,0.0,0.0,0.0,0.0,0.0,0.0,0.0,0.0,0.0,0.0,0.0,0.0,0.0,0.0,0.0,0.0,0.0,0.0,0.0,0.0,0.0,0.0,0.0,0.0,0.0,0.0,0.0,0.0,0.0,0.0,0.0,0.0,0.0,0.0,0.0,0.0,0.0,1.0,1.0,0.0,0.0,0.0,0.0,1.0,3.0,0.0,0.0,3.0,3.0,4.0,0.0,0.0,0.0,0.0,0.0,0.0,0.0,0.0,0.0,0.0,0.0,0.0,0.0,0.0,0.0,0.0,0.0,0.0,0.0,0.0,0.0,2.0,2.0,0.0,0.0,0.0,0.0,1.0,3.0,0.0,0.0,5.0,7.0,4.0,0.0
71,1.0,71.0,London_170,,151,453,1092.0,70.0,2.0,163080.0,0.6782104959711432,813.0,45.0,0.0,45.0,82.0,0.0,82.0,31.0,83.0,175.0,35.0,98.0,9.0,46.0,1.0,6.0,6.0,77.0,139.0,231.0,74.0,0.0,0.0,0.0,0.0,0.0,0.0,0.0,0.0,0.0,0.0,0.0,0.0,0.0,0.0,0.0,0.0,0.0,0.0,0.0,0.0,0.0,0.0,0.0,0.0,0.0,0.0,0.0,0.0,0.0,0.0,0.0,0.0,0.0,0.0,0.0,0.0,0.0,0.0,0.0,0.0,4.0,2.0,0.0,1.0,0.0,0.0,5.0,5.0,3.0,4.0,12.0,10.0,11.0,3.0,0.0,0.0,0.0,0.0,0.0,0.0,0.0,0.0,0.0,0.0,0.0,0.0,0.0,0.0,0.0,0.0,0.0,0.0,0.0,0.0,6.0,2.0,0.0,2.0,0.0,0.0,6.0,8.0,3.0,4.0,16.0,15.0,14.0,5.0
72,1.0,72.0,London_170,,151,453,1092.0,70.0,2.0,170781.0,0.7681481940671802,830.0,149.0,0.0,149.0,272.0,0.0,272.0,82.0,77.0,187.0,33.0,92.0,10.0,44.0,2.0,8.0,7.0,66.0,154.0,226.0,83.0,0.0,0.0,0.0,0.0,0.0,0.0,0.0,0.0,0.0,0.0,0.0,0.0,0.0,0.0,0.0,0.0,0.0,0.0,0.0,0.0,0.0,0.0,0.0,0.0,0.0,0.0,0.0,0.0,0.0,0.0,0.0,0.0,0.0,0.0,0.0,0.0,0.0,0.0,0.0,0.0,1.0,6.0,0.0,1.0,7.0,0.0,9.0,11.0,6.0,22.0,29.0,36.0,26.0,8.0,0.0,0.0,0.0,0.0,0.0,0.0,0.0,0.0,0.0,0.0,0.0,0.0,0.0,0.0,0.0,0.0,0.0,0.0,0.0,0.0,1.0,10.0,0.0,2.0,9.0,0.0,12.0,18.0,10.0,33.0,52.0,55.0,30.0,10.0
73,1.0,73.0,London_170,,151,453,1092.0,70.0,2.0,146772.0,2.01181420404464,777.0,70.0,2.0,68.0,138.0,19.0,119.0,272.0,109.0,164.0,27.0,79.0,17.0,49.0,3.0,5.0,10.0,79.0,159.0,205.0,85.0,0.0,0.0,0.0,0.0,0.0,0.0,0.0,0.0,0.0,0.0,0.0,0.0,0.0,0.0,0.0,0.0,0.0,0.0,0.0,0.0,0.0,0.0,0.0,0.0,0.0,0.0,0.0,0.0,0.0,2.0,0.0,1.0,0.0,0.0,2.0,2.0,1.0,0.0,0.0,0.0,1.0,3.0,0.0,0.0,0.0,1.0,13.0,8.0,1.0,8.0,7.0,17.0,10.0,6.0,0.0,0.0,0.0,0.0,0.0,0.0,0.0,0.0,0.0,6.0,0.0,8.0,0.0,0.0,12.0,6.0,7.0,0.0,0.0,0.0,1.0,4.0,0.0,0.0,0.0,3.0,18.0,12.0,1.0,13.0,9.0,24.0,12.0,9.0
74,1.0,74.0,London_170,,151,453,1092.0,70.0,2.0,154926.0,0.8123269123025239,795.0,130.0,2.0,128.0,243.0,17.0,226.0,138.0,122.0,169.0,24.0,77.0,12.0,43.0,0.0,6.0,12.0,81.0,157.0,203.0,82.0,0.0,0.0,0.0,0.0,0.0,0.0,0.0,0.0,0.0,0.0,0.0,0.0,0.0,0.0,0.0,0.0,0.0,0.0,0.0,0.0,0.0,0.0,0.0,0.0,0.0,0.0,0.0,0.0,0.0,1.0,0.0,0.0,1.0,0.0,1.0,2.0,0.0,0.0,0.0,0.0,2.0,13.0,1.0,4.0,11.0,0.0,10.0,5.0,5.0,2.0,22.0,25.0,13.0,18.0,0.0,0.0,0.0,0.0,0.0,0.0,0.0,0.0,0.0,5.0,0.0,0.0,3.0,0.0,6.0,7.0,0.0,0.0,0.0,0.0,2.0,16.0,2.0,7.0,13.0,0.0,10.0,7.0,6.0,3.0,34.0,37.0,15.0,28.0
75,1.0,75.0,London_170,,151,453,1092.0,70.0,2.0,132729.0,0.6499615670181811,746.0,58.0,2.0,56.0,118.0,18.0,100.0,243.0,151.0,150.0,21.0,75.0,17.0,33.0,1.0,5.0,4.0,73.0,156.0,220.0,66.0,0.0,0.0,0.0,0.0,0.0,0.0,0.0,0.0,0.0,0.0,0.0,0.0,0.0,0.0,0.0,0.0,0.0,0.0,0.0,0.0,0.0,0.0,0.0,0.0,0.0,0.0,0.0,0.0,0.0,2.0,0.0,0.0,1.0,0.0,0.0,0.0,0.0,0.0,0.0,0.0,4.0,0.0,0.0,0.0,0.0,0.0,9.0,4.0,2.0,5.0,16.0,10.0,12.0,3.0,0.0,0.0,0.0,0.0,0.0,0.0,0.0,0.0,0.0,6.0,0.0,0.0,4.0,0.0,0.0,0.0,0.0,0.0,0.0,0.0,6.0,0.0,0.0,0.0,0.0,0.0,12.0,8.0,3.0,8.0,22.0,21.0,14.0,6.0
76,1.0,76.0,London_170,,151,453,1092.0,70.0,2.0,150849.0,0.7213020022027194,786.0,98.0,1.0,97.0,178.0,9.0,169.0,118.0,159.0,148.0,21.0,78.0,14.0,25.0,1.0,7.0,4.0,85.0,145.0,219.0,59.0,0.0,0.0,0.0,0.0,0.0,0.0,0.0,0.0,0.0,0.0,0.0,0.0,0.0,0.0,0.0,0.0,0.0,0.0,0.0,0.0,0.0,0.0,0.0,0.0,0.0,0.0,0.0,0.0,0.0,0.0,0.0,0.0,0.0,0.0,0.0,1.0,0.0,0.0,0.0,0.0,5.0,12.0,0.0,1.0,4.0,0.0,11.0,7.0,6.0,10.0,20.0,27.0,16.0,10.0,0.0,0.0,0.0,0.0,0.0,0.0,0.0,0.0,0.0,0.0,0.0,0.0,0.0,0.0,0.0,3.0,0.0,0.0,0.0,0.0,10.0,16.0,0.0,1.0,4.0,0.0,17.0,13.0,8.0,14.0,34.0,36.0,22.0,15.0
77,1.0,77.0,London_170,,151,453,1092.0,70.0,2.0,144507.0,0.6740687778219581,772.0,9.0,2.0,7.0,30.0,20.0,10.0,178.0,175.0,136.0,21.0,75.0,12.0,24.0,2.0,8.0,5.0,87.0,144.0,217.0,53.0,0.0,0.0,0.0,0.0,0.0,0.0,0.0,0.0,0.0,0.0,0.0,0.0,0.0,0.0,0.0,0.0,0.0,0.0,0.0,0.0,0.0,0.0,0.0,0.0,0.0,0.0,0.0,0.0,0.0,0.0,1.0,0.0,1.0,0.0,0.0,2.0,0.0,0.0,0.0,0.0,0.0,0.0,0.0,0.0,0.0,0.0,0.0,0.0,0.0,2.0,1.0,2.0,2.0,0.0,0.0,0.0,0.0,0.0,0.0,0.0,0.0,0.0,0.0,0.0,5.0,0.0,4.0,0.0,0.0,7.0,0.0,0.0,0.0,0.0,0.0,0.0,0.0,0.0,0.0,0.0,0.0,0.0,0.0,3.0,1.0,2.0,3.0,0.0
78,1.0,78.0,London_170,,151,453,1092.0,70.0,2.0,175311.0,0.9135872377082705,840.0,51.0,2.0,49.0,103.0,20.0,83.0,30.0,178.0,131.0,20.0,77.0,12.0,25.0,2.0,8.0,5.0,86.0,139.0,223.0,53.0,0.0,0.0,0.0,0.0,0.0,0.0,0.0,0.0,0.0,0.0,0.0,0.0,0.0,0.0,0.0,0.0,0.0,0.0,0.0,0.0,0.0,0.0,0.0,0.0,0.0,0.0,0.0,0.0,0.0,1.0,1.0,0.0,1.0,1.0,0.0,1.0,1.0,0.0,0.0,0.0,0.0,2.0,2.0,1.0,0.0,1.0,8.0,1.0,2.0,8.0,8.0,16.0,8.0,5.0,0.0,0.0,0.0,0.0,0.0,0.0,0.0,0.0,0.0,3.0,5.0,0.0,4.0,9.0,0.0,4.0,10.0,0.0,0.0,0.0,0.0,3.0,3.0,2.0,0.0,2.0,9.0,1.0,3.0,11.0,13.0,23.0,11.0,8.0
79,1.0,79.0,London_170,,151,453,1092.0,70.0,2.0,200679.0,1.5714702080003917,896.0,175.0,0.0,175.0,296.0,0.0,296.0,103.0,182.0,146.0,20.0,68.0,11.0,17.0,1.0,8.0,4.0,85.0,150.0,214.0,59.0,0.0,0.0,0.0,0.0,0.0,0.0,0.0,0.0,0.0,0.0,0.0,0.0,0.0,0.0,0.0,0.0,0.0,0.0,0.0,0.0,0.0,0.0,0.0,0.0,0.0,0.0,0.0,0.0,0.0,0.0,0.0,0.0,0.0,0.0,0.0,0.0,0.0,0.0,0.0,0.0,1.0,2.0,0.0,3.0,7.0,0.0,15.0,13.0,4.0,15.0,33.0,52.0,23.0,15.0,0.0,0.0,0.0,0.0,0.0,0.0,0.0,0.0,0.0,0.0,0.0,0.0,0.0,0.0,0.0,0.0,0.0,0.0,0.0,0.0,1.0,3.0,0.0,3.0,8.0,0.0,20.0,17.0,4.0,22.0,51.0,72.0,29.0,22.0
80,1.0,80.0,London_170,,151,453,1092.0,70.0,2.0,161268.0,1.5119955870322883,809.0,46.0,2.0,44.0,99.0,18.0,81.0,296.0,199.0,108.0,19.0,89.0,2.0,29.0,3.0,4.0,8.0,76.0,166.0,203.0,40.0,0.0,0.0,0.0,0.0,0.0,0.0,0.0,0.0,0.0,0.0,0.0,0.0,0.0,0.0,0.0,0.0,0.0,0.0,0.0,0.0,0.0,0.0,0.0,0.0,0.0,0.0,0.0,0.0,0.0,1.0,0.0,0.0,1.0,2.0,0.0,2.0,0.0,0.0,0.0,0.0,0.0,4.0,0.0,0.0,0.0,1.0,6.0,2.0,2.0,0.0,5.0,12.0,9.0,2.0,0.0,0.0,0.0,0.0,0.0,0.0,0.0,0.0,0.0,1.0,0.0,0.0,7.0,16.0,0.0,8.0,0.0,0.0,0.0,0.0,0.0,5.0,0.0,0.0,0.0,1.0,8.0,2.0,2.0,0.0,8.0,20.0,13.0,3.0
81,1.0,81.0,London_170,,151,453,1092.0,70.0,2.0,182106.0,0.8766766977496445,855.0,174.0,0.0,174.0,294.0,0.0,294.0,99.0,206.0,93.0,25.0,94.0,3.0,25.0,3.0,4.0,9.0,68.0,173.0,203.0,43.0,0.0,0.0,0.0,0.0,0.0,0.0,0.0,0.0,0.0,0.0,0.0,0.0,0.0,0.0,0.0,0.0,0.0,0.0,0.0,0.0,0.0,0.0,0.0,0.0,0.0,0.0,0.0,0.0,0.0,0.0,0.0,0.0,0.0,0.0,0.0,0.0,0.0,0.0,0.0,0.0,2.0,17.0,0.0,2.0,1.0,0.0,4.0,3.0,2.0,22.0,29.0,39.0,17.0,16.0,0.0,0.0,0.0,0.0,0.0,0.0,0.0,0.0,0.0,0.0,0.0,0.0,0.0,0.0,0.0,0.0,0.0,0.0,0.0,0.0,2.0,22.0,0.0,4.0,1.0,0.0,5.0,3.0,3.0,36.0,42.0,54.0,23.0,26.0
82,1.0,82.0,London_170,,151,453,1092.0,70.0,2.0,134541.0,0.6924576782621443,750.0,88.0,0.0,88.0,155.0,0.0,155.0,294.0,187.0,131.0,14.0,81.0,6.0,26.0,2.0,6.0,4.0,85.0,158.0,206.0,39.0,0.0,0.0,0.0,0.0,0.0,0.0,0.0,0.0,0.0,0.0,0.0,0.0,0.0,0.0,0.0,0.0,0.0,0.0,0.0,0.0,0.0,0.0,0.0,0.0,0.0,0.0,0.0,0.0,0.0,0.0,0.0,0.0,0.0,0.0,0.0,0.0,0.0,0.0,0.0,0.0,4.0,1.0,1.0,0.0,0.0,0.0,7.0,5.0,9.0,6.0,16.0,22.0,26.0,10.0,0.0,0.0,0.0,0.0,0.0,0.0,0.0,0.0,0.0,0.0,0.0,0.0,0.0,0.0,0.0,0.0,0.0,0.0,0.0,0.0,5.0,1.0,1.0,0.0,0.0,0.0,8.0,5.0,12.0,9.0,25.0,30.0,37.0,14.0
83,1.0,83.0,London_170,,151,453,1092.0,70.0,2.0,129558.0,0.6624571229331195,739.0,42.0,0.0,42.0,81.0,0.0,81.0,155.0,193.0,138.0,15.0,59.0,9.0,25.0,2.0,12.0,6.0,75.0,163.0,209.0,46.0,0.0,0.0,0.0,0.0,0.0,0.0,0.0,0.0,0.0,0.0,0.0,0.0,0.0,0.0,0.0,0.0,0.0,0.0,0.0,0.0,0.0,0.0,0.0,0.0,0.0,0.0,0.0,0.0,0.0,0.0,0.0,0.0,0.0,0.0,0.0,0.0,0.0,0.0,0.0,0.0,1.0,1.0,0.0,0.0,0.0,0.0,12.0,1.0,0.0,7.0,10.0,10.0,7.0,4.0,0.0,0.0,0.0,0.0,0.0,0.0,0.0,0.0,0.0,0.0,0.0,0.0,0.0,0.0,0.0,0.0,0.0,0.0,0.0,0.0,2.0,2.0,0.0,0.0,0.0,0.0,17.0,2.0,0.0,9.0,19.0,12.0,8.0,6.0
84,1.0,84.0,London_170,,151,453,1092.0,70.0,2.0,148584.0,0.7924038167111576,781.0,58.0,0.0,58.0,99.0,0.0,99.0,81.0,203.0,131.0,15.0,47.0,10.0,35.0,1.0,11.0,8.0,78.0,167.0,200.0,54.0,0.0,0.0,0.0,0.0,0.0,0.0,0.0,0.0,0.0,0.0,0.0,0.0,0.0,0.0,0.0,0.0,0.0,0.0,0.0,0.0,0.0,0.0,0.0,0.0,0.0,0.0,0.0,0.0,0.0,0.0,0.0,0.0,0.0,0.0,0.0,0.0,0.0,0.0,0.0,0.0,4.0,2.0,2.0,0.0,0.0,0.0,11.0,6.0,2.0,7.0,13.0,18.0,13.0,7.0,0.0,0.0,0.0,0.0,0.0,0.0,0.0,0.0,0.0,0.0,0.0,0.0,0.0,0.0,0.0,0.0,0.0,0.0,0.0,0.0,5.0,2.0,3.0,0.0,0.0,0.0,15.0,6.0,3.0,11.0,19.0,29.0,17.0,12.0
85,1.0,85.0,London_170,,151,453,1092.0,70.0,2.0,166704.0,0.8567987089045346,821.0,112.0,0.0,112.0,194.0,0.0,194.0,99.0,212.0,150.0,14.0,29.0,5.0,31.0,1.0,11.0,8.0,78.0,175.0,192.0,65.0,0.0,0.0,0.0,0.0,0.0,0.0,0.0,0.0,0.0,0.0,0.0,0.0,0.0,0.0,0.0,0.0,0.0,0.0,0.0,0.0,0.0,0.0,0.0,0.0,0.0,0.0,0.0,0.0,0.0,0.0,0.0,0.0,0.0,0.0,0.0,0.0,0.0,0.0,0.0,0.0,4.0,8.0,0.0,2.0,0.0,0.0,16.0,6.0,7.0,15.0,23.0,24.0,26.0,8.0,0.0,0.0,0.0,0.0,0.0,0.0,0.0,0.0,0.0,0.0,0.0,0.0,0.0,0.0,0.0,0.0,0.0,0.0,0.0,0.0,4.0,13.0,0.0,4.0,0.0,0.0,19.0,9.0,8.0,17.0,38.0,35.0,33.0,15.0
86,1.0,86.0,London_170,,151,453,1092.0,70.0,2.0,152208.0,0.8327630339190364,789.0,65.0,0.0,65.0,110.0,0.0,110.0,194.0,220.0,105.0,21.0,47.0,10.0,41.0,2.0,7.0,8.0,83.0,175.0,187.0,44.0,0.0,0.0,0.0,0.0,0.0,0.0,0.0,0.0,0.0,0.0,0.0,0.0,0.0,0.0,0.0,0.0,0.0,0.0,0.0,0.0,0.0,0.0,0.0,0.0,0.0,0.0,0.0,0.0,0.0,0.0,0.0,0.0,0.0,0.0,0.0,0.0,0.0,0.0,0.0,0.0,3.0,6.0,0.0,0.0,1.0,0.0,3.0,6.0,9.0,5.0,11.0,17.0,15.0,6.0,0.0,0.0,0.0,0.0,0.0,0.0,0.0,0.0,0.0,0.0,0.0,0.0,0.0,0.0,0.0,0.0,0.0,0.0,0.0,0.0,3.0,7.0,0.0,0.0,1.0,0.0,3.0,7.0,16.0,5.0,15.0,25.0,18.0,12.0
87,1.0,87.0,London_170,,151,453,1092.0,70.0,2.0,155379.0,0.865043246652931,796.0,80.0,2.0,78.0,161.0,18.0,143.0,110.0,228.0,100.0,20.0,43.0,9.0,42.0,2.0,9.0,10.0,86.0,174.0,183.0,48.0,0.0,0.0,0.0,0.0,0.0,0.0,0.0,0.0,0.0,0.0,0.0,0.0,0.0,0.0,0.0,0.0,0.0,0.0,0.0,0.0,0.0,0.0,0.0,0.0,0.0,0.0,0.0,0.0,0.0,0.0,0.0,0.0,0.0,0.0,1.0,0.0,0.0,0.0,0.0,0.0,3.0,3.0,1.0,2.0,0.0,0.0,12.0,7.0,1.0,9.0,14.0,18.0,15.0,7.0,0.0,0.0,0.0,0.0,0.0,0.0,0.0,0.0,0.0,0.0,0.0,0.0,0.0,0.0,7.0,0.0,0.0,0.0,0.0,0.0,3.0,4.0,1.0,3.0,0.0,0.0,14.0,10.0,1.0,12.0,24.0,26.0,21.0,9.0
88,1.0,88.0,London_170,,151,453,1092.0,70.0,2.0,153567.0,0.8604731503874063,792.0,70.0,2.0,68.0,141.0,19.0,122.0,161.0,228.0,89.0,21.0,42.0,9.0,50.0,2.0,12.0,9.0,75.0,174.0,195.0,38.0,0.0,0.0,0.0,0.0,0.0,0.0,0.0,0.0,0.0,0.0,0.0,0.0,0.0,0.0,0.0,0.0,0.0,0.0,0.0,0.0,0.0,0.0,0.0,0.0,0.0,0.0,0.0,0.0,0.0,1.0,0.0,0.0,1.0,1.0,1.0,1.0,0.0,0.0,0.0,0.0,3.0,0.0,0.0,0.0,0.0,0.0,3.0,6.0,2.0,9.0,8.0,11.0,11.0,11.0,0.0,0.0,0.0,0.0,0.0,0.0,0.0,0.0,0.0,2.0,0.0,0.0,6.0,6.0,7.0,4.0,0.0,0.0,0.0,0.0,4.0,0.0,0.0,0.0,0.0,0.0,3.0,10.0,3.0,12.0,12.0,15.0,16.0,17.0
89,1.0,89.0,London_170,,151,453,1092.0,70.0,2.0,164439.0,1.5007886881940067,816.0,110.0,1.0,109.0,199.0,10.0,189.0,141.0,240.0,84.0,30.0,31.0,2.0,48.0,3.0,15.0,7.0,83.0,158.0,205.0,42.0,0.0,0.0,0.0,0.0,0.0,0.0,0.0,0.0,0.0,0.0,0.0,0.0,0.0,0.0,0.0,0.0,0.0,0.0,0.0,0.0,0.0,0.0,0.0,0.0,0.0,0.0,0.0,0.0,0.0,1.0,0.0,0.0,1.0,1.0,0.0,1.0,0.0,0.0,0.0,0.0,1.0,11.0,0.0,1.0,0.0,0.0,11.0,9.0,11.0,8.0,25.0,21.0,15.0,8.0,0.0,0.0,0.0,0.0,0.0,0.0,0.0,0.0,0.0,7.0,0.0,0.0,7.0,6.0,0.0,4.0,0.0,0.0,0.0,0.0,1.0,20.0,0.0,1.0,0.0,0.0,14.0,11.0,16.0,11.0,34.0,31.0,20.0,12.0
90,1.0,90.0,London_170,,151,453,1092.0,70.0,2.0,151755.0,0.902886054944247,788.0,85.0,1.0,84.0,152.0,10.0,142.0,199.0,247.0,79.0,15.0,48.0,5.0,43.0,1.0,15.0,6.0,74.0,172.0,201.0,25.0,0.0,0.0,0.0,0.0,0.0,0.0,0.0,0.0,0.0,0.0,0.0,0.0,0.0,0.0,0.0,0.0,0.0,0.0,0.0,0.0,0.0,0.0,0.0,0.0,0.0,0.0,0.0,0.0,0.0,1.0,0.0,0.0,0.0,0.0,0.0,1.0,0.0,0.0,0.0,0.0,1.0,5.0,1.0,0.0,0.0,0.0,7.0,8.0,13.0,8.0,15.0,16.0,14.0,9.0,0.0,0.0,0.0,0.0,0.0,0.0,0.0,0.0,0.0,5.0,0.0,0.0,0.0,0.0,0.0,2.0,0.0,0.0,0.0,0.0,1.0,5.0,1.0,0.0,0.0,0.0,9.0,11.0,16.0,14.0,22.0,23.0,19.0,13.0
91,1.0,91.0,London_170,,151,453,1092.0,70.0,2.0,151755.0,0.8928167866542935,788.0,65.0,0.0,65.0,121.0,0.0,121.0,152.0,251.0,80.0,13.0,41.0,8.0,47.0,3.0,10.0,7.0,73.0,173.0,200.0,37.0,0.0,0.0,0.0,0.0,0.0,0.0,0.0,0.0,0.0,0.0,0.0,0.0,0.0,0.0,0.0,0.0,0.0,0.0,0.0,0.0,0.0,0.0,0.0,0.0,0.0,0.0,0.0,0.0,0.0,0.0,0.0,0.0,0.0,0.0,0.0,0.0,0.0,0.0,0.0,0.0,1.0,8.0,5.0,0.0,4.0,0.0,8.0,5.0,4.0,7.0,12.0,19.0,10.0,3.0,0.0,0.0,0.0,0.0,0.0,0.0,0.0,0.0,0.0,0.0,0.0,0.0,0.0,0.0,0.0,0.0,0.0,0.0,0.0,0.0,1.0,10.0,5.0,0.0,4.0,0.0,11.0,8.0,5.0,13.0,21.0,27.0,13.0,4.0
92,1.0,92.0,London_170,,151,453,1092.0,70.0,2.0,159909.0,0.9765200237743556,806.0,146.0,2.0,144.0,265.0,18.0,247.0,121.0,246.0,86.0,8.0,40.0,9.0,51.0,2.0,11.0,6.0,72.0,173.0,202.0,39.0,0.0,0.0,0.0,0.0,0.0,0.0,0.0,0.0,0.0,0.0,0.0,0.0,0.0,0.0,0.0,0.0,0.0,0.0,0.0,0.0,0.0,0.0,0.0,0.0,0.0,0.0,0.0,0.0,0.0,1.0,0.0,0.0,1.0,0.0,1.0,1.0,0.0,0.0,0.0,0.0,4.0,12.0,1.0,0.0,1.0,0.0,9.0,14.0,4.0,10.0,29.0,32.0,24.0,13.0,0.0,0.0,0.0,0.0,0.0,0.0,0.0,0.0,0.0,4.0,0.0,0.0,3.0,0.0,6.0,1.0,0.0,0.0,0.0,0.0,5.0,15.0,2.0,0.0,1.0,0.0,10.0,21.0,5.0,13.0,41.0,46.0,31.0,19.0
93,1.0,93.0,London_170,,151,453,1092.0,70.0,2.0,130917.0,0.846670760307461,742.0,24.0,2.0,22.0,50.0,16.0,34.0,265.0,192.0,102.0,23.0,61.0,9.0,56.0,3.0,7.0,8.0,74.0,172.0,199.0,25.0,0.0,0.0,0.0,0.0,0.0,0.0,0.0,0.0,0.0,0.0,0.0,0.0,0.0,0.0,0.0,0.0,0.0,0.0,0.0,0.0,0.0,0.0,0.0,0.0,0.0,0.0,0.0,0.0,0.0,1.0,0.0,0.0,0.0,1.0,1.0,2.0,0.0,0.0,0.0,0.0,0.0,0.0,0.0,0.0,0.0,0.0,2.0,3.0,0.0,4.0,5.0,5.0,3.0,3.0,0.0,0.0,0.0,0.0,0.0,0.0,0.0,0.0,0.0,3.0,0.0,0.0,0.0,5.0,7.0,5.0,0.0,0.0,0.0,0.0,0.0,0.0,0.0,0.0,0.0,0.0,2.0,3.0,0.0,5.0,6.0,6.0,4.0,6.0
94,1.0,94.0,London_170,,151,453,1092.0,70.0,2.0,158550.0,1.0452265669591725,803.0,95.0,2.0,93.0,173.0,18.0,155.0,50.0,193.0,114.0,26.0,59.0,2.0,49.0,3.0,7.0,9.0,77.0,169.0,198.0,28.0,0.0,0.0,0.0,0.0,0.0,0.0,0.0,0.0,0.0,0.0,0.0,0.0,0.0,0.0,0.0,0.0,0.0,0.0,0.0,0.0,0.0,0.0,0.0,0.0,0.0,0.0,0.0,0.0,0.0,1.0,0.0,0.0,1.0,0.0,1.0,0.0,0.0,0.0,0.0,0.0,3.0,7.0,0.0,3.0,2.0,0.0,5.0,4.0,5.0,15.0,16.0,26.0,14.0,6.0,0.0,0.0,0.0,0.0,0.0,0.0,0.0,0.0,0.0,4.0,0.0,0.0,1.0,0.0,8.0,0.0,0.0,0.0,0.0,0.0,4.0,9.0,0.0,7.0,2.0,0.0,5.0,6.0,6.0,22.0,24.0,44.0,16.0,9.0
95,1.0,95.0,London_170,,151,453,1092.0,70.0,2.0,157191.0,0.9095601541921496,800.0,66.0,0.0,66.0,109.0,0.0,109.0,173.0,204.0,125.0,18.0,56.0,1.0,38.0,5.0,6.0,6.0,85.0,151.0,211.0,33.0,0.0,0.0,0.0,0.0,0.0,0.0,0.0,0.0,0.0,0.0,0.0,0.0,0.0,0.0,0.0,0.0,0.0,0.0,0.0,0.0,0.0,0.0,0.0,0.0,0.0,0.0,0.0,0.0,0.0,0.0,0.0,0.0,0.0,0.0,0.0,0.0,0.0,0.0,0.0,0.0,2.0,4.0,2.0,1.0,0.0,1.0,7.0,2.0,5.0,5.0,12.0,10.0,11.0,4.0,0.0,0.0,0.0,0.0,0.0,0.0,0.0,0.0,0.0,0.0,0.0,0.0,0.0,0.0,0.0,0.0,0.0,0.0,0.0,0.0,3.0,5.0,2.0,1.0,0.0,1.0,9.0,3.0,9.0,8.0,16.0,15.0,12.0,9.0
96,1.0,96.0,London_170,,151,453,1092.0,70.0,2.0,171687.0,1.0927570797502995,832.0,78.0,1.0,77.0,146.0,10.0,136.0,109.0,212.0,126.0,15.0,49.0,2.0,39.0,8.0,2.0,11.0,88.0,147.0,207.0,42.0,0.0,0.0,0.0,0.0,0.0,0.0,0.0,0.0,0.0,0.0,0.0,0.0,0.0,0.0,0.0,0.0,0.0,0.0,0.0,0.0,0.0,0.0,0.0,0.0,0.0,0.0,0.0,0.0,0.0,1.0,0.0,0.0,1.0,0.0,1.0,0.0,1.0,0.0,0.0,0.0,4.0,1.0,3.0,2.0,0.0,0.0,8.0,2.0,1.0,15.0,12.0,26.0,12.0,7.0,0.0,0.0,0.0,0.0,0.0,0.0,0.0,0.0,0.0,6.0,0.0,0.0,7.0,0.0,8.0,0.0,7.0,0.0,0.0,0.0,5.0,1.0,3.0,3.0,0.0,0.0,9.0,2.0,1.0,23.0,19.0,36.0,17.0,11.0
97,1.0,97.0,London_170,,151,453,1092.0,70.0,2.0,181200.0,1.2313446109183133,853.0,114.0,0.0,114.0,197.0,0.0,197.0,146.0,215.0,141.0,18.0,47.0,2.0,26.0,1.0,3.0,9.0,90.0,154.0,200.0,51.0,0.0,0.0,0.0,0.0,0.0,0.0,0.0,0.0,0.0,0.0,0.0,0.0,0.0,0.0,0.0,0.0,0.0,0.0,0.0,0.0,0.0,0.0,0.0,0.0,0.0,0.0,0.0,0.0,0.0,0.0,0.0,0.0,0.0,0.0,0.0,0.0,0.0,0.0,0.0,0.0,1.0,9.0,1.0,1.0,4.0,0.0,7.0,7.0,5.0,6.0,16.0,32.0,22.0,6.0,0.0,0.0,0.0,0.0,0.0,0.0,0.0,0.0,0.0,0.0,0.0,0.0,0.0,0.0,0.0,0.0,0.0,0.0,0.0,0.0,2.0,12.0,1.0,1.0,4.0,0.0,9.0,7.0,8.0,8.0,22.0,53.0,24.0,14.0
98,1.0,98.0,London_170,,151,453,1092.0,70.0,2.0,164439.0,0.8681758330203593,816.0,76.0,0.0,76.0,139.0,0.0,139.0,197.0,215.0,129.0,13.0,66.0,2.0,24.0,0.0,4.0,12.0,78.0,154.0,209.0,60.0,0.0,0.0,0.0,0.0,0.0,0.0,0.0,0.0,0.0,0.0,0.0,0.0,0.0,0.0,0.0,0.0,0.0,0.0,0.0,0.0,0.0,0.0,0.0,0.0,0.0,0.0,0.0,0.0,0.0,0.0,0.0,0.0,0.0,0.0,0.0,0.0,0.0,0.0,0.0,0.0,3.0,1.0,1.0,0.0,2.0,0.0,6.0,4.0,11.0,2.0,15.0,22.0,12.0,6.0,0.0,0.0,0.0,0.0,0.0,0.0,0.0,0.0,0.0,0.0,0.0,0.0,0.0,0.0,0.0,0.0,0.0,0.0,0.0,0.0,3.0,1.0,1.0,0.0,2.0,0.0,6.0,6.0,14.0,4.0,24.0,33.0,16.0,9.0
99,1.0,99.0,London_170,,151,453,1092.0,70.0,2.0,168063.0,0.8999768542125821,824.0,91.0,2.0,89.0,179.0,16.0,163.0,139.0,209.0,136.0,12.0,58.0,4.0,27.0,3.0,4.0,13.0,82.0,147.0,211.0,57.0,0.0,0.0,0.0,0.0,0.0,0.0,0.0,0.0,0.0,0.0,0.0,0.0,0.0,0.0,0.0,0.0,0.0,0.0,0.0,0.0,0.0,0.0,0.0,0.0,0.0,0.0,0.0,0.0,0.0,1.0,0.0,0.0,0.0,0.0,0.0,1.0,0.0,0.0,0.0,0.0,3.0,2.0,0.0,1.0,1.0,0.0,16.0,4.0,7.0,6.0,27.0,20.0,16.0,7.0,0.0,0.0,0.0,0.0,0.0,0.0,0.0,0.0,0.0,2.0,0.0,0.0,0.0,0.0,0.0,1.0,0.0,0.0,0.0,0.0,3.0,2.0,0.0,2.0,1.0,0.0,23.0,6.0,9.0,8.0,47.0,27.0,24.0,12.0
100,1.0,100.0,London_170,,151,453,1092.0,70.0,2.0,158097.0,1.0240729381330311,802.0,128.0,2.0,126.0,227.0,19.0,208.0,179.0,216.0,111.0,11.0,70.0,3.0,38.0,0.0,4.0,8.0,76.0,159.0,210.0,48.0,0.0,0.0,0.0,0.0,0.0,0.0,0.0,0.0,0.0,0.0,0.0,0.0,0.0,0.0,0.0,0.0,0.0,0.0,0.0,0.0,0.0,0.0,0.0,0.0,0.0,0.0,0.0,0.0,0.0,1.0,1.0,0.0,0.0,0.0,1.0,1.0,0.0,0.0,0.0,0.0,3.0,5.0,3.0,1.0,2.0,0.0,11.0,10.0,10.0,4.0,24.0,23.0,18.0,7.0,0.0,0.0,0.0,0.0,0.0,0.0,0.0,0.0,0.0,1.0,3.0,0.0,0.0,0.0,8.0,4.0,0.0,0.0,0.0,0.0,4.0,6.0,3.0,1.0,2.0,0.0,16.0,14.0,13.0,4.0,35.0,35.0,25.0,10.0
101,1.0,101.0,London_170,,151,453,1092.0,70.0,2.0,138165.0,1.3763424069620669,758.0,64.0,0.0,64.0,109.0,0.0,109.0,227.0,225.0,97.0,11.0,66.0,7.0,41.0,0.0,6.0,13.0,77.0,159.0,204.0,37.0,0.0,0.0,0.0,0.0,0.0,0.0,0.0,0.0,0.0,0.0,0.0,0.0,0.0,0.0,0.0,0.0,0.0,0.0,0.0,0.0,0.0,0.0,0.0,0.0,0.0,0.0,0.0,0.0,0.0,0.0,0.0,0.0,0.0,0.0,0.0,0.0,0.0,0.0,0.0,0.0,1.0,2.0,0.0,0.0,0.0,0.0,1.0,7.0,4.0,6.0,11.0,20.0,8.0,5.0,0.0,0.0,0.0,0.0,0.0,0.0,0.0,0.0,0.0,0.0,0.0,0.0,0.0,0.0,0.0,0.0,0.0,0.0,0.0,0.0,2.0,3.0,0.0,0.0,0.0,0.0,1.0,13.0,5.0,9.0,18.0,24.0,10.0,7.0
102,1.0,102.0,London_170,,151,453,1092.0,70.0,2.0,143148.0,1.4492309736087918,769.0,53.0,2.0,51.0,106.0,19.0,87.0,109.0,224.0,101.0,16.0,58.0,3.0,43.0,1.0,7.0,15.0,74.0,175.0,189.0,51.0,0.0,0.0,0.0,0.0,0.0,0.0,0.0,0.0,0.0,0.0,0.0,0.0,0.0,0.0,0.0,0.0,0.0,0.0,0.0,0.0,0.0,0.0,0.0,0.0,0.0,0.0,0.0,0.0,0.0,1.0,0.0,0.0,1.0,0.0,1.0,2.0,0.0,0.0,0.0,0.0,4.0,1.0,1.0,0.0,0.0,1.0,5.0,3.0,4.0,7.0,12.0,17.0,6.0,1.0,0.0,0.0,0.0,0.0,0.0,0.0,0.0,0.0,0.0,2.0,0.0,0.0,3.0,0.0,5.0,5.0,0.0,0.0,0.0,0.0,5.0,2.0,1.0,0.0,0.0,1.0,9.0,3.0,6.0,12.0,16.0,27.0,8.0,3.0
103,1.0,103.0,London_170,,151,453,1092.0,70.0,2.0,150849.0,0.8696896079927683,786.0,73.0,0.0,73.0,124.0,0.0,124.0,106.0,228.0,114.0,12.0,39.0,7.0,43.0,1.0,9.0,8.0,83.0,175.0,187.0,43.0,0.0,0.0,0.0,0.0,0.0,0.0,0.0,0.0,0.0,0.0,0.0,0.0,0.0,0.0,0.0,0.0,0.0,0.0,0.0,0.0,0.0,0.0,0.0,0.0,0.0,0.0,0.0,0.0,0.0,0.0,0.0,0.0,0.0,0.0,0.0,0.0,0.0,0.0,0.0,0.0,1.0,4.0,1.0,0.0,0.0,1.0,5.0,5.0,3.0,4.0,14.0,12.0,20.0,4.0,0.0,0.0,0.0,0.0,0.0,0.0,0.0,0.0,0.0,0.0,0.0,0.0,0.0,0.0,0.0,0.0,0.0,0.0,0.0,0.0,1.0,7.0,1.0,0.0,0.0,1.0,5.0,8.0,4.0,5.0,19.0,21.0,24.0,8.0
104,1.0,104.0,London_170,,151,453,1092.0,70.0,2.0,154020.0,1.0412110099568963,793.0,97.0,1.0,96.0,178.0,9.0,169.0,124.0,239.0,119.0,8.0,32.0,8.0,38.0,1.0,8.0,10.0,84.0,167.0,192.0,46.0,0.0,0.0,0.0,0.0,0.0,0.0,0.0,0.0,0.0,0.0,0.0,0.0,0.0,0.0,0.0,0.0,0.0,0.0,0.0,0.0,0.0,0.0,0.0,0.0,0.0,0.0,0.0,0.0,0.0,0.0,0.0,0.0,1.0,0.0,0.0,0.0,1.0,0.0,0.0,0.0,2.0,10.0,0.0,0.0,3.0,1.0,5.0,10.0,9.0,2.0,18.0,29.0,12.0,10.0,0.0,0.0,0.0,0.0,0.0,0.0,0.0,0.0,0.0,0.0,0.0,0.0,6.0,0.0,0.0,0.0,8.0,0.0,0.0,0.0,3.0,14.0,0.0,0.0,3.0,2.0,7.0,17.0,12.0,2.0,27.0,41.0,14.0,13.0
105,1.0,105.0,London_170,,151,453,1092.0,70.0,2.0,145413.0,1.003363421652466,774.0,86.0,2.0,84.0,167.0,18.0,149.0,178.0,235.0,88.0,14.0,60.0,8.0,42.0,1.0,5.0,6.0,88.0,153.0,206.0,34.0,0.0,0.0,0.0,0.0,0.0,0.0,0.0,0.0,0.0,0.0,0.0,0.0,0.0,0.0,0.0,0.0,0.0,0.0,0.0,0.0,0.0,0.0,0.0,0.0,0.0,0.0,0.0,0.0,0.0,1.0,0.0,0.0,1.0,1.0,1.0,1.0,0.0,0.0,0.0,0.0,8.0,3.0,3.0,0.0,1.0,0.0,7.0,8.0,8.0,12.0,13.0,18.0,20.0,8.0,0.0,0.0,0.0,0.0,0.0,0.0,0.0,0.0,0.0,3.0,0.0,0.0,4.0,7.0,5.0,4.0,0.0,0.0,0.0,0.0,12.0,4.0,3.0,0.0,1.0,0.0,8.0,11.0,10.0,12.0,19.0,31.0,29.0,12.0
106,1.0,106.0,London_170,,151,453,1092.0,70.0,2.0,144507.0,1.332898327615112,772.0,59.0,2.0,57.0,116.0,17.0,99.0,167.0,251.0,102.0,10.0,49.0,9.0,29.0,1.0,2.0,9.0,84.0,156.0,204.0,39.0,0.0,0.0,0.0,0.0,0.0,0.0,0.0,0.0,0.0,0.0,0.0,0.0,0.0,0.0,0.0,0.0,0.0,0.0,0.0,0.0,0.0,0.0,0.0,0.0,0.0,0.0,0.0,0.0,0.0,1.0,0.0,0.0,0.0,0.0,1.0,1.0,0.0,0.0,0.0,0.0,5.0,2.0,0.0,0.0,0.0,0.0,7.0,10.0,0.0,11.0,10.0,15.0,15.0,6.0,0.0,0.0,0.0,0.0,0.0,0.0,0.0,0.0,0.0,6.0,0.0,0.0,0.0,0.0,8.0,2.0,0.0,0.0,0.0,0.0,6.0,2.0,0.0,0.0,0.0,0.0,12.0,12.0,0.0,14.0,17.0,22.0,21.0,10.0
107,1.0,107.0,London_170,,151,453,1092.0,70.0,2.0,161268.0,1.973872923757881,809.0,143.0,0.0,143.0,247.0,0.0,247.0,116.0,266.0,80.0,9.0,51.0,9.0,34.0,2.0,2.0,7.0,84.0,161.0,201.0,31.0,0.0,0.0,0.0,0.0,0.0,0.0,0.0,0.0,0.0,0.0,0.0,0.0,0.0,0.0,0.0,0.0,0.0,0.0,0.0,0.0,0.0,0.0,0.0,0.0,0.0,0.0,0.0,0.0,0.0,0.0,0.0,0.0,0.0,0.0,0.0,0.0,0.0,0.0,0.0,0.0,2.0,17.0,2.0,3.0,1.0,0.0,8.0,8.0,4.0,12.0,33.0,31.0,17.0,14.0,0.0,0.0,0.0,0.0,0.0,0.0,0.0,0.0,0.0,0.0,0.0,0.0,0.0,0.0,0.0,0.0,0.0,0.0,0.0,0.0,2.0,24.0,3.0,4.0,1.0,0.0,10.0,10.0,5.0,15.0,48.0,47.0,19.0,21.0
108,1.0,108.0,London_170,,151,453,1092.0,70.0,2.0,131823.0,0.7637822739779949,744.0,71.0,0.0,71.0,114.0,0.0,114.0,247.0,230.0,88.0,18.0,71.0,8.0,30.0,2.0,6.0,8.0,79.0,150.0,216.0,37.0,0.0,0.0,0.0,0.0,0.0,0.0,0.0,0.0,0.0,0.0,0.0,0.0,0.0,0.0,0.0,0.0,0.0,0.0,0.0,0.0,0.0,0.0,0.0,0.0,0.0,0.0,0.0,0.0,0.0,0.0,0.0,0.0,0.0,0.0,0.0,0.0,0.0,0.0,0.0,0.0,2.0,3.0,0.0,1.0,1.0,0.0,5.0,11.0,3.0,4.0,10.0,17.0,10.0,10.0,0.0,0.0,0.0,0.0,0.0,0.0,0.0,0.0,0.0,0.0,0.0,0.0,0.0,0.0,0.0,0.0,0.0,0.0,0.0,0.0,2.0,3.0,0.0,1.0,1.0,0.0,7.0,21.0,3.0,6.0,14.0,20.0,13.0,13.0
109,1.0,109.0,London_170,,151,453,1092.0,70.0,2.0,136806.0,1.1059652552939951,755.0,9.0,1.0,8.0,20.0,9.0,11.0,114.0,234.0,94.0,21.0,57.0,10.0,30.0,1.0,6.0,12.0,79.0,165.0,197.0,43.0,0.0,0.0,0.0,0.0,0.0,0.0,0.0,0.0,0.0,0.0,0.0,0.0,0.0,0.0,0.0,0.0,0.0,0.0,0.0,0.0,0.0,0.0,0.0,0.0,0.0,0.0,0.0,0.0,0.0,1.0,0.0,0.0,0.0,1.0,0.0,1.0,0.0,0.0,0.0,0.0,0.0,0.0,0.0,0.0,0.0,0.0,0.0,1.0,0.0,0.0,0.0,1.0,1.0,0.0,0.0,0.0,0.0,0.0,0.0,0.0,0.0,0.0,0.0,1.0,0.0,0.0,0.0,8.0,0.0,4.0,0.0,0.0,0.0,0.0,0.0,0.0,0.0,0.0,0.0,0.0,0.0,1.0,0.0,0.0,0.0,2.0,1.0,0.0
110,1.0,110.0,London_170,,151,453,1092.0,70.0,2.0,174405.0,1.0684418249875307,838.0,70.0,0.0,70.0,120.0,0.0,120.0,20.0,239.0,97.0,21.0,50.0,10.0,29.0,1.0,6.0,12.0,79.0,162.0,200.0,44.0,0.0,0.0,0.0,0.0,0.0,0.0,0.0,0.0,0.0,0.0,0.0,0.0,0.0,0.0,0.0,0.0,0.0,0.0,0.0,0.0,0.0,0.0,0.0,0.0,0.0,0.0,0.0,0.0,0.0,0.0,0.0,0.0,0.0,0.0,0.0,0.0,0.0,0.0,0.0,0.0,3.0,0.0,0.0,1.0,2.0,0.0,2.0,2.0,6.0,7.0,11.0,11.0,10.0,5.0,0.0,0.0,0.0,0.0,0.0,0.0,0.0,0.0,0.0,0.0,0.0,0.0,0.0,0.0,0.0,0.0,0.0,0.0,0.0,0.0,3.0,0.0,0.0,4.0,2.0,0.0,5.0,4.0,7.0,7.0,18.0,22.0,13.0,7.0
111,1.0,111.0,London_170,,151,453,1092.0,70.0,2.0,183465.0,1.2730652149766684,858.0,156.0,2.0,154.0,278.0,19.0,259.0,120.0,248.0,104.0,17.0,43.0,12.0,23.0,1.0,5.0,14.0,78.0,165.0,196.0,46.0,0.0,0.0,0.0,0.0,0.0,0.0,0.0,0.0,0.0,0.0,0.0,0.0,0.0,0.0,0.0,0.0,0.0,0.0,0.0,0.0,0.0,0.0,0.0,0.0,0.0,0.0,0.0,0.0,0.0,0.0,2.0,0.0,0.0,1.0,0.0,1.0,0.0,0.0,0.0,0.0,3.0,3.0,0.0,2.0,4.0,0.0,4.0,3.0,3.0,16.0,29.0,32.0,22.0,12.0,0.0,0.0,0.0,0.0,0.0,0.0,0.0,0.0,0.0,0.0,5.0,0.0,0.0,9.0,0.0,2.0,0.0,0.0,0.0,0.0,4.0,4.0,0.0,2.0,4.0,0.0,4.0,5.0,3.0,20.0,44.0,44.0,26.0,16.0
112,1.0,112.0,London_170,,151,453,1092.0,70.0,2.0,152661.0,0.806015376932919,790.0,41.0,0.0,41.0,73.0,0.0,73.0,278.0,209.0,100.0,28.0,78.0,5.0,28.0,1.0,4.0,10.0,87.0,157.0,199.0,35.0,0.0,0.0,0.0,0.0,0.0,0.0,0.0,0.0,0.0,0.0,0.0,0.0,0.0,0.0,0.0,0.0,0.0,0.0,0.0,0.0,0.0,0.0,0.0,0.0,0.0,0.0,0.0,0.0,0.0,0.0,0.0,0.0,0.0,0.0,0.0,0.0,0.0,0.0,0.0,0.0,2.0,0.0,0.0,1.0,0.0,0.0,2.0,1.0,2.0,8.0,8.0,8.0,11.0,4.0,0.0,0.0,0.0,0.0,0.0,0.0,0.0,0.0,0.0,0.0,0.0,0.0,0.0,0.0,0.0,0.0,0.0,0.0,0.0,0.0,3.0,0.0,0.0,1.0,0.0,0.0,2.0,1.0,3.0,10.0,11.0,14.0,14.0,7.0
113,1.0,113.0,London_170,,151,453,1092.0,70.0,2.0,173046.0,1.1162336221896112,835.0,181.0,0.0,181.0,305.0,0.0,305.0,73.0,212.0,98.0,26.0,76.0,7.0,27.0,1.0,6.0,9.0,97.0,160.0,187.0,37.0,0.0,0.0,0.0,0.0,0.0,0.0,0.0,0.0,0.0,0.0,0.0,0.0,0.0,0.0,0.0,0.0,0.0,0.0,0.0,0.0,0.0,0.0,0.0,0.0,0.0,0.0,0.0,0.0,0.0,0.0,0.0,0.0,0.0,0.0,0.0,0.0,0.0,0.0,0.0,0.0,2.0,2.0,0.0,1.0,0.0,0.0,3.0,3.0,15.0,16.0,37.0,51.0,25.0,15.0,0.0,0.0,0.0,0.0,0.0,0.0,0.0,0.0,0.0,0.0,0.0,0.0,0.0,0.0,0.0,0.0,0.0,0.0,0.0,0.0,2.0,3.0,0.0,2.0,0.0,0.0,5.0,4.0,19.0,18.0,54.0,72.0,37.0,18.0
114,1.0,114.0,London_170,,151,453,1092.0,70.0,2.0,120045.0,0.6365128317847848,718.0,45.0,0.0,45.0,88.0,0.0,88.0,305.0,182.0,116.0,28.0,92.0,9.0,19.0,2.0,5.0,8.0,76.0,165.0,204.0,31.0,0.0,0.0,0.0,0.0,0.0,0.0,0.0,0.0,0.0,0.0,0.0,0.0,0.0,0.0,0.0,0.0,0.0,0.0,0.0,0.0,0.0,0.0,0.0,0.0,0.0,0.0,0.0,0.0,0.0,0.0,0.0,0.0,0.0,0.0,0.0,0.0,0.0,0.0,0.0,0.0,0.0,4.0,0.0,0.0,1.0,0.0,3.0,7.0,10.0,5.0,12.0,17.0,12.0,5.0,0.0,0.0,0.0,0.0,0.0,0.0,0.0,0.0,0.0,0.0,0.0,0.0,0.0,0.0,0.0,0.0,0.0,0.0,0.0,0.0,0.0,6.0,0.0,0.0,1.0,0.0,3.0,7.0,12.0,7.0,19.0,27.0,17.0,11.0
115,1.0,115.0,London_170,,151,453,1092.0,70.0,2.0,134541.0,0.7800232502631843,750.0,75.0,2.0,73.0,144.0,19.0,125.0,88.0,188.0,109.0,33.0,80.0,10.0,20.0,5.0,8.0,8.0,80.0,167.0,198.0,36.0,0.0,0.0,0.0,0.0,0.0,0.0,0.0,0.0,0.0,0.0,0.0,0.0,0.0,0.0,0.0,0.0,0.0,0.0,0.0,0.0,0.0,0.0,0.0,0.0,0.0,0.0,0.0,0.0,0.0,1.0,0.0,1.0,0.0,0.0,2.0,2.0,1.0,0.0,0.0,0.0,3.0,2.0,1.0,1.0,1.0,0.0,5.0,5.0,9.0,5.0,10.0,14.0,15.0,6.0,0.0,0.0,0.0,0.0,0.0,0.0,0.0,0.0,0.0,5.0,0.0,1.0,0.0,0.0,14.0,5.0,8.0,0.0,0.0,0.0,4.0,3.0,1.0,1.0,1.0,0.0,8.0,7.0,13.0,6.0,14.0,20.0,19.0,9.0
116,1.0,116.0,London_170,,151,453,1092.0,70.0,2.0,130917.0,0.6613265029154718,742.0,85.0,2.0,83.0,156.0,17.0,139.0,144.0,194.0,109.0,36.0,80.0,1.0,23.0,3.0,7.0,13.0,84.0,178.0,178.0,38.0,0.0,0.0,0.0,0.0,0.0,0.0,0.0,0.0,0.0,0.0,0.0,0.0,0.0,0.0,0.0,0.0,0.0,0.0,0.0,0.0,0.0,0.0,0.0,0.0,0.0,0.0,0.0,0.0,0.0,1.0,0.0,0.0,1.0,0.0,1.0,2.0,0.0,0.0,0.0,0.0,8.0,4.0,0.0,1.0,1.0,0.0,7.0,9.0,6.0,9.0,24.0,13.0,14.0,7.0,0.0,0.0,0.0,0.0,0.0,0.0,0.0,0.0,0.0,5.0,0.0,0.0,6.0,0.0,7.0,4.0,0.0,0.0,0.0,0.0,12.0,5.0,0.0,1.0,2.0,0.0,9.0,12.0,7.0,13.0,36.0,18.0,17.0,9.0
117,1.0,117.0,London_170,,151,453,1092.0,70.0,2.0,143148.0,0.9826946770772338,769.0,2.0,2.0,0.0,18.0,18.0,0.0,156.0,190.0,133.0,29.0,73.0,4.0,15.0,2.0,7.0,13.0,90.0,164.0,186.0,47.0,0.0,0.0,0.0,0.0,0.0,0.0,0.0,0.0,0.0,0.0,0.0,0.0,0.0,0.0,0.0,0.0,0.0,0.0,0.0,0.0,0.0,0.0,0.0,0.0,0.0,0.0,0.0,0.0,0.0,2.0,0.0,0.0,1.0,0.0,0.0,0.0,0.0,0.0,0.0,0.0,0.0,0.0,0.0,0.0,0.0,0.0,0.0,0.0,0.0,0.0,0.0,0.0,0.0,0.0,0.0,0.0,0.0,0.0,0.0,0.0,0.0,0.0,0.0,5.0,0.0,0.0,4.0,0.0,0.0,0.0,0.0,0.0,0.0,0.0,0.0,0.0,0.0,0.0,0.0,0.0,0.0,0.0,0.0,0.0,0.0,0.0,0.0,0.0
118,1.0,118.0,London_170,,151,453,1092.0,70.0,2.0,182559.0,1.0147302239201963,856.0,155.0,1.0,154.0,278.0,9.0,269.0,18.0,193.0,129.0,30.0,79.0,1.0,11.0,2.0,8.0,8.0,91.0,162.0,192.0,42.0,0.0,0.0,0.0,0.0,0.0,0.0,0.0,0.0,0.0,0.0,0.0,0.0,0.0,0.0,0.0,0.0,0.0,0.0,0.0,0.0,0.0,0.0,0.0,0.0,0.0,0.0,0.0,0.0,0.0,0.0,0.0,0.0,0.0,0.0,0.0,0.0,0.0,0.0,0.0,0.0,4.0,11.0,0.0,2.0,4.0,1.0,11.0,8.0,5.0,8.0,37.0,34.0,24.0,10.0,0.0,0.0,0.0,0.0,0.0,0.0,0.0,0.0,0.0,0.0,0.0,0.0,0.0,0.0,0.0,0.0,0.0,0.0,0.0,0.0,5.0,15.0,0.0,3.0,5.0,2.0,12.0,14.0,8.0,11.0,58.0,51.0,36.0,15.0
119,1.0,119.0,London_170,,151,453,1092.0,70.0,2.0,148131.0,0.8518850058317184,780.0,15.0,2.0,13.0,45.0,20.0,25.0,278.0,199.0,89.0,37.0,92.0,7.0,20.0,0.0,9.0,8.0,84.0,148.0,213.0,36.0,0.0,0.0,0.0,0.0,0.0,0.0,0.0,0.0,0.0,0.0,0.0,0.0,0.0,0.0,0.0,0.0,0.0,0.0,0.0,0.0,0.0,0.0,0.0,0.0,0.0,0.0,0.0,0.0,0.0,0.0,1.0,0.0,1.0,0.0,0.0,2.0,0.0,0.0,0.0,0.0,0.0,0.0,0.0,0.0,0.0,0.0,2.0,1.0,0.0,2.0,4.0,2.0,2.0,0.0,0.0,0.0,0.0,0.0,0.0,0.0,0.0,0.0,0.0,0.0,1.0,0.0,5.0,0.0,0.0,7.0,0.0,0.0,0.0,0.0,0.0,0.0,0.0,0.0,0.0,0.0,3.0,2.0,0.0,2.0,8.0,4.0,3.0,0.0
120,1.0,120.0,London_170,,151,453,1092.0,70.0,2.0,183012.0,1.8716153209097683,857.0,118.0,2.0,116.0,229.0,20.0,209.0,45.0,200.0,91.0,36.0,85.0,8.0,24.0,0.0,9.0,5.0,78.0,154.0,216.0,33.0,0.0,0.0,0.0,0.0,0.0,0.0,0.0,0.0,0.0,0.0,0.0,0.0,0.0,0.0,0.0,0.0,0.0,0.0,0.0,0.0,0.0,0.0,0.0,0.0,0.0,0.0,0.0,0.0,0.0,1.0,1.0,0.0,1.0,1.0,0.0,1.0,1.0,0.0,0.0,0.0,2.0,15.0,13.0,1.0,0.0,0.0,7.0,16.0,9.0,5.0,27.0,22.0,30.0,8.0,0.0,0.0,0.0,0.0,0.0,0.0,0.0,0.0,0.0,1.0,6.0,0.0,1.0,8.0,0.0,3.0,8.0,0.0,0.0,0.0,3.0,20.0,18.0,2.0,0.0,0.0,9.0,23.0,14.0,5.0,46.0,30.0,38.0,12.0
121,1.0,121.0,London_170,,151,453,1092.0,70.0,2.0,162174.0,1.3033485659398139,811.0,120.0,0.0,120.0,202.0,0.0,202.0,229.0,206.0,112.0,26.0,66.0,5.0,27.0,2.0,9.0,10.0,86.0,150.0,207.0,38.0,0.0,0.0,0.0,0.0,0.0,0.0,0.0,0.0,0.0,0.0,0.0,0.0,0.0,0.0,0.0,0.0,0.0,0.0,0.0,0.0,0.0,0.0,0.0,0.0,0.0,0.0,0.0,0.0,0.0,0.0,0.0,0.0,0.0,0.0,0.0,0.0,0.0,0.0,0.0,0.0,8.0,3.0,1.0,2.0,5.0,0.0,9.0,11.0,3.0,8.0,26.0,23.0,27.0,7.0,0.0,0.0,0.0,0.0,0.0,0.0,0.0,0.0,0.0,0.0,0.0,0.0,0.0,0.0,0.0,0.0,0.0,0.0,0.0,0.0,11.0,4.0,1.0,3.0,6.0,0.0,10.0,18.0,4.0,10.0,37.0,33.0,34.0,10.0
122,1.0,122.0,London_170,,151,453,1092.0,70.0,2.0,146319.0,1.7128719640895724,776.0,46.0,2.0,44.0,100.0,18.0,82.0,202.0,225.0,103.0,15.0,61.0,4.0,36.0,4.0,5.0,8.0,80.0,152.0,213.0,32.0,0.0,0.0,0.0,0.0,0.0,0.0,0.0,0.0,0.0,0.0,0.0,0.0,0.0,0.0,0.0,0.0,0.0,0.0,0.0,0.0,0.0,0.0,0.0,0.0,0.0,0.0,0.0,0.0,0.0,1.0,0.0,0.0,1.0,2.0,0.0,2.0,0.0,0.0,0.0,0.0,0.0,1.0,1.0,1.0,0.0,0.0,4.0,9.0,5.0,5.0,12.0,10.0,6.0,6.0,0.0,0.0,0.0,0.0,0.0,0.0,0.0,0.0,0.0,6.0,0.0,0.0,5.0,11.0,0.0,3.0,0.0,0.0,0.0,0.0,0.0,1.0,1.0,1.0,0.0,0.0,6.0,14.0,6.0,7.0,23.0,19.0,7.0,14.0
123,1.0,123.0,London_170,,151,453,1092.0,70.0,2.0,165345.0,1.1599103258922696,818.0,134.0,0.0,134.0,221.0,0.0,221.0,100.0,236.0,107.0,20.0,47.0,3.0,31.0,3.0,6.0,5.0,82.0,153.0,213.0,35.0,0.0,0.0,0.0,0.0,0.0,0.0,0.0,0.0,0.0,0.0,0.0,0.0,0.0,0.0,0.0,0.0,0.0,0.0,0.0,0.0,0.0,0.0,0.0,0.0,0.0,0.0,0.0,0.0,0.0,0.0,0.0,0.0,0.0,0.0,0.0,0.0,0.0,0.0,0.0,0.0,3.0,3.0,3.0,1.0,4.0,1.0,8.0,7.0,4.0,9.0,27.0,23.0,21.0,7.0,0.0,0.0,0.0,0.0,0.0,0.0,0.0,0.0,0.0,0.0,0.0,0.0,0.0,0.0,0.0,0.0,0.0,0.0,0.0,0.0,4.0,3.0,3.0,1.0,4.0,2.0,8.0,9.0,5.0,12.0,36.0,32.0,22.0,12.0
124,1.0,124.0,London_170,,151,453,1092.0,70.0,2.0,145413.0,0.7403007741086185,774.0,49.0,0.0,49.0,91.0,0.0,91.0,221.0,229.0,86.0,12.0,85.0,4.0,26.0,4.0,7.0,4.0,89.0,143.0,217.0,35.0,0.0,0.0,0.0,0.0,0.0,0.0,0.0,0.0,0.0,0.0,0.0,0.0,0.0,0.0,0.0,0.0,0.0,0.0,0.0,0.0,0.0,0.0,0.0,0.0,0.0,0.0,0.0,0.0,0.0,0.0,0.0,0.0,0.0,0.0,0.0,0.0,0.0,0.0,0.0,0.0,0.0,2.0,0.0,1.0,0.0,0.0,7.0,4.0,11.0,5.0,9.0,10.0,12.0,8.0,0.0,0.0,0.0,0.0,0.0,0.0,0.0,0.0,0.0,0.0,0.0,0.0,0.0,0.0,0.0,0.0,0.0,0.0,0.0,0.0,0.0,3.0,0.0,3.0,0.0,0.0,10.0,6.0,21.0,6.0,14.0,18.0,18.0,10.0
125,1.0,125.0,London_170,,151,453,1092.0,70.0,2.0,160362.0,0.9852226306684315,807.0,97.0,0.0,97.0,169.0,0.0,169.0,91.0,236.0,93.0,9.0,73.0,1.0,34.0,4.0,3.0,4.0,94.0,149.0,206.0,37.0,0.0,0.0,0.0,0.0,0.0,0.0,0.0,0.0,0.0,0.0,0.0,0.0,0.0,0.0,0.0,0.0,0.0,0.0,0.0,0.0,0.0,0.0,0.0,0.0,0.0,0.0,0.0,0.0,0.0,0.0,0.0,0.0,0.0,0.0,0.0,0.0,0.0,0.0,0.0,0.0,2.0,3.0,0.0,2.0,1.0,0.0,7.0,1.0,15.0,8.0,22.0,23.0,23.0,6.0,0.0,0.0,0.0,0.0,0.0,0.0,0.0,0.0,0.0,0.0,0.0,0.0,0.0,0.0,0.0,0.0,0.0,0.0,0.0,0.0,2.0,4.0,0.0,4.0,1.0,0.0,8.0,1.0,20.0,10.0,36.0,32.0,32.0,10.0
126,1.0,126.0,London_170,,151,453,1092.0,70.0,2.0,153567.0,0.9290067357942462,792.0,90.0,0.0,90.0,167.0,0.0,167.0,169.0,249.0,90.0,19.0,59.0,3.0,29.0,0.0,4.0,5.0,89.0,149.0,210.0,32.0,0.0,0.0,0.0,0.0,0.0,0.0,0.0,0.0,0.0,0.0,0.0,0.0,0.0,0.0,0.0,0.0,0.0,0.0,0.0,0.0,0.0,0.0,0.0,0.0,0.0,0.0,0.0,0.0,0.0,0.0,0.0,0.0,0.0,0.0,0.0,0.0,0.0,0.0,0.0,0.0,2.0,0.0,1.0,1.0,11.0,0.0,6.0,5.0,8.0,9.0,21.0,13.0,17.0,4.0,0.0,0.0,0.0,0.0,0.0,0.0,0.0,0.0,0.0,0.0,0.0,0.0,0.0,0.0,0.0,0.0,0.0,0.0,0.0,0.0,2.0,0.0,1.0,1.0,11.0,0.0,7.0,8.0,13.0,10.0,33.0,21.0,23.0,5.0
127,1.0,127.0,London_170,,151,453,1092.0,70.0,2.0,145413.0,1.369475504849106,774.0,52.0,0.0,52.0,93.0,0.0,93.0,167.0,250.0,97.0,10.0,52.0,4.0,32.0,3.0,5.0,4.0,79.0,146.0,224.0,30.0,0.0,0.0,0.0,0.0,0.0,0.0,0.0,0.0,0.0,0.0,0.0,0.0,0.0,0.0,0.0,0.0,0.0,0.0,0.0,0.0,0.0,0.0,0.0,0.0,0.0,0.0,0.0,0.0,0.0,0.0,0.0,0.0,0.0,0.0,0.0,0.0,0.0,0.0,0.0,0.0,4.0,4.0,0.0,0.0,0.0,0.0,8.0,10.0,5.0,8.0,17.0,12.0,12.0,5.0,0.0,0.0,0.0,0.0,0.0,0.0,0.0,0.0,0.0,0.0,0.0,0.0,0.0,0.0,0.0,0.0,0.0,0.0,0.0,0.0,4.0,4.0,0.0,0.0,0.0,0.0,12.0,12.0,5.0,10.0,27.0,16.0,14.0,9.0
128,1.0,128.0,London_170,,151,453,1092.0,70.0,2.0,159003.0,1.0805628807283938,804.0,77.0,0.0,77.0,134.0,0.0,134.0,93.0,258.0,104.0,11.0,44.0,2.0,32.0,2.0,0.0,6.0,87.0,154.0,206.0,29.0,0.0,0.0,0.0,0.0,0.0,0.0,0.0,0.0,0.0,0.0,0.0,0.0,0.0,0.0,0.0,0.0,0.0,0.0,0.0,0.0,0.0,0.0,0.0,0.0,0.0,0.0,0.0,0.0,0.0,0.0,0.0,0.0,0.0,0.0,0.0,0.0,0.0,0.0,0.0,0.0,4.0,2.0,9.0,0.0,1.0,0.0,4.0,9.0,7.0,7.0,14.0,15.0,14.0,4.0,0.0,0.0,0.0,0.0,0.0,0.0,0.0,0.0,0.0,0.0,0.0,0.0,0.0,0.0,0.0,0.0,0.0,0.0,0.0,0.0,5.0,3.0,9.0,0.0,1.0,0.0,5.0,14.0,9.0,8.0,22.0,26.0,17.0,7.0
129,1.0,129.0,London_170,,151,453,1092.0,70.0,2.0,159909.0,1.1697172806598246,806.0,151.0,2.0,149.0,280.0,18.0,262.0,134.0,259.0,98.0,7.0,41.0,2.0,42.0,0.0,4.0,6.0,86.0,149.0,212.0,28.0,0.0,0.0,0.0,0.0,0.0,0.0,0.0,0.0,0.0,0.0,0.0,0.0,0.0,0.0,0.0,0.0,0.0,0.0,0.0,0.0,0.0,0.0,0.0,0.0,0.0,0.0,0.0,0.0,0.0,0.0,0.0,0.0,0.0,0.0,1.0,1.0,0.0,0.0,0.0,0.0,1.0,6.0,0.0,0.0,5.0,0.0,11.0,2.0,12.0,6.0,26.0,43.0,20.0,7.0,0.0,0.0,0.0,0.0,0.0,0.0,0.0,0.0,0.0,0.0,0.0,0.0,0.0,0.0,5.0,1.0,0.0,0.0,0.0,0.0,1.0,7.0,0.0,0.0,5.0,0.0,15.0,3.0,14.0,8.0,38.0,62.0,25.0,11.0
130,1.0,130.0,London_170,,151,453,1092.0,70.0,2.0,118686.0,0.7538112699985504,715.0,82.0,2.0,80.0,144.0,19.0,125.0,280.0,177.0,105.0,27.0,88.0,12.0,42.0,0.0,2.0,8.0,75.0,130.0,240.0,32.0,0.0,0.0,0.0,0.0,0.0,0.0,0.0,0.0,0.0,0.0,0.0,0.0,0.0,0.0,0.0,0.0,0.0,0.0,0.0,0.0,0.0,0.0,0.0,0.0,0.0,0.0,0.0,0.0,0.0,1.0,0.0,0.0,1.0,1.0,1.0,1.0,0.0,0.0,0.0,0.0,2.0,2.0,0.0,0.0,0.0,0.0,9.0,4.0,10.0,3.0,14.0,15.0,13.0,8.0,0.0,0.0,0.0,0.0,0.0,0.0,0.0,0.0,0.0,3.0,0.0,0.0,2.0,7.0,8.0,5.0,0.0,0.0,0.0,0.0,3.0,2.0,0.0,0.0,0.0,0.0,14.0,6.0,14.0,4.0,20.0,26.0,15.0,17.0
131,1.0,131.0,London_170,,151,453,1092.0,70.0,2.0,106908.0,0.8131877649575472,689.0,34.0,1.0,33.0,62.0,10.0,52.0,144.0,180.0,104.0,30.0,87.0,8.0,38.0,2.0,4.0,6.0,82.0,139.0,226.0,40.0,0.0,0.0,0.0,0.0,0.0,0.0,0.0,0.0,0.0,0.0,0.0,0.0,0.0,0.0,0.0,0.0,0.0,0.0,0.0,0.0,0.0,0.0,0.0,0.0,0.0,0.0,0.0,0.0,0.0,1.0,0.0,0.0,1.0,1.0,0.0,1.0,0.0,0.0,0.0,0.0,0.0,2.0,0.0,0.0,0.0,0.0,7.0,0.0,2.0,0.0,9.0,7.0,9.0,2.0,0.0,0.0,0.0,0.0,0.0,0.0,0.0,0.0,0.0,9.0,0.0,0.0,8.0,10.0,0.0,3.0,0.0,0.0,0.0,0.0,0.0,2.0,0.0,0.0,0.0,0.0,10.0,0.0,2.0,0.0,14.0,10.0,12.0,3.0
132,1.0,132.0,London_170,,151,453,1092.0,70.0,2.0,135447.0,1.2490002131089568,752.0,95.0,1.0,94.0,178.0,10.0,168.0,62.0,183.0,111.0,34.0,77.0,5.0,35.0,2.0,6.0,8.0,79.0,146.0,220.0,47.0,0.0,0.0,0.0,0.0,0.0,0.0,0.0,0.0,0.0,0.0,0.0,0.0,0.0,0.0,0.0,0.0,0.0,0.0,0.0,0.0,0.0,0.0,0.0,0.0,0.0,0.0,0.0,0.0,0.0,1.0,0.0,0.0,0.0,0.0,0.0,1.0,0.0,0.0,0.0,0.0,2.0,5.0,2.0,0.0,4.0,0.0,11.0,7.0,5.0,5.0,24.0,21.0,17.0,6.0,0.0,0.0,0.0,0.0,0.0,0.0,0.0,0.0,0.0,3.0,0.0,0.0,0.0,0.0,0.0,4.0,0.0,0.0,0.0,0.0,2.0,6.0,2.0,0.0,4.0,0.0,19.0,8.0,6.0,6.0,29.0,34.0,22.0,8.0
133,1.0,133.0,London_170,,151,453,1092.0,70.0,2.0,131370.0,1.234002010896802,743.0,63.0,0.0,63.0,113.0,0.0,113.0,178.0,194.0,116.0,22.0,74.0,7.0,34.0,1.0,5.0,4.0,70.0,151.0,228.0,60.0,0.0,0.0,0.0,0.0,0.0,0.0,0.0,0.0,0.0,0.0,0.0,0.0,0.0,0.0,0.0,0.0,0.0,0.0,0.0,0.0,0.0,0.0,0.0,0.0,0.0,0.0,0.0,0.0,0.0,0.0,0.0,0.0,0.0,0.0,0.0,0.0,0.0,0.0,0.0,0.0,0.0,1.0,0.0,0.0,2.0,0.0,13.0,4.0,2.0,7.0,13.0,12.0,11.0,8.0,0.0,0.0,0.0,0.0,0.0,0.0,0.0,0.0,0.0,0.0,0.0,0.0,0.0,0.0,0.0,0.0,0.0,0.0,0.0,0.0,0.0,1.0,0.0,0.0,2.0,0.0,18.0,5.0,2.0,10.0,22.0,17.0,14.0,12.0
134,1.0,134.0,London_170,,151,453,1092.0,70.0,2.0,140430.0,1.1102612330578268,763.0,112.0,2.0,110.0,211.0,18.0,193.0,113.0,200.0,113.0,22.0,63.0,10.0,35.0,2.0,8.0,5.0,75.0,156.0,217.0,60.0,0.0,0.0,0.0,0.0,0.0,0.0,0.0,0.0,0.0,0.0,0.0,0.0,0.0,0.0,0.0,0.0,0.0,0.0,0.0,0.0,0.0,0.0,0.0,0.0,0.0,0.0,0.0,0.0,0.0,1.0,0.0,0.0,1.0,0.0,1.0,1.0,0.0,0.0,0.0,0.0,2.0,6.0,1.0,0.0,3.0,1.0,10.0,6.0,3.0,8.0,21.0,23.0,24.0,13.0,0.0,0.0,0.0,0.0,0.0,0.0,0.0,0.0,0.0,2.0,0.0,0.0,3.0,0.0,6.0,3.0,0.0,0.0,0.0,0.0,3.0,9.0,1.0,0.0,3.0,2.0,15.0,7.0,3.0,8.0,32.0,34.0,30.0,21.0
135,1.0,135.0,London_170,,151,453,1092.0,70.0,2.0,132276.0,0.7641882160678506,745.0,30.0,2.0,28.0,66.0,16.0,50.0,211.0,218.0,111.0,8.0,68.0,3.0,34.0,2.0,9.0,3.0,88.0,152.0,210.0,50.0,0.0,0.0,0.0,0.0,0.0,0.0,0.0,0.0,0.0,0.0,0.0,0.0,0.0,0.0,0.0,0.0,0.0,0.0,0.0,0.0,0.0,0.0,0.0,0.0,0.0,0.0,0.0,0.0,0.0,1.0,0.0,0.0,0.0,1.0,1.0,1.0,0.0,0.0,0.0,0.0,0.0,2.0,0.0,0.0,0.0,0.0,2.0,2.0,0.0,1.0,4.0,9.0,8.0,2.0,0.0,0.0,0.0,0.0,0.0,0.0,0.0,0.0,0.0,2.0,0.0,0.0,0.0,7.0,7.0,1.0,0.0,0.0,0.0,0.0,0.0,2.0,0.0,0.0,0.0,0.0,2.0,4.0,0.0,1.0,9.0,14.0,13.0,5.0
136,1.0,136.0,London_170,,151,453,1092.0,70.0,2.0,152208.0,0.8439086405560374,789.0,8.0,2.0,6.0,25.0,18.0,7.0,66.0,214.0,117.0,16.0,68.0,3.0,25.0,2.0,8.0,3.0,93.0,149.0,208.0,53.0,0.0,0.0,0.0,0.0,0.0,0.0,0.0,0.0,0.0,0.0,0.0,0.0,0.0,0.0,0.0,0.0,0.0,0.0,0.0,0.0,0.0,0.0,0.0,0.0,0.0,0.0,0.0,0.0,0.0,1.0,1.0,0.0,1.0,0.0,1.0,1.0,0.0,0.0,0.0,0.0,0.0,0.0,0.0,0.0,0.0,0.0,0.0,1.0,0.0,0.0,0.0,0.0,2.0,1.0,0.0,0.0,0.0,0.0,0.0,0.0,0.0,0.0,0.0,4.0,3.0,0.0,5.0,0.0,5.0,1.0,0.0,0.0,0.0,0.0,0.0,0.0,0.0,0.0,0.0,0.0,0.0,1.0,0.0,0.0,0.0,0.0,2.0,1.0
137,1.0,137.0,London_170,,151,453,1092.0,70.0,2.0,193431.0,1.3893371890299022,880.0,139.0,0.0,139.0,238.0,0.0,238.0,25.0,215.0,125.0,15.0,76.0,2.0,9.0,2.0,9.0,5.0,92.0,148.0,208.0,55.0,0.0,0.0,0.0,0.0,0.0,0.0,0.0,0.0,0.0,0.0,0.0,0.0,0.0,0.0,0.0,0.0,0.0,0.0,0.0,0.0,0.0,0.0,0.0,0.0,0.0,0.0,0.0,0.0,0.0,0.0,0.0,0.0,0.0,0.0,0.0,0.0,0.0,0.0,0.0,0.0,2.0,6.0,1.0,1.0,1.0,1.0,19.0,7.0,1.0,10.0,27.0,35.0,24.0,12.0,0.0,0.0,0.0,0.0,0.0,0.0,0.0,0.0,0.0,0.0,0.0,0.0,0.0,0.0,0.0,0.0,0.0,0.0,0.0,0.0,2.0,7.0,1.0,2.0,1.0,1.0,20.0,9.0,2.0,13.0,39.0,51.0,29.0,21.0
138,1.0,138.0,London_170,,151,453,1092.0,70.0,2.0,170781.0,1.2360986801795661,830.0,116.0,1.0,115.0,220.0,10.0,210.0,238.0,231.0,101.0,16.0,65.0,6.0,21.0,3.0,10.0,5.0,85.0,158.0,205.0,35.0,0.0,0.0,0.0,0.0,0.0,0.0,0.0,0.0,0.0,0.0,0.0,0.0,0.0,0.0,0.0,0.0,0.0,0.0,0.0,0.0,0.0,0.0,0.0,0.0,0.0,0.0,0.0,0.0,0.0,1.0,0.0,0.0,1.0,0.0,1.0,0.0,1.0,0.0,0.0,0.0,3.0,8.0,0.0,4.0,6.0,0.0,5.0,15.0,4.0,7.0,17.0,30.0,17.0,12.0,0.0,0.0,0.0,0.0,0.0,0.0,0.0,0.0,0.0,3.0,0.0,0.0,5.0,0.0,10.0,0.0,8.0,0.0,0.0,0.0,3.0,13.0,0.0,7.0,7.0,0.0,7.0,21.0,4.0,10.0,28.0,41.0,21.0,18.0
139,1.0,139.0,London_170,,151,453,1092.0,70.0,2.0,160815.0,1.014083547051996,808.0,102.0,0.0,102.0,188.0,0.0,188.0,220.0,250.0,79.0,10.0,73.0,6.0,24.0,2.0,9.0,7.0,78.0,150.0,218.0,34.0,0.0,0.0,0.0,0.0,0.0,0.0,0.0,0.0,0.0,0.0,0.0,0.0,0.0,0.0,0.0,0.0,0.0,0.0,0.0,0.0,0.0,0.0,0.0,0.0,0.0,0.0,0.0,0.0,0.0,0.0,0.0,0.0,0.0,0.0,0.0,0.0,0.0,0.0,0.0,0.0,4.0,2.0,1.0,1.0,4.0,0.0,5.0,10.0,10.0,9.0,18.0,27.0,21.0,7.0,0.0,0.0,0.0,0.0,0.0,0.0,0.0,0.0,0.0,0.0,0.0,0.0,0.0,0.0,0.0,0.0,0.0,0.0,0.0,0.0,6.0,2.0,2.0,3.0,4.0,0.0,6.0,12.0,15.0,10.0,30.0,39.0,27.0,11.0
140,1.0,140.0,London_170,,151,453,1092.0,70.0,2.0,154020.0,0.9353855978697538,793.0,87.0,0.0,87.0,144.0,0.0,144.0,188.0,262.0,70.0,13.0,67.0,4.0,28.0,0.0,9.0,9.0,86.0,139.0,219.0,34.0,0.0,0.0,0.0,0.0,0.0,0.0,0.0,0.0,0.0,0.0,0.0,0.0,0.0,0.0,0.0,0.0,0.0,0.0,0.0,0.0,0.0,0.0,0.0,0.0,0.0,0.0,0.0,0.0,0.0,0.0,0.0,0.0,0.0,0.0,0.0,0.0,0.0,0.0,0.0,0.0,5.0,1.0,5.0,1.0,2.0,0.0,11.0,9.0,3.0,9.0,18.0,17.0,19.0,5.0,0.0,0.0,0.0,0.0,0.0,0.0,0.0,0.0,0.0,0.0,0.0,0.0,0.0,0.0,0.0,0.0,0.0,0.0,0.0,0.0,5.0,1.0,6.0,1.0,2.0,0.0,15.0,11.0,3.0,12.0,25.0,28.0,27.0,9.0
141,1.0,141.0,London_170,,151,453,1092.0,70.0,2.0,150396.0,1.4922265270724893,785.0,103.0,2.0,101.0,185.0,16.0,169.0,144.0,268.0,85.0,15.0,44.0,1.0,32.0,0.0,8.0,7.0,85.0,157.0,204.0,34.0,0.0,0.0,0.0,0.0,0.0,0.0,0.0,0.0,0.0,0.0,0.0,0.0,0.0,0.0,0.0,0.0,0.0,0.0,0.0,0.0,0.0,0.0,0.0,0.0,0.0,0.0,0.0,0.0,0.0,1.0,0.0,0.0,0.0,0.0,0.0,0.0,0.0,0.0,0.0,0.0,3.0,2.0,11.0,1.0,5.0,0.0,8.0,7.0,1.0,4.0,21.0,20.0,25.0,5.0,0.0,0.0,0.0,0.0,0.0,0.0,0.0,0.0,0.0,4.0,0.0,0.0,0.0,0.0,0.0,0.0,0.0,0.0,0.0,0.0,3.0,2.0,14.0,2.0,5.0,0.0,10.0,8.0,2.0,5.0,33.0,25.0,35.0,10.0
142,1.0,142.0,London_170,,151,453,1092.0,70.0,2.0,143601.0,1.5271390941925347,770.0,47.0,2.0,45.0,91.0,19.0,72.0,185.0,274.0,73.0,6.0,63.0,8.0,18.0,0.0,11.0,6.0,78.0,142.0,227.0,27.0,0.0,0.0,0.0,0.0,0.0,0.0,0.0,0.0,0.0,0.0,0.0,0.0,0.0,0.0,0.0,0.0,0.0,0.0,0.0,0.0,0.0,0.0,0.0,0.0,0.0,0.0,0.0,0.0,0.0,1.0,1.0,0.0,0.0,0.0,1.0,1.0,0.0,0.0,0.0,0.0,2.0,0.0,0.0,0.0,1.0,1.0,5.0,7.0,2.0,2.0,2.0,11.0,14.0,2.0,0.0,0.0,0.0,0.0,0.0,0.0,0.0,0.0,0.0,6.0,4.0,0.0,0.0,0.0,7.0,3.0,0.0,0.0,0.0,0.0,2.0,0.0,0.0,0.0,1.0,1.0,8.0,10.0,2.0,3.0,2.0,12.0,18.0,2.0
143,1.0,143.0,London_170,,151,453,1092.0,70.0,2.0,164892.0,1.058916386216879,817.0,97.0,0.0,97.0,172.0,0.0,172.0,91.0,276.0,83.0,8.0,54.0,1.0,16.0,0.0,15.0,6.0,85.0,155.0,207.0,24.0,0.0,0.0,0.0,0.0,0.0,0.0,0.0,0.0,0.0,0.0,0.0,0.0,0.0,0.0,0.0,0.0,0.0,0.0,0.0,0.0,0.0,0.0,0.0,0.0,0.0,0.0,0.0,0.0,0.0,0.0,0.0,0.0,0.0,0.0,0.0,0.0,0.0,0.0,0.0,0.0,2.0,9.0,3.0,0.0,13.0,0.0,5.0,5.0,3.0,3.0,17.0,22.0,15.0,7.0,0.0,0.0,0.0,0.0,0.0,0.0,0.0,0.0,0.0,0.0,0.0,0.0,0.0,0.0,0.0,0.0,0.0,0.0,0.0,0.0,2.0,13.0,3.0,0.0,13.0,0.0,6.0,8.0,5.0,3.0,24.0,37.0,15.0,12.0
144,1.0,144.0,London_170,,151,453,1092.0,70.0,2.0,163533.0,1.0455201170407236,814.0,90.0,2.0,88.0,160.0,19.0,141.0,172.0,290.0,68.0,13.0,54.0,4.0,18.0,0.0,6.0,9.0,70.0,150.0,224.0,33.0,0.0,0.0,0.0,0.0,0.0,0.0,0.0,0.0,0.0,0.0,0.0,0.0,0.0,0.0,0.0,0.0,0.0,0.0,0.0,0.0,0.0,0.0,0.0,0.0,0.0,0.0,0.0,0.0,0.0,1.0,0.0,0.0,1.0,0.0,1.0,1.0,0.0,0.0,0.0,0.0,1.0,2.0,4.0,1.0,8.0,0.0,7.0,11.0,7.0,7.0,15.0,22.0,10.0,11.0,0.0,0.0,0.0,0.0,0.0,0.0,0.0,0.0,0.0,4.0,0.0,0.0,3.0,0.0,7.0,4.0,0.0,0.0,0.0,0.0,1.0,2.0,6.0,1.0,8.0,0.0,9.0,17.0,9.0,12.0,23.0,28.0,12.0,14.0
145,1.0,145.0,London_170,,151,453,1092.0,70.0,2.0,156738.0,1.0305795879103243,799.0,98.0,0.0,98.0,171.0,0.0,171.0,160.0,306.0,68.0,14.0,40.0,4.0,13.0,0.0,8.0,3.0,79.0,155.0,216.0,21.0,0.0,0.0,0.0,0.0,0.0,0.0,0.0,0.0,0.0,0.0,0.0,0.0,0.0,0.0,0.0,0.0,0.0,0.0,0.0,0.0,0.0,0.0,0.0,0.0,0.0,0.0,0.0,0.0,0.0,0.0,0.0,0.0,0.0,0.0,0.0,0.0,0.0,0.0,0.0,0.0,2.0,2.0,0.0,0.0,9.0,1.0,3.0,13.0,3.0,3.0,12.0,24.0,14.0,11.0,0.0,0.0,0.0,0.0,0.0,0.0,0.0,0.0,0.0,0.0,0.0,0.0,0.0,0.0,0.0,0.0,0.0,0.0,0.0,0.0,4.0,2.0,0.0,0.0,10.0,2.0,5.0,16.0,4.0,3.0,21.0,32.0,18.0,13.0
146,1.0,146.0,London_170,,151,453,1092.0,70.0,2.0,158097.0,0.9860671637579799,802.0,80.0,1.0,79.0,139.0,9.0,130.0,171.0,297.0,74.0,5.0,47.0,6.0,21.0,1.0,2.0,4.0,65.0,170.0,214.0,26.0,0.0,0.0,0.0,0.0,0.0,0.0,0.0,0.0,0.0,0.0,0.0,0.0,0.0,0.0,0.0,0.0,0.0,0.0,0.0,0.0,0.0,0.0,0.0,0.0,0.0,0.0,0.0,0.0,0.0,0.0,0.0,0.0,1.0,0.0,0.0,0.0,1.0,0.0,0.0,0.0,3.0,5.0,1.0,0.0,2.0,0.0,8.0,7.0,2.0,8.0,16.0,21.0,16.0,7.0,0.0,0.0,0.0,0.0,0.0,0.0,0.0,0.0,0.0,0.0,0.0,0.0,3.0,0.0,0.0,0.0,6.0,0.0,0.0,0.0,3.0,7.0,1.0,0.0,3.0,0.0,10.0,10.0,2.0,12.0,21.0,27.0,21.0,11.0
147,1.0,147.0,London_170,,151,453,1092.0,70.0,2.0,160815.0,1.2294094068929553,808.0,91.0,2.0,89.0,165.0,18.0,147.0,139.0,310.0,58.0,7.0,40.0,6.0,29.0,1.0,2.0,2.0,78.0,149.0,224.0,29.0,0.0,0.0,0.0,0.0,0.0,0.0,0.0,0.0,0.0,0.0,0.0,0.0,0.0,0.0,0.0,0.0,0.0,0.0,0.0,0.0,0.0,0.0,0.0,0.0,0.0,0.0,0.0,0.0,0.0,0.0,0.0,0.0,1.0,1.0,1.0,0.0,0.0,0.0,0.0,0.0,0.0,2.0,0.0,0.0,0.0,0.0,12.0,6.0,4.0,10.0,21.0,19.0,16.0,10.0,0.0,0.0,0.0,0.0,0.0,0.0,0.0,0.0,0.0,0.0,0.0,0.0,5.0,6.0,5.0,0.0,0.0,0.0,0.0,0.0,0.0,4.0,0.0,0.0,0.0,0.0,14.0,12.0,4.0,14.0,27.0,28.0,21.0,11.0
148,1.0,148.0,London_170,,151,453,1092.0,70.0,2.0,153567.0,1.1478346111252904,792.0,105.0,2.0,103.0,191.0,17.0,174.0,165.0,301.0,67.0,12.0,48.0,6.0,14.0,0.0,5.0,6.0,83.0,148.0,216.0,30.0,0.0,0.0,0.0,0.0,0.0,0.0,0.0,0.0,0.0,0.0,0.0,0.0,0.0,0.0,0.0,0.0,0.0,0.0,0.0,0.0,0.0,0.0,0.0,0.0,0.0,0.0,0.0,0.0,0.0,0.0,0.0,0.0,0.0,0.0,1.0,0.0,0.0,0.0,0.0,0.0,0.0,12.0,9.0,1.0,3.0,0.0,4.0,1.0,7.0,11.0,19.0,20.0,17.0,8.0,0.0,0.0,0.0,0.0,0.0,0.0,0.0,0.0,0.0,0.0,0.0,0.0,0.0,0.0,6.0,0.0,0.0,0.0,0.0,0.0,0.0,18.0,9.0,1.0,3.0,0.0,4.0,2.0,9.0,15.0,25.0,30.0,21.0,12.0
149,1.0,149.0,London_170,,151,453,1092.0,70.0,2.0,133635.0,0.9081751988269389,748.0,56.0,0.0,56.0,97.0,0.0,97.0,191.0,280.0,84.0,17.0,45.0,2.0,21.0,0.0,4.0,3.0,83.0,149.0,218.0,28.0,0.0,0.0,0.0,0.0,0.0,0.0,0.0,0.0,0.0,0.0,0.0,0.0,0.0,0.0,0.0,0.0,0.0,0.0,0.0,0.0,0.0,0.0,0.0,0.0,0.0,0.0,0.0,0.0,0.0,0.0,0.0,0.0,0.0,0.0,0.0,0.0,0.0,0.0,0.0,0.0,1.0,0.0,0.0,1.0,0.0,0.0,7.0,7.0,8.0,3.0,11.0,16.0,14.0,4.0,0.0,0.0,0.0,0.0,0.0,0.0,0.0,0.0,0.0,0.0,0.0,0.0,0.0,0.0,0.0,0.0,0.0,0.0,0.0,0.0,1.0,0.0,0.0,1.0,0.0,0.0,9.0,10.0,12.0,5.0,18.0,22.0,20.0,6.0
150,1.0,150.0,London_170,,151,453,1092.0,70.0,2.0,134541.0,1.0717793363146484,750.0,97.0,0.0,97.0,158.0,0.0,158.0,97.0,286.0,80.0,20.0,35.0,1.0,25.0,0.0,6.0,2.0,86.0,159.0,206.0,21.0,0.0,0.0,0.0,0.0,0.0,0.0,0.0,0.0,0.0,0.0,0.0,0.0,0.0,0.0,0.0,0.0,0.0,0.0,0.0,0.0,0.0,0.0,0.0,0.0,0.0,0.0,0.0,0.0,0.0,0.0,0.0,0.0,0.0,0.0,0.0,0.0,0.0,0.0,0.0,0.0,3.0,0.0,11.0,0.0,1.0,0.0,6.0,3.0,3.0,3.0,13.0,22.0,10.0,5.0,0.0,0.0,0.0,0.0,0.0,0.0,0.0,0.0,0.0,0.0,0.0,0.0,0.0,0.0,0.0,0.0,0.0,0.0,0.0,0.0,4.0,0.0,11.0,0.0,1.0,0.0,8.0,3.0,3.0,4.0,21.0,29.0,15.0,5.0
151,1.0,151.0,London_170,,151,453,1092.0,70.0,2.0,121404.0,0.9428785806521773,721.0,30.0,1.0,29.0,56.0,9.0,47.0,158.0,296.0,55.0,8.0,58.0,3.0,23.0,1.0,9.0,2.0,86.0,143.0,222.0,26.0,0.0,0.0,0.0,0.0,0.0,0.0,0.0,0.0,0.0,0.0,0.0,0.0,0.0,0.0,0.0,0.0,0.0,0.0,0.0,0.0,0.0,0.0,0.0,0.0,0.0,0.0,0.0,0.0,0.0,1.0,0.0,0.0,0.0,1.0,0.0,1.0,0.0,0.0,0.0,0.0,4.0,3.0,0.0,0.0,0.0,0.0,4.0,5.0,2.0,1.0,5.0,6.0,7.0,4.0,0.0,0.0,0.0,0.0,0.0,0.0,0.0,0.0,0.0,6.0,0.0,0.0,0.0,8.0,0.0,4.0,0.0,0.0,0.0,0.0,6.0,4.0,0.0,0.0,0.0,0.0,5.0,8.0,4.0,1.0,6.0,7.0,9.0,5.0
152,1.0,152.0,London_170,,151,453,1092.0,70.0,2.0,145413.0,1.058099975809455,774.0,133.0,0.0,133.0,236.0,0.0,236.0,56.0,307.0,59.0,6.0,46.0,3.0,23.0,1.0,8.0,2.0,88.0,154.0,209.0,27.0,0.0,0.0,0.0,0.0,0.0,0.0,0.0,0.0,0.0,0.0,0.0,0.0,0.0,0.0,0.0,0.0,0.0,0.0,0.0,0.0,0.0,0.0,0.0,0.0,0.0,0.0,0.0,0.0,0.0,0.0,0.0,0.0,0.0,0.0,0.0,0.0,0.0,0.0,0.0,0.0,3.0,25.0,3.0,1.0,3.0,0.0,9.0,6.0,2.0,8.0,22.0,33.0,21.0,12.0,0.0,0.0,0.0,0.0,0.0,0.0,0.0,0.0,0.0,0.0,0.0,0.0,0.0,0.0,0.0,0.0,0.0,0.0,0.0,0.0,4.0,44.0,3.0,2.0,3.0,0.0,12.0,9.0,3.0,12.0,37.0,50.0,25.0,18.0
153,1.0,153.0,London_170,,151,453,1092.0,70.0,2.0,120045.0,1.01385782007128,718.0,80.0,2.0,78.0,160.0,19.0,141.0,236.0,246.0,107.0,16.0,65.0,1.0,12.0,1.0,5.0,5.0,81.0,161.0,206.0,39.0,0.0,0.0,0.0,0.0,0.0,0.0,0.0,0.0,0.0,0.0,0.0,0.0,0.0,0.0,0.0,0.0,0.0,0.0,0.0,0.0,0.0,0.0,0.0,0.0,0.0,0.0,0.0,0.0,0.0,0.0,2.0,0.0,1.0,1.0,0.0,1.0,0.0,0.0,0.0,0.0,2.0,1.0,0.0,0.0,3.0,0.0,6.0,9.0,2.0,6.0,11.0,13.0,15.0,5.0,0.0,0.0,0.0,0.0,0.0,0.0,0.0,0.0,0.0,0.0,13.0,0.0,1.0,6.0,0.0,3.0,0.0,0.0,0.0,0.0,3.0,2.0,0.0,0.0,4.0,0.0,6.0,12.0,3.0,7.0,20.0,20.0,19.0,8.0
154,1.0,154.0,London_170,,151,453,1092.0,70.0,2.0,115062.0,0.99059470416978,707.0,39.0,0.0,39.0,69.0,0.0,69.0,160.0,251.0,107.0,17.0,53.0,2.0,12.0,2.0,9.0,6.0,76.0,168.0,203.0,30.0,0.0,0.0,0.0,0.0,0.0,0.0,0.0,0.0,0.0,0.0,0.0,0.0,0.0,0.0,0.0,0.0,0.0,0.0,0.0,0.0,0.0,0.0,0.0,0.0,0.0,0.0,0.0,0.0,0.0,0.0,0.0,0.0,0.0,0.0,0.0,0.0,0.0,0.0,0.0,0.0,0.0,3.0,0.0,0.0,2.0,0.0,4.0,5.0,2.0,5.0,6.0,5.0,8.0,5.0,0.0,0.0,0.0,0.0,0.0,0.0,0.0,0.0,0.0,0.0,0.0,0.0,0.0,0.0,0.0,0.0,0.0,0.0,0.0,0.0,0.0,3.0,0.0,0.0,2.0,0.0,4.0,6.0,2.0,5.0,9.0,9.0,11.0,8.0
155,1.0,155.0,London_170,,151,453,1092.0,70.0,2.0,146319.0,1.4302429021336138,776.0,49.0,0.0,49.0,91.0,0.0,91.0,69.0,252.0,111.0,19.0,51.0,4.0,9.0,0.0,7.0,8.0,84.0,165.0,196.0,31.0,0.0,0.0,0.0,0.0,0.0,0.0,0.0,0.0,0.0,0.0,0.0,0.0,0.0,0.0,0.0,0.0,0.0,0.0,0.0,0.0,0.0,0.0,0.0,0.0,0.0,0.0,0.0,0.0,0.0,0.0,0.0,0.0,0.0,0.0,0.0,0.0,0.0,0.0,0.0,0.0,1.0,2.0,0.0,0.0,0.0,1.0,7.0,2.0,3.0,7.0,6.0,10.0,7.0,6.0,0.0,0.0,0.0,0.0,0.0,0.0,0.0,0.0,0.0,0.0,0.0,0.0,0.0,0.0,0.0,0.0,0.0,0.0,0.0,0.0,1.0,4.0,0.0,0.0,0.0,2.0,8.0,2.0,5.0,10.0,12.0,16.0,8.0,9.0
156,1.0,156.0,London_170,,151,453,1092.0,70.0,2.0,162174.0,1.0072270901873708,811.0,19.0,0.0,19.0,30.0,0.0,30.0,91.0,254.0,105.0,15.0,55.0,3.0,13.0,1.0,7.0,8.0,85.0,153.0,207.0,34.0,0.0,0.0,0.0,0.0,0.0,0.0,0.0,0.0,0.0,0.0,0.0,0.0,0.0,0.0,0.0,0.0,0.0,0.0,0.0,0.0,0.0,0.0,0.0,0.0,0.0,0.0,0.0,0.0,0.0,0.0,0.0,0.0,0.0,0.0,0.0,0.0,0.0,0.0,0.0,0.0,0.0,2.0,0.0,0.0,0.0,0.0,3.0,1.0,3.0,2.0,2.0,8.0,5.0,2.0,0.0,0.0,0.0,0.0,0.0,0.0,0.0,0.0,0.0,0.0,0.0,0.0,0.0,0.0,0.0,0.0,0.0,0.0,0.0,0.0,0.0,3.0,0.0,0.0,0.0,0.0,4.0,1.0,4.0,3.0,3.0,11.0,7.0,4.0
157,1.0,157.0,London_170,,151,453,1092.0,70.0,2.0,203397.0,1.2636771900579333,902.0,78.0,2.0,76.0,155.0,19.0,136.0,30.0,257.0,107.0,15.0,48.0,4.0,15.0,1.0,6.0,6.0,83.0,162.0,202.0,35.0,0.0,0.0,0.0,0.0,0.0,0.0,0.0,0.0,0.0,0.0,0.0,0.0,0.0,0.0,0.0,0.0,0.0,0.0,0.0,0.0,0.0,0.0,0.0,0.0,0.0,0.0,0.0,0.0,0.0,2.0,0.0,0.0,0.0,0.0,2.0,2.0,1.0,0.0,0.0,0.0,0.0,3.0,4.0,2.0,0.0,2.0,5.0,11.0,10.0,8.0,15.0,17.0,21.0,7.0,0.0,0.0,0.0,0.0,0.0,0.0,0.0,0.0,0.0,2.0,0.0,0.0,0.0,0.0,16.0,7.0,10.0,0.0,0.0,0.0,0.0,3.0,4.0,2.0,0.0,3.0,6.0,15.0,12.0,12.0,24.0,24.0,24.0,11.0
158,1.0,158.0,London_170,,151,453,1092.0,70.0,2.0,220611.0,1.4387315320782363,940.0,152.0,2.0,150.0,269.0,17.0,252.0,155.0,251.0,105.0,16.0,46.0,6.0,21.0,4.0,4.0,7.0,83.0,154.0,209.0,25.0,0.0,0.0,0.0,0.0,0.0,0.0,0.0,0.0,0.0,0.0,0.0,0.0,0.0,0.0,0.0,0.0,0.0,0.0,0.0,0.0,0.0,0.0,0.0,0.0,0.0,0.0,0.0,0.0,0.0,1.0,0.0,0.0,1.0,0.0,1.0,1.0,0.0,0.0,0.0,0.0,2.0,6.0,0.0,5.0,5.0,0.0,6.0,4.0,5.0,12.0,27.0,30.0,24.0,10.0,0.0,0.0,0.0,0.0,0.0,0.0,0.0,0.0,0.0,2.0,0.0,0.0,3.0,0.0,8.0,1.0,0.0,0.0,0.0,0.0,2.0,6.0,0.0,10.0,5.0,0.0,7.0,6.0,5.0,16.0,40.0,46.0,29.0,15.0
159,1.0,159.0,London_170,,151,453,1092.0,70.0,2.0,206568.0,0.9766227728687227,909.0,77.0,2.0,75.0,146.0,18.0,128.0,269.0,220.0,107.0,16.0,67.0,15.0,21.0,1.0,6.0,7.0,86.0,152.0,208.0,32.0,0.0,0.0,0.0,0.0,0.0,0.0,0.0,0.0,0.0,0.0,0.0,0.0,0.0,0.0,0.0,0.0,0.0,0.0,0.0,0.0,0.0,0.0,0.0,0.0,0.0,0.0,0.0,0.0,0.0,2.0,0.0,0.0,1.0,0.0,0.0,0.0,0.0,0.0,0.0,0.0,7.0,6.0,0.0,0.0,0.0,0.0,9.0,2.0,7.0,7.0,19.0,15.0,16.0,7.0,0.0,0.0,0.0,0.0,0.0,0.0,0.0,0.0,0.0,6.0,0.0,0.0,4.0,0.0,0.0,0.0,0.0,0.0,0.0,0.0,8.0,9.0,0.0,0.0,0.0,0.0,14.0,5.0,10.0,10.0,25.0,23.0,19.0,10.0
160,1.0,160.0,London_170,,151,453,1092.0,70.0,2.0,214722.0,1.1412547379732132,927.0,172.0,1.0,171.0,303.0,9.0,294.0,146.0,236.0,96.0,23.0,61.0,12.0,15.0,1.0,9.0,7.0,93.0,148.0,205.0,41.0,0.0,0.0,0.0,0.0,0.0,0.0,0.0,0.0,0.0,0.0,0.0,0.0,0.0,0.0,0.0,0.0,0.0,0.0,0.0,0.0,0.0,0.0,0.0,0.0,0.0,0.0,0.0,0.0,0.0,0.0,0.0,0.0,0.0,0.0,0.0,0.0,0.0,0.0,0.0,0.0,1.0,14.0,0.0,5.0,7.0,0.0,10.0,2.0,8.0,4.0,34.0,36.0,14.0,12.0,0.0,0.0,0.0,0.0,0.0,0.0,0.0,0.0,0.0,0.0,0.0,0.0,0.0,0.0,0.0,0.0,0.0,0.0,0.0,0.0,1.0,21.0,0.0,5.0,7.0,0.0,11.0,2.0,9.0,4.0,52.0,54.0,16.0,21.0
161,1.0,161.0,London_170,,151,453,1092.0,70.0,2.0,171687.0,0.8868664707988501,832.0,128.0,2.0,126.0,244.0,20.0,224.0,303.0,188.0,123.0,22.0,83.0,9.0,19.0,1.0,8.0,8.0,83.0,162.0,200.0,38.0,0.0,0.0,0.0,0.0,0.0,0.0,0.0,0.0,0.0,0.0,0.0,0.0,0.0,0.0,0.0,0.0,0.0,0.0,0.0,0.0,0.0,0.0,0.0,0.0,0.0,0.0,0.0,0.0,0.0,0.0,1.0,0.0,1.0,0.0,0.0,1.0,0.0,0.0,0.0,0.0,6.0,2.0,2.0,1.0,1.0,0.0,6.0,12.0,16.0,15.0,20.0,37.0,23.0,10.0,0.0,0.0,0.0,0.0,0.0,0.0,0.0,0.0,0.0,0.0,7.0,0.0,5.0,0.0,0.0,2.0,0.0,0.0,0.0,0.0,9.0,2.0,2.0,2.0,1.0,0.0,8.0,16.0,21.0,20.0,33.0,48.0,31.0,12.0
162,1.0,162.0,London_170,,151,453,1092.0,70.0,2.0,151302.0,0.8552242941223085,787.0,108.0,2.0,106.0,196.0,20.0,176.0,244.0,205.0,114.0,19.0,86.0,8.0,13.0,0.0,8.0,5.0,85.0,148.0,215.0,40.0,0.0,0.0,0.0,0.0,0.0,0.0,0.0,0.0,0.0,0.0,0.0,0.0,0.0,0.0,0.0,0.0,0.0,0.0,0.0,0.0,0.0,0.0,0.0,0.0,0.0,0.0,0.0,0.0,0.0,1.0,1.0,0.0,1.0,1.0,0.0,1.0,1.0,0.0,0.0,0.0,5.0,6.0,3.0,1.0,1.0,0.0,5.0,8.0,6.0,8.0,19.0,23.0,25.0,6.0,0.0,0.0,0.0,0.0,0.0,0.0,0.0,0.0,0.0,3.0,6.0,0.0,3.0,8.0,0.0,3.0,8.0,0.0,0.0,0.0,5.0,9.0,3.0,3.0,1.0,0.0,9.0,10.0,7.0,11.0,34.0,29.0,33.0,11.0
163,1.0,163.0,London_170,,151,453,1092.0,70.0,2.0,139071.0,0.8186442381702363,760.0,20.0,0.0,20.0,33.0,0.0,33.0,196.0,214.0,127.0,22.0,61.0,3.0,20.0,0.0,6.0,5.0,86.0,138.0,224.0,52.0,0.0,0.0,0.0,0.0,0.0,0.0,0.0,0.0,0.0,0.0,0.0,0.0,0.0,0.0,0.0,0.0,0.0,0.0,0.0,0.0,0.0,0.0,0.0,0.0,0.0,0.0,0.0,0.0,0.0,0.0,0.0,0.0,0.0,0.0,0.0,0.0,0.0,0.0,0.0,0.0,1.0,0.0,0.0,0.0,0.0,0.0,3.0,1.0,2.0,1.0,3.0,3.0,4.0,2.0,0.0,0.0,0.0,0.0,0.0,0.0,0.0,0.0,0.0,0.0,0.0,0.0,0.0,0.0,0.0,0.0,0.0,0.0,0.0,0.0,1.0,0.0,0.0,0.0,0.0,0.0,3.0,1.0,4.0,2.0,4.0,4.0,5.0,2.0
164,1.0,164.0,London_170,,151,453,1092.0,70.0,2.0,163080.0,1.3486271570436656,813.0,118.0,2.0,116.0,215.0,18.0,197.0,33.0,213.0,128.0,22.0,60.0,5.0,21.0,0.0,4.0,5.0,91.0,138.0,219.0,56.0,0.0,0.0,0.0,0.0,0.0,0.0,0.0,0.0,0.0,0.0,0.0,0.0,0.0,0.0,0.0,0.0,0.0,0.0,0.0,0.0,0.0,0.0,0.0,0.0,0.0,0.0,0.0,0.0,0.0,0.0,0.0,0.0,1.0,2.0,0.0,1.0,0.0,0.0,0.0,0.0,0.0,4.0,2.0,2.0,0.0,2.0,13.0,4.0,10.0,9.0,22.0,29.0,20.0,9.0,0.0,0.0,0.0,0.0,0.0,0.0,0.0,0.0,0.0,0.0,0.0,0.0,1.0,12.0,0.0,4.0,0.0,0.0,0.0,0.0,0.0,5.0,2.0,3.0,0.0,5.0,16.0,6.0,12.0,10.0,27.0,41.0,22.0,12.0
165,1.0,165.0,London_170,,151,453,1092.0,70.0,2.0,138165.0,0.971140718087554,758.0,161.0,0.0,161.0,284.0,0.0,284.0,215.0,234.0,119.0,15.0,61.0,4.0,13.0,4.0,3.0,5.0,81.0,143.0,224.0,37.0,0.0,0.0,0.0,0.0,0.0,0.0,0.0,0.0,0.0,0.0,0.0,0.0,0.0,0.0,0.0,0.0,0.0,0.0,0.0,0.0,0.0,0.0,0.0,0.0,0.0,0.0,0.0,0.0,0.0,0.0,0.0,0.0,0.0,0.0,0.0,0.0,0.0,0.0,0.0,0.0,1.0,7.0,0.0,6.0,0.0,1.0,12.0,6.0,3.0,7.0,31.0,27.0,23.0,14.0,0.0,0.0,0.0,0.0,0.0,0.0,0.0,0.0,0.0,0.0,0.0,0.0,0.0,0.0,0.0,0.0,0.0,0.0,0.0,0.0,1.0,10.0,0.0,12.0,0.0,2.0,20.0,6.0,5.0,8.0,48.0,36.0,25.0,26.0
166,1.0,166.0,London_170,,151,453,1092.0,70.0,2.0,95583.0,0.5485912580043077,664.0,2.0,0.0,2.0,2.0,0.0,2.0,284.0,211.0,103.0,16.0,78.0,4.0,34.0,2.0,5.0,4.0,85.0,156.0,208.0,30.0,0.0,0.0,0.0,0.0,0.0,0.0,0.0,0.0,0.0,0.0,0.0,0.0,0.0,0.0,0.0,0.0,0.0,0.0,0.0,0.0,0.0,0.0,0.0,0.0,0.0,0.0,0.0,0.0,0.0,0.0,0.0,0.0,0.0,0.0,0.0,0.0,0.0,0.0,0.0,0.0,0.0,0.0,0.0,0.0,0.0,0.0,0.0,0.0,0.0,1.0,0.0,1.0,0.0,0.0,0.0,0.0,0.0,0.0,0.0,0.0,0.0,0.0,0.0,0.0,0.0,0.0,0.0,0.0,0.0,0.0,0.0,0.0,0.0,0.0,0.0,0.0,0.0,0.0,0.0,0.0,0.0,0.0,0.0,1.0,0.0,1.0,0.0,0.0
167,1.0,167.0,London_170,,151,453,1092.0,70.0,2.0,132276.0,0.8195691388100386,745.0,49.0,0.0,49.0,83.0,0.0,83.0,2.0,211.0,102.0,16.0,79.0,4.0,34.0,2.0,5.0,4.0,86.0,154.0,209.0,31.0,0.0,0.0,0.0,0.0,0.0,0.0,0.0,0.0,0.0,0.0,0.0,0.0,0.0,0.0,0.0,0.0,0.0,0.0,0.0,0.0,0.0,0.0,0.0,0.0,0.0,0.0,0.0,0.0,0.0,0.0,0.0,0.0,0.0,0.0,0.0,0.0,0.0,0.0,0.0,0.0,1.0,0.0,0.0,0.0,3.0,0.0,3.0,7.0,1.0,7.0,10.0,14.0,13.0,2.0,0.0,0.0,0.0,0.0,0.0,0.0,0.0,0.0,0.0,0.0,0.0,0.0,0.0,0.0,0.0,0.0,0.0,0.0,0.0,0.0,1.0,0.0,0.0,0.0,3.0,0.0,5.0,11.0,2.0,10.0,15.0,20.0,21.0,6.0
168,1.0,168.0,London_170,,151,453,1092.0,70.0,2.0,143148.0,0.8209717902354896,769.0,68.0,0.0,68.0,120.0,0.0,120.0,83.0,214.0,108.0,4.0,77.0,7.0,35.0,2.0,6.0,3.0,82.0,159.0,209.0,38.0,0.0,0.0,0.0,0.0,0.0,0.0,0.0,0.0,0.0,0.0,0.0,0.0,0.0,0.0,0.0,0.0,0.0,0.0,0.0,0.0,0.0,0.0,0.0,0.0,0.0,0.0,0.0,0.0,0.0,0.0,0.0,0.0,0.0,0.0,0.0,0.0,0.0,0.0,0.0,0.0,0.0,6.0,1.0,2.0,0.0,0.0,13.0,4.0,5.0,6.0,13.0,13.0,17.0,4.0,0.0,0.0,0.0,0.0,0.0,0.0,0.0,0.0,0.0,0.0,0.0,0.0,0.0,0.0,0.0,0.0,0.0,0.0,0.0,0.0,0.0,7.0,1.0,2.0,0.0,0.0,14.0,6.0,7.0,10.0,18.0,19.0,22.0,4.0
169,1.0,169.0,London_170,,151,453,1092.0,70.0,2.0,161721.0,1.0041047548875213,810.0,139.0,0.0,139.0,236.0,0.0,236.0,120.0,213.0,105.0,7.0,82.0,9.0,27.0,2.0,8.0,10.0,89.0,166.0,188.0,51.0,0.0,0.0,0.0,0.0,0.0,0.0,0.0,0.0,0.0,0.0,0.0,0.0,0.0,0.0,0.0,0.0,0.0,0.0,0.0,0.0,0.0,0.0,0.0,0.0,0.0,0.0,0.0,0.0,0.0,0.0,0.0,0.0,0.0,0.0,0.0,0.0,0.0,0.0,0.0,0.0,1.0,13.0,4.0,0.0,5.0,1.0,9.0,6.0,6.0,16.0,22.0,33.0,27.0,6.0,0.0,0.0,0.0,0.0,0.0,0.0,0.0,0.0,0.0,0.0,0.0,0.0,0.0,0.0,0.0,0.0,0.0,0.0,0.0,0.0,1.0,18.0,5.0,0.0,5.0,1.0,11.0,9.0,7.0,25.0,31.0,44.0,33.0,7.0
170,1.0,170.0,London_170,,151,453,1092.0,70.0,2.0,126840.0,1.0350946048274636,733.0,0.0,0.0,0.0,0.0,0.0,0.0,236.0,224.0,90.0,26.0,67.0,12.0,30.0,1.0,3.0,7.0,77.0,156.0,213.0,37.0,0.0,0.0,0.0,0.0,0.0,0.0,0.0,0.0,0.0,0.0,0.0,0.0,0.0,0.0,0.0,0.0,0.0,0.0,0.0,0.0,0.0,0.0,0.0,0.0,0.0,0.0,0.0,0.0,0.0,0.0,0.0,0.0,0.0,0.0,0.0,0.0,0.0,0.0,0.0,0.0,0.0,0.0,0.0,0.0,0.0,0.0,0.0,0.0,0.0,0.0,0.0,0.0,0.0,0.0,0.0,0.0,0.0,0.0,0.0,0.0,0.0,0.0,0.0,0.0,0.0,0.0,0.0,0.0,0.0,0.0,0.0,0.0,0.0,0.0,0.0,0.0,0.0,0.0,0.0,0.0,0.0,0.0,0.0,0.0,0.0,0.0,0.0,0.0
171,1.0,171.0,London_170,,151,453,1092.0,70.0,2.0,164439.0,0.9263110659085214,816.0,47.0,2.0,45.0,96.0,18.0,78.0,0.0,224.0,90.0,26.0,67.0,12.0,30.0,1.0,3.0,7.0,77.0,156.0,213.0,37.0,0.0,0.0,0.0,0.0,0.0,0.0,0.0,0.0,0.0,0.0,0.0,0.0,0.0,0.0,0.0,0.0,0.0,0.0,0.0,0.0,0.0,0.0,0.0,0.0,0.0,0.0,0.0,0.0,0.0,0.0,0.0,0.0,0.0,0.0,1.0,2.0,0.0,0.0,0.0,0.0,2.0,3.0,0.0,4.0,1.0,0.0,6.0,5.0,7.0,2.0,6.0,12.0,13.0,5.0,0.0,0.0,0.0,0.0,0.0,0.0,0.0,0.0,0.0,0.0,0.0,0.0,0.0,0.0,8.0,3.0,0.0,0.0,0.0,0.0,2.0,4.0,0.0,6.0,1.0,0.0,9.0,9.0,9.0,3.0,9.0,18.0,15.0,8.0
172,1.0,172.0,London_170,,151,453,1092.0,70.0,2.0,192978.0,1.1732838968746364,879.0,147.0,2.0,145.0,268.0,19.0,249.0,96.0,227.0,91.0,28.0,56.0,12.0,36.0,1.0,2.0,6.0,83.0,155.0,209.0,44.0,0.0,0.0,0.0,0.0,0.0,0.0,0.0,0.0,0.0,0.0,0.0,0.0,0.0,0.0,0.0,0.0,0.0,0.0,0.0,0.0,0.0,0.0,0.0,0.0,0.0,0.0,0.0,0.0,0.0,0.0,0.0,0.0,1.0,1.0,1.0,1.0,0.0,0.0,0.0,0.0,2.0,15.0,1.0,2.0,0.0,0.0,9.0,7.0,2.0,4.0,29.0,36.0,15.0,8.0,0.0,0.0,0.0,0.0,0.0,0.0,0.0,0.0,0.0,0.0,0.0,0.0,8.0,7.0,9.0,7.0,0.0,0.0,0.0,0.0,3.0,20.0,1.0,3.0,0.0,0.0,12.0,12.0,2.0,5.0,37.0,52.0,17.0,12.0
173,1.0,173.0,London_170,,151,453,1092.0,70.0,2.0,158097.0,1.0789377358742058,802.0,149.0,1.0,148.0,269.0,10.0,259.0,268.0,221.0,97.0,17.0,86.0,12.0,17.0,1.0,2.0,9.0,88.0,148.0,208.0,41.0,0.0,0.0,0.0,0.0,0.0,0.0,0.0,0.0,0.0,0.0,0.0,0.0,0.0,0.0,0.0,0.0,0.0,0.0,0.0,0.0,0.0,0.0,0.0,0.0,0.0,0.0,0.0,0.0,0.0,0.0,0.0,0.0,1.0,1.0,0.0,1.0,0.0,0.0,0.0,0.0,4.0,20.0,11.0,0.0,8.0,0.0,17.0,5.0,3.0,19.0,22.0,39.0,20.0,14.0,0.0,0.0,0.0,0.0,0.0,0.0,0.0,0.0,0.0,0.0,0.0,0.0,5.0,9.0,0.0,6.0,0.0,0.0,0.0,0.0,4.0,31.0,12.0,0.0,8.0,0.0,20.0,9.0,3.0,25.0,30.0,54.0,24.0,19.0
174,1.0,174.0,London_170,,151,453,1092.0,70.0,2.0,125028.0,0.654598054010421,729.0,39.0,1.0,38.0,69.0,10.0,59.0,269.0,226.0,106.0,19.0,72.0,7.0,19.0,1.0,3.0,5.0,81.0,157.0,210.0,32.0,0.0,0.0,0.0,0.0,0.0,0.0,0.0,0.0,0.0,0.0,0.0,0.0,0.0,0.0,0.0,0.0,0.0,0.0,0.0,0.0,0.0,0.0,0.0,0.0,0.0,0.0,0.0,0.0,0.0,1.0,0.0,0.0,0.0,0.0,0.0,1.0,0.0,0.0,0.0,0.0,0.0,2.0,0.0,1.0,0.0,0.0,1.0,6.0,3.0,5.0,8.0,4.0,12.0,2.0,0.0,0.0,0.0,0.0,0.0,0.0,0.0,0.0,0.0,3.0,0.0,0.0,0.0,0.0,0.0,3.0,0.0,0.0,0.0,0.0,0.0,2.0,0.0,1.0,0.0,0.0,2.0,7.0,3.0,8.0,11.0,6.0,18.0,2.0
175,1.0,175.0,London_170,,151,453,1092.0,70.0,2.0,151755.0,0.8115221289917827,788.0,81.0,0.0,81.0,137.0,0.0,137.0,69.0,226.0,122.0,14.0,67.0,2.0,18.0,1.0,3.0,7.0,84.0,158.0,204.0,39.0,0.0,0.0,0.0,0.0,0.0,0.0,0.0,0.0,0.0,0.0,0.0,0.0,0.0,0.0,0.0,0.0,0.0,0.0,0.0,0.0,0.0,0.0,0.0,0.0,0.0,0.0,0.0,0.0,0.0,0.0,0.0,0.0,0.0,0.0,0.0,0.0,0.0,0.0,0.0,0.0,3.0,3.0,0.0,0.0,1.0,1.0,9.0,3.0,1.0,12.0,12.0,14.0,14.0,6.0,0.0,0.0,0.0,0.0,0.0,0.0,0.0,0.0,0.0,0.0,0.0,0.0,0.0,0.0,0.0,0.0,0.0,0.0,0.0,0.0,3.0,4.0,0.0,0.0,1.0,4.0,12.0,3.0,1.0,17.0,16.0,19.0,19.0,12.0
176,1.0,176.0,London_170,,151,453,1092.0,70.0,2.0,147225.0,1.3866295930929482,778.0,70.0,2.0,68.0,138.0,18.0,120.0,137.0,230.0,129.0,13.0,49.0,3.0,26.0,0.0,3.0,11.0,93.0,155.0,194.0,40.0,0.0,0.0,0.0,0.0,0.0,0.0,0.0,0.0,0.0,0.0,0.0,0.0,0.0,0.0,0.0,0.0,0.0,0.0,0.0,0.0,0.0,0.0,0.0,0.0,0.0,0.0,0.0,0.0,0.0,0.0,0.0,0.0,1.0,0.0,1.0,1.0,0.0,0.0,0.0,0.0,1.0,7.0,4.0,0.0,0.0,0.0,7.0,5.0,2.0,9.0,14.0,16.0,17.0,1.0,0.0,0.0,0.0,0.0,0.0,0.0,0.0,0.0,0.0,0.0,0.0,0.0,2.0,0.0,3.0,3.0,0.0,0.0,0.0,0.0,1.0,11.0,4.0,0.0,0.0,0.0,8.0,6.0,3.0,11.0,25.0,22.0,22.0,1.0
177,1.0,177.0,London_170,,151,453,1092.0,70.0,2.0,151302.0,1.9744570618495345,787.0,32.0,2.0,30.0,61.0,16.0,45.0,138.0,236.0,131.0,20.0,36.0,2.0,23.0,1.0,4.0,6.0,83.0,156.0,208.0,36.0,0.0,0.0,0.0,0.0,0.0,0.0,0.0,0.0,0.0,0.0,0.0,0.0,0.0,0.0,0.0,0.0,0.0,0.0,0.0,0.0,0.0,0.0,0.0,0.0,0.0,0.0,0.0,0.0,0.0,1.0,0.0,0.0,0.0,1.0,1.0,1.0,0.0,0.0,0.0,0.0,0.0,3.0,2.0,0.0,0.0,0.0,3.0,6.0,2.0,4.0,7.0,5.0,11.0,2.0,0.0,0.0,0.0,0.0,0.0,0.0,0.0,0.0,0.0,5.0,0.0,0.0,0.0,7.0,8.0,4.0,0.0,0.0,0.0,0.0,0.0,4.0,2.0,0.0,0.0,0.0,4.0,7.0,2.0,4.0,10.0,6.0,12.0,2.0
178,1.0,178.0,London_170,,151,453,1092.0,70.0,2.0,175311.0,1.0808459660038352,840.0,121.0,2.0,119.0,230.0,18.0,212.0,61.0,237.0,141.0,17.0,37.0,3.0,17.0,0.0,1.0,7.0,81.0,158.0,207.0,43.0,0.0,0.0,0.0,0.0,0.0,0.0,0.0,0.0,0.0,0.0,0.0,0.0,0.0,0.0,0.0,0.0,0.0,0.0,0.0,0.0,0.0,0.0,0.0,0.0,0.0,0.0,0.0,0.0,0.0,0.0,0.0,0.0,1.0,0.0,1.0,1.0,0.0,0.0,0.0,0.0,0.0,13.0,8.0,3.0,7.0,0.0,6.0,15.0,1.0,12.0,22.0,28.0,30.0,6.0,0.0,0.0,0.0,0.0,0.0,0.0,0.0,0.0,0.0,0.0,0.0,0.0,2.0,0.0,7.0,1.0,0.0,0.0,0.0,0.0,0.0,17.0,8.0,5.0,7.0,0.0,6.0,21.0,2.0,17.0,37.0,42.0,41.0,8.0
179,1.0,179.0,London_170,,151,453,1092.0,70.0,2.0,162174.0,0.8386187511496246,811.0,96.0,0.0,96.0,165.0,0.0,165.0,230.0,247.0,82.0,25.0,68.0,6.0,16.0,3.0,6.0,5.0,82.0,144.0,222.0,19.0,0.0,0.0,0.0,0.0,0.0,0.0,0.0,0.0,0.0,0.0,0.0,0.0,0.0,0.0,0.0,0.0,0.0,0.0,0.0,0.0,0.0,0.0,0.0,0.0,0.0,0.0,0.0,0.0,0.0,0.0,0.0,0.0,0.0,0.0,0.0,0.0,0.0,0.0,0.0,0.0,2.0,4.0,3.0,2.0,3.0,0.0,9.0,16.0,12.0,7.0,19.0,25.0,21.0,7.0,0.0,0.0,0.0,0.0,0.0,0.0,0.0,0.0,0.0,0.0,0.0,0.0,0.0,0.0,0.0,0.0,0.0,0.0,0.0,0.0,2.0,6.0,3.0,2.0,3.0,0.0,11.0,20.0,14.0,9.0,27.0,38.0,24.0,13.0
180,1.0,180.0,London_170,,151,453,1092.0,70.0,2.0,159003.0,0.920368900988251,804.0,98.0,1.0,97.0,178.0,10.0,168.0,165.0,267.0,71.0,24.0,71.0,6.0,8.0,3.0,3.0,3.0,81.0,157.0,212.0,21.0,0.0,0.0,0.0,0.0,0.0,0.0,0.0,0.0,0.0,0.0,0.0,0.0,0.0,0.0,0.0,0.0,0.0,0.0,0.0,0.0,0.0,0.0,0.0,0.0,0.0,0.0,0.0,0.0,0.0,1.0,0.0,0.0,1.0,0.0,1.0,0.0,1.0,0.0,0.0,0.0,1.0,10.0,4.0,1.0,6.0,0.0,4.0,11.0,6.0,13.0,19.0,17.0,14.0,7.0,0.0,0.0,0.0,0.0,0.0,0.0,0.0,0.0,0.0,1.0,0.0,0.0,5.0,0.0,7.0,0.0,8.0,0.0,0.0,0.0,2.0,15.0,5.0,2.0,7.0,0.0,5.0,17.0,6.0,19.0,32.0,24.0,16.0,10.0
181,1.0,181.0,London_170,,151,453,1092.0,70.0,2.0,152208.0,0.8861267496831715,789.0,85.0,0.0,85.0,152.0,0.0,152.0,178.0,284.0,76.0,13.0,57.0,3.0,15.0,1.0,4.0,11.0,90.0,143.0,209.0,28.0,0.0,0.0,0.0,0.0,0.0,0.0,0.0,0.0,0.0,0.0,0.0,0.0,0.0,0.0,0.0,0.0,0.0,0.0,0.0,0.0,0.0,0.0,0.0,0.0,0.0,0.0,0.0,0.0,0.0,0.0,0.0,0.0,0.0,0.0,0.0,0.0,0.0,0.0,0.0,0.0,2.0,1.0,1.0,0.0,1.0,0.0,9.0,4.0,2.0,9.0,20.0,24.0,9.0,11.0,0.0,0.0,0.0,0.0,0.0,0.0,0.0,0.0,0.0,0.0,0.0,0.0,0.0,0.0,0.0,0.0,0.0,0.0,0.0,0.0,2.0,1.0,1.0,0.0,1.0,0.0,14.0,4.0,2.0,10.0,31.0,32.0,14.0,14.0
182,1.0,182.0,London_170,,151,453,1092.0,70.0,2.0,156285.0,0.9458701112307608,798.0,93.0,0.0,93.0,162.0,0.0,162.0,152.0,294.0,76.0,9.0,48.0,5.0,18.0,0.0,3.0,9.0,90.0,141.0,213.0,37.0,0.0,0.0,0.0,0.0,0.0,0.0,0.0,0.0,0.0,0.0,0.0,0.0,0.0,0.0,0.0,0.0,0.0,0.0,0.0,0.0,0.0,0.0,0.0,0.0,0.0,0.0,0.0,0.0,0.0,0.0,0.0,0.0,0.0,0.0,0.0,0.0,0.0,0.0,0.0,0.0,0.0,0.0,0.0,0.0,2.0,0.0,4.0,5.0,6.0,9.0,24.0,15.0,26.0,7.0,0.0,0.0,0.0,0.0,0.0,0.0,0.0,0.0,0.0,0.0,0.0,0.0,0.0,0.0,0.0,0.0,0.0,0.0,0.0,0.0,0.0,0.0,0.0,0.0,2.0,0.0,4.0,6.0,6.0,13.0,37.0,21.0,31.0,9.0
183,1.0,183.0,London_170,,151,453,1092.0,70.0,2.0,137259.0,1.1445730635896325,756.0,80.0,2.0,78.0,154.0,16.0,138.0,162.0,304.0,57.0,14.0,50.0,11.0,15.0,0.0,2.0,4.0,89.0,145.0,215.0,20.0,0.0,0.0,0.0,0.0,0.0,0.0,0.0,0.0,0.0,0.0,0.0,0.0,0.0,0.0,0.0,0.0,0.0,0.0,0.0,0.0,0.0,0.0,0.0,0.0,0.0,0.0,0.0,0.0,0.0,2.0,0.0,0.0,0.0,0.0,0.0,1.0,0.0,0.0,0.0,0.0,1.0,6.0,0.0,4.0,10.0,0.0,13.0,2.0,4.0,11.0,20.0,17.0,15.0,9.0,0.0,0.0,0.0,0.0,0.0,0.0,0.0,0.0,0.0,6.0,0.0,0.0,0.0,0.0,0.0,1.0,0.0,0.0,0.0,0.0,1.0,10.0,0.0,5.0,10.0,0.0,18.0,5.0,5.0,16.0,30.0,23.0,19.0,15.0
184,1.0,184.0,London_170,,151,453,1092.0,70.0,2.0,131370.0,0.7985348971560597,743.0,35.0,2.0,33.0,76.0,19.0,57.0,154.0,312.0,55.0,12.0,42.0,5.0,19.0,0.0,8.0,5.0,92.0,133.0,223.0,16.0,0.0,0.0,0.0,0.0,0.0,0.0,0.0,0.0,0.0,0.0,0.0,0.0,0.0,0.0,0.0,0.0,0.0,0.0,0.0,0.0,0.0,0.0,0.0,0.0,0.0,0.0,0.0,0.0,0.0,1.0,1.0,0.0,0.0,0.0,1.0,1.0,0.0,0.0,0.0,0.0,1.0,5.0,0.0,0.0,0.0,0.0,5.0,4.0,1.0,6.0,7.0,12.0,9.0,6.0,0.0,0.0,0.0,0.0,0.0,0.0,0.0,0.0,0.0,3.0,4.0,0.0,0.0,0.0,7.0,3.0,0.0,0.0,0.0,0.0,1.0,6.0,0.0,0.0,0.0,0.0,7.0,4.0,2.0,11.0,11.0,19.0,12.0,10.0
185,1.0,185.0,London_170,,151,453,1092.0,70.0,2.0,157644.0,1.0144573166035116,801.0,157.0,0.0,157.0,283.0,0.0,283.0,76.0,312.0,51.0,15.0,47.0,2.0,18.0,0.0,8.0,6.0,90.0,133.0,224.0,22.0,0.0,0.0,0.0,0.0,0.0,0.0,0.0,0.0,0.0,0.0,0.0,0.0,0.0,0.0,0.0,0.0,0.0,0.0,0.0,0.0,0.0,0.0,0.0,0.0,0.0,0.0,0.0,0.0,0.0,0.0,0.0,0.0,0.0,0.0,0.0,0.0,0.0,0.0,0.0,0.0,1.0,19.0,0.0,0.0,1.0,0.0,10.0,5.0,5.0,6.0,36.0,31.0,22.0,11.0,0.0,0.0,0.0,0.0,0.0,0.0,0.0,0.0,0.0,0.0,0.0,0.0,0.0,0.0,0.0,0.0,0.0,0.0,0.0,0.0,1.0,32.0,0.0,0.0,1.0,0.0,11.0,7.0,8.0,8.0,55.0,45.0,27.0,13.0
186,1.0,186.0,London_170,,151,453,1092.0,70.0,2.0,123669.0,0.6787194330245256,726.0,10.0,2.0,8.0,32.0,19.0,13.0,283.0,208.0,108.0,12.0,88.0,2.0,27.0,1.0,7.0,9.0,71.0,137.0,236.0,38.0,0.0,0.0,0.0,0.0,0.0,0.0,0.0,0.0,0.0,0.0,0.0,0.0,0.0,0.0,0.0,0.0,0.0,0.0,0.0,0.0,0.0,0.0,0.0,0.0,0.0,0.0,0.0,0.0,0.0,1.0,0.0,0.0,0.0,0.0,1.0,2.0,0.0,0.0,0.0,0.0,0.0,0.0,0.0,0.0,0.0,0.0,1.0,0.0,0.0,1.0,4.0,1.0,3.0,1.0,0.0,0.0,0.0,0.0,0.0,0.0,0.0,0.0,0.0,6.0,0.0,0.0,0.0,0.0,4.0,11.0,0.0,0.0,0.0,0.0,0.0,0.0,0.0,0.0,0.0,0.0,1.0,0.0,0.0,2.0,6.0,1.0,3.0,2.0
187,1.0,187.0,London_170,,151,453,1092.0,70.0,2.0,155832.0,1.7064768830314279,797.0,132.0,0.0,132.0,221.0,0.0,221.0,32.0,213.0,117.0,8.0,83.0,1.0,22.0,1.0,8.0,6.0,73.0,131.0,243.0,32.0,0.0,0.0,0.0,0.0,0.0,0.0,0.0,0.0,0.0,0.0,0.0,0.0,0.0,0.0,0.0,0.0,0.0,0.0,0.0,0.0,0.0,0.0,0.0,0.0,0.0,0.0,0.0,0.0,0.0,0.0,0.0,0.0,0.0,0.0,0.0,0.0,0.0,0.0,0.0,0.0,1.0,1.0,2.0,0.0,2.0,1.0,5.0,14.0,10.0,11.0,28.0,36.0,14.0,14.0,0.0,0.0,0.0,0.0,0.0,0.0,0.0,0.0,0.0,0.0,0.0,0.0,0.0,0.0,0.0,0.0,0.0,0.0,0.0,0.0,1.0,1.0,2.0,0.0,2.0,2.0,6.0,22.0,12.0,13.0,41.0,49.0,17.0,22.0
188,1.0,188.0,London_170,,151,453,1092.0,70.0,2.0,138618.0,0.9437101180665195,759.0,75.0,1.0,74.0,134.0,9.0,125.0,221.0,204.0,135.0,18.0,70.0,5.0,20.0,1.0,0.0,7.0,83.0,136.0,227.0,39.0,0.0,0.0,0.0,0.0,0.0,0.0,0.0,0.0,0.0,0.0,0.0,0.0,0.0,0.0,0.0,0.0,0.0,0.0,0.0,0.0,0.0,0.0,0.0,0.0,0.0,0.0,0.0,0.0,0.0,0.0,0.0,0.0,1.0,0.0,0.0,0.0,1.0,0.0,0.0,0.0,2.0,6.0,1.0,0.0,1.0,0.0,7.0,12.0,10.0,6.0,11.0,19.0,9.0,6.0,0.0,0.0,0.0,0.0,0.0,0.0,0.0,0.0,0.0,0.0,0.0,0.0,6.0,0.0,0.0,0.0,9.0,0.0,0.0,0.0,4.0,10.0,1.0,0.0,1.0,0.0,12.0,16.0,17.0,9.0,17.0,25.0,9.0,13.0
189,1.0,189.0,London_170,,151,453,1092.0,70.0,2.0,148131.0,0.8941818987950683,780.0,25.0,2.0,23.0,63.0,18.0,45.0,134.0,212.0,140.0,24.0,64.0,2.0,9.0,0.0,2.0,3.0,75.0,148.0,227.0,40.0,0.0,0.0,0.0,0.0,0.0,0.0,0.0,0.0,0.0,0.0,0.0,0.0,0.0,0.0,0.0,0.0,0.0,0.0,0.0,0.0,0.0,0.0,0.0,0.0,0.0,0.0,0.0,0.0,0.0,0.0,0.0,0.0,1.0,1.0,1.0,1.0,0.0,0.0,0.0,0.0,0.0,0.0,1.0,0.0,1.0,0.0,2.0,2.0,1.0,4.0,5.0,6.0,6.0,1.0,0.0,0.0,0.0,0.0,0.0,0.0,0.0,0.0,0.0,0.0,0.0,0.0,1.0,6.0,6.0,5.0,0.0,0.0,0.0,0.0,0.0,0.0,2.0,0.0,1.0,0.0,3.0,6.0,2.0,9.0,9.0,7.0,8.0,1.0
190,1.0,190.0,London_170,,151,453,1092.0,70.0,2.0,172140.0,1.0232174769043922,833.0,52.0,2.0,50.0,116.0,17.0,99.0,63.0,220.0,134.0,20.0,67.0,1.0,9.0,0.0,2.0,2.0,82.0,141.0,228.0,38.0,0.0,0.0,0.0,0.0,0.0,0.0,0.0,0.0,0.0,0.0,0.0,0.0,0.0,0.0,0.0,0.0,0.0,0.0,0.0,0.0,0.0,0.0,0.0,0.0,0.0,0.0,0.0,0.0,0.0,0.0,0.0,0.0,0.0,0.0,1.0,1.0,0.0,0.0,0.0,0.0,4.0,1.0,1.0,1.0,0.0,0.0,6.0,5.0,3.0,6.0,10.0,13.0,15.0,9.0,0.0,0.0,0.0,0.0,0.0,0.0,0.0,0.0,0.0,0.0,0.0,0.0,0.0,0.0,2.0,5.0,0.0,0.0,0.0,0.0,4.0,1.0,1.0,1.0,0.0,0.0,7.0,11.0,5.0,8.0,15.0,17.0,17.0,13.0
191,1.0,191.0,London_170,,151,453,1092.0,70.0,2.0,188448.0,1.384668652433902,869.0,148.0,0.0,148.0,256.0,0.0,256.0,116.0,214.0,155.0,8.0,64.0,5.0,6.0,0.0,1.0,2.0,81.0,146.0,224.0,36.0,0.0,0.0,0.0,0.0,0.0,0.0,0.0,0.0,0.0,0.0,0.0,0.0,0.0,0.0,0.0,0.0,0.0,0.0,0.0,0.0,0.0,0.0,0.0,0.0,0.0,0.0,0.0,0.0,0.0,0.0,0.0,0.0,0.0,0.0,0.0,0.0,0.0,0.0,0.0,0.0,13.0,0.0,0.0,0.0,4.0,0.0,4.0,15.0,5.0,9.0,33.0,40.0,25.0,16.0,0.0,0.0,0.0,0.0,0.0,0.0,0.0,0.0,0.0,0.0,0.0,0.0,0.0,0.0,0.0,0.0,0.0,0.0,0.0,0.0,18.0,0.0,0.0,0.0,4.0,0.0,6.0,21.0,5.0,11.0,53.0,53.0,34.0,24.0
192,1.0,192.0,London_170,,151,453,1092.0,70.0,2.0,166251.0,1.9132406879216433,820.0,164.0,0.0,164.0,270.0,0.0,270.0,256.0,215.0,109.0,17.0,79.0,5.0,23.0,1.0,4.0,4.0,77.0,160.0,212.0,34.0,0.0,0.0,0.0,0.0,0.0,0.0,0.0,0.0,0.0,0.0,0.0,0.0,0.0,0.0,0.0,0.0,0.0,0.0,0.0,0.0,0.0,0.0,0.0,0.0,0.0,0.0,0.0,0.0,0.0,0.0,0.0,0.0,0.0,0.0,0.0,0.0,0.0,0.0,0.0,0.0,1.0,6.0,8.0,0.0,0.0,0.0,3.0,7.0,12.0,14.0,22.0,42.0,23.0,12.0,0.0,0.0,0.0,0.0,0.0,0.0,0.0,0.0,0.0,0.0,0.0,0.0,0.0,0.0,0.0,0.0,0.0,0.0,0.0,0.0,1.0,7.0,9.0,0.0,0.0,0.0,4.0,8.0,14.0,17.0,33.0,64.0,25.0,15.0
193,1.0,193.0,London_170,,151,453,1092.0,70.0,2.0,131823.0,0.8515560450032353,744.0,11.0,1.0,10.0,26.0,9.0,17.0,270.0,220.0,104.0,14.0,80.0,11.0,17.0,4.0,3.0,7.0,55.0,162.0,229.0,31.0,0.0,0.0,0.0,0.0,0.0,0.0,0.0,0.0,0.0,0.0,0.0,0.0,0.0,0.0,0.0,0.0,0.0,0.0,0.0,0.0,0.0,0.0,0.0,0.0,0.0,0.0,0.0,0.0,0.0,1.0,0.0,0.0,0.0,1.0,0.0,1.0,0.0,0.0,0.0,0.0,1.0,1.0,0.0,0.0,0.0,0.0,2.0,3.0,1.0,1.0,1.0,2.0,2.0,0.0,0.0,0.0,0.0,0.0,0.0,0.0,0.0,0.0,0.0,4.0,0.0,0.0,0.0,8.0,0.0,5.0,0.0,0.0,0.0,0.0,1.0,1.0,0.0,0.0,0.0,0.0,4.0,5.0,1.0,1.0,1.0,2.0,3.0,0.0
194,1.0,194.0,London_170,,151,453,1092.0,70.0,2.0,173952.0,0.9755444009788334,837.0,99.0,0.0,99.0,163.0,0.0,163.0,26.0,224.0,100.0,19.0,75.0,9.0,18.0,4.0,4.0,8.0,60.0,162.0,223.0,36.0,0.0,0.0,0.0,0.0,0.0,0.0,0.0,0.0,0.0,0.0,0.0,0.0,0.0,0.0,0.0,0.0,0.0,0.0,0.0,0.0,0.0,0.0,0.0,0.0,0.0,0.0,0.0,0.0,0.0,0.0,0.0,0.0,0.0,0.0,0.0,0.0,0.0,0.0,0.0,0.0,0.0,10.0,2.0,0.0,0.0,1.0,5.0,9.0,11.0,4.0,17.0,22.0,19.0,11.0,0.0,0.0,0.0,0.0,0.0,0.0,0.0,0.0,0.0,0.0,0.0,0.0,0.0,0.0,0.0,0.0,0.0,0.0,0.0,0.0,0.0,16.0,3.0,0.0,0.0,1.0,6.0,11.0,12.0,5.0,26.0,32.0,25.0,14.0
195,1.0,195.0,London_170,,151,453,1092.0,70.0,2.0,166251.0,0.973340239841491,820.0,89.0,2.0,87.0,168.0,19.0,149.0,163.0,232.0,95.0,22.0,59.0,9.0,25.0,7.0,4.0,9.0,66.0,166.0,212.0,28.0,0.0,0.0,0.0,0.0,0.0,0.0,0.0,0.0,0.0,0.0,0.0,0.0,0.0,0.0,0.0,0.0,0.0,0.0,0.0,0.0,0.0,0.0,0.0,0.0,0.0,0.0,0.0,0.0,0.0,0.0,2.0,0.0,1.0,1.0,0.0,1.0,0.0,0.0,0.0,0.0,4.0,7.0,0.0,0.0,0.0,1.0,9.0,5.0,3.0,12.0,16.0,18.0,19.0,5.0,0.0,0.0,0.0,0.0,0.0,0.0,0.0,0.0,0.0,0.0,14.0,0.0,4.0,9.0,0.0,3.0,0.0,0.0,0.0,0.0,5.0,12.0,0.0,0.0,0.0,2.0,12.0,9.0,3.0,20.0,22.0,26.0,28.0,8.0
196,1.0,196.0,London_170,,151,453,1092.0,70.0,2.0,157191.0,0.8505009897053242,800.0,59.0,0.0,59.0,106.0,0.0,106.0,168.0,248.0,102.0,25.0,52.0,2.0,16.0,3.0,5.0,6.0,73.0,172.0,202.0,22.0,0.0,0.0,0.0,0.0,0.0,0.0,0.0,0.0,0.0,0.0,0.0,0.0,0.0,0.0,0.0,0.0,0.0,0.0,0.0,0.0,0.0,0.0,0.0,0.0,0.0,0.0,0.0,0.0,0.0,0.0,0.0,0.0,0.0,0.0,0.0,0.0,0.0,0.0,0.0,0.0,2.0,2.0,0.0,0.0,0.0,0.0,4.0,5.0,4.0,5.0,10.0,18.0,14.0,7.0,0.0,0.0,0.0,0.0,0.0,0.0,0.0,0.0,0.0,0.0,0.0,0.0,0.0,0.0,0.0,0.0,0.0,0.0,0.0,0.0,3.0,2.0,0.0,0.0,0.0,0.0,5.0,6.0,6.0,9.0,17.0,23.0,18.0,10.0
197,1.0,197.0,London_170,,151,453,1092.0,70.0,2.0,168063.0,1.0676448298618197,824.0,104.0,0.0,104.0,182.0,0.0,182.0,106.0,250.0,106.0,18.0,45.0,3.0,21.0,1.0,9.0,6.0,75.0,171.0,201.0,34.0,0.0,0.0,0.0,0.0,0.0,0.0,0.0,0.0,0.0,0.0,0.0,0.0,0.0,0.0,0.0,0.0,0.0,0.0,0.0,0.0,0.0,0.0,0.0,0.0,0.0,0.0,0.0,0.0,0.0,0.0,0.0,0.0,0.0,0.0,0.0,0.0,0.0,0.0,0.0,0.0,2.0,1.0,0.0,0.0,1.0,1.0,1.0,3.0,3.0,7.0,23.0,18.0,21.0,5.0,0.0,0.0,0.0,0.0,0.0,0.0,0.0,0.0,0.0,0.0,0.0,0.0,0.0,0.0,0.0,0.0,0.0,0.0,0.0,0.0,2.0,1.0,0.0,0.0,1.0,1.0,2.0,3.0,4.0,9.0,31.0,25.0,26.0,8.0
198,1.0,198.0,London_170,,151,453,1092.0,70.0,2.0,156285.0,0.9426996568217874,798.0,115.0,0.0,115.0,194.0,0.0,194.0,182.0,255.0,92.0,23.0,40.0,3.0,28.0,1.0,11.0,1.0,86.0,158.0,208.0,32.0,0.0,0.0,0.0,0.0,0.0,0.0,0.0,0.0,0.0,0.0,0.0,0.0,0.0,0.0,0.0,0.0,0.0,0.0,0.0,0.0,0.0,0.0,0.0,0.0,0.0,0.0,0.0,0.0,0.0,0.0,0.0,0.0,0.0,0.0,0.0,0.0,0.0,0.0,0.0,0.0,2.0,1.0,0.0,6.0,13.0,0.0,10.0,3.0,12.0,1.0,22.0,35.0,14.0,7.0,0.0,0.0,0.0,0.0,0.0,0.0,0.0,0.0,0.0,0.0,0.0,0.0,0.0,0.0,0.0,0.0,0.0,0.0,0.0,0.0,3.0,1.0,0.0,9.0,15.0,0.0,12.0,5.0,14.0,1.0,29.0,50.0,20.0,9.0
199,1.0,199.0,London_170,,151,453,1092.0,70.0,2.0,149490.0,0.9486514362506568,783.0,90.0,2.0,88.0,172.0,19.0,153.0,194.0,253.0,81.0,14.0,57.0,3.0,29.0,3.0,13.0,2.0,85.0,149.0,217.0,36.0,0.0,0.0,0.0,0.0,0.0,0.0,0.0,0.0,0.0,0.0,0.0,0.0,0.0,0.0,0.0,0.0,0.0,0.0,0.0,0.0,0.0,0.0,0.0,0.0,0.0,0.0,0.0,0.0,0.0,2.0,0.0,0.0,0.0,0.0,2.0,2.0,1.0,0.0,0.0,0.0,1.0,8.0,0.0,0.0,0.0,1.0,6.0,11.0,7.0,8.0,18.0,21.0,18.0,12.0,0.0,0.0,0.0,0.0,0.0,0.0,0.0,0.0,0.0,5.0,0.0,0.0,0.0,0.0,17.0,4.0,10.0,0.0,0.0,0.0,1.0,13.0,0.0,0.0,0.0,2.0,7.0,17.0,7.0,11.0,27.0,26.0,26.0,14.0
200,1.0,200.0,London_170,,151,453,1092.0,70.0,2.0,142242.0,0.8893903424032032,767.0,100.0,2.0,98.0,193.0,17.0,176.0,172.0,260.0,85.0,12.0,51.0,4.0,28.0,3.0,10.0,4.0,89.0,146.0,214.0,34.0,0.0,0.0,0.0,0.0,0.0,0.0,0.0,0.0,0.0,0.0,0.0,0.0,0.0,0.0,0.0,0.0,0.0,0.0,0.0,0.0,0.0,0.0,0.0,0.0,0.0,0.0,0.0,0.0,0.0,1.0,0.0,0.0,2.0,0.0,1.0,2.0,0.0,0.0,0.0,0.0,4.0,7.0,3.0,1.0,1.0,1.0,11.0,7.0,4.0,11.0,29.0,27.0,17.0,10.0,0.0,0.0,0.0,0.0,0.0,0.0,0.0,0.0,0.0,6.0,0.0,0.0,7.0,0.0,8.0,10.0,0.0,0.0,0.0,0.0,5.0,9.0,3.0,1.0,1.0,1.0,13.0,9.0,4.0,18.0,41.0,38.0,20.0,16.0
201,1.0,201.0,London_170,,151,453,1092.0,70.0,2.0,139977.0,0.7659615823067725,762.0,46.0,2.0,44.0,103.0,18.0,85.0,193.0,269.0,75.0,15.0,60.0,3.0,23.0,1.0,7.0,4.0,86.0,148.0,215.0,24.0,0.0,0.0,0.0,0.0,0.0,0.0,0.0,0.0,0.0,0.0,0.0,0.0,0.0,0.0,0.0,0.0,0.0,0.0,0.0,0.0,0.0,0.0,0.0,0.0,0.0,0.0,0.0,0.0,0.0,2.0,0.0,0.0,1.0,0.0,0.0,0.0,0.0,0.0,0.0,0.0,2.0,0.0,0.0,4.0,1.0,0.0,6.0,6.0,2.0,6.0,11.0,11.0,6.0,5.0,0.0,0.0,0.0,0.0,0.0,0.0,0.0,0.0,0.0,5.0,0.0,0.0,5.0,0.0,0.0,0.0,0.0,0.0,0.0,0.0,4.0,0.0,0.0,6.0,1.0,0.0,8.0,9.0,3.0,9.0,16.0,19.0,6.0,11.0
202,1.0,202.0,London_170,,151,453,1092.0,70.0,2.0,154020.0,1.0175253544002771,793.0,62.0,1.0,61.0,113.0,9.0,104.0,103.0,279.0,84.0,16.0,50.0,2.0,12.0,2.0,8.0,8.0,85.0,147.0,213.0,26.0,0.0,0.0,0.0,0.0,0.0,0.0,0.0,0.0,0.0,0.0,0.0,0.0,0.0,0.0,0.0,0.0,0.0,0.0,0.0,0.0,0.0,0.0,0.0,0.0,0.0,0.0,0.0,0.0,0.0,0.0,0.0,0.0,0.0,0.0,0.0,1.0,0.0,0.0,0.0,0.0,5.0,6.0,0.0,1.0,0.0,0.0,11.0,9.0,2.0,4.0,11.0,14.0,8.0,10.0,0.0,0.0,0.0,0.0,0.0,0.0,0.0,0.0,0.0,0.0,0.0,0.0,0.0,0.0,0.0,5.0,0.0,0.0,0.0,0.0,7.0,7.0,0.0,2.0,0.0,0.0,15.0,13.0,2.0,4.0,14.0,24.0,10.0,17.0
203,1.0,203.0,London_170,,151,453,1092.0,70.0,2.0,168969.0,1.3599906689487398,826.0,97.0,2.0,95.0,199.0,20.0,179.0,113.0,280.0,67.0,24.0,53.0,4.0,15.0,2.0,8.0,3.0,84.0,153.0,213.0,22.0,0.0,0.0,0.0,0.0,0.0,0.0,0.0,0.0,0.0,0.0,0.0,0.0,0.0,0.0,0.0,0.0,0.0,0.0,0.0,0.0,0.0,0.0,0.0,0.0,0.0,0.0,0.0,0.0,0.0,0.0,1.0,0.0,1.0,0.0,0.0,0.0,0.0,0.0,0.0,0.0,14.0,5.0,1.0,4.0,4.0,0.0,13.0,9.0,8.0,9.0,15.0,25.0,16.0,11.0,0.0,0.0,0.0,0.0,0.0,0.0,0.0,0.0,0.0,0.0,2.0,0.0,1.0,0.0,0.0,0.0,0.0,0.0,0.0,0.0,18.0,11.0,1.0,9.0,5.0,0.0,19.0,14.0,10.0,9.0,25.0,40.0,22.0,17.0
204,1.0,204.0,London_170,,151,453,1092.0,70.0,2.0,159909.0,0.9837343138642609,806.0,75.0,2.0,73.0,147.0,20.0,127.0,199.0,284.0,66.0,15.0,58.0,6.0,14.0,2.0,8.0,4.0,69.0,163.0,217.0,20.0,0.0,0.0,0.0,0.0,0.0,0.0,0.0,0.0,0.0,0.0,0.0,0.0,0.0,0.0,0.0,0.0,0.0,0.0,0.0,0.0,0.0,0.0,0.0,0.0,0.0,0.0,0.0,0.0,0.0,0.0,1.0,0.0,1.0,1.0,0.0,1.0,1.0,0.0,0.0,0.0,4.0,4.0,0.0,2.0,2.0,0.0,5.0,8.0,3.0,22.0,19.0,18.0,8.0,10.0,0.0,0.0,0.0,0.0,0.0,0.0,0.0,0.0,0.0,0.0,3.0,0.0,4.0,8.0,0.0,2.0,9.0,0.0,0.0,0.0,5.0,5.0,0.0,4.0,2.0,0.0,10.0,9.0,4.0,34.0,30.0,25.0,13.0,19.0
205,1.0,205.0,London_170,,151,453,1092.0,70.0,2.0,163986.0,1.0633892333135009,815.0,128.0,0.0,128.0,222.0,0.0,222.0,147.0,291.0,81.0,15.0,42.0,4.0,10.0,3.0,7.0,1.0,63.0,171.0,218.0,23.0,0.0,0.0,0.0,0.0,0.0,0.0,0.0,0.0,0.0,0.0,0.0,0.0,0.0,0.0,0.0,0.0,0.0,0.0,0.0,0.0,0.0,0.0,0.0,0.0,0.0,0.0,0.0,0.0,0.0,0.0,0.0,0.0,0.0,0.0,0.0,0.0,0.0,0.0,0.0,0.0,3.0,0.0,1.0,4.0,2.0,0.0,1.0,14.0,1.0,19.0,26.0,30.0,13.0,6.0,0.0,0.0,0.0,0.0,0.0,0.0,0.0,0.0,0.0,0.0,0.0,0.0,0.0,0.0,0.0,0.0,0.0,0.0,0.0,0.0,5.0,0.0,1.0,7.0,2.0,0.0,1.0,22.0,2.0,21.0,44.0,43.0,14.0,9.0
206,1.0,206.0,London_170,,151,453,1092.0,70.0,2.0,152208.0,1.0488700200803578,789.0,123.0,2.0,121.0,218.0,18.0,200.0,222.0,254.0,71.0,21.0,70.0,4.0,22.0,3.0,8.0,4.0,72.0,166.0,211.0,23.0,0.0,0.0,0.0,0.0,0.0,0.0,0.0,0.0,0.0,0.0,0.0,0.0,0.0,0.0,0.0,0.0,0.0,0.0,0.0,0.0,0.0,0.0,0.0,0.0,0.0,0.0,0.0,0.0,0.0,0.0,0.0,0.0,1.0,2.0,0.0,1.0,0.0,0.0,0.0,0.0,2.0,5.0,0.0,1.0,1.0,1.0,12.0,9.0,7.0,14.0,25.0,34.0,18.0,10.0,0.0,0.0,0.0,0.0,0.0,0.0,0.0,0.0,0.0,0.0,0.0,0.0,1.0,12.0,0.0,1.0,0.0,0.0,0.0,0.0,2.0,9.0,0.0,2.0,1.0,2.0,16.0,13.0,12.0,20.0,41.0,53.0,23.0,17.0
207,1.0,207.0,London_170,,151,453,1092.0,70.0,2.0,134541.0,1.0478012240491807,750.0,79.0,0.0,79.0,139.0,0.0,139.0,218.0,260.0,89.0,18.0,60.0,3.0,17.0,1.0,5.0,6.0,76.0,167.0,204.0,29.0,0.0,0.0,0.0,0.0,0.0,0.0,0.0,0.0,0.0,0.0,0.0,0.0,0.0,0.0,0.0,0.0,0.0,0.0,0.0,0.0,0.0,0.0,0.0,0.0,0.0,0.0,0.0,0.0,0.0,0.0,0.0,0.0,0.0,0.0,0.0,0.0,0.0,0.0,0.0,0.0,0.0,6.0,2.0,0.0,4.0,1.0,4.0,3.0,5.0,6.0,11.0,19.0,14.0,4.0,0.0,0.0,0.0,0.0,0.0,0.0,0.0,0.0,0.0,0.0,0.0,0.0,0.0,0.0,0.0,0.0,0.0,0.0,0.0,0.0,0.0,7.0,3.0,0.0,4.0,1.0,6.0,3.0,9.0,11.0,15.0,31.0,16.0,4.0
208,1.0,208.0,London_170,,151,453,1092.0,70.0,2.0,135447.0,0.9464160352945328,752.0,6.0,0.0,6.0,12.0,0.0,12.0,139.0,262.0,99.0,18.0,49.0,0.0,20.0,2.0,3.0,8.0,74.0,166.0,205.0,35.0,0.0,0.0,0.0,0.0,0.0,0.0,0.0,0.0,0.0,0.0,0.0,0.0,0.0,0.0,0.0,0.0,0.0,0.0,0.0,0.0,0.0,0.0,0.0,0.0,0.0,0.0,0.0,0.0,0.0,0.0,0.0,0.0,0.0,0.0,0.0,0.0,0.0,0.0,0.0,0.0,0.0,0.0,0.0,0.0,0.0,0.0,1.0,0.0,1.0,1.0,2.0,0.0,0.0,1.0,0.0,0.0,0.0,0.0,0.0,0.0,0.0,0.0,0.0,0.0,0.0,0.0,0.0,0.0,0.0,0.0,0.0,0.0,0.0,0.0,0.0,0.0,0.0,0.0,0.0,0.0,2.0,0.0,1.0,2.0,2.0,0.0,0.0,3.0
209,1.0,209.0,London_170,,151,453,1092.0,70.0,2.0,176670.0,1.2281127599999309,843.0,69.0,0.0,69.0,121.0,0.0,121.0,12.0,261.0,100.0,18.0,52.0,0.0,17.0,2.0,3.0,7.0,74.0,164.0,208.0,34.0,0.0,0.0,0.0,0.0,0.0,0.0,0.0,0.0,0.0,0.0,0.0,0.0,0.0,0.0,0.0,0.0,0.0,0.0,0.0,0.0,0.0,0.0,0.0,0.0,0.0,0.0,0.0,0.0,0.0,0.0,0.0,0.0,0.0,0.0,0.0,0.0,0.0,0.0,0.0,0.0,3.0,2.0,0.0,0.0,1.0,0.0,2.0,5.0,5.0,6.0,8.0,19.0,17.0,8.0,0.0,0.0,0.0,0.0,0.0,0.0,0.0,0.0,0.0,0.0,0.0,0.0,0.0,0.0,0.0,0.0,0.0,0.0,0.0,0.0,4.0,3.0,0.0,0.0,1.0,0.0,4.0,6.0,6.0,7.0,14.0,25.0,19.0,16.0
210,1.0,210.0,London_170,,151,453,1092.0,70.0,2.0,182106.0,1.3398351278156042,855.0,107.0,0.0,107.0,182.0,0.0,182.0,121.0,268.0,105.0,19.0,37.0,5.0,14.0,1.0,4.0,8.0,72.0,174.0,199.0,35.0,0.0,0.0,0.0,0.0,0.0,0.0,0.0,0.0,0.0,0.0,0.0,0.0,0.0,0.0,0.0,0.0,0.0,0.0,0.0,0.0,0.0,0.0,0.0,0.0,0.0,0.0,0.0,0.0,0.0,0.0,0.0,0.0,0.0,0.0,0.0,0.0,0.0,0.0,0.0,0.0,3.0,1.0,2.0,2.0,0.0,0.0,6.0,3.0,6.0,4.0,21.0,24.0,18.0,3.0,0.0,0.0,0.0,0.0,0.0,0.0,0.0,0.0,0.0,0.0,0.0,0.0,0.0,0.0,0.0,0.0,0.0,0.0,0.0,0.0,4.0,2.0,2.0,4.0,0.0,0.0,8.0,5.0,7.0,4.0,32.0,42.0,22.0,5.0
211,1.0,211.0,London_170,,151,453,1092.0,70.0,2.0,164439.0,1.0116340927779675,816.0,127.0,0.0,127.0,220.0,0.0,220.0,182.0,271.0,57.0,20.0,64.0,8.0,31.0,1.0,1.0,7.0,77.0,159.0,210.0,39.0,0.0,0.0,0.0,0.0,0.0,0.0,0.0,0.0,0.0,0.0,0.0,0.0,0.0,0.0,0.0,0.0,0.0,0.0,0.0,0.0,0.0,0.0,0.0,0.0,0.0,0.0,0.0,0.0,0.0,0.0,0.0,0.0,0.0,0.0,0.0,0.0,0.0,0.0,0.0,0.0,0.0,10.0,3.0,0.0,4.0,0.0,15.0,6.0,4.0,6.0,25.0,33.0,26.0,15.0,0.0,0.0,0.0,0.0,0.0,0.0,0.0,0.0,0.0,0.0,0.0,0.0,0.0,0.0,0.0,0.0,0.0,0.0,0.0,0.0,0.0,14.0,3.0,0.0,4.0,0.0,22.0,7.0,5.0,10.0,36.0,46.0,29.0,20.0
212,1.0,212.0,London_170,,151,453,1092.0,70.0,2.0,137259.0,0.8855265202000737,756.0,120.0,0.0,120.0,204.0,0.0,204.0,220.0,267.0,81.0,10.0,60.0,8.0,16.0,0.0,11.0,3.0,73.0,171.0,206.0,29.0,0.0,0.0,0.0,0.0,0.0,0.0,0.0,0.0,0.0,0.0,0.0,0.0,0.0,0.0,0.0,0.0,0.0,0.0,0.0,0.0,0.0,0.0,0.0,0.0,0.0,0.0,0.0,0.0,0.0,0.0,0.0,0.0,0.0,0.0,0.0,0.0,0.0,0.0,0.0,0.0,2.0,8.0,1.0,4.0,1.0,1.0,7.0,16.0,9.0,11.0,23.0,33.0,20.0,14.0,0.0,0.0,0.0,0.0,0.0,0.0,0.0,0.0,0.0,0.0,0.0,0.0,0.0,0.0,0.0,0.0,0.0,0.0,0.0,0.0,2.0,9.0,1.0,6.0,1.0,1.0,8.0,21.0,12.0,15.0,30.0,46.0,26.0,23.0
213,1.0,213.0,London_170,,151,453,1092.0,70.0,2.0,110532.0,0.7474501240067184,697.0,129.0,2.0,127.0,235.0,18.0,217.0,204.0,267.0,85.0,11.0,59.0,1.0,22.0,1.0,7.0,7.0,67.0,167.0,212.0,27.0,0.0,0.0,0.0,0.0,0.0,0.0,0.0,0.0,0.0,0.0,0.0,0.0,0.0,0.0,0.0,0.0,0.0,0.0,0.0,0.0,0.0,0.0,0.0,0.0,0.0,0.0,0.0,0.0,0.0,0.0,0.0,0.0,0.0,0.0,1.0,2.0,0.0,0.0,0.0,0.0,0.0,8.0,0.0,0.0,3.0,0.0,9.0,12.0,4.0,11.0,21.0,28.0,33.0,7.0,0.0,0.0,0.0,0.0,0.0,0.0,0.0,0.0,0.0,0.0,0.0,0.0,0.0,0.0,8.0,5.0,0.0,0.0,0.0,0.0,0.0,14.0,0.0,0.0,3.0,0.0,9.0,19.0,5.0,14.0,32.0,35.0,39.0,10.0
214,1.0,214.0,London_170,,151,453,1092.0,70.0,2.0,79728.0,0.6592603591270745,629.0,6.0,2.0,4.0,28.0,19.0,9.0,235.0,246.0,82.0,12.0,70.0,9.0,25.0,3.0,6.0,8.0,75.0,159.0,211.0,31.0,0.0,0.0,0.0,0.0,0.0,0.0,0.0,0.0,0.0,0.0,0.0,0.0,0.0,0.0,0.0,0.0,0.0,0.0,0.0,0.0,0.0,0.0,0.0,0.0,0.0,0.0,0.0,0.0,0.0,1.0,0.0,0.0,1.0,1.0,1.0,1.0,0.0,0.0,0.0,0.0,0.0,0.0,0.0,0.0,0.0,0.0,1.0,1.0,0.0,2.0,1.0,1.0,2.0,0.0,0.0,0.0,0.0,0.0,0.0,0.0,0.0,0.0,0.0,2.0,0.0,0.0,4.0,3.0,10.0,3.0,0.0,0.0,0.0,0.0,0.0,0.0,0.0,0.0,0.0,0.0,1.0,1.0,0.0,3.0,3.0,2.0,3.0,0.0
215,1.0,215.0,London_170,,151,453,1092.0,70.0,2.0,102378.0,0.7888423721306026,679.0,1.0,1.0,0.0,10.0,10.0,0.0,28.0,250.0,76.0,12.0,79.0,6.0,21.0,3.0,6.0,6.0,78.0,152.0,217.0,32.0,0.0,0.0,0.0,0.0,0.0,0.0,0.0,0.0,0.0,0.0,0.0,0.0,0.0,0.0,0.0,0.0,0.0,0.0,0.0,0.0,0.0,0.0,0.0,0.0,0.0,0.0,0.0,0.0,0.0,1.0,0.0,0.0,1.0,1.0,0.0,1.0,0.0,0.0,0.0,0.0,0.0,0.0,0.0,0.0,0.0,0.0,0.0,0.0,0.0,0.0,0.0,0.0,0.0,0.0,0.0,0.0,0.0,0.0,0.0,0.0,0.0,0.0,0.0,7.0,0.0,0.0,5.0,5.0,0.0,3.0,0.0,0.0,0.0,0.0,0.0,0.0,0.0,0.0,0.0,0.0,0.0,0.0,0.0,0.0,0.0,0.0,0.0,0.0
216,1.0,216.0,London_170,,151,453,1092.0,70.0,2.0,136353.0,0.7485591592267156,754.0,95.0,1.0,94.0,178.0,10.0,168.0,10.0,251.0,78.0,15.0,80.0,1.0,19.0,3.0,6.0,5.0,80.0,151.0,217.0,30.0,0.0,0.0,0.0,0.0,0.0,0.0,0.0,0.0,0.0,0.0,0.0,0.0,0.0,0.0,0.0,0.0,0.0,0.0,0.0,0.0,0.0,0.0,0.0,0.0,0.0,0.0,0.0,0.0,0.0,0.0,0.0,0.0,0.0,0.0,0.0,0.0,0.0,0.0,0.0,0.0,6.0,2.0,1.0,2.0,1.0,0.0,7.0,10.0,13.0,10.0,21.0,18.0,14.0,4.0,0.0,0.0,0.0,0.0,0.0,0.0,0.0,0.0,0.0,0.0,0.0,0.0,0.0,0.0,0.0,0.0,0.0,0.0,0.0,0.0,10.0,2.0,1.0,5.0,1.0,0.0,10.0,15.0,16.0,16.0,28.0,28.0,17.0,8.0
217,1.0,217.0,London_170,,151,453,1092.0,70.0,2.0,135900.0,0.7991009871475399,753.0,70.0,0.0,70.0,118.0,0.0,118.0,178.0,244.0,86.0,18.0,63.0,5.0,31.0,3.0,3.0,6.0,67.0,141.0,239.0,28.0,0.0,0.0,0.0,0.0,0.0,0.0,0.0,0.0,0.0,0.0,0.0,0.0,0.0,0.0,0.0,0.0,0.0,0.0,0.0,0.0,0.0,0.0,0.0,0.0,0.0,0.0,0.0,0.0,0.0,0.0,0.0,0.0,0.0,0.0,0.0,0.0,0.0,0.0,0.0,0.0,5.0,2.0,0.0,0.0,1.0,0.0,9.0,3.0,1.0,3.0,13.0,10.0,17.0,6.0,0.0,0.0,0.0,0.0,0.0,0.0,0.0,0.0,0.0,0.0,0.0,0.0,0.0,0.0,0.0,0.0,0.0,0.0,0.0,0.0,5.0,3.0,0.0,0.0,1.0,0.0,9.0,4.0,2.0,3.0,19.0,15.0,22.0,10.0
218,1.0,218.0,London_170,,151,453,1092.0,70.0,2.0,136353.0,1.1566967871040106,754.0,83.0,2.0,81.0,154.0,18.0,136.0,118.0,244.0,82.0,19.0,72.0,7.0,28.0,1.0,0.0,8.0,83.0,130.0,232.0,37.0,0.0,0.0,0.0,0.0,0.0,0.0,0.0,0.0,0.0,0.0,0.0,0.0,0.0,0.0,0.0,0.0,0.0,0.0,0.0,0.0,0.0,0.0,0.0,0.0,0.0,0.0,0.0,0.0,0.0,0.0,0.0,0.0,1.0,0.0,1.0,1.0,0.0,0.0,0.0,0.0,7.0,6.0,0.0,2.0,0.0,0.0,8.0,8.0,5.0,5.0,14.0,26.0,17.0,9.0,0.0,0.0,0.0,0.0,0.0,0.0,0.0,0.0,0.0,0.0,0.0,0.0,1.0,0.0,6.0,3.0,0.0,0.0,0.0,0.0,12.0,8.0,0.0,3.0,0.0,0.0,11.0,9.0,6.0,7.0,19.0,34.0,26.0,12.0
219,1.0,219.0,London_170,,151,453,1092.0,70.0,2.0,131823.0,0.7897072588093579,744.0,70.0,2.0,68.0,121.0,16.0,105.0,154.0,242.0,95.0,19.0,64.0,6.0,24.0,0.0,3.0,8.0,86.0,128.0,231.0,41.0,0.0,0.0,0.0,0.0,0.0,0.0,0.0,0.0,0.0,0.0,0.0,0.0,0.0,0.0,0.0,0.0,0.0,0.0,0.0,0.0,0.0,0.0,0.0,0.0,0.0,0.0,0.0,0.0,0.0,2.0,0.0,0.0,0.0,1.0,1.0,2.0,0.0,0.0,0.0,0.0,2.0,2.0,1.0,0.0,1.0,0.0,12.0,9.0,3.0,8.0,10.0,17.0,9.0,4.0,0.0,0.0,0.0,0.0,0.0,0.0,0.0,0.0,0.0,3.0,0.0,0.0,0.0,7.0,5.0,5.0,0.0,0.0,0.0,0.0,3.0,3.0,1.0,0.0,1.0,0.0,17.0,10.0,3.0,11.0,14.0,22.0,13.0,5.0
220,1.0,220.0,London_170,,151,453,1092.0,70.0,2.0,141336.0,1.2553902701474726,765.0,72.0,2.0,70.0,141.0,18.0,123.0,121.0,241.0,113.0,16.0,59.0,3.0,18.0,2.0,1.0,8.0,88.0,120.0,237.0,45.0,0.0,0.0,0.0,0.0,0.0,0.0,0.0,0.0,0.0,0.0,0.0,0.0,0.0,0.0,0.0,0.0,0.0,0.0,0.0,0.0,0.0,0.0,0.0,0.0,0.0,0.0,0.0,0.0,0.0,1.0,1.0,0.0,1.0,0.0,1.0,1.0,0.0,0.0,0.0,0.0,1.0,11.0,4.0,0.0,1.0,0.0,11.0,3.0,4.0,0.0,14.0,13.0,20.0,3.0,0.0,0.0,0.0,0.0,0.0,0.0,0.0,0.0,0.0,3.0,4.0,0.0,2.0,0.0,7.0,1.0,0.0,0.0,0.0,0.0,1.0,15.0,4.0,0.0,1.0,0.0,13.0,4.0,5.0,0.0,17.0,22.0,22.0,5.0
221,1.0,221.0,London_170,,151,453,1092.0,70.0,2.0,162627.0,1.1733229639939964,812.0,54.0,0.0,54.0,82.0,0.0,82.0,141.0,260.0,108.0,19.0,49.0,6.0,7.0,2.0,2.0,8.0,82.0,120.0,243.0,43.0,0.0,0.0,0.0,0.0,0.0,0.0,0.0,0.0,0.0,0.0,0.0,0.0,0.0,0.0,0.0,0.0,0.0,0.0,0.0,0.0,0.0,0.0,0.0,0.0,0.0,0.0,0.0,0.0,0.0,0.0,0.0,0.0,0.0,0.0,0.0,0.0,0.0,0.0,0.0,0.0,1.0,5.0,0.0,0.0,0.0,0.0,2.0,6.0,4.0,7.0,15.0,12.0,10.0,7.0,0.0,0.0,0.0,0.0,0.0,0.0,0.0,0.0,0.0,0.0,0.0,0.0,0.0,0.0,0.0,0.0,0.0,0.0,0.0,0.0,2.0,7.0,0.0,0.0,0.0,0.0,3.0,8.0,6.0,10.0,21.0,14.0,14.0,11.0
222,1.0,222.0,London_170,,151,453,1092.0,70.0,2.0,190260.0,1.8561832481063902,873.0,131.0,1.0,130.0,245.0,10.0,235.0,82.0,267.0,107.0,20.0,42.0,7.0,8.0,1.0,1.0,9.0,90.0,132.0,222.0,49.0,0.0,0.0,0.0,0.0,0.0,0.0,0.0,0.0,0.0,0.0,0.0,0.0,0.0,0.0,0.0,0.0,0.0,0.0,0.0,0.0,0.0,0.0,0.0,0.0,0.0,0.0,0.0,0.0,0.0,0.0,0.0,0.0,0.0,0.0,1.0,0.0,1.0,0.0,0.0,0.0,1.0,21.0,0.0,2.0,0.0,2.0,8.0,3.0,2.0,25.0,21.0,32.0,22.0,7.0,0.0,0.0,0.0,0.0,0.0,0.0,0.0,0.0,0.0,0.0,0.0,0.0,0.0,0.0,9.0,0.0,8.0,0.0,0.0,0.0,1.0,27.0,0.0,3.0,0.0,3.0,8.0,5.0,2.0,32.0,36.0,54.0,26.0,11.0
223,1.0,223.0,London_170,,151,453,1092.0,70.0,2.0,173952.0,1.1061276360414922,837.0,116.0,0.0,116.0,200.0,0.0,200.0,245.0,245.0,82.0,14.0,76.0,8.0,25.0,2.0,1.0,7.0,87.0,133.0,226.0,31.0,0.0,0.0,0.0,0.0,0.0,0.0,0.0,0.0,0.0,0.0,0.0,0.0,0.0,0.0,0.0,0.0,0.0,0.0,0.0,0.0,0.0,0.0,0.0,0.0,0.0,0.0,0.0,0.0,0.0,0.0,0.0,0.0,0.0,0.0,0.0,0.0,0.0,0.0,0.0,0.0,1.0,13.0,15.0,2.0,1.0,1.0,7.0,3.0,2.0,18.0,15.0,20.0,20.0,17.0,0.0,0.0,0.0,0.0,0.0,0.0,0.0,0.0,0.0,0.0,0.0,0.0,0.0,0.0,0.0,0.0,0.0,0.0,0.0,0.0,1.0,16.0,16.0,3.0,1.0,3.0,10.0,4.0,2.0,28.0,24.0,29.0,22.0,24.0
224,1.0,224.0,London_170,,151,453,1092.0,70.0,2.0,155832.0,0.9120459309779108,797.0,64.0,0.0,64.0,114.0,0.0,114.0,200.0,268.0,81.0,13.0,50.0,10.0,25.0,2.0,4.0,7.0,85.0,127.0,234.0,29.0,0.0,0.0,0.0,0.0,0.0,0.0,0.0,0.0,0.0,0.0,0.0,0.0,0.0,0.0,0.0,0.0,0.0,0.0,0.0,0.0,0.0,0.0,0.0,0.0,0.0,0.0,0.0,0.0,0.0,0.0,0.0,0.0,0.0,0.0,0.0,0.0,0.0,0.0,0.0,0.0,0.0,5.0,1.0,0.0,1.0,0.0,8.0,4.0,4.0,7.0,19.0,12.0,16.0,2.0,0.0,0.0,0.0,0.0,0.0,0.0,0.0,0.0,0.0,0.0,0.0,0.0,0.0,0.0,0.0,0.0,0.0,0.0,0.0,0.0,0.0,8.0,1.0,0.0,1.0,0.0,14.0,6.0,5.0,8.0,30.0,16.0,22.0,3.0
225,1.0,225.0,London_170,,151,453,1092.0,70.0,2.0,159456.0,1.1623595948331058,805.0,2.0,2.0,0.0,16.0,16.0,0.0,114.0,270.0,96.0,12.0,46.0,10.0,16.0,0.0,3.0,9.0,83.0,120.0,241.0,33.0,0.0,0.0,0.0,0.0,0.0,0.0,0.0,0.0,0.0,0.0,0.0,0.0,0.0,0.0,0.0,0.0,0.0,0.0,0.0,0.0,0.0,0.0,0.0,0.0,0.0,0.0,0.0,0.0,0.0,2.0,0.0,0.0,0.0,0.0,0.0,1.0,0.0,0.0,0.0,0.0,0.0,0.0,0.0,0.0,0.0,0.0,0.0,0.0,0.0,0.0,0.0,0.0,0.0,0.0,0.0,0.0,0.0,0.0,0.0,0.0,0.0,0.0,0.0,8.0,0.0,0.0,0.0,0.0,0.0,1.0,0.0,0.0,0.0,0.0,0.0,0.0,0.0,0.0,0.0,0.0,0.0,0.0,0.0,0.0,0.0,0.0,0.0,0.0
226,1.0,226.0,London_170,,151,453,1092.0,70.0,2.0,198414.0,1.40582214621827,891.0,151.0,2.0,149.0,262.0,19.0,243.0,16.0,274.0,99.0,13.0,50.0,1.0,12.0,0.0,4.0,6.0,81.0,122.0,244.0,28.0,0.0,0.0,0.0,0.0,0.0,0.0,0.0,0.0,0.0,0.0,0.0,0.0,0.0,0.0,0.0,0.0,0.0,0.0,0.0,0.0,0.0,0.0,0.0,0.0,0.0,0.0,0.0,0.0,0.0,0.0,0.0,0.0,0.0,0.0,1.0,0.0,0.0,0.0,0.0,0.0,0.0,9.0,2.0,3.0,3.0,0.0,19.0,4.0,8.0,4.0,36.0,35.0,28.0,6.0,0.0,0.0,0.0,0.0,0.0,0.0,0.0,0.0,0.0,0.0,0.0,0.0,0.0,0.0,10.0,0.0,0.0,0.0,0.0,0.0,0.0,14.0,3.0,3.0,3.0,0.0,24.0,6.0,9.0,4.0,51.0,48.0,41.0,8.0
227,1.0,227.0,London_170,,151,453,1092.0,70.0,2.0,186183.0,0.8202043133787811,864.0,119.0,0.0,119.0,213.0,0.0,213.0,262.0,234.0,101.0,17.0,83.0,4.0,10.0,0.0,4.0,2.0,77.0,126.0,248.0,23.0,0.0,0.0,0.0,0.0,0.0,0.0,0.0,0.0,0.0,0.0,0.0,0.0,0.0,0.0,0.0,0.0,0.0,0.0,0.0,0.0,0.0,0.0,0.0,0.0,0.0,0.0,0.0,0.0,0.0,0.0,0.0,0.0,0.0,0.0,0.0,0.0,0.0,0.0,0.0,0.0,2.0,6.0,0.0,2.0,2.0,0.0,10.0,14.0,8.0,9.0,24.0,20.0,30.0,5.0,0.0,0.0,0.0,0.0,0.0,0.0,0.0,0.0,0.0,0.0,0.0,0.0,0.0,0.0,0.0,0.0,0.0,0.0,0.0,0.0,2.0,9.0,0.0,3.0,2.0,0.0,11.0,24.0,14.0,10.0,40.0,29.0,39.0,9.0
228,1.0,228.0,London_170,,151,453,1092.0,70.0,2.0,169875.0,1.2998729362152517,828.0,186.0,2.0,184.0,339.0,19.0,320.0,213.0,249.0,79.0,22.0,72.0,8.0,19.0,0.0,4.0,1.0,74.0,154.0,224.0,29.0,0.0,0.0,0.0,0.0,0.0,0.0,0.0,0.0,0.0,0.0,0.0,0.0,0.0,0.0,0.0,0.0,0.0,0.0,0.0,0.0,0.0,0.0,0.0,0.0,0.0,0.0,0.0,0.0,0.0,0.0,0.0,0.0,0.0,0.0,1.0,0.0,0.0,0.0,0.0,0.0,1.0,12.0,0.0,4.0,1.0,0.0,13.0,2.0,6.0,8.0,27.0,49.0,20.0,11.0,0.0,0.0,0.0,0.0,0.0,0.0,0.0,0.0,0.0,0.0,0.0,0.0,0.0,0.0,8.0,0.0,0.0,0.0,0.0,0.0,1.0,20.0,0.0,9.0,1.0,0.0,17.0,2.0,10.0,12.0,40.0,68.0,23.0,14.0
229,1.0,229.0,London_170,,151,453,1092.0,70.0,2.0,120045.0,0.5626732371747494,718.0,23.0,0.0,23.0,46.0,0.0,46.0,339.0,158.0,110.0,30.0,110.0,7.0,27.0,1.0,10.0,6.0,105.0,147.0,195.0,35.0,0.0,0.0,0.0,0.0,0.0,0.0,0.0,0.0,0.0,0.0,0.0,0.0,0.0,0.0,0.0,0.0,0.0,0.0,0.0,0.0,0.0,0.0,0.0,0.0,0.0,0.0,0.0,0.0,0.0,0.0,0.0,0.0,0.0,0.0,0.0,0.0,0.0,0.0,0.0,0.0,0.0,1.0,0.0,0.0,0.0,0.0,1.0,0.0,0.0,4.0,4.0,6.0,7.0,1.0,0.0,0.0,0.0,0.0,0.0,0.0,0.0,0.0,0.0,0.0,0.0,0.0,0.0,0.0,0.0,0.0,0.0,0.0,0.0,0.0,0.0,1.0,0.0,0.0,0.0,0.0,1.0,0.0,0.0,4.0,7.0,10.0,10.0,2.0
230,1.0,230.0,London_170,,151,453,1092.0,70.0,2.0,150396.0,0.7006787788122892,785.0,38.0,1.0,37.0,72.0,9.0,63.0,46.0,159.0,110.0,31.0,105.0,8.0,27.0,2.0,11.0,6.0,102.0,147.0,198.0,40.0,0.0,0.0,0.0,0.0,0.0,0.0,0.0,0.0,0.0,0.0,0.0,0.0,0.0,0.0,0.0,0.0,0.0,0.0,0.0,0.0,0.0,0.0,0.0,0.0,0.0,0.0,0.0,0.0,0.0,0.0,0.0,0.0,1.0,0.0,0.0,0.0,1.0,0.0,0.0,0.0,3.0,1.0,0.0,1.0,0.0,0.0,3.0,1.0,0.0,4.0,11.0,9.0,3.0,6.0,0.0,0.0,0.0,0.0,0.0,0.0,0.0,0.0,0.0,0.0,0.0,0.0,3.0,0.0,0.0,0.0,9.0,0.0,0.0,0.0,5.0,1.0,0.0,1.0,0.0,0.0,5.0,1.0,0.0,5.0,18.0,13.0,4.0,9.0
231,1.0,231.0,London_170,,151,453,1092.0,70.0,2.0,173046.0,0.811367817223072,835.0,55.0,2.0,53.0,115.0,18.0,97.0,72.0,160.0,92.0,40.0,111.0,10.0,27.0,1.0,12.0,4.0,111.0,135.0,203.0,39.0,0.0,0.0,0.0,0.0,0.0,0.0,0.0,0.0,0.0,0.0,0.0,0.0,0.0,0.0,0.0,0.0,0.0,0.0,0.0,0.0,0.0,0.0,0.0,0.0,0.0,0.0,0.0,0.0,0.0,0.0,0.0,0.0,1.0,1.0,1.0,1.0,0.0,0.0,0.0,0.0,0.0,1.0,0.0,0.0,0.0,0.0,2.0,1.0,3.0,8.0,9.0,9.0,11.0,5.0,0.0,0.0,0.0,0.0,0.0,0.0,0.0,0.0,0.0,0.0,0.0,0.0,2.0,5.0,7.0,4.0,0.0,0.0,0.0,0.0,0.0,1.0,0.0,0.0,0.0,0.0,2.0,1.0,4.0,11.0,11.0,16.0,12.0,9.0
232,1.0,232.0,London_170,,151,453,1092.0,70.0,2.0,184824.0,1.6545881237834692,861.0,145.0,2.0,143.0,256.0,17.0,239.0,115.0,165.0,95.0,43.0,101.0,11.0,21.0,1.0,16.0,5.0,103.0,129.0,216.0,42.0,0.0,0.0,0.0,0.0,0.0,0.0,0.0,0.0,0.0,0.0,0.0,0.0,0.0,0.0,0.0,0.0,0.0,0.0,0.0,0.0,0.0,0.0,0.0,0.0,0.0,0.0,0.0,0.0,0.0,0.0,0.0,0.0,0.0,0.0,1.0,1.0,0.0,0.0,0.0,0.0,2.0,0.0,0.0,0.0,8.0,0.0,10.0,6.0,4.0,12.0,32.0,31.0,13.0,11.0,0.0,0.0,0.0,0.0,0.0,0.0,0.0,0.0,0.0,0.0,0.0,0.0,0.0,0.0,6.0,5.0,0.0,0.0,0.0,0.0,2.0,0.0,0.0,0.0,10.0,0.0,12.0,8.0,7.0,16.0,42.0,50.0,14.0,16.0
233,1.0,233.0,London_170,,151,453,1092.0,70.0,2.0,158550.0,1.0592795861884952,803.0,144.0,0.0,144.0,258.0,0.0,258.0,256.0,183.0,98.0,55.0,71.0,14.0,24.0,0.0,8.0,5.0,114.0,131.0,203.0,41.0,0.0,0.0,0.0,0.0,0.0,0.0,0.0,0.0,0.0,0.0,0.0,0.0,0.0,0.0,0.0,0.0,0.0,0.0,0.0,0.0,0.0,0.0,0.0,0.0,0.0,0.0,0.0,0.0,0.0,0.0,0.0,0.0,0.0,0.0,0.0,0.0,0.0,0.0,0.0,0.0,3.0,13.0,0.0,3.0,10.0,0.0,5.0,3.0,4.0,5.0,27.0,34.0,30.0,13.0,0.0,0.0,0.0,0.0,0.0,0.0,0.0,0.0,0.0,0.0,0.0,0.0,0.0,0.0,0.0,0.0,0.0,0.0,0.0,0.0,3.0,21.0,0.0,4.0,11.0,0.0,7.0,5.0,6.0,6.0,37.0,55.0,36.0,25.0
234,1.0,234.0,London_170,,151,453,1092.0,70.0,2.0,130464.0,0.7281103148125112,741.0,47.0,0.0,47.0,88.0,0.0,88.0,258.0,195.0,104.0,43.0,71.0,6.0,25.0,0.0,9.0,4.0,108.0,130.0,211.0,35.0,0.0,0.0,0.0,0.0,0.0,0.0,0.0,0.0,0.0,0.0,0.0,0.0,0.0,0.0,0.0,0.0,0.0,0.0,0.0,0.0,0.0,0.0,0.0,0.0,0.0,0.0,0.0,0.0,0.0,0.0,0.0,0.0,0.0,0.0,0.0,0.0,0.0,0.0,0.0,0.0,3.0,4.0,2.0,0.0,0.0,0.0,12.0,5.0,1.0,5.0,8.0,11.0,10.0,7.0,0.0,0.0,0.0,0.0,0.0,0.0,0.0,0.0,0.0,0.0,0.0,0.0,0.0,0.0,0.0,0.0,0.0,0.0,0.0,0.0,3.0,7.0,3.0,0.0,0.0,0.0,16.0,8.0,1.0,5.0,12.0,19.0,12.0,12.0
235,1.0,235.0,London_170,,151,453,1092.0,70.0,2.0,147225.0,0.9370287987403572,778.0,99.0,1.0,98.0,182.0,9.0,173.0,88.0,200.0,121.0,43.0,56.0,2.0,24.0,0.0,7.0,4.0,118.0,133.0,198.0,50.0,0.0,0.0,0.0,0.0,0.0,0.0,0.0,0.0,0.0,0.0,0.0,0.0,0.0,0.0,0.0,0.0,0.0,0.0,0.0,0.0,0.0,0.0,0.0,0.0,0.0,0.0,0.0,0.0,0.0,1.0,0.0,0.0,0.0,1.0,0.0,1.0,0.0,0.0,0.0,0.0,8.0,16.0,0.0,3.0,4.0,0.0,14.0,6.0,5.0,6.0,15.0,21.0,13.0,7.0,0.0,0.0,0.0,0.0,0.0,0.0,0.0,0.0,0.0,4.0,0.0,0.0,0.0,6.0,0.0,5.0,0.0,0.0,0.0,0.0,9.0,21.0,0.0,5.0,6.0,0.0,18.0,8.0,8.0,8.0,21.0,34.0,15.0,12.0
236,1.0,236.0,London_170,,151,453,1092.0,70.0,2.0,138165.0,0.7899642940610647,758.0,26.0,0.0,26.0,44.0,0.0,44.0,182.0,203.0,120.0,26.0,63.0,7.0,32.0,0.0,2.0,6.0,102.0,143.0,202.0,36.0,0.0,0.0,0.0,0.0,0.0,0.0,0.0,0.0,0.0,0.0,0.0,0.0,0.0,0.0,0.0,0.0,0.0,0.0,0.0,0.0,0.0,0.0,0.0,0.0,0.0,0.0,0.0,0.0,0.0,0.0,0.0,0.0,0.0,0.0,0.0,0.0,0.0,0.0,0.0,0.0,2.0,0.0,1.0,1.0,0.0,0.0,0.0,1.0,4.0,6.0,3.0,6.0,6.0,0.0,0.0,0.0,0.0,0.0,0.0,0.0,0.0,0.0,0.0,0.0,0.0,0.0,0.0,0.0,0.0,0.0,0.0,0.0,0.0,0.0,2.0,0.0,1.0,2.0,0.0,0.0,0.0,2.0,5.0,7.0,3.0,10.0,8.0,0.0
237,1.0,237.0,London_170,,151,453,1092.0,70.0,2.0,159456.0,0.9381367089226842,805.0,62.0,2.0,60.0,119.0,19.0,100.0,44.0,206.0,127.0,28.0,57.0,3.0,31.0,0.0,1.0,7.0,95.0,152.0,199.0,37.0,0.0,0.0,0.0,0.0,0.0,0.0,0.0,0.0,0.0,0.0,0.0,0.0,0.0,0.0,0.0,0.0,0.0,0.0,0.0,0.0,0.0,0.0,0.0,0.0,0.0,0.0,0.0,0.0,0.0,0.0,2.0,0.0,1.0,1.0,0.0,1.0,0.0,0.0,0.0,0.0,1.0,3.0,1.0,2.0,0.0,0.0,4.0,5.0,5.0,0.0,11.0,15.0,12.0,4.0,0.0,0.0,0.0,0.0,0.0,0.0,0.0,0.0,0.0,0.0,15.0,0.0,3.0,9.0,0.0,5.0,0.0,0.0,0.0,0.0,2.0,3.0,1.0,2.0,0.0,0.0,4.0,8.0,6.0,0.0,16.0,23.0,18.0,6.0
238,1.0,238.0,London_170,,151,453,1092.0,70.0,2.0,170781.0,1.0567849827930331,830.0,108.0,0.0,108.0,188.0,0.0,188.0,119.0,209.0,141.0,22.0,51.0,4.0,24.0,0.0,2.0,8.0,90.0,152.0,203.0,38.0,0.0,0.0,0.0,0.0,0.0,0.0,0.0,0.0,0.0,0.0,0.0,0.0,0.0,0.0,0.0,0.0,0.0,0.0,0.0,0.0,0.0,0.0,0.0,0.0,0.0,0.0,0.0,0.0,0.0,0.0,0.0,0.0,0.0,0.0,0.0,0.0,0.0,0.0,0.0,0.0,3.0,6.0,0.0,4.0,0.0,0.0,2.0,8.0,5.0,9.0,24.0,24.0,21.0,11.0,0.0,0.0,0.0,0.0,0.0,0.0,0.0,0.0,0.0,0.0,0.0,0.0,0.0,0.0,0.0,0.0,0.0,0.0,0.0,0.0,5.0,8.0,0.0,8.0,0.0,0.0,3.0,11.0,8.0,12.0,35.0,34.0,28.0,16.0
239,1.0,239.0,London_170,,151,453,1092.0,70.0,2.0,154020.0,1.0740944892168045,793.0,114.0,0.0,114.0,202.0,0.0,202.0,188.0,222.0,122.0,17.0,50.0,7.0,30.0,0.0,5.0,9.0,92.0,145.0,207.0,53.0,0.0,0.0,0.0,0.0,0.0,0.0,0.0,0.0,0.0,0.0,0.0,0.0,0.0,0.0,0.0,0.0,0.0,0.0,0.0,0.0,0.0,0.0,0.0,0.0,0.0,0.0,0.0,0.0,0.0,0.0,0.0,0.0,0.0,0.0,0.0,0.0,0.0,0.0,0.0,0.0,4.0,3.0,0.0,1.0,0.0,0.0,17.0,6.0,13.0,8.0,24.0,23.0,22.0,10.0,0.0,0.0,0.0,0.0,0.0,0.0,0.0,0.0,0.0,0.0,0.0,0.0,0.0,0.0,0.0,0.0,0.0,0.0,0.0,0.0,5.0,3.0,0.0,2.0,0.0,0.0,22.0,8.0,14.0,10.0,36.0,37.0,26.0,13.0
240,1.0,240.0,London_170,,151,453,1092.0,70.0,2.0,136353.0,0.748690287116915,754.0,97.0,0.0,97.0,163.0,0.0,163.0,202.0,237.0,90.0,17.0,52.0,6.0,35.0,5.0,11.0,12.0,85.0,157.0,199.0,39.0,0.0,0.0,0.0,0.0,0.0,0.0,0.0,0.0,0.0,0.0,0.0,0.0,0.0,0.0,0.0,0.0,0.0,0.0,0.0,0.0,0.0,0.0,0.0,0.0,0.0,0.0,0.0,0.0,0.0,0.0,0.0,0.0,0.0,0.0,0.0,0.0,0.0,0.0,0.0,0.0,3.0,8.0,1.0,1.0,0.0,0.0,10.0,9.0,3.0,10.0,26.0,20.0,26.0,6.0,0.0,0.0,0.0,0.0,0.0,0.0,0.0,0.0,0.0,0.0,0.0,0.0,0.0,0.0,0.0,0.0,0.0,0.0,0.0,0.0,3.0,13.0,1.0,2.0,0.0,0.0,11.0,11.0,4.0,13.0,39.0,27.0,33.0,8.0
241,1.0,241.0,London_170,,151,453,1092.0,70.0,2.0,125028.0,0.7689421237446368,729.0,97.0,2.0,95.0,181.0,19.0,162.0,163.0,239.0,97.0,16.0,40.0,8.0,41.0,4.0,8.0,10.0,90.0,152.0,201.0,33.0,0.0,0.0,0.0,0.0,0.0,0.0,0.0,0.0,0.0,0.0,0.0,0.0,0.0,0.0,0.0,0.0,0.0,0.0,0.0,0.0,0.0,0.0,0.0,0.0,0.0,0.0,0.0,0.0,0.0,2.0,0.0,1.0,0.0,0.0,2.0,2.0,1.0,0.0,0.0,0.0,4.0,1.0,1.0,0.0,1.0,1.0,9.0,11.0,7.0,8.0,25.0,19.0,17.0,11.0,0.0,0.0,0.0,0.0,0.0,0.0,0.0,0.0,0.0,6.0,0.0,2.0,0.0,0.0,14.0,8.0,9.0,0.0,0.0,0.0,4.0,2.0,1.0,0.0,2.0,2.0,12.0,13.0,9.0,9.0,36.0,25.0,23.0,16.0
242,1.0,242.0,London_170,,151,453,1092.0,70.0,2.0,116421.0,0.8732736567035317,710.0,14.0,2.0,12.0,36.0,17.0,19.0,181.0,247.0,82.0,11.0,59.0,9.0,35.0,4.0,6.0,8.0,86.0,146.0,213.0,39.0,0.0,0.0,0.0,0.0,0.0,0.0,0.0,0.0,0.0,0.0,0.0,0.0,0.0,0.0,0.0,0.0,0.0,0.0,0.0,0.0,0.0,0.0,0.0,0.0,0.0,0.0,0.0,0.0,0.0,1.0,0.0,0.0,2.0,0.0,1.0,2.0,0.0,0.0,0.0,0.0,0.0,2.0,0.0,0.0,1.0,0.0,0.0,3.0,0.0,1.0,2.0,4.0,1.0,1.0,0.0,0.0,0.0,0.0,0.0,0.0,0.0,0.0,0.0,6.0,0.0,0.0,5.0,0.0,8.0,6.0,0.0,0.0,0.0,0.0,0.0,2.0,0.0,0.0,1.0,0.0,0.0,3.0,0.0,2.0,3.0,6.0,1.0,1.0
243,1.0,243.0,London_170,,151,453,1092.0,70.0,2.0,146772.0,1.3429636578075588,777.0,30.0,2.0,28.0,61.0,18.0,43.0,36.0,250.0,79.0,10.0,68.0,10.0,31.0,1.0,4.0,4.0,85.0,147.0,217.0,34.0,0.0,0.0,0.0,0.0,0.0,0.0,0.0,0.0,0.0,0.0,0.0,0.0,0.0,0.0,0.0,0.0,0.0,0.0,0.0,0.0,0.0,0.0,0.0,0.0,0.0,0.0,0.0,0.0,0.0,2.0,0.0,0.0,1.0,0.0,0.0,0.0,0.0,0.0,0.0,0.0,0.0,1.0,3.0,1.0,2.0,0.0,4.0,2.0,3.0,3.0,3.0,8.0,6.0,1.0,0.0,0.0,0.0,0.0,0.0,0.0,0.0,0.0,0.0,8.0,0.0,0.0,8.0,0.0,0.0,0.0,0.0,0.0,0.0,0.0,0.0,2.0,3.0,1.0,2.0,0.0,7.0,4.0,6.0,5.0,4.0,13.0,8.0,1.0
244,1.0,244.0,London_170,,151,453,1092.0,70.0,2.0,172593.0,1.3287024241872132,834.0,126.0,1.0,125.0,232.0,9.0,223.0,61.0,259.0,89.0,6.0,67.0,1.0,27.0,1.0,3.0,3.0,88.0,148.0,214.0,39.0,0.0,0.0,0.0,0.0,0.0,0.0,0.0,0.0,0.0,0.0,0.0,0.0,0.0,0.0,0.0,0.0,0.0,0.0,0.0,0.0,0.0,0.0,0.0,0.0,0.0,0.0,0.0,0.0,0.0,0.0,0.0,0.0,0.0,0.0,0.0,0.0,0.0,0.0,0.0,0.0,4.0,15.0,0.0,1.0,2.0,0.0,11.0,13.0,5.0,6.0,22.0,26.0,22.0,12.0,0.0,0.0,0.0,0.0,0.0,0.0,0.0,0.0,0.0,0.0,0.0,0.0,0.0,0.0,0.0,0.0,0.0,0.0,0.0,0.0,5.0,17.0,0.0,1.0,3.0,0.0,14.0,16.0,5.0,7.0,30.0,38.0,26.0,17.0
245,1.0,245.0,London_170,,151,453,1092.0,70.0,2.0,153567.0,1.4620119160972536,792.0,111.0,2.0,109.0,200.0,20.0,180.0,232.0,258.0,97.0,10.0,50.0,10.0,24.0,1.0,3.0,3.0,84.0,159.0,207.0,24.0,0.0,0.0,0.0,0.0,0.0,0.0,0.0,0.0,0.0,0.0,0.0,0.0,0.0,0.0,0.0,0.0,0.0,0.0,0.0,0.0,0.0,0.0,0.0,0.0,0.0,0.0,0.0,0.0,0.0,0.0,1.0,0.0,0.0,0.0,0.0,1.0,0.0,0.0,0.0,0.0,1.0,6.0,0.0,3.0,10.0,0.0,14.0,10.0,4.0,15.0,19.0,21.0,15.0,9.0,0.0,0.0,0.0,0.0,0.0,0.0,0.0,0.0,0.0,0.0,3.0,0.0,0.0,0.0,0.0,4.0,0.0,0.0,0.0,0.0,1.0,8.0,0.0,3.0,10.0,0.0,20.0,10.0,7.0,20.0,29.0,32.0,20.0,10.0
246,1.0,246.0,London_170,,151,453,1092.0,70.0,2.0,153114.0,1.0460298410616815,791.0,87.0,2.0,85.0,164.0,20.0,144.0,200.0,258.0,76.0,19.0,58.0,10.0,24.0,1.0,7.0,4.0,76.0,160.0,213.0,20.0,0.0,0.0,0.0,0.0,0.0,0.0,0.0,0.0,0.0,0.0,0.0,0.0,0.0,0.0,0.0,0.0,0.0,0.0,0.0,0.0,0.0,0.0,0.0,0.0,0.0,0.0,0.0,0.0,0.0,0.0,1.0,0.0,1.0,1.0,0.0,1.0,1.0,0.0,0.0,0.0,6.0,6.0,4.0,0.0,0.0,0.0,8.0,6.0,9.0,9.0,18.0,22.0,16.0,7.0,0.0,0.0,0.0,0.0,0.0,0.0,0.0,0.0,0.0,0.0,6.0,0.0,4.0,6.0,0.0,4.0,10.0,0.0,0.0,0.0,6.0,8.0,4.0,0.0,0.0,0.0,11.0,7.0,12.0,11.0,25.0,31.0,21.0,10.0
247,1.0,247.0,London_170,,151,453,1092.0,70.0,2.0,149943.0,1.0083380592986941,784.0,86.0,0.0,86.0,154.0,0.0,154.0,164.0,266.0,95.0,24.0,38.0,4.0,16.0,2.0,8.0,4.0,79.0,158.0,212.0,28.0,0.0,0.0,0.0,0.0,0.0,0.0,0.0,0.0,0.0,0.0,0.0,0.0,0.0,0.0,0.0,0.0,0.0,0.0,0.0,0.0,0.0,0.0,0.0,0.0,0.0,0.0,0.0,0.0,0.0,0.0,0.0,0.0,0.0,0.0,0.0,0.0,0.0,0.0,0.0,0.0,0.0,5.0,1.0,1.0,2.0,0.0,5.0,4.0,1.0,7.0,19.0,15.0,17.0,8.0,0.0,0.0,0.0,0.0,0.0,0.0,0.0,0.0,0.0,0.0,0.0,0.0,0.0,0.0,0.0,0.0,0.0,0.0,0.0,0.0,0.0,7.0,1.0,1.0,2.0,0.0,6.0,5.0,2.0,8.0,33.0,23.0,23.0,9.0
248,1.0,248.0,London_170,,151,453,1092.0,70.0,2.0,157644.0,1.1707081198692322,801.0,115.0,2.0,113.0,220.0,18.0,202.0,154.0,273.0,74.0,11.0,45.0,10.0,28.0,3.0,9.0,4.0,75.0,159.0,215.0,31.0,0.0,0.0,0.0,0.0,0.0,0.0,0.0,0.0,0.0,0.0,0.0,0.0,0.0,0.0,0.0,0.0,0.0,0.0,0.0,0.0,0.0,0.0,0.0,0.0,0.0,0.0,0.0,0.0,0.0,1.0,0.0,0.0,1.0,1.0,0.0,2.0,0.0,0.0,0.0,0.0,2.0,2.0,1.0,0.0,0.0,0.0,14.0,10.0,3.0,12.0,17.0,37.0,14.0,16.0,0.0,0.0,0.0,0.0,0.0,0.0,0.0,0.0,0.0,2.0,0.0,0.0,2.0,7.0,0.0,5.0,0.0,0.0,0.0,0.0,3.0,3.0,1.0,0.0,0.0,0.0,18.0,12.0,3.0,15.0,25.0,56.0,19.0,25.0
249,1.0,249.0,London_170,,151,453,1092.0,70.0,2.0,146319.0,1.241405573207885,776.0,13.0,0.0,13.0,25.0,0.0,25.0,220.0,245.0,83.0,14.0,72.0,4.0,28.0,0.0,7.0,4.0,68.0,149.0,232.0,20.0,0.0,0.0,0.0,0.0,0.0,0.0,0.0,0.0,0.0,0.0,0.0,0.0,0.0,0.0,0.0,0.0,0.0,0.0,0.0,0.0,0.0,0.0,0.0,0.0,0.0,0.0,0.0,0.0,0.0,0.0,0.0,0.0,0.0,0.0,0.0,0.0,0.0,0.0,0.0,0.0,1.0,0.0,0.0,0.0,0.0,0.0,2.0,5.0,0.0,1.0,2.0,2.0,2.0,1.0,0.0,0.0,0.0,0.0,0.0,0.0,0.0,0.0,0.0,0.0,0.0,0.0,0.0,0.0,0.0,0.0,0.0,0.0,0.0,0.0,1.0,0.0,0.0,0.0,0.0,0.0,4.0,7.0,0.0,1.0,3.0,3.0,2.0,2.0
250,1.0,250.0,London_170,,151,453,1092.0,70.0,2.0,178935.0,0.9294889527373016,848.0,76.0,0.0,76.0,129.0,0.0,129.0,25.0,247.0,87.0,14.0,71.0,2.0,27.0,0.0,5.0,5.0,66.0,154.0,228.0,24.0,0.0,0.0,0.0,0.0,0.0,0.0,0.0,0.0,0.0,0.0,0.0,0.0,0.0,0.0,0.0,0.0,0.0,0.0,0.0,0.0,0.0,0.0,0.0,0.0,0.0,0.0,0.0,0.0,0.0,0.0,0.0,0.0,0.0,0.0,0.0,0.0,0.0,0.0,0.0,0.0,2.0,2.0,0.0,1.0,1.0,0.0,10.0,6.0,6.0,8.0,13.0,17.0,14.0,4.0,0.0,0.0,0.0,0.0,0.0,0.0,0.0,0.0,0.0,0.0,0.0,0.0,0.0,0.0,0.0,0.0,0.0,0.0,0.0,0.0,2.0,2.0,0.0,1.0,1.0,0.0,12.0,9.0,9.0,10.0,18.0,24.0,15.0,5.0
251,1.0,251.0,London_170,,151,453,1092.0,70.0,2.0,183012.0,2.0779956933110952,857.0,100.0,0.0,100.0,165.0,0.0,165.0,129.0,262.0,103.0,21.0,35.0,3.0,23.0,1.0,5.0,2.0,67.0,157.0,227.0,25.0,0.0,0.0,0.0,0.0,0.0,0.0,0.0,0.0,0.0,0.0,0.0,0.0,0.0,0.0,0.0,0.0,0.0,0.0,0.0,0.0,0.0,0.0,0.0,0.0,0.0,0.0,0.0,0.0,0.0,0.0,0.0,0.0,0.0,0.0,0.0,0.0,0.0,0.0,0.0,0.0,3.0,0.0,0.0,2.0,4.0,0.0,12.0,6.0,8.0,7.0,14.0,36.0,19.0,13.0,0.0,0.0,0.0,0.0,0.0,0.0,0.0,0.0,0.0,0.0,0.0,0.0,0.0,0.0,0.0,0.0,0.0,0.0,0.0,0.0,6.0,0.0,0.0,3.0,4.0,0.0,17.0,7.0,10.0,10.0,23.0,52.0,24.0,20.0
252,1.0,252.0,London_170,,151,453,1092.0,70.0,2.0,172593.0,1.0797814163379371,834.0,177.0,0.0,177.0,305.0,0.0,305.0,165.0,270.0,77.0,16.0,53.0,5.0,25.0,1.0,6.0,2.0,69.0,154.0,228.0,35.0,0.0,0.0,0.0,0.0,0.0,0.0,0.0,0.0,0.0,0.0,0.0,0.0,0.0,0.0,0.0,0.0,0.0,0.0,0.0,0.0,0.0,0.0,0.0,0.0,0.0,0.0,0.0,0.0,0.0,0.0,0.0,0.0,0.0,0.0,0.0,0.0,0.0,0.0,0.0,0.0,3.0,14.0,0.0,1.0,1.0,0.0,6.0,4.0,3.0,7.0,29.0,41.0,15.0,9.0,0.0,0.0,0.0,0.0,0.0,0.0,0.0,0.0,0.0,0.0,0.0,0.0,0.0,0.0,0.0,0.0,0.0,0.0,0.0,0.0,3.0,21.0,0.0,1.0,1.0,0.0,8.0,7.0,4.0,7.0,39.0,55.0,16.0,11.0
253,1.0,253.0,London_170,,151,453,1092.0,70.0,2.0,127746.0,0.7116825901903212,735.0,12.0,0.0,12.0,21.0,0.0,21.0,305.0,181.0,125.0,16.0,98.0,6.0,21.0,1.0,5.0,4.0,89.0,151.0,209.0,33.0,0.0,0.0,0.0,0.0,0.0,0.0,0.0,0.0,0.0,0.0,0.0,0.0,0.0,0.0,0.0,0.0,0.0,0.0,0.0,0.0,0.0,0.0,0.0,0.0,0.0,0.0,0.0,0.0,0.0,0.0,0.0,0.0,0.0,0.0,0.0,0.0,0.0,0.0,0.0,0.0,0.0,0.0,0.0,0.0,0.0,0.0,0.0,1.0,0.0,1.0,2.0,4.0,2.0,1.0,0.0,0.0,0.0,0.0,0.0,0.0,0.0,0.0,0.0,0.0,0.0,0.0,0.0,0.0,0.0,0.0,0.0,0.0,0.0,0.0,0.0,0.0,0.0,0.0,0.0,0.0,0.0,1.0,0.0,1.0,2.0,6.0,2.0,1.0
254,1.0,254.0,London_170,,151,453,1092.0,70.0,2.0,159456.0,0.8729520882479846,805.0,214.0,0.0,214.0,373.0,0.0,373.0,21.0,181.0,126.0,20.0,98.0,6.0,16.0,1.0,5.0,4.0,87.0,155.0,207.0,34.0,0.0,0.0,0.0,0.0,0.0,0.0,0.0,0.0,0.0,0.0,0.0,0.0,0.0,0.0,0.0,0.0,0.0,0.0,0.0,0.0,0.0,0.0,0.0,0.0,0.0,0.0,0.0,0.0,0.0,0.0,0.0,0.0,0.0,0.0,0.0,0.0,0.0,0.0,0.0,0.0,1.0,16.0,1.0,4.0,0.0,2.0,19.0,6.0,2.0,14.0,35.0,57.0,27.0,18.0,0.0,0.0,0.0,0.0,0.0,0.0,0.0,0.0,0.0,0.0,0.0,0.0,0.0,0.0,0.0,0.0,0.0,0.0,0.0,0.0,1.0,20.0,1.0,6.0,0.0,3.0,23.0,9.0,3.0,15.0,53.0,87.0,32.0,29.0
255,1.0,255.0,London_170,,151,453,1092.0,70.0,2.0,83805.0,0.3183227493427694,638.0,31.0,2.0,29.0,67.0,18.0,49.0,373.0,128.0,135.0,27.0,126.0,7.0,20.0,3.0,7.0,9.0,76.0,165.0,203.0,52.0,0.0,0.0,0.0,0.0,0.0,0.0,0.0,0.0,0.0,0.0,0.0,0.0,0.0,0.0,0.0,0.0,0.0,0.0,0.0,0.0,0.0,0.0,0.0,0.0,0.0,0.0,0.0,0.0,0.0,0.0,0.0,0.0,0.0,0.0,1.0,1.0,0.0,0.0,0.0,0.0,1.0,0.0,1.0,0.0,0.0,0.0,7.0,3.0,1.0,1.0,11.0,6.0,5.0,2.0,0.0,0.0,0.0,0.0,0.0,0.0,0.0,0.0,0.0,0.0,0.0,0.0,0.0,0.0,8.0,5.0,0.0,0.0,0.0,0.0,1.0,0.0,1.0,0.0,0.0,0.0,10.0,3.0,2.0,1.0,16.0,11.0,6.0,3.0
256,1.0,256.0,London_170,,151,453,1092.0,70.0,2.0,93318.0,0.8446507230401039,659.0,6.0,2.0,4.0,25.0,19.0,6.0,67.0,123.0,136.0,30.0,128.0,9.0,16.0,3.0,8.0,6.0,79.0,171.0,197.0,59.0,0.0,0.0,0.0,0.0,0.0,0.0,0.0,0.0,0.0,0.0,0.0,0.0,0.0,0.0,0.0,0.0,0.0,0.0,0.0,0.0,0.0,0.0,0.0,0.0,0.0,0.0,0.0,0.0,0.0,1.0,0.0,0.0,1.0,1.0,1.0,1.0,0.0,0.0,0.0,0.0,0.0,0.0,0.0,0.0,0.0,0.0,0.0,0.0,1.0,0.0,0.0,1.0,0.0,1.0,0.0,0.0,0.0,0.0,0.0,0.0,0.0,0.0,0.0,4.0,0.0,0.0,3.0,5.0,7.0,7.0,0.0,0.0,0.0,0.0,0.0,0.0,0.0,0.0,0.0,0.0,0.0,0.0,1.0,0.0,0.0,1.0,0.0,2.0
257,1.0,257.0,London_170,,151,453,1092.0,70.0,2.0,126840.0,0.829317910131067,733.0,16.0,1.0,15.0,35.0,10.0,25.0,25.0,127.0,132.0,32.0,136.0,4.0,13.0,3.0,6.0,7.0,81.0,159.0,206.0,57.0,0.0,0.0,0.0,0.0,0.0,0.0,0.0,0.0,0.0,0.0,0.0,0.0,0.0,0.0,0.0,0.0,0.0,0.0,0.0,0.0,0.0,0.0,0.0,0.0,0.0,0.0,0.0,0.0,0.0,1.0,0.0,0.0,1.0,1.0,0.0,1.0,0.0,0.0,0.0,0.0,0.0,1.0,0.0,1.0,0.0,1.0,0.0,1.0,2.0,2.0,3.0,4.0,5.0,1.0,0.0,0.0,0.0,0.0,0.0,0.0,0.0,0.0,0.0,2.0,0.0,0.0,6.0,5.0,0.0,3.0,0.0,0.0,0.0,0.0,0.0,2.0,0.0,1.0,0.0,2.0,0.0,2.0,2.0,2.0,5.0,5.0,7.0,1.0
258,1.0,258.0,London_170,,151,453,1092.0,70.0,2.0,157191.0,0.8429812109097838,800.0,126.0,1.0,125.0,231.0,10.0,221.0,35.0,131.0,126.0,35.0,141.0,0.0,12.0,3.0,5.0,7.0,82.0,157.0,207.0,57.0,0.0,0.0,0.0,0.0,0.0,0.0,0.0,0.0,0.0,0.0,0.0,0.0,0.0,0.0,0.0,0.0,0.0,0.0,0.0,0.0,0.0,0.0,0.0,0.0,0.0,0.0,0.0,0.0,0.0,0.0,0.0,0.0,0.0,0.0,0.0,0.0,0.0,0.0,0.0,0.0,4.0,11.0,8.0,2.0,1.0,0.0,15.0,8.0,5.0,9.0,24.0,30.0,22.0,7.0,0.0,0.0,0.0,0.0,0.0,0.0,0.0,0.0,0.0,0.0,0.0,0.0,0.0,0.0,0.0,0.0,0.0,0.0,0.0,0.0,5.0,14.0,11.0,4.0,1.0,0.0,15.0,12.0,6.0,12.0,39.0,44.0,28.0,11.0
259,1.0,259.0,London_170,,151,453,1092.0,70.0,2.0,135900.0,0.6987255052663386,753.0,133.0,0.0,133.0,235.0,0.0,235.0,231.0,134.0,120.0,35.0,134.0,5.0,20.0,2.0,3.0,9.0,80.0,150.0,214.0,74.0,0.0,0.0,0.0,0.0,0.0,0.0,0.0,0.0,0.0,0.0,0.0,0.0,0.0,0.0,0.0,0.0,0.0,0.0,0.0,0.0,0.0,0.0,0.0,0.0,0.0,0.0,0.0,0.0,0.0,0.0,0.0,0.0,0.0,0.0,0.0,0.0,0.0,0.0,0.0,0.0,4.0,16.0,2.0,2.0,1.0,0.0,4.0,13.0,7.0,15.0,28.0,31.0,39.0,10.0,0.0,0.0,0.0,0.0,0.0,0.0,0.0,0.0,0.0,0.0,0.0,0.0,0.0,0.0,0.0,0.0,0.0,0.0,0.0,0.0,4.0,24.0,2.0,3.0,1.0,0.0,6.0,20.0,9.0,16.0,39.0,50.0,49.0,14.0
260,1.0,260.0,London_170,,151,453,1092.0,70.0,2.0,110079.0,0.6178660038858652,696.0,7.0,2.0,5.0,30.0,18.0,12.0,235.0,148.0,147.0,28.0,102.0,8.0,17.0,0.0,3.0,13.0,81.0,133.0,226.0,83.0,0.0,0.0,0.0,0.0,0.0,0.0,0.0,0.0,0.0,0.0,0.0,0.0,0.0,0.0,0.0,0.0,0.0,0.0,0.0,0.0,0.0,0.0,0.0,0.0,0.0,0.0,0.0,0.0,0.0,0.0,0.0,0.0,1.0,0.0,1.0,1.0,0.0,0.0,0.0,0.0,0.0,0.0,0.0,0.0,0.0,0.0,0.0,0.0,0.0,0.0,0.0,1.0,0.0,0.0,0.0,0.0,0.0,0.0,0.0,0.0,0.0,0.0,0.0,0.0,0.0,0.0,3.0,0.0,4.0,2.0,0.0,0.0,0.0,0.0,0.0,0.0,0.0,0.0,0.0,0.0,0.0,0.0,0.0,0.0,0.0,2.0,0.0,0.0
261,1.0,261.0,London_170,,151,453,1092.0,70.0,2.0,149037.0,0.7679841290228069,782.0,2.0,2.0,0.0,16.0,16.0,0.0,30.0,151.0,133.0,34.0,106.0,7.0,19.0,0.0,3.0,8.0,84.0,131.0,230.0,78.0,0.0,0.0,0.0,0.0,0.0,0.0,0.0,0.0,0.0,0.0,0.0,0.0,0.0,0.0,0.0,0.0,0.0,0.0,0.0,0.0,0.0,0.0,0.0,0.0,0.0,0.0,0.0,0.0,0.0,2.0,0.0,0.0,0.0,1.0,1.0,2.0,0.0,0.0,0.0,0.0,0.0,0.0,0.0,0.0,0.0,0.0,0.0,0.0,0.0,0.0,0.0,0.0,0.0,0.0,0.0,0.0,0.0,0.0,0.0,0.0,0.0,0.0,0.0,11.0,0.0,0.0,0.0,7.0,5.0,6.0,0.0,0.0,0.0,0.0,0.0,0.0,0.0,0.0,0.0,0.0,0.0,0.0,0.0,0.0,0.0,0.0,0.0,0.0
262,1.0,262.0,London_170,,151,453,1092.0,70.0,2.0,197055.0,2.150540797971189,888.0,108.0,2.0,106.0,202.0,18.0,184.0,16.0,152.0,141.0,34.0,108.0,1.0,14.0,0.0,3.0,8.0,88.0,132.0,225.0,79.0,0.0,0.0,0.0,0.0,0.0,0.0,0.0,0.0,0.0,0.0,0.0,0.0,0.0,0.0,0.0,0.0,0.0,0.0,0.0,0.0,0.0,0.0,0.0,0.0,0.0,0.0,0.0,0.0,0.0,0.0,0.0,0.0,1.0,0.0,1.0,0.0,0.0,0.0,0.0,0.0,1.0,13.0,0.0,1.0,0.0,1.0,22.0,5.0,6.0,6.0,23.0,27.0,24.0,10.0,0.0,0.0,0.0,0.0,0.0,0.0,0.0,0.0,0.0,0.0,0.0,0.0,4.0,0.0,8.0,0.0,0.0,0.0,0.0,0.0,1.0,18.0,0.0,1.0,0.0,2.0,30.0,7.0,6.0,8.0,40.0,39.0,29.0,16.0
263,1.0,263.0,London_170,,151,453,1092.0,70.0,2.0,192978.0,0.8333145380020142,879.0,63.0,0.0,63.0,99.0,0.0,99.0,202.0,157.0,117.0,43.0,111.0,4.0,15.0,2.0,4.0,6.0,84.0,160.0,203.0,80.0,0.0,0.0,0.0,0.0,0.0,0.0,0.0,0.0,0.0,0.0,0.0,0.0,0.0,0.0,0.0,0.0,0.0,0.0,0.0,0.0,0.0,0.0,0.0,0.0,0.0,0.0,0.0,0.0,0.0,0.0,0.0,0.0,0.0,0.0,0.0,0.0,0.0,0.0,0.0,0.0,3.0,2.0,1.0,0.0,0.0,0.0,3.0,8.0,3.0,10.0,8.0,14.0,16.0,7.0,0.0,0.0,0.0,0.0,0.0,0.0,0.0,0.0,0.0,0.0,0.0,0.0,0.0,0.0,0.0,0.0,0.0,0.0,0.0,0.0,4.0,2.0,1.0,0.0,0.0,0.0,5.0,14.0,5.0,12.0,11.0,17.0,21.0,12.0
264,1.0,264.0,London_170,,151,453,1092.0,70.0,2.0,207927.0,1.1142576937563717,912.0,216.0,1.0,215.0,349.0,10.0,339.0,99.0,159.0,117.0,39.0,113.0,4.0,13.0,2.0,6.0,7.0,86.0,152.0,208.0,86.0,0.0,0.0,0.0,0.0,0.0,0.0,0.0,0.0,0.0,0.0,0.0,0.0,0.0,0.0,0.0,0.0,0.0,0.0,0.0,0.0,0.0,0.0,0.0,0.0,0.0,0.0,0.0,0.0,0.0,0.0,0.0,0.0,0.0,0.0,1.0,0.0,1.0,0.0,0.0,0.0,4.0,11.0,0.0,0.0,5.0,0.0,10.0,11.0,1.0,13.0,42.0,47.0,29.0,14.0,0.0,0.0,0.0,0.0,0.0,0.0,0.0,0.0,0.0,0.0,0.0,0.0,0.0,0.0,6.0,0.0,8.0,0.0,0.0,0.0,4.0,14.0,0.0,0.0,6.0,0.0,11.0,14.0,1.0,15.0,61.0,57.0,35.0,18.0
265,1.0,265.0,London_170,,151,453,1092.0,70.0,2.0,154473.0,0.6821364257484674,794.0,76.0,0.0,76.0,130.0,0.0,130.0,349.0,151.0,122.0,30.0,101.0,8.0,28.0,2.0,11.0,6.0,81.0,152.0,214.0,36.0,0.0,0.0,0.0,0.0,0.0,0.0,0.0,0.0,0.0,0.0,0.0,0.0,0.0,0.0,0.0,0.0,0.0,0.0,0.0,0.0,0.0,0.0,0.0,0.0,0.0,0.0,0.0,0.0,0.0,0.0,0.0,0.0,0.0,0.0,0.0,0.0,0.0,0.0,0.0,0.0,3.0,1.0,0.0,1.0,1.0,1.0,11.0,4.0,7.0,9.0,6.0,25.0,8.0,9.0,0.0,0.0,0.0,0.0,0.0,0.0,0.0,0.0,0.0,0.0,0.0,0.0,0.0,0.0,0.0,0.0,0.0,0.0,0.0,0.0,3.0,1.0,0.0,2.0,1.0,1.0,12.0,6.0,11.0,10.0,12.0,36.0,10.0,16.0
266,1.0,266.0,London_170,,151,453,1092.0,70.0,2.0,159909.0,0.7424662290140986,806.0,95.0,0.0,95.0,170.0,0.0,170.0,130.0,155.0,123.0,35.0,99.0,3.0,27.0,0.0,11.0,7.0,93.0,144.0,209.0,44.0,0.0,0.0,0.0,0.0,0.0,0.0,0.0,0.0,0.0,0.0,0.0,0.0,0.0,0.0,0.0,0.0,0.0,0.0,0.0,0.0,0.0,0.0,0.0,0.0,0.0,0.0,0.0,0.0,0.0,0.0,0.0,0.0,0.0,0.0,0.0,0.0,0.0,0.0,0.0,0.0,1.0,3.0,2.0,0.0,1.0,0.0,20.0,4.0,3.0,10.0,24.0,20.0,17.0,10.0,0.0,0.0,0.0,0.0,0.0,0.0,0.0,0.0,0.0,0.0,0.0,0.0,0.0,0.0,0.0,0.0,0.0,0.0,0.0,0.0,2.0,3.0,3.0,0.0,1.0,0.0,31.0,5.0,4.0,13.0,38.0,33.0,20.0,16.0
267,1.0,267.0,London_170,,151,453,1092.0,70.0,2.0,155832.0,0.6849331697449088,797.0,112.0,2.0,110.0,209.0,16.0,193.0,170.0,180.0,106.0,29.0,93.0,5.0,28.0,2.0,10.0,5.0,91.0,141.0,216.0,53.0,0.0,0.0,0.0,0.0,0.0,0.0,0.0,0.0,0.0,0.0,0.0,0.0,0.0,0.0,0.0,0.0,0.0,0.0,0.0,0.0,0.0,0.0,0.0,0.0,0.0,0.0,0.0,0.0,0.0,1.0,0.0,0.0,0.0,0.0,0.0,0.0,0.0,0.0,0.0,0.0,7.0,2.0,1.0,0.0,2.0,0.0,12.0,12.0,5.0,8.0,23.0,26.0,27.0,11.0,0.0,0.0,0.0,0.0,0.0,0.0,0.0,0.0,0.0,4.0,0.0,0.0,0.0,0.0,0.0,0.0,0.0,0.0,0.0,0.0,7.0,3.0,1.0,0.0,4.0,0.0,19.0,19.0,7.0,15.0,29.0,40.0,32.0,16.0
268,1.0,268.0,London_170,,151,453,1092.0,70.0,2.0,142695.0,0.7297514071688056,768.0,37.0,2.0,35.0,79.0,19.0,60.0,209.0,184.0,110.0,33.0,77.0,8.0,29.0,2.0,10.0,7.0,93.0,158.0,195.0,51.0,0.0,0.0,0.0,0.0,0.0,0.0,0.0,0.0,0.0,0.0,0.0,0.0,0.0,0.0,0.0,0.0,0.0,0.0,0.0,0.0,0.0,0.0,0.0,0.0,0.0,0.0,0.0,0.0,0.0,1.0,0.0,0.0,0.0,0.0,1.0,1.0,0.0,0.0,0.0,0.0,2.0,0.0,0.0,0.0,1.0,0.0,1.0,3.0,2.0,2.0,6.0,8.0,10.0,3.0,0.0,0.0,0.0,0.0,0.0,0.0,0.0,0.0,0.0,7.0,0.0,0.0,0.0,0.0,6.0,6.0,0.0,0.0,0.0,0.0,2.0,0.0,0.0,0.0,1.0,0.0,1.0,4.0,2.0,3.0,10.0,14.0,14.0,5.0
269,1.0,269.0,London_170,,151,453,1092.0,70.0,2.0,159456.0,0.8502697362564504,805.0,72.0,0.0,72.0,127.0,0.0,127.0,79.0,195.0,110.0,30.0,70.0,4.0,32.0,1.0,11.0,6.0,82.0,171.0,194.0,45.0,0.0,0.0,0.0,0.0,0.0,0.0,0.0,0.0,0.0,0.0,0.0,0.0,0.0,0.0,0.0,0.0,0.0,0.0,0.0,0.0,0.0,0.0,0.0,0.0,0.0,0.0,0.0,0.0,0.0,0.0,0.0,0.0,0.0,0.0,0.0,0.0,0.0,0.0,0.0,0.0,3.0,0.0,2.0,0.0,2.0,0.0,6.0,3.0,7.0,11.0,14.0,22.0,11.0,7.0,0.0,0.0,0.0,0.0,0.0,0.0,0.0,0.0,0.0,0.0,0.0,0.0,0.0,0.0,0.0,0.0,0.0,0.0,0.0,0.0,4.0,0.0,2.0,0.0,2.0,0.0,9.0,3.0,10.0,20.0,22.0,33.0,13.0,12.0
270,1.0,270.0,London_170,,151,453,1092.0,70.0,2.0,169875.0,0.9830074212513864,828.0,113.0,2.0,111.0,224.0,19.0,205.0,127.0,194.0,127.0,31.0,55.0,2.0,29.0,2.0,13.0,6.0,80.0,175.0,192.0,51.0,0.0,0.0,0.0,0.0,0.0,0.0,0.0,0.0,0.0,0.0,0.0,0.0,0.0,0.0,0.0,0.0,0.0,0.0,0.0,0.0,0.0,0.0,0.0,0.0,0.0,0.0,0.0,0.0,0.0,1.0,0.0,0.0,0.0,0.0,1.0,1.0,0.0,0.0,0.0,0.0,3.0,4.0,0.0,2.0,2.0,0.0,12.0,8.0,6.0,10.0,31.0,24.0,18.0,17.0,0.0,0.0,0.0,0.0,0.0,0.0,0.0,0.0,0.0,2.0,0.0,0.0,0.0,0.0,6.0,4.0,0.0,0.0,0.0,0.0,3.0,7.0,0.0,3.0,2.0,0.0,19.0,12.0,11.0,11.0,50.0,30.0,21.0,30.0
271,1.0,271.0,London_170,,151,453,1092.0,70.0,2.0,163986.0,1.6579047869890928,815.0,47.0,0.0,47.0,80.0,0.0,80.0,224.0,211.0,111.0,16.0,66.0,4.0,36.0,3.0,6.0,6.0,93.0,147.0,207.0,40.0,0.0,0.0,0.0,0.0,0.0,0.0,0.0,0.0,0.0,0.0,0.0,0.0,0.0,0.0,0.0,0.0,0.0,0.0,0.0,0.0,0.0,0.0,0.0,0.0,0.0,0.0,0.0,0.0,0.0,0.0,0.0,0.0,0.0,0.0,0.0,0.0,0.0,0.0,0.0,0.0,3.0,1.0,0.0,0.0,0.0,0.0,3.0,5.0,2.0,3.0,17.0,11.0,9.0,1.0,0.0,0.0,0.0,0.0,0.0,0.0,0.0,0.0,0.0,0.0,0.0,0.0,0.0,0.0,0.0,0.0,0.0,0.0,0.0,0.0,5.0,2.0,0.0,0.0,0.0,0.0,4.0,7.0,5.0,3.0,22.0,16.0,10.0,3.0
272,1.0,272.0,London_170,,151,453,1092.0,70.0,2.0,187995.0,1.9684774582274258,868.0,92.0,1.0,91.0,173.0,9.0,164.0,80.0,217.0,114.0,12.0,69.0,3.0,33.0,2.0,3.0,7.0,87.0,155.0,204.0,42.0,0.0,0.0,0.0,0.0,0.0,0.0,0.0,0.0,0.0,0.0,0.0,0.0,0.0,0.0,0.0,0.0,0.0,0.0,0.0,0.0,0.0,0.0,0.0,0.0,0.0,0.0,0.0,0.0,0.0,0.0,0.0,0.0,1.0,0.0,0.0,0.0,1.0,0.0,0.0,0.0,1.0,1.0,1.0,1.0,3.0,0.0,8.0,4.0,8.0,7.0,17.0,17.0,21.0,6.0,0.0,0.0,0.0,0.0,0.0,0.0,0.0,0.0,0.0,0.0,0.0,0.0,6.0,0.0,0.0,0.0,7.0,0.0,0.0,0.0,1.0,3.0,1.0,1.0,3.0,0.0,14.0,6.0,11.0,11.0,22.0,25.0,25.0,8.0
273,1.0,273.0,London_170,,151,453,1092.0,70.0,2.0,182559.0,1.0069721941836178,856.0,159.0,2.0,157.0,287.0,18.0,269.0,173.0,224.0,126.0,10.0,50.0,5.0,34.0,2.0,2.0,8.0,88.0,149.0,208.0,31.0,0.0,0.0,0.0,0.0,0.0,0.0,0.0,0.0,0.0,0.0,0.0,0.0,0.0,0.0,0.0,0.0,0.0,0.0,0.0,0.0,0.0,0.0,0.0,0.0,0.0,0.0,0.0,0.0,0.0,0.0,0.0,0.0,0.0,1.0,1.0,0.0,0.0,0.0,0.0,0.0,4.0,11.0,6.0,0.0,2.0,0.0,13.0,2.0,4.0,5.0,34.0,33.0,18.0,14.0,0.0,0.0,0.0,0.0,0.0,0.0,0.0,0.0,0.0,0.0,0.0,0.0,0.0,7.0,5.0,0.0,0.0,0.0,0.0,0.0,5.0,13.0,7.0,0.0,2.0,0.0,15.0,3.0,5.0,6.0,48.0,46.0,24.0,18.0
274,1.0,274.0,London_170,,151,453,1092.0,70.0,2.0,150396.0,0.7167416708543897,785.0,56.0,2.0,54.0,112.0,17.0,95.0,287.0,218.0,98.0,16.0,82.0,8.0,20.0,2.0,9.0,10.0,78.0,146.0,219.0,36.0,0.0,0.0,0.0,0.0,0.0,0.0,0.0,0.0,0.0,0.0,0.0,0.0,0.0,0.0,0.0,0.0,0.0,0.0,0.0,0.0,0.0,0.0,0.0,0.0,0.0,0.0,0.0,0.0,0.0,0.0,0.0,0.0,0.0,0.0,1.0,1.0,0.0,0.0,0.0,0.0,0.0,1.0,0.0,2.0,0.0,0.0,4.0,6.0,8.0,2.0,7.0,18.0,10.0,7.0,0.0,0.0,0.0,0.0,0.0,0.0,0.0,0.0,0.0,0.0,0.0,0.0,0.0,0.0,9.0,2.0,0.0,0.0,0.0,0.0,0.0,1.0,0.0,3.0,0.0,0.0,5.0,11.0,9.0,4.0,11.0,27.0,14.0,9.0
275,1.0,275.0,London_170,,151,453,1092.0,70.0,2.0,154473.0,0.7404759880155325,794.0,108.0,0.0,108.0,186.0,0.0,186.0,112.0,217.0,105.0,14.0,73.0,6.0,29.0,2.0,7.0,8.0,77.0,158.0,210.0,27.0,0.0,0.0,0.0,0.0,0.0,0.0,0.0,0.0,0.0,0.0,0.0,0.0,0.0,0.0,0.0,0.0,0.0,0.0,0.0,0.0,0.0,0.0,0.0,0.0,0.0,0.0,0.0,0.0,0.0,0.0,0.0,0.0,0.0,0.0,0.0,0.0,0.0,0.0,0.0,0.0,4.0,8.0,8.0,1.0,0.0,0.0,5.0,12.0,3.0,10.0,15.0,24.0,16.0,10.0,0.0,0.0,0.0,0.0,0.0,0.0,0.0,0.0,0.0,0.0,0.0,0.0,0.0,0.0,0.0,0.0,0.0,0.0,0.0,0.0,6.0,10.0,9.0,2.0,0.0,0.0,6.0,15.0,5.0,15.0,21.0,31.0,19.0,12.0
276,1.0,276.0,London_170,,151,453,1092.0,70.0,2.0,136806.0,0.9287591041065753,755.0,101.0,0.0,101.0,172.0,0.0,172.0,186.0,221.0,116.0,18.0,55.0,7.0,35.0,0.0,1.0,12.0,86.0,146.0,209.0,42.0,0.0,0.0,0.0,0.0,0.0,0.0,0.0,0.0,0.0,0.0,0.0,0.0,0.0,0.0,0.0,0.0,0.0,0.0,0.0,0.0,0.0,0.0,0.0,0.0,0.0,0.0,0.0,0.0,0.0,0.0,0.0,0.0,0.0,0.0,0.0,0.0,0.0,0.0,0.0,0.0,3.0,3.0,2.0,1.0,2.0,0.0,9.0,8.0,5.0,7.0,27.0,17.0,12.0,8.0,0.0,0.0,0.0,0.0,0.0,0.0,0.0,0.0,0.0,0.0,0.0,0.0,0.0,0.0,0.0,0.0,0.0,0.0,0.0,0.0,5.0,4.0,2.0,2.0,2.0,0.0,11.0,9.0,6.0,9.0,37.0,23.0,16.0,10.0
277,1.0,277.0,London_170,,151,453,1092.0,70.0,2.0,125028.0,0.8153469930402935,729.0,110.0,1.0,109.0,202.0,9.0,193.0,172.0,239.0,116.0,7.0,44.0,4.0,38.0,1.0,4.0,13.0,84.0,158.0,198.0,36.0,0.0,0.0,0.0,0.0,0.0,0.0,0.0,0.0,0.0,0.0,0.0,0.0,0.0,0.0,0.0,0.0,0.0,0.0,0.0,0.0,0.0,0.0,0.0,0.0,0.0,0.0,0.0,0.0,0.0,0.0,0.0,0.0,0.0,1.0,0.0,0.0,0.0,0.0,0.0,0.0,1.0,0.0,1.0,3.0,0.0,0.0,5.0,7.0,11.0,7.0,21.0,21.0,23.0,11.0,0.0,0.0,0.0,0.0,0.0,0.0,0.0,0.0,0.0,0.0,0.0,0.0,0.0,5.0,0.0,0.0,0.0,0.0,0.0,0.0,2.0,0.0,1.0,7.0,0.0,0.0,5.0,10.0,15.0,9.0,34.0,28.0,31.0,20.0
278,1.0,278.0,London_170,,151,453,1092.0,70.0,2.0,101925.0,1.1047493987716734,678.0,16.0,0.0,16.0,31.0,0.0,31.0,202.0,253.0,88.0,11.0,49.0,9.0,34.0,0.0,9.0,10.0,82.0,152.0,209.0,42.0,0.0,0.0,0.0,0.0,0.0,0.0,0.0,0.0,0.0,0.0,0.0,0.0,0.0,0.0,0.0,0.0,0.0,0.0,0.0,0.0,0.0,0.0,0.0,0.0,0.0,0.0,0.0,0.0,0.0,0.0,0.0,0.0,0.0,0.0,0.0,0.0,0.0,0.0,0.0,0.0,0.0,0.0,0.0,0.0,0.0,0.0,5.0,1.0,2.0,7.0,3.0,4.0,5.0,2.0,0.0,0.0,0.0,0.0,0.0,0.0,0.0,0.0,0.0,0.0,0.0,0.0,0.0,0.0,0.0,0.0,0.0,0.0,0.0,0.0,0.0,0.0,0.0,0.0,0.0,0.0,5.0,1.0,3.0,11.0,4.0,8.0,7.0,3.0
279,1.0,279.0,London_170,,151,453,1092.0,70.0,2.0,130464.0,0.9113528369925916,741.0,37.0,2.0,35.0,73.0,19.0,54.0,31.0,262.0,95.0,9.0,39.0,9.0,32.0,0.0,7.0,10.0,80.0,146.0,217.0,40.0,0.0,0.0,0.0,0.0,0.0,0.0,0.0,0.0,0.0,0.0,0.0,0.0,0.0,0.0,0.0,0.0,0.0,0.0,0.0,0.0,0.0,0.0,0.0,0.0,0.0,0.0,0.0,0.0,0.0,0.0,2.0,0.0,1.0,1.0,0.0,0.0,0.0,0.0,0.0,0.0,1.0,0.0,2.0,2.0,1.0,0.0,4.0,3.0,6.0,3.0,6.0,7.0,2.0,6.0,0.0,0.0,0.0,0.0,0.0,0.0,0.0,0.0,0.0,0.0,13.0,0.0,6.0,9.0,0.0,0.0,0.0,0.0,0.0,0.0,2.0,0.0,2.0,3.0,1.0,0.0,4.0,4.0,6.0,3.0,8.0,11.0,3.0,10.0
280,1.0,280.0,London_170,,151,453,1092.0,70.0,2.0,158550.0,1.2741335579194129,803.0,178.0,0.0,178.0,298.0,0.0,298.0,73.0,262.0,105.0,14.0,40.0,3.0,24.0,0.0,5.0,6.0,85.0,144.0,218.0,26.0,0.0,0.0,0.0,0.0,0.0,0.0,0.0,0.0,0.0,0.0,0.0,0.0,0.0,0.0,0.0,0.0,0.0,0.0,0.0,0.0,0.0,0.0,0.0,0.0,0.0,0.0,0.0,0.0,0.0,0.0,0.0,0.0,0.0,0.0,0.0,0.0,0.0,0.0,0.0,0.0,5.0,18.0,0.0,3.0,2.0,1.0,13.0,3.0,5.0,5.0,30.0,49.0,23.0,20.0,0.0,0.0,0.0,0.0,0.0,0.0,0.0,0.0,0.0,0.0,0.0,0.0,0.0,0.0,0.0,0.0,0.0,0.0,0.0,0.0,6.0,25.0,0.0,3.0,2.0,2.0,15.0,3.0,7.0,5.0,41.0,74.0,25.0,28.0
281,1.0,281.0,London_170,,151,453,1092.0,70.0,2.0,111438.0,0.5684419218450785,699.0,0.0,0.0,0.0,0.0,0.0,0.0,298.0,192.0,106.0,24.0,76.0,14.0,31.0,2.0,8.0,8.0,88.0,139.0,218.0,27.0,0.0,0.0,0.0,0.0,0.0,0.0,0.0,0.0,0.0,0.0,0.0,0.0,0.0,0.0,0.0,0.0,0.0,0.0,0.0,0.0,0.0,0.0,0.0,0.0,0.0,0.0,0.0,0.0,0.0,0.0,0.0,0.0,0.0,0.0,0.0,0.0,0.0,0.0,0.0,0.0,0.0,0.0,0.0,0.0,0.0,0.0,0.0,0.0,0.0,0.0,0.0,0.0,0.0,0.0,0.0,0.0,0.0,0.0,0.0,0.0,0.0,0.0,0.0,0.0,0.0,0.0,0.0,0.0,0.0,0.0,0.0,0.0,0.0,0.0,0.0,0.0,0.0,0.0,0.0,0.0,0.0,0.0,0.0,0.0,0.0,0.0,0.0,0.0
282,1.0,282.0,London_170,,151,453,1092.0,70.0,2.0,156738.0,0.7469043638557196,799.0,20.0,0.0,20.0,33.0,0.0,33.0,0.0,192.0,106.0,24.0,76.0,14.0,31.0,2.0,8.0,8.0,88.0,139.0,218.0,27.0,0.0,0.0,0.0,0.0,0.0,0.0,0.0,0.0,0.0,0.0,0.0,0.0,0.0,0.0,0.0,0.0,0.0,0.0,0.0,0.0,0.0,0.0,0.0,0.0,0.0,0.0,0.0,0.0,0.0,0.0,0.0,0.0,0.0,0.0,0.0,0.0,0.0,0.0,0.0,0.0,0.0,0.0,0.0,0.0,0.0,0.0,0.0,4.0,4.0,1.0,3.0,6.0,4.0,3.0,0.0,0.0,0.0,0.0,0.0,0.0,0.0,0.0,0.0,0.0,0.0,0.0,0.0,0.0,0.0,0.0,0.0,0.0,0.0,0.0,0.0,0.0,0.0,0.0,0.0,0.0,0.0,5.0,5.0,2.0,3.0,8.0,5.0,3.0
283,1.0,283.0,London_170,,151,453,1092.0,70.0,2.0,196149.0,1.1548365359194577,886.0,156.0,2.0,154.0,288.0,19.0,269.0,33.0,192.0,111.0,24.0,75.0,14.0,29.0,3.0,5.0,8.0,86.0,144.0,215.0,28.0,0.0,0.0,0.0,0.0,0.0,0.0,0.0,0.0,0.0,0.0,0.0,0.0,0.0,0.0,0.0,0.0,0.0,0.0,0.0,0.0,0.0,0.0,0.0,0.0,0.0,0.0,0.0,0.0,0.0,2.0,0.0,1.0,0.0,0.0,2.0,2.0,1.0,0.0,0.0,0.0,2.0,3.0,4.0,0.0,5.0,0.0,14.0,10.0,16.0,12.0,27.0,35.0,24.0,16.0,0.0,0.0,0.0,0.0,0.0,0.0,0.0,0.0,0.0,4.0,0.0,1.0,0.0,0.0,16.0,6.0,9.0,0.0,0.0,0.0,2.0,5.0,4.0,0.0,5.0,0.0,19.0,11.0,20.0,14.0,42.0,54.0,34.0,26.0
284,1.0,284.0,London_170,,151,453,1092.0,70.0,2.0,173046.0,1.0732515631243587,835.0,22.0,2.0,20.0,58.0,17.0,41.0,288.0,195.0,108.0,28.0,78.0,6.0,32.0,2.0,4.0,16.0,78.0,142.0,217.0,44.0,0.0,0.0,0.0,0.0,0.0,0.0,0.0,0.0,0.0,0.0,0.0,0.0,0.0,0.0,0.0,0.0,0.0,0.0,0.0,0.0,0.0,0.0,0.0,0.0,0.0,0.0,0.0,0.0,0.0,0.0,0.0,0.0,2.0,0.0,1.0,2.0,0.0,0.0,0.0,0.0,1.0,1.0,0.0,0.0,0.0,0.0,5.0,1.0,2.0,3.0,5.0,7.0,5.0,2.0,0.0,0.0,0.0,0.0,0.0,0.0,0.0,0.0,0.0,0.0,0.0,0.0,8.0,0.0,8.0,6.0,0.0,0.0,0.0,0.0,1.0,2.0,0.0,0.0,0.0,0.0,6.0,1.0,3.0,4.0,8.0,9.0,7.0,3.0
285,1.0,285.0,London_170,,151,453,1092.0,70.0,2.0,210192.0,1.313732944894582,917.0,150.0,2.0,148.0,277.0,18.0,259.0,58.0,195.0,107.0,32.0,76.0,5.0,34.0,1.0,3.0,14.0,79.0,137.0,223.0,46.0,0.0,0.0,0.0,0.0,0.0,0.0,0.0,0.0,0.0,0.0,0.0,0.0,0.0,0.0,0.0,0.0,0.0,0.0,0.0,0.0,0.0,0.0,0.0,0.0,0.0,0.0,0.0,0.0,0.0,1.0,0.0,0.0,1.0,0.0,0.0,0.0,0.0,0.0,0.0,0.0,3.0,5.0,1.0,3.0,3.0,1.0,18.0,13.0,7.0,15.0,28.0,37.0,32.0,14.0,0.0,0.0,0.0,0.0,0.0,0.0,0.0,0.0,0.0,2.0,0.0,0.0,7.0,0.0,0.0,0.0,0.0,0.0,0.0,0.0,4.0,7.0,1.0,4.0,3.0,1.0,27.0,18.0,9.0,15.0,43.0,57.0,41.0,26.0
286,1.0,286.0,London_170,,151,453,1092.0,70.0,2.0,181200.0,0.9404085781425238,853.0,56.0,1.0,55.0,109.0,9.0,100.0,277.0,196.0,120.0,19.0,82.0,6.0,21.0,3.0,6.0,8.0,68.0,151.0,226.0,44.0,0.0,0.0,0.0,0.0,0.0,0.0,0.0,0.0,0.0,0.0,0.0,0.0,0.0,0.0,0.0,0.0,0.0,0.0,0.0,0.0,0.0,0.0,0.0,0.0,0.0,0.0,0.0,0.0,0.0,0.0,0.0,0.0,0.0,0.0,0.0,1.0,0.0,0.0,0.0,0.0,4.0,1.0,0.0,2.0,0.0,0.0,3.0,5.0,8.0,4.0,14.0,14.0,11.0,5.0,0.0,0.0,0.0,0.0,0.0,0.0,0.0,0.0,0.0,0.0,0.0,0.0,0.0,0.0,0.0,1.0,0.0,0.0,0.0,0.0,5.0,2.0,0.0,2.0,0.0,0.0,4.0,8.0,9.0,4.0,20.0,23.0,14.0,10.0
287,1.0,287.0,London_170,,151,453,1092.0,70.0,2.0,186636.0,1.6455546682700515,865.0,154.0,2.0,152.0,284.0,20.0,264.0,109.0,204.0,121.0,30.0,67.0,6.0,17.0,4.0,4.0,9.0,68.0,148.0,228.0,40.0,0.0,0.0,0.0,0.0,0.0,0.0,0.0,0.0,0.0,0.0,0.0,0.0,0.0,0.0,0.0,0.0,0.0,0.0,0.0,0.0,0.0,0.0,0.0,0.0,0.0,0.0,0.0,0.0,0.0,0.0,1.0,0.0,1.0,0.0,0.0,0.0,0.0,0.0,0.0,0.0,2.0,16.0,5.0,4.0,1.0,0.0,12.0,9.0,14.0,5.0,24.0,35.0,18.0,13.0,0.0,0.0,0.0,0.0,0.0,0.0,0.0,0.0,0.0,0.0,4.0,0.0,1.0,0.0,0.0,0.0,0.0,0.0,0.0,0.0,2.0,24.0,6.0,5.0,1.0,0.0,17.0,14.0,19.0,6.0,36.0,55.0,23.0,21.0
288,1.0,288.0,London_170,,151,453,1092.0,70.0,2.0,147678.0,0.972434036899358,779.0,135.0,2.0,133.0,248.0,20.0,228.0,284.0,217.0,105.0,22.0,77.0,6.0,21.0,1.0,4.0,7.0,64.0,137.0,245.0,37.0,0.0,0.0,0.0,0.0,0.0,0.0,0.0,0.0,0.0,0.0,0.0,0.0,0.0,0.0,0.0,0.0,0.0,0.0,0.0,0.0,0.0,0.0,0.0,0.0,0.0,0.0,0.0,0.0,0.0,0.0,1.0,0.0,1.0,1.0,0.0,1.0,1.0,0.0,0.0,0.0,4.0,1.0,4.0,0.0,7.0,0.0,18.0,12.0,15.0,8.0,28.0,30.0,23.0,8.0,0.0,0.0,0.0,0.0,0.0,0.0,0.0,0.0,0.0,0.0,2.0,0.0,1.0,10.0,0.0,1.0,6.0,0.0,0.0,0.0,5.0,2.0,5.0,0.0,8.0,0.0,24.0,20.0,18.0,10.0,45.0,40.0,28.0,14.0
289,1.0,289.0,London_170,,151,453,1092.0,70.0,2.0,110985.0,0.7850551907904446,698.0,58.0,0.0,58.0,113.0,0.0,113.0,248.0,232.0,88.0,18.0,80.0,6.0,23.0,1.0,5.0,7.0,83.0,146.0,217.0,27.0,0.0,0.0,0.0,0.0,0.0,0.0,0.0,0.0,0.0,0.0,0.0,0.0,0.0,0.0,0.0,0.0,0.0,0.0,0.0,0.0,0.0,0.0,0.0,0.0,0.0,0.0,0.0,0.0,0.0,0.0,0.0,0.0,0.0,0.0,0.0,0.0,0.0,0.0,0.0,0.0,0.0,3.0,1.0,0.0,0.0,0.0,8.0,4.0,9.0,3.0,10.0,15.0,8.0,8.0,0.0,0.0,0.0,0.0,0.0,0.0,0.0,0.0,0.0,0.0,0.0,0.0,0.0,0.0,0.0,0.0,0.0,0.0,0.0,0.0,0.0,4.0,1.0,0.0,0.0,0.0,14.0,7.0,16.0,6.0,19.0,22.0,13.0,11.0
290,1.0,290.0,London_170,,151,453,1092.0,70.0,2.0,107361.0,0.9208610239438713,690.0,103.0,2.0,101.0,204.0,18.0,186.0,113.0,249.0,85.0,14.0,62.0,8.0,30.0,1.0,4.0,5.0,77.0,147.0,224.0,34.0,0.0,0.0,0.0,0.0,0.0,0.0,0.0,0.0,0.0,0.0,0.0,0.0,0.0,0.0,0.0,0.0,0.0,0.0,0.0,0.0,0.0,0.0,0.0,0.0,0.0,0.0,0.0,0.0,0.0,1.0,0.0,0.0,1.0,1.0,0.0,2.0,0.0,0.0,0.0,0.0,5.0,2.0,1.0,0.0,9.0,0.0,12.0,10.0,9.0,12.0,18.0,24.0,13.0,11.0,0.0,0.0,0.0,0.0,0.0,0.0,0.0,0.0,0.0,5.0,0.0,0.0,6.0,7.0,0.0,5.0,0.0,0.0,0.0,0.0,8.0,4.0,1.0,0.0,9.0,0.0,18.0,14.0,10.0,15.0,27.0,35.0,17.0,16.0
291,1.0,291.0,London_170,,151,453,1092.0,70.0,2.0,81540.0,0.5927156242541969,633.0,88.0,0.0,88.0,151.0,0.0,151.0,204.0,259.0,81.0,15.0,61.0,6.0,27.0,1.0,3.0,3.0,66.0,157.0,227.0,28.0,0.0,0.0,0.0,0.0,0.0,0.0,0.0,0.0,0.0,0.0,0.0,0.0,0.0,0.0,0.0,0.0,0.0,0.0,0.0,0.0,0.0,0.0,0.0,0.0,0.0,0.0,0.0,0.0,0.0,0.0,0.0,0.0,0.0,0.0,0.0,0.0,0.0,0.0,0.0,0.0,2.0,8.0,0.0,0.0,2.0,0.0,4.0,10.0,5.0,15.0,17.0,20.0,18.0,9.0,0.0,0.0,0.0,0.0,0.0,0.0,0.0,0.0,0.0,0.0,0.0,0.0,0.0,0.0,0.0,0.0,0.0,0.0,0.0,0.0,3.0,12.0,0.0,0.0,2.0,0.0,5.0,13.0,7.0,19.0,28.0,29.0,28.0,13.0
292,1.0,292.0,London_170,,151,453,1092.0,70.0,2.0,61155.0,0.3057545549236238,588.0,10.0,0.0,10.0,17.0,0.0,17.0,151.0,265.0,88.0,15.0,59.0,7.0,18.0,1.0,0.0,5.0,70.0,143.0,235.0,28.0,0.0,0.0,0.0,0.0,0.0,0.0,0.0,0.0,0.0,0.0,0.0,0.0,0.0,0.0,0.0,0.0,0.0,0.0,0.0,0.0,0.0,0.0,0.0,0.0,0.0,0.0,0.0,0.0,0.0,0.0,0.0,0.0,0.0,0.0,0.0,0.0,0.0,0.0,0.0,0.0,0.0,2.0,0.0,0.0,1.0,0.0,0.0,0.0,1.0,1.0,4.0,1.0,4.0,1.0,0.0,0.0,0.0,0.0,0.0,0.0,0.0,0.0,0.0,0.0,0.0,0.0,0.0,0.0,0.0,0.0,0.0,0.0,0.0,0.0,0.0,2.0,0.0,0.0,1.0,0.0,0.0,0.0,1.0,2.0,8.0,1.0,6.0,1.0
293,1.0,293.0,London_170,,151,453,1092.0,70.0,2.0,89241.0,0.5122422096319497,650.0,25.0,0.0,25.0,40.0,0.0,40.0,17.0,267.0,88.0,17.0,59.0,7.0,14.0,1.0,0.0,5.0,71.0,142.0,235.0,30.0,0.0,0.0,0.0,0.0,0.0,0.0,0.0,0.0,0.0,0.0,0.0,0.0,0.0,0.0,0.0,0.0,0.0,0.0,0.0,0.0,0.0,0.0,0.0,0.0,0.0,0.0,0.0,0.0,0.0,0.0,0.0,0.0,0.0,0.0,0.0,0.0,0.0,0.0,0.0,0.0,1.0,1.0,0.0,1.0,0.0,0.0,4.0,1.0,1.0,6.0,5.0,5.0,5.0,2.0,0.0,0.0,0.0,0.0,0.0,0.0,0.0,0.0,0.0,0.0,0.0,0.0,0.0,0.0,0.0,0.0,0.0,0.0,0.0,0.0,1.0,1.0,0.0,1.0,0.0,0.0,8.0,2.0,1.0,8.0,6.0,8.0,7.0,3.0
294,1.0,294.0,London_170,,151,453,1092.0,70.0,2.0,115515.0,0.9203656008467078,708.0,72.0,0.0,72.0,121.0,0.0,121.0,40.0,267.0,79.0,18.0,63.0,8.0,17.0,0.0,1.0,5.0,70.0,144.0,234.0,32.0,0.0,0.0,0.0,0.0,0.0,0.0,0.0,0.0,0.0,0.0,0.0,0.0,0.0,0.0,0.0,0.0,0.0,0.0,0.0,0.0,0.0,0.0,0.0,0.0,0.0,0.0,0.0,0.0,0.0,0.0,0.0,0.0,0.0,0.0,0.0,0.0,0.0,0.0,0.0,0.0,0.0,3.0,0.0,0.0,1.0,0.0,11.0,3.0,1.0,14.0,12.0,21.0,11.0,5.0,0.0,0.0,0.0,0.0,0.0,0.0,0.0,0.0,0.0,0.0,0.0,0.0,0.0,0.0,0.0,0.0,0.0,0.0,0.0,0.0,0.0,5.0,0.0,0.0,1.0,0.0,15.0,4.0,1.0,16.0,18.0,33.0,15.0,8.0
295,1.0,295.0,London_170,,151,453,1092.0,70.0,2.0,121857.0,0.8453359878621995,722.0,18.0,0.0,18.0,26.0,0.0,26.0,121.0,279.0,93.0,11.0,42.0,10.0,14.0,2.0,2.0,5.0,73.0,153.0,222.0,31.0,0.0,0.0,0.0,0.0,0.0,0.0,0.0,0.0,0.0,0.0,0.0,0.0,0.0,0.0,0.0,0.0,0.0,0.0,0.0,0.0,0.0,0.0,0.0,0.0,0.0,0.0,0.0,0.0,0.0,0.0,0.0,0.0,0.0,0.0,0.0,0.0,0.0,0.0,0.0,0.0,0.0,0.0,0.0,1.0,0.0,0.0,0.0,1.0,0.0,5.0,2.0,7.0,4.0,1.0,0.0,0.0,0.0,0.0,0.0,0.0,0.0,0.0,0.0,0.0,0.0,0.0,0.0,0.0,0.0,0.0,0.0,0.0,0.0,0.0,0.0,0.0,0.0,2.0,0.0,0.0,0.0,1.0,0.0,5.0,2.0,13.0,4.0,2.0
296,1.0,296.0,London_170,,151,453,1092.0,70.0,2.0,161268.0,1.019812670070678,809.0,20.0,0.0,20.0,30.0,0.0,30.0,26.0,277.0,96.0,11.0,37.0,9.0,17.0,2.0,4.0,7.0,72.0,154.0,220.0,35.0,0.0,0.0,0.0,0.0,0.0,0.0,0.0,0.0,0.0,0.0,0.0,0.0,0.0,0.0,0.0,0.0,0.0,0.0,0.0,0.0,0.0,0.0,0.0,0.0,0.0,0.0,0.0,0.0,0.0,0.0,0.0,0.0,0.0,0.0,0.0,0.0,0.0,0.0,0.0,0.0,2.0,1.0,0.0,2.0,0.0,0.0,2.0,4.0,1.0,3.0,3.0,8.0,8.0,3.0,0.0,0.0,0.0,0.0,0.0,0.0,0.0,0.0,0.0,0.0,0.0,0.0,0.0,0.0,0.0,0.0,0.0,0.0,0.0,0.0,2.0,1.0,0.0,3.0,0.0,0.0,3.0,4.0,1.0,4.0,5.0,10.0,9.0,5.0
297,1.0,297.0,London_170,,151,453,1092.0,70.0,2.0,200679.0,1.4100079908967018,896.0,35.0,2.0,33.0,72.0,18.0,54.0,30.0,283.0,89.0,14.0,29.0,10.0,22.0,2.0,4.0,7.0,71.0,157.0,218.0,35.0,0.0,0.0,0.0,0.0,0.0,0.0,0.0,0.0,0.0,0.0,0.0,0.0,0.0,0.0,0.0,0.0,0.0,0.0,0.0,0.0,0.0,0.0,0.0,0.0,0.0,0.0,0.0,0.0,0.0,0.0,0.0,0.0,1.0,0.0,1.0,1.0,0.0,0.0,0.0,0.0,1.0,2.0,0.0,0.0,0.0,0.0,4.0,1.0,1.0,3.0,3.0,11.0,0.0,4.0,0.0,0.0,0.0,0.0,0.0,0.0,0.0,0.0,0.0,0.0,0.0,0.0,1.0,0.0,6.0,1.0,0.0,0.0,0.0,0.0,1.0,3.0,0.0,0.0,0.0,0.0,4.0,1.0,2.0,4.0,3.0,14.0,0.0,5.0
298,1.0,298.0,London_170,,151,453,1092.0,70.0,2.0,231483.0,1.674278551246971,964.0,148.0,2.0,146.0,292.0,19.0,273.0,72.0,277.0,80.0,17.0,36.0,13.0,25.0,2.0,3.0,4.0,76.0,149.0,224.0,32.0,0.0,0.0,0.0,0.0,0.0,0.0,0.0,0.0,0.0,0.0,0.0,0.0,0.0,0.0,0.0,0.0,0.0,0.0,0.0,0.0,0.0,0.0,0.0,0.0,0.0,0.0,0.0,0.0,0.0,1.0,0.0,0.0,1.0,1.0,1.0,1.0,0.0,0.0,0.0,0.0,0.0,4.0,1.0,1.0,2.0,0.0,15.0,1.0,2.0,8.0,26.0,28.0,33.0,15.0,0.0,0.0,0.0,0.0,0.0,0.0,0.0,0.0,0.0,1.0,0.0,0.0,6.0,6.0,7.0,3.0,0.0,0.0,0.0,0.0,0.0,5.0,1.0,1.0,2.0,0.0,23.0,2.0,2.0,9.0,40.0,48.0,46.0,21.0
299,1.0,299.0,London_170,,151,453,1092.0,70.0,2.0,215628.0,1.099175380077213,929.0,185.0,1.0,184.0,329.0,10.0,319.0,292.0,204.0,112.0,14.0,85.0,9.0,20.0,1.0,8.0,5.0,73.0,142.0,233.0,36.0,0.0,0.0,0.0,0.0,0.0,0.0,0.0,0.0,0.0,0.0,0.0,0.0,0.0,0.0,0.0,0.0,0.0,0.0,0.0,0.0,0.0,0.0,0.0,0.0,0.0,0.0,0.0,0.0,0.0,0.0,0.0,0.0,0.0,1.0,0.0,1.0,0.0,0.0,0.0,0.0,4.0,19.0,3.0,4.0,0.0,0.0,14.0,10.0,7.0,10.0,36.0,38.0,26.0,21.0,0.0,0.0,0.0,0.0,0.0,0.0,0.0,0.0,0.0,0.0,0.0,0.0,0.0,8.0,0.0,3.0,0.0,0.0,0.0,0.0,5.0,25.0,3.0,6.0,0.0,0.0,18.0,13.0,8.0,16.0,51.0,51.0,31.0,33.0
300,1.0,300.0,London_170,,151,453,1092.0,70.0,2.0,174858.0,0.8160059410147369,839.0,108.0,1.0,107.0,187.0,10.0,177.0,329.0,170.0,128.0,22.0,91.0,12.0,26.0,1.0,3.0,9.0,80.0,127.0,237.0,40.0,0.0,0.0,0.0,0.0,0.0,0.0,0.0,0.0,0.0,0.0,0.0,0.0,0.0,0.0,0.0,0.0,0.0,0.0,0.0,0.0,0.0,0.0,0.0,0.0,0.0,0.0,0.0,0.0,0.0,1.0,0.0,0.0,0.0,0.0,0.0,1.0,0.0,0.0,0.0,0.0,7.0,3.0,0.0,1.0,5.0,0.0,17.0,9.0,11.0,12.0,22.0,26.0,18.0,6.0,0.0,0.0,0.0,0.0,0.0,0.0,0.0,0.0,0.0,6.0,0.0,0.0,0.0,0.0,0.0,5.0,0.0,0.0,0.0,0.0,9.0,5.0,0.0,1.0,5.0,0.0,25.0,12.0,17.0,15.0,33.0,42.0,22.0,7.0
301,1.0,301.0,London_170,,151,453,1092.0,70.0,2.0,164439.0,0.8595348750241101,816.0,97.0,0.0,97.0,168.0,0.0,168.0,187.0,172.0,143.0,26.0,74.0,6.0,26.0,0.0,6.0,14.0,85.0,147.0,207.0,61.0,0.0,0.0,0.0,0.0,0.0,0.0,0.0,0.0,0.0,0.0,0.0,0.0,0.0,0.0,0.0,0.0,0.0,0.0,0.0,0.0,0.0,0.0,0.0,0.0,0.0,0.0,0.0,0.0,0.0,0.0,0.0,0.0,0.0,0.0,0.0,0.0,0.0,0.0,0.0,0.0,2.0,4.0,0.0,3.0,3.0,0.0,12.0,4.0,1.0,9.0,13.0,20.0,22.0,8.0,0.0,0.0,0.0,0.0,0.0,0.0,0.0,0.0,0.0,0.0,0.0,0.0,0.0,0.0,0.0,0.0,0.0,0.0,0.0,0.0,2.0,5.0,0.0,6.0,3.0,0.0,14.0,4.0,1.0,11.0,23.0,29.0,27.0,11.0
302,1.0,302.0,London_170,,151,453,1092.0,70.0,2.0,158097.0,1.0338945942930877,802.0,142.0,2.0,140.0,274.0,18.0,256.0,168.0,175.0,118.0,27.0,90.0,12.0,26.0,1.0,4.0,19.0,84.0,141.0,209.0,76.0,0.0,0.0,0.0,0.0,0.0,0.0,0.0,0.0,0.0,0.0,0.0,0.0,0.0,0.0,0.0,0.0,0.0,0.0,0.0,0.0,0.0,0.0,0.0,0.0,0.0,0.0,0.0,0.0,0.0,0.0,0.0,0.0,1.0,0.0,1.0,1.0,0.0,0.0,0.0,0.0,1.0,8.0,1.0,0.0,0.0,1.0,9.0,5.0,6.0,11.0,22.0,33.0,34.0,11.0,0.0,0.0,0.0,0.0,0.0,0.0,0.0,0.0,0.0,0.0,0.0,0.0,4.0,0.0,5.0,3.0,0.0,0.0,0.0,0.0,1.0,10.0,1.0,0.0,0.0,1.0,13.0,8.0,6.0,17.0,32.0,51.0,44.0,19.0
303,1.0,303.0,London_170,,151,453,1092.0,70.0,2.0,128199.0,0.996062969788909,736.0,34.0,2.0,32.0,74.0,16.0,58.0,274.0,195.0,109.0,32.0,69.0,13.0,28.0,0.0,7.0,5.0,76.0,150.0,222.0,39.0,0.0,0.0,0.0,0.0,0.0,0.0,0.0,0.0,0.0,0.0,0.0,0.0,0.0,0.0,0.0,0.0,0.0,0.0,0.0,0.0,0.0,0.0,0.0,0.0,0.0,0.0,0.0,0.0,0.0,1.0,0.0,0.0,0.0,1.0,1.0,2.0,0.0,0.0,0.0,0.0,2.0,3.0,1.0,4.0,1.0,2.0,2.0,3.0,2.0,5.0,8.0,7.0,9.0,1.0,0.0,0.0,0.0,0.0,0.0,0.0,0.0,0.0,0.0,5.0,0.0,0.0,0.0,6.0,6.0,6.0,0.0,0.0,0.0,0.0,2.0,3.0,1.0,7.0,1.0,5.0,2.0,5.0,2.0,7.0,11.0,9.0,9.0,2.0
304,1.0,304.0,London_170,,151,453,1092.0,70.0,2.0,145866.0,0.8503830446861684,775.0,29.0,2.0,27.0,69.0,18.0,51.0,74.0,201.0,111.0,30.0,77.0,7.0,19.0,1.0,7.0,8.0,84.0,139.0,222.0,47.0,0.0,0.0,0.0,0.0,0.0,0.0,0.0,0.0,0.0,0.0,0.0,0.0,0.0,0.0,0.0,0.0,0.0,0.0,0.0,0.0,0.0,0.0,0.0,0.0,0.0,0.0,0.0,0.0,0.0,1.0,1.0,0.0,1.0,0.0,1.0,1.0,0.0,0.0,0.0,0.0,1.0,0.0,2.0,0.0,2.0,0.0,4.0,3.0,1.0,5.0,7.0,8.0,6.0,1.0,0.0,0.0,0.0,0.0,0.0,0.0,0.0,0.0,0.0,5.0,5.0,0.0,2.0,0.0,9.0,3.0,0.0,0.0,0.0,0.0,3.0,0.0,2.0,0.0,4.0,0.0,6.0,4.0,2.0,7.0,10.0,10.0,8.0,1.0
305,1.0,305.0,London_170,,151,453,1092.0,70.0,2.0,169875.0,1.4061465580016375,828.0,184.0,0.0,184.0,309.0,0.0,309.0,69.0,210.0,113.0,36.0,76.0,5.0,8.0,1.0,4.0,8.0,85.0,141.0,219.0,41.0,0.0,0.0,0.0,0.0,0.0,0.0,0.0,0.0,0.0,0.0,0.0,0.0,0.0,0.0,0.0,0.0,0.0,0.0,0.0,0.0,0.0,0.0,0.0,0.0,0.0,0.0,0.0,0.0,0.0,0.0,0.0,0.0,0.0,0.0,0.0,0.0,0.0,0.0,0.0,0.0,1.0,28.0,0.0,2.0,5.0,0.0,3.0,8.0,1.0,2.0,29.0,33.0,29.0,12.0,0.0,0.0,0.0,0.0,0.0,0.0,0.0,0.0,0.0,0.0,0.0,0.0,0.0,0.0,0.0,0.0,0.0,0.0,0.0,0.0,1.0,38.0,0.0,3.0,6.0,0.0,3.0,9.0,2.0,2.0,45.0,43.0,30.0,15.0
306,1.0,306.0,London_170,,151,453,1092.0,70.0,2.0,119139.0,0.6301770033314824,716.0,74.0,1.0,73.0,136.0,10.0,126.0,309.0,181.0,127.0,28.0,81.0,8.0,24.0,1.0,3.0,8.0,81.0,154.0,210.0,39.0,0.0,0.0,0.0,0.0,0.0,0.0,0.0,0.0,0.0,0.0,0.0,0.0,0.0,0.0,0.0,0.0,0.0,0.0,0.0,0.0,0.0,0.0,0.0,0.0,0.0,0.0,0.0,0.0,0.0,1.0,0.0,0.0,1.0,0.0,1.0,0.0,1.0,0.0,0.0,0.0,4.0,6.0,0.0,1.0,0.0,0.0,5.0,4.0,4.0,8.0,21.0,26.0,15.0,5.0,0.0,0.0,0.0,0.0,0.0,0.0,0.0,0.0,0.0,5.0,0.0,0.0,1.0,0.0,9.0,0.0,8.0,0.0,0.0,0.0,5.0,8.0,0.0,1.0,0.0,0.0,6.0,5.0,4.0,14.0,31.0,40.0,21.0,7.0
307,1.0,307.0,London_170,,151,453,1092.0,70.0,2.0,114156.0,0.6028373651206493,705.0,19.0,0.0,19.0,34.0,0.0,34.0,136.0,196.0,141.0,26.0,55.0,6.0,23.0,1.0,5.0,12.0,72.0,169.0,200.0,49.0,0.0,0.0,0.0,0.0,0.0,0.0,0.0,0.0,0.0,0.0,0.0,0.0,0.0,0.0,0.0,0.0,0.0,0.0,0.0,0.0,0.0,0.0,0.0,0.0,0.0,0.0,0.0,0.0,0.0,0.0,0.0,0.0,0.0,0.0,0.0,0.0,0.0,0.0,0.0,0.0,1.0,0.0,0.0,0.0,1.0,0.0,1.0,1.0,1.0,0.0,5.0,2.0,4.0,2.0,0.0,0.0,0.0,0.0,0.0,0.0,0.0,0.0,0.0,0.0,0.0,0.0,0.0,0.0,0.0,0.0,0.0,0.0,0.0,0.0,1.0,0.0,0.0,0.0,1.0,0.0,1.0,1.0,1.0,0.0,9.0,3.0,5.0,4.0
308,1.0,308.0,London_170,,151,453,1092.0,70.0,2.0,155379.0,0.7633134541101754,796.0,47.0,0.0,47.0,78.0,0.0,78.0,34.0,195.0,144.0,25.0,52.0,4.0,27.0,1.0,5.0,12.0,67.0,173.0,201.0,50.0,0.0,0.0,0.0,0.0,0.0,0.0,0.0,0.0,0.0,0.0,0.0,0.0,0.0,0.0,0.0,0.0,0.0,0.0,0.0,0.0,0.0,0.0,0.0,0.0,0.0,0.0,0.0,0.0,0.0,0.0,0.0,0.0,0.0,0.0,0.0,0.0,0.0,0.0,0.0,0.0,2.0,2.0,0.0,1.0,0.0,0.0,1.0,6.0,1.0,7.0,11.0,8.0,9.0,5.0,0.0,0.0,0.0,0.0,0.0,0.0,0.0,0.0,0.0,0.0,0.0,0.0,0.0,0.0,0.0,0.0,0.0,0.0,0.0,0.0,2.0,2.0,0.0,1.0,0.0,0.0,1.0,9.0,2.0,11.0,17.0,14.0,16.0,10.0
309,1.0,309.0,London_170,,151,453,1092.0,70.0,2.0,166251.0,0.8216868988238275,820.0,82.0,2.0,80.0,151.0,16.0,135.0,78.0,196.0,145.0,29.0,49.0,5.0,23.0,1.0,5.0,12.0,66.0,178.0,197.0,49.0,0.0,0.0,0.0,0.0,0.0,0.0,0.0,0.0,0.0,0.0,0.0,0.0,0.0,0.0,0.0,0.0,0.0,0.0,0.0,0.0,0.0,0.0,0.0,0.0,0.0,0.0,0.0,0.0,0.0,1.0,0.0,0.0,0.0,0.0,0.0,0.0,0.0,0.0,0.0,0.0,3.0,7.0,5.0,1.0,3.0,0.0,6.0,9.0,6.0,12.0,17.0,17.0,14.0,6.0,0.0,0.0,0.0,0.0,0.0,0.0,0.0,0.0,0.0,2.0,0.0,0.0,0.0,0.0,0.0,0.0,0.0,0.0,0.0,0.0,3.0,8.0,6.0,2.0,4.0,0.0,8.0,14.0,8.0,22.0,24.0,22.0,18.0,8.0
310,1.0,310.0,London_170,,151,453,1092.0,70.0,2.0,159456.0,1.1623022290877998,805.0,97.0,2.0,95.0,179.0,19.0,160.0,151.0,198.0,147.0,31.0,46.0,5.0,25.0,0.0,1.0,9.0,65.0,169.0,210.0,36.0,0.0,0.0,0.0,0.0,0.0,0.0,0.0,0.0,0.0,0.0,0.0,0.0,0.0,0.0,0.0,0.0,0.0,0.0,0.0,0.0,0.0,0.0,0.0,0.0,0.0,0.0,0.0,0.0,0.0,1.0,1.0,0.0,0.0,0.0,1.0,1.0,0.0,0.0,0.0,0.0,2.0,6.0,0.0,2.0,4.0,0.0,10.0,4.0,5.0,9.0,14.0,26.0,16.0,5.0,0.0,0.0,0.0,0.0,0.0,0.0,0.0,0.0,0.0,1.0,8.0,0.0,0.0,0.0,6.0,3.0,0.0,0.0,0.0,0.0,3.0,7.0,0.0,3.0,4.0,0.0,15.0,5.0,6.0,13.0,19.0,33.0,21.0,8.0
311,1.0,311.0,London_170,,151,453,1092.0,70.0,2.0,154473.0,1.679668694268912,794.0,77.0,0.0,77.0,123.0,0.0,123.0,179.0,203.0,136.0,34.0,43.0,6.0,24.0,3.0,4.0,8.0,76.0,169.0,200.0,29.0,0.0,0.0,0.0,0.0,0.0,0.0,0.0,0.0,0.0,0.0,0.0,0.0,0.0,0.0,0.0,0.0,0.0,0.0,0.0,0.0,0.0,0.0,0.0,0.0,0.0,0.0,0.0,0.0,0.0,0.0,0.0,0.0,0.0,0.0,0.0,0.0,0.0,0.0,0.0,0.0,2.0,0.0,0.0,0.0,3.0,1.0,5.0,10.0,4.0,6.0,15.0,22.0,18.0,8.0,0.0,0.0,0.0,0.0,0.0,0.0,0.0,0.0,0.0,0.0,0.0,0.0,0.0,0.0,0.0,0.0,0.0,0.0,0.0,0.0,2.0,0.0,0.0,0.0,3.0,1.0,5.0,16.0,5.0,9.0,19.0,32.0,24.0,14.0
312,1.0,312.0,London_170,,151,453,1092.0,70.0,2.0,158550.0,1.1006144690327346,803.0,73.0,2.0,71.0,145.0,19.0,126.0,123.0,214.0,142.0,28.0,38.0,10.0,16.0,2.0,3.0,12.0,84.0,152.0,205.0,32.0,0.0,0.0,0.0,0.0,0.0,0.0,0.0,0.0,0.0,0.0,0.0,0.0,0.0,0.0,0.0,0.0,0.0,0.0,0.0,0.0,0.0,0.0,0.0,0.0,0.0,0.0,0.0,0.0,0.0,1.0,0.0,0.0,1.0,0.0,1.0,2.0,0.0,0.0,0.0,0.0,3.0,3.0,1.0,1.0,2.0,0.0,10.0,4.0,7.0,5.0,21.0,12.0,17.0,6.0,0.0,0.0,0.0,0.0,0.0,0.0,0.0,0.0,0.0,6.0,0.0,0.0,3.0,0.0,5.0,7.0,0.0,0.0,0.0,0.0,4.0,3.0,1.0,1.0,2.0,0.0,19.0,5.0,12.0,6.0,35.0,15.0,22.0,9.0
313,1.0,313.0,London_170,,151,453,1092.0,70.0,2.0,167157.0,1.155859628226608,822.0,121.0,0.0,121.0,201.0,0.0,201.0,145.0,214.0,145.0,13.0,49.0,4.0,21.0,0.0,7.0,7.0,80.0,159.0,207.0,39.0,0.0,0.0,0.0,0.0,0.0,0.0,0.0,0.0,0.0,0.0,0.0,0.0,0.0,0.0,0.0,0.0,0.0,0.0,0.0,0.0,0.0,0.0,0.0,0.0,0.0,0.0,0.0,0.0,0.0,0.0,0.0,0.0,0.0,0.0,0.0,0.0,0.0,0.0,0.0,0.0,3.0,2.0,1.0,0.0,1.0,0.0,5.0,6.0,7.0,15.0,25.0,22.0,17.0,14.0,0.0,0.0,0.0,0.0,0.0,0.0,0.0,0.0,0.0,0.0,0.0,0.0,0.0,0.0,0.0,0.0,0.0,0.0,0.0,0.0,3.0,5.0,1.0,0.0,1.0,0.0,6.0,11.0,12.0,17.0,38.0,33.0,22.0,21.0
314,1.0,314.0,London_170,,151,453,1092.0,70.0,2.0,139977.0,1.0096555729396641,762.0,111.0,1.0,110.0,185.0,9.0,176.0,201.0,226.0,128.0,9.0,60.0,9.0,18.0,0.0,3.0,7.0,94.0,153.0,199.0,28.0,0.0,0.0,0.0,0.0,0.0,0.0,0.0,0.0,0.0,0.0,0.0,0.0,0.0,0.0,0.0,0.0,0.0,0.0,0.0,0.0,0.0,0.0,0.0,0.0,0.0,0.0,0.0,0.0,0.0,0.0,0.0,0.0,1.0,0.0,0.0,0.0,1.0,0.0,0.0,0.0,4.0,4.0,0.0,0.0,3.0,0.0,11.0,8.0,4.0,11.0,23.0,31.0,19.0,12.0,0.0,0.0,0.0,0.0,0.0,0.0,0.0,0.0,0.0,0.0,0.0,0.0,2.0,0.0,0.0,0.0,8.0,0.0,0.0,0.0,5.0,7.0,0.0,0.0,3.0,0.0,16.0,10.0,4.0,13.0,30.0,43.0,22.0,20.0
315,1.0,315.0,London_170,,151,453,1092.0,70.0,2.0,124575.0,0.8736367300152779,728.0,26.0,2.0,24.0,59.0,18.0,41.0,185.0,228.0,122.0,7.0,66.0,3.0,22.0,1.0,4.0,7.0,78.0,166.0,202.0,41.0,0.0,0.0,0.0,0.0,0.0,0.0,0.0,0.0,0.0,0.0,0.0,0.0,0.0,0.0,0.0,0.0,0.0,0.0,0.0,0.0,0.0,0.0,0.0,0.0,0.0,0.0,0.0,0.0,0.0,1.0,0.0,0.0,1.0,1.0,1.0,1.0,0.0,0.0,0.0,0.0,0.0,2.0,1.0,0.0,0.0,0.0,4.0,2.0,2.0,3.0,5.0,5.0,5.0,4.0,0.0,0.0,0.0,0.0,0.0,0.0,0.0,0.0,0.0,2.0,0.0,0.0,6.0,9.0,5.0,5.0,0.0,0.0,0.0,0.0,0.0,3.0,2.0,0.0,0.0,0.0,8.0,2.0,2.0,5.0,8.0,6.0,8.0,4.0
316,1.0,316.0,London_170,,151,453,1092.0,70.0,2.0,149943.0,0.9160004062578082,784.0,26.0,2.0,24.0,60.0,17.0,43.0,59.0,227.0,133.0,10.0,57.0,3.0,23.0,0.0,0.0,6.0,75.0,170.0,202.0,36.0,0.0,0.0,0.0,0.0,0.0,0.0,0.0,0.0,0.0,0.0,0.0,0.0,0.0,0.0,0.0,0.0,0.0,0.0,0.0,0.0,0.0,0.0,0.0,0.0,0.0,0.0,0.0,0.0,0.0,1.0,0.0,0.0,0.0,0.0,1.0,1.0,0.0,0.0,0.0,0.0,2.0,0.0,0.0,0.0,0.0,0.0,0.0,2.0,2.0,2.0,4.0,8.0,7.0,1.0,0.0,0.0,0.0,0.0,0.0,0.0,0.0,0.0,0.0,6.0,0.0,0.0,0.0,0.0,5.0,4.0,0.0,0.0,0.0,0.0,2.0,0.0,0.0,0.0,0.0,0.0,0.0,2.0,2.0,2.0,6.0,11.0,8.0,1.0
317,1.0,317.0,London_170,,151,453,1092.0,70.0,2.0,180747.0,1.150684763211757,852.0,61.0,0.0,61.0,94.0,0.0,94.0,60.0,230.0,131.0,4.0,54.0,3.0,30.0,0.0,1.0,6.0,80.0,168.0,199.0,31.0,0.0,0.0,0.0,0.0,0.0,0.0,0.0,0.0,0.0,0.0,0.0,0.0,0.0,0.0,0.0,0.0,0.0,0.0,0.0,0.0,0.0,0.0,0.0,0.0,0.0,0.0,0.0,0.0,0.0,0.0,0.0,0.0,0.0,0.0,0.0,0.0,0.0,0.0,0.0,0.0,5.0,2.0,2.0,0.0,1.0,0.0,1.0,11.0,6.0,2.0,14.0,14.0,8.0,10.0,0.0,0.0,0.0,0.0,0.0,0.0,0.0,0.0,0.0,0.0,0.0,0.0,0.0,0.0,0.0,0.0,0.0,0.0,0.0,0.0,5.0,3.0,3.0,0.0,1.0,0.0,1.0,13.0,8.0,2.0,19.0,17.0,10.0,16.0
318,1.0,318.0,London_170,,151,453,1092.0,70.0,2.0,201132.0,1.4468322726897895,897.0,242.0,0.0,242.0,408.0,0.0,408.0,94.0,238.0,132.0,8.0,44.0,7.0,23.0,0.0,1.0,8.0,73.0,167.0,205.0,38.0,0.0,0.0,0.0,0.0,0.0,0.0,0.0,0.0,0.0,0.0,0.0,0.0,0.0,0.0,0.0,0.0,0.0,0.0,0.0,0.0,0.0,0.0,0.0,0.0,0.0,0.0,0.0,0.0,0.0,0.0,0.0,0.0,0.0,0.0,0.0,0.0,0.0,0.0,0.0,0.0,1.0,6.0,0.0,7.0,9.0,0.0,2.0,3.0,0.0,15.0,49.0,63.0,4.0,12.0,0.0,0.0,0.0,0.0,0.0,0.0,0.0,0.0,0.0,0.0,0.0,0.0,0.0,0.0,0.0,0.0,0.0,0.0,0.0,0.0,1.0,7.0,0.0,9.0,9.0,0.0,2.0,3.0,0.0,17.0,71.0,90.0,4.0,16.0
319,1.0,319.0,London_170,,151,453,1092.0,70.0,2.0,123669.0,0.5270004076883197,726.0,58.0,1.0,57.0,110.0,9.0,101.0,408.0,99.0,148.0,28.0,126.0,9.0,31.0,2.0,10.0,11.0,76.0,158.0,208.0,52.0,0.0,0.0,0.0,0.0,0.0,0.0,0.0,0.0,0.0,0.0,0.0,0.0,0.0,0.0,0.0,0.0,0.0,0.0,0.0,0.0,0.0,0.0,0.0,0.0,0.0,0.0,0.0,0.0,0.0,0.0,0.0,0.0,0.0,1.0,0.0,1.0,0.0,0.0,0.0,0.0,0.0,2.0,0.0,0.0,0.0,0.0,6.0,3.0,1.0,5.0,14.0,12.0,9.0,5.0,0.0,0.0,0.0,0.0,0.0,0.0,0.0,0.0,0.0,0.0,0.0,0.0,0.0,5.0,0.0,3.0,0.0,0.0,0.0,0.0,0.0,3.0,0.0,0.0,0.0,0.0,9.0,3.0,1.0,9.0,22.0,18.0,11.0,6.0
320,1.0,320.0,London_170,,151,453,1092.0,70.0,2.0,133182.0,0.6210236120969057,747.0,20.0,0.0,20.0,34.0,0.0,34.0,110.0,101.0,156.0,30.0,105.0,12.0,35.0,3.0,11.0,13.0,73.0,155.0,212.0,59.0,0.0,0.0,0.0,0.0,0.0,0.0,0.0,0.0,0.0,0.0,0.0,0.0,0.0,0.0,0.0,0.0,0.0,0.0,0.0,0.0,0.0,0.0,0.0,0.0,0.0,0.0,0.0,0.0,0.0,0.0,0.0,0.0,0.0,0.0,0.0,0.0,0.0,0.0,0.0,0.0,0.0,1.0,0.0,0.0,0.0,0.0,0.0,2.0,2.0,5.0,0.0,8.0,5.0,2.0,0.0,0.0,0.0,0.0,0.0,0.0,0.0,0.0,0.0,0.0,0.0,0.0,0.0,0.0,0.0,0.0,0.0,0.0,0.0,0.0,0.0,1.0,0.0,0.0,0.0,0.0,0.0,2.0,2.0,9.0,0.0,11.0,5.0,3.0
321,1.0,321.0,London_170,,151,453,1092.0,70.0,2.0,162174.0,1.4421635149046779,811.0,157.0,2.0,155.0,298.0,19.0,279.0,34.0,103.0,154.0,30.0,106.0,14.0,34.0,3.0,9.0,13.0,74.0,149.0,217.0,61.0,0.0,0.0,0.0,0.0,0.0,0.0,0.0,0.0,0.0,0.0,0.0,0.0,0.0,0.0,0.0,0.0,0.0,0.0,0.0,0.0,0.0,0.0,0.0,0.0,0.0,0.0,0.0,0.0,0.0,0.0,2.0,0.0,1.0,1.0,0.0,0.0,0.0,0.0,0.0,0.0,4.0,20.0,3.0,0.0,14.0,0.0,14.0,11.0,9.0,4.0,34.0,38.0,21.0,8.0,0.0,0.0,0.0,0.0,0.0,0.0,0.0,0.0,0.0,0.0,14.0,0.0,4.0,7.0,0.0,0.0,0.0,0.0,0.0,0.0,4.0,28.0,3.0,0.0,14.0,0.0,18.0,14.0,13.0,4.0,54.0,60.0,28.0,11.0
322,1.0,322.0,London_170,,151,453,1092.0,70.0,2.0,130011.0,0.5536646242253482,740.0,50.0,0.0,50.0,85.0,0.0,85.0,298.0,133.0,167.0,18.0,100.0,8.0,18.0,2.0,7.0,9.0,77.0,163.0,204.0,62.0,0.0,0.0,0.0,0.0,0.0,0.0,0.0,0.0,0.0,0.0,0.0,0.0,0.0,0.0,0.0,0.0,0.0,0.0,0.0,0.0,0.0,0.0,0.0,0.0,0.0,0.0,0.0,0.0,0.0,0.0,0.0,0.0,0.0,0.0,0.0,0.0,0.0,0.0,0.0,0.0,1.0,5.0,0.0,1.0,0.0,0.0,3.0,4.0,2.0,4.0,13.0,14.0,14.0,5.0,0.0,0.0,0.0,0.0,0.0,0.0,0.0,0.0,0.0,0.0,0.0,0.0,0.0,0.0,0.0,0.0,0.0,0.0,0.0,0.0,1.0,6.0,0.0,1.0,0.0,0.0,4.0,6.0,2.0,5.0,19.0,18.0,19.0,7.0
323,1.0,323.0,London_170,,151,453,1092.0,70.0,2.0,142695.0,0.7624426316469908,768.0,20.0,0.0,20.0,42.0,0.0,42.0,85.0,145.0,164.0,15.0,98.0,5.0,20.0,2.0,4.0,11.0,69.0,164.0,209.0,68.0,0.0,0.0,0.0,0.0,0.0,0.0,0.0,0.0,0.0,0.0,0.0,0.0,0.0,0.0,0.0,0.0,0.0,0.0,0.0,0.0,0.0,0.0,0.0,0.0,0.0,0.0,0.0,0.0,0.0,0.0,0.0,0.0,0.0,0.0,0.0,0.0,0.0,0.0,0.0,0.0,0.0,0.0,0.0,0.0,0.0,0.0,2.0,1.0,1.0,3.0,6.0,8.0,4.0,0.0,0.0,0.0,0.0,0.0,0.0,0.0,0.0,0.0,0.0,0.0,0.0,0.0,0.0,0.0,0.0,0.0,0.0,0.0,0.0,0.0,0.0,0.0,0.0,0.0,0.0,0.0,4.0,1.0,1.0,5.0,10.0,10.0,6.0,0.0
324,1.0,324.0,London_170,,151,453,1092.0,70.0,2.0,170328.0,0.777686120942235,829.0,85.0,0.0,85.0,155.0,0.0,155.0,42.0,141.0,164.0,17.0,99.0,5.0,23.0,0.0,4.0,11.0,68.0,168.0,206.0,74.0,0.0,0.0,0.0,0.0,0.0,0.0,0.0,0.0,0.0,0.0,0.0,0.0,0.0,0.0,0.0,0.0,0.0,0.0,0.0,0.0,0.0,0.0,0.0,0.0,0.0,0.0,0.0,0.0,0.0,0.0,0.0,0.0,0.0,0.0,0.0,0.0,0.0,0.0,0.0,0.0,11.0,9.0,4.0,3.0,0.0,0.0,12.0,8.0,4.0,5.0,22.0,11.0,15.0,8.0,0.0,0.0,0.0,0.0,0.0,0.0,0.0,0.0,0.0,0.0,0.0,0.0,0.0,0.0,0.0,0.0,0.0,0.0,0.0,0.0,15.0,13.0,4.0,5.0,0.0,0.0,13.0,11.0,4.0,8.0,34.0,17.0,19.0,12.0
325,1.0,325.0,London_170,,151,453,1092.0,70.0,2.0,163080.0,1.204412835650146,813.0,140.0,2.0,138.0,247.0,19.0,228.0,155.0,151.0,145.0,18.0,100.0,5.0,27.0,0.0,7.0,13.0,72.0,180.0,188.0,78.0,0.0,0.0,0.0,0.0,0.0,0.0,0.0,0.0,0.0,0.0,0.0,0.0,0.0,0.0,0.0,0.0,0.0,0.0,0.0,0.0,0.0,0.0,0.0,0.0,0.0,0.0,0.0,0.0,0.0,2.0,0.0,0.0,0.0,0.0,2.0,2.0,1.0,0.0,0.0,0.0,6.0,11.0,1.0,3.0,0.0,0.0,4.0,8.0,4.0,10.0,23.0,37.0,32.0,13.0,0.0,0.0,0.0,0.0,0.0,0.0,0.0,0.0,0.0,3.0,0.0,0.0,0.0,0.0,15.0,3.0,10.0,0.0,0.0,0.0,6.0,15.0,1.0,4.0,0.0,0.0,4.0,11.0,5.0,13.0,35.0,49.0,42.0,19.0
326,1.0,326.0,London_170,,151,453,1092.0,70.0,2.0,121857.0,0.7455264329910278,722.0,35.0,2.0,33.0,73.0,17.0,56.0,247.0,166.0,142.0,16.0,88.0,9.0,25.0,3.0,4.0,14.0,73.0,159.0,207.0,70.0,0.0,0.0,0.0,0.0,0.0,0.0,0.0,0.0,0.0,0.0,0.0,0.0,0.0,0.0,0.0,0.0,0.0,0.0,0.0,0.0,0.0,0.0,0.0,0.0,0.0,0.0,0.0,0.0,0.0,1.0,0.0,0.0,1.0,0.0,1.0,1.0,0.0,0.0,0.0,0.0,0.0,2.0,0.0,0.0,0.0,0.0,4.0,2.0,2.0,5.0,6.0,11.0,8.0,7.0,0.0,0.0,0.0,0.0,0.0,0.0,0.0,0.0,0.0,2.0,0.0,0.0,9.0,0.0,7.0,4.0,0.0,0.0,0.0,0.0,0.0,2.0,0.0,0.0,0.0,0.0,4.0,3.0,3.0,6.0,8.0,18.0,10.0,10.0
327,1.0,327.0,London_170,,151,453,1092.0,70.0,2.0,139071.0,0.9243034608662128,760.0,98.0,2.0,96.0,200.0,18.0,182.0,73.0,162.0,142.0,19.0,99.0,8.0,21.0,0.0,2.0,12.0,79.0,151.0,211.0,77.0,0.0,0.0,0.0,0.0,0.0,0.0,0.0,0.0,0.0,0.0,0.0,0.0,0.0,0.0,0.0,0.0,0.0,0.0,0.0,0.0,0.0,0.0,0.0,0.0,0.0,0.0,0.0,0.0,0.0,0.0,0.0,0.0,1.0,0.0,0.0,0.0,0.0,0.0,0.0,0.0,4.0,5.0,0.0,1.0,2.0,1.0,21.0,4.0,1.0,11.0,28.0,26.0,21.0,12.0,0.0,0.0,0.0,0.0,0.0,0.0,0.0,0.0,0.0,0.0,0.0,0.0,7.0,0.0,0.0,0.0,0.0,0.0,0.0,0.0,5.0,9.0,0.0,1.0,2.0,2.0,30.0,6.0,1.0,14.0,43.0,45.0,23.0,23.0
328,1.0,328.0,London_170,,151,453,1092.0,70.0,2.0,123669.0,0.7379993740469217,726.0,145.0,1.0,144.0,260.0,9.0,251.0,200.0,177.0,151.0,12.0,85.0,2.0,20.0,1.0,5.0,7.0,91.0,142.0,213.0,69.0,0.0,0.0,0.0,0.0,0.0,0.0,0.0,0.0,0.0,0.0,0.0,0.0,0.0,0.0,0.0,0.0,0.0,0.0,0.0,0.0,0.0,0.0,0.0,0.0,0.0,0.0,0.0,0.0,0.0,0.0,0.0,0.0,0.0,0.0,0.0,1.0,0.0,0.0,0.0,0.0,5.0,11.0,1.0,1.0,2.0,0.0,17.0,5.0,5.0,9.0,28.0,30.0,32.0,11.0,0.0,0.0,0.0,0.0,0.0,0.0,0.0,0.0,0.0,0.0,0.0,0.0,0.0,0.0,0.0,4.0,0.0,0.0,0.0,0.0,7.0,17.0,1.0,1.0,3.0,0.0,27.0,7.0,8.0,11.0,48.0,44.0,37.0,19.0
329,1.0,329.0,London_170,,151,453,1092.0,70.0,2.0,98301.0,0.6508966097608209,670.0,52.0,2.0,50.0,95.0,20.0,75.0,260.0,167.0,149.0,16.0,73.0,6.0,32.0,2.0,8.0,6.0,91.0,151.0,205.0,33.0,0.0,0.0,0.0,0.0,0.0,0.0,0.0,0.0,0.0,0.0,0.0,0.0,0.0,0.0,0.0,0.0,0.0,0.0,0.0,0.0,0.0,0.0,0.0,0.0,0.0,0.0,0.0,0.0,0.0,0.0,1.0,0.0,1.0,0.0,0.0,1.0,0.0,0.0,0.0,0.0,2.0,1.0,0.0,0.0,0.0,0.0,2.0,6.0,1.0,5.0,11.0,9.0,12.0,3.0,0.0,0.0,0.0,0.0,0.0,0.0,0.0,0.0,0.0,0.0,8.0,0.0,5.0,0.0,0.0,4.0,0.0,0.0,0.0,0.0,2.0,1.0,0.0,0.0,0.0,0.0,3.0,6.0,1.0,6.0,16.0,15.0,13.0,3.0
330,1.0,330.0,London_170,,151,453,1092.0,70.0,2.0,108720.0,0.788689857814461,693.0,24.0,2.0,22.0,60.0,20.0,40.0,95.0,176.0,154.0,10.0,58.0,10.0,33.0,2.0,10.0,8.0,90.0,151.0,204.0,35.0,0.0,0.0,0.0,0.0,0.0,0.0,0.0,0.0,0.0,0.0,0.0,0.0,0.0,0.0,0.0,0.0,0.0,0.0,0.0,0.0,0.0,0.0,0.0,0.0,0.0,0.0,0.0,0.0,0.0,0.0,1.0,0.0,1.0,1.0,0.0,1.0,1.0,0.0,0.0,0.0,1.0,1.0,0.0,0.0,0.0,0.0,4.0,2.0,1.0,2.0,5.0,6.0,5.0,4.0,0.0,0.0,0.0,0.0,0.0,0.0,0.0,0.0,0.0,0.0,4.0,0.0,3.0,8.0,0.0,3.0,9.0,0.0,0.0,0.0,1.0,2.0,0.0,0.0,0.0,0.0,6.0,4.0,1.0,2.0,9.0,7.0,6.0,8.0
331,1.0,331.0,London_170,,151,453,1092.0,70.0,2.0,142695.0,0.9801325527951121,768.0,10.0,0.0,10.0,19.0,0.0,19.0,60.0,183.0,171.0,9.0,48.0,9.0,24.0,2.0,7.0,5.0,93.0,145.0,210.0,41.0,0.0,0.0,0.0,0.0,0.0,0.0,0.0,0.0,0.0,0.0,0.0,0.0,0.0,0.0,0.0,0.0,0.0,0.0,0.0,0.0,0.0,0.0,0.0,0.0,0.0,0.0,0.0,0.0,0.0,0.0,0.0,0.0,0.0,0.0,0.0,0.0,0.0,0.0,0.0,0.0,0.0,1.0,0.0,0.0,0.0,0.0,1.0,1.0,0.0,3.0,4.0,2.0,5.0,2.0,0.0,0.0,0.0,0.0,0.0,0.0,0.0,0.0,0.0,0.0,0.0,0.0,0.0,0.0,0.0,0.0,0.0,0.0,0.0,0.0,0.0,1.0,0.0,0.0,0.0,0.0,1.0,1.0,0.0,4.0,7.0,2.0,7.0,3.0
332,1.0,332.0,London_170,,151,453,1092.0,70.0,2.0,187542.0,1.2263913280330598,867.0,24.0,2.0,22.0,55.0,18.0,37.0,19.0,186.0,168.0,8.0,47.0,9.0,24.0,2.0,9.0,4.0,91.0,145.0,213.0,45.0,0.0,0.0,0.0,0.0,0.0,0.0,0.0,0.0,0.0,0.0,0.0,0.0,0.0,0.0,0.0,0.0,0.0,0.0,0.0,0.0,0.0,0.0,0.0,0.0,0.0,0.0,0.0,0.0,0.0,1.0,0.0,0.0,1.0,1.0,0.0,1.0,0.0,0.0,0.0,0.0,0.0,1.0,0.0,0.0,1.0,1.0,2.0,2.0,2.0,6.0,6.0,5.0,1.0,2.0,0.0,0.0,0.0,0.0,0.0,0.0,0.0,0.0,0.0,4.0,0.0,0.0,4.0,5.0,0.0,5.0,0.0,0.0,0.0,0.0,0.0,1.0,0.0,0.0,1.0,2.0,4.0,3.0,2.0,7.0,8.0,7.0,1.0,4.0
333,1.0,333.0,London_170,,151,453,1092.0,70.0,2.0,235107.0,1.5425715032033622,972.0,101.0,0.0,101.0,173.0,0.0,173.0,55.0,188.0,165.0,9.0,59.0,2.0,22.0,2.0,6.0,2.0,86.0,154.0,211.0,47.0,0.0,0.0,0.0,0.0,0.0,0.0,0.0,0.0,0.0,0.0,0.0,0.0,0.0,0.0,0.0,0.0,0.0,0.0,0.0,0.0,0.0,0.0,0.0,0.0,0.0,0.0,0.0,0.0,0.0,0.0,0.0,0.0,0.0,0.0,0.0,0.0,0.0,0.0,0.0,0.0,5.0,9.0,11.0,3.0,6.0,0.0,8.0,9.0,1.0,5.0,20.0,23.0,29.0,6.0,0.0,0.0,0.0,0.0,0.0,0.0,0.0,0.0,0.0,0.0,0.0,0.0,0.0,0.0,0.0,0.0,0.0,0.0,0.0,0.0,7.0,11.0,11.0,5.0,6.0,0.0,10.0,11.0,2.0,6.0,25.0,34.0,36.0,8.0
334,1.0,334.0,London_170,,151,453,1092.0,70.0,2.0,244620.0,1.4417385221458972,993.0,176.0,0.0,176.0,289.0,0.0,289.0,173.0,186.0,166.0,14.0,58.0,6.0,14.0,3.0,6.0,4.0,74.0,172.0,203.0,46.0,0.0,0.0,0.0,0.0,0.0,0.0,0.0,0.0,0.0,0.0,0.0,0.0,0.0,0.0,0.0,0.0,0.0,0.0,0.0,0.0,0.0,0.0,0.0,0.0,0.0,0.0,0.0,0.0,0.0,0.0,0.0,0.0,0.0,0.0,0.0,0.0,0.0,0.0,0.0,0.0,4.0,16.0,0.0,0.0,26.0,0.0,6.0,8.0,3.0,4.0,36.0,39.0,29.0,7.0,0.0,0.0,0.0,0.0,0.0,0.0,0.0,0.0,0.0,0.0,0.0,0.0,0.0,0.0,0.0,0.0,0.0,0.0,0.0,0.0,4.0,20.0,0.0,0.0,26.0,0.0,7.0,10.0,6.0,4.0,52.0,57.0,34.0,11.0
335,1.0,335.0,London_170,,151,453,1092.0,70.0,2.0,216987.0,1.0574402627535164,932.0,201.0,0.0,201.0,366.0,0.0,366.0,289.0,203.0,103.0,22.0,85.0,10.0,21.0,0.0,9.0,4.0,73.0,167.0,209.0,35.0,0.0,0.0,0.0,0.0,0.0,0.0,0.0,0.0,0.0,0.0,0.0,0.0,0.0,0.0,0.0,0.0,0.0,0.0,0.0,0.0,0.0,0.0,0.0,0.0,0.0,0.0,0.0,0.0,0.0,0.0,0.0,0.0,0.0,0.0,0.0,0.0,0.0,0.0,0.0,0.0,1.0,29.0,1.0,0.0,5.0,0.0,14.0,1.0,3.0,13.0,35.0,46.0,38.0,14.0,0.0,0.0,0.0,0.0,0.0,0.0,0.0,0.0,0.0,0.0,0.0,0.0,0.0,0.0,0.0,0.0,0.0,0.0,0.0,0.0,1.0,41.0,1.0,0.0,5.0,0.0,19.0,1.0,5.0,16.0,53.0,66.0,44.0,23.0
336,1.0,336.0,London_170,,151,453,1092.0,70.0,2.0,169422.0,1.0329236988909543,827.0,66.0,0.0,66.0,116.0,0.0,116.0,366.0,134.0,141.0,30.0,97.0,11.0,31.0,1.0,8.0,13.0,75.0,145.0,220.0,52.0,0.0,0.0,0.0,0.0,0.0,0.0,0.0,0.0,0.0,0.0,0.0,0.0,0.0,0.0,0.0,0.0,0.0,0.0,0.0,0.0,0.0,0.0,0.0,0.0,0.0,0.0,0.0,0.0,0.0,0.0,0.0,0.0,0.0,0.0,0.0,0.0,0.0,0.0,0.0,0.0,0.0,2.0,0.0,0.0,0.0,0.0,9.0,4.0,1.0,4.0,12.0,21.0,16.0,8.0,0.0,0.0,0.0,0.0,0.0,0.0,0.0,0.0,0.0,0.0,0.0,0.0,0.0,0.0,0.0,0.0,0.0,0.0,0.0,0.0,0.0,3.0,0.0,0.0,0.0,0.0,10.0,6.0,1.0,4.0,20.0,28.0,22.0,12.0
337,1.0,337.0,London_170,,151,453,1092.0,70.0,2.0,168969.0,0.7613343629054725,826.0,104.0,0.0,104.0,184.0,0.0,184.0,116.0,136.0,138.0,31.0,95.0,13.0,31.0,2.0,7.0,20.0,70.0,150.0,213.0,68.0,0.0,0.0,0.0,0.0,0.0,0.0,0.0,0.0,0.0,0.0,0.0,0.0,0.0,0.0,0.0,0.0,0.0,0.0,0.0,0.0,0.0,0.0,0.0,0.0,0.0,0.0,0.0,0.0,0.0,0.0,0.0,0.0,0.0,0.0,0.0,0.0,0.0,0.0,0.0,0.0,5.0,6.0,0.0,0.0,1.0,0.0,12.0,8.0,6.0,11.0,16.0,37.0,13.0,11.0,0.0,0.0,0.0,0.0,0.0,0.0,0.0,0.0,0.0,0.0,0.0,0.0,0.0,0.0,0.0,0.0,0.0,0.0,0.0,0.0,6.0,9.0,0.0,0.0,2.0,0.0,16.0,10.0,10.0,17.0,25.0,50.0,13.0,13.0
338,1.0,338.0,London_170,,151,453,1092.0,70.0,2.0,158097.0,0.7972593940794468,802.0,134.0,0.0,134.0,221.0,0.0,221.0,184.0,147.0,138.0,20.0,90.0,15.0,35.0,2.0,6.0,18.0,77.0,161.0,197.0,69.0,0.0,0.0,0.0,0.0,0.0,0.0,0.0,0.0,0.0,0.0,0.0,0.0,0.0,0.0,0.0,0.0,0.0,0.0,0.0,0.0,0.0,0.0,0.0,0.0,0.0,0.0,0.0,0.0,0.0,0.0,0.0,0.0,0.0,0.0,0.0,0.0,0.0,0.0,0.0,0.0,1.0,4.0,6.0,1.0,17.0,1.0,9.0,11.0,7.0,9.0,30.0,25.0,21.0,14.0,0.0,0.0,0.0,0.0,0.0,0.0,0.0,0.0,0.0,0.0,0.0,0.0,0.0,0.0,0.0,0.0,0.0,0.0,0.0,0.0,1.0,6.0,6.0,1.0,17.0,2.0,12.0,15.0,10.0,12.0,42.0,35.0,27.0,16.0
339,1.0,339.0,London_170,,151,453,1092.0,70.0,2.0,132729.0,0.7933993660844862,746.0,24.0,2.0,22.0,54.0,18.0,36.0,221.0,175.0,128.0,20.0,69.0,19.0,32.0,2.0,8.0,21.0,79.0,161.0,192.0,60.0,0.0,0.0,0.0,0.0,0.0,0.0,0.0,0.0,0.0,0.0,0.0,0.0,0.0,0.0,0.0,0.0,0.0,0.0,0.0,0.0,0.0,0.0,0.0,0.0,0.0,0.0,0.0,0.0,0.0,0.0,0.0,0.0,0.0,0.0,1.0,0.0,0.0,0.0,0.0,0.0,0.0,1.0,1.0,0.0,0.0,0.0,1.0,1.0,2.0,1.0,2.0,4.0,6.0,2.0,0.0,0.0,0.0,0.0,0.0,0.0,0.0,0.0,0.0,0.0,0.0,0.0,0.0,0.0,7.0,0.0,0.0,0.0,0.0,0.0,0.0,1.0,1.0,0.0,0.0,0.0,1.0,1.0,2.0,1.0,3.0,7.0,8.0,3.0
340,1.0,340.0,London_170,,151,453,1092.0,70.0,2.0,153114.0,0.887465750798583,791.0,165.0,2.0,163.0,309.0,19.0,290.0,54.0,171.0,121.0,23.0,76.0,20.0,33.0,3.0,6.0,17.0,83.0,148.0,205.0,63.0,0.0,0.0,0.0,0.0,0.0,0.0,0.0,0.0,0.0,0.0,0.0,0.0,0.0,0.0,0.0,0.0,0.0,0.0,0.0,0.0,0.0,0.0,0.0,0.0,0.0,0.0,0.0,0.0,0.0,0.0,0.0,0.0,1.0,1.0,1.0,1.0,0.0,0.0,0.0,0.0,2.0,8.0,0.0,3.0,8.0,0.0,17.0,10.0,11.0,16.0,31.0,35.0,32.0,9.0,0.0,0.0,0.0,0.0,0.0,0.0,0.0,0.0,0.0,0.0,0.0,0.0,4.0,7.0,8.0,4.0,0.0,0.0,0.0,0.0,2.0,11.0,0.0,5.0,8.0,0.0,27.0,13.0,12.0,22.0,47.0,49.0,37.0,12.0
341,1.0,341.0,London_170,,151,453,1092.0,70.0,2.0,110079.0,0.7388164540752769,696.0,58.0,1.0,57.0,98.0,10.0,88.0,309.0,182.0,113.0,17.0,84.0,18.0,34.0,2.0,3.0,8.0,78.0,160.0,207.0,39.0,0.0,0.0,0.0,0.0,0.0,0.0,0.0,0.0,0.0,0.0,0.0,0.0,0.0,0.0,0.0,0.0,0.0,0.0,0.0,0.0,0.0,0.0,0.0,0.0,0.0,0.0,0.0,0.0,0.0,0.0,0.0,0.0,1.0,1.0,0.0,1.0,0.0,0.0,0.0,0.0,1.0,6.0,0.0,1.0,0.0,0.0,6.0,3.0,1.0,13.0,20.0,12.0,12.0,2.0,0.0,0.0,0.0,0.0,0.0,0.0,0.0,0.0,0.0,0.0,0.0,0.0,5.0,6.0,0.0,5.0,0.0,0.0,0.0,0.0,1.0,7.0,0.0,1.0,0.0,0.0,7.0,4.0,2.0,13.0,28.0,15.0,13.0,3.0
342,1.0,342.0,London_170,,151,453,1092.0,70.0,2.0,130464.0,1.0839663441292942,741.0,36.0,1.0,35.0,74.0,10.0,64.0,98.0,192.0,101.0,12.0,96.0,13.0,36.0,2.0,1.0,8.0,81.0,158.0,206.0,45.0,0.0,0.0,0.0,0.0,0.0,0.0,0.0,0.0,0.0,0.0,0.0,0.0,0.0,0.0,0.0,0.0,0.0,0.0,0.0,0.0,0.0,0.0,0.0,0.0,0.0,0.0,0.0,0.0,0.0,1.0,0.0,0.0,0.0,0.0,0.0,1.0,0.0,0.0,0.0,0.0,1.0,2.0,0.0,0.0,0.0,0.0,2.0,1.0,2.0,6.0,9.0,4.0,11.0,2.0,0.0,0.0,0.0,0.0,0.0,0.0,0.0,0.0,0.0,10.0,0.0,0.0,0.0,0.0,0.0,5.0,0.0,0.0,0.0,0.0,3.0,2.0,0.0,0.0,0.0,0.0,4.0,1.0,3.0,8.0,12.0,5.0,13.0,2.0
343,1.0,343.0,London_170,,151,453,1092.0,70.0,2.0,154020.0,0.7805511010810733,793.0,22.0,0.0,22.0,41.0,0.0,41.0,74.0,202.0,108.0,10.0,95.0,3.0,34.0,0.0,1.0,8.0,81.0,162.0,202.0,52.0,0.0,0.0,0.0,0.0,0.0,0.0,0.0,0.0,0.0,0.0,0.0,0.0,0.0,0.0,0.0,0.0,0.0,0.0,0.0,0.0,0.0,0.0,0.0,0.0,0.0,0.0,0.0,0.0,0.0,0.0,0.0,0.0,0.0,0.0,0.0,0.0,0.0,0.0,0.0,0.0,3.0,0.0,0.0,0.0,1.0,0.0,2.0,3.0,3.0,1.0,4.0,10.0,2.0,6.0,0.0,0.0,0.0,0.0,0.0,0.0,0.0,0.0,0.0,0.0,0.0,0.0,0.0,0.0,0.0,0.0,0.0,0.0,0.0,0.0,3.0,0.0,0.0,0.0,1.0,0.0,5.0,5.0,4.0,1.0,7.0,13.0,2.0,7.0
344,1.0,344.0,London_170,,151,453,1092.0,70.0,2.0,190260.0,1.221353989560157,873.0,117.0,2.0,115.0,221.0,18.0,203.0,41.0,201.0,118.0,8.0,91.0,0.0,34.0,0.0,1.0,7.0,82.0,168.0,196.0,53.0,0.0,0.0,0.0,0.0,0.0,0.0,0.0,0.0,0.0,0.0,0.0,0.0,0.0,0.0,0.0,0.0,0.0,0.0,0.0,0.0,0.0,0.0,0.0,0.0,0.0,0.0,0.0,0.0,0.0,0.0,0.0,0.0,0.0,0.0,1.0,1.0,0.0,0.0,0.0,0.0,1.0,14.0,2.0,2.0,3.0,0.0,5.0,7.0,3.0,13.0,15.0,28.0,17.0,9.0,0.0,0.0,0.0,0.0,0.0,0.0,0.0,0.0,0.0,0.0,0.0,0.0,0.0,0.0,6.0,1.0,0.0,0.0,0.0,0.0,1.0,21.0,3.0,2.0,3.0,0.0,6.0,11.0,3.0,20.0,26.0,39.0,22.0,14.0
345,1.0,345.0,London_170,,151,453,1092.0,70.0,2.0,181200.0,1.0811276650056243,853.0,124.0,2.0,122.0,217.0,16.0,201.0,221.0,203.0,111.0,16.0,85.0,5.0,31.0,0.0,2.0,9.0,85.0,150.0,209.0,54.0,0.0,0.0,0.0,0.0,0.0,0.0,0.0,0.0,0.0,0.0,0.0,0.0,0.0,0.0,0.0,0.0,0.0,0.0,0.0,0.0,0.0,0.0,0.0,0.0,0.0,0.0,0.0,0.0,0.0,1.0,0.0,0.0,0.0,1.0,1.0,1.0,0.0,0.0,0.0,0.0,1.0,16.0,3.0,0.0,18.0,0.0,7.0,1.0,5.0,17.0,30.0,27.0,12.0,9.0,0.0,0.0,0.0,0.0,0.0,0.0,0.0,0.0,0.0,3.0,0.0,0.0,0.0,5.0,7.0,3.0,0.0,0.0,0.0,0.0,1.0,23.0,3.0,0.0,19.0,0.0,7.0,2.0,5.0,23.0,48.0,40.0,18.0,15.0
346,1.0,346.0,London_170,,151,453,1092.0,70.0,2.0,159003.0,1.0222145169973373,804.0,51.0,2.0,49.0,95.0,18.0,77.0,217.0,213.0,122.0,9.0,75.0,2.0,26.0,0.0,6.0,12.0,88.0,143.0,210.0,56.0,0.0,0.0,0.0,0.0,0.0,0.0,0.0,0.0,0.0,0.0,0.0,0.0,0.0,0.0,0.0,0.0,0.0,0.0,0.0,0.0,0.0,0.0,0.0,0.0,0.0,0.0,0.0,0.0,0.0,1.0,1.0,0.0,1.0,0.0,1.0,1.0,0.0,0.0,0.0,0.0,0.0,1.0,1.0,0.0,0.0,0.0,8.0,2.0,1.0,7.0,10.0,15.0,10.0,5.0,0.0,0.0,0.0,0.0,0.0,0.0,0.0,0.0,0.0,6.0,5.0,0.0,6.0,0.0,7.0,6.0,0.0,0.0,0.0,0.0,0.0,1.0,1.0,0.0,0.0,0.0,10.0,2.0,1.0,8.0,12.0,19.0,12.0,7.0
347,1.0,347.0,London_170,,151,453,1092.0,70.0,2.0,170328.0,1.914091527927667,829.0,149.0,0.0,149.0,249.0,0.0,249.0,95.0,215.0,128.0,4.0,88.0,2.0,13.0,0.0,3.0,13.0,84.0,141.0,215.0,61.0,0.0,0.0,0.0,0.0,0.0,0.0,0.0,0.0,0.0,0.0,0.0,0.0,0.0,0.0,0.0,0.0,0.0,0.0,0.0,0.0,0.0,0.0,0.0,0.0,0.0,0.0,0.0,0.0,0.0,0.0,0.0,0.0,0.0,0.0,0.0,0.0,0.0,0.0,0.0,0.0,1.0,15.0,1.0,2.0,6.0,0.0,21.0,9.0,7.0,11.0,36.0,30.0,30.0,11.0,0.0,0.0,0.0,0.0,0.0,0.0,0.0,0.0,0.0,0.0,0.0,0.0,0.0,0.0,0.0,0.0,0.0,0.0,0.0,0.0,1.0,18.0,1.0,3.0,6.0,0.0,28.0,11.0,8.0,13.0,54.0,43.0,34.0,16.0
348,1.0,348.0,London_170,,151,453,1092.0,70.0,2.0,125934.0,0.7938470612280071,731.0,118.0,1.0,117.0,220.0,10.0,210.0,249.0,212.0,115.0,18.0,71.0,5.0,24.0,3.0,5.0,14.0,76.0,151.0,212.0,46.0,0.0,0.0,0.0,0.0,0.0,0.0,0.0,0.0,0.0,0.0,0.0,0.0,0.0,0.0,0.0,0.0,0.0,0.0,0.0,0.0,0.0,0.0,0.0,0.0,0.0,0.0,0.0,0.0,0.0,1.0,0.0,0.0,1.0,0.0,1.0,0.0,1.0,0.0,0.0,0.0,4.0,2.0,2.0,4.0,4.0,0.0,7.0,11.0,5.0,11.0,18.0,25.0,19.0,12.0,0.0,0.0,0.0,0.0,0.0,0.0,0.0,0.0,0.0,3.0,0.0,0.0,4.0,0.0,8.0,0.0,10.0,0.0,0.0,0.0,5.0,5.0,2.0,9.0,4.0,0.0,9.0,14.0,6.0,17.0,25.0,37.0,23.0,18.0
349,1.0,349.0,London_170,,151,453,1092.0,70.0,2.0,101925.0,1.1616040407679975,678.0,11.0,0.0,11.0,19.0,0.0,19.0,220.0,226.0,133.0,15.0,59.0,1.0,15.0,1.0,3.0,9.0,70.0,144.0,230.0,37.0,0.0,0.0,0.0,0.0,0.0,0.0,0.0,0.0,0.0,0.0,0.0,0.0,0.0,0.0,0.0,0.0,0.0,0.0,0.0,0.0,0.0,0.0,0.0,0.0,0.0,0.0,0.0,0.0,0.0,0.0,0.0,0.0,0.0,0.0,0.0,0.0,0.0,0.0,0.0,0.0,0.0,1.0,1.0,0.0,0.0,0.0,0.0,1.0,0.0,2.0,1.0,2.0,1.0,1.0,0.0,0.0,0.0,0.0,0.0,0.0,0.0,0.0,0.0,0.0,0.0,0.0,0.0,0.0,0.0,0.0,0.0,0.0,0.0,0.0,0.0,2.0,1.0,0.0,0.0,0.0,0.0,2.0,0.0,3.0,1.0,2.0,2.0,2.0
350,1.0,350.0,London_170,,151,453,1092.0,70.0,2.0,134541.0,0.8642539102584124,750.0,93.0,0.0,93.0,153.0,0.0,153.0,19.0,226.0,137.0,15.0,51.0,1.0,17.0,1.0,5.0,9.0,70.0,148.0,226.0,39.0,0.0,0.0,0.0,0.0,0.0,0.0,0.0,0.0,0.0,0.0,0.0,0.0,0.0,0.0,0.0,0.0,0.0,0.0,0.0,0.0,0.0,0.0,0.0,0.0,0.0,0.0,0.0,0.0,0.0,0.0,0.0,0.0,0.0,0.0,0.0,0.0,0.0,0.0,0.0,0.0,1.0,2.0,1.0,2.0,0.0,0.0,8.0,6.0,10.0,5.0,19.0,21.0,26.0,8.0,0.0,0.0,0.0,0.0,0.0,0.0,0.0,0.0,0.0,0.0,0.0,0.0,0.0,0.0,0.0,0.0,0.0,0.0,0.0,0.0,1.0,2.0,1.0,2.0,0.0,0.0,11.0,8.0,12.0,6.0,24.0,28.0,35.0,12.0
351,1.0,351.0,London_170,,151,453,1092.0,70.0,2.0,125028.0,0.8679007720202208,729.0,60.0,2.0,58.0,112.0,16.0,96.0,153.0,224.0,149.0,10.0,44.0,4.0,19.0,0.0,3.0,10.0,72.0,156.0,215.0,51.0,0.0,0.0,0.0,0.0,0.0,0.0,0.0,0.0,0.0,0.0,0.0,0.0,0.0,0.0,0.0,0.0,0.0,0.0,0.0,0.0,0.0,0.0,0.0,0.0,0.0,0.0,0.0,0.0,0.0,2.0,0.0,0.0,0.0,0.0,0.0,1.0,0.0,0.0,0.0,0.0,4.0,1.0,0.0,1.0,3.0,0.0,3.0,6.0,3.0,5.0,8.0,12.0,8.0,6.0,0.0,0.0,0.0,0.0,0.0,0.0,0.0,0.0,0.0,5.0,0.0,0.0,0.0,0.0,0.0,2.0,0.0,0.0,0.0,0.0,5.0,2.0,0.0,1.0,3.0,0.0,4.0,9.0,5.0,7.0,15.0,18.0,10.0,11.0
352,1.0,352.0,London_170,,151,453,1092.0,70.0,2.0,138165.0,0.9035927341319621,758.0,44.0,2.0,42.0,93.0,19.0,74.0,112.0,225.0,163.0,18.0,39.0,0.0,5.0,1.0,2.0,7.0,74.0,158.0,214.0,49.0,0.0,0.0,0.0,0.0,0.0,0.0,0.0,0.0,0.0,0.0,0.0,0.0,0.0,0.0,0.0,0.0,0.0,0.0,0.0,0.0,0.0,0.0,0.0,0.0,0.0,0.0,0.0,0.0,0.0,0.0,1.0,0.0,0.0,0.0,1.0,1.0,0.0,0.0,0.0,0.0,1.0,1.0,0.0,2.0,0.0,0.0,7.0,5.0,5.0,4.0,8.0,9.0,11.0,5.0,0.0,0.0,0.0,0.0,0.0,0.0,0.0,0.0,0.0,0.0,3.0,0.0,0.0,0.0,7.0,1.0,0.0,0.0,0.0,0.0,1.0,2.0,0.0,4.0,0.0,0.0,9.0,5.0,7.0,4.0,16.0,13.0,14.0,6.0
353,1.0,353.0,London_170,,151,453,1092.0,70.0,2.0,164439.0,1.086503156926483,816.0,70.0,0.0,70.0,123.0,0.0,123.0,93.0,236.0,148.0,21.0,34.0,1.0,7.0,1.0,5.0,9.0,73.0,156.0,215.0,37.0,0.0,0.0,0.0,0.0,0.0,0.0,0.0,0.0,0.0,0.0,0.0,0.0,0.0,0.0,0.0,0.0,0.0,0.0,0.0,0.0,0.0,0.0,0.0,0.0,0.0,0.0,0.0,0.0,0.0,0.0,0.0,0.0,0.0,0.0,0.0,0.0,0.0,0.0,0.0,0.0,2.0,3.0,1.0,1.0,2.0,0.0,7.0,7.0,1.0,4.0,15.0,15.0,14.0,7.0,0.0,0.0,0.0,0.0,0.0,0.0,0.0,0.0,0.0,0.0,0.0,0.0,0.0,0.0,0.0,0.0,0.0,0.0,0.0,0.0,2.0,5.0,1.0,2.0,2.0,0.0,11.0,8.0,1.0,5.0,23.0,19.0,19.0,11.0
354,1.0,354.0,London_170,,151,453,1092.0,70.0,2.0,190260.0,1.339380109217018,873.0,83.0,2.0,81.0,167.0,19.0,148.0,123.0,239.0,141.0,12.0,36.0,2.0,14.0,1.0,8.0,8.0,69.0,147.0,229.0,34.0,0.0,0.0,0.0,0.0,0.0,0.0,0.0,0.0,0.0,0.0,0.0,0.0,0.0,0.0,0.0,0.0,0.0,0.0,0.0,0.0,0.0,0.0,0.0,0.0,0.0,0.0,0.0,0.0,0.0,0.0,0.0,0.0,1.0,0.0,1.0,2.0,0.0,0.0,0.0,0.0,5.0,1.0,0.0,0.0,5.0,0.0,8.0,10.0,1.0,15.0,16.0,21.0,18.0,4.0,0.0,0.0,0.0,0.0,0.0,0.0,0.0,0.0,0.0,0.0,0.0,0.0,4.0,0.0,7.0,3.0,0.0,0.0,0.0,0.0,6.0,1.0,0.0,0.0,5.0,0.0,10.0,14.0,1.0,21.0,22.0,35.0,25.0,8.0
355,1.0,355.0,London_170,,151,453,1092.0,70.0,2.0,200226.0,1.1597491069696844,895.0,109.0,0.0,109.0,197.0,0.0,197.0,167.0,238.0,129.0,18.0,42.0,3.0,16.0,1.0,6.0,5.0,70.0,157.0,221.0,39.0,0.0,0.0,0.0,0.0,0.0,0.0,0.0,0.0,0.0,0.0,0.0,0.0,0.0,0.0,0.0,0.0,0.0,0.0,0.0,0.0,0.0,0.0,0.0,0.0,0.0,0.0,0.0,0.0,0.0,0.0,0.0,0.0,0.0,0.0,0.0,0.0,0.0,0.0,0.0,0.0,7.0,7.0,2.0,1.0,5.0,0.0,6.0,5.0,9.0,11.0,18.0,30.0,20.0,7.0,0.0,0.0,0.0,0.0,0.0,0.0,0.0,0.0,0.0,0.0,0.0,0.0,0.0,0.0,0.0,0.0,0.0,0.0,0.0,0.0,10.0,9.0,2.0,1.0,6.0,0.0,7.0,9.0,13.0,17.0,23.0,48.0,27.0,13.0
356,1.0,356.0,London_170,,151,453,1092.0,70.0,2.0,185730.0,1.2357788439840078,863.0,116.0,1.0,115.0,217.0,9.0,208.0,197.0,249.0,96.0,10.0,71.0,5.0,14.0,1.0,7.0,4.0,71.0,149.0,229.0,43.0,0.0,0.0,0.0,0.0,0.0,0.0,0.0,0.0,0.0,0.0,0.0,0.0,0.0,0.0,0.0,0.0,0.0,0.0,0.0,0.0,0.0,0.0,0.0,0.0,0.0,0.0,0.0,0.0,0.0,0.0,0.0,0.0,1.0,0.0,0.0,0.0,1.0,0.0,0.0,0.0,1.0,1.0,0.0,5.0,18.0,0.0,4.0,12.0,4.0,6.0,21.0,25.0,20.0,11.0,0.0,0.0,0.0,0.0,0.0,0.0,0.0,0.0,0.0,0.0,0.0,0.0,2.0,0.0,0.0,0.0,7.0,0.0,0.0,0.0,1.0,1.0,0.0,7.0,19.0,0.0,5.0,16.0,7.0,7.0,36.0,45.0,25.0,14.0
357,1.0,357.0,London_170,,151,453,1092.0,70.0,2.0,170781.0,1.08173101907596,830.0,5.0,2.0,3.0,23.0,18.0,5.0,217.0,260.0,77.0,16.0,66.0,2.0,20.0,2.0,10.0,6.0,76.0,147.0,224.0,31.0,0.0,0.0,0.0,0.0,0.0,0.0,0.0,0.0,0.0,0.0,0.0,0.0,0.0,0.0,0.0,0.0,0.0,0.0,0.0,0.0,0.0,0.0,0.0,0.0,0.0,0.0,0.0,0.0,0.0,1.0,0.0,0.0,1.0,1.0,1.0,1.0,0.0,0.0,0.0,0.0,0.0,0.0,0.0,0.0,0.0,0.0,1.0,0.0,1.0,1.0,0.0,0.0,0.0,0.0,0.0,0.0,0.0,0.0,0.0,0.0,0.0,0.0,0.0,4.0,0.0,0.0,4.0,6.0,8.0,3.0,0.0,0.0,0.0,0.0,0.0,0.0,0.0,0.0,0.0,0.0,2.0,0.0,1.0,2.0,0.0,0.0,0.0,0.0
358,1.0,358.0,London_170,,151,453,1092.0,70.0,2.0,211098.0,1.3811302301473916,919.0,184.0,2.0,182.0,338.0,17.0,321.0,23.0,265.0,82.0,17.0,60.0,2.0,15.0,2.0,10.0,3.0,77.0,144.0,229.0,26.0,0.0,0.0,0.0,0.0,0.0,0.0,0.0,0.0,0.0,0.0,0.0,0.0,0.0,0.0,0.0,0.0,0.0,0.0,0.0,0.0,0.0,0.0,0.0,0.0,0.0,0.0,0.0,0.0,0.0,0.0,0.0,0.0,0.0,0.0,1.0,0.0,0.0,0.0,0.0,0.0,2.0,21.0,0.0,3.0,4.0,0.0,6.0,6.0,6.0,4.0,35.0,42.0,18.0,20.0,0.0,0.0,0.0,0.0,0.0,0.0,0.0,0.0,0.0,0.0,0.0,0.0,0.0,0.0,6.0,0.0,0.0,0.0,0.0,0.0,2.0,31.0,0.0,6.0,4.0,0.0,8.0,8.0,8.0,6.0,51.0,66.0,24.0,29.0
359,1.0,359.0,London_170,,151,453,1092.0,70.0,2.0,170781.0,0.9022729471325874,830.0,131.0,0.0,131.0,233.0,0.0,233.0,338.0,166.0,129.0,27.0,90.0,11.0,26.0,0.0,4.0,2.0,80.0,136.0,235.0,39.0,0.0,0.0,0.0,0.0,0.0,0.0,0.0,0.0,0.0,0.0,0.0,0.0,0.0,0.0,0.0,0.0,0.0,0.0,0.0,0.0,0.0,0.0,0.0,0.0,0.0,0.0,0.0,0.0,0.0,0.0,0.0,0.0,0.0,0.0,0.0,0.0,0.0,0.0,0.0,0.0,2.0,1.0,2.0,1.0,0.0,0.0,15.0,7.0,18.0,7.0,20.0,33.0,31.0,14.0,0.0,0.0,0.0,0.0,0.0,0.0,0.0,0.0,0.0,0.0,0.0,0.0,0.0,0.0,0.0,0.0,0.0,0.0,0.0,0.0,2.0,2.0,2.0,1.0,0.0,0.0,19.0,10.0,26.0,12.0,32.0,46.0,40.0,17.0
360,1.0,360.0,London_170,,151,453,1092.0,70.0,2.0,142695.0,0.8979425579309464,768.0,138.0,0.0,138.0,245.0,0.0,245.0,233.0,172.0,141.0,24.0,81.0,4.0,20.0,3.0,8.0,6.0,79.0,148.0,220.0,65.0,0.0,0.0,0.0,0.0,0.0,0.0,0.0,0.0,0.0,0.0,0.0,0.0,0.0,0.0,0.0,0.0,0.0,0.0,0.0,0.0,0.0,0.0,0.0,0.0,0.0,0.0,0.0,0.0,0.0,0.0,0.0,0.0,0.0,0.0,0.0,0.0,0.0,0.0,0.0,0.0,0.0,6.0,0.0,3.0,0.0,0.0,5.0,10.0,8.0,10.0,25.0,36.0,27.0,7.0,0.0,0.0,0.0,0.0,0.0,0.0,0.0,0.0,0.0,0.0,0.0,0.0,0.0,0.0,0.0,0.0,0.0,0.0,0.0,0.0,0.0,9.0,0.0,3.0,0.0,0.0,7.0,14.0,12.0,12.0,37.0,47.0,35.0,10.0
361,1.0,361.0,London_170,,151,453,1092.0,70.0,2.0,115062.0,0.9372345148585737,707.0,32.0,1.0,31.0,57.0,9.0,48.0,245.0,171.0,144.0,18.0,78.0,4.0,29.0,3.0,6.0,13.0,80.0,140.0,220.0,64.0,0.0,0.0,0.0,0.0,0.0,0.0,0.0,0.0,0.0,0.0,0.0,0.0,0.0,0.0,0.0,0.0,0.0,0.0,0.0,0.0,0.0,0.0,0.0,0.0,0.0,0.0,0.0,0.0,0.0,1.0,0.0,0.0,0.0,1.0,0.0,1.0,0.0,0.0,0.0,0.0,0.0,1.0,0.0,1.0,0.0,0.0,4.0,4.0,2.0,2.0,8.0,7.0,7.0,3.0,0.0,0.0,0.0,0.0,0.0,0.0,0.0,0.0,0.0,5.0,0.0,0.0,0.0,7.0,0.0,4.0,0.0,0.0,0.0,0.0,0.0,1.0,0.0,1.0,0.0,0.0,4.0,6.0,3.0,2.0,13.0,10.0,8.0,3.0
362,1.0,362.0,London_170,,151,453,1092.0,70.0,2.0,139071.0,0.8498248779214919,760.0,42.0,0.0,42.0,65.0,0.0,65.0,57.0,173.0,150.0,19.0,66.0,5.0,31.0,3.0,6.0,12.0,84.0,148.0,209.0,61.0,0.0,0.0,0.0,0.0,0.0,0.0,0.0,0.0,0.0,0.0,0.0,0.0,0.0,0.0,0.0,0.0,0.0,0.0,0.0,0.0,0.0,0.0,0.0,0.0,0.0,0.0,0.0,0.0,0.0,0.0,0.0,0.0,0.0,0.0,0.0,0.0,0.0,0.0,0.0,0.0,4.0,5.0,0.0,1.0,0.0,0.0,4.0,4.0,4.0,2.0,10.0,10.0,15.0,6.0,0.0,0.0,0.0,0.0,0.0,0.0,0.0,0.0,0.0,0.0,0.0,0.0,0.0,0.0,0.0,0.0,0.0,0.0,0.0,0.0,4.0,5.0,0.0,1.0,0.0,0.0,4.0,5.0,4.0,3.0,12.0,12.0,15.0,8.0
363,1.0,363.0,London_170,,151,453,1092.0,70.0,2.0,151302.0,1.1392012531869113,787.0,47.0,2.0,45.0,101.0,19.0,82.0,65.0,184.0,138.0,23.0,65.0,6.0,29.0,2.0,6.0,12.0,95.0,150.0,196.0,65.0,0.0,0.0,0.0,0.0,0.0,0.0,0.0,0.0,0.0,0.0,0.0,0.0,0.0,0.0,0.0,0.0,0.0,0.0,0.0,0.0,0.0,0.0,0.0,0.0,0.0,0.0,0.0,0.0,0.0,0.0,2.0,0.0,1.0,1.0,0.0,1.0,0.0,0.0,0.0,0.0,1.0,5.0,0.0,0.0,1.0,0.0,6.0,7.0,4.0,4.0,11.0,10.0,4.0,2.0,0.0,0.0,0.0,0.0,0.0,0.0,0.0,0.0,0.0,0.0,9.0,0.0,2.0,7.0,0.0,4.0,0.0,0.0,0.0,0.0,1.0,8.0,0.0,0.0,2.0,0.0,7.0,10.0,6.0,6.0,13.0,17.0,6.0,3.0
364,1.0,364.0,London_170,,151,453,1092.0,70.0,2.0,171234.0,1.7353379828855395,831.0,131.0,0.0,131.0,225.0,0.0,225.0,101.0,189.0,135.0,26.0,62.0,3.0,26.0,1.0,11.0,8.0,89.0,149.0,207.0,60.0,0.0,0.0,0.0,0.0,0.0,0.0,0.0,0.0,0.0,0.0,0.0,0.0,0.0,0.0,0.0,0.0,0.0,0.0,0.0,0.0,0.0,0.0,0.0,0.0,0.0,0.0,0.0,0.0,0.0,0.0,0.0,0.0,0.0,0.0,0.0,0.0,0.0,0.0,0.0,0.0,2.0,14.0,1.0,2.0,9.0,3.0,17.0,6.0,2.0,13.0,25.0,25.0,20.0,9.0,0.0,0.0,0.0,0.0,0.0,0.0,0.0,0.0,0.0,0.0,0.0,0.0,0.0,0.0,0.0,0.0,0.0,0.0,0.0,0.0,3.0,16.0,1.0,5.0,9.0,5.0,21.0,7.0,2.0,16.0,37.0,35.0,25.0,13.0
365,1.0,365.0,London_170,,151,453,1092.0,70.0,2.0,154473.0,0.9364977981895208,794.0,96.0,0.0,96.0,165.0,0.0,165.0,225.0,202.0,126.0,18.0,60.0,10.0,27.0,3.0,7.0,8.0,82.0,156.0,207.0,42.0,0.0,0.0,0.0,0.0,0.0,0.0,0.0,0.0,0.0,0.0,0.0,0.0,0.0,0.0,0.0,0.0,0.0,0.0,0.0,0.0,0.0,0.0,0.0,0.0,0.0,0.0,0.0,0.0,0.0,0.0,0.0,0.0,0.0,0.0,0.0,0.0,0.0,0.0,0.0,0.0,3.0,10.0,0.0,1.0,2.0,0.0,9.0,6.0,7.0,10.0,25.0,14.0,12.0,7.0,0.0,0.0,0.0,0.0,0.0,0.0,0.0,0.0,0.0,0.0,0.0,0.0,0.0,0.0,0.0,0.0,0.0,0.0,0.0,0.0,4.0,12.0,0.0,2.0,2.0,0.0,12.0,9.0,11.0,11.0,38.0,18.0,13.0,9.0
366,1.0,366.0,London_170,,151,453,1092.0,70.0,2.0,148584.0,0.9655180196277797,781.0,13.0,0.0,13.0,23.0,0.0,23.0,165.0,209.0,139.0,8.0,43.0,12.0,28.0,4.0,10.0,9.0,89.0,154.0,201.0,49.0,0.0,0.0,0.0,0.0,0.0,0.0,0.0,0.0,0.0,0.0,0.0,0.0,0.0,0.0,0.0,0.0,0.0,0.0,0.0,0.0,0.0,0.0,0.0,0.0,0.0,0.0,0.0,0.0,0.0,0.0,0.0,0.0,0.0,0.0,0.0,0.0,0.0,0.0,0.0,0.0,1.0,0.0,0.0,0.0,0.0,0.0,3.0,0.0,0.0,1.0,3.0,3.0,1.0,2.0,0.0,0.0,0.0,0.0,0.0,0.0,0.0,0.0,0.0,0.0,0.0,0.0,0.0,0.0,0.0,0.0,0.0,0.0,0.0,0.0,1.0,0.0,0.0,0.0,0.0,0.0,5.0,0.0,0.0,1.0,5.0,4.0,2.0,2.0
367,1.0,367.0,London_170,,151,453,1092.0,70.0,2.0,191619.0,1.0641450523398817,876.0,148.0,2.0,146.0,250.0,19.0,231.0,23.0,211.0,132.0,10.0,46.0,13.0,31.0,2.0,8.0,8.0,88.0,165.0,192.0,53.0,0.0,0.0,0.0,0.0,0.0,0.0,0.0,0.0,0.0,0.0,0.0,0.0,0.0,0.0,0.0,0.0,0.0,0.0,0.0,0.0,0.0,0.0,0.0,0.0,0.0,0.0,0.0,0.0,0.0,2.0,0.0,0.0,0.0,0.0,2.0,2.0,1.0,0.0,0.0,0.0,2.0,0.0,0.0,1.0,8.0,0.0,10.0,9.0,1.0,14.0,36.0,31.0,19.0,8.0,0.0,0.0,0.0,0.0,0.0,0.0,0.0,0.0,0.0,5.0,0.0,0.0,0.0,0.0,15.0,10.0,9.0,0.0,0.0,0.0,2.0,0.0,0.0,1.0,8.0,0.0,14.0,10.0,1.0,17.0,48.0,43.0,22.0,9.0
368,1.0,368.0,London_170,,151,453,1092.0,70.0,2.0,159456.0,1.00110148685053,805.0,120.0,2.0,118.0,210.0,17.0,193.0,250.0,217.0,92.0,23.0,80.0,2.0,32.0,2.0,5.0,7.0,73.0,169.0,204.0,40.0,0.0,0.0,0.0,0.0,0.0,0.0,0.0,0.0,0.0,0.0,0.0,0.0,0.0,0.0,0.0,0.0,0.0,0.0,0.0,0.0,0.0,0.0,0.0,0.0,0.0,0.0,0.0,0.0,0.0,1.0,0.0,0.0,2.0,0.0,1.0,2.0,0.0,0.0,0.0,0.0,4.0,6.0,2.0,2.0,5.0,0.0,9.0,15.0,12.0,8.0,29.0,21.0,28.0,10.0,0.0,0.0,0.0,0.0,0.0,0.0,0.0,0.0,0.0,8.0,0.0,0.0,10.0,0.0,9.0,8.0,0.0,0.0,0.0,0.0,5.0,6.0,2.0,3.0,5.0,0.0,9.0,23.0,15.0,10.0,48.0,29.0,37.0,17.0
369,1.0,369.0,London_170,,151,453,1092.0,70.0,2.0,148131.0,1.0466718999668956,780.0,91.0,2.0,89.0,166.0,18.0,148.0,210.0,234.0,92.0,26.0,50.0,11.0,34.0,0.0,6.0,6.0,82.0,165.0,200.0,30.0,0.0,0.0,0.0,0.0,0.0,0.0,0.0,0.0,0.0,0.0,0.0,0.0,0.0,0.0,0.0,0.0,0.0,0.0,0.0,0.0,0.0,0.0,0.0,0.0,0.0,0.0,0.0,0.0,0.0,2.0,0.0,0.0,1.0,0.0,0.0,0.0,0.0,0.0,0.0,0.0,13.0,4.0,0.0,4.0,3.0,0.0,7.0,4.0,12.0,9.0,16.0,16.0,21.0,8.0,0.0,0.0,0.0,0.0,0.0,0.0,0.0,0.0,0.0,4.0,0.0,0.0,6.0,0.0,0.0,0.0,0.0,0.0,0.0,0.0,14.0,4.0,0.0,6.0,3.0,0.0,10.0,5.0,18.0,15.0,23.0,25.0,26.0,12.0
370,1.0,370.0,London_170,,151,453,1092.0,70.0,2.0,142695.0,1.0505187343806028,768.0,9.0,1.0,8.0,23.0,9.0,14.0,166.0,250.0,109.0,23.0,42.0,4.0,23.0,0.0,2.0,7.0,68.0,152.0,226.0,25.0,0.0,0.0,0.0,0.0,0.0,0.0,0.0,0.0,0.0,0.0,0.0,0.0,0.0,0.0,0.0,0.0,0.0,0.0,0.0,0.0,0.0,0.0,0.0,0.0,0.0,0.0,0.0,0.0,0.0,0.0,0.0,0.0,0.0,0.0,0.0,1.0,0.0,0.0,0.0,0.0,0.0,0.0,0.0,0.0,0.0,0.0,0.0,1.0,0.0,0.0,0.0,0.0,1.0,0.0,0.0,0.0,0.0,0.0,0.0,0.0,0.0,0.0,0.0,0.0,0.0,0.0,0.0,0.0,0.0,2.0,0.0,0.0,0.0,0.0,0.0,0.0,0.0,0.0,0.0,0.0,0.0,1.0,0.0,0.0,0.0,0.0,1.0,0.0
371,1.0,371.0,London_170,,151,453,1092.0,70.0,2.0,171687.0,2.7489628857001662,832.0,179.0,2.0,177.0,312.0,20.0,292.0,23.0,249.0,104.0,21.0,48.0,4.0,25.0,0.0,2.0,1.0,65.0,159.0,228.0,23.0,0.0,0.0,0.0,0.0,0.0,0.0,0.0,0.0,0.0,0.0,0.0,0.0,0.0,0.0,0.0,0.0,0.0,0.0,0.0,0.0,0.0,0.0,0.0,0.0,0.0,0.0,0.0,0.0,0.0,0.0,1.0,0.0,1.0,0.0,0.0,0.0,0.0,0.0,0.0,0.0,0.0,16.0,2.0,4.0,11.0,0.0,3.0,15.0,8.0,2.0,37.0,33.0,15.0,15.0,0.0,0.0,0.0,0.0,0.0,0.0,0.0,0.0,0.0,0.0,4.0,0.0,1.0,0.0,0.0,0.0,0.0,0.0,0.0,0.0,0.0,23.0,2.0,6.0,12.0,0.0,3.0,21.0,9.0,2.0,52.0,46.0,17.0,20.0
372,1.0,372.0,London_170,,151,453,1092.0,70.0,2.0,132276.0,1.3900107610970736,745.0,5.0,2.0,3.0,25.0,20.0,5.0,312.0,181.0,111.0,29.0,97.0,6.0,24.0,0.0,5.0,6.0,82.0,147.0,218.0,34.0,0.0,0.0,0.0,0.0,0.0,0.0,0.0,0.0,0.0,0.0,0.0,0.0,0.0,0.0,0.0,0.0,0.0,0.0,0.0,0.0,0.0,0.0,0.0,0.0,0.0,0.0,0.0,0.0,0.0,0.0,1.0,0.0,1.0,0.0,0.0,1.0,1.0,0.0,0.0,0.0,0.0,0.0,0.0,0.0,0.0,0.0,0.0,2.0,0.0,0.0,1.0,0.0,1.0,0.0,0.0,0.0,0.0,0.0,0.0,0.0,0.0,0.0,0.0,0.0,6.0,0.0,7.0,0.0,0.0,2.0,11.0,0.0,0.0,0.0,0.0,0.0,0.0,0.0,0.0,0.0,0.0,3.0,0.0,0.0,1.0,0.0,1.0,0.0
373,1.0,373.0,London_170,,151,453,1092.0,70.0,2.0,169422.0,1.481306442990899,827.0,144.0,0.0,144.0,221.0,0.0,221.0,25.0,185.0,118.0,27.0,94.0,7.0,17.0,0.0,5.0,2.0,83.0,145.0,223.0,28.0,0.0,0.0,0.0,0.0,0.0,0.0,0.0,0.0,0.0,0.0,0.0,0.0,0.0,0.0,0.0,0.0,0.0,0.0,0.0,0.0,0.0,0.0,0.0,0.0,0.0,0.0,0.0,0.0,0.0,0.0,0.0,0.0,0.0,0.0,0.0,0.0,0.0,0.0,0.0,0.0,1.0,1.0,2.0,4.0,3.0,0.0,18.0,5.0,5.0,13.0,26.0,33.0,22.0,15.0,0.0,0.0,0.0,0.0,0.0,0.0,0.0,0.0,0.0,0.0,0.0,0.0,0.0,0.0,0.0,0.0,0.0,0.0,0.0,0.0,1.0,2.0,2.0,5.0,3.0,0.0,25.0,6.0,7.0,14.0,43.0,43.0,27.0,24.0
374,1.0,374.0,London_170,,151,453,1092.0,70.0,2.0,140430.0,0.8975606290623546,763.0,2.0,2.0,0.0,18.0,18.0,0.0,221.0,203.0,141.0,16.0,59.0,4.0,21.0,3.0,6.0,5.0,83.0,156.0,209.0,40.0,0.0,0.0,0.0,0.0,0.0,0.0,0.0,0.0,0.0,0.0,0.0,0.0,0.0,0.0,0.0,0.0,0.0,0.0,0.0,0.0,0.0,0.0,0.0,0.0,0.0,0.0,0.0,0.0,0.0,1.0,0.0,0.0,1.0,1.0,0.0,2.0,0.0,0.0,0.0,0.0,0.0,0.0,0.0,0.0,0.0,0.0,0.0,0.0,0.0,0.0,0.0,0.0,0.0,0.0,0.0,0.0,0.0,0.0,0.0,0.0,0.0,0.0,0.0,5.0,0.0,0.0,4.0,9.0,0.0,5.0,0.0,0.0,0.0,0.0,0.0,0.0,0.0,0.0,0.0,0.0,0.0,0.0,0.0,0.0,0.0,0.0,0.0,0.0
375,1.0,375.0,London_170,,151,453,1092.0,70.0,2.0,176670.0,1.5727977422066033,843.0,203.0,0.0,203.0,349.0,0.0,349.0,18.0,206.0,137.0,17.0,65.0,1.0,18.0,3.0,6.0,3.0,75.0,157.0,218.0,34.0,0.0,0.0,0.0,0.0,0.0,0.0,0.0,0.0,0.0,0.0,0.0,0.0,0.0,0.0,0.0,0.0,0.0,0.0,0.0,0.0,0.0,0.0,0.0,0.0,0.0,0.0,0.0,0.0,0.0,0.0,0.0,0.0,0.0,0.0,0.0,0.0,0.0,0.0,0.0,0.0,2.0,10.0,1.0,5.0,3.0,0.0,6.0,6.0,7.0,3.0,44.0,42.0,35.0,15.0,0.0,0.0,0.0,0.0,0.0,0.0,0.0,0.0,0.0,0.0,0.0,0.0,0.0,0.0,0.0,0.0,0.0,0.0,0.0,0.0,3.0,12.0,1.0,7.0,3.0,0.0,9.0,9.0,8.0,3.0,61.0,63.0,46.0,27.0
376,1.0,376.0,London_170,,151,453,1092.0,70.0,2.0,119139.0,0.6342219961807132,716.0,40.0,0.0,40.0,75.0,0.0,75.0,349.0,158.0,135.0,23.0,92.0,8.0,24.0,1.0,12.0,7.0,66.0,153.0,227.0,39.0,0.0,0.0,0.0,0.0,0.0,0.0,0.0,0.0,0.0,0.0,0.0,0.0,0.0,0.0,0.0,0.0,0.0,0.0,0.0,0.0,0.0,0.0,0.0,0.0,0.0,0.0,0.0,0.0,0.0,0.0,0.0,0.0,0.0,0.0,0.0,0.0,0.0,0.0,0.0,0.0,0.0,1.0,0.0,0.0,0.0,0.0,2.0,1.0,1.0,3.0,9.0,8.0,8.0,4.0,0.0,0.0,0.0,0.0,0.0,0.0,0.0,0.0,0.0,0.0,0.0,0.0,0.0,0.0,0.0,0.0,0.0,0.0,0.0,0.0,0.0,2.0,0.0,0.0,0.0,0.0,3.0,1.0,3.0,5.0,14.0,14.0,8.0,5.0
377,1.0,377.0,London_170,,151,453,1092.0,70.0,2.0,135900.0,0.7598974579013884,753.0,37.0,0.0,37.0,57.0,0.0,57.0,75.0,163.0,138.0,16.0,85.0,7.0,30.0,0.0,14.0,8.0,71.0,163.0,211.0,45.0,0.0,0.0,0.0,0.0,0.0,0.0,0.0,0.0,0.0,0.0,0.0,0.0,0.0,0.0,0.0,0.0,0.0,0.0,0.0,0.0,0.0,0.0,0.0,0.0,0.0,0.0,0.0,0.0,0.0,0.0,0.0,0.0,0.0,0.0,0.0,0.0,0.0,0.0,0.0,0.0,1.0,1.0,0.0,3.0,1.0,0.0,3.0,3.0,0.0,7.0,11.0,4.0,9.0,2.0,0.0,0.0,0.0,0.0,0.0,0.0,0.0,0.0,0.0,0.0,0.0,0.0,0.0,0.0,0.0,0.0,0.0,0.0,0.0,0.0,1.0,1.0,0.0,3.0,1.0,0.0,3.0,3.0,0.0,8.0,17.0,5.0,11.0,2.0
378,1.0,378.0,London_170,,151,453,1092.0,70.0,2.0,159909.0,0.9109339513815939,806.0,134.0,0.0,134.0,237.0,0.0,237.0,57.0,167.0,143.0,11.0,80.0,6.0,33.0,1.0,12.0,8.0,78.0,152.0,215.0,50.0,0.0,0.0,0.0,0.0,0.0,0.0,0.0,0.0,0.0,0.0,0.0,0.0,0.0,0.0,0.0,0.0,0.0,0.0,0.0,0.0,0.0,0.0,0.0,0.0,0.0,0.0,0.0,0.0,0.0,0.0,0.0,0.0,0.0,0.0,0.0,0.0,0.0,0.0,0.0,0.0,2.0,12.0,2.0,1.0,1.0,0.0,12.0,7.0,4.0,11.0,28.0,37.0,17.0,11.0,0.0,0.0,0.0,0.0,0.0,0.0,0.0,0.0,0.0,0.0,0.0,0.0,0.0,0.0,0.0,0.0,0.0,0.0,0.0,0.0,4.0,15.0,2.0,2.0,1.0,0.0,16.0,13.0,4.0,16.0,41.0,50.0,22.0,18.0
379,1.0,379.0,London_170,,151,453,1092.0,70.0,2.0,129105.0,0.6703082146123052,738.0,24.0,0.0,24.0,46.0,0.0,46.0,237.0,177.0,137.0,14.0,74.0,2.0,44.0,0.0,5.0,12.0,69.0,158.0,214.0,50.0,0.0,0.0,0.0,0.0,0.0,0.0,0.0,0.0,0.0,0.0,0.0,0.0,0.0,0.0,0.0,0.0,0.0,0.0,0.0,0.0,0.0,0.0,0.0,0.0,0.0,0.0,0.0,0.0,0.0,0.0,0.0,0.0,0.0,0.0,0.0,0.0,0.0,0.0,0.0,0.0,2.0,0.0,0.0,2.0,0.0,0.0,0.0,3.0,2.0,2.0,2.0,4.0,6.0,3.0,0.0,0.0,0.0,0.0,0.0,0.0,0.0,0.0,0.0,0.0,0.0,0.0,0.0,0.0,0.0,0.0,0.0,0.0,0.0,0.0,2.0,0.0,0.0,4.0,0.0,0.0,0.0,5.0,3.0,4.0,2.0,6.0,9.0,5.0
380,1.0,380.0,London_170,,151,453,1092.0,70.0,2.0,150849.0,0.7978778202086687,786.0,136.0,0.0,136.0,231.0,0.0,231.0,46.0,178.0,143.0,15.0,69.0,2.0,37.0,2.0,7.0,12.0,75.0,159.0,207.0,51.0,0.0,0.0,0.0,0.0,0.0,0.0,0.0,0.0,0.0,0.0,0.0,0.0,0.0,0.0,0.0,0.0,0.0,0.0,0.0,0.0,0.0,0.0,0.0,0.0,0.0,0.0,0.0,0.0,0.0,0.0,0.0,0.0,0.0,0.0,0.0,0.0,0.0,0.0,0.0,0.0,1.0,2.0,1.0,2.0,1.0,0.0,10.0,6.0,8.0,12.0,29.0,31.0,26.0,10.0,0.0,0.0,0.0,0.0,0.0,0.0,0.0,0.0,0.0,0.0,0.0,0.0,0.0,0.0,0.0,0.0,0.0,0.0,0.0,0.0,1.0,2.0,1.0,2.0,1.0,0.0,12.0,8.0,11.0,17.0,42.0,48.0,31.0,13.0
381,1.0,381.0,London_170,,151,453,1092.0,70.0,2.0,121857.0,0.652218924369663,722.0,2.0,2.0,0.0,18.0,18.0,0.0,231.0,195.0,125.0,10.0,73.0,7.0,37.0,1.0,5.0,12.0,84.0,184.0,173.0,52.0,0.0,0.0,0.0,0.0,0.0,0.0,0.0,0.0,0.0,0.0,0.0,0.0,0.0,0.0,0.0,0.0,0.0,0.0,0.0,0.0,0.0,0.0,0.0,0.0,0.0,0.0,0.0,0.0,0.0,0.0,0.0,0.0,0.0,0.0,1.0,0.0,0.0,0.0,0.0,0.0,0.0,0.0,0.0,0.0,0.0,0.0,0.0,0.0,0.0,0.0,0.0,0.0,0.0,0.0,0.0,0.0,0.0,0.0,0.0,0.0,0.0,0.0,0.0,0.0,0.0,0.0,0.0,0.0,7.0,0.0,0.0,0.0,0.0,0.0,0.0,0.0,0.0,0.0,0.0,0.0,0.0,0.0,0.0,0.0,0.0,0.0,0.0,0.0
382,1.0,382.0,London_170,,151,453,1092.0,70.0,2.0,167157.0,0.8423764039762318,822.0,113.0,2.0,111.0,207.0,19.0,188.0,18.0,189.0,120.0,14.0,76.0,10.0,38.0,1.0,5.0,8.0,90.0,174.0,181.0,47.0,0.0,0.0,0.0,0.0,0.0,0.0,0.0,0.0,0.0,0.0,0.0,0.0,0.0,0.0,0.0,0.0,0.0,0.0,0.0,0.0,0.0,0.0,0.0,0.0,0.0,0.0,0.0,0.0,0.0,1.0,0.0,0.0,1.0,1.0,1.0,1.0,0.0,0.0,0.0,0.0,3.0,1.0,1.0,1.0,1.0,0.0,5.0,4.0,1.0,7.0,21.0,26.0,18.0,8.0,0.0,0.0,0.0,0.0,0.0,0.0,0.0,0.0,0.0,7.0,0.0,0.0,6.0,7.0,9.0,5.0,0.0,0.0,0.0,0.0,4.0,1.0,1.0,2.0,1.0,0.0,7.0,7.0,1.0,10.0,35.0,33.0,24.0,13.0
383,1.0,383.0,London_170,,151,453,1092.0,70.0,2.0,149490.0,0.8998850239440799,783.0,172.0,1.0,171.0,307.0,10.0,297.0,207.0,194.0,113.0,16.0,74.0,14.0,32.0,2.0,8.0,10.0,88.0,161.0,194.0,36.0,0.0,0.0,0.0,0.0,0.0,0.0,0.0,0.0,0.0,0.0,0.0,0.0,0.0,0.0,0.0,0.0,0.0,0.0,0.0,0.0,0.0,0.0,0.0,0.0,0.0,0.0,0.0,0.0,0.0,1.0,0.0,0.0,1.0,1.0,0.0,1.0,0.0,0.0,0.0,0.0,2.0,21.0,12.0,2.0,11.0,0.0,8.0,2.0,5.0,15.0,31.0,35.0,22.0,10.0,0.0,0.0,0.0,0.0,0.0,0.0,0.0,0.0,0.0,9.0,0.0,0.0,6.0,9.0,0.0,7.0,0.0,0.0,0.0,0.0,2.0,24.0,12.0,3.0,12.0,0.0,11.0,3.0,6.0,17.0,43.0,45.0,27.0,14.0
384,1.0,384.0,London_170,,151,453,1092.0,70.0,2.0,92865.0,0.44150224002078176,658.0,1.0,1.0,0.0,10.0,10.0,0.0,307.0,200.0,95.0,28.0,86.0,8.0,28.0,1.0,7.0,6.0,86.0,177.0,184.0,31.0,0.0,0.0,0.0,0.0,0.0,0.0,0.0,0.0,0.0,0.0,0.0,0.0,0.0,0.0,0.0,0.0,0.0,0.0,0.0,0.0,0.0,0.0,0.0,0.0,0.0,0.0,0.0,0.0,0.0,1.0,0.0,0.0,0.0,0.0,0.0,1.0,0.0,0.0,0.0,0.0,0.0,0.0,0.0,0.0,0.0,0.0,0.0,0.0,0.0,0.0,0.0,0.0,0.0,0.0,0.0,0.0,0.0,0.0,0.0,0.0,0.0,0.0,0.0,6.0,0.0,0.0,0.0,0.0,0.0,4.0,0.0,0.0,0.0,0.0,0.0,0.0,0.0,0.0,0.0,0.0,0.0,0.0,0.0,0.0,0.0,0.0,0.0,0.0
385,1.0,385.0,London_170,,151,453,1092.0,70.0,2.0,132276.0,0.7268865900114179,745.0,35.0,0.0,35.0,65.0,0.0,65.0,10.0,196.0,100.0,28.0,90.0,2.0,29.0,1.0,7.0,7.0,83.0,175.0,188.0,35.0,0.0,0.0,0.0,0.0,0.0,0.0,0.0,0.0,0.0,0.0,0.0,0.0,0.0,0.0,0.0,0.0,0.0,0.0,0.0,0.0,0.0,0.0,0.0,0.0,0.0,0.0,0.0,0.0,0.0,0.0,0.0,0.0,0.0,0.0,0.0,0.0,0.0,0.0,0.0,0.0,1.0,0.0,1.0,1.0,1.0,0.0,4.0,1.0,4.0,2.0,6.0,10.0,13.0,5.0,0.0,0.0,0.0,0.0,0.0,0.0,0.0,0.0,0.0,0.0,0.0,0.0,0.0,0.0,0.0,0.0,0.0,0.0,0.0,0.0,1.0,0.0,1.0,1.0,1.0,0.0,6.0,1.0,6.0,3.0,10.0,16.0,19.0,6.0
386,1.0,386.0,London_170,,151,453,1092.0,70.0,2.0,150849.0,1.0757130640558898,786.0,50.0,2.0,48.0,103.0,18.0,85.0,65.0,205.0,112.0,21.0,83.0,2.0,25.0,0.0,5.0,8.0,93.0,174.0,178.0,36.0,0.0,0.0,0.0,0.0,0.0,0.0,0.0,0.0,0.0,0.0,0.0,0.0,0.0,0.0,0.0,0.0,0.0,0.0,0.0,0.0,0.0,0.0,0.0,0.0,0.0,0.0,0.0,0.0,0.0,0.0,0.0,0.0,1.0,0.0,1.0,1.0,0.0,0.0,0.0,0.0,5.0,0.0,1.0,1.0,0.0,0.0,10.0,6.0,5.0,1.0,13.0,7.0,10.0,5.0,0.0,0.0,0.0,0.0,0.0,0.0,0.0,0.0,0.0,0.0,0.0,0.0,6.0,0.0,6.0,3.0,0.0,0.0,0.0,0.0,7.0,0.0,1.0,1.0,0.0,0.0,14.0,8.0,7.0,1.0,22.0,9.0,13.0,8.0
387,1.0,387.0,London_170,,151,453,1092.0,70.0,2.0,159456.0,1.0313402428291738,805.0,127.0,2.0,125.0,244.0,16.0,228.0,103.0,211.0,96.0,23.0,91.0,2.0,25.0,0.0,5.0,6.0,88.0,183.0,176.0,37.0,0.0,0.0,0.0,0.0,0.0,0.0,0.0,0.0,0.0,0.0,0.0,0.0,0.0,0.0,0.0,0.0,0.0,0.0,0.0,0.0,0.0,0.0,0.0,0.0,0.0,0.0,0.0,0.0,0.0,1.0,0.0,0.0,0.0,1.0,1.0,1.0,0.0,0.0,0.0,0.0,2.0,4.0,6.0,3.0,5.0,1.0,9.0,5.0,10.0,10.0,18.0,42.0,18.0,12.0,0.0,0.0,0.0,0.0,0.0,0.0,0.0,0.0,0.0,1.0,0.0,0.0,0.0,5.0,6.0,3.0,0.0,0.0,0.0,0.0,2.0,7.0,7.0,3.0,5.0,2.0,10.0,9.0,11.0,15.0,34.0,67.0,22.0,22.0
388,1.0,388.0,London_170,,151,453,1092.0,70.0,2.0,135447.0,1.0163956969045103,752.0,145.0,2.0,143.0,256.0,18.0,238.0,244.0,213.0,115.0,19.0,76.0,5.0,16.0,2.0,7.0,5.0,79.0,179.0,190.0,43.0,0.0,0.0,0.0,0.0,0.0,0.0,0.0,0.0,0.0,0.0,0.0,0.0,0.0,0.0,0.0,0.0,0.0,0.0,0.0,0.0,0.0,0.0,0.0,0.0,0.0,0.0,0.0,0.0,0.0,0.0,0.0,0.0,0.0,0.0,1.0,1.0,0.0,0.0,0.0,0.0,3.0,1.0,0.0,3.0,13.0,1.0,7.0,15.0,10.0,19.0,27.0,27.0,20.0,17.0,0.0,0.0,0.0,0.0,0.0,0.0,0.0,0.0,0.0,0.0,0.0,0.0,0.0,0.0,6.0,1.0,0.0,0.0,0.0,0.0,4.0,3.0,0.0,5.0,14.0,1.0,10.0,25.0,14.0,24.0,37.0,42.0,26.0,28.0
389,1.0,389.0,London_170,,151,453,1092.0,70.0,2.0,107361.0,0.905342604033649,690.0,14.0,0.0,14.0,27.0,0.0,27.0,256.0,211.0,113.0,29.0,73.0,4.0,14.0,2.0,7.0,6.0,95.0,170.0,182.0,35.0,0.0,0.0,0.0,0.0,0.0,0.0,0.0,0.0,0.0,0.0,0.0,0.0,0.0,0.0,0.0,0.0,0.0,0.0,0.0,0.0,0.0,0.0,0.0,0.0,0.0,0.0,0.0,0.0,0.0,0.0,0.0,0.0,0.0,0.0,0.0,0.0,0.0,0.0,0.0,0.0,2.0,0.0,0.0,2.0,0.0,0.0,1.0,1.0,1.0,0.0,3.0,3.0,5.0,2.0,0.0,0.0,0.0,0.0,0.0,0.0,0.0,0.0,0.0,0.0,0.0,0.0,0.0,0.0,0.0,0.0,0.0,0.0,0.0,0.0,3.0,0.0,0.0,4.0,0.0,0.0,2.0,1.0,1.0,0.0,3.0,4.0,5.0,4.0
390,1.0,390.0,London_170,,151,453,1092.0,70.0,2.0,141789.0,1.1372958817519248,766.0,26.0,1.0,25.0,56.0,10.0,46.0,27.0,214.0,113.0,31.0,64.0,4.0,18.0,2.0,7.0,8.0,92.0,174.0,179.0,38.0,0.0,0.0,0.0,0.0,0.0,0.0,0.0,0.0,0.0,0.0,0.0,0.0,0.0,0.0,0.0,0.0,0.0,0.0,0.0,0.0,0.0,0.0,0.0,0.0,0.0,0.0,0.0,0.0,0.0,1.0,0.0,0.0,1.0,0.0,1.0,0.0,1.0,0.0,0.0,0.0,1.0,0.0,1.0,0.0,2.0,0.0,3.0,3.0,2.0,2.0,4.0,6.0,5.0,3.0,0.0,0.0,0.0,0.0,0.0,0.0,0.0,0.0,0.0,5.0,0.0,0.0,6.0,0.0,9.0,0.0,10.0,0.0,0.0,0.0,1.0,0.0,1.0,0.0,2.0,0.0,3.0,4.0,2.0,3.0,9.0,11.0,9.0,5.0
391,1.0,391.0,London_170,,151,453,1092.0,70.0,2.0,183918.0,1.0323933772742748,859.0,174.0,0.0,174.0,311.0,0.0,311.0,56.0,218.0,114.0,30.0,53.0,6.0,27.0,0.0,5.0,7.0,90.0,177.0,179.0,38.0,0.0,0.0,0.0,0.0,0.0,0.0,0.0,0.0,0.0,0.0,0.0,0.0,0.0,0.0,0.0,0.0,0.0,0.0,0.0,0.0,0.0,0.0,0.0,0.0,0.0,0.0,0.0,0.0,0.0,0.0,0.0,0.0,0.0,0.0,0.0,0.0,0.0,0.0,0.0,0.0,3.0,0.0,0.0,6.0,2.0,2.0,5.0,5.0,17.0,9.0,30.0,44.0,13.0,13.0,0.0,0.0,0.0,0.0,0.0,0.0,0.0,0.0,0.0,0.0,0.0,0.0,0.0,0.0,0.0,0.0,0.0,0.0,0.0,0.0,3.0,0.0,0.0,9.0,2.0,4.0,6.0,6.0,18.0,12.0,48.0,66.0,16.0,22.0
392,1.0,392.0,London_170,,151,453,1092.0,70.0,2.0,147225.0,0.7990024816244841,778.0,29.0,0.0,29.0,47.0,0.0,47.0,311.0,165.0,123.0,23.0,84.0,10.0,34.0,3.0,11.0,6.0,87.0,176.0,184.0,42.0,0.0,0.0,0.0,0.0,0.0,0.0,0.0,0.0,0.0,0.0,0.0,0.0,0.0,0.0,0.0,0.0,0.0,0.0,0.0,0.0,0.0,0.0,0.0,0.0,0.0,0.0,0.0,0.0,0.0,0.0,0.0,0.0,0.0,0.0,0.0,0.0,0.0,0.0,0.0,0.0,1.0,1.0,0.0,1.0,0.0,0.0,0.0,1.0,0.0,3.0,8.0,7.0,6.0,3.0,0.0,0.0,0.0,0.0,0.0,0.0,0.0,0.0,0.0,0.0,0.0,0.0,0.0,0.0,0.0,0.0,0.0,0.0,0.0,0.0,1.0,1.0,0.0,2.0,0.0,0.0,0.0,1.0,0.0,4.0,10.0,10.0,6.0,3.0
393,1.0,393.0,London_170,,151,453,1092.0,70.0,2.0,174858.0,1.6514860931783915,839.0,69.0,2.0,67.0,133.0,16.0,117.0,47.0,172.0,121.0,21.0,80.0,12.0,33.0,2.0,12.0,6.0,83.0,177.0,187.0,45.0,0.0,0.0,0.0,0.0,0.0,0.0,0.0,0.0,0.0,0.0,0.0,0.0,0.0,0.0,0.0,0.0,0.0,0.0,0.0,0.0,0.0,0.0,0.0,0.0,0.0,0.0,0.0,0.0,0.0,1.0,0.0,0.0,1.0,0.0,0.0,1.0,0.0,0.0,0.0,0.0,2.0,2.0,2.0,2.0,0.0,0.0,7.0,6.0,3.0,6.0,12.0,21.0,8.0,9.0,0.0,0.0,0.0,0.0,0.0,0.0,0.0,0.0,0.0,5.0,0.0,0.0,2.0,0.0,0.0,3.0,0.0,0.0,0.0,0.0,2.0,2.0,2.0,3.0,0.0,0.0,9.0,7.0,3.0,8.0,16.0,30.0,9.0,18.0
394,1.0,394.0,London_170,,151,453,1092.0,70.0,2.0,187995.0,1.0764899300411344,868.0,81.0,2.0,79.0,151.0,19.0,132.0,133.0,185.0,128.0,19.0,73.0,9.0,26.0,3.0,10.0,7.0,93.0,163.0,190.0,49.0,0.0,0.0,0.0,0.0,0.0,0.0,0.0,0.0,0.0,0.0,0.0,0.0,0.0,0.0,0.0,0.0,0.0,0.0,0.0,0.0,0.0,0.0,0.0,0.0,0.0,0.0,0.0,0.0,0.0,1.0,1.0,0.0,0.0,0.0,1.0,1.0,0.0,0.0,0.0,0.0,2.0,3.0,0.0,0.0,0.0,1.0,7.0,3.0,0.0,10.0,17.0,16.0,15.0,5.0,0.0,0.0,0.0,0.0,0.0,0.0,0.0,0.0,0.0,7.0,4.0,0.0,0.0,0.0,8.0,2.0,0.0,0.0,0.0,0.0,2.0,3.0,0.0,0.0,0.0,3.0,8.0,4.0,0.0,16.0,26.0,24.0,21.0,7.0
395,1.0,395.0,London_170,,151,453,1092.0,70.0,2.0,197508.0,1.2952346997335553,889.0,144.0,0.0,144.0,255.0,0.0,255.0,151.0,193.0,120.0,26.0,66.0,11.0,25.0,2.0,10.0,3.0,90.0,170.0,190.0,39.0,0.0,0.0,0.0,0.0,0.0,0.0,0.0,0.0,0.0,0.0,0.0,0.0,0.0,0.0,0.0,0.0,0.0,0.0,0.0,0.0,0.0,0.0,0.0,0.0,0.0,0.0,0.0,0.0,0.0,0.0,0.0,0.0,0.0,0.0,0.0,0.0,0.0,0.0,0.0,0.0,6.0,8.0,8.0,1.0,3.0,0.0,23.0,7.0,8.0,7.0,29.0,30.0,17.0,12.0,0.0,0.0,0.0,0.0,0.0,0.0,0.0,0.0,0.0,0.0,0.0,0.0,0.0,0.0,0.0,0.0,0.0,0.0,0.0,0.0,9.0,13.0,10.0,1.0,3.0,0.0,28.0,9.0,9.0,9.0,37.0,49.0,24.0,16.0
396,1.0,396.0,London_170,,151,453,1092.0,70.0,2.0,171234.0,1.05275574978441,831.0,57.0,2.0,55.0,108.0,19.0,89.0,255.0,215.0,89.0,15.0,79.0,15.0,28.0,6.0,6.0,5.0,93.0,166.0,189.0,26.0,0.0,0.0,0.0,0.0,0.0,0.0,0.0,0.0,0.0,0.0,0.0,0.0,0.0,0.0,0.0,0.0,0.0,0.0,0.0,0.0,0.0,0.0,0.0,0.0,0.0,0.0,0.0,0.0,0.0,1.0,0.0,0.0,1.0,0.0,1.0,2.0,0.0,0.0,0.0,0.0,1.0,4.0,0.0,0.0,1.0,1.0,7.0,4.0,1.0,8.0,8.0,13.0,13.0,7.0,0.0,0.0,0.0,0.0,0.0,0.0,0.0,0.0,0.0,9.0,0.0,0.0,1.0,0.0,8.0,10.0,0.0,0.0,0.0,0.0,1.0,6.0,0.0,0.0,1.0,1.0,8.0,7.0,2.0,9.0,10.0,19.0,15.0,10.0
397,1.0,397.0,London_170,,151,453,1092.0,70.0,2.0,183918.0,1.186574302148074,859.0,118.0,0.0,118.0,195.0,0.0,195.0,108.0,220.0,92.0,14.0,83.0,5.0,28.0,6.0,5.0,9.0,91.0,164.0,189.0,40.0,0.0,0.0,0.0,0.0,0.0,0.0,0.0,0.0,0.0,0.0,0.0,0.0,0.0,0.0,0.0,0.0,0.0,0.0,0.0,0.0,0.0,0.0,0.0,0.0,0.0,0.0,0.0,0.0,0.0,0.0,0.0,0.0,0.0,0.0,0.0,0.0,0.0,0.0,0.0,0.0,0.0,7.0,0.0,2.0,5.0,0.0,10.0,10.0,8.0,12.0,23.0,30.0,24.0,14.0,0.0,0.0,0.0,0.0,0.0,0.0,0.0,0.0,0.0,0.0,0.0,0.0,0.0,0.0,0.0,0.0,0.0,0.0,0.0,0.0,0.0,10.0,0.0,3.0,5.0,0.0,12.0,12.0,10.0,22.0,31.0,45.0,32.0,17.0
398,1.0,398.0,London_170,,151,453,1092.0,70.0,2.0,165345.0,1.9559997580945492,818.0,99.0,1.0,98.0,173.0,9.0,164.0,195.0,241.0,104.0,11.0,52.0,11.0,23.0,6.0,5.0,6.0,77.0,176.0,194.0,24.0,0.0,0.0,0.0,0.0,0.0,0.0,0.0,0.0,0.0,0.0,0.0,0.0,0.0,0.0,0.0,0.0,0.0,0.0,0.0,0.0,0.0,0.0,0.0,0.0,0.0,0.0,0.0,0.0,0.0,0.0,0.0,0.0,1.0,0.0,0.0,0.0,1.0,0.0,0.0,0.0,7.0,9.0,1.0,0.0,1.0,1.0,12.0,9.0,4.0,12.0,15.0,22.0,19.0,13.0,0.0,0.0,0.0,0.0,0.0,0.0,0.0,0.0,0.0,0.0,0.0,0.0,3.0,0.0,0.0,0.0,6.0,0.0,0.0,0.0,7.0,12.0,1.0,0.0,1.0,1.0,15.0,12.0,5.0,16.0,20.0,29.0,22.0,23.0
399,1.0,399.0,London_170,,151,453,1092.0,70.0,2.0,158550.0,1.0221628653816879,803.0,90.0,2.0,88.0,164.0,18.0,146.0,173.0,245.0,94.0,21.0,39.0,13.0,30.0,6.0,5.0,7.0,77.0,169.0,200.0,25.0,0.0,0.0,0.0,0.0,0.0,0.0,0.0,0.0,0.0,0.0,0.0,0.0,0.0,0.0,0.0,0.0,0.0,0.0,0.0,0.0,0.0,0.0,0.0,0.0,0.0,0.0,0.0,0.0,0.0,0.0,0.0,0.0,1.0,1.0,1.0,1.0,0.0,0.0,0.0,0.0,6.0,10.0,5.0,2.0,5.0,0.0,9.0,5.0,1.0,10.0,19.0,17.0,11.0,9.0,0.0,0.0,0.0,0.0,0.0,0.0,0.0,0.0,0.0,0.0,0.0,0.0,3.0,6.0,6.0,1.0,0.0,0.0,0.0,0.0,7.0,16.0,8.0,5.0,6.0,0.0,10.0,6.0,1.0,16.0,25.0,24.0,12.0,9.0
400,1.0,400.0,London_170,,151,453,1092.0,70.0,2.0,151755.0,1.0353352511301637,788.0,113.0,2.0,111.0,214.0,17.0,197.0,164.0,256.0,98.0,9.0,49.0,22.0,14.0,2.0,3.0,5.0,79.0,154.0,215.0,26.0,0.0,0.0,0.0,0.0,0.0,0.0,0.0,0.0,0.0,0.0,0.0,0.0,0.0,0.0,0.0,0.0,0.0,0.0,0.0,0.0,0.0,0.0,0.0,0.0,0.0,0.0,0.0,0.0,0.0,0.0,0.0,0.0,0.0,0.0,1.0,0.0,0.0,0.0,0.0,0.0,2.0,4.0,0.0,3.0,5.0,0.0,10.0,13.0,3.0,4.0,24.0,20.0,17.0,10.0,0.0,0.0,0.0,0.0,0.0,0.0,0.0,0.0,0.0,0.0,0.0,0.0,0.0,0.0,6.0,0.0,0.0,0.0,0.0,0.0,2.0,6.0,0.0,4.0,5.0,0.0,14.0,16.0,4.0,6.0,37.0,30.0,19.0,16.0
401,1.0,401.0,London_170,,151,453,1092.0,70.0,2.0,126387.0,0.7797997449524701,732.0,81.0,0.0,81.0,138.0,0.0,138.0,214.0,231.0,98.0,12.0,65.0,24.0,20.0,0.0,3.0,10.0,66.0,163.0,214.0,33.0,0.0,0.0,0.0,0.0,0.0,0.0,0.0,0.0,0.0,0.0,0.0,0.0,0.0,0.0,0.0,0.0,0.0,0.0,0.0,0.0,0.0,0.0,0.0,0.0,0.0,0.0,0.0,0.0,0.0,0.0,0.0,0.0,0.0,0.0,0.0,0.0,0.0,0.0,0.0,0.0,5.0,3.0,1.0,2.0,0.0,0.0,6.0,7.0,4.0,8.0,12.0,26.0,15.0,12.0,0.0,0.0,0.0,0.0,0.0,0.0,0.0,0.0,0.0,0.0,0.0,0.0,0.0,0.0,0.0,0.0,0.0,0.0,0.0,0.0,5.0,4.0,1.0,2.0,0.0,0.0,10.0,10.0,7.0,12.0,19.0,42.0,18.0,16.0
402,1.0,402.0,London_170,,151,453,1092.0,70.0,2.0,116874.0,0.808732102625072,711.0,89.0,0.0,89.0,155.0,0.0,155.0,138.0,247.0,100.0,11.0,43.0,24.0,23.0,0.0,5.0,8.0,82.0,168.0,195.0,31.0,0.0,0.0,0.0,0.0,0.0,0.0,0.0,0.0,0.0,0.0,0.0,0.0,0.0,0.0,0.0,0.0,0.0,0.0,0.0,0.0,0.0,0.0,0.0,0.0,0.0,0.0,0.0,0.0,0.0,0.0,0.0,0.0,0.0,0.0,0.0,0.0,0.0,0.0,0.0,0.0,2.0,9.0,10.0,0.0,0.0,0.0,11.0,5.0,4.0,2.0,16.0,19.0,13.0,11.0,0.0,0.0,0.0,0.0,0.0,0.0,0.0,0.0,0.0,0.0,0.0,0.0,0.0,0.0,0.0,0.0,0.0,0.0,0.0,0.0,2.0,12.0,13.0,0.0,0.0,0.0,12.0,9.0,6.0,2.0,23.0,26.0,17.0,12.0
403,1.0,403.0,London_170,,151,453,1092.0,70.0,2.0,105096.0,0.9389596609398723,685.0,33.0,1.0,32.0,67.0,9.0,58.0,155.0,253.0,89.0,11.0,54.0,28.0,13.0,1.0,4.0,8.0,72.0,177.0,196.0,30.0,0.0,0.0,0.0,0.0,0.0,0.0,0.0,0.0,0.0,0.0,0.0,0.0,0.0,0.0,0.0,0.0,0.0,0.0,0.0,0.0,0.0,0.0,0.0,0.0,0.0,0.0,0.0,0.0,0.0,1.0,0.0,0.0,0.0,1.0,0.0,1.0,0.0,0.0,0.0,0.0,0.0,2.0,1.0,0.0,1.0,0.0,4.0,3.0,4.0,2.0,3.0,7.0,10.0,2.0,0.0,0.0,0.0,0.0,0.0,0.0,0.0,0.0,0.0,6.0,0.0,0.0,0.0,7.0,0.0,4.0,0.0,0.0,0.0,0.0,0.0,2.0,1.0,0.0,1.0,0.0,4.0,4.0,4.0,3.0,3.0,15.0,13.0,3.0
404,1.0,404.0,London_170,,151,453,1092.0,70.0,2.0,120951.0,0.9729881910607219,720.0,60.0,0.0,60.0,114.0,0.0,114.0,67.0,260.0,91.0,11.0,55.0,24.0,11.0,0.0,1.0,10.0,76.0,170.0,197.0,37.0,0.0,0.0,0.0,0.0,0.0,0.0,0.0,0.0,0.0,0.0,0.0,0.0,0.0,0.0,0.0,0.0,0.0,0.0,0.0,0.0,0.0,0.0,0.0,0.0,0.0,0.0,0.0,0.0,0.0,0.0,0.0,0.0,0.0,0.0,0.0,0.0,0.0,0.0,0.0,0.0,2.0,9.0,0.0,2.0,1.0,0.0,7.0,11.0,7.0,9.0,12.0,13.0,13.0,6.0,0.0,0.0,0.0,0.0,0.0,0.0,0.0,0.0,0.0,0.0,0.0,0.0,0.0,0.0,0.0,0.0,0.0,0.0,0.0,0.0,2.0,15.0,0.0,5.0,1.0,0.0,9.0,17.0,10.0,13.0,21.0,17.0,16.0,9.0
405,1.0,405.0,London_170,,151,453,1092.0,70.0,2.0,131370.0,1.1778101529926062,743.0,111.0,2.0,109.0,210.0,19.0,191.0,114.0,264.0,107.0,4.0,33.0,22.0,20.0,1.0,2.0,10.0,78.0,171.0,194.0,40.0,0.0,0.0,0.0,0.0,0.0,0.0,0.0,0.0,0.0,0.0,0.0,0.0,0.0,0.0,0.0,0.0,0.0,0.0,0.0,0.0,0.0,0.0,0.0,0.0,0.0,0.0,0.0,0.0,0.0,0.0,2.0,0.0,0.0,1.0,0.0,1.0,0.0,0.0,0.0,0.0,1.0,3.0,2.0,0.0,6.0,0.0,7.0,15.0,5.0,11.0,25.0,18.0,22.0,4.0,0.0,0.0,0.0,0.0,0.0,0.0,0.0,0.0,0.0,0.0,9.0,0.0,0.0,8.0,0.0,4.0,0.0,0.0,0.0,0.0,1.0,3.0,2.0,0.0,8.0,0.0,8.0,18.0,7.0,11.0,37.0,31.0,28.0,5.0
406,1.0,406.0,London_170,,151,453,1092.0,70.0,2.0,120498.0,1.062673328910023,719.0,6.0,0.0,6.0,7.0,0.0,7.0,210.0,272.0,70.0,17.0,73.0,4.0,11.0,3.0,3.0,9.0,70.0,154.0,220.0,23.0,0.0,0.0,0.0,0.0,0.0,0.0,0.0,0.0,0.0,0.0,0.0,0.0,0.0,0.0,0.0,0.0,0.0,0.0,0.0,0.0,0.0,0.0,0.0,0.0,0.0,0.0,0.0,0.0,0.0,0.0,0.0,0.0,0.0,0.0,0.0,0.0,0.0,0.0,0.0,0.0,0.0,0.0,0.0,0.0,0.0,0.0,0.0,2.0,2.0,0.0,1.0,0.0,4.0,0.0,0.0,0.0,0.0,0.0,0.0,0.0,0.0,0.0,0.0,0.0,0.0,0.0,0.0,0.0,0.0,0.0,0.0,0.0,0.0,0.0,0.0,0.0,0.0,0.0,0.0,0.0,0.0,2.0,2.0,0.0,1.0,0.0,4.0,0.0
407,1.0,407.0,London_170,,151,453,1092.0,70.0,2.0,155379.0,1.2929175808094442,796.0,11.0,0.0,11.0,21.0,0.0,21.0,7.0,271.0,72.0,17.0,71.0,4.0,11.0,4.0,3.0,9.0,70.0,154.0,220.0,23.0,0.0,0.0,0.0,0.0,0.0,0.0,0.0,0.0,0.0,0.0,0.0,0.0,0.0,0.0,0.0,0.0,0.0,0.0,0.0,0.0,0.0,0.0,0.0,0.0,0.0,0.0,0.0,0.0,0.0,0.0,0.0,0.0,0.0,0.0,0.0,0.0,0.0,0.0,0.0,0.0,0.0,1.0,1.0,0.0,0.0,0.0,2.0,4.0,1.0,3.0,3.0,2.0,3.0,0.0,0.0,0.0,0.0,0.0,0.0,0.0,0.0,0.0,0.0,0.0,0.0,0.0,0.0,0.0,0.0,0.0,0.0,0.0,0.0,0.0,0.0,2.0,1.0,0.0,0.0,0.0,2.0,5.0,2.0,6.0,5.0,3.0,4.0,0.0
408,1.0,408.0,London_170,,151,453,1092.0,70.0,2.0,192072.0,1.3646412179805338,877.0,100.0,0.0,100.0,167.0,0.0,167.0,21.0,274.0,73.0,15.0,71.0,4.0,13.0,1.0,2.0,8.0,70.0,152.0,223.0,25.0,0.0,0.0,0.0,0.0,0.0,0.0,0.0,0.0,0.0,0.0,0.0,0.0,0.0,0.0,0.0,0.0,0.0,0.0,0.0,0.0,0.0,0.0,0.0,0.0,0.0,0.0,0.0,0.0,0.0,0.0,0.0,0.0,0.0,0.0,0.0,0.0,0.0,0.0,0.0,0.0,3.0,6.0,6.0,0.0,1.0,1.0,10.0,13.0,5.0,11.0,21.0,21.0,22.0,8.0,0.0,0.0,0.0,0.0,0.0,0.0,0.0,0.0,0.0,0.0,0.0,0.0,0.0,0.0,0.0,0.0,0.0,0.0,0.0,0.0,3.0,10.0,6.0,0.0,1.0,2.0,14.0,18.0,5.0,18.0,32.0,29.0,29.0,13.0
409,1.0,409.0,London_170,,151,453,1092.0,70.0,2.0,194337.0,1.6860192669555545,882.0,143.0,2.0,141.0,275.0,19.0,256.0,167.0,282.0,80.0,13.0,48.0,5.0,21.0,1.0,3.0,13.0,71.0,152.0,217.0,23.0,0.0,0.0,0.0,0.0,0.0,0.0,0.0,0.0,0.0,0.0,0.0,0.0,0.0,0.0,0.0,0.0,0.0,0.0,0.0,0.0,0.0,0.0,0.0,0.0,0.0,0.0,0.0,0.0,0.0,0.0,0.0,0.0,0.0,0.0,2.0,0.0,1.0,0.0,0.0,0.0,2.0,0.0,0.0,1.0,1.0,0.0,16.0,3.0,8.0,5.0,36.0,30.0,24.0,13.0,0.0,0.0,0.0,0.0,0.0,0.0,0.0,0.0,0.0,0.0,0.0,0.0,0.0,0.0,16.0,0.0,10.0,0.0,0.0,0.0,2.0,0.0,0.0,3.0,1.0,0.0,22.0,6.0,10.0,7.0,56.0,39.0,34.0,18.0
410,1.0,410.0,London_170,,151,453,1092.0,70.0,2.0,170328.0,1.0036097220145166,829.0,144.0,2.0,142.0,253.0,17.0,236.0,275.0,218.0,104.0,18.0,73.0,7.0,23.0,2.0,8.0,5.0,90.0,148.0,210.0,31.0,0.0,0.0,0.0,0.0,0.0,0.0,0.0,0.0,0.0,0.0,0.0,0.0,0.0,0.0,0.0,0.0,0.0,0.0,0.0,0.0,0.0,0.0,0.0,0.0,0.0,0.0,0.0,0.0,0.0,1.0,0.0,0.0,2.0,0.0,1.0,2.0,0.0,0.0,0.0,0.0,3.0,13.0,8.0,3.0,6.0,0.0,19.0,17.0,7.0,7.0,30.0,35.0,24.0,10.0,0.0,0.0,0.0,0.0,0.0,0.0,0.0,0.0,0.0,6.0,0.0,0.0,11.0,0.0,5.0,8.0,0.0,0.0,0.0,0.0,3.0,16.0,9.0,5.0,6.0,0.0,27.0,23.0,8.0,8.0,46.0,43.0,33.0,13.0
411,1.0,411.0,London_170,,151,453,1092.0,70.0,2.0,134994.0,0.926058781798929,751.0,54.0,2.0,52.0,105.0,18.0,87.0,253.0,221.0,105.0,18.0,72.0,1.0,30.0,0.0,6.0,4.0,84.0,143.0,222.0,34.0,0.0,0.0,0.0,0.0,0.0,0.0,0.0,0.0,0.0,0.0,0.0,0.0,0.0,0.0,0.0,0.0,0.0,0.0,0.0,0.0,0.0,0.0,0.0,0.0,0.0,0.0,0.0,0.0,0.0,2.0,0.0,0.0,1.0,0.0,0.0,0.0,0.0,0.0,0.0,0.0,4.0,2.0,0.0,2.0,0.0,0.0,3.0,6.0,1.0,6.0,13.0,9.0,13.0,1.0,0.0,0.0,0.0,0.0,0.0,0.0,0.0,0.0,0.0,6.0,0.0,0.0,4.0,0.0,0.0,0.0,0.0,0.0,0.0,0.0,7.0,2.0,0.0,3.0,0.0,0.0,4.0,10.0,2.0,8.0,21.0,11.0,19.0,1.0
412,1.0,412.0,London_170,,151,453,1092.0,70.0,2.0,151755.0,1.108231933787465,788.0,133.0,1.0,132.0,234.0,9.0,225.0,105.0,235.0,94.0,17.0,72.0,5.0,25.0,1.0,4.0,7.0,84.0,151.0,211.0,34.0,0.0,0.0,0.0,0.0,0.0,0.0,0.0,0.0,0.0,0.0,0.0,0.0,0.0,0.0,0.0,0.0,0.0,0.0,0.0,0.0,0.0,0.0,0.0,0.0,0.0,0.0,0.0,0.0,0.0,0.0,0.0,0.0,0.0,0.0,0.0,1.0,0.0,0.0,0.0,0.0,8.0,10.0,1.0,1.0,9.0,1.0,18.0,9.0,5.0,17.0,23.0,24.0,21.0,8.0,0.0,0.0,0.0,0.0,0.0,0.0,0.0,0.0,0.0,0.0,0.0,0.0,0.0,0.0,0.0,6.0,0.0,0.0,0.0,0.0,10.0,13.0,1.0,1.0,10.0,1.0,26.0,12.0,8.0,22.0,40.0,34.0,26.0,10.0
413,1.0,413.0,London_170,,151,453,1092.0,70.0,2.0,128652.0,0.7722851950675249,737.0,2.0,2.0,0.0,20.0,20.0,0.0,234.0,243.0,87.0,19.0,74.0,7.0,20.0,1.0,2.0,7.0,83.0,138.0,225.0,28.0,0.0,0.0,0.0,0.0,0.0,0.0,0.0,0.0,0.0,0.0,0.0,0.0,0.0,0.0,0.0,0.0,0.0,0.0,0.0,0.0,0.0,0.0,0.0,0.0,0.0,0.0,0.0,0.0,0.0,0.0,1.0,0.0,1.0,0.0,0.0,1.0,0.0,0.0,0.0,0.0,0.0,0.0,0.0,0.0,0.0,0.0,0.0,0.0,0.0,0.0,0.0,0.0,0.0,0.0,0.0,0.0,0.0,0.0,0.0,0.0,0.0,0.0,0.0,0.0,10.0,0.0,9.0,0.0,0.0,4.0,0.0,0.0,0.0,0.0,0.0,0.0,0.0,0.0,0.0,0.0,0.0,0.0,0.0,0.0,0.0,0.0,0.0,0.0
414,1.0,414.0,London_170,,151,453,1092.0,70.0,2.0,160815.0,1.0369831160642207,808.0,102.0,2.0,100.0,196.0,20.0,176.0,20.0,243.0,84.0,17.0,77.0,7.0,22.0,1.0,2.0,7.0,83.0,134.0,229.0,25.0,0.0,0.0,0.0,0.0,0.0,0.0,0.0,0.0,0.0,0.0,0.0,0.0,0.0,0.0,0.0,0.0,0.0,0.0,0.0,0.0,0.0,0.0,0.0,0.0,0.0,0.0,0.0,0.0,0.0,0.0,1.0,0.0,1.0,0.0,0.0,1.0,1.0,0.0,0.0,0.0,4.0,8.0,3.0,1.0,1.0,0.0,16.0,8.0,8.0,15.0,18.0,20.0,20.0,14.0,0.0,0.0,0.0,0.0,0.0,0.0,0.0,0.0,0.0,0.0,10.0,0.0,7.0,0.0,0.0,2.0,11.0,0.0,0.0,0.0,4.0,10.0,4.0,1.0,1.0,0.0,22.0,9.0,10.0,16.0,32.0,34.0,28.0,20.0
415,1.0,415.0,London_170,,151,453,1092.0,70.0,2.0,156285.0,1.0638962797820568,798.0,73.0,0.0,73.0,125.0,0.0,125.0,196.0,257.0,77.0,17.0,66.0,10.0,23.0,0.0,3.0,6.0,83.0,137.0,227.0,30.0,0.0,0.0,0.0,0.0,0.0,0.0,0.0,0.0,0.0,0.0,0.0,0.0,0.0,0.0,0.0,0.0,0.0,0.0,0.0,0.0,0.0,0.0,0.0,0.0,0.0,0.0,0.0,0.0,0.0,0.0,0.0,0.0,0.0,0.0,0.0,0.0,0.0,0.0,0.0,0.0,1.0,4.0,2.0,0.0,0.0,0.0,10.0,7.0,7.0,5.0,13.0,18.0,12.0,6.0,0.0,0.0,0.0,0.0,0.0,0.0,0.0,0.0,0.0,0.0,0.0,0.0,0.0,0.0,0.0,0.0,0.0,0.0,0.0,0.0,2.0,4.0,2.0,0.0,0.0,0.0,15.0,9.0,11.0,8.0,18.0,20.0,14.0,8.0
416,1.0,416.0,London_170,,151,453,1092.0,70.0,2.0,172593.0,2.610675065778196,834.0,104.0,2.0,102.0,192.0,18.0,174.0,125.0,271.0,83.0,20.0,45.0,6.0,26.0,0.0,2.0,8.0,91.0,145.0,209.0,31.0,0.0,0.0,0.0,0.0,0.0,0.0,0.0,0.0,0.0,0.0,0.0,0.0,0.0,0.0,0.0,0.0,0.0,0.0,0.0,0.0,0.0,0.0,0.0,0.0,0.0,0.0,0.0,0.0,0.0,1.0,1.0,0.0,1.0,1.0,0.0,2.0,0.0,0.0,0.0,0.0,2.0,3.0,0.0,0.0,0.0,0.0,8.0,6.0,9.0,2.0,26.0,20.0,18.0,10.0,0.0,0.0,0.0,0.0,0.0,0.0,0.0,0.0,0.0,3.0,4.0,0.0,7.0,8.0,0.0,6.0,0.0,0.0,0.0,0.0,2.0,5.0,0.0,0.0,0.0,0.0,12.0,8.0,11.0,3.0,42.0,26.0,25.0,13.0
417,1.0,417.0,London_170,,151,453,1092.0,70.0,2.0,175764.0,1.1038922453299165,841.0,49.0,0.0,49.0,88.0,0.0,88.0,192.0,289.0,65.0,14.0,55.0,6.0,19.0,2.0,3.0,2.0,87.0,135.0,229.0,27.0,0.0,0.0,0.0,0.0,0.0,0.0,0.0,0.0,0.0,0.0,0.0,0.0,0.0,0.0,0.0,0.0,0.0,0.0,0.0,0.0,0.0,0.0,0.0,0.0,0.0,0.0,0.0,0.0,0.0,0.0,0.0,0.0,0.0,0.0,0.0,0.0,0.0,0.0,0.0,0.0,4.0,1.0,0.0,6.0,0.0,0.0,10.0,2.0,3.0,7.0,6.0,15.0,7.0,3.0,0.0,0.0,0.0,0.0,0.0,0.0,0.0,0.0,0.0,0.0,0.0,0.0,0.0,0.0,0.0,0.0,0.0,0.0,0.0,0.0,6.0,2.0,0.0,13.0,0.0,0.0,18.0,2.0,5.0,7.0,8.0,19.0,10.0,4.0
418,1.0,418.0,London_170,,151,453,1092.0,70.0,2.0,197055.0,1.1433919877745211,888.0,170.0,0.0,170.0,290.0,0.0,290.0,88.0,291.0,83.0,20.0,39.0,2.0,17.0,0.0,1.0,5.0,79.0,156.0,213.0,28.0,0.0,0.0,0.0,0.0,0.0,0.0,0.0,0.0,0.0,0.0,0.0,0.0,0.0,0.0,0.0,0.0,0.0,0.0,0.0,0.0,0.0,0.0,0.0,0.0,0.0,0.0,0.0,0.0,0.0,0.0,0.0,0.0,0.0,0.0,0.0,0.0,0.0,0.0,0.0,0.0,1.0,13.0,0.0,4.0,1.0,0.0,11.0,2.0,5.0,4.0,26.0,42.0,21.0,16.0,0.0,0.0,0.0,0.0,0.0,0.0,0.0,0.0,0.0,0.0,0.0,0.0,0.0,0.0,0.0,0.0,0.0,0.0,0.0,0.0,1.0,17.0,0.0,9.0,1.0,0.0,13.0,3.0,6.0,6.0,38.0,61.0,23.0,27.0
419,1.0,419.0,London_170,,151,453,1092.0,70.0,2.0,162627.0,0.7804165598936379,812.0,85.0,0.0,85.0,146.0,0.0,146.0,290.0,208.0,97.0,21.0,91.0,6.0,20.0,2.0,8.0,8.0,76.0,151.0,218.0,39.0,0.0,0.0,0.0,0.0,0.0,0.0,0.0,0.0,0.0,0.0,0.0,0.0,0.0,0.0,0.0,0.0,0.0,0.0,0.0,0.0,0.0,0.0,0.0,0.0,0.0,0.0,0.0,0.0,0.0,0.0,0.0,0.0,0.0,0.0,0.0,0.0,0.0,0.0,0.0,0.0,2.0,3.0,0.0,2.0,0.0,1.0,11.0,2.0,9.0,12.0,14.0,16.0,22.0,7.0,0.0,0.0,0.0,0.0,0.0,0.0,0.0,0.0,0.0,0.0,0.0,0.0,0.0,0.0,0.0,0.0,0.0,0.0,0.0,0.0,2.0,4.0,0.0,4.0,0.0,1.0,16.0,2.0,13.0,18.0,22.0,24.0,28.0,10.0
420,1.0,420.0,London_170,,151,453,1092.0,70.0,2.0,158097.0,0.8607413126155734,802.0,81.0,0.0,81.0,130.0,0.0,130.0,146.0,212.0,104.0,19.0,82.0,6.0,18.0,2.0,10.0,9.0,82.0,166.0,196.0,51.0,0.0,0.0,0.0,0.0,0.0,0.0,0.0,0.0,0.0,0.0,0.0,0.0,0.0,0.0,0.0,0.0,0.0,0.0,0.0,0.0,0.0,0.0,0.0,0.0,0.0,0.0,0.0,0.0,0.0,0.0,0.0,0.0,0.0,0.0,0.0,0.0,0.0,0.0,0.0,0.0,3.0,7.0,0.0,1.0,0.0,0.0,4.0,8.0,7.0,9.0,15.0,19.0,16.0,10.0,0.0,0.0,0.0,0.0,0.0,0.0,0.0,0.0,0.0,0.0,0.0,0.0,0.0,0.0,0.0,0.0,0.0,0.0,0.0,0.0,3.0,10.0,0.0,3.0,0.0,0.0,4.0,12.0,12.0,13.0,23.0,22.0,19.0,13.0
421,1.0,421.0,London_170,,151,453,1092.0,70.0,2.0,155379.0,0.8768144068308175,796.0,60.0,0.0,60.0,93.0,0.0,93.0,130.0,218.0,89.0,18.0,89.0,4.0,18.0,3.0,14.0,12.0,76.0,160.0,205.0,61.0,0.0,0.0,0.0,0.0,0.0,0.0,0.0,0.0,0.0,0.0,0.0,0.0,0.0,0.0,0.0,0.0,0.0,0.0,0.0,0.0,0.0,0.0,0.0,0.0,0.0,0.0,0.0,0.0,0.0,0.0,0.0,0.0,0.0,0.0,0.0,0.0,0.0,0.0,0.0,0.0,1.0,8.0,0.0,1.0,0.0,0.0,2.0,5.0,2.0,8.0,10.0,11.0,11.0,5.0,0.0,0.0,0.0,0.0,0.0,0.0,0.0,0.0,0.0,0.0,0.0,0.0,0.0,0.0,0.0,0.0,0.0,0.0,0.0,0.0,1.0,14.0,0.0,1.0,0.0,0.0,3.0,8.0,4.0,10.0,13.0,14.0,12.0,9.0
422,1.0,422.0,London_170,,151,453,1092.0,70.0,2.0,167610.0,0.8860635757446289,823.0,102.0,0.0,102.0,170.0,0.0,170.0,93.0,216.0,82.0,20.0,87.0,5.0,27.0,2.0,14.0,13.0,71.0,167.0,202.0,54.0,0.0,0.0,0.0,0.0,0.0,0.0,0.0,0.0,0.0,0.0,0.0,0.0,0.0,0.0,0.0,0.0,0.0,0.0,0.0,0.0,0.0,0.0,0.0,0.0,0.0,0.0,0.0,0.0,0.0,0.0,0.0,0.0,0.0,0.0,0.0,0.0,0.0,0.0,0.0,0.0,7.0,9.0,3.0,1.0,0.0,2.0,5.0,6.0,1.0,7.0,12.0,20.0,12.0,9.0,0.0,0.0,0.0,0.0,0.0,0.0,0.0,0.0,0.0,0.0,0.0,0.0,0.0,0.0,0.0,0.0,0.0,0.0,0.0,0.0,8.0,13.0,4.0,1.0,0.0,4.0,5.0,9.0,2.0,8.0,15.0,33.0,15.0,14.0
423,1.0,423.0,London_170,,151,453,1092.0,70.0,2.0,154020.0,0.8680675588548183,793.0,123.0,2.0,121.0,227.0,18.0,209.0,170.0,226.0,67.0,21.0,81.0,9.0,36.0,1.0,12.0,12.0,75.0,161.0,205.0,38.0,0.0,0.0,0.0,0.0,0.0,0.0,0.0,0.0,0.0,0.0,0.0,0.0,0.0,0.0,0.0,0.0,0.0,0.0,0.0,0.0,0.0,0.0,0.0,0.0,0.0,0.0,0.0,0.0,0.0,0.0,0.0,0.0,0.0,0.0,1.0,2.0,0.0,0.0,0.0,0.0,4.0,15.0,19.0,0.0,6.0,0.0,4.0,2.0,8.0,16.0,18.0,23.0,24.0,3.0,0.0,0.0,0.0,0.0,0.0,0.0,0.0,0.0,0.0,0.0,0.0,0.0,0.0,0.0,7.0,7.0,0.0,0.0,0.0,0.0,6.0,22.0,21.0,0.0,6.0,0.0,6.0,2.0,11.0,23.0,30.0,33.0,28.0,3.0
424,1.0,424.0,London_170,,151,453,1092.0,70.0,2.0,133635.0,0.7114022532477975,748.0,65.0,2.0,63.0,120.0,19.0,101.0,227.0,222.0,80.0,18.0,70.0,6.0,48.0,2.0,7.0,8.0,78.0,144.0,223.0,29.0,0.0,0.0,0.0,0.0,0.0,0.0,0.0,0.0,0.0,0.0,0.0,0.0,0.0,0.0,0.0,0.0,0.0,0.0,0.0,0.0,0.0,0.0,0.0,0.0,0.0,0.0,0.0,0.0,0.0,1.0,0.0,0.0,1.0,1.0,1.0,2.0,0.0,0.0,0.0,0.0,6.0,3.0,0.0,2.0,1.0,0.0,5.0,8.0,5.0,4.0,11.0,14.0,18.0,3.0,0.0,0.0,0.0,0.0,0.0,0.0,0.0,0.0,0.0,2.0,0.0,0.0,3.0,7.0,7.0,7.0,0.0,0.0,0.0,0.0,6.0,4.0,0.0,2.0,1.0,0.0,5.0,10.0,7.0,5.0,15.0,16.0,22.0,6.0
425,1.0,425.0,London_170,,151,453,1092.0,70.0,2.0,148131.0,0.8937470866367221,780.0,113.0,1.0,112.0,190.0,10.0,180.0,120.0,226.0,82.0,25.0,68.0,3.0,40.0,3.0,6.0,5.0,76.0,153.0,219.0,39.0,0.0,0.0,0.0,0.0,0.0,0.0,0.0,0.0,0.0,0.0,0.0,0.0,0.0,0.0,0.0,0.0,0.0,0.0,0.0,0.0,0.0,0.0,0.0,0.0,0.0,0.0,0.0,0.0,0.0,1.0,0.0,0.0,1.0,1.0,0.0,1.0,0.0,0.0,0.0,0.0,5.0,11.0,0.0,3.0,2.0,0.0,6.0,5.0,9.0,5.0,16.0,25.0,21.0,7.0,0.0,0.0,0.0,0.0,0.0,0.0,0.0,0.0,0.0,4.0,0.0,0.0,7.0,8.0,0.0,7.0,0.0,0.0,0.0,0.0,9.0,15.0,0.0,5.0,2.0,0.0,6.0,5.0,12.0,7.0,32.0,35.0,26.0,10.0
426,1.0,426.0,London_170,,151,453,1092.0,70.0,2.0,130917.0,0.8698703940026462,742.0,70.0,1.0,69.0,127.0,10.0,117.0,190.0,231.0,97.0,24.0,61.0,2.0,26.0,1.0,11.0,9.0,67.0,146.0,231.0,41.0,0.0,0.0,0.0,0.0,0.0,0.0,0.0,0.0,0.0,0.0,0.0,0.0,0.0,0.0,0.0,0.0,0.0,0.0,0.0,0.0,0.0,0.0,0.0,0.0,0.0,0.0,0.0,0.0,0.0,1.0,0.0,0.0,0.0,0.0,0.0,1.0,0.0,0.0,0.0,0.0,3.0,2.0,0.0,1.0,2.0,0.0,0.0,2.0,5.0,5.0,15.0,10.0,17.0,5.0,0.0,0.0,0.0,0.0,0.0,0.0,0.0,0.0,0.0,1.0,0.0,0.0,0.0,0.0,0.0,1.0,0.0,0.0,0.0,0.0,4.0,2.0,0.0,1.0,2.0,0.0,0.0,3.0,6.0,5.0,24.0,14.0,21.0,6.0
427,1.0,427.0,London_170,,151,453,1092.0,70.0,2.0,136353.0,0.7885490977205336,754.0,59.0,0.0,59.0,93.0,0.0,93.0,127.0,226.0,109.0,18.0,53.0,3.0,35.0,1.0,8.0,7.0,72.0,142.0,232.0,49.0,0.0,0.0,0.0,0.0,0.0,0.0,0.0,0.0,0.0,0.0,0.0,0.0,0.0,0.0,0.0,0.0,0.0,0.0,0.0,0.0,0.0,0.0,0.0,0.0,0.0,0.0,0.0,0.0,0.0,0.0,0.0,0.0,0.0,0.0,0.0,0.0,0.0,0.0,0.0,0.0,0.0,1.0,0.0,0.0,1.0,0.0,9.0,5.0,6.0,6.0,8.0,19.0,9.0,10.0,0.0,0.0,0.0,0.0,0.0,0.0,0.0,0.0,0.0,0.0,0.0,0.0,0.0,0.0,0.0,0.0,0.0,0.0,0.0,0.0,0.0,2.0,0.0,0.0,1.0,0.0,10.0,6.0,8.0,7.0,11.0,26.0,9.0,14.0
428,1.0,428.0,London_170,,151,453,1092.0,70.0,2.0,159456.0,1.0109038492664695,805.0,2.0,2.0,0.0,18.0,18.0,0.0,93.0,233.0,111.0,15.0,42.0,3.0,41.0,1.0,7.0,7.0,72.0,141.0,233.0,56.0,0.0,0.0,0.0,0.0,0.0,0.0,0.0,0.0,0.0,0.0,0.0,0.0,0.0,0.0,0.0,0.0,0.0,0.0,0.0,0.0,0.0,0.0,0.0,0.0,0.0,0.0,0.0,0.0,0.0,0.0,0.0,0.0,1.0,0.0,1.0,1.0,0.0,0.0,0.0,0.0,0.0,0.0,0.0,0.0,0.0,0.0,0.0,0.0,0.0,0.0,0.0,0.0,0.0,0.0,0.0,0.0,0.0,0.0,0.0,0.0,0.0,0.0,0.0,0.0,0.0,0.0,4.0,0.0,7.0,2.0,0.0,0.0,0.0,0.0,0.0,0.0,0.0,0.0,0.0,0.0,0.0,0.0,0.0,0.0,0.0,0.0,0.0,0.0
429,1.0,429.0,London_170,,151,453,1092.0,70.0,2.0,213816.0,1.7988080373033881,925.0,128.0,2.0,126.0,238.0,16.0,222.0,18.0,235.0,104.0,17.0,45.0,3.0,40.0,1.0,8.0,2.0,76.0,133.0,242.0,42.0,0.0,0.0,0.0,0.0,0.0,0.0,0.0,0.0,0.0,0.0,0.0,0.0,0.0,0.0,0.0,0.0,0.0,0.0,0.0,0.0,0.0,0.0,0.0,0.0,0.0,0.0,0.0,0.0,0.0,1.0,0.0,0.0,0.0,1.0,1.0,1.0,0.0,0.0,0.0,0.0,4.0,4.0,1.0,0.0,16.0,1.0,3.0,11.0,1.0,7.0,18.0,28.0,20.0,16.0,0.0,0.0,0.0,0.0,0.0,0.0,0.0,0.0,0.0,2.0,0.0,0.0,0.0,6.0,7.0,3.0,0.0,0.0,0.0,0.0,5.0,4.0,1.0,0.0,17.0,1.0,5.0,16.0,1.0,9.0,29.0,42.0,28.0,23.0
430,1.0,430.0,London_170,,151,453,1092.0,70.0,2.0,209286.0,1.0214291377924383,915.0,102.0,2.0,100.0,193.0,18.0,175.0,238.0,218.0,73.0,9.0,90.0,10.0,45.0,0.0,8.0,9.0,75.0,143.0,226.0,38.0,0.0,0.0,0.0,0.0,0.0,0.0,0.0,0.0,0.0,0.0,0.0,0.0,0.0,0.0,0.0,0.0,0.0,0.0,0.0,0.0,0.0,0.0,0.0,0.0,0.0,0.0,0.0,0.0,0.0,0.0,0.0,0.0,1.0,0.0,1.0,1.0,0.0,0.0,0.0,0.0,4.0,6.0,0.0,0.0,1.0,0.0,6.0,10.0,12.0,9.0,21.0,21.0,13.0,4.0,0.0,0.0,0.0,0.0,0.0,0.0,0.0,0.0,0.0,0.0,0.0,0.0,7.0,0.0,6.0,1.0,0.0,0.0,0.0,0.0,5.0,8.0,0.0,0.0,2.0,0.0,9.0,13.0,17.0,12.0,32.0,33.0,16.0,4.0
431,1.0,431.0,London_170,,151,453,1092.0,70.0,2.0,204756.0,1.1178112621419132,905.0,116.0,0.0,116.0,211.0,0.0,211.0,193.0,226.0,84.0,17.0,80.0,12.0,28.0,1.0,5.0,10.0,87.0,138.0,218.0,42.0,0.0,0.0,0.0,0.0,0.0,0.0,0.0,0.0,0.0,0.0,0.0,0.0,0.0,0.0,0.0,0.0,0.0,0.0,0.0,0.0,0.0,0.0,0.0,0.0,0.0,0.0,0.0,0.0,0.0,0.0,0.0,0.0,0.0,0.0,0.0,0.0,0.0,0.0,0.0,0.0,1.0,2.0,1.0,1.0,1.0,0.0,12.0,6.0,17.0,8.0,30.0,25.0,27.0,4.0,0.0,0.0,0.0,0.0,0.0,0.0,0.0,0.0,0.0,0.0,0.0,0.0,0.0,0.0,0.0,0.0,0.0,0.0,0.0,0.0,1.0,3.0,1.0,2.0,1.0,0.0,15.0,12.0,21.0,10.0,51.0,36.0,38.0,6.0
432,1.0,432.0,London_170,,151,453,1092.0,70.0,2.0,190713.0,1.0081320269964635,874.0,43.0,1.0,42.0,86.0,10.0,76.0,211.0,227.0,105.0,17.0,62.0,13.0,23.0,2.0,4.0,14.0,74.0,141.0,224.0,50.0,0.0,0.0,0.0,0.0,0.0,0.0,0.0,0.0,0.0,0.0,0.0,0.0,0.0,0.0,0.0,0.0,0.0,0.0,0.0,0.0,0.0,0.0,0.0,0.0,0.0,0.0,0.0,0.0,0.0,1.0,0.0,0.0,1.0,0.0,1.0,0.0,1.0,0.0,0.0,0.0,4.0,1.0,1.0,0.0,2.0,0.0,6.0,4.0,5.0,4.0,9.0,11.0,10.0,3.0,0.0,0.0,0.0,0.0,0.0,0.0,0.0,0.0,0.0,3.0,0.0,0.0,7.0,0.0,9.0,0.0,8.0,0.0,0.0,0.0,5.0,2.0,2.0,0.0,2.0,0.0,7.0,6.0,6.0,5.0,17.0,19.0,10.0,4.0
433,1.0,433.0,London_170,,151,453,1092.0,70.0,2.0,215628.0,1.0648264749906957,929.0,131.0,0.0,131.0,222.0,0.0,222.0,86.0,230.0,107.0,16.0,71.0,6.0,21.0,0.0,2.0,15.0,76.0,141.0,221.0,58.0,0.0,0.0,0.0,0.0,0.0,0.0,0.0,0.0,0.0,0.0,0.0,0.0,0.0,0.0,0.0,0.0,0.0,0.0,0.0,0.0,0.0,0.0,0.0,0.0,0.0,0.0,0.0,0.0,0.0,0.0,0.0,0.0,0.0,0.0,0.0,0.0,0.0,0.0,0.0,0.0,2.0,7.0,3.0,2.0,6.0,0.0,8.0,13.0,10.0,4.0,19.0,32.0,28.0,9.0,0.0,0.0,0.0,0.0,0.0,0.0,0.0,0.0,0.0,0.0,0.0,0.0,0.0,0.0,0.0,0.0,0.0,0.0,0.0,0.0,2.0,8.0,3.0,3.0,7.0,0.0,12.0,16.0,15.0,4.0,23.0,49.0,39.0,14.0
434,1.0,434.0,London_170,,151,453,1092.0,70.0,2.0,197961.0,1.642374497372657,890.0,237.0,0.0,237.0,411.0,0.0,411.0,222.0,240.0,98.0,17.0,63.0,8.0,18.0,2.0,7.0,11.0,74.0,155.0,213.0,48.0,0.0,0.0,0.0,0.0,0.0,0.0,0.0,0.0,0.0,0.0,0.0,0.0,0.0,0.0,0.0,0.0,0.0,0.0,0.0,0.0,0.0,0.0,0.0,0.0,0.0,0.0,0.0,0.0,0.0,0.0,0.0,0.0,0.0,0.0,0.0,0.0,0.0,0.0,0.0,0.0,1.0,51.0,0.0,1.0,4.0,0.0,8.0,8.0,4.0,5.0,43.0,56.0,19.0,6.0,0.0,0.0,0.0,0.0,0.0,0.0,0.0,0.0,0.0,0.0,0.0,0.0,0.0,0.0,0.0,0.0,0.0,0.0,0.0,0.0,1.0,74.0,0.0,1.0,4.0,0.0,11.0,11.0,7.0,6.0,68.0,82.0,25.0,9.0
435,1.0,435.0,London_170,,151,453,1092.0,70.0,2.0,115062.0,0.5400541839189827,707.0,177.0,2.0,175.0,326.0,16.0,310.0,411.0,108.0,159.0,38.0,95.0,7.0,32.0,3.0,11.0,8.0,88.0,158.0,199.0,60.0,0.0,0.0,0.0,0.0,0.0,0.0,0.0,0.0,0.0,0.0,0.0,0.0,0.0,0.0,0.0,0.0,0.0,0.0,0.0,0.0,0.0,0.0,0.0,0.0,0.0,0.0,0.0,0.0,0.0,1.0,0.0,0.0,0.0,0.0,0.0,1.0,0.0,0.0,0.0,0.0,2.0,20.0,8.0,0.0,0.0,0.0,22.0,12.0,4.0,22.0,38.0,37.0,35.0,18.0,0.0,0.0,0.0,0.0,0.0,0.0,0.0,0.0,0.0,1.0,0.0,0.0,0.0,0.0,0.0,1.0,0.0,0.0,0.0,0.0,2.0,30.0,9.0,0.0,0.0,0.0,30.0,19.0,6.0,31.0,58.0,60.0,44.0,30.0
436,1.0,436.0,London_170,,151,453,1092.0,70.0,2.0,49377.0,0.22455302393063903,562.0,9.0,2.0,7.0,31.0,19.0,12.0,326.0,129.0,154.0,35.0,84.0,14.0,32.0,1.0,4.0,7.0,79.0,147.0,220.0,53.0,0.0,0.0,0.0,0.0,0.0,0.0,0.0,0.0,0.0,0.0,0.0,0.0,0.0,0.0,0.0,0.0,0.0,0.0,0.0,0.0,0.0,0.0,0.0,0.0,0.0,0.0,0.0,0.0,0.0,1.0,1.0,0.0,0.0,0.0,1.0,1.0,0.0,0.0,0.0,0.0,0.0,0.0,0.0,1.0,0.0,0.0,1.0,0.0,0.0,0.0,2.0,0.0,3.0,0.0,0.0,0.0,0.0,0.0,0.0,0.0,0.0,0.0,0.0,6.0,5.0,0.0,0.0,0.0,7.0,6.0,0.0,0.0,0.0,0.0,0.0,0.0,0.0,2.0,0.0,0.0,2.0,0.0,0.0,0.0,2.0,0.0,4.0,0.0
437,1.0,437.0,London_170,,151,453,1092.0,70.0,2.0,73839.0,0.30089193722233176,616.0,8.0,0.0,8.0,17.0,0.0,17.0,31.0,131.0,159.0,35.0,87.0,6.0,29.0,0.0,6.0,7.0,75.0,159.0,212.0,45.0,0.0,0.0,0.0,0.0,0.0,0.0,0.0,0.0,0.0,0.0,0.0,0.0,0.0,0.0,0.0,0.0,0.0,0.0,0.0,0.0,0.0,0.0,0.0,0.0,0.0,0.0,0.0,0.0,0.0,0.0,0.0,0.0,0.0,0.0,0.0,0.0,0.0,0.0,0.0,0.0,0.0,0.0,0.0,0.0,0.0,0.0,0.0,1.0,0.0,0.0,1.0,2.0,2.0,1.0,0.0,0.0,0.0,0.0,0.0,0.0,0.0,0.0,0.0,0.0,0.0,0.0,0.0,0.0,0.0,0.0,0.0,0.0,0.0,0.0,0.0,0.0,0.0,0.0,0.0,0.0,0.0,2.0,0.0,0.0,2.0,6.0,3.0,1.0
438,1.0,438.0,London_170,,151,453,1092.0,70.0,2.0,96489.0,0.5350554189644754,666.0,37.0,2.0,35.0,81.0,19.0,62.0,17.0,130.0,156.0,35.0,89.0,7.0,30.0,0.0,6.0,7.0,77.0,156.0,213.0,45.0,0.0,0.0,0.0,0.0,0.0,0.0,0.0,0.0,0.0,0.0,0.0,0.0,0.0,0.0,0.0,0.0,0.0,0.0,0.0,0.0,0.0,0.0,0.0,0.0,0.0,0.0,0.0,0.0,0.0,1.0,0.0,0.0,1.0,0.0,1.0,2.0,0.0,0.0,0.0,0.0,1.0,1.0,0.0,0.0,1.0,0.0,0.0,3.0,2.0,1.0,5.0,6.0,5.0,4.0,0.0,0.0,0.0,0.0,0.0,0.0,0.0,0.0,0.0,5.0,0.0,0.0,3.0,0.0,7.0,6.0,0.0,0.0,0.0,0.0,2.0,3.0,0.0,0.0,1.0,0.0,0.0,5.0,3.0,1.0,9.0,10.0,6.0,5.0
439,1.0,439.0,London_170,,151,453,1092.0,70.0,2.0,106455.0,0.674809857737273,688.0,0.0,0.0,0.0,0.0,0.0,0.0,81.0,135.0,158.0,36.0,84.0,3.0,31.0,1.0,5.0,7.0,70.0,144.0,232.0,46.0,0.0,0.0,0.0,0.0,0.0,0.0,0.0,0.0,0.0,0.0,0.0,0.0,0.0,0.0,0.0,0.0,0.0,0.0,0.0,0.0,0.0,0.0,0.0,0.0,0.0,0.0,0.0,0.0,0.0,0.0,0.0,0.0,0.0,0.0,0.0,0.0,0.0,0.0,0.0,0.0,0.0,0.0,0.0,0.0,0.0,0.0,0.0,0.0,0.0,0.0,0.0,0.0,0.0,0.0,0.0,0.0,0.0,0.0,0.0,0.0,0.0,0.0,0.0,0.0,0.0,0.0,0.0,0.0,0.0,0.0,0.0,0.0,0.0,0.0,0.0,0.0,0.0,0.0,0.0,0.0,0.0,0.0,0.0,0.0,0.0,0.0,0.0,0.0
440,1.0,440.0,London_170,,151,453,1092.0,70.0,2.0,153114.0,0.7555129770189524,791.0,107.0,1.0,106.0,196.0,9.0,187.0,0.0,135.0,158.0,36.0,84.0,3.0,31.0,1.0,5.0,7.0,70.0,144.0,232.0,46.0,0.0,0.0,0.0,0.0,0.0,0.0,0.0,0.0,0.0,0.0,0.0,0.0,0.0,0.0,0.0,0.0,0.0,0.0,0.0,0.0,0.0,0.0,0.0,0.0,0.0,0.0,0.0,0.0,0.0,0.0,0.0,0.0,1.0,0.0,0.0,0.0,1.0,0.0,0.0,0.0,2.0,1.0,0.0,0.0,4.0,0.0,11.0,12.0,7.0,5.0,20.0,22.0,13.0,11.0,0.0,0.0,0.0,0.0,0.0,0.0,0.0,0.0,0.0,0.0,0.0,0.0,4.0,0.0,0.0,0.0,4.0,0.0,0.0,0.0,2.0,1.0,0.0,0.0,4.0,0.0,14.0,18.0,8.0,6.0,27.0,33.0,18.0,17.0
441,1.0,441.0,London_170,,151,453,1092.0,70.0,2.0,136353.0,0.7006350927986205,754.0,43.0,2.0,41.0,84.0,18.0,66.0,196.0,133.0,158.0,36.0,81.0,5.0,34.0,4.0,2.0,10.0,71.0,150.0,222.0,64.0,0.0,0.0,0.0,0.0,0.0,0.0,0.0,0.0,0.0,0.0,0.0,0.0,0.0,0.0,0.0,0.0,0.0,0.0,0.0,0.0,0.0,0.0,0.0,0.0,0.0,0.0,0.0,0.0,0.0,0.0,0.0,0.0,1.0,1.0,1.0,1.0,0.0,0.0,0.0,0.0,0.0,1.0,0.0,0.0,0.0,0.0,6.0,4.0,1.0,0.0,6.0,12.0,7.0,2.0,0.0,0.0,0.0,0.0,0.0,0.0,0.0,0.0,0.0,0.0,0.0,0.0,5.0,6.0,8.0,1.0,0.0,0.0,0.0,0.0,0.0,1.0,0.0,0.0,0.0,0.0,6.0,5.0,2.0,0.0,10.0,16.0,8.0,2.0
442,1.0,442.0,London_170,,151,453,1092.0,70.0,2.0,165798.0,0.8393703438341618,819.0,74.0,2.0,72.0,141.0,17.0,124.0,84.0,141.0,159.0,40.0,78.0,8.0,21.0,4.0,2.0,11.0,78.0,145.0,219.0,68.0,0.0,0.0,0.0,0.0,0.0,0.0,0.0,0.0,0.0,0.0,0.0,0.0,0.0,0.0,0.0,0.0,0.0,0.0,0.0,0.0,0.0,0.0,0.0,0.0,0.0,0.0,0.0,0.0,0.0,0.0,0.0,0.0,0.0,0.0,1.0,1.0,0.0,0.0,0.0,0.0,4.0,5.0,0.0,0.0,1.0,1.0,5.0,3.0,2.0,6.0,13.0,19.0,14.0,2.0,0.0,0.0,0.0,0.0,0.0,0.0,0.0,0.0,0.0,0.0,0.0,0.0,0.0,0.0,6.0,3.0,0.0,0.0,0.0,0.0,6.0,9.0,0.0,0.0,1.0,1.0,8.0,6.0,2.0,12.0,25.0,26.0,16.0,2.0
443,1.0,443.0,London_170,,151,453,1092.0,70.0,2.0,178029.0,0.843343336135149,846.0,103.0,0.0,103.0,179.0,0.0,179.0,141.0,149.0,173.0,27.0,72.0,9.0,16.0,4.0,3.0,9.0,78.0,147.0,219.0,66.0,0.0,0.0,0.0,0.0,0.0,0.0,0.0,0.0,0.0,0.0,0.0,0.0,0.0,0.0,0.0,0.0,0.0,0.0,0.0,0.0,0.0,0.0,0.0,0.0,0.0,0.0,0.0,0.0,0.0,0.0,0.0,0.0,0.0,0.0,0.0,0.0,0.0,0.0,0.0,0.0,2.0,1.0,0.0,1.0,2.0,0.0,10.0,10.0,3.0,7.0,24.0,20.0,24.0,9.0,0.0,0.0,0.0,0.0,0.0,0.0,0.0,0.0,0.0,0.0,0.0,0.0,0.0,0.0,0.0,0.0,0.0,0.0,0.0,0.0,2.0,1.0,0.0,2.0,2.0,0.0,14.0,12.0,4.0,10.0,39.0,27.0,31.0,15.0
444,1.0,444.0,London_170,,151,453,1092.0,70.0,2.0,182559.0,0.896737755741924,856.0,106.0,0.0,106.0,177.0,0.0,177.0,179.0,162.0,178.0,19.0,68.0,8.0,11.0,5.0,2.0,7.0,84.0,159.0,203.0,70.0,0.0,0.0,0.0,0.0,0.0,0.0,0.0,0.0,0.0,0.0,0.0,0.0,0.0,0.0,0.0,0.0,0.0,0.0,0.0,0.0,0.0,0.0,0.0,0.0,0.0,0.0,0.0,0.0,0.0,0.0,0.0,0.0,0.0,0.0,0.0,0.0,0.0,0.0,0.0,0.0,1.0,5.0,0.0,1.0,0.0,1.0,10.0,8.0,6.0,10.0,23.0,25.0,21.0,6.0,0.0,0.0,0.0,0.0,0.0,0.0,0.0,0.0,0.0,0.0,0.0,0.0,0.0,0.0,0.0,0.0,0.0,0.0,0.0,0.0,2.0,8.0,0.0,2.0,0.0,1.0,10.0,12.0,9.0,13.0,32.0,32.0,31.0,7.0
445,1.0,445.0,London_170,,151,453,1092.0,70.0,2.0,178029.0,0.9924079529009759,846.0,65.0,1.0,64.0,128.0,9.0,119.0,177.0,181.0,153.0,22.0,75.0,13.0,6.0,1.0,2.0,6.0,86.0,159.0,202.0,72.0,0.0,0.0,0.0,0.0,0.0,0.0,0.0,0.0,0.0,0.0,0.0,0.0,0.0,0.0,0.0,0.0,0.0,0.0,0.0,0.0,0.0,0.0,0.0,0.0,0.0,0.0,0.0,0.0,0.0,1.0,0.0,0.0,0.0,1.0,0.0,1.0,0.0,0.0,0.0,0.0,1.0,8.0,0.0,0.0,1.0,1.0,3.0,8.0,2.0,5.0,13.0,10.0,10.0,9.0,0.0,0.0,0.0,0.0,0.0,0.0,0.0,0.0,0.0,4.0,0.0,0.0,0.0,5.0,0.0,3.0,0.0,0.0,0.0,0.0,1.0,13.0,0.0,0.0,1.0,2.0,4.0,13.0,2.0,10.0,22.0,15.0,14.0,12.0
446,1.0,446.0,London_170,,151,453,1092.0,70.0,2.0,183918.0,1.1062140753492713,859.0,120.0,0.0,120.0,199.0,0.0,199.0,128.0,188.0,156.0,23.0,74.0,6.0,5.0,1.0,0.0,7.0,77.0,174.0,195.0,72.0,0.0,0.0,0.0,0.0,0.0,0.0,0.0,0.0,0.0,0.0,0.0,0.0,0.0,0.0,0.0,0.0,0.0,0.0,0.0,0.0,0.0,0.0,0.0,0.0,0.0,0.0,0.0,0.0,0.0,0.0,0.0,0.0,0.0,0.0,0.0,0.0,0.0,0.0,0.0,0.0,0.0,3.0,0.0,0.0,0.0,0.0,13.0,2.0,23.0,4.0,32.0,28.0,21.0,13.0,0.0,0.0,0.0,0.0,0.0,0.0,0.0,0.0,0.0,0.0,0.0,0.0,0.0,0.0,0.0,0.0,0.0,0.0,0.0,0.0,0.0,5.0,0.0,0.0,0.0,0.0,17.0,4.0,27.0,5.0,58.0,37.0,26.0,21.0
447,1.0,447.0,London_170,,151,453,1092.0,70.0,2.0,165345.0,0.9322528671473265,818.0,77.0,2.0,75.0,154.0,19.0,135.0,199.0,190.0,153.0,27.0,49.0,5.0,23.0,1.0,5.0,7.0,87.0,168.0,191.0,52.0,0.0,0.0,0.0,0.0,0.0,0.0,0.0,0.0,0.0,0.0,0.0,0.0,0.0,0.0,0.0,0.0,0.0,0.0,0.0,0.0,0.0,0.0,0.0,0.0,0.0,0.0,0.0,0.0,0.0,0.0,2.0,0.0,1.0,1.0,0.0,1.0,0.0,0.0,0.0,0.0,1.0,2.0,0.0,2.0,0.0,0.0,15.0,5.0,3.0,5.0,14.0,22.0,22.0,7.0,0.0,0.0,0.0,0.0,0.0,0.0,0.0,0.0,0.0,0.0,5.0,0.0,1.0,10.0,0.0,1.0,0.0,0.0,0.0,0.0,2.0,3.0,0.0,2.0,0.0,0.0,21.0,7.0,4.0,5.0,22.0,35.0,26.0,8.0
448,1.0,448.0,London_170,,151,453,1092.0,70.0,2.0,171234.0,1.1465988289564848,831.0,174.0,0.0,174.0,280.0,0.0,280.0,154.0,191.0,143.0,24.0,44.0,3.0,38.0,2.0,8.0,3.0,87.0,175.0,188.0,45.0,0.0,0.0,0.0,0.0,0.0,0.0,0.0,0.0,0.0,0.0,0.0,0.0,0.0,0.0,0.0,0.0,0.0,0.0,0.0,0.0,0.0,0.0,0.0,0.0,0.0,0.0,0.0,0.0,0.0,0.0,0.0,0.0,0.0,0.0,0.0,0.0,0.0,0.0,0.0,0.0,3.0,7.0,0.0,0.0,11.0,0.0,5.0,6.0,2.0,4.0,42.0,36.0,27.0,7.0,0.0,0.0,0.0,0.0,0.0,0.0,0.0,0.0,0.0,0.0,0.0,0.0,0.0,0.0,0.0,0.0,0.0,0.0,0.0,0.0,4.0,9.0,0.0,0.0,13.0,0.0,5.0,9.0,2.0,6.0,55.0,46.0,32.0,9.0
449,1.0,449.0,London_170,,151,453,1092.0,70.0,2.0,115968.0,1.3453610287979245,709.0,108.0,0.0,108.0,193.0,0.0,193.0,280.0,193.0,113.0,22.0,69.0,9.0,40.0,4.0,3.0,5.0,81.0,171.0,196.0,40.0,0.0,0.0,0.0,0.0,0.0,0.0,0.0,0.0,0.0,0.0,0.0,0.0,0.0,0.0,0.0,0.0,0.0,0.0,0.0,0.0,0.0,0.0,0.0,0.0,0.0,0.0,0.0,0.0,0.0,0.0,0.0,0.0,0.0,0.0,0.0,0.0,0.0,0.0,0.0,0.0,2.0,9.0,6.0,0.0,5.0,1.0,15.0,7.0,19.0,7.0,22.0,16.0,20.0,5.0,0.0,0.0,0.0,0.0,0.0,0.0,0.0,0.0,0.0,0.0,0.0,0.0,0.0,0.0,0.0,0.0,0.0,0.0,0.0,0.0,2.0,15.0,8.0,0.0,6.0,1.0,25.0,10.0,26.0,11.0,34.0,26.0,26.0,11.0
450,1.0,450.0,London_170,,151,453,1092.0,70.0,2.0,91959.0,0.6236449792049825,656.0,38.0,0.0,38.0,57.0,0.0,57.0,193.0,204.0,123.0,17.0,60.0,10.0,36.0,1.0,2.0,7.0,85.0,171.0,190.0,45.0,0.0,0.0,0.0,0.0,0.0,0.0,0.0,0.0,0.0,0.0,0.0,0.0,0.0,0.0,0.0,0.0,0.0,0.0,0.0,0.0,0.0,0.0,0.0,0.0,0.0,0.0,0.0,0.0,0.0,0.0,0.0,0.0,0.0,0.0,0.0,0.0,0.0,0.0,0.0,0.0,1.0,0.0,0.0,0.0,0.0,0.0,1.0,4.0,1.0,3.0,8.0,8.0,7.0,2.0,0.0,0.0,0.0,0.0,0.0,0.0,0.0,0.0,0.0,0.0,0.0,0.0,0.0,0.0,0.0,0.0,0.0,0.0,0.0,0.0,2.0,0.0,0.0,0.0,0.0,0.0,1.0,6.0,1.0,4.0,15.0,12.0,8.0,4.0
451,1.0,451.0,London_170,,151,453,1092.0,70.0,2.0,106455.0,0.686657743062824,688.0,37.0,2.0,35.0,78.0,19.0,59.0,57.0,206.0,126.0,11.0,60.0,11.0,34.0,1.0,4.0,7.0,87.0,170.0,189.0,51.0,0.0,0.0,0.0,0.0,0.0,0.0,0.0,0.0,0.0,0.0,0.0,0.0,0.0,0.0,0.0,0.0,0.0,0.0,0.0,0.0,0.0,0.0,0.0,0.0,0.0,0.0,0.0,0.0,0.0,2.0,0.0,1.0,0.0,0.0,2.0,2.0,1.0,0.0,0.0,0.0,1.0,1.0,0.0,0.0,1.0,0.0,7.0,0.0,3.0,1.0,6.0,10.0,10.0,4.0,0.0,0.0,0.0,0.0,0.0,0.0,0.0,0.0,0.0,6.0,0.0,2.0,0.0,0.0,14.0,7.0,9.0,0.0,0.0,0.0,1.0,1.0,0.0,0.0,1.0,0.0,8.0,0.0,4.0,1.0,7.0,11.0,14.0,6.0
452,1.0,452.0,London_170,,151,453,1092.0,70.0,2.0,130464.0,0.9094154317863286,741.0,4.0,2.0,2.0,20.0,17.0,3.0,78.0,203.0,132.0,12.0,67.0,2.0,33.0,0.0,4.0,8.0,86.0,161.0,198.0,59.0,0.0,0.0,0.0,0.0,0.0,0.0,0.0,0.0,0.0,0.0,0.0,0.0,0.0,0.0,0.0,0.0,0.0,0.0,0.0,0.0,0.0,0.0,0.0,0.0,0.0,0.0,0.0,0.0,0.0,1.0,0.0,0.0,1.0,0.0,1.0,1.0,0.0,0.0,0.0,0.0,0.0,1.0,0.0,0.0,0.0,0.0,0.0,0.0,0.0,0.0,0.0,0.0,0.0,0.0,0.0,0.0,0.0,0.0,0.0,0.0,0.0,0.0,0.0,3.0,0.0,0.0,7.0,0.0,7.0,5.0,0.0,0.0,0.0,0.0,0.0,2.0,0.0,0.0,0.0,0.0,0.0,0.0,0.0,0.0,0.0,0.0,0.0,0.0
453,1.0,453.0,London_170,,151,453,1092.0,70.0,2.0,167610.0,1.0370710236020386,823.0,119.0,2.0,117.0,215.0,18.0,197.0,20.0,207.0,132.0,12.0,69.0,0.0,28.0,1.0,4.0,7.0,90.0,149.0,207.0,57.0,0.0,0.0,0.0,0.0,0.0,0.0,0.0,0.0,0.0,0.0,0.0,0.0,0.0,0.0,0.0,0.0,0.0,0.0,0.0,0.0,0.0,0.0,0.0,0.0,0.0,0.0,0.0,0.0,0.0,1.0,0.0,0.0,1.0,0.0,0.0,0.0,0.0,0.0,0.0,0.0,3.0,12.0,1.0,0.0,8.0,0.0,12.0,8.0,4.0,15.0,35.0,21.0,25.0,12.0,0.0,0.0,0.0,0.0,0.0,0.0,0.0,0.0,0.0,4.0,0.0,0.0,1.0,0.0,0.0,0.0,0.0,0.0,0.0,0.0,3.0,14.0,1.0,0.0,10.0,0.0,16.0,13.0,5.0,19.0,55.0,31.0,36.0,17.0
454,1.0,454.0,London_170,,151,453,1092.0,70.0,2.0,158550.0,1.1574788819998503,803.0,125.0,1.0,124.0,219.0,9.0,210.0,215.0,212.0,131.0,18.0,69.0,2.0,19.0,2.0,0.0,13.0,100.0,152.0,188.0,55.0,0.0,0.0,0.0,0.0,0.0,0.0,0.0,0.0,0.0,0.0,0.0,0.0,0.0,0.0,0.0,0.0,0.0,0.0,0.0,0.0,0.0,0.0,0.0,0.0,0.0,0.0,0.0,0.0,0.0,0.0,0.0,0.0,0.0,0.0,0.0,1.0,0.0,0.0,0.0,0.0,2.0,13.0,0.0,0.0,6.0,0.0,10.0,2.0,2.0,10.0,19.0,32.0,18.0,10.0,0.0,0.0,0.0,0.0,0.0,0.0,0.0,0.0,0.0,0.0,0.0,0.0,0.0,0.0,0.0,2.0,0.0,0.0,0.0,0.0,2.0,17.0,0.0,0.0,6.0,0.0,13.0,5.0,3.0,15.0,28.0,40.0,26.0,15.0
455,1.0,455.0,London_170,,151,453,1092.0,70.0,2.0,139524.0,0.7868691221810877,761.0,13.0,2.0,11.0,37.0,20.0,17.0,219.0,234.0,111.0,17.0,62.0,6.0,18.0,1.0,4.0,4.0,91.0,156.0,202.0,51.0,0.0,0.0,0.0,0.0,0.0,0.0,0.0,0.0,0.0,0.0,0.0,0.0,0.0,0.0,0.0,0.0,0.0,0.0,0.0,0.0,0.0,0.0,0.0,0.0,0.0,0.0,0.0,0.0,0.0,0.0,1.0,0.0,1.0,0.0,0.0,1.0,0.0,0.0,0.0,0.0,0.0,0.0,0.0,0.0,0.0,0.0,0.0,1.0,0.0,0.0,3.0,2.0,1.0,1.0,0.0,0.0,0.0,0.0,0.0,0.0,0.0,0.0,0.0,0.0,10.0,0.0,5.0,0.0,0.0,6.0,0.0,0.0,0.0,0.0,0.0,0.0,0.0,0.0,0.0,0.0,0.0,1.0,0.0,0.0,3.0,3.0,2.0,2.0
456,1.0,456.0,London_170,,151,453,1092.0,70.0,2.0,172593.0,1.1468909969553351,834.0,136.0,2.0,134.0,246.0,20.0,226.0,37.0,235.0,112.0,16.0,57.0,6.0,22.0,1.0,4.0,4.0,96.0,149.0,204.0,46.0,0.0,0.0,0.0,0.0,0.0,0.0,0.0,0.0,0.0,0.0,0.0,0.0,0.0,0.0,0.0,0.0,0.0,0.0,0.0,0.0,0.0,0.0,0.0,0.0,0.0,0.0,0.0,0.0,0.0,1.0,1.0,0.0,1.0,0.0,0.0,1.0,1.0,0.0,0.0,0.0,2.0,12.0,1.0,3.0,9.0,0.0,11.0,8.0,7.0,14.0,19.0,38.0,19.0,6.0,0.0,0.0,0.0,0.0,0.0,0.0,0.0,0.0,0.0,2.0,1.0,0.0,3.0,0.0,0.0,4.0,10.0,0.0,0.0,0.0,2.0,18.0,2.0,3.0,9.0,0.0,17.0,11.0,9.0,18.0,29.0,51.0,25.0,8.0
457,1.0,457.0,London_170,,151,453,1092.0,70.0,2.0,143148.0,0.91970244795084,769.0,67.0,0.0,67.0,122.0,0.0,122.0,246.0,235.0,95.0,21.0,70.0,5.0,18.0,2.0,7.0,3.0,81.0,155.0,214.0,25.0,0.0,0.0,0.0,0.0,0.0,0.0,0.0,0.0,0.0,0.0,0.0,0.0,0.0,0.0,0.0,0.0,0.0,0.0,0.0,0.0,0.0,0.0,0.0,0.0,0.0,0.0,0.0,0.0,0.0,0.0,0.0,0.0,0.0,0.0,0.0,0.0,0.0,0.0,0.0,0.0,0.0,1.0,0.0,0.0,1.0,0.0,11.0,4.0,1.0,6.0,16.0,12.0,15.0,5.0,0.0,0.0,0.0,0.0,0.0,0.0,0.0,0.0,0.0,0.0,0.0,0.0,0.0,0.0,0.0,0.0,0.0,0.0,0.0,0.0,0.0,2.0,0.0,0.0,1.0,0.0,14.0,9.0,3.0,6.0,24.0,18.0,21.0,9.0
458,1.0,458.0,London_170,,151,453,1092.0,70.0,2.0,148584.0,0.9982405290938914,781.0,72.0,2.0,70.0,138.0,18.0,120.0,122.0,242.0,93.0,20.0,69.0,3.0,20.0,2.0,4.0,7.0,83.0,167.0,196.0,44.0,0.0,0.0,0.0,0.0,0.0,0.0,0.0,0.0,0.0,0.0,0.0,0.0,0.0,0.0,0.0,0.0,0.0,0.0,0.0,0.0,0.0,0.0,0.0,0.0,0.0,0.0,0.0,0.0,0.0,1.0,1.0,0.0,1.0,1.0,0.0,1.0,0.0,0.0,0.0,0.0,0.0,1.0,0.0,0.0,0.0,0.0,8.0,5.0,1.0,5.0,20.0,11.0,18.0,7.0,0.0,0.0,0.0,0.0,0.0,0.0,0.0,0.0,0.0,2.0,6.0,0.0,4.0,5.0,0.0,4.0,0.0,0.0,0.0,0.0,0.0,2.0,0.0,0.0,0.0,0.0,11.0,7.0,2.0,8.0,25.0,15.0,22.0,9.0
459,1.0,459.0,London_170,,151,453,1092.0,70.0,2.0,150849.0,1.1229335069656372,786.0,131.0,0.0,131.0,221.0,0.0,221.0,138.0,238.0,91.0,20.0,74.0,3.0,24.0,0.0,3.0,10.0,84.0,159.0,200.0,46.0,0.0,0.0,0.0,0.0,0.0,0.0,0.0,0.0,0.0,0.0,0.0,0.0,0.0,0.0,0.0,0.0,0.0,0.0,0.0,0.0,0.0,0.0,0.0,0.0,0.0,0.0,0.0,0.0,0.0,0.0,0.0,0.0,0.0,0.0,0.0,0.0,0.0,0.0,0.0,0.0,2.0,2.0,0.0,1.0,11.0,0.0,11.0,4.0,3.0,7.0,20.0,36.0,28.0,4.0,0.0,0.0,0.0,0.0,0.0,0.0,0.0,0.0,0.0,0.0,0.0,0.0,0.0,0.0,0.0,0.0,0.0,0.0,0.0,0.0,2.0,3.0,0.0,1.0,11.0,0.0,17.0,5.0,3.0,9.0,28.0,48.0,36.0,5.0
460,1.0,460.0,London_170,,151,453,1092.0,70.0,2.0,120498.0,0.7365136337466538,719.0,60.0,0.0,60.0,108.0,0.0,108.0,221.0,241.0,102.0,16.0,62.0,3.0,24.0,2.0,3.0,11.0,78.0,154.0,210.0,33.0,0.0,0.0,0.0,0.0,0.0,0.0,0.0,0.0,0.0,0.0,0.0,0.0,0.0,0.0,0.0,0.0,0.0,0.0,0.0,0.0,0.0,0.0,0.0,0.0,0.0,0.0,0.0,0.0,0.0,0.0,0.0,0.0,0.0,0.0,0.0,0.0,0.0,0.0,0.0,0.0,1.0,3.0,1.0,2.0,1.0,0.0,11.0,3.0,4.0,18.0,12.0,16.0,13.0,10.0,0.0,0.0,0.0,0.0,0.0,0.0,0.0,0.0,0.0,0.0,0.0,0.0,0.0,0.0,0.0,0.0,0.0,0.0,0.0,0.0,1.0,4.0,1.0,3.0,1.0,0.0,11.0,5.0,6.0,29.0,16.0,25.0,20.0,17.0
461,1.0,461.0,London_170,,151,453,1092.0,70.0,2.0,132276.0,0.7489403248764575,745.0,106.0,0.0,106.0,185.0,0.0,185.0,108.0,236.0,102.0,19.0,67.0,3.0,25.0,0.0,1.0,14.0,84.0,148.0,207.0,44.0,0.0,0.0,0.0,0.0,0.0,0.0,0.0,0.0,0.0,0.0,0.0,0.0,0.0,0.0,0.0,0.0,0.0,0.0,0.0,0.0,0.0,0.0,0.0,0.0,0.0,0.0,0.0,0.0,0.0,0.0,0.0,0.0,0.0,0.0,0.0,0.0,0.0,0.0,0.0,0.0,6.0,6.0,3.0,0.0,5.0,2.0,14.0,4.0,5.0,9.0,29.0,20.0,14.0,12.0,0.0,0.0,0.0,0.0,0.0,0.0,0.0,0.0,0.0,0.0,0.0,0.0,0.0,0.0,0.0,0.0,0.0,0.0,0.0,0.0,8.0,11.0,3.0,0.0,5.0,4.0,17.0,4.0,7.0,13.0,43.0,34.0,17.0,18.0
462,1.0,462.0,London_170,,151,453,1092.0,70.0,2.0,121857.0,0.7316512120887637,722.0,0.0,0.0,0.0,0.0,0.0,0.0,185.0,240.0,97.0,14.0,61.0,5.0,29.0,2.0,5.0,8.0,74.0,157.0,214.0,30.0,0.0,0.0,0.0,0.0,0.0,0.0,0.0,0.0,0.0,0.0,0.0,0.0,0.0,0.0,0.0,0.0,0.0,0.0,0.0,0.0,0.0,0.0,0.0,0.0,0.0,0.0,0.0,0.0,0.0,0.0,0.0,0.0,0.0,0.0,0.0,0.0,0.0,0.0,0.0,0.0,0.0,0.0,0.0,0.0,0.0,0.0,0.0,0.0,0.0,0.0,0.0,0.0,0.0,0.0,0.0,0.0,0.0,0.0,0.0,0.0,0.0,0.0,0.0,0.0,0.0,0.0,0.0,0.0,0.0,0.0,0.0,0.0,0.0,0.0,0.0,0.0,0.0,0.0,0.0,0.0,0.0,0.0,0.0,0.0,0.0,0.0,0.0,0.0
463,1.0,463.0,London_170,,151,453,1092.0,70.0,2.0,155379.0,0.8878503469750285,796.0,102.0,0.0,102.0,187.0,0.0,187.0,0.0,240.0,97.0,14.0,61.0,5.0,29.0,2.0,5.0,8.0,74.0,157.0,214.0,30.0,0.0,0.0,0.0,0.0,0.0,0.0,0.0,0.0,0.0,0.0,0.0,0.0,0.0,0.0,0.0,0.0,0.0,0.0,0.0,0.0,0.0,0.0,0.0,0.0,0.0,0.0,0.0,0.0,0.0,0.0,0.0,0.0,0.0,0.0,0.0,0.0,0.0,0.0,0.0,0.0,7.0,1.0,4.0,0.0,10.0,0.0,15.0,13.0,7.0,8.0,16.0,21.0,9.0,8.0,0.0,0.0,0.0,0.0,0.0,0.0,0.0,0.0,0.0,0.0,0.0,0.0,0.0,0.0,0.0,0.0,0.0,0.0,0.0,0.0,9.0,1.0,4.0,0.0,10.0,0.0,19.0,21.0,10.0,13.0,25.0,34.0,12.0,14.0
464,1.0,464.0,London_170,,151,453,1092.0,70.0,2.0,151755.0,0.8967688190750778,788.0,56.0,0.0,56.0,88.0,0.0,88.0,187.0,252.0,80.0,16.0,56.0,9.0,32.0,1.0,7.0,7.0,84.0,147.0,215.0,28.0,0.0,0.0,0.0,0.0,0.0,0.0,0.0,0.0,0.0,0.0,0.0,0.0,0.0,0.0,0.0,0.0,0.0,0.0,0.0,0.0,0.0,0.0,0.0,0.0,0.0,0.0,0.0,0.0,0.0,0.0,0.0,0.0,0.0,0.0,0.0,0.0,0.0,0.0,0.0,0.0,0.0,5.0,0.0,1.0,0.0,0.0,11.0,6.0,6.0,3.0,11.0,11.0,9.0,6.0,0.0,0.0,0.0,0.0,0.0,0.0,0.0,0.0,0.0,0.0,0.0,0.0,0.0,0.0,0.0,0.0,0.0,0.0,0.0,0.0,0.0,5.0,0.0,2.0,0.0,0.0,14.0,8.0,6.0,4.0,13.0,14.0,11.0,10.0
465,1.0,465.0,London_170,,151,453,1092.0,70.0,2.0,167157.0,1.2067020731046796,822.0,70.0,2.0,68.0,147.0,18.0,129.0,88.0,263.0,78.0,13.0,44.0,6.0,36.0,2.0,11.0,6.0,81.0,159.0,207.0,35.0,0.0,0.0,0.0,0.0,0.0,0.0,0.0,0.0,0.0,0.0,0.0,0.0,0.0,0.0,0.0,0.0,0.0,0.0,0.0,0.0,0.0,0.0,0.0,0.0,0.0,0.0,0.0,0.0,0.0,0.0,0.0,0.0,0.0,0.0,1.0,1.0,0.0,0.0,0.0,0.0,3.0,2.0,0.0,0.0,0.0,0.0,10.0,3.0,11.0,6.0,6.0,19.0,16.0,3.0,0.0,0.0,0.0,0.0,0.0,0.0,0.0,0.0,0.0,0.0,0.0,0.0,0.0,0.0,8.0,2.0,0.0,0.0,0.0,0.0,3.0,2.0,0.0,0.0,0.0,0.0,15.0,4.0,14.0,6.0,11.0,27.0,24.0,5.0
466,1.0,466.0,London_170,,151,453,1092.0,70.0,2.0,169422.0,1.7909802161157131,827.0,32.0,2.0,30.0,68.0,19.0,49.0,147.0,263.0,87.0,8.0,39.0,9.0,32.0,6.0,9.0,6.0,72.0,165.0,210.0,39.0,0.0,0.0,0.0,0.0,0.0,0.0,0.0,0.0,0.0,0.0,0.0,0.0,0.0,0.0,0.0,0.0,0.0,0.0,0.0,0.0,0.0,0.0,0.0,0.0,0.0,0.0,0.0,0.0,0.0,0.0,0.0,0.0,1.0,1.0,1.0,1.0,0.0,0.0,0.0,0.0,1.0,0.0,0.0,0.0,0.0,0.0,3.0,6.0,4.0,2.0,8.0,6.0,6.0,2.0,0.0,0.0,0.0,0.0,0.0,0.0,0.0,0.0,0.0,0.0,0.0,0.0,4.0,8.0,9.0,2.0,0.0,0.0,0.0,0.0,1.0,0.0,0.0,0.0,0.0,0.0,4.0,9.0,7.0,3.0,11.0,10.0,8.0,2.0
467,1.0,467.0,London_170,,151,453,1092.0,70.0,2.0,202038.0,1.5235429997555912,899.0,182.0,1.0,181.0,323.0,10.0,313.0,68.0,265.0,82.0,12.0,38.0,9.0,31.0,6.0,10.0,7.0,78.0,150.0,218.0,28.0,0.0,0.0,0.0,0.0,0.0,0.0,0.0,0.0,0.0,0.0,0.0,0.0,0.0,0.0,0.0,0.0,0.0,0.0,0.0,0.0,0.0,0.0,0.0,0.0,0.0,0.0,0.0,0.0,0.0,1.0,0.0,0.0,1.0,0.0,0.0,1.0,0.0,0.0,0.0,0.0,1.0,19.0,3.0,5.0,1.0,1.0,8.0,9.0,11.0,13.0,32.0,36.0,26.0,15.0,0.0,0.0,0.0,0.0,0.0,0.0,0.0,0.0,0.0,4.0,0.0,0.0,7.0,0.0,0.0,2.0,0.0,0.0,0.0,0.0,1.0,27.0,3.0,7.0,1.0,1.0,10.0,12.0,14.0,17.0,50.0,55.0,31.0,21.0
468,1.0,468.0,London_170,,151,453,1092.0,70.0,2.0,164892.0,1.4411207498051226,817.0,133.0,1.0,132.0,243.0,10.0,233.0,323.0,152.0,126.0,24.0,104.0,12.0,25.0,3.0,7.0,13.0,67.0,163.0,210.0,53.0,0.0,0.0,0.0,0.0,0.0,0.0,0.0,0.0,0.0,0.0,0.0,0.0,0.0,0.0,0.0,0.0,0.0,0.0,0.0,0.0,0.0,0.0,0.0,0.0,0.0,0.0,0.0,0.0,0.0,0.0,0.0,0.0,0.0,0.0,0.0,1.0,0.0,0.0,0.0,0.0,3.0,11.0,2.0,1.0,2.0,0.0,11.0,5.0,13.0,8.0,27.0,32.0,27.0,15.0,0.0,0.0,0.0,0.0,0.0,0.0,0.0,0.0,0.0,0.0,0.0,0.0,0.0,0.0,0.0,3.0,0.0,0.0,0.0,0.0,4.0,18.0,2.0,1.0,2.0,0.0,17.0,7.0,21.0,9.0,45.0,47.0,34.0,24.0
469,1.0,469.0,London_170,,151,453,1092.0,70.0,2.0,144054.0,0.7735414290800691,771.0,50.0,0.0,50.0,91.0,0.0,91.0,243.0,154.0,157.0,22.0,84.0,7.0,17.0,2.0,10.0,16.0,73.0,144.0,220.0,73.0,0.0,0.0,0.0,0.0,0.0,0.0,0.0,0.0,0.0,0.0,0.0,0.0,0.0,0.0,0.0,0.0,0.0,0.0,0.0,0.0,0.0,0.0,0.0,0.0,0.0,0.0,0.0,0.0,0.0,0.0,0.0,0.0,0.0,0.0,0.0,0.0,0.0,0.0,0.0,0.0,1.0,3.0,0.0,0.0,0.0,0.0,12.0,5.0,5.0,4.0,11.0,7.0,8.0,6.0,0.0,0.0,0.0,0.0,0.0,0.0,0.0,0.0,0.0,0.0,0.0,0.0,0.0,0.0,0.0,0.0,0.0,0.0,0.0,0.0,2.0,4.0,0.0,0.0,0.0,0.0,17.0,6.0,7.0,5.0,15.0,9.0,11.0,11.0
470,1.0,470.0,London_170,,151,453,1092.0,70.0,2.0,162627.0,0.7775188167579472,812.0,106.0,2.0,104.0,191.0,18.0,173.0,91.0,157.0,167.0,22.0,78.0,6.0,13.0,4.0,6.0,18.0,81.0,153.0,201.0,77.0,0.0,0.0,0.0,0.0,0.0,0.0,0.0,0.0,0.0,0.0,0.0,0.0,0.0,0.0,0.0,0.0,0.0,0.0,0.0,0.0,0.0,0.0,0.0,0.0,0.0,0.0,0.0,0.0,0.0,0.0,0.0,0.0,1.0,0.0,1.0,1.0,0.0,0.0,0.0,0.0,4.0,3.0,0.0,0.0,2.0,0.0,8.0,11.0,4.0,5.0,24.0,16.0,18.0,12.0,0.0,0.0,0.0,0.0,0.0,0.0,0.0,0.0,0.0,0.0,0.0,0.0,3.0,0.0,6.0,3.0,0.0,0.0,0.0,0.0,4.0,3.0,0.0,0.0,3.0,0.0,9.0,16.0,5.0,6.0,33.0,26.0,21.0,21.0
471,1.0,471.0,London_170,,151,453,1092.0,70.0,2.0,153114.0,0.8350135083310306,791.0,41.0,2.0,39.0,90.0,16.0,74.0,191.0,169.0,164.0,25.0,62.0,2.0,18.0,5.0,8.0,11.0,73.0,154.0,215.0,70.0,0.0,0.0,0.0,0.0,0.0,0.0,0.0,0.0,0.0,0.0,0.0,0.0,0.0,0.0,0.0,0.0,0.0,0.0,0.0,0.0,0.0,0.0,0.0,0.0,0.0,0.0,0.0,0.0,0.0,2.0,0.0,0.0,0.0,1.0,1.0,1.0,0.0,0.0,0.0,0.0,1.0,4.0,0.0,0.0,0.0,0.0,1.0,4.0,1.0,3.0,4.0,17.0,11.0,4.0,0.0,0.0,0.0,0.0,0.0,0.0,0.0,0.0,0.0,3.0,0.0,0.0,0.0,7.0,7.0,4.0,0.0,0.0,0.0,0.0,1.0,6.0,0.0,0.0,0.0,0.0,2.0,6.0,3.0,6.0,4.0,28.0,18.0,9.0
472,1.0,472.0,London_170,,151,453,1092.0,70.0,2.0,178029.0,0.9891967419534922,846.0,102.0,2.0,100.0,200.0,18.0,182.0,90.0,162.0,168.0,23.0,65.0,4.0,14.0,6.0,11.0,12.0,79.0,149.0,213.0,77.0,0.0,0.0,0.0,0.0,0.0,0.0,0.0,0.0,0.0,0.0,0.0,0.0,0.0,0.0,0.0,0.0,0.0,0.0,0.0,0.0,0.0,0.0,0.0,0.0,0.0,0.0,0.0,0.0,0.0,0.0,0.0,0.0,0.0,0.0,1.0,0.0,0.0,0.0,0.0,0.0,2.0,2.0,4.0,1.0,6.0,1.0,11.0,2.0,8.0,11.0,14.0,30.0,10.0,15.0,0.0,0.0,0.0,0.0,0.0,0.0,0.0,0.0,0.0,0.0,0.0,0.0,0.0,0.0,4.0,0.0,0.0,0.0,0.0,0.0,2.0,3.0,4.0,2.0,7.0,3.0,14.0,3.0,8.0,14.0,21.0,44.0,17.0,25.0
473,1.0,473.0,London_170,,151,453,1092.0,70.0,2.0,163080.0,0.9421240319497883,813.0,79.0,0.0,79.0,140.0,0.0,140.0,200.0,175.0,151.0,26.0,66.0,8.0,21.0,3.0,3.0,4.0,85.0,154.0,210.0,68.0,0.0,0.0,0.0,0.0,0.0,0.0,0.0,0.0,0.0,0.0,0.0,0.0,0.0,0.0,0.0,0.0,0.0,0.0,0.0,0.0,0.0,0.0,0.0,0.0,0.0,0.0,0.0,0.0,0.0,0.0,0.0,0.0,0.0,0.0,0.0,0.0,0.0,0.0,0.0,0.0,1.0,3.0,0.0,2.0,0.0,0.0,9.0,2.0,5.0,4.0,10.0,20.0,15.0,9.0,0.0,0.0,0.0,0.0,0.0,0.0,0.0,0.0,0.0,0.0,0.0,0.0,0.0,0.0,0.0,0.0,0.0,0.0,0.0,0.0,1.0,5.0,0.0,3.0,0.0,0.0,15.0,3.0,8.0,5.0,14.0,34.0,20.0,12.0
474,1.0,474.0,London_170,,151,453,1092.0,70.0,2.0,156738.0,1.2463047802448273,799.0,100.0,1.0,99.0,200.0,10.0,190.0,140.0,186.0,150.0,31.0,59.0,9.0,13.0,1.0,4.0,5.0,80.0,146.0,222.0,79.0,0.0,0.0,0.0,0.0,0.0,0.0,0.0,0.0,0.0,0.0,0.0,0.0,0.0,0.0,0.0,0.0,0.0,0.0,0.0,0.0,0.0,0.0,0.0,0.0,0.0,0.0,0.0,0.0,0.0,1.0,0.0,0.0,1.0,0.0,1.0,0.0,1.0,0.0,0.0,0.0,3.0,5.0,0.0,2.0,6.0,0.0,8.0,6.0,5.0,10.0,27.0,24.0,18.0,9.0,0.0,0.0,0.0,0.0,0.0,0.0,0.0,0.0,0.0,1.0,0.0,0.0,3.0,0.0,9.0,0.0,6.0,0.0,0.0,0.0,3.0,8.0,0.0,2.0,6.0,0.0,12.0,13.0,7.0,12.0,47.0,33.0,24.0,17.0
475,1.0,475.0,London_170,,151,453,1092.0,70.0,2.0,149943.0,0.9307760577648878,784.0,90.0,0.0,90.0,149.0,0.0,149.0,200.0,190.0,170.0,21.0,51.0,6.0,13.0,1.0,1.0,8.0,69.0,150.0,226.0,78.0,0.0,0.0,0.0,0.0,0.0,0.0,0.0,0.0,0.0,0.0,0.0,0.0,0.0,0.0,0.0,0.0,0.0,0.0,0.0,0.0,0.0,0.0,0.0,0.0,0.0,0.0,0.0,0.0,0.0,0.0,0.0,0.0,0.0,0.0,0.0,0.0,0.0,0.0,0.0,0.0,5.0,4.0,0.0,1.0,1.0,0.0,9.0,10.0,7.0,10.0,15.0,16.0,11.0,11.0,0.0,0.0,0.0,0.0,0.0,0.0,0.0,0.0,0.0,0.0,0.0,0.0,0.0,0.0,0.0,0.0,0.0,0.0,0.0,0.0,5.0,7.0,0.0,2.0,1.0,0.0,12.0,16.0,8.0,13.0,25.0,22.0,13.0,13.0
476,1.0,476.0,London_170,,151,453,1092.0,70.0,2.0,143601.0,0.9852300067432225,770.0,56.0,0.0,56.0,85.0,0.0,85.0,149.0,198.0,164.0,36.0,41.0,1.0,10.0,0.0,3.0,10.0,81.0,136.0,226.0,83.0,0.0,0.0,0.0,0.0,0.0,0.0,0.0,0.0,0.0,0.0,0.0,0.0,0.0,0.0,0.0,0.0,0.0,0.0,0.0,0.0,0.0,0.0,0.0,0.0,0.0,0.0,0.0,0.0,0.0,0.0,0.0,0.0,0.0,0.0,0.0,0.0,0.0,0.0,0.0,0.0,1.0,4.0,1.0,0.0,0.0,0.0,5.0,5.0,1.0,5.0,8.0,8.0,10.0,2.0,0.0,0.0,0.0,0.0,0.0,0.0,0.0,0.0,0.0,0.0,0.0,0.0,0.0,0.0,0.0,0.0,0.0,0.0,0.0,0.0,1.0,7.0,1.0,0.0,0.0,0.0,5.0,8.0,1.0,5.0,10.0,12.0,10.0,3.0
477,1.0,477.0,London_170,,151,453,1092.0,70.0,2.0,159003.0,1.0503569231368601,804.0,163.0,2.0,161.0,298.0,16.0,282.0,85.0,201.0,149.0,32.0,49.0,2.0,16.0,0.0,4.0,13.0,84.0,146.0,210.0,90.0,0.0,0.0,0.0,0.0,0.0,0.0,0.0,0.0,0.0,0.0,0.0,0.0,0.0,0.0,0.0,0.0,0.0,0.0,0.0,0.0,0.0,0.0,0.0,0.0,0.0,0.0,0.0,0.0,0.0,0.0,0.0,0.0,0.0,0.0,0.0,0.0,0.0,0.0,0.0,0.0,3.0,14.0,6.0,6.0,6.0,1.0,7.0,6.0,0.0,5.0,31.0,38.0,16.0,9.0,0.0,0.0,0.0,0.0,0.0,0.0,0.0,0.0,0.0,0.0,0.0,0.0,0.0,0.0,0.0,0.0,0.0,0.0,0.0,0.0,3.0,15.0,7.0,7.0,6.0,2.0,7.0,7.0,0.0,5.0,51.0,56.0,24.0,11.0
478,1.0,478.0,London_170,,151,453,1092.0,70.0,2.0,113703.0,1.0388527009636164,704.0,23.0,2.0,21.0,55.0,19.0,36.0,298.0,194.0,98.0,17.0,109.0,6.0,23.0,2.0,4.0,7.0,79.0,154.0,213.0,42.0,0.0,0.0,0.0,0.0,0.0,0.0,0.0,0.0,0.0,0.0,0.0,0.0,0.0,0.0,0.0,0.0,0.0,0.0,0.0,0.0,0.0,0.0,0.0,0.0,0.0,0.0,0.0,0.0,0.0,1.0,1.0,0.0,0.0,0.0,1.0,1.0,0.0,0.0,0.0,0.0,1.0,0.0,0.0,1.0,0.0,1.0,1.0,2.0,1.0,6.0,5.0,4.0,4.0,2.0,0.0,0.0,0.0,0.0,0.0,0.0,0.0,0.0,0.0,7.0,5.0,0.0,0.0,0.0,9.0,1.0,0.0,0.0,0.0,0.0,1.0,0.0,0.0,1.0,0.0,2.0,1.0,2.0,2.0,8.0,7.0,6.0,5.0,2.0
479,1.0,479.0,London_170,,151,453,1092.0,70.0,2.0,141789.0,0.7606728100217879,766.0,80.0,0.0,80.0,143.0,0.0,143.0,55.0,201.0,90.0,20.0,113.0,3.0,20.0,0.0,6.0,3.0,72.0,157.0,221.0,35.0,0.0,0.0,0.0,0.0,0.0,0.0,0.0,0.0,0.0,0.0,0.0,0.0,0.0,0.0,0.0,0.0,0.0,0.0,0.0,0.0,0.0,0.0,0.0,0.0,0.0,0.0,0.0,0.0,0.0,0.0,0.0,0.0,0.0,0.0,0.0,0.0,0.0,0.0,0.0,0.0,3.0,2.0,0.0,1.0,1.0,0.0,11.0,7.0,3.0,3.0,20.0,16.0,14.0,9.0,0.0,0.0,0.0,0.0,0.0,0.0,0.0,0.0,0.0,0.0,0.0,0.0,0.0,0.0,0.0,0.0,0.0,0.0,0.0,0.0,4.0,2.0,0.0,1.0,1.0,0.0,17.0,8.0,3.0,4.0,27.0,27.0,21.0,15.0
480,1.0,480.0,London_170,,151,453,1092.0,70.0,2.0,148131.0,0.9539737198501825,780.0,28.0,2.0,26.0,68.0,19.0,49.0,143.0,210.0,92.0,19.0,102.0,7.0,22.0,0.0,1.0,6.0,75.0,170.0,202.0,45.0,0.0,0.0,0.0,0.0,0.0,0.0,0.0,0.0,0.0,0.0,0.0,0.0,0.0,0.0,0.0,0.0,0.0,0.0,0.0,0.0,0.0,0.0,0.0,0.0,0.0,0.0,0.0,0.0,0.0,1.0,0.0,0.0,1.0,0.0,1.0,2.0,0.0,0.0,0.0,0.0,1.0,1.0,0.0,0.0,1.0,0.0,6.0,1.0,3.0,2.0,6.0,5.0,7.0,3.0,0.0,0.0,0.0,0.0,0.0,0.0,0.0,0.0,0.0,5.0,0.0,0.0,1.0,0.0,7.0,6.0,0.0,0.0,0.0,0.0,1.0,1.0,0.0,0.0,1.0,0.0,9.0,1.0,6.0,4.0,10.0,7.0,9.0,6.0
481,1.0,481.0,London_170,,151,453,1092.0,70.0,2.0,175764.0,1.0615097410045564,841.0,115.0,0.0,115.0,192.0,0.0,192.0,68.0,227.0,97.0,17.0,96.0,3.0,12.0,0.0,1.0,5.0,80.0,172.0,196.0,39.0,0.0,0.0,0.0,0.0,0.0,0.0,0.0,0.0,0.0,0.0,0.0,0.0,0.0,0.0,0.0,0.0,0.0,0.0,0.0,0.0,0.0,0.0,0.0,0.0,0.0,0.0,0.0,0.0,0.0,0.0,0.0,0.0,0.0,0.0,0.0,0.0,0.0,0.0,0.0,0.0,1.0,7.0,3.0,2.0,0.0,0.0,3.0,6.0,6.0,16.0,26.0,36.0,18.0,18.0,0.0,0.0,0.0,0.0,0.0,0.0,0.0,0.0,0.0,0.0,0.0,0.0,0.0,0.0,0.0,0.0,0.0,0.0,0.0,0.0,1.0,8.0,3.0,2.0,0.0,0.0,3.0,8.0,9.0,20.0,33.0,50.0,20.0,28.0
482,1.0,482.0,London_170,,151,453,1092.0,70.0,2.0,161268.0,0.9193454449996352,809.0,125.0,1.0,124.0,221.0,9.0,212.0,192.0,229.0,99.0,16.0,88.0,6.0,10.0,2.0,3.0,7.0,83.0,166.0,197.0,32.0,0.0,0.0,0.0,0.0,0.0,0.0,0.0,0.0,0.0,0.0,0.0,0.0,0.0,0.0,0.0,0.0,0.0,0.0,0.0,0.0,0.0,0.0,0.0,0.0,0.0,0.0,0.0,0.0,0.0,0.0,0.0,0.0,0.0,0.0,0.0,0.0,1.0,0.0,0.0,0.0,3.0,0.0,0.0,1.0,10.0,1.0,10.0,5.0,14.0,5.0,25.0,26.0,20.0,8.0,0.0,0.0,0.0,0.0,0.0,0.0,0.0,0.0,0.0,0.0,0.0,0.0,0.0,0.0,0.0,0.0,9.0,0.0,0.0,0.0,4.0,0.0,0.0,1.0,11.0,1.0,12.0,6.0,16.0,7.0,39.0,36.0,24.0,12.0
483,1.0,483.0,London_170,,151,453,1092.0,70.0,2.0,147678.0,0.8812152803875506,779.0,124.0,2.0,122.0,228.0,18.0,210.0,221.0,230.0,94.0,15.0,87.0,5.0,18.0,0.0,4.0,9.0,75.0,162.0,207.0,46.0,0.0,0.0,0.0,0.0,0.0,0.0,0.0,0.0,0.0,0.0,0.0,0.0,0.0,0.0,0.0,0.0,0.0,0.0,0.0,0.0,0.0,0.0,0.0,0.0,0.0,0.0,0.0,0.0,0.0,0.0,0.0,0.0,0.0,1.0,1.0,0.0,0.0,0.0,0.0,0.0,5.0,10.0,0.0,0.0,5.0,0.0,11.0,10.0,8.0,12.0,22.0,21.0,25.0,7.0,0.0,0.0,0.0,0.0,0.0,0.0,0.0,0.0,0.0,0.0,0.0,0.0,0.0,7.0,7.0,0.0,0.0,0.0,0.0,0.0,7.0,12.0,0.0,0.0,6.0,0.0,16.0,13.0,14.0,15.0,27.0,31.0,32.0,10.0
484,1.0,484.0,London_170,,151,453,1092.0,70.0,2.0,123216.0,1.4955303948372602,725.0,42.0,2.0,40.0,86.0,17.0,69.0,228.0,231.0,83.0,20.0,85.0,5.0,21.0,1.0,7.0,4.0,87.0,153.0,209.0,33.0,0.0,0.0,0.0,0.0,0.0,0.0,0.0,0.0,0.0,0.0,0.0,0.0,0.0,0.0,0.0,0.0,0.0,0.0,0.0,0.0,0.0,0.0,0.0,0.0,0.0,0.0,0.0,0.0,0.0,1.0,0.0,0.0,0.0,0.0,1.0,1.0,0.0,0.0,0.0,0.0,2.0,0.0,0.0,0.0,0.0,0.0,8.0,3.0,3.0,4.0,11.0,12.0,7.0,4.0,0.0,0.0,0.0,0.0,0.0,0.0,0.0,0.0,0.0,2.0,0.0,0.0,0.0,0.0,8.0,7.0,0.0,0.0,0.0,0.0,2.0,0.0,0.0,0.0,0.0,0.0,12.0,4.0,4.0,5.0,14.0,18.0,8.0,6.0
485,1.0,485.0,London_170,,151,453,1092.0,70.0,2.0,137712.0,0.7338924650102854,757.0,32.0,0.0,32.0,57.0,0.0,57.0,86.0,227.0,93.0,19.0,76.0,7.0,23.0,2.0,6.0,7.0,91.0,150.0,205.0,40.0,0.0,0.0,0.0,0.0,0.0,0.0,0.0,0.0,0.0,0.0,0.0,0.0,0.0,0.0,0.0,0.0,0.0,0.0,0.0,0.0,0.0,0.0,0.0,0.0,0.0,0.0,0.0,0.0,0.0,0.0,0.0,0.0,0.0,0.0,0.0,0.0,0.0,0.0,0.0,0.0,1.0,0.0,0.0,2.0,0.0,0.0,4.0,4.0,1.0,1.0,6.0,9.0,4.0,3.0,0.0,0.0,0.0,0.0,0.0,0.0,0.0,0.0,0.0,0.0,0.0,0.0,0.0,0.0,0.0,0.0,0.0,0.0,0.0,0.0,2.0,0.0,0.0,3.0,0.0,0.0,8.0,6.0,1.0,2.0,10.0,14.0,6.0,6.0
486,1.0,486.0,London_170,,151,453,1092.0,70.0,2.0,168516.0,1.1175311133265495,825.0,65.0,0.0,65.0,109.0,0.0,109.0,57.0,231.0,91.0,21.0,78.0,7.0,15.0,2.0,8.0,7.0,93.0,153.0,200.0,42.0,0.0,0.0,0.0,0.0,0.0,0.0,0.0,0.0,0.0,0.0,0.0,0.0,0.0,0.0,0.0,0.0,0.0,0.0,0.0,0.0,0.0,0.0,0.0,0.0,0.0,0.0,0.0,0.0,0.0,0.0,0.0,0.0,0.0,0.0,0.0,0.0,0.0,0.0,0.0,0.0,6.0,0.0,1.0,0.0,0.0,0.0,4.0,6.0,12.0,2.0,17.0,15.0,18.0,9.0,0.0,0.0,0.0,0.0,0.0,0.0,0.0,0.0,0.0,0.0,0.0,0.0,0.0,0.0,0.0,0.0,0.0,0.0,0.0,0.0,8.0,0.0,2.0,0.0,0.0,0.0,5.0,9.0,20.0,2.0,26.0,26.0,26.0,14.0
487,1.0,487.0,London_170,,151,453,1092.0,70.0,2.0,179388.0,1.3536544139496982,849.0,127.0,1.0,126.0,226.0,9.0,217.0,109.0,238.0,102.0,14.0,63.0,10.0,18.0,2.0,6.0,7.0,98.0,156.0,192.0,43.0,0.0,0.0,0.0,0.0,0.0,0.0,0.0,0.0,0.0,0.0,0.0,0.0,0.0,0.0,0.0,0.0,0.0,0.0,0.0,0.0,0.0,0.0,0.0,0.0,0.0,0.0,0.0,0.0,0.0,0.0,0.0,0.0,0.0,1.0,0.0,1.0,0.0,0.0,0.0,0.0,3.0,0.0,0.0,1.0,11.0,0.0,10.0,3.0,1.0,2.0,24.0,31.0,20.0,8.0,0.0,0.0,0.0,0.0,0.0,0.0,0.0,0.0,0.0,0.0,0.0,0.0,0.0,7.0,0.0,1.0,0.0,0.0,0.0,0.0,3.0,0.0,0.0,1.0,12.0,0.0,14.0,3.0,1.0,4.0,34.0,47.0,28.0,10.0
488,1.0,488.0,London_170,,151,453,1092.0,70.0,2.0,154020.0,1.8316427660174668,793.0,101.0,0.0,101.0,178.0,0.0,178.0,226.0,236.0,78.0,16.0,75.0,8.0,29.0,2.0,9.0,7.0,70.0,157.0,219.0,40.0,0.0,0.0,0.0,0.0,0.0,0.0,0.0,0.0,0.0,0.0,0.0,0.0,0.0,0.0,0.0,0.0,0.0,0.0,0.0,0.0,0.0,0.0,0.0,0.0,0.0,0.0,0.0,0.0,0.0,0.0,0.0,0.0,0.0,0.0,0.0,0.0,0.0,0.0,0.0,0.0,4.0,16.0,4.0,1.0,0.0,0.0,7.0,11.0,4.0,8.0,24.0,21.0,26.0,9.0,0.0,0.0,0.0,0.0,0.0,0.0,0.0,0.0,0.0,0.0,0.0,0.0,0.0,0.0,0.0,0.0,0.0,0.0,0.0,0.0,5.0,23.0,6.0,2.0,0.0,0.0,8.0,17.0,6.0,10.0,38.0,27.0,36.0,15.0
489,1.0,489.0,London_170,,151,453,1092.0,70.0,2.0,143148.0,1.604007565882057,769.0,99.0,2.0,97.0,178.0,19.0,159.0,178.0,254.0,78.0,18.0,60.0,10.0,24.0,2.0,7.0,6.0,77.0,161.0,209.0,37.0,0.0,0.0,0.0,0.0,0.0,0.0,0.0,0.0,0.0,0.0,0.0,0.0,0.0,0.0,0.0,0.0,0.0,0.0,0.0,0.0,0.0,0.0,0.0,0.0,0.0,0.0,0.0,0.0,0.0,0.0,2.0,0.0,1.0,1.0,0.0,1.0,0.0,0.0,0.0,0.0,2.0,9.0,1.0,3.0,1.0,0.0,9.0,4.0,4.0,11.0,17.0,23.0,21.0,5.0,0.0,0.0,0.0,0.0,0.0,0.0,0.0,0.0,0.0,0.0,16.0,0.0,3.0,8.0,0.0,4.0,0.0,0.0,0.0,0.0,2.0,12.0,2.0,4.0,1.0,0.0,14.0,5.0,6.0,15.0,27.0,31.0,25.0,7.0
490,1.0,490.0,London_170,,151,453,1092.0,70.0,2.0,139071.0,1.029227709863335,760.0,122.0,0.0,122.0,203.0,0.0,203.0,178.0,265.0,70.0,25.0,56.0,5.0,22.0,2.0,8.0,6.0,78.0,155.0,214.0,33.0,0.0,0.0,0.0,0.0,0.0,0.0,0.0,0.0,0.0,0.0,0.0,0.0,0.0,0.0,0.0,0.0,0.0,0.0,0.0,0.0,0.0,0.0,0.0,0.0,0.0,0.0,0.0,0.0,0.0,0.0,0.0,0.0,0.0,0.0,0.0,0.0,0.0,0.0,0.0,0.0,4.0,14.0,3.0,2.0,2.0,1.0,8.0,9.0,11.0,6.0,23.0,35.0,18.0,11.0,0.0,0.0,0.0,0.0,0.0,0.0,0.0,0.0,0.0,0.0,0.0,0.0,0.0,0.0,0.0,0.0,0.0,0.0,0.0,0.0,5.0,18.0,4.0,2.0,2.0,1.0,9.0,15.0,15.0,8.0,35.0,55.0,23.0,19.0
491,1.0,491.0,London_170,,151,453,1092.0,70.0,2.0,115515.0,1.39841289492324,708.0,11.0,0.0,11.0,20.0,0.0,20.0,203.0,275.0,79.0,16.0,60.0,3.0,15.0,1.0,4.0,10.0,84.0,153.0,206.0,31.0,0.0,0.0,0.0,0.0,0.0,0.0,0.0,0.0,0.0,0.0,0.0,0.0,0.0,0.0,0.0,0.0,0.0,0.0,0.0,0.0,0.0,0.0,0.0,0.0,0.0,0.0,0.0,0.0,0.0,0.0,0.0,0.0,0.0,0.0,0.0,0.0,0.0,0.0,0.0,0.0,1.0,2.0,0.0,0.0,0.0,0.0,3.0,1.0,1.0,0.0,2.0,5.0,2.0,0.0,0.0,0.0,0.0,0.0,0.0,0.0,0.0,0.0,0.0,0.0,0.0,0.0,0.0,0.0,0.0,0.0,0.0,0.0,0.0,0.0,1.0,3.0,0.0,0.0,0.0,0.0,5.0,1.0,1.0,0.0,3.0,7.0,3.0,0.0
492,1.0,492.0,London_170,,151,453,1092.0,70.0,2.0,149490.0,1.321871087886393,783.0,0.0,0.0,0.0,0.0,0.0,0.0,20.0,278.0,80.0,16.0,62.0,3.0,13.0,0.0,1.0,10.0,86.0,158.0,199.0,31.0,0.0,0.0,0.0,0.0,0.0,0.0,0.0,0.0,0.0,0.0,0.0,0.0,0.0,0.0,0.0,0.0,0.0,0.0,0.0,0.0,0.0,0.0,0.0,0.0,0.0,0.0,0.0,0.0,0.0,0.0,0.0,0.0,0.0,0.0,0.0,0.0,0.0,0.0,0.0,0.0,0.0,0.0,0.0,0.0,0.0,0.0,0.0,0.0,0.0,0.0,0.0,0.0,0.0,0.0,0.0,0.0,0.0,0.0,0.0,0.0,0.0,0.0,0.0,0.0,0.0,0.0,0.0,0.0,0.0,0.0,0.0,0.0,0.0,0.0,0.0,0.0,0.0,0.0,0.0,0.0,0.0,0.0,0.0,0.0,0.0,0.0,0.0,0.0
493,1.0,493.0,London_170,,151,453,1092.0,70.0,2.0,207927.0,1.589135027024895,912.0,178.0,2.0,176.0,328.0,19.0,309.0,0.0,278.0,80.0,16.0,62.0,3.0,13.0,0.0,1.0,10.0,86.0,158.0,199.0,31.0,0.0,0.0,0.0,0.0,0.0,0.0,0.0,0.0,0.0,0.0,0.0,0.0,0.0,0.0,0.0,0.0,0.0,0.0,0.0,0.0,0.0,0.0,0.0,0.0,0.0,0.0,0.0,0.0,0.0,0.0,0.0,0.0,0.0,0.0,2.0,1.0,1.0,0.0,0.0,0.0,1.0,20.0,0.0,0.0,3.0,0.0,9.0,5.0,0.0,8.0,38.0,43.0,18.0,9.0,0.0,0.0,0.0,0.0,0.0,0.0,0.0,0.0,0.0,0.0,0.0,0.0,0.0,0.0,15.0,3.0,7.0,0.0,0.0,0.0,1.0,28.0,0.0,0.0,3.0,0.0,11.0,7.0,0.0,9.0,59.0,61.0,24.0,11.0
494,1.0,494.0,London_170,,151,453,1092.0,70.0,2.0,170781.0,1.0861054910346866,830.0,78.0,2.0,76.0,154.0,17.0,137.0,328.0,181.0,120.0,28.0,86.0,7.0,21.0,2.0,8.0,5.0,99.0,141.0,208.0,36.0,0.0,0.0,0.0,0.0,0.0,0.0,0.0,0.0,0.0,0.0,0.0,0.0,0.0,0.0,0.0,0.0,0.0,0.0,0.0,0.0,0.0,0.0,0.0,0.0,0.0,0.0,0.0,0.0,0.0,1.0,0.0,0.0,1.0,0.0,1.0,2.0,0.0,0.0,0.0,0.0,7.0,0.0,0.0,2.0,0.0,0.0,8.0,6.0,2.0,8.0,12.0,12.0,17.0,7.0,0.0,0.0,0.0,0.0,0.0,0.0,0.0,0.0,0.0,2.0,0.0,0.0,5.0,0.0,6.0,10.0,0.0,0.0,0.0,0.0,9.0,0.0,0.0,3.0,0.0,0.0,12.0,8.0,3.0,11.0,15.0,22.0,22.0,12.0
495,1.0,495.0,London_170,,151,453,1092.0,70.0,2.0,181200.0,1.0439874781295657,853.0,32.0,2.0,30.0,66.0,18.0,48.0,154.0,198.0,118.0,30.0,85.0,3.0,17.0,1.0,1.0,8.0,99.0,135.0,211.0,39.0,0.0,0.0,0.0,0.0,0.0,0.0,0.0,0.0,0.0,1.0,0.0,0.0,0.0,0.0,0.0,1.0,0.0,0.0,1.0,0.0,0.0,0.0,0.0,0.0,0.0,0.0,0.0,0.0,0.0,1.0,0.0,0.0,1.0,0.0,0.0,0.0,0.0,0.0,0.0,0.0,0.0,1.0,0.0,0.0,0.0,0.0,0.0,1.0,0.0,3.0,9.0,9.0,11.0,0.0,0.0,0.0,0.0,0.0,0.0,0.0,0.0,0.0,0.0,7.0,0.0,0.0,8.0,0.0,0.0,0.0,0.0,0.0,0.0,0.0,0.0,1.0,0.0,0.0,0.0,0.0,0.0,1.0,0.0,4.0,14.0,13.0,12.0,0.0
496,1.0,496.0,London_170,,151,453,1092.0,70.0,2.0,207927.0,1.291967994067818,912.0,155.0,1.0,154.0,291.0,9.0,282.0,62.0,201.0,125.0,30.0,79.0,3.0,11.0,2.0,2.0,8.0,100.0,137.0,208.0,32.0,0.0,0.0,0.0,0.0,0.0,0.0,0.0,0.0,0.0,0.0,0.0,0.0,0.0,0.0,0.0,0.0,0.0,0.0,0.0,0.0,0.0,0.0,0.0,0.0,0.0,0.0,0.0,0.0,0.0,0.0,0.0,0.0,0.0,0.0,0.0,0.0,0.0,0.0,0.0,0.0,0.0,12.0,1.0,0.0,8.0,0.0,6.0,6.0,3.0,14.0,31.0,35.0,19.0,9.0,0.0,0.0,0.0,0.0,0.0,0.0,0.0,0.0,0.0,0.0,0.0,0.0,0.0,0.0,0.0,0.0,0.0,0.0,0.0,0.0,0.0,20.0,1.0,0.0,10.0,0.0,9.0,7.0,6.0,19.0,58.0,53.0,23.0,14.0
497,1.0,497.0,London_170,,151,453,1092.0,70.0,2.0,170328.0,0.9040856948122382,829.0,117.0,2.0,115.0,215.0,20.0,195.0,291.0,195.0,109.0,19.0,96.0,7.0,20.0,1.0,6.0,7.0,87.0,127.0,232.0,33.0,0.0,0.0,0.0,0.0,0.0,0.0,0.0,0.0,0.0,0.0,0.0,0.0,0.0,0.0,0.0,0.0,0.0,0.0,0.0,0.0,0.0,0.0,0.0,0.0,0.0,0.0,0.0,0.0,0.0,0.0,1.0,0.0,1.0,0.0,0.0,1.0,0.0,0.0,0.0,0.0,6.0,3.0,0.0,1.0,2.0,0.0,12.0,6.0,14.0,8.0,25.0,30.0,21.0,5.0,0.0,0.0,0.0,0.0,0.0,0.0,0.0,0.0,0.0,0.0,8.0,0.0,8.0,0.0,0.0,6.0,0.0,0.0,0.0,0.0,8.0,3.0,0.0,1.0,2.0,0.0,15.0,12.0,16.0,12.0,34.0,44.0,28.0,6.0
498,1.0,498.0,London_170,,151,453,1092.0,70.0,2.0,155832.0,0.929460281971842,797.0,87.0,2.0,85.0,160.0,20.0,140.0,215.0,191.0,117.0,15.0,89.0,11.0,27.0,1.0,2.0,10.0,83.0,140.0,220.0,42.0,0.0,0.0,0.0,0.0,0.0,0.0,0.0,0.0,0.0,0.0,0.0,0.0,0.0,0.0,0.0,0.0,0.0,0.0,0.0,0.0,0.0,0.0,0.0,0.0,0.0,0.0,0.0,0.0,0.0,1.0,1.0,0.0,1.0,0.0,0.0,1.0,1.0,0.0,0.0,0.0,5.0,11.0,7.0,3.0,5.0,1.0,4.0,5.0,3.0,2.0,13.0,24.0,10.0,6.0,0.0,0.0,0.0,0.0,0.0,0.0,0.0,0.0,0.0,1.0,8.0,0.0,8.0,0.0,0.0,6.0,11.0,0.0,0.0,0.0,5.0,14.0,8.0,4.0,5.0,1.0,4.0,6.0,3.0,2.0,20.0,31.0,15.0,9.0
499,1.0,499.0,London_170,,151,453,1092.0,70.0,2.0,149943.0,1.1315274648368359,784.0,133.0,0.0,133.0,249.0,0.0,249.0,160.0,208.0,114.0,13.0,87.0,12.0,14.0,0.0,5.0,9.0,100.0,129.0,215.0,48.0,0.0,0.0,0.0,0.0,0.0,0.0,0.0,0.0,0.0,0.0,0.0,0.0,0.0,0.0,0.0,0.0,0.0,0.0,0.0,0.0,0.0,0.0,0.0,0.0,0.0,0.0,0.0,0.0,0.0,0.0,0.0,0.0,0.0,0.0,0.0,0.0,0.0,0.0,0.0,0.0,2.0,13.0,12.0,1.0,6.0,0.0,8.0,8.0,2.0,19.0,26.0,33.0,29.0,7.0,0.0,0.0,0.0,0.0,0.0,0.0,0.0,0.0,0.0,0.0,0.0,0.0,0.0,0.0,0.0,0.0,0.0,0.0,0.0,0.0,2.0,30.0,17.0,2.0,6.0,0.0,10.0,8.0,3.0,28.0,40.0,49.0,45.0,14.0
500,1.0,500.0,London_170,,151,453,1092.0,70.0,2.0,121404.0,2.2361158458516,721.0,119.0,2.0,117.0,217.0,18.0,199.0,249.0,214.0,107.0,17.0,86.0,3.0,21.0,0.0,5.0,10.0,85.0,135.0,223.0,33.0,0.0,0.0,0.0,0.0,0.0,0.0,0.0,0.0,0.0,0.0,0.0,0.0,0.0,0.0,0.0,0.0,0.0,0.0,0.0,0.0,0.0,0.0,0.0,0.0,0.0,0.0,0.0,0.0,0.0,1.0,1.0,0.0,1.0,1.0,0.0,2.0,0.0,0.0,0.0,0.0,4.0,3.0,5.0,0.0,3.0,0.0,13.0,14.0,19.0,9.0,28.0,24.0,18.0,12.0,0.0,0.0,0.0,0.0,0.0,0.0,0.0,0.0,0.0,2.0,6.0,0.0,6.0,5.0,0.0,2.0,0.0,0.0,0.0,0.0,5.0,4.0,5.0,0.0,3.0,0.0,18.0,21.0,27.0,10.0,47.0,40.0,24.0,20.0
501,1.0,501.0,London_170,,151,453,1092.0,70.0,2.0,99207.0,0.5294249639846385,672.0,12.0,0.0,12.0,17.0,0.0,17.0,217.0,230.0,118.0,14.0,64.0,5.0,18.0,0.0,4.0,5.0,91.0,134.0,223.0,37.0,0.0,0.0,0.0,0.0,0.0,0.0,0.0,0.0,0.0,0.0,0.0,0.0,0.0,0.0,0.0,0.0,0.0,0.0,0.0,0.0,0.0,0.0,0.0,0.0,0.0,0.0,0.0,0.0,0.0,0.0,0.0,0.0,0.0,0.0,0.0,0.0,0.0,0.0,0.0,0.0,1.0,0.0,0.0,0.0,0.0,0.0,0.0,1.0,1.0,2.0,4.0,1.0,2.0,0.0,0.0,0.0,0.0,0.0,0.0,0.0,0.0,0.0,0.0,0.0,0.0,0.0,0.0,0.0,0.0,0.0,0.0,0.0,0.0,0.0,1.0,0.0,0.0,0.0,0.0,0.0,0.0,1.0,1.0,2.0,6.0,2.0,2.0,0.0
502,1.0,502.0,London_170,,151,453,1092.0,70.0,2.0,125481.0,0.7485462375916541,730.0,72.0,0.0,72.0,126.0,0.0,126.0,17.0,229.0,118.0,14.0,63.0,7.0,18.0,0.0,4.0,5.0,93.0,134.0,221.0,39.0,0.0,0.0,0.0,0.0,0.0,0.0,0.0,0.0,0.0,0.0,0.0,0.0,0.0,0.0,0.0,0.0,0.0,0.0,0.0,0.0,0.0,0.0,0.0,0.0,0.0,0.0,0.0,0.0,0.0,0.0,0.0,0.0,0.0,0.0,0.0,0.0,0.0,0.0,0.0,0.0,2.0,5.0,0.0,1.0,0.0,0.0,11.0,6.0,2.0,7.0,19.0,18.0,12.0,4.0,0.0,0.0,0.0,0.0,0.0,0.0,0.0,0.0,0.0,0.0,0.0,0.0,0.0,0.0,0.0,0.0,0.0,0.0,0.0,0.0,2.0,6.0,0.0,2.0,0.0,0.0,13.0,7.0,3.0,10.0,26.0,28.0,16.0,4.0
503,1.0,503.0,London_170,,151,453,1092.0,70.0,2.0,124575.0,0.9633577433414757,728.0,43.0,0.0,43.0,73.0,0.0,73.0,126.0,238.0,134.0,14.0,39.0,1.0,21.0,0.0,6.0,3.0,84.0,150.0,216.0,41.0,0.0,0.0,0.0,0.0,0.0,0.0,0.0,0.0,0.0,0.0,0.0,0.0,0.0,0.0,0.0,0.0,0.0,0.0,0.0,0.0,0.0,0.0,0.0,0.0,0.0,0.0,0.0,0.0,0.0,0.0,0.0,0.0,0.0,0.0,0.0,0.0,0.0,0.0,0.0,0.0,1.0,1.0,1.0,1.0,0.0,0.0,2.0,6.0,3.0,4.0,13.0,6.0,9.0,3.0,0.0,0.0,0.0,0.0,0.0,0.0,0.0,0.0,0.0,0.0,0.0,0.0,0.0,0.0,0.0,0.0,0.0,0.0,0.0,0.0,1.0,2.0,1.0,1.0,0.0,0.0,2.0,10.0,3.0,8.0,19.0,7.0,14.0,3.0
504,1.0,504.0,London_170,,151,453,1092.0,70.0,2.0,147225.0,1.5867635910399258,778.0,118.0,0.0,118.0,206.0,0.0,206.0,73.0,244.0,139.0,7.0,33.0,0.0,25.0,0.0,5.0,3.0,87.0,146.0,217.0,45.0,0.0,0.0,0.0,0.0,0.0,0.0,0.0,0.0,0.0,0.0,0.0,0.0,0.0,0.0,0.0,0.0,0.0,0.0,0.0,0.0,0.0,0.0,0.0,0.0,0.0,0.0,0.0,0.0,0.0,0.0,0.0,0.0,0.0,0.0,0.0,0.0,0.0,0.0,0.0,0.0,5.0,6.0,4.0,0.0,1.0,0.0,10.0,10.0,13.0,7.0,22.0,29.0,15.0,13.0,0.0,0.0,0.0,0.0,0.0,0.0,0.0,0.0,0.0,0.0,0.0,0.0,0.0,0.0,0.0,0.0,0.0,0.0,0.0,0.0,7.0,6.0,4.0,0.0,1.0,0.0,12.0,11.0,19.0,7.0,29.0,42.0,17.0,18.0
505,1.0,505.0,London_170,,151,453,1092.0,70.0,2.0,130011.0,0.7897072560153902,740.0,28.0,0.0,28.0,50.0,0.0,50.0,206.0,229.0,117.0,12.0,68.0,3.0,20.0,0.0,4.0,7.0,87.0,163.0,196.0,48.0,0.0,0.0,0.0,0.0,0.0,0.0,0.0,0.0,0.0,0.0,0.0,0.0,0.0,0.0,0.0,0.0,0.0,0.0,0.0,0.0,0.0,0.0,0.0,0.0,0.0,0.0,0.0,0.0,0.0,0.0,0.0,0.0,0.0,0.0,0.0,0.0,0.0,0.0,0.0,0.0,0.0,0.0,0.0,0.0,0.0,0.0,5.0,1.0,2.0,5.0,5.0,8.0,7.0,1.0,0.0,0.0,0.0,0.0,0.0,0.0,0.0,0.0,0.0,0.0,0.0,0.0,0.0,0.0,0.0,0.0,0.0,0.0,0.0,0.0,0.0,0.0,0.0,0.0,0.0,0.0,7.0,2.0,2.0,5.0,7.0,13.0,11.0,1.0
506,1.0,506.0,London_170,,151,453,1092.0,70.0,2.0,152661.0,0.9438317110762,790.0,45.0,0.0,45.0,67.0,0.0,67.0,50.0,236.0,100.0,15.0,74.0,1.0,21.0,1.0,5.0,7.0,90.0,165.0,191.0,47.0,0.0,0.0,0.0,0.0,0.0,0.0,0.0,0.0,0.0,0.0,0.0,0.0,0.0,0.0,0.0,0.0,0.0,0.0,0.0,0.0,0.0,0.0,0.0,0.0,0.0,0.0,0.0,0.0,0.0,0.0,0.0,0.0,0.0,0.0,0.0,0.0,0.0,0.0,0.0,0.0,2.0,2.0,0.0,0.0,0.0,0.0,6.0,4.0,2.0,4.0,9.0,9.0,7.0,4.0,0.0,0.0,0.0,0.0,0.0,0.0,0.0,0.0,0.0,0.0,0.0,0.0,0.0,0.0,0.0,0.0,0.0,0.0,0.0,0.0,2.0,2.0,0.0,0.0,0.0,0.0,6.0,5.0,2.0,5.0,12.0,11.0,7.0,5.0
507,1.0,507.0,London_170,,151,453,1092.0,70.0,2.0,174405.0,1.1076590931043029,838.0,103.0,2.0,101.0,186.0,18.0,168.0,67.0,235.0,108.0,20.0,70.0,1.0,16.0,0.0,3.0,8.0,89.0,168.0,188.0,54.0,0.0,0.0,0.0,0.0,0.0,0.0,0.0,0.0,0.0,0.0,0.0,0.0,0.0,0.0,0.0,0.0,0.0,0.0,0.0,0.0,0.0,0.0,0.0,0.0,0.0,0.0,0.0,0.0,0.0,0.0,0.0,0.0,0.0,0.0,1.0,1.0,0.0,0.0,0.0,0.0,5.0,6.0,2.0,1.0,4.0,0.0,8.0,5.0,2.0,9.0,19.0,28.0,16.0,9.0,0.0,0.0,0.0,0.0,0.0,0.0,0.0,0.0,0.0,0.0,0.0,0.0,0.0,0.0,7.0,2.0,0.0,0.0,0.0,0.0,6.0,10.0,2.0,1.0,5.0,0.0,10.0,8.0,2.0,14.0,27.0,37.0,21.0,13.0
508,1.0,508.0,London_170,,151,453,1092.0,70.0,2.0,162174.0,1.2325734631158412,811.0,140.0,2.0,138.0,260.0,19.0,241.0,186.0,244.0,122.0,5.0,60.0,3.0,16.0,0.0,3.0,7.0,85.0,158.0,203.0,43.0,0.0,0.0,0.0,0.0,0.0,0.0,0.0,0.0,0.0,0.0,0.0,0.0,0.0,0.0,0.0,0.0,0.0,0.0,0.0,0.0,0.0,0.0,0.0,0.0,0.0,0.0,0.0,0.0,0.0,0.0,0.0,0.0,0.0,1.0,1.0,1.0,0.0,0.0,0.0,0.0,1.0,12.0,0.0,0.0,0.0,0.0,10.0,5.0,9.0,17.0,27.0,35.0,30.0,10.0,0.0,0.0,0.0,0.0,0.0,0.0,0.0,0.0,0.0,0.0,0.0,0.0,0.0,6.0,9.0,2.0,0.0,0.0,0.0,0.0,1.0,14.0,0.0,0.0,0.0,0.0,12.0,9.0,13.0,20.0,40.0,46.0,39.0,19.0
509,1.0,509.0,London_170,,151,453,1092.0,70.0,2.0,138165.0,1.5708080437034369,758.0,59.0,1.0,58.0,113.0,10.0,103.0,260.0,224.0,90.0,23.0,78.0,9.0,22.0,5.0,2.0,7.0,76.0,144.0,226.0,36.0,0.0,0.0,0.0,0.0,0.0,0.0,0.0,0.0,0.0,0.0,0.0,0.0,0.0,0.0,0.0,0.0,0.0,0.0,0.0,0.0,0.0,0.0,0.0,0.0,0.0,0.0,0.0,0.0,0.0,1.0,0.0,0.0,1.0,0.0,0.0,1.0,0.0,0.0,0.0,0.0,1.0,3.0,0.0,2.0,0.0,0.0,4.0,4.0,1.0,6.0,4.0,12.0,9.0,7.0,0.0,0.0,0.0,0.0,0.0,0.0,0.0,0.0,0.0,4.0,0.0,0.0,5.0,0.0,0.0,2.0,0.0,0.0,0.0,0.0,1.0,3.0,0.0,3.0,0.0,0.0,6.0,8.0,1.0,9.0,7.0,19.0,13.0,8.0
510,1.0,510.0,London_170,,151,453,1092.0,70.0,2.0,144960.0,0.9367568823508918,773.0,96.0,1.0,95.0,175.0,10.0,165.0,113.0,230.0,90.0,21.0,69.0,10.0,28.0,5.0,0.0,9.0,75.0,146.0,223.0,30.0,0.0,0.0,0.0,0.0,0.0,0.0,0.0,0.0,0.0,0.0,0.0,0.0,0.0,0.0,0.0,0.0,0.0,0.0,0.0,0.0,0.0,0.0,0.0,0.0,0.0,0.0,0.0,0.0,0.0,1.0,0.0,0.0,0.0,0.0,0.0,1.0,0.0,0.0,0.0,0.0,2.0,22.0,13.0,2.0,0.0,0.0,5.0,6.0,4.0,9.0,19.0,24.0,12.0,5.0,0.0,0.0,0.0,0.0,0.0,0.0,0.0,0.0,0.0,8.0,0.0,0.0,0.0,0.0,0.0,6.0,0.0,0.0,0.0,0.0,2.0,36.0,16.0,2.0,0.0,0.0,5.0,11.0,5.0,13.0,29.0,34.0,15.0,8.0
511,1.0,511.0,London_170,,151,453,1092.0,70.0,2.0,142242.0,1.0207332489080727,767.0,17.0,0.0,17.0,30.0,0.0,30.0,175.0,239.0,86.0,25.0,62.0,8.0,26.0,2.0,5.0,10.0,76.0,140.0,227.0,37.0,0.0,0.0,0.0,0.0,0.0,0.0,0.0,0.0,0.0,0.0,0.0,0.0,0.0,0.0,0.0,0.0,0.0,0.0,0.0,0.0,0.0,0.0,0.0,0.0,0.0,0.0,0.0,0.0,0.0,0.0,0.0,0.0,0.0,0.0,0.0,0.0,0.0,0.0,0.0,0.0,0.0,0.0,0.0,0.0,0.0,0.0,1.0,0.0,0.0,2.0,3.0,3.0,2.0,0.0,0.0,0.0,0.0,0.0,0.0,0.0,0.0,0.0,0.0,0.0,0.0,0.0,0.0,0.0,0.0,0.0,0.0,0.0,0.0,0.0,0.0,0.0,0.0,0.0,0.0,0.0,2.0,0.0,0.0,3.0,7.0,5.0,3.0,0.0
512,1.0,512.0,London_170,,151,453,1092.0,70.0,2.0,176670.0,1.5224596527405083,843.0,90.0,2.0,88.0,180.0,18.0,162.0,30.0,239.0,96.0,27.0,49.0,9.0,28.0,1.0,4.0,11.0,80.0,142.0,220.0,38.0,0.0,0.0,0.0,0.0,0.0,0.0,0.0,0.0,0.0,0.0,0.0,0.0,0.0,0.0,0.0,0.0,0.0,0.0,0.0,0.0,0.0,0.0,0.0,0.0,0.0,0.0,0.0,0.0,0.0,0.0,0.0,0.0,1.0,0.0,1.0,1.0,0.0,0.0,0.0,0.0,4.0,7.0,2.0,1.0,1.0,0.0,8.0,2.0,3.0,3.0,19.0,12.0,20.0,8.0,0.0,0.0,0.0,0.0,0.0,0.0,0.0,0.0,0.0,0.0,0.0,0.0,3.0,0.0,6.0,4.0,0.0,0.0,0.0,0.0,4.0,13.0,2.0,2.0,1.0,0.0,12.0,3.0,6.0,5.0,31.0,16.0,23.0,15.0
513,1.0,513.0,London_170,,151,453,1092.0,70.0,2.0,176217.0,1.1386003619991243,842.0,133.0,2.0,131.0,244.0,16.0,228.0,180.0,262.0,76.0,24.0,66.0,8.0,14.0,0.0,3.0,4.0,87.0,140.0,222.0,29.0,0.0,0.0,0.0,0.0,0.0,0.0,0.0,0.0,0.0,0.0,0.0,0.0,0.0,0.0,0.0,0.0,0.0,0.0,0.0,0.0,0.0,0.0,0.0,0.0,0.0,0.0,0.0,0.0,0.0,0.0,0.0,0.0,0.0,1.0,1.0,0.0,0.0,0.0,0.0,0.0,3.0,14.0,0.0,2.0,2.0,0.0,10.0,6.0,15.0,10.0,28.0,39.0,23.0,9.0,0.0,0.0,0.0,0.0,0.0,0.0,0.0,0.0,0.0,0.0,0.0,0.0,0.0,5.0,5.0,0.0,0.0,0.0,0.0,0.0,4.0,17.0,0.0,2.0,4.0,0.0,14.0,9.0,16.0,11.0,41.0,56.0,28.0,11.0
514,1.0,514.0,London_170,,151,453,1092.0,70.0,2.0,150396.0,0.902012781240046,785.0,81.0,2.0,79.0,159.0,18.0,141.0,244.0,240.0,99.0,17.0,64.0,4.0,24.0,2.0,3.0,7.0,100.0,131.0,215.0,26.0,0.0,0.0,0.0,0.0,0.0,0.0,0.0,0.0,0.0,0.0,0.0,0.0,0.0,0.0,0.0,0.0,0.0,0.0,0.0,0.0,0.0,0.0,0.0,0.0,0.0,0.0,0.0,0.0,0.0,0.0,1.0,0.0,1.0,0.0,1.0,1.0,0.0,0.0,0.0,0.0,2.0,3.0,1.0,2.0,4.0,0.0,8.0,7.0,2.0,10.0,12.0,27.0,15.0,11.0,0.0,0.0,0.0,0.0,0.0,0.0,0.0,0.0,0.0,0.0,3.0,0.0,5.0,0.0,9.0,1.0,0.0,0.0,0.0,0.0,2.0,3.0,1.0,2.0,5.0,0.0,9.0,11.0,4.0,15.0,24.0,40.0,18.0,17.0
515,1.0,515.0,London_170,,151,453,1092.0,70.0,2.0,146319.0,1.3961386429145932,776.0,139.0,0.0,139.0,238.0,0.0,238.0,159.0,259.0,101.0,20.0,56.0,0.0,11.0,2.0,4.0,5.0,92.0,134.0,222.0,30.0,0.0,0.0,0.0,0.0,0.0,0.0,0.0,0.0,0.0,0.0,0.0,0.0,0.0,0.0,0.0,0.0,0.0,0.0,0.0,0.0,0.0,0.0,0.0,0.0,0.0,0.0,0.0,0.0,0.0,0.0,0.0,0.0,0.0,0.0,0.0,0.0,0.0,0.0,0.0,0.0,1.0,6.0,0.0,2.0,2.0,0.0,2.0,10.0,3.0,4.0,23.0,29.0,23.0,11.0,0.0,0.0,0.0,0.0,0.0,0.0,0.0,0.0,0.0,0.0,0.0,0.0,0.0,0.0,0.0,0.0,0.0,0.0,0.0,0.0,1.0,9.0,0.0,2.0,3.0,0.0,2.0,14.0,3.0,5.0,31.0,45.0,28.0,17.0
516,1.0,516.0,London_170,,151,453,1092.0,70.0,2.0,112797.0,0.7720710481517017,702.0,102.0,1.0,101.0,189.0,10.0,179.0,238.0,243.0,82.0,18.0,81.0,10.0,17.0,2.0,0.0,6.0,90.0,129.0,228.0,27.0,0.0,0.0,0.0,0.0,0.0,0.0,0.0,0.0,0.0,0.0,0.0,0.0,0.0,0.0,0.0,0.0,0.0,0.0,0.0,0.0,0.0,0.0,0.0,0.0,0.0,0.0,0.0,0.0,0.0,1.0,0.0,0.0,1.0,0.0,1.0,0.0,1.0,0.0,0.0,0.0,2.0,12.0,0.0,2.0,0.0,0.0,14.0,6.0,6.0,7.0,18.0,22.0,9.0,16.0,0.0,0.0,0.0,0.0,0.0,0.0,0.0,0.0,0.0,1.0,0.0,0.0,4.0,0.0,10.0,0.0,9.0,0.0,0.0,0.0,2.0,15.0,0.0,3.0,0.0,0.0,20.0,6.0,8.0,8.0,26.0,28.0,14.0,25.0
517,1.0,517.0,London_170,,151,453,1092.0,70.0,2.0,96942.0,0.5402275500819087,667.0,14.0,0.0,14.0,22.0,0.0,22.0,189.0,255.0,100.0,21.0,51.0,4.0,18.0,0.0,4.0,9.0,86.0,159.0,199.0,36.0,0.0,0.0,0.0,0.0,0.0,0.0,0.0,0.0,0.0,0.0,0.0,0.0,0.0,0.0,0.0,0.0,0.0,0.0,0.0,0.0,0.0,0.0,0.0,0.0,0.0,0.0,0.0,0.0,0.0,0.0,0.0,0.0,0.0,0.0,0.0,0.0,0.0,0.0,0.0,0.0,1.0,0.0,0.0,0.0,0.0,0.0,1.0,1.0,0.0,2.0,0.0,5.0,2.0,1.0,0.0,0.0,0.0,0.0,0.0,0.0,0.0,0.0,0.0,0.0,0.0,0.0,0.0,0.0,0.0,0.0,0.0,0.0,0.0,0.0,1.0,0.0,0.0,0.0,0.0,0.0,1.0,1.0,0.0,2.0,0.0,5.0,2.0,1.0
518,1.0,518.0,London_170,,151,453,1092.0,70.0,2.0,131823.0,0.8405817933380604,744.0,58.0,0.0,58.0,101.0,0.0,101.0,22.0,255.0,102.0,21.0,51.0,2.0,17.0,1.0,4.0,9.0,90.0,159.0,195.0,37.0,0.0,0.0,0.0,0.0,0.0,0.0,0.0,0.0,0.0,0.0,0.0,0.0,0.0,0.0,0.0,0.0,0.0,0.0,0.0,0.0,0.0,0.0,0.0,0.0,0.0,0.0,0.0,0.0,0.0,0.0,0.0,0.0,0.0,0.0,0.0,0.0,0.0,0.0,0.0,0.0,1.0,7.0,1.0,0.0,2.0,0.0,5.0,3.0,5.0,4.0,18.0,10.0,16.0,5.0,0.0,0.0,0.0,0.0,0.0,0.0,0.0,0.0,0.0,0.0,0.0,0.0,0.0,0.0,0.0,0.0,0.0,0.0,0.0,0.0,1.0,9.0,1.0,0.0,2.0,0.0,6.0,3.0,6.0,7.0,29.0,19.0,22.0,8.0
519,1.0,519.0,London_170,,151,453,1092.0,70.0,2.0,142242.0,1.3407935332506895,767.0,58.0,2.0,56.0,116.0,16.0,100.0,101.0,257.0,112.0,28.0,30.0,2.0,21.0,0.0,3.0,8.0,87.0,152.0,206.0,35.0,0.0,0.0,0.0,0.0,0.0,0.0,0.0,0.0,0.0,0.0,0.0,0.0,0.0,0.0,0.0,0.0,0.0,0.0,0.0,0.0,0.0,0.0,0.0,0.0,0.0,0.0,0.0,0.0,0.0,1.0,0.0,0.0,1.0,0.0,0.0,0.0,0.0,0.0,0.0,0.0,1.0,1.0,1.0,1.0,4.0,0.0,5.0,4.0,4.0,5.0,18.0,17.0,7.0,6.0,0.0,0.0,0.0,0.0,0.0,0.0,0.0,0.0,0.0,3.0,0.0,0.0,2.0,0.0,0.0,0.0,0.0,0.0,0.0,0.0,1.0,1.0,1.0,2.0,4.0,0.0,8.0,5.0,4.0,7.0,30.0,24.0,9.0,9.0
520,1.0,520.0,London_170,,151,453,1092.0,70.0,2.0,155379.0,0.9811038807965815,796.0,16.0,2.0,14.0,40.0,19.0,21.0,116.0,264.0,116.0,16.0,37.0,3.0,14.0,0.0,3.0,8.0,91.0,153.0,201.0,26.0,0.0,0.0,0.0,0.0,0.0,0.0,0.0,0.0,0.0,0.0,0.0,0.0,0.0,0.0,0.0,0.0,0.0,0.0,0.0,0.0,0.0,0.0,0.0,0.0,0.0,0.0,0.0,0.0,0.0,1.0,1.0,0.0,0.0,0.0,1.0,1.0,0.0,0.0,0.0,0.0,0.0,2.0,1.0,0.0,0.0,0.0,2.0,1.0,0.0,1.0,2.0,2.0,1.0,5.0,0.0,0.0,0.0,0.0,0.0,0.0,0.0,0.0,0.0,2.0,5.0,0.0,0.0,0.0,6.0,3.0,0.0,0.0,0.0,0.0,0.0,3.0,1.0,0.0,0.0,0.0,2.0,3.0,0.0,1.0,3.0,2.0,1.0,6.0
521,1.0,521.0,London_170,,151,453,1092.0,70.0,2.0,187089.0,1.1771430596709251,866.0,164.0,0.0,164.0,278.0,0.0,278.0,40.0,263.0,110.0,19.0,46.0,1.0,13.0,0.0,1.0,9.0,94.0,147.0,203.0,15.0,0.0,0.0,0.0,0.0,0.0,0.0,0.0,0.0,0.0,0.0,0.0,0.0,0.0,0.0,0.0,0.0,0.0,0.0,0.0,0.0,0.0,0.0,0.0,0.0,0.0,0.0,0.0,0.0,0.0,0.0,0.0,0.0,0.0,0.0,0.0,0.0,0.0,0.0,0.0,0.0,1.0,21.0,0.0,1.0,0.0,0.0,12.0,4.0,3.0,12.0,34.0,42.0,19.0,6.0,0.0,0.0,0.0,0.0,0.0,0.0,0.0,0.0,0.0,0.0,0.0,0.0,0.0,0.0,0.0,0.0,0.0,0.0,0.0,0.0,1.0,35.0,0.0,1.0,0.0,0.0,17.0,4.0,5.0,15.0,46.0,65.0,26.0,8.0
522,1.0,522.0,London_170,,151,453,1092.0,70.0,2.0,154926.0,0.9142041001468897,795.0,129.0,2.0,127.0,228.0,19.0,209.0,278.0,203.0,95.0,18.0,91.0,7.0,31.0,2.0,6.0,8.0,77.0,171.0,197.0,36.0,0.0,0.0,0.0,0.0,0.0,0.0,0.0,0.0,0.0,0.0,0.0,0.0,0.0,0.0,0.0,0.0,0.0,0.0,0.0,0.0,0.0,0.0,0.0,0.0,0.0,0.0,0.0,0.0,0.0,1.0,0.0,0.0,1.0,0.0,1.0,2.0,0.0,0.0,0.0,0.0,5.0,3.0,1.0,3.0,3.0,0.0,13.0,11.0,3.0,7.0,27.0,29.0,20.0,8.0,0.0,0.0,0.0,0.0,0.0,0.0,0.0,0.0,0.0,4.0,0.0,0.0,1.0,0.0,5.0,9.0,0.0,0.0,0.0,0.0,5.0,4.0,1.0,5.0,3.0,0.0,16.0,14.0,3.0,7.0,38.0,45.0,28.0,11.0
523,1.0,523.0,London_170,,151,453,1092.0,70.0,2.0,135447.0,0.7634160253219306,752.0,71.0,0.0,71.0,116.0,0.0,116.0,228.0,218.0,105.0,8.0,79.0,8.0,29.0,4.0,2.0,5.0,93.0,166.0,189.0,33.0,0.0,0.0,0.0,0.0,0.0,0.0,0.0,0.0,0.0,0.0,0.0,0.0,0.0,0.0,0.0,0.0,0.0,0.0,0.0,0.0,0.0,0.0,0.0,0.0,0.0,0.0,0.0,0.0,0.0,0.0,0.0,0.0,0.0,0.0,0.0,0.0,0.0,0.0,0.0,0.0,2.0,3.0,0.0,3.0,2.0,0.0,2.0,3.0,2.0,7.0,17.0,20.0,16.0,5.0,0.0,0.0,0.0,0.0,0.0,0.0,0.0,0.0,0.0,0.0,0.0,0.0,0.0,0.0,0.0,0.0,0.0,0.0,0.0,0.0,2.0,4.0,0.0,5.0,2.0,0.0,2.0,4.0,3.0,10.0,28.0,28.0,22.0,8.0
524,1.0,524.0,London_170,,151,453,1092.0,70.0,2.0,134541.0,1.1390864718705416,750.0,108.0,1.0,107.0,184.0,9.0,175.0,116.0,220.0,115.0,2.0,74.0,11.0,29.0,1.0,1.0,8.0,94.0,172.0,179.0,41.0,0.0,0.0,0.0,0.0,0.0,0.0,0.0,0.0,0.0,0.0,0.0,0.0,0.0,0.0,0.0,0.0,0.0,0.0,0.0,0.0,0.0,0.0,0.0,0.0,0.0,0.0,0.0,0.0,0.0,0.0,0.0,0.0,1.0,0.0,0.0,0.0,1.0,0.0,0.0,0.0,7.0,4.0,0.0,0.0,1.0,0.0,7.0,4.0,2.0,16.0,18.0,30.0,14.0,10.0,0.0,0.0,0.0,0.0,0.0,0.0,0.0,0.0,0.0,0.0,0.0,0.0,1.0,0.0,0.0,0.0,8.0,0.0,0.0,0.0,12.0,8.0,0.0,0.0,1.0,0.0,9.0,5.0,2.0,26.0,26.0,44.0,21.0,15.0
525,1.0,525.0,London_170,,151,453,1092.0,70.0,2.0,119592.0,1.2582604652270675,717.0,17.0,2.0,15.0,45.0,18.0,27.0,184.0,214.0,122.0,7.0,57.0,15.0,33.0,0.0,5.0,8.0,74.0,176.0,195.0,42.0,0.0,0.0,0.0,0.0,0.0,0.0,0.0,0.0,0.0,0.0,0.0,0.0,0.0,0.0,0.0,0.0,0.0,0.0,0.0,0.0,0.0,0.0,0.0,0.0,0.0,0.0,0.0,0.0,0.0,0.0,0.0,0.0,0.0,1.0,1.0,1.0,0.0,0.0,0.0,0.0,2.0,0.0,1.0,3.0,0.0,0.0,2.0,0.0,1.0,0.0,3.0,1.0,4.0,0.0,0.0,0.0,0.0,0.0,0.0,0.0,0.0,0.0,0.0,0.0,0.0,0.0,0.0,5.0,8.0,2.0,0.0,0.0,0.0,0.0,2.0,0.0,1.0,6.0,0.0,0.0,3.0,0.0,1.0,0.0,6.0,2.0,6.0,0.0
526,1.0,526.0,London_170,,151,453,1092.0,70.0,2.0,157191.0,0.9545333683490753,800.0,44.0,2.0,42.0,91.0,17.0,74.0,45.0,218.0,136.0,5.0,44.0,13.0,31.0,0.0,6.0,6.0,78.0,172.0,197.0,38.0,0.0,0.0,0.0,0.0,0.0,0.0,0.0,0.0,0.0,0.0,0.0,0.0,0.0,0.0,0.0,0.0,0.0,0.0,0.0,0.0,0.0,0.0,0.0,0.0,0.0,0.0,0.0,0.0,0.0,1.0,0.0,0.0,0.0,0.0,1.0,1.0,0.0,0.0,0.0,0.0,5.0,2.0,0.0,2.0,1.0,0.0,0.0,5.0,4.0,4.0,5.0,10.0,7.0,5.0,0.0,0.0,0.0,0.0,0.0,0.0,0.0,0.0,0.0,8.0,0.0,0.0,0.0,0.0,5.0,4.0,0.0,0.0,0.0,0.0,6.0,3.0,0.0,5.0,1.0,0.0,0.0,7.0,6.0,7.0,7.0,14.0,11.0,7.0
527,1.0,527.0,London_170,,151,453,1092.0,70.0,2.0,182106.0,1.4790635919198394,855.0,126.0,0.0,126.0,217.0,0.0,217.0,91.0,214.0,146.0,7.0,36.0,12.0,31.0,0.0,7.0,2.0,79.0,169.0,203.0,26.0,0.0,0.0,0.0,0.0,0.0,0.0,0.0,0.0,0.0,0.0,0.0,0.0,0.0,0.0,0.0,0.0,0.0,0.0,0.0,0.0,0.0,0.0,0.0,0.0,0.0,0.0,0.0,0.0,0.0,0.0,0.0,0.0,0.0,0.0,0.0,0.0,0.0,0.0,0.0,0.0,10.0,0.0,0.0,1.0,2.0,0.0,8.0,6.0,2.0,10.0,29.0,21.0,20.0,2.0,0.0,0.0,0.0,0.0,0.0,0.0,0.0,0.0,0.0,0.0,0.0,0.0,0.0,0.0,0.0,0.0,0.0,0.0,0.0,0.0,14.0,0.0,0.0,1.0,2.0,0.0,10.0,8.0,3.0,13.0,46.0,29.0,27.0,3.0
528,1.0,528.0,London_170,,151,453,1092.0,70.0,2.0,170781.0,0.8959197280928493,830.0,85.0,0.0,85.0,141.0,0.0,141.0,217.0,227.0,94.0,12.0,67.0,14.0,29.0,1.0,9.0,3.0,84.0,152.0,214.0,36.0,0.0,0.0,0.0,0.0,0.0,0.0,0.0,0.0,0.0,0.0,0.0,0.0,0.0,0.0,0.0,0.0,0.0,0.0,0.0,0.0,0.0,0.0,0.0,0.0,0.0,0.0,0.0,0.0,0.0,0.0,0.0,0.0,0.0,0.0,0.0,0.0,0.0,0.0,0.0,0.0,3.0,3.0,0.0,2.0,0.0,0.0,16.0,7.0,3.0,12.0,19.0,18.0,24.0,7.0,0.0,0.0,0.0,0.0,0.0,0.0,0.0,0.0,0.0,0.0,0.0,0.0,0.0,0.0,0.0,0.0,0.0,0.0,0.0,0.0,3.0,4.0,0.0,3.0,0.0,0.0,21.0,11.0,3.0,15.0,30.0,25.0,32.0,10.0
529,1.0,529.0,London_170,,151,453,1092.0,70.0,2.0,177123.0,0.9864591490477324,844.0,94.0,1.0,93.0,170.0,9.0,161.0,141.0,243.0,88.0,10.0,51.0,12.0,38.0,1.0,10.0,6.0,80.0,166.0,201.0,50.0,0.0,0.0,0.0,0.0,0.0,0.0,0.0,0.0,0.0,0.0,0.0,0.0,0.0,0.0,0.0,0.0,0.0,0.0,0.0,0.0,0.0,0.0,0.0,0.0,0.0,0.0,0.0,0.0,0.0,1.0,0.0,0.0,0.0,1.0,0.0,1.0,0.0,0.0,0.0,0.0,2.0,8.0,2.0,0.0,0.0,0.0,3.0,11.0,2.0,12.0,13.0,30.0,18.0,8.0,0.0,0.0,0.0,0.0,0.0,0.0,0.0,0.0,0.0,4.0,0.0,0.0,0.0,7.0,0.0,1.0,0.0,0.0,0.0,0.0,3.0,11.0,2.0,0.0,0.0,0.0,5.0,15.0,2.0,14.0,17.0,44.0,23.0,13.0
530,1.0,530.0,London_170,,151,453,1092.0,70.0,2.0,172140.0,2.1122520342469215,833.0,64.0,0.0,64.0,117.0,0.0,117.0,170.0,251.0,78.0,17.0,55.0,14.0,34.0,2.0,2.0,7.0,80.0,158.0,208.0,34.0,0.0,0.0,0.0,0.0,0.0,0.0,0.0,0.0,0.0,0.0,0.0,0.0,0.0,0.0,0.0,0.0,0.0,0.0,0.0,0.0,0.0,0.0,0.0,0.0,0.0,0.0,0.0,0.0,0.0,0.0,0.0,0.0,0.0,0.0,0.0,0.0,0.0,0.0,0.0,0.0,2.0,2.0,1.0,1.0,0.0,0.0,7.0,5.0,2.0,10.0,11.0,19.0,8.0,6.0,0.0,0.0,0.0,0.0,0.0,0.0,0.0,0.0,0.0,0.0,0.0,0.0,0.0,0.0,0.0,0.0,0.0,0.0,0.0,0.0,2.0,3.0,1.0,1.0,0.0,0.0,9.0,8.0,2.0,11.0,20.0,30.0,9.0,10.0
531,1.0,531.0,London_170,,151,453,1092.0,70.0,2.0,190713.0,1.3654848327860236,874.0,151.0,2.0,149.0,283.0,19.0,264.0,117.0,258.0,73.0,19.0,56.0,13.0,31.0,1.0,2.0,8.0,86.0,156.0,203.0,39.0,0.0,0.0,0.0,0.0,0.0,0.0,0.0,0.0,0.0,0.0,0.0,0.0,0.0,0.0,0.0,0.0,0.0,0.0,0.0,0.0,0.0,0.0,0.0,0.0,0.0,0.0,0.0,0.0,0.0,0.0,2.0,0.0,1.0,1.0,0.0,1.0,0.0,0.0,0.0,0.0,3.0,21.0,3.0,3.0,2.0,0.0,12.0,1.0,0.0,5.0,21.0,44.0,15.0,14.0,0.0,0.0,0.0,0.0,0.0,0.0,0.0,0.0,0.0,0.0,9.0,0.0,2.0,9.0,0.0,3.0,0.0,0.0,0.0,0.0,3.0,32.0,3.0,7.0,2.0,0.0,15.0,2.0,0.0,6.0,31.0,65.0,18.0,19.0
532,1.0,532.0,London_170,,151,453,1092.0,70.0,2.0,159003.0,0.9680738039314747,804.0,68.0,0.0,68.0,120.0,0.0,120.0,283.0,213.0,101.0,18.0,81.0,5.0,29.0,0.0,6.0,7.0,75.0,153.0,218.0,28.0,0.0,0.0,0.0,0.0,0.0,0.0,0.0,0.0,0.0,0.0,0.0,0.0,0.0,0.0,0.0,0.0,0.0,0.0,0.0,0.0,0.0,0.0,0.0,0.0,0.0,0.0,0.0,0.0,0.0,0.0,0.0,0.0,0.0,0.0,0.0,0.0,0.0,0.0,0.0,0.0,2.0,7.0,4.0,2.0,0.0,0.0,6.0,8.0,9.0,11.0,15.0,17.0,23.0,3.0,0.0,0.0,0.0,0.0,0.0,0.0,0.0,0.0,0.0,0.0,0.0,0.0,0.0,0.0,0.0,0.0,0.0,0.0,0.0,0.0,5.0,9.0,5.0,2.0,0.0,0.0,9.0,8.0,13.0,16.0,23.0,27.0,26.0,4.0
533,1.0,533.0,London_170,,151,453,1092.0,70.0,2.0,172593.0,1.2402374898083508,834.0,105.0,0.0,105.0,186.0,0.0,186.0,120.0,230.0,76.0,16.0,86.0,7.0,36.0,1.0,1.0,7.0,81.0,169.0,196.0,41.0,0.0,0.0,0.0,0.0,0.0,0.0,0.0,0.0,0.0,0.0,0.0,0.0,0.0,0.0,0.0,0.0,0.0,0.0,0.0,0.0,0.0,0.0,0.0,0.0,0.0,0.0,0.0,0.0,0.0,0.0,0.0,0.0,0.0,0.0,0.0,0.0,0.0,0.0,0.0,0.0,4.0,1.0,0.0,2.0,0.0,0.0,3.0,7.0,9.0,11.0,19.0,23.0,14.0,11.0,0.0,0.0,0.0,0.0,0.0,0.0,0.0,0.0,0.0,0.0,0.0,0.0,0.0,0.0,0.0,0.0,0.0,0.0,0.0,0.0,5.0,2.0,0.0,3.0,0.0,0.0,3.0,9.0,14.0,15.0,27.0,35.0,21.0,18.0
534,1.0,534.0,London_170,,151,453,1092.0,70.0,2.0,155379.0,2.2408492821268737,796.0,147.0,0.0,147.0,256.0,0.0,256.0,186.0,226.0,98.0,16.0,65.0,11.0,34.0,1.0,2.0,7.0,68.0,171.0,207.0,35.0,0.0,0.0,0.0,0.0,0.0,0.0,0.0,0.0,0.0,0.0,0.0,0.0,0.0,0.0,0.0,0.0,0.0,0.0,0.0,0.0,0.0,0.0,0.0,0.0,0.0,0.0,0.0,0.0,0.0,0.0,0.0,0.0,0.0,0.0,0.0,0.0,0.0,0.0,0.0,0.0,2.0,12.0,2.0,8.0,3.0,0.0,2.0,4.0,7.0,8.0,15.0,37.0,35.0,12.0,0.0,0.0,0.0,0.0,0.0,0.0,0.0,0.0,0.0,0.0,0.0,0.0,0.0,0.0,0.0,0.0,0.0,0.0,0.0,0.0,2.0,18.0,3.0,13.0,3.0,0.0,2.0,5.0,8.0,8.0,23.0,54.0,49.0,18.0
535,1.0,535.0,London_170,,151,453,1092.0,70.0,2.0,115515.0,0.8872906360775232,708.0,43.0,2.0,41.0,92.0,19.0,73.0,256.0,234.0,89.0,13.0,77.0,5.0,27.0,3.0,5.0,9.0,66.0,159.0,219.0,34.0,0.0,0.0,0.0,0.0,0.0,0.0,0.0,0.0,0.0,0.0,0.0,0.0,0.0,0.0,0.0,0.0,0.0,0.0,0.0,0.0,0.0,0.0,0.0,0.0,0.0,0.0,0.0,0.0,0.0,2.0,0.0,0.0,0.0,0.0,2.0,1.0,1.0,0.0,0.0,0.0,2.0,3.0,1.0,1.0,2.0,0.0,2.0,8.0,4.0,3.0,9.0,10.0,5.0,3.0,0.0,0.0,0.0,0.0,0.0,0.0,0.0,0.0,0.0,5.0,0.0,0.0,0.0,0.0,14.0,5.0,10.0,0.0,0.0,0.0,2.0,5.0,1.0,1.0,3.0,0.0,2.0,9.0,6.0,6.0,13.0,15.0,5.0,6.0
536,1.0,536.0,London_170,,151,453,1092.0,70.0,2.0,127746.0,2.2727238018997014,735.0,70.0,2.0,68.0,139.0,17.0,122.0,92.0,231.0,109.0,6.0,78.0,5.0,19.0,1.0,4.0,10.0,74.0,151.0,218.0,31.0,0.0,0.0,0.0,0.0,0.0,0.0,0.0,0.0,0.0,0.0,0.0,0.0,0.0,0.0,0.0,0.0,0.0,0.0,0.0,0.0,0.0,0.0,0.0,0.0,0.0,0.0,0.0,0.0,0.0,0.0,0.0,0.0,2.0,0.0,1.0,2.0,0.0,0.0,0.0,0.0,0.0,10.0,1.0,0.0,1.0,0.0,6.0,8.0,6.0,12.0,14.0,16.0,12.0,6.0,0.0,0.0,0.0,0.0,0.0,0.0,0.0,0.0,0.0,0.0,0.0,0.0,9.0,0.0,8.0,4.0,0.0,0.0,0.0,0.0,0.0,14.0,1.0,0.0,1.0,0.0,9.0,11.0,10.0,18.0,24.0,24.0,15.0,7.0
537,1.0,537.0,London_170,,151,453,1092.0,70.0,2.0,130011.0,0.7891926821321249,740.0,68.0,2.0,66.0,126.0,18.0,108.0,139.0,227.0,130.0,9.0,63.0,5.0,16.0,1.0,2.0,12.0,79.0,141.0,221.0,30.0,0.0,0.0,0.0,0.0,0.0,0.0,0.0,0.0,0.0,0.0,0.0,0.0,0.0,0.0,0.0,0.0,0.0,0.0,0.0,0.0,0.0,0.0,0.0,0.0,0.0,0.0,0.0,0.0,0.0,1.0,0.0,0.0,1.0,0.0,0.0,0.0,0.0,0.0,0.0,0.0,1.0,1.0,1.0,0.0,1.0,0.0,5.0,4.0,6.0,11.0,12.0,15.0,12.0,9.0,0.0,0.0,0.0,0.0,0.0,0.0,0.0,0.0,0.0,5.0,0.0,0.0,9.0,0.0,0.0,0.0,0.0,0.0,0.0,0.0,2.0,2.0,1.0,0.0,1.0,0.0,7.0,6.0,8.0,12.0,19.0,21.0,15.0,11.0
538,1.0,538.0,London_170,,151,453,1092.0,70.0,2.0,131370.0,0.8975857109762728,743.0,72.0,1.0,71.0,144.0,9.0,135.0,126.0,233.0,120.0,12.0,58.0,5.0,21.0,0.0,4.0,9.0,76.0,139.0,229.0,35.0,0.0,0.0,0.0,0.0,0.0,0.0,0.0,0.0,0.0,0.0,0.0,0.0,0.0,0.0,0.0,0.0,0.0,0.0,0.0,0.0,0.0,0.0,0.0,0.0,0.0,0.0,0.0,0.0,0.0,0.0,0.0,0.0,0.0,0.0,0.0,0.0,0.0,0.0,0.0,0.0,1.0,7.0,0.0,1.0,2.0,0.0,8.0,14.0,10.0,7.0,12.0,19.0,14.0,12.0,0.0,0.0,0.0,0.0,0.0,0.0,0.0,0.0,0.0,0.0,0.0,0.0,0.0,0.0,0.0,0.0,0.0,0.0,0.0,0.0,1.0,13.0,0.0,1.0,3.0,0.0,15.0,21.0,13.0,11.0,24.0,28.0,16.0,15.0
539,1.0,539.0,London_170,,151,453,1092.0,70.0,2.0,135447.0,1.0344850290566683,752.0,118.0,2.0,116.0,228.0,20.0,208.0,144.0,251.0,123.0,17.0,42.0,3.0,13.0,2.0,2.0,7.0,88.0,140.0,218.0,28.0,0.0,0.0,0.0,0.0,0.0,0.0,0.0,0.0,0.0,0.0,0.0,0.0,0.0,0.0,0.0,0.0,0.0,0.0,0.0,0.0,0.0,0.0,0.0,0.0,0.0,0.0,0.0,0.0,0.0,0.0,0.0,0.0,1.0,0.0,0.0,0.0,0.0,0.0,0.0,0.0,3.0,10.0,11.0,1.0,10.0,0.0,11.0,8.0,2.0,20.0,23.0,29.0,8.0,10.0,0.0,0.0,0.0,0.0,0.0,0.0,0.0,0.0,0.0,0.0,0.0,0.0,1.0,0.0,0.0,0.0,0.0,0.0,0.0,0.0,5.0,13.0,11.0,2.0,10.0,0.0,23.0,10.0,2.0,29.0,37.0,45.0,9.0,16.0
540,1.0,540.0,London_170,,151,453,1092.0,70.0,2.0,122310.0,1.2064282628707588,723.0,20.0,2.0,18.0,47.0,20.0,27.0,228.0,257.0,94.0,18.0,58.0,4.0,16.0,1.0,5.0,7.0,69.0,147.0,230.0,25.0,0.0,0.0,0.0,0.0,0.0,0.0,0.0,0.0,0.0,0.0,0.0,0.0,0.0,0.0,0.0,0.0,0.0,0.0,0.0,0.0,0.0,0.0,0.0,0.0,0.0,0.0,0.0,0.0,0.0,1.0,1.0,0.0,1.0,0.0,0.0,1.0,1.0,0.0,0.0,0.0,1.0,0.0,0.0,0.0,0.0,0.0,1.0,2.0,0.0,4.0,4.0,4.0,7.0,2.0,0.0,0.0,0.0,0.0,0.0,0.0,0.0,0.0,0.0,5.0,7.0,0.0,8.0,0.0,0.0,2.0,10.0,0.0,0.0,0.0,2.0,0.0,0.0,0.0,0.0,0.0,2.0,3.0,0.0,5.0,8.0,5.0,7.0,3.0
541,1.0,541.0,London_170,,151,453,1092.0,70.0,2.0,156738.0,1.077557552140206,799.0,12.0,0.0,12.0,17.0,0.0,17.0,47.0,261.0,100.0,19.0,51.0,3.0,12.0,1.0,6.0,7.0,70.0,145.0,231.0,30.0,0.0,0.0,0.0,0.0,0.0,0.0,0.0,0.0,0.0,0.0,0.0,0.0,0.0,0.0,0.0,0.0,0.0,0.0,0.0,0.0,0.0,0.0,0.0,0.0,0.0,0.0,0.0,0.0,0.0,0.0,0.0,0.0,0.0,0.0,0.0,0.0,0.0,0.0,0.0,0.0,1.0,0.0,0.0,2.0,0.0,0.0,0.0,0.0,2.0,3.0,2.0,6.0,2.0,1.0,0.0,0.0,0.0,0.0,0.0,0.0,0.0,0.0,0.0,0.0,0.0,0.0,0.0,0.0,0.0,0.0,0.0,0.0,0.0,0.0,2.0,0.0,0.0,3.0,0.0,0.0,0.0,0.0,2.0,3.0,2.0,8.0,3.0,2.0
542,1.0,542.0,London_170,,151,453,1092.0,70.0,2.0,200226.0,1.2338446821086109,895.0,97.0,2.0,95.0,183.0,18.0,165.0,17.0,261.0,106.0,18.0,49.0,3.0,9.0,1.0,6.0,7.0,70.0,143.0,233.0,32.0,0.0,0.0,0.0,0.0,0.0,0.0,0.0,0.0,0.0,0.0,0.0,0.0,0.0,0.0,0.0,0.0,0.0,0.0,0.0,0.0,0.0,0.0,0.0,0.0,0.0,0.0,0.0,0.0,0.0,0.0,1.0,0.0,1.0,1.0,0.0,2.0,0.0,0.0,0.0,0.0,5.0,3.0,1.0,1.0,7.0,0.0,9.0,2.0,3.0,6.0,18.0,22.0,20.0,9.0,0.0,0.0,0.0,0.0,0.0,0.0,0.0,0.0,0.0,0.0,7.0,0.0,3.0,7.0,0.0,3.0,0.0,0.0,0.0,0.0,7.0,5.0,1.0,1.0,7.0,0.0,15.0,2.0,4.0,8.0,31.0,33.0,28.0,13.0
543,1.0,543.0,London_170,,151,453,1092.0,70.0,2.0,206568.0,1.2160804779268801,909.0,163.0,0.0,163.0,288.0,0.0,288.0,183.0,271.0,82.0,18.0,61.0,3.0,16.0,0.0,2.0,5.0,85.0,145.0,218.0,17.0,0.0,0.0,0.0,0.0,0.0,0.0,0.0,0.0,0.0,0.0,0.0,0.0,0.0,0.0,0.0,0.0,0.0,0.0,0.0,0.0,0.0,0.0,0.0,0.0,0.0,0.0,0.0,0.0,0.0,0.0,0.0,0.0,0.0,0.0,0.0,0.0,0.0,0.0,0.0,0.0,4.0,14.0,1.0,2.0,0.0,0.0,9.0,15.0,9.0,12.0,33.0,49.0,22.0,12.0,0.0,0.0,0.0,0.0,0.0,0.0,0.0,0.0,0.0,0.0,0.0,0.0,0.0,0.0,0.0,0.0,0.0,0.0,0.0,0.0,4.0,20.0,1.0,3.0,0.0,0.0,10.0,18.0,11.0,16.0,59.0,77.0,37.0,20.0
544,1.0,544.0,London_170,,151,453,1092.0,70.0,2.0,171687.0,0.8430007230490446,832.0,79.0,0.0,79.0,132.0,0.0,132.0,288.0,200.0,102.0,24.0,86.0,10.0,23.0,1.0,7.0,7.0,80.0,145.0,221.0,35.0,0.0,0.0,0.0,0.0,0.0,0.0,0.0,0.0,0.0,0.0,0.0,0.0,0.0,0.0,0.0,0.0,0.0,0.0,0.0,0.0,0.0,0.0,0.0,0.0,0.0,0.0,0.0,0.0,0.0,0.0,0.0,0.0,0.0,0.0,0.0,0.0,0.0,0.0,0.0,0.0,2.0,5.0,0.0,1.0,0.0,0.0,9.0,9.0,11.0,6.0,14.0,17.0,15.0,10.0,0.0,0.0,0.0,0.0,0.0,0.0,0.0,0.0,0.0,0.0,0.0,0.0,0.0,0.0,0.0,0.0,0.0,0.0,0.0,0.0,3.0,5.0,0.0,1.0,0.0,0.0,11.0,12.0,15.0,10.0,23.0,21.0,16.0,11.0
545,1.0,545.0,London_170,,151,453,1092.0,70.0,2.0,172140.0,0.9949799138121307,833.0,91.0,0.0,91.0,162.0,0.0,162.0,132.0,216.0,100.0,31.0,63.0,13.0,23.0,2.0,5.0,7.0,80.0,154.0,212.0,49.0,0.0,0.0,0.0,0.0,0.0,0.0,0.0,0.0,0.0,0.0,0.0,0.0,0.0,0.0,0.0,0.0,0.0,0.0,0.0,0.0,0.0,0.0,0.0,0.0,0.0,0.0,0.0,0.0,0.0,0.0,0.0,0.0,0.0,0.0,0.0,0.0,0.0,0.0,0.0,0.0,2.0,10.0,0.0,0.0,0.0,0.0,5.0,7.0,5.0,6.0,15.0,25.0,20.0,11.0,0.0,0.0,0.0,0.0,0.0,0.0,0.0,0.0,0.0,0.0,0.0,0.0,0.0,0.0,0.0,0.0,0.0,0.0,0.0,0.0,2.0,13.0,0.0,0.0,0.0,0.0,8.0,9.0,7.0,6.0,22.0,35.0,28.0,16.0
546,1.0,546.0,London_170,,151,453,1092.0,70.0,2.0,170781.0,1.1248921686783433,830.0,121.0,0.0,121.0,200.0,0.0,200.0,162.0,227.0,96.0,32.0,44.0,15.0,28.0,3.0,8.0,7.0,83.0,151.0,212.0,36.0,0.0,0.0,0.0,0.0,0.0,0.0,0.0,0.0,0.0,0.0,0.0,0.0,0.0,0.0,0.0,0.0,0.0,0.0,0.0,0.0,0.0,0.0,0.0,0.0,0.0,0.0,0.0,0.0,0.0,0.0,0.0,0.0,0.0,0.0,0.0,0.0,0.0,0.0,0.0,0.0,0.0,3.0,0.0,0.0,3.0,0.0,2.0,5.0,5.0,11.0,23.0,34.0,19.0,10.0,0.0,0.0,0.0,0.0,0.0,0.0,0.0,0.0,0.0,0.0,0.0,0.0,0.0,0.0,0.0,0.0,0.0,0.0,0.0,0.0,0.0,3.0,0.0,0.0,3.0,0.0,2.0,5.0,5.0,13.0,36.0,43.0,22.0,13.0
547,1.0,547.0,London_170,,151,453,1092.0,70.0,2.0,149037.0,0.928425582125783,782.0,125.0,0.0,125.0,214.0,0.0,214.0,200.0,232.0,90.0,18.0,55.0,17.0,25.0,3.0,13.0,8.0,80.0,147.0,218.0,30.0,0.0,0.0,0.0,0.0,0.0,0.0,0.0,0.0,0.0,0.0,0.0,0.0,0.0,0.0,0.0,0.0,0.0,0.0,0.0,0.0,0.0,0.0,0.0,0.0,0.0,0.0,0.0,0.0,0.0,0.0,0.0,0.0,0.0,0.0,0.0,0.0,0.0,0.0,0.0,0.0,1.0,2.0,0.0,3.0,7.0,0.0,3.0,10.0,4.0,17.0,23.0,31.0,30.0,9.0,0.0,0.0,0.0,0.0,0.0,0.0,0.0,0.0,0.0,0.0,0.0,0.0,0.0,0.0,0.0,0.0,0.0,0.0,0.0,0.0,1.0,3.0,0.0,5.0,7.0,0.0,3.0,15.0,6.0,21.0,37.0,44.0,39.0,14.0
548,1.0,548.0,London_170,,151,453,1092.0,70.0,2.0,125934.0,0.8486201791092753,731.0,88.0,0.0,88.0,146.0,0.0,146.0,214.0,261.0,73.0,13.0,56.0,19.0,27.0,1.0,3.0,6.0,79.0,147.0,221.0,29.0,0.0,0.0,0.0,0.0,0.0,0.0,0.0,0.0,0.0,0.0,0.0,0.0,0.0,0.0,0.0,0.0,0.0,0.0,0.0,0.0,0.0,0.0,0.0,0.0,0.0,0.0,0.0,0.0,0.0,0.0,0.0,0.0,0.0,0.0,0.0,0.0,0.0,0.0,0.0,0.0,7.0,2.0,0.0,2.0,0.0,1.0,14.0,9.0,10.0,9.0,13.0,23.0,13.0,4.0,0.0,0.0,0.0,0.0,0.0,0.0,0.0,0.0,0.0,0.0,0.0,0.0,0.0,0.0,0.0,0.0,0.0,0.0,0.0,0.0,9.0,2.0,0.0,4.0,0.0,1.0,18.0,11.0,11.0,12.0,18.0,33.0,15.0,6.0
549,1.0,549.0,London_170,,151,453,1092.0,70.0,2.0,120498.0,0.8047234360128641,719.0,64.0,2.0,62.0,125.0,18.0,107.0,146.0,275.0,81.0,14.0,30.0,16.0,35.0,1.0,1.0,6.0,70.0,149.0,228.0,26.0,0.0,0.0,0.0,0.0,0.0,0.0,0.0,0.0,0.0,0.0,0.0,0.0,0.0,0.0,0.0,0.0,0.0,0.0,0.0,0.0,0.0,0.0,0.0,0.0,0.0,0.0,0.0,0.0,0.0,0.0,0.0,0.0,1.0,0.0,1.0,1.0,0.0,0.0,0.0,0.0,2.0,12.0,0.0,1.0,0.0,0.0,9.0,8.0,5.0,5.0,15.0,15.0,10.0,3.0,0.0,0.0,0.0,0.0,0.0,0.0,0.0,0.0,0.0,0.0,0.0,0.0,2.0,0.0,4.0,4.0,0.0,0.0,0.0,0.0,2.0,17.0,0.0,1.0,0.0,0.0,9.0,10.0,7.0,7.0,21.0,24.0,10.0,4.0
550,1.0,550.0,London_170,,151,453,1092.0,70.0,2.0,131823.0,1.0243463297374547,744.0,57.0,2.0,55.0,105.0,19.0,86.0,125.0,264.0,85.0,13.0,28.0,18.0,44.0,0.0,1.0,9.0,76.0,138.0,230.0,32.0,0.0,0.0,0.0,0.0,0.0,0.0,0.0,0.0,0.0,0.0,0.0,0.0,0.0,0.0,0.0,0.0,0.0,0.0,0.0,0.0,0.0,0.0,0.0,0.0,0.0,0.0,0.0,0.0,0.0,0.0,0.0,0.0,1.0,1.0,1.0,1.0,0.0,0.0,0.0,0.0,2.0,2.0,0.0,1.0,0.0,0.0,14.0,9.0,3.0,6.0,6.0,13.0,13.0,6.0,0.0,0.0,0.0,0.0,0.0,0.0,0.0,0.0,0.0,0.0,0.0,0.0,5.0,5.0,4.0,5.0,0.0,0.0,0.0,0.0,2.0,4.0,0.0,2.0,0.0,0.0,19.0,12.0,6.0,7.0,7.0,16.0,15.0,9.0
551,1.0,551.0,London_170,,151,453,1092.0,70.0,2.0,151755.0,1.0850549549795687,788.0,107.0,1.0,106.0,183.0,10.0,173.0,105.0,271.0,85.0,9.0,32.0,14.0,40.0,0.0,2.0,5.0,81.0,147.0,220.0,33.0,0.0,0.0,0.0,0.0,0.0,0.0,0.0,0.0,0.0,0.0,0.0,0.0,0.0,0.0,0.0,0.0,0.0,0.0,0.0,0.0,0.0,0.0,0.0,0.0,0.0,0.0,0.0,0.0,0.0,1.0,0.0,0.0,1.0,0.0,0.0,1.0,0.0,0.0,0.0,0.0,6.0,11.0,1.0,2.0,0.0,0.0,6.0,7.0,5.0,6.0,18.0,24.0,19.0,8.0,0.0,0.0,0.0,0.0,0.0,0.0,0.0,0.0,0.0,4.0,0.0,0.0,6.0,0.0,0.0,4.0,0.0,0.0,0.0,0.0,6.0,15.0,1.0,3.0,0.0,0.0,8.0,9.0,7.0,8.0,26.0,35.0,23.0,13.0
552,1.0,552.0,London_170,,151,453,1092.0,70.0,2.0,141789.0,0.8205826347693801,766.0,44.0,1.0,43.0,84.0,10.0,74.0,183.0,265.0,65.0,14.0,55.0,12.0,39.0,2.0,1.0,2.0,81.0,153.0,217.0,24.0,0.0,0.0,0.0,0.0,0.0,0.0,0.0,0.0,0.0,0.0,0.0,0.0,0.0,0.0,0.0,0.0,0.0,0.0,0.0,0.0,0.0,0.0,0.0,0.0,0.0,0.0,0.0,0.0,0.0,1.0,0.0,0.0,0.0,0.0,0.0,1.0,0.0,0.0,0.0,0.0,6.0,4.0,1.0,2.0,0.0,0.0,5.0,4.0,7.0,5.0,9.0,8.0,9.0,8.0,0.0,0.0,0.0,0.0,0.0,0.0,0.0,0.0,0.0,5.0,0.0,0.0,0.0,0.0,0.0,9.0,0.0,0.0,0.0,0.0,9.0,4.0,1.0,3.0,0.0,0.0,7.0,5.0,9.0,5.0,9.0,13.0,12.0,10.0
553,1.0,553.0,London_170,,151,453,1092.0,70.0,2.0,160815.0,0.9193882117979228,808.0,7.0,0.0,7.0,12.0,0.0,12.0,84.0,276.0,62.0,11.0,55.0,8.0,37.0,4.0,0.0,6.0,87.0,168.0,192.0,30.0,0.0,0.0,0.0,0.0,0.0,0.0,0.0,0.0,0.0,0.0,0.0,0.0,0.0,0.0,0.0,0.0,0.0,0.0,0.0,0.0,0.0,0.0,0.0,0.0,0.0,0.0,0.0,0.0,0.0,0.0,0.0,0.0,0.0,0.0,0.0,0.0,0.0,0.0,0.0,0.0,0.0,0.0,0.0,0.0,0.0,0.0,0.0,0.0,0.0,2.0,1.0,1.0,1.0,1.0,0.0,0.0,0.0,0.0,0.0,0.0,0.0,0.0,0.0,0.0,0.0,0.0,0.0,0.0,0.0,0.0,0.0,0.0,0.0,0.0,0.0,0.0,0.0,0.0,0.0,0.0,0.0,0.0,0.0,4.0,1.0,3.0,1.0,3.0
554,1.0,554.0,London_170,,151,453,1092.0,70.0,2.0,207927.0,2.678351557813585,912.0,157.0,2.0,155.0,282.0,18.0,264.0,12.0,275.0,64.0,11.0,55.0,8.0,36.0,4.0,0.0,6.0,88.0,163.0,196.0,30.0,0.0,0.0,0.0,0.0,0.0,0.0,0.0,0.0,0.0,0.0,0.0,0.0,0.0,0.0,0.0,0.0,0.0,0.0,0.0,0.0,0.0,0.0,0.0,0.0,0.0,0.0,0.0,0.0,0.0,0.0,0.0,0.0,1.0,0.0,1.0,1.0,0.0,0.0,0.0,0.0,3.0,19.0,6.0,2.0,4.0,0.0,13.0,3.0,4.0,5.0,35.0,37.0,12.0,7.0,0.0,0.0,0.0,0.0,0.0,0.0,0.0,0.0,0.0,0.0,0.0,0.0,2.0,0.0,4.0,6.0,0.0,0.0,0.0,0.0,3.0,27.0,7.0,5.0,5.0,0.0,18.0,5.0,9.0,6.0,48.0,50.0,15.0,10.0
555,1.0,555.0,London_170,,151,453,1092.0,70.0,2.0,180294.0,0.8746312861330807,851.0,78.0,2.0,76.0,139.0,16.0,123.0,282.0,192.0,120.0,15.0,81.0,9.0,29.0,1.0,6.0,4.0,88.0,131.0,230.0,36.0,0.0,0.0,0.0,0.0,0.0,0.0,0.0,0.0,0.0,0.0,0.0,0.0,0.0,0.0,0.0,0.0,0.0,0.0,0.0,0.0,0.0,0.0,0.0,0.0,0.0,0.0,0.0,0.0,0.0,1.0,0.0,0.0,0.0,1.0,1.0,2.0,0.0,0.0,0.0,0.0,1.0,0.0,1.0,2.0,0.0,0.0,12.0,4.0,3.0,2.0,17.0,25.0,16.0,10.0,0.0,0.0,0.0,0.0,0.0,0.0,0.0,0.0,0.0,3.0,0.0,0.0,0.0,6.0,6.0,2.0,0.0,0.0,0.0,0.0,1.0,0.0,1.0,3.0,0.0,0.0,24.0,6.0,3.0,2.0,22.0,39.0,23.0,15.0
556,1.0,556.0,London_170,,151,453,1092.0,70.0,2.0,194337.0,1.3941628700122237,882.0,179.0,2.0,177.0,337.0,18.0,319.0,139.0,203.0,127.0,17.0,69.0,6.0,26.0,2.0,3.0,8.0,84.0,144.0,217.0,51.0,0.0,0.0,0.0,0.0,0.0,0.0,0.0,0.0,0.0,0.0,0.0,0.0,0.0,0.0,0.0,0.0,0.0,0.0,0.0,0.0,0.0,0.0,0.0,0.0,0.0,0.0,0.0,0.0,0.0,0.0,0.0,0.0,0.0,0.0,1.0,0.0,0.0,0.0,0.0,0.0,3.0,10.0,2.0,1.0,4.0,0.0,10.0,5.0,2.0,14.0,30.0,54.0,28.0,12.0,0.0,0.0,0.0,0.0,0.0,0.0,0.0,0.0,0.0,0.0,0.0,0.0,0.0,0.0,9.0,0.0,0.0,0.0,0.0,0.0,3.0,16.0,2.0,3.0,5.0,0.0,12.0,5.0,4.0,18.0,46.0,81.0,35.0,16.0
557,1.0,557.0,London_170,,151,453,1092.0,70.0,2.0,147678.0,0.9649392506107688,779.0,25.0,0.0,25.0,45.0,0.0,45.0,337.0,162.0,111.0,26.0,108.0,11.0,26.0,1.0,8.0,7.0,89.0,151.0,206.0,38.0,0.0,0.0,0.0,0.0,0.0,0.0,0.0,0.0,0.0,0.0,0.0,0.0,0.0,0.0,0.0,0.0,0.0,0.0,0.0,0.0,0.0,0.0,0.0,0.0,0.0,0.0,0.0,0.0,0.0,0.0,0.0,0.0,0.0,0.0,0.0,0.0,0.0,0.0,0.0,0.0,0.0,0.0,0.0,0.0,0.0,0.0,2.0,2.0,3.0,4.0,7.0,6.0,4.0,3.0,0.0,0.0,0.0,0.0,0.0,0.0,0.0,0.0,0.0,0.0,0.0,0.0,0.0,0.0,0.0,0.0,0.0,0.0,0.0,0.0,0.0,0.0,0.0,0.0,0.0,0.0,2.0,2.0,3.0,8.0,11.0,9.0,8.0,5.0
558,1.0,558.0,London_170,,151,453,1092.0,70.0,2.0,167157.0,0.8226230470463634,822.0,129.0,1.0,128.0,223.0,10.0,213.0,45.0,164.0,122.0,21.0,102.0,10.0,27.0,0.0,7.0,7.0,81.0,148.0,217.0,44.0,0.0,0.0,0.0,0.0,0.0,0.0,0.0,0.0,0.0,0.0,0.0,0.0,0.0,0.0,0.0,0.0,0.0,0.0,0.0,0.0,0.0,0.0,0.0,0.0,0.0,0.0,0.0,0.0,0.0,0.0,0.0,0.0,1.0,0.0,1.0,0.0,1.0,0.0,0.0,0.0,3.0,6.0,2.0,2.0,0.0,0.0,12.0,9.0,3.0,16.0,34.0,28.0,19.0,4.0,0.0,0.0,0.0,0.0,0.0,0.0,0.0,0.0,0.0,0.0,0.0,0.0,7.0,0.0,8.0,0.0,9.0,0.0,0.0,0.0,4.0,6.0,2.0,2.0,0.0,0.0,15.0,14.0,5.0,17.0,48.0,43.0,25.0,4.0
559,1.0,559.0,London_170,,151,453,1092.0,70.0,2.0,140430.0,0.6755038592964411,763.0,13.0,0.0,13.0,25.0,0.0,25.0,223.0,169.0,151.0,16.0,75.0,10.0,28.0,1.0,3.0,9.0,85.0,143.0,216.0,55.0,0.0,0.0,0.0,0.0,0.0,0.0,0.0,0.0,0.0,0.0,0.0,0.0,0.0,0.0,0.0,0.0,0.0,0.0,0.0,0.0,0.0,0.0,0.0,0.0,0.0,0.0,0.0,0.0,0.0,0.0,0.0,0.0,0.0,0.0,0.0,0.0,0.0,0.0,0.0,0.0,0.0,0.0,0.0,1.0,0.0,0.0,2.0,0.0,0.0,3.0,4.0,4.0,4.0,0.0,0.0,0.0,0.0,0.0,0.0,0.0,0.0,0.0,0.0,0.0,0.0,0.0,0.0,0.0,0.0,0.0,0.0,0.0,0.0,0.0,0.0,0.0,0.0,2.0,0.0,0.0,5.0,0.0,0.0,5.0,7.0,5.0,4.0,0.0
560,1.0,560.0,London_170,,151,453,1092.0,70.0,2.0,174858.0,1.0584134249947965,839.0,197.0,0.0,197.0,346.0,0.0,346.0,25.0,166.0,152.0,17.0,77.0,11.0,26.0,1.0,3.0,9.0,83.0,143.0,218.0,60.0,0.0,0.0,0.0,0.0,0.0,0.0,0.0,0.0,0.0,0.0,0.0,0.0,0.0,0.0,0.0,0.0,0.0,0.0,0.0,0.0,0.0,0.0,0.0,0.0,0.0,0.0,0.0,0.0,0.0,0.0,0.0,0.0,0.0,0.0,0.0,0.0,0.0,0.0,0.0,0.0,1.0,0.0,0.0,2.0,14.0,2.0,17.0,15.0,7.0,19.0,43.0,48.0,13.0,17.0,0.0,0.0,0.0,0.0,0.0,0.0,0.0,0.0,0.0,0.0,0.0,0.0,0.0,0.0,0.0,0.0,0.0,0.0,0.0,0.0,1.0,0.0,0.0,3.0,17.0,6.0,18.0,18.0,9.0,32.0,66.0,72.0,17.0,22.0
561,1.0,561.0,London_170,,151,453,1092.0,70.0,2.0,119139.0,0.5325055830180645,716.0,51.0,2.0,49.0,104.0,16.0,88.0,346.0,143.0,131.0,29.0,103.0,10.0,27.0,1.0,9.0,10.0,69.0,155.0,219.0,35.0,0.0,0.0,0.0,0.0,0.0,0.0,0.0,0.0,0.0,0.0,0.0,0.0,0.0,0.0,0.0,0.0,0.0,0.0,0.0,0.0,0.0,0.0,0.0,0.0,0.0,0.0,0.0,0.0,0.0,2.0,0.0,0.0,1.0,0.0,0.0,1.0,0.0,0.0,0.0,0.0,3.0,2.0,0.0,0.0,0.0,0.0,3.0,4.0,1.0,1.0,11.0,10.0,11.0,3.0,0.0,0.0,0.0,0.0,0.0,0.0,0.0,0.0,0.0,8.0,0.0,0.0,2.0,0.0,0.0,1.0,0.0,0.0,0.0,0.0,4.0,3.0,0.0,0.0,0.0,0.0,7.0,6.0,1.0,1.0,13.0,13.0,14.0,4.0
562,1.0,562.0,London_170,,151,453,1092.0,70.0,2.0,133635.0,0.7287683552131057,748.0,105.0,2.0,103.0,196.0,19.0,177.0,104.0,147.0,119.0,32.0,116.0,5.0,24.0,2.0,8.0,10.0,67.0,160.0,216.0,41.0,0.0,0.0,0.0,0.0,0.0,0.0,0.0,0.0,0.0,0.0,0.0,0.0,0.0,0.0,0.0,0.0,0.0,0.0,0.0,0.0,0.0,0.0,0.0,0.0,0.0,0.0,0.0,0.0,0.0,1.0,1.0,0.0,0.0,0.0,1.0,1.0,0.0,0.0,0.0,0.0,5.0,9.0,0.0,3.0,0.0,0.0,11.0,10.0,5.0,7.0,19.0,26.0,19.0,3.0,0.0,0.0,0.0,0.0,0.0,0.0,0.0,0.0,0.0,1.0,6.0,0.0,0.0,0.0,7.0,4.0,0.0,0.0,0.0,0.0,5.0,14.0,0.0,3.0,0.0,0.0,12.0,17.0,6.0,10.0,30.0,35.0,25.0,4.0
563,1.0,563.0,London_170,,151,453,1092.0,70.0,2.0,125481.0,0.5838844082318246,730.0,19.0,0.0,19.0,36.0,0.0,36.0,196.0,158.0,94.0,32.0,125.0,7.0,32.0,1.0,4.0,13.0,70.0,160.0,210.0,39.0,0.0,0.0,0.0,0.0,0.0,0.0,0.0,0.0,0.0,0.0,0.0,0.0,0.0,0.0,0.0,0.0,0.0,0.0,0.0,0.0,0.0,0.0,0.0,0.0,0.0,0.0,0.0,0.0,0.0,0.0,0.0,0.0,0.0,0.0,0.0,0.0,0.0,0.0,0.0,0.0,0.0,0.0,0.0,0.0,0.0,0.0,1.0,1.0,0.0,4.0,3.0,5.0,7.0,3.0,0.0,0.0,0.0,0.0,0.0,0.0,0.0,0.0,0.0,0.0,0.0,0.0,0.0,0.0,0.0,0.0,0.0,0.0,0.0,0.0,0.0,0.0,0.0,0.0,0.0,0.0,1.0,2.0,0.0,5.0,6.0,10.0,9.0,4.0
564,1.0,564.0,London_170,,151,453,1092.0,70.0,2.0,148584.0,0.9097925219684839,781.0,47.0,2.0,45.0,93.0,19.0,74.0,36.0,163.0,98.0,27.0,125.0,4.0,32.0,0.0,4.0,12.0,71.0,164.0,206.0,38.0,0.0,0.0,0.0,0.0,0.0,0.0,0.0,0.0,0.0,0.0,0.0,0.0,0.0,0.0,0.0,0.0,0.0,0.0,0.0,0.0,0.0,0.0,0.0,0.0,0.0,0.0,0.0,0.0,0.0,1.0,0.0,0.0,0.0,0.0,1.0,2.0,0.0,0.0,0.0,0.0,2.0,1.0,0.0,1.0,0.0,0.0,3.0,4.0,4.0,2.0,7.0,11.0,8.0,5.0,0.0,0.0,0.0,0.0,0.0,0.0,0.0,0.0,0.0,4.0,0.0,0.0,0.0,0.0,6.0,7.0,0.0,0.0,0.0,0.0,3.0,2.0,0.0,1.0,0.0,0.0,4.0,4.0,6.0,2.0,11.0,16.0,9.0,7.0
565,1.0,565.0,London_170,,151,453,1092.0,70.0,2.0,159456.0,1.218445179052651,805.0,100.0,0.0,100.0,176.0,0.0,176.0,93.0,168.0,111.0,24.0,111.0,1.0,32.0,0.0,6.0,8.0,76.0,170.0,199.0,34.0,0.0,0.0,0.0,0.0,0.0,0.0,0.0,0.0,0.0,0.0,0.0,0.0,0.0,0.0,0.0,0.0,0.0,0.0,0.0,0.0,0.0,0.0,0.0,0.0,0.0,0.0,0.0,0.0,0.0,0.0,0.0,0.0,0.0,0.0,0.0,0.0,0.0,0.0,0.0,0.0,6.0,2.0,1.0,1.0,3.0,0.0,6.0,6.0,6.0,11.0,22.0,24.0,27.0,10.0,0.0,0.0,0.0,0.0,0.0,0.0,0.0,0.0,0.0,0.0,0.0,0.0,0.0,0.0,0.0,0.0,0.0,0.0,0.0,0.0,9.0,3.0,1.0,2.0,3.0,0.0,7.0,10.0,9.0,14.0,34.0,34.0,35.0,18.0
566,1.0,566.0,London_170,,151,453,1092.0,70.0,2.0,151755.0,0.9176372080110013,788.0,59.0,1.0,58.0,111.0,9.0,102.0,176.0,181.0,108.0,27.0,102.0,8.0,22.0,1.0,4.0,9.0,74.0,164.0,206.0,53.0,0.0,0.0,0.0,0.0,0.0,0.0,0.0,0.0,0.0,0.0,0.0,0.0,0.0,0.0,0.0,0.0,0.0,0.0,0.0,0.0,0.0,0.0,0.0,0.0,0.0,0.0,0.0,0.0,0.0,0.0,0.0,0.0,1.0,0.0,0.0,0.0,1.0,0.0,0.0,0.0,3.0,2.0,0.0,0.0,0.0,0.0,5.0,3.0,1.0,8.0,6.0,13.0,7.0,2.0,0.0,0.0,0.0,0.0,0.0,0.0,0.0,0.0,0.0,0.0,0.0,0.0,5.0,0.0,0.0,0.0,6.0,0.0,0.0,0.0,4.0,5.0,0.0,0.0,0.0,0.0,6.0,4.0,1.0,11.0,7.0,21.0,9.0,3.0
567,1.0,567.0,London_170,,151,453,1092.0,70.0,2.0,168516.0,1.479821420274675,825.0,125.0,2.0,123.0,233.0,18.0,215.0,111.0,190.0,125.0,17.0,77.0,10.0,28.0,1.0,5.0,8.0,76.0,167.0,202.0,63.0,0.0,0.0,0.0,0.0,0.0,0.0,0.0,0.0,0.0,0.0,0.0,0.0,0.0,0.0,0.0,0.0,0.0,0.0,0.0,0.0,0.0,0.0,0.0,0.0,0.0,0.0,0.0,0.0,0.0,0.0,0.0,0.0,1.0,1.0,1.0,0.0,0.0,0.0,0.0,0.0,3.0,9.0,0.0,4.0,2.0,0.0,14.0,6.0,11.0,3.0,29.0,28.0,22.0,8.0,0.0,0.0,0.0,0.0,0.0,0.0,0.0,0.0,0.0,0.0,0.0,0.0,6.0,7.0,6.0,0.0,0.0,0.0,0.0,0.0,3.0,13.0,0.0,8.0,2.0,0.0,17.0,7.0,13.0,6.0,42.0,40.0,26.0,13.0
568,1.0,568.0,London_170,,151,453,1092.0,70.0,2.0,144507.0,1.5421711979433894,772.0,128.0,2.0,126.0,241.0,17.0,224.0,233.0,211.0,99.0,19.0,76.0,16.0,26.0,1.0,5.0,10.0,81.0,148.0,214.0,36.0,0.0,0.0,0.0,0.0,0.0,0.0,0.0,0.0,0.0,0.0,0.0,0.0,0.0,0.0,0.0,0.0,0.0,0.0,0.0,0.0,0.0,0.0,0.0,0.0,0.0,0.0,0.0,0.0,0.0,0.0,0.0,0.0,0.0,0.0,1.0,1.0,0.0,0.0,0.0,0.0,5.0,0.0,2.0,5.0,0.0,0.0,8.0,9.0,4.0,19.0,19.0,20.0,21.0,11.0,0.0,0.0,0.0,0.0,0.0,0.0,0.0,0.0,0.0,0.0,0.0,0.0,0.0,0.0,6.0,1.0,0.0,0.0,0.0,0.0,7.0,0.0,3.0,6.0,0.0,0.0,13.0,11.0,6.0,33.0,27.0,30.0,28.0,14.0
569,1.0,569.0,London_170,,151,453,1092.0,70.0,2.0,112797.0,0.673888798803091,702.0,54.0,0.0,54.0,95.0,0.0,95.0,241.0,216.0,98.0,22.0,61.0,14.0,36.0,4.0,2.0,12.0,73.0,148.0,220.0,31.0,0.0,0.0,0.0,0.0,0.0,0.0,0.0,0.0,0.0,0.0,0.0,0.0,0.0,0.0,0.0,0.0,0.0,0.0,0.0,0.0,0.0,0.0,0.0,0.0,0.0,0.0,0.0,0.0,0.0,0.0,0.0,0.0,0.0,0.0,0.0,0.0,0.0,0.0,0.0,0.0,4.0,1.0,0.0,1.0,0.0,0.0,2.0,3.0,2.0,9.0,14.0,16.0,8.0,4.0,0.0,0.0,0.0,0.0,0.0,0.0,0.0,0.0,0.0,0.0,0.0,0.0,0.0,0.0,0.0,0.0,0.0,0.0,0.0,0.0,6.0,1.0,0.0,1.0,0.0,0.0,3.0,4.0,2.0,14.0,21.0,26.0,10.0,5.0
570,1.0,570.0,London_170,,151,453,1092.0,70.0,2.0,117327.0,0.6692205159924924,712.0,14.0,0.0,14.0,25.0,0.0,25.0,95.0,222.0,92.0,25.0,57.0,12.0,38.0,4.0,3.0,15.0,82.0,147.0,209.0,37.0,0.0,0.0,0.0,0.0,0.0,0.0,0.0,0.0,0.0,0.0,0.0,0.0,0.0,0.0,0.0,0.0,0.0,0.0,0.0,0.0,0.0,0.0,0.0,0.0,0.0,0.0,0.0,0.0,0.0,0.0,0.0,0.0,0.0,0.0,0.0,0.0,0.0,0.0,0.0,0.0,0.0,0.0,0.0,0.0,0.0,0.0,2.0,2.0,0.0,5.0,3.0,3.0,4.0,2.0,0.0,0.0,0.0,0.0,0.0,0.0,0.0,0.0,0.0,0.0,0.0,0.0,0.0,0.0,0.0,0.0,0.0,0.0,0.0,0.0,0.0,0.0,0.0,0.0,0.0,0.0,2.0,3.0,0.0,8.0,5.0,4.0,4.0,2.0
571,1.0,571.0,London_170,,151,453,1092.0,70.0,2.0,145413.0,0.7925327229313552,774.0,39.0,1.0,38.0,72.0,9.0,63.0,25.0,226.0,97.0,22.0,54.0,9.0,36.0,4.0,5.0,14.0,79.0,151.0,209.0,45.0,0.0,0.0,0.0,0.0,0.0,0.0,0.0,0.0,0.0,0.0,0.0,0.0,0.0,0.0,0.0,0.0,0.0,0.0,0.0,0.0,0.0,0.0,0.0,0.0,0.0,0.0,0.0,0.0,0.0,1.0,0.0,0.0,0.0,1.0,0.0,1.0,0.0,0.0,0.0,0.0,2.0,3.0,0.0,0.0,0.0,0.0,8.0,2.0,0.0,5.0,7.0,6.0,9.0,2.0,0.0,0.0,0.0,0.0,0.0,0.0,0.0,0.0,0.0,3.0,0.0,0.0,0.0,7.0,0.0,2.0,0.0,0.0,0.0,0.0,2.0,3.0,0.0,0.0,0.0,0.0,12.0,2.0,0.0,5.0,9.0,11.0,10.0,4.0
572,1.0,572.0,London_170,,151,453,1092.0,70.0,2.0,163080.0,1.2314194128848612,813.0,194.0,0.0,194.0,345.0,0.0,345.0,72.0,228.0,100.0,22.0,49.0,11.0,43.0,0.0,0.0,16.0,82.0,154.0,201.0,55.0,0.0,0.0,0.0,0.0,0.0,0.0,0.0,0.0,0.0,0.0,0.0,0.0,0.0,0.0,0.0,0.0,0.0,0.0,0.0,0.0,0.0,0.0,0.0,0.0,0.0,0.0,0.0,0.0,0.0,0.0,0.0,0.0,0.0,0.0,0.0,0.0,0.0,0.0,0.0,0.0,1.0,25.0,1.0,5.0,2.0,0.0,17.0,0.0,3.0,19.0,29.0,43.0,26.0,9.0,0.0,0.0,0.0,0.0,0.0,0.0,0.0,0.0,0.0,0.0,0.0,0.0,0.0,0.0,0.0,0.0,0.0,0.0,0.0,0.0,1.0,42.0,1.0,7.0,2.0,0.0,21.0,0.0,3.0,27.0,42.0,66.0,33.0,13.0
573,1.0,573.0,London_170,,151,453,1092.0,70.0,2.0,110532.0,0.6449055946432054,697.0,22.0,2.0,20.0,52.0,19.0,33.0,345.0,142.0,124.0,24.0,94.0,15.0,44.0,1.0,9.0,11.0,76.0,169.0,197.0,50.0,0.0,0.0,0.0,0.0,0.0,0.0,0.0,0.0,0.0,0.0,0.0,0.0,0.0,0.0,0.0,0.0,0.0,0.0,0.0,0.0,0.0,0.0,0.0,0.0,0.0,0.0,0.0,0.0,0.0,0.0,2.0,0.0,0.0,1.0,0.0,1.0,0.0,0.0,0.0,0.0,2.0,0.0,0.0,0.0,0.0,0.0,2.0,2.0,0.0,3.0,2.0,5.0,4.0,3.0,0.0,0.0,0.0,0.0,0.0,0.0,0.0,0.0,0.0,0.0,9.0,0.0,0.0,8.0,0.0,3.0,0.0,0.0,0.0,0.0,2.0,0.0,0.0,0.0,0.0,0.0,3.0,3.0,0.0,5.0,5.0,5.0,5.0,3.0
574,1.0,574.0,London_170,,151,453,1092.0,70.0,2.0,141336.0,0.8859101291745901,765.0,96.0,0.0,96.0,159.0,0.0,159.0,52.0,142.0,136.0,22.0,99.0,9.0,34.0,1.0,10.0,8.0,74.0,175.0,196.0,48.0,0.0,0.0,0.0,0.0,0.0,0.0,0.0,0.0,0.0,0.0,0.0,0.0,0.0,0.0,0.0,0.0,0.0,0.0,0.0,0.0,0.0,0.0,0.0,0.0,0.0,0.0,0.0,0.0,0.0,0.0,0.0,0.0,0.0,0.0,0.0,0.0,0.0,0.0,0.0,0.0,1.0,3.0,1.0,0.0,1.0,0.0,3.0,4.0,5.0,20.0,19.0,26.0,19.0,7.0,0.0,0.0,0.0,0.0,0.0,0.0,0.0,0.0,0.0,0.0,0.0,0.0,0.0,0.0,0.0,0.0,0.0,0.0,0.0,0.0,1.0,4.0,1.0,0.0,1.0,0.0,4.0,4.0,7.0,25.0,34.0,33.0,22.0,9.0
575,1.0,575.0,London_170,,151,453,1092.0,70.0,2.0,131823.0,0.8990179570391774,744.0,27.0,0.0,27.0,47.0,0.0,47.0,159.0,152.0,139.0,24.0,86.0,11.0,32.0,0.0,9.0,11.0,80.0,175.0,187.0,60.0,0.0,0.0,0.0,0.0,0.0,0.0,0.0,0.0,0.0,0.0,0.0,0.0,0.0,0.0,0.0,0.0,0.0,0.0,0.0,0.0,0.0,0.0,0.0,0.0,0.0,0.0,0.0,0.0,0.0,0.0,0.0,0.0,0.0,0.0,0.0,0.0,0.0,0.0,0.0,0.0,0.0,0.0,0.0,0.0,0.0,0.0,3.0,1.0,2.0,5.0,5.0,5.0,6.0,2.0,0.0,0.0,0.0,0.0,0.0,0.0,0.0,0.0,0.0,0.0,0.0,0.0,0.0,0.0,0.0,0.0,0.0,0.0,0.0,0.0,0.0,0.0,0.0,0.0,0.0,0.0,3.0,1.0,2.0,9.0,8.0,7.0,9.0,2.0
576,1.0,576.0,London_170,,151,453,1092.0,70.0,2.0,155832.0,1.0752991689369082,797.0,52.0,0.0,52.0,82.0,0.0,82.0,47.0,152.0,141.0,27.0,78.0,9.0,37.0,0.0,9.0,14.0,79.0,177.0,183.0,69.0,0.0,0.0,0.0,0.0,0.0,0.0,0.0,0.0,0.0,0.0,0.0,0.0,0.0,0.0,0.0,0.0,0.0,0.0,0.0,0.0,0.0,0.0,0.0,0.0,0.0,0.0,0.0,0.0,0.0,0.0,0.0,0.0,0.0,0.0,0.0,0.0,0.0,0.0,0.0,0.0,3.0,1.0,0.0,1.0,0.0,0.0,3.0,2.0,7.0,4.0,10.0,11.0,10.0,5.0,0.0,0.0,0.0,0.0,0.0,0.0,0.0,0.0,0.0,0.0,0.0,0.0,0.0,0.0,0.0,0.0,0.0,0.0,0.0,0.0,3.0,1.0,0.0,1.0,0.0,0.0,3.0,3.0,10.0,6.0,11.0,16.0,13.0,7.0
577,1.0,577.0,London_170,,151,453,1092.0,70.0,2.0,168063.0,1.9223349150270224,824.0,59.0,2.0,57.0,119.0,19.0,100.0,82.0,155.0,141.0,26.0,72.0,10.0,43.0,0.0,6.0,13.0,80.0,182.0,178.0,73.0,0.0,0.0,0.0,0.0,0.0,0.0,0.0,0.0,0.0,0.0,0.0,0.0,0.0,0.0,0.0,0.0,0.0,0.0,0.0,0.0,0.0,0.0,0.0,0.0,0.0,0.0,0.0,0.0,0.0,2.0,0.0,1.0,0.0,0.0,2.0,2.0,1.0,0.0,0.0,0.0,6.0,3.0,1.0,1.0,3.0,2.0,3.0,7.0,3.0,5.0,7.0,12.0,13.0,10.0,0.0,0.0,0.0,0.0,0.0,0.0,0.0,0.0,0.0,10.0,0.0,5.0,0.0,0.0,14.0,11.0,6.0,0.0,0.0,0.0,8.0,6.0,1.0,2.0,3.0,4.0,4.0,9.0,6.0,9.0,11.0,18.0,15.0,14.0
578,1.0,578.0,London_170,,151,453,1092.0,70.0,2.0,178482.0,1.354067652951926,847.0,116.0,2.0,114.0,199.0,17.0,182.0,119.0,167.0,163.0,27.0,64.0,5.0,19.0,1.0,7.0,14.0,83.0,176.0,180.0,68.0,0.0,0.0,0.0,0.0,0.0,0.0,0.0,0.0,0.0,0.0,0.0,0.0,0.0,0.0,0.0,0.0,0.0,0.0,0.0,0.0,0.0,0.0,0.0,0.0,0.0,0.0,0.0,0.0,0.0,0.0,0.0,0.0,1.0,0.0,1.0,1.0,0.0,0.0,0.0,0.0,1.0,9.0,3.0,1.0,19.0,0.0,8.0,6.0,1.0,7.0,21.0,16.0,21.0,4.0,0.0,0.0,0.0,0.0,0.0,0.0,0.0,0.0,0.0,0.0,0.0,0.0,3.0,0.0,9.0,3.0,0.0,0.0,0.0,0.0,1.0,16.0,3.0,1.0,20.0,0.0,10.0,7.0,2.0,12.0,30.0,20.0,27.0,4.0
579,1.0,579.0,London_170,,151,453,1092.0,70.0,2.0,160815.0,1.071477279998362,808.0,132.0,2.0,130.0,234.0,18.0,216.0,199.0,178.0,176.0,10.0,59.0,9.0,16.0,1.0,4.0,9.0,102.0,155.0,187.0,58.0,0.0,0.0,0.0,0.0,0.0,0.0,0.0,0.0,0.0,0.0,0.0,0.0,0.0,0.0,0.0,0.0,0.0,0.0,0.0,0.0,0.0,0.0,0.0,0.0,0.0,0.0,0.0,0.0,0.0,0.0,0.0,0.0,1.0,0.0,0.0,0.0,0.0,0.0,0.0,0.0,1.0,13.0,0.0,2.0,1.0,0.0,15.0,3.0,4.0,8.0,22.0,24.0,18.0,11.0,0.0,0.0,0.0,0.0,0.0,0.0,0.0,0.0,0.0,0.0,0.0,0.0,5.0,0.0,0.0,0.0,0.0,0.0,0.0,0.0,1.0,17.0,0.0,3.0,1.0,0.0,18.0,6.0,6.0,9.0,36.0,29.0,24.0,13.0
580,1.0,580.0,London_170,,151,453,1092.0,70.0,2.0,141789.0,0.9119817763566971,766.0,124.0,1.0,123.0,225.0,9.0,216.0,234.0,198.0,120.0,20.0,84.0,8.0,15.0,2.0,6.0,10.0,107.0,149.0,187.0,54.0,0.0,0.0,0.0,0.0,0.0,0.0,0.0,0.0,0.0,0.0,0.0,0.0,0.0,0.0,0.0,0.0,0.0,0.0,0.0,0.0,0.0,0.0,0.0,0.0,0.0,0.0,0.0,0.0,0.0,0.0,0.0,0.0,0.0,0.0,0.0,1.0,0.0,0.0,0.0,0.0,1.0,5.0,7.0,4.0,1.0,0.0,9.0,7.0,4.0,14.0,18.0,26.0,20.0,5.0,0.0,0.0,0.0,0.0,0.0,0.0,0.0,0.0,0.0,0.0,0.0,0.0,0.0,0.0,0.0,2.0,0.0,0.0,0.0,0.0,1.0,8.0,7.0,8.0,1.0,0.0,13.0,12.0,7.0,17.0,29.0,39.0,26.0,8.0
581,1.0,581.0,London_170,,151,453,1092.0,70.0,2.0,123216.0,1.3487406373023987,725.0,19.0,2.0,17.0,54.0,20.0,34.0,225.0,213.0,107.0,28.0,73.0,8.0,21.0,1.0,2.0,4.0,94.0,167.0,188.0,44.0,0.0,0.0,0.0,0.0,0.0,0.0,0.0,0.0,0.0,0.0,0.0,0.0,0.0,0.0,0.0,0.0,0.0,0.0,0.0,0.0,0.0,0.0,0.0,0.0,0.0,0.0,0.0,0.0,0.0,0.0,1.0,0.0,1.0,0.0,0.0,1.0,0.0,0.0,0.0,0.0,1.0,1.0,0.0,0.0,0.0,0.0,0.0,1.0,1.0,5.0,3.0,8.0,5.0,3.0,0.0,0.0,0.0,0.0,0.0,0.0,0.0,0.0,0.0,0.0,10.0,0.0,5.0,0.0,0.0,1.0,0.0,0.0,0.0,0.0,1.0,1.0,0.0,0.0,0.0,0.0,0.0,3.0,1.0,6.0,6.0,11.0,7.0,5.0
582,1.0,582.0,London_170,,151,453,1092.0,70.0,2.0,153114.0,0.9866461046040058,791.0,96.0,2.0,94.0,180.0,20.0,160.0,54.0,210.0,107.0,29.0,73.0,8.0,20.0,1.0,5.0,6.0,93.0,162.0,192.0,42.0,0.0,0.0,0.0,0.0,0.0,0.0,0.0,0.0,0.0,0.0,0.0,0.0,0.0,0.0,0.0,0.0,0.0,0.0,0.0,0.0,0.0,0.0,0.0,0.0,0.0,0.0,0.0,0.0,0.0,1.0,1.0,0.0,1.0,0.0,0.0,1.0,1.0,0.0,0.0,0.0,2.0,8.0,1.0,3.0,6.0,0.0,3.0,4.0,14.0,5.0,15.0,26.0,20.0,9.0,0.0,0.0,0.0,0.0,0.0,0.0,0.0,0.0,0.0,5.0,6.0,0.0,8.0,0.0,0.0,4.0,11.0,0.0,0.0,0.0,2.0,12.0,2.0,5.0,6.0,0.0,3.0,4.0,19.0,6.0,24.0,40.0,28.0,16.0
583,1.0,583.0,London_170,,151,453,1092.0,70.0,2.0,152661.0,0.8472909536212683,790.0,24.0,0.0,24.0,42.0,0.0,42.0,180.0,223.0,124.0,22.0,49.0,5.0,25.0,2.0,3.0,3.0,90.0,161.0,199.0,52.0,0.0,0.0,0.0,0.0,0.0,0.0,0.0,0.0,0.0,0.0,0.0,0.0,0.0,0.0,0.0,0.0,0.0,0.0,0.0,0.0,0.0,0.0,0.0,0.0,0.0,0.0,0.0,0.0,0.0,0.0,0.0,0.0,0.0,0.0,0.0,0.0,0.0,0.0,0.0,0.0,3.0,2.0,0.0,0.0,0.0,0.0,4.0,1.0,2.0,0.0,5.0,4.0,3.0,2.0,0.0,0.0,0.0,0.0,0.0,0.0,0.0,0.0,0.0,0.0,0.0,0.0,0.0,0.0,0.0,0.0,0.0,0.0,0.0,0.0,3.0,3.0,0.0,0.0,0.0,0.0,5.0,1.0,2.0,0.0,9.0,5.0,4.0,3.0
584,1.0,584.0,London_170,,151,453,1092.0,70.0,2.0,196602.0,1.4179297760128975,887.0,82.0,2.0,80.0,161.0,18.0,143.0,42.0,227.0,123.0,19.0,43.0,11.0,24.0,2.0,4.0,3.0,94.0,162.0,194.0,56.0,0.0,0.0,0.0,0.0,0.0,0.0,0.0,0.0,0.0,0.0,0.0,0.0,0.0,0.0,0.0,0.0,0.0,0.0,0.0,0.0,0.0,0.0,0.0,0.0,0.0,0.0,0.0,0.0,0.0,1.0,1.0,0.0,1.0,1.0,0.0,1.0,0.0,0.0,0.0,0.0,1.0,12.0,0.0,1.0,6.0,0.0,9.0,8.0,5.0,5.0,10.0,14.0,22.0,0.0,0.0,0.0,0.0,0.0,0.0,0.0,0.0,0.0,0.0,6.0,5.0,0.0,7.0,8.0,0.0,4.0,0.0,0.0,0.0,0.0,1.0,15.0,0.0,1.0,6.0,0.0,11.0,11.0,6.0,7.0,19.0,24.0,28.0,0.0
585,1.0,585.0,London_170,,151,453,1092.0,70.0,2.0,216081.0,1.776869538705796,930.0,124.0,0.0,124.0,220.0,0.0,220.0,161.0,245.0,127.0,10.0,45.0,1.0,22.0,1.0,2.0,4.0,86.0,159.0,204.0,51.0,0.0,0.0,0.0,0.0,0.0,0.0,0.0,0.0,0.0,0.0,0.0,0.0,0.0,0.0,0.0,0.0,0.0,0.0,0.0,0.0,0.0,0.0,0.0,0.0,0.0,0.0,0.0,0.0,0.0,0.0,0.0,0.0,0.0,0.0,0.0,0.0,0.0,0.0,0.0,0.0,2.0,3.0,3.0,0.0,4.0,0.0,9.0,3.0,14.0,3.0,29.0,29.0,24.0,17.0,0.0,0.0,0.0,0.0,0.0,0.0,0.0,0.0,0.0,0.0,0.0,0.0,0.0,0.0,0.0,0.0,0.0,0.0,0.0,0.0,2.0,4.0,3.0,0.0,4.0,0.0,12.0,4.0,19.0,3.0,46.0,36.0,33.0,23.0
586,1.0,586.0,London_170,,151,453,1092.0,70.0,2.0,202491.0,1.2544772797264159,900.0,91.0,0.0,91.0,158.0,0.0,158.0,220.0,234.0,113.0,13.0,64.0,4.0,21.0,1.0,3.0,6.0,77.0,168.0,202.0,42.0,0.0,0.0,0.0,0.0,0.0,0.0,0.0,0.0,0.0,0.0,0.0,0.0,0.0,0.0,0.0,0.0,0.0,0.0,0.0,0.0,0.0,0.0,0.0,0.0,0.0,0.0,0.0,0.0,0.0,0.0,0.0,0.0,0.0,0.0,0.0,0.0,0.0,0.0,0.0,0.0,3.0,6.0,2.0,4.0,3.0,0.0,10.0,7.0,11.0,9.0,19.0,21.0,13.0,9.0,0.0,0.0,0.0,0.0,0.0,0.0,0.0,0.0,0.0,0.0,0.0,0.0,0.0,0.0,0.0,0.0,0.0,0.0,0.0,0.0,3.0,7.0,2.0,7.0,3.0,0.0,13.0,10.0,12.0,9.0,29.0,30.0,15.0,14.0
587,1.0,587.0,London_170,,151,453,1092.0,70.0,2.0,195696.0,1.458444972988218,885.0,142.0,0.0,142.0,244.0,0.0,244.0,158.0,248.0,123.0,12.0,47.0,4.0,16.0,0.0,3.0,11.0,78.0,177.0,187.0,50.0,0.0,0.0,0.0,0.0,0.0,0.0,0.0,0.0,0.0,0.0,0.0,0.0,0.0,0.0,0.0,0.0,0.0,0.0,0.0,0.0,0.0,0.0,0.0,0.0,0.0,0.0,0.0,0.0,0.0,0.0,0.0,0.0,0.0,0.0,0.0,0.0,0.0,0.0,0.0,0.0,1.0,4.0,2.0,1.0,1.0,1.0,3.0,7.0,8.0,8.0,23.0,41.0,15.0,8.0,0.0,0.0,0.0,0.0,0.0,0.0,0.0,0.0,0.0,0.0,0.0,0.0,0.0,0.0,0.0,0.0,0.0,0.0,0.0,0.0,2.0,5.0,2.0,1.0,1.0,1.0,5.0,11.0,9.0,10.0,34.0,64.0,19.0,13.0
588,1.0,588.0,London_170,,151,453,1092.0,70.0,2.0,161268.0,1.1711634770035744,809.0,140.0,0.0,140.0,229.0,0.0,229.0,244.0,246.0,96.0,16.0,65.0,8.0,19.0,0.0,3.0,4.0,82.0,176.0,191.0,18.0,0.0,0.0,0.0,0.0,0.0,0.0,0.0,0.0,0.0,0.0,0.0,0.0,0.0,0.0,0.0,0.0,0.0,0.0,0.0,0.0,0.0,0.0,0.0,0.0,0.0,0.0,0.0,0.0,0.0,0.0,0.0,0.0,0.0,0.0,0.0,0.0,0.0,0.0,0.0,0.0,1.0,13.0,9.0,3.0,5.0,1.0,11.0,7.0,2.0,2.0,32.0,34.0,18.0,13.0,0.0,0.0,0.0,0.0,0.0,0.0,0.0,0.0,0.0,0.0,0.0,0.0,0.0,0.0,0.0,0.0,0.0,0.0,0.0,0.0,1.0,16.0,9.0,4.0,5.0,1.0,12.0,9.0,3.0,2.0,45.0,49.0,23.0,20.0
589,1.0,589.0,London_170,,151,453,1092.0,70.0,2.0,128199.0,0.7521301843225956,736.0,91.0,0.0,91.0,161.0,0.0,161.0,229.0,257.0,80.0,14.0,68.0,7.0,15.0,2.0,10.0,3.0,85.0,173.0,192.0,30.0,0.0,0.0,0.0,0.0,0.0,0.0,0.0,0.0,0.0,0.0,0.0,0.0,0.0,0.0,0.0,0.0,0.0,0.0,0.0,0.0,0.0,0.0,0.0,0.0,0.0,0.0,0.0,0.0,0.0,0.0,0.0,0.0,0.0,0.0,0.0,0.0,0.0,0.0,0.0,0.0,0.0,13.0,2.0,0.0,0.0,0.0,8.0,7.0,11.0,11.0,12.0,18.0,10.0,15.0,0.0,0.0,0.0,0.0,0.0,0.0,0.0,0.0,0.0,0.0,0.0,0.0,0.0,0.0,0.0,0.0,0.0,0.0,0.0,0.0,0.0,19.0,2.0,0.0,0.0,0.0,12.0,10.0,13.0,16.0,18.0,32.0,14.0,24.0
590,1.0,590.0,London_170,,151,453,1092.0,70.0,2.0,126387.0,1.0006762519478798,732.0,99.0,0.0,99.0,185.0,0.0,185.0,161.0,259.0,99.0,16.0,47.0,4.0,17.0,1.0,10.0,5.0,94.0,179.0,175.0,32.0,0.0,0.0,0.0,0.0,0.0,0.0,0.0,0.0,0.0,0.0,0.0,0.0,0.0,0.0,0.0,0.0,0.0,0.0,0.0,0.0,0.0,0.0,0.0,0.0,0.0,0.0,0.0,0.0,0.0,0.0,0.0,0.0,0.0,0.0,0.0,0.0,0.0,0.0,0.0,0.0,0.0,4.0,1.0,0.0,1.0,0.0,13.0,9.0,15.0,6.0,21.0,24.0,18.0,9.0,0.0,0.0,0.0,0.0,0.0,0.0,0.0,0.0,0.0,0.0,0.0,0.0,0.0,0.0,0.0,0.0,0.0,0.0,0.0,0.0,0.0,5.0,1.0,0.0,1.0,0.0,16.0,10.0,20.0,8.0,33.0,37.0,23.0,13.0
591,1.0,591.0,London_170,,151,453,1092.0,70.0,2.0,112344.0,0.8416981394402683,701.0,37.0,2.0,35.0,88.0,18.0,70.0,185.0,270.0,73.0,10.0,62.0,11.0,18.0,3.0,6.0,5.0,90.0,165.0,193.0,33.0,0.0,0.0,0.0,0.0,0.0,0.0,0.0,0.0,0.0,0.0,0.0,0.0,0.0,0.0,0.0,0.0,0.0,0.0,0.0,0.0,0.0,0.0,0.0,0.0,0.0,0.0,0.0,0.0,0.0,0.0,0.0,0.0,0.0,0.0,1.0,1.0,0.0,0.0,0.0,0.0,2.0,4.0,0.0,0.0,0.0,0.0,2.0,3.0,3.0,6.0,7.0,8.0,8.0,2.0,0.0,0.0,0.0,0.0,0.0,0.0,0.0,0.0,0.0,0.0,0.0,0.0,0.0,0.0,8.0,1.0,0.0,0.0,0.0,0.0,2.0,4.0,0.0,0.0,0.0,0.0,2.0,4.0,4.0,9.0,13.0,13.0,11.0,2.0
592,1.0,592.0,London_170,,151,453,1092.0,70.0,2.0,123216.0,0.7933450001291931,725.0,2.0,2.0,0.0,19.0,19.0,0.0,88.0,268.0,61.0,12.0,61.0,14.0,28.0,2.0,7.0,4.0,92.0,151.0,206.0,31.0,0.0,0.0,0.0,0.0,0.0,0.0,0.0,0.0,0.0,0.0,0.0,0.0,0.0,0.0,0.0,0.0,0.0,0.0,0.0,0.0,0.0,0.0,0.0,0.0,0.0,0.0,0.0,0.0,0.0,1.0,0.0,0.0,1.0,1.0,1.0,2.0,0.0,0.0,0.0,0.0,0.0,0.0,0.0,0.0,0.0,0.0,0.0,0.0,0.0,0.0,0.0,0.0,0.0,0.0,0.0,0.0,0.0,0.0,0.0,0.0,0.0,0.0,0.0,6.0,0.0,0.0,5.0,9.0,7.0,9.0,0.0,0.0,0.0,0.0,0.0,0.0,0.0,0.0,0.0,0.0,0.0,0.0,0.0,0.0,0.0,0.0,0.0,0.0
593,1.0,593.0,London_170,,151,453,1092.0,70.0,2.0,161721.0,1.076314466074109,810.0,117.0,1.0,116.0,199.0,10.0,189.0,19.0,271.0,58.0,12.0,69.0,11.0,23.0,2.0,7.0,4.0,93.0,144.0,212.0,32.0,0.0,0.0,0.0,0.0,0.0,0.0,0.0,0.0,0.0,0.0,0.0,0.0,0.0,0.0,0.0,0.0,0.0,0.0,0.0,0.0,0.0,0.0,0.0,0.0,0.0,0.0,0.0,0.0,0.0,1.0,0.0,0.0,1.0,0.0,0.0,1.0,0.0,0.0,0.0,0.0,2.0,6.0,2.0,0.0,1.0,0.0,7.0,1.0,8.0,12.0,21.0,31.0,20.0,15.0,0.0,0.0,0.0,0.0,0.0,0.0,0.0,0.0,0.0,3.0,0.0,0.0,6.0,0.0,0.0,4.0,0.0,0.0,0.0,0.0,2.0,7.0,3.0,0.0,1.0,0.0,9.0,1.0,10.0,15.0,30.0,45.0,22.0,23.0
594,1.0,594.0,London_170,,151,453,1092.0,70.0,2.0,151755.0,0.8385396911762655,788.0,97.0,1.0,96.0,175.0,10.0,165.0,199.0,245.0,79.0,18.0,78.0,5.0,19.0,4.0,5.0,6.0,89.0,162.0,196.0,39.0,0.0,0.0,0.0,0.0,0.0,0.0,0.0,0.0,0.0,0.0,0.0,0.0,0.0,0.0,0.0,0.0,0.0,0.0,0.0,0.0,0.0,0.0,0.0,0.0,0.0,0.0,0.0,0.0,0.0,1.0,0.0,0.0,0.0,0.0,0.0,1.0,0.0,0.0,0.0,0.0,1.0,0.0,0.0,1.0,1.0,0.0,9.0,6.0,3.0,13.0,24.0,20.0,34.0,2.0,0.0,0.0,0.0,0.0,0.0,0.0,0.0,0.0,0.0,2.0,0.0,0.0,0.0,0.0,0.0,1.0,0.0,0.0,0.0,0.0,1.0,0.0,0.0,2.0,1.0,0.0,10.0,8.0,4.0,16.0,37.0,32.0,41.0,3.0
595,1.0,595.0,London_170,,151,453,1092.0,70.0,2.0,145866.0,0.7977463947609067,775.0,84.0,0.0,84.0,137.0,0.0,137.0,175.0,253.0,66.0,18.0,82.0,6.0,20.0,1.0,7.0,6.0,85.0,165.0,197.0,42.0,0.0,0.0,0.0,0.0,0.0,0.0,0.0,0.0,0.0,0.0,0.0,0.0,0.0,0.0,0.0,0.0,0.0,0.0,0.0,0.0,0.0,0.0,0.0,0.0,0.0,0.0,0.0,0.0,0.0,0.0,0.0,0.0,0.0,0.0,0.0,0.0,0.0,0.0,0.0,0.0,3.0,0.0,0.0,2.0,4.0,1.0,3.0,4.0,4.0,9.0,12.0,17.0,24.0,4.0,0.0,0.0,0.0,0.0,0.0,0.0,0.0,0.0,0.0,0.0,0.0,0.0,0.0,0.0,0.0,0.0,0.0,0.0,0.0,0.0,4.0,0.0,0.0,4.0,4.0,1.0,3.0,5.0,4.0,16.0,20.0,25.0,28.0,5.0
596,1.0,596.0,London_170,,151,453,1092.0,70.0,2.0,148584.0,1.0991481593810022,781.0,102.0,2.0,100.0,191.0,18.0,173.0,137.0,256.0,53.0,20.0,87.0,8.0,20.0,1.0,8.0,5.0,85.0,159.0,204.0,46.0,0.0,0.0,0.0,0.0,0.0,0.0,0.0,0.0,0.0,0.0,0.0,0.0,0.0,0.0,0.0,0.0,0.0,0.0,0.0,0.0,0.0,0.0,0.0,0.0,0.0,0.0,0.0,0.0,0.0,0.0,0.0,0.0,1.0,0.0,1.0,1.0,0.0,0.0,0.0,0.0,1.0,7.0,2.0,1.0,0.0,1.0,14.0,3.0,7.0,7.0,22.0,24.0,29.0,14.0,0.0,0.0,0.0,0.0,0.0,0.0,0.0,0.0,0.0,0.0,0.0,0.0,3.0,0.0,6.0,3.0,0.0,0.0,0.0,0.0,1.0,15.0,2.0,2.0,0.0,1.0,21.0,3.0,11.0,8.0,30.0,36.0,35.0,23.0
597,1.0,597.0,London_170,,151,453,1092.0,70.0,2.0,145866.0,0.7899238071404397,775.0,9.0,2.0,7.0,28.0,16.0,12.0,191.0,238.0,54.0,27.0,96.0,7.0,27.0,0.0,4.0,5.0,84.0,162.0,202.0,37.0,0.0,0.0,0.0,0.0,0.0,0.0,0.0,0.0,0.0,0.0,0.0,0.0,0.0,0.0,0.0,0.0,0.0,0.0,0.0,0.0,0.0,0.0,0.0,0.0,0.0,0.0,0.0,0.0,0.0,1.0,0.0,0.0,0.0,1.0,1.0,2.0,0.0,0.0,0.0,0.0,1.0,0.0,0.0,0.0,0.0,0.0,0.0,1.0,1.0,0.0,1.0,1.0,2.0,0.0,0.0,0.0,0.0,0.0,0.0,0.0,0.0,0.0,0.0,6.0,0.0,0.0,0.0,7.0,8.0,8.0,0.0,0.0,0.0,0.0,1.0,0.0,0.0,0.0,0.0,0.0,0.0,2.0,2.0,0.0,2.0,1.0,3.0,0.0
598,1.0,598.0,London_170,,151,453,1092.0,70.0,2.0,182106.0,0.9798753880895674,855.0,71.0,2.0,69.0,140.0,18.0,122.0,28.0,239.0,61.0,27.0,101.0,1.0,20.0,0.0,4.0,6.0,88.0,160.0,199.0,39.0,0.0,0.0,0.0,0.0,0.0,0.0,0.0,0.0,0.0,0.0,0.0,0.0,0.0,0.0,0.0,0.0,0.0,0.0,0.0,0.0,0.0,0.0,0.0,0.0,0.0,0.0,0.0,0.0,0.0,0.0,0.0,0.0,1.0,0.0,1.0,1.0,0.0,0.0,0.0,0.0,1.0,4.0,0.0,0.0,2.0,0.0,8.0,9.0,5.0,11.0,15.0,15.0,8.0,9.0,0.0,0.0,0.0,0.0,0.0,0.0,0.0,0.0,0.0,0.0,0.0,0.0,7.0,0.0,6.0,1.0,0.0,0.0,0.0,0.0,1.0,7.0,0.0,0.0,2.0,0.0,9.0,17.0,6.0,18.0,27.0,23.0,11.0,16.0
599,1.0,599.0,London_170,,151,453,1092.0,70.0,2.0,191166.0,1.0211860737763345,875.0,116.0,0.0,116.0,196.0,0.0,196.0,140.0,243.0,70.0,31.0,83.0,2.0,17.0,0.0,7.0,7.0,84.0,135.0,227.0,44.0,0.0,0.0,0.0,0.0,0.0,0.0,0.0,0.0,0.0,0.0,0.0,0.0,0.0,0.0,0.0,0.0,0.0,0.0,0.0,0.0,0.0,0.0,0.0,0.0,0.0,0.0,0.0,0.0,0.0,0.0,0.0,0.0,0.0,0.0,0.0,0.0,0.0,0.0,0.0,0.0,2.0,3.0,0.0,4.0,3.0,3.0,6.0,9.0,7.0,9.0,22.0,19.0,23.0,4.0,0.0,0.0,0.0,0.0,0.0,0.0,0.0,0.0,0.0,0.0,0.0,0.0,0.0,0.0,0.0,0.0,0.0,0.0,0.0,0.0,2.0,5.0,0.0,5.0,4.0,3.0,8.0,11.0,12.0,13.0,34.0,26.0,29.0,5.0
600,1.0,600.0,London_170,,151,453,1092.0,70.0,2.0,180747.0,1.3373907157219946,852.0,114.0,1.0,113.0,207.0,10.0,197.0,196.0,250.0,64.0,39.0,72.0,7.0,14.0,1.0,6.0,8.0,86.0,144.0,215.0,20.0,0.0,0.0,0.0,0.0,0.0,0.0,0.0,0.0,0.0,0.0,0.0,0.0,0.0,0.0,0.0,0.0,0.0,0.0,0.0,0.0,0.0,0.0,0.0,0.0,0.0,0.0,0.0,0.0,0.0,0.0,0.0,0.0,1.0,0.0,1.0,0.0,1.0,0.0,0.0,0.0,8.0,2.0,3.0,3.0,0.0,0.0,4.0,24.0,6.0,19.0,23.0,24.0,17.0,10.0,0.0,0.0,0.0,0.0,0.0,0.0,0.0,0.0,0.0,0.0,0.0,0.0,6.0,0.0,9.0,0.0,10.0,0.0,0.0,0.0,9.0,3.0,3.0,5.0,0.0,0.0,5.0,33.0,7.0,26.0,34.0,37.0,19.0,15.0
601,1.0,601.0,London_170,,151,453,1092.0,70.0,2.0,162174.0,1.0236961687915027,811.0,99.0,0.0,99.0,162.0,0.0,162.0,207.0,262.0,66.0,32.0,72.0,3.0,8.0,2.0,8.0,5.0,85.0,134.0,229.0,29.0,0.0,0.0,0.0,0.0,0.0,0.0,0.0,0.0,0.0,0.0,0.0,0.0,0.0,0.0,0.0,0.0,0.0,0.0,0.0,0.0,0.0,0.0,0.0,0.0,0.0,0.0,0.0,0.0,0.0,0.0,0.0,0.0,0.0,0.0,0.0,0.0,0.0,0.0,0.0,0.0,4.0,11.0,3.0,1.0,0.0,2.0,7.0,10.0,9.0,11.0,25.0,16.0,13.0,9.0,0.0,0.0,0.0,0.0,0.0,0.0,0.0,0.0,0.0,0.0,0.0,0.0,0.0,0.0,0.0,0.0,0.0,0.0,0.0,0.0,4.0,17.0,3.0,1.0,0.0,4.0,10.0,15.0,10.0,12.0,34.0,26.0,17.0,15.0
602,1.0,602.0,London_170,,151,453,1092.0,70.0,2.0,157644.0,0.9931462570093572,801.0,74.0,0.0,74.0,131.0,0.0,131.0,162.0,267.0,75.0,25.0,61.0,4.0,15.0,1.0,5.0,6.0,85.0,150.0,212.0,31.0,0.0,0.0,0.0,0.0,0.0,0.0,0.0,0.0,0.0,0.0,0.0,0.0,0.0,0.0,0.0,0.0,0.0,0.0,0.0,0.0,0.0,0.0,0.0,0.0,0.0,0.0,0.0,0.0,0.0,0.0,0.0,0.0,0.0,0.0,0.0,0.0,0.0,0.0,0.0,0.0,2.0,9.0,0.0,0.0,0.0,0.0,8.0,6.0,4.0,11.0,8.0,18.0,10.0,5.0,0.0,0.0,0.0,0.0,0.0,0.0,0.0,0.0,0.0,0.0,0.0,0.0,0.0,0.0,0.0,0.0,0.0,0.0,0.0,0.0,2.0,12.0,0.0,0.0,0.0,0.0,10.0,9.0,4.0,18.0,11.0,30.0,15.0,8.0
603,1.0,603.0,London_170,,151,453,1092.0,70.0,2.0,155379.0,1.0827177474275231,796.0,135.0,2.0,133.0,248.0,16.0,232.0,131.0,270.0,89.0,24.0,49.0,6.0,12.0,1.0,2.0,8.0,92.0,144.0,209.0,35.0,0.0,0.0,0.0,0.0,0.0,0.0,0.0,0.0,0.0,0.0,0.0,0.0,0.0,0.0,0.0,0.0,0.0,0.0,0.0,0.0,0.0,0.0,0.0,0.0,0.0,0.0,0.0,0.0,0.0,0.0,0.0,0.0,0.0,0.0,0.0,1.0,0.0,0.0,0.0,0.0,2.0,17.0,0.0,0.0,0.0,0.0,4.0,2.0,4.0,6.0,18.0,36.0,18.0,7.0,0.0,0.0,0.0,0.0,0.0,0.0,0.0,0.0,0.0,0.0,0.0,0.0,0.0,0.0,0.0,2.0,0.0,0.0,0.0,0.0,2.0,27.0,0.0,0.0,0.0,0.0,7.0,5.0,4.0,10.0,29.0,54.0,23.0,10.0
604,1.0,604.0,London_170,,151,453,1092.0,70.0,2.0,138165.0,0.748289761133492,758.0,28.0,2.0,26.0,68.0,19.0,49.0,248.0,245.0,95.0,18.0,57.0,3.0,30.0,1.0,4.0,6.0,81.0,148.0,218.0,29.0,0.0,0.0,0.0,0.0,0.0,0.0,0.0,0.0,0.0,0.0,0.0,0.0,0.0,0.0,0.0,0.0,0.0,0.0,0.0,0.0,0.0,0.0,0.0,0.0,0.0,0.0,0.0,0.0,0.0,1.0,1.0,0.0,0.0,0.0,1.0,0.0,0.0,0.0,0.0,0.0,2.0,0.0,1.0,1.0,1.0,0.0,5.0,3.0,5.0,3.0,6.0,6.0,8.0,1.0,0.0,0.0,0.0,0.0,0.0,0.0,0.0,0.0,0.0,7.0,6.0,0.0,0.0,0.0,6.0,0.0,0.0,0.0,0.0,0.0,3.0,0.0,1.0,1.0,1.0,0.0,6.0,4.0,7.0,4.0,7.0,9.0,12.0,2.0
605,1.0,605.0,London_170,,151,453,1092.0,70.0,2.0,160815.0,0.8714739279821515,808.0,59.0,0.0,59.0,108.0,0.0,108.0,68.0,252.0,97.0,18.0,49.0,2.0,28.0,1.0,6.0,7.0,81.0,155.0,210.0,14.0,0.0,0.0,0.0,0.0,0.0,0.0,0.0,0.0,0.0,0.0,0.0,0.0,0.0,0.0,0.0,0.0,0.0,0.0,0.0,0.0,0.0,0.0,0.0,0.0,0.0,0.0,0.0,0.0,0.0,0.0,0.0,0.0,0.0,0.0,0.0,0.0,0.0,0.0,0.0,0.0,2.0,0.0,0.0,0.0,0.0,0.0,17.0,4.0,4.0,3.0,8.0,16.0,15.0,1.0,0.0,0.0,0.0,0.0,0.0,0.0,0.0,0.0,0.0,0.0,0.0,0.0,0.0,0.0,0.0,0.0,0.0,0.0,0.0,0.0,2.0,0.0,0.0,0.0,0.0,0.0,24.0,5.0,5.0,3.0,13.0,25.0,21.0,1.0
606,1.0,606.0,London_170,,151,453,1092.0,70.0,2.0,175311.0,1.0946967569179833,840.0,158.0,2.0,156.0,288.0,19.0,269.0,108.0,266.0,104.0,11.0,29.0,0.0,32.0,2.0,9.0,8.0,78.0,163.0,204.0,21.0,0.0,0.0,0.0,0.0,0.0,0.0,0.0,0.0,0.0,0.0,0.0,0.0,0.0,0.0,0.0,0.0,0.0,0.0,0.0,0.0,0.0,0.0,0.0,0.0,0.0,0.0,0.0,0.0,0.0,1.0,0.0,0.0,0.0,0.0,1.0,0.0,0.0,0.0,0.0,0.0,1.0,2.0,0.0,4.0,0.0,0.0,8.0,6.0,4.0,4.0,27.0,38.0,19.0,16.0,0.0,0.0,0.0,0.0,0.0,0.0,0.0,0.0,0.0,2.0,0.0,0.0,0.0,0.0,8.0,0.0,0.0,0.0,0.0,0.0,1.0,2.0,0.0,9.0,0.0,0.0,9.0,6.0,6.0,4.0,39.0,62.0,23.0,20.0
607,1.0,607.0,London_170,,151,453,1092.0,70.0,2.0,137259.0,0.6724210968241096,756.0,35.0,0.0,35.0,64.0,0.0,64.0,288.0,197.0,105.0,27.0,70.0,7.0,35.0,0.0,12.0,11.0,89.0,158.0,195.0,36.0,0.0,0.0,0.0,0.0,0.0,0.0,0.0,0.0,0.0,0.0,0.0,0.0,0.0,0.0,0.0,0.0,0.0,0.0,0.0,0.0,0.0,0.0,0.0,0.0,0.0,0.0,0.0,0.0,0.0,0.0,0.0,0.0,0.0,0.0,0.0,0.0,0.0,0.0,0.0,0.0,0.0,2.0,0.0,0.0,0.0,0.0,0.0,1.0,2.0,1.0,6.0,7.0,9.0,2.0,0.0,0.0,0.0,0.0,0.0,0.0,0.0,0.0,0.0,0.0,0.0,0.0,0.0,0.0,0.0,0.0,0.0,0.0,0.0,0.0,0.0,4.0,0.0,0.0,0.0,0.0,0.0,2.0,3.0,2.0,9.0,11.0,12.0,2.0
608,1.0,608.0,London_170,,151,453,1092.0,70.0,2.0,156738.0,0.8105478407815099,799.0,82.0,1.0,81.0,156.0,9.0,147.0,64.0,197.0,112.0,25.0,69.0,2.0,34.0,0.0,14.0,14.0,88.0,159.0,192.0,46.0,0.0,0.0,0.0,0.0,0.0,0.0,0.0,0.0,0.0,0.0,0.0,0.0,0.0,0.0,0.0,0.0,0.0,0.0,0.0,0.0,0.0,0.0,0.0,0.0,0.0,0.0,0.0,0.0,0.0,0.0,0.0,0.0,1.0,0.0,0.0,0.0,1.0,0.0,0.0,0.0,7.0,7.0,0.0,1.0,0.0,0.0,10.0,4.0,5.0,4.0,23.0,14.0,22.0,5.0,0.0,0.0,0.0,0.0,0.0,0.0,0.0,0.0,0.0,0.0,0.0,0.0,7.0,0.0,0.0,0.0,9.0,0.0,0.0,0.0,10.0,12.0,0.0,1.0,0.0,0.0,16.0,6.0,6.0,5.0,33.0,21.0,32.0,6.0
609,1.0,609.0,London_170,,151,453,1092.0,70.0,2.0,159003.0,0.9175320421345532,804.0,88.0,2.0,86.0,164.0,18.0,146.0,156.0,209.0,117.0,25.0,63.0,5.0,24.0,0.0,10.0,13.0,74.0,179.0,187.0,45.0,0.0,0.0,0.0,0.0,0.0,0.0,0.0,0.0,0.0,0.0,0.0,0.0,0.0,0.0,0.0,0.0,0.0,0.0,0.0,0.0,0.0,0.0,0.0,0.0,0.0,0.0,0.0,0.0,0.0,0.0,0.0,0.0,1.0,1.0,1.0,0.0,0.0,0.0,0.0,0.0,2.0,8.0,3.0,3.0,1.0,0.0,4.0,7.0,4.0,12.0,21.0,16.0,19.0,12.0,0.0,0.0,0.0,0.0,0.0,0.0,0.0,0.0,0.0,0.0,0.0,0.0,5.0,6.0,8.0,0.0,0.0,0.0,0.0,0.0,2.0,13.0,3.0,3.0,1.0,0.0,6.0,9.0,4.0,17.0,29.0,25.0,24.0,16.0
610,1.0,610.0,London_170,,151,453,1092.0,70.0,2.0,160362.0,1.0021171420812607,807.0,198.0,2.0,196.0,354.0,17.0,337.0,164.0,211.0,134.0,14.0,62.0,5.0,21.0,0.0,6.0,14.0,82.0,156.0,201.0,41.0,0.0,0.0,0.0,0.0,0.0,0.0,0.0,0.0,0.0,0.0,0.0,0.0,0.0,0.0,0.0,0.0,0.0,0.0,0.0,0.0,0.0,0.0,0.0,0.0,0.0,0.0,0.0,0.0,0.0,0.0,0.0,0.0,0.0,0.0,1.0,0.0,0.0,0.0,0.0,0.0,1.0,3.0,4.0,3.0,4.0,0.0,8.0,11.0,4.0,13.0,34.0,43.0,24.0,9.0,0.0,0.0,0.0,0.0,0.0,0.0,0.0,0.0,0.0,0.0,0.0,0.0,0.0,0.0,8.0,0.0,0.0,0.0,0.0,0.0,1.0,3.0,4.0,3.0,5.0,0.0,9.0,18.0,4.0,14.0,49.0,50.0,30.0,13.0
611,1.0,611.0,London_170,,151,453,1092.0,70.0,2.0,100566.0,0.9367614299990237,675.0,35.0,0.0,35.0,54.0,0.0,54.0,354.0,136.0,142.0,25.0,108.0,6.0,29.0,1.0,6.0,12.0,81.0,152.0,208.0,52.0,0.0,0.0,0.0,0.0,0.0,0.0,0.0,0.0,0.0,0.0,0.0,0.0,0.0,0.0,0.0,0.0,0.0,0.0,0.0,0.0,0.0,0.0,0.0,0.0,0.0,0.0,0.0,0.0,0.0,0.0,0.0,0.0,0.0,0.0,0.0,0.0,0.0,0.0,0.0,0.0,0.0,1.0,0.0,0.0,0.0,0.0,1.0,0.0,3.0,7.0,8.0,5.0,10.0,3.0,0.0,0.0,0.0,0.0,0.0,0.0,0.0,0.0,0.0,0.0,0.0,0.0,0.0,0.0,0.0,0.0,0.0,0.0,0.0,0.0,0.0,1.0,0.0,0.0,0.0,0.0,1.0,0.0,5.0,9.0,12.0,8.0,14.0,5.0
612,1.0,612.0,London_170,,151,453,1092.0,70.0,2.0,113703.0,1.285734657663852,704.0,15.0,0.0,15.0,21.0,0.0,21.0,54.0,143.0,142.0,28.0,105.0,5.0,25.0,1.0,4.0,13.0,87.0,151.0,202.0,56.0,0.0,0.0,0.0,0.0,0.0,0.0,0.0,0.0,0.0,0.0,0.0,0.0,0.0,0.0,0.0,0.0,0.0,0.0,0.0,0.0,0.0,0.0,0.0,0.0,0.0,0.0,0.0,0.0,0.0,0.0,0.0,0.0,0.0,0.0,0.0,0.0,0.0,0.0,0.0,0.0,0.0,1.0,0.0,0.0,0.0,0.0,0.0,1.0,1.0,0.0,4.0,3.0,2.0,1.0,0.0,0.0,0.0,0.0,0.0,0.0,0.0,0.0,0.0,0.0,0.0,0.0,0.0,0.0,0.0,0.0,0.0,0.0,0.0,0.0,0.0,1.0,0.0,0.0,0.0,0.0,0.0,2.0,2.0,0.0,5.0,3.0,3.0,2.0
613,1.0,613.0,London_170,,151,453,1092.0,70.0,2.0,141789.0,0.7060168469324708,766.0,70.0,1.0,69.0,134.0,9.0,125.0,21.0,141.0,139.0,25.0,109.0,5.0,29.0,1.0,4.0,13.0,90.0,149.0,201.0,57.0,0.0,0.0,0.0,0.0,0.0,0.0,0.0,0.0,0.0,0.0,0.0,0.0,0.0,0.0,0.0,0.0,0.0,0.0,0.0,0.0,0.0,0.0,0.0,0.0,0.0,0.0,0.0,0.0,0.0,1.0,0.0,0.0,0.0,1.0,0.0,1.0,0.0,0.0,0.0,0.0,2.0,3.0,0.0,0.0,0.0,0.0,10.0,4.0,8.0,5.0,14.0,17.0,15.0,3.0,0.0,0.0,0.0,0.0,0.0,0.0,0.0,0.0,0.0,1.0,0.0,0.0,0.0,6.0,0.0,4.0,0.0,0.0,0.0,0.0,3.0,6.0,0.0,0.0,0.0,0.0,13.0,6.0,10.0,6.0,23.0,30.0,19.0,6.0
614,1.0,614.0,London_170,,151,453,1092.0,70.0,2.0,142242.0,1.0625395020470023,767.0,73.0,0.0,73.0,130.0,0.0,130.0,134.0,144.0,159.0,25.0,90.0,7.0,20.0,2.0,6.0,14.0,77.0,161.0,201.0,65.0,0.0,0.0,0.0,0.0,0.0,0.0,0.0,0.0,0.0,0.0,0.0,0.0,0.0,0.0,0.0,0.0,0.0,0.0,0.0,0.0,0.0,0.0,0.0,0.0,0.0,0.0,0.0,0.0,0.0,0.0,0.0,0.0,0.0,0.0,0.0,0.0,0.0,0.0,0.0,0.0,1.0,4.0,0.0,3.0,0.0,0.0,8.0,4.0,5.0,10.0,20.0,16.0,16.0,8.0,0.0,0.0,0.0,0.0,0.0,0.0,0.0,0.0,0.0,0.0,0.0,0.0,0.0,0.0,0.0,0.0,0.0,0.0,0.0,0.0,1.0,4.0,0.0,3.0,0.0,0.0,13.0,4.0,6.0,12.0,28.0,21.0,19.0,13.0
615,1.0,615.0,London_170,,151,453,1092.0,70.0,2.0,148131.0,0.8975309818051755,780.0,111.0,2.0,109.0,206.0,19.0,187.0,130.0,152.0,174.0,25.0,64.0,8.0,23.0,2.0,5.0,11.0,83.0,162.0,197.0,64.0,0.0,0.0,0.0,0.0,0.0,0.0,0.0,0.0,0.0,0.0,0.0,0.0,0.0,0.0,0.0,0.0,0.0,0.0,0.0,0.0,0.0,0.0,0.0,0.0,0.0,0.0,0.0,0.0,0.0,0.0,2.0,0.0,1.0,1.0,0.0,1.0,0.0,0.0,0.0,0.0,1.0,3.0,11.0,1.0,6.0,0.0,4.0,6.0,10.0,8.0,20.0,21.0,12.0,11.0,0.0,0.0,0.0,0.0,0.0,0.0,0.0,0.0,0.0,0.0,5.0,0.0,3.0,7.0,0.0,3.0,0.0,0.0,0.0,0.0,1.0,5.0,14.0,1.0,6.0,0.0,5.0,8.0,13.0,11.0,31.0,28.0,16.0,17.0
616,1.0,616.0,London_170,,151,453,1092.0,70.0,2.0,134088.0,1.0800317679531872,749.0,122.0,0.0,122.0,208.0,0.0,208.0,206.0,157.0,198.0,12.0,66.0,5.0,12.0,3.0,0.0,5.0,67.0,174.0,207.0,68.0,0.0,0.0,0.0,0.0,0.0,0.0,0.0,0.0,0.0,0.0,0.0,0.0,0.0,0.0,0.0,0.0,0.0,0.0,0.0,0.0,0.0,0.0,0.0,0.0,0.0,0.0,0.0,0.0,0.0,0.0,0.0,0.0,0.0,0.0,0.0,0.0,0.0,0.0,0.0,0.0,0.0,3.0,0.0,0.0,3.0,0.0,3.0,7.0,6.0,4.0,25.0,30.0,15.0,13.0,0.0,0.0,0.0,0.0,0.0,0.0,0.0,0.0,0.0,0.0,0.0,0.0,0.0,0.0,0.0,0.0,0.0,0.0,0.0,0.0,0.0,4.0,0.0,0.0,3.0,0.0,4.0,9.0,8.0,4.0,31.0,45.0,19.0,17.0
617,1.0,617.0,London_170,,151,453,1092.0,70.0,2.0,110985.0,0.7421439420431852,698.0,13.0,0.0,13.0,24.0,0.0,24.0,208.0,155.0,201.0,14.0,57.0,3.0,13.0,0.0,10.0,7.0,79.0,168.0,199.0,74.0,0.0,0.0,0.0,0.0,0.0,0.0,0.0,0.0,0.0,0.0,0.0,0.0,0.0,0.0,0.0,0.0,0.0,0.0,0.0,0.0,0.0,0.0,0.0,0.0,0.0,0.0,0.0,0.0,0.0,0.0,0.0,0.0,0.0,0.0,0.0,0.0,0.0,0.0,0.0,0.0,1.0,0.0,0.0,1.0,0.0,0.0,2.0,1.0,0.0,3.0,2.0,2.0,2.0,0.0,0.0,0.0,0.0,0.0,0.0,0.0,0.0,0.0,0.0,0.0,0.0,0.0,0.0,0.0,0.0,0.0,0.0,0.0,0.0,0.0,1.0,0.0,0.0,1.0,0.0,0.0,2.0,1.0,0.0,5.0,4.0,3.0,2.0,0.0
618,1.0,618.0,London_170,,151,453,1092.0,70.0,2.0,145413.0,1.2320412350818515,774.0,28.0,0.0,28.0,47.0,0.0,47.0,24.0,154.0,206.0,14.0,50.0,5.0,14.0,0.0,10.0,7.0,79.0,171.0,196.0,76.0,0.0,0.0,0.0,0.0,0.0,0.0,0.0,0.0,0.0,0.0,0.0,0.0,0.0,0.0,0.0,0.0,0.0,0.0,0.0,0.0,0.0,0.0,0.0,0.0,0.0,0.0,0.0,0.0,0.0,0.0,0.0,0.0,0.0,0.0,0.0,0.0,0.0,0.0,0.0,0.0,3.0,3.0,0.0,3.0,0.0,0.0,4.0,0.0,1.0,9.0,6.0,8.0,8.0,1.0,0.0,0.0,0.0,0.0,0.0,0.0,0.0,0.0,0.0,0.0,0.0,0.0,0.0,0.0,0.0,0.0,0.0,0.0,0.0,0.0,5.0,4.0,0.0,4.0,0.0,0.0,5.0,0.0,1.0,11.0,8.0,10.0,11.0,1.0
619,1.0,619.0,London_170,,151,453,1092.0,70.0,2.0,175311.0,1.339089630637318,840.0,116.0,2.0,114.0,217.0,19.0,198.0,47.0,159.0,214.0,17.0,38.0,4.0,13.0,0.0,8.0,7.0,83.0,178.0,185.0,74.0,0.0,0.0,0.0,0.0,0.0,0.0,0.0,0.0,0.0,0.0,0.0,0.0,0.0,0.0,0.0,0.0,0.0,0.0,0.0,0.0,0.0,0.0,0.0,0.0,0.0,0.0,0.0,0.0,0.0,0.0,0.0,0.0,0.0,0.0,2.0,1.0,1.0,0.0,0.0,0.0,2.0,0.0,1.0,0.0,4.0,0.0,4.0,3.0,3.0,3.0,21.0,20.0,28.0,9.0,0.0,0.0,0.0,0.0,0.0,0.0,0.0,0.0,0.0,0.0,0.0,0.0,0.0,0.0,12.0,6.0,8.0,0.0,0.0,0.0,2.0,0.0,1.0,0.0,4.0,0.0,5.0,3.0,3.0,3.0,33.0,31.0,32.0,13.0
620,1.0,620.0,London_170,,151,453,1092.0,70.0,2.0,162174.0,1.0797100481577218,811.0,50.0,2.0,48.0,112.0,17.0,95.0,217.0,177.0,167.0,14.0,70.0,3.0,18.0,1.0,3.0,8.0,78.0,174.0,193.0,61.0,0.0,0.0,0.0,0.0,0.0,0.0,0.0,0.0,0.0,0.0,0.0,0.0,0.0,0.0,0.0,0.0,0.0,0.0,0.0,0.0,0.0,0.0,0.0,0.0,0.0,0.0,0.0,0.0,0.0,0.0,0.0,0.0,1.0,0.0,1.0,2.0,0.0,0.0,0.0,0.0,2.0,1.0,0.0,2.0,0.0,0.0,6.0,4.0,1.0,6.0,12.0,10.0,12.0,3.0,0.0,0.0,0.0,0.0,0.0,0.0,0.0,0.0,0.0,0.0,0.0,0.0,1.0,0.0,9.0,9.0,0.0,0.0,0.0,0.0,2.0,1.0,0.0,4.0,0.0,0.0,10.0,7.0,1.0,11.0,22.0,17.0,21.0,6.0
621,1.0,621.0,London_170,,151,453,1092.0,70.0,2.0,187542.0,1.3141156397759914,867.0,104.0,2.0,102.0,194.0,18.0,176.0,112.0,172.0,179.0,22.0,60.0,0.0,18.0,1.0,1.0,6.0,79.0,170.0,198.0,68.0,0.0,0.0,0.0,0.0,0.0,0.0,0.0,0.0,0.0,0.0,0.0,0.0,0.0,0.0,0.0,0.0,0.0,0.0,0.0,0.0,0.0,0.0,0.0,0.0,0.0,0.0,0.0,0.0,0.0,0.0,0.0,0.0,1.0,0.0,0.0,0.0,0.0,0.0,0.0,0.0,1.0,5.0,4.0,2.0,2.0,0.0,10.0,3.0,2.0,6.0,21.0,35.0,21.0,12.0,0.0,0.0,0.0,0.0,0.0,0.0,0.0,0.0,0.0,0.0,0.0,0.0,6.0,0.0,0.0,0.0,0.0,0.0,0.0,0.0,1.0,7.0,4.0,2.0,2.0,0.0,13.0,4.0,2.0,10.0,34.0,50.0,28.0,14.0
622,1.0,622.0,London_170,,151,453,1092.0,70.0,2.0,186183.0,1.3552010268904269,864.0,142.0,1.0,141.0,261.0,9.0,252.0,194.0,184.0,183.0,12.0,52.0,5.0,13.0,1.0,3.0,8.0,84.0,162.0,199.0,59.0,0.0,0.0,0.0,0.0,0.0,0.0,0.0,0.0,0.0,0.0,0.0,0.0,0.0,0.0,0.0,0.0,0.0,0.0,0.0,0.0,0.0,0.0,0.0,0.0,0.0,0.0,0.0,0.0,0.0,0.0,0.0,0.0,0.0,0.0,0.0,1.0,0.0,0.0,0.0,0.0,1.0,12.0,1.0,2.0,0.0,0.0,4.0,8.0,2.0,10.0,26.0,39.0,19.0,15.0,0.0,0.0,0.0,0.0,0.0,0.0,0.0,0.0,0.0,0.0,0.0,0.0,0.0,0.0,0.0,1.0,0.0,0.0,0.0,0.0,1.0,14.0,1.0,2.0,0.0,0.0,5.0,10.0,3.0,14.0,40.0,59.0,24.0,25.0
623,1.0,623.0,London_170,,151,453,1092.0,70.0,2.0,162627.0,0.902493298985064,812.0,85.0,2.0,83.0,158.0,20.0,138.0,261.0,189.0,124.0,18.0,81.0,6.0,22.0,2.0,11.0,5.0,88.0,165.0,195.0,53.0,0.0,0.0,0.0,0.0,0.0,0.0,0.0,0.0,0.0,0.0,0.0,0.0,0.0,0.0,0.0,0.0,0.0,0.0,0.0,0.0,0.0,0.0,0.0,0.0,0.0,0.0,0.0,0.0,0.0,0.0,1.0,0.0,1.0,0.0,0.0,0.0,0.0,0.0,0.0,0.0,6.0,3.0,1.0,2.0,0.0,0.0,6.0,4.0,8.0,11.0,15.0,22.0,21.0,4.0,0.0,0.0,0.0,0.0,0.0,0.0,0.0,0.0,0.0,0.0,7.0,0.0,4.0,0.0,0.0,0.0,0.0,0.0,0.0,0.0,6.0,5.0,1.0,4.0,0.0,0.0,6.0,5.0,14.0,15.0,24.0,31.0,25.0,6.0
624,1.0,624.0,London_170,,151,453,1092.0,70.0,2.0,159456.0,0.9888352239504457,805.0,74.0,2.0,72.0,138.0,20.0,118.0,158.0,200.0,127.0,12.0,56.0,11.0,27.0,6.0,14.0,9.0,85.0,158.0,201.0,61.0,0.0,0.0,0.0,0.0,0.0,0.0,0.0,0.0,0.0,0.0,0.0,0.0,0.0,0.0,0.0,0.0,0.0,0.0,0.0,0.0,0.0,0.0,0.0,0.0,0.0,0.0,0.0,0.0,0.0,1.0,1.0,0.0,1.0,0.0,0.0,1.0,1.0,0.0,0.0,0.0,1.0,6.0,3.0,1.0,0.0,0.0,3.0,5.0,7.0,7.0,16.0,13.0,12.0,8.0,0.0,0.0,0.0,0.0,0.0,0.0,0.0,0.0,0.0,3.0,9.0,0.0,6.0,0.0,0.0,2.0,9.0,0.0,0.0,0.0,1.0,9.0,4.0,2.0,0.0,0.0,5.0,6.0,9.0,9.0,23.0,16.0,20.0,10.0
625,1.0,625.0,London_170,,151,453,1092.0,70.0,2.0,173499.0,1.3851078730076551,836.0,132.0,0.0,132.0,225.0,0.0,225.0,138.0,204.0,123.0,8.0,60.0,10.0,26.0,8.0,14.0,14.0,78.0,162.0,199.0,62.0,0.0,0.0,0.0,0.0,0.0,0.0,0.0,0.0,0.0,0.0,0.0,0.0,0.0,0.0,0.0,0.0,0.0,0.0,0.0,0.0,0.0,0.0,0.0,0.0,0.0,0.0,0.0,0.0,0.0,0.0,0.0,0.0,0.0,0.0,0.0,0.0,0.0,0.0,0.0,0.0,4.0,9.0,4.0,1.0,2.0,3.0,3.0,8.0,14.0,15.0,30.0,32.0,22.0,16.0,0.0,0.0,0.0,0.0,0.0,0.0,0.0,0.0,0.0,0.0,0.0,0.0,0.0,0.0,0.0,0.0,0.0,0.0,0.0,0.0,4.0,11.0,4.0,1.0,2.0,5.0,4.0,10.0,20.0,16.0,46.0,50.0,29.0,23.0
626,1.0,626.0,London_170,,151,453,1092.0,70.0,2.0,151755.0,1.3976416229270399,788.0,44.0,2.0,42.0,83.0,18.0,65.0,225.0,213.0,98.0,17.0,72.0,10.0,22.0,5.0,16.0,14.0,75.0,163.0,201.0,58.0,0.0,0.0,0.0,0.0,0.0,0.0,0.0,0.0,0.0,0.0,0.0,0.0,0.0,0.0,0.0,0.0,0.0,0.0,0.0,0.0,0.0,0.0,0.0,0.0,0.0,0.0,0.0,0.0,0.0,1.0,1.0,0.0,1.0,1.0,0.0,2.0,0.0,0.0,0.0,0.0,0.0,1.0,0.0,1.0,0.0,0.0,3.0,7.0,3.0,6.0,10.0,10.0,8.0,4.0,0.0,0.0,0.0,0.0,0.0,0.0,0.0,0.0,0.0,6.0,5.0,0.0,5.0,6.0,0.0,4.0,0.0,0.0,0.0,0.0,0.0,1.0,0.0,1.0,0.0,0.0,3.0,8.0,3.0,8.0,12.0,13.0,12.0,6.0
627,1.0,627.0,London_170,,151,453,1092.0,70.0,2.0,164439.0,0.9319058172404766,816.0,122.0,0.0,122.0,214.0,0.0,214.0,83.0,222.0,103.0,16.0,66.0,5.0,21.0,6.0,14.0,11.0,75.0,168.0,199.0,52.0,0.0,0.0,0.0,0.0,0.0,0.0,0.0,0.0,0.0,0.0,0.0,0.0,0.0,0.0,0.0,0.0,0.0,0.0,0.0,0.0,0.0,0.0,0.0,0.0,0.0,0.0,0.0,0.0,0.0,0.0,0.0,0.0,0.0,0.0,0.0,0.0,0.0,0.0,0.0,0.0,9.0,15.0,5.0,1.0,7.0,0.0,5.0,4.0,6.0,4.0,24.0,31.0,25.0,10.0,0.0,0.0,0.0,0.0,0.0,0.0,0.0,0.0,0.0,0.0,0.0,0.0,0.0,0.0,0.0,0.0,0.0,0.0,0.0,0.0,9.0,22.0,5.0,1.0,8.0,0.0,5.0,5.0,7.0,4.0,38.0,43.0,34.0,17.0
628,1.0,628.0,London_170,,151,453,1092.0,70.0,2.0,139977.0,1.0039699031040072,762.0,136.0,0.0,136.0,228.0,0.0,228.0,214.0,237.0,90.0,18.0,56.0,15.0,19.0,10.0,8.0,8.0,80.0,157.0,208.0,30.0,0.0,0.0,0.0,0.0,0.0,0.0,0.0,0.0,0.0,0.0,0.0,0.0,0.0,0.0,0.0,0.0,0.0,0.0,0.0,0.0,0.0,0.0,0.0,0.0,0.0,0.0,0.0,0.0,0.0,0.0,0.0,0.0,0.0,0.0,0.0,0.0,0.0,0.0,0.0,0.0,1.0,16.0,4.0,1.0,2.0,0.0,3.0,8.0,4.0,13.0,29.0,25.0,32.0,11.0,0.0,0.0,0.0,0.0,0.0,0.0,0.0,0.0,0.0,0.0,0.0,0.0,0.0,0.0,0.0,0.0,0.0,0.0,0.0,0.0,2.0,22.0,4.0,1.0,2.0,0.0,5.0,10.0,6.0,15.0,44.0,36.0,43.0,17.0
629,1.0,629.0,London_170,,151,453,1092.0,70.0,2.0,110532.0,0.7167617222294211,697.0,8.0,0.0,8.0,12.0,0.0,12.0,228.0,223.0,84.0,19.0,65.0,20.0,32.0,5.0,5.0,6.0,72.0,163.0,212.0,41.0,0.0,0.0,0.0,0.0,0.0,0.0,0.0,0.0,0.0,0.0,0.0,0.0,0.0,0.0,0.0,0.0,0.0,0.0,0.0,0.0,0.0,0.0,0.0,0.0,0.0,0.0,0.0,0.0,0.0,0.0,0.0,0.0,0.0,0.0,0.0,0.0,0.0,0.0,0.0,0.0,0.0,0.0,0.0,0.0,0.0,0.0,2.0,1.0,0.0,2.0,0.0,3.0,0.0,0.0,0.0,0.0,0.0,0.0,0.0,0.0,0.0,0.0,0.0,0.0,0.0,0.0,0.0,0.0,0.0,0.0,0.0,0.0,0.0,0.0,0.0,0.0,0.0,0.0,0.0,0.0,2.0,2.0,0.0,3.0,0.0,5.0,0.0,0.0
630,1.0,630.0,London_170,,151,453,1092.0,70.0,2.0,144507.0,1.9348456589505076,772.0,67.0,0.0,67.0,112.0,0.0,112.0,12.0,226.0,82.0,19.0,63.0,20.0,33.0,5.0,5.0,6.0,76.0,164.0,207.0,43.0,0.0,0.0,0.0,0.0,0.0,0.0,0.0,0.0,0.0,0.0,0.0,0.0,0.0,0.0,0.0,0.0,0.0,0.0,0.0,0.0,0.0,0.0,0.0,0.0,0.0,0.0,0.0,0.0,0.0,0.0,0.0,0.0,0.0,0.0,0.0,0.0,0.0,0.0,0.0,0.0,1.0,9.0,2.0,0.0,0.0,1.0,4.0,3.0,5.0,8.0,14.0,21.0,14.0,6.0,0.0,0.0,0.0,0.0,0.0,0.0,0.0,0.0,0.0,0.0,0.0,0.0,0.0,0.0,0.0,0.0,0.0,0.0,0.0,0.0,1.0,15.0,2.0,0.0,0.0,1.0,6.0,4.0,8.0,8.0,24.0,27.0,19.0,8.0
631,1.0,631.0,London_170,,151,453,1092.0,70.0,2.0,148584.0,0.7957698684185743,781.0,149.0,0.0,149.0,267.0,0.0,267.0,112.0,236.0,68.0,18.0,54.0,22.0,42.0,7.0,6.0,9.0,90.0,158.0,196.0,37.0,0.0,0.0,0.0,0.0,0.0,0.0,0.0,0.0,0.0,0.0,0.0,0.0,0.0,0.0,0.0,0.0,0.0,0.0,0.0,0.0,0.0,0.0,0.0,0.0,0.0,0.0,0.0,0.0,0.0,0.0,0.0,0.0,0.0,0.0,0.0,0.0,0.0,0.0,0.0,0.0,1.0,19.0,5.0,1.0,0.0,0.0,10.0,10.0,9.0,5.0,25.0,29.0,13.0,10.0,0.0,0.0,0.0,0.0,0.0,0.0,0.0,0.0,0.0,0.0,0.0,0.0,0.0,0.0,0.0,0.0,0.0,0.0,0.0,0.0,2.0,34.0,5.0,1.0,0.0,0.0,10.0,13.0,16.0,8.0,38.0,38.0,18.0,15.0
632,1.0,632.0,London_170,,151,453,1092.0,70.0,2.0,116874.0,0.5728071602061391,711.0,4.0,0.0,4.0,5.0,0.0,5.0,267.0,180.0,105.0,16.0,78.0,21.0,41.0,5.0,7.0,10.0,82.0,161.0,200.0,46.0,0.0,0.0,0.0,0.0,0.0,0.0,0.0,0.0,0.0,0.0,0.0,0.0,0.0,0.0,0.0,0.0,0.0,0.0,0.0,0.0,0.0,0.0,0.0,0.0,0.0,0.0,0.0,0.0,0.0,0.0,0.0,0.0,0.0,0.0,0.0,0.0,0.0,0.0,0.0,0.0,0.0,0.0,0.0,0.0,0.0,0.0,1.0,1.0,0.0,0.0,1.0,1.0,1.0,0.0,0.0,0.0,0.0,0.0,0.0,0.0,0.0,0.0,0.0,0.0,0.0,0.0,0.0,0.0,0.0,0.0,0.0,0.0,0.0,0.0,0.0,0.0,0.0,0.0,0.0,0.0,1.0,1.0,0.0,0.0,1.0,1.0,1.0,0.0
633,1.0,633.0,London_170,,151,453,1092.0,70.0,2.0,159909.0,0.7153435633517802,806.0,61.0,2.0,59.0,119.0,18.0,101.0,5.0,180.0,105.0,16.0,78.0,21.0,42.0,4.0,7.0,10.0,82.0,162.0,199.0,47.0,0.0,0.0,0.0,0.0,0.0,0.0,0.0,0.0,0.0,0.0,0.0,0.0,0.0,0.0,0.0,0.0,0.0,0.0,0.0,0.0,0.0,0.0,0.0,0.0,0.0,0.0,0.0,0.0,0.0,0.0,0.0,0.0,1.0,0.0,1.0,1.0,0.0,0.0,0.0,0.0,1.0,3.0,0.0,2.0,0.0,1.0,7.0,4.0,6.0,6.0,9.0,20.0,12.0,6.0,0.0,0.0,0.0,0.0,0.0,0.0,0.0,0.0,0.0,0.0,0.0,0.0,1.0,0.0,6.0,4.0,0.0,0.0,0.0,0.0,1.0,5.0,0.0,3.0,0.0,1.0,10.0,5.0,9.0,6.0,12.0,29.0,13.0,12.0
634,1.0,634.0,London_170,,151,453,1092.0,70.0,2.0,160362.0,0.7442479259334505,807.0,48.0,2.0,46.0,95.0,19.0,76.0,119.0,174.0,105.0,17.0,78.0,23.0,43.0,4.0,9.0,10.0,88.0,162.0,193.0,56.0,0.0,0.0,0.0,0.0,0.0,0.0,0.0,0.0,0.0,0.0,0.0,0.0,0.0,0.0,0.0,0.0,0.0,0.0,0.0,0.0,0.0,0.0,0.0,0.0,0.0,0.0,0.0,0.0,0.0,0.0,0.0,0.0,1.0,1.0,1.0,1.0,0.0,0.0,0.0,0.0,1.0,3.0,0.0,0.0,0.0,0.0,5.0,2.0,1.0,4.0,8.0,10.0,11.0,2.0,0.0,0.0,0.0,0.0,0.0,0.0,0.0,0.0,0.0,0.0,0.0,0.0,10.0,6.0,6.0,4.0,0.0,0.0,0.0,0.0,2.0,4.0,0.0,0.0,0.0,0.0,6.0,2.0,1.0,4.0,12.0,15.0,14.0,2.0
635,1.0,635.0,London_170,,151,453,1092.0,70.0,2.0,190260.0,1.3350210161879659,873.0,135.0,1.0,134.0,244.0,10.0,234.0,95.0,171.0,111.0,18.0,82.0,15.0,44.0,4.0,8.0,6.0,92.0,170.0,185.0,58.0,0.0,0.0,0.0,0.0,0.0,0.0,0.0,0.0,0.0,0.0,0.0,0.0,0.0,0.0,0.0,0.0,0.0,0.0,0.0,0.0,0.0,0.0,0.0,0.0,0.0,0.0,0.0,0.0,0.0,1.0,0.0,0.0,1.0,0.0,0.0,1.0,0.0,0.0,0.0,0.0,3.0,7.0,0.0,2.0,4.0,0.0,9.0,10.0,5.0,8.0,22.0,38.0,30.0,8.0,0.0,0.0,0.0,0.0,0.0,0.0,0.0,0.0,0.0,6.0,0.0,0.0,8.0,0.0,0.0,6.0,0.0,0.0,0.0,0.0,4.0,10.0,0.0,2.0,5.0,0.0,10.0,15.0,6.0,10.0,32.0,54.0,37.0,14.0
636,1.0,636.0,London_170,,151,453,1092.0,70.0,2.0,174405.0,0.8148824130184948,838.0,119.0,1.0,118.0,214.0,10.0,204.0,244.0,174.0,113.0,21.0,86.0,9.0,44.0,3.0,3.0,6.0,75.0,182.0,190.0,56.0,0.0,0.0,0.0,0.0,0.0,0.0,0.0,0.0,0.0,0.0,0.0,0.0,0.0,0.0,0.0,0.0,0.0,0.0,0.0,0.0,0.0,0.0,0.0,0.0,0.0,0.0,0.0,0.0,0.0,0.0,0.0,0.0,0.0,0.0,0.0,0.0,0.0,0.0,0.0,0.0,3.0,3.0,0.0,2.0,2.0,0.0,13.0,5.0,4.0,7.0,28.0,33.0,29.0,12.0,0.0,0.0,0.0,0.0,0.0,0.0,0.0,0.0,0.0,0.0,0.0,0.0,0.0,0.0,0.0,0.0,0.0,0.0,0.0,0.0,3.0,3.0,0.0,3.0,2.0,0.0,14.0,8.0,4.0,9.0,44.0,44.0,40.0,19.0
637,1.0,637.0,London_170,,151,453,1092.0,70.0,2.0,155832.0,0.7941417181864381,797.0,48.0,0.0,48.0,80.0,0.0,80.0,214.0,167.0,127.0,30.0,76.0,9.0,36.0,4.0,4.0,11.0,78.0,154.0,210.0,55.0,0.0,0.0,0.0,0.0,0.0,0.0,0.0,0.0,0.0,0.0,0.0,0.0,0.0,0.0,0.0,0.0,0.0,0.0,0.0,0.0,0.0,0.0,0.0,0.0,0.0,0.0,0.0,0.0,0.0,0.0,0.0,0.0,0.0,0.0,0.0,0.0,0.0,0.0,0.0,0.0,2.0,1.0,0.0,0.0,0.0,0.0,3.0,8.0,2.0,7.0,11.0,11.0,14.0,2.0,0.0,0.0,0.0,0.0,0.0,0.0,0.0,0.0,0.0,0.0,0.0,0.0,0.0,0.0,0.0,0.0,0.0,0.0,0.0,0.0,3.0,1.0,0.0,0.0,0.0,0.0,3.0,11.0,2.0,9.0,16.0,13.0,17.0,4.0
638,1.0,638.0,London_170,,151,453,1092.0,70.0,2.0,178482.0,1.0911383000202477,847.0,133.0,2.0,131.0,255.0,18.0,237.0,80.0,173.0,127.0,30.0,68.0,8.0,40.0,2.0,5.0,12.0,86.0,153.0,202.0,65.0,0.0,0.0,0.0,0.0,0.0,0.0,0.0,0.0,0.0,0.0,0.0,0.0,0.0,0.0,0.0,0.0,0.0,0.0,0.0,0.0,0.0,0.0,0.0,0.0,0.0,0.0,0.0,0.0,0.0,0.0,0.0,0.0,1.0,0.0,1.0,1.0,0.0,0.0,0.0,0.0,5.0,2.0,0.0,0.0,0.0,0.0,19.0,10.0,5.0,20.0,19.0,30.0,25.0,15.0,0.0,0.0,0.0,0.0,0.0,0.0,0.0,0.0,0.0,0.0,0.0,0.0,2.0,0.0,8.0,1.0,0.0,0.0,0.0,0.0,6.0,2.0,0.0,0.0,0.0,0.0,28.0,15.0,7.0,30.0,28.0,43.0,37.0,23.0
639,1.0,639.0,London_170,,151,453,1092.0,70.0,2.0,154926.0,0.8469788646325469,795.0,136.0,2.0,134.0,250.0,16.0,234.0,255.0,173.0,96.0,44.0,84.0,21.0,26.0,1.0,8.0,10.0,78.0,161.0,204.0,37.0,0.0,0.0,0.0,0.0,0.0,0.0,0.0,0.0,0.0,0.0,0.0,0.0,0.0,0.0,0.0,0.0,0.0,0.0,0.0,0.0,0.0,0.0,0.0,0.0,0.0,0.0,0.0,0.0,0.0,1.0,0.0,0.0,0.0,1.0,1.0,2.0,0.0,0.0,0.0,0.0,5.0,9.0,0.0,2.0,0.0,0.0,9.0,8.0,5.0,16.0,20.0,36.0,31.0,13.0,0.0,0.0,0.0,0.0,0.0,0.0,0.0,0.0,0.0,3.0,0.0,0.0,0.0,6.0,4.0,7.0,0.0,0.0,0.0,0.0,6.0,17.0,0.0,3.0,0.0,0.0,15.0,12.0,6.0,21.0,26.0,53.0,39.0,22.0
640,1.0,640.0,London_170,,151,453,1092.0,70.0,2.0,131370.0,0.9489260353147984,743.0,9.0,2.0,7.0,30.0,18.0,12.0,250.0,176.0,102.0,43.0,88.0,15.0,21.0,0.0,8.0,9.0,88.0,152.0,204.0,30.0,0.0,0.0,0.0,0.0,0.0,0.0,0.0,0.0,0.0,0.0,0.0,0.0,0.0,0.0,0.0,0.0,0.0,0.0,0.0,0.0,0.0,0.0,0.0,0.0,0.0,0.0,0.0,0.0,0.0,1.0,0.0,0.0,1.0,0.0,1.0,0.0,0.0,0.0,0.0,0.0,0.0,1.0,0.0,1.0,0.0,0.0,0.0,0.0,0.0,2.0,1.0,0.0,1.0,0.0,0.0,0.0,0.0,0.0,0.0,0.0,0.0,0.0,0.0,2.0,0.0,0.0,8.0,0.0,8.0,0.0,0.0,0.0,0.0,0.0,0.0,1.0,0.0,2.0,0.0,0.0,0.0,0.0,0.0,3.0,1.0,0.0,1.0,0.0
641,1.0,641.0,London_170,,151,453,1092.0,70.0,2.0,174405.0,1.0371782681904733,838.0,145.0,0.0,145.0,235.0,0.0,235.0,30.0,181.0,106.0,42.0,93.0,10.0,11.0,0.0,10.0,10.0,84.0,154.0,205.0,33.0,0.0,0.0,0.0,0.0,0.0,0.0,0.0,0.0,0.0,0.0,0.0,0.0,0.0,0.0,0.0,0.0,0.0,0.0,0.0,0.0,0.0,0.0,0.0,0.0,0.0,0.0,0.0,0.0,0.0,0.0,0.0,0.0,0.0,0.0,0.0,0.0,0.0,0.0,0.0,0.0,2.0,4.0,8.0,0.0,0.0,1.0,10.0,10.0,4.0,10.0,26.0,39.0,30.0,12.0,0.0,0.0,0.0,0.0,0.0,0.0,0.0,0.0,0.0,0.0,0.0,0.0,0.0,0.0,0.0,0.0,0.0,0.0,0.0,0.0,5.0,5.0,9.0,0.0,0.0,1.0,15.0,14.0,5.0,14.0,44.0,53.0,40.0,19.0
642,1.0,642.0,London_170,,151,453,1092.0,70.0,2.0,142242.0,0.9016824583522975,767.0,32.0,1.0,31.0,63.0,10.0,53.0,235.0,202.0,120.0,30.0,69.0,5.0,22.0,2.0,3.0,13.0,67.0,154.0,219.0,46.0,0.0,0.0,0.0,0.0,0.0,0.0,0.0,0.0,0.0,0.0,0.0,0.0,0.0,0.0,0.0,0.0,0.0,0.0,0.0,0.0,0.0,0.0,0.0,0.0,0.0,0.0,0.0,0.0,0.0,1.0,0.0,0.0,1.0,0.0,1.0,0.0,1.0,0.0,0.0,0.0,1.0,1.0,0.0,0.0,0.0,0.0,2.0,2.0,0.0,5.0,7.0,7.0,5.0,5.0,0.0,0.0,0.0,0.0,0.0,0.0,0.0,0.0,0.0,4.0,0.0,0.0,6.0,0.0,6.0,0.0,8.0,0.0,0.0,0.0,1.0,1.0,0.0,0.0,0.0,0.0,2.0,3.0,0.0,9.0,11.0,9.0,5.0,8.0
643,1.0,643.0,London_170,,151,453,1092.0,70.0,2.0,162174.0,0.8846661136485636,811.0,91.0,0.0,91.0,149.0,0.0,149.0,63.0,211.0,120.0,35.0,63.0,5.0,17.0,0.0,2.0,12.0,72.0,156.0,213.0,44.0,0.0,0.0,0.0,0.0,0.0,0.0,0.0,0.0,0.0,0.0,0.0,0.0,0.0,0.0,0.0,0.0,0.0,0.0,0.0,0.0,0.0,0.0,0.0,0.0,0.0,0.0,0.0,0.0,0.0,0.0,0.0,0.0,0.0,0.0,0.0,0.0,0.0,0.0,0.0,0.0,3.0,1.0,2.0,0.0,0.0,0.0,7.0,4.0,3.0,10.0,19.0,20.0,20.0,6.0,0.0,0.0,0.0,0.0,0.0,0.0,0.0,0.0,0.0,0.0,0.0,0.0,0.0,0.0,0.0,0.0,0.0,0.0,0.0,0.0,5.0,1.0,2.0,0.0,0.0,0.0,8.0,4.0,4.0,11.0,27.0,29.0,24.0,9.0
644,1.0,644.0,London_170,,151,453,1092.0,70.0,2.0,160362.0,1.1961471559479833,807.0,42.0,0.0,42.0,72.0,0.0,72.0,149.0,222.0,125.0,38.0,45.0,8.0,11.0,1.0,3.0,14.0,71.0,173.0,195.0,48.0,0.0,0.0,0.0,0.0,0.0,0.0,0.0,0.0,0.0,0.0,0.0,0.0,0.0,0.0,0.0,0.0,0.0,0.0,0.0,0.0,0.0,0.0,0.0,0.0,0.0,0.0,0.0,0.0,0.0,0.0,0.0,0.0,0.0,0.0,0.0,0.0,0.0,0.0,0.0,0.0,4.0,0.0,0.0,1.0,0.0,0.0,2.0,1.0,4.0,5.0,3.0,13.0,12.0,5.0,0.0,0.0,0.0,0.0,0.0,0.0,0.0,0.0,0.0,0.0,0.0,0.0,0.0,0.0,0.0,0.0,0.0,0.0,0.0,0.0,6.0,0.0,0.0,3.0,0.0,0.0,3.0,1.0,5.0,8.0,4.0,21.0,15.0,10.0
645,1.0,645.0,London_170,,151,453,1092.0,70.0,2.0,179388.0,1.6610871576704085,849.0,130.0,2.0,128.0,227.0,16.0,211.0,72.0,224.0,139.0,45.0,35.0,5.0,4.0,0.0,1.0,16.0,75.0,160.0,202.0,54.0,0.0,0.0,0.0,0.0,0.0,0.0,0.0,0.0,0.0,0.0,0.0,0.0,0.0,0.0,0.0,0.0,0.0,0.0,0.0,0.0,0.0,0.0,0.0,0.0,0.0,0.0,0.0,0.0,0.0,0.0,0.0,0.0,0.0,0.0,0.0,1.0,0.0,0.0,0.0,0.0,0.0,8.0,0.0,1.0,1.0,0.0,8.0,8.0,4.0,13.0,21.0,34.0,17.0,3.0,0.0,0.0,0.0,0.0,0.0,0.0,0.0,0.0,0.0,0.0,0.0,0.0,0.0,0.0,0.0,2.0,0.0,0.0,0.0,0.0,0.0,10.0,0.0,1.0,1.0,0.0,8.0,9.0,5.0,17.0,27.0,43.0,18.0,5.0
646,1.0,646.0,London_170,,151,453,1092.0,70.0,2.0,153567.0,1.037551166024059,792.0,138.0,2.0,136.0,241.0,19.0,222.0,227.0,243.0,97.0,16.0,68.0,6.0,17.0,0.0,6.0,3.0,85.0,158.0,207.0,26.0,0.0,0.0,0.0,0.0,0.0,0.0,0.0,0.0,0.0,0.0,0.0,0.0,0.0,0.0,0.0,0.0,0.0,0.0,0.0,0.0,0.0,0.0,0.0,0.0,0.0,0.0,0.0,0.0,0.0,0.0,0.0,0.0,0.0,0.0,1.0,0.0,0.0,0.0,0.0,0.0,4.0,0.0,4.0,1.0,1.0,0.0,13.0,4.0,3.0,9.0,22.0,32.0,21.0,10.0,0.0,0.0,0.0,0.0,0.0,0.0,0.0,0.0,0.0,0.0,0.0,0.0,0.0,0.0,6.0,0.0,0.0,0.0,0.0,0.0,4.0,0.0,4.0,1.0,1.0,0.0,19.0,8.0,4.0,10.0,32.0,44.0,27.0,11.0
647,1.0,647.0,London_170,,151,453,1092.0,70.0,2.0,129105.0,0.8098883479833603,738.0,85.0,0.0,85.0,158.0,0.0,158.0,241.0,254.0,91.0,17.0,64.0,5.0,17.0,2.0,3.0,8.0,63.0,173.0,209.0,32.0,0.0,0.0,0.0,0.0,0.0,0.0,0.0,0.0,0.0,0.0,0.0,0.0,0.0,0.0,0.0,0.0,0.0,0.0,0.0,0.0,0.0,0.0,0.0,0.0,0.0,0.0,0.0,0.0,0.0,0.0,0.0,0.0,0.0,0.0,0.0,0.0,0.0,0.0,0.0,0.0,0.0,12.0,2.0,0.0,0.0,0.0,2.0,11.0,11.0,4.0,15.0,15.0,18.0,9.0,0.0,0.0,0.0,0.0,0.0,0.0,0.0,0.0,0.0,0.0,0.0,0.0,0.0,0.0,0.0,0.0,0.0,0.0,0.0,0.0,0.0,15.0,2.0,0.0,0.0,0.0,3.0,16.0,16.0,7.0,19.0,22.0,27.0,20.0
648,1.0,648.0,London_170,,151,453,1092.0,70.0,2.0,124122.0,0.8532238132320344,727.0,32.0,2.0,30.0,72.0,19.0,53.0,158.0,257.0,105.0,14.0,45.0,2.0,25.0,3.0,2.0,10.0,61.0,170.0,212.0,34.0,0.0,0.0,0.0,0.0,0.0,0.0,0.0,0.0,0.0,0.0,0.0,0.0,0.0,0.0,0.0,0.0,0.0,0.0,0.0,0.0,0.0,0.0,0.0,0.0,0.0,0.0,0.0,0.0,0.0,1.0,0.0,0.0,0.0,0.0,1.0,2.0,0.0,0.0,0.0,0.0,0.0,0.0,0.0,0.0,0.0,0.0,5.0,2.0,5.0,3.0,4.0,8.0,8.0,2.0,0.0,0.0,0.0,0.0,0.0,0.0,0.0,0.0,0.0,2.0,0.0,0.0,0.0,0.0,6.0,8.0,0.0,0.0,0.0,0.0,0.0,0.0,0.0,0.0,0.0,0.0,6.0,3.0,5.0,5.0,6.0,12.0,9.0,3.0
649,1.0,649.0,London_170,,151,453,1092.0,70.0,2.0,156285.0,1.0764040080830455,798.0,84.0,0.0,84.0,148.0,0.0,148.0,72.0,265.0,96.0,13.0,46.0,0.0,28.0,3.0,2.0,5.0,69.0,156.0,223.0,28.0,0.0,0.0,0.0,0.0,0.0,0.0,0.0,0.0,0.0,0.0,0.0,0.0,0.0,0.0,0.0,0.0,0.0,0.0,0.0,0.0,0.0,0.0,0.0,0.0,0.0,0.0,0.0,0.0,0.0,0.0,0.0,0.0,0.0,0.0,0.0,0.0,0.0,0.0,0.0,0.0,0.0,2.0,1.0,0.0,7.0,0.0,12.0,6.0,1.0,10.0,13.0,25.0,12.0,12.0,0.0,0.0,0.0,0.0,0.0,0.0,0.0,0.0,0.0,0.0,0.0,0.0,0.0,0.0,0.0,0.0,0.0,0.0,0.0,0.0,0.0,3.0,2.0,0.0,8.0,0.0,14.0,9.0,1.0,12.0,15.0,39.0,13.0,20.0
650,1.0,650.0,London_170,,151,453,1092.0,70.0,2.0,154473.0,1.0448369421064854,794.0,81.0,1.0,80.0,144.0,9.0,135.0,148.0,272.0,107.0,9.0,41.0,2.0,18.0,1.0,3.0,5.0,71.0,168.0,209.0,28.0,0.0,0.0,0.0,0.0,0.0,0.0,0.0,0.0,0.0,0.0,0.0,0.0,0.0,0.0,0.0,0.0,0.0,0.0,0.0,0.0,0.0,0.0,0.0,0.0,0.0,0.0,0.0,0.0,0.0,0.0,0.0,0.0,1.0,0.0,0.0,0.0,1.0,0.0,0.0,0.0,1.0,5.0,0.0,0.0,5.0,0.0,9.0,7.0,5.0,15.0,18.0,11.0,16.0,4.0,0.0,0.0,0.0,0.0,0.0,0.0,0.0,0.0,0.0,0.0,0.0,0.0,4.0,0.0,0.0,0.0,6.0,0.0,0.0,0.0,1.0,6.0,0.0,0.0,5.0,0.0,12.0,10.0,6.0,19.0,23.0,18.0,18.0,8.0
651,1.0,651.0,London_170,,151,453,1092.0,70.0,2.0,153114.0,1.0055719520896673,791.0,87.0,2.0,85.0,169.0,18.0,151.0,144.0,275.0,105.0,12.0,46.0,1.0,13.0,1.0,0.0,5.0,68.0,158.0,222.0,25.0,0.0,0.0,0.0,0.0,0.0,0.0,0.0,0.0,0.0,0.0,0.0,0.0,0.0,0.0,0.0,0.0,0.0,0.0,0.0,0.0,0.0,0.0,0.0,0.0,0.0,0.0,0.0,0.0,0.0,0.0,0.0,0.0,1.0,1.0,1.0,1.0,0.0,0.0,0.0,0.0,5.0,3.0,4.0,0.0,7.0,0.0,5.0,7.0,4.0,13.0,18.0,22.0,10.0,4.0,0.0,0.0,0.0,0.0,0.0,0.0,0.0,0.0,0.0,0.0,0.0,0.0,1.0,7.0,6.0,4.0,0.0,0.0,0.0,0.0,6.0,4.0,4.0,0.0,8.0,0.0,7.0,9.0,5.0,20.0,30.0,33.0,11.0,9.0
652,1.0,652.0,London_170,,151,453,1092.0,70.0,2.0,152661.0,1.1870099939405918,790.0,69.0,2.0,67.0,130.0,17.0,113.0,169.0,281.0,87.0,10.0,54.0,3.0,12.0,3.0,3.0,5.0,75.0,164.0,209.0,27.0,0.0,0.0,0.0,0.0,0.0,0.0,0.0,0.0,0.0,0.0,0.0,0.0,0.0,0.0,0.0,0.0,0.0,0.0,0.0,0.0,0.0,0.0,0.0,0.0,0.0,0.0,0.0,0.0,0.0,0.0,0.0,0.0,0.0,0.0,1.0,1.0,0.0,0.0,0.0,0.0,9.0,9.0,1.0,1.0,3.0,0.0,10.0,5.0,4.0,12.0,18.0,15.0,14.0,1.0,0.0,0.0,0.0,0.0,0.0,0.0,0.0,0.0,0.0,0.0,0.0,0.0,0.0,0.0,6.0,5.0,0.0,0.0,0.0,0.0,11.0,13.0,1.0,3.0,3.0,0.0,12.0,7.0,4.0,17.0,25.0,23.0,17.0,1.0
653,1.0,653.0,London_170,,151,453,1092.0,70.0,2.0,162627.0,1.1470998558215797,812.0,99.0,0.0,99.0,185.0,0.0,185.0,130.0,292.0,89.0,9.0,39.0,7.0,14.0,0.0,3.0,8.0,82.0,157.0,206.0,25.0,0.0,0.0,0.0,0.0,0.0,0.0,0.0,0.0,0.0,0.0,0.0,0.0,0.0,0.0,0.0,0.0,0.0,0.0,0.0,0.0,0.0,0.0,0.0,0.0,0.0,0.0,0.0,0.0,0.0,0.0,0.0,0.0,0.0,0.0,0.0,0.0,0.0,0.0,0.0,0.0,5.0,3.0,1.0,1.0,12.0,0.0,3.0,7.0,0.0,12.0,13.0,28.0,10.0,5.0,0.0,0.0,0.0,0.0,0.0,0.0,0.0,0.0,0.0,0.0,0.0,0.0,0.0,0.0,0.0,0.0,0.0,0.0,0.0,0.0,5.0,3.0,1.0,1.0,12.0,0.0,3.0,8.0,0.0,17.0,22.0,39.0,15.0,7.0
654,1.0,654.0,London_170,,151,453,1092.0,70.0,2.0,163986.0,1.0497733289375901,815.0,107.0,0.0,107.0,181.0,0.0,181.0,185.0,290.0,65.0,17.0,51.0,5.0,18.0,2.0,5.0,7.0,72.0,161.0,213.0,19.0,0.0,0.0,0.0,0.0,0.0,0.0,0.0,0.0,0.0,0.0,0.0,0.0,0.0,0.0,0.0,0.0,0.0,0.0,0.0,0.0,0.0,0.0,0.0,0.0,0.0,0.0,0.0,0.0,0.0,0.0,0.0,0.0,0.0,0.0,0.0,0.0,0.0,0.0,0.0,0.0,0.0,2.0,0.0,1.0,1.0,1.0,5.0,11.0,9.0,10.0,19.0,23.0,22.0,8.0,0.0,0.0,0.0,0.0,0.0,0.0,0.0,0.0,0.0,0.0,0.0,0.0,0.0,0.0,0.0,0.0,0.0,0.0,0.0,0.0,0.0,4.0,0.0,2.0,1.0,2.0,5.0,16.0,10.0,13.0,30.0,35.0,29.0,12.0
655,1.0,655.0,London_170,,151,453,1092.0,70.0,2.0,151755.0,1.212320549879223,788.0,104.0,1.0,103.0,184.0,9.0,175.0,181.0,280.0,83.0,9.0,43.0,12.0,19.0,1.0,6.0,9.0,67.0,167.0,210.0,30.0,0.0,0.0,0.0,0.0,0.0,0.0,0.0,0.0,0.0,0.0,0.0,0.0,0.0,0.0,0.0,0.0,0.0,0.0,0.0,0.0,0.0,0.0,0.0,0.0,0.0,0.0,0.0,0.0,0.0,1.0,0.0,0.0,0.0,1.0,0.0,1.0,0.0,0.0,0.0,0.0,1.0,11.0,1.0,0.0,12.0,0.0,6.0,6.0,7.0,3.0,17.0,29.0,15.0,11.0,0.0,0.0,0.0,0.0,0.0,0.0,0.0,0.0,0.0,1.0,0.0,0.0,0.0,5.0,0.0,3.0,0.0,0.0,0.0,0.0,1.0,15.0,1.0,0.0,12.0,0.0,6.0,10.0,8.0,4.0,26.0,41.0,19.0,15.0
656,1.0,656.0,London_170,,151,453,1092.0,70.0,2.0,129105.0,1.1289919540286064,738.0,21.0,0.0,21.0,35.0,0.0,35.0,184.0,268.0,81.0,15.0,55.0,12.0,22.0,0.0,0.0,9.0,87.0,156.0,201.0,31.0,0.0,0.0,0.0,0.0,0.0,0.0,0.0,0.0,0.0,0.0,0.0,0.0,0.0,0.0,0.0,0.0,0.0,0.0,0.0,0.0,0.0,0.0,0.0,0.0,0.0,0.0,0.0,0.0,0.0,0.0,0.0,0.0,0.0,0.0,0.0,0.0,0.0,0.0,0.0,0.0,1.0,0.0,0.0,3.0,0.0,0.0,6.0,1.0,3.0,3.0,1.0,3.0,3.0,4.0,0.0,0.0,0.0,0.0,0.0,0.0,0.0,0.0,0.0,0.0,0.0,0.0,0.0,0.0,0.0,0.0,0.0,0.0,0.0,0.0,2.0,0.0,0.0,5.0,0.0,0.0,7.0,1.0,3.0,4.0,2.0,5.0,4.0,5.0
657,1.0,657.0,London_170,,151,453,1092.0,70.0,2.0,155379.0,1.0803122422657907,796.0,90.0,2.0,88.0,179.0,19.0,160.0,35.0,265.0,91.0,16.0,42.0,12.0,24.0,1.0,2.0,9.0,90.0,156.0,198.0,40.0,0.0,0.0,0.0,0.0,0.0,0.0,0.0,0.0,0.0,0.0,0.0,0.0,0.0,0.0,0.0,0.0,0.0,0.0,0.0,0.0,0.0,0.0,0.0,0.0,0.0,0.0,0.0,0.0,0.0,0.0,2.0,0.0,1.0,1.0,0.0,1.0,0.0,0.0,0.0,0.0,2.0,6.0,1.0,0.0,1.0,1.0,8.0,3.0,6.0,10.0,18.0,17.0,21.0,7.0,0.0,0.0,0.0,0.0,0.0,0.0,0.0,0.0,0.0,0.0,13.0,0.0,5.0,9.0,0.0,6.0,0.0,0.0,0.0,0.0,2.0,6.0,2.0,0.0,1.0,1.0,8.0,4.0,6.0,13.0,31.0,23.0,26.0,11.0
658,1.0,658.0,London_170,,151,453,1092.0,70.0,2.0,157191.0,1.0887104361318052,800.0,121.0,0.0,121.0,206.0,0.0,206.0,179.0,280.0,80.0,14.0,52.0,6.0,14.0,1.0,6.0,8.0,84.0,165.0,196.0,33.0,0.0,0.0,0.0,0.0,0.0,0.0,0.0,0.0,0.0,0.0,0.0,0.0,0.0,0.0,0.0,0.0,0.0,0.0,0.0,0.0,0.0,0.0,0.0,0.0,0.0,0.0,0.0,0.0,0.0,0.0,0.0,0.0,0.0,0.0,0.0,0.0,0.0,0.0,0.0,0.0,1.0,19.0,3.0,2.0,0.0,0.0,11.0,4.0,3.0,10.0,16.0,31.0,26.0,11.0,0.0,0.0,0.0,0.0,0.0,0.0,0.0,0.0,0.0,0.0,0.0,0.0,0.0,0.0,0.0,0.0,0.0,0.0,0.0,0.0,1.0,28.0,3.0,3.0,0.0,0.0,12.0,6.0,3.0,15.0,23.0,46.0,31.0,15.0
659,1.0,659.0,London_170,,151,453,1092.0,70.0,2.0,143148.0,1.095714318100363,769.0,63.0,0.0,63.0,116.0,0.0,116.0,206.0,267.0,82.0,16.0,66.0,5.0,12.0,1.0,4.0,9.0,78.0,155.0,211.0,24.0,0.0,0.0,0.0,0.0,0.0,0.0,0.0,0.0,0.0,0.0,0.0,0.0,0.0,0.0,0.0,0.0,0.0,0.0,0.0,0.0,0.0,0.0,0.0,0.0,0.0,0.0,0.0,0.0,0.0,0.0,0.0,0.0,0.0,0.0,0.0,0.0,0.0,0.0,0.0,0.0,2.0,10.0,1.0,1.0,0.0,0.0,5.0,10.0,3.0,10.0,11.0,14.0,16.0,8.0,0.0,0.0,0.0,0.0,0.0,0.0,0.0,0.0,0.0,0.0,0.0,0.0,0.0,0.0,0.0,0.0,0.0,0.0,0.0,0.0,3.0,15.0,1.0,1.0,0.0,0.0,9.0,17.0,4.0,17.0,20.0,24.0,21.0,13.0
660,1.0,660.0,London_170,,151,453,1092.0,70.0,2.0,154926.0,1.1149097909219563,795.0,126.0,0.0,126.0,218.0,0.0,218.0,116.0,267.0,83.0,17.0,67.0,2.0,12.0,1.0,4.0,12.0,81.0,159.0,201.0,35.0,0.0,0.0,0.0,0.0,0.0,0.0,0.0,0.0,0.0,0.0,0.0,0.0,0.0,0.0,0.0,0.0,0.0,0.0,0.0,0.0,0.0,0.0,0.0,0.0,0.0,0.0,0.0,0.0,0.0,0.0,0.0,0.0,0.0,0.0,0.0,0.0,0.0,0.0,0.0,0.0,0.0,0.0,1.0,4.0,2.0,0.0,7.0,8.0,4.0,14.0,35.0,28.0,26.0,6.0,0.0,0.0,0.0,0.0,0.0,0.0,0.0,0.0,0.0,0.0,0.0,0.0,0.0,0.0,0.0,0.0,0.0,0.0,0.0,0.0,0.0,0.0,1.0,6.0,2.0,0.0,13.0,9.0,5.0,14.0,49.0,42.0,33.0,11.0
661,1.0,661.0,London_170,,151,453,1092.0,70.0,2.0,122310.0,0.9445043741725385,723.0,2.0,2.0,0.0,19.0,19.0,0.0,218.0,263.0,88.0,19.0,57.0,8.0,15.0,0.0,3.0,8.0,75.0,165.0,205.0,21.0,0.0,0.0,0.0,0.0,0.0,0.0,0.0,0.0,0.0,0.0,0.0,0.0,0.0,0.0,0.0,0.0,0.0,0.0,0.0,0.0,0.0,0.0,0.0,0.0,0.0,0.0,0.0,0.0,0.0,1.0,0.0,0.0,0.0,0.0,2.0,1.0,1.0,0.0,0.0,0.0,0.0,0.0,0.0,0.0,0.0,0.0,0.0,0.0,0.0,0.0,0.0,0.0,0.0,0.0,0.0,0.0,0.0,0.0,0.0,0.0,0.0,0.0,0.0,2.0,0.0,0.0,0.0,0.0,15.0,4.0,10.0,0.0,0.0,0.0,0.0,0.0,0.0,0.0,0.0,0.0,0.0,0.0,0.0,0.0,0.0,0.0,0.0,0.0
662,1.0,662.0,London_170,,151,453,1092.0,70.0,2.0,154926.0,1.0253422479145229,795.0,104.0,2.0,102.0,196.0,17.0,179.0,19.0,256.0,92.0,19.0,63.0,2.0,18.0,0.0,3.0,4.0,78.0,161.0,210.0,17.0,0.0,0.0,0.0,0.0,0.0,0.0,0.0,0.0,0.0,0.0,0.0,0.0,0.0,0.0,0.0,0.0,0.0,0.0,0.0,0.0,0.0,0.0,0.0,0.0,0.0,0.0,0.0,0.0,0.0,0.0,0.0,0.0,2.0,0.0,1.0,2.0,0.0,0.0,0.0,0.0,4.0,9.0,1.0,1.0,2.0,1.0,21.0,5.0,6.0,19.0,18.0,23.0,29.0,13.0,0.0,0.0,0.0,0.0,0.0,0.0,0.0,0.0,0.0,0.0,0.0,0.0,7.0,0.0,8.0,5.0,0.0,0.0,0.0,0.0,6.0,11.0,1.0,1.0,2.0,1.0,29.0,8.0,8.0,25.0,31.0,29.0,37.0,21.0
663,1.0,663.0,London_170,,151,453,1092.0,70.0,2.0,136806.0,1.1549388975836337,755.0,62.0,2.0,60.0,124.0,18.0,106.0,196.0,274.0,73.0,6.0,61.0,8.0,27.0,2.0,2.0,5.0,82.0,157.0,209.0,24.0,0.0,0.0,0.0,0.0,0.0,0.0,0.0,0.0,0.0,1.0,0.0,0.0,0.0,0.0,0.0,1.0,0.0,0.0,1.0,0.0,0.0,0.0,0.0,0.0,0.0,0.0,0.0,0.0,0.0,1.0,0.0,0.0,1.0,0.0,0.0,0.0,0.0,0.0,0.0,0.0,3.0,4.0,1.0,1.0,0.0,0.0,3.0,12.0,2.0,7.0,5.0,20.0,16.0,7.0,0.0,0.0,0.0,0.0,0.0,0.0,0.0,0.0,0.0,6.0,0.0,0.0,9.0,0.0,0.0,0.0,0.0,0.0,0.0,0.0,3.0,4.0,1.0,1.0,0.0,0.0,5.0,16.0,3.0,9.0,6.0,29.0,23.0,10.0
664,1.0,664.0,London_170,,151,453,1092.0,70.0,2.0,140430.0,0.9711232963018119,763.0,102.0,1.0,101.0,184.0,9.0,175.0,122.0,277.0,85.0,4.0,51.0,4.0,26.0,2.0,4.0,6.0,91.0,170.0,186.0,37.0,0.0,0.0,0.0,0.0,0.0,0.0,0.0,0.0,0.0,0.0,0.0,0.0,0.0,0.0,0.0,0.0,0.0,0.0,0.0,0.0,0.0,0.0,0.0,0.0,0.0,0.0,0.0,0.0,0.0,0.0,0.0,0.0,0.0,0.0,0.0,1.0,0.0,0.0,0.0,0.0,7.0,5.0,1.0,3.0,5.0,0.0,6.0,5.0,5.0,4.0,23.0,23.0,8.0,7.0,0.0,0.0,0.0,0.0,0.0,0.0,0.0,0.0,0.0,0.0,0.0,0.0,0.0,0.0,0.0,6.0,0.0,0.0,0.0,0.0,8.0,9.0,1.0,4.0,5.0,0.0,10.0,6.0,8.0,5.0,30.0,32.0,11.0,13.0
665,1.0,665.0,London_170,,151,453,1092.0,70.0,2.0,126387.0,0.9524541082791984,732.0,102.0,2.0,100.0,195.0,20.0,175.0,184.0,269.0,74.0,15.0,46.0,3.0,33.0,0.0,13.0,10.0,84.0,159.0,200.0,25.0,0.0,0.0,0.0,0.0,0.0,0.0,0.0,0.0,0.0,0.0,0.0,0.0,0.0,0.0,0.0,0.0,0.0,0.0,0.0,0.0,0.0,0.0,0.0,0.0,0.0,0.0,0.0,0.0,0.0,0.0,1.0,0.0,1.0,0.0,0.0,1.0,0.0,0.0,0.0,0.0,2.0,25.0,8.0,0.0,1.0,1.0,3.0,8.0,14.0,8.0,23.0,22.0,28.0,7.0,0.0,0.0,0.0,0.0,0.0,0.0,0.0,0.0,0.0,0.0,5.0,0.0,1.0,0.0,0.0,2.0,0.0,0.0,0.0,0.0,2.0,38.0,8.0,0.0,1.0,2.0,3.0,10.0,16.0,11.0,35.0,33.0,39.0,9.0
666,1.0,666.0,London_170,,151,453,1092.0,70.0,2.0,116874.0,0.9561408790759742,711.0,70.0,2.0,68.0,134.0,20.0,114.0,195.0,249.0,74.0,14.0,64.0,3.0,35.0,1.0,13.0,13.0,78.0,155.0,207.0,35.0,0.0,0.0,0.0,0.0,0.0,0.0,0.0,0.0,0.0,0.0,0.0,0.0,0.0,0.0,0.0,0.0,0.0,0.0,0.0,0.0,0.0,0.0,0.0,0.0,0.0,0.0,0.0,0.0,0.0,0.0,1.0,0.0,1.0,0.0,0.0,0.0,1.0,0.0,0.0,0.0,7.0,8.0,1.0,0.0,0.0,0.0,5.0,6.0,4.0,11.0,11.0,15.0,15.0,7.0,0.0,0.0,0.0,0.0,0.0,0.0,0.0,0.0,0.0,0.0,8.0,0.0,8.0,0.0,0.0,0.0,10.0,0.0,0.0,0.0,7.0,13.0,1.0,0.0,0.0,0.0,5.0,9.0,4.0,15.0,21.0,19.0,18.0,12.0
667,1.0,667.0,London_170,,151,453,1092.0,70.0,2.0,125934.0,0.8432056331075728,731.0,8.0,0.0,8.0,13.0,0.0,13.0,134.0,263.0,101.0,10.0,34.0,6.0,28.0,1.0,10.0,9.0,87.0,148.0,209.0,38.0,0.0,0.0,0.0,0.0,0.0,0.0,0.0,0.0,0.0,0.0,0.0,0.0,0.0,0.0,0.0,0.0,0.0,0.0,0.0,0.0,0.0,0.0,0.0,0.0,0.0,0.0,0.0,0.0,0.0,0.0,0.0,0.0,0.0,0.0,0.0,0.0,0.0,0.0,0.0,0.0,0.0,0.0,0.0,0.0,0.0,0.0,0.0,0.0,0.0,0.0,1.0,2.0,2.0,0.0,0.0,0.0,0.0,0.0,0.0,0.0,0.0,0.0,0.0,0.0,0.0,0.0,0.0,0.0,0.0,0.0,0.0,0.0,0.0,0.0,0.0,0.0,0.0,0.0,0.0,0.0,0.0,0.0,0.0,0.0,1.0,2.0,2.0,0.0
668,1.0,668.0,London_170,,151,453,1092.0,70.0,2.0,170328.0,1.1825215071439743,829.0,80.0,2.0,78.0,153.0,18.0,135.0,13.0,263.0,103.0,6.0,35.0,6.0,28.0,1.0,11.0,8.0,89.0,152.0,204.0,38.0,0.0,0.0,0.0,0.0,0.0,0.0,0.0,0.0,0.0,0.0,0.0,0.0,0.0,0.0,0.0,0.0,0.0,0.0,0.0,0.0,0.0,0.0,0.0,0.0,0.0,0.0,0.0,0.0,0.0,1.0,1.0,0.0,1.0,1.0,0.0,2.0,0.0,0.0,0.0,0.0,0.0,4.0,0.0,1.0,3.0,2.0,10.0,8.0,2.0,10.0,12.0,15.0,16.0,8.0,0.0,0.0,0.0,0.0,0.0,0.0,0.0,0.0,0.0,4.0,8.0,0.0,3.0,7.0,0.0,12.0,0.0,0.0,0.0,0.0,0.0,5.0,0.0,1.0,3.0,3.0,13.0,10.0,2.0,14.0,18.0,20.0,19.0,10.0
669,1.0,669.0,London_170,,151,453,1092.0,70.0,2.0,182559.0,1.2357446081005037,856.0,37.0,0.0,37.0,73.0,0.0,73.0,153.0,264.0,91.0,7.0,52.0,3.0,24.0,1.0,11.0,8.0,97.0,143.0,205.0,37.0,0.0,0.0,0.0,0.0,0.0,0.0,0.0,0.0,0.0,0.0,0.0,0.0,0.0,0.0,0.0,0.0,0.0,0.0,0.0,0.0,0.0,0.0,0.0,0.0,0.0,0.0,0.0,0.0,0.0,0.0,0.0,0.0,0.0,0.0,0.0,0.0,0.0,0.0,0.0,0.0,3.0,3.0,0.0,1.0,0.0,0.0,6.0,0.0,3.0,7.0,4.0,6.0,13.0,4.0,0.0,0.0,0.0,0.0,0.0,0.0,0.0,0.0,0.0,0.0,0.0,0.0,0.0,0.0,0.0,0.0,0.0,0.0,0.0,0.0,3.0,4.0,0.0,3.0,0.0,0.0,8.0,0.0,4.0,14.0,7.0,12.0,21.0,10.0
670,1.0,670.0,London_170,,151,453,1092.0,70.0,2.0,222876.0,1.7486386867240071,945.0,131.0,0.0,131.0,229.0,0.0,229.0,73.0,271.0,90.0,4.0,46.0,3.0,25.0,1.0,13.0,12.0,100.0,146.0,195.0,37.0,0.0,0.0,0.0,0.0,0.0,0.0,0.0,0.0,0.0,0.0,0.0,0.0,0.0,0.0,0.0,0.0,0.0,0.0,0.0,0.0,0.0,0.0,0.0,0.0,0.0,0.0,0.0,0.0,0.0,0.0,0.0,0.0,0.0,0.0,0.0,0.0,0.0,0.0,0.0,0.0,2.0,19.0,0.0,1.0,3.0,1.0,10.0,6.0,5.0,6.0,19.0,28.0,14.0,8.0,0.0,0.0,0.0,0.0,0.0,0.0,0.0,0.0,0.0,0.0,0.0,0.0,0.0,0.0,0.0,0.0,0.0,0.0,0.0,0.0,3.0,28.0,0.0,2.0,3.0,2.0,13.0,7.0,7.0,8.0,29.0,38.0,16.0,11.0
671,1.0,671.0,London_170,,151,453,1092.0,70.0,2.0,212910.0,1.2044628448784351,923.0,152.0,0.0,152.0,260.0,0.0,260.0,229.0,224.0,79.0,20.0,79.0,5.0,32.0,3.0,11.0,8.0,85.0,148.0,212.0,29.0,0.0,0.0,0.0,0.0,0.0,0.0,0.0,0.0,0.0,0.0,0.0,0.0,0.0,0.0,0.0,0.0,0.0,0.0,0.0,0.0,0.0,0.0,0.0,0.0,0.0,0.0,0.0,0.0,0.0,0.0,0.0,0.0,0.0,0.0,0.0,0.0,0.0,0.0,0.0,0.0,5.0,13.0,0.0,3.0,6.0,0.0,7.0,9.0,1.0,10.0,22.0,41.0,25.0,11.0,0.0,0.0,0.0,0.0,0.0,0.0,0.0,0.0,0.0,0.0,0.0,0.0,0.0,0.0,0.0,0.0,0.0,0.0,0.0,0.0,5.0,16.0,0.0,4.0,6.0,0.0,9.0,12.0,2.0,17.0,32.0,57.0,28.0,18.0
672,1.0,672.0,London_170,,151,453,1092.0,70.0,2.0,188448.0,1.1398095698095858,869.0,105.0,0.0,105.0,188.0,0.0,188.0,260.0,212.0,108.0,19.0,63.0,5.0,31.0,4.0,11.0,6.0,68.0,148.0,231.0,36.0,0.0,0.0,0.0,0.0,0.0,0.0,0.0,0.0,0.0,0.0,0.0,0.0,0.0,0.0,0.0,0.0,0.0,0.0,0.0,0.0,0.0,0.0,0.0,0.0,0.0,0.0,0.0,0.0,0.0,0.0,0.0,0.0,0.0,0.0,0.0,0.0,0.0,0.0,0.0,0.0,0.0,2.0,0.0,2.0,2.0,0.0,14.0,12.0,4.0,10.0,23.0,21.0,18.0,7.0,0.0,0.0,0.0,0.0,0.0,0.0,0.0,0.0,0.0,0.0,0.0,0.0,0.0,0.0,0.0,0.0,0.0,0.0,0.0,0.0,0.0,2.0,0.0,5.0,2.0,0.0,18.0,17.0,5.0,10.0,34.0,31.0,24.0,15.0
673,1.0,673.0,London_170,,151,453,1092.0,70.0,2.0,173952.0,1.0901113860309124,837.0,96.0,0.0,96.0,171.0,0.0,171.0,188.0,224.0,114.0,13.0,49.0,8.0,38.0,4.0,3.0,7.0,68.0,166.0,212.0,37.0,0.0,0.0,0.0,0.0,0.0,0.0,0.0,0.0,0.0,0.0,0.0,0.0,0.0,0.0,0.0,0.0,0.0,0.0,0.0,0.0,0.0,0.0,0.0,0.0,0.0,0.0,0.0,0.0,0.0,0.0,0.0,0.0,0.0,0.0,0.0,0.0,0.0,0.0,0.0,0.0,8.0,4.0,0.0,2.0,7.0,0.0,14.0,8.0,6.0,6.0,17.0,28.0,25.0,12.0,0.0,0.0,0.0,0.0,0.0,0.0,0.0,0.0,0.0,0.0,0.0,0.0,0.0,0.0,0.0,0.0,0.0,0.0,0.0,0.0,8.0,6.0,0.0,4.0,8.0,0.0,16.0,9.0,8.0,7.0,28.0,39.0,30.0,20.0
674,1.0,674.0,London_170,,151,453,1092.0,70.0,2.0,158097.0,1.005024658050388,802.0,164.0,0.0,164.0,269.0,0.0,269.0,171.0,233.0,106.0,11.0,47.0,10.0,37.0,1.0,8.0,7.0,71.0,165.0,210.0,36.0,0.0,0.0,0.0,0.0,0.0,0.0,0.0,0.0,0.0,0.0,0.0,0.0,0.0,0.0,0.0,0.0,0.0,0.0,0.0,0.0,0.0,0.0,0.0,0.0,0.0,0.0,0.0,0.0,0.0,0.0,0.0,0.0,0.0,0.0,0.0,0.0,0.0,0.0,0.0,0.0,1.0,21.0,3.0,4.0,5.0,0.0,7.0,2.0,2.0,9.0,27.0,29.0,32.0,12.0,0.0,0.0,0.0,0.0,0.0,0.0,0.0,0.0,0.0,0.0,0.0,0.0,0.0,0.0,0.0,0.0,0.0,0.0,0.0,0.0,1.0,29.0,3.0,6.0,5.0,0.0,8.0,2.0,2.0,10.0,41.0,40.0,41.0,15.0
675,1.0,675.0,London_170,,151,453,1092.0,70.0,2.0,106908.0,1.0368408528156579,689.0,144.0,2.0,142.0,267.0,18.0,249.0,269.0,192.0,100.0,24.0,80.0,15.0,41.0,0.0,1.0,7.0,81.0,160.0,205.0,48.0,0.0,0.0,0.0,0.0,0.0,0.0,0.0,0.0,0.0,0.0,0.0,0.0,0.0,0.0,0.0,0.0,0.0,0.0,0.0,0.0,0.0,0.0,0.0,0.0,0.0,0.0,0.0,0.0,0.0,0.0,0.0,0.0,0.0,0.0,1.0,2.0,0.0,0.0,0.0,0.0,6.0,4.0,0.0,0.0,2.0,0.0,12.0,14.0,8.0,12.0,24.0,33.0,18.0,15.0,0.0,0.0,0.0,0.0,0.0,0.0,0.0,0.0,0.0,0.0,0.0,0.0,0.0,0.0,8.0,8.0,0.0,0.0,0.0,0.0,9.0,6.0,0.0,0.0,2.0,0.0,17.0,18.0,13.0,16.0,36.0,48.0,26.0,25.0
676,1.0,676.0,London_170,,151,453,1092.0,70.0,2.0,62514.0,0.8131387098692358,591.0,11.0,2.0,9.0,38.0,19.0,19.0,267.0,196.0,104.0,17.0,77.0,17.0,39.0,0.0,3.0,6.0,93.0,147.0,207.0,32.0,0.0,0.0,0.0,0.0,0.0,0.0,0.0,0.0,0.0,0.0,0.0,0.0,0.0,0.0,0.0,0.0,0.0,0.0,0.0,0.0,0.0,0.0,0.0,0.0,0.0,0.0,0.0,0.0,0.0,0.0,0.0,0.0,1.0,1.0,1.0,2.0,0.0,0.0,0.0,0.0,0.0,0.0,0.0,0.0,0.0,0.0,1.0,0.0,0.0,3.0,2.0,2.0,3.0,1.0,0.0,0.0,0.0,0.0,0.0,0.0,0.0,0.0,0.0,0.0,0.0,0.0,4.0,7.0,6.0,10.0,0.0,0.0,0.0,0.0,0.0,0.0,0.0,0.0,0.0,0.0,1.0,0.0,0.0,4.0,2.0,3.0,5.0,2.0
677,1.0,677.0,London_170,,151,453,1092.0,70.0,2.0,93771.0,0.6063238237984478,660.0,36.0,1.0,35.0,69.0,10.0,59.0,38.0,197.0,102.0,19.0,83.0,13.0,36.0,0.0,3.0,5.0,100.0,142.0,206.0,30.0,0.0,0.0,0.0,0.0,0.0,0.0,0.0,0.0,0.0,0.0,0.0,0.0,0.0,0.0,0.0,0.0,0.0,0.0,0.0,0.0,0.0,0.0,0.0,0.0,0.0,0.0,0.0,0.0,0.0,1.0,0.0,0.0,1.0,0.0,0.0,1.0,0.0,0.0,0.0,0.0,0.0,2.0,0.0,1.0,0.0,0.0,2.0,3.0,2.0,2.0,7.0,11.0,7.0,2.0,0.0,0.0,0.0,0.0,0.0,0.0,0.0,0.0,0.0,7.0,0.0,0.0,8.0,0.0,0.0,2.0,0.0,0.0,0.0,0.0,0.0,2.0,0.0,1.0,0.0,0.0,4.0,3.0,3.0,3.0,9.0,14.0,7.0,2.0
678,1.0,678.0,London_170,,151,453,1092.0,70.0,2.0,115062.0,0.7386368368752301,707.0,28.0,1.0,27.0,54.0,10.0,44.0,69.0,199.0,105.0,22.0,81.0,9.0,34.0,0.0,3.0,6.0,92.0,151.0,204.0,39.0,0.0,0.0,0.0,0.0,0.0,0.0,0.0,0.0,0.0,0.0,0.0,0.0,0.0,0.0,0.0,0.0,0.0,0.0,0.0,0.0,0.0,0.0,0.0,0.0,0.0,0.0,0.0,0.0,0.0,1.0,0.0,0.0,0.0,0.0,0.0,1.0,0.0,0.0,0.0,0.0,0.0,2.0,1.0,0.0,0.0,0.0,2.0,2.0,1.0,1.0,2.0,10.0,3.0,2.0,0.0,0.0,0.0,0.0,0.0,0.0,0.0,0.0,0.0,5.0,0.0,0.0,0.0,0.0,0.0,6.0,0.0,0.0,0.0,0.0,0.0,3.0,1.0,0.0,0.0,0.0,2.0,2.0,2.0,1.0,2.0,17.0,3.0,4.0
679,1.0,679.0,London_170,,151,453,1092.0,70.0,2.0,134541.0,0.9011700418777764,750.0,70.0,0.0,70.0,131.0,0.0,131.0,54.0,202.0,110.0,23.0,78.0,4.0,34.0,0.0,2.0,6.0,86.0,153.0,208.0,39.0,0.0,0.0,0.0,0.0,0.0,0.0,0.0,0.0,0.0,0.0,0.0,0.0,0.0,0.0,0.0,0.0,0.0,0.0,0.0,0.0,0.0,0.0,0.0,0.0,0.0,0.0,0.0,0.0,0.0,0.0,0.0,0.0,0.0,0.0,0.0,0.0,0.0,0.0,0.0,0.0,0.0,2.0,0.0,0.0,2.0,0.0,6.0,7.0,3.0,4.0,12.0,18.0,12.0,4.0,0.0,0.0,0.0,0.0,0.0,0.0,0.0,0.0,0.0,0.0,0.0,0.0,0.0,0.0,0.0,0.0,0.0,0.0,0.0,0.0,0.0,3.0,0.0,0.0,2.0,0.0,7.0,11.0,5.0,7.0,22.0,30.0,14.0,11.0
680,1.0,680.0,London_170,,151,453,1092.0,70.0,2.0,140883.0,0.9176050378009677,764.0,8.0,2.0,6.0,26.0,18.0,8.0,131.0,212.0,108.0,22.0,64.0,7.0,37.0,0.0,3.0,7.0,94.0,157.0,195.0,43.0,0.0,0.0,0.0,0.0,0.0,0.0,0.0,0.0,0.0,0.0,0.0,0.0,0.0,0.0,0.0,0.0,0.0,0.0,0.0,0.0,0.0,0.0,0.0,0.0,0.0,0.0,0.0,0.0,0.0,0.0,0.0,0.0,1.0,0.0,1.0,1.0,0.0,0.0,0.0,0.0,0.0,0.0,0.0,0.0,0.0,0.0,1.0,1.0,1.0,1.0,1.0,3.0,3.0,0.0,0.0,0.0,0.0,0.0,0.0,0.0,0.0,0.0,0.0,0.0,0.0,0.0,6.0,0.0,7.0,5.0,0.0,0.0,0.0,0.0,0.0,0.0,0.0,0.0,0.0,0.0,1.0,1.0,1.0,1.0,1.0,3.0,3.0,0.0
681,1.0,681.0,London_170,,151,453,1092.0,70.0,2.0,186183.0,1.2110443571582437,864.0,44.0,2.0,42.0,91.0,16.0,75.0,26.0,213.0,102.0,26.0,68.0,6.0,34.0,0.0,4.0,3.0,100.0,151.0,199.0,32.0,0.0,0.0,0.0,0.0,0.0,0.0,0.0,0.0,0.0,0.0,0.0,0.0,0.0,0.0,0.0,0.0,0.0,0.0,0.0,0.0,0.0,0.0,0.0,0.0,0.0,0.0,0.0,0.0,0.0,2.0,0.0,0.0,0.0,0.0,1.0,2.0,0.0,0.0,0.0,0.0,1.0,2.0,0.0,2.0,0.0,0.0,3.0,3.0,4.0,2.0,10.0,8.0,21.0,4.0,0.0,0.0,0.0,0.0,0.0,0.0,0.0,0.0,0.0,5.0,0.0,0.0,0.0,0.0,6.0,5.0,0.0,0.0,0.0,0.0,1.0,4.0,0.0,4.0,0.0,0.0,3.0,3.0,5.0,2.0,17.0,13.0,29.0,6.0
682,1.0,682.0,London_170,,151,453,1092.0,70.0,2.0,218799.0,1.2013078690506518,936.0,77.0,2.0,75.0,149.0,18.0,131.0,91.0,215.0,108.0,32.0,63.0,4.0,23.0,2.0,6.0,3.0,94.0,156.0,200.0,40.0,0.0,0.0,0.0,0.0,0.0,0.0,0.0,0.0,0.0,0.0,0.0,0.0,0.0,0.0,0.0,0.0,0.0,0.0,0.0,0.0,0.0,0.0,0.0,0.0,0.0,0.0,0.0,0.0,0.0,1.0,0.0,0.0,1.0,0.0,1.0,1.0,0.0,0.0,0.0,0.0,1.0,6.0,2.0,0.0,0.0,0.0,13.0,4.0,1.0,6.0,22.0,14.0,17.0,5.0,0.0,0.0,0.0,0.0,0.0,0.0,0.0,0.0,0.0,6.0,0.0,0.0,3.0,0.0,9.0,4.0,0.0,0.0,0.0,0.0,1.0,8.0,2.0,0.0,0.0,0.0,17.0,4.0,1.0,6.0,34.0,24.0,23.0,7.0
683,1.0,683.0,London_170,,151,453,1092.0,70.0,2.0,231030.0,1.556987103074789,963.0,187.0,0.0,187.0,315.0,0.0,315.0,149.0,232.0,102.0,28.0,65.0,4.0,19.0,0.0,3.0,7.0,88.0,153.0,205.0,43.0,0.0,0.0,0.0,0.0,0.0,0.0,0.0,0.0,0.0,0.0,0.0,0.0,0.0,0.0,0.0,0.0,0.0,0.0,0.0,0.0,0.0,0.0,0.0,0.0,0.0,0.0,0.0,0.0,0.0,0.0,0.0,0.0,0.0,0.0,0.0,0.0,0.0,0.0,0.0,0.0,1.0,30.0,0.0,5.0,2.0,0.0,9.0,3.0,1.0,4.0,26.0,45.0,21.0,9.0,0.0,0.0,0.0,0.0,0.0,0.0,0.0,0.0,0.0,0.0,0.0,0.0,0.0,0.0,0.0,0.0,0.0,0.0,0.0,0.0,1.0,45.0,0.0,5.0,2.0,0.0,11.0,4.0,1.0,4.0,34.0,64.0,24.0,12.0
684,1.0,684.0,London_170,,151,453,1092.0,70.0,2.0,187995.0,0.8121498860418797,868.0,136.0,1.0,135.0,243.0,10.0,233.0,315.0,186.0,107.0,26.0,96.0,7.0,19.0,3.0,9.0,7.0,79.0,148.0,219.0,35.0,0.0,0.0,0.0,0.0,0.0,0.0,0.0,0.0,0.0,0.0,0.0,0.0,0.0,0.0,0.0,0.0,0.0,0.0,0.0,0.0,0.0,0.0,0.0,0.0,0.0,0.0,0.0,0.0,0.0,1.0,0.0,0.0,1.0,0.0,1.0,0.0,1.0,0.0,0.0,0.0,5.0,12.0,2.0,1.0,8.0,0.0,17.0,9.0,1.0,17.0,26.0,28.0,13.0,14.0,0.0,0.0,0.0,0.0,0.0,0.0,0.0,0.0,0.0,2.0,0.0,0.0,5.0,0.0,6.0,0.0,10.0,0.0,0.0,0.0,5.0,16.0,3.0,2.0,8.0,0.0,20.0,14.0,1.0,25.0,40.0,44.0,16.0,24.0
685,1.0,685.0,London_170,,151,453,1092.0,70.0,2.0,159456.0,0.7692179419100285,805.0,62.0,0.0,62.0,106.0,0.0,106.0,243.0,201.0,96.0,32.0,82.0,4.0,31.0,2.0,5.0,4.0,81.0,158.0,210.0,41.0,0.0,0.0,0.0,0.0,0.0,0.0,0.0,0.0,0.0,0.0,0.0,0.0,0.0,0.0,0.0,0.0,0.0,0.0,0.0,0.0,0.0,0.0,0.0,0.0,0.0,0.0,0.0,0.0,0.0,0.0,0.0,0.0,0.0,0.0,0.0,0.0,0.0,0.0,0.0,0.0,1.0,3.0,0.0,1.0,0.0,0.0,6.0,6.0,4.0,2.0,7.0,15.0,8.0,5.0,0.0,0.0,0.0,0.0,0.0,0.0,0.0,0.0,0.0,0.0,0.0,0.0,0.0,0.0,0.0,0.0,0.0,0.0,0.0,0.0,2.0,3.0,0.0,2.0,0.0,0.0,10.0,8.0,6.0,3.0,9.0,23.0,10.0,8.0
686,1.0,686.0,London_170,,151,453,1092.0,70.0,2.0,169875.0,0.9160240143537521,828.0,135.0,0.0,135.0,229.0,0.0,229.0,106.0,210.0,100.0,21.0,72.0,4.0,35.0,4.0,7.0,7.0,75.0,169.0,202.0,48.0,0.0,0.0,0.0,0.0,0.0,0.0,0.0,0.0,0.0,0.0,0.0,0.0,0.0,0.0,0.0,0.0,0.0,0.0,0.0,0.0,0.0,0.0,0.0,0.0,0.0,0.0,0.0,0.0,0.0,0.0,0.0,0.0,0.0,0.0,0.0,0.0,0.0,0.0,0.0,0.0,3.0,9.0,0.0,0.0,1.0,0.0,5.0,7.0,6.0,16.0,29.0,29.0,18.0,8.0,0.0,0.0,0.0,0.0,0.0,0.0,0.0,0.0,0.0,0.0,0.0,0.0,0.0,0.0,0.0,0.0,0.0,0.0,0.0,0.0,5.0,13.0,0.0,0.0,1.0,0.0,5.0,12.0,8.0,24.0,39.0,44.0,23.0,15.0
687,1.0,687.0,London_170,,151,453,1092.0,70.0,2.0,141789.0,0.686289690900594,766.0,84.0,2.0,82.0,170.0,16.0,154.0,229.0,220.0,93.0,31.0,70.0,7.0,29.0,1.0,2.0,6.0,84.0,151.0,212.0,39.0,0.0,0.0,0.0,0.0,0.0,0.0,0.0,0.0,0.0,0.0,0.0,0.0,0.0,0.0,0.0,0.0,0.0,0.0,0.0,0.0,0.0,0.0,0.0,0.0,0.0,0.0,0.0,0.0,0.0,2.0,0.0,0.0,1.0,0.0,0.0,1.0,0.0,0.0,0.0,0.0,0.0,6.0,1.0,1.0,0.0,1.0,8.0,9.0,3.0,7.0,14.0,15.0,16.0,2.0,0.0,0.0,0.0,0.0,0.0,0.0,0.0,0.0,0.0,7.0,0.0,0.0,1.0,0.0,0.0,2.0,0.0,0.0,0.0,0.0,0.0,9.0,2.0,2.0,0.0,2.0,11.0,12.0,3.0,10.0,24.0,22.0,19.0,3.0
688,1.0,688.0,London_170,,151,453,1092.0,70.0,2.0,132276.0,1.2333811507560313,745.0,138.0,2.0,136.0,270.0,19.0,251.0,170.0,233.0,87.0,29.0,80.0,4.0,16.0,2.0,2.0,4.0,78.0,170.0,201.0,32.0,0.0,0.0,0.0,0.0,0.0,0.0,0.0,0.0,0.0,0.0,0.0,0.0,0.0,0.0,0.0,0.0,0.0,0.0,0.0,0.0,0.0,0.0,0.0,0.0,0.0,0.0,0.0,0.0,0.0,0.0,0.0,0.0,0.0,0.0,1.0,0.0,0.0,0.0,0.0,0.0,2.0,8.0,3.0,4.0,5.0,1.0,9.0,2.0,1.0,7.0,25.0,42.0,18.0,6.0,0.0,0.0,0.0,0.0,0.0,0.0,0.0,0.0,0.0,0.0,0.0,0.0,0.0,0.0,8.0,0.0,0.0,0.0,0.0,0.0,2.0,12.0,3.0,5.0,5.0,2.0,12.0,2.0,1.0,10.0,45.0,63.0,26.0,9.0
689,1.0,689.0,London_170,,151,453,1092.0,70.0,2.0,93771.0,0.5956405652686954,660.0,21.0,0.0,21.0,38.0,0.0,38.0,270.0,213.0,116.0,20.0,72.0,4.0,23.0,0.0,5.0,8.0,88.0,138.0,219.0,39.0,0.0,0.0,0.0,0.0,0.0,0.0,0.0,0.0,0.0,0.0,0.0,0.0,0.0,0.0,0.0,0.0,0.0,0.0,0.0,0.0,0.0,0.0,0.0,0.0,0.0,0.0,0.0,0.0,0.0,0.0,0.0,0.0,0.0,0.0,0.0,0.0,0.0,0.0,0.0,0.0,1.0,1.0,0.0,0.0,0.0,0.0,0.0,2.0,1.0,1.0,3.0,5.0,4.0,2.0,0.0,0.0,0.0,0.0,0.0,0.0,0.0,0.0,0.0,0.0,0.0,0.0,0.0,0.0,0.0,0.0,0.0,0.0,0.0,0.0,2.0,1.0,0.0,0.0,0.0,0.0,0.0,3.0,2.0,1.0,4.0,8.0,5.0,3.0
690,1.0,690.0,London_170,,151,453,1092.0,70.0,2.0,122310.0,1.1566169108264148,723.0,38.0,2.0,36.0,93.0,19.0,74.0,38.0,216.0,112.0,22.0,67.0,4.0,25.0,0.0,7.0,8.0,81.0,149.0,215.0,42.0,0.0,0.0,0.0,0.0,0.0,0.0,0.0,0.0,0.0,0.0,0.0,0.0,0.0,0.0,0.0,0.0,0.0,0.0,0.0,0.0,0.0,0.0,0.0,0.0,0.0,0.0,0.0,0.0,0.0,1.0,0.0,0.0,1.0,0.0,1.0,2.0,0.0,0.0,0.0,0.0,2.0,2.0,0.0,3.0,1.0,0.0,4.0,5.0,2.0,5.0,9.0,4.0,8.0,4.0,0.0,0.0,0.0,0.0,0.0,0.0,0.0,0.0,0.0,4.0,0.0,0.0,4.0,0.0,7.0,9.0,0.0,0.0,0.0,0.0,2.0,6.0,0.0,3.0,1.0,0.0,6.0,7.0,2.0,5.0,17.0,7.0,13.0,7.0
691,1.0,691.0,London_170,,151,453,1092.0,70.0,2.0,143148.0,0.941925847902894,769.0,127.0,0.0,127.0,206.0,0.0,206.0,93.0,218.0,120.0,21.0,68.0,5.0,17.0,2.0,2.0,5.0,88.0,153.0,207.0,42.0,0.0,0.0,0.0,0.0,0.0,0.0,0.0,0.0,0.0,0.0,0.0,0.0,0.0,0.0,0.0,0.0,0.0,0.0,0.0,0.0,0.0,0.0,0.0,0.0,0.0,0.0,0.0,0.0,0.0,0.0,0.0,0.0,0.0,0.0,0.0,0.0,0.0,0.0,0.0,0.0,1.0,3.0,0.0,1.0,5.0,0.0,14.0,6.0,4.0,5.0,24.0,28.0,34.0,7.0,0.0,0.0,0.0,0.0,0.0,0.0,0.0,0.0,0.0,0.0,0.0,0.0,0.0,0.0,0.0,0.0,0.0,0.0,0.0,0.0,1.0,3.0,0.0,1.0,5.0,0.0,16.0,7.0,5.0,7.0,36.0,41.0,45.0,9.0
692,1.0,692.0,London_170,,151,453,1092.0,70.0,2.0,130464.0,1.1064516752958298,741.0,27.0,1.0,26.0,56.0,9.0,47.0,206.0,237.0,109.0,14.0,68.0,8.0,12.0,1.0,4.0,6.0,93.0,140.0,214.0,44.0,0.0,0.0,0.0,0.0,0.0,0.0,0.0,0.0,0.0,0.0,0.0,0.0,0.0,0.0,0.0,0.0,0.0,0.0,0.0,0.0,0.0,0.0,0.0,0.0,0.0,0.0,0.0,0.0,0.0,0.0,0.0,0.0,1.0,0.0,0.0,0.0,1.0,0.0,0.0,0.0,1.0,3.0,0.0,0.0,0.0,0.0,4.0,0.0,2.0,4.0,6.0,6.0,9.0,3.0,0.0,0.0,0.0,0.0,0.0,0.0,0.0,0.0,0.0,0.0,0.0,0.0,6.0,0.0,0.0,0.0,5.0,0.0,0.0,0.0,1.0,4.0,0.0,0.0,0.0,0.0,8.0,0.0,2.0,6.0,9.0,8.0,13.0,4.0
693,1.0,693.0,London_170,,151,453,1092.0,70.0,2.0,156285.0,1.720603914000094,798.0,48.0,2.0,46.0,98.0,18.0,80.0,56.0,242.0,109.0,13.0,63.0,9.0,11.0,1.0,5.0,6.0,98.0,137.0,212.0,42.0,0.0,0.0,0.0,0.0,0.0,0.0,0.0,0.0,0.0,0.0,0.0,0.0,0.0,0.0,0.0,0.0,0.0,0.0,0.0,0.0,0.0,0.0,0.0,0.0,0.0,0.0,0.0,0.0,0.0,1.0,0.0,0.0,1.0,1.0,1.0,1.0,0.0,0.0,0.0,0.0,6.0,1.0,1.0,1.0,0.0,0.0,8.0,3.0,1.0,7.0,11.0,13.0,16.0,2.0,0.0,0.0,0.0,0.0,0.0,0.0,0.0,0.0,0.0,2.0,0.0,0.0,5.0,6.0,5.0,3.0,0.0,0.0,0.0,0.0,9.0,2.0,1.0,1.0,0.0,0.0,9.0,4.0,2.0,9.0,13.0,20.0,19.0,3.0
694,1.0,694.0,London_170,,151,453,1092.0,70.0,2.0,171687.0,1.9633525041863322,832.0,111.0,2.0,109.0,198.0,17.0,181.0,98.0,253.0,115.0,14.0,50.0,9.0,9.0,1.0,2.0,6.0,100.0,143.0,204.0,36.0,0.0,0.0,0.0,0.0,0.0,0.0,0.0,0.0,0.0,0.0,0.0,0.0,0.0,0.0,0.0,0.0,0.0,0.0,0.0,0.0,0.0,0.0,0.0,0.0,0.0,0.0,0.0,0.0,0.0,0.0,0.0,0.0,0.0,0.0,1.0,1.0,0.0,0.0,0.0,0.0,0.0,4.0,0.0,1.0,1.0,0.0,22.0,11.0,3.0,4.0,23.0,23.0,19.0,10.0,0.0,0.0,0.0,0.0,0.0,0.0,0.0,0.0,0.0,0.0,0.0,0.0,0.0,0.0,9.0,3.0,0.0,0.0,0.0,0.0,0.0,7.0,0.0,1.0,1.0,0.0,29.0,16.0,4.0,4.0,28.0,29.0,22.0,15.0
695,1.0,695.0,London_170,,151,453,1092.0,70.0,2.0,159456.0,0.9703456372953951,805.0,77.0,0.0,77.0,130.0,0.0,130.0,198.0,261.0,89.0,15.0,57.0,5.0,15.0,1.0,10.0,8.0,87.0,139.0,219.0,35.0,0.0,0.0,0.0,0.0,0.0,0.0,0.0,0.0,0.0,0.0,0.0,0.0,0.0,0.0,0.0,0.0,0.0,0.0,0.0,0.0,0.0,0.0,0.0,0.0,0.0,0.0,0.0,0.0,0.0,0.0,0.0,0.0,0.0,0.0,0.0,0.0,0.0,0.0,0.0,0.0,2.0,9.0,2.0,3.0,1.0,1.0,8.0,9.0,4.0,3.0,13.0,22.0,12.0,9.0,0.0,0.0,0.0,0.0,0.0,0.0,0.0,0.0,0.0,0.0,0.0,0.0,0.0,0.0,0.0,0.0,0.0,0.0,0.0,0.0,3.0,13.0,2.0,5.0,1.0,2.0,9.0,13.0,7.0,4.0,22.0,32.0,14.0,13.0
696,1.0,696.0,London_170,,151,453,1092.0,70.0,2.0,163533.0,1.0052109840326011,814.0,53.0,0.0,53.0,78.0,0.0,78.0,130.0,265.0,94.0,16.0,45.0,5.0,19.0,1.0,8.0,8.0,88.0,155.0,202.0,39.0,0.0,0.0,0.0,0.0,0.0,0.0,0.0,0.0,0.0,0.0,0.0,0.0,0.0,0.0,0.0,0.0,0.0,0.0,0.0,0.0,0.0,0.0,0.0,0.0,0.0,0.0,0.0,0.0,0.0,0.0,0.0,0.0,0.0,0.0,0.0,0.0,0.0,0.0,0.0,0.0,2.0,4.0,0.0,3.0,0.0,0.0,2.0,8.0,3.0,5.0,11.0,14.0,9.0,7.0,0.0,0.0,0.0,0.0,0.0,0.0,0.0,0.0,0.0,0.0,0.0,0.0,0.0,0.0,0.0,0.0,0.0,0.0,0.0,0.0,3.0,4.0,0.0,4.0,0.0,0.0,3.0,11.0,4.0,6.0,15.0,21.0,10.0,9.0
697,1.0,697.0,London_170,,151,453,1092.0,70.0,2.0,185730.0,1.5309702791273594,863.0,136.0,1.0,135.0,254.0,9.0,245.0,78.0,278.0,87.0,15.0,33.0,7.0,25.0,1.0,7.0,9.0,77.0,160.0,207.0,37.0,0.0,0.0,0.0,0.0,0.0,0.0,0.0,0.0,0.0,0.0,0.0,0.0,0.0,0.0,0.0,0.0,0.0,0.0,0.0,0.0,0.0,0.0,0.0,0.0,0.0,0.0,0.0,0.0,0.0,1.0,0.0,0.0,0.0,1.0,0.0,1.0,0.0,0.0,0.0,0.0,5.0,13.0,2.0,4.0,3.0,0.0,12.0,6.0,2.0,6.0,26.0,34.0,16.0,8.0,0.0,0.0,0.0,0.0,0.0,0.0,0.0,0.0,0.0,1.0,0.0,0.0,0.0,7.0,0.0,6.0,0.0,0.0,0.0,0.0,5.0,21.0,3.0,7.0,3.0,0.0,16.0,11.0,2.0,13.0,46.0,48.0,19.0,13.0
698,1.0,698.0,London_170,,151,453,1092.0,70.0,2.0,157191.0,1.2152701546438038,800.0,160.0,0.0,160.0,266.0,0.0,266.0,254.0,228.0,86.0,18.0,83.0,11.0,20.0,2.0,5.0,8.0,79.0,140.0,226.0,44.0,0.0,0.0,0.0,0.0,0.0,0.0,0.0,0.0,0.0,0.0,0.0,0.0,0.0,0.0,0.0,0.0,0.0,0.0,0.0,0.0,0.0,0.0,0.0,0.0,0.0,0.0,0.0,0.0,0.0,0.0,0.0,0.0,0.0,0.0,0.0,0.0,0.0,0.0,0.0,0.0,2.0,13.0,1.0,6.0,0.0,0.0,13.0,12.0,19.0,13.0,27.0,38.0,25.0,15.0,0.0,0.0,0.0,0.0,0.0,0.0,0.0,0.0,0.0,0.0,0.0,0.0,0.0,0.0,0.0,0.0,0.0,0.0,0.0,0.0,2.0,16.0,1.0,10.0,0.0,0.0,16.0,17.0,23.0,15.0,43.0,53.0,30.0,20.0
699,1.0,699.0,London_170,,151,453,1092.0,70.0,2.0,115515.0,1.5987353851087391,708.0,13.0,2.0,11.0,38.0,19.0,19.0,266.0,199.0,119.0,19.0,82.0,13.0,17.0,0.0,4.0,11.0,82.0,157.0,203.0,36.0,0.0,0.0,0.0,0.0,0.0,0.0,0.0,0.0,0.0,0.0,0.0,0.0,0.0,0.0,0.0,0.0,0.0,0.0,0.0,0.0,0.0,0.0,0.0,0.0,0.0,0.0,0.0,0.0,0.0,0.0,2.0,0.0,1.0,0.0,0.0,1.0,0.0,0.0,0.0,0.0,0.0,0.0,0.0,2.0,0.0,0.0,2.0,0.0,0.0,3.0,2.0,2.0,3.0,2.0,0.0,0.0,0.0,0.0,0.0,0.0,0.0,0.0,0.0,0.0,9.0,0.0,6.0,0.0,0.0,3.0,0.0,0.0,0.0,0.0,0.0,0.0,0.0,3.0,0.0,0.0,2.0,0.0,0.0,3.0,2.0,3.0,3.0,3.0
700,1.0,700.0,London_170,,151,453,1092.0,70.0,2.0,144507.0,1.0441309222951531,772.0,44.0,0.0,44.0,81.0,0.0,81.0,38.0,203.0,119.0,20.0,79.0,6.0,20.0,0.0,6.0,11.0,80.0,157.0,205.0,35.0,0.0,0.0,0.0,0.0,0.0,0.0,0.0,0.0,0.0,0.0,0.0,0.0,0.0,0.0,0.0,0.0,0.0,0.0,0.0,0.0,0.0,0.0,0.0,0.0,0.0,0.0,0.0,0.0,0.0,0.0,0.0,0.0,0.0,0.0,0.0,0.0,0.0,0.0,0.0,0.0,6.0,2.0,1.0,0.0,1.0,0.0,5.0,2.0,1.0,6.0,9.0,12.0,11.0,4.0,0.0,0.0,0.0,0.0,0.0,0.0,0.0,0.0,0.0,0.0,0.0,0.0,0.0,0.0,0.0,0.0,0.0,0.0,0.0,0.0,8.0,3.0,1.0,0.0,1.0,0.0,7.0,4.0,1.0,9.0,18.0,17.0,18.0,7.0
701,1.0,701.0,London_170,,151,453,1092.0,70.0,2.0,165798.0,1.028503408189863,819.0,100.0,0.0,100.0,169.0,0.0,169.0,81.0,211.0,127.0,24.0,60.0,4.0,20.0,0.0,7.0,12.0,88.0,157.0,196.0,34.0,0.0,0.0,0.0,0.0,0.0,0.0,0.0,0.0,0.0,0.0,0.0,0.0,0.0,0.0,0.0,0.0,0.0,0.0,0.0,0.0,0.0,0.0,0.0,0.0,0.0,0.0,0.0,0.0,0.0,0.0,0.0,0.0,0.0,0.0,0.0,0.0,0.0,0.0,0.0,0.0,3.0,3.0,0.0,3.0,6.0,0.0,12.0,9.0,4.0,8.0,10.0,31.0,14.0,8.0,0.0,0.0,0.0,0.0,0.0,0.0,0.0,0.0,0.0,0.0,0.0,0.0,0.0,0.0,0.0,0.0,0.0,0.0,0.0,0.0,3.0,5.0,0.0,4.0,6.0,0.0,17.0,14.0,7.0,8.0,16.0,46.0,16.0,11.0
702,1.0,702.0,London_170,,151,453,1092.0,70.0,2.0,159456.0,1.0164939411915839,805.0,115.0,0.0,115.0,194.0,0.0,194.0,169.0,216.0,129.0,23.0,53.0,9.0,14.0,2.0,7.0,10.0,81.0,176.0,186.0,37.0,0.0,0.0,0.0,0.0,0.0,0.0,0.0,0.0,0.0,0.0,0.0,0.0,0.0,0.0,0.0,0.0,0.0,0.0,0.0,0.0,0.0,0.0,0.0,0.0,0.0,0.0,0.0,0.0,0.0,0.0,0.0,0.0,0.0,0.0,0.0,0.0,0.0,0.0,0.0,0.0,3.0,1.0,0.0,2.0,2.0,0.0,5.0,5.0,3.0,15.0,27.0,21.0,14.0,8.0,0.0,0.0,0.0,0.0,0.0,0.0,0.0,0.0,0.0,0.0,0.0,0.0,0.0,0.0,0.0,0.0,0.0,0.0,0.0,0.0,4.0,1.0,0.0,2.0,2.0,0.0,7.0,7.0,5.0,23.0,38.0,33.0,21.0,12.0
703,1.0,703.0,London_170,,151,453,1092.0,70.0,2.0,141336.0,1.0082748369313776,765.0,113.0,2.0,111.0,216.0,19.0,197.0,194.0,222.0,129.0,14.0,53.0,6.0,22.0,1.0,6.0,11.0,84.0,162.0,196.0,53.0,0.0,0.0,0.0,0.0,0.0,0.0,0.0,0.0,0.0,0.0,0.0,0.0,0.0,0.0,0.0,0.0,0.0,0.0,0.0,0.0,0.0,0.0,0.0,0.0,0.0,0.0,0.0,0.0,0.0,2.0,0.0,0.0,0.0,0.0,2.0,1.0,1.0,0.0,0.0,0.0,6.0,10.0,2.0,4.0,1.0,0.0,10.0,5.0,3.0,6.0,24.0,20.0,20.0,6.0,0.0,0.0,0.0,0.0,0.0,0.0,0.0,0.0,0.0,2.0,0.0,0.0,0.0,0.0,12.0,4.0,7.0,0.0,0.0,0.0,10.0,17.0,2.0,5.0,1.0,0.0,13.0,7.0,4.0,8.0,38.0,27.0,26.0,8.0
704,1.0,704.0,London_170,,151,453,1092.0,70.0,2.0,130917.0,1.8230120060034096,742.0,2.0,2.0,0.0,17.0,17.0,0.0,216.0,229.0,104.0,16.0,64.0,4.0,30.0,2.0,4.0,10.0,80.0,159.0,204.0,41.0,0.0,0.0,0.0,0.0,0.0,0.0,0.0,0.0,0.0,0.0,0.0,0.0,0.0,0.0,0.0,0.0,0.0,0.0,0.0,0.0,0.0,0.0,0.0,0.0,0.0,0.0,0.0,0.0,0.0,0.0,0.0,0.0,1.0,0.0,1.0,1.0,0.0,0.0,0.0,0.0,0.0,0.0,0.0,0.0,0.0,0.0,0.0,0.0,0.0,0.0,0.0,0.0,0.0,0.0,0.0,0.0,0.0,0.0,0.0,0.0,0.0,0.0,0.0,0.0,0.0,0.0,8.0,0.0,8.0,5.0,0.0,0.0,0.0,0.0,0.0,0.0,0.0,0.0,0.0,0.0,0.0,0.0,0.0,0.0,0.0,0.0,0.0,0.0
705,1.0,705.0,London_170,,151,453,1092.0,70.0,2.0,178482.0,3.1953014242462814,847.0,112.0,2.0,110.0,216.0,18.0,198.0,17.0,231.0,106.0,15.0,62.0,5.0,28.0,2.0,4.0,7.0,80.0,151.0,215.0,34.0,0.0,0.0,0.0,0.0,0.0,0.0,0.0,0.0,0.0,1.0,0.0,0.0,0.0,0.0,0.0,1.0,0.0,0.0,1.0,0.0,0.0,0.0,0.0,0.0,0.0,0.0,0.0,0.0,0.0,1.0,0.0,0.0,1.0,0.0,0.0,0.0,0.0,0.0,0.0,0.0,2.0,16.0,1.0,1.0,3.0,0.0,9.0,7.0,3.0,8.0,17.0,30.0,15.0,10.0,0.0,0.0,0.0,0.0,0.0,0.0,0.0,0.0,0.0,6.0,0.0,0.0,8.0,0.0,0.0,0.0,0.0,0.0,0.0,0.0,2.0,25.0,2.0,1.0,4.0,0.0,11.0,13.0,5.0,9.0,30.0,44.0,20.0,14.0
706,1.0,706.0,London_170,,151,453,1092.0,70.0,2.0,170781.0,0.9816190148703754,830.0,101.0,1.0,100.0,169.0,9.0,160.0,215.0,241.0,98.0,18.0,60.0,7.0,22.0,3.0,4.0,9.0,66.0,163.0,215.0,28.0,0.0,0.0,0.0,0.0,0.0,0.0,0.0,0.0,0.0,0.0,0.0,0.0,0.0,0.0,0.0,0.0,0.0,0.0,0.0,0.0,0.0,0.0,0.0,0.0,0.0,0.0,0.0,0.0,0.0,0.0,0.0,0.0,0.0,0.0,0.0,1.0,0.0,0.0,0.0,0.0,0.0,6.0,0.0,5.0,2.0,0.0,11.0,11.0,6.0,12.0,19.0,27.0,13.0,3.0,0.0,0.0,0.0,0.0,0.0,0.0,0.0,0.0,0.0,0.0,0.0,0.0,0.0,0.0,0.0,2.0,0.0,0.0,0.0,0.0,0.0,8.0,0.0,8.0,2.0,0.0,15.0,16.0,7.0,17.0,27.0,33.0,16.0,4.0
707,1.0,707.0,London_170,,151,453,1092.0,70.0,2.0,163080.0,1.277214951813221,813.0,116.0,2.0,114.0,221.0,20.0,201.0,169.0,247.0,94.0,20.0,59.0,11.0,20.0,0.0,2.0,9.0,70.0,159.0,215.0,31.0,0.0,0.0,0.0,0.0,0.0,0.0,0.0,0.0,0.0,0.0,0.0,0.0,0.0,0.0,0.0,0.0,0.0,0.0,0.0,0.0,0.0,0.0,0.0,0.0,0.0,0.0,0.0,0.0,0.0,0.0,1.0,0.0,1.0,0.0,0.0,1.0,0.0,0.0,0.0,0.0,7.0,19.0,6.0,2.0,2.0,2.0,6.0,7.0,13.0,7.0,25.0,25.0,19.0,9.0,0.0,0.0,0.0,0.0,0.0,0.0,0.0,0.0,0.0,0.0,2.0,0.0,4.0,0.0,0.0,4.0,0.0,0.0,0.0,0.0,10.0,25.0,7.0,3.0,2.0,3.0,12.0,10.0,16.0,10.0,33.0,39.0,21.0,16.0
708,1.0,708.0,London_170,,151,453,1092.0,70.0,2.0,147225.0,1.6736716981977224,778.0,84.0,2.0,82.0,167.0,20.0,147.0,221.0,257.0,76.0,13.0,62.0,4.0,36.0,1.0,4.0,5.0,71.0,172.0,205.0,35.0,0.0,0.0,0.0,0.0,0.0,0.0,0.0,0.0,0.0,0.0,0.0,0.0,0.0,0.0,0.0,0.0,0.0,0.0,0.0,0.0,0.0,0.0,0.0,0.0,0.0,0.0,0.0,0.0,0.0,0.0,1.0,0.0,1.0,0.0,0.0,0.0,1.0,0.0,0.0,0.0,7.0,9.0,1.0,2.0,5.0,0.0,5.0,8.0,6.0,3.0,16.0,19.0,13.0,11.0,0.0,0.0,0.0,0.0,0.0,0.0,0.0,0.0,0.0,0.0,7.0,0.0,4.0,0.0,0.0,0.0,11.0,0.0,0.0,0.0,8.0,12.0,1.0,4.0,5.0,0.0,6.0,11.0,7.0,4.0,25.0,29.0,15.0,22.0
709,1.0,709.0,London_170,,151,453,1092.0,70.0,2.0,142242.0,1.937654625158757,767.0,53.0,0.0,53.0,85.0,0.0,85.0,167.0,278.0,87.0,9.0,47.0,2.0,24.0,2.0,4.0,4.0,79.0,156.0,214.0,41.0,0.0,0.0,0.0,0.0,0.0,0.0,0.0,0.0,0.0,0.0,0.0,0.0,0.0,0.0,0.0,0.0,0.0,0.0,0.0,0.0,0.0,0.0,0.0,0.0,0.0,0.0,0.0,0.0,0.0,0.0,0.0,0.0,0.0,0.0,0.0,0.0,0.0,0.0,0.0,0.0,2.0,2.0,0.0,1.0,0.0,0.0,7.0,4.0,4.0,7.0,8.0,15.0,18.0,2.0,0.0,0.0,0.0,0.0,0.0,0.0,0.0,0.0,0.0,0.0,0.0,0.0,0.0,0.0,0.0,0.0,0.0,0.0,0.0,0.0,2.0,2.0,0.0,1.0,0.0,0.0,8.0,5.0,6.0,10.0,12.0,22.0,25.0,3.0
710,1.0,710.0,London_170,,151,453,1092.0,70.0,2.0,154926.0,1.155151984654367,795.0,37.0,2.0,35.0,74.0,18.0,56.0,85.0,285.0,74.0,12.0,50.0,1.0,25.0,0.0,6.0,4.0,79.0,164.0,206.0,42.0,0.0,0.0,0.0,0.0,0.0,0.0,0.0,0.0,0.0,0.0,0.0,0.0,0.0,0.0,0.0,0.0,0.0,0.0,0.0,0.0,0.0,0.0,0.0,0.0,0.0,0.0,0.0,0.0,0.0,0.0,1.0,0.0,1.0,1.0,0.0,2.0,0.0,0.0,0.0,0.0,4.0,0.0,0.0,0.0,0.0,0.0,4.0,2.0,2.0,1.0,5.0,9.0,6.0,6.0,0.0,0.0,0.0,0.0,0.0,0.0,0.0,0.0,0.0,0.0,5.0,0.0,4.0,5.0,0.0,5.0,0.0,0.0,0.0,0.0,4.0,0.0,0.0,0.0,0.0,0.0,5.0,2.0,5.0,2.0,7.0,11.0,10.0,9.0
711,1.0,711.0,London_170,,151,453,1092.0,70.0,2.0,168516.0,1.0088316458277404,825.0,137.0,0.0,137.0,229.0,0.0,229.0,74.0,289.0,53.0,14.0,63.0,0.0,30.0,0.0,4.0,4.0,81.0,147.0,221.0,23.0,0.0,0.0,0.0,0.0,0.0,0.0,0.0,0.0,0.0,0.0,0.0,0.0,0.0,0.0,0.0,0.0,0.0,0.0,0.0,0.0,0.0,0.0,0.0,0.0,0.0,0.0,0.0,0.0,0.0,0.0,0.0,0.0,0.0,0.0,0.0,0.0,0.0,0.0,0.0,0.0,2.0,7.0,1.0,5.0,1.0,2.0,7.0,13.0,1.0,5.0,19.0,36.0,16.0,11.0,0.0,0.0,0.0,0.0,0.0,0.0,0.0,0.0,0.0,0.0,0.0,0.0,0.0,0.0,0.0,0.0,0.0,0.0,0.0,0.0,3.0,8.0,1.0,10.0,1.0,3.0,7.0,16.0,1.0,5.0,31.0,43.0,18.0,14.0
712,1.0,712.0,London_170,,151,453,1092.0,70.0,2.0,148131.0,0.9475845568813384,780.0,157.0,0.0,157.0,247.0,0.0,247.0,229.0,248.0,86.0,19.0,68.0,6.0,23.0,0.0,3.0,6.0,78.0,149.0,220.0,26.0,0.0,0.0,0.0,0.0,0.0,0.0,0.0,0.0,0.0,0.0,0.0,0.0,0.0,0.0,0.0,0.0,0.0,0.0,0.0,0.0,0.0,0.0,0.0,0.0,0.0,0.0,0.0,0.0,0.0,0.0,0.0,0.0,0.0,0.0,0.0,0.0,0.0,0.0,0.0,0.0,5.0,1.0,0.0,1.0,7.0,0.0,7.0,7.0,3.0,12.0,29.0,34.0,22.0,13.0,0.0,0.0,0.0,0.0,0.0,0.0,0.0,0.0,0.0,0.0,0.0,0.0,0.0,0.0,0.0,0.0,0.0,0.0,0.0,0.0,6.0,1.0,0.0,1.0,7.0,0.0,7.0,10.0,4.0,12.0,42.0,48.0,31.0,17.0
713,1.0,713.0,London_170,,151,453,1092.0,70.0,2.0,109173.0,0.6588207418099046,694.0,20.0,0.0,20.0,35.0,0.0,35.0,247.0,244.0,87.0,17.0,66.0,5.0,25.0,0.0,9.0,8.0,64.0,152.0,229.0,29.0,0.0,0.0,0.0,0.0,0.0,0.0,0.0,0.0,0.0,0.0,0.0,0.0,0.0,0.0,0.0,0.0,0.0,0.0,0.0,0.0,0.0,0.0,0.0,0.0,0.0,0.0,0.0,0.0,0.0,0.0,0.0,0.0,0.0,0.0,0.0,0.0,0.0,0.0,0.0,0.0,0.0,0.0,0.0,1.0,0.0,0.0,4.0,3.0,1.0,1.0,5.0,3.0,3.0,1.0,0.0,0.0,0.0,0.0,0.0,0.0,0.0,0.0,0.0,0.0,0.0,0.0,0.0,0.0,0.0,0.0,0.0,0.0,0.0,0.0,0.0,0.0,0.0,2.0,0.0,0.0,8.0,6.0,1.0,1.0,8.0,6.0,3.0,2.0
714,1.0,714.0,London_170,,151,453,1092.0,70.0,2.0,142695.0,0.8179623358882964,768.0,65.0,0.0,65.0,125.0,0.0,125.0,35.0,245.0,81.0,16.0,69.0,5.0,27.0,0.0,10.0,8.0,72.0,157.0,216.0,32.0,0.0,0.0,0.0,0.0,0.0,0.0,0.0,0.0,0.0,0.0,0.0,0.0,0.0,0.0,0.0,0.0,0.0,0.0,0.0,0.0,0.0,0.0,0.0,0.0,0.0,0.0,0.0,0.0,0.0,0.0,0.0,0.0,0.0,0.0,0.0,0.0,0.0,0.0,0.0,0.0,3.0,5.0,0.0,1.0,0.0,0.0,8.0,10.0,5.0,6.0,12.0,19.0,15.0,9.0,0.0,0.0,0.0,0.0,0.0,0.0,0.0,0.0,0.0,0.0,0.0,0.0,0.0,0.0,0.0,0.0,0.0,0.0,0.0,0.0,4.0,7.0,0.0,2.0,0.0,0.0,8.0,16.0,10.0,9.0,19.0,33.0,24.0,18.0
715,1.0,715.0,London_170,,151,453,1092.0,70.0,2.0,157191.0,0.9157907851040363,800.0,68.0,0.0,68.0,131.0,0.0,131.0,125.0,249.0,78.0,17.0,72.0,2.0,28.0,0.0,7.0,9.0,70.0,154.0,220.0,44.0,0.0,0.0,0.0,0.0,0.0,0.0,0.0,0.0,0.0,0.0,0.0,0.0,0.0,0.0,0.0,0.0,0.0,0.0,0.0,0.0,0.0,0.0,0.0,0.0,0.0,0.0,0.0,0.0,0.0,0.0,0.0,0.0,0.0,0.0,0.0,0.0,0.0,0.0,0.0,0.0,4.0,2.0,2.0,2.0,0.0,0.0,16.0,7.0,7.0,6.0,15.0,15.0,18.0,8.0,0.0,0.0,0.0,0.0,0.0,0.0,0.0,0.0,0.0,0.0,0.0,0.0,0.0,0.0,0.0,0.0,0.0,0.0,0.0,0.0,4.0,2.0,2.0,2.0,0.0,0.0,23.0,11.0,9.0,9.0,25.0,20.0,25.0,15.0
716,1.0,716.0,London_170,,151,453,1092.0,70.0,2.0,163986.0,1.132028530817479,815.0,68.0,0.0,68.0,113.0,0.0,113.0,131.0,256.0,85.0,23.0,45.0,6.0,34.0,0.0,4.0,10.0,75.0,164.0,204.0,46.0,0.0,0.0,0.0,0.0,0.0,0.0,0.0,0.0,0.0,0.0,0.0,0.0,0.0,0.0,0.0,0.0,0.0,0.0,0.0,0.0,0.0,0.0,0.0,0.0,0.0,0.0,0.0,0.0,0.0,0.0,0.0,0.0,0.0,0.0,0.0,0.0,0.0,0.0,0.0,0.0,5.0,1.0,0.0,0.0,3.0,0.0,6.0,5.0,5.0,4.0,14.0,17.0,12.0,6.0,0.0,0.0,0.0,0.0,0.0,0.0,0.0,0.0,0.0,0.0,0.0,0.0,0.0,0.0,0.0,0.0,0.0,0.0,0.0,0.0,7.0,1.0,0.0,0.0,3.0,0.0,7.0,5.0,11.0,5.0,21.0,25.0,16.0,10.0
717,1.0,717.0,London_170,,151,453,1092.0,70.0,2.0,166704.0,1.0316080139018595,821.0,60.0,2.0,58.0,120.0,18.0,102.0,113.0,246.0,84.0,27.0,39.0,9.0,43.0,0.0,5.0,10.0,63.0,179.0,201.0,48.0,0.0,0.0,0.0,0.0,0.0,0.0,0.0,0.0,0.0,0.0,0.0,0.0,0.0,0.0,0.0,0.0,0.0,0.0,0.0,0.0,0.0,0.0,0.0,0.0,0.0,0.0,0.0,0.0,0.0,0.0,0.0,0.0,0.0,0.0,1.0,2.0,0.0,0.0,0.0,0.0,2.0,0.0,4.0,0.0,1.0,0.0,4.0,3.0,0.0,9.0,13.0,18.0,9.0,6.0,0.0,0.0,0.0,0.0,0.0,0.0,0.0,0.0,0.0,0.0,0.0,0.0,0.0,0.0,7.0,5.0,0.0,0.0,0.0,0.0,2.0,0.0,4.0,0.0,1.0,0.0,5.0,7.0,0.0,12.0,21.0,31.0,14.0,11.0
718,1.0,718.0,London_170,,151,453,1092.0,70.0,2.0,172140.0,1.26672967011109,833.0,128.0,2.0,126.0,228.0,19.0,209.0,120.0,250.0,73.0,29.0,45.0,6.0,48.0,0.0,2.0,8.0,73.0,176.0,196.0,43.0,0.0,0.0,0.0,0.0,0.0,0.0,0.0,0.0,0.0,0.0,0.0,0.0,0.0,0.0,0.0,0.0,0.0,0.0,0.0,0.0,0.0,0.0,0.0,0.0,0.0,0.0,0.0,0.0,0.0,0.0,0.0,0.0,1.0,1.0,1.0,1.0,0.0,0.0,0.0,0.0,1.0,11.0,0.0,2.0,15.0,0.0,6.0,3.0,1.0,15.0,31.0,22.0,18.0,11.0,0.0,0.0,0.0,0.0,0.0,0.0,0.0,0.0,0.0,0.0,0.0,0.0,5.0,6.0,5.0,7.0,0.0,0.0,0.0,0.0,1.0,14.0,0.0,3.0,17.0,0.0,7.0,3.0,2.0,21.0,46.0,31.0,21.0,16.0
719,1.0,719.0,London_170,,151,453,1092.0,70.0,2.0,140430.0,0.9860674701631069,763.0,135.0,1.0,134.0,246.0,10.0,236.0,228.0,240.0,96.0,18.0,60.0,5.0,29.0,2.0,3.0,7.0,75.0,154.0,217.0,35.0,0.0,0.0,0.0,0.0,0.0,0.0,0.0,0.0,0.0,0.0,0.0,0.0,0.0,0.0,0.0,0.0,0.0,0.0,0.0,0.0,0.0,0.0,0.0,0.0,0.0,0.0,0.0,0.0,0.0,1.0,0.0,0.0,1.0,0.0,0.0,1.0,0.0,0.0,0.0,0.0,3.0,6.0,0.0,2.0,15.0,1.0,7.0,5.0,13.0,8.0,28.0,34.0,31.0,4.0,0.0,0.0,0.0,0.0,0.0,0.0,0.0,0.0,0.0,3.0,0.0,0.0,6.0,0.0,0.0,3.0,0.0,0.0,0.0,0.0,3.0,9.0,0.0,3.0,15.0,2.0,11.0,6.0,17.0,11.0,49.0,50.0,37.0,8.0
720,1.0,720.0,London_170,,151,453,1092.0,70.0,2.0,102378.0,0.6175658400170505,679.0,48.0,1.0,47.0,93.0,10.0,83.0,246.0,250.0,86.0,13.0,68.0,5.0,26.0,4.0,1.0,7.0,91.0,148.0,207.0,29.0,0.0,0.0,0.0,0.0,0.0,0.0,0.0,0.0,0.0,0.0,0.0,0.0,0.0,0.0,0.0,0.0,0.0,0.0,0.0,0.0,0.0,0.0,0.0,0.0,0.0,0.0,0.0,0.0,0.0,1.0,0.0,0.0,0.0,0.0,0.0,1.0,0.0,0.0,0.0,0.0,2.0,3.0,0.0,1.0,0.0,0.0,9.0,5.0,5.0,10.0,8.0,11.0,12.0,5.0,0.0,0.0,0.0,0.0,0.0,0.0,0.0,0.0,0.0,2.0,0.0,0.0,0.0,0.0,0.0,3.0,0.0,0.0,0.0,0.0,3.0,5.0,0.0,1.0,0.0,0.0,14.0,6.0,7.0,12.0,15.0,15.0,16.0,8.0
721,1.0,721.0,London_170,,151,453,1092.0,70.0,2.0,117780.0,0.804777932818979,713.0,95.0,0.0,95.0,162.0,0.0,162.0,93.0,248.0,90.0,21.0,64.0,1.0,26.0,2.0,1.0,8.0,89.0,143.0,213.0,42.0,0.0,0.0,0.0,0.0,0.0,0.0,0.0,0.0,0.0,0.0,0.0,0.0,0.0,0.0,0.0,0.0,0.0,0.0,0.0,0.0,0.0,0.0,0.0,0.0,0.0,0.0,0.0,0.0,0.0,0.0,0.0,0.0,0.0,0.0,0.0,0.0,0.0,0.0,0.0,0.0,1.0,7.0,4.0,1.0,1.0,1.0,7.0,9.0,10.0,8.0,17.0,24.0,15.0,11.0,0.0,0.0,0.0,0.0,0.0,0.0,0.0,0.0,0.0,0.0,0.0,0.0,0.0,0.0,0.0,0.0,0.0,0.0,0.0,0.0,1.0,9.0,4.0,2.0,1.0,3.0,11.0,12.0,13.0,10.0,26.0,36.0,18.0,21.0
722,1.0,722.0,London_170,,151,453,1092.0,70.0,2.0,116421.0,1.0683700409717858,710.0,85.0,2.0,83.0,163.0,18.0,145.0,162.0,271.0,100.0,19.0,44.0,6.0,8.0,3.0,2.0,9.0,76.0,145.0,223.0,29.0,0.0,0.0,0.0,0.0,0.0,0.0,0.0,0.0,0.0,0.0,0.0,0.0,0.0,0.0,0.0,0.0,0.0,0.0,0.0,0.0,0.0,0.0,0.0,0.0,0.0,0.0,0.0,0.0,0.0,0.0,0.0,0.0,1.0,0.0,1.0,1.0,0.0,0.0,0.0,0.0,2.0,3.0,1.0,1.0,3.0,0.0,7.0,11.0,6.0,2.0,19.0,19.0,15.0,6.0,0.0,0.0,0.0,0.0,0.0,0.0,0.0,0.0,0.0,0.0,0.0,0.0,3.0,0.0,8.0,3.0,0.0,0.0,0.0,0.0,4.0,3.0,1.0,1.0,3.0,0.0,7.0,18.0,7.0,2.0,24.0,33.0,20.0,10.0
723,1.0,723.0,London_170,,151,453,1092.0,70.0,2.0,116421.0,0.8493399466387928,710.0,10.0,2.0,8.0,30.0,16.0,14.0,163.0,282.0,77.0,9.0,56.0,7.0,17.0,3.0,2.0,5.0,85.0,148.0,215.0,23.0,0.0,0.0,0.0,0.0,0.0,0.0,0.0,0.0,0.0,0.0,0.0,0.0,0.0,0.0,0.0,0.0,0.0,0.0,0.0,0.0,0.0,0.0,0.0,0.0,0.0,0.0,0.0,0.0,0.0,2.0,0.0,0.0,0.0,0.0,1.0,2.0,0.0,0.0,0.0,0.0,0.0,0.0,0.0,0.0,0.0,0.0,0.0,2.0,0.0,1.0,1.0,3.0,3.0,1.0,0.0,0.0,0.0,0.0,0.0,0.0,0.0,0.0,0.0,6.0,0.0,0.0,0.0,0.0,7.0,4.0,0.0,0.0,0.0,0.0,0.0,0.0,0.0,0.0,0.0,0.0,0.0,3.0,0.0,2.0,1.0,5.0,4.0,1.0
724,1.0,724.0,London_170,,151,453,1092.0,70.0,2.0,148584.0,0.9397606169804931,781.0,5.0,2.0,3.0,23.0,18.0,5.0,30.0,283.0,70.0,15.0,62.0,1.0,18.0,3.0,1.0,5.0,88.0,140.0,220.0,20.0,0.0,0.0,0.0,0.0,0.0,0.0,0.0,0.0,0.0,0.0,0.0,0.0,0.0,0.0,0.0,0.0,0.0,0.0,0.0,0.0,0.0,0.0,0.0,0.0,0.0,0.0,0.0,0.0,0.0,1.0,1.0,0.0,1.0,0.0,1.0,1.0,0.0,0.0,0.0,0.0,0.0,0.0,0.0,0.0,0.0,0.0,0.0,1.0,0.0,0.0,0.0,1.0,0.0,0.0,0.0,0.0,0.0,0.0,0.0,0.0,0.0,0.0,0.0,4.0,4.0,0.0,8.0,0.0,6.0,1.0,0.0,0.0,0.0,0.0,0.0,0.0,0.0,0.0,0.0,0.0,0.0,1.0,0.0,0.0,0.0,1.0,0.0,0.0
725,1.0,725.0,London_170,,151,453,1092.0,70.0,2.0,192525.0,1.1379516650922596,878.0,15.0,0.0,15.0,31.0,0.0,31.0,23.0,285.0,81.0,18.0,62.0,0.0,3.0,3.0,1.0,3.0,88.0,143.0,219.0,20.0,0.0,0.0,0.0,0.0,0.0,0.0,0.0,0.0,0.0,0.0,0.0,0.0,0.0,0.0,0.0,0.0,0.0,0.0,0.0,0.0,0.0,0.0,0.0,0.0,0.0,0.0,0.0,0.0,0.0,0.0,0.0,0.0,0.0,0.0,0.0,0.0,0.0,0.0,0.0,0.0,1.0,0.0,0.0,0.0,1.0,0.0,0.0,4.0,3.0,3.0,3.0,1.0,7.0,1.0,0.0,0.0,0.0,0.0,0.0,0.0,0.0,0.0,0.0,0.0,0.0,0.0,0.0,0.0,0.0,0.0,0.0,0.0,0.0,0.0,1.0,0.0,0.0,0.0,2.0,0.0,0.0,6.0,3.0,5.0,5.0,1.0,11.0,1.0
726,1.0,726.0,London_170,,151,453,1092.0,70.0,2.0,236919.0,1.7310655247420073,976.0,171.0,1.0,170.0,290.0,10.0,280.0,31.0,291.0,78.0,15.0,62.0,1.0,2.0,3.0,1.0,4.0,84.0,144.0,221.0,25.0,0.0,0.0,0.0,0.0,0.0,0.0,0.0,0.0,0.0,0.0,0.0,0.0,0.0,0.0,0.0,0.0,0.0,0.0,0.0,0.0,0.0,0.0,0.0,0.0,0.0,0.0,0.0,0.0,0.0,0.0,0.0,0.0,0.0,0.0,1.0,0.0,1.0,0.0,0.0,0.0,0.0,14.0,0.0,0.0,6.0,0.0,12.0,2.0,3.0,2.0,29.0,31.0,18.0,8.0,0.0,0.0,0.0,0.0,0.0,0.0,0.0,0.0,0.0,0.0,0.0,0.0,0.0,0.0,6.0,0.0,4.0,0.0,0.0,0.0,0.0,18.0,0.0,0.0,6.0,0.0,18.0,3.0,4.0,4.0,41.0,43.0,22.0,12.0
727,1.0,727.0,London_170,,151,453,1092.0,70.0,2.0,208833.0,1.4450005237013102,914.0,212.0,0.0,212.0,362.0,0.0,362.0,290.0,203.0,124.0,14.0,80.0,4.0,23.0,2.0,3.0,6.0,88.0,144.0,215.0,40.0,0.0,0.0,0.0,0.0,0.0,0.0,0.0,0.0,0.0,0.0,0.0,0.0,0.0,0.0,0.0,0.0,0.0,0.0,0.0,0.0,0.0,0.0,0.0,0.0,0.0,0.0,0.0,0.0,0.0,0.0,0.0,0.0,0.0,0.0,0.0,0.0,0.0,0.0,0.0,0.0,0.0,20.0,3.0,2.0,0.0,0.0,3.0,10.0,1.0,10.0,44.0,47.0,21.0,10.0,0.0,0.0,0.0,0.0,0.0,0.0,0.0,0.0,0.0,0.0,0.0,0.0,0.0,0.0,0.0,0.0,0.0,0.0,0.0,0.0,0.0,30.0,3.0,2.0,0.0,0.0,3.0,11.0,1.0,10.0,64.0,71.0,26.0,16.0
728,1.0,728.0,London_170,,151,453,1092.0,70.0,2.0,152661.0,0.6319704679772258,790.0,111.0,0.0,111.0,192.0,0.0,192.0,362.0,145.0,129.0,24.0,111.0,10.0,27.0,1.0,6.0,7.0,83.0,150.0,213.0,52.0,0.0,0.0,0.0,0.0,0.0,0.0,0.0,0.0,0.0,0.0,0.0,0.0,0.0,0.0,0.0,0.0,0.0,0.0,0.0,0.0,0.0,0.0,0.0,0.0,0.0,0.0,0.0,0.0,0.0,0.0,0.0,0.0,0.0,0.0,0.0,0.0,0.0,0.0,0.0,0.0,4.0,3.0,0.0,2.0,1.0,0.0,4.0,11.0,11.0,9.0,20.0,32.0,19.0,7.0,0.0,0.0,0.0,0.0,0.0,0.0,0.0,0.0,0.0,0.0,0.0,0.0,0.0,0.0,0.0,0.0,0.0,0.0,0.0,0.0,5.0,4.0,0.0,4.0,1.0,0.0,5.0,14.0,15.0,12.0,28.0,48.0,23.0,11.0
729,1.0,729.0,London_170,,151,453,1092.0,70.0,2.0,144960.0,0.9336740709841251,773.0,9.0,2.0,7.0,27.0,16.0,11.0,192.0,156.0,139.0,22.0,87.0,10.0,30.0,4.0,5.0,11.0,78.0,164.0,200.0,68.0,0.0,0.0,0.0,0.0,0.0,0.0,0.0,0.0,0.0,0.0,0.0,0.0,0.0,0.0,0.0,0.0,0.0,0.0,0.0,0.0,0.0,0.0,0.0,0.0,0.0,0.0,0.0,0.0,0.0,2.0,0.0,0.0,1.0,0.0,0.0,1.0,0.0,0.0,0.0,0.0,1.0,0.0,0.0,0.0,0.0,0.0,1.0,1.0,1.0,0.0,1.0,1.0,1.0,1.0,0.0,0.0,0.0,0.0,0.0,0.0,0.0,0.0,0.0,9.0,0.0,0.0,3.0,0.0,0.0,2.0,0.0,0.0,0.0,0.0,1.0,0.0,0.0,0.0,0.0,0.0,2.0,2.0,1.0,0.0,2.0,1.0,2.0,1.0
730,1.0,730.0,London_170,,151,453,1092.0,70.0,2.0,176217.0,1.049847331829369,842.0,165.0,2.0,163.0,295.0,19.0,276.0,27.0,161.0,145.0,20.0,92.0,1.0,25.0,4.0,5.0,9.0,82.0,158.0,204.0,63.0,0.0,0.0,0.0,0.0,0.0,0.0,0.0,0.0,0.0,0.0,0.0,0.0,0.0,0.0,0.0,0.0,0.0,0.0,0.0,0.0,0.0,0.0,0.0,0.0,0.0,0.0,0.0,0.0,0.0,0.0,1.0,0.0,0.0,0.0,1.0,1.0,0.0,0.0,0.0,0.0,1.0,7.0,0.0,1.0,4.0,0.0,8.0,18.0,15.0,16.0,28.0,38.0,22.0,17.0,0.0,0.0,0.0,0.0,0.0,0.0,0.0,0.0,0.0,0.0,1.0,0.0,0.0,0.0,6.0,6.0,0.0,0.0,0.0,0.0,1.0,12.0,0.0,1.0,4.0,0.0,10.0,22.0,19.0,17.0,40.0,48.0,26.0,27.0
731,1.0,731.0,London_170,,151,453,1092.0,70.0,2.0,133182.0,0.6058762157335877,747.0,28.0,0.0,28.0,49.0,0.0,49.0,295.0,172.0,126.0,26.0,89.0,4.0,27.0,1.0,8.0,9.0,68.0,166.0,210.0,39.0,0.0,0.0,0.0,0.0,0.0,0.0,0.0,0.0,0.0,0.0,0.0,0.0,0.0,0.0,0.0,0.0,0.0,0.0,0.0,0.0,0.0,0.0,0.0,0.0,0.0,0.0,0.0,0.0,0.0,0.0,0.0,0.0,0.0,0.0,0.0,0.0,0.0,0.0,0.0,0.0,1.0,0.0,0.0,1.0,0.0,0.0,0.0,5.0,0.0,1.0,3.0,8.0,3.0,2.0,0.0,0.0,0.0,0.0,0.0,0.0,0.0,0.0,0.0,0.0,0.0,0.0,0.0,0.0,0.0,0.0,0.0,0.0,0.0,0.0,1.0,0.0,0.0,2.0,0.0,0.0,0.0,6.0,0.0,1.0,4.0,11.0,4.0,6.0
732,1.0,732.0,London_170,,151,453,1092.0,70.0,2.0,158097.0,0.7733096950687468,802.0,33.0,2.0,31.0,67.0,19.0,48.0,49.0,173.0,121.0,28.0,90.0,6.0,31.0,1.0,3.0,9.0,68.0,169.0,207.0,44.0,0.0,0.0,0.0,0.0,0.0,0.0,0.0,0.0,0.0,0.0,0.0,0.0,0.0,0.0,0.0,0.0,0.0,0.0,0.0,0.0,0.0,0.0,0.0,0.0,0.0,0.0,0.0,0.0,0.0,1.0,0.0,0.0,1.0,0.0,1.0,2.0,0.0,0.0,0.0,0.0,1.0,0.0,0.0,0.0,0.0,0.0,3.0,4.0,3.0,2.0,5.0,10.0,5.0,3.0,0.0,0.0,0.0,0.0,0.0,0.0,0.0,0.0,0.0,3.0,0.0,0.0,2.0,0.0,5.0,6.0,0.0,0.0,0.0,0.0,2.0,0.0,0.0,0.0,0.0,0.0,3.0,6.0,4.0,2.0,8.0,13.0,8.0,5.0
733,1.0,733.0,London_170,,151,453,1092.0,70.0,2.0,182106.0,1.0482931742444634,855.0,185.0,0.0,185.0,314.0,0.0,314.0,67.0,174.0,135.0,27.0,85.0,3.0,27.0,0.0,2.0,10.0,73.0,150.0,220.0,40.0,0.0,0.0,0.0,0.0,0.0,0.0,0.0,0.0,0.0,0.0,0.0,0.0,0.0,0.0,0.0,0.0,0.0,0.0,0.0,0.0,0.0,0.0,0.0,0.0,0.0,0.0,0.0,0.0,0.0,0.0,0.0,0.0,0.0,0.0,0.0,0.0,0.0,0.0,0.0,0.0,2.0,3.0,1.0,9.0,0.0,0.0,14.0,11.0,3.0,4.0,43.0,35.0,21.0,11.0,0.0,0.0,0.0,0.0,0.0,0.0,0.0,0.0,0.0,0.0,0.0,0.0,0.0,0.0,0.0,0.0,0.0,0.0,0.0,0.0,3.0,4.0,1.0,14.0,0.0,0.0,15.0,14.0,5.0,4.0,63.0,49.0,26.0,16.0
734,1.0,734.0,London_170,,151,453,1092.0,70.0,2.0,139524.0,1.6566171390004456,761.0,64.0,1.0,63.0,121.0,9.0,112.0,314.0,171.0,121.0,19.0,106.0,9.0,19.0,4.0,4.0,8.0,76.0,154.0,215.0,32.0,0.0,0.0,0.0,0.0,0.0,0.0,0.0,0.0,0.0,0.0,0.0,0.0,0.0,0.0,0.0,0.0,0.0,0.0,0.0,0.0,0.0,0.0,0.0,0.0,0.0,0.0,0.0,0.0,0.0,0.0,0.0,0.0,1.0,0.0,0.0,0.0,1.0,0.0,0.0,0.0,3.0,1.0,0.0,2.0,0.0,0.0,5.0,7.0,0.0,8.0,7.0,18.0,14.0,4.0,0.0,0.0,0.0,0.0,0.0,0.0,0.0,0.0,0.0,0.0,0.0,0.0,3.0,0.0,0.0,0.0,7.0,0.0,0.0,0.0,5.0,1.0,0.0,5.0,0.0,0.0,10.0,11.0,0.0,12.0,14.0,24.0,17.0,9.0
735,1.0,735.0,London_170,,151,453,1092.0,70.0,2.0,151755.0,0.752179326955229,788.0,44.0,2.0,42.0,89.0,18.0,71.0,121.0,184.0,115.0,17.0,95.0,10.0,29.0,1.0,2.0,6.0,74.0,167.0,206.0,35.0,0.0,0.0,0.0,0.0,0.0,0.0,0.0,0.0,0.0,0.0,0.0,0.0,0.0,0.0,0.0,0.0,0.0,0.0,0.0,0.0,0.0,0.0,0.0,0.0,0.0,0.0,0.0,0.0,0.0,0.0,0.0,0.0,1.0,1.0,1.0,1.0,0.0,0.0,0.0,0.0,1.0,3.0,1.0,0.0,0.0,0.0,7.0,1.0,0.0,4.0,7.0,10.0,6.0,8.0,0.0,0.0,0.0,0.0,0.0,0.0,0.0,0.0,0.0,0.0,0.0,0.0,5.0,7.0,7.0,2.0,0.0,0.0,0.0,0.0,1.0,3.0,1.0,0.0,0.0,0.0,11.0,1.0,0.0,8.0,10.0,10.0,6.0,13.0
736,1.0,736.0,London_170,,151,453,1092.0,70.0,2.0,170328.0,1.0005745277740061,829.0,133.0,2.0,131.0,239.0,17.0,222.0,89.0,189.0,117.0,24.0,85.0,9.0,25.0,1.0,3.0,6.0,77.0,150.0,220.0,32.0,0.0,0.0,0.0,0.0,0.0,0.0,0.0,0.0,0.0,0.0,0.0,0.0,0.0,0.0,0.0,0.0,0.0,0.0,0.0,0.0,0.0,0.0,0.0,0.0,0.0,0.0,0.0,0.0,0.0,1.0,0.0,0.0,0.0,0.0,1.0,1.0,0.0,0.0,0.0,0.0,4.0,0.0,0.0,1.0,6.0,0.0,12.0,11.0,11.0,4.0,19.0,38.0,25.0,14.0,0.0,0.0,0.0,0.0,0.0,0.0,0.0,0.0,0.0,1.0,0.0,0.0,0.0,0.0,6.0,1.0,0.0,0.0,0.0,0.0,4.0,0.0,0.0,3.0,6.0,0.0,19.0,13.0,13.0,5.0,27.0,59.0,32.0,22.0
737,1.0,737.0,London_170,,151,453,1092.0,70.0,2.0,143148.0,0.7481557819992304,769.0,24.0,0.0,24.0,40.0,0.0,40.0,239.0,184.0,141.0,9.0,82.0,7.0,24.0,2.0,4.0,5.0,74.0,153.0,221.0,43.0,0.0,0.0,0.0,0.0,0.0,0.0,0.0,0.0,0.0,0.0,0.0,0.0,0.0,0.0,0.0,0.0,0.0,0.0,0.0,0.0,0.0,0.0,0.0,0.0,0.0,0.0,0.0,0.0,0.0,0.0,0.0,0.0,0.0,0.0,0.0,0.0,0.0,0.0,0.0,0.0,0.0,0.0,0.0,0.0,0.0,0.0,1.0,3.0,2.0,4.0,6.0,4.0,1.0,3.0,0.0,0.0,0.0,0.0,0.0,0.0,0.0,0.0,0.0,0.0,0.0,0.0,0.0,0.0,0.0,0.0,0.0,0.0,0.0,0.0,0.0,0.0,0.0,0.0,0.0,0.0,1.0,3.0,3.0,7.0,10.0,6.0,1.0,6.0
738,1.0,738.0,London_170,,151,453,1092.0,70.0,2.0,167610.0,1.0737942457199097,823.0,155.0,0.0,155.0,273.0,0.0,273.0,40.0,187.0,141.0,5.0,87.0,7.0,20.0,1.0,5.0,6.0,76.0,152.0,219.0,48.0,0.0,0.0,0.0,0.0,0.0,0.0,0.0,0.0,0.0,0.0,0.0,0.0,0.0,0.0,0.0,0.0,0.0,0.0,0.0,0.0,0.0,0.0,0.0,0.0,0.0,0.0,0.0,0.0,0.0,0.0,0.0,0.0,0.0,0.0,0.0,0.0,0.0,0.0,0.0,0.0,3.0,13.0,2.0,4.0,12.0,1.0,4.0,9.0,5.0,9.0,31.0,35.0,33.0,13.0,0.0,0.0,0.0,0.0,0.0,0.0,0.0,0.0,0.0,0.0,0.0,0.0,0.0,0.0,0.0,0.0,0.0,0.0,0.0,0.0,3.0,15.0,2.0,5.0,13.0,1.0,6.0,10.0,5.0,10.0,44.0,58.0,44.0,22.0
739,1.0,739.0,London_170,,151,453,1092.0,70.0,2.0,130917.0,0.7525764908641577,742.0,7.0,1.0,6.0,18.0,9.0,9.0,273.0,200.0,105.0,16.0,89.0,10.0,28.0,0.0,5.0,5.0,78.0,159.0,211.0,42.0,0.0,0.0,0.0,0.0,0.0,0.0,0.0,0.0,0.0,0.0,0.0,0.0,0.0,0.0,0.0,0.0,0.0,0.0,0.0,0.0,0.0,0.0,0.0,0.0,0.0,0.0,0.0,0.0,0.0,0.0,0.0,0.0,0.0,1.0,0.0,1.0,0.0,0.0,0.0,0.0,0.0,0.0,0.0,0.0,0.0,0.0,0.0,0.0,0.0,1.0,0.0,2.0,0.0,1.0,0.0,0.0,0.0,0.0,0.0,0.0,0.0,0.0,0.0,0.0,0.0,0.0,0.0,4.0,0.0,2.0,0.0,0.0,0.0,0.0,0.0,0.0,0.0,0.0,0.0,0.0,0.0,0.0,0.0,1.0,0.0,3.0,0.0,2.0
740,1.0,740.0,London_170,,151,453,1092.0,70.0,2.0,168063.0,0.9563053031452,824.0,156.0,0.0,156.0,262.0,0.0,262.0,18.0,201.0,116.0,16.0,76.0,10.0,29.0,0.0,5.0,4.0,81.0,153.0,215.0,45.0,0.0,0.0,0.0,0.0,0.0,0.0,0.0,0.0,0.0,0.0,0.0,0.0,0.0,0.0,0.0,0.0,0.0,0.0,0.0,0.0,0.0,0.0,0.0,0.0,0.0,0.0,0.0,0.0,0.0,0.0,0.0,0.0,0.0,0.0,0.0,0.0,0.0,0.0,0.0,0.0,6.0,14.0,3.0,3.0,5.0,0.0,9.0,18.0,14.0,19.0,26.0,23.0,26.0,16.0,0.0,0.0,0.0,0.0,0.0,0.0,0.0,0.0,0.0,0.0,0.0,0.0,0.0,0.0,0.0,0.0,0.0,0.0,0.0,0.0,6.0,21.0,3.0,4.0,5.0,0.0,10.0,23.0,20.0,26.0,40.0,35.0,29.0,23.0
741,1.0,741.0,London_170,,151,453,1092.0,70.0,2.0,134088.0,1.028884476982057,749.0,76.0,2.0,74.0,141.0,19.0,122.0,262.0,197.0,113.0,23.0,86.0,9.0,19.0,3.0,3.0,8.0,70.0,141.0,234.0,48.0,0.0,0.0,0.0,0.0,0.0,0.0,0.0,0.0,0.0,0.0,0.0,0.0,0.0,0.0,0.0,0.0,0.0,0.0,0.0,0.0,0.0,0.0,0.0,0.0,0.0,0.0,0.0,0.0,0.0,0.0,2.0,0.0,1.0,0.0,0.0,1.0,0.0,0.0,0.0,0.0,0.0,2.0,0.0,0.0,1.0,0.0,9.0,7.0,3.0,12.0,16.0,15.0,14.0,7.0,0.0,0.0,0.0,0.0,0.0,0.0,0.0,0.0,0.0,0.0,12.0,0.0,3.0,0.0,0.0,5.0,0.0,0.0,0.0,0.0,0.0,2.0,0.0,0.0,1.0,0.0,12.0,10.0,3.0,17.0,20.0,19.0,22.0,10.0
742,1.0,742.0,London_170,,151,453,1092.0,70.0,2.0,142695.0,0.7785418909043074,768.0,38.0,0.0,38.0,66.0,0.0,66.0,141.0,206.0,132.0,14.0,73.0,6.0,17.0,3.0,2.0,8.0,74.0,154.0,217.0,50.0,0.0,0.0,0.0,0.0,0.0,0.0,0.0,0.0,0.0,0.0,0.0,0.0,0.0,0.0,0.0,0.0,0.0,0.0,0.0,0.0,0.0,0.0,0.0,0.0,0.0,0.0,0.0,0.0,0.0,0.0,0.0,0.0,0.0,0.0,0.0,0.0,0.0,0.0,0.0,0.0,0.0,3.0,0.0,0.0,0.0,0.0,3.0,3.0,4.0,4.0,6.0,11.0,10.0,3.0,0.0,0.0,0.0,0.0,0.0,0.0,0.0,0.0,0.0,0.0,0.0,0.0,0.0,0.0,0.0,0.0,0.0,0.0,0.0,0.0,0.0,5.0,0.0,0.0,0.0,0.0,4.0,6.0,7.0,5.0,9.0,16.0,11.0,5.0
743,1.0,743.0,London_170,,151,453,1092.0,70.0,2.0,168063.0,0.9699309249408543,824.0,33.0,0.0,33.0,50.0,0.0,50.0,66.0,209.0,130.0,15.0,76.0,7.0,15.0,1.0,0.0,8.0,78.0,164.0,203.0,54.0,0.0,0.0,0.0,0.0,0.0,0.0,0.0,0.0,0.0,0.0,0.0,0.0,0.0,0.0,0.0,0.0,0.0,0.0,0.0,0.0,0.0,0.0,0.0,0.0,0.0,0.0,0.0,0.0,0.0,0.0,0.0,0.0,0.0,0.0,0.0,0.0,0.0,0.0,0.0,0.0,0.0,1.0,0.0,1.0,0.0,0.0,4.0,1.0,3.0,3.0,8.0,8.0,9.0,3.0,0.0,0.0,0.0,0.0,0.0,0.0,0.0,0.0,0.0,0.0,0.0,0.0,0.0,0.0,0.0,0.0,0.0,0.0,0.0,0.0,0.0,1.0,0.0,1.0,0.0,0.0,5.0,1.0,3.0,5.0,11.0,12.0,12.0,4.0
744,1.0,744.0,London_170,,151,453,1092.0,70.0,2.0,199773.0,1.6601855177432299,894.0,108.0,0.0,108.0,191.0,0.0,191.0,50.0,213.0,124.0,17.0,70.0,9.0,16.0,1.0,3.0,7.0,78.0,174.0,194.0,57.0,0.0,0.0,0.0,0.0,0.0,0.0,0.0,0.0,0.0,0.0,0.0,0.0,0.0,0.0,0.0,0.0,0.0,0.0,0.0,0.0,0.0,0.0,0.0,0.0,0.0,0.0,0.0,0.0,0.0,0.0,0.0,0.0,0.0,0.0,0.0,0.0,0.0,0.0,0.0,0.0,4.0,3.0,1.0,2.0,7.0,0.0,4.0,8.0,5.0,13.0,22.0,29.0,24.0,11.0,0.0,0.0,0.0,0.0,0.0,0.0,0.0,0.0,0.0,0.0,0.0,0.0,0.0,0.0,0.0,0.0,0.0,0.0,0.0,0.0,4.0,6.0,1.0,2.0,8.0,0.0,4.0,17.0,8.0,15.0,33.0,40.0,35.0,18.0
745,1.0,745.0,London_170,,151,453,1092.0,70.0,2.0,201585.0,2.1481122481636703,898.0,105.0,2.0,103.0,207.0,19.0,188.0,191.0,205.0,132.0,14.0,69.0,3.0,29.0,0.0,1.0,11.0,68.0,151.0,223.0,58.0,0.0,0.0,0.0,0.0,0.0,0.0,0.0,0.0,0.0,0.0,0.0,0.0,0.0,0.0,0.0,0.0,0.0,0.0,0.0,0.0,0.0,0.0,0.0,0.0,0.0,0.0,0.0,0.0,0.0,1.0,0.0,0.0,0.0,0.0,2.0,2.0,1.0,0.0,0.0,0.0,2.0,6.0,0.0,1.0,6.0,0.0,8.0,15.0,4.0,13.0,14.0,26.0,16.0,11.0,0.0,0.0,0.0,0.0,0.0,0.0,0.0,0.0,0.0,4.0,0.0,0.0,0.0,0.0,15.0,6.0,8.0,0.0,0.0,0.0,2.0,10.0,0.0,2.0,7.0,0.0,11.0,17.0,9.0,19.0,23.0,41.0,19.0,16.0
746,1.0,746.0,London_170,,151,453,1092.0,70.0,2.0,183012.0,0.9930200418457389,857.0,86.0,2.0,84.0,163.0,17.0,146.0,207.0,211.0,120.0,16.0,64.0,5.0,26.0,2.0,9.0,5.0,70.0,164.0,214.0,54.0,0.0,0.0,0.0,0.0,0.0,0.0,0.0,0.0,0.0,0.0,0.0,0.0,0.0,0.0,0.0,0.0,0.0,0.0,0.0,0.0,0.0,0.0,0.0,0.0,0.0,0.0,0.0,0.0,0.0,0.0,0.0,0.0,2.0,0.0,1.0,2.0,0.0,0.0,0.0,0.0,4.0,7.0,2.0,1.0,1.0,0.0,8.0,8.0,3.0,5.0,17.0,10.0,21.0,7.0,0.0,0.0,0.0,0.0,0.0,0.0,0.0,0.0,0.0,0.0,0.0,0.0,8.0,0.0,10.0,10.0,0.0,0.0,0.0,0.0,7.0,13.0,2.0,3.0,1.0,0.0,12.0,9.0,3.0,7.0,25.0,16.0,22.0,12.0
747,1.0,747.0,London_170,,151,453,1092.0,70.0,2.0,186183.0,1.5251993518322706,864.0,130.0,2.0,128.0,246.0,18.0,228.0,163.0,233.0,133.0,10.0,40.0,6.0,21.0,3.0,7.0,4.0,74.0,161.0,214.0,48.0,0.0,0.0,0.0,0.0,0.0,0.0,0.0,0.0,0.0,0.0,0.0,0.0,0.0,0.0,0.0,0.0,0.0,0.0,0.0,0.0,0.0,0.0,0.0,0.0,0.0,0.0,0.0,0.0,0.0,0.0,0.0,0.0,1.0,0.0,0.0,0.0,0.0,0.0,0.0,0.0,0.0,0.0,1.0,0.0,4.0,0.0,17.0,4.0,6.0,14.0,29.0,31.0,11.0,9.0,0.0,0.0,0.0,0.0,0.0,0.0,0.0,0.0,0.0,0.0,0.0,0.0,7.0,0.0,0.0,0.0,0.0,0.0,0.0,0.0,0.0,0.0,1.0,0.0,5.0,0.0,26.0,5.0,8.0,19.0,43.0,46.0,16.0,15.0
748,1.0,748.0,London_170,,151,453,1092.0,70.0,2.0,173046.0,0.9304098170250654,835.0,80.0,1.0,79.0,140.0,9.0,131.0,246.0,232.0,108.0,19.0,69.0,2.0,16.0,0.0,7.0,3.0,78.0,156.0,216.0,27.0,0.0,0.0,0.0,0.0,0.0,0.0,0.0,0.0,0.0,0.0,0.0,0.0,0.0,0.0,0.0,0.0,0.0,0.0,0.0,0.0,0.0,0.0,0.0,0.0,0.0,0.0,0.0,0.0,0.0,0.0,0.0,0.0,0.0,0.0,0.0,1.0,0.0,0.0,0.0,0.0,6.0,1.0,2.0,0.0,0.0,0.0,12.0,9.0,5.0,6.0,19.0,19.0,7.0,6.0,0.0,0.0,0.0,0.0,0.0,0.0,0.0,0.0,0.0,0.0,0.0,0.0,0.0,0.0,0.0,2.0,0.0,0.0,0.0,0.0,9.0,1.0,2.0,0.0,0.0,0.0,14.0,13.0,8.0,7.0,28.0,27.0,10.0,13.0
749,1.0,749.0,London_170,,151,453,1092.0,70.0,2.0,173952.0,1.1803929680027068,837.0,161.0,2.0,159.0,302.0,20.0,282.0,140.0,236.0,107.0,16.0,66.0,5.0,16.0,0.0,7.0,3.0,80.0,162.0,208.0,31.0,0.0,0.0,0.0,0.0,0.0,0.0,0.0,0.0,0.0,0.0,0.0,0.0,0.0,0.0,0.0,0.0,0.0,0.0,0.0,0.0,0.0,0.0,0.0,0.0,0.0,0.0,0.0,0.0,0.0,0.0,0.0,0.0,1.0,0.0,0.0,0.0,0.0,0.0,0.0,0.0,0.0,10.0,1.0,2.0,6.0,0.0,13.0,4.0,1.0,13.0,27.0,27.0,29.0,10.0,0.0,0.0,0.0,0.0,0.0,0.0,0.0,0.0,0.0,0.0,0.0,0.0,2.0,0.0,0.0,0.0,0.0,0.0,0.0,0.0,0.0,12.0,1.0,4.0,6.0,0.0,14.0,6.0,1.0,18.0,44.0,40.0,39.0,13.0
750,1.0,750.0,London_170,,151,453,1092.0,70.0,2.0,127746.0,0.8233211366459727,735.0,118.0,2.0,116.0,225.0,20.0,205.0,302.0,191.0,115.0,18.0,89.0,11.0,21.0,1.0,7.0,3.0,80.0,166.0,204.0,27.0,0.0,0.0,0.0,0.0,0.0,0.0,0.0,0.0,0.0,0.0,0.0,0.0,0.0,0.0,0.0,0.0,0.0,0.0,0.0,0.0,0.0,0.0,0.0,0.0,0.0,0.0,0.0,0.0,0.0,1.0,1.0,0.0,1.0,0.0,0.0,1.0,1.0,0.0,0.0,0.0,1.0,5.0,6.0,1.0,7.0,0.0,6.0,9.0,8.0,11.0,27.0,29.0,29.0,9.0,0.0,0.0,0.0,0.0,0.0,0.0,0.0,0.0,0.0,1.0,8.0,0.0,6.0,0.0,0.0,5.0,11.0,0.0,0.0,0.0,1.0,9.0,6.0,1.0,8.0,0.0,7.0,11.0,11.0,12.0,41.0,39.0,40.0,14.0
751,1.0,751.0,London_170,,151,453,1092.0,70.0,2.0,101472.0,0.5327833970077336,677.0,4.0,0.0,4.0,5.0,0.0,5.0,225.0,205.0,107.0,27.0,70.0,7.0,17.0,5.0,15.0,8.0,81.0,160.0,204.0,37.0,0.0,0.0,0.0,0.0,0.0,0.0,0.0,0.0,0.0,0.0,0.0,0.0,0.0,0.0,0.0,0.0,0.0,0.0,0.0,0.0,0.0,0.0,0.0,0.0,0.0,0.0,0.0,0.0,0.0,0.0,0.0,0.0,0.0,0.0,0.0,0.0,0.0,0.0,0.0,0.0,0.0,0.0,0.0,0.0,0.0,0.0,0.0,0.0,0.0,0.0,1.0,0.0,1.0,0.0,0.0,0.0,0.0,0.0,0.0,0.0,0.0,0.0,0.0,0.0,0.0,0.0,0.0,0.0,0.0,0.0,0.0,0.0,0.0,0.0,0.0,0.0,0.0,0.0,0.0,0.0,0.0,0.0,0.0,0.0,1.0,0.0,1.0,0.0
752,1.0,752.0,London_170,,151,453,1092.0,70.0,2.0,133182.0,0.7939480277709663,747.0,85.0,2.0,83.0,163.0,18.0,145.0,5.0,205.0,110.0,28.0,67.0,7.0,17.0,5.0,14.0,8.0,81.0,160.0,204.0,38.0,0.0,0.0,0.0,0.0,0.0,0.0,0.0,0.0,0.0,0.0,0.0,0.0,0.0,0.0,0.0,0.0,0.0,0.0,0.0,0.0,0.0,0.0,0.0,0.0,0.0,0.0,0.0,0.0,0.0,0.0,1.0,0.0,1.0,1.0,0.0,2.0,0.0,0.0,0.0,0.0,4.0,3.0,0.0,1.0,2.0,0.0,10.0,10.0,13.0,12.0,15.0,22.0,18.0,2.0,0.0,0.0,0.0,0.0,0.0,0.0,0.0,0.0,0.0,0.0,5.0,0.0,5.0,9.0,0.0,7.0,0.0,0.0,0.0,0.0,4.0,3.0,0.0,2.0,2.0,0.0,10.0,14.0,19.0,19.0,21.0,32.0,23.0,4.0
753,1.0,753.0,London_170,,151,453,1092.0,70.0,2.0,125934.0,1.0577844367362559,731.0,87.0,0.0,87.0,148.0,0.0,148.0,163.0,218.0,96.0,36.0,75.0,4.0,12.0,5.0,7.0,7.0,85.0,164.0,197.0,32.0,0.0,0.0,0.0,0.0,0.0,0.0,0.0,0.0,0.0,0.0,0.0,0.0,0.0,0.0,0.0,0.0,0.0,0.0,0.0,0.0,0.0,0.0,0.0,0.0,0.0,0.0,0.0,0.0,0.0,0.0,0.0,0.0,0.0,0.0,0.0,0.0,0.0,0.0,0.0,0.0,2.0,2.0,0.0,4.0,1.0,0.0,6.0,5.0,12.0,10.0,18.0,24.0,17.0,11.0,0.0,0.0,0.0,0.0,0.0,0.0,0.0,0.0,0.0,0.0,0.0,0.0,0.0,0.0,0.0,0.0,0.0,0.0,0.0,0.0,2.0,2.0,0.0,6.0,2.0,0.0,10.0,8.0,15.0,15.0,21.0,39.0,23.0,19.0
754,1.0,754.0,London_170,,151,453,1092.0,70.0,2.0,130011.0,1.2023190460167825,740.0,91.0,0.0,91.0,154.0,0.0,154.0,148.0,225.0,93.0,38.0,68.0,5.0,17.0,2.0,5.0,7.0,75.0,178.0,193.0,26.0,0.0,0.0,0.0,0.0,0.0,0.0,0.0,0.0,0.0,0.0,0.0,0.0,0.0,0.0,0.0,0.0,0.0,0.0,0.0,0.0,0.0,0.0,0.0,0.0,0.0,0.0,0.0,0.0,0.0,0.0,0.0,0.0,0.0,0.0,0.0,0.0,0.0,0.0,0.0,0.0,1.0,7.0,2.0,2.0,4.0,0.0,8.0,8.0,1.0,10.0,20.0,21.0,25.0,8.0,0.0,0.0,0.0,0.0,0.0,0.0,0.0,0.0,0.0,0.0,0.0,0.0,0.0,0.0,0.0,0.0,0.0,0.0,0.0,0.0,1.0,11.0,3.0,4.0,4.0,0.0,14.0,9.0,1.0,13.0,31.0,27.0,30.0,11.0
755,1.0,755.0,London_170,,151,453,1092.0,70.0,2.0,124122.0,1.6076960959471762,727.0,38.0,0.0,38.0,60.0,0.0,60.0,154.0,236.0,96.0,38.0,50.0,8.0,21.0,1.0,3.0,6.0,82.0,165.0,200.0,31.0,0.0,0.0,0.0,0.0,0.0,0.0,0.0,0.0,0.0,0.0,0.0,0.0,0.0,0.0,0.0,0.0,0.0,0.0,0.0,0.0,0.0,0.0,0.0,0.0,0.0,0.0,0.0,0.0,0.0,0.0,0.0,0.0,0.0,0.0,0.0,0.0,0.0,0.0,0.0,0.0,1.0,3.0,1.0,2.0,0.0,0.0,3.0,9.0,1.0,5.0,9.0,6.0,7.0,2.0,0.0,0.0,0.0,0.0,0.0,0.0,0.0,0.0,0.0,0.0,0.0,0.0,0.0,0.0,0.0,0.0,0.0,0.0,0.0,0.0,1.0,5.0,1.0,3.0,0.0,0.0,4.0,13.0,1.0,5.0,10.0,10.0,8.0,4.0
756,1.0,756.0,London_170,,151,453,1092.0,70.0,2.0,141789.0,1.215401643421501,766.0,40.0,0.0,40.0,81.0,0.0,81.0,60.0,240.0,88.0,40.0,50.0,9.0,22.0,1.0,3.0,6.0,78.0,179.0,190.0,34.0,0.0,0.0,0.0,0.0,0.0,0.0,0.0,0.0,0.0,0.0,0.0,0.0,0.0,0.0,0.0,0.0,0.0,0.0,0.0,0.0,0.0,0.0,0.0,0.0,0.0,0.0,0.0,0.0,0.0,0.0,0.0,0.0,0.0,0.0,0.0,0.0,0.0,0.0,0.0,0.0,3.0,2.0,0.0,0.0,0.0,0.0,5.0,4.0,2.0,2.0,12.0,11.0,9.0,4.0,0.0,0.0,0.0,0.0,0.0,0.0,0.0,0.0,0.0,0.0,0.0,0.0,0.0,0.0,0.0,0.0,0.0,0.0,0.0,0.0,4.0,2.0,0.0,0.0,0.0,0.0,8.0,5.0,4.0,3.0,19.0,20.0,11.0,6.0
757,1.0,757.0,London_170,,151,453,1092.0,70.0,2.0,166704.0,1.398897821083665,821.0,106.0,0.0,106.0,184.0,0.0,184.0,81.0,246.0,82.0,36.0,51.0,7.0,26.0,0.0,5.0,5.0,73.0,178.0,197.0,37.0,0.0,0.0,0.0,0.0,0.0,0.0,0.0,0.0,0.0,0.0,0.0,0.0,0.0,0.0,0.0,0.0,0.0,0.0,0.0,0.0,0.0,0.0,0.0,0.0,0.0,0.0,0.0,0.0,0.0,0.0,0.0,0.0,0.0,0.0,0.0,0.0,0.0,0.0,0.0,0.0,3.0,6.0,0.0,4.0,5.0,0.0,6.0,5.0,13.0,11.0,17.0,23.0,13.0,8.0,0.0,0.0,0.0,0.0,0.0,0.0,0.0,0.0,0.0,0.0,0.0,0.0,0.0,0.0,0.0,0.0,0.0,0.0,0.0,0.0,3.0,9.0,0.0,7.0,6.0,0.0,6.0,9.0,20.0,12.0,24.0,37.0,14.0,15.0
758,1.0,758.0,London_170,,151,453,1092.0,70.0,2.0,160362.0,0.9670628583990037,807.0,40.0,0.0,40.0,69.0,0.0,69.0,184.0,264.0,74.0,17.0,62.0,8.0,25.0,0.0,3.0,6.0,80.0,163.0,204.0,27.0,0.0,0.0,0.0,0.0,0.0,0.0,0.0,0.0,0.0,0.0,0.0,0.0,0.0,0.0,0.0,0.0,0.0,0.0,0.0,0.0,0.0,0.0,0.0,0.0,0.0,0.0,0.0,0.0,0.0,0.0,0.0,0.0,0.0,0.0,0.0,0.0,0.0,0.0,0.0,0.0,4.0,1.0,0.0,0.0,0.0,0.0,10.0,6.0,3.0,5.0,9.0,9.0,10.0,3.0,0.0,0.0,0.0,0.0,0.0,0.0,0.0,0.0,0.0,0.0,0.0,0.0,0.0,0.0,0.0,0.0,0.0,0.0,0.0,0.0,6.0,1.0,0.0,0.0,0.0,0.0,12.0,6.0,5.0,6.0,13.0,14.0,14.0,5.0
759,1.0,759.0,London_170,,151,453,1092.0,70.0,2.0,191166.0,1.218268459662795,875.0,61.0,2.0,59.0,118.0,18.0,100.0,69.0,266.0,74.0,15.0,58.0,10.0,27.0,0.0,3.0,7.0,79.0,159.0,208.0,35.0,0.0,0.0,0.0,0.0,0.0,0.0,0.0,0.0,0.0,0.0,0.0,0.0,0.0,0.0,0.0,0.0,0.0,0.0,0.0,0.0,0.0,0.0,0.0,0.0,0.0,0.0,0.0,0.0,0.0,0.0,0.0,0.0,1.0,0.0,1.0,1.0,0.0,0.0,0.0,0.0,1.0,0.0,0.0,3.0,3.0,0.0,5.0,3.0,11.0,8.0,10.0,11.0,10.0,5.0,0.0,0.0,0.0,0.0,0.0,0.0,0.0,0.0,0.0,0.0,0.0,0.0,2.0,0.0,8.0,1.0,0.0,0.0,0.0,0.0,1.0,0.0,0.0,5.0,4.0,0.0,9.0,6.0,12.0,11.0,16.0,16.0,14.0,6.0
760,1.0,760.0,London_170,,151,453,1092.0,70.0,2.0,216081.0,1.5322507130913436,930.0,160.0,2.0,158.0,278.0,19.0,259.0,118.0,272.0,77.0,18.0,63.0,5.0,14.0,1.0,3.0,9.0,84.0,152.0,208.0,43.0,0.0,0.0,0.0,0.0,0.0,0.0,0.0,0.0,0.0,0.0,0.0,0.0,0.0,0.0,0.0,0.0,0.0,0.0,0.0,0.0,0.0,0.0,0.0,0.0,0.0,0.0,0.0,0.0,0.0,0.0,0.0,0.0,0.0,1.0,1.0,1.0,0.0,0.0,0.0,0.0,1.0,8.0,0.0,3.0,11.0,1.0,14.0,5.0,4.0,4.0,30.0,32.0,17.0,20.0,0.0,0.0,0.0,0.0,0.0,0.0,0.0,0.0,0.0,0.0,0.0,0.0,0.0,7.0,8.0,7.0,0.0,0.0,0.0,0.0,1.0,15.0,0.0,5.0,12.0,1.0,18.0,6.0,6.0,4.0,41.0,46.0,20.0,27.0
761,1.0,761.0,London_170,,151,453,1092.0,70.0,2.0,201132.0,1.1262437291443348,897.0,123.0,1.0,122.0,216.0,10.0,206.0,278.0,206.0,97.0,17.0,94.0,5.0,27.0,1.0,6.0,5.0,87.0,157.0,204.0,36.0,0.0,0.0,0.0,0.0,0.0,0.0,0.0,0.0,0.0,0.0,0.0,0.0,0.0,0.0,0.0,0.0,0.0,0.0,0.0,0.0,0.0,0.0,0.0,0.0,0.0,0.0,0.0,0.0,0.0,1.0,0.0,0.0,1.0,0.0,0.0,1.0,0.0,0.0,0.0,0.0,3.0,6.0,1.0,2.0,1.0,0.0,15.0,9.0,4.0,15.0,31.0,30.0,22.0,10.0,0.0,0.0,0.0,0.0,0.0,0.0,0.0,0.0,0.0,2.0,0.0,0.0,7.0,0.0,0.0,4.0,0.0,0.0,0.0,0.0,4.0,7.0,1.0,3.0,1.0,0.0,16.0,10.0,4.0,16.0,48.0,40.0,23.0,13.0
762,1.0,762.0,London_170,,151,453,1092.0,70.0,2.0,172140.0,1.1776342750526965,833.0,59.0,1.0,58.0,111.0,10.0,101.0,216.0,205.0,120.0,12.0,76.0,7.0,25.0,2.0,6.0,5.0,86.0,146.0,216.0,42.0,0.0,0.0,0.0,0.0,0.0,0.0,0.0,0.0,0.0,0.0,0.0,0.0,0.0,0.0,0.0,0.0,0.0,0.0,0.0,0.0,0.0,0.0,0.0,0.0,0.0,0.0,0.0,0.0,0.0,1.0,0.0,0.0,0.0,0.0,0.0,1.0,0.0,0.0,0.0,0.0,4.0,4.0,0.0,2.0,0.0,1.0,5.0,4.0,0.0,7.0,14.0,11.0,14.0,4.0,0.0,0.0,0.0,0.0,0.0,0.0,0.0,0.0,0.0,2.0,0.0,0.0,0.0,0.0,0.0,2.0,0.0,0.0,0.0,0.0,4.0,5.0,0.0,4.0,0.0,1.0,6.0,8.0,0.0,10.0,22.0,20.0,20.0,6.0
763,1.0,763.0,London_170,,151,453,1092.0,70.0,2.0,178935.0,1.8169704438187182,848.0,89.0,0.0,89.0,144.0,0.0,144.0,111.0,213.0,124.0,14.0,64.0,5.0,25.0,2.0,6.0,7.0,84.0,153.0,209.0,48.0,0.0,0.0,0.0,0.0,0.0,0.0,0.0,0.0,0.0,0.0,0.0,0.0,0.0,0.0,0.0,0.0,0.0,0.0,0.0,0.0,0.0,0.0,0.0,0.0,0.0,0.0,0.0,0.0,0.0,0.0,0.0,0.0,0.0,0.0,0.0,0.0,0.0,0.0,0.0,0.0,2.0,6.0,2.0,2.0,6.0,0.0,5.0,4.0,3.0,9.0,19.0,25.0,13.0,3.0,0.0,0.0,0.0,0.0,0.0,0.0,0.0,0.0,0.0,0.0,0.0,0.0,0.0,0.0,0.0,0.0,0.0,0.0,0.0,0.0,2.0,12.0,2.0,3.0,8.0,0.0,7.0,9.0,4.0,12.0,27.0,36.0,15.0,6.0
764,1.0,764.0,London_170,,151,453,1092.0,70.0,2.0,170781.0,1.2111399481073022,830.0,115.0,2.0,113.0,208.0,18.0,190.0,144.0,225.0,129.0,8.0,58.0,6.0,26.0,0.0,1.0,10.0,79.0,153.0,211.0,49.0,0.0,0.0,0.0,0.0,0.0,0.0,0.0,0.0,0.0,0.0,0.0,0.0,0.0,0.0,0.0,0.0,0.0,0.0,0.0,0.0,0.0,0.0,0.0,0.0,0.0,0.0,0.0,0.0,0.0,0.0,0.0,0.0,1.0,0.0,1.0,1.0,0.0,0.0,0.0,0.0,2.0,3.0,3.0,2.0,1.0,0.0,11.0,9.0,6.0,4.0,25.0,28.0,17.0,13.0,0.0,0.0,0.0,0.0,0.0,0.0,0.0,0.0,0.0,0.0,0.0,0.0,5.0,0.0,7.0,4.0,0.0,0.0,0.0,0.0,2.0,5.0,4.0,5.0,1.0,0.0,14.0,14.0,7.0,7.0,39.0,45.0,22.0,22.0
765,1.0,765.0,London_170,,151,453,1092.0,70.0,2.0,156738.0,2.217545758932829,799.0,161.0,2.0,159.0,297.0,16.0,281.0,208.0,227.0,107.0,17.0,61.0,11.0,21.0,2.0,7.0,7.0,89.0,159.0,198.0,30.0,0.0,0.0,0.0,0.0,0.0,0.0,0.0,0.0,0.0,0.0,0.0,0.0,0.0,0.0,0.0,0.0,0.0,0.0,0.0,0.0,0.0,0.0,0.0,0.0,0.0,0.0,0.0,0.0,0.0,0.0,0.0,0.0,0.0,0.0,1.0,0.0,0.0,0.0,0.0,0.0,5.0,14.0,0.0,5.0,4.0,0.0,6.0,7.0,2.0,6.0,38.0,28.0,51.0,12.0,0.0,0.0,0.0,0.0,0.0,0.0,0.0,0.0,0.0,0.0,0.0,0.0,0.0,0.0,4.0,0.0,0.0,0.0,0.0,0.0,5.0,18.0,0.0,7.0,5.0,0.0,9.0,11.0,2.0,9.0,60.0,42.0,70.0,20.0
766,1.0,766.0,London_170,,151,453,1092.0,70.0,2.0,119139.0,0.7435116791166365,716.0,79.0,2.0,77.0,150.0,18.0,132.0,297.0,192.0,119.0,18.0,87.0,3.0,25.0,1.0,8.0,4.0,83.0,150.0,216.0,34.0,0.0,0.0,0.0,0.0,0.0,0.0,0.0,0.0,0.0,0.0,0.0,0.0,0.0,0.0,0.0,0.0,0.0,0.0,0.0,0.0,0.0,0.0,0.0,0.0,0.0,0.0,0.0,0.0,0.0,1.0,1.0,0.0,1.0,0.0,1.0,1.0,0.0,0.0,0.0,0.0,0.0,5.0,0.0,0.0,0.0,0.0,6.0,8.0,4.0,5.0,9.0,20.0,22.0,4.0,0.0,0.0,0.0,0.0,0.0,0.0,0.0,0.0,0.0,3.0,3.0,0.0,2.0,0.0,6.0,4.0,0.0,0.0,0.0,0.0,0.0,6.0,0.0,0.0,0.0,0.0,6.0,11.0,4.0,9.0,15.0,24.0,27.0,5.0
767,1.0,767.0,London_170,,151,453,1092.0,70.0,2.0,116874.0,0.7400813563726842,711.0,70.0,0.0,70.0,113.0,0.0,113.0,150.0,206.0,115.0,23.0,89.0,4.0,11.0,1.0,4.0,6.0,83.0,161.0,203.0,34.0,0.0,0.0,0.0,0.0,0.0,0.0,0.0,0.0,0.0,0.0,0.0,0.0,0.0,0.0,0.0,0.0,0.0,0.0,0.0,0.0,0.0,0.0,0.0,0.0,0.0,0.0,0.0,0.0,0.0,0.0,0.0,0.0,0.0,0.0,0.0,0.0,0.0,0.0,0.0,0.0,4.0,5.0,1.0,0.0,2.0,0.0,5.0,5.0,1.0,9.0,12.0,15.0,15.0,1.0,0.0,0.0,0.0,0.0,0.0,0.0,0.0,0.0,0.0,0.0,0.0,0.0,0.0,0.0,0.0,0.0,0.0,0.0,0.0,0.0,4.0,10.0,1.0,0.0,2.0,0.0,5.0,6.0,1.0,12.0,23.0,21.0,18.0,1.0
768,1.0,768.0,London_170,,151,453,1092.0,70.0,2.0,119139.0,0.805591479409486,716.0,54.0,1.0,53.0,104.0,10.0,94.0,113.0,216.0,116.0,21.0,81.0,3.0,11.0,0.0,5.0,8.0,85.0,162.0,198.0,45.0,0.0,0.0,0.0,0.0,0.0,0.0,0.0,0.0,0.0,0.0,0.0,0.0,0.0,0.0,0.0,0.0,0.0,0.0,0.0,0.0,0.0,0.0,0.0,0.0,0.0,0.0,0.0,0.0,0.0,1.0,0.0,0.0,1.0,0.0,1.0,0.0,1.0,0.0,0.0,0.0,0.0,6.0,2.0,0.0,1.0,0.0,7.0,3.0,2.0,4.0,11.0,10.0,8.0,3.0,0.0,0.0,0.0,0.0,0.0,0.0,0.0,0.0,0.0,2.0,0.0,0.0,4.0,0.0,7.0,0.0,7.0,0.0,0.0,0.0,0.0,11.0,3.0,0.0,1.0,0.0,9.0,3.0,4.0,5.0,18.0,18.0,10.0,3.0
769,1.0,769.0,London_170,,151,453,1092.0,70.0,2.0,135447.0,0.8782390807755291,752.0,26.0,0.0,26.0,45.0,0.0,45.0,104.0,217.0,129.0,20.0,75.0,2.0,5.0,0.0,5.0,5.0,79.0,176.0,193.0,43.0,0.0,0.0,0.0,0.0,0.0,0.0,0.0,0.0,0.0,0.0,0.0,0.0,0.0,0.0,0.0,0.0,0.0,0.0,0.0,0.0,0.0,0.0,0.0,0.0,0.0,0.0,0.0,0.0,0.0,0.0,0.0,0.0,0.0,0.0,0.0,0.0,0.0,0.0,0.0,0.0,0.0,0.0,0.0,0.0,0.0,0.0,3.0,1.0,0.0,1.0,7.0,5.0,13.0,0.0,0.0,0.0,0.0,0.0,0.0,0.0,0.0,0.0,0.0,0.0,0.0,0.0,0.0,0.0,0.0,0.0,0.0,0.0,0.0,0.0,0.0,0.0,0.0,0.0,0.0,0.0,4.0,1.0,0.0,1.0,11.0,7.0,15.0,0.0
770,1.0,770.0,London_170,,151,453,1092.0,70.0,2.0,163986.0,0.9898559590801597,815.0,51.0,0.0,51.0,86.0,0.0,86.0,45.0,214.0,125.0,25.0,69.0,2.0,9.0,0.0,9.0,5.0,78.0,182.0,188.0,49.0,0.0,0.0,0.0,0.0,0.0,0.0,0.0,0.0,0.0,0.0,0.0,0.0,0.0,0.0,0.0,0.0,0.0,0.0,0.0,0.0,0.0,0.0,0.0,0.0,0.0,0.0,0.0,0.0,0.0,0.0,0.0,0.0,0.0,0.0,0.0,0.0,0.0,0.0,0.0,0.0,1.0,4.0,1.0,0.0,0.0,0.0,4.0,5.0,2.0,2.0,8.0,13.0,12.0,6.0,0.0,0.0,0.0,0.0,0.0,0.0,0.0,0.0,0.0,0.0,0.0,0.0,0.0,0.0,0.0,0.0,0.0,0.0,0.0,0.0,2.0,4.0,1.0,0.0,0.0,0.0,5.0,6.0,5.0,2.0,11.0,17.0,13.0,7.0
771,1.0,771.0,London_170,,151,453,1092.0,70.0,2.0,178029.0,2.0959832360967994,846.0,122.0,2.0,120.0,212.0,16.0,196.0,86.0,218.0,131.0,24.0,55.0,1.0,11.0,1.0,12.0,6.0,79.0,190.0,178.0,48.0,0.0,0.0,0.0,0.0,0.0,0.0,0.0,0.0,0.0,0.0,0.0,0.0,0.0,0.0,0.0,0.0,0.0,0.0,0.0,0.0,0.0,0.0,0.0,0.0,0.0,0.0,0.0,0.0,0.0,0.0,0.0,0.0,1.0,0.0,0.0,1.0,0.0,0.0,0.0,0.0,2.0,13.0,6.0,1.0,9.0,0.0,9.0,8.0,5.0,10.0,23.0,30.0,23.0,8.0,0.0,0.0,0.0,0.0,0.0,0.0,0.0,0.0,0.0,0.0,0.0,0.0,3.0,0.0,0.0,1.0,0.0,0.0,0.0,0.0,2.0,15.0,7.0,1.0,9.0,0.0,9.0,9.0,7.0,14.0,31.0,51.0,27.0,12.0
772,1.0,772.0,London_170,,151,453,1092.0,70.0,2.0,161721.0,1.1613232898525894,810.0,132.0,2.0,130.0,240.0,19.0,221.0,212.0,229.0,110.0,17.0,61.0,7.0,20.0,2.0,7.0,6.0,74.0,161.0,212.0,32.0,0.0,0.0,0.0,0.0,0.0,0.0,0.0,0.0,0.0,0.0,0.0,0.0,0.0,0.0,0.0,0.0,0.0,0.0,0.0,0.0,0.0,0.0,0.0,0.0,0.0,0.0,0.0,0.0,0.0,0.0,1.0,0.0,0.0,0.0,1.0,1.0,0.0,0.0,0.0,0.0,4.0,9.0,3.0,0.0,0.0,0.0,13.0,5.0,9.0,5.0,19.0,21.0,22.0,11.0,0.0,0.0,0.0,0.0,0.0,0.0,0.0,0.0,0.0,0.0,3.0,0.0,0.0,0.0,8.0,1.0,0.0,0.0,0.0,0.0,4.0,14.0,4.0,0.0,0.0,0.0,18.0,6.0,11.0,7.0,30.0,30.0,24.0,16.0
773,1.0,773.0,London_170,,151,453,1092.0,70.0,2.0,126840.0,1.0468468773178756,733.0,59.0,0.0,59.0,99.0,0.0,99.0,240.0,241.0,95.0,17.0,69.0,2.0,24.0,1.0,4.0,7.0,61.0,167.0,218.0,28.0,0.0,0.0,0.0,0.0,0.0,0.0,0.0,0.0,0.0,0.0,0.0,0.0,0.0,0.0,0.0,0.0,0.0,0.0,0.0,0.0,0.0,0.0,0.0,0.0,0.0,0.0,0.0,0.0,0.0,0.0,0.0,0.0,0.0,0.0,0.0,0.0,0.0,0.0,0.0,0.0,0.0,3.0,1.0,0.0,2.0,0.0,6.0,5.0,9.0,2.0,11.0,14.0,14.0,2.0,0.0,0.0,0.0,0.0,0.0,0.0,0.0,0.0,0.0,0.0,0.0,0.0,0.0,0.0,0.0,0.0,0.0,0.0,0.0,0.0,0.0,4.0,2.0,0.0,2.0,0.0,6.0,5.0,12.0,2.0,17.0,20.0,17.0,3.0
774,1.0,774.0,London_170,,151,453,1092.0,70.0,2.0,126840.0,0.742494473233819,733.0,72.0,2.0,70.0,148.0,19.0,129.0,99.0,245.0,97.0,19.0,59.0,3.0,25.0,0.0,5.0,9.0,66.0,168.0,210.0,40.0,0.0,0.0,0.0,0.0,0.0,0.0,0.0,0.0,0.0,0.0,0.0,0.0,0.0,0.0,0.0,0.0,0.0,0.0,0.0,0.0,0.0,0.0,0.0,0.0,0.0,0.0,0.0,0.0,0.0,1.0,0.0,0.0,0.0,0.0,1.0,2.0,0.0,0.0,0.0,0.0,3.0,5.0,1.0,2.0,1.0,0.0,15.0,4.0,5.0,10.0,11.0,19.0,16.0,6.0,0.0,0.0,0.0,0.0,0.0,0.0,0.0,0.0,0.0,1.0,0.0,0.0,0.0,0.0,8.0,6.0,0.0,0.0,0.0,0.0,6.0,9.0,1.0,2.0,1.0,0.0,22.0,6.0,6.0,12.0,19.0,25.0,21.0,9.0
775,1.0,775.0,London_170,,151,453,1092.0,70.0,2.0,123669.0,0.8919524322263896,726.0,130.0,0.0,130.0,239.0,0.0,239.0,148.0,245.0,101.0,8.0,60.0,4.0,27.0,0.0,8.0,7.0,69.0,161.0,216.0,38.0,0.0,0.0,0.0,0.0,0.0,0.0,0.0,0.0,0.0,0.0,0.0,0.0,0.0,0.0,0.0,0.0,0.0,0.0,0.0,0.0,0.0,0.0,0.0,0.0,0.0,0.0,0.0,0.0,0.0,0.0,0.0,0.0,0.0,0.0,0.0,0.0,0.0,0.0,0.0,0.0,4.0,5.0,2.0,2.0,0.0,0.0,23.0,3.0,4.0,5.0,24.0,31.0,30.0,2.0,0.0,0.0,0.0,0.0,0.0,0.0,0.0,0.0,0.0,0.0,0.0,0.0,0.0,0.0,0.0,0.0,0.0,0.0,0.0,0.0,6.0,8.0,2.0,2.0,0.0,0.0,30.0,6.0,7.0,6.0,37.0,49.0,39.0,4.0
776,1.0,776.0,London_170,,151,453,1092.0,70.0,2.0,103284.0,0.7668540333397686,681.0,18.0,1.0,17.0,38.0,9.0,29.0,239.0,224.0,103.0,17.0,66.0,7.0,25.0,0.0,11.0,3.0,53.0,180.0,217.0,21.0,0.0,0.0,0.0,0.0,0.0,0.0,0.0,0.0,0.0,0.0,0.0,0.0,0.0,0.0,0.0,0.0,0.0,0.0,0.0,0.0,0.0,0.0,0.0,0.0,0.0,0.0,0.0,0.0,0.0,0.0,0.0,0.0,1.0,0.0,0.0,0.0,1.0,0.0,0.0,0.0,1.0,0.0,0.0,1.0,0.0,0.0,1.0,3.0,0.0,2.0,2.0,7.0,6.0,1.0,0.0,0.0,0.0,0.0,0.0,0.0,0.0,0.0,0.0,0.0,0.0,0.0,2.0,0.0,0.0,0.0,9.0,0.0,0.0,0.0,1.0,0.0,0.0,2.0,0.0,0.0,1.0,4.0,0.0,2.0,3.0,12.0,8.0,1.0
777,1.0,777.0,London_170,,151,453,1092.0,70.0,2.0,128199.0,0.7928410242311656,736.0,40.0,2.0,38.0,96.0,18.0,78.0,38.0,223.0,98.0,17.0,72.0,7.0,26.0,0.0,10.0,2.0,59.0,176.0,216.0,20.0,0.0,0.0,0.0,0.0,0.0,0.0,0.0,0.0,0.0,0.0,0.0,0.0,0.0,0.0,0.0,0.0,0.0,0.0,0.0,0.0,0.0,0.0,0.0,0.0,0.0,0.0,0.0,0.0,0.0,0.0,0.0,0.0,1.0,1.0,1.0,1.0,0.0,0.0,0.0,0.0,6.0,0.0,0.0,1.0,0.0,0.0,7.0,3.0,4.0,3.0,9.0,9.0,11.0,5.0,0.0,0.0,0.0,0.0,0.0,0.0,0.0,0.0,0.0,0.0,0.0,0.0,3.0,8.0,7.0,4.0,0.0,0.0,0.0,0.0,8.0,0.0,0.0,1.0,0.0,0.0,14.0,3.0,6.0,5.0,16.0,17.0,17.0,9.0
778,1.0,778.0,London_170,,151,453,1092.0,70.0,2.0,144960.0,0.9418382458388805,773.0,80.0,2.0,78.0,145.0,17.0,128.0,96.0,239.0,109.0,16.0,44.0,7.0,27.0,1.0,10.0,3.0,62.0,169.0,219.0,22.0,0.0,0.0,0.0,0.0,0.0,0.0,0.0,0.0,0.0,0.0,0.0,0.0,0.0,0.0,0.0,0.0,0.0,0.0,0.0,0.0,0.0,0.0,0.0,0.0,0.0,0.0,0.0,0.0,0.0,1.0,0.0,0.0,0.0,0.0,1.0,1.0,0.0,0.0,0.0,0.0,1.0,2.0,0.0,1.0,0.0,0.0,10.0,17.0,4.0,6.0,16.0,13.0,15.0,8.0,0.0,0.0,0.0,0.0,0.0,0.0,0.0,0.0,0.0,2.0,0.0,0.0,0.0,0.0,5.0,3.0,0.0,0.0,0.0,0.0,1.0,2.0,0.0,2.0,0.0,0.0,14.0,25.0,4.0,10.0,23.0,16.0,17.0,11.0
779,1.0,779.0,London_170,,151,453,1092.0,70.0,2.0,149490.0,1.2698296662420034,783.0,78.0,0.0,78.0,136.0,0.0,136.0,145.0,246.0,122.0,5.0,39.0,6.0,31.0,2.0,2.0,3.0,69.0,146.0,235.0,38.0,0.0,0.0,0.0,0.0,0.0,0.0,0.0,0.0,0.0,0.0,0.0,0.0,0.0,0.0,0.0,0.0,0.0,0.0,0.0,0.0,0.0,0.0,0.0,0.0,0.0,0.0,0.0,0.0,0.0,0.0,0.0,0.0,0.0,0.0,0.0,0.0,0.0,0.0,0.0,0.0,5.0,2.0,0.0,4.0,0.0,0.0,10.0,4.0,8.0,6.0,19.0,16.0,13.0,10.0,0.0,0.0,0.0,0.0,0.0,0.0,0.0,0.0,0.0,0.0,0.0,0.0,0.0,0.0,0.0,0.0,0.0,0.0,0.0,0.0,8.0,3.0,0.0,7.0,0.0,0.0,16.0,5.0,11.0,8.0,28.0,27.0,18.0,13.0
780,1.0,780.0,London_170,,151,453,1092.0,70.0,2.0,157644.0,0.8796875458210707,801.0,59.0,0.0,59.0,94.0,0.0,94.0,136.0,255.0,105.0,9.0,45.0,9.0,29.0,0.0,1.0,4.0,68.0,149.0,232.0,42.0,0.0,0.0,0.0,0.0,0.0,0.0,0.0,0.0,0.0,0.0,0.0,0.0,0.0,0.0,0.0,0.0,0.0,0.0,0.0,0.0,0.0,0.0,0.0,0.0,0.0,0.0,0.0,0.0,0.0,0.0,0.0,0.0,0.0,0.0,0.0,0.0,0.0,0.0,0.0,0.0,3.0,4.0,3.0,0.0,0.0,0.0,7.0,4.0,5.0,1.0,11.0,13.0,15.0,7.0,0.0,0.0,0.0,0.0,0.0,0.0,0.0,0.0,0.0,0.0,0.0,0.0,0.0,0.0,0.0,0.0,0.0,0.0,0.0,0.0,4.0,5.0,3.0,0.0,0.0,0.0,8.0,4.0,5.0,1.0,17.0,17.0,18.0,9.0
781,1.0,781.0,London_170,,151,453,1092.0,70.0,2.0,176670.0,1.2103794440627098,843.0,78.0,1.0,77.0,143.0,9.0,134.0,94.0,259.0,109.0,7.0,45.0,9.0,24.0,0.0,0.0,6.0,63.0,154.0,230.0,40.0,0.0,0.0,0.0,0.0,0.0,0.0,0.0,0.0,0.0,0.0,0.0,0.0,0.0,0.0,0.0,0.0,0.0,0.0,0.0,0.0,0.0,0.0,0.0,0.0,0.0,0.0,0.0,0.0,0.0,0.0,0.0,0.0,0.0,1.0,0.0,1.0,0.0,0.0,0.0,0.0,0.0,2.0,1.0,0.0,2.0,0.0,13.0,2.0,3.0,9.0,19.0,17.0,18.0,3.0,0.0,0.0,0.0,0.0,0.0,0.0,0.0,0.0,0.0,0.0,0.0,0.0,0.0,8.0,0.0,3.0,0.0,0.0,0.0,0.0,0.0,3.0,1.0,0.0,2.0,0.0,20.0,3.0,4.0,11.0,36.0,24.0,21.0,4.0
782,1.0,782.0,London_170,,151,453,1092.0,70.0,2.0,185730.0,1.4879007837735116,863.0,167.0,0.0,167.0,288.0,0.0,288.0,143.0,272.0,104.0,17.0,38.0,9.0,10.0,2.0,1.0,8.0,62.0,156.0,227.0,44.0,0.0,0.0,0.0,0.0,0.0,0.0,0.0,0.0,0.0,0.0,0.0,0.0,0.0,0.0,0.0,0.0,0.0,0.0,0.0,0.0,0.0,0.0,0.0,0.0,0.0,0.0,0.0,0.0,0.0,0.0,0.0,0.0,0.0,0.0,0.0,0.0,0.0,0.0,0.0,0.0,2.0,26.0,0.0,1.0,8.0,0.0,12.0,3.0,0.0,6.0,27.0,40.0,20.0,9.0,0.0,0.0,0.0,0.0,0.0,0.0,0.0,0.0,0.0,0.0,0.0,0.0,0.0,0.0,0.0,0.0,0.0,0.0,0.0,0.0,2.0,41.0,0.0,2.0,8.0,0.0,13.0,3.0,0.0,6.0,36.0,58.0,23.0,13.0
783,1.0,783.0,London_170,,151,453,1092.0,70.0,2.0,144054.0,0.9004021738655865,771.0,78.0,2.0,76.0,161.0,19.0,142.0,288.0,205.0,104.0,18.0,87.0,11.0,23.0,1.0,4.0,7.0,62.0,169.0,215.0,29.0,0.0,0.0,0.0,0.0,0.0,0.0,0.0,0.0,0.0,0.0,0.0,0.0,0.0,0.0,0.0,0.0,0.0,0.0,0.0,0.0,0.0,0.0,0.0,0.0,0.0,0.0,0.0,0.0,0.0,0.0,2.0,0.0,1.0,0.0,0.0,1.0,0.0,0.0,0.0,0.0,1.0,0.0,0.0,1.0,0.0,1.0,6.0,11.0,5.0,4.0,9.0,27.0,11.0,3.0,0.0,0.0,0.0,0.0,0.0,0.0,0.0,0.0,0.0,0.0,17.0,0.0,9.0,0.0,0.0,2.0,0.0,0.0,0.0,0.0,1.0,0.0,0.0,1.0,0.0,2.0,9.0,15.0,8.0,6.0,13.0,42.0,17.0,3.0
784,1.0,784.0,London_170,,151,453,1092.0,70.0,2.0,143601.0,0.7625773688778281,770.0,48.0,0.0,48.0,85.0,0.0,85.0,161.0,215.0,93.0,26.0,84.0,8.0,21.0,1.0,5.0,13.0,63.0,170.0,207.0,37.0,0.0,0.0,0.0,0.0,0.0,0.0,0.0,0.0,0.0,0.0,0.0,0.0,0.0,0.0,0.0,0.0,0.0,0.0,0.0,0.0,0.0,0.0,0.0,0.0,0.0,0.0,0.0,0.0,0.0,0.0,0.0,0.0,0.0,0.0,0.0,0.0,0.0,0.0,0.0,0.0,0.0,2.0,1.0,1.0,1.0,0.0,3.0,6.0,4.0,8.0,7.0,13.0,4.0,3.0,0.0,0.0,0.0,0.0,0.0,0.0,0.0,0.0,0.0,0.0,0.0,0.0,0.0,0.0,0.0,0.0,0.0,0.0,0.0,0.0,0.0,2.0,1.0,1.0,1.0,0.0,4.0,14.0,7.0,12.0,8.0,22.0,5.0,5.0
785,1.0,785.0,London_170,,151,453,1092.0,70.0,2.0,166704.0,1.3678995417430997,821.0,61.0,0.0,61.0,102.0,0.0,102.0,85.0,233.0,93.0,22.0,81.0,8.0,14.0,1.0,1.0,15.0,66.0,176.0,196.0,40.0,0.0,0.0,0.0,0.0,0.0,0.0,0.0,0.0,0.0,0.0,0.0,0.0,0.0,0.0,0.0,0.0,0.0,0.0,0.0,0.0,0.0,0.0,0.0,0.0,0.0,0.0,0.0,0.0,0.0,0.0,0.0,0.0,0.0,0.0,0.0,0.0,0.0,0.0,0.0,0.0,1.0,5.0,0.0,0.0,1.0,0.0,9.0,5.0,7.0,4.0,6.0,17.0,11.0,8.0,0.0,0.0,0.0,0.0,0.0,0.0,0.0,0.0,0.0,0.0,0.0,0.0,0.0,0.0,0.0,0.0,0.0,0.0,0.0,0.0,1.0,8.0,0.0,0.0,1.0,0.0,11.0,5.0,10.0,4.0,11.0,24.0,14.0,13.0
786,1.0,786.0,London_170,,151,453,1092.0,70.0,2.0,196149.0,1.2314705341123044,886.0,80.0,0.0,80.0,128.0,0.0,128.0,102.0,239.0,89.0,17.0,81.0,7.0,17.0,0.0,3.0,9.0,77.0,180.0,187.0,50.0,0.0,0.0,0.0,0.0,0.0,0.0,0.0,0.0,0.0,0.0,0.0,0.0,0.0,0.0,0.0,0.0,0.0,0.0,0.0,0.0,0.0,0.0,0.0,0.0,0.0,0.0,0.0,0.0,0.0,0.0,0.0,0.0,0.0,0.0,0.0,0.0,0.0,0.0,0.0,0.0,2.0,2.0,0.0,2.0,1.0,0.0,3.0,4.0,8.0,8.0,15.0,18.0,20.0,8.0,0.0,0.0,0.0,0.0,0.0,0.0,0.0,0.0,0.0,0.0,0.0,0.0,0.0,0.0,0.0,0.0,0.0,0.0,0.0,0.0,3.0,2.0,0.0,3.0,1.0,0.0,3.0,5.0,11.0,9.0,22.0,25.0,26.0,13.0
787,1.0,787.0,London_170,,151,453,1092.0,70.0,2.0,202038.0,1.5149284531362355,899.0,161.0,2.0,159.0,283.0,19.0,264.0,128.0,254.0,61.0,17.0,87.0,8.0,20.0,0.0,6.0,7.0,77.0,173.0,196.0,46.0,0.0,0.0,0.0,0.0,0.0,0.0,0.0,0.0,0.0,0.0,0.0,0.0,0.0,0.0,0.0,0.0,0.0,0.0,0.0,0.0,0.0,0.0,0.0,0.0,0.0,0.0,0.0,0.0,0.0,0.0,0.0,0.0,0.0,0.0,2.0,1.0,1.0,0.0,0.0,0.0,1.0,8.0,0.0,4.0,5.0,0.0,6.0,4.0,5.0,9.0,24.0,37.0,23.0,10.0,0.0,0.0,0.0,0.0,0.0,0.0,0.0,0.0,0.0,0.0,0.0,0.0,0.0,0.0,16.0,1.0,10.0,0.0,0.0,0.0,1.0,13.0,0.0,4.0,5.0,0.0,11.0,4.0,7.0,11.0,39.0,61.0,25.0,18.0
788,1.0,788.0,London_170,,151,453,1092.0,70.0,2.0,161721.0,0.7442320771515369,810.0,13.0,2.0,11.0,37.0,17.0,20.0,283.0,215.0,86.0,22.0,91.0,5.0,28.0,0.0,6.0,7.0,80.0,154.0,212.0,35.0,0.0,0.0,0.0,0.0,0.0,0.0,0.0,0.0,0.0,0.0,0.0,0.0,0.0,0.0,0.0,0.0,0.0,0.0,0.0,0.0,0.0,0.0,0.0,0.0,0.0,0.0,0.0,0.0,0.0,0.0,0.0,0.0,1.0,0.0,1.0,2.0,0.0,0.0,0.0,0.0,0.0,0.0,0.0,0.0,0.0,0.0,1.0,0.0,2.0,3.0,3.0,3.0,1.0,2.0,0.0,0.0,0.0,0.0,0.0,0.0,0.0,0.0,0.0,0.0,0.0,0.0,4.0,0.0,9.0,8.0,0.0,0.0,0.0,0.0,0.0,0.0,0.0,0.0,0.0,0.0,2.0,0.0,4.0,4.0,4.0,4.0,1.0,4.0
789,1.0,789.0,London_170,,151,453,1092.0,70.0,2.0,198414.0,1.4608448310755193,891.0,149.0,2.0,147.0,279.0,18.0,261.0,37.0,222.0,83.0,24.0,89.0,2.0,26.0,0.0,7.0,2.0,84.0,148.0,219.0,32.0,0.0,0.0,0.0,0.0,0.0,0.0,0.0,0.0,0.0,0.0,0.0,0.0,0.0,0.0,0.0,0.0,0.0,0.0,0.0,0.0,0.0,0.0,0.0,0.0,0.0,0.0,0.0,0.0,0.0,0.0,0.0,0.0,0.0,0.0,0.0,0.0,0.0,0.0,0.0,0.0,10.0,16.0,3.0,6.0,2.0,0.0,14.0,6.0,13.0,10.0,33.0,26.0,22.0,16.0,0.0,0.0,0.0,0.0,0.0,0.0,0.0,0.0,0.0,0.0,0.0,0.0,0.0,0.0,0.0,0.0,0.0,0.0,0.0,0.0,12.0,19.0,3.0,10.0,2.0,0.0,20.0,7.0,18.0,12.0,46.0,39.0,28.0,21.0
790,1.0,790.0,London_170,,151,453,1092.0,70.0,2.0,172593.0,0.74251863732934,834.0,80.0,1.0,79.0,148.0,9.0,139.0,279.0,221.0,74.0,15.0,95.0,5.0,36.0,0.0,7.0,7.0,83.0,151.0,212.0,34.0,0.0,0.0,0.0,0.0,0.0,0.0,0.0,0.0,0.0,0.0,0.0,0.0,0.0,0.0,0.0,0.0,0.0,0.0,0.0,0.0,0.0,0.0,0.0,0.0,0.0,0.0,0.0,0.0,0.0,0.0,0.0,0.0,0.0,0.0,0.0,1.0,0.0,0.0,0.0,0.0,4.0,2.0,1.0,1.0,0.0,0.0,8.0,7.0,7.0,0.0,13.0,15.0,21.0,9.0,0.0,0.0,0.0,0.0,0.0,0.0,0.0,0.0,0.0,0.0,0.0,0.0,0.0,0.0,0.0,1.0,0.0,0.0,0.0,0.0,5.0,3.0,1.0,1.0,0.0,0.0,10.0,10.0,9.0,0.0,21.0,24.0,26.0,14.0
791,1.0,791.0,London_170,,151,453,1092.0,70.0,2.0,175311.0,1.2693487219512463,840.0,164.0,2.0,162.0,296.0,20.0,276.0,148.0,226.0,80.0,13.0,78.0,8.0,41.0,1.0,6.0,8.0,73.0,157.0,215.0,42.0,0.0,0.0,0.0,0.0,0.0,0.0,0.0,0.0,0.0,0.0,0.0,0.0,0.0,0.0,0.0,0.0,0.0,0.0,0.0,0.0,0.0,0.0,0.0,0.0,0.0,0.0,0.0,0.0,0.0,0.0,1.0,0.0,1.0,0.0,0.0,0.0,0.0,0.0,0.0,0.0,2.0,18.0,0.0,1.0,0.0,0.0,4.0,12.0,6.0,1.0,23.0,37.0,29.0,12.0,0.0,0.0,0.0,0.0,0.0,0.0,0.0,0.0,0.0,0.0,2.0,0.0,1.0,0.0,0.0,0.0,0.0,0.0,0.0,0.0,3.0,25.0,0.0,2.0,0.0,0.0,5.0,14.0,7.0,2.0,28.0,47.0,35.0,14.0
792,1.0,792.0,London_170,,151,453,1092.0,70.0,2.0,130464.0,0.791836675722152,741.0,156.0,2.0,154.0,285.0,20.0,265.0,296.0,166.0,121.0,14.0,84.0,6.0,46.0,5.0,11.0,5.0,80.0,142.0,226.0,45.0,0.0,0.0,0.0,0.0,0.0,0.0,0.0,0.0,0.0,0.0,0.0,0.0,0.0,0.0,0.0,0.0,0.0,0.0,0.0,0.0,0.0,0.0,0.0,0.0,0.0,0.0,0.0,0.0,0.0,0.0,1.0,0.0,1.0,0.0,0.0,1.0,1.0,0.0,0.0,0.0,3.0,8.0,0.0,3.0,2.0,0.0,13.0,7.0,4.0,15.0,35.0,35.0,35.0,12.0,0.0,0.0,0.0,0.0,0.0,0.0,0.0,0.0,0.0,0.0,2.0,0.0,3.0,0.0,0.0,4.0,11.0,0.0,0.0,0.0,3.0,12.0,0.0,5.0,2.0,0.0,21.0,11.0,4.0,21.0,46.0,52.0,45.0,18.0
793,1.0,793.0,London_170,,151,453,1092.0,70.0,2.0,84711.0,0.3788427649997175,640.0,1.0,0.0,1.0,2.0,0.0,2.0,285.0,174.0,103.0,24.0,95.0,12.0,38.0,2.0,5.0,5.0,68.0,147.0,233.0,44.0,0.0,0.0,0.0,0.0,0.0,0.0,0.0,0.0,0.0,0.0,0.0,0.0,0.0,0.0,0.0,0.0,0.0,0.0,0.0,0.0,0.0,0.0,0.0,0.0,0.0,0.0,0.0,0.0,0.0,0.0,0.0,0.0,0.0,0.0,0.0,0.0,0.0,0.0,0.0,0.0,0.0,0.0,0.0,0.0,0.0,0.0,0.0,0.0,0.0,0.0,0.0,1.0,0.0,0.0,0.0,0.0,0.0,0.0,0.0,0.0,0.0,0.0,0.0,0.0,0.0,0.0,0.0,0.0,0.0,0.0,0.0,0.0,0.0,0.0,0.0,0.0,0.0,0.0,0.0,0.0,0.0,0.0,0.0,0.0,0.0,2.0,0.0,0.0
794,1.0,794.0,London_170,,151,453,1092.0,70.0,2.0,117327.0,1.3956791879609227,712.0,45.0,2.0,43.0,97.0,18.0,79.0,2.0,174.0,102.0,24.0,96.0,12.0,38.0,2.0,5.0,5.0,68.0,146.0,234.0,44.0,0.0,0.0,0.0,0.0,0.0,0.0,0.0,0.0,0.0,0.0,0.0,0.0,0.0,0.0,0.0,0.0,0.0,0.0,0.0,0.0,0.0,0.0,0.0,0.0,0.0,0.0,0.0,0.0,0.0,0.0,1.0,0.0,1.0,1.0,0.0,2.0,0.0,0.0,0.0,0.0,0.0,0.0,1.0,1.0,0.0,0.0,1.0,0.0,2.0,4.0,4.0,15.0,14.0,5.0,0.0,0.0,0.0,0.0,0.0,0.0,0.0,0.0,0.0,0.0,7.0,0.0,8.0,5.0,0.0,5.0,0.0,0.0,0.0,0.0,0.0,0.0,1.0,2.0,0.0,0.0,2.0,0.0,6.0,5.0,7.0,18.0,18.0,11.0
795,1.0,795.0,London_170,,151,453,1092.0,70.0,2.0,133635.0,0.6431020642630756,748.0,9.0,0.0,9.0,18.0,0.0,18.0,97.0,172.0,92.0,28.0,101.0,11.0,41.0,3.0,5.0,5.0,73.0,144.0,231.0,45.0,0.0,0.0,0.0,0.0,0.0,0.0,0.0,0.0,0.0,0.0,0.0,0.0,0.0,0.0,0.0,0.0,0.0,0.0,0.0,0.0,0.0,0.0,0.0,0.0,0.0,0.0,0.0,0.0,0.0,0.0,0.0,0.0,0.0,0.0,0.0,0.0,0.0,0.0,0.0,0.0,0.0,0.0,1.0,0.0,0.0,0.0,0.0,1.0,2.0,0.0,1.0,4.0,2.0,1.0,0.0,0.0,0.0,0.0,0.0,0.0,0.0,0.0,0.0,0.0,0.0,0.0,0.0,0.0,0.0,0.0,0.0,0.0,0.0,0.0,0.0,0.0,1.0,0.0,0.0,0.0,0.0,1.0,2.0,0.0,4.0,6.0,2.0,2.0
796,1.0,796.0,London_170,,151,453,1092.0,70.0,2.0,164439.0,0.8291206560097635,816.0,122.0,0.0,122.0,206.0,0.0,206.0,18.0,170.0,95.0,29.0,97.0,11.0,43.0,3.0,5.0,5.0,69.0,147.0,232.0,47.0,0.0,0.0,0.0,0.0,0.0,0.0,0.0,0.0,0.0,0.0,0.0,0.0,0.0,0.0,0.0,0.0,0.0,0.0,0.0,0.0,0.0,0.0,0.0,0.0,0.0,0.0,0.0,0.0,0.0,0.0,0.0,0.0,0.0,0.0,0.0,0.0,0.0,0.0,0.0,0.0,0.0,18.0,4.0,2.0,3.0,0.0,10.0,11.0,5.0,10.0,21.0,22.0,17.0,15.0,0.0,0.0,0.0,0.0,0.0,0.0,0.0,0.0,0.0,0.0,0.0,0.0,0.0,0.0,0.0,0.0,0.0,0.0,0.0,0.0,0.0,28.0,4.0,3.0,3.0,0.0,13.0,14.0,7.0,14.0,30.0,34.0,18.0,22.0
797,1.0,797.0,London_170,,151,453,1092.0,70.0,2.0,147225.0,0.8372132899239659,778.0,81.0,0.0,81.0,154.0,0.0,154.0,206.0,185.0,94.0,32.0,85.0,17.0,31.0,2.0,7.0,8.0,74.0,137.0,234.0,36.0,0.0,0.0,0.0,0.0,0.0,0.0,0.0,0.0,0.0,0.0,0.0,0.0,0.0,0.0,0.0,0.0,0.0,0.0,0.0,0.0,0.0,0.0,0.0,0.0,0.0,0.0,0.0,0.0,0.0,0.0,0.0,0.0,0.0,0.0,0.0,0.0,0.0,0.0,0.0,0.0,1.0,2.0,0.0,0.0,3.0,0.0,8.0,10.0,1.0,10.0,17.0,23.0,16.0,12.0,0.0,0.0,0.0,0.0,0.0,0.0,0.0,0.0,0.0,0.0,0.0,0.0,0.0,0.0,0.0,0.0,0.0,0.0,0.0,0.0,1.0,3.0,0.0,0.0,4.0,0.0,10.0,11.0,1.0,10.0,27.0,37.0,28.0,19.0
798,1.0,798.0,London_170,,151,453,1092.0,70.0,2.0,155832.0,0.8120560878887773,797.0,75.0,0.0,75.0,136.0,0.0,136.0,154.0,198.0,94.0,29.0,73.0,15.0,35.0,2.0,7.0,8.0,72.0,149.0,224.0,32.0,0.0,0.0,0.0,0.0,0.0,0.0,0.0,0.0,0.0,0.0,0.0,0.0,0.0,0.0,0.0,0.0,0.0,0.0,0.0,0.0,0.0,0.0,0.0,0.0,0.0,0.0,0.0,0.0,0.0,0.0,0.0,0.0,0.0,0.0,0.0,0.0,0.0,0.0,0.0,0.0,2.0,2.0,0.0,2.0,2.0,0.0,12.0,7.0,4.0,11.0,13.0,20.0,13.0,8.0,0.0,0.0,0.0,0.0,0.0,0.0,0.0,0.0,0.0,0.0,0.0,0.0,0.0,0.0,0.0,0.0,0.0,0.0,0.0,0.0,2.0,4.0,0.0,3.0,2.0,0.0,16.0,10.0,7.0,15.0,18.0,33.0,14.0,16.0
799,1.0,799.0,London_170,,151,453,1092.0,70.0,2.0,159909.0,1.5719096888788044,806.0,83.0,0.0,83.0,136.0,0.0,136.0,136.0,204.0,113.0,26.0,50.0,11.0,44.0,0.0,5.0,13.0,87.0,138.0,215.0,48.0,0.0,0.0,0.0,0.0,0.0,0.0,0.0,0.0,0.0,0.0,0.0,0.0,0.0,0.0,0.0,0.0,0.0,0.0,0.0,0.0,0.0,0.0,0.0,0.0,0.0,0.0,0.0,0.0,0.0,0.0,0.0,0.0,0.0,0.0,0.0,0.0,0.0,0.0,0.0,0.0,0.0,1.0,0.0,0.0,2.0,0.0,8.0,3.0,4.0,15.0,14.0,24.0,17.0,8.0,0.0,0.0,0.0,0.0,0.0,0.0,0.0,0.0,0.0,0.0,0.0,0.0,0.0,0.0,0.0,0.0,0.0,0.0,0.0,0.0,0.0,1.0,0.0,0.0,2.0,0.0,9.0,5.0,5.0,19.0,22.0,34.0,26.0,11.0
800,1.0,800.0,London_170,,151,453,1092.0,70.0,2.0,155832.0,0.8561403602361679,797.0,84.0,0.0,84.0,147.0,0.0,147.0,136.0,205.0,125.0,20.0,34.0,14.0,51.0,3.0,1.0,11.0,79.0,142.0,221.0,38.0,0.0,0.0,0.0,0.0,0.0,0.0,0.0,0.0,0.0,0.0,0.0,0.0,0.0,0.0,0.0,0.0,0.0,0.0,0.0,0.0,0.0,0.0,0.0,0.0,0.0,0.0,0.0,0.0,0.0,0.0,0.0,0.0,0.0,0.0,0.0,0.0,0.0,0.0,0.0,0.0,0.0,1.0,0.0,0.0,7.0,0.0,8.0,8.0,2.0,9.0,13.0,18.0,16.0,10.0,0.0,0.0,0.0,0.0,0.0,0.0,0.0,0.0,0.0,0.0,0.0,0.0,0.0,0.0,0.0,0.0,0.0,0.0,0.0,0.0,0.0,3.0,0.0,0.0,9.0,0.0,12.0,9.0,2.0,12.0,17.0,24.0,18.0,18.0
801,1.0,801.0,London_170,,151,453,1092.0,70.0,2.0,166251.0,1.177013089414686,820.0,92.0,2.0,90.0,167.0,18.0,149.0,147.0,224.0,112.0,11.0,39.0,17.0,45.0,2.0,3.0,11.0,86.0,141.0,215.0,29.0,0.0,0.0,0.0,0.0,0.0,0.0,0.0,0.0,0.0,0.0,0.0,0.0,0.0,0.0,0.0,0.0,0.0,0.0,0.0,0.0,0.0,0.0,0.0,0.0,0.0,0.0,0.0,0.0,0.0,0.0,0.0,0.0,0.0,0.0,1.0,0.0,0.0,0.0,0.0,0.0,6.0,1.0,0.0,0.0,0.0,0.0,9.0,4.0,5.0,6.0,16.0,25.0,26.0,9.0,0.0,0.0,0.0,0.0,0.0,0.0,0.0,0.0,0.0,0.0,0.0,0.0,0.0,0.0,8.0,0.0,0.0,0.0,0.0,0.0,7.0,1.0,0.0,0.0,0.0,0.0,13.0,5.0,7.0,6.0,24.0,32.0,35.0,11.0
802,1.0,802.0,London_170,,151,453,1092.0,70.0,2.0,168969.0,0.9409652813337743,826.0,47.0,2.0,45.0,104.0,19.0,85.0,167.0,220.0,108.0,10.0,42.0,19.0,49.0,1.0,4.0,8.0,85.0,138.0,222.0,38.0,0.0,0.0,0.0,0.0,0.0,0.0,0.0,0.0,0.0,0.0,0.0,0.0,0.0,0.0,0.0,0.0,0.0,0.0,0.0,0.0,0.0,0.0,0.0,0.0,0.0,0.0,0.0,0.0,0.0,0.0,0.0,0.0,1.0,0.0,1.0,2.0,0.0,0.0,0.0,0.0,0.0,1.0,1.0,0.0,0.0,0.0,7.0,3.0,6.0,5.0,9.0,11.0,11.0,4.0,0.0,0.0,0.0,0.0,0.0,0.0,0.0,0.0,0.0,0.0,0.0,0.0,6.0,0.0,9.0,7.0,0.0,0.0,0.0,0.0,0.0,2.0,1.0,0.0,0.0,0.0,9.0,5.0,9.0,6.0,12.0,19.0,15.0,7.0
803,1.0,803.0,London_170,,151,453,1092.0,70.0,2.0,189354.0,1.2154553448781371,871.0,133.0,1.0,132.0,234.0,10.0,224.0,104.0,218.0,119.0,3.0,49.0,16.0,43.0,1.0,4.0,6.0,94.0,136.0,217.0,39.0,0.0,0.0,0.0,0.0,0.0,0.0,0.0,0.0,0.0,0.0,0.0,0.0,0.0,0.0,0.0,0.0,0.0,0.0,0.0,0.0,0.0,0.0,0.0,0.0,0.0,0.0,0.0,0.0,0.0,1.0,0.0,0.0,1.0,0.0,0.0,1.0,0.0,0.0,0.0,0.0,2.0,6.0,18.0,0.0,6.0,1.0,10.0,5.0,4.0,11.0,27.0,30.0,23.0,3.0,0.0,0.0,0.0,0.0,0.0,0.0,0.0,0.0,0.0,3.0,0.0,0.0,6.0,0.0,0.0,6.0,0.0,0.0,0.0,0.0,2.0,12.0,20.0,0.0,8.0,1.0,13.0,6.0,5.0,12.0,46.0,37.0,29.0,3.0
804,1.0,804.0,London_170,,151,453,1092.0,70.0,2.0,161721.0,0.8094177050516009,810.0,69.0,1.0,68.0,132.0,10.0,122.0,234.0,218.0,96.0,19.0,60.0,14.0,37.0,2.0,7.0,5.0,78.0,127.0,243.0,38.0,0.0,0.0,0.0,0.0,0.0,0.0,0.0,0.0,0.0,0.0,0.0,0.0,0.0,0.0,0.0,0.0,0.0,0.0,0.0,0.0,0.0,0.0,0.0,0.0,0.0,0.0,0.0,0.0,0.0,1.0,0.0,0.0,0.0,0.0,0.0,1.0,0.0,0.0,0.0,0.0,4.0,3.0,0.0,1.0,5.0,0.0,16.0,2.0,6.0,12.0,10.0,19.0,12.0,5.0,0.0,0.0,0.0,0.0,0.0,0.0,0.0,0.0,0.0,5.0,0.0,0.0,0.0,0.0,0.0,3.0,0.0,0.0,0.0,0.0,4.0,5.0,0.0,1.0,5.0,0.0,24.0,2.0,8.0,14.0,15.0,26.0,14.0,7.0
805,1.0,805.0,London_170,,151,453,1092.0,70.0,2.0,169875.0,0.844043314922601,828.0,62.0,0.0,62.0,102.0,0.0,102.0,132.0,221.0,110.0,28.0,57.0,8.0,25.0,1.0,3.0,8.0,83.0,115.0,247.0,43.0,0.0,0.0,0.0,0.0,0.0,0.0,0.0,0.0,0.0,0.0,0.0,0.0,0.0,0.0,0.0,0.0,0.0,0.0,0.0,0.0,0.0,0.0,0.0,0.0,0.0,0.0,0.0,0.0,0.0,0.0,0.0,0.0,0.0,0.0,0.0,0.0,0.0,0.0,0.0,0.0,0.0,4.0,3.0,0.0,0.0,0.0,5.0,6.0,6.0,6.0,13.0,16.0,9.0,3.0,0.0,0.0,0.0,0.0,0.0,0.0,0.0,0.0,0.0,0.0,0.0,0.0,0.0,0.0,0.0,0.0,0.0,0.0,0.0,0.0,0.0,5.0,4.0,0.0,0.0,0.0,6.0,9.0,7.0,9.0,19.0,21.0,13.0,7.0
806,1.0,806.0,London_170,,151,453,1092.0,70.0,2.0,182559.0,1.271119992248714,856.0,128.0,2.0,126.0,243.0,18.0,225.0,102.0,232.0,115.0,25.0,44.0,11.0,23.0,1.0,2.0,9.0,83.0,120.0,241.0,43.0,0.0,0.0,0.0,0.0,0.0,0.0,0.0,0.0,0.0,0.0,0.0,0.0,0.0,0.0,0.0,0.0,0.0,0.0,0.0,0.0,0.0,0.0,0.0,0.0,0.0,0.0,0.0,0.0,0.0,0.0,0.0,0.0,1.0,0.0,1.0,0.0,0.0,0.0,0.0,0.0,0.0,10.0,2.0,0.0,2.0,0.0,12.0,1.0,9.0,12.0,24.0,25.0,14.0,8.0,0.0,0.0,0.0,0.0,0.0,0.0,0.0,0.0,0.0,0.0,0.0,0.0,1.0,0.0,7.0,0.0,0.0,0.0,0.0,0.0,0.0,14.0,2.0,0.0,2.0,0.0,18.0,2.0,13.0,16.0,41.0,39.0,16.0,12.0
807,1.0,807.0,London_170,,151,453,1092.0,70.0,2.0,153114.0,0.9735167208127677,791.0,133.0,2.0,131.0,228.0,16.0,212.0,243.0,219.0,89.0,15.0,81.0,13.0,29.0,4.0,3.0,1.0,90.0,134.0,228.0,23.0,0.0,0.0,0.0,0.0,0.0,0.0,0.0,0.0,0.0,0.0,0.0,0.0,0.0,0.0,0.0,0.0,0.0,0.0,0.0,0.0,0.0,0.0,0.0,0.0,0.0,0.0,0.0,0.0,0.0,2.0,0.0,0.0,0.0,0.0,1.0,2.0,0.0,0.0,0.0,0.0,2.0,2.0,3.0,0.0,4.0,1.0,9.0,5.0,12.0,15.0,29.0,22.0,20.0,14.0,0.0,0.0,0.0,0.0,0.0,0.0,0.0,0.0,0.0,12.0,0.0,0.0,0.0,0.0,5.0,4.0,0.0,0.0,0.0,0.0,2.0,2.0,4.0,0.0,4.0,2.0,13.0,9.0,19.0,19.0,39.0,30.0,26.0,17.0
808,1.0,808.0,London_170,,151,453,1092.0,70.0,2.0,125481.0,0.9115099399350584,730.0,136.0,2.0,134.0,254.0,18.0,236.0,228.0,219.0,98.0,20.0,84.0,5.0,18.0,2.0,7.0,7.0,84.0,128.0,234.0,29.0,0.0,0.0,0.0,0.0,0.0,0.0,0.0,0.0,0.0,0.0,0.0,0.0,0.0,0.0,0.0,0.0,0.0,0.0,0.0,0.0,0.0,0.0,0.0,0.0,0.0,0.0,0.0,0.0,0.0,0.0,0.0,0.0,0.0,0.0,1.0,0.0,0.0,0.0,0.0,0.0,5.0,8.0,9.0,1.0,8.0,0.0,7.0,11.0,17.0,8.0,26.0,24.0,19.0,8.0,0.0,0.0,0.0,0.0,0.0,0.0,0.0,0.0,0.0,0.0,0.0,0.0,0.0,0.0,8.0,0.0,0.0,0.0,0.0,0.0,7.0,9.0,11.0,1.0,10.0,0.0,8.0,15.0,21.0,11.0,41.0,37.0,22.0,13.0
809,1.0,809.0,London_170,,151,453,1092.0,70.0,2.0,101925.0,0.5612388867884874,678.0,28.0,0.0,28.0,45.0,0.0,45.0,254.0,222.0,96.0,20.0,82.0,6.0,22.0,0.0,5.0,5.0,73.0,127.0,248.0,37.0,0.0,0.0,0.0,0.0,0.0,0.0,0.0,0.0,0.0,0.0,0.0,0.0,0.0,0.0,0.0,0.0,0.0,0.0,0.0,0.0,0.0,0.0,0.0,0.0,0.0,0.0,0.0,0.0,0.0,0.0,0.0,0.0,0.0,0.0,0.0,0.0,0.0,0.0,0.0,0.0,0.0,1.0,0.0,0.0,2.0,0.0,5.0,1.0,2.0,5.0,7.0,7.0,4.0,5.0,0.0,0.0,0.0,0.0,0.0,0.0,0.0,0.0,0.0,0.0,0.0,0.0,0.0,0.0,0.0,0.0,0.0,0.0,0.0,0.0,0.0,1.0,0.0,0.0,2.0,0.0,6.0,1.0,2.0,10.0,11.0,9.0,4.0,6.0
810,1.0,810.0,London_170,,151,453,1092.0,70.0,2.0,124122.0,0.77973508881405,727.0,7.0,1.0,6.0,17.0,10.0,7.0,45.0,231.0,89.0,15.0,86.0,6.0,25.0,0.0,1.0,5.0,85.0,130.0,233.0,42.0,0.0,0.0,0.0,0.0,0.0,0.0,0.0,0.0,0.0,0.0,0.0,0.0,0.0,0.0,0.0,0.0,0.0,0.0,0.0,0.0,0.0,0.0,0.0,0.0,0.0,0.0,0.0,0.0,0.0,1.0,0.0,0.0,1.0,0.0,1.0,0.0,1.0,0.0,0.0,0.0,0.0,1.0,0.0,0.0,1.0,0.0,0.0,1.0,0.0,0.0,1.0,1.0,3.0,1.0,0.0,0.0,0.0,0.0,0.0,0.0,0.0,0.0,0.0,7.0,0.0,0.0,8.0,0.0,8.0,0.0,10.0,0.0,0.0,0.0,0.0,1.0,0.0,0.0,1.0,0.0,0.0,1.0,0.0,0.0,2.0,1.0,3.0,1.0
811,1.0,811.0,London_170,,151,453,1092.0,70.0,2.0,163986.0,0.8770321952179074,815.0,99.0,0.0,99.0,173.0,0.0,173.0,17.0,233.0,93.0,15.0,90.0,0.0,22.0,0.0,0.0,4.0,83.0,130.0,236.0,40.0,0.0,0.0,0.0,0.0,0.0,0.0,0.0,0.0,0.0,0.0,0.0,0.0,0.0,0.0,0.0,0.0,0.0,0.0,0.0,0.0,0.0,0.0,0.0,0.0,0.0,0.0,0.0,0.0,0.0,0.0,0.0,0.0,0.0,0.0,0.0,0.0,0.0,0.0,0.0,0.0,3.0,2.0,0.0,1.0,1.0,0.0,9.0,6.0,8.0,9.0,22.0,26.0,20.0,12.0,0.0,0.0,0.0,0.0,0.0,0.0,0.0,0.0,0.0,0.0,0.0,0.0,0.0,0.0,0.0,0.0,0.0,0.0,0.0,0.0,4.0,2.0,0.0,2.0,1.0,0.0,16.0,9.0,12.0,13.0,35.0,39.0,26.0,21.0
812,1.0,812.0,London_170,,151,453,1092.0,70.0,2.0,156738.0,0.7571524507366121,799.0,4.0,0.0,4.0,7.0,0.0,7.0,173.0,241.0,79.0,7.0,95.0,1.0,26.0,0.0,4.0,7.0,83.0,132.0,231.0,42.0,0.0,0.0,0.0,0.0,0.0,0.0,0.0,0.0,0.0,0.0,0.0,0.0,0.0,0.0,0.0,0.0,0.0,0.0,0.0,0.0,0.0,0.0,0.0,0.0,0.0,0.0,0.0,0.0,0.0,0.0,0.0,0.0,0.0,0.0,0.0,0.0,0.0,0.0,0.0,0.0,0.0,0.0,0.0,0.0,0.0,0.0,1.0,1.0,1.0,1.0,1.0,0.0,1.0,1.0,0.0,0.0,0.0,0.0,0.0,0.0,0.0,0.0,0.0,0.0,0.0,0.0,0.0,0.0,0.0,0.0,0.0,0.0,0.0,0.0,0.0,0.0,0.0,0.0,0.0,0.0,2.0,1.0,2.0,1.0,2.0,0.0,1.0,2.0
813,1.0,813.0,London_170,,151,453,1092.0,70.0,2.0,207927.0,2.0877558919601142,912.0,114.0,2.0,112.0,213.0,16.0,197.0,7.0,240.0,79.0,6.0,97.0,1.0,26.0,0.0,4.0,7.0,83.0,133.0,230.0,42.0,0.0,0.0,0.0,0.0,0.0,0.0,0.0,0.0,0.0,0.0,0.0,0.0,0.0,0.0,0.0,0.0,0.0,0.0,0.0,0.0,0.0,0.0,0.0,0.0,0.0,0.0,0.0,0.0,0.0,1.0,0.0,0.0,0.0,0.0,0.0,0.0,0.0,0.0,0.0,0.0,6.0,8.0,1.0,3.0,1.0,0.0,9.0,10.0,9.0,5.0,21.0,22.0,19.0,6.0,0.0,0.0,0.0,0.0,0.0,0.0,0.0,0.0,0.0,3.0,0.0,0.0,0.0,0.0,0.0,0.0,0.0,0.0,0.0,0.0,7.0,8.0,1.0,3.0,1.0,0.0,9.0,12.0,13.0,6.0,31.0,31.0,27.0,10.0
814,1.0,814.0,London_170,,151,453,1092.0,70.0,2.0,201585.0,1.0134270479902625,898.0,105.0,2.0,103.0,184.0,19.0,165.0,213.0,220.0,92.0,13.0,84.0,3.0,37.0,0.0,4.0,9.0,86.0,135.0,223.0,47.0,0.0,0.0,0.0,0.0,0.0,0.0,0.0,0.0,0.0,0.0,0.0,0.0,0.0,0.0,0.0,0.0,0.0,0.0,0.0,0.0,0.0,0.0,0.0,0.0,0.0,0.0,0.0,0.0,0.0,1.0,1.0,0.0,0.0,0.0,1.0,1.0,0.0,0.0,0.0,0.0,8.0,1.0,0.0,5.0,3.0,0.0,5.0,6.0,2.0,5.0,24.0,24.0,19.0,9.0,0.0,0.0,0.0,0.0,0.0,0.0,0.0,0.0,0.0,4.0,3.0,0.0,0.0,0.0,5.0,2.0,0.0,0.0,0.0,0.0,10.0,1.0,0.0,9.0,3.0,0.0,8.0,8.0,3.0,6.0,34.0,38.0,25.0,16.0
815,1.0,815.0,London_170,,151,453,1092.0,70.0,2.0,198867.0,0.993743633851409,892.0,127.0,0.0,127.0,213.0,0.0,213.0,184.0,235.0,69.0,14.0,80.0,9.0,38.0,1.0,7.0,13.0,72.0,147.0,221.0,37.0,0.0,0.0,0.0,0.0,0.0,0.0,0.0,0.0,0.0,0.0,0.0,0.0,0.0,0.0,0.0,0.0,0.0,0.0,0.0,0.0,0.0,0.0,0.0,0.0,0.0,0.0,0.0,0.0,0.0,0.0,0.0,0.0,0.0,0.0,0.0,0.0,0.0,0.0,0.0,0.0,5.0,6.0,0.0,4.0,12.0,0.0,10.0,7.0,6.0,7.0,24.0,19.0,19.0,10.0,0.0,0.0,0.0,0.0,0.0,0.0,0.0,0.0,0.0,0.0,0.0,0.0,0.0,0.0,0.0,0.0,0.0,0.0,0.0,0.0,5.0,7.0,0.0,4.0,14.0,0.0,12.0,9.0,6.0,9.0,38.0,28.0,25.0,13.0
816,1.0,816.0,London_170,,151,453,1092.0,70.0,2.0,183012.0,0.990853114053607,857.0,150.0,2.0,148.0,271.0,19.0,252.0,213.0,238.0,72.0,11.0,68.0,11.0,50.0,0.0,3.0,8.0,79.0,140.0,226.0,29.0,0.0,0.0,0.0,0.0,0.0,0.0,0.0,0.0,0.0,0.0,0.0,0.0,0.0,0.0,0.0,0.0,0.0,0.0,0.0,0.0,0.0,0.0,0.0,0.0,0.0,0.0,0.0,0.0,0.0,1.0,0.0,0.0,0.0,0.0,1.0,2.0,0.0,0.0,0.0,0.0,0.0,12.0,6.0,4.0,5.0,1.0,10.0,12.0,4.0,11.0,24.0,33.0,24.0,17.0,0.0,0.0,0.0,0.0,0.0,0.0,0.0,0.0,0.0,1.0,0.0,0.0,0.0,0.0,8.0,3.0,0.0,0.0,0.0,0.0,0.0,15.0,9.0,7.0,5.0,1.0,12.0,16.0,4.0,14.0,33.0,50.0,31.0,24.0
817,1.0,817.0,London_170,,151,453,1092.0,70.0,2.0,147678.0,0.7557198498398066,779.0,82.0,0.0,82.0,128.0,0.0,128.0,271.0,228.0,107.0,14.0,69.0,5.0,25.0,2.0,3.0,10.0,104.0,126.0,213.0,40.0,0.0,0.0,0.0,0.0,0.0,0.0,0.0,0.0,0.0,0.0,0.0,0.0,0.0,0.0,0.0,0.0,0.0,0.0,0.0,0.0,0.0,0.0,0.0,0.0,0.0,0.0,0.0,0.0,0.0,0.0,0.0,0.0,0.0,0.0,0.0,0.0,0.0,0.0,0.0,0.0,1.0,2.0,0.0,1.0,0.0,0.0,17.0,2.0,6.0,13.0,18.0,24.0,21.0,7.0,0.0,0.0,0.0,0.0,0.0,0.0,0.0,0.0,0.0,0.0,0.0,0.0,0.0,0.0,0.0,0.0,0.0,0.0,0.0,0.0,1.0,2.0,0.0,1.0,0.0,0.0,24.0,2.0,9.0,18.0,25.0,31.0,24.0,11.0
818,1.0,818.0,London_170,,151,453,1092.0,70.0,2.0,140883.0,1.6787258288823068,764.0,20.0,1.0,19.0,46.0,9.0,37.0,128.0,238.0,103.0,15.0,61.0,4.0,28.0,2.0,2.0,12.0,93.0,130.0,218.0,56.0,0.0,0.0,0.0,0.0,0.0,0.0,0.0,0.0,0.0,0.0,0.0,0.0,0.0,0.0,0.0,0.0,0.0,0.0,0.0,0.0,0.0,0.0,0.0,0.0,0.0,0.0,0.0,0.0,0.0,0.0,0.0,0.0,1.0,0.0,0.0,0.0,1.0,0.0,0.0,0.0,2.0,0.0,0.0,0.0,0.0,0.0,2.0,3.0,1.0,4.0,2.0,5.0,5.0,1.0,0.0,0.0,0.0,0.0,0.0,0.0,0.0,0.0,0.0,0.0,0.0,0.0,2.0,0.0,0.0,0.0,7.0,0.0,0.0,0.0,4.0,0.0,0.0,0.0,0.0,0.0,3.0,7.0,1.0,7.0,2.0,9.0,7.0,2.0
819,1.0,819.0,London_170,,151,453,1092.0,70.0,2.0,168969.0,1.1204502717591822,826.0,140.0,2.0,138.0,249.0,18.0,231.0,46.0,241.0,96.0,20.0,63.0,7.0,24.0,2.0,0.0,10.0,96.0,120.0,227.0,51.0,0.0,0.0,0.0,0.0,0.0,0.0,0.0,0.0,0.0,0.0,0.0,0.0,0.0,0.0,0.0,0.0,0.0,0.0,0.0,0.0,0.0,0.0,0.0,0.0,0.0,0.0,0.0,0.0,0.0,0.0,0.0,0.0,1.0,1.0,1.0,0.0,0.0,0.0,0.0,0.0,0.0,6.0,0.0,1.0,0.0,2.0,35.0,3.0,4.0,8.0,29.0,32.0,26.0,10.0,0.0,0.0,0.0,0.0,0.0,0.0,0.0,0.0,0.0,0.0,0.0,0.0,7.0,4.0,8.0,0.0,0.0,0.0,0.0,0.0,0.0,8.0,0.0,1.0,0.0,4.0,43.0,4.0,4.0,11.0,45.0,48.0,33.0,10.0
820,1.0,820.0,London_170,,151,453,1092.0,70.0,2.0,137712.0,0.9459964279085398,757.0,42.0,2.0,40.0,91.0,17.0,74.0,249.0,228.0,90.0,20.0,85.0,10.0,17.0,0.0,3.0,9.0,72.0,147.0,225.0,33.0,0.0,0.0,0.0,0.0,0.0,0.0,0.0,0.0,0.0,0.0,0.0,0.0,0.0,0.0,0.0,0.0,0.0,0.0,0.0,0.0,0.0,0.0,0.0,0.0,0.0,0.0,0.0,0.0,0.0,0.0,0.0,0.0,0.0,0.0,1.0,1.0,0.0,0.0,0.0,0.0,0.0,3.0,0.0,0.0,0.0,0.0,1.0,2.0,0.0,8.0,10.0,15.0,10.0,5.0,0.0,0.0,0.0,0.0,0.0,0.0,0.0,0.0,0.0,0.0,0.0,0.0,0.0,0.0,4.0,3.0,0.0,0.0,0.0,0.0,0.0,5.0,0.0,0.0,0.0,0.0,3.0,5.0,0.0,12.0,19.0,21.0,13.0,6.0
821,1.0,821.0,London_170,,151,453,1092.0,70.0,2.0,146772.0,0.968414677772671,777.0,130.0,0.0,130.0,224.0,0.0,224.0,91.0,240.0,88.0,14.0,72.0,11.0,21.0,2.0,5.0,6.0,76.0,141.0,230.0,24.0,0.0,0.0,0.0,0.0,0.0,0.0,0.0,0.0,0.0,0.0,0.0,0.0,0.0,0.0,0.0,0.0,0.0,0.0,0.0,0.0,0.0,0.0,0.0,0.0,0.0,0.0,0.0,0.0,0.0,0.0,0.0,0.0,0.0,0.0,0.0,0.0,0.0,0.0,0.0,0.0,2.0,6.0,3.0,2.0,1.0,0.0,9.0,7.0,9.0,23.0,28.0,27.0,25.0,9.0,0.0,0.0,0.0,0.0,0.0,0.0,0.0,0.0,0.0,0.0,0.0,0.0,0.0,0.0,0.0,0.0,0.0,0.0,0.0,0.0,2.0,6.0,3.0,3.0,1.0,0.0,11.0,10.0,13.0,31.0,40.0,44.0,30.0,15.0
822,1.0,822.0,London_170,,151,453,1092.0,70.0,2.0,121857.0,0.7103678677231073,722.0,93.0,0.0,93.0,148.0,0.0,148.0,224.0,259.0,83.0,14.0,61.0,6.0,25.0,1.0,4.0,9.0,67.0,144.0,233.0,33.0,0.0,0.0,0.0,0.0,0.0,0.0,0.0,0.0,0.0,0.0,0.0,0.0,0.0,0.0,0.0,0.0,0.0,0.0,0.0,0.0,0.0,0.0,0.0,0.0,0.0,0.0,0.0,0.0,0.0,0.0,0.0,0.0,0.0,0.0,0.0,0.0,0.0,0.0,0.0,0.0,3.0,2.0,1.0,2.0,0.0,0.0,8.0,12.0,9.0,10.0,12.0,24.0,13.0,10.0,0.0,0.0,0.0,0.0,0.0,0.0,0.0,0.0,0.0,0.0,0.0,0.0,0.0,0.0,0.0,0.0,0.0,0.0,0.0,0.0,3.0,3.0,1.0,2.0,0.0,0.0,9.0,14.0,13.0,15.0,17.0,30.0,15.0,13.0
823,1.0,823.0,London_170,,151,453,1092.0,70.0,2.0,120045.0,0.7702784771099687,718.0,78.0,1.0,77.0,141.0,9.0,132.0,148.0,262.0,75.0,11.0,56.0,9.0,32.0,1.0,7.0,9.0,76.0,147.0,221.0,32.0,0.0,0.0,0.0,0.0,0.0,0.0,0.0,0.0,0.0,0.0,0.0,0.0,0.0,0.0,0.0,0.0,0.0,0.0,0.0,0.0,0.0,0.0,0.0,0.0,0.0,0.0,0.0,0.0,0.0,0.0,0.0,0.0,0.0,1.0,0.0,0.0,0.0,0.0,0.0,0.0,4.0,7.0,0.0,1.0,4.0,0.0,9.0,7.0,7.0,11.0,13.0,19.0,20.0,10.0,0.0,0.0,0.0,0.0,0.0,0.0,0.0,0.0,0.0,0.0,0.0,0.0,0.0,7.0,0.0,0.0,0.0,0.0,0.0,0.0,4.0,9.0,0.0,2.0,4.0,0.0,9.0,7.0,10.0,13.0,16.0,26.0,26.0,16.0
824,1.0,824.0,London_170,,151,453,1092.0,70.0,2.0,116874.0,0.7662770352326334,711.0,5.0,0.0,5.0,8.0,0.0,8.0,141.0,284.0,71.0,10.0,42.0,12.0,30.0,3.0,1.0,10.0,81.0,150.0,212.0,33.0,0.0,0.0,0.0,0.0,0.0,0.0,0.0,0.0,0.0,0.0,0.0,0.0,0.0,0.0,0.0,0.0,0.0,0.0,0.0,0.0,0.0,0.0,0.0,0.0,0.0,0.0,0.0,0.0,0.0,0.0,0.0,0.0,0.0,0.0,0.0,0.0,0.0,0.0,0.0,0.0,0.0,1.0,0.0,0.0,0.0,0.0,0.0,0.0,1.0,0.0,0.0,2.0,0.0,0.0,0.0,0.0,0.0,0.0,0.0,0.0,0.0,0.0,0.0,0.0,0.0,0.0,0.0,0.0,0.0,0.0,0.0,0.0,0.0,0.0,0.0,1.0,0.0,0.0,0.0,0.0,0.0,0.0,2.0,0.0,0.0,3.0,0.0,0.0
825,1.0,825.0,London_170,,151,453,1092.0,70.0,2.0,153114.0,1.11283298721537,791.0,97.0,2.0,95.0,201.0,19.0,182.0,8.0,285.0,69.0,10.0,44.0,13.0,28.0,3.0,1.0,10.0,82.0,150.0,211.0,32.0,0.0,0.0,0.0,0.0,0.0,0.0,0.0,0.0,0.0,0.0,0.0,0.0,0.0,0.0,0.0,0.0,0.0,0.0,0.0,0.0,0.0,0.0,0.0,0.0,0.0,0.0,0.0,0.0,0.0,0.0,2.0,0.0,1.0,0.0,0.0,1.0,0.0,0.0,0.0,0.0,2.0,8.0,1.0,4.0,0.0,1.0,3.0,1.0,7.0,4.0,18.0,19.0,18.0,6.0,0.0,0.0,0.0,0.0,0.0,0.0,0.0,0.0,0.0,0.0,9.0,0.0,4.0,0.0,0.0,5.0,0.0,0.0,0.0,0.0,2.0,13.0,1.0,7.0,0.0,1.0,5.0,2.0,10.0,4.0,28.0,32.0,22.0,9.0
826,1.0,826.0,London_170,,151,453,1092.0,70.0,2.0,144960.0,1.965009014122188,773.0,61.0,0.0,61.0,109.0,0.0,109.0,201.0,274.0,58.0,19.0,61.0,6.0,28.0,2.0,5.0,5.0,79.0,150.0,219.0,20.0,0.0,0.0,0.0,0.0,0.0,0.0,0.0,0.0,0.0,0.0,0.0,0.0,0.0,0.0,0.0,0.0,0.0,0.0,0.0,0.0,0.0,0.0,0.0,0.0,0.0,0.0,0.0,0.0,0.0,0.0,0.0,0.0,0.0,0.0,0.0,0.0,0.0,0.0,0.0,0.0,2.0,3.0,6.0,1.0,1.0,0.0,6.0,5.0,3.0,12.0,14.0,13.0,11.0,7.0,0.0,0.0,0.0,0.0,0.0,0.0,0.0,0.0,0.0,0.0,0.0,0.0,0.0,0.0,0.0,0.0,0.0,0.0,0.0,0.0,3.0,5.0,7.0,2.0,1.0,0.0,6.0,6.0,5.0,16.0,19.0,20.0,13.0,13.0
827,1.0,827.0,London_170,,151,453,1092.0,70.0,2.0,159456.0,0.988230983261019,805.0,7.0,0.0,7.0,10.0,0.0,10.0,109.0,288.0,68.0,14.0,36.0,10.0,34.0,1.0,2.0,6.0,80.0,141.0,226.0,21.0,0.0,0.0,0.0,0.0,0.0,0.0,0.0,0.0,0.0,0.0,0.0,0.0,0.0,0.0,0.0,0.0,0.0,0.0,0.0,0.0,0.0,0.0,0.0,0.0,0.0,0.0,0.0,0.0,0.0,0.0,0.0,0.0,0.0,0.0,0.0,0.0,0.0,0.0,0.0,0.0,0.0,1.0,0.0,1.0,0.0,0.0,0.0,0.0,0.0,1.0,1.0,1.0,2.0,0.0,0.0,0.0,0.0,0.0,0.0,0.0,0.0,0.0,0.0,0.0,0.0,0.0,0.0,0.0,0.0,0.0,0.0,0.0,0.0,0.0,0.0,1.0,0.0,1.0,0.0,0.0,0.0,0.0,0.0,1.0,2.0,1.0,4.0,0.0
828,1.0,828.0,London_170,,151,453,1092.0,70.0,2.0,207927.0,2.6965450807474554,912.0,176.0,0.0,176.0,313.0,0.0,313.0,10.0,290.0,72.0,14.0,34.0,10.0,30.0,1.0,2.0,6.0,80.0,140.0,227.0,23.0,0.0,0.0,0.0,0.0,0.0,0.0,0.0,0.0,0.0,0.0,0.0,0.0,0.0,0.0,0.0,0.0,0.0,0.0,0.0,0.0,0.0,0.0,0.0,0.0,0.0,0.0,0.0,0.0,0.0,0.0,0.0,0.0,0.0,0.0,0.0,0.0,0.0,0.0,0.0,0.0,3.0,18.0,3.0,0.0,7.0,1.0,10.0,8.0,4.0,9.0,30.0,30.0,14.0,7.0,0.0,0.0,0.0,0.0,0.0,0.0,0.0,0.0,0.0,0.0,0.0,0.0,0.0,0.0,0.0,0.0,0.0,0.0,0.0,0.0,3.0,30.0,4.0,0.0,7.0,1.0,13.0,8.0,6.0,9.0,49.0,43.0,16.0,12.0
829,1.0,829.0,London_170,,151,453,1092.0,70.0,2.0,166704.0,1.8532454906962812,821.0,104.0,2.0,102.0,200.0,19.0,181.0,313.0,188.0,108.0,17.0,101.0,8.0,20.0,1.0,10.0,11.0,76.0,163.0,203.0,33.0,0.0,0.0,0.0,0.0,0.0,0.0,0.0,0.0,0.0,0.0,0.0,0.0,0.0,0.0,0.0,0.0,0.0,0.0,0.0,0.0,0.0,0.0,0.0,0.0,0.0,0.0,0.0,0.0,0.0,2.0,0.0,0.0,0.0,0.0,2.0,1.0,1.0,0.0,0.0,0.0,7.0,8.0,0.0,3.0,0.0,0.0,2.0,7.0,8.0,5.0,23.0,15.0,15.0,12.0,0.0,0.0,0.0,0.0,0.0,0.0,0.0,0.0,0.0,3.0,0.0,0.0,0.0,0.0,16.0,2.0,10.0,0.0,0.0,0.0,9.0,10.0,0.0,8.0,0.0,0.0,2.0,9.0,12.0,10.0,34.0,28.0,22.0,19.0
830,1.0,830.0,London_170,,151,453,1092.0,70.0,2.0,162627.0,0.9866136540658772,812.0,33.0,2.0,31.0,74.0,17.0,57.0,200.0,194.0,128.0,10.0,77.0,10.0,21.0,2.0,11.0,14.0,79.0,154.0,206.0,51.0,0.0,0.0,0.0,0.0,0.0,0.0,0.0,0.0,0.0,0.0,0.0,0.0,0.0,0.0,0.0,0.0,0.0,0.0,0.0,0.0,0.0,0.0,0.0,0.0,0.0,0.0,0.0,0.0,0.0,0.0,0.0,0.0,1.0,0.0,1.0,1.0,0.0,0.0,0.0,0.0,2.0,2.0,0.0,1.0,1.0,1.0,6.0,5.0,2.0,3.0,6.0,8.0,6.0,3.0,0.0,0.0,0.0,0.0,0.0,0.0,0.0,0.0,0.0,0.0,0.0,0.0,8.0,0.0,8.0,4.0,0.0,0.0,0.0,0.0,2.0,3.0,0.0,1.0,1.0,1.0,9.0,7.0,2.0,3.0,9.0,14.0,7.0,5.0
831,1.0,831.0,London_170,,151,453,1092.0,70.0,2.0,189354.0,1.2631730800494552,871.0,195.0,2.0,193.0,345.0,18.0,327.0,74.0,207.0,128.0,6.0,69.0,6.0,24.0,1.0,12.0,8.0,86.0,155.0,204.0,50.0,0.0,0.0,0.0,0.0,0.0,0.0,0.0,0.0,0.0,1.0,0.0,0.0,0.0,0.0,0.0,1.0,0.0,0.0,1.0,0.0,0.0,0.0,0.0,0.0,0.0,0.0,0.0,0.0,0.0,0.0,0.0,0.0,0.0,0.0,0.0,0.0,0.0,0.0,0.0,0.0,6.0,15.0,0.0,0.0,9.0,0.0,16.0,5.0,6.0,16.0,34.0,31.0,29.0,10.0,0.0,0.0,0.0,0.0,0.0,0.0,0.0,0.0,0.0,0.0,0.0,0.0,0.0,0.0,0.0,0.0,0.0,0.0,0.0,0.0,6.0,17.0,0.0,0.0,9.0,0.0,23.0,7.0,7.0,18.0,46.0,41.0,35.0,11.0
832,1.0,832.0,London_170,,151,453,1092.0,70.0,2.0,137259.0,0.6370895858854055,756.0,4.0,1.0,3.0,12.0,9.0,3.0,342.0,152.0,129.0,26.0,103.0,10.0,28.0,1.0,4.0,7.0,89.0,163.0,194.0,43.0,0.0,0.0,0.0,0.0,0.0,0.0,0.0,0.0,0.0,0.0,0.0,0.0,0.0,0.0,0.0,0.0,0.0,0.0,0.0,0.0,0.0,0.0,0.0,0.0,0.0,0.0,0.0,0.0,0.0,0.0,0.0,0.0,0.0,0.0,0.0,0.0,0.0,0.0,0.0,0.0,0.0,0.0,0.0,0.0,0.0,0.0,1.0,0.0,0.0,0.0,0.0,2.0,1.0,1.0,0.0,0.0,0.0,0.0,0.0,0.0,0.0,0.0,0.0,0.0,0.0,0.0,0.0,0.0,0.0,0.0,0.0,0.0,0.0,0.0,0.0,0.0,0.0,0.0,0.0,0.0,1.0,0.0,0.0,0.0,0.0,2.0,1.0,1.0
833,1.0,833.0,London_170,,151,453,1092.0,70.0,2.0,170328.0,0.7651989213190973,829.0,99.0,2.0,97.0,176.0,20.0,156.0,12.0,153.0,122.0,26.0,106.0,11.0,30.0,1.0,4.0,4.0,91.0,161.0,197.0,38.0,0.0,0.0,0.0,0.0,0.0,0.0,0.0,0.0,0.0,0.0,0.0,0.0,0.0,0.0,0.0,0.0,0.0,0.0,0.0,0.0,0.0,0.0,0.0,0.0,0.0,0.0,0.0,0.0,0.0,0.0,1.0,0.0,1.0,0.0,0.0,1.0,0.0,0.0,0.0,0.0,4.0,6.0,3.0,1.0,1.0,0.0,8.0,9.0,9.0,7.0,18.0,27.0,11.0,7.0,0.0,0.0,0.0,0.0,0.0,0.0,0.0,0.0,0.0,0.0,5.0,0.0,4.0,0.0,0.0,6.0,0.0,0.0,0.0,0.0,4.0,9.0,3.0,1.0,1.0,0.0,12.0,14.0,14.0,8.0,25.0,36.0,12.0,9.0
834,1.0,834.0,London_170,,151,453,1092.0,70.0,2.0,159003.0,0.7857177639380097,804.0,153.0,2.0,151.0,281.0,20.0,261.0,176.0,156.0,115.0,25.0,105.0,11.0,34.0,3.0,4.0,8.0,96.0,176.0,173.0,42.0,0.0,0.0,0.0,0.0,0.0,0.0,0.0,0.0,0.0,0.0,0.0,0.0,0.0,0.0,0.0,0.0,0.0,0.0,0.0,0.0,0.0,0.0,0.0,0.0,0.0,0.0,0.0,0.0,0.0,0.0,1.0,0.0,1.0,0.0,0.0,1.0,1.0,0.0,0.0,0.0,7.0,5.0,8.0,4.0,7.0,0.0,10.0,10.0,4.0,7.0,26.0,40.0,31.0,9.0,0.0,0.0,0.0,0.0,0.0,0.0,0.0,0.0,0.0,0.0,10.0,0.0,5.0,0.0,0.0,4.0,11.0,0.0,0.0,0.0,7.0,5.0,9.0,7.0,7.0,0.0,12.0,15.0,6.0,10.0,38.0,54.0,38.0,12.0
835,1.0,835.0,London_170,,151,453,1092.0,70.0,2.0,115062.0,0.7511318163014948,707.0,14.0,0.0,14.0,24.0,0.0,24.0,281.0,155.0,121.0,40.0,89.0,12.0,28.0,2.0,6.0,4.0,88.0,160.0,201.0,39.0,0.0,0.0,0.0,0.0,0.0,0.0,0.0,0.0,0.0,0.0,0.0,0.0,0.0,0.0,0.0,0.0,0.0,0.0,0.0,0.0,0.0,0.0,0.0,0.0,0.0,0.0,0.0,0.0,0.0,0.0,0.0,0.0,0.0,0.0,0.0,0.0,0.0,0.0,0.0,0.0,0.0,0.0,0.0,0.0,0.0,0.0,0.0,1.0,2.0,1.0,0.0,5.0,3.0,2.0,0.0,0.0,0.0,0.0,0.0,0.0,0.0,0.0,0.0,0.0,0.0,0.0,0.0,0.0,0.0,0.0,0.0,0.0,0.0,0.0,0.0,0.0,0.0,0.0,0.0,0.0,0.0,1.0,4.0,1.0,0.0,10.0,4.0,5.0
836,1.0,836.0,London_170,,151,453,1092.0,70.0,2.0,145413.0,0.8928680419921875,774.0,127.0,2.0,125.0,235.0,18.0,217.0,24.0,157.0,128.0,45.0,83.0,12.0,20.0,2.0,6.0,4.0,90.0,162.0,197.0,40.0,0.0,0.0,0.0,0.0,0.0,0.0,0.0,0.0,0.0,0.0,0.0,0.0,0.0,0.0,0.0,0.0,0.0,0.0,0.0,0.0,0.0,0.0,0.0,0.0,0.0,0.0,0.0,0.0,0.0,0.0,1.0,0.0,1.0,1.0,0.0,2.0,0.0,0.0,0.0,0.0,0.0,12.0,1.0,2.0,0.0,0.0,3.0,6.0,8.0,6.0,28.0,32.0,26.0,12.0,0.0,0.0,0.0,0.0,0.0,0.0,0.0,0.0,0.0,0.0,9.0,0.0,6.0,8.0,0.0,7.0,0.0,0.0,0.0,0.0,0.0,15.0,1.0,3.0,0.0,0.0,4.0,10.0,11.0,10.0,41.0,44.0,35.0,23.0
837,1.0,837.0,London_170,,151,453,1092.0,70.0,2.0,122763.0,0.7418464529328048,724.0,75.0,0.0,75.0,134.0,0.0,134.0,235.0,166.0,121.0,48.0,81.0,6.0,23.0,2.0,6.0,7.0,92.0,178.0,176.0,33.0,0.0,0.0,0.0,0.0,0.0,0.0,0.0,0.0,0.0,0.0,0.0,0.0,0.0,0.0,0.0,0.0,0.0,0.0,0.0,0.0,0.0,0.0,0.0,0.0,0.0,0.0,0.0,0.0,0.0,0.0,0.0,0.0,0.0,0.0,0.0,0.0,0.0,0.0,0.0,0.0,5.0,2.0,1.0,2.0,1.0,0.0,5.0,5.0,5.0,7.0,19.0,18.0,11.0,13.0,0.0,0.0,0.0,0.0,0.0,0.0,0.0,0.0,0.0,0.0,0.0,0.0,0.0,0.0,0.0,0.0,0.0,0.0,0.0,0.0,9.0,3.0,1.0,2.0,1.0,0.0,8.0,6.0,6.0,8.0,35.0,26.0,14.0,21.0
838,1.0,838.0,London_170,,151,453,1092.0,70.0,2.0,123669.0,0.9964031572453678,726.0,116.0,0.0,116.0,203.0,0.0,203.0,134.0,175.0,107.0,48.0,79.0,6.0,27.0,4.0,7.0,5.0,94.0,173.0,181.0,36.0,0.0,0.0,0.0,0.0,0.0,0.0,0.0,0.0,0.0,0.0,0.0,0.0,0.0,0.0,0.0,0.0,0.0,0.0,0.0,0.0,0.0,0.0,0.0,0.0,0.0,0.0,0.0,0.0,0.0,0.0,0.0,0.0,0.0,0.0,0.0,0.0,0.0,0.0,0.0,0.0,1.0,1.0,11.0,0.0,8.0,0.0,7.0,4.0,3.0,7.0,17.0,22.0,9.0,9.0,0.0,0.0,0.0,0.0,0.0,0.0,0.0,0.0,0.0,0.0,0.0,0.0,0.0,0.0,0.0,0.0,0.0,0.0,0.0,0.0,1.0,1.0,13.0,0.0,9.0,0.0,11.0,5.0,4.0,7.0,24.0,39.0,11.0,19.0
839,1.0,839.0,London_170,,151,453,1092.0,70.0,2.0,96489.0,1.0264998390339315,666.0,2.0,0.0,2.0,4.0,0.0,4.0,203.0,181.0,105.0,37.0,66.0,7.0,44.0,4.0,9.0,6.0,86.0,146.0,215.0,28.0,0.0,0.0,0.0,0.0,0.0,0.0,0.0,0.0,0.0,0.0,0.0,0.0,0.0,0.0,0.0,0.0,0.0,0.0,0.0,0.0,0.0,0.0,0.0,0.0,0.0,0.0,0.0,0.0,0.0,0.0,0.0,0.0,0.0,0.0,0.0,0.0,0.0,0.0,0.0,0.0,0.0,0.0,0.0,0.0,0.0,0.0,0.0,1.0,0.0,0.0,0.0,0.0,0.0,0.0,0.0,0.0,0.0,0.0,0.0,0.0,0.0,0.0,0.0,0.0,0.0,0.0,0.0,0.0,0.0,0.0,0.0,0.0,0.0,0.0,0.0,0.0,0.0,0.0,0.0,0.0,0.0,2.0,0.0,0.0,0.0,0.0,0.0,0.0
840,1.0,840.0,London_170,,151,453,1092.0,70.0,2.0,136806.0,0.9056578301824629,755.0,25.0,0.0,25.0,51.0,0.0,51.0,4.0,183.0,105.0,35.0,66.0,7.0,44.0,4.0,9.0,7.0,87.0,145.0,214.0,29.0,0.0,0.0,0.0,0.0,0.0,0.0,0.0,0.0,0.0,0.0,0.0,0.0,0.0,0.0,0.0,0.0,0.0,0.0,0.0,0.0,0.0,0.0,0.0,0.0,0.0,0.0,0.0,0.0,0.0,0.0,0.0,0.0,0.0,0.0,0.0,0.0,0.0,0.0,0.0,0.0,0.0,0.0,0.0,0.0,0.0,0.0,2.0,0.0,0.0,3.0,5.0,7.0,5.0,4.0,0.0,0.0,0.0,0.0,0.0,0.0,0.0,0.0,0.0,0.0,0.0,0.0,0.0,0.0,0.0,0.0,0.0,0.0,0.0,0.0,0.0,0.0,0.0,0.0,0.0,0.0,4.0,0.0,0.0,4.0,10.0,11.0,7.0,10.0
841,1.0,841.0,London_170,,151,453,1092.0,70.0,2.0,165345.0,0.8088626321405172,818.0,75.0,0.0,75.0,118.0,0.0,118.0,51.0,175.0,114.0,38.0,66.0,8.0,42.0,4.0,6.0,5.0,89.0,149.0,210.0,28.0,0.0,0.0,0.0,0.0,0.0,0.0,0.0,0.0,0.0,0.0,0.0,0.0,0.0,0.0,0.0,0.0,0.0,0.0,0.0,0.0,0.0,0.0,0.0,0.0,0.0,0.0,0.0,0.0,0.0,0.0,0.0,0.0,0.0,0.0,0.0,0.0,0.0,0.0,0.0,0.0,0.0,1.0,0.0,0.0,1.0,0.0,12.0,7.0,5.0,11.0,16.0,17.0,13.0,9.0,0.0,0.0,0.0,0.0,0.0,0.0,0.0,0.0,0.0,0.0,0.0,0.0,0.0,0.0,0.0,0.0,0.0,0.0,0.0,0.0,0.0,2.0,0.0,0.0,1.0,0.0,15.0,9.0,5.0,13.0,25.0,21.0,17.0,16.0
842,1.0,842.0,London_170,,151,453,1092.0,70.0,2.0,172140.0,1.1683285948820412,833.0,131.0,0.0,131.0,241.0,0.0,241.0,118.0,184.0,124.0,32.0,51.0,8.0,46.0,4.0,4.0,8.0,74.0,159.0,212.0,38.0,0.0,0.0,0.0,0.0,0.0,0.0,0.0,0.0,0.0,0.0,0.0,0.0,0.0,0.0,0.0,0.0,0.0,0.0,0.0,0.0,0.0,0.0,0.0,0.0,0.0,0.0,0.0,0.0,0.0,0.0,0.0,0.0,0.0,0.0,0.0,0.0,0.0,0.0,0.0,0.0,2.0,9.0,3.0,0.0,17.0,0.0,6.0,26.0,5.0,9.0,17.0,27.0,21.0,10.0,0.0,0.0,0.0,0.0,0.0,0.0,0.0,0.0,0.0,0.0,0.0,0.0,0.0,0.0,0.0,0.0,0.0,0.0,0.0,0.0,2.0,11.0,3.0,0.0,19.0,0.0,8.0,36.0,6.0,16.0,26.0,38.0,28.0,15.0
843,1.0,843.0,London_170,,151,453,1092.0,70.0,2.0,154473.0,0.8847334957681596,794.0,58.0,2.0,56.0,116.0,18.0,98.0,241.0,201.0,103.0,13.0,69.0,11.0,50.0,1.0,5.0,12.0,83.0,167.0,191.0,43.0,0.0,0.0,0.0,0.0,0.0,0.0,0.0,0.0,0.0,0.0,0.0,0.0,0.0,0.0,0.0,0.0,0.0,0.0,0.0,0.0,0.0,0.0,0.0,0.0,0.0,0.0,0.0,0.0,0.0,0.0,0.0,0.0,1.0,0.0,1.0,1.0,0.0,0.0,0.0,0.0,0.0,7.0,2.0,1.0,0.0,1.0,2.0,4.0,4.0,12.0,10.0,17.0,13.0,3.0,0.0,0.0,0.0,0.0,0.0,0.0,0.0,0.0,0.0,0.0,0.0,0.0,3.0,0.0,6.0,3.0,0.0,0.0,0.0,0.0,0.0,8.0,3.0,3.0,0.0,4.0,2.0,6.0,8.0,20.0,19.0,22.0,18.0,6.0
844,1.0,844.0,London_170,,151,453,1092.0,70.0,2.0,180294.0,1.880261491984129,851.0,79.0,2.0,77.0,168.0,19.0,149.0,116.0,206.0,92.0,20.0,65.0,15.0,48.0,2.0,5.0,7.0,83.0,156.0,207.0,45.0,0.0,0.0,0.0,0.0,0.0,0.0,0.0,0.0,0.0,0.0,0.0,0.0,0.0,0.0,0.0,0.0,0.0,0.0,0.0,0.0,0.0,0.0,0.0,0.0,0.0,0.0,0.0,0.0,0.0,0.0,0.0,0.0,1.0,0.0,1.0,2.0,0.0,0.0,0.0,0.0,0.0,6.0,1.0,2.0,2.0,1.0,8.0,4.0,5.0,9.0,17.0,20.0,23.0,7.0,0.0,0.0,0.0,0.0,0.0,0.0,0.0,0.0,0.0,0.0,0.0,0.0,6.0,0.0,8.0,3.0,0.0,0.0,0.0,0.0,0.0,9.0,1.0,3.0,2.0,2.0,11.0,7.0,6.0,13.0,28.0,32.0,26.0,11.0
845,1.0,845.0,London_170,,151,453,1092.0,70.0,2.0,192072.0,1.1223681699484587,877.0,65.0,1.0,64.0,128.0,10.0,118.0,168.0,209.0,100.0,24.0,60.0,15.0,42.0,1.0,2.0,7.0,86.0,148.0,212.0,50.0,0.0,0.0,0.0,0.0,0.0,0.0,0.0,0.0,0.0,0.0,0.0,0.0,0.0,0.0,0.0,0.0,0.0,0.0,0.0,0.0,0.0,0.0,0.0,0.0,0.0,0.0,0.0,0.0,0.0,1.0,0.0,0.0,1.0,0.0,0.0,1.0,0.0,0.0,0.0,0.0,0.0,4.0,0.0,2.0,3.0,0.0,8.0,3.0,1.0,11.0,9.0,17.0,10.0,6.0,0.0,0.0,0.0,0.0,0.0,0.0,0.0,0.0,0.0,9.0,0.0,0.0,6.0,0.0,0.0,3.0,0.0,0.0,0.0,0.0,0.0,6.0,0.0,3.0,3.0,0.0,11.0,4.0,1.0,14.0,12.0,27.0,14.0,12.0
846,1.0,846.0,London_170,,151,453,1092.0,70.0,2.0,208380.0,1.2037492101080716,913.0,130.0,1.0,129.0,234.0,10.0,224.0,128.0,217.0,101.0,33.0,53.0,10.0,37.0,0.0,2.0,8.0,78.0,152.0,215.0,47.0,0.0,0.0,0.0,0.0,0.0,0.0,0.0,0.0,0.0,0.0,0.0,0.0,0.0,0.0,0.0,0.0,0.0,0.0,0.0,0.0,0.0,0.0,0.0,0.0,0.0,0.0,0.0,0.0,0.0,1.0,0.0,0.0,0.0,0.0,0.0,1.0,0.0,0.0,0.0,0.0,3.0,5.0,0.0,0.0,4.0,0.0,13.0,7.0,5.0,7.0,21.0,29.0,18.0,15.0,0.0,0.0,0.0,0.0,0.0,0.0,0.0,0.0,0.0,5.0,0.0,0.0,0.0,0.0,0.0,6.0,0.0,0.0,0.0,0.0,3.0,7.0,0.0,0.0,4.0,0.0,17.0,8.0,9.0,8.0,36.0,40.0,20.0,22.0
847,1.0,847.0,London_170,,151,453,1092.0,70.0,2.0,191166.0,0.9613038790412247,875.0,74.0,0.0,74.0,132.0,0.0,132.0,234.0,223.0,117.0,14.0,57.0,8.0,29.0,0.0,5.0,12.0,73.0,151.0,217.0,47.0,0.0,0.0,0.0,0.0,0.0,0.0,0.0,0.0,0.0,0.0,0.0,0.0,0.0,0.0,0.0,0.0,0.0,0.0,0.0,0.0,0.0,0.0,0.0,0.0,0.0,0.0,0.0,0.0,0.0,0.0,0.0,0.0,0.0,0.0,0.0,0.0,0.0,0.0,0.0,0.0,4.0,6.0,0.0,0.0,0.0,0.0,4.0,8.0,7.0,3.0,14.0,16.0,11.0,8.0,0.0,0.0,0.0,0.0,0.0,0.0,0.0,0.0,0.0,0.0,0.0,0.0,0.0,0.0,0.0,0.0,0.0,0.0,0.0,0.0,5.0,7.0,0.0,0.0,0.0,0.0,5.0,10.0,7.0,4.0,23.0,29.0,13.0,13.0
848,1.0,848.0,London_170,,151,453,1092.0,70.0,2.0,189807.0,1.4025934641249478,872.0,181.0,2.0,179.0,336.0,18.0,318.0,132.0,233.0,96.0,6.0,64.0,7.0,37.0,0.0,10.0,13.0,85.0,147.0,208.0,57.0,0.0,0.0,0.0,0.0,0.0,0.0,0.0,0.0,0.0,0.0,0.0,0.0,0.0,0.0,0.0,0.0,0.0,0.0,0.0,0.0,0.0,0.0,0.0,0.0,0.0,0.0,0.0,0.0,0.0,0.0,0.0,0.0,1.0,0.0,1.0,1.0,0.0,0.0,0.0,0.0,2.0,20.0,1.0,4.0,1.0,1.0,2.0,11.0,7.0,18.0,34.0,28.0,16.0,15.0,0.0,0.0,0.0,0.0,0.0,0.0,0.0,0.0,0.0,0.0,0.0,0.0,4.0,0.0,8.0,2.0,0.0,0.0,0.0,0.0,3.0,27.0,1.0,6.0,1.0,2.0,3.0,14.0,8.0,24.0,53.0,41.0,20.0,24.0
849,1.0,849.0,London_170,,151,453,1092.0,70.0,2.0,147225.0,0.5846621519885957,778.0,58.0,2.0,56.0,103.0,16.0,87.0,336.0,146.0,135.0,20.0,90.0,5.0,39.0,1.0,17.0,10.0,78.0,155.0,210.0,54.0,0.0,0.0,0.0,0.0,0.0,0.0,0.0,0.0,0.0,0.0,0.0,0.0,0.0,0.0,0.0,0.0,0.0,0.0,0.0,0.0,0.0,0.0,0.0,0.0,0.0,0.0,0.0,0.0,0.0,1.0,0.0,0.0,0.0,0.0,1.0,2.0,0.0,0.0,0.0,0.0,2.0,2.0,1.0,2.0,0.0,0.0,4.0,5.0,1.0,6.0,14.0,16.0,12.0,6.0,0.0,0.0,0.0,0.0,0.0,0.0,0.0,0.0,0.0,3.0,0.0,0.0,0.0,0.0,5.0,6.0,0.0,0.0,0.0,0.0,2.0,3.0,1.0,2.0,0.0,0.0,4.0,6.0,1.0,6.0,22.0,25.0,15.0,9.0
850,1.0,850.0,London_170,,151,453,1092.0,70.0,2.0,164439.0,1.2150585879571736,816.0,218.0,2.0,216.0,385.0,18.0,367.0,103.0,150.0,142.0,12.0,96.0,1.0,36.0,3.0,13.0,12.0,76.0,153.0,212.0,65.0,0.0,0.0,0.0,0.0,0.0,0.0,0.0,0.0,0.0,0.0,0.0,0.0,0.0,0.0,0.0,0.0,0.0,0.0,0.0,0.0,0.0,0.0,0.0,0.0,0.0,0.0,0.0,0.0,0.0,0.0,0.0,0.0,0.0,0.0,1.0,0.0,0.0,0.0,0.0,0.0,1.0,19.0,0.0,2.0,4.0,0.0,10.0,12.0,15.0,14.0,60.0,43.0,40.0,17.0,0.0,0.0,0.0,0.0,0.0,0.0,0.0,0.0,0.0,0.0,0.0,0.0,0.0,0.0,6.0,0.0,0.0,0.0,0.0,0.0,2.0,25.0,0.0,2.0,4.0,0.0,13.0,15.0,19.0,18.0,88.0,58.0,50.0,22.0
851,1.0,851.0,London_170,,151,453,1092.0,70.0,2.0,93771.0,0.4253700440749526,660.0,24.0,0.0,24.0,40.0,0.0,40.0,385.0,111.0,143.0,27.0,112.0,7.0,41.0,4.0,8.0,7.0,78.0,153.0,215.0,57.0,0.0,0.0,0.0,0.0,0.0,0.0,0.0,0.0,0.0,0.0,0.0,0.0,0.0,0.0,0.0,0.0,0.0,0.0,0.0,0.0,0.0,0.0,0.0,0.0,0.0,0.0,0.0,0.0,0.0,0.0,0.0,0.0,0.0,0.0,0.0,0.0,0.0,0.0,0.0,0.0,1.0,1.0,0.0,0.0,0.0,0.0,2.0,2.0,1.0,3.0,4.0,7.0,3.0,4.0,0.0,0.0,0.0,0.0,0.0,0.0,0.0,0.0,0.0,0.0,0.0,0.0,0.0,0.0,0.0,0.0,0.0,0.0,0.0,0.0,1.0,1.0,0.0,0.0,0.0,0.0,3.0,4.0,1.0,3.0,7.0,12.0,4.0,4.0
852,1.0,852.0,London_170,,151,453,1092.0,70.0,2.0,111891.0,0.7026133509352803,700.0,23.0,1.0,22.0,53.0,10.0,43.0,40.0,110.0,144.0,24.0,115.0,9.0,41.0,4.0,6.0,7.0,79.0,149.0,218.0,62.0,0.0,0.0,0.0,0.0,0.0,0.0,0.0,0.0,0.0,0.0,0.0,0.0,0.0,0.0,0.0,0.0,0.0,0.0,0.0,0.0,0.0,0.0,0.0,0.0,0.0,0.0,0.0,0.0,0.0,1.0,0.0,0.0,1.0,0.0,1.0,0.0,1.0,0.0,0.0,0.0,2.0,0.0,0.0,0.0,0.0,0.0,3.0,4.0,1.0,1.0,4.0,8.0,5.0,3.0,0.0,0.0,0.0,0.0,0.0,0.0,0.0,0.0,0.0,4.0,0.0,0.0,4.0,0.0,5.0,0.0,9.0,0.0,0.0,0.0,2.0,0.0,0.0,0.0,0.0,0.0,3.0,7.0,2.0,1.0,6.0,13.0,7.0,4.0
853,1.0,853.0,London_170,,151,453,1092.0,70.0,2.0,139977.0,0.6233981819823384,762.0,9.0,0.0,9.0,15.0,0.0,15.0,53.0,113.0,148.0,23.0,115.0,11.0,38.0,2.0,3.0,8.0,84.0,149.0,212.0,57.0,0.0,0.0,0.0,0.0,0.0,0.0,0.0,0.0,0.0,0.0,0.0,0.0,0.0,0.0,0.0,0.0,0.0,0.0,0.0,0.0,0.0,0.0,0.0,0.0,0.0,0.0,0.0,0.0,0.0,0.0,0.0,0.0,0.0,0.0,0.0,0.0,0.0,0.0,0.0,0.0,0.0,0.0,0.0,0.0,0.0,0.0,1.0,1.0,1.0,1.0,2.0,2.0,1.0,2.0,0.0,0.0,0.0,0.0,0.0,0.0,0.0,0.0,0.0,0.0,0.0,0.0,0.0,0.0,0.0,0.0,0.0,0.0,0.0,0.0,0.0,0.0,0.0,0.0,0.0,0.0,1.0,1.0,3.0,2.0,4.0,4.0,1.0,5.0
854,1.0,854.0,London_170,,151,453,1092.0,70.0,2.0,175764.0,0.5931832250207663,841.0,57.0,0.0,57.0,96.0,0.0,96.0,15.0,114.0,154.0,23.0,113.0,10.0,36.0,0.0,3.0,8.0,82.0,148.0,215.0,56.0,0.0,0.0,0.0,0.0,0.0,0.0,0.0,0.0,0.0,0.0,0.0,0.0,0.0,0.0,0.0,0.0,0.0,0.0,0.0,0.0,0.0,0.0,0.0,0.0,0.0,0.0,0.0,0.0,0.0,0.0,0.0,0.0,0.0,0.0,0.0,0.0,0.0,0.0,0.0,0.0,1.0,0.0,1.0,1.0,0.0,0.0,5.0,3.0,3.0,7.0,15.0,15.0,12.0,3.0,0.0,0.0,0.0,0.0,0.0,0.0,0.0,0.0,0.0,0.0,0.0,0.0,0.0,0.0,0.0,0.0,0.0,0.0,0.0,0.0,1.0,0.0,1.0,1.0,0.0,0.0,8.0,3.0,3.0,9.0,25.0,23.0,17.0,5.0
855,1.0,855.0,London_170,,151,453,1092.0,70.0,2.0,203850.0,0.8418466337025166,903.0,160.0,2.0,158.0,284.0,16.0,268.0,96.0,118.0,158.0,20.0,105.0,11.0,35.0,1.0,5.0,7.0,86.0,140.0,220.0,72.0,0.0,0.0,0.0,0.0,0.0,0.0,0.0,0.0,0.0,0.0,0.0,0.0,0.0,0.0,0.0,0.0,0.0,0.0,0.0,0.0,0.0,0.0,0.0,0.0,0.0,0.0,0.0,0.0,0.0,2.0,0.0,0.0,1.0,0.0,0.0,1.0,0.0,0.0,0.0,0.0,1.0,0.0,1.0,1.0,3.0,0.0,31.0,8.0,7.0,24.0,20.0,38.0,28.0,8.0,0.0,0.0,0.0,0.0,0.0,0.0,0.0,0.0,0.0,6.0,0.0,0.0,4.0,0.0,0.0,1.0,0.0,0.0,0.0,0.0,2.0,0.0,1.0,1.0,4.0,0.0,37.0,12.0,9.0,35.0,32.0,53.0,41.0,14.0
856,1.0,856.0,London_170,,151,453,1092.0,70.0,2.0,167610.0,0.7570525058545172,823.0,142.0,2.0,140.0,253.0,19.0,234.0,284.0,132.0,156.0,15.0,98.0,9.0,35.0,2.0,6.0,3.0,77.0,139.0,234.0,69.0,0.0,0.0,0.0,0.0,0.0,0.0,0.0,0.0,0.0,0.0,0.0,0.0,0.0,0.0,0.0,0.0,0.0,0.0,0.0,0.0,0.0,0.0,0.0,0.0,0.0,0.0,0.0,0.0,0.0,0.0,0.0,0.0,0.0,0.0,1.0,1.0,0.0,0.0,0.0,0.0,4.0,2.0,3.0,0.0,1.0,1.0,18.0,9.0,4.0,13.0,24.0,37.0,23.0,13.0,0.0,0.0,0.0,0.0,0.0,0.0,0.0,0.0,0.0,0.0,0.0,0.0,0.0,0.0,9.0,5.0,0.0,0.0,0.0,0.0,5.0,3.0,4.0,0.0,1.0,1.0,25.0,15.0,4.0,18.0,34.0,52.0,31.0,22.0
857,1.0,857.0,London_170,,151,453,1092.0,70.0,2.0,132276.0,0.683439614251256,745.0,132.0,0.0,132.0,232.0,0.0,232.0,253.0,154.0,140.0,18.0,84.0,13.0,36.0,1.0,7.0,9.0,89.0,140.0,215.0,49.0,0.0,0.0,0.0,0.0,0.0,0.0,0.0,0.0,0.0,0.0,0.0,0.0,0.0,0.0,0.0,0.0,0.0,0.0,0.0,0.0,0.0,0.0,0.0,0.0,0.0,0.0,0.0,0.0,0.0,0.0,0.0,0.0,0.0,0.0,0.0,0.0,0.0,0.0,0.0,0.0,4.0,3.0,3.0,0.0,1.0,0.0,12.0,4.0,13.0,9.0,29.0,34.0,17.0,11.0,0.0,0.0,0.0,0.0,0.0,0.0,0.0,0.0,0.0,0.0,0.0,0.0,0.0,0.0,0.0,0.0,0.0,0.0,0.0,0.0,5.0,5.0,3.0,0.0,1.0,0.0,20.0,7.0,19.0,12.0,47.0,46.0,23.0,13.0
858,1.0,858.0,London_170,,151,453,1092.0,70.0,2.0,95583.0,0.4845237177796662,664.0,73.0,2.0,71.0,144.0,19.0,125.0,232.0,158.0,116.0,19.0,84.0,13.0,57.0,2.0,4.0,11.0,90.0,145.0,207.0,54.0,0.0,0.0,0.0,0.0,0.0,0.0,0.0,0.0,0.0,0.0,0.0,0.0,0.0,0.0,0.0,0.0,0.0,0.0,0.0,0.0,0.0,0.0,0.0,0.0,0.0,0.0,0.0,0.0,0.0,1.0,0.0,0.0,1.0,0.0,1.0,2.0,0.0,0.0,0.0,0.0,1.0,6.0,1.0,1.0,1.0,0.0,7.0,4.0,8.0,7.0,18.0,14.0,11.0,3.0,0.0,0.0,0.0,0.0,0.0,0.0,0.0,0.0,0.0,4.0,0.0,0.0,5.0,0.0,5.0,9.0,0.0,0.0,0.0,0.0,1.0,9.0,1.0,1.0,1.0,0.0,9.0,7.0,12.0,7.0,30.0,20.0,13.0,3.0
859,1.0,859.0,London_170,,151,453,1092.0,70.0,2.0,89694.0,0.4196290182881057,651.0,21.0,0.0,21.0,36.0,0.0,36.0,144.0,171.0,126.0,14.0,73.0,15.0,51.0,0.0,3.0,10.0,85.0,156.0,202.0,55.0,0.0,0.0,0.0,0.0,0.0,0.0,0.0,0.0,0.0,0.0,0.0,0.0,0.0,0.0,0.0,0.0,0.0,0.0,0.0,0.0,0.0,0.0,0.0,0.0,0.0,0.0,0.0,0.0,0.0,0.0,0.0,0.0,0.0,0.0,0.0,0.0,0.0,0.0,0.0,0.0,0.0,1.0,1.0,0.0,0.0,0.0,1.0,2.0,1.0,4.0,1.0,6.0,6.0,4.0,0.0,0.0,0.0,0.0,0.0,0.0,0.0,0.0,0.0,0.0,0.0,0.0,0.0,0.0,0.0,0.0,0.0,0.0,0.0,0.0,0.0,1.0,2.0,0.0,0.0,0.0,1.0,2.0,1.0,5.0,1.0,10.0,7.0,8.0
860,1.0,860.0,London_170,,151,453,1092.0,70.0,2.0,115968.0,0.6713607599958777,709.0,5.0,1.0,4.0,17.0,9.0,8.0,36.0,176.0,125.0,11.0,72.0,13.0,55.0,1.0,0.0,10.0,84.0,157.0,202.0,59.0,0.0,0.0,0.0,0.0,0.0,0.0,0.0,0.0,0.0,0.0,0.0,0.0,0.0,0.0,0.0,0.0,0.0,0.0,0.0,0.0,0.0,0.0,0.0,0.0,0.0,0.0,0.0,0.0,0.0,0.0,0.0,0.0,0.0,0.0,0.0,0.0,1.0,0.0,0.0,0.0,0.0,0.0,0.0,0.0,0.0,0.0,0.0,1.0,1.0,0.0,2.0,0.0,1.0,0.0,0.0,0.0,0.0,0.0,0.0,0.0,0.0,0.0,0.0,0.0,0.0,0.0,0.0,0.0,0.0,0.0,9.0,0.0,0.0,0.0,0.0,0.0,0.0,0.0,0.0,0.0,0.0,1.0,1.0,0.0,4.0,0.0,2.0,0.0
861,1.0,861.0,London_170,,151,453,1092.0,70.0,2.0,162627.0,1.3973408988676965,812.0,145.0,2.0,143.0,268.0,18.0,250.0,17.0,178.0,122.0,11.0,73.0,14.0,54.0,1.0,0.0,8.0,89.0,151.0,205.0,51.0,0.0,0.0,0.0,0.0,0.0,0.0,0.0,0.0,0.0,0.0,0.0,0.0,0.0,0.0,0.0,0.0,0.0,0.0,0.0,0.0,0.0,0.0,0.0,0.0,0.0,0.0,0.0,0.0,0.0,0.0,0.0,0.0,0.0,1.0,1.0,0.0,0.0,0.0,0.0,0.0,4.0,1.0,0.0,3.0,0.0,1.0,13.0,5.0,2.0,11.0,28.0,33.0,31.0,9.0,0.0,0.0,0.0,0.0,0.0,0.0,0.0,0.0,0.0,0.0,0.0,0.0,0.0,5.0,8.0,0.0,0.0,0.0,0.0,0.0,4.0,1.0,0.0,4.0,0.0,2.0,18.0,5.0,2.0,12.0,43.0,58.0,42.0,13.0
862,1.0,862.0,London_170,,151,453,1092.0,70.0,2.0,137712.0,0.7458105538971722,757.0,33.0,2.0,31.0,67.0,17.0,50.0,268.0,197.0,122.0,19.0,68.0,8.0,34.0,0.0,5.0,8.0,96.0,134.0,215.0,38.0,0.0,0.0,0.0,0.0,0.0,0.0,0.0,0.0,0.0,0.0,0.0,0.0,0.0,0.0,0.0,0.0,0.0,0.0,0.0,0.0,0.0,0.0,0.0,0.0,0.0,0.0,0.0,0.0,0.0,0.0,0.0,0.0,0.0,0.0,1.0,1.0,0.0,0.0,0.0,0.0,2.0,1.0,0.0,1.0,0.0,0.0,5.0,2.0,2.0,2.0,2.0,7.0,4.0,7.0,0.0,0.0,0.0,0.0,0.0,0.0,0.0,0.0,0.0,0.0,0.0,0.0,0.0,0.0,7.0,1.0,0.0,0.0,0.0,0.0,2.0,2.0,0.0,2.0,0.0,0.0,7.0,3.0,4.0,2.0,2.0,10.0,5.0,8.0
863,1.0,863.0,London_170,,151,453,1092.0,70.0,2.0,161721.0,1.0522801810875535,810.0,45.0,0.0,45.0,76.0,0.0,76.0,67.0,193.0,128.0,17.0,63.0,8.0,38.0,2.0,4.0,4.0,92.0,139.0,218.0,31.0,0.0,0.0,0.0,0.0,0.0,0.0,0.0,0.0,0.0,0.0,0.0,0.0,0.0,0.0,0.0,0.0,0.0,0.0,0.0,0.0,0.0,0.0,0.0,0.0,0.0,0.0,0.0,0.0,0.0,0.0,0.0,0.0,0.0,0.0,0.0,0.0,0.0,0.0,0.0,0.0,1.0,1.0,0.0,0.0,0.0,0.0,6.0,4.0,4.0,6.0,11.0,16.0,8.0,5.0,0.0,0.0,0.0,0.0,0.0,0.0,0.0,0.0,0.0,0.0,0.0,0.0,0.0,0.0,0.0,0.0,0.0,0.0,0.0,0.0,1.0,2.0,0.0,0.0,0.0,0.0,8.0,7.0,5.0,8.0,18.0,24.0,10.0,6.0
864,1.0,864.0,London_170,,151,453,1092.0,70.0,2.0,187089.0,1.1103970571421087,866.0,79.0,0.0,79.0,130.0,0.0,130.0,76.0,201.0,126.0,8.0,66.0,7.0,39.0,0.0,6.0,4.0,95.0,145.0,209.0,31.0,0.0,0.0,0.0,0.0,0.0,0.0,0.0,0.0,0.0,0.0,0.0,0.0,0.0,0.0,0.0,0.0,0.0,0.0,0.0,0.0,0.0,0.0,0.0,0.0,0.0,0.0,0.0,0.0,0.0,0.0,0.0,0.0,0.0,0.0,0.0,0.0,0.0,0.0,0.0,0.0,2.0,0.0,2.0,0.0,0.0,0.0,11.0,6.0,3.0,7.0,14.0,21.0,18.0,4.0,0.0,0.0,0.0,0.0,0.0,0.0,0.0,0.0,0.0,0.0,0.0,0.0,0.0,0.0,0.0,0.0,0.0,0.0,0.0,0.0,2.0,0.0,2.0,0.0,0.0,0.0,13.0,11.0,5.0,10.0,22.0,32.0,27.0,6.0
865,1.0,865.0,London_170,,151,453,1092.0,70.0,2.0,192072.0,1.4545052908360958,877.0,127.0,1.0,126.0,220.0,9.0,211.0,130.0,199.0,141.0,4.0,58.0,8.0,39.0,0.0,4.0,4.0,88.0,160.0,201.0,40.0,0.0,0.0,0.0,0.0,0.0,0.0,0.0,0.0,0.0,0.0,0.0,0.0,0.0,0.0,0.0,0.0,0.0,0.0,0.0,0.0,0.0,0.0,0.0,0.0,0.0,0.0,0.0,0.0,0.0,0.0,0.0,0.0,0.0,1.0,0.0,1.0,0.0,0.0,0.0,0.0,3.0,4.0,4.0,0.0,1.0,0.0,7.0,7.0,3.0,14.0,24.0,33.0,17.0,14.0,0.0,0.0,0.0,0.0,0.0,0.0,0.0,0.0,0.0,0.0,0.0,0.0,0.0,9.0,0.0,3.0,0.0,0.0,0.0,0.0,3.0,5.0,4.0,0.0,1.0,0.0,10.0,9.0,3.0,17.0,35.0,46.0,23.0,20.0
866,1.0,866.0,London_170,,151,453,1092.0,70.0,2.0,175764.0,1.0572040150873363,841.0,109.0,0.0,109.0,179.0,0.0,179.0,220.0,199.0,119.0,19.0,67.0,12.0,33.0,0.0,4.0,6.0,85.0,158.0,204.0,36.0,0.0,0.0,0.0,0.0,0.0,0.0,0.0,0.0,0.0,0.0,0.0,0.0,0.0,0.0,0.0,0.0,0.0,0.0,0.0,0.0,0.0,0.0,0.0,0.0,0.0,0.0,0.0,0.0,0.0,0.0,0.0,0.0,0.0,0.0,0.0,0.0,0.0,0.0,0.0,0.0,2.0,2.0,1.0,0.0,1.0,0.0,13.0,9.0,9.0,16.0,19.0,23.0,23.0,9.0,0.0,0.0,0.0,0.0,0.0,0.0,0.0,0.0,0.0,0.0,0.0,0.0,0.0,0.0,0.0,0.0,0.0,0.0,0.0,0.0,3.0,2.0,1.0,0.0,1.0,0.0,18.0,11.0,12.0,22.0,25.0,27.0,29.0,11.0
867,1.0,867.0,London_170,,151,453,1092.0,70.0,2.0,159456.0,1.0391440447419882,805.0,64.0,2.0,62.0,124.0,19.0,105.0,179.0,222.0,130.0,14.0,41.0,11.0,31.0,0.0,4.0,12.0,76.0,162.0,203.0,38.0,0.0,0.0,0.0,0.0,0.0,0.0,0.0,0.0,0.0,0.0,0.0,0.0,0.0,0.0,0.0,0.0,0.0,0.0,0.0,0.0,0.0,0.0,0.0,0.0,0.0,0.0,0.0,0.0,0.0,0.0,2.0,0.0,1.0,0.0,0.0,1.0,0.0,0.0,0.0,0.0,3.0,1.0,1.0,0.0,3.0,1.0,6.0,3.0,0.0,5.0,11.0,15.0,11.0,5.0,0.0,0.0,0.0,0.0,0.0,0.0,0.0,0.0,0.0,0.0,9.0,0.0,7.0,0.0,0.0,5.0,0.0,0.0,0.0,0.0,4.0,1.0,1.0,0.0,3.0,1.0,8.0,5.0,0.0,8.0,17.0,18.0,14.0,7.0
868,1.0,868.0,London_170,,151,453,1092.0,70.0,2.0,167610.0,1.1235835333354771,823.0,132.0,0.0,132.0,218.0,0.0,218.0,124.0,231.0,130.0,8.0,40.0,8.0,27.0,0.0,9.0,7.0,86.0,156.0,204.0,31.0,0.0,0.0,0.0,0.0,0.0,0.0,0.0,0.0,0.0,0.0,0.0,0.0,0.0,0.0,0.0,0.0,0.0,0.0,0.0,0.0,0.0,0.0,0.0,0.0,0.0,0.0,0.0,0.0,0.0,0.0,0.0,0.0,0.0,0.0,0.0,0.0,0.0,0.0,0.0,0.0,3.0,3.0,2.0,3.0,8.0,0.0,12.0,8.0,8.0,5.0,28.0,27.0,17.0,10.0,0.0,0.0,0.0,0.0,0.0,0.0,0.0,0.0,0.0,0.0,0.0,0.0,0.0,0.0,0.0,0.0,0.0,0.0,0.0,0.0,3.0,3.0,2.0,5.0,9.0,0.0,14.0,11.0,10.0,5.0,43.0,37.0,23.0,11.0
869,1.0,869.0,London_170,,151,453,1092.0,70.0,2.0,144507.0,1.1405055960640311,772.0,57.0,0.0,57.0,95.0,0.0,95.0,218.0,236.0,98.0,16.0,66.0,7.0,24.0,1.0,5.0,5.0,87.0,151.0,210.0,28.0,0.0,0.0,0.0,0.0,0.0,0.0,0.0,0.0,0.0,0.0,0.0,0.0,0.0,0.0,0.0,0.0,0.0,0.0,0.0,0.0,0.0,0.0,0.0,0.0,0.0,0.0,0.0,0.0,0.0,0.0,0.0,0.0,0.0,0.0,0.0,0.0,0.0,0.0,0.0,0.0,1.0,3.0,0.0,0.0,0.0,0.0,7.0,3.0,4.0,4.0,10.0,11.0,17.0,5.0,0.0,0.0,0.0,0.0,0.0,0.0,0.0,0.0,0.0,0.0,0.0,0.0,0.0,0.0,0.0,0.0,0.0,0.0,0.0,0.0,1.0,6.0,0.0,0.0,0.0,0.0,9.0,5.0,6.0,4.0,16.0,13.0,23.0,8.0
870,1.0,870.0,London_170,,151,453,1092.0,70.0,2.0,153567.0,1.246880287770182,792.0,120.0,0.0,120.0,209.0,0.0,209.0,95.0,242.0,101.0,18.0,65.0,3.0,23.0,0.0,1.0,5.0,87.0,152.0,209.0,32.0,0.0,0.0,0.0,0.0,0.0,0.0,0.0,0.0,0.0,0.0,0.0,0.0,0.0,0.0,0.0,0.0,0.0,0.0,0.0,0.0,0.0,0.0,0.0,0.0,0.0,0.0,0.0,0.0,0.0,0.0,0.0,0.0,0.0,0.0,0.0,0.0,0.0,0.0,0.0,0.0,4.0,7.0,1.0,0.0,6.0,1.0,12.0,11.0,4.0,16.0,26.0,34.0,13.0,18.0,0.0,0.0,0.0,0.0,0.0,0.0,0.0,0.0,0.0,0.0,0.0,0.0,0.0,0.0,0.0,0.0,0.0,0.0,0.0,0.0,5.0,10.0,1.0,0.0,7.0,2.0,15.0,15.0,5.0,24.0,36.0,51.0,15.0,26.0
871,1.0,871.0,London_170,,151,453,1092.0,70.0,2.0,135447.0,1.1979985050857067,752.0,132.0,2.0,130.0,229.0,19.0,210.0,209.0,249.0,106.0,11.0,59.0,4.0,13.0,4.0,7.0,4.0,95.0,154.0,200.0,45.0,0.0,0.0,0.0,0.0,0.0,0.0,0.0,0.0,0.0,0.0,0.0,0.0,0.0,0.0,0.0,0.0,0.0,0.0,0.0,0.0,0.0,0.0,0.0,0.0,0.0,0.0,0.0,0.0,0.0,0.0,0.0,0.0,0.0,0.0,2.0,2.0,1.0,0.0,0.0,0.0,0.0,19.0,9.0,1.0,2.0,1.0,11.0,1.0,5.0,8.0,26.0,23.0,20.0,11.0,0.0,0.0,0.0,0.0,0.0,0.0,0.0,0.0,0.0,0.0,0.0,0.0,0.0,0.0,15.0,5.0,9.0,0.0,0.0,0.0,0.0,24.0,10.0,2.0,2.0,1.0,13.0,2.0,8.0,11.0,38.0,38.0,21.0,20.0
872,1.0,872.0,London_170,,151,453,1092.0,70.0,2.0,106455.0,0.9201510571874678,688.0,52.0,2.0,50.0,106.0,17.0,89.0,229.0,247.0,91.0,13.0,70.0,8.0,14.0,1.0,9.0,2.0,79.0,144.0,228.0,26.0,0.0,0.0,0.0,0.0,0.0,0.0,0.0,0.0,0.0,0.0,0.0,0.0,0.0,0.0,0.0,0.0,0.0,0.0,0.0,0.0,0.0,0.0,0.0,0.0,0.0,0.0,0.0,0.0,0.0,0.0,0.0,0.0,1.0,0.0,1.0,2.0,0.0,0.0,0.0,0.0,3.0,4.0,0.0,0.0,0.0,0.0,10.0,3.0,5.0,5.0,10.0,12.0,12.0,6.0,0.0,0.0,0.0,0.0,0.0,0.0,0.0,0.0,0.0,0.0,0.0,0.0,5.0,0.0,6.0,8.0,0.0,0.0,0.0,0.0,3.0,4.0,0.0,0.0,0.0,0.0,15.0,6.0,8.0,7.0,15.0,18.0,17.0,9.0
873,1.0,873.0,London_170,,151,453,1092.0,70.0,2.0,120045.0,1.490670605096966,718.0,29.0,2.0,27.0,65.0,18.0,47.0,106.0,255.0,85.0,9.0,71.0,6.0,16.0,1.0,10.0,2.0,84.0,143.0,224.0,33.0,0.0,0.0,0.0,0.0,0.0,0.0,0.0,0.0,0.0,1.0,0.0,0.0,0.0,0.0,0.0,1.0,0.0,0.0,1.0,0.0,0.0,0.0,0.0,0.0,0.0,0.0,0.0,0.0,0.0,1.0,0.0,0.0,1.0,0.0,0.0,0.0,0.0,0.0,0.0,0.0,3.0,3.0,0.0,1.0,0.0,0.0,7.0,3.0,0.0,4.0,8.0,4.0,10.0,2.0,0.0,0.0,0.0,0.0,0.0,0.0,0.0,0.0,0.0,4.0,0.0,0.0,8.0,0.0,0.0,0.0,0.0,0.0,0.0,0.0,3.0,3.0,0.0,1.0,0.0,0.0,8.0,3.0,0.0,5.0,14.0,6.0,10.0,2.0
874,1.0,874.0,London_170,,151,453,1092.0,70.0,2.0,147225.0,1.0041680913418531,778.0,74.0,1.0,73.0,141.0,9.0,132.0,60.0,262.0,88.0,7.0,73.0,2.0,10.0,3.0,8.0,3.0,82.0,137.0,231.0,29.0,0.0,0.0,0.0,0.0,0.0,0.0,0.0,0.0,0.0,0.0,0.0,0.0,0.0,0.0,0.0,0.0,0.0,0.0,0.0,0.0,0.0,0.0,0.0,0.0,0.0,0.0,0.0,0.0,0.0,0.0,0.0,0.0,0.0,0.0,0.0,1.0,0.0,0.0,0.0,0.0,9.0,5.0,5.0,6.0,4.0,1.0,16.0,9.0,5.0,3.0,12.0,13.0,20.0,1.0,0.0,0.0,0.0,0.0,0.0,0.0,0.0,0.0,0.0,0.0,0.0,0.0,0.0,0.0,0.0,2.0,0.0,0.0,0.0,0.0,10.0,8.0,6.0,8.0,4.0,1.0,22.0,12.0,9.0,3.0,16.0,20.0,28.0,2.0
875,1.0,875.0,London_170,,151,453,1092.0,70.0,2.0,154473.0,1.1194613208062947,794.0,37.0,2.0,35.0,82.0,20.0,62.0,141.0,272.0,85.0,13.0,58.0,2.0,10.0,4.0,9.0,5.0,78.0,136.0,234.0,29.0,0.0,0.0,0.0,0.0,0.0,0.0,0.0,0.0,0.0,0.0,0.0,0.0,0.0,0.0,0.0,0.0,0.0,0.0,0.0,0.0,0.0,0.0,0.0,0.0,0.0,0.0,0.0,0.0,0.0,0.0,1.0,0.0,1.0,0.0,0.0,1.0,0.0,0.0,0.0,0.0,1.0,1.0,1.0,1.0,0.0,1.0,2.0,5.0,4.0,6.0,6.0,11.0,7.0,4.0,0.0,0.0,0.0,0.0,0.0,0.0,0.0,0.0,0.0,0.0,7.0,0.0,7.0,0.0,0.0,5.0,0.0,0.0,0.0,0.0,2.0,2.0,2.0,1.0,0.0,3.0,4.0,6.0,5.0,9.0,9.0,16.0,11.0,5.0
876,1.0,876.0,London_170,,151,453,1092.0,70.0,2.0,169875.0,1.1087836371734738,828.0,48.0,2.0,46.0,103.0,20.0,83.0,82.0,271.0,86.0,7.0,65.0,4.0,5.0,4.0,11.0,4.0,86.0,127.0,236.0,34.0,0.0,0.0,0.0,0.0,0.0,0.0,0.0,0.0,0.0,0.0,0.0,0.0,0.0,0.0,0.0,0.0,0.0,0.0,0.0,0.0,0.0,0.0,0.0,0.0,0.0,0.0,0.0,0.0,0.0,1.0,1.0,0.0,1.0,0.0,0.0,1.0,1.0,0.0,0.0,0.0,5.0,2.0,2.0,0.0,1.0,2.0,4.0,2.0,5.0,0.0,13.0,8.0,8.0,5.0,0.0,0.0,0.0,0.0,0.0,0.0,0.0,0.0,0.0,2.0,9.0,0.0,6.0,0.0,0.0,3.0,11.0,0.0,0.0,0.0,7.0,3.0,2.0,0.0,1.0,3.0,4.0,2.0,7.0,0.0,18.0,11.0,11.0,7.0
877,1.0,877.0,London_170,,151,453,1092.0,70.0,2.0,178029.0,1.2884292718954384,846.0,159.0,0.0,159.0,275.0,0.0,275.0,103.0,272.0,82.0,9.0,56.0,3.0,15.0,4.0,12.0,7.0,88.0,115.0,243.0,41.0,0.0,0.0,0.0,0.0,0.0,0.0,0.0,0.0,0.0,0.0,0.0,0.0,0.0,0.0,0.0,0.0,0.0,0.0,0.0,0.0,0.0,0.0,0.0,0.0,0.0,0.0,0.0,0.0,0.0,0.0,0.0,0.0,0.0,0.0,0.0,0.0,0.0,0.0,0.0,0.0,3.0,20.0,0.0,4.0,2.0,0.0,20.0,7.0,2.0,7.0,33.0,46.0,24.0,7.0,0.0,0.0,0.0,0.0,0.0,0.0,0.0,0.0,0.0,0.0,0.0,0.0,0.0,0.0,0.0,0.0,0.0,0.0,0.0,0.0,3.0,25.0,0.0,5.0,2.0,0.0,25.0,8.0,2.0,8.0,51.0,63.0,31.0,12.0
878,1.0,878.0,London_170,,151,453,1092.0,70.0,2.0,128652.0,0.874758546706289,737.0,82.0,2.0,80.0,162.0,18.0,144.0,275.0,210.0,109.0,22.0,76.0,7.0,24.0,0.0,5.0,8.0,100.0,125.0,220.0,26.0,0.0,0.0,0.0,0.0,0.0,0.0,0.0,0.0,0.0,0.0,0.0,0.0,0.0,0.0,0.0,0.0,0.0,0.0,0.0,0.0,0.0,0.0,0.0,0.0,0.0,0.0,0.0,0.0,0.0,0.0,1.0,0.0,1.0,1.0,0.0,1.0,0.0,0.0,0.0,0.0,1.0,5.0,3.0,3.0,1.0,0.0,9.0,8.0,3.0,3.0,8.0,17.0,18.0,5.0,0.0,0.0,0.0,0.0,0.0,0.0,0.0,0.0,0.0,0.0,8.0,0.0,5.0,6.0,0.0,3.0,0.0,0.0,0.0,0.0,1.0,6.0,4.0,5.0,1.0,0.0,13.0,12.0,4.0,3.0,10.0,25.0,21.0,8.0
879,1.0,879.0,London_170,,151,453,1092.0,70.0,2.0,118233.0,0.9710636669769883,714.0,104.0,0.0,104.0,188.0,0.0,188.0,162.0,218.0,104.0,29.0,77.0,6.0,14.0,3.0,2.0,7.0,97.0,132.0,217.0,31.0,0.0,0.0,0.0,0.0,0.0,0.0,0.0,0.0,0.0,0.0,0.0,0.0,0.0,0.0,0.0,0.0,0.0,0.0,0.0,0.0,0.0,0.0,0.0,0.0,0.0,0.0,0.0,0.0,0.0,0.0,0.0,0.0,0.0,0.0,0.0,0.0,0.0,0.0,0.0,0.0,2.0,5.0,2.0,0.0,9.0,0.0,21.0,6.0,1.0,13.0,20.0,25.0,19.0,9.0,0.0,0.0,0.0,0.0,0.0,0.0,0.0,0.0,0.0,0.0,0.0,0.0,0.0,0.0,0.0,0.0,0.0,0.0,0.0,0.0,3.0,5.0,2.0,0.0,9.0,0.0,32.0,7.0,1.0,15.0,32.0,35.0,26.0,15.0
880,1.0,880.0,London_170,,151,453,1092.0,70.0,2.0,94677.0,0.7236562836915255,662.0,119.0,0.0,119.0,214.0,0.0,214.0,188.0,225.0,97.0,17.0,84.0,7.0,16.0,3.0,4.0,6.0,77.0,152.0,218.0,27.0,0.0,0.0,0.0,0.0,0.0,0.0,0.0,0.0,0.0,0.0,0.0,0.0,0.0,0.0,0.0,0.0,0.0,0.0,0.0,0.0,0.0,0.0,0.0,0.0,0.0,0.0,0.0,0.0,0.0,0.0,0.0,0.0,0.0,0.0,0.0,0.0,0.0,0.0,0.0,0.0,3.0,4.0,4.0,2.0,10.0,0.0,10.0,4.0,4.0,8.0,31.0,26.0,15.0,6.0,0.0,0.0,0.0,0.0,0.0,0.0,0.0,0.0,0.0,0.0,0.0,0.0,0.0,0.0,0.0,0.0,0.0,0.0,0.0,0.0,4.0,6.0,6.0,3.0,11.0,0.0,13.0,4.0,6.0,10.0,49.0,42.0,17.0,9.0
881,1.0,881.0,London_170,,151,453,1092.0,70.0,2.0,71121.0,0.4055400947108865,610.0,17.0,0.0,17.0,33.0,0.0,33.0,214.0,242.0,98.0,17.0,60.0,3.0,24.0,3.0,6.0,7.0,80.0,141.0,225.0,38.0,0.0,0.0,0.0,0.0,0.0,0.0,0.0,0.0,0.0,0.0,0.0,0.0,0.0,0.0,0.0,0.0,0.0,0.0,0.0,0.0,0.0,0.0,0.0,0.0,0.0,0.0,0.0,0.0,0.0,0.0,0.0,0.0,0.0,0.0,0.0,0.0,0.0,0.0,0.0,0.0,0.0,1.0,0.0,0.0,0.0,0.0,4.0,1.0,1.0,2.0,5.0,3.0,7.0,0.0,0.0,0.0,0.0,0.0,0.0,0.0,0.0,0.0,0.0,0.0,0.0,0.0,0.0,0.0,0.0,0.0,0.0,0.0,0.0,0.0,0.0,2.0,0.0,0.0,0.0,0.0,5.0,2.0,2.0,3.0,9.0,4.0,9.0,0.0
882,1.0,882.0,London_170,,151,453,1092.0,70.0,2.0,100113.0,0.8771104030311108,674.0,10.0,0.0,10.0,17.0,0.0,17.0,33.0,241.0,105.0,19.0,52.0,3.0,25.0,3.0,5.0,7.0,82.0,139.0,225.0,39.0,0.0,0.0,0.0,0.0,0.0,0.0,0.0,0.0,0.0,0.0,0.0,0.0,0.0,0.0,0.0,0.0,0.0,0.0,0.0,0.0,0.0,0.0,0.0,0.0,0.0,0.0,0.0,0.0,0.0,0.0,0.0,0.0,0.0,0.0,0.0,0.0,0.0,0.0,0.0,0.0,0.0,0.0,0.0,0.0,0.0,0.0,5.0,0.0,2.0,2.0,2.0,3.0,2.0,1.0,0.0,0.0,0.0,0.0,0.0,0.0,0.0,0.0,0.0,0.0,0.0,0.0,0.0,0.0,0.0,0.0,0.0,0.0,0.0,0.0,0.0,0.0,0.0,0.0,0.0,0.0,8.0,0.0,3.0,2.0,2.0,5.0,3.0,3.0
883,1.0,883.0,London_170,,151,453,1092.0,70.0,2.0,131370.0,0.7999525382183492,743.0,0.0,0.0,0.0,0.0,0.0,0.0,17.0,241.0,103.0,18.0,51.0,5.0,27.0,3.0,5.0,8.0,80.0,141.0,224.0,43.0,0.0,0.0,0.0,0.0,0.0,0.0,0.0,0.0,0.0,0.0,0.0,0.0,0.0,0.0,0.0,0.0,0.0,0.0,0.0,0.0,0.0,0.0,0.0,0.0,0.0,0.0,0.0,0.0,0.0,0.0,0.0,0.0,0.0,0.0,0.0,0.0,0.0,0.0,0.0,0.0,0.0,0.0,0.0,0.0,0.0,0.0,0.0,0.0,0.0,0.0,0.0,0.0,0.0,0.0,0.0,0.0,0.0,0.0,0.0,0.0,0.0,0.0,0.0,0.0,0.0,0.0,0.0,0.0,0.0,0.0,0.0,0.0,0.0,0.0,0.0,0.0,0.0,0.0,0.0,0.0,0.0,0.0,0.0,0.0,0.0,0.0,0.0,0.0
884,1.0,884.0,London_170,,151,453,1092.0,70.0,2.0,182106.0,1.1564827398397028,855.0,79.0,0.0,79.0,144.0,0.0,144.0,0.0,241.0,103.0,18.0,51.0,5.0,27.0,3.0,5.0,8.0,80.0,141.0,224.0,43.0,0.0,0.0,0.0,0.0,0.0,0.0,0.0,0.0,0.0,0.0,0.0,0.0,0.0,0.0,0.0,0.0,0.0,0.0,0.0,0.0,0.0,0.0,0.0,0.0,0.0,0.0,0.0,0.0,0.0,0.0,0.0,0.0,0.0,0.0,0.0,0.0,0.0,0.0,0.0,0.0,1.0,6.0,0.0,2.0,3.0,0.0,3.0,5.0,4.0,11.0,14.0,23.0,11.0,2.0,0.0,0.0,0.0,0.0,0.0,0.0,0.0,0.0,0.0,0.0,0.0,0.0,0.0,0.0,0.0,0.0,0.0,0.0,0.0,0.0,2.0,8.0,0.0,3.0,3.0,0.0,3.0,7.0,4.0,12.0,19.0,38.0,13.0,3.0
885,1.0,885.0,London_170,,151,453,1092.0,70.0,2.0,197508.0,1.8157517430372536,889.0,129.0,2.0,127.0,240.0,18.0,222.0,144.0,243.0,109.0,19.0,45.0,4.0,29.0,0.0,4.0,8.0,73.0,146.0,226.0,47.0,0.0,0.0,0.0,0.0,0.0,0.0,0.0,0.0,0.0,0.0,0.0,0.0,0.0,0.0,0.0,0.0,0.0,0.0,0.0,0.0,0.0,0.0,0.0,0.0,0.0,0.0,0.0,0.0,0.0,0.0,0.0,0.0,0.0,0.0,1.0,1.0,0.0,0.0,0.0,0.0,0.0,0.0,0.0,1.0,21.0,1.0,6.0,1.0,0.0,9.0,22.0,24.0,8.0,12.0,0.0,0.0,0.0,0.0,0.0,0.0,0.0,0.0,0.0,0.0,0.0,0.0,0.0,0.0,9.0,2.0,0.0,0.0,0.0,0.0,0.0,0.0,0.0,1.0,21.0,1.0,8.0,1.0,0.0,12.0,31.0,37.0,10.0,16.0
886,1.0,886.0,London_170,,151,453,1092.0,70.0,2.0,183012.0,1.2062266059219837,857.0,89.0,2.0,87.0,181.0,19.0,162.0,240.0,240.0,98.0,20.0,73.0,7.0,11.0,0.0,4.0,4.0,78.0,137.0,234.0,35.0,0.0,0.0,0.0,0.0,0.0,0.0,0.0,0.0,0.0,0.0,0.0,0.0,0.0,0.0,0.0,0.0,0.0,0.0,0.0,0.0,0.0,0.0,0.0,0.0,0.0,0.0,0.0,0.0,0.0,0.0,0.0,0.0,1.0,0.0,1.0,1.0,0.0,0.0,0.0,0.0,1.0,11.0,2.0,0.0,1.0,1.0,15.0,3.0,3.0,5.0,15.0,22.0,9.0,11.0,0.0,0.0,0.0,0.0,0.0,0.0,0.0,0.0,0.0,0.0,0.0,0.0,8.0,0.0,7.0,6.0,0.0,0.0,0.0,0.0,1.0,13.0,2.0,0.0,1.0,3.0,22.0,5.0,4.0,7.0,20.0,34.0,11.0,20.0
887,1.0,887.0,London_170,,151,453,1092.0,70.0,2.0,192525.0,1.3174181268550456,878.0,133.0,1.0,132.0,227.0,10.0,217.0,181.0,262.0,95.0,8.0,54.0,15.0,15.0,2.0,2.0,2.0,78.0,141.0,232.0,31.0,0.0,0.0,0.0,0.0,0.0,0.0,0.0,0.0,0.0,0.0,0.0,0.0,0.0,0.0,0.0,0.0,0.0,0.0,0.0,0.0,0.0,0.0,0.0,0.0,0.0,0.0,0.0,0.0,0.0,1.0,0.0,0.0,1.0,0.0,0.0,1.0,0.0,0.0,0.0,0.0,1.0,20.0,0.0,3.0,1.0,0.0,8.0,4.0,5.0,8.0,24.0,28.0,33.0,4.0,0.0,0.0,0.0,0.0,0.0,0.0,0.0,0.0,0.0,6.0,0.0,0.0,6.0,0.0,0.0,3.0,0.0,0.0,0.0,0.0,1.0,29.0,0.0,3.0,1.0,0.0,11.0,7.0,5.0,11.0,37.0,39.0,41.0,6.0
888,1.0,888.0,London_170,,151,453,1092.0,70.0,2.0,182106.0,1.4715106440708041,855.0,136.0,1.0,135.0,248.0,10.0,238.0,227.0,245.0,94.0,17.0,65.0,3.0,18.0,2.0,9.0,10.0,63.0,142.0,238.0,31.0,0.0,0.0,0.0,0.0,0.0,0.0,0.0,0.0,0.0,0.0,0.0,0.0,0.0,0.0,0.0,0.0,0.0,0.0,0.0,0.0,0.0,0.0,0.0,0.0,0.0,0.0,0.0,0.0,0.0,0.0,0.0,0.0,0.0,0.0,0.0,0.0,0.0,0.0,0.0,0.0,5.0,2.0,0.0,1.0,1.0,0.0,14.0,10.0,3.0,13.0,29.0,39.0,15.0,4.0,0.0,0.0,0.0,0.0,0.0,0.0,0.0,0.0,0.0,0.0,0.0,0.0,0.0,0.0,0.0,0.0,0.0,0.0,0.0,0.0,5.0,3.0,0.0,1.0,1.0,0.0,17.0,14.0,3.0,20.0,41.0,60.0,19.0,7.0
889,1.0,889.0,London_170,,151,453,1092.0,70.0,2.0,163080.0,0.8506501098163426,813.0,13.0,0.0,13.0,20.0,0.0,20.0,248.0,225.0,86.0,22.0,70.0,5.0,34.0,3.0,8.0,6.0,81.0,138.0,228.0,35.0,0.0,0.0,0.0,0.0,0.0,0.0,0.0,0.0,0.0,0.0,0.0,0.0,0.0,0.0,0.0,0.0,0.0,0.0,0.0,0.0,0.0,0.0,0.0,0.0,0.0,0.0,0.0,0.0,0.0,0.0,0.0,0.0,0.0,0.0,0.0,0.0,0.0,0.0,0.0,0.0,0.0,0.0,0.0,0.0,0.0,0.0,2.0,0.0,0.0,0.0,2.0,3.0,0.0,2.0,0.0,0.0,0.0,0.0,0.0,0.0,0.0,0.0,0.0,0.0,0.0,0.0,0.0,0.0,0.0,0.0,0.0,0.0,0.0,0.0,0.0,0.0,0.0,0.0,0.0,0.0,2.0,0.0,0.0,0.0,2.0,3.0,0.0,4.0
890,1.0,890.0,London_170,,151,453,1092.0,70.0,2.0,192978.0,1.1776065020821989,879.0,109.0,2.0,107.0,195.0,18.0,177.0,20.0,230.0,85.0,26.0,65.0,5.0,33.0,2.0,7.0,5.0,78.0,140.0,230.0,35.0,0.0,0.0,0.0,0.0,0.0,0.0,0.0,0.0,0.0,0.0,0.0,0.0,0.0,0.0,0.0,0.0,0.0,0.0,0.0,0.0,0.0,0.0,0.0,0.0,0.0,0.0,0.0,0.0,0.0,0.0,0.0,0.0,1.0,0.0,1.0,1.0,0.0,0.0,0.0,0.0,2.0,5.0,0.0,1.0,5.0,0.0,15.0,9.0,6.0,10.0,22.0,25.0,13.0,8.0,0.0,0.0,0.0,0.0,0.0,0.0,0.0,0.0,0.0,0.0,0.0,0.0,6.0,0.0,6.0,3.0,0.0,0.0,0.0,0.0,2.0,6.0,0.0,2.0,5.0,0.0,17.0,14.0,8.0,14.0,37.0,35.0,19.0,14.0
891,1.0,891.0,London_170,,151,453,1092.0,70.0,2.0,189807.0,1.1100703249685466,872.0,101.0,2.0,99.0,190.0,16.0,174.0,195.0,250.0,83.0,19.0,72.0,4.0,18.0,2.0,5.0,2.0,81.0,147.0,223.0,38.0,0.0,0.0,0.0,0.0,0.0,0.0,0.0,0.0,0.0,0.0,0.0,0.0,0.0,0.0,0.0,0.0,0.0,0.0,0.0,0.0,0.0,0.0,0.0,0.0,0.0,0.0,0.0,0.0,0.0,0.0,0.0,0.0,0.0,0.0,1.0,1.0,0.0,0.0,0.0,0.0,0.0,5.0,1.0,1.0,0.0,0.0,3.0,12.0,8.0,5.0,10.0,27.0,22.0,8.0,0.0,0.0,0.0,0.0,0.0,0.0,0.0,0.0,0.0,0.0,0.0,0.0,0.0,0.0,6.0,3.0,0.0,0.0,0.0,0.0,0.0,8.0,1.0,1.0,0.0,0.0,4.0,14.0,11.0,7.0,16.0,38.0,26.0,18.0
892,1.0,892.0,London_170,,151,453,1092.0,70.0,2.0,180294.0,1.4123570141382515,851.0,113.0,2.0,111.0,216.0,18.0,198.0,190.0,244.0,94.0,15.0,55.0,7.0,27.0,3.0,8.0,3.0,74.0,137.0,239.0,34.0,0.0,0.0,0.0,0.0,0.0,0.0,0.0,0.0,0.0,0.0,0.0,0.0,0.0,0.0,0.0,0.0,0.0,0.0,0.0,0.0,0.0,0.0,0.0,0.0,0.0,0.0,0.0,0.0,0.0,0.0,1.0,0.0,1.0,0.0,1.0,1.0,0.0,0.0,0.0,0.0,5.0,6.0,5.0,2.0,3.0,1.0,11.0,9.0,17.0,7.0,26.0,20.0,20.0,10.0,0.0,0.0,0.0,0.0,0.0,0.0,0.0,0.0,0.0,0.0,1.0,0.0,2.0,0.0,7.0,3.0,0.0,0.0,0.0,0.0,6.0,7.0,5.0,2.0,3.0,2.0,14.0,12.0,23.0,10.0,42.0,29.0,27.0,19.0
893,1.0,893.0,London_170,,151,453,1092.0,70.0,2.0,169422.0,1.1105582136660814,827.0,166.0,0.0,166.0,281.0,0.0,281.0,216.0,262.0,75.0,17.0,59.0,7.0,25.0,1.0,7.0,6.0,77.0,133.0,237.0,24.0,0.0,0.0,0.0,0.0,0.0,0.0,0.0,0.0,0.0,0.0,0.0,0.0,0.0,0.0,0.0,0.0,0.0,0.0,0.0,0.0,0.0,0.0,0.0,0.0,0.0,0.0,0.0,0.0,0.0,0.0,0.0,0.0,0.0,0.0,0.0,0.0,0.0,0.0,0.0,0.0,0.0,20.0,0.0,0.0,2.0,1.0,17.0,4.0,5.0,5.0,33.0,42.0,21.0,7.0,0.0,0.0,0.0,0.0,0.0,0.0,0.0,0.0,0.0,0.0,0.0,0.0,0.0,0.0,0.0,0.0,0.0,0.0,0.0,0.0,0.0,22.0,0.0,0.0,2.0,2.0,26.0,5.0,9.0,6.0,47.0,62.0,28.0,15.0
894,1.0,894.0,London_170,,151,453,1092.0,70.0,2.0,123669.0,0.7080784537829459,726.0,82.0,1.0,81.0,153.0,10.0,143.0,281.0,206.0,108.0,19.0,87.0,4.0,17.0,1.0,11.0,6.0,89.0,148.0,210.0,42.0,0.0,0.0,0.0,0.0,0.0,0.0,0.0,0.0,0.0,0.0,0.0,0.0,0.0,0.0,0.0,0.0,0.0,0.0,0.0,0.0,0.0,0.0,0.0,0.0,0.0,0.0,0.0,0.0,0.0,1.0,0.0,0.0,1.0,0.0,1.0,0.0,1.0,0.0,0.0,0.0,2.0,4.0,1.0,0.0,1.0,0.0,9.0,1.0,13.0,11.0,15.0,22.0,16.0,7.0,0.0,0.0,0.0,0.0,0.0,0.0,0.0,0.0,0.0,5.0,0.0,0.0,9.0,0.0,4.0,0.0,7.0,0.0,0.0,0.0,2.0,8.0,1.0,0.0,1.0,0.0,11.0,1.0,17.0,12.0,22.0,32.0,23.0,9.0
895,1.0,895.0,London_170,,151,453,1092.0,70.0,2.0,114156.0,0.7874050489626825,705.0,4.0,0.0,4.0,7.0,0.0,7.0,153.0,217.0,114.0,12.0,80.0,4.0,19.0,1.0,6.0,10.0,86.0,143.0,214.0,33.0,0.0,0.0,0.0,0.0,0.0,0.0,0.0,0.0,0.0,0.0,0.0,0.0,0.0,0.0,0.0,0.0,0.0,0.0,0.0,0.0,0.0,0.0,0.0,0.0,0.0,0.0,0.0,0.0,0.0,0.0,0.0,0.0,0.0,0.0,0.0,0.0,0.0,0.0,0.0,0.0,0.0,0.0,0.0,1.0,0.0,0.0,2.0,0.0,0.0,1.0,1.0,1.0,2.0,0.0,0.0,0.0,0.0,0.0,0.0,0.0,0.0,0.0,0.0,0.0,0.0,0.0,0.0,0.0,0.0,0.0,0.0,0.0,0.0,0.0,0.0,0.0,0.0,1.0,0.0,0.0,3.0,0.0,0.0,1.0,2.0,1.0,4.0,0.0
896,1.0,896.0,London_170,,151,453,1092.0,70.0,2.0,159456.0,1.716962540987879,805.0,74.0,0.0,74.0,141.0,0.0,141.0,7.0,218.0,113.0,13.0,82.0,4.0,16.0,1.0,6.0,10.0,85.0,143.0,215.0,34.0,0.0,0.0,0.0,0.0,0.0,0.0,0.0,0.0,0.0,0.0,0.0,0.0,0.0,0.0,0.0,0.0,0.0,0.0,0.0,0.0,0.0,0.0,0.0,0.0,0.0,0.0,0.0,0.0,0.0,0.0,0.0,0.0,0.0,0.0,0.0,0.0,0.0,0.0,0.0,0.0,7.0,0.0,1.0,0.0,2.0,0.0,12.0,5.0,4.0,12.0,14.0,22.0,12.0,8.0,0.0,0.0,0.0,0.0,0.0,0.0,0.0,0.0,0.0,0.0,0.0,0.0,0.0,0.0,0.0,0.0,0.0,0.0,0.0,0.0,9.0,0.0,1.0,0.0,2.0,0.0,21.0,5.0,5.0,17.0,19.0,35.0,18.0,14.0
897,1.0,897.0,London_170,,151,453,1092.0,70.0,2.0,166251.0,1.156186365056783,820.0,72.0,2.0,70.0,146.0,16.0,130.0,141.0,228.0,122.0,13.0,62.0,6.0,22.0,0.0,0.0,10.0,81.0,151.0,211.0,47.0,0.0,0.0,0.0,0.0,0.0,0.0,0.0,0.0,0.0,0.0,0.0,0.0,0.0,0.0,0.0,0.0,0.0,0.0,0.0,0.0,0.0,0.0,0.0,0.0,0.0,0.0,0.0,0.0,0.0,2.0,0.0,0.0,1.0,0.0,0.0,1.0,0.0,0.0,0.0,0.0,7.0,8.0,1.0,1.0,3.0,0.0,6.0,2.0,8.0,10.0,15.0,13.0,14.0,4.0,0.0,0.0,0.0,0.0,0.0,0.0,0.0,0.0,0.0,4.0,0.0,0.0,1.0,0.0,0.0,2.0,0.0,0.0,0.0,0.0,8.0,13.0,1.0,1.0,3.0,0.0,7.0,2.0,11.0,14.0,22.0,19.0,21.0,6.0
898,1.0,898.0,London_170,,151,453,1092.0,70.0,2.0,163986.0,1.2104402161203325,815.0,92.0,2.0,90.0,167.0,19.0,148.0,146.0,240.0,120.0,15.0,53.0,2.0,19.0,1.0,3.0,4.0,81.0,156.0,212.0,37.0,0.0,0.0,0.0,0.0,0.0,0.0,0.0,0.0,0.0,0.0,0.0,0.0,0.0,0.0,0.0,0.0,0.0,0.0,0.0,0.0,0.0,0.0,0.0,0.0,0.0,0.0,0.0,0.0,0.0,0.0,1.0,0.0,0.0,0.0,1.0,1.0,0.0,0.0,0.0,0.0,2.0,10.0,7.0,2.0,13.0,0.0,14.0,7.0,2.0,5.0,18.0,21.0,27.0,7.0,0.0,0.0,0.0,0.0,0.0,0.0,0.0,0.0,0.0,0.0,1.0,0.0,0.0,0.0,10.0,5.0,0.0,0.0,0.0,0.0,4.0,13.0,9.0,3.0,15.0,0.0,19.0,8.0,2.0,6.0,31.0,28.0,35.0,11.0
899,1.0,899.0,London_170,,151,453,1092.0,70.0,2.0,157644.0,1.0468310317955911,801.0,140.0,0.0,140.0,241.0,0.0,241.0,167.0,243.0,112.0,13.0,60.0,2.0,17.0,1.0,5.0,6.0,79.0,160.0,208.0,34.0,0.0,0.0,0.0,0.0,0.0,0.0,0.0,0.0,0.0,0.0,0.0,0.0,0.0,0.0,0.0,0.0,0.0,0.0,0.0,0.0,0.0,0.0,0.0,0.0,0.0,0.0,0.0,0.0,0.0,0.0,0.0,0.0,0.0,0.0,0.0,0.0,0.0,0.0,0.0,0.0,0.0,0.0,0.0,0.0,20.0,0.0,12.0,9.0,1.0,9.0,29.0,27.0,19.0,15.0,0.0,0.0,0.0,0.0,0.0,0.0,0.0,0.0,0.0,0.0,0.0,0.0,0.0,0.0,0.0,0.0,0.0,0.0,0.0,0.0,0.0,0.0,0.0,0.0,23.0,0.0,15.0,12.0,1.0,15.0,43.0,38.0,23.0,20.0
900,1.0,900.0,London_170,,151,453,1092.0,70.0,2.0,131823.0,0.9097341978922486,744.0,61.0,2.0,59.0,117.0,19.0,98.0,241.0,241.0,96.0,20.0,71.0,7.0,16.0,1.0,1.0,5.0,74.0,163.0,211.0,32.0,0.0,0.0,0.0,0.0,0.0,0.0,0.0,0.0,0.0,0.0,0.0,0.0,0.0,0.0,0.0,0.0,0.0,0.0,0.0,0.0,0.0,0.0,0.0,0.0,0.0,0.0,0.0,0.0,0.0,0.0,0.0,0.0,1.0,0.0,1.0,2.0,0.0,0.0,0.0,0.0,1.0,1.0,1.0,1.0,0.0,0.0,4.0,2.0,3.0,14.0,9.0,12.0,12.0,3.0,0.0,0.0,0.0,0.0,0.0,0.0,0.0,0.0,0.0,0.0,0.0,0.0,2.0,0.0,6.0,8.0,0.0,0.0,0.0,0.0,1.0,1.0,1.0,1.0,0.0,0.0,6.0,3.0,4.0,22.0,12.0,14.0,15.0,6.0
901,1.0,901.0,London_170,,151,453,1092.0,70.0,2.0,142695.0,1.1602328019216657,768.0,93.0,0.0,93.0,157.0,0.0,157.0,117.0,245.0,93.0,19.0,72.0,3.0,20.0,0.0,1.0,4.0,74.0,156.0,219.0,35.0,0.0,0.0,0.0,0.0,0.0,0.0,0.0,0.0,0.0,0.0,0.0,0.0,0.0,0.0,0.0,0.0,0.0,0.0,0.0,0.0,0.0,0.0,0.0,0.0,0.0,0.0,0.0,0.0,0.0,0.0,0.0,0.0,0.0,0.0,0.0,0.0,0.0,0.0,0.0,0.0,5.0,2.0,2.0,2.0,0.0,0.0,12.0,8.0,3.0,15.0,16.0,24.0,16.0,7.0,0.0,0.0,0.0,0.0,0.0,0.0,0.0,0.0,0.0,0.0,0.0,0.0,0.0,0.0,0.0,0.0,0.0,0.0,0.0,0.0,6.0,3.0,2.0,3.0,0.0,0.0,17.0,9.0,5.0,23.0,24.0,33.0,20.0,15.0
902,1.0,902.0,London_170,,151,453,1092.0,70.0,2.0,130011.0,0.9277342008426785,740.0,47.0,1.0,46.0,94.0,9.0,85.0,157.0,254.0,106.0,10.0,65.0,6.0,8.0,1.0,3.0,4.0,74.0,160.0,215.0,41.0,0.0,0.0,0.0,0.0,0.0,0.0,0.0,0.0,0.0,0.0,0.0,0.0,0.0,0.0,0.0,0.0,0.0,0.0,0.0,0.0,0.0,0.0,0.0,0.0,0.0,0.0,0.0,0.0,0.0,0.0,0.0,0.0,1.0,0.0,0.0,0.0,1.0,0.0,0.0,0.0,3.0,1.0,0.0,1.0,1.0,0.0,8.0,4.0,2.0,7.0,9.0,9.0,14.0,1.0,0.0,0.0,0.0,0.0,0.0,0.0,0.0,0.0,0.0,0.0,0.0,0.0,4.0,0.0,0.0,0.0,6.0,0.0,0.0,0.0,4.0,1.0,0.0,1.0,1.0,0.0,11.0,4.0,3.0,12.0,14.0,13.0,20.0,1.0
903,1.0,903.0,London_170,,151,453,1092.0,70.0,2.0,148584.0,1.2868522596545517,781.0,100.0,2.0,98.0,196.0,18.0,178.0,94.0,251.0,113.0,16.0,59.0,3.0,10.0,1.0,0.0,4.0,69.0,161.0,219.0,39.0,0.0,0.0,0.0,0.0,0.0,0.0,0.0,0.0,0.0,0.0,0.0,0.0,0.0,0.0,0.0,0.0,0.0,0.0,0.0,0.0,0.0,0.0,0.0,0.0,0.0,0.0,0.0,0.0,0.0,0.0,0.0,0.0,0.0,1.0,1.0,1.0,0.0,0.0,0.0,0.0,6.0,3.0,1.0,1.0,1.0,0.0,8.0,6.0,6.0,11.0,28.0,21.0,14.0,8.0,0.0,0.0,0.0,0.0,0.0,0.0,0.0,0.0,0.0,0.0,0.0,0.0,0.0,7.0,7.0,2.0,0.0,0.0,0.0,0.0,8.0,3.0,1.0,1.0,1.0,0.0,12.0,9.0,7.0,15.0,42.0,32.0,20.0,12.0
904,1.0,904.0,London_170,,151,453,1092.0,70.0,2.0,144960.0,1.0993055612780154,773.0,25.0,2.0,23.0,55.0,17.0,38.0,196.0,266.0,94.0,9.0,56.0,11.0,15.0,0.0,2.0,8.0,69.0,162.0,214.0,27.0,0.0,0.0,0.0,0.0,0.0,0.0,0.0,0.0,0.0,0.0,0.0,0.0,0.0,0.0,0.0,0.0,0.0,0.0,0.0,0.0,0.0,0.0,0.0,0.0,0.0,0.0,0.0,0.0,0.0,1.0,0.0,0.0,0.0,0.0,1.0,1.0,0.0,0.0,0.0,0.0,0.0,1.0,0.0,0.0,0.0,0.0,2.0,3.0,1.0,4.0,3.0,4.0,2.0,4.0,0.0,0.0,0.0,0.0,0.0,0.0,0.0,0.0,0.0,1.0,0.0,0.0,0.0,0.0,7.0,4.0,0.0,0.0,0.0,0.0,0.0,1.0,0.0,0.0,0.0,0.0,3.0,3.0,1.0,7.0,5.0,5.0,2.0,8.0
905,1.0,905.0,London_170,,151,453,1092.0,70.0,2.0,179388.0,1.5648735286667943,849.0,158.0,0.0,158.0,283.0,0.0,283.0,55.0,273.0,91.0,6.0,55.0,7.0,18.0,0.0,3.0,5.0,69.0,155.0,224.0,23.0,0.0,0.0,0.0,0.0,0.0,0.0,0.0,0.0,0.0,0.0,0.0,0.0,0.0,0.0,0.0,0.0,0.0,0.0,0.0,0.0,0.0,0.0,0.0,0.0,0.0,0.0,0.0,0.0,0.0,0.0,0.0,0.0,0.0,0.0,0.0,0.0,0.0,0.0,0.0,0.0,0.0,17.0,2.0,0.0,0.0,0.0,1.0,9.0,4.0,8.0,26.0,51.0,15.0,9.0,0.0,0.0,0.0,0.0,0.0,0.0,0.0,0.0,0.0,0.0,0.0,0.0,0.0,0.0,0.0,0.0,0.0,0.0,0.0,0.0,0.0,24.0,2.0,0.0,0.0,0.0,1.0,11.0,4.0,11.0,42.0,75.0,16.0,15.0
906,1.0,906.0,London_170,,151,453,1092.0,70.0,2.0,143601.0,1.0795492976903915,770.0,93.0,0.0,93.0,154.0,0.0,154.0,283.0,202.0,113.0,23.0,68.0,12.0,25.0,2.0,8.0,5.0,70.0,145.0,233.0,31.0,0.0,0.0,0.0,0.0,0.0,0.0,0.0,0.0,0.0,0.0,0.0,0.0,0.0,0.0,0.0,0.0,0.0,0.0,0.0,0.0,0.0,0.0,0.0,0.0,0.0,0.0,0.0,0.0,0.0,0.0,0.0,0.0,0.0,0.0,0.0,0.0,0.0,0.0,0.0,0.0,3.0,2.0,2.0,0.0,3.0,0.0,4.0,6.0,7.0,7.0,19.0,20.0,13.0,7.0,0.0,0.0,0.0,0.0,0.0,0.0,0.0,0.0,0.0,0.0,0.0,0.0,0.0,0.0,0.0,0.0,0.0,0.0,0.0,0.0,3.0,2.0,2.0,0.0,3.0,0.0,4.0,9.0,11.0,7.0,27.0,28.0,19.0,10.0
907,1.0,907.0,London_170,,151,453,1092.0,70.0,2.0,141789.0,1.4516646731644869,766.0,10.0,1.0,9.0,25.0,9.0,16.0,154.0,213.0,125.0,17.0,46.0,17.0,26.0,2.0,7.0,8.0,78.0,149.0,218.0,44.0,0.0,0.0,0.0,0.0,0.0,0.0,0.0,0.0,0.0,1.0,0.0,0.0,0.0,1.0,0.0,0.0,0.0,0.0,1.0,0.0,0.0,0.0,0.0,0.0,0.0,0.0,0.0,0.0,0.0,1.0,0.0,0.0,0.0,0.0,0.0,1.0,0.0,0.0,0.0,0.0,0.0,1.0,1.0,0.0,0.0,0.0,1.0,1.0,1.0,3.0,3.0,3.0,4.0,0.0,0.0,0.0,0.0,0.0,0.0,0.0,0.0,0.0,0.0,7.0,0.0,0.0,0.0,0.0,0.0,3.0,0.0,0.0,0.0,0.0,0.0,1.0,1.0,0.0,0.0,0.0,2.0,2.0,2.0,3.0,3.0,4.0,4.0,0.0
908,1.0,908.0,London_170,,151,453,1092.0,70.0,2.0,177576.0,1.6323593039996922,845.0,105.0,0.0,105.0,170.0,0.0,170.0,24.0,213.0,122.0,20.0,51.0,17.0,25.0,0.0,5.0,9.0,77.0,148.0,219.0,48.0,0.0,0.0,0.0,0.0,0.0,0.0,0.0,0.0,0.0,0.0,0.0,0.0,0.0,0.0,0.0,0.0,0.0,0.0,0.0,0.0,0.0,0.0,0.0,0.0,0.0,0.0,0.0,0.0,0.0,0.0,0.0,0.0,0.0,0.0,0.0,0.0,0.0,0.0,0.0,0.0,1.0,10.0,1.0,1.0,0.0,0.0,10.0,8.0,11.0,6.0,22.0,21.0,23.0,4.0,0.0,0.0,0.0,0.0,0.0,0.0,0.0,0.0,0.0,0.0,0.0,0.0,0.0,0.0,0.0,0.0,0.0,0.0,0.0,0.0,2.0,14.0,1.0,1.0,0.0,0.0,13.0,12.0,13.0,7.0,27.0,33.0,27.0,5.0
909,1.0,909.0,London_170,,151,453,1092.0,70.0,2.0,164439.0,1.5447724247351289,816.0,100.0,2.0,98.0,179.0,19.0,160.0,170.0,229.0,118.0,9.0,46.0,24.0,18.0,1.0,8.0,6.0,80.0,135.0,232.0,47.0,0.0,0.0,0.0,0.0,0.0,0.0,0.0,0.0,0.0,0.0,0.0,0.0,0.0,0.0,0.0,0.0,0.0,0.0,0.0,0.0,0.0,0.0,0.0,0.0,0.0,0.0,0.0,0.0,0.0,0.0,2.0,0.0,1.0,0.0,0.0,1.0,0.0,0.0,0.0,0.0,4.0,0.0,3.0,2.0,5.0,0.0,11.0,6.0,9.0,8.0,14.0,22.0,22.0,7.0,0.0,0.0,0.0,0.0,0.0,0.0,0.0,0.0,0.0,0.0,14.0,0.0,5.0,0.0,0.0,4.0,0.0,0.0,0.0,0.0,4.0,0.0,4.0,3.0,5.0,0.0,12.0,7.0,12.0,10.0,20.0,33.0,26.0,11.0
910,1.0,910.0,London_170,,151,453,1092.0,70.0,2.0,158550.0,1.0574144488200545,803.0,81.0,0.0,81.0,146.0,0.0,146.0,179.0,242.0,111.0,14.0,45.0,16.0,18.0,3.0,4.0,7.0,64.0,153.0,229.0,42.0,0.0,0.0,0.0,0.0,0.0,0.0,0.0,0.0,0.0,0.0,0.0,0.0,0.0,0.0,0.0,0.0,0.0,0.0,0.0,0.0,0.0,0.0,0.0,0.0,0.0,0.0,0.0,0.0,0.0,0.0,0.0,0.0,0.0,0.0,0.0,0.0,0.0,0.0,0.0,0.0,6.0,2.0,2.0,2.0,2.0,0.0,7.0,8.0,8.0,10.0,22.0,24.0,14.0,6.0,0.0,0.0,0.0,0.0,0.0,0.0,0.0,0.0,0.0,0.0,0.0,0.0,0.0,0.0,0.0,0.0,0.0,0.0,0.0,0.0,7.0,3.0,2.0,6.0,2.0,0.0,9.0,11.0,12.0,16.0,39.0,35.0,18.0,11.0
911,1.0,911.0,London_170,,151,453,1092.0,70.0,2.0,156285.0,1.286156500224024,798.0,106.0,0.0,106.0,175.0,0.0,175.0,146.0,258.0,98.0,12.0,41.0,20.0,16.0,2.0,6.0,6.0,71.0,162.0,214.0,47.0,0.0,0.0,0.0,0.0,0.0,0.0,0.0,0.0,0.0,0.0,0.0,0.0,0.0,0.0,0.0,0.0,0.0,0.0,0.0,0.0,0.0,0.0,0.0,0.0,0.0,0.0,0.0,0.0,0.0,0.0,0.0,0.0,0.0,0.0,0.0,0.0,0.0,0.0,0.0,0.0,6.0,5.0,0.0,3.0,1.0,0.0,10.0,13.0,4.0,16.0,25.0,23.0,24.0,5.0,0.0,0.0,0.0,0.0,0.0,0.0,0.0,0.0,0.0,0.0,0.0,0.0,0.0,0.0,0.0,0.0,0.0,0.0,0.0,0.0,6.0,5.0,0.0,4.0,1.0,0.0,11.0,19.0,4.0,19.0,33.0,31.0,30.0,7.0
912,1.0,912.0,London_170,,151,453,1092.0,70.0,2.0,139524.0,1.2604374322108924,761.0,124.0,0.0,124.0,217.0,0.0,217.0,175.0,262.0,100.0,13.0,38.0,22.0,15.0,0.0,3.0,8.0,73.0,160.0,212.0,39.0,0.0,0.0,0.0,0.0,0.0,0.0,0.0,0.0,0.0,0.0,0.0,0.0,0.0,0.0,0.0,0.0,0.0,0.0,0.0,0.0,0.0,0.0,0.0,0.0,0.0,0.0,0.0,0.0,0.0,0.0,0.0,0.0,0.0,0.0,0.0,0.0,0.0,0.0,0.0,0.0,1.0,12.0,0.0,2.0,2.0,0.0,4.0,12.0,1.0,7.0,26.0,31.0,19.0,9.0,0.0,0.0,0.0,0.0,0.0,0.0,0.0,0.0,0.0,0.0,0.0,0.0,0.0,0.0,0.0,0.0,0.0,0.0,0.0,0.0,1.0,15.0,0.0,3.0,2.0,0.0,5.0,14.0,1.0,8.0,35.0,47.0,25.0,14.0
913,1.0,913.0,London_170,,151,453,1092.0,70.0,2.0,120498.0,1.0016943323425949,719.0,55.0,2.0,53.0,112.0,19.0,93.0,217.0,268.0,72.0,21.0,62.0,12.0,15.0,0.0,3.0,4.0,80.0,154.0,215.0,29.0,0.0,0.0,0.0,0.0,0.0,0.0,0.0,0.0,0.0,0.0,0.0,0.0,0.0,0.0,0.0,0.0,0.0,0.0,0.0,0.0,0.0,0.0,0.0,0.0,0.0,0.0,0.0,0.0,0.0,2.0,0.0,0.0,0.0,0.0,2.0,2.0,1.0,0.0,0.0,0.0,0.0,1.0,1.0,0.0,1.0,0.0,3.0,11.0,6.0,4.0,13.0,8.0,14.0,4.0,0.0,0.0,0.0,0.0,0.0,0.0,0.0,0.0,0.0,11.0,0.0,0.0,0.0,0.0,14.0,9.0,10.0,0.0,0.0,0.0,0.0,1.0,1.0,0.0,1.0,0.0,3.0,15.0,11.0,5.0,25.0,11.0,20.0,4.0
914,1.0,914.0,London_170,,151,453,1092.0,70.0,2.0,130011.0,1.0381376002915204,740.0,46.0,2.0,44.0,95.0,17.0,78.0,112.0,281.0,58.0,23.0,78.0,4.0,7.0,0.0,2.0,3.0,88.0,153.0,209.0,19.0,0.0,0.0,0.0,0.0,0.0,0.0,0.0,0.0,0.0,0.0,0.0,0.0,0.0,0.0,0.0,0.0,0.0,0.0,0.0,0.0,0.0,0.0,0.0,0.0,0.0,0.0,0.0,0.0,0.0,0.0,0.0,0.0,2.0,0.0,1.0,2.0,0.0,0.0,0.0,0.0,0.0,0.0,0.0,0.0,0.0,0.0,1.0,5.0,1.0,5.0,6.0,10.0,11.0,3.0,0.0,0.0,0.0,0.0,0.0,0.0,0.0,0.0,0.0,0.0,0.0,0.0,13.0,0.0,8.0,5.0,0.0,0.0,0.0,0.0,0.0,0.0,0.0,0.0,0.0,0.0,1.0,8.0,1.0,5.0,10.0,12.0,15.0,3.0
915,1.0,915.0,London_170,,151,453,1092.0,70.0,2.0,147225.0,1.1580130960792303,778.0,37.0,2.0,35.0,76.0,18.0,58.0,95.0,285.0,51.0,20.0,75.0,5.0,15.0,1.0,1.0,4.0,79.0,156.0,214.0,21.0,0.0,0.0,0.0,0.0,0.0,0.0,0.0,0.0,0.0,1.0,0.0,0.0,0.0,0.0,0.0,1.0,0.0,0.0,1.0,0.0,0.0,0.0,0.0,0.0,0.0,0.0,0.0,0.0,0.0,1.0,0.0,0.0,1.0,0.0,0.0,0.0,0.0,0.0,0.0,0.0,1.0,1.0,0.0,0.0,0.0,0.0,3.0,1.0,5.0,6.0,8.0,9.0,7.0,2.0,0.0,0.0,0.0,0.0,0.0,0.0,0.0,0.0,0.0,2.0,0.0,0.0,5.0,0.0,0.0,0.0,0.0,0.0,0.0,0.0,1.0,1.0,0.0,0.0,0.0,0.0,4.0,2.0,7.0,8.0,13.0,15.0,8.0,3.0
916,1.0,916.0,London_170,,151,453,1092.0,70.0,2.0,175764.0,1.169706396292895,841.0,143.0,1.0,142.0,241.0,9.0,232.0,71.0,288.0,51.0,23.0,72.0,5.0,12.0,0.0,2.0,2.0,80.0,155.0,216.0,22.0,0.0,0.0,0.0,0.0,0.0,0.0,0.0,0.0,0.0,0.0,0.0,0.0,0.0,0.0,0.0,0.0,0.0,0.0,0.0,0.0,0.0,0.0,0.0,0.0,0.0,0.0,0.0,0.0,0.0,0.0,0.0,0.0,0.0,0.0,0.0,0.0,0.0,0.0,0.0,0.0,1.0,18.0,0.0,0.0,0.0,1.0,6.0,3.0,0.0,12.0,30.0,32.0,17.0,5.0,0.0,0.0,0.0,0.0,0.0,0.0,0.0,0.0,0.0,0.0,0.0,0.0,0.0,0.0,0.0,0.0,0.0,0.0,0.0,0.0,1.0,26.0,0.0,0.0,0.0,3.0,7.0,5.0,0.0,18.0,39.0,46.0,18.0,8.0
917,1.0,917.0,London_170,,151,453,1092.0,70.0,2.0,151302.0,1.256834824103862,787.0,28.0,2.0,26.0,66.0,20.0,46.0,241.0,240.0,97.0,16.0,71.0,6.0,19.0,0.0,4.0,1.0,82.0,159.0,211.0,26.0,0.0,0.0,0.0,0.0,0.0,0.0,0.0,0.0,0.0,0.0,0.0,0.0,0.0,0.0,0.0,0.0,0.0,0.0,0.0,0.0,0.0,0.0,0.0,0.0,0.0,0.0,0.0,0.0,0.0,0.0,1.0,0.0,1.0,0.0,0.0,1.0,0.0,0.0,0.0,0.0,2.0,3.0,0.0,0.0,0.0,0.0,0.0,2.0,3.0,5.0,2.0,3.0,5.0,1.0,0.0,0.0,0.0,0.0,0.0,0.0,0.0,0.0,0.0,0.0,8.0,0.0,3.0,0.0,0.0,6.0,0.0,0.0,0.0,0.0,3.0,4.0,0.0,0.0,0.0,0.0,0.0,3.0,3.0,8.0,2.0,6.0,7.0,3.0
918,1.0,918.0,London_170,,151,453,1092.0,70.0,2.0,179841.0,1.3262065201997757,850.0,85.0,2.0,83.0,166.0,20.0,146.0,66.0,238.0,97.0,13.0,67.0,7.0,24.0,1.0,6.0,3.0,86.0,150.0,214.0,25.0,0.0,0.0,0.0,0.0,0.0,0.0,0.0,0.0,0.0,0.0,0.0,0.0,0.0,0.0,0.0,0.0,0.0,0.0,0.0,0.0,0.0,0.0,0.0,0.0,0.0,0.0,0.0,0.0,0.0,0.0,1.0,0.0,1.0,0.0,0.0,1.0,1.0,0.0,0.0,0.0,2.0,4.0,3.0,2.0,1.0,0.0,8.0,3.0,7.0,4.0,7.0,27.0,16.0,9.0,0.0,0.0,0.0,0.0,0.0,0.0,0.0,0.0,0.0,0.0,9.0,0.0,8.0,0.0,0.0,2.0,11.0,0.0,0.0,0.0,2.0,4.0,4.0,3.0,1.0,0.0,9.0,4.0,8.0,5.0,15.0,40.0,20.0,13.0
919,1.0,919.0,London_170,,151,453,1092.0,70.0,2.0,174405.0,1.2626737910322845,838.0,126.0,0.0,126.0,214.0,0.0,214.0,166.0,242.0,105.0,9.0,61.0,6.0,25.0,2.0,3.0,9.0,101.0,143.0,200.0,43.0,0.0,0.0,0.0,0.0,0.0,0.0,0.0,0.0,0.0,0.0,0.0,0.0,0.0,0.0,0.0,0.0,0.0,0.0,0.0,0.0,0.0,0.0,0.0,0.0,0.0,0.0,0.0,0.0,0.0,0.0,0.0,0.0,0.0,0.0,0.0,0.0,0.0,0.0,0.0,0.0,0.0,4.0,1.0,0.0,0.0,0.0,14.0,3.0,5.0,8.0,22.0,24.0,23.0,5.0,0.0,0.0,0.0,0.0,0.0,0.0,0.0,0.0,0.0,0.0,0.0,0.0,0.0,0.0,0.0,0.0,0.0,0.0,0.0,0.0,0.0,4.0,1.0,0.0,0.0,0.0,16.0,3.0,7.0,9.0,33.0,30.0,27.0,7.0
920,1.0,920.0,London_170,,151,453,1092.0,70.0,2.0,143601.0,1.426147615071386,770.0,136.0,2.0,134.0,253.0,18.0,235.0,214.0,250.0,98.0,13.0,47.0,8.0,33.0,1.0,3.0,8.0,87.0,162.0,196.0,34.0,0.0,0.0,0.0,0.0,0.0,0.0,0.0,0.0,0.0,0.0,0.0,0.0,0.0,0.0,0.0,0.0,0.0,0.0,0.0,0.0,0.0,0.0,0.0,0.0,0.0,0.0,0.0,0.0,0.0,0.0,0.0,0.0,1.0,1.0,0.0,1.0,0.0,0.0,0.0,0.0,1.0,8.0,5.0,8.0,3.0,0.0,8.0,6.0,6.0,6.0,25.0,36.0,23.0,10.0,0.0,0.0,0.0,0.0,0.0,0.0,0.0,0.0,0.0,0.0,0.0,0.0,3.0,6.0,0.0,2.0,0.0,0.0,0.0,0.0,1.0,12.0,5.0,14.0,3.0,0.0,10.0,8.0,7.0,7.0,38.0,53.0,27.0,18.0
921,1.0,921.0,London_170,,151,453,1092.0,70.0,2.0,109173.0,0.6868736827746034,694.0,78.0,0.0,78.0,132.0,0.0,132.0,253.0,234.0,98.0,21.0,60.0,7.0,24.0,1.0,8.0,4.0,77.0,152.0,220.0,28.0,0.0,0.0,0.0,0.0,0.0,0.0,0.0,0.0,0.0,0.0,0.0,0.0,0.0,0.0,0.0,0.0,0.0,0.0,0.0,0.0,0.0,0.0,0.0,0.0,0.0,0.0,0.0,0.0,0.0,0.0,0.0,0.0,0.0,0.0,0.0,0.0,0.0,0.0,0.0,0.0,4.0,0.0,0.0,1.0,1.0,0.0,10.0,5.0,5.0,5.0,11.0,19.0,18.0,6.0,0.0,0.0,0.0,0.0,0.0,0.0,0.0,0.0,0.0,0.0,0.0,0.0,0.0,0.0,0.0,0.0,0.0,0.0,0.0,0.0,7.0,0.0,0.0,1.0,1.0,0.0,12.0,7.0,5.0,7.0,15.0,26.0,21.0,8.0
922,1.0,922.0,London_170,,151,453,1092.0,70.0,2.0,105549.0,0.7426360524259508,686.0,61.0,0.0,61.0,101.0,0.0,101.0,132.0,248.0,111.0,22.0,37.0,4.0,26.0,1.0,4.0,3.0,85.0,151.0,214.0,31.0,0.0,0.0,0.0,0.0,0.0,0.0,0.0,0.0,0.0,0.0,0.0,0.0,0.0,0.0,0.0,0.0,0.0,0.0,0.0,0.0,0.0,0.0,0.0,0.0,0.0,0.0,0.0,0.0,0.0,0.0,0.0,0.0,0.0,0.0,0.0,0.0,0.0,0.0,0.0,0.0,0.0,5.0,0.0,3.0,7.0,0.0,3.0,3.0,3.0,5.0,14.0,21.0,9.0,6.0,0.0,0.0,0.0,0.0,0.0,0.0,0.0,0.0,0.0,0.0,0.0,0.0,0.0,0.0,0.0,0.0,0.0,0.0,0.0,0.0,0.0,7.0,0.0,4.0,8.0,0.0,4.0,3.0,4.0,6.0,20.0,30.0,11.0,9.0
923,1.0,923.0,London_170,,151,453,1092.0,70.0,2.0,112344.0,0.7899036458693445,701.0,72.0,0.0,72.0,125.0,0.0,125.0,101.0,253.0,112.0,18.0,30.0,5.0,31.0,1.0,3.0,4.0,76.0,169.0,204.0,41.0,0.0,0.0,0.0,0.0,0.0,0.0,0.0,0.0,0.0,0.0,0.0,0.0,0.0,0.0,0.0,0.0,0.0,0.0,0.0,0.0,0.0,0.0,0.0,0.0,0.0,0.0,0.0,0.0,0.0,0.0,0.0,0.0,0.0,0.0,0.0,0.0,0.0,0.0,0.0,0.0,1.0,3.0,1.0,0.0,6.0,0.0,5.0,7.0,5.0,3.0,10.0,16.0,13.0,4.0,0.0,0.0,0.0,0.0,0.0,0.0,0.0,0.0,0.0,0.0,0.0,0.0,0.0,0.0,0.0,0.0,0.0,0.0,0.0,0.0,1.0,5.0,1.0,0.0,7.0,0.0,5.0,9.0,5.0,3.0,17.0,21.0,17.0,7.0
924,1.0,924.0,London_170,,151,453,1092.0,70.0,2.0,117327.0,1.408743407111615,712.0,41.0,0.0,41.0,68.0,0.0,68.0,125.0,260.0,101.0,6.0,38.0,8.0,33.0,1.0,6.0,6.0,78.0,158.0,211.0,50.0,0.0,0.0,0.0,0.0,0.0,0.0,0.0,0.0,0.0,0.0,0.0,0.0,0.0,0.0,0.0,0.0,0.0,0.0,0.0,0.0,0.0,0.0,0.0,0.0,0.0,0.0,0.0,0.0,0.0,0.0,0.0,0.0,0.0,0.0,0.0,0.0,0.0,0.0,0.0,0.0,0.0,3.0,0.0,0.0,0.0,0.0,4.0,6.0,5.0,6.0,8.0,13.0,10.0,7.0,0.0,0.0,0.0,0.0,0.0,0.0,0.0,0.0,0.0,0.0,0.0,0.0,0.0,0.0,0.0,0.0,0.0,0.0,0.0,0.0,0.0,6.0,0.0,0.0,0.0,0.0,6.0,8.0,7.0,7.0,14.0,16.0,11.0,11.0
925,1.0,925.0,London_170,,151,453,1092.0,70.0,2.0,148131.0,0.8212263258174062,780.0,1.0,0.0,1.0,2.0,0.0,2.0,68.0,264.0,99.0,8.0,34.0,5.0,37.0,0.0,6.0,7.0,75.0,162.0,209.0,48.0,0.0,0.0,0.0,0.0,0.0,0.0,0.0,0.0,0.0,0.0,0.0,0.0,0.0,0.0,0.0,0.0,0.0,0.0,0.0,0.0,0.0,0.0,0.0,0.0,0.0,0.0,0.0,0.0,0.0,0.0,0.0,0.0,0.0,0.0,0.0,0.0,0.0,0.0,0.0,0.0,0.0,0.0,0.0,0.0,0.0,0.0,0.0,0.0,0.0,1.0,0.0,0.0,0.0,0.0,0.0,0.0,0.0,0.0,0.0,0.0,0.0,0.0,0.0,0.0,0.0,0.0,0.0,0.0,0.0,0.0,0.0,0.0,0.0,0.0,0.0,0.0,0.0,0.0,0.0,0.0,0.0,0.0,0.0,1.0,0.0,0.0,0.0,0.0
926,1.0,926.0,London_170,,151,453,1092.0,70.0,2.0,210192.0,1.4717913251370192,917.0,88.0,0.0,88.0,152.0,0.0,152.0,2.0,265.0,97.0,8.0,34.0,6.0,37.0,0.0,6.0,7.0,76.0,163.0,207.0,48.0,0.0,0.0,0.0,0.0,0.0,0.0,0.0,0.0,0.0,0.0,0.0,0.0,0.0,0.0,0.0,0.0,0.0,0.0,0.0,0.0,0.0,0.0,0.0,0.0,0.0,0.0,0.0,0.0,0.0,0.0,0.0,0.0,0.0,0.0,0.0,0.0,0.0,0.0,0.0,0.0,1.0,0.0,0.0,0.0,1.0,1.0,15.0,11.0,8.0,3.0,18.0,16.0,19.0,7.0,0.0,0.0,0.0,0.0,0.0,0.0,0.0,0.0,0.0,0.0,0.0,0.0,0.0,0.0,0.0,0.0,0.0,0.0,0.0,0.0,1.0,0.0,0.0,0.0,1.0,2.0,20.0,15.0,8.0,4.0,26.0,21.0,22.0,7.0
927,1.0,927.0,London_170,,151,453,1092.0,70.0,2.0,226047.0,1.190819579642266,952.0,114.0,2.0,112.0,224.0,18.0,206.0,152.0,274.0,72.0,12.0,46.0,10.0,32.0,1.0,6.0,8.0,79.0,169.0,197.0,36.0,0.0,0.0,0.0,0.0,0.0,0.0,0.0,0.0,0.0,0.0,0.0,0.0,0.0,0.0,0.0,0.0,0.0,0.0,0.0,0.0,0.0,0.0,0.0,0.0,0.0,0.0,0.0,0.0,0.0,0.0,0.0,0.0,0.0,0.0,1.0,1.0,0.0,0.0,0.0,0.0,3.0,4.0,0.0,1.0,1.0,0.0,6.0,4.0,5.0,7.0,17.0,30.0,18.0,8.0,0.0,0.0,0.0,0.0,0.0,0.0,0.0,0.0,0.0,0.0,0.0,0.0,0.0,0.0,8.0,2.0,0.0,0.0,0.0,0.0,3.0,6.0,0.0,2.0,1.0,0.0,8.0,5.0,8.0,8.0,27.0,44.0,25.0,11.0
928,1.0,928.0,London_170,,151,453,1092.0,70.0,2.0,222876.0,1.3114310973323882,945.0,114.0,2.0,112.0,208.0,19.0,189.0,224.0,241.0,84.0,14.0,66.0,7.0,35.0,0.0,6.0,4.0,88.0,154.0,207.0,31.0,0.0,0.0,0.0,0.0,0.0,0.0,0.0,0.0,0.0,0.0,0.0,0.0,0.0,0.0,0.0,0.0,0.0,0.0,0.0,0.0,0.0,0.0,0.0,0.0,0.0,0.0,0.0,0.0,0.0,0.0,0.0,0.0,1.0,0.0,1.0,1.0,0.0,0.0,0.0,0.0,3.0,9.0,2.0,1.0,0.0,1.0,12.0,5.0,13.0,10.0,16.0,26.0,12.0,11.0,0.0,0.0,0.0,0.0,0.0,0.0,0.0,0.0,0.0,0.0,0.0,0.0,5.0,0.0,9.0,4.0,0.0,0.0,0.0,0.0,4.0,12.0,2.0,1.0,0.0,1.0,15.0,8.0,17.0,14.0,25.0,35.0,16.0,17.0
929,1.0,929.0,London_170,,151,453,1092.0,70.0,2.0,212910.0,1.044271448161453,923.0,81.0,1.0,80.0,150.0,10.0,140.0,208.0,246.0,85.0,18.0,62.0,6.0,27.0,0.0,9.0,3.0,86.0,147.0,217.0,43.0,0.0,0.0,0.0,0.0,0.0,0.0,0.0,0.0,0.0,0.0,0.0,0.0,0.0,0.0,0.0,0.0,0.0,0.0,0.0,0.0,0.0,0.0,0.0,0.0,0.0,0.0,0.0,0.0,0.0,1.0,0.0,0.0,1.0,0.0,0.0,1.0,0.0,0.0,0.0,0.0,0.0,4.0,0.0,1.0,4.0,0.0,9.0,9.0,6.0,9.0,15.0,23.0,19.0,4.0,0.0,0.0,0.0,0.0,0.0,0.0,0.0,0.0,0.0,5.0,0.0,0.0,5.0,0.0,0.0,3.0,0.0,0.0,0.0,0.0,0.0,5.0,0.0,2.0,4.0,0.0,15.0,10.0,8.0,13.0,24.0,32.0,27.0,7.0
930,1.0,930.0,London_170,,151,453,1092.0,70.0,2.0,223329.0,1.5910387369804084,946.0,139.0,1.0,138.0,253.0,10.0,243.0,150.0,248.0,94.0,17.0,61.0,6.0,22.0,2.0,3.0,6.0,84.0,166.0,197.0,38.0,0.0,0.0,0.0,0.0,0.0,0.0,0.0,0.0,0.0,0.0,0.0,0.0,0.0,0.0,0.0,0.0,0.0,0.0,0.0,0.0,0.0,0.0,0.0,0.0,0.0,0.0,0.0,0.0,0.0,0.0,0.0,0.0,0.0,0.0,0.0,1.0,0.0,0.0,0.0,0.0,2.0,10.0,0.0,1.0,9.0,1.0,5.0,8.0,3.0,13.0,25.0,27.0,14.0,15.0,0.0,0.0,0.0,0.0,0.0,0.0,0.0,0.0,0.0,0.0,0.0,0.0,0.0,0.0,0.0,1.0,0.0,0.0,0.0,0.0,3.0,11.0,0.0,1.0,11.0,1.0,9.0,10.0,4.0,18.0,37.0,41.0,19.0,24.0
931,1.0,931.0,London_170,,151,453,1092.0,70.0,2.0,196602.0,1.1362760113552213,887.0,190.0,0.0,190.0,330.0,0.0,330.0,253.0,223.0,90.0,24.0,70.0,8.0,29.0,1.0,8.0,2.0,74.0,157.0,220.0,35.0,0.0,0.0,0.0,0.0,0.0,0.0,0.0,0.0,0.0,0.0,0.0,0.0,0.0,0.0,0.0,0.0,0.0,0.0,0.0,0.0,0.0,0.0,0.0,0.0,0.0,0.0,0.0,0.0,0.0,0.0,0.0,0.0,0.0,0.0,0.0,0.0,0.0,0.0,0.0,0.0,1.0,18.0,0.0,5.0,2.0,0.0,10.0,13.0,5.0,11.0,35.0,40.0,33.0,16.0,0.0,0.0,0.0,0.0,0.0,0.0,0.0,0.0,0.0,0.0,0.0,0.0,0.0,0.0,0.0,0.0,0.0,0.0,0.0,0.0,1.0,27.0,0.0,8.0,2.0,0.0,13.0,17.0,9.0,12.0,55.0,58.0,44.0,24.0
932,1.0,932.0,London_170,,151,453,1092.0,70.0,2.0,143148.0,1.2599481721408665,769.0,154.0,2.0,152.0,283.0,18.0,265.0,330.0,163.0,106.0,19.0,102.0,11.0,37.0,1.0,14.0,8.0,70.0,171.0,204.0,43.0,0.0,0.0,0.0,0.0,0.0,0.0,0.0,0.0,0.0,0.0,0.0,0.0,0.0,0.0,0.0,0.0,0.0,0.0,0.0,0.0,0.0,0.0,0.0,0.0,0.0,0.0,0.0,0.0,0.0,0.0,0.0,0.0,1.0,0.0,1.0,1.0,0.0,0.0,0.0,0.0,4.0,5.0,2.0,3.0,1.0,1.0,7.0,13.0,11.0,12.0,30.0,41.0,19.0,20.0,0.0,0.0,0.0,0.0,0.0,0.0,0.0,0.0,0.0,0.0,0.0,0.0,2.0,0.0,6.0,2.0,0.0,0.0,0.0,0.0,5.0,6.0,2.0,4.0,1.0,2.0,8.0,23.0,16.0,15.0,48.0,63.0,25.0,29.0
933,1.0,933.0,London_170,,151,453,1092.0,70.0,2.0,101019.0,0.45085871824994683,676.0,60.0,2.0,58.0,117.0,16.0,101.0,283.0,173.0,91.0,31.0,98.0,5.0,41.0,2.0,12.0,8.0,71.0,161.0,213.0,39.0,0.0,0.0,0.0,0.0,0.0,0.0,0.0,0.0,0.0,0.0,0.0,0.0,0.0,0.0,0.0,0.0,0.0,0.0,0.0,0.0,0.0,0.0,0.0,0.0,0.0,0.0,0.0,0.0,0.0,0.0,0.0,0.0,0.0,0.0,1.0,1.0,0.0,0.0,0.0,0.0,0.0,2.0,0.0,1.0,0.0,0.0,7.0,7.0,2.0,9.0,13.0,16.0,15.0,4.0,0.0,0.0,0.0,0.0,0.0,0.0,0.0,0.0,0.0,0.0,0.0,0.0,0.0,0.0,5.0,2.0,0.0,0.0,0.0,0.0,0.0,3.0,0.0,3.0,0.0,0.0,9.0,12.0,2.0,13.0,19.0,32.0,18.0,8.0
934,1.0,934.0,London_170,,151,453,1092.0,70.0,2.0,99207.0,0.46618207171559334,672.0,12.0,2.0,10.0,33.0,18.0,15.0,117.0,173.0,110.0,38.0,79.0,5.0,38.0,3.0,7.0,8.0,84.0,158.0,203.0,41.0,0.0,0.0,0.0,0.0,0.0,0.0,0.0,0.0,0.0,0.0,0.0,0.0,0.0,0.0,0.0,0.0,0.0,0.0,0.0,0.0,0.0,0.0,0.0,0.0,0.0,0.0,0.0,0.0,0.0,1.0,0.0,0.0,1.0,0.0,1.0,1.0,0.0,0.0,0.0,0.0,1.0,0.0,0.0,0.0,0.0,0.0,0.0,3.0,1.0,1.0,3.0,0.0,2.0,1.0,0.0,0.0,0.0,0.0,0.0,0.0,0.0,0.0,0.0,2.0,0.0,0.0,6.0,0.0,8.0,5.0,0.0,0.0,0.0,0.0,1.0,0.0,0.0,0.0,0.0,0.0,0.0,5.0,1.0,1.0,5.0,0.0,2.0,1.0
935,1.0,935.0,London_170,,151,453,1092.0,70.0,2.0,115515.0,0.6047685332596302,708.0,31.0,0.0,31.0,59.0,0.0,59.0,33.0,175.0,123.0,39.0,80.0,4.0,21.0,4.0,7.0,6.0,81.0,161.0,205.0,42.0,0.0,0.0,0.0,0.0,0.0,0.0,0.0,0.0,0.0,0.0,0.0,0.0,0.0,0.0,0.0,0.0,0.0,0.0,0.0,0.0,0.0,0.0,0.0,0.0,0.0,0.0,0.0,0.0,0.0,0.0,0.0,0.0,0.0,0.0,0.0,0.0,0.0,0.0,0.0,0.0,0.0,1.0,1.0,0.0,1.0,0.0,0.0,4.0,0.0,3.0,7.0,8.0,12.0,4.0,0.0,0.0,0.0,0.0,0.0,0.0,0.0,0.0,0.0,0.0,0.0,0.0,0.0,0.0,0.0,0.0,0.0,0.0,0.0,0.0,0.0,2.0,1.0,0.0,1.0,0.0,0.0,6.0,0.0,4.0,11.0,13.0,16.0,7.0
936,1.0,936.0,London_170,,151,453,1092.0,70.0,2.0,133635.0,0.8985054069198668,748.0,123.0,1.0,122.0,219.0,10.0,209.0,59.0,181.0,121.0,38.0,73.0,5.0,22.0,4.0,9.0,6.0,85.0,150.0,212.0,44.0,0.0,0.0,0.0,0.0,0.0,0.0,0.0,0.0,0.0,0.0,0.0,0.0,0.0,0.0,0.0,0.0,0.0,0.0,0.0,0.0,0.0,0.0,0.0,0.0,0.0,0.0,0.0,0.0,0.0,1.0,0.0,0.0,1.0,0.0,1.0,0.0,1.0,0.0,0.0,0.0,5.0,9.0,12.0,0.0,5.0,0.0,14.0,7.0,5.0,16.0,29.0,26.0,31.0,7.0,0.0,0.0,0.0,0.0,0.0,0.0,0.0,0.0,0.0,3.0,0.0,0.0,5.0,0.0,5.0,0.0,9.0,0.0,0.0,0.0,7.0,9.0,13.0,0.0,5.0,0.0,19.0,10.0,7.0,21.0,42.0,31.0,33.0,7.0
937,1.0,937.0,London_170,,151,453,1092.0,70.0,2.0,107814.0,0.9830388417467475,691.0,13.0,0.0,13.0,21.0,0.0,21.0,219.0,201.0,144.0,14.0,59.0,3.0,27.0,1.0,4.0,9.0,77.0,147.0,220.0,59.0,0.0,0.0,0.0,0.0,0.0,0.0,0.0,0.0,0.0,0.0,0.0,0.0,0.0,0.0,0.0,0.0,0.0,0.0,0.0,0.0,0.0,0.0,0.0,0.0,0.0,0.0,0.0,0.0,0.0,0.0,0.0,0.0,0.0,0.0,0.0,0.0,0.0,0.0,0.0,0.0,0.0,0.0,0.0,2.0,1.0,0.0,2.0,2.0,1.0,2.0,2.0,4.0,3.0,2.0,0.0,0.0,0.0,0.0,0.0,0.0,0.0,0.0,0.0,0.0,0.0,0.0,0.0,0.0,0.0,0.0,0.0,0.0,0.0,0.0,0.0,0.0,0.0,4.0,1.0,0.0,3.0,2.0,1.0,3.0,3.0,6.0,4.0,3.0
938,1.0,938.0,London_170,,151,453,1092.0,70.0,2.0,146772.0,1.1829331028275192,777.0,164.0,0.0,164.0,276.0,0.0,276.0,21.0,202.0,139.0,15.0,58.0,3.0,31.0,1.0,4.0,10.0,75.0,153.0,215.0,64.0,0.0,0.0,0.0,0.0,0.0,0.0,0.0,0.0,0.0,0.0,0.0,0.0,0.0,0.0,0.0,0.0,0.0,0.0,0.0,0.0,0.0,0.0,0.0,0.0,0.0,0.0,0.0,0.0,0.0,0.0,0.0,0.0,0.0,0.0,0.0,0.0,0.0,0.0,0.0,0.0,4.0,12.0,2.0,3.0,3.0,0.0,2.0,12.0,3.0,10.0,30.0,41.0,19.0,11.0,0.0,0.0,0.0,0.0,0.0,0.0,0.0,0.0,0.0,0.0,0.0,0.0,0.0,0.0,0.0,0.0,0.0,0.0,0.0,0.0,4.0,14.0,2.0,4.0,4.0,0.0,3.0,18.0,3.0,11.0,47.0,48.0,21.0,16.0
939,1.0,939.0,London_170,,151,453,1092.0,70.0,2.0,101019.0,0.5488461554050446,676.0,22.0,2.0,20.0,49.0,16.0,33.0,276.0,208.0,114.0,23.0,81.0,4.0,19.0,2.0,2.0,9.0,91.0,161.0,192.0,29.0,0.0,0.0,0.0,0.0,0.0,0.0,0.0,0.0,0.0,0.0,0.0,0.0,0.0,0.0,0.0,0.0,0.0,0.0,0.0,0.0,0.0,0.0,0.0,0.0,0.0,0.0,0.0,0.0,0.0,2.0,0.0,0.0,1.0,0.0,0.0,1.0,0.0,0.0,0.0,0.0,0.0,1.0,0.0,0.0,0.0,0.0,0.0,0.0,2.0,2.0,4.0,8.0,6.0,0.0,0.0,0.0,0.0,0.0,0.0,0.0,0.0,0.0,0.0,5.0,0.0,0.0,2.0,0.0,0.0,3.0,0.0,0.0,0.0,0.0,0.0,1.0,0.0,0.0,0.0,0.0,0.0,0.0,4.0,2.0,5.0,10.0,8.0,0.0
940,1.0,940.0,London_170,,151,453,1092.0,70.0,2.0,125934.0,0.7096257731318474,731.0,14.0,2.0,12.0,39.0,19.0,20.0,49.0,209.0,115.0,28.0,82.0,1.0,14.0,0.0,4.0,6.0,90.0,162.0,195.0,24.0,0.0,0.0,0.0,0.0,0.0,0.0,0.0,0.0,0.0,0.0,0.0,0.0,0.0,0.0,0.0,0.0,0.0,0.0,0.0,0.0,0.0,0.0,0.0,0.0,0.0,0.0,0.0,0.0,0.0,0.0,1.0,0.0,0.0,0.0,1.0,1.0,0.0,0.0,0.0,0.0,0.0,0.0,0.0,0.0,0.0,0.0,1.0,0.0,0.0,0.0,3.0,2.0,2.0,2.0,0.0,0.0,0.0,0.0,0.0,0.0,0.0,0.0,0.0,0.0,5.0,0.0,0.0,0.0,6.0,6.0,0.0,0.0,0.0,0.0,0.0,0.0,0.0,0.0,0.0,0.0,1.0,0.0,0.0,0.0,3.0,3.0,2.0,3.0
941,1.0,941.0,London_170,,151,453,1092.0,70.0,2.0,168063.0,0.8858008338138461,824.0,29.0,0.0,29.0,51.0,0.0,51.0,39.0,205.0,113.0,29.0,81.0,4.0,15.0,0.0,6.0,5.0,89.0,158.0,201.0,16.0,0.0,0.0,0.0,0.0,0.0,0.0,0.0,0.0,0.0,0.0,0.0,0.0,0.0,0.0,0.0,0.0,0.0,0.0,0.0,0.0,0.0,0.0,0.0,0.0,0.0,0.0,0.0,0.0,0.0,0.0,0.0,0.0,0.0,0.0,0.0,0.0,0.0,0.0,0.0,0.0,2.0,1.0,0.0,0.0,0.0,0.0,2.0,1.0,2.0,1.0,5.0,8.0,8.0,3.0,0.0,0.0,0.0,0.0,0.0,0.0,0.0,0.0,0.0,0.0,0.0,0.0,0.0,0.0,0.0,0.0,0.0,0.0,0.0,0.0,3.0,1.0,0.0,0.0,0.0,0.0,2.0,1.0,2.0,1.0,8.0,12.0,12.0,6.0
942,1.0,942.0,London_170,,151,453,1092.0,70.0,2.0,202491.0,1.2969301869161427,900.0,180.0,2.0,178.0,341.0,19.0,322.0,51.0,207.0,114.0,27.0,80.0,4.0,16.0,0.0,5.0,6.0,86.0,158.0,203.0,20.0,0.0,0.0,0.0,0.0,0.0,0.0,0.0,0.0,0.0,0.0,0.0,0.0,0.0,0.0,0.0,0.0,0.0,0.0,0.0,0.0,0.0,0.0,0.0,0.0,0.0,0.0,0.0,0.0,0.0,0.0,0.0,0.0,0.0,0.0,1.0,0.0,0.0,0.0,0.0,0.0,5.0,6.0,0.0,1.0,9.0,1.0,20.0,3.0,6.0,10.0,33.0,49.0,48.0,17.0,0.0,0.0,0.0,0.0,0.0,0.0,0.0,0.0,0.0,0.0,0.0,0.0,0.0,0.0,8.0,0.0,0.0,0.0,0.0,0.0,6.0,7.0,0.0,3.0,10.0,2.0,21.0,4.0,7.0,15.0,50.0,64.0,60.0,25.0
943,1.0,943.0,London_170,,151,453,1092.0,70.0,2.0,164892.0,0.7145866430364549,817.0,97.0,0.0,97.0,167.0,0.0,167.0,341.0,156.0,128.0,28.0,88.0,10.0,32.0,2.0,9.0,6.0,60.0,164.0,223.0,39.0,0.0,0.0,0.0,0.0,0.0,0.0,0.0,0.0,0.0,0.0,0.0,0.0,0.0,0.0,0.0,0.0,0.0,0.0,0.0,0.0,0.0,0.0,0.0,0.0,0.0,0.0,0.0,0.0,0.0,0.0,0.0,0.0,0.0,0.0,0.0,0.0,0.0,0.0,0.0,0.0,6.0,5.0,1.0,3.0,1.0,0.0,8.0,13.0,3.0,14.0,17.0,27.0,21.0,9.0,0.0,0.0,0.0,0.0,0.0,0.0,0.0,0.0,0.0,0.0,0.0,0.0,0.0,0.0,0.0,0.0,0.0,0.0,0.0,0.0,7.0,6.0,1.0,5.0,1.0,0.0,9.0,17.0,5.0,21.0,29.0,41.0,26.0,10.0
944,1.0,944.0,London_170,,151,453,1092.0,70.0,2.0,159456.0,1.2945652189664543,805.0,73.0,1.0,72.0,139.0,9.0,130.0,167.0,172.0,129.0,27.0,67.0,14.0,31.0,5.0,8.0,7.0,69.0,166.0,211.0,38.0,0.0,0.0,0.0,0.0,0.0,0.0,0.0,0.0,0.0,0.0,0.0,0.0,0.0,0.0,0.0,0.0,0.0,0.0,0.0,0.0,0.0,0.0,0.0,0.0,0.0,0.0,0.0,0.0,0.0,0.0,0.0,0.0,1.0,0.0,0.0,0.0,1.0,0.0,0.0,0.0,2.0,2.0,3.0,1.0,3.0,0.0,9.0,5.0,3.0,6.0,17.0,15.0,16.0,7.0,0.0,0.0,0.0,0.0,0.0,0.0,0.0,0.0,0.0,0.0,0.0,0.0,5.0,0.0,0.0,0.0,8.0,0.0,0.0,0.0,2.0,4.0,4.0,1.0,3.0,0.0,11.0,7.0,4.0,9.0,22.0,20.0,24.0,11.0
945,1.0,945.0,London_170,,151,453,1092.0,70.0,2.0,168063.0,1.0098976925946772,824.0,16.0,2.0,14.0,42.0,18.0,24.0,139.0,178.0,128.0,23.0,67.0,16.0,30.0,5.0,6.0,3.0,76.0,161.0,213.0,36.0,0.0,0.0,0.0,0.0,0.0,0.0,0.0,0.0,0.0,0.0,0.0,0.0,0.0,0.0,0.0,0.0,0.0,0.0,0.0,0.0,0.0,0.0,0.0,0.0,0.0,0.0,0.0,0.0,0.0,0.0,0.0,0.0,1.0,1.0,1.0,1.0,0.0,0.0,0.0,0.0,1.0,0.0,0.0,0.0,0.0,0.0,0.0,2.0,0.0,1.0,2.0,3.0,4.0,1.0,0.0,0.0,0.0,0.0,0.0,0.0,0.0,0.0,0.0,0.0,0.0,0.0,2.0,5.0,7.0,2.0,0.0,0.0,0.0,0.0,1.0,0.0,0.0,0.0,0.0,0.0,0.0,2.0,0.0,2.0,3.0,5.0,4.0,1.0
946,1.0,946.0,London_170,,151,453,1092.0,70.0,2.0,207021.0,1.6383617841638625,910.0,159.0,2.0,157.0,283.0,17.0,266.0,42.0,179.0,143.0,19.0,63.0,17.0,20.0,6.0,6.0,4.0,77.0,144.0,228.0,38.0,0.0,0.0,0.0,0.0,0.0,0.0,0.0,0.0,0.0,0.0,0.0,0.0,0.0,0.0,0.0,0.0,0.0,0.0,0.0,0.0,0.0,0.0,0.0,0.0,0.0,0.0,0.0,0.0,0.0,0.0,0.0,0.0,0.0,0.0,1.0,0.0,0.0,0.0,0.0,0.0,2.0,14.0,0.0,1.0,9.0,0.0,24.0,7.0,0.0,15.0,30.0,36.0,33.0,9.0,0.0,0.0,0.0,0.0,0.0,0.0,0.0,0.0,0.0,0.0,0.0,0.0,0.0,0.0,7.0,0.0,0.0,0.0,0.0,0.0,2.0,17.0,0.0,2.0,9.0,0.0,32.0,12.0,0.0,17.0,45.0,51.0,41.0,16.0
947,1.0,947.0,London_170,,151,453,1092.0,70.0,2.0,173952.0,1.2689871028997004,837.0,113.0,0.0,113.0,191.0,0.0,191.0,283.0,170.0,110.0,24.0,89.0,22.0,29.0,4.0,5.0,4.0,75.0,152.0,222.0,36.0,0.0,0.0,0.0,0.0,0.0,0.0,0.0,0.0,0.0,0.0,0.0,0.0,0.0,0.0,0.0,0.0,0.0,0.0,0.0,0.0,0.0,0.0,0.0,0.0,0.0,0.0,0.0,0.0,0.0,0.0,0.0,0.0,0.0,0.0,0.0,0.0,0.0,0.0,0.0,0.0,4.0,13.0,4.0,1.0,0.0,0.0,6.0,12.0,3.0,8.0,24.0,24.0,27.0,10.0,0.0,0.0,0.0,0.0,0.0,0.0,0.0,0.0,0.0,0.0,0.0,0.0,0.0,0.0,0.0,0.0,0.0,0.0,0.0,0.0,5.0,18.0,4.0,2.0,0.0,0.0,10.0,15.0,4.0,8.0,40.0,33.0,34.0,19.0
948,1.0,948.0,London_170,,151,453,1092.0,70.0,2.0,161268.0,1.8342610038816929,809.0,158.0,0.0,158.0,253.0,0.0,253.0,191.0,185.0,126.0,26.0,47.0,24.0,37.0,3.0,5.0,4.0,73.0,164.0,212.0,44.0,0.0,0.0,0.0,0.0,0.0,0.0,0.0,0.0,0.0,0.0,0.0,0.0,0.0,0.0,0.0,0.0,0.0,0.0,0.0,0.0,0.0,0.0,0.0,0.0,0.0,0.0,0.0,0.0,0.0,0.0,0.0,0.0,0.0,0.0,0.0,0.0,0.0,0.0,0.0,0.0,4.0,12.0,4.0,0.0,0.0,0.0,10.0,7.0,2.0,24.0,32.0,45.0,21.0,11.0,0.0,0.0,0.0,0.0,0.0,0.0,0.0,0.0,0.0,0.0,0.0,0.0,0.0,0.0,0.0,0.0,0.0,0.0,0.0,0.0,4.0,16.0,4.0,0.0,0.0,0.0,13.0,10.0,2.0,35.0,42.0,58.0,26.0,16.0
949,1.0,949.0,London_170,,151,453,1092.0,70.0,2.0,125028.0,1.0411595241166651,729.0,58.0,1.0,57.0,102.0,9.0,93.0,253.0,197.0,109.0,21.0,62.0,26.0,24.0,3.0,11.0,1.0,75.0,154.0,223.0,33.0,0.0,0.0,0.0,0.0,0.0,0.0,0.0,0.0,0.0,1.0,0.0,0.0,0.0,1.0,0.0,0.0,0.0,0.0,1.0,0.0,0.0,0.0,0.0,0.0,0.0,0.0,0.0,0.0,0.0,1.0,0.0,0.0,0.0,0.0,0.0,1.0,0.0,0.0,0.0,0.0,5.0,2.0,0.0,2.0,0.0,0.0,3.0,6.0,5.0,6.0,9.0,12.0,7.0,3.0,0.0,0.0,0.0,0.0,0.0,0.0,0.0,0.0,0.0,3.0,0.0,0.0,0.0,0.0,0.0,4.0,0.0,0.0,0.0,0.0,5.0,2.0,0.0,2.0,0.0,0.0,3.0,9.0,6.0,7.0,14.0,20.0,9.0,5.0
950,1.0,950.0,London_170,,151,453,1092.0,70.0,2.0,127293.0,0.8810168853960931,734.0,95.0,0.0,95.0,163.0,0.0,163.0,100.0,206.0,104.0,21.0,51.0,29.0,26.0,3.0,13.0,2.0,69.0,149.0,233.0,42.0,0.0,0.0,0.0,0.0,0.0,0.0,0.0,0.0,0.0,0.0,0.0,0.0,0.0,0.0,0.0,0.0,0.0,0.0,0.0,0.0,0.0,0.0,0.0,0.0,0.0,0.0,0.0,0.0,0.0,0.0,0.0,0.0,0.0,0.0,0.0,0.0,0.0,0.0,0.0,0.0,3.0,13.0,0.0,1.0,1.0,0.0,11.0,9.0,12.0,7.0,15.0,22.0,15.0,6.0,0.0,0.0,0.0,0.0,0.0,0.0,0.0,0.0,0.0,0.0,0.0,0.0,0.0,0.0,0.0,0.0,0.0,0.0,0.0,0.0,5.0,17.0,0.0,1.0,1.0,0.0,15.0,13.0,18.0,10.0,23.0,33.0,19.0,9.0
951,1.0,951.0,London_170,,151,453,1092.0,70.0,2.0,115968.0,1.0220792200416327,709.0,8.0,2.0,6.0,28.0,19.0,9.0,163.0,212.0,120.0,17.0,43.0,28.0,16.0,2.0,15.0,5.0,81.0,151.0,216.0,50.0,0.0,0.0,0.0,0.0,0.0,0.0,0.0,0.0,0.0,0.0,0.0,0.0,0.0,0.0,0.0,0.0,0.0,0.0,0.0,0.0,0.0,0.0,0.0,0.0,0.0,0.0,0.0,0.0,0.0,0.0,2.0,0.0,1.0,0.0,0.0,1.0,0.0,0.0,0.0,0.0,0.0,0.0,0.0,0.0,0.0,0.0,3.0,0.0,1.0,0.0,2.0,2.0,0.0,0.0,0.0,0.0,0.0,0.0,0.0,0.0,0.0,0.0,0.0,0.0,13.0,0.0,8.0,0.0,0.0,1.0,0.0,0.0,0.0,0.0,0.0,0.0,0.0,0.0,0.0,0.0,5.0,0.0,1.0,0.0,2.0,3.0,0.0,0.0
952,1.0,952.0,London_170,,151,453,1092.0,70.0,2.0,150396.0,1.115429223049432,785.0,94.0,0.0,94.0,172.0,0.0,172.0,28.0,218.0,125.0,14.0,49.0,17.0,13.0,2.0,15.0,5.0,84.0,152.0,212.0,47.0,0.0,0.0,0.0,0.0,0.0,0.0,0.0,0.0,0.0,0.0,0.0,0.0,0.0,0.0,0.0,0.0,0.0,0.0,0.0,0.0,0.0,0.0,0.0,0.0,0.0,0.0,0.0,0.0,0.0,0.0,0.0,0.0,0.0,0.0,0.0,0.0,0.0,0.0,0.0,0.0,2.0,5.0,3.0,1.0,2.0,0.0,7.0,5.0,8.0,12.0,17.0,30.0,20.0,15.0,0.0,0.0,0.0,0.0,0.0,0.0,0.0,0.0,0.0,0.0,0.0,0.0,0.0,0.0,0.0,0.0,0.0,0.0,0.0,0.0,2.0,6.0,3.0,1.0,2.0,0.0,9.0,6.0,8.0,16.0,28.0,43.0,22.0,21.0
953,1.0,953.0,London_170,,151,453,1092.0,70.0,2.0,163080.0,1.1650081248953938,813.0,54.0,0.0,54.0,86.0,0.0,86.0,172.0,227.0,113.0,14.0,50.0,14.0,17.0,3.0,15.0,7.0,70.0,165.0,211.0,60.0,0.0,0.0,0.0,0.0,0.0,0.0,0.0,0.0,0.0,0.0,0.0,0.0,0.0,0.0,0.0,0.0,0.0,0.0,0.0,0.0,0.0,0.0,0.0,0.0,0.0,0.0,0.0,0.0,0.0,0.0,0.0,0.0,0.0,0.0,0.0,0.0,0.0,0.0,0.0,0.0,1.0,3.0,0.0,1.0,0.0,0.0,2.0,4.0,3.0,3.0,12.0,12.0,17.0,2.0,0.0,0.0,0.0,0.0,0.0,0.0,0.0,0.0,0.0,0.0,0.0,0.0,0.0,0.0,0.0,0.0,0.0,0.0,0.0,0.0,2.0,4.0,0.0,1.0,0.0,0.0,3.0,5.0,4.0,3.0,17.0,18.0,25.0,4.0
954,1.0,954.0,London_170,,151,453,1092.0,70.0,2.0,176217.0,1.339463608339429,842.0,143.0,0.0,143.0,248.0,0.0,248.0,86.0,228.0,115.0,11.0,50.0,13.0,18.0,4.0,14.0,7.0,80.0,156.0,210.0,65.0,0.0,0.0,0.0,0.0,0.0,0.0,0.0,0.0,0.0,0.0,0.0,0.0,0.0,0.0,0.0,0.0,0.0,0.0,0.0,0.0,0.0,0.0,0.0,0.0,0.0,0.0,0.0,0.0,0.0,0.0,0.0,0.0,0.0,0.0,0.0,0.0,0.0,0.0,0.0,0.0,3.0,15.0,1.0,3.0,3.0,1.0,4.0,3.0,8.0,4.0,31.0,27.0,22.0,13.0,0.0,0.0,0.0,0.0,0.0,0.0,0.0,0.0,0.0,0.0,0.0,0.0,0.0,0.0,0.0,0.0,0.0,0.0,0.0,0.0,3.0,24.0,1.0,5.0,3.0,2.0,4.0,3.0,9.0,5.0,49.0,43.0,28.0,22.0
955,1.0,955.0,London_170,,151,453,1092.0,70.0,2.0,143601.0,1.0569570641964674,770.0,18.0,2.0,16.0,49.0,19.0,30.0,248.0,238.0,92.0,21.0,63.0,6.0,17.0,6.0,10.0,5.0,69.0,162.0,217.0,32.0,0.0,0.0,0.0,0.0,0.0,0.0,0.0,0.0,0.0,0.0,0.0,0.0,0.0,0.0,0.0,0.0,0.0,0.0,0.0,0.0,0.0,0.0,0.0,0.0,0.0,0.0,0.0,0.0,0.0,1.0,0.0,0.0,0.0,0.0,2.0,2.0,1.0,0.0,0.0,0.0,0.0,0.0,0.0,0.0,0.0,0.0,2.0,2.0,1.0,5.0,4.0,5.0,2.0,2.0,0.0,0.0,0.0,0.0,0.0,0.0,0.0,0.0,0.0,5.0,0.0,0.0,0.0,0.0,14.0,6.0,10.0,0.0,0.0,0.0,0.0,0.0,0.0,0.0,0.0,0.0,4.0,2.0,1.0,5.0,4.0,8.0,5.0,3.0
956,1.0,956.0,London_170,,151,453,1092.0,70.0,2.0,173952.0,0.8728080135770142,837.0,11.0,2.0,9.0,33.0,17.0,16.0,49.0,228.0,97.0,20.0,74.0,0.0,17.0,7.0,10.0,6.0,79.0,151.0,217.0,33.0,0.0,0.0,0.0,0.0,0.0,0.0,0.0,0.0,0.0,0.0,0.0,0.0,0.0,0.0,0.0,0.0,0.0,0.0,0.0,0.0,0.0,0.0,0.0,0.0,0.0,0.0,0.0,0.0,0.0,0.0,0.0,0.0,1.0,0.0,1.0,2.0,0.0,0.0,0.0,0.0,0.0,0.0,0.0,0.0,0.0,0.0,2.0,0.0,1.0,0.0,3.0,2.0,2.0,0.0,0.0,0.0,0.0,0.0,0.0,0.0,0.0,0.0,0.0,0.0,0.0,0.0,6.0,0.0,8.0,3.0,0.0,0.0,0.0,0.0,0.0,0.0,0.0,0.0,0.0,0.0,2.0,0.0,2.0,0.0,4.0,4.0,2.0,0.0
957,1.0,957.0,London_170,,151,453,1092.0,70.0,2.0,220611.0,1.313627582974732,940.0,159.0,2.0,157.0,288.0,18.0,270.0,33.0,232.0,94.0,20.0,72.0,1.0,20.0,5.0,9.0,3.0,82.0,145.0,223.0,31.0,0.0,0.0,0.0,0.0,0.0,0.0,0.0,0.0,0.0,0.0,0.0,0.0,0.0,0.0,0.0,0.0,0.0,0.0,0.0,0.0,0.0,0.0,0.0,0.0,0.0,0.0,0.0,0.0,0.0,0.0,0.0,0.0,0.0,0.0,0.0,0.0,0.0,0.0,0.0,0.0,0.0,7.0,0.0,0.0,1.0,1.0,9.0,12.0,3.0,13.0,38.0,39.0,32.0,19.0,0.0,0.0,0.0,0.0,0.0,0.0,0.0,0.0,0.0,0.0,0.0,0.0,0.0,0.0,0.0,0.0,0.0,0.0,0.0,0.0,0.0,10.0,0.0,0.0,2.0,1.0,13.0,15.0,3.0,19.0,55.0,57.0,38.0,31.0
958,1.0,958.0,London_170,,151,453,1092.0,70.0,2.0,189354.0,1.000143603887409,871.0,104.0,1.0,103.0,187.0,9.0,178.0,288.0,200.0,115.0,19.0,82.0,5.0,22.0,1.0,9.0,7.0,74.0,150.0,222.0,41.0,0.0,0.0,0.0,0.0,0.0,0.0,0.0,0.0,0.0,0.0,0.0,0.0,0.0,0.0,0.0,0.0,0.0,0.0,0.0,0.0,0.0,0.0,0.0,0.0,0.0,0.0,0.0,0.0,0.0,0.0,0.0,0.0,0.0,0.0,0.0,1.0,0.0,0.0,0.0,0.0,3.0,6.0,1.0,1.0,0.0,0.0,6.0,10.0,9.0,12.0,27.0,24.0,23.0,8.0,0.0,0.0,0.0,0.0,0.0,0.0,0.0,0.0,0.0,0.0,0.0,0.0,0.0,0.0,0.0,6.0,0.0,0.0,0.0,0.0,3.0,7.0,1.0,1.0,0.0,0.0,8.0,12.0,13.0,16.0,40.0,40.0,27.0,15.0
959,1.0,959.0,London_170,,151,453,1092.0,70.0,2.0,183012.0,1.1828473969362676,857.0,152.0,2.0,150.0,272.0,20.0,252.0,187.0,212.0,112.0,15.0,77.0,7.0,16.0,2.0,12.0,6.0,83.0,160.0,204.0,40.0,0.0,0.0,0.0,0.0,0.0,0.0,0.0,0.0,0.0,0.0,0.0,0.0,0.0,0.0,0.0,0.0,0.0,0.0,0.0,0.0,0.0,0.0,0.0,0.0,0.0,0.0,0.0,0.0,0.0,0.0,1.0,0.0,1.0,0.0,0.0,1.0,0.0,0.0,0.0,0.0,1.0,5.0,1.0,0.0,0.0,0.0,12.0,11.0,4.0,11.0,35.0,26.0,34.0,14.0,0.0,0.0,0.0,0.0,0.0,0.0,0.0,0.0,0.0,0.0,4.0,0.0,2.0,0.0,0.0,3.0,0.0,0.0,0.0,0.0,1.0,5.0,1.0,0.0,0.0,0.0,15.0,15.0,4.0,13.0,45.0,42.0,47.0,22.0
960,1.0,960.0,London_170,,151,453,1092.0,70.0,2.0,148584.0,0.99003089312464,781.0,145.0,2.0,143.0,265.0,20.0,245.0,272.0,203.0,108.0,22.0,85.0,10.0,16.0,3.0,6.0,3.0,78.0,138.0,234.0,23.0,0.0,0.0,0.0,0.0,0.0,0.0,0.0,0.0,0.0,0.0,0.0,0.0,0.0,0.0,0.0,0.0,0.0,0.0,0.0,0.0,0.0,0.0,0.0,0.0,0.0,0.0,0.0,0.0,0.0,0.0,1.0,0.0,1.0,0.0,0.0,1.0,1.0,0.0,0.0,0.0,2.0,5.0,0.0,2.0,0.0,1.0,12.0,7.0,14.0,12.0,19.0,33.0,25.0,14.0,0.0,0.0,0.0,0.0,0.0,0.0,0.0,0.0,0.0,0.0,1.0,0.0,3.0,0.0,0.0,1.0,10.0,0.0,0.0,0.0,2.0,5.0,0.0,3.0,0.0,1.0,16.0,9.0,18.0,15.0,28.0,42.0,35.0,21.0
961,1.0,961.0,London_170,,151,453,1092.0,70.0,2.0,123216.0,0.7486585741862655,725.0,39.0,0.0,39.0,66.0,0.0,66.0,265.0,223.0,106.0,15.0,83.0,5.0,12.0,0.0,9.0,2.0,74.0,160.0,217.0,37.0,0.0,0.0,0.0,0.0,0.0,0.0,0.0,0.0,0.0,0.0,0.0,0.0,0.0,0.0,0.0,0.0,0.0,0.0,0.0,0.0,0.0,0.0,0.0,0.0,0.0,0.0,0.0,0.0,0.0,0.0,0.0,0.0,0.0,0.0,0.0,0.0,0.0,0.0,0.0,0.0,1.0,1.0,0.0,0.0,0.0,0.0,1.0,2.0,2.0,3.0,6.0,6.0,4.0,3.0,0.0,0.0,0.0,0.0,0.0,0.0,0.0,0.0,0.0,0.0,0.0,0.0,0.0,0.0,0.0,0.0,0.0,0.0,0.0,0.0,1.0,1.0,0.0,0.0,0.0,0.0,1.0,5.0,3.0,4.0,7.0,11.0,6.0,5.0
962,1.0,962.0,London_170,,151,453,1092.0,70.0,2.0,151302.0,1.201014983933419,787.0,96.0,2.0,94.0,182.0,18.0,164.0,66.0,224.0,107.0,11.0,88.0,3.0,10.0,1.0,9.0,5.0,80.0,154.0,214.0,39.0,0.0,0.0,0.0,0.0,0.0,0.0,0.0,0.0,0.0,0.0,0.0,0.0,0.0,0.0,0.0,0.0,0.0,0.0,0.0,0.0,0.0,0.0,0.0,0.0,0.0,0.0,0.0,0.0,0.0,0.0,1.0,0.0,1.0,1.0,0.0,2.0,0.0,0.0,0.0,0.0,0.0,1.0,4.0,0.0,0.0,0.0,7.0,7.0,8.0,10.0,23.0,25.0,22.0,7.0,0.0,0.0,0.0,0.0,0.0,0.0,0.0,0.0,0.0,0.0,1.0,0.0,3.0,6.0,0.0,6.0,0.0,0.0,0.0,0.0,0.0,1.0,4.0,0.0,0.0,0.0,9.0,13.0,9.0,15.0,36.0,39.0,25.0,9.0
963,1.0,963.0,London_170,,151,453,1092.0,70.0,2.0,142242.0,0.8538504499010742,767.0,9.0,0.0,9.0,11.0,0.0,11.0,182.0,234.0,94.0,10.0,90.0,4.0,13.0,2.0,6.0,6.0,68.0,155.0,224.0,41.0,0.0,0.0,0.0,0.0,0.0,0.0,0.0,0.0,0.0,0.0,0.0,0.0,0.0,0.0,0.0,0.0,0.0,0.0,0.0,0.0,0.0,0.0,0.0,0.0,0.0,0.0,0.0,0.0,0.0,0.0,0.0,0.0,0.0,0.0,0.0,0.0,0.0,0.0,0.0,0.0,1.0,1.0,0.0,1.0,0.0,0.0,0.0,1.0,0.0,0.0,1.0,0.0,2.0,0.0,0.0,0.0,0.0,0.0,0.0,0.0,0.0,0.0,0.0,0.0,0.0,0.0,0.0,0.0,0.0,0.0,0.0,0.0,0.0,0.0,1.0,1.0,0.0,1.0,0.0,0.0,0.0,1.0,0.0,0.0,2.0,0.0,2.0,0.0
964,1.0,964.0,London_170,,151,453,1092.0,70.0,2.0,169422.0,0.9431941811926663,827.0,33.0,0.0,33.0,56.0,0.0,56.0,11.0,234.0,95.0,11.0,86.0,5.0,14.0,2.0,6.0,6.0,69.0,155.0,223.0,44.0,0.0,0.0,0.0,0.0,0.0,0.0,0.0,0.0,0.0,0.0,0.0,0.0,0.0,0.0,0.0,0.0,0.0,0.0,0.0,0.0,0.0,0.0,0.0,0.0,0.0,0.0,0.0,0.0,0.0,0.0,0.0,0.0,0.0,0.0,0.0,0.0,0.0,0.0,0.0,0.0,4.0,1.0,0.0,0.0,0.0,0.0,4.0,5.0,4.0,5.0,6.0,9.0,5.0,6.0,0.0,0.0,0.0,0.0,0.0,0.0,0.0,0.0,0.0,0.0,0.0,0.0,0.0,0.0,0.0,0.0,0.0,0.0,0.0,0.0,4.0,1.0,0.0,0.0,0.0,0.0,7.0,7.0,6.0,6.0,9.0,14.0,8.0,10.0
965,1.0,965.0,London_170,,151,453,1092.0,70.0,2.0,199320.0,1.2634437903761864,893.0,126.0,0.0,126.0,206.0,0.0,206.0,56.0,232.0,95.0,11.0,86.0,2.0,18.0,2.0,7.0,7.0,73.0,162.0,211.0,50.0,0.0,0.0,0.0,0.0,0.0,0.0,0.0,0.0,0.0,0.0,0.0,0.0,0.0,0.0,0.0,0.0,0.0,0.0,0.0,0.0,0.0,0.0,0.0,0.0,0.0,0.0,0.0,0.0,0.0,0.0,0.0,0.0,0.0,0.0,0.0,0.0,0.0,0.0,0.0,0.0,5.0,5.0,0.0,2.0,5.0,0.0,3.0,9.0,5.0,10.0,21.0,27.0,26.0,10.0,0.0,0.0,0.0,0.0,0.0,0.0,0.0,0.0,0.0,0.0,0.0,0.0,0.0,0.0,0.0,0.0,0.0,0.0,0.0,0.0,5.0,7.0,0.0,2.0,5.0,0.0,4.0,11.0,11.0,11.0,30.0,34.0,32.0,14.0
966,1.0,966.0,London_170,,151,453,1092.0,70.0,2.0,186183.0,1.0893745296634734,864.0,243.0,0.0,243.0,430.0,0.0,430.0,206.0,224.0,90.0,14.0,90.0,3.0,26.0,2.0,4.0,7.0,69.0,160.0,217.0,49.0,0.0,0.0,0.0,0.0,0.0,0.0,0.0,0.0,0.0,0.0,0.0,0.0,0.0,0.0,0.0,0.0,0.0,0.0,0.0,0.0,0.0,0.0,0.0,0.0,0.0,0.0,0.0,0.0,0.0,0.0,0.0,0.0,0.0,0.0,0.0,0.0,0.0,0.0,0.0,0.0,3.0,25.0,0.0,3.0,0.0,0.0,13.0,3.0,0.0,3.0,39.0,51.0,20.0,14.0,0.0,0.0,0.0,0.0,0.0,0.0,0.0,0.0,0.0,0.0,0.0,0.0,0.0,0.0,0.0,0.0,0.0,0.0,0.0,0.0,3.0,33.0,0.0,3.0,0.0,0.0,13.0,5.0,0.0,3.0,61.0,76.0,29.0,21.0
967,1.0,967.0,London_170,,151,453,1092.0,70.0,2.0,108267.0,0.552962901070714,692.0,78.0,0.0,78.0,122.0,0.0,122.0,430.0,86.0,172.0,29.0,116.0,7.0,32.0,2.0,9.0,13.0,90.0,146.0,204.0,61.0,0.0,0.0,0.0,0.0,0.0,0.0,0.0,0.0,0.0,0.0,0.0,0.0,0.0,0.0,0.0,0.0,0.0,0.0,0.0,0.0,0.0,0.0,0.0,0.0,0.0,0.0,0.0,0.0,0.0,0.0,0.0,0.0,0.0,0.0,0.0,0.0,0.0,0.0,0.0,0.0,4.0,1.0,0.0,1.0,0.0,0.0,12.0,4.0,3.0,13.0,16.0,10.0,5.0,4.0,0.0,0.0,0.0,0.0,0.0,0.0,0.0,0.0,0.0,0.0,0.0,0.0,0.0,0.0,0.0,0.0,0.0,0.0,0.0,0.0,5.0,1.0,0.0,1.0,0.0,0.0,16.0,4.0,3.0,17.0,22.0,13.0,6.0,6.0
968,1.0,968.0,London_170,,151,453,1092.0,70.0,2.0,107814.0,0.47529251873493195,691.0,33.0,0.0,33.0,55.0,0.0,55.0,122.0,94.0,178.0,34.0,93.0,10.0,40.0,2.0,2.0,15.0,81.0,161.0,196.0,72.0,0.0,0.0,0.0,0.0,0.0,0.0,0.0,0.0,0.0,0.0,0.0,0.0,0.0,0.0,0.0,0.0,0.0,0.0,0.0,0.0,0.0,0.0,0.0,0.0,0.0,0.0,0.0,0.0,0.0,0.0,0.0,0.0,0.0,0.0,0.0,0.0,0.0,0.0,0.0,0.0,0.0,0.0,0.0,0.0,0.0,0.0,2.0,3.0,2.0,3.0,4.0,10.0,6.0,1.0,0.0,0.0,0.0,0.0,0.0,0.0,0.0,0.0,0.0,0.0,0.0,0.0,0.0,0.0,0.0,0.0,0.0,0.0,0.0,0.0,0.0,0.0,0.0,0.0,0.0,0.0,3.0,3.0,2.0,3.0,7.0,12.0,7.0,1.0
969,1.0,969.0,London_170,,151,453,1092.0,70.0,2.0,128652.0,0.5218869419768453,737.0,23.0,2.0,21.0,53.0,18.0,35.0,55.0,96.0,173.0,36.0,89.0,10.0,44.0,2.0,3.0,16.0,89.0,170.0,178.0,74.0,0.0,0.0,0.0,0.0,0.0,0.0,0.0,0.0,0.0,0.0,0.0,0.0,0.0,0.0,0.0,0.0,0.0,0.0,0.0,0.0,0.0,0.0,0.0,0.0,0.0,0.0,0.0,0.0,0.0,0.0,0.0,0.0,0.0,0.0,1.0,1.0,0.0,0.0,0.0,0.0,1.0,0.0,1.0,0.0,0.0,0.0,0.0,2.0,1.0,1.0,2.0,4.0,1.0,1.0,0.0,0.0,0.0,0.0,0.0,0.0,0.0,0.0,0.0,0.0,0.0,0.0,0.0,0.0,5.0,1.0,0.0,0.0,0.0,0.0,1.0,0.0,1.0,0.0,0.0,0.0,0.0,2.0,1.0,1.0,3.0,6.0,2.0,2.0
970,1.0,970.0,London_170,,151,453,1092.0,70.0,2.0,151755.0,0.5449252133257687,788.0,2.0,2.0,0.0,19.0,19.0,0.0,53.0,92.0,169.0,43.0,89.0,10.0,43.0,3.0,4.0,14.0,89.0,162.0,188.0,72.0,0.0,0.0,0.0,0.0,0.0,0.0,0.0,0.0,0.0,0.0,0.0,0.0,0.0,0.0,0.0,0.0,0.0,0.0,0.0,0.0,0.0,0.0,0.0,0.0,0.0,0.0,0.0,0.0,0.0,0.0,0.0,0.0,1.0,0.0,1.0,1.0,0.0,0.0,0.0,0.0,0.0,0.0,0.0,0.0,0.0,0.0,0.0,0.0,0.0,0.0,0.0,0.0,0.0,0.0,0.0,0.0,0.0,0.0,0.0,0.0,0.0,0.0,0.0,0.0,0.0,0.0,7.0,0.0,6.0,3.0,0.0,0.0,0.0,0.0,0.0,0.0,0.0,0.0,0.0,0.0,0.0,0.0,0.0,0.0,0.0,0.0,0.0,0.0
971,1.0,971.0,London_170,,151,453,1092.0,70.0,2.0,184824.0,0.7993794037029147,861.0,193.0,1.0,192.0,346.0,10.0,336.0,19.0,97.0,162.0,43.0,97.0,7.0,39.0,4.0,4.0,12.0,93.0,154.0,194.0,62.0,0.0,0.0,0.0,0.0,0.0,0.0,0.0,0.0,0.0,0.0,0.0,0.0,0.0,0.0,0.0,0.0,0.0,0.0,0.0,0.0,0.0,0.0,0.0,0.0,0.0,0.0,0.0,0.0,0.0,1.0,0.0,0.0,1.0,0.0,0.0,1.0,0.0,0.0,0.0,0.0,6.0,1.0,2.0,2.0,6.0,0.0,21.0,4.0,6.0,17.0,43.0,40.0,38.0,7.0,0.0,0.0,0.0,0.0,0.0,0.0,0.0,0.0,0.0,4.0,0.0,0.0,5.0,0.0,0.0,4.0,0.0,0.0,0.0,0.0,8.0,1.0,2.0,2.0,7.0,0.0,29.0,6.0,7.0,23.0,67.0,64.0,45.0,9.0
972,1.0,972.0,London_170,,151,453,1092.0,70.0,2.0,130464.0,0.5423861662857234,741.0,15.0,1.0,14.0,31.0,10.0,21.0,346.0,104.0,164.0,22.0,115.0,16.0,25.0,3.0,4.0,12.0,78.0,157.0,206.0,59.0,0.0,0.0,0.0,0.0,0.0,0.0,0.0,0.0,0.0,0.0,0.0,0.0,0.0,0.0,0.0,0.0,0.0,0.0,0.0,0.0,0.0,0.0,0.0,0.0,0.0,0.0,0.0,0.0,0.0,0.0,0.0,0.0,0.0,0.0,0.0,1.0,0.0,0.0,0.0,0.0,0.0,0.0,0.0,0.0,0.0,0.0,0.0,1.0,2.0,3.0,1.0,2.0,1.0,0.0,0.0,0.0,0.0,0.0,0.0,0.0,0.0,0.0,0.0,0.0,0.0,0.0,0.0,0.0,0.0,3.0,0.0,0.0,0.0,0.0,0.0,0.0,0.0,0.0,0.0,0.0,0.0,1.0,2.0,3.0,2.0,2.0,1.0,0.0
973,1.0,973.0,London_170,,151,453,1092.0,70.0,2.0,165798.0,1.2484897947870195,819.0,111.0,0.0,111.0,193.0,0.0,193.0,31.0,102.0,169.0,20.0,118.0,9.0,27.0,3.0,5.0,13.0,82.0,151.0,207.0,62.0,0.0,0.0,0.0,0.0,0.0,0.0,0.0,0.0,0.0,0.0,0.0,0.0,0.0,0.0,0.0,0.0,0.0,0.0,0.0,0.0,0.0,0.0,0.0,0.0,0.0,0.0,0.0,0.0,0.0,0.0,0.0,0.0,0.0,0.0,0.0,0.0,0.0,0.0,0.0,0.0,1.0,5.0,0.0,3.0,1.0,0.0,9.0,15.0,3.0,8.0,29.0,24.0,16.0,6.0,0.0,0.0,0.0,0.0,0.0,0.0,0.0,0.0,0.0,0.0,0.0,0.0,0.0,0.0,0.0,0.0,0.0,0.0,0.0,0.0,1.0,5.0,0.0,3.0,1.0,0.0,10.0,21.0,4.0,10.0,41.0,36.0,21.0,9.0
974,1.0,974.0,London_170,,151,453,1092.0,70.0,2.0,149037.0,0.6733129932545125,782.0,123.0,2.0,121.0,226.0,18.0,208.0,193.0,119.0,150.0,22.0,122.0,10.0,19.0,3.0,8.0,14.0,83.0,162.0,194.0,69.0,0.0,0.0,0.0,0.0,0.0,0.0,0.0,0.0,0.0,0.0,0.0,0.0,0.0,0.0,0.0,0.0,0.0,0.0,0.0,0.0,0.0,0.0,0.0,0.0,0.0,0.0,0.0,0.0,0.0,0.0,0.0,0.0,1.0,0.0,1.0,1.0,0.0,0.0,0.0,0.0,1.0,6.0,0.0,0.0,1.0,1.0,8.0,10.0,4.0,19.0,24.0,24.0,19.0,9.0,0.0,0.0,0.0,0.0,0.0,0.0,0.0,0.0,0.0,0.0,0.0,0.0,2.0,0.0,6.0,6.0,0.0,0.0,0.0,0.0,1.0,7.0,0.0,0.0,1.0,2.0,10.0,12.0,5.0,22.0,39.0,35.0,21.0,12.0
975,1.0,975.0,London_170,,151,453,1092.0,70.0,2.0,128652.0,0.7548332787118852,737.0,42.0,2.0,40.0,86.0,16.0,70.0,226.0,130.0,132.0,23.0,120.0,13.0,24.0,6.0,5.0,9.0,84.0,144.0,216.0,56.0,0.0,0.0,0.0,0.0,0.0,0.0,0.0,0.0,0.0,0.0,0.0,0.0,0.0,0.0,0.0,0.0,0.0,0.0,0.0,0.0,0.0,0.0,0.0,0.0,0.0,0.0,0.0,0.0,0.0,1.0,0.0,0.0,0.0,0.0,1.0,2.0,0.0,0.0,0.0,0.0,2.0,2.0,0.0,1.0,0.0,1.0,4.0,3.0,1.0,4.0,5.0,10.0,12.0,5.0,0.0,0.0,0.0,0.0,0.0,0.0,0.0,0.0,0.0,7.0,0.0,0.0,0.0,0.0,6.0,8.0,0.0,0.0,0.0,0.0,4.0,3.0,0.0,1.0,0.0,1.0,6.0,4.0,2.0,5.0,8.0,15.0,15.0,8.0
976,1.0,976.0,London_170,,151,453,1092.0,70.0,2.0,142242.0,0.7109919511713088,767.0,103.0,2.0,101.0,190.0,18.0,172.0,86.0,140.0,137.0,23.0,115.0,10.0,17.0,7.0,4.0,8.0,87.0,143.0,215.0,60.0,0.0,0.0,0.0,0.0,0.0,0.0,0.0,0.0,0.0,0.0,0.0,0.0,0.0,0.0,0.0,0.0,0.0,0.0,0.0,0.0,0.0,0.0,0.0,0.0,0.0,0.0,0.0,0.0,0.0,1.0,1.0,0.0,1.0,0.0,1.0,1.0,0.0,0.0,0.0,0.0,1.0,6.0,2.0,0.0,8.0,0.0,14.0,5.0,5.0,9.0,24.0,21.0,21.0,10.0,0.0,0.0,0.0,0.0,0.0,0.0,0.0,0.0,0.0,2.0,2.0,0.0,7.0,0.0,6.0,1.0,0.0,0.0,0.0,0.0,2.0,9.0,2.0,0.0,10.0,0.0,19.0,9.0,5.0,11.0,35.0,30.0,29.0,13.0
977,1.0,977.0,London_170,,151,453,1092.0,70.0,2.0,124122.0,1.7897245427593589,727.0,64.0,0.0,64.0,112.0,0.0,112.0,190.0,146.0,141.0,24.0,116.0,6.0,14.0,3.0,3.0,6.0,102.0,146.0,199.0,59.0,0.0,0.0,0.0,0.0,0.0,0.0,0.0,0.0,0.0,0.0,0.0,0.0,0.0,0.0,0.0,0.0,0.0,0.0,0.0,0.0,0.0,0.0,0.0,0.0,0.0,0.0,0.0,0.0,0.0,0.0,0.0,0.0,0.0,0.0,0.0,0.0,0.0,0.0,0.0,0.0,0.0,0.0,2.0,0.0,0.0,0.0,4.0,5.0,2.0,6.0,6.0,13.0,11.0,8.0,0.0,0.0,0.0,0.0,0.0,0.0,0.0,0.0,0.0,0.0,0.0,0.0,0.0,0.0,0.0,0.0,0.0,0.0,0.0,0.0,0.0,0.0,2.0,0.0,0.0,0.0,4.0,7.0,3.0,9.0,11.0,20.0,14.0,12.0
978,1.0,978.0,London_170,,151,453,1092.0,70.0,2.0,124575.0,0.8883096859790385,728.0,112.0,1.0,111.0,201.0,10.0,191.0,112.0,162.0,130.0,25.0,110.0,2.0,17.0,1.0,6.0,8.0,92.0,136.0,217.0,68.0,0.0,0.0,0.0,0.0,0.0,0.0,0.0,0.0,0.0,0.0,0.0,0.0,0.0,0.0,0.0,0.0,0.0,0.0,0.0,0.0,0.0,0.0,0.0,0.0,0.0,0.0,0.0,0.0,0.0,1.0,0.0,0.0,1.0,0.0,1.0,0.0,1.0,0.0,0.0,0.0,2.0,8.0,1.0,1.0,4.0,1.0,9.0,2.0,6.0,7.0,17.0,30.0,18.0,10.0,0.0,0.0,0.0,0.0,0.0,0.0,0.0,0.0,0.0,1.0,0.0,0.0,1.0,0.0,8.0,0.0,9.0,0.0,0.0,0.0,2.0,12.0,1.0,1.0,4.0,3.0,11.0,4.0,8.0,10.0,24.0,49.0,27.0,15.0
979,1.0,979.0,London_170,,151,453,1092.0,70.0,2.0,111438.0,1.0615288480184972,699.0,31.0,0.0,31.0,53.0,0.0,53.0,201.0,171.0,135.0,24.0,93.0,3.0,22.0,1.0,4.0,9.0,91.0,149.0,204.0,51.0,0.0,0.0,0.0,0.0,0.0,0.0,0.0,0.0,0.0,0.0,0.0,0.0,0.0,0.0,0.0,0.0,0.0,0.0,0.0,0.0,0.0,0.0,0.0,0.0,0.0,0.0,0.0,0.0,0.0,0.0,0.0,0.0,0.0,0.0,0.0,0.0,0.0,0.0,0.0,0.0,0.0,1.0,1.0,0.0,0.0,0.0,4.0,1.0,2.0,4.0,9.0,3.0,14.0,1.0,0.0,0.0,0.0,0.0,0.0,0.0,0.0,0.0,0.0,0.0,0.0,0.0,0.0,0.0,0.0,0.0,0.0,0.0,0.0,0.0,0.0,1.0,1.0,0.0,0.0,0.0,4.0,2.0,4.0,5.0,10.0,6.0,17.0,2.0
980,1.0,980.0,London_170,,151,453,1092.0,70.0,2.0,135900.0,1.4851375622674823,753.0,42.0,0.0,42.0,72.0,0.0,72.0,53.0,172.0,137.0,23.0,95.0,3.0,21.0,1.0,1.0,11.0,88.0,138.0,216.0,52.0,0.0,0.0,0.0,0.0,0.0,0.0,0.0,0.0,0.0,0.0,0.0,0.0,0.0,0.0,0.0,0.0,0.0,0.0,0.0,0.0,0.0,0.0,0.0,0.0,0.0,0.0,0.0,0.0,0.0,0.0,0.0,0.0,0.0,0.0,0.0,0.0,0.0,0.0,0.0,0.0,1.0,1.0,0.0,0.0,0.0,0.0,5.0,6.0,1.0,1.0,11.0,11.0,9.0,4.0,0.0,0.0,0.0,0.0,0.0,0.0,0.0,0.0,0.0,0.0,0.0,0.0,0.0,0.0,0.0,0.0,0.0,0.0,0.0,0.0,1.0,1.0,0.0,0.0,0.0,0.0,6.0,8.0,1.0,1.0,17.0,14.0,11.0,6.0
981,1.0,981.0,London_170,,151,453,1092.0,70.0,2.0,160815.0,0.8509701290167868,808.0,87.0,2.0,85.0,159.0,16.0,143.0,72.0,175.0,138.0,28.0,81.0,4.0,23.0,2.0,2.0,11.0,92.0,135.0,215.0,54.0,0.0,0.0,0.0,0.0,0.0,0.0,0.0,0.0,0.0,0.0,0.0,0.0,0.0,0.0,0.0,0.0,0.0,0.0,0.0,0.0,0.0,0.0,0.0,0.0,0.0,0.0,0.0,0.0,0.0,2.0,0.0,0.0,0.0,0.0,0.0,0.0,0.0,0.0,0.0,0.0,2.0,4.0,0.0,0.0,2.0,0.0,8.0,1.0,2.0,13.0,17.0,16.0,16.0,5.0,0.0,0.0,0.0,0.0,0.0,0.0,0.0,0.0,0.0,2.0,0.0,0.0,0.0,0.0,0.0,0.0,0.0,0.0,0.0,0.0,2.0,5.0,0.0,0.0,2.0,0.0,9.0,2.0,2.0,15.0,23.0,21.0,19.0,7.0
982,1.0,982.0,London_170,,151,453,1092.0,70.0,2.0,163986.0,0.9357770499773324,815.0,73.0,2.0,71.0,140.0,19.0,121.0,159.0,177.0,131.0,36.0,80.0,5.0,16.0,2.0,6.0,12.0,83.0,138.0,220.0,51.0,0.0,0.0,0.0,0.0,0.0,0.0,0.0,0.0,0.0,0.0,0.0,0.0,0.0,0.0,0.0,0.0,0.0,0.0,0.0,0.0,0.0,0.0,0.0,0.0,0.0,0.0,0.0,0.0,0.0,0.0,1.0,0.0,0.0,0.0,1.0,1.0,0.0,0.0,0.0,0.0,2.0,2.0,0.0,1.0,1.0,0.0,11.0,3.0,4.0,4.0,22.0,19.0,19.0,7.0,0.0,0.0,0.0,0.0,0.0,0.0,0.0,0.0,0.0,0.0,3.0,0.0,0.0,0.0,8.0,3.0,0.0,0.0,0.0,0.0,2.0,2.0,0.0,1.0,1.0,0.0,16.0,4.0,4.0,5.0,31.0,29.0,26.0,14.0
983,1.0,983.0,London_170,,151,453,1092.0,70.0,2.0,182106.0,0.8666946049779654,855.0,70.0,0.0,70.0,126.0,0.0,126.0,140.0,184.0,126.0,36.0,76.0,0.0,20.0,4.0,7.0,13.0,85.0,139.0,216.0,42.0,0.0,0.0,0.0,0.0,0.0,0.0,0.0,0.0,0.0,0.0,0.0,0.0,0.0,0.0,0.0,0.0,0.0,0.0,0.0,0.0,0.0,0.0,0.0,0.0,0.0,0.0,0.0,0.0,0.0,0.0,0.0,0.0,0.0,0.0,0.0,0.0,0.0,0.0,0.0,0.0,5.0,6.0,0.0,0.0,0.0,0.0,4.0,6.0,1.0,5.0,15.0,15.0,13.0,8.0,0.0,0.0,0.0,0.0,0.0,0.0,0.0,0.0,0.0,0.0,0.0,0.0,0.0,0.0,0.0,0.0,0.0,0.0,0.0,0.0,5.0,12.0,0.0,0.0,0.0,0.0,6.0,11.0,2.0,6.0,20.0,24.0,18.0,16.0
984,1.0,984.0,London_170,,151,453,1092.0,70.0,2.0,197508.0,1.3796815038658679,889.0,65.0,2.0,63.0,124.0,19.0,105.0,126.0,191.0,129.0,34.0,75.0,1.0,16.0,1.0,6.0,12.0,68.0,151.0,222.0,48.0,0.0,0.0,0.0,0.0,0.0,0.0,0.0,0.0,0.0,0.0,0.0,0.0,0.0,0.0,0.0,0.0,0.0,0.0,0.0,0.0,0.0,0.0,0.0,0.0,0.0,0.0,0.0,0.0,0.0,1.0,0.0,0.0,1.0,0.0,1.0,2.0,0.0,0.0,0.0,0.0,1.0,3.0,2.0,0.0,1.0,0.0,5.0,8.0,4.0,2.0,15.0,20.0,22.0,2.0,0.0,0.0,0.0,0.0,0.0,0.0,0.0,0.0,0.0,5.0,0.0,0.0,1.0,0.0,6.0,6.0,0.0,0.0,0.0,0.0,1.0,5.0,2.0,0.0,1.0,0.0,6.0,11.0,8.0,3.0,26.0,30.0,30.0,3.0
985,1.0,985.0,London_170,,151,453,1092.0,70.0,2.0,216534.0,1.476037825923413,931.0,184.0,0.0,184.0,319.0,0.0,319.0,124.0,198.0,128.0,31.0,64.0,3.0,20.0,1.0,8.0,9.0,74.0,150.0,220.0,42.0,0.0,0.0,0.0,0.0,0.0,0.0,0.0,0.0,0.0,0.0,0.0,0.0,0.0,0.0,0.0,0.0,0.0,0.0,0.0,0.0,0.0,0.0,0.0,0.0,0.0,0.0,0.0,0.0,0.0,0.0,0.0,0.0,0.0,0.0,0.0,0.0,0.0,0.0,0.0,0.0,3.0,15.0,2.0,1.0,0.0,0.0,6.0,11.0,9.0,11.0,34.0,51.0,29.0,18.0,0.0,0.0,0.0,0.0,0.0,0.0,0.0,0.0,0.0,0.0,0.0,0.0,0.0,0.0,0.0,0.0,0.0,0.0,0.0,0.0,3.0,20.0,2.0,1.0,0.0,0.0,8.0,15.0,14.0,14.0,60.0,72.0,34.0,25.0
986,1.0,986.0,London_170,,151,453,1092.0,70.0,2.0,174405.0,1.7029947112314403,838.0,62.0,1.0,61.0,122.0,9.0,113.0,319.0,172.0,127.0,23.0,85.0,7.0,31.0,3.0,5.0,11.0,82.0,141.0,219.0,51.0,0.0,0.0,0.0,0.0,0.0,0.0,0.0,0.0,0.0,0.0,0.0,0.0,0.0,0.0,0.0,0.0,0.0,0.0,0.0,0.0,0.0,0.0,0.0,0.0,0.0,0.0,0.0,0.0,0.0,0.0,0.0,0.0,1.0,0.0,0.0,0.0,1.0,0.0,0.0,0.0,2.0,2.0,0.0,1.0,1.0,0.0,6.0,5.0,7.0,6.0,13.0,10.0,11.0,9.0,0.0,0.0,0.0,0.0,0.0,0.0,0.0,0.0,0.0,0.0,0.0,0.0,7.0,0.0,0.0,0.0,8.0,0.0,0.0,0.0,2.0,4.0,0.0,4.0,1.0,0.0,7.0,9.0,10.0,10.0,23.0,14.0,14.0,16.0
987,1.0,987.0,London_170,,151,453,1092.0,70.0,2.0,184824.0,1.4660059483721852,861.0,160.0,2.0,158.0,297.0,18.0,279.0,122.0,181.0,123.0,22.0,79.0,8.0,36.0,2.0,2.0,14.0,85.0,153.0,201.0,41.0,0.0,0.0,0.0,0.0,0.0,0.0,0.0,0.0,0.0,0.0,0.0,0.0,0.0,0.0,0.0,0.0,0.0,0.0,0.0,0.0,0.0,0.0,0.0,0.0,0.0,0.0,0.0,0.0,0.0,0.0,0.0,0.0,1.0,1.0,1.0,0.0,0.0,0.0,0.0,0.0,4.0,1.0,1.0,3.0,10.0,0.0,7.0,4.0,3.0,9.0,29.0,38.0,23.0,16.0,0.0,0.0,0.0,0.0,0.0,0.0,0.0,0.0,0.0,0.0,0.0,0.0,2.0,7.0,5.0,0.0,0.0,0.0,0.0,0.0,5.0,1.0,1.0,7.0,10.0,0.0,8.0,5.0,4.0,11.0,52.0,59.0,30.0,25.0
988,1.0,988.0,London_170,,151,453,1092.0,70.0,2.0,144960.0,1.431073313113302,773.0,104.0,2.0,102.0,185.0,17.0,168.0,297.0,182.0,118.0,18.0,92.0,7.0,25.0,2.0,9.0,12.0,74.0,157.0,210.0,41.0,0.0,0.0,0.0,0.0,0.0,0.0,0.0,0.0,0.0,0.0,0.0,0.0,0.0,0.0,0.0,0.0,0.0,0.0,0.0,0.0,0.0,0.0,0.0,0.0,0.0,0.0,0.0,0.0,0.0,0.0,0.0,0.0,0.0,0.0,1.0,1.0,0.0,0.0,0.0,0.0,2.0,2.0,0.0,1.0,0.0,0.0,10.0,3.0,2.0,11.0,19.0,20.0,16.0,9.0,0.0,0.0,0.0,0.0,0.0,0.0,0.0,0.0,0.0,0.0,0.0,0.0,0.0,0.0,7.0,1.0,0.0,0.0,0.0,0.0,3.0,2.0,0.0,2.0,0.0,0.0,12.0,3.0,3.0,15.0,28.0,28.0,22.0,14.0
989,1.0,989.0,London_170,,151,453,1092.0,70.0,2.0,121857.0,0.9565788051113486,722.0,100.0,0.0,100.0,171.0,0.0,171.0,185.0,184.0,127.0,21.0,80.0,5.0,29.0,3.0,4.0,7.0,84.0,154.0,208.0,38.0,0.0,0.0,0.0,0.0,0.0,0.0,0.0,0.0,0.0,0.0,0.0,0.0,0.0,0.0,0.0,0.0,0.0,0.0,0.0,0.0,0.0,0.0,0.0,0.0,0.0,0.0,0.0,0.0,0.0,0.0,0.0,0.0,0.0,0.0,0.0,0.0,0.0,0.0,0.0,0.0,3.0,5.0,0.0,3.0,0.0,1.0,14.0,6.0,3.0,8.0,23.0,21.0,19.0,10.0,0.0,0.0,0.0,0.0,0.0,0.0,0.0,0.0,0.0,0.0,0.0,0.0,0.0,0.0,0.0,0.0,0.0,0.0,0.0,0.0,3.0,6.0,0.0,4.0,0.0,2.0,18.0,8.0,4.0,11.0,37.0,32.0,23.0,14.0
990,1.0,990.0,London_170,,151,453,1092.0,70.0,2.0,108720.0,0.7701365891844034,693.0,35.0,0.0,35.0,53.0,0.0,53.0,171.0,203.0,138.0,11.0,65.0,8.0,25.0,1.0,2.0,11.0,76.0,159.0,207.0,41.0,0.0,0.0,0.0,0.0,0.0,0.0,0.0,0.0,0.0,0.0,0.0,0.0,0.0,0.0,0.0,0.0,0.0,0.0,0.0,0.0,0.0,0.0,0.0,0.0,0.0,0.0,0.0,0.0,0.0,0.0,0.0,0.0,0.0,0.0,0.0,0.0,0.0,0.0,0.0,0.0,1.0,0.0,0.0,0.0,0.0,1.0,2.0,2.0,0.0,8.0,7.0,9.0,9.0,6.0,0.0,0.0,0.0,0.0,0.0,0.0,0.0,0.0,0.0,0.0,0.0,0.0,0.0,0.0,0.0,0.0,0.0,0.0,0.0,0.0,2.0,0.0,0.0,0.0,0.0,2.0,2.0,3.0,0.0,10.0,9.0,10.0,12.0,10.0
991,1.0,991.0,London_170,,151,453,1092.0,70.0,2.0,121857.0,0.8925630711019039,722.0,107.0,1.0,106.0,198.0,9.0,189.0,53.0,207.0,134.0,13.0,56.0,9.0,29.0,2.0,3.0,12.0,78.0,155.0,208.0,44.0,0.0,0.0,0.0,0.0,0.0,0.0,0.0,0.0,0.0,0.0,0.0,0.0,0.0,0.0,0.0,0.0,0.0,0.0,0.0,0.0,0.0,0.0,0.0,0.0,0.0,0.0,0.0,0.0,0.0,1.0,0.0,0.0,0.0,0.0,0.0,1.0,0.0,0.0,0.0,0.0,3.0,1.0,1.0,1.0,1.0,0.0,11.0,4.0,1.0,9.0,21.0,20.0,28.0,9.0,0.0,0.0,0.0,0.0,0.0,0.0,0.0,0.0,0.0,5.0,0.0,0.0,0.0,0.0,0.0,2.0,0.0,0.0,0.0,0.0,4.0,1.0,1.0,3.0,1.0,0.0,16.0,7.0,1.0,14.0,37.0,30.0,34.0,14.0
992,1.0,992.0,London_170,,151,453,1092.0,70.0,2.0,103284.0,0.8628116520121694,681.0,41.0,0.0,41.0,75.0,0.0,75.0,198.0,221.0,127.0,12.0,58.0,12.0,20.0,1.0,2.0,13.0,77.0,148.0,215.0,54.0,0.0,0.0,0.0,0.0,0.0,0.0,0.0,0.0,0.0,0.0,0.0,0.0,0.0,0.0,0.0,0.0,0.0,0.0,0.0,0.0,0.0,0.0,0.0,0.0,0.0,0.0,0.0,0.0,0.0,0.0,0.0,0.0,0.0,0.0,0.0,0.0,0.0,0.0,0.0,0.0,4.0,1.0,0.0,2.0,0.0,0.0,11.0,5.0,4.0,9.0,10.0,8.0,17.0,1.0,0.0,0.0,0.0,0.0,0.0,0.0,0.0,0.0,0.0,0.0,0.0,0.0,0.0,0.0,0.0,0.0,0.0,0.0,0.0,0.0,4.0,1.0,0.0,3.0,0.0,0.0,13.0,8.0,4.0,12.0,14.0,13.0,20.0,1.0
993,1.0,993.0,London_170,,151,453,1092.0,70.0,2.0,120045.0,0.9739034310914576,718.0,38.0,2.0,36.0,83.0,19.0,64.0,75.0,230.0,122.0,6.0,65.0,11.0,14.0,1.0,4.0,14.0,73.0,163.0,203.0,61.0,0.0,0.0,0.0,0.0,0.0,0.0,0.0,0.0,0.0,0.0,0.0,0.0,0.0,0.0,0.0,0.0,0.0,0.0,0.0,0.0,0.0,0.0,0.0,0.0,0.0,0.0,0.0,0.0,0.0,0.0,2.0,0.0,1.0,0.0,0.0,1.0,0.0,0.0,0.0,0.0,1.0,6.0,2.0,0.0,0.0,0.0,4.0,5.0,2.0,6.0,8.0,11.0,7.0,4.0,0.0,0.0,0.0,0.0,0.0,0.0,0.0,0.0,0.0,0.0,7.0,0.0,4.0,0.0,0.0,2.0,0.0,0.0,0.0,0.0,1.0,6.0,2.0,0.0,0.0,0.0,7.0,9.0,2.0,6.0,14.0,16.0,9.0,7.0
994,1.0,994.0,London_170,,151,453,1092.0,70.0,2.0,140430.0,0.8707203632220626,763.0,23.0,0.0,23.0,32.0,0.0,32.0,83.0,240.0,115.0,8.0,71.0,3.0,6.0,3.0,7.0,8.0,69.0,167.0,209.0,53.0,0.0,0.0,0.0,0.0,0.0,0.0,0.0,0.0,0.0,0.0,0.0,0.0,0.0,0.0,0.0,0.0,0.0,0.0,0.0,0.0,0.0,0.0,0.0,0.0,0.0,0.0,0.0,0.0,0.0,0.0,0.0,0.0,0.0,0.0,0.0,0.0,0.0,0.0,0.0,0.0,0.0,1.0,0.0,0.0,0.0,0.0,1.0,2.0,0.0,4.0,1.0,4.0,6.0,3.0,0.0,0.0,0.0,0.0,0.0,0.0,0.0,0.0,0.0,0.0,0.0,0.0,0.0,0.0,0.0,0.0,0.0,0.0,0.0,0.0,0.0,2.0,0.0,0.0,0.0,0.0,1.0,2.0,0.0,4.0,2.0,5.0,8.0,3.0
995,1.0,995.0,London_170,,151,453,1092.0,70.0,2.0,171234.0,1.425664457026869,831.0,58.0,0.0,58.0,112.0,0.0,112.0,32.0,243.0,123.0,8.0,60.0,3.0,5.0,4.0,7.0,9.0,68.0,168.0,208.0,54.0,0.0,0.0,0.0,0.0,0.0,0.0,0.0,0.0,0.0,0.0,0.0,0.0,0.0,0.0,0.0,0.0,0.0,0.0,0.0,0.0,0.0,0.0,0.0,0.0,0.0,0.0,0.0,0.0,0.0,0.0,0.0,0.0,0.0,0.0,0.0,0.0,0.0,0.0,0.0,0.0,3.0,4.0,1.0,2.0,2.0,0.0,5.0,5.0,0.0,7.0,11.0,18.0,14.0,9.0,0.0,0.0,0.0,0.0,0.0,0.0,0.0,0.0,0.0,0.0,0.0,0.0,0.0,0.0,0.0,0.0,0.0,0.0,0.0,0.0,5.0,6.0,1.0,5.0,2.0,0.0,8.0,6.0,0.0,13.0,17.0,35.0,19.0,22.0
996,1.0,996.0,London_170,,151,453,1092.0,70.0,2.0,185730.0,1.8492012512870133,863.0,133.0,0.0,133.0,239.0,0.0,239.0,112.0,251.0,118.0,10.0,50.0,1.0,9.0,5.0,9.0,12.0,64.0,177.0,200.0,49.0,0.0,0.0,0.0,0.0,0.0,0.0,0.0,0.0,0.0,0.0,0.0,0.0,0.0,0.0,0.0,0.0,0.0,0.0,0.0,0.0,0.0,0.0,0.0,0.0,0.0,0.0,0.0,0.0,0.0,0.0,0.0,0.0,0.0,0.0,0.0,0.0,0.0,0.0,0.0,0.0,0.0,5.0,0.0,3.0,2.0,2.0,4.0,7.0,5.0,15.0,25.0,29.0,15.0,7.0,0.0,0.0,0.0,0.0,0.0,0.0,0.0,0.0,0.0,0.0,0.0,0.0,0.0,0.0,0.0,0.0,0.0,0.0,0.0,0.0,0.0,7.0,0.0,6.0,2.0,4.0,5.0,10.0,7.0,19.0,41.0,44.0,19.0,13.0
997,1.0,997.0,London_170,,151,453,1092.0,70.0,2.0,163080.0,1.1831880835816264,813.0,130.0,2.0,128.0,249.0,19.0,230.0,239.0,251.0,89.0,19.0,58.0,9.0,18.0,4.0,5.0,6.0,65.0,169.0,213.0,30.0,0.0,0.0,0.0,0.0,0.0,0.0,0.0,0.0,0.0,0.0,0.0,0.0,0.0,0.0,0.0,0.0,0.0,0.0,0.0,0.0,0.0,0.0,0.0,0.0,0.0,0.0,0.0,0.0,0.0,1.0,0.0,0.0,0.0,0.0,2.0,1.0,1.0,0.0,0.0,0.0,0.0,11.0,1.0,1.0,1.0,0.0,5.0,8.0,18.0,6.0,19.0,35.0,12.0,12.0,0.0,0.0,0.0,0.0,0.0,0.0,0.0,0.0,0.0,6.0,0.0,0.0,0.0,0.0,16.0,3.0,10.0,0.0,0.0,0.0,0.0,14.0,1.0,2.0,1.0,0.0,6.0,9.0,23.0,8.0,27.0,49.0,15.0,17.0
998,1.0,998.0,London_170,,151,453,1092.0,70.0,2.0,141336.0,0.8950896407477558,765.0,6.0,2.0,4.0,23.0,17.0,6.0,249.0,227.0,94.0,13.0,69.0,9.0,30.0,5.0,6.0,7.0,62.0,174.0,210.0,30.0,0.0,0.0,0.0,0.0,0.0,0.0,0.0,0.0,0.0,0.0,0.0,0.0,0.0,0.0,0.0,0.0,0.0,0.0,0.0,0.0,0.0,0.0,0.0,0.0,0.0,0.0,0.0,0.0,0.0,0.0,0.0,0.0,2.0,0.0,1.0,2.0,0.0,0.0,0.0,0.0,1.0,0.0,0.0,0.0,0.0,0.0,0.0,0.0,0.0,1.0,1.0,0.0,3.0,0.0,0.0,0.0,0.0,0.0,0.0,0.0,0.0,0.0,0.0,0.0,0.0,0.0,6.0,0.0,7.0,5.0,0.0,0.0,0.0,0.0,1.0,0.0,0.0,0.0,0.0,0.0,0.0,0.0,0.0,1.0,1.0,0.0,4.0,0.0
999,1.0,999.0,London_170,,151,453,1092.0,70.0,2.0,179388.0,1.6895469846203923,849.0,143.0,2.0,141.0,278.0,18.0,260.0,23.0,230.0,95.0,13.0,74.0,8.0,24.0,4.0,5.0,5.0,66.0,162.0,220.0,26.0,0.0,0.0,0.0,0.0,0.0,0.0,0.0,0.0,0.0,0.0,0.0,0.0,0.0,0.0,0.0,0.0,0.0,0.0,0.0,0.0,0.0,0.0,0.0,0.0,0.0,0.0,0.0,0.0,0.0,1.0,0.0,0.0,1.0,0.0,0.0,0.0,0.0,0.0,0.0,0.0,4.0,18.0,0.0,1.0,4.0,1.0,10.0,11.0,14.0,12.0,29.0,36.0,17.0,7.0,0.0,0.0,0.0,0.0,0.0,0.0,0.0,0.0,0.0,8.0,0.0,0.0,8.0,0.0,0.0,0.0,0.0,0.0,0.0,0.0,7.0,26.0,0.0,1.0,4.0,1.0,13.0,20.0,23.0,13.0,52.0,55.0,24.0,14.0
1000,1.0,1000.0,London_170,,151,453,1092.0,70.0,2.0,151302.0,0.7602647729218006,787.0,69.0,1.0,68.0,131.0,9.0,122.0,278.0,207.0,111.0,16.0,81.0,5.0,27.0,0.0,6.0,5.0,82.0,149.0,217.0,39.0,0.0,0.0,0.0,0.0,0.0,0.0,0.0,0.0,0.0,0.0,0.0,0.0,0.0,0.0,0.0,0.0,0.0,0.0,0.0,0.0,0.0,0.0,0.0,0.0,0.0,0.0,0.0,0.0,0.0,0.0,0.0,0.0,0.0,0.0,0.0,1.0,0.0,0.0,0.0,0.0,2.0,5.0,2.0,0.0,1.0,0.0,6.0,10.0,5.0,7.0,14.0,9.0,11.0,8.0,0.0,0.0,0.0,0.0,0.0,0.0,0.0,0.0,0.0,0.0,0.0,0.0,0.0,0.0,0.0,5.0,0.0,0.0,0.0,0.0,3.0,6.0,2.0,0.0,2.0,0.0,7.0,13.0,7.0,10.0,25.0,13.0,15.0,14.0
1001,1.0,1001.0,London_170,,151,453,1092.0,70.0,2.0,159003.0,1.5470854891464114,804.0,81.0,2.0,79.0,156.0,20.0,136.0,131.0,218.0,87.0,22.0,83.0,9.0,31.0,0.0,3.0,6.0,92.0,152.0,203.0,46.0,0.0,0.0,0.0,0.0,0.0,0.0,0.0,0.0,0.0,0.0,0.0,0.0,0.0,0.0,0.0,0.0,0.0,0.0,0.0,0.0,0.0,0.0,0.0,0.0,0.0,0.0,0.0,0.0,0.0,0.0,1.0,0.0,1.0,0.0,0.0,1.0,0.0,0.0,0.0,0.0,6.0,2.0,0.0,3.0,1.0,0.0,23.0,3.0,1.0,9.0,9.0,23.0,14.0,6.0,0.0,0.0,0.0,0.0,0.0,0.0,0.0,0.0,0.0,0.0,9.0,0.0,4.0,0.0,0.0,6.0,0.0,0.0,0.0,0.0,9.0,2.0,0.0,5.0,1.0,0.0,28.0,5.0,1.0,10.0,14.0,33.0,19.0,7.0
1002,1.0,1002.0,London_170,,151,453,1092.0,70.0,2.0,155379.0,1.2194396569393575,796.0,132.0,2.0,130.0,255.0,20.0,235.0,156.0,240.0,58.0,22.0,83.0,11.0,35.0,1.0,3.0,9.0,91.0,151.0,202.0,33.0,0.0,0.0,0.0,0.0,0.0,0.0,0.0,0.0,0.0,0.0,0.0,0.0,0.0,0.0,0.0,0.0,0.0,0.0,0.0,0.0,0.0,0.0,0.0,0.0,0.0,0.0,0.0,0.0,0.0,0.0,1.0,0.0,1.0,0.0,0.0,1.0,1.0,0.0,0.0,0.0,6.0,2.0,4.0,2.0,2.0,0.0,12.0,9.0,13.0,11.0,32.0,29.0,26.0,7.0,0.0,0.0,0.0,0.0,0.0,0.0,0.0,0.0,0.0,0.0,4.0,0.0,2.0,0.0,0.0,1.0,11.0,0.0,0.0,0.0,7.0,2.0,4.0,2.0,2.0,0.0,17.0,13.0,14.0,14.0,51.0,43.0,37.0,14.0
1003,1.0,1003.0,London_170,,151,453,1092.0,70.0,2.0,132276.0,1.153079444076866,745.0,27.0,0.0,27.0,43.0,0.0,43.0,255.0,207.0,95.0,24.0,84.0,12.0,22.0,3.0,6.0,4.0,85.0,171.0,193.0,25.0,0.0,0.0,0.0,0.0,0.0,0.0,0.0,0.0,0.0,0.0,0.0,0.0,0.0,0.0,0.0,0.0,0.0,0.0,0.0,0.0,0.0,0.0,0.0,0.0,0.0,0.0,0.0,0.0,0.0,0.0,0.0,0.0,0.0,0.0,0.0,0.0,0.0,0.0,0.0,0.0,0.0,0.0,0.0,0.0,0.0,0.0,1.0,3.0,2.0,1.0,4.0,6.0,7.0,0.0,0.0,0.0,0.0,0.0,0.0,0.0,0.0,0.0,0.0,0.0,0.0,0.0,0.0,0.0,0.0,0.0,0.0,0.0,0.0,0.0,0.0,0.0,0.0,0.0,0.0,0.0,1.0,6.0,2.0,1.0,4.0,7.0,8.0,0.0
1004,1.0,1004.0,London_170,,151,453,1092.0,70.0,2.0,162174.0,1.023710735142231,811.0,115.0,2.0,113.0,209.0,18.0,191.0,43.0,207.0,101.0,22.0,77.0,14.0,21.0,5.0,6.0,5.0,84.0,172.0,192.0,29.0,0.0,0.0,0.0,0.0,0.0,0.0,0.0,0.0,0.0,0.0,0.0,0.0,0.0,0.0,0.0,0.0,0.0,0.0,0.0,0.0,0.0,0.0,0.0,0.0,0.0,0.0,0.0,0.0,0.0,0.0,1.0,0.0,1.0,1.0,0.0,1.0,0.0,0.0,0.0,0.0,2.0,6.0,0.0,2.0,0.0,0.0,8.0,12.0,8.0,9.0,13.0,32.0,12.0,12.0,0.0,0.0,0.0,0.0,0.0,0.0,0.0,0.0,0.0,0.0,8.0,0.0,7.0,8.0,0.0,6.0,0.0,0.0,0.0,0.0,2.0,9.0,0.0,2.0,0.0,0.0,11.0,20.0,11.0,10.0,20.0,46.0,17.0,21.0
1005,1.0,1005.0,London_170,,151,453,1092.0,70.0,2.0,147678.0,0.8601151132024825,779.0,103.0,0.0,103.0,167.0,0.0,167.0,209.0,219.0,109.0,17.0,76.0,10.0,10.0,3.0,9.0,5.0,87.0,179.0,182.0,37.0,0.0,0.0,0.0,0.0,0.0,0.0,0.0,0.0,0.0,0.0,0.0,0.0,0.0,0.0,0.0,0.0,0.0,0.0,0.0,0.0,0.0,0.0,0.0,0.0,0.0,0.0,0.0,0.0,0.0,0.0,0.0,0.0,0.0,0.0,0.0,0.0,0.0,0.0,0.0,0.0,3.0,5.0,3.0,2.0,0.0,0.0,2.0,8.0,1.0,16.0,19.0,21.0,19.0,15.0,0.0,0.0,0.0,0.0,0.0,0.0,0.0,0.0,0.0,0.0,0.0,0.0,0.0,0.0,0.0,0.0,0.0,0.0,0.0,0.0,6.0,10.0,3.0,2.0,0.0,0.0,3.0,11.0,1.0,21.0,28.0,33.0,28.0,23.0
1006,1.0,1006.0,London_170,,151,453,1092.0,70.0,2.0,135447.0,0.9690968631766737,752.0,119.0,0.0,119.0,227.0,0.0,227.0,167.0,229.0,108.0,18.0,69.0,4.0,12.0,2.0,11.0,9.0,84.0,191.0,169.0,42.0,0.0,0.0,0.0,0.0,0.0,0.0,0.0,0.0,0.0,0.0,0.0,0.0,0.0,0.0,0.0,0.0,0.0,0.0,0.0,0.0,0.0,0.0,0.0,0.0,0.0,0.0,0.0,0.0,0.0,0.0,0.0,0.0,0.0,0.0,0.0,0.0,0.0,0.0,0.0,0.0,5.0,12.0,2.0,3.0,0.0,0.0,8.0,14.0,4.0,9.0,26.0,31.0,25.0,7.0,0.0,0.0,0.0,0.0,0.0,0.0,0.0,0.0,0.0,0.0,0.0,0.0,0.0,0.0,0.0,0.0,0.0,0.0,0.0,0.0,7.0,20.0,3.0,3.0,0.0,0.0,10.0,26.0,7.0,11.0,40.0,55.0,32.0,12.0
1007,1.0,1007.0,London_170,,151,453,1092.0,70.0,2.0,114156.0,0.811493624933064,705.0,0.0,0.0,0.0,0.0,0.0,0.0,227.0,234.0,96.0,16.0,69.0,8.0,17.0,3.0,10.0,5.0,85.0,172.0,191.0,37.0,0.0,0.0,0.0,0.0,0.0,0.0,0.0,0.0,0.0,0.0,0.0,0.0,0.0,0.0,0.0,0.0,0.0,0.0,0.0,0.0,0.0,0.0,0.0,0.0,0.0,0.0,0.0,0.0,0.0,0.0,0.0,0.0,0.0,0.0,0.0,0.0,0.0,0.0,0.0,0.0,0.0,0.0,0.0,0.0,0.0,0.0,0.0,0.0,0.0,0.0,0.0,0.0,0.0,0.0,0.0,0.0,0.0,0.0,0.0,0.0,0.0,0.0,0.0,0.0,0.0,0.0,0.0,0.0,0.0,0.0,0.0,0.0,0.0,0.0,0.0,0.0,0.0,0.0,0.0,0.0,0.0,0.0,0.0,0.0,0.0,0.0,0.0,0.0
1008,1.0,1008.0,London_170,,151,453,1092.0,70.0,2.0,152208.0,0.8066729349084198,789.0,4.0,0.0,4.0,8.0,0.0,8.0,0.0,234.0,96.0,16.0,69.0,8.0,17.0,3.0,10.0,5.0,85.0,172.0,191.0,37.0,0.0,0.0,0.0,0.0,0.0,0.0,0.0,0.0,0.0,0.0,0.0,0.0,0.0,0.0,0.0,0.0,0.0,0.0,0.0,0.0,0.0,0.0,0.0,0.0,0.0,0.0,0.0,0.0,0.0,0.0,0.0,0.0,0.0,0.0,0.0,0.0,0.0,0.0,0.0,0.0,1.0,0.0,0.0,0.0,0.0,0.0,0.0,0.0,1.0,1.0,1.0,1.0,1.0,0.0,0.0,0.0,0.0,0.0,0.0,0.0,0.0,0.0,0.0,0.0,0.0,0.0,0.0,0.0,0.0,0.0,0.0,0.0,0.0,0.0,1.0,0.0,0.0,0.0,0.0,0.0,0.0,0.0,1.0,2.0,1.0,2.0,1.0,0.0
1009,1.0,1009.0,London_170,,151,453,1092.0,70.0,2.0,194790.0,1.1253145993687212,883.0,124.0,0.0,124.0,222.0,0.0,222.0,8.0,235.0,101.0,17.0,66.0,8.0,16.0,3.0,7.0,5.0,86.0,170.0,192.0,35.0,0.0,0.0,0.0,0.0,0.0,0.0,0.0,0.0,0.0,0.0,0.0,0.0,0.0,0.0,0.0,0.0,0.0,0.0,0.0,0.0,0.0,0.0,0.0,0.0,0.0,0.0,0.0,0.0,0.0,0.0,0.0,0.0,0.0,0.0,0.0,0.0,0.0,0.0,0.0,0.0,2.0,2.0,2.0,2.0,7.0,1.0,24.0,7.0,5.0,16.0,19.0,25.0,13.0,13.0,0.0,0.0,0.0,0.0,0.0,0.0,0.0,0.0,0.0,0.0,0.0,0.0,0.0,0.0,0.0,0.0,0.0,0.0,0.0,0.0,2.0,3.0,2.0,3.0,7.0,2.0,28.0,8.0,5.0,23.0,33.0,35.0,17.0,20.0
1010,1.0,1010.0,London_170,,151,453,1092.0,70.0,2.0,176670.0,1.1744210701435804,843.0,153.0,0.0,153.0,254.0,0.0,254.0,222.0,229.0,111.0,20.0,60.0,3.0,22.0,2.0,6.0,9.0,81.0,192.0,171.0,41.0,0.0,0.0,0.0,0.0,0.0,0.0,0.0,0.0,0.0,0.0,0.0,0.0,0.0,0.0,0.0,0.0,0.0,0.0,0.0,0.0,0.0,0.0,0.0,0.0,0.0,0.0,0.0,0.0,0.0,0.0,0.0,0.0,0.0,0.0,0.0,0.0,0.0,0.0,0.0,0.0,9.0,11.0,1.0,2.0,1.0,0.0,10.0,6.0,4.0,23.0,32.0,44.0,23.0,13.0,0.0,0.0,0.0,0.0,0.0,0.0,0.0,0.0,0.0,0.0,0.0,0.0,0.0,0.0,0.0,0.0,0.0,0.0,0.0,0.0,9.0,15.0,1.0,2.0,1.0,0.0,12.0,7.0,5.0,27.0,44.0,66.0,25.0,19.0
1011,1.0,1011.0,London_170,,151,453,1092.0,70.0,2.0,156285.0,2.003929700702429,798.0,95.0,2.0,93.0,167.0,18.0,149.0,254.0,219.0,101.0,15.0,83.0,3.0,27.0,1.0,4.0,3.0,88.0,162.0,200.0,39.0,0.0,0.0,0.0,0.0,0.0,0.0,0.0,0.0,0.0,0.0,0.0,0.0,0.0,0.0,0.0,0.0,0.0,0.0,0.0,0.0,0.0,0.0,0.0,0.0,0.0,0.0,0.0,0.0,0.0,0.0,0.0,0.0,1.0,0.0,1.0,2.0,0.0,0.0,0.0,0.0,3.0,4.0,3.0,1.0,0.0,0.0,9.0,8.0,3.0,10.0,22.0,21.0,16.0,6.0,0.0,0.0,0.0,0.0,0.0,0.0,0.0,0.0,0.0,0.0,0.0,0.0,3.0,0.0,8.0,4.0,0.0,0.0,0.0,0.0,3.0,6.0,4.0,1.0,0.0,0.0,12.0,10.0,3.0,13.0,29.0,30.0,19.0,8.0
1012,1.0,1012.0,London_170,,151,453,1092.0,70.0,2.0,160362.0,0.9418510692194104,807.0,38.0,2.0,36.0,81.0,19.0,62.0,167.0,224.0,118.0,14.0,67.0,2.0,25.0,1.0,2.0,5.0,93.0,157.0,198.0,49.0,0.0,0.0,0.0,0.0,0.0,0.0,0.0,0.0,0.0,0.0,0.0,0.0,0.0,0.0,0.0,0.0,0.0,0.0,0.0,0.0,0.0,0.0,0.0,0.0,0.0,0.0,0.0,0.0,0.0,0.0,0.0,0.0,1.0,0.0,1.0,2.0,0.0,0.0,0.0,0.0,0.0,1.0,0.0,1.0,0.0,0.0,6.0,2.0,2.0,1.0,7.0,8.0,11.0,1.0,0.0,0.0,0.0,0.0,0.0,0.0,0.0,0.0,0.0,0.0,0.0,0.0,5.0,0.0,6.0,5.0,0.0,0.0,0.0,0.0,0.0,2.0,0.0,1.0,0.0,0.0,7.0,4.0,4.0,3.0,11.0,10.0,14.0,1.0
1013,1.0,1013.0,London_170,,151,453,1092.0,70.0,2.0,178482.0,1.1720379972830415,847.0,113.0,1.0,112.0,200.0,10.0,190.0,81.0,224.0,129.0,11.0,63.0,2.0,21.0,2.0,1.0,7.0,94.0,155.0,197.0,48.0,0.0,0.0,0.0,0.0,0.0,0.0,0.0,0.0,0.0,0.0,0.0,0.0,0.0,0.0,0.0,0.0,0.0,0.0,0.0,0.0,0.0,0.0,0.0,0.0,0.0,0.0,0.0,0.0,0.0,1.0,0.0,0.0,1.0,0.0,0.0,1.0,0.0,0.0,0.0,0.0,4.0,7.0,0.0,5.0,0.0,0.0,10.0,8.0,1.0,11.0,18.0,18.0,23.0,5.0,0.0,0.0,0.0,0.0,0.0,0.0,0.0,0.0,0.0,4.0,0.0,0.0,4.0,0.0,0.0,5.0,0.0,0.0,0.0,0.0,4.0,10.0,0.0,7.0,0.0,0.0,15.0,9.0,2.0,12.0,28.0,25.0,32.0,9.0
1014,1.0,1014.0,London_170,,151,453,1092.0,70.0,2.0,161268.0,1.0226859766989946,809.0,69.0,1.0,68.0,125.0,10.0,115.0,200.0,236.0,117.0,13.0,57.0,7.0,21.0,0.0,2.0,7.0,88.0,160.0,198.0,40.0,0.0,0.0,0.0,0.0,0.0,0.0,0.0,0.0,0.0,0.0,0.0,0.0,0.0,0.0,0.0,0.0,0.0,0.0,0.0,0.0,0.0,0.0,0.0,0.0,0.0,0.0,0.0,0.0,0.0,0.0,0.0,0.0,0.0,0.0,0.0,1.0,0.0,0.0,0.0,0.0,3.0,6.0,1.0,0.0,0.0,0.0,15.0,4.0,3.0,11.0,15.0,20.0,16.0,8.0,0.0,0.0,0.0,0.0,0.0,0.0,0.0,0.0,0.0,0.0,0.0,0.0,0.0,0.0,0.0,3.0,0.0,0.0,0.0,0.0,4.0,8.0,1.0,0.0,0.0,0.0,20.0,6.0,5.0,12.0,22.0,31.0,22.0,12.0
1015,1.0,1015.0,London_170,,151,453,1092.0,70.0,2.0,168063.0,1.039689945988357,824.0,99.0,0.0,99.0,168.0,0.0,168.0,125.0,240.0,121.0,15.0,51.0,2.0,24.0,0.0,0.0,8.0,95.0,154.0,196.0,39.0,0.0,0.0,0.0,0.0,0.0,0.0,0.0,0.0,0.0,0.0,0.0,0.0,0.0,0.0,0.0,0.0,0.0,0.0,0.0,0.0,0.0,0.0,0.0,0.0,0.0,0.0,0.0,0.0,0.0,0.0,0.0,0.0,0.0,0.0,0.0,0.0,0.0,0.0,0.0,0.0,4.0,11.0,2.0,1.0,4.0,1.0,14.0,6.0,8.0,7.0,18.0,20.0,23.0,8.0,0.0,0.0,0.0,0.0,0.0,0.0,0.0,0.0,0.0,0.0,0.0,0.0,0.0,0.0,0.0,0.0,0.0,0.0,0.0,0.0,4.0,15.0,2.0,1.0,4.0,1.0,18.0,10.0,11.0,10.0,30.0,30.0,30.0,14.0
1016,1.0,1016.0,London_170,,151,453,1092.0,70.0,2.0,166704.0,0.9898914201185107,821.0,68.0,2.0,66.0,131.0,18.0,113.0,168.0,252.0,105.0,13.0,56.0,6.0,18.0,1.0,2.0,7.0,87.0,160.0,199.0,34.0,0.0,0.0,0.0,0.0,0.0,0.0,0.0,0.0,0.0,0.0,0.0,0.0,0.0,0.0,0.0,0.0,0.0,0.0,0.0,0.0,0.0,0.0,0.0,0.0,0.0,0.0,0.0,0.0,0.0,0.0,0.0,0.0,1.0,0.0,1.0,1.0,0.0,0.0,0.0,0.0,4.0,5.0,0.0,0.0,1.0,0.0,6.0,6.0,0.0,10.0,9.0,18.0,13.0,6.0,0.0,0.0,0.0,0.0,0.0,0.0,0.0,0.0,0.0,0.0,0.0,0.0,5.0,0.0,6.0,4.0,0.0,0.0,0.0,0.0,5.0,7.0,0.0,0.0,1.0,0.0,7.0,10.0,0.0,12.0,11.0,25.0,18.0,8.0
1017,1.0,1017.0,London_170,,151,453,1092.0,70.0,2.0,175311.0,1.294453680049628,840.0,123.0,2.0,121.0,230.0,16.0,214.0,131.0,256.0,96.0,16.0,55.0,4.0,22.0,1.0,3.0,4.0,94.0,149.0,206.0,36.0,0.0,0.0,0.0,0.0,0.0,0.0,0.0,0.0,0.0,0.0,0.0,0.0,0.0,0.0,0.0,0.0,0.0,0.0,0.0,0.0,0.0,0.0,0.0,0.0,0.0,0.0,0.0,0.0,0.0,0.0,0.0,0.0,0.0,0.0,1.0,1.0,0.0,0.0,0.0,0.0,2.0,8.0,7.0,2.0,6.0,0.0,15.0,5.0,3.0,15.0,29.0,27.0,22.0,15.0,0.0,0.0,0.0,0.0,0.0,0.0,0.0,0.0,0.0,0.0,0.0,0.0,0.0,0.0,8.0,1.0,0.0,0.0,0.0,0.0,2.0,9.0,7.0,4.0,9.0,0.0,19.0,6.0,3.0,19.0,43.0,42.0,30.0,25.0
1018,1.0,1018.0,London_170,,151,453,1092.0,70.0,2.0,159909.0,1.0713345101103187,806.0,124.0,2.0,122.0,237.0,18.0,219.0,230.0,240.0,95.0,18.0,65.0,6.0,26.0,2.0,1.0,3.0,95.0,142.0,213.0,35.0,0.0,0.0,0.0,0.0,0.0,0.0,0.0,0.0,0.0,0.0,0.0,0.0,0.0,0.0,0.0,0.0,0.0,0.0,0.0,0.0,0.0,0.0,0.0,0.0,0.0,0.0,0.0,0.0,0.0,0.0,1.0,0.0,1.0,0.0,1.0,1.0,0.0,0.0,0.0,0.0,0.0,10.0,2.0,5.0,8.0,0.0,11.0,6.0,18.0,8.0,19.0,34.0,23.0,16.0,0.0,0.0,0.0,0.0,0.0,0.0,0.0,0.0,0.0,0.0,2.0,0.0,3.0,0.0,7.0,3.0,0.0,0.0,0.0,0.0,0.0,12.0,2.0,9.0,9.0,0.0,19.0,8.0,21.0,10.0,32.0,57.0,28.0,22.0
1019,1.0,1019.0,London_170,,151,453,1092.0,70.0,2.0,136806.0,0.7524791331961751,755.0,74.0,0.0,74.0,143.0,0.0,143.0,237.0,242.0,86.0,18.0,73.0,7.0,22.0,1.0,4.0,6.0,80.0,138.0,229.0,27.0,0.0,0.0,0.0,0.0,0.0,0.0,0.0,0.0,0.0,0.0,0.0,0.0,0.0,0.0,0.0,0.0,0.0,0.0,0.0,0.0,0.0,0.0,0.0,0.0,0.0,0.0,0.0,0.0,0.0,0.0,0.0,0.0,0.0,0.0,0.0,0.0,0.0,0.0,0.0,0.0,5.0,1.0,0.0,0.0,0.0,0.0,12.0,4.0,3.0,4.0,14.0,16.0,19.0,10.0,0.0,0.0,0.0,0.0,0.0,0.0,0.0,0.0,0.0,0.0,0.0,0.0,0.0,0.0,0.0,0.0,0.0,0.0,0.0,0.0,9.0,1.0,0.0,0.0,0.0,0.0,16.0,9.0,4.0,7.0,23.0,21.0,28.0,16.0
1020,1.0,1020.0,London_170,,151,453,1092.0,70.0,2.0,130011.0,0.8400836698710918,740.0,13.0,1.0,12.0,31.0,10.0,21.0,143.0,246.0,79.0,15.0,74.0,10.0,20.0,3.0,6.0,10.0,86.0,148.0,209.0,32.0,0.0,0.0,0.0,0.0,0.0,0.0,0.0,0.0,0.0,0.0,0.0,0.0,0.0,0.0,0.0,0.0,0.0,0.0,0.0,0.0,0.0,0.0,0.0,0.0,0.0,0.0,0.0,0.0,0.0,1.0,0.0,0.0,1.0,0.0,1.0,0.0,1.0,0.0,0.0,0.0,2.0,0.0,0.0,0.0,0.0,0.0,2.0,0.0,0.0,3.0,0.0,4.0,3.0,2.0,0.0,0.0,0.0,0.0,0.0,0.0,0.0,0.0,0.0,4.0,0.0,0.0,7.0,0.0,9.0,0.0,9.0,0.0,0.0,0.0,4.0,0.0,0.0,0.0,0.0,0.0,4.0,0.0,0.0,5.0,0.0,5.0,3.0,3.0
1021,1.0,1021.0,London_170,,151,453,1092.0,70.0,2.0,159456.0,1.3907750421203673,805.0,73.0,0.0,73.0,124.0,0.0,124.0,31.0,249.0,84.0,18.0,79.0,6.0,14.0,1.0,2.0,10.0,89.0,149.0,205.0,34.0,0.0,0.0,0.0,0.0,0.0,0.0,0.0,0.0,0.0,0.0,0.0,0.0,0.0,0.0,0.0,0.0,0.0,0.0,0.0,0.0,0.0,0.0,0.0,0.0,0.0,0.0,0.0,0.0,0.0,0.0,0.0,0.0,0.0,0.0,0.0,0.0,0.0,0.0,0.0,0.0,1.0,9.0,0.0,1.0,2.0,0.0,11.0,3.0,6.0,10.0,12.0,24.0,13.0,8.0,0.0,0.0,0.0,0.0,0.0,0.0,0.0,0.0,0.0,0.0,0.0,0.0,0.0,0.0,0.0,0.0,0.0,0.0,0.0,0.0,1.0,13.0,0.0,1.0,2.0,0.0,16.0,3.0,6.0,13.0,17.0,35.0,19.0,13.0
1022,1.0,1022.0,London_170,,151,453,1092.0,70.0,2.0,162627.0,1.1284380489960313,812.0,138.0,0.0,138.0,228.0,0.0,228.0,124.0,255.0,105.0,14.0,65.0,3.0,9.0,0.0,2.0,11.0,89.0,149.0,204.0,41.0,0.0,0.0,0.0,0.0,0.0,0.0,0.0,0.0,0.0,0.0,0.0,0.0,0.0,0.0,0.0,0.0,0.0,0.0,0.0,0.0,0.0,0.0,0.0,0.0,0.0,0.0,0.0,0.0,0.0,0.0,0.0,0.0,0.0,0.0,0.0,0.0,0.0,0.0,0.0,0.0,1.0,2.0,0.0,3.0,7.0,0.0,9.0,6.0,4.0,12.0,29.0,37.0,22.0,6.0,0.0,0.0,0.0,0.0,0.0,0.0,0.0,0.0,0.0,0.0,0.0,0.0,0.0,0.0,0.0,0.0,0.0,0.0,0.0,0.0,1.0,2.0,0.0,4.0,8.0,0.0,13.0,7.0,5.0,14.0,44.0,60.0,26.0,11.0
1023,1.0,1023.0,London_170,,151,453,1092.0,70.0,2.0,136806.0,0.8119406127370894,755.0,92.0,2.0,90.0,170.0,16.0,154.0,228.0,245.0,91.0,22.0,63.0,4.0,19.0,2.0,7.0,9.0,86.0,148.0,210.0,34.0,0.0,0.0,0.0,0.0,0.0,0.0,0.0,0.0,0.0,0.0,0.0,0.0,0.0,0.0,0.0,0.0,0.0,0.0,0.0,0.0,0.0,0.0,0.0,0.0,0.0,0.0,0.0,0.0,0.0,0.0,0.0,0.0,0.0,0.0,0.0,1.0,0.0,0.0,0.0,0.0,1.0,9.0,3.0,2.0,4.0,1.0,12.0,8.0,10.0,8.0,17.0,24.0,17.0,9.0,0.0,0.0,0.0,0.0,0.0,0.0,0.0,0.0,0.0,0.0,0.0,0.0,0.0,0.0,0.0,1.0,0.0,0.0,0.0,0.0,1.0,11.0,3.0,4.0,4.0,2.0,19.0,8.0,14.0,12.0,28.0,31.0,25.0,11.0
1024,1.0,1024.0,London_170,,151,453,1092.0,70.0,2.0,133635.0,1.033427347894758,748.0,86.0,2.0,84.0,175.0,19.0,156.0,170.0,257.0,84.0,22.0,65.0,4.0,14.0,1.0,6.0,8.0,88.0,151.0,206.0,31.0,0.0,0.0,0.0,0.0,0.0,0.0,0.0,0.0,0.0,0.0,0.0,0.0,0.0,0.0,0.0,0.0,0.0,0.0,0.0,0.0,0.0,0.0,0.0,0.0,0.0,0.0,0.0,0.0,0.0,0.0,1.0,0.0,0.0,0.0,1.0,0.0,0.0,0.0,0.0,0.0,1.0,11.0,2.0,3.0,2.0,0.0,13.0,8.0,12.0,7.0,15.0,16.0,15.0,7.0,0.0,0.0,0.0,0.0,0.0,0.0,0.0,0.0,0.0,0.0,2.0,0.0,0.0,0.0,7.0,0.0,0.0,0.0,0.0,0.0,1.0,19.0,3.0,3.0,2.0,0.0,19.0,13.0,19.0,9.0,27.0,28.0,17.0,10.0
1025,1.0,1025.0,London_170,,151,453,1092.0,70.0,2.0,132729.0,1.3118445500731468,746.0,10.0,0.0,10.0,17.0,0.0,17.0,175.0,264.0,67.0,21.0,72.0,4.0,19.0,2.0,4.0,10.0,87.0,141.0,215.0,32.0,0.0,0.0,0.0,0.0,0.0,0.0,0.0,0.0,0.0,0.0,0.0,0.0,0.0,0.0,0.0,0.0,0.0,0.0,0.0,0.0,0.0,0.0,0.0,0.0,0.0,0.0,0.0,0.0,0.0,0.0,0.0,0.0,0.0,0.0,0.0,0.0,0.0,0.0,0.0,0.0,0.0,3.0,0.0,0.0,0.0,0.0,1.0,2.0,0.0,3.0,3.0,2.0,2.0,1.0,0.0,0.0,0.0,0.0,0.0,0.0,0.0,0.0,0.0,0.0,0.0,0.0,0.0,0.0,0.0,0.0,0.0,0.0,0.0,0.0,0.0,5.0,0.0,0.0,0.0,0.0,1.0,3.0,0.0,4.0,6.0,3.0,3.0,1.0
1026,1.0,1026.0,London_170,,151,453,1092.0,70.0,2.0,171234.0,1.3879743060097098,831.0,131.0,2.0,129.0,244.0,19.0,225.0,17.0,264.0,68.0,21.0,68.0,4.0,24.0,2.0,2.0,10.0,90.0,143.0,210.0,33.0,0.0,0.0,0.0,0.0,0.0,0.0,0.0,0.0,0.0,0.0,0.0,0.0,0.0,0.0,0.0,0.0,0.0,0.0,0.0,0.0,0.0,0.0,0.0,0.0,0.0,0.0,0.0,0.0,0.0,1.0,0.0,0.0,0.0,0.0,1.0,0.0,0.0,0.0,0.0,0.0,6.0,27.0,11.0,0.0,9.0,0.0,13.0,6.0,2.0,12.0,35.0,26.0,19.0,2.0,0.0,0.0,0.0,0.0,0.0,0.0,0.0,0.0,0.0,2.0,0.0,0.0,0.0,0.0,6.0,0.0,0.0,0.0,0.0,0.0,7.0,41.0,11.0,0.0,9.0,0.0,15.0,7.0,3.0,16.0,52.0,43.0,28.0,4.0
1027,1.0,1027.0,London_170,,151,453,1092.0,70.0,2.0,148131.0,1.098038898780942,780.0,64.0,0.0,64.0,120.0,0.0,120.0,244.0,230.0,93.0,20.0,68.0,6.0,34.0,0.0,2.0,9.0,83.0,142.0,219.0,31.0,0.0,0.0,0.0,0.0,0.0,0.0,0.0,0.0,0.0,0.0,0.0,0.0,0.0,0.0,0.0,0.0,0.0,0.0,0.0,0.0,0.0,0.0,0.0,0.0,0.0,0.0,0.0,0.0,0.0,0.0,0.0,0.0,0.0,0.0,0.0,0.0,0.0,0.0,0.0,0.0,4.0,11.0,0.0,1.0,0.0,0.0,3.0,6.0,0.0,7.0,14.0,17.0,20.0,5.0,0.0,0.0,0.0,0.0,0.0,0.0,0.0,0.0,0.0,0.0,0.0,0.0,0.0,0.0,0.0,0.0,0.0,0.0,0.0,0.0,4.0,17.0,0.0,1.0,0.0,0.0,4.0,10.0,0.0,7.0,25.0,22.0,27.0,9.0
1028,1.0,1028.0,London_170,,151,453,1092.0,70.0,2.0,160362.0,1.2052594441920519,807.0,57.0,1.0,56.0,108.0,9.0,99.0,120.0,241.0,82.0,10.0,72.0,2.0,41.0,0.0,5.0,12.0,87.0,137.0,217.0,44.0,0.0,0.0,0.0,0.0,0.0,0.0,0.0,0.0,0.0,0.0,0.0,0.0,0.0,0.0,0.0,0.0,0.0,0.0,0.0,0.0,0.0,0.0,0.0,0.0,0.0,0.0,0.0,0.0,0.0,0.0,0.0,0.0,1.0,0.0,0.0,0.0,1.0,0.0,0.0,0.0,1.0,6.0,0.0,1.0,2.0,0.0,8.0,4.0,6.0,5.0,12.0,11.0,9.0,3.0,0.0,0.0,0.0,0.0,0.0,0.0,0.0,0.0,0.0,0.0,0.0,0.0,5.0,0.0,0.0,0.0,5.0,0.0,0.0,0.0,2.0,7.0,0.0,2.0,2.0,0.0,9.0,5.0,8.0,7.0,21.0,15.0,12.0,6.0
1029,1.0,1029.0,London_170,,151,453,1092.0,70.0,2.0,173046.0,1.5003820532001555,835.0,137.0,2.0,135.0,241.0,18.0,223.0,108.0,241.0,79.0,10.0,69.0,2.0,46.0,0.0,6.0,10.0,84.0,135.0,224.0,40.0,0.0,0.0,0.0,0.0,0.0,0.0,0.0,0.0,0.0,0.0,0.0,0.0,0.0,0.0,0.0,0.0,0.0,0.0,0.0,0.0,0.0,0.0,0.0,0.0,0.0,0.0,0.0,0.0,0.0,0.0,0.0,0.0,1.0,1.0,1.0,0.0,0.0,0.0,0.0,0.0,1.0,9.0,1.0,1.0,1.0,0.0,16.0,7.0,3.0,12.0,33.0,28.0,16.0,6.0,0.0,0.0,0.0,0.0,0.0,0.0,0.0,0.0,0.0,0.0,0.0,0.0,2.0,6.0,6.0,0.0,0.0,0.0,0.0,0.0,2.0,17.0,1.0,2.0,1.0,0.0,18.0,10.0,5.0,20.0,49.0,39.0,20.0,8.0
1030,1.0,1030.0,London_170,,151,453,1092.0,70.0,2.0,144507.0,2.1122024478390813,772.0,71.0,2.0,69.0,128.0,17.0,111.0,241.0,230.0,85.0,12.0,72.0,6.0,41.0,0.0,7.0,5.0,83.0,153.0,212.0,32.0,0.0,0.0,0.0,0.0,0.0,0.0,0.0,0.0,0.0,0.0,0.0,0.0,0.0,0.0,0.0,0.0,0.0,0.0,0.0,0.0,0.0,0.0,0.0,0.0,0.0,0.0,0.0,0.0,0.0,1.0,0.0,0.0,0.0,0.0,1.0,1.0,0.0,0.0,0.0,0.0,2.0,1.0,0.0,1.0,0.0,0.0,7.0,8.0,4.0,9.0,17.0,14.0,12.0,5.0,0.0,0.0,0.0,0.0,0.0,0.0,0.0,0.0,0.0,3.0,0.0,0.0,0.0,0.0,8.0,2.0,0.0,0.0,0.0,0.0,2.0,1.0,0.0,1.0,0.0,0.0,11.0,11.0,4.0,11.0,21.0,21.0,15.0,7.0
1031,1.0,1031.0,London_170,,151,453,1092.0,70.0,2.0,151755.0,1.127414113841951,788.0,103.0,0.0,103.0,170.0,0.0,170.0,128.0,232.0,104.0,6.0,61.0,9.0,39.0,0.0,2.0,6.0,92.0,158.0,197.0,38.0,0.0,0.0,0.0,0.0,0.0,0.0,0.0,0.0,0.0,0.0,0.0,0.0,0.0,0.0,0.0,0.0,0.0,0.0,0.0,0.0,0.0,0.0,0.0,0.0,0.0,0.0,0.0,0.0,0.0,0.0,0.0,0.0,0.0,0.0,0.0,0.0,0.0,0.0,0.0,0.0,4.0,5.0,2.0,7.0,0.0,0.0,12.0,1.0,7.0,12.0,11.0,24.0,18.0,9.0,0.0,0.0,0.0,0.0,0.0,0.0,0.0,0.0,0.0,0.0,0.0,0.0,0.0,0.0,0.0,0.0,0.0,0.0,0.0,0.0,4.0,5.0,2.0,10.0,0.0,0.0,15.0,2.0,11.0,17.0,14.0,37.0,22.0,18.0
1032,1.0,1032.0,London_170,,151,453,1092.0,70.0,2.0,143601.0,1.0379692940041423,770.0,87.0,0.0,87.0,153.0,0.0,153.0,170.0,236.0,110.0,18.0,46.0,3.0,35.0,0.0,5.0,8.0,93.0,149.0,203.0,49.0,0.0,0.0,0.0,0.0,0.0,0.0,0.0,0.0,0.0,0.0,0.0,0.0,0.0,0.0,0.0,0.0,0.0,0.0,0.0,0.0,0.0,0.0,0.0,0.0,0.0,0.0,0.0,0.0,0.0,0.0,0.0,0.0,0.0,0.0,0.0,0.0,0.0,0.0,0.0,0.0,5.0,4.0,1.0,2.0,1.0,0.0,4.0,6.0,6.0,6.0,19.0,20.0,14.0,10.0,0.0,0.0,0.0,0.0,0.0,0.0,0.0,0.0,0.0,0.0,0.0,0.0,0.0,0.0,0.0,0.0,0.0,0.0,0.0,0.0,5.0,6.0,1.0,2.0,1.0,0.0,7.0,9.0,9.0,7.0,32.0,25.0,19.0,17.0
1033,1.0,1033.0,London_170,,151,453,1092.0,70.0,2.0,149943.0,1.3119104611687362,784.0,38.0,1.0,37.0,82.0,9.0,73.0,153.0,237.0,98.0,14.0,46.0,4.0,53.0,1.0,0.0,11.0,83.0,155.0,204.0,50.0,0.0,0.0,0.0,0.0,0.0,0.0,0.0,0.0,0.0,0.0,0.0,0.0,0.0,0.0,0.0,0.0,0.0,0.0,0.0,0.0,0.0,0.0,0.0,0.0,0.0,0.0,0.0,0.0,0.0,1.0,0.0,0.0,0.0,0.0,0.0,1.0,0.0,0.0,0.0,0.0,0.0,4.0,0.0,0.0,0.0,0.0,3.0,2.0,1.0,8.0,7.0,11.0,12.0,3.0,0.0,0.0,0.0,0.0,0.0,0.0,0.0,0.0,0.0,6.0,0.0,0.0,0.0,0.0,0.0,3.0,0.0,0.0,0.0,0.0,0.0,5.0,0.0,0.0,0.0,0.0,3.0,2.0,2.0,8.0,11.0,16.0,18.0,6.0
1034,1.0,1034.0,London_170,,151,453,1092.0,70.0,2.0,176670.0,1.7267276183702052,843.0,120.0,0.0,120.0,208.0,0.0,208.0,82.0,241.0,100.0,16.0,35.0,2.0,54.0,2.0,3.0,12.0,78.0,160.0,203.0,60.0,0.0,0.0,0.0,0.0,0.0,0.0,0.0,0.0,0.0,0.0,0.0,0.0,0.0,0.0,0.0,0.0,0.0,0.0,0.0,0.0,0.0,0.0,0.0,0.0,0.0,0.0,0.0,0.0,0.0,0.0,0.0,0.0,0.0,0.0,0.0,0.0,0.0,0.0,0.0,0.0,1.0,1.0,0.0,2.0,0.0,0.0,4.0,5.0,4.0,4.0,26.0,19.0,28.0,11.0,0.0,0.0,0.0,0.0,0.0,0.0,0.0,0.0,0.0,0.0,0.0,0.0,0.0,0.0,0.0,0.0,0.0,0.0,0.0,0.0,1.0,1.0,0.0,4.0,0.0,0.0,6.0,7.0,4.0,4.0,39.0,30.0,41.0,15.0
1035,1.0,1035.0,London_170,,151,453,1092.0,70.0,2.0,165345.0,1.021624764893204,818.0,37.0,2.0,35.0,80.0,19.0,61.0,208.0,230.0,69.0,14.0,76.0,6.0,54.0,1.0,3.0,9.0,83.0,157.0,204.0,52.0,0.0,0.0,0.0,0.0,0.0,0.0,0.0,0.0,0.0,0.0,0.0,0.0,0.0,0.0,0.0,0.0,0.0,0.0,0.0,0.0,0.0,0.0,0.0,0.0,0.0,0.0,0.0,0.0,0.0,0.0,2.0,0.0,1.0,0.0,0.0,1.0,0.0,0.0,0.0,0.0,0.0,4.0,0.0,0.0,1.0,0.0,2.0,5.0,4.0,1.0,7.0,10.0,9.0,2.0,0.0,0.0,0.0,0.0,0.0,0.0,0.0,0.0,0.0,0.0,11.0,0.0,6.0,0.0,0.0,4.0,0.0,0.0,0.0,0.0,0.0,6.0,0.0,0.0,1.0,0.0,3.0,6.0,7.0,1.0,9.0,15.0,11.0,4.0
1036,1.0,1036.0,London_170,,151,453,1092.0,70.0,2.0,182559.0,1.210059825796634,856.0,91.0,0.0,91.0,155.0,0.0,155.0,80.0,239.0,80.0,12.0,75.0,5.0,38.0,2.0,2.0,7.0,82.0,161.0,203.0,46.0,0.0,0.0,0.0,0.0,0.0,0.0,0.0,0.0,0.0,0.0,0.0,0.0,0.0,0.0,0.0,0.0,0.0,0.0,0.0,0.0,0.0,0.0,0.0,0.0,0.0,0.0,0.0,0.0,0.0,0.0,0.0,0.0,0.0,0.0,0.0,0.0,0.0,0.0,0.0,0.0,0.0,7.0,0.0,4.0,0.0,0.0,5.0,5.0,2.0,4.0,17.0,18.0,19.0,7.0,0.0,0.0,0.0,0.0,0.0,0.0,0.0,0.0,0.0,0.0,0.0,0.0,0.0,0.0,0.0,0.0,0.0,0.0,0.0,0.0,0.0,11.0,0.0,6.0,0.0,0.0,6.0,7.0,3.0,4.0,26.0,24.0,24.0,10.0
1037,1.0,1037.0,London_170,,151,453,1092.0,70.0,2.0,189354.0,1.7220389051362872,871.0,129.0,0.0,129.0,216.0,0.0,216.0,155.0,249.0,91.0,17.0,45.0,9.0,39.0,0.0,3.0,8.0,81.0,157.0,207.0,47.0,0.0,0.0,0.0,0.0,0.0,0.0,0.0,0.0,0.0,0.0,0.0,0.0,0.0,0.0,0.0,0.0,0.0,0.0,0.0,0.0,0.0,0.0,0.0,0.0,0.0,0.0,0.0,0.0,0.0,0.0,0.0,0.0,0.0,0.0,0.0,0.0,0.0,0.0,0.0,0.0,1.0,4.0,0.0,1.0,0.0,0.0,5.0,9.0,2.0,8.0,18.0,32.0,18.0,8.0,0.0,0.0,0.0,0.0,0.0,0.0,0.0,0.0,0.0,0.0,0.0,0.0,0.0,0.0,0.0,0.0,0.0,0.0,0.0,0.0,2.0,4.0,0.0,1.0,0.0,0.0,6.0,13.0,2.0,10.0,23.0,45.0,21.0,12.0
1038,1.0,1038.0,London_170,,151,453,1092.0,70.0,2.0,163986.0,1.541874147951603,815.0,121.0,0.0,121.0,209.0,0.0,209.0,216.0,242.0,76.0,12.0,63.0,15.0,38.0,0.0,7.0,14.0,84.0,157.0,198.0,32.0,0.0,0.0,0.0,0.0,0.0,0.0,0.0,0.0,0.0,0.0,0.0,0.0,0.0,0.0,0.0,0.0,0.0,0.0,0.0,0.0,0.0,0.0,0.0,0.0,0.0,0.0,0.0,0.0,0.0,0.0,0.0,0.0,0.0,0.0,0.0,0.0,0.0,0.0,0.0,0.0,2.0,16.0,0.0,1.0,0.0,0.0,12.0,5.0,1.0,11.0,28.0,25.0,25.0,9.0,0.0,0.0,0.0,0.0,0.0,0.0,0.0,0.0,0.0,0.0,0.0,0.0,0.0,0.0,0.0,0.0,0.0,0.0,0.0,0.0,2.0,20.0,0.0,1.0,0.0,0.0,16.0,5.0,1.0,13.0,42.0,40.0,35.0,13.0
1039,1.0,1039.0,London_170,,151,453,1092.0,70.0,2.0,133635.0,0.8863142780028284,748.0,150.0,2.0,148.0,264.0,19.0,245.0,209.0,238.0,85.0,8.0,52.0,14.0,54.0,1.0,1.0,13.0,83.0,165.0,192.0,34.0,0.0,0.0,0.0,0.0,0.0,0.0,0.0,0.0,0.0,0.0,0.0,0.0,0.0,0.0,0.0,0.0,0.0,0.0,0.0,0.0,0.0,0.0,0.0,0.0,0.0,0.0,0.0,0.0,0.0,2.0,0.0,1.0,0.0,0.0,2.0,2.0,1.0,0.0,0.0,0.0,2.0,0.0,2.0,2.0,0.0,0.0,3.0,7.0,0.0,5.0,35.0,30.0,25.0,11.0,0.0,0.0,0.0,0.0,0.0,0.0,0.0,0.0,0.0,8.0,0.0,6.0,0.0,0.0,13.0,8.0,6.0,0.0,0.0,0.0,2.0,0.0,2.0,2.0,0.0,0.0,3.0,10.0,0.0,8.0,56.0,43.0,33.0,15.0
1040,1.0,1040.0,London_170,,151,453,1092.0,70.0,2.0,92865.0,0.5257300366647542,658.0,60.0,2.0,58.0,130.0,17.0,113.0,264.0,215.0,108.0,12.0,76.0,7.0,31.0,1.0,3.0,10.0,89.0,166.0,188.0,27.0,0.0,0.0,0.0,0.0,0.0,0.0,0.0,0.0,0.0,0.0,0.0,0.0,0.0,0.0,0.0,0.0,0.0,0.0,0.0,0.0,0.0,0.0,0.0,0.0,0.0,0.0,0.0,0.0,0.0,0.0,0.0,0.0,1.0,0.0,1.0,2.0,0.0,0.0,0.0,0.0,1.0,4.0,0.0,0.0,1.0,0.0,4.0,5.0,7.0,12.0,10.0,12.0,12.0,4.0,0.0,0.0,0.0,0.0,0.0,0.0,0.0,0.0,0.0,0.0,0.0,0.0,7.0,0.0,9.0,10.0,0.0,0.0,0.0,0.0,1.0,6.0,0.0,0.0,1.0,0.0,4.0,6.0,12.0,16.0,18.0,18.0,15.0,9.0
1041,1.0,1041.0,London_170,,151,453,1092.0,70.0,2.0,93771.0,0.6332875010557473,660.0,3.0,2.0,1.0,20.0,18.0,2.0,130.0,229.0,116.0,20.0,54.0,0.0,28.0,0.0,6.0,8.0,86.0,177.0,182.0,32.0,0.0,0.0,0.0,0.0,0.0,0.0,0.0,0.0,0.0,0.0,0.0,0.0,0.0,0.0,0.0,0.0,0.0,0.0,0.0,0.0,0.0,0.0,0.0,0.0,0.0,0.0,0.0,0.0,0.0,0.0,0.0,0.0,1.0,0.0,0.0,0.0,0.0,0.0,0.0,0.0,0.0,0.0,0.0,0.0,0.0,0.0,0.0,0.0,0.0,0.0,0.0,0.0,0.0,0.0,0.0,0.0,0.0,0.0,0.0,0.0,0.0,0.0,0.0,0.0,0.0,0.0,7.0,0.0,0.0,0.0,0.0,0.0,0.0,0.0,0.0,0.0,0.0,0.0,0.0,0.0,0.0,0.0,0.0,0.0,0.0,0.0,0.0,0.0
1042,1.0,1042.0,London_170,,151,453,1092.0,70.0,2.0,123669.0,1.3492937530390918,726.0,32.0,1.0,31.0,68.0,9.0,59.0,20.0,227.0,121.0,21.0,57.0,1.0,20.0,0.0,6.0,7.0,88.0,169.0,189.0,24.0,0.0,0.0,0.0,0.0,0.0,0.0,0.0,0.0,0.0,0.0,0.0,0.0,0.0,0.0,0.0,0.0,0.0,0.0,0.0,0.0,0.0,0.0,0.0,0.0,0.0,0.0,0.0,0.0,0.0,0.0,0.0,0.0,0.0,0.0,0.0,1.0,0.0,0.0,0.0,0.0,2.0,7.0,0.0,1.0,1.0,0.0,4.0,1.0,4.0,9.0,6.0,8.0,5.0,5.0,0.0,0.0,0.0,0.0,0.0,0.0,0.0,0.0,0.0,0.0,0.0,0.0,0.0,0.0,0.0,5.0,0.0,0.0,0.0,0.0,4.0,10.0,0.0,2.0,1.0,0.0,5.0,1.0,4.0,12.0,10.0,12.0,5.0,6.0
1043,1.0,1043.0,London_170,,151,453,1092.0,70.0,2.0,149037.0,1.3128505572676659,782.0,114.0,2.0,112.0,214.0,20.0,194.0,68.0,229.0,112.0,27.0,52.0,3.0,23.0,1.0,6.0,8.0,93.0,165.0,187.0,32.0,0.0,0.0,0.0,0.0,0.0,0.0,0.0,0.0,0.0,0.0,0.0,0.0,0.0,0.0,0.0,0.0,0.0,0.0,0.0,0.0,0.0,0.0,0.0,0.0,0.0,0.0,0.0,0.0,0.0,0.0,1.0,0.0,1.0,0.0,0.0,1.0,0.0,0.0,0.0,0.0,0.0,2.0,0.0,1.0,5.0,0.0,5.0,10.0,8.0,16.0,27.0,20.0,14.0,10.0,0.0,0.0,0.0,0.0,0.0,0.0,0.0,0.0,0.0,0.0,5.0,0.0,4.0,0.0,0.0,4.0,0.0,0.0,0.0,0.0,0.0,3.0,0.0,1.0,6.0,0.0,8.0,15.0,11.0,24.0,42.0,26.0,21.0,14.0
1044,1.0,1044.0,London_170,,151,453,1092.0,70.0,2.0,130011.0,1.2222127821296453,740.0,40.0,2.0,38.0,83.0,20.0,63.0,214.0,238.0,89.0,16.0,69.0,7.0,26.0,1.0,7.0,8.0,81.0,164.0,200.0,21.0,0.0,0.0,0.0,0.0,0.0,0.0,0.0,0.0,0.0,0.0,0.0,0.0,0.0,0.0,0.0,0.0,0.0,0.0,0.0,0.0,0.0,0.0,0.0,0.0,0.0,0.0,0.0,0.0,0.0,0.0,1.0,0.0,1.0,0.0,0.0,1.0,1.0,0.0,0.0,0.0,0.0,1.0,0.0,0.0,0.0,0.0,1.0,5.0,3.0,3.0,10.0,9.0,9.0,1.0,0.0,0.0,0.0,0.0,0.0,0.0,0.0,0.0,0.0,0.0,9.0,0.0,8.0,0.0,0.0,3.0,11.0,0.0,0.0,0.0,0.0,1.0,0.0,0.0,0.0,0.0,1.0,8.0,4.0,3.0,15.0,14.0,13.0,1.0
1045,1.0,1045.0,London_170,,151,453,1092.0,70.0,2.0,150849.0,0.882745788898319,786.0,44.0,0.0,44.0,75.0,0.0,75.0,83.0,253.0,88.0,17.0,56.0,9.0,21.0,1.0,8.0,8.0,77.0,160.0,208.0,21.0,0.0,0.0,0.0,0.0,0.0,0.0,0.0,0.0,0.0,0.0,0.0,0.0,0.0,0.0,0.0,0.0,0.0,0.0,0.0,0.0,0.0,0.0,0.0,0.0,0.0,0.0,0.0,0.0,0.0,0.0,0.0,0.0,0.0,0.0,0.0,0.0,0.0,0.0,0.0,0.0,0.0,0.0,0.0,1.0,0.0,0.0,2.0,0.0,1.0,4.0,4.0,15.0,3.0,2.0,0.0,0.0,0.0,0.0,0.0,0.0,0.0,0.0,0.0,0.0,0.0,0.0,0.0,0.0,0.0,0.0,0.0,0.0,0.0,0.0,0.0,0.0,0.0,1.0,0.0,0.0,2.0,0.0,1.0,4.0,6.0,23.0,3.0,3.0
1046,1.0,1046.0,London_170,,151,453,1092.0,70.0,2.0,174405.0,2.063195683993399,838.0,104.0,2.0,102.0,187.0,18.0,169.0,75.0,254.0,104.0,21.0,38.0,10.0,19.0,1.0,6.0,6.0,81.0,166.0,200.0,22.0,0.0,0.0,0.0,0.0,0.0,0.0,0.0,0.0,0.0,0.0,0.0,0.0,0.0,0.0,0.0,0.0,0.0,0.0,0.0,0.0,0.0,0.0,0.0,0.0,0.0,0.0,0.0,0.0,0.0,0.0,1.0,0.0,1.0,0.0,0.0,1.0,0.0,0.0,0.0,0.0,3.0,0.0,1.0,1.0,2.0,0.0,6.0,5.0,5.0,9.0,25.0,17.0,18.0,6.0,0.0,0.0,0.0,0.0,0.0,0.0,0.0,0.0,0.0,0.0,8.0,0.0,6.0,0.0,0.0,1.0,0.0,0.0,0.0,0.0,3.0,0.0,1.0,1.0,2.0,0.0,7.0,7.0,7.0,9.0,39.0,22.0,21.0,9.0
1047,1.0,1047.0,London_170,,151,453,1092.0,70.0,2.0,170781.0,1.1159709873609245,830.0,133.0,0.0,133.0,222.0,0.0,222.0,187.0,266.0,80.0,10.0,53.0,15.0,19.0,3.0,7.0,8.0,83.0,148.0,214.0,23.0,0.0,0.0,0.0,0.0,0.0,0.0,0.0,0.0,0.0,0.0,0.0,0.0,0.0,0.0,0.0,0.0,0.0,0.0,0.0,0.0,0.0,0.0,0.0,0.0,0.0,0.0,0.0,0.0,0.0,0.0,0.0,0.0,0.0,0.0,0.0,0.0,0.0,0.0,0.0,0.0,1.0,15.0,1.0,0.0,5.0,0.0,11.0,7.0,9.0,6.0,30.0,23.0,12.0,7.0,0.0,0.0,0.0,0.0,0.0,0.0,0.0,0.0,0.0,0.0,0.0,0.0,0.0,0.0,0.0,0.0,0.0,0.0,0.0,0.0,1.0,18.0,1.0,0.0,5.0,0.0,17.0,8.0,10.0,8.0,45.0,30.0,14.0,10.0
1048,1.0,1048.0,London_170,,151,453,1092.0,70.0,2.0,144507.0,0.8139123348519206,772.0,74.0,0.0,74.0,130.0,0.0,130.0,222.0,240.0,78.0,16.0,68.0,14.0,28.0,2.0,7.0,14.0,76.0,143.0,220.0,29.0,0.0,0.0,0.0,0.0,0.0,0.0,0.0,0.0,0.0,0.0,0.0,0.0,0.0,0.0,0.0,0.0,0.0,0.0,0.0,0.0,0.0,0.0,0.0,0.0,0.0,0.0,0.0,0.0,0.0,0.0,0.0,0.0,0.0,0.0,0.0,0.0,0.0,0.0,0.0,0.0,3.0,8.0,1.0,2.0,1.0,0.0,11.0,6.0,4.0,11.0,7.0,21.0,19.0,6.0,0.0,0.0,0.0,0.0,0.0,0.0,0.0,0.0,0.0,0.0,0.0,0.0,0.0,0.0,0.0,0.0,0.0,0.0,0.0,0.0,3.0,11.0,1.0,2.0,1.0,0.0,16.0,7.0,5.0,16.0,11.0,34.0,22.0,10.0
1049,1.0,1049.0,London_170,,151,453,1092.0,70.0,2.0,138618.0,0.8573233243077993,759.0,88.0,0.0,88.0,146.0,0.0,146.0,130.0,252.0,75.0,18.0,57.0,10.0,35.0,2.0,4.0,13.0,87.0,145.0,208.0,31.0,0.0,0.0,0.0,0.0,0.0,0.0,0.0,0.0,0.0,0.0,0.0,0.0,0.0,0.0,0.0,0.0,0.0,0.0,0.0,0.0,0.0,0.0,0.0,0.0,0.0,0.0,0.0,0.0,0.0,0.0,0.0,0.0,0.0,0.0,0.0,0.0,0.0,0.0,0.0,0.0,0.0,12.0,2.0,3.0,0.0,1.0,11.0,6.0,4.0,16.0,18.0,20.0,14.0,11.0,0.0,0.0,0.0,0.0,0.0,0.0,0.0,0.0,0.0,0.0,0.0,0.0,0.0,0.0,0.0,0.0,0.0,0.0,0.0,0.0,0.0,18.0,4.0,3.0,0.0,1.0,17.0,6.0,5.0,21.0,25.0,29.0,18.0,14.0
1050,1.0,1050.0,London_170,,151,453,1092.0,70.0,2.0,132729.0,0.9435694799758494,746.0,41.0,0.0,41.0,69.0,0.0,69.0,146.0,261.0,74.0,17.0,53.0,11.0,33.0,0.0,4.0,10.0,86.0,155.0,202.0,27.0,0.0,0.0,0.0,0.0,0.0,0.0,0.0,0.0,0.0,0.0,0.0,0.0,0.0,0.0,0.0,0.0,0.0,0.0,0.0,0.0,0.0,0.0,0.0,0.0,0.0,0.0,0.0,0.0,0.0,0.0,0.0,0.0,0.0,0.0,0.0,0.0,0.0,0.0,0.0,0.0,0.0,7.0,0.0,0.0,0.0,0.0,6.0,6.0,1.0,11.0,5.0,8.0,12.0,1.0,0.0,0.0,0.0,0.0,0.0,0.0,0.0,0.0,0.0,0.0,0.0,0.0,0.0,0.0,0.0,0.0,0.0,0.0,0.0,0.0,0.0,9.0,0.0,0.0,0.0,0.0,6.0,8.0,1.0,16.0,8.0,8.0,15.0,2.0
1051,1.0,1051.0,London_170,,151,453,1092.0,70.0,2.0,159909.0,1.0989699638448656,806.0,128.0,0.0,128.0,216.0,0.0,216.0,69.0,275.0,64.0,15.0,55.0,10.0,30.0,0.0,4.0,10.0,81.0,159.0,203.0,31.0,0.0,0.0,0.0,0.0,0.0,0.0,0.0,0.0,0.0,0.0,0.0,0.0,0.0,0.0,0.0,0.0,0.0,0.0,0.0,0.0,0.0,0.0,0.0,0.0,0.0,0.0,0.0,0.0,0.0,0.0,0.0,0.0,0.0,0.0,0.0,0.0,0.0,0.0,0.0,0.0,2.0,10.0,5.0,0.0,6.0,0.0,11.0,1.0,7.0,8.0,32.0,30.0,28.0,6.0,0.0,0.0,0.0,0.0,0.0,0.0,0.0,0.0,0.0,0.0,0.0,0.0,0.0,0.0,0.0,0.0,0.0,0.0,0.0,0.0,2.0,14.0,6.0,0.0,7.0,0.0,14.0,2.0,8.0,10.0,49.0,36.0,39.0,10.0
1052,1.0,1052.0,London_170,,151,453,1092.0,70.0,2.0,147678.0,0.8514135708101094,779.0,54.0,0.0,54.0,88.0,0.0,88.0,216.0,262.0,68.0,17.0,63.0,16.0,22.0,1.0,4.0,8.0,82.0,162.0,201.0,23.0,0.0,0.0,0.0,0.0,0.0,0.0,0.0,0.0,0.0,0.0,0.0,0.0,0.0,0.0,0.0,0.0,0.0,0.0,0.0,0.0,0.0,0.0,0.0,0.0,0.0,0.0,0.0,0.0,0.0,0.0,0.0,0.0,0.0,0.0,0.0,0.0,0.0,0.0,0.0,0.0,1.0,2.0,0.0,0.0,0.0,0.0,7.0,3.0,9.0,3.0,10.0,12.0,10.0,6.0,0.0,0.0,0.0,0.0,0.0,0.0,0.0,0.0,0.0,0.0,0.0,0.0,0.0,0.0,0.0,0.0,0.0,0.0,0.0,0.0,1.0,3.0,0.0,0.0,0.0,0.0,7.0,4.0,10.0,3.0,16.0,17.0,12.0,9.0
1053,1.0,1053.0,London_170,,151,453,1092.0,70.0,2.0,163080.0,1.0221512368880212,813.0,79.0,2.0,77.0,159.0,18.0,141.0,88.0,265.0,76.0,15.0,52.0,9.0,30.0,1.0,5.0,11.0,85.0,161.0,196.0,34.0,0.0,0.0,0.0,0.0,0.0,0.0,0.0,0.0,0.0,0.0,0.0,0.0,0.0,0.0,0.0,0.0,0.0,0.0,0.0,0.0,0.0,0.0,0.0,0.0,0.0,0.0,0.0,0.0,0.0,0.0,0.0,0.0,1.0,0.0,1.0,1.0,0.0,0.0,0.0,0.0,6.0,1.0,0.0,1.0,2.0,1.0,12.0,9.0,4.0,3.0,16.0,16.0,19.0,13.0,0.0,0.0,0.0,0.0,0.0,0.0,0.0,0.0,0.0,0.0,0.0,0.0,2.0,0.0,8.0,3.0,0.0,0.0,0.0,0.0,10.0,2.0,0.0,2.0,2.0,2.0,16.0,14.0,5.0,5.0,23.0,22.0,25.0,21.0
1054,1.0,1054.0,London_170,,151,453,1092.0,70.0,2.0,168969.0,0.9989786827936769,826.0,26.0,2.0,24.0,64.0,19.0,45.0,159.0,265.0,79.0,18.0,50.0,9.0,30.0,0.0,2.0,9.0,80.0,153.0,211.0,37.0,0.0,0.0,0.0,0.0,0.0,0.0,0.0,0.0,0.0,0.0,0.0,0.0,0.0,0.0,0.0,0.0,0.0,0.0,0.0,0.0,0.0,0.0,0.0,0.0,0.0,0.0,0.0,0.0,0.0,0.0,0.0,0.0,1.0,0.0,1.0,1.0,0.0,0.0,0.0,0.0,0.0,0.0,0.0,0.0,0.0,0.0,3.0,0.0,1.0,4.0,5.0,3.0,7.0,0.0,0.0,0.0,0.0,0.0,0.0,0.0,0.0,0.0,0.0,0.0,0.0,0.0,5.0,0.0,8.0,3.0,0.0,0.0,0.0,0.0,0.0,0.0,0.0,0.0,0.0,0.0,4.0,0.0,2.0,4.0,9.0,3.0,12.0,0.0
1055,1.0,1055.0,London_170,,151,453,1092.0,70.0,2.0,203850.0,1.2550055161118507,903.0,65.0,1.0,64.0,121.0,10.0,111.0,64.0,262.0,90.0,21.0,52.0,5.0,22.0,0.0,1.0,5.0,87.0,149.0,212.0,41.0,0.0,0.0,0.0,0.0,0.0,0.0,0.0,0.0,0.0,0.0,0.0,0.0,0.0,0.0,0.0,0.0,0.0,0.0,0.0,0.0,0.0,0.0,0.0,0.0,0.0,0.0,0.0,0.0,0.0,1.0,0.0,0.0,1.0,0.0,0.0,1.0,0.0,0.0,0.0,0.0,1.0,6.0,0.0,1.0,1.0,0.0,4.0,5.0,7.0,6.0,14.0,9.0,15.0,4.0,0.0,0.0,0.0,0.0,0.0,0.0,0.0,0.0,0.0,4.0,0.0,0.0,5.0,0.0,0.0,2.0,0.0,0.0,0.0,0.0,2.0,8.0,0.0,3.0,1.0,0.0,6.0,6.0,8.0,7.0,24.0,17.0,20.0,6.0
1056,1.0,1056.0,London_170,,151,453,1092.0,70.0,2.0,222876.0,3.489471703302115,945.0,196.0,1.0,195.0,340.0,10.0,330.0,121.0,267.0,90.0,19.0,55.0,2.0,18.0,1.0,1.0,5.0,98.0,140.0,210.0,45.0,0.0,0.0,0.0,0.0,0.0,0.0,0.0,0.0,0.0,0.0,0.0,0.0,0.0,0.0,0.0,0.0,0.0,0.0,0.0,0.0,0.0,0.0,0.0,0.0,0.0,0.0,0.0,0.0,0.0,0.0,0.0,0.0,0.0,0.0,0.0,0.0,0.0,0.0,0.0,0.0,1.0,24.0,0.0,5.0,2.0,0.0,6.0,1.0,7.0,1.0,40.0,38.0,13.0,7.0,0.0,0.0,0.0,0.0,0.0,0.0,0.0,0.0,0.0,0.0,0.0,0.0,0.0,0.0,0.0,0.0,0.0,0.0,0.0,0.0,2.0,34.0,0.0,9.0,2.0,0.0,8.0,1.0,10.0,1.0,64.0,65.0,14.0,11.0
1057,1.0,1057.0,London_170,,151,453,1092.0,70.0,2.0,165798.0,0.9052486261352897,819.0,131.0,0.0,131.0,221.0,0.0,221.0,340.0,154.0,131.0,28.0,94.0,13.0,25.0,0.0,8.0,4.0,85.0,145.0,219.0,38.0,0.0,0.0,0.0,0.0,0.0,0.0,0.0,0.0,0.0,0.0,0.0,0.0,0.0,0.0,0.0,0.0,0.0,0.0,0.0,0.0,0.0,0.0,0.0,0.0,0.0,0.0,0.0,0.0,0.0,0.0,0.0,0.0,0.0,0.0,0.0,0.0,0.0,0.0,0.0,0.0,10.0,0.0,1.0,2.0,0.0,1.0,11.0,16.0,11.0,11.0,21.0,24.0,19.0,15.0,0.0,0.0,0.0,0.0,0.0,0.0,0.0,0.0,0.0,0.0,0.0,0.0,0.0,0.0,0.0,0.0,0.0,0.0,0.0,0.0,14.0,0.0,1.0,3.0,0.0,2.0,13.0,19.0,12.0,14.0,30.0,34.0,30.0,22.0
1058,1.0,1058.0,London_170,,151,453,1092.0,70.0,2.0,135447.0,1.2024652510881424,752.0,99.0,2.0,97.0,185.0,18.0,167.0,221.0,174.0,145.0,16.0,76.0,14.0,24.0,1.0,3.0,5.0,82.0,148.0,218.0,42.0,0.0,0.0,0.0,0.0,0.0,0.0,0.0,0.0,0.0,0.0,0.0,0.0,0.0,0.0,0.0,0.0,0.0,0.0,0.0,0.0,0.0,0.0,0.0,0.0,0.0,0.0,0.0,0.0,0.0,0.0,0.0,0.0,1.0,0.0,1.0,1.0,0.0,0.0,0.0,0.0,2.0,4.0,0.0,0.0,1.0,0.0,5.0,10.0,1.0,10.0,18.0,21.0,17.0,11.0,0.0,0.0,0.0,0.0,0.0,0.0,0.0,0.0,0.0,0.0,0.0,0.0,4.0,0.0,8.0,2.0,0.0,0.0,0.0,0.0,2.0,5.0,0.0,0.0,1.0,0.0,6.0,14.0,1.0,14.0,30.0,27.0,25.0,16.0
1059,1.0,1059.0,London_170,,151,453,1092.0,70.0,2.0,124575.0,0.7962025753222406,728.0,72.0,2.0,70.0,133.0,16.0,117.0,185.0,177.0,162.0,11.0,64.0,9.0,23.0,3.0,4.0,6.0,71.0,167.0,209.0,37.0,0.0,0.0,0.0,0.0,0.0,0.0,0.0,0.0,0.0,0.0,0.0,0.0,0.0,0.0,0.0,0.0,0.0,0.0,0.0,0.0,0.0,0.0,0.0,0.0,0.0,0.0,0.0,0.0,0.0,1.0,0.0,0.0,0.0,0.0,1.0,2.0,0.0,0.0,0.0,0.0,0.0,2.0,0.0,1.0,3.0,0.0,7.0,7.0,2.0,6.0,16.0,17.0,11.0,4.0,0.0,0.0,0.0,0.0,0.0,0.0,0.0,0.0,0.0,7.0,0.0,0.0,0.0,0.0,7.0,4.0,0.0,0.0,0.0,0.0,0.0,2.0,0.0,1.0,3.0,0.0,9.0,12.0,4.0,7.0,25.0,25.0,13.0,5.0
1060,1.0,1060.0,London_170,,151,453,1092.0,70.0,2.0,130464.0,0.7804317623376846,741.0,62.0,2.0,60.0,126.0,18.0,108.0,133.0,192.0,157.0,6.0,55.0,6.0,27.0,3.0,7.0,5.0,82.0,177.0,189.0,47.0,0.0,0.0,0.0,0.0,0.0,0.0,0.0,0.0,0.0,0.0,0.0,0.0,0.0,0.0,0.0,0.0,0.0,0.0,0.0,0.0,0.0,0.0,0.0,0.0,0.0,0.0,0.0,0.0,0.0,0.0,1.0,0.0,1.0,0.0,1.0,1.0,0.0,0.0,0.0,0.0,1.0,1.0,0.0,2.0,6.0,0.0,5.0,3.0,3.0,4.0,13.0,13.0,14.0,3.0,0.0,0.0,0.0,0.0,0.0,0.0,0.0,0.0,0.0,0.0,4.0,0.0,9.0,0.0,7.0,1.0,0.0,0.0,0.0,0.0,1.0,2.0,0.0,3.0,6.0,0.0,8.0,4.0,4.0,4.0,22.0,18.0,18.0,6.0
1061,1.0,1061.0,London_170,,151,453,1092.0,70.0,2.0,143148.0,0.8680009823292494,769.0,44.0,0.0,44.0,70.0,0.0,70.0,126.0,197.0,172.0,12.0,52.0,3.0,11.0,1.0,5.0,6.0,83.0,165.0,199.0,45.0,0.0,0.0,0.0,0.0,0.0,0.0,0.0,0.0,0.0,0.0,0.0,0.0,0.0,0.0,0.0,0.0,0.0,0.0,0.0,0.0,0.0,0.0,0.0,0.0,0.0,0.0,0.0,0.0,0.0,0.0,0.0,0.0,0.0,0.0,0.0,0.0,0.0,0.0,0.0,0.0,3.0,0.0,0.0,0.0,0.0,1.0,3.0,3.0,2.0,1.0,6.0,6.0,11.0,2.0,0.0,0.0,0.0,0.0,0.0,0.0,0.0,0.0,0.0,0.0,0.0,0.0,0.0,0.0,0.0,0.0,0.0,0.0,0.0,0.0,5.0,0.0,0.0,0.0,0.0,2.0,3.0,4.0,3.0,1.0,9.0,8.0,16.0,4.0
1062,1.0,1062.0,London_170,,151,453,1092.0,70.0,2.0,163533.0,2.067967753857374,814.0,121.0,1.0,120.0,232.0,10.0,222.0,70.0,203.0,171.0,8.0,55.0,2.0,7.0,2.0,5.0,5.0,79.0,157.0,212.0,49.0,0.0,0.0,0.0,0.0,0.0,0.0,0.0,0.0,0.0,0.0,0.0,0.0,0.0,0.0,0.0,0.0,0.0,0.0,0.0,0.0,0.0,0.0,0.0,0.0,0.0,0.0,0.0,0.0,0.0,0.0,0.0,0.0,1.0,0.0,1.0,0.0,1.0,0.0,0.0,0.0,1.0,2.0,1.0,0.0,6.0,0.0,8.0,15.0,6.0,4.0,23.0,26.0,19.0,9.0,0.0,0.0,0.0,0.0,0.0,0.0,0.0,0.0,0.0,0.0,0.0,0.0,6.0,0.0,5.0,0.0,9.0,0.0,0.0,0.0,1.0,2.0,1.0,0.0,6.0,0.0,9.0,19.0,8.0,7.0,40.0,38.0,28.0,15.0
1063,1.0,1063.0,London_170,,151,453,1092.0,70.0,2.0,148584.0,0.7386372610926628,781.0,53.0,0.0,53.0,94.0,0.0,94.0,232.0,224.0,115.0,13.0,61.0,10.0,22.0,3.0,5.0,9.0,88.0,142.0,214.0,50.0,0.0,0.0,0.0,0.0,0.0,0.0,0.0,0.0,0.0,0.0,0.0,0.0,0.0,0.0,0.0,0.0,0.0,0.0,0.0,0.0,0.0,0.0,0.0,0.0,0.0,0.0,0.0,0.0,0.0,0.0,0.0,0.0,0.0,0.0,0.0,0.0,0.0,0.0,0.0,0.0,2.0,0.0,0.0,0.0,0.0,0.0,6.0,2.0,3.0,8.0,13.0,7.0,15.0,2.0,0.0,0.0,0.0,0.0,0.0,0.0,0.0,0.0,0.0,0.0,0.0,0.0,0.0,0.0,0.0,0.0,0.0,0.0,0.0,0.0,2.0,0.0,0.0,0.0,0.0,0.0,7.0,4.0,4.0,12.0,23.0,10.0,22.0,4.0
1064,1.0,1064.0,London_170,,151,453,1092.0,70.0,2.0,164439.0,1.3567733047530055,816.0,71.0,0.0,71.0,117.0,0.0,117.0,94.0,234.0,110.0,12.0,59.0,13.0,16.0,3.0,6.0,10.0,84.0,149.0,210.0,51.0,0.0,0.0,0.0,0.0,0.0,0.0,0.0,0.0,0.0,0.0,0.0,0.0,0.0,0.0,0.0,0.0,0.0,0.0,0.0,0.0,0.0,0.0,0.0,0.0,0.0,0.0,0.0,0.0,0.0,0.0,0.0,0.0,0.0,0.0,0.0,0.0,0.0,0.0,0.0,0.0,1.0,0.0,0.0,0.0,3.0,0.0,12.0,2.0,4.0,7.0,18.0,16.0,12.0,3.0,0.0,0.0,0.0,0.0,0.0,0.0,0.0,0.0,0.0,0.0,0.0,0.0,0.0,0.0,0.0,0.0,0.0,0.0,0.0,0.0,1.0,0.0,0.0,0.0,3.0,0.0,17.0,3.0,5.0,9.0,30.0,19.0,13.0,3.0
1065,1.0,1065.0,London_170,,151,453,1092.0,70.0,2.0,174858.0,1.3075435128994286,839.0,138.0,2.0,136.0,249.0,16.0,233.0,117.0,229.0,128.0,9.0,44.0,16.0,19.0,3.0,5.0,9.0,83.0,142.0,219.0,52.0,0.0,0.0,0.0,0.0,0.0,0.0,0.0,0.0,0.0,0.0,0.0,0.0,0.0,0.0,0.0,0.0,0.0,0.0,0.0,0.0,0.0,0.0,0.0,0.0,0.0,0.0,0.0,0.0,0.0,2.0,0.0,0.0,0.0,0.0,0.0,1.0,0.0,0.0,0.0,0.0,7.0,7.0,0.0,2.0,5.0,0.0,8.0,7.0,3.0,4.0,22.0,30.0,22.0,10.0,0.0,0.0,0.0,0.0,0.0,0.0,0.0,0.0,0.0,11.0,0.0,0.0,0.0,0.0,0.0,5.0,0.0,0.0,0.0,0.0,8.0,9.0,0.0,3.0,7.0,0.0,11.0,10.0,3.0,5.0,33.0,45.0,25.0,15.0
1066,1.0,1066.0,London_170,,151,453,1092.0,70.0,2.0,156285.0,0.9487155359238386,798.0,44.0,2.0,42.0,96.0,19.0,77.0,249.0,206.0,120.0,23.0,60.0,8.0,28.0,1.0,7.0,11.0,89.0,163.0,190.0,45.0,0.0,0.0,0.0,0.0,0.0,0.0,0.0,0.0,0.0,0.0,0.0,0.0,0.0,0.0,0.0,0.0,0.0,0.0,0.0,0.0,0.0,0.0,0.0,0.0,0.0,0.0,0.0,0.0,0.0,0.0,1.0,0.0,0.0,0.0,1.0,1.0,0.0,0.0,0.0,0.0,3.0,0.0,0.0,2.0,0.0,0.0,2.0,1.0,8.0,4.0,5.0,13.0,9.0,5.0,0.0,0.0,0.0,0.0,0.0,0.0,0.0,0.0,0.0,0.0,2.0,0.0,0.0,0.0,10.0,3.0,0.0,0.0,0.0,0.0,4.0,0.0,0.0,5.0,0.0,0.0,3.0,1.0,14.0,5.0,6.0,20.0,12.0,9.0
1067,1.0,1067.0,London_170,,151,453,1092.0,70.0,2.0,180747.0,1.24389004195109,852.0,130.0,0.0,130.0,227.0,0.0,227.0,96.0,217.0,109.0,23.0,60.0,9.0,30.0,1.0,4.0,7.0,95.0,155.0,196.0,38.0,0.0,0.0,0.0,0.0,0.0,0.0,0.0,0.0,0.0,0.0,0.0,0.0,0.0,0.0,0.0,0.0,0.0,0.0,0.0,0.0,0.0,0.0,0.0,0.0,0.0,0.0,0.0,0.0,0.0,0.0,0.0,0.0,0.0,0.0,0.0,0.0,0.0,0.0,0.0,0.0,4.0,2.0,1.0,2.0,0.0,0.0,3.0,10.0,14.0,6.0,24.0,30.0,24.0,12.0,0.0,0.0,0.0,0.0,0.0,0.0,0.0,0.0,0.0,0.0,0.0,0.0,0.0,0.0,0.0,0.0,0.0,0.0,0.0,0.0,6.0,2.0,1.0,2.0,0.0,0.0,4.0,12.0,19.0,7.0,41.0,46.0,33.0,16.0
1068,1.0,1068.0,London_170,,151,453,1092.0,70.0,2.0,154926.0,1.233495860826224,795.0,72.0,2.0,70.0,143.0,19.0,124.0,227.0,232.0,101.0,17.0,69.0,10.0,16.0,1.0,7.0,12.0,85.0,159.0,197.0,25.0,0.0,0.0,0.0,0.0,0.0,0.0,0.0,0.0,0.0,0.0,0.0,0.0,0.0,0.0,0.0,0.0,0.0,0.0,0.0,0.0,0.0,0.0,0.0,0.0,0.0,0.0,0.0,0.0,0.0,1.0,0.0,0.0,0.0,0.0,1.0,2.0,0.0,0.0,0.0,0.0,4.0,5.0,5.0,2.0,3.0,0.0,9.0,6.0,3.0,6.0,16.0,20.0,15.0,5.0,0.0,0.0,0.0,0.0,0.0,0.0,0.0,0.0,0.0,5.0,0.0,0.0,0.0,0.0,7.0,10.0,0.0,0.0,0.0,0.0,5.0,8.0,6.0,3.0,4.0,0.0,11.0,8.0,3.0,7.0,23.0,29.0,17.0,6.0
1069,1.0,1069.0,London_170,,151,453,1092.0,70.0,2.0,158097.0,1.3124963287264109,802.0,119.0,0.0,119.0,203.0,0.0,203.0,143.0,243.0,100.0,14.0,68.0,11.0,13.0,0.0,4.0,9.0,96.0,165.0,183.0,28.0,0.0,0.0,0.0,0.0,0.0,0.0,0.0,0.0,0.0,0.0,0.0,0.0,0.0,0.0,0.0,0.0,0.0,0.0,0.0,0.0,0.0,0.0,0.0,0.0,0.0,0.0,0.0,0.0,0.0,0.0,0.0,0.0,0.0,0.0,0.0,0.0,0.0,0.0,0.0,0.0,1.0,3.0,1.0,3.0,6.0,0.0,17.0,8.0,4.0,13.0,21.0,33.0,16.0,15.0,0.0,0.0,0.0,0.0,0.0,0.0,0.0,0.0,0.0,0.0,0.0,0.0,0.0,0.0,0.0,0.0,0.0,0.0,0.0,0.0,1.0,3.0,1.0,3.0,6.0,0.0,22.0,13.0,4.0,14.0,33.0,49.0,20.0,19.0
1070,1.0,1070.0,London_170,,151,453,1092.0,70.0,2.0,147678.0,1.2723128302022815,779.0,13.0,1.0,12.0,28.0,9.0,19.0,203.0,248.0,104.0,12.0,54.0,12.0,16.0,2.0,5.0,10.0,85.0,159.0,199.0,36.0,0.0,0.0,0.0,0.0,0.0,0.0,0.0,0.0,0.0,0.0,0.0,0.0,0.0,0.0,0.0,0.0,0.0,0.0,0.0,0.0,0.0,0.0,0.0,0.0,0.0,0.0,0.0,0.0,0.0,0.0,0.0,0.0,1.0,0.0,0.0,0.0,1.0,0.0,0.0,0.0,2.0,0.0,0.0,1.0,0.0,0.0,2.0,3.0,3.0,1.0,0.0,3.0,2.0,1.0,0.0,0.0,0.0,0.0,0.0,0.0,0.0,0.0,0.0,0.0,0.0,0.0,7.0,0.0,0.0,0.0,9.0,0.0,0.0,0.0,2.0,0.0,0.0,1.0,0.0,0.0,3.0,5.0,4.0,1.0,0.0,3.0,3.0,2.0
1071,1.0,1071.0,London_170,,151,453,1092.0,70.0,2.0,173952.0,1.1692797029390931,837.0,116.0,2.0,114.0,214.0,18.0,196.0,28.0,250.0,99.0,15.0,56.0,12.0,17.0,0.0,4.0,10.0,86.0,159.0,198.0,30.0,0.0,0.0,0.0,0.0,0.0,0.0,0.0,0.0,0.0,0.0,0.0,0.0,0.0,0.0,0.0,0.0,0.0,0.0,0.0,0.0,0.0,0.0,0.0,0.0,0.0,0.0,0.0,0.0,0.0,0.0,0.0,0.0,0.0,0.0,1.0,1.0,0.0,0.0,0.0,0.0,12.0,0.0,1.0,1.0,9.0,0.0,6.0,10.0,0.0,19.0,23.0,27.0,20.0,9.0,0.0,0.0,0.0,0.0,0.0,0.0,0.0,0.0,0.0,0.0,0.0,0.0,0.0,0.0,9.0,1.0,0.0,0.0,0.0,0.0,15.0,0.0,1.0,1.0,9.0,0.0,6.0,14.0,0.0,27.0,36.0,37.0,26.0,12.0
1072,1.0,1072.0,London_170,,151,453,1092.0,70.0,2.0,163533.0,1.2733778487890959,814.0,126.0,2.0,124.0,234.0,17.0,217.0,214.0,253.0,94.0,14.0,63.0,7.0,19.0,0.0,3.0,6.0,87.0,148.0,212.0,34.0,0.0,0.0,0.0,0.0,0.0,0.0,0.0,0.0,0.0,0.0,0.0,0.0,0.0,0.0,0.0,0.0,0.0,0.0,0.0,0.0,0.0,0.0,0.0,0.0,0.0,0.0,0.0,0.0,0.0,0.0,0.0,0.0,0.0,0.0,1.0,0.0,0.0,0.0,0.0,0.0,3.0,7.0,2.0,2.0,5.0,0.0,10.0,3.0,1.0,16.0,19.0,29.0,17.0,9.0,0.0,0.0,0.0,0.0,0.0,0.0,0.0,0.0,0.0,0.0,0.0,0.0,0.0,0.0,7.0,0.0,0.0,0.0,0.0,0.0,3.0,13.0,2.0,2.0,5.0,0.0,13.0,3.0,1.0,22.0,27.0,43.0,22.0,15.0
1073,1.0,1073.0,London_170,,151,453,1092.0,70.0,2.0,137712.0,1.1298876819200814,757.0,92.0,0.0,92.0,157.0,0.0,157.0,234.0,256.0,82.0,23.0,62.0,4.0,20.0,1.0,5.0,6.0,81.0,140.0,226.0,40.0,0.0,0.0,0.0,0.0,0.0,0.0,0.0,0.0,0.0,0.0,0.0,0.0,0.0,0.0,0.0,0.0,0.0,0.0,0.0,0.0,0.0,0.0,0.0,0.0,0.0,0.0,0.0,0.0,0.0,0.0,0.0,0.0,0.0,0.0,0.0,0.0,0.0,0.0,0.0,0.0,5.0,3.0,1.0,3.0,4.0,0.0,3.0,13.0,7.0,9.0,21.0,19.0,17.0,6.0,0.0,0.0,0.0,0.0,0.0,0.0,0.0,0.0,0.0,0.0,0.0,0.0,0.0,0.0,0.0,0.0,0.0,0.0,0.0,0.0,6.0,4.0,1.0,7.0,4.0,0.0,3.0,18.0,11.0,11.0,27.0,27.0,23.0,11.0
1074,1.0,1074.0,London_170,,151,453,1092.0,70.0,2.0,128199.0,1.2360291127115488,736.0,1.0,0.0,1.0,2.0,0.0,2.0,157.0,272.0,81.0,27.0,40.0,7.0,22.0,0.0,4.0,3.0,88.0,153.0,209.0,23.0,0.0,0.0,0.0,0.0,0.0,0.0,0.0,0.0,0.0,0.0,0.0,0.0,0.0,0.0,0.0,0.0,0.0,0.0,0.0,0.0,0.0,0.0,0.0,0.0,0.0,0.0,0.0,0.0,0.0,0.0,0.0,0.0,0.0,0.0,0.0,0.0,0.0,0.0,0.0,0.0,0.0,0.0,0.0,0.0,0.0,0.0,0.0,0.0,0.0,1.0,0.0,0.0,1.0,0.0,0.0,0.0,0.0,0.0,0.0,0.0,0.0,0.0,0.0,0.0,0.0,0.0,0.0,0.0,0.0,0.0,0.0,0.0,0.0,0.0,0.0,0.0,0.0,0.0,0.0,0.0,0.0,0.0,0.0,1.0,0.0,0.0,1.0,0.0
1075,1.0,1075.0,London_170,,151,453,1092.0,70.0,2.0,166704.0,2.0812638490460813,821.0,131.0,1.0,130.0,227.0,9.0,218.0,2.0,272.0,80.0,27.0,41.0,7.0,22.0,0.0,4.0,3.0,89.0,151.0,210.0,23.0,0.0,0.0,0.0,0.0,0.0,0.0,0.0,0.0,0.0,1.0,0.0,0.0,0.0,1.0,0.0,0.0,0.0,0.0,1.0,0.0,0.0,0.0,0.0,0.0,0.0,0.0,0.0,0.0,0.0,1.0,0.0,0.0,0.0,0.0,0.0,1.0,0.0,0.0,0.0,0.0,5.0,10.0,3.0,3.0,4.0,0.0,7.0,10.0,4.0,11.0,15.0,24.0,17.0,7.0,0.0,0.0,0.0,0.0,0.0,0.0,0.0,0.0,0.0,3.0,0.0,0.0,0.0,0.0,0.0,2.0,0.0,0.0,0.0,0.0,6.0,13.0,3.0,5.0,4.0,0.0,7.0,15.0,4.0,16.0,24.0,36.0,23.0,8.0
1076,1.0,1076.0,London_170,,151,453,1092.0,70.0,2.0,146319.0,1.2596615869551897,776.0,96.0,0.0,96.0,164.0,0.0,164.0,223.0,253.0,79.0,12.0,79.0,4.0,22.0,1.0,3.0,8.0,90.0,130.0,225.0,31.0,0.0,0.0,0.0,0.0,0.0,0.0,0.0,0.0,0.0,0.0,0.0,0.0,0.0,0.0,0.0,0.0,0.0,0.0,0.0,0.0,0.0,0.0,0.0,0.0,0.0,0.0,0.0,0.0,0.0,0.0,0.0,0.0,0.0,0.0,0.0,0.0,0.0,0.0,0.0,0.0,8.0,5.0,3.0,1.0,1.0,0.0,13.0,12.0,3.0,12.0,18.0,29.0,10.0,12.0,0.0,0.0,0.0,0.0,0.0,0.0,0.0,0.0,0.0,0.0,0.0,0.0,0.0,0.0,0.0,0.0,0.0,0.0,0.0,0.0,8.0,7.0,3.0,2.0,1.0,0.0,18.0,21.0,6.0,18.0,30.0,44.0,12.0,18.0
1077,1.0,1077.0,London_170,,151,453,1092.0,70.0,2.0,139524.0,1.0062341960147023,761.0,31.0,2.0,29.0,66.0,19.0,47.0,164.0,260.0,88.0,15.0,61.0,5.0,20.0,2.0,2.0,10.0,96.0,152.0,195.0,38.0,0.0,0.0,0.0,0.0,0.0,0.0,0.0,0.0,0.0,0.0,0.0,0.0,0.0,0.0,0.0,0.0,0.0,0.0,0.0,0.0,0.0,0.0,0.0,0.0,0.0,0.0,0.0,0.0,0.0,0.0,2.0,0.0,1.0,0.0,0.0,1.0,0.0,0.0,0.0,0.0,1.0,1.0,0.0,1.0,0.0,0.0,3.0,0.0,0.0,1.0,7.0,6.0,5.0,4.0,0.0,0.0,0.0,0.0,0.0,0.0,0.0,0.0,0.0,0.0,6.0,0.0,3.0,0.0,0.0,4.0,0.0,0.0,0.0,0.0,1.0,1.0,0.0,1.0,0.0,0.0,3.0,0.0,0.0,1.0,10.0,9.0,5.0,8.0
1078,1.0,1078.0,London_170,,151,453,1092.0,70.0,2.0,159909.0,0.9800100498832762,806.0,86.0,0.0,86.0,142.0,0.0,142.0,66.0,257.0,71.0,18.0,72.0,4.0,25.0,2.0,4.0,7.0,88.0,157.0,201.0,31.0,0.0,0.0,0.0,0.0,0.0,0.0,0.0,0.0,0.0,0.0,0.0,0.0,0.0,0.0,0.0,0.0,0.0,0.0,0.0,0.0,0.0,0.0,0.0,0.0,0.0,0.0,0.0,0.0,0.0,0.0,0.0,0.0,0.0,0.0,0.0,0.0,0.0,0.0,0.0,0.0,0.0,3.0,0.0,0.0,7.0,0.0,9.0,7.0,1.0,6.0,18.0,31.0,16.0,10.0,0.0,0.0,0.0,0.0,0.0,0.0,0.0,0.0,0.0,0.0,0.0,0.0,0.0,0.0,0.0,0.0,0.0,0.0,0.0,0.0,0.0,3.0,0.0,0.0,7.0,0.0,15.0,10.0,1.0,7.0,27.0,38.0,19.0,17.0
1079,1.0,1079.0,London_170,,151,453,1092.0,70.0,2.0,159909.0,1.2291906760074198,806.0,76.0,0.0,76.0,139.0,0.0,139.0,142.0,258.0,69.0,19.0,67.0,6.0,30.0,1.0,3.0,4.0,92.0,165.0,192.0,23.0,0.0,0.0,0.0,0.0,0.0,0.0,0.0,0.0,0.0,0.0,0.0,0.0,0.0,0.0,0.0,0.0,0.0,0.0,0.0,0.0,0.0,0.0,0.0,0.0,0.0,0.0,0.0,0.0,0.0,0.0,0.0,0.0,0.0,0.0,0.0,0.0,0.0,0.0,0.0,0.0,0.0,3.0,1.0,0.0,1.0,0.0,7.0,3.0,3.0,9.0,21.0,16.0,13.0,5.0,0.0,0.0,0.0,0.0,0.0,0.0,0.0,0.0,0.0,0.0,0.0,0.0,0.0,0.0,0.0,0.0,0.0,0.0,0.0,0.0,0.0,5.0,1.0,0.0,1.0,0.0,8.0,4.0,4.0,11.0,34.0,26.0,17.0,8.0
1080,1.0,1080.0,London_170,,151,453,1092.0,70.0,2.0,161268.0,1.125294426921755,809.0,115.0,0.0,115.0,199.0,0.0,199.0,139.0,258.0,73.0,26.0,58.0,8.0,24.0,1.0,5.0,8.0,85.0,154.0,206.0,34.0,0.0,0.0,0.0,0.0,0.0,0.0,0.0,0.0,0.0,0.0,0.0,0.0,0.0,0.0,0.0,0.0,0.0,0.0,0.0,0.0,0.0,0.0,0.0,0.0,0.0,0.0,0.0,0.0,0.0,0.0,0.0,0.0,0.0,0.0,0.0,0.0,0.0,0.0,0.0,0.0,1.0,5.0,1.0,3.0,14.0,0.0,2.0,3.0,5.0,23.0,24.0,32.0,14.0,4.0,0.0,0.0,0.0,0.0,0.0,0.0,0.0,0.0,0.0,0.0,0.0,0.0,0.0,0.0,0.0,0.0,0.0,0.0,0.0,0.0,1.0,7.0,1.0,5.0,14.0,0.0,2.0,5.0,7.0,32.0,33.0,49.0,15.0,5.0
1081,1.0,1081.0,London_170,,151,453,1092.0,70.0,2.0,157644.0,1.32529231114313,801.0,112.0,2.0,110.0,218.0,19.0,199.0,199.0,279.0,73.0,10.0,58.0,4.0,23.0,2.0,4.0,6.0,66.0,161.0,220.0,32.0,0.0,0.0,0.0,0.0,0.0,0.0,0.0,0.0,0.0,0.0,0.0,0.0,0.0,0.0,0.0,0.0,0.0,0.0,0.0,0.0,0.0,0.0,0.0,0.0,0.0,0.0,0.0,0.0,0.0,1.0,0.0,0.0,0.0,0.0,2.0,2.0,1.0,0.0,0.0,0.0,1.0,0.0,0.0,2.0,4.0,0.0,3.0,11.0,4.0,15.0,17.0,25.0,16.0,14.0,0.0,0.0,0.0,0.0,0.0,0.0,0.0,0.0,0.0,1.0,0.0,0.0,0.0,0.0,17.0,3.0,9.0,0.0,0.0,0.0,2.0,0.0,0.0,4.0,4.0,0.0,3.0,14.0,4.0,19.0,31.0,37.0,20.0,22.0
1082,1.0,1082.0,London_170,,151,453,1092.0,70.0,2.0,145866.0,1.7075748471543193,775.0,46.0,2.0,44.0,92.0,17.0,75.0,218.0,256.0,88.0,17.0,58.0,3.0,21.0,2.0,8.0,5.0,71.0,163.0,214.0,33.0,0.0,0.0,0.0,0.0,0.0,0.0,0.0,0.0,0.0,0.0,0.0,0.0,0.0,0.0,0.0,0.0,0.0,0.0,0.0,0.0,0.0,0.0,0.0,0.0,0.0,0.0,0.0,0.0,0.0,0.0,0.0,0.0,1.0,0.0,1.0,2.0,0.0,0.0,0.0,0.0,2.0,1.0,0.0,1.0,0.0,0.0,4.0,3.0,7.0,3.0,9.0,6.0,17.0,3.0,0.0,0.0,0.0,0.0,0.0,0.0,0.0,0.0,0.0,0.0,0.0,0.0,6.0,0.0,7.0,9.0,0.0,0.0,0.0,0.0,3.0,2.0,0.0,1.0,0.0,0.0,5.0,4.0,10.0,4.0,15.0,8.0,20.0,6.0
1083,1.0,1083.0,London_170,,151,453,1092.0,70.0,2.0,170781.0,1.3446693876758218,830.0,76.0,2.0,74.0,152.0,18.0,134.0,92.0,263.0,84.0,18.0,48.0,4.0,27.0,2.0,7.0,3.0,83.0,154.0,213.0,33.0,0.0,0.0,0.0,0.0,0.0,0.0,0.0,0.0,0.0,1.0,0.0,0.0,0.0,0.0,0.0,1.0,0.0,0.0,1.0,0.0,0.0,0.0,0.0,0.0,0.0,0.0,0.0,0.0,0.0,1.0,0.0,0.0,1.0,0.0,0.0,0.0,0.0,0.0,0.0,0.0,6.0,3.0,1.0,2.0,1.0,0.0,9.0,3.0,9.0,6.0,11.0,17.0,12.0,10.0,0.0,0.0,0.0,0.0,0.0,0.0,0.0,0.0,0.0,5.0,0.0,0.0,7.0,0.0,0.0,0.0,0.0,0.0,0.0,0.0,6.0,4.0,2.0,6.0,1.0,0.0,11.0,7.0,14.0,6.0,20.0,24.0,16.0,19.0
1084,1.0,1084.0,London_170,,151,453,1092.0,70.0,2.0,178029.0,2.00911412993446,846.0,61.0,1.0,60.0,121.0,9.0,112.0,150.0,274.0,86.0,11.0,43.0,5.0,27.0,1.0,6.0,4.0,78.0,158.0,213.0,29.0,0.0,0.0,0.0,0.0,0.0,0.0,0.0,0.0,0.0,0.0,0.0,0.0,0.0,0.0,0.0,0.0,0.0,0.0,0.0,0.0,0.0,0.0,0.0,0.0,0.0,0.0,0.0,0.0,0.0,0.0,0.0,0.0,0.0,0.0,0.0,1.0,0.0,0.0,0.0,0.0,0.0,3.0,0.0,4.0,5.0,0.0,7.0,3.0,3.0,3.0,8.0,18.0,10.0,7.0,0.0,0.0,0.0,0.0,0.0,0.0,0.0,0.0,0.0,0.0,0.0,0.0,0.0,0.0,0.0,7.0,0.0,0.0,0.0,0.0,0.0,4.0,0.0,6.0,5.0,0.0,9.0,3.0,4.0,4.0,13.0,28.0,12.0,10.0
1085,1.0,1085.0,London_170,,151,453,1092.0,70.0,2.0,183918.0,1.2615690883249044,859.0,84.0,2.0,82.0,159.0,20.0,139.0,121.0,281.0,84.0,7.0,34.0,8.0,29.0,2.0,8.0,5.0,84.0,161.0,203.0,26.0,0.0,0.0,0.0,0.0,0.0,0.0,0.0,0.0,0.0,0.0,0.0,0.0,0.0,0.0,0.0,0.0,0.0,0.0,0.0,0.0,0.0,0.0,0.0,0.0,0.0,0.0,0.0,0.0,0.0,0.0,1.0,0.0,1.0,0.0,0.0,1.0,0.0,0.0,0.0,0.0,4.0,4.0,1.0,0.0,3.0,0.0,4.0,4.0,6.0,15.0,9.0,19.0,12.0,9.0,0.0,0.0,0.0,0.0,0.0,0.0,0.0,0.0,0.0,0.0,4.0,0.0,1.0,0.0,0.0,4.0,0.0,0.0,0.0,0.0,5.0,6.0,1.0,0.0,3.0,0.0,6.0,5.0,9.0,23.0,14.0,24.0,17.0,11.0
1086,1.0,1086.0,London_170,,151,453,1092.0,70.0,2.0,185277.0,1.5552008571103215,862.0,134.0,2.0,132.0,236.0,20.0,216.0,159.0,277.0,78.0,5.0,46.0,10.0,26.0,3.0,8.0,3.0,71.0,161.0,218.0,21.0,0.0,0.0,0.0,0.0,0.0,0.0,0.0,0.0,0.0,0.0,0.0,0.0,0.0,0.0,0.0,0.0,0.0,0.0,0.0,0.0,0.0,0.0,0.0,0.0,0.0,0.0,0.0,0.0,0.0,1.0,1.0,0.0,0.0,0.0,0.0,1.0,1.0,0.0,0.0,0.0,2.0,13.0,0.0,5.0,0.0,0.0,5.0,4.0,2.0,16.0,20.0,32.0,20.0,8.0,0.0,0.0,0.0,0.0,0.0,0.0,0.0,0.0,0.0,2.0,7.0,0.0,0.0,0.0,0.0,3.0,10.0,0.0,0.0,0.0,2.0,19.0,0.0,7.0,0.0,0.0,7.0,5.0,3.0,22.0,33.0,43.0,24.0,13.0
1087,1.0,1087.0,London_170,,151,453,1092.0,70.0,2.0,161721.0,1.0394454216584563,810.0,176.0,0.0,176.0,298.0,0.0,298.0,236.0,233.0,78.0,17.0,75.0,10.0,23.0,5.0,12.0,2.0,81.0,152.0,218.0,34.0,0.0,0.0,0.0,0.0,0.0,0.0,0.0,0.0,0.0,0.0,0.0,0.0,0.0,0.0,0.0,0.0,0.0,0.0,0.0,0.0,0.0,0.0,0.0,0.0,0.0,0.0,0.0,0.0,0.0,0.0,0.0,0.0,0.0,0.0,0.0,0.0,0.0,0.0,0.0,0.0,3.0,14.0,0.0,4.0,8.0,0.0,9.0,4.0,7.0,4.0,28.0,41.0,22.0,12.0,0.0,0.0,0.0,0.0,0.0,0.0,0.0,0.0,0.0,0.0,0.0,0.0,0.0,0.0,0.0,0.0,0.0,0.0,0.0,0.0,3.0,24.0,0.0,4.0,9.0,0.0,12.0,4.0,10.0,4.0,39.0,58.0,26.0,15.0
1088,1.0,1088.0,London_170,,151,453,1092.0,70.0,2.0,110532.0,0.8685070159845054,697.0,82.0,2.0,80.0,146.0,18.0,128.0,298.0,196.0,130.0,28.0,64.0,3.0,20.0,3.0,9.0,6.0,76.0,173.0,198.0,35.0,0.0,0.0,0.0,0.0,0.0,0.0,0.0,0.0,0.0,0.0,0.0,0.0,0.0,0.0,0.0,0.0,0.0,0.0,0.0,0.0,0.0,0.0,0.0,0.0,0.0,0.0,0.0,0.0,0.0,0.0,1.0,0.0,1.0,0.0,0.0,2.0,0.0,0.0,0.0,0.0,2.0,4.0,0.0,0.0,0.0,0.0,7.0,2.0,8.0,6.0,16.0,16.0,13.0,13.0,0.0,0.0,0.0,0.0,0.0,0.0,0.0,0.0,0.0,0.0,5.0,0.0,4.0,0.0,0.0,3.0,0.0,0.0,0.0,0.0,2.0,5.0,0.0,0.0,0.0,0.0,8.0,2.0,10.0,8.0,22.0,24.0,15.0,18.0
1089,1.0,1089.0,London_170,,151,453,1092.0,70.0,2.0,93771.0,0.7443826380185783,660.0,77.0,0.0,77.0,130.0,0.0,130.0,146.0,203.0,126.0,33.0,56.0,5.0,22.0,3.0,5.0,6.0,78.0,178.0,191.0,36.0,0.0,0.0,0.0,0.0,0.0,0.0,0.0,0.0,0.0,0.0,0.0,0.0,0.0,0.0,0.0,0.0,0.0,0.0,0.0,0.0,0.0,0.0,0.0,0.0,0.0,0.0,0.0,0.0,0.0,0.0,0.0,0.0,0.0,0.0,0.0,0.0,0.0,0.0,0.0,0.0,2.0,2.0,0.0,0.0,1.0,0.0,10.0,4.0,2.0,14.0,15.0,17.0,12.0,6.0,0.0,0.0,0.0,0.0,0.0,0.0,0.0,0.0,0.0,0.0,0.0,0.0,0.0,0.0,0.0,0.0,0.0,0.0,0.0,0.0,2.0,2.0,0.0,0.0,1.0,0.0,12.0,4.0,3.0,19.0,23.0,26.0,16.0,10.0
1090,1.0,1090.0,London_170,,151,453,1092.0,70.0,2.0,83352.0,0.4990917397662997,637.0,10.0,0.0,10.0,17.0,0.0,17.0,130.0,210.0,128.0,23.0,55.0,7.0,19.0,4.0,7.0,10.0,79.0,151.0,213.0,44.0,0.0,0.0,0.0,0.0,0.0,0.0,0.0,0.0,0.0,0.0,0.0,0.0,0.0,0.0,0.0,0.0,0.0,0.0,0.0,0.0,0.0,0.0,0.0,0.0,0.0,0.0,0.0,0.0,0.0,0.0,0.0,0.0,0.0,0.0,0.0,0.0,0.0,0.0,0.0,0.0,1.0,0.0,0.0,0.0,0.0,0.0,3.0,1.0,0.0,1.0,6.0,0.0,3.0,1.0,0.0,0.0,0.0,0.0,0.0,0.0,0.0,0.0,0.0,0.0,0.0,0.0,0.0,0.0,0.0,0.0,0.0,0.0,0.0,0.0,1.0,0.0,0.0,0.0,0.0,0.0,3.0,1.0,0.0,1.0,7.0,0.0,4.0,2.0
1091,1.0,1091.0,London_170,,151,453,1092.0,70.0,2.0,115515.0,0.9667109800502658,708.0,41.0,0.0,41.0,71.0,0.0,71.0,17.0,209.0,128.0,23.0,51.0,9.0,21.0,4.0,8.0,8.0,80.0,154.0,211.0,42.0,0.0,0.0,0.0,0.0,0.0,0.0,0.0,0.0,0.0,0.0,0.0,0.0,0.0,0.0,0.0,0.0,0.0,0.0,0.0,0.0,0.0,0.0,0.0,0.0,0.0,0.0,0.0,0.0,0.0,0.0,0.0,0.0,0.0,0.0,0.0,0.0,0.0,0.0,0.0,0.0,2.0,1.0,0.0,0.0,0.0,1.0,4.0,6.0,1.0,5.0,10.0,6.0,10.0,4.0,0.0,0.0,0.0,0.0,0.0,0.0,0.0,0.0,0.0,0.0,0.0,0.0,0.0,0.0,0.0,0.0,0.0,0.0,0.0,0.0,4.0,1.0,0.0,0.0,0.0,2.0,8.0,7.0,1.0,8.0,13.0,8.0,13.0,6.0
1092,1.0,1092.0,London_170,,151,453,1092.0,70.0,2.0,138165.0,1.5760714397765696,758.0,96.0,0.0,96.0,171.0,0.0,171.0,71.0,216.0,137.0,15.0,45.0,6.0,19.0,4.0,11.0,7.0,76.0,155.0,215.0,47.0,0.0,0.0,0.0,0.0,0.0,0.0,0.0,0.0,0.0,0.0,0.0,0.0,0.0,0.0,0.0,0.0,0.0,0.0,0.0,0.0,0.0,0.0,0.0,0.0,0.0,0.0,0.0,0.0,0.0,0.0,0.0,0.0,0.0,0.0,0.0,0.0,0.0,0.0,0.0,0.0,7.0,4.0,1.0,1.0,7.0,0.0,12.0,5.0,1.0,11.0,23.0,11.0,21.0,3.0,0.0,0.0,0.0,0.0,0.0,0.0,0.0,0.0,0.0,0.0,0.0,0.0,0.0,0.0,0.0,0.0,0.0,0.0,0.0,0.0,8.0,5.0,1.0,2.0,8.0,0.0,16.0,7.0,1.0,13.0,38.0,16.0,29.0,4.0
1093,1.0,1093.0,London_170,,151,453,1092.0,70.0,2.0,135900.0,0.9978655562736094,753.0,54.0,0.0,54.0,92.0,0.0,92.0,171.0,223.0,115.0,14.0,50.0,6.0,26.0,7.0,12.0,6.0,75.0,162.0,210.0,45.0,0.0,0.0,0.0,0.0,0.0,0.0,0.0,0.0,0.0,0.0,0.0,0.0,0.0,0.0,0.0,0.0,0.0,0.0,0.0,0.0,0.0,0.0,0.0,0.0,0.0,0.0,0.0,0.0,0.0,0.0,0.0,0.0,0.0,0.0,0.0,0.0,0.0,0.0,0.0,0.0,1.0,1.0,1.0,2.0,0.0,0.0,4.0,7.0,7.0,2.0,9.0,12.0,12.0,4.0,0.0,0.0,0.0,0.0,0.0,0.0,0.0,0.0,0.0,0.0,0.0,0.0,0.0,0.0,0.0,0.0,0.0,0.0,0.0,0.0,2.0,1.0,1.0,4.0,0.0,0.0,7.0,12.0,8.0,2.0,16.0,15.0,17.0,6.0
1094,1.0,1094.0,London_170,,151,453,1092.0,70.0,2.0,150849.0,1.177668317221105,786.0,38.0,0.0,38.0,65.0,0.0,65.0,92.0,239.0,115.0,10.0,28.0,9.0,30.0,7.0,15.0,7.0,79.0,159.0,208.0,50.0,0.0,0.0,0.0,0.0,0.0,0.0,0.0,0.0,0.0,0.0,0.0,0.0,0.0,0.0,0.0,0.0,0.0,0.0,0.0,0.0,0.0,0.0,0.0,0.0,0.0,0.0,0.0,0.0,0.0,0.0,0.0,0.0,0.0,0.0,0.0,0.0,0.0,0.0,0.0,0.0,1.0,3.0,0.0,2.0,4.0,0.0,9.0,2.0,2.0,14.0,6.0,6.0,1.0,3.0,0.0,0.0,0.0,0.0,0.0,0.0,0.0,0.0,0.0,0.0,0.0,0.0,0.0,0.0,0.0,0.0,0.0,0.0,0.0,0.0,2.0,3.0,0.0,5.0,4.0,0.0,11.0,2.0,3.0,23.0,8.0,7.0,2.0,4.0
1095,1.0,1095.0,London_170,,151,453,1092.0,70.0,2.0,170328.0,1.985105180181563,829.0,142.0,2.0,140.0,266.0,18.0,248.0,65.0,240.0,118.0,6.0,21.0,10.0,36.0,7.0,15.0,7.0,78.0,156.0,212.0,52.0,0.0,0.0,0.0,0.0,0.0,0.0,0.0,0.0,0.0,0.0,0.0,0.0,0.0,0.0,0.0,0.0,0.0,0.0,0.0,0.0,0.0,0.0,0.0,0.0,0.0,0.0,0.0,0.0,0.0,0.0,0.0,0.0,0.0,0.0,1.0,2.0,0.0,0.0,0.0,0.0,0.0,13.0,0.0,1.0,8.0,0.0,12.0,5.0,3.0,6.0,35.0,29.0,23.0,6.0,0.0,0.0,0.0,0.0,0.0,0.0,0.0,0.0,0.0,0.0,0.0,0.0,0.0,0.0,3.0,6.0,0.0,0.0,0.0,0.0,0.0,15.0,0.0,1.0,8.0,0.0,15.0,7.0,5.0,8.0,50.0,45.0,27.0,8.0
1096,1.0,1096.0,London_170,,151,453,1092.0,70.0,2.0,145413.0,0.7221229402348399,774.0,15.0,2.0,13.0,40.0,19.0,21.0,266.0,181.0,96.0,15.0,84.0,10.0,43.0,10.0,14.0,10.0,81.0,163.0,199.0,40.0,0.0,0.0,0.0,0.0,0.0,0.0,0.0,0.0,0.0,0.0,0.0,0.0,0.0,0.0,0.0,0.0,0.0,0.0,0.0,0.0,0.0,0.0,0.0,0.0,0.0,0.0,0.0,0.0,0.0,0.0,0.0,0.0,1.0,0.0,1.0,2.0,0.0,0.0,0.0,0.0,1.0,0.0,0.0,0.0,0.0,0.0,2.0,0.0,1.0,1.0,4.0,0.0,5.0,0.0,0.0,0.0,0.0,0.0,0.0,0.0,0.0,0.0,0.0,0.0,0.0,0.0,8.0,0.0,7.0,6.0,0.0,0.0,0.0,0.0,1.0,0.0,0.0,0.0,0.0,0.0,5.0,0.0,1.0,1.0,6.0,0.0,9.0,0.0
1097,1.0,1097.0,London_170,,151,453,1092.0,70.0,2.0,173952.0,0.8489630268886685,837.0,138.0,1.0,137.0,253.0,10.0,243.0,40.0,181.0,96.0,18.0,84.0,8.0,42.0,10.0,14.0,9.0,77.0,162.0,205.0,40.0,0.0,0.0,0.0,0.0,0.0,0.0,0.0,0.0,0.0,0.0,0.0,0.0,0.0,0.0,0.0,0.0,0.0,0.0,0.0,0.0,0.0,0.0,0.0,0.0,0.0,0.0,0.0,0.0,0.0,1.0,0.0,0.0,1.0,0.0,0.0,1.0,0.0,0.0,0.0,0.0,0.0,4.0,1.0,3.0,2.0,0.0,8.0,8.0,14.0,8.0,34.0,35.0,31.0,12.0,0.0,0.0,0.0,0.0,0.0,0.0,0.0,0.0,0.0,5.0,0.0,0.0,5.0,0.0,0.0,4.0,0.0,0.0,0.0,0.0,0.0,5.0,1.0,6.0,2.0,0.0,14.0,11.0,17.0,11.0,57.0,51.0,42.0,21.0
1098,1.0,1098.0,London_170,,151,453,1092.0,70.0,2.0,154473.0,0.7509824768640101,794.0,96.0,1.0,95.0,170.0,10.0,160.0,253.0,187.0,97.0,15.0,81.0,12.0,41.0,8.0,12.0,6.0,76.0,152.0,219.0,40.0,0.0,0.0,0.0,0.0,0.0,0.0,0.0,0.0,0.0,0.0,0.0,0.0,0.0,0.0,0.0,0.0,0.0,0.0,0.0,0.0,0.0,0.0,0.0,0.0,0.0,0.0,0.0,0.0,0.0,0.0,0.0,0.0,0.0,0.0,0.0,1.0,0.0,0.0,0.0,0.0,2.0,1.0,0.0,0.0,6.0,0.0,11.0,8.0,6.0,5.0,10.0,20.0,14.0,6.0,0.0,0.0,0.0,0.0,0.0,0.0,0.0,0.0,0.0,0.0,0.0,0.0,0.0,0.0,0.0,1.0,0.0,0.0,0.0,0.0,2.0,1.0,0.0,0.0,6.0,0.0,13.0,14.0,7.0,5.0,16.0,28.0,14.0,8.0
1099,1.0,1099.0,London_170,,151,453,1092.0,70.0,2.0,140883.0,0.7619552449323237,764.0,95.0,0.0,95.0,166.0,0.0,166.0,170.0,185.0,123.0,15.0,76.0,7.0,40.0,4.0,3.0,7.0,71.0,150.0,225.0,43.0,0.0,0.0,0.0,0.0,0.0,0.0,0.0,0.0,0.0,0.0,0.0,0.0,0.0,0.0,0.0,0.0,0.0,0.0,0.0,0.0,0.0,0.0,0.0,0.0,0.0,0.0,0.0,0.0,0.0,0.0,0.0,0.0,0.0,0.0,0.0,0.0,0.0,0.0,0.0,0.0,4.0,4.0,0.0,5.0,5.0,0.0,10.0,7.0,4.0,5.0,18.0,20.0,24.0,6.0,0.0,0.0,0.0,0.0,0.0,0.0,0.0,0.0,0.0,0.0,0.0,0.0,0.0,0.0,0.0,0.0,0.0,0.0,0.0,0.0,5.0,6.0,0.0,8.0,5.0,0.0,10.0,12.0,6.0,7.0,27.0,31.0,35.0,9.0
1100,1.0,1100.0,London_170,,151,453,1092.0,70.0,2.0,134541.0,0.8575908238999546,750.0,84.0,2.0,82.0,154.0,18.0,136.0,166.0,204.0,122.0,22.0,56.0,3.0,40.0,1.0,5.0,9.0,81.0,142.0,221.0,37.0,0.0,0.0,0.0,0.0,0.0,0.0,0.0,0.0,0.0,0.0,0.0,0.0,0.0,0.0,0.0,0.0,0.0,0.0,0.0,0.0,0.0,0.0,0.0,0.0,0.0,0.0,0.0,0.0,0.0,0.0,0.0,0.0,1.0,0.0,1.0,1.0,0.0,0.0,0.0,0.0,2.0,1.0,0.0,5.0,1.0,0.0,13.0,5.0,10.0,3.0,13.0,18.0,11.0,2.0,0.0,0.0,0.0,0.0,0.0,0.0,0.0,0.0,0.0,0.0,0.0,0.0,4.0,0.0,7.0,1.0,0.0,0.0,0.0,0.0,3.0,1.0,0.0,5.0,1.0,0.0,17.0,7.0,16.0,3.0,21.0,24.0,14.0,4.0
1101,1.0,1101.0,London_170,,151,453,1092.0,70.0,2.0,145866.0,0.9250296140089631,775.0,18.0,2.0,16.0,42.0,16.0,26.0,154.0,216.0,112.0,19.0,54.0,1.0,44.0,1.0,6.0,6.0,88.0,135.0,224.0,37.0,0.0,0.0,0.0,0.0,0.0,0.0,0.0,0.0,0.0,0.0,0.0,0.0,0.0,0.0,0.0,0.0,0.0,0.0,0.0,0.0,0.0,0.0,0.0,0.0,0.0,0.0,0.0,0.0,0.0,0.0,0.0,0.0,0.0,0.0,1.0,1.0,0.0,0.0,0.0,0.0,0.0,0.0,0.0,0.0,0.0,0.0,3.0,1.0,0.0,0.0,6.0,2.0,3.0,0.0,0.0,0.0,0.0,0.0,0.0,0.0,0.0,0.0,0.0,0.0,0.0,0.0,0.0,0.0,5.0,2.0,0.0,0.0,0.0,0.0,0.0,0.0,0.0,0.0,0.0,0.0,5.0,2.0,0.0,0.0,10.0,3.0,5.0,0.0
1102,1.0,1102.0,London_170,,151,453,1092.0,70.0,2.0,172140.0,1.0496782958507538,833.0,106.0,2.0,104.0,198.0,18.0,180.0,42.0,204.0,111.0,19.0,62.0,1.0,48.0,2.0,6.0,6.0,88.0,124.0,235.0,42.0,0.0,0.0,0.0,0.0,0.0,0.0,0.0,0.0,0.0,0.0,0.0,0.0,0.0,0.0,0.0,0.0,0.0,0.0,0.0,0.0,0.0,0.0,0.0,0.0,0.0,0.0,0.0,0.0,0.0,1.0,0.0,0.0,1.0,0.0,1.0,1.0,0.0,0.0,0.0,0.0,1.0,0.0,0.0,2.0,4.0,0.0,11.0,10.0,7.0,14.0,15.0,22.0,13.0,8.0,0.0,0.0,0.0,0.0,0.0,0.0,0.0,0.0,0.0,3.0,0.0,0.0,5.0,0.0,9.0,2.0,0.0,0.0,0.0,0.0,1.0,0.0,0.0,3.0,4.0,0.0,13.0,15.0,8.0,21.0,23.0,34.0,17.0,12.0
1103,1.0,1103.0,London_170,,151,453,1092.0,70.0,2.0,158550.0,1.0185514111071825,803.0,81.0,0.0,81.0,145.0,0.0,145.0,198.0,227.0,108.0,13.0,64.0,6.0,31.0,0.0,4.0,7.0,85.0,143.0,218.0,27.0,0.0,0.0,0.0,0.0,0.0,0.0,0.0,0.0,0.0,0.0,0.0,0.0,0.0,0.0,0.0,0.0,0.0,0.0,0.0,0.0,0.0,0.0,0.0,0.0,0.0,0.0,0.0,0.0,0.0,0.0,0.0,0.0,0.0,0.0,0.0,0.0,0.0,0.0,0.0,0.0,2.0,5.0,1.0,4.0,1.0,0.0,8.0,5.0,3.0,9.0,10.0,22.0,17.0,9.0,0.0,0.0,0.0,0.0,0.0,0.0,0.0,0.0,0.0,0.0,0.0,0.0,0.0,0.0,0.0,0.0,0.0,0.0,0.0,0.0,2.0,9.0,1.0,5.0,1.0,0.0,9.0,8.0,4.0,12.0,16.0,39.0,23.0,17.0
1104,1.0,1104.0,London_170,,151,453,1092.0,70.0,2.0,165345.0,1.0218084268271923,818.0,103.0,1.0,102.0,191.0,10.0,181.0,145.0,237.0,97.0,17.0,54.0,8.0,34.0,1.0,5.0,9.0,80.0,161.0,203.0,34.0,0.0,0.0,0.0,0.0,0.0,0.0,0.0,0.0,0.0,0.0,0.0,0.0,0.0,0.0,0.0,0.0,0.0,0.0,0.0,0.0,0.0,0.0,0.0,0.0,0.0,0.0,0.0,0.0,0.0,1.0,0.0,0.0,1.0,0.0,1.0,0.0,1.0,0.0,0.0,0.0,1.0,6.0,1.0,2.0,4.0,0.0,10.0,4.0,5.0,12.0,20.0,24.0,15.0,5.0,0.0,0.0,0.0,0.0,0.0,0.0,0.0,0.0,0.0,5.0,0.0,0.0,6.0,0.0,6.0,0.0,10.0,0.0,0.0,0.0,1.0,8.0,1.0,2.0,5.0,0.0,12.0,6.0,8.0,14.0,30.0,37.0,19.0,8.0
1105,1.0,1105.0,London_170,,151,453,1092.0,70.0,2.0,155832.0,0.9403667822480202,797.0,90.0,0.0,90.0,165.0,0.0,165.0,191.0,251.0,84.0,7.0,68.0,7.0,29.0,4.0,3.0,7.0,83.0,156.0,207.0,32.0,0.0,0.0,0.0,0.0,0.0,0.0,0.0,0.0,0.0,0.0,0.0,0.0,0.0,0.0,0.0,0.0,0.0,0.0,0.0,0.0,0.0,0.0,0.0,0.0,0.0,0.0,0.0,0.0,0.0,0.0,0.0,0.0,0.0,0.0,0.0,0.0,0.0,0.0,0.0,0.0,3.0,11.0,7.0,0.0,4.0,0.0,9.0,3.0,2.0,3.0,13.0,25.0,19.0,8.0,0.0,0.0,0.0,0.0,0.0,0.0,0.0,0.0,0.0,0.0,0.0,0.0,0.0,0.0,0.0,0.0,0.0,0.0,0.0,0.0,4.0,18.0,10.0,0.0,5.0,0.0,11.0,4.0,6.0,5.0,20.0,32.0,27.0,12.0
1106,1.0,1106.0,London_170,,151,453,1092.0,70.0,2.0,154020.0,0.8861537822522223,793.0,85.0,0.0,85.0,142.0,0.0,142.0,165.0,267.0,81.0,15.0,50.0,5.0,30.0,3.0,2.0,2.0,71.0,158.0,222.0,24.0,0.0,0.0,0.0,0.0,0.0,0.0,0.0,0.0,0.0,0.0,0.0,0.0,0.0,0.0,0.0,0.0,0.0,0.0,0.0,0.0,0.0,0.0,0.0,0.0,0.0,0.0,0.0,0.0,0.0,0.0,0.0,0.0,0.0,0.0,0.0,0.0,0.0,0.0,0.0,0.0,5.0,14.0,3.0,1.0,2.0,0.0,9.0,7.0,4.0,7.0,13.0,20.0,17.0,9.0,0.0,0.0,0.0,0.0,0.0,0.0,0.0,0.0,0.0,0.0,0.0,0.0,0.0,0.0,0.0,0.0,0.0,0.0,0.0,0.0,6.0,17.0,3.0,1.0,2.0,0.0,13.0,8.0,4.0,8.0,19.0,28.0,20.0,14.0
1107,1.0,1107.0,London_170,,151,453,1092.0,70.0,2.0,152208.0,1.010835933033377,789.0,136.0,2.0,134.0,236.0,16.0,220.0,142.0,270.0,72.0,14.0,53.0,3.0,35.0,2.0,4.0,5.0,75.0,164.0,209.0,31.0,0.0,0.0,0.0,0.0,0.0,0.0,0.0,0.0,0.0,0.0,0.0,0.0,0.0,0.0,0.0,0.0,0.0,0.0,0.0,0.0,0.0,0.0,0.0,0.0,0.0,0.0,0.0,0.0,0.0,1.0,0.0,0.0,1.0,0.0,0.0,0.0,0.0,0.0,0.0,0.0,2.0,12.0,7.0,0.0,10.0,0.0,4.0,12.0,10.0,9.0,24.0,39.0,30.0,9.0,0.0,0.0,0.0,0.0,0.0,0.0,0.0,0.0,0.0,4.0,0.0,0.0,3.0,0.0,0.0,0.0,0.0,0.0,0.0,0.0,2.0,15.0,9.0,0.0,11.0,0.0,5.0,20.0,13.0,15.0,35.0,52.0,36.0,11.0
1108,1.0,1108.0,London_170,,151,453,1092.0,70.0,2.0,124575.0,0.8835198869928718,728.0,23.0,2.0,21.0,53.0,19.0,34.0,236.0,246.0,93.0,18.0,66.0,6.0,19.0,2.0,3.0,4.0,77.0,154.0,218.0,29.0,0.0,0.0,0.0,0.0,0.0,0.0,0.0,0.0,0.0,0.0,0.0,0.0,0.0,0.0,0.0,0.0,0.0,0.0,0.0,0.0,0.0,0.0,0.0,0.0,0.0,0.0,0.0,0.0,0.0,0.0,1.0,0.0,0.0,0.0,1.0,1.0,0.0,0.0,0.0,0.0,1.0,3.0,1.0,0.0,1.0,0.0,2.0,1.0,0.0,2.0,4.0,5.0,7.0,2.0,0.0,0.0,0.0,0.0,0.0,0.0,0.0,0.0,0.0,0.0,2.0,0.0,0.0,0.0,7.0,4.0,0.0,0.0,0.0,0.0,1.0,4.0,1.0,0.0,1.0,0.0,3.0,1.0,0.0,2.0,6.0,7.0,9.0,3.0
1109,1.0,1109.0,London_170,,151,453,1092.0,70.0,2.0,151302.0,0.8132865321822464,787.0,69.0,0.0,69.0,121.0,0.0,121.0,53.0,245.0,95.0,18.0,70.0,4.0,17.0,2.0,2.0,2.0,71.0,159.0,221.0,23.0,0.0,0.0,0.0,0.0,0.0,0.0,0.0,0.0,0.0,0.0,0.0,0.0,0.0,0.0,0.0,0.0,0.0,0.0,0.0,0.0,0.0,0.0,0.0,0.0,0.0,0.0,0.0,0.0,0.0,0.0,0.0,0.0,0.0,0.0,0.0,0.0,0.0,0.0,0.0,0.0,0.0,5.0,1.0,1.0,2.0,0.0,9.0,10.0,4.0,6.0,14.0,17.0,16.0,8.0,0.0,0.0,0.0,0.0,0.0,0.0,0.0,0.0,0.0,0.0,0.0,0.0,0.0,0.0,0.0,0.0,0.0,0.0,0.0,0.0,0.0,5.0,1.0,1.0,2.0,0.0,14.0,13.0,7.0,9.0,25.0,25.0,20.0,9.0
1110,1.0,1110.0,London_170,,151,453,1092.0,70.0,2.0,160362.0,1.5448877541348338,807.0,107.0,2.0,105.0,210.0,19.0,191.0,121.0,247.0,107.0,15.0,58.0,3.0,20.0,1.0,2.0,5.0,80.0,163.0,205.0,29.0,0.0,0.0,0.0,0.0,0.0,0.0,0.0,0.0,0.0,0.0,0.0,0.0,0.0,0.0,0.0,0.0,0.0,0.0,0.0,0.0,0.0,0.0,0.0,0.0,0.0,0.0,0.0,0.0,0.0,1.0,0.0,0.0,0.0,0.0,1.0,2.0,0.0,0.0,0.0,0.0,5.0,5.0,5.0,3.0,6.0,0.0,7.0,1.0,10.0,5.0,20.0,21.0,18.0,8.0,0.0,0.0,0.0,0.0,0.0,0.0,0.0,0.0,0.0,2.0,0.0,0.0,0.0,0.0,7.0,3.0,0.0,0.0,0.0,0.0,5.0,7.0,5.0,6.0,7.0,0.0,11.0,1.0,12.0,7.0,32.0,32.0,22.0,13.0
1111,1.0,1111.0,London_170,,151,453,1092.0,70.0,2.0,154473.0,2.034140001051128,794.0,114.0,0.0,114.0,187.0,0.0,187.0,210.0,241.0,106.0,21.0,59.0,2.0,21.0,2.0,1.0,3.0,73.0,154.0,223.0,34.0,0.0,0.0,0.0,0.0,0.0,0.0,0.0,0.0,0.0,0.0,0.0,0.0,0.0,0.0,0.0,0.0,0.0,0.0,0.0,0.0,0.0,0.0,0.0,0.0,0.0,0.0,0.0,0.0,0.0,0.0,0.0,0.0,0.0,0.0,0.0,0.0,0.0,0.0,0.0,0.0,5.0,7.0,1.0,3.0,2.0,1.0,11.0,5.0,8.0,7.0,21.0,25.0,32.0,12.0,0.0,0.0,0.0,0.0,0.0,0.0,0.0,0.0,0.0,0.0,0.0,0.0,0.0,0.0,0.0,0.0,0.0,0.0,0.0,0.0,5.0,11.0,1.0,3.0,2.0,1.0,16.0,7.0,10.0,9.0,30.0,34.0,36.0,14.0
1112,1.0,1112.0,London_170,,151,453,1092.0,70.0,2.0,142242.0,1.0421536988578737,767.0,57.0,1.0,56.0,114.0,9.0,105.0,187.0,251.0,111.0,23.0,46.0,2.0,18.0,0.0,2.0,4.0,73.0,155.0,221.0,36.0,0.0,0.0,0.0,0.0,0.0,0.0,0.0,0.0,0.0,0.0,0.0,0.0,0.0,0.0,0.0,0.0,0.0,0.0,0.0,0.0,0.0,0.0,0.0,0.0,0.0,0.0,0.0,0.0,0.0,0.0,0.0,0.0,1.0,0.0,0.0,0.0,1.0,0.0,0.0,0.0,0.0,2.0,0.0,1.0,0.0,0.0,6.0,2.0,2.0,5.0,9.0,16.0,20.0,3.0,0.0,0.0,0.0,0.0,0.0,0.0,0.0,0.0,0.0,0.0,0.0,0.0,3.0,0.0,0.0,0.0,6.0,0.0,0.0,0.0,0.0,4.0,0.0,2.0,0.0,0.0,7.0,2.0,2.0,6.0,14.0,21.0,26.0,8.0
1113,1.0,1113.0,London_170,,151,453,1092.0,70.0,2.0,159456.0,2.5353510719724,805.0,59.0,2.0,57.0,106.0,18.0,88.0,114.0,248.0,91.0,27.0,58.0,2.0,23.0,2.0,2.0,4.0,75.0,151.0,223.0,31.0,0.0,0.0,0.0,0.0,0.0,0.0,0.0,0.0,0.0,0.0,0.0,0.0,0.0,0.0,0.0,0.0,0.0,0.0,0.0,0.0,0.0,0.0,0.0,0.0,0.0,0.0,0.0,0.0,0.0,2.0,0.0,0.0,1.0,0.0,1.0,1.0,0.0,0.0,0.0,0.0,2.0,4.0,2.0,2.0,0.0,0.0,4.0,5.0,2.0,8.0,14.0,9.0,7.0,6.0,0.0,0.0,0.0,0.0,0.0,0.0,0.0,0.0,0.0,7.0,0.0,0.0,4.0,0.0,5.0,2.0,0.0,0.0,0.0,0.0,3.0,6.0,2.0,2.0,0.0,0.0,5.0,7.0,3.0,8.0,19.0,12.0,9.0,6.0
1114,1.0,1114.0,London_170,,151,453,1092.0,70.0,2.0,170781.0,1.1704183798283339,830.0,82.0,2.0,80.0,158.0,17.0,141.0,106.0,256.0,95.0,31.0,42.0,4.0,20.0,2.0,3.0,3.0,81.0,159.0,210.0,37.0,0.0,0.0,0.0,0.0,0.0,0.0,0.0,0.0,0.0,0.0,0.0,0.0,0.0,0.0,0.0,0.0,0.0,0.0,0.0,0.0,0.0,0.0,0.0,0.0,0.0,0.0,0.0,0.0,0.0,0.0,0.0,0.0,0.0,0.0,1.0,1.0,0.0,0.0,0.0,0.0,3.0,7.0,3.0,1.0,11.0,0.0,11.0,3.0,6.0,8.0,19.0,23.0,18.0,12.0,0.0,0.0,0.0,0.0,0.0,0.0,0.0,0.0,0.0,0.0,0.0,0.0,0.0,0.0,7.0,2.0,0.0,0.0,0.0,0.0,3.0,9.0,3.0,3.0,11.0,0.0,18.0,4.0,7.0,12.0,30.0,32.0,25.0,20.0
1115,1.0,1115.0,London_170,,151,453,1092.0,70.0,2.0,173046.0,1.3925142651423812,835.0,132.0,0.0,132.0,232.0,0.0,232.0,158.0,263.0,90.0,13.0,48.0,8.0,23.0,2.0,6.0,4.0,78.0,150.0,221.0,39.0,0.0,0.0,0.0,0.0,0.0,0.0,0.0,0.0,0.0,0.0,0.0,0.0,0.0,0.0,0.0,0.0,0.0,0.0,0.0,0.0,0.0,0.0,0.0,0.0,0.0,0.0,0.0,0.0,0.0,0.0,0.0,0.0,0.0,0.0,0.0,0.0,0.0,0.0,0.0,0.0,0.0,10.0,2.0,1.0,5.0,0.0,8.0,3.0,9.0,10.0,33.0,42.0,20.0,11.0,0.0,0.0,0.0,0.0,0.0,0.0,0.0,0.0,0.0,0.0,0.0,0.0,0.0,0.0,0.0,0.0,0.0,0.0,0.0,0.0,0.0,15.0,2.0,1.0,5.0,0.0,10.0,5.0,11.0,11.0,48.0,62.0,25.0,16.0
1116,1.0,1116.0,London_170,,151,453,1092.0,70.0,2.0,144960.0,1.0619354052469134,773.0,96.0,0.0,96.0,180.0,0.0,180.0,232.0,247.0,91.0,19.0,60.0,9.0,22.0,0.0,5.0,2.0,76.0,149.0,226.0,28.0,0.0,0.0,0.0,0.0,0.0,0.0,0.0,0.0,0.0,0.0,0.0,0.0,0.0,0.0,0.0,0.0,0.0,0.0,0.0,0.0,0.0,0.0,0.0,0.0,0.0,0.0,0.0,0.0,0.0,0.0,0.0,0.0,0.0,0.0,0.0,0.0,0.0,0.0,0.0,0.0,1.0,1.0,0.0,1.0,0.0,0.0,13.0,3.0,16.0,10.0,21.0,20.0,16.0,11.0,0.0,0.0,0.0,0.0,0.0,0.0,0.0,0.0,0.0,0.0,0.0,0.0,0.0,0.0,0.0,0.0,0.0,0.0,0.0,0.0,1.0,1.0,0.0,1.0,0.0,0.0,16.0,4.0,23.0,14.0,38.0,30.0,19.0,16.0
1117,1.0,1117.0,London_170,,151,453,1092.0,70.0,2.0,129105.0,2.1748080104589462,738.0,85.0,1.0,84.0,155.0,9.0,146.0,180.0,252.0,90.0,10.0,59.0,7.0,28.0,0.0,7.0,4.0,71.0,158.0,220.0,22.0,0.0,0.0,0.0,0.0,0.0,0.0,0.0,0.0,0.0,0.0,0.0,0.0,0.0,0.0,0.0,0.0,0.0,0.0,0.0,0.0,0.0,0.0,0.0,0.0,0.0,0.0,0.0,0.0,0.0,1.0,0.0,0.0,0.0,0.0,0.0,1.0,0.0,0.0,0.0,0.0,7.0,2.0,1.0,4.0,5.0,0.0,13.0,5.0,7.0,7.0,23.0,13.0,15.0,5.0,0.0,0.0,0.0,0.0,0.0,0.0,0.0,0.0,0.0,4.0,0.0,0.0,0.0,0.0,0.0,5.0,0.0,0.0,0.0,0.0,8.0,2.0,1.0,4.0,5.0,0.0,15.0,8.0,9.0,10.0,36.0,18.0,17.0,8.0
1118,1.0,1118.0,London_170,,151,453,1092.0,70.0,2.0,121857.0,1.253092815168202,722.0,106.0,0.0,106.0,175.0,0.0,175.0,155.0,265.0,77.0,12.0,51.0,11.0,30.0,2.0,5.0,4.0,82.0,150.0,217.0,22.0,0.0,0.0,0.0,0.0,0.0,0.0,0.0,0.0,0.0,0.0,0.0,0.0,0.0,0.0,0.0,0.0,0.0,0.0,0.0,0.0,0.0,0.0,0.0,0.0,0.0,0.0,0.0,0.0,0.0,0.0,0.0,0.0,0.0,0.0,0.0,0.0,0.0,0.0,0.0,0.0,1.0,1.0,0.0,0.0,7.0,0.0,7.0,7.0,17.0,9.0,18.0,26.0,19.0,7.0,0.0,0.0,0.0,0.0,0.0,0.0,0.0,0.0,0.0,0.0,0.0,0.0,0.0,0.0,0.0,0.0,0.0,0.0,0.0,0.0,1.0,1.0,0.0,0.0,7.0,0.0,9.0,8.0,20.0,11.0,25.0,36.0,23.0,10.0
1119,1.0,1119.0,London_170,,151,453,1092.0,70.0,2.0,106455.0,0.9901540749706328,688.0,23.0,2.0,21.0,57.0,19.0,38.0,175.0,270.0,58.0,9.0,56.0,11.0,38.0,2.0,9.0,5.0,74.0,164.0,210.0,25.0,0.0,0.0,0.0,0.0,0.0,0.0,0.0,0.0,0.0,0.0,0.0,0.0,0.0,0.0,0.0,0.0,0.0,0.0,0.0,0.0,0.0,0.0,0.0,0.0,0.0,0.0,0.0,0.0,0.0,0.0,2.0,0.0,1.0,0.0,0.0,1.0,0.0,0.0,0.0,0.0,2.0,1.0,0.0,1.0,1.0,0.0,4.0,3.0,1.0,4.0,6.0,8.0,5.0,3.0,0.0,0.0,0.0,0.0,0.0,0.0,0.0,0.0,0.0,0.0,9.0,0.0,7.0,0.0,0.0,4.0,0.0,0.0,0.0,0.0,2.0,2.0,0.0,1.0,2.0,0.0,6.0,6.0,2.0,6.0,11.0,12.0,7.0,5.0
1120,1.0,1120.0,London_170,,151,453,1092.0,70.0,2.0,135447.0,0.9486960130743682,752.0,51.0,0.0,51.0,86.0,0.0,86.0,57.0,272.0,64.0,10.0,56.0,9.0,35.0,0.0,7.0,6.0,67.0,184.0,196.0,19.0,0.0,0.0,0.0,0.0,0.0,0.0,0.0,0.0,0.0,0.0,0.0,0.0,0.0,0.0,0.0,0.0,0.0,0.0,0.0,0.0,0.0,0.0,0.0,0.0,0.0,0.0,0.0,0.0,0.0,0.0,0.0,0.0,0.0,0.0,0.0,0.0,0.0,0.0,0.0,0.0,2.0,2.0,1.0,0.0,1.0,0.0,0.0,3.0,1.0,8.0,13.0,10.0,8.0,1.0,0.0,0.0,0.0,0.0,0.0,0.0,0.0,0.0,0.0,0.0,0.0,0.0,0.0,0.0,0.0,0.0,0.0,0.0,0.0,0.0,3.0,2.0,1.0,0.0,1.0,0.0,0.0,4.0,2.0,11.0,21.0,15.0,9.0,1.0
1121,1.0,1121.0,London_170,,151,453,1092.0,70.0,2.0,153567.0,1.13773043313995,792.0,56.0,0.0,56.0,91.0,0.0,91.0,86.0,272.0,66.0,7.0,55.0,10.0,38.0,1.0,4.0,9.0,61.0,182.0,201.0,25.0,0.0,0.0,0.0,0.0,0.0,0.0,0.0,0.0,0.0,0.0,0.0,0.0,0.0,0.0,0.0,0.0,0.0,0.0,0.0,0.0,0.0,0.0,0.0,0.0,0.0,0.0,0.0,0.0,0.0,0.0,0.0,0.0,0.0,0.0,0.0,0.0,0.0,0.0,0.0,0.0,2.0,4.0,0.0,2.0,1.0,0.0,6.0,5.0,2.0,6.0,15.0,11.0,7.0,7.0,0.0,0.0,0.0,0.0,0.0,0.0,0.0,0.0,0.0,0.0,0.0,0.0,0.0,0.0,0.0,0.0,0.0,0.0,0.0,0.0,2.0,4.0,0.0,4.0,1.0,0.0,7.0,8.0,2.0,8.0,22.0,14.0,11.0,10.0
1122,1.0,1122.0,London_170,,151,453,1092.0,70.0,2.0,174858.0,1.0133953210897744,839.0,91.0,0.0,91.0,160.0,0.0,160.0,91.0,273.0,69.0,6.0,57.0,8.0,37.0,1.0,2.0,9.0,68.0,183.0,193.0,28.0,0.0,0.0,0.0,0.0,0.0,0.0,0.0,0.0,0.0,0.0,0.0,0.0,0.0,0.0,0.0,0.0,0.0,0.0,0.0,0.0,0.0,0.0,0.0,0.0,0.0,0.0,0.0,0.0,0.0,0.0,0.0,0.0,0.0,0.0,0.0,0.0,0.0,0.0,0.0,0.0,3.0,7.0,0.0,3.0,1.0,0.0,7.0,8.0,4.0,8.0,16.0,26.0,12.0,6.0,0.0,0.0,0.0,0.0,0.0,0.0,0.0,0.0,0.0,0.0,0.0,0.0,0.0,0.0,0.0,0.0,0.0,0.0,0.0,0.0,3.0,12.0,0.0,3.0,1.0,0.0,7.0,8.0,6.0,8.0,23.0,39.0,16.0,7.0
1123,1.0,1123.0,London_170,,151,453,1092.0,70.0,2.0,173952.0,1.0971933919936419,837.0,13.0,2.0,11.0,35.0,19.0,16.0,160.0,279.0,60.0,12.0,54.0,9.0,37.0,1.0,1.0,9.0,69.0,156.0,219.0,24.0,0.0,0.0,0.0,0.0,0.0,0.0,0.0,0.0,0.0,0.0,0.0,0.0,0.0,0.0,0.0,0.0,0.0,0.0,0.0,0.0,0.0,0.0,0.0,0.0,0.0,0.0,0.0,0.0,0.0,2.0,0.0,1.0,0.0,0.0,2.0,2.0,1.0,0.0,0.0,0.0,1.0,2.0,0.0,0.0,0.0,0.0,1.0,0.0,0.0,3.0,1.0,3.0,0.0,3.0,0.0,0.0,0.0,0.0,0.0,0.0,0.0,0.0,0.0,7.0,0.0,2.0,0.0,0.0,16.0,8.0,7.0,0.0,0.0,0.0,1.0,2.0,0.0,0.0,0.0,0.0,2.0,0.0,0.0,4.0,1.0,3.0,0.0,4.0
1124,1.0,1124.0,London_170,,151,453,1092.0,70.0,2.0,204303.0,3.0574017581529915,904.0,134.0,2.0,132.0,249.0,17.0,232.0,35.0,281.0,59.0,16.0,63.0,0.0,31.0,1.0,2.0,9.0,71.0,156.0,217.0,18.0,0.0,0.0,0.0,0.0,0.0,0.0,0.0,0.0,0.0,0.0,0.0,0.0,0.0,0.0,0.0,0.0,0.0,0.0,0.0,0.0,0.0,0.0,0.0,0.0,0.0,0.0,0.0,0.0,0.0,0.0,0.0,0.0,0.0,0.0,1.0,1.0,0.0,0.0,0.0,0.0,3.0,16.0,0.0,0.0,3.0,0.0,11.0,1.0,4.0,10.0,30.0,24.0,16.0,9.0,0.0,0.0,0.0,0.0,0.0,0.0,0.0,0.0,0.0,0.0,0.0,0.0,0.0,0.0,8.0,1.0,0.0,0.0,0.0,0.0,6.0,21.0,0.0,0.0,3.0,0.0,11.0,1.0,5.0,13.0,52.0,32.0,19.0,13.0
1125,1.0,1125.0,London_170,,151,453,1092.0,70.0,2.0,183918.0,1.1865741326473653,859.0,153.0,2.0,151.0,277.0,18.0,259.0,249.0,228.0,99.0,17.0,69.0,6.0,29.0,2.0,3.0,7.0,71.0,166.0,209.0,33.0,0.0,0.0,0.0,0.0,0.0,0.0,0.0,0.0,0.0,0.0,0.0,0.0,0.0,0.0,0.0,0.0,0.0,0.0,0.0,0.0,0.0,0.0,0.0,0.0,0.0,0.0,0.0,0.0,0.0,1.0,0.0,0.0,1.0,0.0,0.0,0.0,0.0,0.0,0.0,0.0,0.0,3.0,1.0,0.0,2.0,0.0,10.0,8.0,6.0,11.0,33.0,26.0,25.0,9.0,0.0,0.0,0.0,0.0,0.0,0.0,0.0,0.0,0.0,4.0,0.0,0.0,3.0,0.0,0.0,0.0,0.0,0.0,0.0,0.0,0.0,3.0,1.0,0.0,2.0,0.0,13.0,13.0,10.0,15.0,50.0,38.0,31.0,13.0
1126,1.0,1126.0,London_170,,151,453,1092.0,70.0,2.0,144960.0,0.8496292871423066,773.0,92.0,1.0,91.0,164.0,9.0,155.0,277.0,205.0,104.0,13.0,85.0,9.0,32.0,0.0,5.0,8.0,62.0,174.0,209.0,36.0,0.0,0.0,0.0,0.0,0.0,0.0,0.0,0.0,0.0,0.0,0.0,0.0,0.0,0.0,0.0,0.0,0.0,0.0,0.0,0.0,0.0,0.0,0.0,0.0,0.0,0.0,0.0,0.0,0.0,0.0,0.0,0.0,0.0,0.0,0.0,1.0,0.0,0.0,0.0,0.0,5.0,8.0,0.0,2.0,0.0,0.0,4.0,10.0,1.0,13.0,13.0,20.0,16.0,8.0,0.0,0.0,0.0,0.0,0.0,0.0,0.0,0.0,0.0,0.0,0.0,0.0,0.0,0.0,0.0,4.0,0.0,0.0,0.0,0.0,7.0,9.0,0.0,3.0,0.0,0.0,6.0,16.0,1.0,23.0,21.0,30.0,20.0,11.0
1127,1.0,1127.0,London_170,,151,453,1092.0,70.0,2.0,142242.0,1.2080665128305554,767.0,125.0,2.0,123.0,228.0,20.0,208.0,164.0,204.0,106.0,14.0,94.0,8.0,22.0,0.0,5.0,12.0,66.0,179.0,196.0,47.0,0.0,0.0,0.0,0.0,0.0,0.0,0.0,0.0,0.0,0.0,0.0,0.0,0.0,0.0,0.0,0.0,0.0,0.0,0.0,0.0,0.0,0.0,0.0,0.0,0.0,0.0,0.0,0.0,0.0,0.0,1.0,0.0,1.0,0.0,0.0,1.0,0.0,0.0,0.0,0.0,0.0,6.0,0.0,0.0,3.0,0.0,5.0,16.0,16.0,20.0,19.0,28.0,29.0,11.0,0.0,0.0,0.0,0.0,0.0,0.0,0.0,0.0,0.0,0.0,5.0,0.0,4.0,0.0,0.0,4.0,0.0,0.0,0.0,0.0,0.0,11.0,0.0,0.0,3.0,0.0,6.0,22.0,21.0,30.0,28.0,42.0,37.0,19.0
1128,1.0,1128.0,London_170,,151,453,1092.0,70.0,2.0,124122.0,0.9054940678179264,727.0,58.0,2.0,56.0,117.0,20.0,97.0,228.0,204.0,133.0,25.0,43.0,8.0,31.0,2.0,7.0,15.0,72.0,147.0,219.0,49.0,0.0,0.0,0.0,0.0,0.0,0.0,0.0,0.0,0.0,0.0,0.0,0.0,0.0,0.0,0.0,0.0,0.0,0.0,0.0,0.0,0.0,0.0,0.0,0.0,0.0,0.0,0.0,0.0,0.0,0.0,1.0,0.0,1.0,0.0,0.0,1.0,1.0,0.0,0.0,0.0,3.0,8.0,0.0,1.0,0.0,0.0,7.0,5.0,6.0,6.0,13.0,10.0,15.0,4.0,0.0,0.0,0.0,0.0,0.0,0.0,0.0,0.0,0.0,0.0,8.0,0.0,6.0,0.0,0.0,3.0,10.0,0.0,0.0,0.0,4.0,11.0,0.0,1.0,0.0,0.0,8.0,7.0,8.0,8.0,23.0,16.0,17.0,7.0
1129,1.0,1129.0,London_170,,151,453,1092.0,70.0,2.0,132276.0,0.807523291092366,745.0,38.0,0.0,38.0,70.0,0.0,70.0,117.0,209.0,144.0,21.0,41.0,7.0,25.0,1.0,5.0,10.0,74.0,150.0,219.0,47.0,0.0,0.0,0.0,0.0,0.0,0.0,0.0,0.0,0.0,0.0,0.0,0.0,0.0,0.0,0.0,0.0,0.0,0.0,0.0,0.0,0.0,0.0,0.0,0.0,0.0,0.0,0.0,0.0,0.0,0.0,0.0,0.0,0.0,0.0,0.0,0.0,0.0,0.0,0.0,0.0,0.0,3.0,1.0,0.0,0.0,0.0,2.0,6.0,0.0,6.0,5.0,13.0,5.0,2.0,0.0,0.0,0.0,0.0,0.0,0.0,0.0,0.0,0.0,0.0,0.0,0.0,0.0,0.0,0.0,0.0,0.0,0.0,0.0,0.0,0.0,5.0,1.0,0.0,0.0,0.0,2.0,8.0,0.0,9.0,10.0,18.0,7.0,3.0
1130,1.0,1130.0,London_170,,151,453,1092.0,70.0,2.0,158097.0,1.103528667241335,802.0,100.0,2.0,98.0,193.0,18.0,175.0,70.0,212.0,146.0,19.0,44.0,6.0,25.0,0.0,1.0,9.0,71.0,145.0,228.0,54.0,0.0,0.0,0.0,0.0,0.0,0.0,0.0,0.0,0.0,0.0,0.0,0.0,0.0,0.0,0.0,0.0,0.0,0.0,0.0,0.0,0.0,0.0,0.0,0.0,0.0,0.0,0.0,0.0,0.0,0.0,1.0,0.0,1.0,0.0,0.0,2.0,0.0,0.0,0.0,0.0,2.0,2.0,0.0,1.0,1.0,0.0,4.0,12.0,3.0,3.0,13.0,21.0,17.0,12.0,0.0,0.0,0.0,0.0,0.0,0.0,0.0,0.0,0.0,0.0,5.0,0.0,6.0,0.0,0.0,4.0,0.0,0.0,0.0,0.0,2.0,3.0,0.0,1.0,1.0,0.0,6.0,19.0,4.0,5.0,22.0,33.0,20.0,18.0
1131,1.0,1131.0,London_170,,151,453,1092.0,70.0,2.0,146319.0,0.9487419137731194,776.0,55.0,0.0,55.0,93.0,0.0,93.0,193.0,214.0,119.0,11.0,59.0,7.0,37.0,1.0,5.0,8.0,84.0,149.0,212.0,47.0,0.0,0.0,0.0,0.0,0.0,0.0,0.0,0.0,0.0,0.0,0.0,0.0,0.0,0.0,0.0,0.0,0.0,0.0,0.0,0.0,0.0,0.0,0.0,0.0,0.0,0.0,0.0,0.0,0.0,0.0,0.0,0.0,0.0,0.0,0.0,0.0,0.0,0.0,0.0,0.0,1.0,0.0,1.0,0.0,0.0,0.0,4.0,6.0,5.0,1.0,15.0,13.0,12.0,6.0,0.0,0.0,0.0,0.0,0.0,0.0,0.0,0.0,0.0,0.0,0.0,0.0,0.0,0.0,0.0,0.0,0.0,0.0,0.0,0.0,1.0,0.0,1.0,0.0,0.0,0.0,7.0,9.0,9.0,1.0,20.0,20.0,17.0,8.0
1132,1.0,1132.0,London_170,,151,453,1092.0,70.0,2.0,158097.0,1.1795717617496848,802.0,102.0,0.0,102.0,172.0,0.0,172.0,93.0,214.0,132.0,17.0,39.0,7.0,41.0,1.0,2.0,6.0,83.0,157.0,207.0,56.0,0.0,0.0,0.0,0.0,0.0,0.0,0.0,0.0,0.0,0.0,0.0,0.0,0.0,0.0,0.0,0.0,0.0,0.0,0.0,0.0,0.0,0.0,0.0,0.0,0.0,0.0,0.0,0.0,0.0,0.0,0.0,0.0,0.0,0.0,0.0,0.0,0.0,0.0,0.0,0.0,2.0,1.0,1.0,0.0,4.0,0.0,6.0,3.0,2.0,6.0,22.0,23.0,12.0,5.0,0.0,0.0,0.0,0.0,0.0,0.0,0.0,0.0,0.0,0.0,0.0,0.0,0.0,0.0,0.0,0.0,0.0,0.0,0.0,0.0,2.0,1.0,1.0,0.0,5.0,0.0,7.0,4.0,3.0,6.0,33.0,30.0,15.0,5.0
1133,1.0,1133.0,London_170,,151,453,1092.0,70.0,2.0,146772.0,1.007082656957209,777.0,102.0,0.0,102.0,185.0,0.0,185.0,172.0,226.0,102.0,11.0,60.0,10.0,40.0,0.0,4.0,7.0,88.0,165.0,193.0,44.0,0.0,0.0,0.0,0.0,0.0,0.0,0.0,0.0,0.0,0.0,0.0,0.0,0.0,0.0,0.0,0.0,0.0,0.0,0.0,0.0,0.0,0.0,0.0,0.0,0.0,0.0,0.0,0.0,0.0,0.0,0.0,0.0,0.0,0.0,0.0,0.0,0.0,0.0,0.0,0.0,2.0,4.0,0.0,0.0,1.0,0.0,16.0,2.0,7.0,18.0,22.0,19.0,24.0,13.0,0.0,0.0,0.0,0.0,0.0,0.0,0.0,0.0,0.0,0.0,0.0,0.0,0.0,0.0,0.0,0.0,0.0,0.0,0.0,0.0,2.0,5.0,0.0,0.0,1.0,0.0,24.0,2.0,10.0,24.0,38.0,26.0,29.0,27.0
1134,1.0,1134.0,London_170,,151,453,1092.0,70.0,2.0,139071.0,0.8902783547528088,760.0,80.0,0.0,80.0,149.0,0.0,149.0,185.0,233.0,93.0,16.0,63.0,10.0,36.0,0.0,2.0,8.0,83.0,164.0,198.0,40.0,0.0,0.0,0.0,0.0,0.0,0.0,0.0,0.0,0.0,0.0,0.0,0.0,0.0,0.0,0.0,0.0,0.0,0.0,0.0,0.0,0.0,0.0,0.0,0.0,0.0,0.0,0.0,0.0,0.0,0.0,0.0,0.0,0.0,0.0,0.0,0.0,0.0,0.0,0.0,0.0,4.0,0.0,0.0,0.0,3.0,0.0,2.0,8.0,7.0,14.0,15.0,17.0,8.0,4.0,0.0,0.0,0.0,0.0,0.0,0.0,0.0,0.0,0.0,0.0,0.0,0.0,0.0,0.0,0.0,0.0,0.0,0.0,0.0,0.0,4.0,0.0,0.0,0.0,3.0,0.0,2.0,12.0,10.0,20.0,27.0,22.0,13.0,7.0
1135,1.0,1135.0,London_170,,151,453,1092.0,70.0,2.0,144960.0,0.7946267761290073,773.0,27.0,0.0,27.0,56.0,0.0,56.0,149.0,250.0,79.0,24.0,50.0,7.0,41.0,1.0,1.0,9.0,79.0,163.0,202.0,30.0,0.0,0.0,0.0,0.0,0.0,0.0,0.0,0.0,0.0,0.0,0.0,0.0,0.0,0.0,0.0,0.0,0.0,0.0,0.0,0.0,0.0,0.0,0.0,0.0,0.0,0.0,0.0,0.0,0.0,0.0,0.0,0.0,0.0,0.0,0.0,0.0,0.0,0.0,0.0,0.0,0.0,0.0,0.0,1.0,0.0,0.0,6.0,0.0,1.0,3.0,8.0,6.0,9.0,2.0,0.0,0.0,0.0,0.0,0.0,0.0,0.0,0.0,0.0,0.0,0.0,0.0,0.0,0.0,0.0,0.0,0.0,0.0,0.0,0.0,0.0,0.0,0.0,2.0,0.0,0.0,8.0,0.0,1.0,6.0,17.0,9.0,11.0,4.0
1136,1.0,1136.0,London_170,,151,453,1092.0,70.0,2.0,177123.0,2.140851305797696,844.0,142.0,0.0,142.0,252.0,0.0,252.0,56.0,255.0,72.0,19.0,53.0,8.0,44.0,1.0,1.0,11.0,85.0,170.0,187.0,28.0,0.0,0.0,0.0,0.0,0.0,0.0,0.0,0.0,0.0,0.0,0.0,0.0,0.0,0.0,0.0,0.0,0.0,0.0,0.0,0.0,0.0,0.0,0.0,0.0,0.0,0.0,0.0,0.0,0.0,0.0,0.0,0.0,0.0,0.0,0.0,0.0,0.0,0.0,0.0,0.0,2.0,4.0,0.0,3.0,14.0,0.0,4.0,3.0,4.0,7.0,28.0,32.0,24.0,9.0,0.0,0.0,0.0,0.0,0.0,0.0,0.0,0.0,0.0,0.0,0.0,0.0,0.0,0.0,0.0,0.0,0.0,0.0,0.0,0.0,2.0,4.0,0.0,3.0,15.0,0.0,5.0,3.0,5.0,9.0,46.0,48.0,30.0,14.0
1137,1.0,1137.0,London_170,,151,453,1092.0,70.0,2.0,149037.0,1.2828998058103025,782.0,8.0,2.0,6.0,29.0,18.0,11.0,252.0,213.0,100.0,18.0,72.0,7.0,37.0,2.0,4.0,8.0,86.0,168.0,191.0,41.0,0.0,0.0,0.0,0.0,0.0,0.0,0.0,0.0,0.0,0.0,0.0,0.0,0.0,0.0,0.0,0.0,0.0,0.0,0.0,0.0,0.0,0.0,0.0,0.0,0.0,0.0,0.0,0.0,0.0,0.0,0.0,0.0,1.0,0.0,1.0,2.0,0.0,0.0,0.0,0.0,0.0,0.0,0.0,0.0,0.0,0.0,2.0,0.0,0.0,1.0,4.0,1.0,3.0,0.0,0.0,0.0,0.0,0.0,0.0,0.0,0.0,0.0,0.0,0.0,0.0,0.0,2.0,0.0,7.0,4.0,0.0,0.0,0.0,0.0,0.0,0.0,0.0,0.0,0.0,0.0,2.0,0.0,0.0,2.0,6.0,2.0,3.0,0.0
1138,1.0,1138.0,London_170,,151,453,1092.0,70.0,2.0,183012.0,0.9929621433839202,857.0,56.0,2.0,54.0,114.0,19.0,95.0,29.0,211.0,95.0,20.0,79.0,7.0,35.0,2.0,4.0,8.0,90.0,158.0,197.0,38.0,0.0,0.0,0.0,0.0,0.0,0.0,0.0,0.0,0.0,0.0,0.0,0.0,0.0,0.0,0.0,0.0,0.0,0.0,0.0,0.0,0.0,0.0,0.0,0.0,0.0,0.0,0.0,0.0,0.0,0.0,0.0,0.0,1.0,0.0,1.0,2.0,0.0,0.0,0.0,0.0,0.0,7.0,1.0,2.0,0.0,0.0,9.0,5.0,3.0,5.0,9.0,18.0,9.0,5.0,0.0,0.0,0.0,0.0,0.0,0.0,0.0,0.0,0.0,0.0,0.0,0.0,6.0,0.0,6.0,8.0,0.0,0.0,0.0,0.0,0.0,10.0,1.0,4.0,0.0,0.0,11.0,6.0,3.0,9.0,13.0,32.0,10.0,9.0
1139,1.0,1139.0,London_170,,151,453,1092.0,70.0,2.0,203850.0,1.554941977839917,903.0,126.0,1.0,125.0,221.0,10.0,211.0,114.0,216.0,94.0,18.0,85.0,8.0,28.0,3.0,1.0,5.0,94.0,161.0,193.0,39.0,0.0,0.0,0.0,0.0,0.0,0.0,0.0,0.0,0.0,0.0,0.0,0.0,0.0,0.0,0.0,0.0,0.0,0.0,0.0,0.0,0.0,0.0,0.0,0.0,0.0,0.0,0.0,0.0,0.0,1.0,0.0,0.0,1.0,0.0,0.0,1.0,0.0,0.0,0.0,0.0,4.0,3.0,0.0,2.0,1.0,0.0,17.0,8.0,9.0,11.0,19.0,28.0,20.0,12.0,0.0,0.0,0.0,0.0,0.0,0.0,0.0,0.0,0.0,3.0,0.0,0.0,10.0,0.0,0.0,1.0,0.0,0.0,0.0,0.0,4.0,5.0,0.0,3.0,1.0,0.0,23.0,12.0,11.0,14.0,29.0,45.0,26.0,20.0
1140,1.0,1140.0,London_170,,151,453,1092.0,70.0,2.0,185277.0,1.0005561718717217,862.0,128.0,1.0,127.0,236.0,10.0,226.0,221.0,240.0,71.0,25.0,79.0,4.0,27.0,1.0,6.0,3.0,101.0,139.0,210.0,25.0,0.0,0.0,0.0,0.0,0.0,0.0,0.0,0.0,0.0,0.0,0.0,0.0,0.0,0.0,0.0,0.0,0.0,0.0,0.0,0.0,0.0,0.0,0.0,0.0,0.0,0.0,0.0,0.0,0.0,0.0,0.0,0.0,0.0,0.0,0.0,0.0,0.0,0.0,0.0,0.0,2.0,3.0,1.0,0.0,7.0,0.0,7.0,3.0,2.0,15.0,20.0,34.0,22.0,6.0,0.0,0.0,0.0,0.0,0.0,0.0,0.0,0.0,0.0,0.0,0.0,0.0,0.0,0.0,0.0,0.0,0.0,0.0,0.0,0.0,2.0,7.0,1.0,0.0,7.0,0.0,10.0,3.0,2.0,19.0,33.0,50.0,26.0,10.0
1141,1.0,1141.0,London_170,,151,453,1092.0,70.0,2.0,161268.0,1.0728712268173695,809.0,139.0,0.0,139.0,224.0,0.0,224.0,236.0,227.0,97.0,24.0,66.0,10.0,22.0,2.0,5.0,5.0,88.0,148.0,212.0,38.0,0.0,0.0,0.0,0.0,0.0,0.0,0.0,0.0,0.0,0.0,0.0,0.0,0.0,0.0,0.0,0.0,0.0,0.0,0.0,0.0,0.0,0.0,0.0,0.0,0.0,0.0,0.0,0.0,0.0,0.0,0.0,0.0,0.0,0.0,0.0,0.0,0.0,0.0,0.0,0.0,2.0,9.0,1.0,0.0,9.0,1.0,15.0,8.0,2.0,10.0,24.0,34.0,15.0,9.0,0.0,0.0,0.0,0.0,0.0,0.0,0.0,0.0,0.0,0.0,0.0,0.0,0.0,0.0,0.0,0.0,0.0,0.0,0.0,0.0,2.0,14.0,1.0,0.0,9.0,1.0,20.0,10.0,2.0,12.0,34.0,48.0,16.0,15.0
1142,1.0,1142.0,London_170,,151,453,1092.0,70.0,2.0,143601.0,0.89929029205814,770.0,41.0,2.0,39.0,80.0,18.0,62.0,224.0,244.0,90.0,21.0,63.0,15.0,12.0,1.0,7.0,5.0,77.0,146.0,225.0,35.0,0.0,0.0,0.0,0.0,0.0,0.0,0.0,0.0,0.0,0.0,0.0,0.0,0.0,0.0,0.0,0.0,0.0,0.0,0.0,0.0,0.0,0.0,0.0,0.0,0.0,0.0,0.0,0.0,0.0,0.0,0.0,0.0,1.0,0.0,1.0,1.0,0.0,0.0,0.0,0.0,0.0,1.0,0.0,3.0,1.0,1.0,6.0,4.0,2.0,5.0,11.0,7.0,10.0,3.0,0.0,0.0,0.0,0.0,0.0,0.0,0.0,0.0,0.0,0.0,0.0,0.0,7.0,0.0,5.0,3.0,0.0,0.0,0.0,0.0,0.0,2.0,0.0,4.0,1.0,3.0,10.0,6.0,5.0,5.0,18.0,12.0,15.0,3.0
1143,1.0,1143.0,London_170,,151,453,1092.0,70.0,2.0,165345.0,0.8876630309969187,818.0,39.0,2.0,37.0,81.0,16.0,65.0,80.0,241.0,77.0,27.0,76.0,11.0,12.0,2.0,7.0,4.0,82.0,137.0,230.0,40.0,0.0,0.0,0.0,0.0,0.0,0.0,0.0,0.0,0.0,0.0,0.0,0.0,0.0,0.0,0.0,0.0,0.0,0.0,0.0,0.0,0.0,0.0,0.0,0.0,0.0,0.0,0.0,0.0,0.0,1.0,0.0,0.0,0.0,0.0,1.0,1.0,0.0,0.0,0.0,0.0,3.0,5.0,1.0,0.0,1.0,0.0,6.0,0.0,1.0,4.0,8.0,5.0,10.0,5.0,0.0,0.0,0.0,0.0,0.0,0.0,0.0,0.0,0.0,8.0,0.0,0.0,0.0,0.0,6.0,5.0,0.0,0.0,0.0,0.0,3.0,8.0,1.0,0.0,1.0,0.0,9.0,0.0,2.0,5.0,16.0,8.0,13.0,8.0
1144,1.0,1144.0,London_170,,151,453,1092.0,70.0,2.0,180747.0,1.3925719601102173,852.0,139.0,2.0,137.0,253.0,18.0,235.0,81.0,237.0,93.0,32.0,71.0,3.0,10.0,2.0,5.0,7.0,84.0,136.0,226.0,50.0,0.0,0.0,0.0,0.0,0.0,0.0,0.0,0.0,0.0,0.0,0.0,0.0,0.0,0.0,0.0,0.0,0.0,0.0,0.0,0.0,0.0,0.0,0.0,0.0,0.0,0.0,0.0,0.0,0.0,0.0,0.0,0.0,0.0,0.0,1.0,0.0,0.0,0.0,0.0,0.0,1.0,9.0,0.0,4.0,6.0,2.0,9.0,14.0,1.0,16.0,29.0,27.0,18.0,10.0,0.0,0.0,0.0,0.0,0.0,0.0,0.0,0.0,0.0,0.0,0.0,0.0,0.0,0.0,8.0,0.0,0.0,0.0,0.0,0.0,2.0,12.0,0.0,4.0,6.0,6.0,11.0,17.0,1.0,20.0,41.0,39.0,25.0,19.0
1145,1.0,1145.0,London_170,,151,453,1092.0,70.0,2.0,162174.0,0.9010015432722867,811.0,111.0,0.0,111.0,186.0,0.0,186.0,253.0,229.0,89.0,16.0,82.0,8.0,20.0,0.0,9.0,9.0,80.0,140.0,224.0,39.0,0.0,0.0,0.0,0.0,0.0,0.0,0.0,0.0,0.0,0.0,0.0,0.0,0.0,0.0,0.0,0.0,0.0,0.0,0.0,0.0,0.0,0.0,0.0,0.0,0.0,0.0,0.0,0.0,0.0,0.0,0.0,0.0,0.0,0.0,0.0,0.0,0.0,0.0,0.0,0.0,7.0,7.0,1.0,2.0,1.0,0.0,14.0,6.0,4.0,8.0,21.0,30.0,19.0,7.0,0.0,0.0,0.0,0.0,0.0,0.0,0.0,0.0,0.0,0.0,0.0,0.0,0.0,0.0,0.0,0.0,0.0,0.0,0.0,0.0,9.0,7.0,1.0,3.0,1.0,0.0,17.0,8.0,4.0,9.0,31.0,41.0,21.0,9.0
1146,1.0,1146.0,London_170,,151,453,1092.0,70.0,2.0,155379.0,0.8519833241589367,796.0,110.0,1.0,109.0,189.0,10.0,179.0,186.0,239.0,94.0,7.0,72.0,13.0,22.0,0.0,6.0,10.0,83.0,140.0,220.0,43.0,0.0,0.0,0.0,0.0,0.0,0.0,0.0,0.0,0.0,0.0,0.0,0.0,0.0,0.0,0.0,0.0,0.0,0.0,0.0,0.0,0.0,0.0,0.0,0.0,0.0,0.0,0.0,0.0,0.0,1.0,0.0,0.0,1.0,0.0,1.0,0.0,1.0,0.0,0.0,0.0,2.0,3.0,3.0,0.0,3.0,0.0,9.0,8.0,3.0,11.0,19.0,24.0,14.0,10.0,0.0,0.0,0.0,0.0,0.0,0.0,0.0,0.0,0.0,1.0,0.0,0.0,7.0,0.0,5.0,0.0,9.0,0.0,0.0,0.0,2.0,4.0,4.0,0.0,3.0,0.0,15.0,9.0,4.0,18.0,26.0,35.0,16.0,16.0
1147,1.0,1147.0,London_170,,151,453,1092.0,70.0,2.0,134541.0,0.7314458410255611,750.0,31.0,0.0,31.0,48.0,0.0,48.0,189.0,253.0,102.0,11.0,58.0,11.0,13.0,1.0,4.0,9.0,92.0,139.0,213.0,40.0,0.0,0.0,0.0,0.0,0.0,0.0,0.0,0.0,0.0,0.0,0.0,0.0,0.0,0.0,0.0,0.0,0.0,0.0,0.0,0.0,0.0,0.0,0.0,0.0,0.0,0.0,0.0,0.0,0.0,0.0,0.0,0.0,0.0,0.0,0.0,0.0,0.0,0.0,0.0,0.0,1.0,0.0,1.0,0.0,1.0,0.0,7.0,0.0,1.0,6.0,7.0,10.0,6.0,6.0,0.0,0.0,0.0,0.0,0.0,0.0,0.0,0.0,0.0,0.0,0.0,0.0,0.0,0.0,0.0,0.0,0.0,0.0,0.0,0.0,1.0,0.0,1.0,0.0,1.0,0.0,9.0,0.0,1.0,9.0,9.0,12.0,7.0,8.0
1148,1.0,1148.0,London_170,,151,453,1092.0,70.0,2.0,159456.0,1.1651731641031802,805.0,122.0,0.0,122.0,201.0,0.0,201.0,48.0,255.0,106.0,12.0,49.0,10.0,15.0,2.0,4.0,9.0,86.0,148.0,210.0,40.0,0.0,0.0,0.0,0.0,0.0,0.0,0.0,0.0,0.0,0.0,0.0,0.0,0.0,0.0,0.0,0.0,0.0,0.0,0.0,0.0,0.0,0.0,0.0,0.0,0.0,0.0,0.0,0.0,0.0,0.0,0.0,0.0,0.0,0.0,0.0,0.0,0.0,0.0,0.0,0.0,2.0,1.0,0.0,1.0,0.0,0.0,6.0,14.0,6.0,12.0,24.0,34.0,18.0,13.0,0.0,0.0,0.0,0.0,0.0,0.0,0.0,0.0,0.0,0.0,0.0,0.0,0.0,0.0,0.0,0.0,0.0,0.0,0.0,0.0,3.0,2.0,0.0,2.0,0.0,0.0,8.0,20.0,7.0,18.0,34.0,51.0,23.0,20.0
1149,1.0,1149.0,London_170,,151,453,1092.0,70.0,2.0,133635.0,1.0860088900662959,748.0,60.0,2.0,58.0,119.0,16.0,103.0,201.0,250.0,94.0,19.0,56.0,7.0,21.0,4.0,2.0,11.0,78.0,144.0,220.0,32.0,0.0,0.0,0.0,0.0,0.0,0.0,0.0,0.0,0.0,0.0,0.0,0.0,0.0,0.0,0.0,0.0,0.0,0.0,0.0,0.0,0.0,0.0,0.0,0.0,0.0,0.0,0.0,0.0,0.0,1.0,0.0,0.0,1.0,0.0,0.0,1.0,0.0,0.0,0.0,0.0,5.0,4.0,5.0,0.0,0.0,1.0,8.0,7.0,6.0,6.0,10.0,11.0,7.0,7.0,0.0,0.0,0.0,0.0,0.0,0.0,0.0,0.0,0.0,6.0,0.0,0.0,3.0,0.0,0.0,2.0,0.0,0.0,0.0,0.0,6.0,6.0,7.0,0.0,0.0,1.0,10.0,11.0,9.0,7.0,14.0,17.0,8.0,10.0
1150,1.0,1150.0,London_170,,151,453,1092.0,70.0,2.0,151755.0,1.092454913072288,788.0,72.0,2.0,70.0,153.0,19.0,134.0,119.0,251.0,111.0,21.0,53.0,1.0,10.0,1.0,5.0,10.0,80.0,141.0,222.0,34.0,0.0,0.0,0.0,0.0,0.0,0.0,0.0,0.0,0.0,0.0,0.0,0.0,0.0,0.0,0.0,0.0,0.0,0.0,0.0,0.0,0.0,0.0,0.0,0.0,0.0,0.0,0.0,0.0,0.0,0.0,1.0,0.0,0.0,0.0,1.0,1.0,0.0,0.0,0.0,0.0,0.0,1.0,2.0,0.0,1.0,1.0,7.0,10.0,5.0,7.0,14.0,17.0,10.0,5.0,0.0,0.0,0.0,0.0,0.0,0.0,0.0,0.0,0.0,0.0,5.0,0.0,0.0,0.0,5.0,5.0,0.0,0.0,0.0,0.0,0.0,1.0,2.0,0.0,1.0,3.0,9.0,19.0,7.0,10.0,23.0,25.0,13.0,8.0
1151,1.0,1151.0,London_170,,151,453,1092.0,70.0,2.0,149490.0,0.976924248971045,783.0,52.0,0.0,52.0,98.0,0.0,98.0,153.0,265.0,96.0,29.0,44.0,2.0,14.0,0.0,3.0,3.0,78.0,173.0,199.0,21.0,0.0,0.0,0.0,0.0,0.0,0.0,0.0,0.0,0.0,0.0,0.0,0.0,0.0,0.0,0.0,0.0,0.0,0.0,0.0,0.0,0.0,0.0,0.0,0.0,0.0,0.0,0.0,0.0,0.0,0.0,0.0,0.0,0.0,0.0,0.0,0.0,0.0,0.0,0.0,0.0,0.0,3.0,0.0,0.0,0.0,0.0,7.0,2.0,1.0,7.0,8.0,11.0,6.0,5.0,0.0,0.0,0.0,0.0,0.0,0.0,0.0,0.0,0.0,0.0,0.0,0.0,0.0,0.0,0.0,0.0,0.0,0.0,0.0,0.0,0.0,3.0,0.0,0.0,0.0,0.0,9.0,3.0,2.0,9.0,16.0,16.0,9.0,7.0
1152,1.0,1152.0,London_170,,151,453,1092.0,70.0,2.0,165345.0,1.3295224928297102,818.0,95.0,2.0,93.0,183.0,19.0,164.0,98.0,266.0,91.0,28.0,39.0,4.0,20.0,1.0,4.0,6.0,74.0,172.0,201.0,17.0,0.0,0.0,0.0,0.0,0.0,0.0,0.0,0.0,0.0,0.0,0.0,0.0,0.0,0.0,0.0,0.0,0.0,0.0,0.0,0.0,0.0,0.0,0.0,0.0,0.0,0.0,0.0,0.0,0.0,0.0,0.0,0.0,0.0,0.0,1.0,1.0,0.0,0.0,0.0,0.0,1.0,2.0,1.0,0.0,0.0,0.0,12.0,3.0,0.0,14.0,18.0,16.0,9.0,10.0,0.0,0.0,0.0,0.0,0.0,0.0,0.0,0.0,0.0,0.0,0.0,0.0,0.0,0.0,8.0,7.0,0.0,0.0,0.0,0.0,1.0,4.0,1.0,0.0,0.0,0.0,14.0,5.0,0.0,16.0,21.0,24.0,11.0,17.0
1153,1.0,1153.0,London_170,,151,453,1092.0,70.0,2.0,156738.0,1.0034669400192797,799.0,48.0,0.0,48.0,93.0,0.0,93.0,183.0,271.0,85.0,15.0,46.0,4.0,25.0,3.0,4.0,3.0,71.0,166.0,213.0,26.0,0.0,0.0,0.0,0.0,0.0,0.0,0.0,0.0,0.0,0.0,0.0,0.0,0.0,0.0,0.0,0.0,0.0,0.0,0.0,0.0,0.0,0.0,0.0,0.0,0.0,0.0,0.0,0.0,0.0,0.0,0.0,0.0,0.0,0.0,0.0,0.0,0.0,0.0,0.0,0.0,6.0,1.0,0.0,0.0,0.0,1.0,10.0,5.0,11.0,2.0,4.0,13.0,13.0,5.0,0.0,0.0,0.0,0.0,0.0,0.0,0.0,0.0,0.0,0.0,0.0,0.0,0.0,0.0,0.0,0.0,0.0,0.0,0.0,0.0,9.0,2.0,0.0,0.0,0.0,2.0,14.0,8.0,18.0,2.0,10.0,22.0,20.0,10.0
1154,1.0,1154.0,London_170,,151,453,1092.0,70.0,2.0,180294.0,1.1988422609865665,851.0,121.0,1.0,120.0,215.0,9.0,206.0,93.0,261.0,83.0,18.0,52.0,5.0,28.0,3.0,3.0,5.0,66.0,172.0,210.0,28.0,0.0,0.0,0.0,0.0,0.0,0.0,0.0,0.0,0.0,0.0,0.0,0.0,0.0,0.0,0.0,0.0,0.0,0.0,0.0,0.0,0.0,0.0,0.0,0.0,0.0,0.0,0.0,0.0,0.0,0.0,0.0,0.0,0.0,0.0,0.0,0.0,1.0,0.0,0.0,0.0,4.0,3.0,0.0,4.0,2.0,1.0,13.0,14.0,4.0,6.0,23.0,30.0,16.0,11.0,0.0,0.0,0.0,0.0,0.0,0.0,0.0,0.0,0.0,0.0,0.0,0.0,0.0,0.0,0.0,0.0,8.0,0.0,0.0,0.0,4.0,3.0,0.0,9.0,2.0,2.0,16.0,18.0,5.0,7.0,41.0,47.0,22.0,15.0
1155,1.0,1155.0,London_170,,151,453,1092.0,70.0,2.0,166251.0,1.5224907179363072,820.0,118.0,2.0,116.0,233.0,18.0,215.0,215.0,247.0,72.0,13.0,74.0,6.0,35.0,1.0,5.0,3.0,81.0,169.0,200.0,33.0,0.0,0.0,0.0,0.0,0.0,0.0,0.0,0.0,0.0,0.0,0.0,0.0,0.0,0.0,0.0,0.0,0.0,0.0,0.0,0.0,0.0,0.0,0.0,0.0,0.0,0.0,0.0,0.0,0.0,0.0,0.0,0.0,0.0,0.0,1.0,0.0,0.0,0.0,0.0,0.0,5.0,16.0,7.0,3.0,10.0,0.0,4.0,10.0,10.0,7.0,27.0,29.0,27.0,6.0,0.0,0.0,0.0,0.0,0.0,0.0,0.0,0.0,0.0,0.0,0.0,0.0,0.0,0.0,7.0,0.0,0.0,0.0,0.0,0.0,9.0,23.0,7.0,4.0,10.0,0.0,7.0,17.0,11.0,10.0,46.0,42.0,32.0,10.0
1156,1.0,1156.0,London_170,,151,453,1092.0,70.0,2.0,146319.0,1.1772131221368909,776.0,137.0,2.0,135.0,252.0,17.0,235.0,233.0,238.0,84.0,20.0,76.0,7.0,25.0,1.0,2.0,10.0,69.0,157.0,217.0,28.0,0.0,0.0,0.0,0.0,0.0,0.0,0.0,0.0,0.0,0.0,0.0,0.0,0.0,0.0,0.0,0.0,0.0,0.0,0.0,0.0,0.0,0.0,0.0,0.0,0.0,0.0,0.0,0.0,0.0,0.0,0.0,0.0,0.0,0.0,1.0,0.0,0.0,0.0,0.0,0.0,3.0,8.0,4.0,0.0,6.0,1.0,11.0,3.0,9.0,7.0,33.0,32.0,30.0,8.0,0.0,0.0,0.0,0.0,0.0,0.0,0.0,0.0,0.0,0.0,0.0,0.0,0.0,0.0,9.0,0.0,0.0,0.0,0.0,0.0,3.0,15.0,4.0,0.0,6.0,2.0,16.0,4.0,13.0,10.0,50.0,45.0,37.0,10.0
1157,1.0,1157.0,London_170,,151,453,1092.0,70.0,2.0,106455.0,1.4864010298624635,688.0,0.0,0.0,0.0,0.0,0.0,0.0,252.0,238.0,94.0,22.0,70.0,8.0,15.0,2.0,4.0,6.0,93.0,144.0,210.0,31.0,0.0,0.0,0.0,0.0,0.0,0.0,0.0,0.0,0.0,0.0,0.0,0.0,0.0,0.0,0.0,0.0,0.0,0.0,0.0,0.0,0.0,0.0,0.0,0.0,0.0,0.0,0.0,0.0,0.0,0.0,0.0,0.0,0.0,0.0,0.0,0.0,0.0,0.0,0.0,0.0,0.0,0.0,0.0,0.0,0.0,0.0,0.0,0.0,0.0,0.0,0.0,0.0,0.0,0.0,0.0,0.0,0.0,0.0,0.0,0.0,0.0,0.0,0.0,0.0,0.0,0.0,0.0,0.0,0.0,0.0,0.0,0.0,0.0,0.0,0.0,0.0,0.0,0.0,0.0,0.0,0.0,0.0,0.0,0.0,0.0,0.0,0.0,0.0
1158,1.0,1158.0,London_170,,151,453,1092.0,70.0,2.0,128199.0,1.2242624587379396,736.0,64.0,0.0,64.0,101.0,0.0,101.0,0.0,238.0,94.0,22.0,70.0,8.0,15.0,2.0,4.0,6.0,93.0,144.0,210.0,31.0,0.0,0.0,0.0,0.0,0.0,0.0,0.0,0.0,0.0,0.0,0.0,0.0,0.0,0.0,0.0,0.0,0.0,0.0,0.0,0.0,0.0,0.0,0.0,0.0,0.0,0.0,0.0,0.0,0.0,0.0,0.0,0.0,0.0,0.0,0.0,0.0,0.0,0.0,0.0,0.0,0.0,3.0,0.0,2.0,0.0,0.0,8.0,6.0,2.0,7.0,15.0,8.0,15.0,5.0,0.0,0.0,0.0,0.0,0.0,0.0,0.0,0.0,0.0,0.0,0.0,0.0,0.0,0.0,0.0,0.0,0.0,0.0,0.0,0.0,0.0,3.0,0.0,3.0,0.0,0.0,9.0,6.0,2.0,7.0,21.0,12.0,18.0,7.0
1159,1.0,1159.0,London_170,,151,453,1092.0,70.0,2.0,117780.0,1.138616172131151,713.0,183.0,1.0,182.0,318.0,9.0,309.0,101.0,239.0,104.0,29.0,59.0,7.0,12.0,1.0,2.0,11.0,86.0,151.0,205.0,39.0,0.0,0.0,0.0,0.0,0.0,0.0,0.0,0.0,0.0,1.0,0.0,0.0,0.0,1.0,0.0,0.0,0.0,0.0,1.0,0.0,0.0,0.0,0.0,0.0,0.0,0.0,0.0,0.0,0.0,1.0,0.0,0.0,0.0,0.0,0.0,0.0,0.0,0.0,0.0,0.0,3.0,26.0,0.0,1.0,1.0,0.0,7.0,6.0,0.0,6.0,30.0,43.0,19.0,11.0,0.0,0.0,0.0,0.0,0.0,0.0,0.0,0.0,0.0,4.0,0.0,0.0,0.0,0.0,0.0,0.0,0.0,0.0,0.0,0.0,3.0,42.0,0.0,2.0,1.0,0.0,8.0,7.0,0.0,7.0,50.0,62.0,25.0,15.0
1160,1.0,1160.0,London_170,,151,453,1092.0,70.0,2.0,42129.0,0.1041721161454916,546.0,78.0,0.0,78.0,125.0,0.0,125.0,314.0,182.0,119.0,16.0,81.0,9.0,34.0,6.0,6.0,6.0,84.0,157.0,206.0,37.0,0.0,0.0,0.0,0.0,0.0,0.0,0.0,0.0,0.0,0.0,0.0,0.0,0.0,0.0,0.0,0.0,0.0,0.0,0.0,0.0,0.0,0.0,0.0,0.0,0.0,0.0,0.0,0.0,0.0,0.0,0.0,0.0,0.0,0.0,0.0,0.0,0.0,0.0,0.0,0.0,6.0,1.0,0.0,1.0,0.0,0.0,12.0,2.0,2.0,9.0,13.0,25.0,14.0,8.0,0.0,0.0,0.0,0.0,0.0,0.0,0.0,0.0,0.0,0.0,0.0,0.0,0.0,0.0,0.0,0.0,0.0,0.0,0.0,0.0,6.0,3.0,0.0,1.0,0.0,0.0,15.0,3.0,2.0,10.0,17.0,31.0,17.0,10.0
1161,1.0,1161.0,London_170,,151,453,1092.0,70.0,2.0,7248.0,0.024607739876955748,469.0,9.0,2.0,7.0,33.0,19.0,14.0,125.0,192.0,106.0,22.0,78.0,9.0,37.0,6.0,3.0,9.0,88.0,170.0,186.0,51.0,0.0,0.0,0.0,0.0,0.0,0.0,0.0,0.0,0.0,0.0,0.0,0.0,0.0,0.0,0.0,0.0,0.0,0.0,0.0,0.0,0.0,0.0,0.0,0.0,0.0,0.0,0.0,0.0,0.0,0.0,2.0,0.0,1.0,0.0,0.0,1.0,0.0,0.0,0.0,0.0,0.0,0.0,0.0,0.0,1.0,0.0,4.0,0.0,2.0,0.0,0.0,2.0,2.0,0.0,0.0,0.0,0.0,0.0,0.0,0.0,0.0,0.0,0.0,0.0,13.0,0.0,5.0,0.0,0.0,5.0,0.0,0.0,0.0,0.0,0.0,0.0,0.0,0.0,2.0,0.0,5.0,0.0,4.0,0.0,0.0,6.0,3.0,0.0
