,logged,day,location,model name,avg daily demand,inventory size,test days,init days,gurobi status,nvars,calc time,ncons,num patients,num SCD patients,num Other patients,num units requested,num units requested SCD,num units requested Other,num supplied products,num O- in inventory,num O+ in inventory,num A- in inventory,num A+ in inventory,num B- in inventory,num B+ in inventory,num AB- in inventory,num AB+ in inventory,num Fya-Fyb- in inventory,num Fya+Fyb- in inventory,num Fya-Fyb+ in inventory,num Fya+Fyb+ in inventory,num R0 in inventory,num outdates,num outdates O-,num outdates O+,num outdates A-,num outdates A+,num outdates B-,num outdates B+,num outdates AB-,num outdates AB+,num shortages,num shortages O-,num shortages O+,num shortages A-,num shortages A+,num shortages B-,num shortages B+,num shortages AB-,num shortages AB+,num shortages SCD,num shortages Other,num mismatched patients SCD A,num mismatched patients SCD B,num mismatched patients SCD D,num mismatched patients SCD C,num mismatched patients SCD c,num mismatched patients SCD E,num mismatched patients SCD e,num mismatched patients SCD K,num mismatched patients SCD Fya,num mismatched patients SCD Fyb,num mismatched patients SCD Jka,num mismatched patients SCD Jkb,num mismatched patients SCD M,num mismatched patients SCD N,num mismatched patients SCD S,num mismatched patients Other A,num mismatched patients Other B,num mismatched patients Other D,num mismatched patients Other C,num mismatched patients Other c,num mismatched patients Other E,num mismatched patients Other e,num mismatched patients Other K,num mismatched patients Other Fya,num mismatched patients Other Fyb,num mismatched patients Other Jka,num mismatched patients Other Jkb,num mismatched patients Other M,num mismatched patients Other N,num mismatched patients Other S,num mismatched units SCD A,num mismatched units SCD B,num mismatched units SCD D,num mismatched units SCD C,num mismatched units SCD c,num mismatched units SCD E,num mismatched units SCD e,num mismatched units SCD K,num mismatched units SCD Fya,num mismatched units SCD Fyb,num mismatched units SCD Jka,num mismatched units SCD Jkb,num mismatched units SCD M,num mismatched units SCD N,num mismatched units SCD S,num mismatched units Other A,num mismatched units Other B,num mismatched units Other D,num mismatched units Other C,num mismatched units Other c,num mismatched units Other E,num mismatched units Other e,num mismatched units Other K,num mismatched units Other Fya,num mismatched units Other Fyb,num mismatched units Other Jka,num mismatched units Other Jkb,num mismatched units Other M,num mismatched units Other N,num mismatched units Other S
0,1.0,0.0,London_423,newnew,151,453,1092.0,70.0,2.0,175311.0,0.3219833609764464,840.0,46.0,2.0,44.0,96.0,21.0,75.0,453.0,76.0,143.0,33.0,133.0,11.0,39.0,1.0,17.0,13.0,89.0,154.0,197.0,54.0,0.0,0.0,0.0,0.0,0.0,0.0,0.0,0.0,0.0,0.0,0.0,0.0,0.0,0.0,0.0,0.0,0.0,0.0,0.0,0.0,0.0,0.0,0.0,0.0,0.0,0.0,0.0,0.0,2.0,0.0,0.0,0.0,0.0,0.0,2.0,0.0,0.0,0.0,3.0,2.0,0.0,0.0,0.0,6.0,0.0,3.0,0.0,8.0,10.0,10.0,0.0,0.0,0.0,0.0,0.0,0.0,0.0,0.0,7.0,0.0,0.0,0.0,0.0,0.0,9.0,0.0,0.0,0.0,3.0,3.0,0.0,0.0,0.0,9.0,0.0,3.0,0.0,11.0,14.0,11.0
1,1.0,1.0,London_423,newnew,151,453,1092.0,70.0,2.0,194337.0,0.44992411899147555,882.0,155.0,0.0,155.0,263.0,0.0,263.0,96.0,75.0,162.0,32.0,132.0,4.0,31.0,1.0,16.0,13.0,93.0,158.0,189.0,59.0,0.0,0.0,0.0,0.0,0.0,0.0,0.0,0.0,0.0,0.0,0.0,0.0,0.0,0.0,0.0,0.0,0.0,0.0,0.0,0.0,0.0,0.0,0.0,0.0,0.0,0.0,0.0,0.0,0.0,0.0,0.0,0.0,0.0,0.0,0.0,0.0,0.0,0.0,3.0,0.0,0.0,2.0,0.0,6.0,8.0,10.0,14.0,36.0,31.0,21.0,0.0,0.0,0.0,0.0,0.0,0.0,0.0,0.0,0.0,0.0,0.0,0.0,0.0,0.0,0.0,0.0,0.0,0.0,3.0,0.0,0.0,2.0,0.0,7.0,11.0,15.0,19.0,56.0,42.0,28.0
2,1.0,2.0,London_423,newnew,151,453,1092.0,70.0,2.0,156738.0,0.5564801259897649,799.0,156.0,0.0,156.0,260.0,0.0,260.0,263.0,86.0,191.0,20.0,90.0,6.0,41.0,5.0,14.0,12.0,108.0,125.0,208.0,75.0,0.0,0.0,0.0,0.0,0.0,0.0,0.0,0.0,0.0,0.0,0.0,0.0,0.0,0.0,0.0,0.0,0.0,0.0,0.0,0.0,0.0,0.0,0.0,0.0,0.0,0.0,0.0,0.0,0.0,0.0,0.0,0.0,0.0,0.0,0.0,0.0,0.0,0.0,2.0,11.0,0.0,3.0,5.0,19.0,5.0,8.0,8.0,27.0,41.0,26.0,0.0,0.0,0.0,0.0,0.0,0.0,0.0,0.0,0.0,0.0,0.0,0.0,0.0,0.0,0.0,0.0,0.0,0.0,2.0,15.0,0.0,4.0,5.0,20.0,8.0,11.0,11.0,33.0,56.0,33.0
3,1.0,3.0,London_423,newnew,151,453,1092.0,70.0,2.0,113703.0,0.39347435801755637,704.0,111.0,0.0,111.0,201.0,0.0,201.0,260.0,95.0,206.0,11.0,71.0,11.0,37.0,4.0,18.0,8.0,104.0,137.0,204.0,77.0,0.0,0.0,0.0,0.0,0.0,0.0,0.0,0.0,0.0,0.0,0.0,0.0,0.0,0.0,0.0,0.0,0.0,0.0,0.0,0.0,0.0,0.0,0.0,0.0,0.0,0.0,0.0,0.0,0.0,0.0,0.0,0.0,0.0,0.0,0.0,0.0,0.0,0.0,3.0,10.0,0.0,4.0,4.0,11.0,2.0,3.0,9.0,17.0,20.0,31.0,0.0,0.0,0.0,0.0,0.0,0.0,0.0,0.0,0.0,0.0,0.0,0.0,0.0,0.0,0.0,0.0,0.0,0.0,6.0,17.0,0.0,6.0,4.0,13.0,3.0,3.0,12.0,27.0,29.0,39.0
4,1.0,4.0,London_423,newnew,151,453,1092.0,70.0,2.0,90147.0,0.2676606710301712,652.0,22.0,0.0,22.0,37.0,0.0,37.0,201.0,116.0,198.0,15.0,46.0,14.0,40.0,2.0,22.0,11.0,86.0,145.0,211.0,96.0,0.0,0.0,0.0,0.0,0.0,0.0,0.0,0.0,0.0,0.0,0.0,0.0,0.0,0.0,0.0,0.0,0.0,0.0,0.0,0.0,0.0,0.0,0.0,0.0,0.0,0.0,0.0,0.0,0.0,0.0,0.0,0.0,0.0,0.0,0.0,0.0,0.0,0.0,0.0,1.0,0.0,0.0,0.0,1.0,4.0,3.0,3.0,4.0,3.0,4.0,0.0,0.0,0.0,0.0,0.0,0.0,0.0,0.0,0.0,0.0,0.0,0.0,0.0,0.0,0.0,0.0,0.0,0.0,0.0,2.0,0.0,0.0,0.0,1.0,6.0,4.0,3.0,5.0,3.0,5.0
5,1.0,5.0,London_423,newnew,151,453,1092.0,70.0,2.0,110532.0,0.34226116503123194,697.0,58.0,2.0,56.0,117.0,17.0,100.0,37.0,116.0,202.0,16.0,44.0,13.0,38.0,2.0,22.0,11.0,87.0,143.0,212.0,101.0,0.0,0.0,0.0,0.0,0.0,0.0,0.0,0.0,0.0,0.0,0.0,0.0,0.0,0.0,0.0,0.0,0.0,0.0,0.0,0.0,0.0,0.0,0.0,0.0,0.0,0.0,0.0,0.0,1.0,0.0,0.0,1.0,0.0,1.0,2.0,0.0,0.0,0.0,1.0,4.0,0.0,3.0,0.0,2.0,3.0,5.0,5.0,7.0,17.0,6.0,0.0,0.0,0.0,0.0,0.0,0.0,0.0,0.0,2.0,0.0,0.0,4.0,0.0,4.0,5.0,0.0,0.0,0.0,1.0,4.0,0.0,4.0,0.0,2.0,4.0,9.0,5.0,13.0,26.0,7.0
6,1.0,6.0,London_423,newnew,151,453,1092.0,70.0,2.0,119592.0,0.4698960930109024,717.0,41.0,2.0,39.0,82.0,19.0,63.0,117.0,108.0,205.0,17.0,50.0,13.0,37.0,2.0,21.0,11.0,83.0,137.0,222.0,95.0,0.0,0.0,0.0,0.0,0.0,0.0,0.0,0.0,0.0,0.0,0.0,0.0,0.0,0.0,0.0,0.0,0.0,0.0,0.0,0.0,0.0,0.0,0.0,0.0,0.0,0.0,0.0,0.0,2.0,0.0,1.0,1.0,0.0,1.0,1.0,0.0,0.0,0.0,0.0,2.0,0.0,0.0,0.0,2.0,4.0,0.0,5.0,6.0,8.0,11.0,0.0,0.0,0.0,0.0,0.0,0.0,0.0,0.0,11.0,0.0,1.0,1.0,0.0,5.0,4.0,0.0,0.0,0.0,0.0,4.0,0.0,0.0,0.0,2.0,9.0,0.0,7.0,12.0,14.0,14.0
7,1.0,7.0,London_423,newnew,151,453,1092.0,70.0,2.0,136353.0,0.47166509699309245,754.0,47.0,0.0,47.0,84.0,0.0,84.0,82.0,119.0,215.0,22.0,35.0,8.0,34.0,2.0,18.0,11.0,83.0,135.0,224.0,79.0,0.0,0.0,0.0,0.0,0.0,0.0,0.0,0.0,0.0,0.0,0.0,0.0,0.0,0.0,0.0,0.0,0.0,0.0,0.0,0.0,0.0,0.0,0.0,0.0,0.0,0.0,0.0,0.0,0.0,0.0,0.0,0.0,0.0,0.0,0.0,0.0,0.0,0.0,0.0,1.0,0.0,0.0,0.0,5.0,7.0,1.0,6.0,12.0,12.0,6.0,0.0,0.0,0.0,0.0,0.0,0.0,0.0,0.0,0.0,0.0,0.0,0.0,0.0,0.0,0.0,0.0,0.0,0.0,0.0,1.0,0.0,0.0,0.0,8.0,12.0,1.0,8.0,16.0,18.0,7.0
8,1.0,8.0,London_423,newnew,151,453,1092.0,70.0,2.0,159003.0,0.5837374760303646,804.0,64.0,0.0,64.0,110.0,0.0,110.0,84.0,128.0,215.0,21.0,31.0,12.0,31.0,3.0,12.0,10.0,81.0,136.0,226.0,66.0,0.0,0.0,0.0,0.0,0.0,0.0,0.0,0.0,0.0,0.0,0.0,0.0,0.0,0.0,0.0,0.0,0.0,0.0,0.0,0.0,0.0,0.0,0.0,0.0,0.0,0.0,0.0,0.0,0.0,0.0,0.0,0.0,0.0,0.0,0.0,0.0,0.0,0.0,2.0,5.0,5.0,1.0,5.0,7.0,3.0,2.0,9.0,9.0,19.0,10.0,0.0,0.0,0.0,0.0,0.0,0.0,0.0,0.0,0.0,0.0,0.0,0.0,0.0,0.0,0.0,0.0,0.0,0.0,2.0,8.0,5.0,1.0,6.0,9.0,4.0,2.0,12.0,14.0,31.0,11.0
9,1.0,9.0,London_423,newnew,151,453,1092.0,70.0,2.0,169875.0,0.7679161650012247,828.0,109.0,2.0,107.0,200.0,16.0,184.0,110.0,140.0,217.0,12.0,33.0,14.0,22.0,4.0,11.0,8.0,81.0,144.0,220.0,62.0,0.0,0.0,0.0,0.0,0.0,0.0,0.0,0.0,0.0,0.0,0.0,0.0,0.0,0.0,0.0,0.0,0.0,0.0,0.0,0.0,0.0,0.0,0.0,0.0,0.0,0.0,0.0,0.0,1.0,0.0,0.0,1.0,1.0,1.0,0.0,0.0,0.0,0.0,4.0,2.0,1.0,0.0,0.0,6.0,1.0,4.0,13.0,18.0,32.0,19.0,0.0,0.0,0.0,0.0,0.0,0.0,0.0,0.0,2.0,0.0,0.0,3.0,7.0,6.0,0.0,0.0,0.0,0.0,4.0,3.0,1.0,0.0,0.0,7.0,1.0,5.0,17.0,27.0,46.0,22.0
10,1.0,10.0,London_423,newnew,151,453,1092.0,70.0,2.0,164439.0,0.6624756699893624,816.0,70.0,0.0,70.0,123.0,0.0,123.0,200.0,161.0,188.0,18.0,53.0,14.0,18.0,0.0,1.0,5.0,77.0,145.0,226.0,52.0,0.0,0.0,0.0,0.0,0.0,0.0,0.0,0.0,0.0,0.0,0.0,0.0,0.0,0.0,0.0,0.0,0.0,0.0,0.0,0.0,0.0,0.0,0.0,0.0,0.0,0.0,0.0,0.0,0.0,0.0,0.0,0.0,0.0,0.0,0.0,0.0,0.0,0.0,7.0,4.0,4.0,3.0,0.0,13.0,5.0,1.0,9.0,14.0,11.0,18.0,0.0,0.0,0.0,0.0,0.0,0.0,0.0,0.0,0.0,0.0,0.0,0.0,0.0,0.0,0.0,0.0,0.0,0.0,9.0,5.0,4.0,4.0,0.0,22.0,7.0,1.0,12.0,16.0,20.0,20.0
11,1.0,11.0,London_423,newnew,151,453,1092.0,70.0,2.0,182559.0,0.7877523940405808,856.0,95.0,2.0,93.0,186.0,18.0,168.0,123.0,163.0,186.0,22.0,40.0,12.0,27.0,0.0,3.0,5.0,82.0,144.0,222.0,58.0,0.0,0.0,0.0,0.0,0.0,0.0,0.0,0.0,0.0,0.0,0.0,0.0,0.0,0.0,0.0,0.0,0.0,0.0,0.0,0.0,0.0,0.0,0.0,0.0,0.0,0.0,0.0,0.0,0.0,0.0,0.0,0.0,0.0,1.0,1.0,0.0,0.0,0.0,3.0,2.0,1.0,1.0,0.0,13.0,8.0,3.0,21.0,17.0,18.0,31.0,0.0,0.0,0.0,0.0,0.0,0.0,0.0,0.0,0.0,0.0,0.0,0.0,0.0,8.0,5.0,0.0,0.0,0.0,3.0,2.0,3.0,2.0,0.0,17.0,10.0,4.0,28.0,24.0,33.0,42.0
12,1.0,12.0,London_423,newnew,151,453,1092.0,70.0,2.0,177123.0,0.6855922549730167,844.0,98.0,1.0,97.0,177.0,8.0,169.0,186.0,167.0,161.0,16.0,53.0,18.0,29.0,2.0,7.0,11.0,91.0,133.0,218.0,59.0,0.0,0.0,0.0,0.0,0.0,0.0,0.0,0.0,0.0,0.0,0.0,0.0,0.0,0.0,0.0,0.0,0.0,0.0,0.0,0.0,0.0,0.0,0.0,0.0,0.0,0.0,0.0,0.0,0.0,0.0,0.0,0.0,0.0,0.0,0.0,0.0,0.0,0.0,5.0,1.0,0.0,2.0,0.0,16.0,4.0,4.0,9.0,17.0,22.0,23.0,0.0,0.0,0.0,0.0,0.0,0.0,0.0,0.0,0.0,0.0,0.0,0.0,0.0,0.0,0.0,0.0,0.0,0.0,7.0,2.0,0.0,6.0,0.0,23.0,4.0,5.0,13.0,25.0,28.0,28.0
13,1.0,13.0,London_423,newnew,151,453,1092.0,70.0,2.0,172593.0,0.6519081739825197,834.0,96.0,2.0,94.0,177.0,16.0,161.0,177.0,179.0,147.0,14.0,55.0,19.0,27.0,1.0,11.0,4.0,78.0,151.0,220.0,46.0,0.0,0.0,0.0,0.0,0.0,0.0,0.0,0.0,0.0,0.0,0.0,0.0,0.0,0.0,0.0,0.0,0.0,0.0,0.0,0.0,0.0,0.0,0.0,0.0,0.0,0.0,0.0,0.0,0.0,1.0,0.0,1.0,1.0,0.0,1.0,0.0,0.0,0.0,2.0,4.0,0.0,2.0,1.0,12.0,3.0,5.0,11.0,15.0,27.0,29.0,0.0,0.0,0.0,0.0,0.0,0.0,0.0,0.0,0.0,6.0,0.0,4.0,4.0,0.0,4.0,0.0,0.0,0.0,2.0,6.0,0.0,3.0,1.0,16.0,5.0,6.0,14.0,24.0,37.0,36.0
14,1.0,14.0,London_423,newnew,151,453,1092.0,70.0,2.0,166704.0,0.7983694100403227,821.0,127.0,0.0,127.0,208.0,0.0,208.0,177.0,193.0,151.0,12.0,51.0,11.0,27.0,1.0,7.0,4.0,78.0,144.0,227.0,55.0,0.0,0.0,0.0,0.0,0.0,0.0,0.0,0.0,0.0,0.0,0.0,0.0,0.0,0.0,0.0,0.0,0.0,0.0,0.0,0.0,0.0,0.0,0.0,0.0,0.0,0.0,0.0,0.0,0.0,0.0,0.0,0.0,0.0,0.0,0.0,0.0,0.0,0.0,2.0,6.0,1.0,1.0,4.0,8.0,7.0,7.0,22.0,28.0,33.0,14.0,0.0,0.0,0.0,0.0,0.0,0.0,0.0,0.0,0.0,0.0,0.0,0.0,0.0,0.0,0.0,0.0,0.0,0.0,2.0,6.0,1.0,1.0,4.0,9.0,10.0,9.0,28.0,39.0,46.0,20.0
15,1.0,15.0,London_423,newnew,151,453,1092.0,70.0,2.0,143601.0,0.4806721879867837,770.0,28.0,3.0,25.0,70.0,27.0,43.0,208.0,203.0,108.0,14.0,72.0,12.0,34.0,0.0,10.0,4.0,78.0,151.0,220.0,48.0,0.0,0.0,0.0,0.0,0.0,0.0,0.0,0.0,0.0,0.0,0.0,0.0,0.0,0.0,0.0,0.0,0.0,0.0,0.0,0.0,0.0,0.0,0.0,0.0,0.0,0.0,0.0,0.0,1.0,0.0,0.0,1.0,2.0,0.0,3.0,0.0,0.0,0.0,3.0,0.0,0.0,1.0,0.0,1.0,4.0,2.0,5.0,3.0,9.0,6.0,0.0,0.0,0.0,0.0,0.0,0.0,0.0,0.0,5.0,0.0,0.0,5.0,13.0,0.0,12.0,0.0,0.0,0.0,3.0,0.0,0.0,1.0,0.0,1.0,6.0,3.0,6.0,5.0,14.0,7.0
16,1.0,16.0,London_423,newnew,151,453,1092.0,70.0,2.0,171234.0,0.720985617954284,831.0,176.0,0.0,176.0,285.0,0.0,285.0,70.0,202.0,106.0,14.0,78.0,7.0,37.0,1.0,8.0,1.0,82.0,146.0,224.0,38.0,0.0,0.0,0.0,0.0,0.0,0.0,0.0,0.0,0.0,0.0,0.0,0.0,0.0,0.0,0.0,0.0,0.0,0.0,0.0,0.0,0.0,0.0,0.0,0.0,0.0,0.0,0.0,0.0,0.0,0.0,0.0,0.0,0.0,0.0,0.0,0.0,0.0,0.0,4.0,2.0,4.0,2.0,26.0,15.0,6.0,0.0,21.0,41.0,35.0,19.0,0.0,0.0,0.0,0.0,0.0,0.0,0.0,0.0,0.0,0.0,0.0,0.0,0.0,0.0,0.0,0.0,0.0,0.0,6.0,3.0,4.0,4.0,28.0,20.0,7.0,0.0,24.0,57.0,46.0,21.0
17,1.0,17.0,London_423,newnew,151,453,1092.0,70.0,2.0,131823.0,0.36900931398849934,744.0,58.0,0.0,58.0,98.0,0.0,98.0,285.0,178.0,106.0,22.0,78.0,10.0,52.0,2.0,5.0,9.0,81.0,149.0,214.0,35.0,0.0,0.0,0.0,0.0,0.0,0.0,0.0,0.0,0.0,0.0,0.0,0.0,0.0,0.0,0.0,0.0,0.0,0.0,0.0,0.0,0.0,0.0,0.0,0.0,0.0,0.0,0.0,0.0,0.0,0.0,0.0,0.0,0.0,0.0,0.0,0.0,0.0,0.0,1.0,3.0,0.0,0.0,0.0,4.0,2.0,2.0,4.0,16.0,12.0,12.0,0.0,0.0,0.0,0.0,0.0,0.0,0.0,0.0,0.0,0.0,0.0,0.0,0.0,0.0,0.0,0.0,0.0,0.0,1.0,4.0,0.0,0.0,0.0,6.0,2.0,4.0,5.0,25.0,13.0,15.0
18,1.0,18.0,London_423,newnew,151,453,1092.0,70.0,2.0,129558.0,0.49311316502280533,739.0,65.0,2.0,63.0,122.0,18.0,104.0,98.0,188.0,98.0,21.0,74.0,14.0,51.0,1.0,6.0,11.0,84.0,148.0,210.0,42.0,0.0,0.0,0.0,0.0,0.0,0.0,0.0,0.0,0.0,0.0,0.0,0.0,0.0,0.0,0.0,0.0,0.0,0.0,0.0,0.0,0.0,0.0,0.0,0.0,0.0,0.0,0.0,0.0,1.0,0.0,0.0,0.0,0.0,1.0,1.0,0.0,0.0,0.0,3.0,1.0,1.0,1.0,2.0,5.0,7.0,4.0,10.0,13.0,16.0,9.0,0.0,0.0,0.0,0.0,0.0,0.0,0.0,0.0,3.0,0.0,0.0,0.0,0.0,7.0,4.0,0.0,0.0,0.0,4.0,1.0,1.0,1.0,3.0,5.0,11.0,5.0,15.0,18.0,21.0,11.0
19,1.0,19.0,London_423,newnew,151,453,1092.0,70.0,2.0,139524.0,0.6072451209765859,761.0,93.0,0.0,93.0,164.0,0.0,164.0,122.0,198.0,86.0,22.0,71.0,5.0,58.0,3.0,10.0,7.0,91.0,131.0,224.0,46.0,0.0,0.0,0.0,0.0,0.0,0.0,0.0,0.0,0.0,0.0,0.0,0.0,0.0,0.0,0.0,0.0,0.0,0.0,0.0,0.0,0.0,0.0,0.0,0.0,0.0,0.0,0.0,0.0,0.0,0.0,0.0,0.0,0.0,0.0,0.0,0.0,0.0,0.0,4.0,0.0,1.0,5.0,2.0,12.0,1.0,16.0,8.0,21.0,19.0,8.0,0.0,0.0,0.0,0.0,0.0,0.0,0.0,0.0,0.0,0.0,0.0,0.0,0.0,0.0,0.0,0.0,0.0,0.0,5.0,0.0,1.0,9.0,3.0,22.0,1.0,22.0,9.0,28.0,27.0,9.0
20,1.0,20.0,London_423,newnew,151,453,1092.0,70.0,2.0,129105.0,0.5213048890000209,738.0,56.0,2.0,54.0,114.0,17.0,97.0,164.0,214.0,94.0,25.0,60.0,4.0,45.0,1.0,10.0,7.0,84.0,133.0,229.0,40.0,0.0,0.0,0.0,0.0,0.0,0.0,0.0,0.0,0.0,0.0,0.0,0.0,0.0,0.0,0.0,0.0,0.0,0.0,0.0,0.0,0.0,0.0,0.0,0.0,0.0,0.0,0.0,0.0,2.0,0.0,0.0,2.0,1.0,0.0,1.0,0.0,0.0,0.0,3.0,1.0,0.0,1.0,0.0,6.0,8.0,4.0,7.0,10.0,15.0,12.0,0.0,0.0,0.0,0.0,0.0,0.0,0.0,0.0,4.0,0.0,0.0,9.0,7.0,0.0,4.0,0.0,0.0,0.0,5.0,1.0,0.0,1.0,0.0,9.0,12.0,8.0,10.0,15.0,21.0,16.0
21,1.0,21.0,London_423,newnew,151,453,1092.0,70.0,2.0,140883.0,0.6583043729769997,764.0,105.0,2.0,103.0,204.0,16.0,188.0,114.0,227.0,89.0,26.0,71.0,1.0,31.0,0.0,8.0,9.0,80.0,123.0,241.0,38.0,0.0,0.0,0.0,0.0,0.0,0.0,0.0,0.0,0.0,0.0,0.0,0.0,0.0,0.0,0.0,0.0,0.0,0.0,0.0,0.0,0.0,0.0,0.0,0.0,0.0,0.0,0.0,0.0,1.0,0.0,0.0,0.0,2.0,0.0,1.0,0.0,0.0,0.0,3.0,0.0,0.0,0.0,8.0,27.0,5.0,10.0,11.0,24.0,21.0,14.0,0.0,0.0,0.0,0.0,0.0,0.0,0.0,0.0,5.0,0.0,0.0,0.0,12.0,0.0,1.0,0.0,0.0,0.0,3.0,0.0,0.0,0.0,9.0,35.0,6.0,15.0,13.0,39.0,29.0,22.0
22,1.0,22.0,London_423,newnew,151,453,1092.0,70.0,2.0,138618.0,0.510376518999692,759.0,47.0,1.0,46.0,79.0,9.0,70.0,204.0,227.0,119.0,19.0,59.0,3.0,22.0,0.0,4.0,5.0,70.0,158.0,220.0,30.0,0.0,0.0,0.0,0.0,0.0,0.0,0.0,0.0,0.0,0.0,0.0,0.0,0.0,0.0,0.0,0.0,0.0,0.0,0.0,0.0,0.0,0.0,0.0,0.0,0.0,0.0,0.0,0.0,1.0,0.0,0.0,1.0,0.0,1.0,0.0,0.0,0.0,0.0,4.0,0.0,0.0,2.0,1.0,3.0,10.0,2.0,4.0,7.0,7.0,10.0,0.0,0.0,0.0,0.0,0.0,0.0,0.0,0.0,3.0,0.0,0.0,2.0,0.0,6.0,0.0,0.0,0.0,0.0,6.0,0.0,0.0,2.0,1.0,3.0,15.0,2.0,6.0,8.0,9.0,10.0
23,1.0,23.0,London_423,newnew,151,453,1092.0,70.0,2.0,162627.0,0.5938765539904125,812.0,69.0,2.0,67.0,129.0,18.0,111.0,79.0,232.0,119.0,15.0,61.0,3.0,18.0,0.0,5.0,5.0,83.0,145.0,220.0,39.0,0.0,0.0,0.0,0.0,0.0,0.0,0.0,0.0,0.0,0.0,0.0,0.0,0.0,0.0,0.0,0.0,0.0,0.0,0.0,0.0,0.0,0.0,0.0,0.0,0.0,0.0,0.0,0.0,2.0,0.0,0.0,1.0,0.0,0.0,1.0,0.0,0.0,0.0,7.0,2.0,0.0,0.0,2.0,8.0,6.0,4.0,5.0,9.0,14.0,14.0,0.0,0.0,0.0,0.0,0.0,0.0,0.0,0.0,7.0,0.0,0.0,3.0,0.0,0.0,7.0,0.0,0.0,0.0,11.0,2.0,0.0,0.0,2.0,10.0,11.0,5.0,7.0,12.0,17.0,17.0
24,1.0,24.0,London_423,newnew,151,453,1092.0,70.0,2.0,175311.0,0.7197357219993137,840.0,83.0,0.0,83.0,146.0,0.0,146.0,129.0,241.0,104.0,17.0,68.0,6.0,11.0,0.0,6.0,6.0,75.0,148.0,224.0,45.0,0.0,0.0,0.0,0.0,0.0,0.0,0.0,0.0,0.0,0.0,0.0,0.0,0.0,0.0,0.0,0.0,0.0,0.0,0.0,0.0,0.0,0.0,0.0,0.0,0.0,0.0,0.0,0.0,0.0,0.0,0.0,0.0,0.0,0.0,0.0,0.0,0.0,0.0,5.0,5.0,0.0,3.0,5.0,5.0,3.0,6.0,3.0,16.0,17.0,23.0,0.0,0.0,0.0,0.0,0.0,0.0,0.0,0.0,0.0,0.0,0.0,0.0,0.0,0.0,0.0,0.0,0.0,0.0,7.0,7.0,0.0,7.0,5.0,7.0,4.0,6.0,4.0,25.0,27.0,29.0
25,1.0,25.0,London_423,newnew,151,453,1092.0,70.0,2.0,178935.0,0.8146125440252945,848.0,73.0,0.0,73.0,130.0,0.0,130.0,146.0,246.0,120.0,11.0,57.0,5.0,4.0,1.0,9.0,9.0,78.0,147.0,219.0,44.0,0.0,0.0,0.0,0.0,0.0,0.0,0.0,0.0,0.0,0.0,0.0,0.0,0.0,0.0,0.0,0.0,0.0,0.0,0.0,0.0,0.0,0.0,0.0,0.0,0.0,0.0,0.0,0.0,0.0,0.0,0.0,0.0,0.0,0.0,0.0,0.0,0.0,0.0,3.0,1.0,1.0,1.0,6.0,11.0,8.0,5.0,7.0,11.0,19.0,17.0,0.0,0.0,0.0,0.0,0.0,0.0,0.0,0.0,0.0,0.0,0.0,0.0,0.0,0.0,0.0,0.0,0.0,0.0,3.0,2.0,1.0,1.0,6.0,15.0,12.0,6.0,10.0,16.0,32.0,26.0
26,1.0,26.0,London_423,newnew,151,453,1092.0,70.0,2.0,189354.0,0.7819973880541511,871.0,70.0,0.0,70.0,128.0,0.0,128.0,130.0,251.0,131.0,7.0,38.0,5.0,12.0,1.0,8.0,6.0,72.0,159.0,216.0,48.0,0.0,0.0,0.0,0.0,0.0,0.0,0.0,0.0,0.0,0.0,0.0,0.0,0.0,0.0,0.0,0.0,0.0,0.0,0.0,0.0,0.0,0.0,0.0,0.0,0.0,0.0,0.0,0.0,0.0,0.0,0.0,0.0,0.0,0.0,0.0,0.0,0.0,0.0,2.0,13.0,9.0,1.0,2.0,3.0,2.0,5.0,3.0,12.0,15.0,7.0,0.0,0.0,0.0,0.0,0.0,0.0,0.0,0.0,0.0,0.0,0.0,0.0,0.0,0.0,0.0,0.0,0.0,0.0,3.0,23.0,9.0,1.0,2.0,4.0,3.0,7.0,4.0,20.0,20.0,9.0
27,1.0,27.0,London_423,newnew,151,453,1092.0,70.0,2.0,196149.0,0.9731716370442882,886.0,128.0,2.0,126.0,245.0,18.0,227.0,128.0,255.0,121.0,16.0,39.0,3.0,9.0,1.0,9.0,5.0,67.0,151.0,230.0,40.0,0.0,0.0,0.0,0.0,0.0,0.0,0.0,0.0,0.0,0.0,0.0,0.0,0.0,0.0,0.0,0.0,0.0,0.0,0.0,0.0,0.0,0.0,0.0,0.0,0.0,0.0,0.0,0.0,0.0,0.0,0.0,0.0,0.0,0.0,0.0,0.0,0.0,0.0,3.0,16.0,1.0,1.0,0.0,14.0,6.0,7.0,17.0,22.0,29.0,18.0,0.0,0.0,0.0,0.0,0.0,0.0,0.0,0.0,0.0,0.0,0.0,0.0,0.0,0.0,0.0,0.0,0.0,0.0,3.0,23.0,1.0,2.0,0.0,19.0,8.0,8.0,27.0,35.0,42.0,24.0
28,1.0,28.0,London_423,newnew,151,453,1092.0,70.0,2.0,174405.0,0.7545442419941537,838.0,141.0,0.0,141.0,237.0,0.0,237.0,245.0,237.0,97.0,15.0,59.0,5.0,28.0,2.0,10.0,4.0,64.0,146.0,239.0,30.0,0.0,0.0,0.0,0.0,0.0,0.0,0.0,0.0,0.0,0.0,0.0,0.0,0.0,0.0,0.0,0.0,0.0,0.0,0.0,0.0,0.0,0.0,0.0,0.0,0.0,0.0,0.0,0.0,0.0,0.0,0.0,0.0,0.0,0.0,0.0,0.0,0.0,0.0,3.0,12.0,1.0,6.0,0.0,8.0,11.0,12.0,13.0,24.0,36.0,18.0,0.0,0.0,0.0,0.0,0.0,0.0,0.0,0.0,0.0,0.0,0.0,0.0,0.0,0.0,0.0,0.0,0.0,0.0,3.0,16.0,1.0,8.0,0.0,9.0,14.0,13.0,16.0,36.0,52.0,18.0
29,1.0,29.0,London_423,newnew,151,453,1092.0,70.0,2.0,147678.0,0.6206229489762336,779.0,89.0,2.0,87.0,164.0,17.0,147.0,237.0,238.0,92.0,15.0,65.0,6.0,25.0,5.0,7.0,9.0,71.0,155.0,218.0,32.0,0.0,0.0,0.0,0.0,0.0,0.0,0.0,0.0,0.0,0.0,0.0,0.0,0.0,0.0,0.0,0.0,0.0,0.0,0.0,0.0,0.0,0.0,0.0,0.0,0.0,0.0,0.0,0.0,1.0,1.0,0.0,2.0,1.0,0.0,0.0,0.0,0.0,0.0,1.0,3.0,1.0,2.0,0.0,8.0,9.0,2.0,14.0,11.0,17.0,12.0,0.0,0.0,0.0,0.0,0.0,0.0,0.0,0.0,6.0,2.0,0.0,6.0,7.0,0.0,0.0,0.0,0.0,0.0,1.0,4.0,1.0,2.0,0.0,10.0,11.0,3.0,21.0,18.0,24.0,12.0
30,1.0,30.0,London_423,newnew,151,453,1092.0,70.0,2.0,144054.0,0.6723126890137792,771.0,106.0,1.0,105.0,182.0,7.0,175.0,164.0,253.0,81.0,17.0,61.0,8.0,20.0,6.0,7.0,8.0,74.0,152.0,219.0,35.0,0.0,0.0,0.0,0.0,0.0,0.0,0.0,0.0,0.0,0.0,0.0,0.0,0.0,0.0,0.0,0.0,0.0,0.0,0.0,0.0,0.0,0.0,0.0,0.0,0.0,0.0,0.0,0.0,0.0,1.0,0.0,0.0,0.0,0.0,1.0,0.0,0.0,0.0,2.0,8.0,2.0,1.0,1.0,11.0,3.0,5.0,18.0,20.0,20.0,13.0,0.0,0.0,0.0,0.0,0.0,0.0,0.0,0.0,0.0,4.0,0.0,0.0,0.0,0.0,2.0,0.0,0.0,0.0,2.0,9.0,2.0,1.0,2.0,14.0,4.0,7.0,25.0,29.0,34.0,17.0
31,1.0,31.0,London_423,newnew,151,453,1092.0,70.0,2.0,133635.0,0.49571848899358884,748.0,74.0,0.0,74.0,133.0,0.0,133.0,182.0,254.0,88.0,18.0,53.0,4.0,17.0,10.0,9.0,8.0,68.0,142.0,235.0,33.0,0.0,0.0,0.0,0.0,0.0,0.0,0.0,0.0,0.0,0.0,0.0,0.0,0.0,0.0,0.0,0.0,0.0,0.0,0.0,0.0,0.0,0.0,0.0,0.0,0.0,0.0,0.0,0.0,0.0,0.0,0.0,0.0,0.0,0.0,0.0,0.0,0.0,0.0,2.0,6.0,0.0,1.0,0.0,18.0,6.0,1.0,9.0,21.0,15.0,18.0,0.0,0.0,0.0,0.0,0.0,0.0,0.0,0.0,0.0,0.0,0.0,0.0,0.0,0.0,0.0,0.0,0.0,0.0,2.0,10.0,0.0,2.0,0.0,23.0,8.0,1.0,15.0,30.0,25.0,23.0
32,1.0,32.0,London_423,newnew,151,453,1092.0,70.0,2.0,131823.0,0.46440887899370864,744.0,22.0,0.0,22.0,33.0,0.0,33.0,133.0,261.0,107.0,17.0,26.0,6.0,14.0,9.0,13.0,8.0,72.0,145.0,228.0,24.0,0.0,0.0,0.0,0.0,0.0,0.0,0.0,0.0,0.0,0.0,0.0,0.0,0.0,0.0,0.0,0.0,0.0,0.0,0.0,0.0,0.0,0.0,0.0,0.0,0.0,0.0,0.0,0.0,0.0,0.0,0.0,0.0,0.0,0.0,0.0,0.0,0.0,0.0,1.0,1.0,0.0,0.0,0.0,2.0,2.0,2.0,4.0,7.0,1.0,5.0,0.0,0.0,0.0,0.0,0.0,0.0,0.0,0.0,0.0,0.0,0.0,0.0,0.0,0.0,0.0,0.0,0.0,0.0,1.0,1.0,0.0,0.0,0.0,2.0,2.0,2.0,7.0,9.0,2.0,7.0
33,1.0,33.0,London_423,newnew,151,453,1092.0,70.0,2.0,158550.0,0.6566149720456451,803.0,29.0,2.0,27.0,62.0,18.0,44.0,33.0,267.0,103.0,15.0,23.0,7.0,17.0,9.0,12.0,9.0,72.0,148.0,224.0,23.0,0.0,0.0,0.0,0.0,0.0,0.0,0.0,0.0,0.0,0.0,0.0,0.0,0.0,0.0,0.0,0.0,0.0,0.0,0.0,0.0,0.0,0.0,0.0,0.0,0.0,0.0,0.0,0.0,1.0,0.0,0.0,1.0,0.0,0.0,0.0,0.0,0.0,0.0,1.0,2.0,0.0,0.0,0.0,7.0,2.0,0.0,4.0,3.0,7.0,7.0,0.0,0.0,0.0,0.0,0.0,0.0,0.0,0.0,2.0,0.0,0.0,4.0,0.0,0.0,0.0,0.0,0.0,0.0,2.0,2.0,0.0,0.0,0.0,9.0,4.0,0.0,5.0,4.0,10.0,7.0
34,1.0,34.0,London_423,newnew,151,453,1092.0,70.0,2.0,191619.0,0.9866680319537409,876.0,130.0,2.0,128.0,246.0,16.0,230.0,62.0,276.0,110.0,14.0,16.0,5.0,21.0,4.0,7.0,4.0,72.0,144.0,233.0,22.0,0.0,0.0,0.0,0.0,0.0,0.0,0.0,0.0,0.0,0.0,0.0,0.0,0.0,0.0,0.0,0.0,0.0,0.0,0.0,0.0,0.0,0.0,0.0,0.0,0.0,0.0,0.0,0.0,0.0,0.0,0.0,0.0,1.0,0.0,2.0,0.0,0.0,0.0,0.0,0.0,4.0,2.0,1.0,7.0,4.0,1.0,15.0,20.0,39.0,15.0,0.0,0.0,0.0,0.0,0.0,0.0,0.0,0.0,0.0,0.0,0.0,0.0,4.0,0.0,4.0,0.0,0.0,0.0,0.0,0.0,6.0,2.0,1.0,10.0,6.0,1.0,20.0,26.0,59.0,20.0
35,1.0,35.0,London_423,newnew,151,453,1092.0,70.0,2.0,167157.0,0.7248703549848869,822.0,107.0,2.0,105.0,195.0,18.0,177.0,246.0,239.0,88.0,24.0,70.0,9.0,15.0,2.0,6.0,8.0,75.0,140.0,230.0,25.0,0.0,0.0,0.0,0.0,0.0,0.0,0.0,0.0,0.0,0.0,0.0,0.0,0.0,0.0,0.0,0.0,0.0,0.0,0.0,0.0,0.0,0.0,0.0,0.0,0.0,0.0,0.0,0.0,1.0,0.0,0.0,0.0,0.0,1.0,0.0,0.0,0.0,0.0,4.0,10.0,16.0,2.0,1.0,9.0,16.0,6.0,7.0,15.0,23.0,25.0,0.0,0.0,0.0,0.0,0.0,0.0,0.0,0.0,2.0,0.0,0.0,0.0,0.0,7.0,0.0,0.0,0.0,0.0,5.0,15.0,18.0,3.0,1.0,10.0,22.0,7.0,9.0,26.0,32.0,30.0
36,1.0,36.0,London_423,newnew,151,453,1092.0,70.0,2.0,162627.0,0.723213471006602,812.0,108.0,1.0,107.0,191.0,9.0,182.0,195.0,251.0,85.0,31.0,59.0,6.0,17.0,0.0,4.0,7.0,77.0,146.0,223.0,21.0,0.0,0.0,0.0,0.0,0.0,0.0,0.0,0.0,0.0,0.0,0.0,0.0,0.0,0.0,0.0,0.0,0.0,0.0,0.0,0.0,0.0,0.0,0.0,0.0,0.0,0.0,0.0,0.0,0.0,0.0,0.0,0.0,0.0,1.0,0.0,0.0,0.0,0.0,0.0,4.0,0.0,2.0,8.0,3.0,7.0,6.0,12.0,21.0,30.0,17.0,0.0,0.0,0.0,0.0,0.0,0.0,0.0,0.0,0.0,0.0,0.0,0.0,0.0,8.0,0.0,0.0,0.0,0.0,0.0,10.0,0.0,3.0,8.0,4.0,8.0,8.0,14.0,29.0,52.0,19.0
37,1.0,37.0,London_423,newnew,151,453,1092.0,70.0,2.0,155379.0,0.6276930369785987,796.0,124.0,1.0,123.0,224.0,10.0,214.0,191.0,259.0,83.0,17.0,59.0,12.0,17.0,3.0,3.0,8.0,73.0,143.0,229.0,27.0,0.0,0.0,0.0,0.0,0.0,0.0,0.0,0.0,0.0,0.0,0.0,0.0,0.0,0.0,0.0,0.0,0.0,0.0,0.0,0.0,0.0,0.0,0.0,0.0,0.0,0.0,0.0,0.0,0.0,0.0,0.0,0.0,1.0,0.0,0.0,0.0,0.0,0.0,0.0,4.0,0.0,1.0,4.0,7.0,11.0,3.0,14.0,20.0,22.0,24.0,0.0,0.0,0.0,0.0,0.0,0.0,0.0,0.0,0.0,0.0,0.0,0.0,7.0,0.0,0.0,0.0,0.0,0.0,0.0,5.0,0.0,1.0,4.0,8.0,17.0,6.0,18.0,31.0,31.0,28.0
38,1.0,38.0,London_423,newnew,151,453,1092.0,70.0,2.0,141789.0,0.42380523902829736,766.0,43.0,2.0,41.0,77.0,15.0,62.0,224.0,235.0,84.0,15.0,63.0,21.0,30.0,2.0,3.0,4.0,77.0,145.0,227.0,26.0,0.0,0.0,0.0,0.0,0.0,0.0,0.0,0.0,0.0,0.0,0.0,0.0,0.0,0.0,0.0,0.0,0.0,0.0,0.0,0.0,0.0,0.0,0.0,0.0,0.0,0.0,0.0,0.0,2.0,0.0,0.0,1.0,1.0,1.0,2.0,0.0,0.0,0.0,0.0,0.0,0.0,0.0,0.0,2.0,4.0,0.0,7.0,5.0,7.0,6.0,0.0,0.0,0.0,0.0,0.0,0.0,0.0,0.0,6.0,0.0,0.0,4.0,5.0,5.0,3.0,0.0,0.0,0.0,0.0,0.0,0.0,0.0,0.0,3.0,4.0,0.0,9.0,5.0,8.0,6.0
39,1.0,39.0,London_423,newnew,151,453,1092.0,70.0,2.0,173499.0,0.7550871660350822,836.0,100.0,0.0,100.0,172.0,0.0,172.0,77.0,234.0,97.0,14.0,62.0,13.0,31.0,0.0,2.0,5.0,82.0,138.0,228.0,26.0,0.0,0.0,0.0,0.0,0.0,0.0,0.0,0.0,0.0,0.0,0.0,0.0,0.0,0.0,0.0,0.0,0.0,0.0,0.0,0.0,0.0,0.0,0.0,0.0,0.0,0.0,0.0,0.0,0.0,0.0,0.0,0.0,0.0,0.0,0.0,0.0,0.0,0.0,5.0,1.0,1.0,1.0,0.0,11.0,6.0,8.0,27.0,15.0,33.0,14.0,0.0,0.0,0.0,0.0,0.0,0.0,0.0,0.0,0.0,0.0,0.0,0.0,0.0,0.0,0.0,0.0,0.0,0.0,9.0,1.0,1.0,1.0,0.0,14.0,8.0,10.0,36.0,20.0,48.0,19.0
40,1.0,40.0,London_423,newnew,151,453,1092.0,70.0,2.0,172140.0,0.620489478984382,833.0,52.0,0.0,52.0,95.0,0.0,95.0,172.0,242.0,108.0,7.0,50.0,11.0,32.0,2.0,1.0,4.0,84.0,148.0,217.0,36.0,0.0,0.0,0.0,0.0,0.0,0.0,0.0,0.0,0.0,0.0,0.0,0.0,0.0,0.0,0.0,0.0,0.0,0.0,0.0,0.0,0.0,0.0,0.0,0.0,0.0,0.0,0.0,0.0,0.0,0.0,0.0,0.0,0.0,0.0,0.0,0.0,0.0,0.0,1.0,2.0,0.0,0.0,0.0,4.0,7.0,2.0,10.0,13.0,14.0,9.0,0.0,0.0,0.0,0.0,0.0,0.0,0.0,0.0,0.0,0.0,0.0,0.0,0.0,0.0,0.0,0.0,0.0,0.0,1.0,2.0,0.0,0.0,0.0,4.0,9.0,3.0,14.0,20.0,20.0,12.0
41,1.0,41.0,London_423,newnew,151,453,1092.0,70.0,2.0,187089.0,0.6340656030224636,866.0,57.0,1.0,56.0,105.0,8.0,97.0,95.0,248.0,108.0,9.0,45.0,11.0,29.0,2.0,1.0,5.0,80.0,154.0,214.0,38.0,0.0,0.0,0.0,0.0,0.0,0.0,0.0,0.0,0.0,0.0,0.0,0.0,0.0,0.0,0.0,0.0,0.0,0.0,0.0,0.0,0.0,0.0,0.0,0.0,0.0,0.0,0.0,0.0,0.0,0.0,0.0,0.0,0.0,0.0,0.0,0.0,0.0,0.0,1.0,1.0,0.0,0.0,0.0,1.0,7.0,1.0,3.0,9.0,15.0,12.0,0.0,0.0,0.0,0.0,0.0,0.0,0.0,0.0,0.0,0.0,0.0,0.0,0.0,0.0,0.0,0.0,0.0,0.0,1.0,2.0,0.0,0.0,0.0,2.0,10.0,1.0,3.0,13.0,21.0,12.0
42,1.0,42.0,London_423,newnew,151,453,1092.0,70.0,2.0,192072.0,0.9577641190262511,877.0,129.0,2.0,127.0,231.0,19.0,212.0,105.0,252.0,110.0,8.0,40.0,14.0,29.0,0.0,0.0,5.0,85.0,138.0,225.0,33.0,0.0,0.0,0.0,0.0,0.0,0.0,0.0,0.0,0.0,0.0,0.0,0.0,0.0,0.0,0.0,0.0,0.0,0.0,0.0,0.0,0.0,0.0,0.0,0.0,0.0,0.0,0.0,0.0,1.0,0.0,0.0,0.0,1.0,0.0,0.0,0.0,0.0,0.0,2.0,0.0,1.0,0.0,5.0,9.0,5.0,0.0,14.0,30.0,26.0,25.0,0.0,0.0,0.0,0.0,0.0,0.0,0.0,0.0,5.0,0.0,0.0,0.0,10.0,0.0,0.0,0.0,0.0,0.0,2.0,0.0,1.0,0.0,5.0,10.0,6.0,0.0,17.0,43.0,35.0,35.0
43,1.0,43.0,London_423,newnew,151,453,1092.0,70.0,2.0,168063.0,0.8597584639792331,824.0,138.0,0.0,138.0,239.0,0.0,239.0,231.0,247.0,91.0,15.0,62.0,8.0,25.0,2.0,3.0,9.0,82.0,132.0,230.0,32.0,0.0,0.0,0.0,0.0,0.0,0.0,0.0,0.0,0.0,0.0,0.0,0.0,0.0,0.0,0.0,0.0,0.0,0.0,0.0,0.0,0.0,0.0,0.0,0.0,0.0,0.0,0.0,0.0,0.0,0.0,0.0,0.0,0.0,0.0,0.0,0.0,0.0,0.0,3.0,3.0,1.0,2.0,7.0,1.0,9.0,1.0,16.0,20.0,32.0,25.0,0.0,0.0,0.0,0.0,0.0,0.0,0.0,0.0,0.0,0.0,0.0,0.0,0.0,0.0,0.0,0.0,0.0,0.0,3.0,4.0,1.0,3.0,7.0,1.0,10.0,2.0,21.0,31.0,46.0,33.0
44,1.0,44.0,London_423,newnew,151,453,1092.0,70.0,2.0,138618.0,0.620971514028497,759.0,142.0,0.0,142.0,264.0,0.0,264.0,239.0,251.0,83.0,15.0,74.0,6.0,17.0,2.0,5.0,7.0,73.0,154.0,219.0,33.0,0.0,0.0,0.0,0.0,0.0,0.0,0.0,0.0,0.0,0.0,0.0,0.0,0.0,0.0,0.0,0.0,0.0,0.0,0.0,0.0,0.0,0.0,0.0,0.0,0.0,0.0,0.0,0.0,0.0,0.0,0.0,0.0,0.0,0.0,0.0,0.0,0.0,0.0,5.0,22.0,0.0,6.0,0.0,7.0,10.0,5.0,15.0,32.0,28.0,33.0,0.0,0.0,0.0,0.0,0.0,0.0,0.0,0.0,0.0,0.0,0.0,0.0,0.0,0.0,0.0,0.0,0.0,0.0,7.0,38.0,0.0,9.0,0.0,11.0,16.0,5.0,19.0,53.0,44.0,45.0
45,1.0,45.0,London_423,newnew,151,453,1092.0,70.0,2.0,110079.0,0.3891876779962331,696.0,78.0,2.0,76.0,143.0,17.0,126.0,264.0,221.0,97.0,17.0,67.0,10.0,32.0,1.0,8.0,10.0,68.0,147.0,228.0,36.0,0.0,0.0,0.0,0.0,0.0,0.0,0.0,0.0,0.0,0.0,0.0,0.0,0.0,0.0,0.0,0.0,0.0,0.0,0.0,0.0,0.0,0.0,0.0,0.0,0.0,0.0,0.0,0.0,1.0,0.0,0.0,1.0,0.0,1.0,1.0,0.0,0.0,0.0,1.0,6.0,1.0,0.0,0.0,5.0,6.0,5.0,11.0,17.0,14.0,16.0,0.0,0.0,0.0,0.0,0.0,0.0,0.0,0.0,4.0,0.0,0.0,3.0,0.0,7.0,3.0,0.0,0.0,0.0,1.0,7.0,1.0,0.0,0.0,5.0,7.0,8.0,18.0,31.0,15.0,24.0
46,1.0,46.0,London_423,newnew,151,453,1092.0,70.0,2.0,104643.0,0.451220276998356,684.0,52.0,0.0,52.0,97.0,0.0,97.0,143.0,225.0,103.0,16.0,65.0,8.0,27.0,2.0,7.0,9.0,76.0,151.0,217.0,43.0,0.0,0.0,0.0,0.0,0.0,0.0,0.0,0.0,0.0,0.0,0.0,0.0,0.0,0.0,0.0,0.0,0.0,0.0,0.0,0.0,0.0,0.0,0.0,0.0,0.0,0.0,0.0,0.0,0.0,0.0,0.0,0.0,0.0,0.0,0.0,0.0,0.0,0.0,4.0,3.0,0.0,0.0,0.0,6.0,8.0,2.0,12.0,10.0,12.0,7.0,0.0,0.0,0.0,0.0,0.0,0.0,0.0,0.0,0.0,0.0,0.0,0.0,0.0,0.0,0.0,0.0,0.0,0.0,6.0,6.0,0.0,0.0,0.0,9.0,13.0,3.0,20.0,14.0,18.0,10.0
47,1.0,47.0,London_423,newnew,151,453,1092.0,70.0,2.0,105549.0,0.41241878597065806,686.0,1.0,1.0,0.0,7.0,7.0,0.0,97.0,234.0,98.0,24.0,58.0,10.0,26.0,1.0,2.0,8.0,74.0,159.0,212.0,51.0,0.0,0.0,0.0,0.0,0.0,0.0,0.0,0.0,0.0,0.0,0.0,0.0,0.0,0.0,0.0,0.0,0.0,0.0,0.0,0.0,0.0,0.0,0.0,0.0,0.0,0.0,0.0,0.0,0.0,0.0,0.0,1.0,0.0,1.0,0.0,0.0,0.0,0.0,0.0,0.0,0.0,0.0,0.0,0.0,0.0,0.0,0.0,0.0,0.0,0.0,0.0,0.0,0.0,0.0,0.0,0.0,0.0,0.0,0.0,0.0,0.0,6.0,0.0,6.0,0.0,0.0,0.0,0.0,0.0,0.0,0.0,0.0,0.0,0.0,0.0,0.0,0.0,0.0,0.0,0.0
48,1.0,48.0,London_423,newnew,151,453,1092.0,70.0,2.0,141789.0,0.46889955998631194,766.0,37.0,2.0,35.0,79.0,18.0,61.0,7.0,235.0,98.0,24.0,60.0,8.0,24.0,1.0,3.0,6.0,74.0,157.0,216.0,48.0,0.0,0.0,0.0,0.0,0.0,0.0,0.0,0.0,0.0,0.0,0.0,0.0,0.0,0.0,0.0,0.0,0.0,0.0,0.0,0.0,0.0,0.0,0.0,0.0,0.0,0.0,0.0,0.0,1.0,0.0,0.0,1.0,1.0,1.0,1.0,0.0,0.0,0.0,2.0,0.0,0.0,0.0,1.0,5.0,1.0,5.0,2.0,8.0,9.0,5.0,0.0,0.0,0.0,0.0,0.0,0.0,0.0,0.0,6.0,0.0,0.0,5.0,8.0,7.0,1.0,0.0,0.0,0.0,3.0,0.0,0.0,0.0,1.0,5.0,2.0,6.0,2.0,14.0,14.0,7.0
49,1.0,49.0,London_423,newnew,151,453,1092.0,70.0,2.0,158550.0,0.6235267299925908,803.0,85.0,0.0,85.0,157.0,0.0,157.0,79.0,247.0,103.0,16.0,67.0,6.0,14.0,0.0,0.0,5.0,78.0,159.0,211.0,46.0,0.0,0.0,0.0,0.0,0.0,0.0,0.0,0.0,0.0,0.0,0.0,0.0,0.0,0.0,0.0,0.0,0.0,0.0,0.0,0.0,0.0,0.0,0.0,0.0,0.0,0.0,0.0,0.0,0.0,0.0,0.0,0.0,0.0,0.0,0.0,0.0,0.0,0.0,4.0,5.0,2.0,0.0,2.0,8.0,7.0,5.0,9.0,21.0,17.0,19.0,0.0,0.0,0.0,0.0,0.0,0.0,0.0,0.0,0.0,0.0,0.0,0.0,0.0,0.0,0.0,0.0,0.0,0.0,5.0,5.0,2.0,0.0,2.0,10.0,11.0,5.0,14.0,40.0,27.0,26.0
50,1.0,50.0,London_423,newnew,151,453,1092.0,70.0,2.0,161721.0,0.774141558969859,810.0,133.0,2.0,131.0,240.0,18.0,222.0,157.0,253.0,105.0,15.0,57.0,5.0,16.0,1.0,1.0,9.0,81.0,144.0,219.0,47.0,0.0,0.0,0.0,0.0,0.0,0.0,0.0,0.0,0.0,0.0,0.0,0.0,0.0,0.0,0.0,0.0,0.0,0.0,0.0,0.0,0.0,0.0,0.0,0.0,0.0,0.0,0.0,0.0,0.0,0.0,0.0,0.0,0.0,0.0,0.0,0.0,0.0,0.0,3.0,12.0,2.0,2.0,1.0,14.0,4.0,5.0,10.0,32.0,26.0,23.0,0.0,0.0,0.0,0.0,0.0,0.0,0.0,0.0,0.0,0.0,0.0,0.0,0.0,0.0,0.0,0.0,0.0,0.0,3.0,20.0,2.0,3.0,1.0,22.0,5.0,8.0,12.0,46.0,47.0,31.0
51,1.0,51.0,London_423,newnew,151,453,1092.0,70.0,2.0,130011.0,0.5818890740047209,740.0,127.0,1.0,126.0,222.0,8.0,214.0,240.0,233.0,95.0,23.0,73.0,3.0,25.0,0.0,1.0,9.0,83.0,150.0,211.0,35.0,0.0,0.0,0.0,0.0,0.0,0.0,0.0,0.0,0.0,0.0,0.0,0.0,0.0,0.0,0.0,0.0,0.0,0.0,0.0,0.0,0.0,0.0,0.0,0.0,0.0,0.0,0.0,0.0,0.0,0.0,0.0,0.0,0.0,1.0,0.0,0.0,0.0,0.0,1.0,4.0,2.0,0.0,6.0,5.0,6.0,10.0,16.0,21.0,29.0,21.0,0.0,0.0,0.0,0.0,0.0,0.0,0.0,0.0,0.0,0.0,0.0,0.0,0.0,6.0,0.0,0.0,0.0,0.0,1.0,5.0,2.0,0.0,6.0,6.0,10.0,12.0,19.0,39.0,39.0,29.0
52,1.0,52.0,London_423,newnew,151,453,1092.0,70.0,2.0,98301.0,0.3807037880178541,670.0,2.0,2.0,0.0,17.0,17.0,0.0,222.0,238.0,111.0,12.0,69.0,3.0,17.0,1.0,2.0,5.0,82.0,133.0,233.0,29.0,0.0,0.0,0.0,0.0,0.0,0.0,0.0,0.0,0.0,0.0,0.0,0.0,0.0,0.0,0.0,0.0,0.0,0.0,0.0,0.0,0.0,0.0,0.0,0.0,0.0,0.0,0.0,0.0,1.0,0.0,0.0,1.0,0.0,0.0,1.0,0.0,0.0,0.0,0.0,0.0,0.0,0.0,0.0,0.0,0.0,0.0,0.0,0.0,0.0,0.0,0.0,0.0,0.0,0.0,0.0,0.0,0.0,0.0,2.0,0.0,0.0,6.0,0.0,0.0,4.0,0.0,0.0,0.0,0.0,0.0,0.0,0.0,0.0,0.0,0.0,0.0,0.0,0.0,0.0,0.0
53,1.0,53.0,London_423,newnew,151,453,1092.0,70.0,2.0,134994.0,0.5956408630008809,751.0,2.0,2.0,0.0,16.0,16.0,0.0,17.0,233.0,118.0,10.0,70.0,2.0,18.0,0.0,2.0,4.0,87.0,125.0,237.0,24.0,0.0,0.0,0.0,0.0,0.0,0.0,0.0,0.0,0.0,0.0,0.0,0.0,0.0,0.0,0.0,0.0,0.0,0.0,0.0,0.0,0.0,0.0,0.0,0.0,0.0,0.0,0.0,0.0,2.0,0.0,0.0,1.0,0.0,0.0,2.0,0.0,0.0,0.0,0.0,0.0,0.0,0.0,0.0,0.0,0.0,0.0,0.0,0.0,0.0,0.0,0.0,0.0,0.0,0.0,0.0,0.0,0.0,0.0,11.0,0.0,0.0,5.0,0.0,0.0,6.0,0.0,0.0,0.0,0.0,0.0,0.0,0.0,0.0,0.0,0.0,0.0,0.0,0.0,0.0,0.0
54,1.0,54.0,London_423,newnew,151,453,1092.0,70.0,2.0,175311.0,0.8047012029564939,840.0,151.0,0.0,151.0,252.0,0.0,252.0,16.0,233.0,125.0,11.0,74.0,0.0,8.0,0.0,2.0,4.0,89.0,125.0,235.0,24.0,0.0,0.0,0.0,0.0,0.0,0.0,0.0,0.0,0.0,0.0,0.0,0.0,0.0,0.0,0.0,0.0,0.0,0.0,0.0,0.0,0.0,0.0,0.0,0.0,0.0,0.0,0.0,0.0,0.0,0.0,0.0,0.0,0.0,0.0,0.0,0.0,0.0,0.0,4.0,1.0,1.0,2.0,13.0,18.0,8.0,5.0,6.0,32.0,28.0,26.0,0.0,0.0,0.0,0.0,0.0,0.0,0.0,0.0,0.0,0.0,0.0,0.0,0.0,0.0,0.0,0.0,0.0,0.0,4.0,1.0,1.0,2.0,13.0,23.0,10.0,5.0,8.0,50.0,43.0,32.0
55,1.0,55.0,London_423,newnew,151,453,1092.0,70.0,2.0,144960.0,0.6063015389954671,773.0,84.0,0.0,84.0,154.0,0.0,154.0,252.0,247.0,82.0,28.0,64.0,10.0,18.0,0.0,4.0,5.0,71.0,156.0,221.0,33.0,0.0,0.0,0.0,0.0,0.0,0.0,0.0,0.0,0.0,0.0,0.0,0.0,0.0,0.0,0.0,0.0,0.0,0.0,0.0,0.0,0.0,0.0,0.0,0.0,0.0,0.0,0.0,0.0,0.0,0.0,0.0,0.0,0.0,0.0,0.0,0.0,0.0,0.0,0.0,9.0,0.0,3.0,0.0,8.0,10.0,8.0,8.0,18.0,21.0,11.0,0.0,0.0,0.0,0.0,0.0,0.0,0.0,0.0,0.0,0.0,0.0,0.0,0.0,0.0,0.0,0.0,0.0,0.0,0.0,14.0,0.0,7.0,0.0,15.0,17.0,10.0,10.0,26.0,33.0,14.0
56,1.0,56.0,London_423,newnew,151,453,1092.0,70.0,2.0,142242.0,0.5597724309773184,767.0,74.0,2.0,72.0,147.0,14.0,133.0,154.0,262.0,54.0,36.0,60.0,19.0,17.0,1.0,4.0,7.0,69.0,156.0,221.0,21.0,0.0,0.0,0.0,0.0,0.0,0.0,0.0,0.0,0.0,0.0,0.0,0.0,0.0,0.0,0.0,0.0,0.0,0.0,0.0,0.0,0.0,0.0,0.0,0.0,0.0,0.0,0.0,0.0,0.0,0.0,0.0,1.0,0.0,0.0,1.0,0.0,0.0,0.0,3.0,5.0,2.0,1.0,0.0,9.0,6.0,5.0,8.0,16.0,16.0,13.0,0.0,0.0,0.0,0.0,0.0,0.0,0.0,0.0,0.0,0.0,0.0,3.0,0.0,0.0,3.0,0.0,0.0,0.0,4.0,10.0,3.0,1.0,0.0,11.0,13.0,7.0,15.0,21.0,25.0,16.0
57,1.0,57.0,London_423,newnew,151,453,1092.0,70.0,2.0,157191.0,0.5794059180188924,800.0,42.0,2.0,40.0,89.0,17.0,72.0,147.0,280.0,53.0,40.0,47.0,10.0,15.0,2.0,6.0,5.0,74.0,136.0,238.0,16.0,0.0,0.0,0.0,0.0,0.0,0.0,0.0,0.0,0.0,0.0,0.0,0.0,0.0,0.0,0.0,0.0,0.0,0.0,0.0,0.0,0.0,0.0,0.0,0.0,0.0,0.0,0.0,0.0,2.0,0.0,0.0,0.0,0.0,0.0,1.0,0.0,0.0,0.0,1.0,2.0,1.0,1.0,0.0,6.0,6.0,1.0,9.0,11.0,10.0,10.0,0.0,0.0,0.0,0.0,0.0,0.0,0.0,0.0,9.0,0.0,0.0,0.0,0.0,0.0,3.0,0.0,0.0,0.0,1.0,3.0,1.0,3.0,0.0,8.0,8.0,3.0,9.0,15.0,12.0,13.0
58,1.0,58.0,London_423,newnew,151,453,1092.0,70.0,2.0,185730.0,0.7352057480020449,863.0,111.0,0.0,111.0,176.0,0.0,176.0,89.0,282.0,55.0,41.0,53.0,5.0,11.0,0.0,6.0,6.0,79.0,141.0,227.0,22.0,0.0,0.0,0.0,0.0,0.0,0.0,0.0,0.0,0.0,0.0,0.0,0.0,0.0,0.0,0.0,0.0,0.0,0.0,0.0,0.0,0.0,0.0,0.0,0.0,0.0,0.0,0.0,0.0,0.0,0.0,0.0,0.0,0.0,0.0,0.0,0.0,0.0,0.0,0.0,3.0,4.0,0.0,8.0,9.0,8.0,6.0,11.0,26.0,27.0,13.0,0.0,0.0,0.0,0.0,0.0,0.0,0.0,0.0,0.0,0.0,0.0,0.0,0.0,0.0,0.0,0.0,0.0,0.0,0.0,3.0,5.0,0.0,8.0,11.0,9.0,8.0,14.0,36.0,36.0,16.0
59,1.0,59.0,London_423,newnew,151,453,1092.0,70.0,2.0,180747.0,0.751579114003107,852.0,116.0,0.0,116.0,191.0,0.0,191.0,176.0,280.0,64.0,34.0,51.0,5.0,10.0,2.0,7.0,4.0,77.0,132.0,240.0,23.0,0.0,0.0,0.0,0.0,0.0,0.0,0.0,0.0,0.0,0.0,0.0,0.0,0.0,0.0,0.0,0.0,0.0,0.0,0.0,0.0,0.0,0.0,0.0,0.0,0.0,0.0,0.0,0.0,0.0,0.0,0.0,0.0,0.0,0.0,0.0,0.0,0.0,0.0,6.0,18.0,7.0,2.0,4.0,6.0,7.0,6.0,5.0,22.0,24.0,28.0,0.0,0.0,0.0,0.0,0.0,0.0,0.0,0.0,0.0,0.0,0.0,0.0,0.0,0.0,0.0,0.0,0.0,0.0,6.0,28.0,7.0,3.0,4.0,6.0,8.0,6.0,6.0,31.0,38.0,37.0
60,1.0,60.0,London_423,newnew,151,453,1092.0,70.0,2.0,175764.0,0.6623468820471317,841.0,85.0,1.0,84.0,153.0,8.0,145.0,191.0,272.0,75.0,29.0,49.0,3.0,15.0,3.0,7.0,5.0,69.0,136.0,243.0,31.0,0.0,0.0,0.0,0.0,0.0,0.0,0.0,0.0,0.0,0.0,0.0,0.0,0.0,0.0,0.0,0.0,0.0,0.0,0.0,0.0,0.0,0.0,0.0,0.0,0.0,0.0,0.0,0.0,0.0,0.0,0.0,1.0,0.0,1.0,0.0,0.0,0.0,0.0,7.0,8.0,0.0,2.0,0.0,13.0,7.0,11.0,13.0,20.0,19.0,22.0,0.0,0.0,0.0,0.0,0.0,0.0,0.0,0.0,0.0,0.0,0.0,3.0,0.0,6.0,0.0,0.0,0.0,0.0,8.0,10.0,0.0,4.0,0.0,13.0,10.0,19.0,18.0,28.0,29.0,29.0
61,1.0,61.0,London_423,newnew,151,453,1092.0,70.0,2.0,168063.0,0.7301366060273722,824.0,95.0,0.0,95.0,162.0,0.0,162.0,153.0,276.0,85.0,24.0,40.0,5.0,15.0,3.0,5.0,4.0,78.0,134.0,237.0,27.0,0.0,0.0,0.0,0.0,0.0,0.0,0.0,0.0,0.0,0.0,0.0,0.0,0.0,0.0,0.0,0.0,0.0,0.0,0.0,0.0,0.0,0.0,0.0,0.0,0.0,0.0,0.0,0.0,0.0,0.0,0.0,0.0,0.0,0.0,0.0,0.0,0.0,0.0,1.0,7.0,0.0,1.0,0.0,10.0,3.0,17.0,4.0,16.0,25.0,14.0,0.0,0.0,0.0,0.0,0.0,0.0,0.0,0.0,0.0,0.0,0.0,0.0,0.0,0.0,0.0,0.0,0.0,0.0,1.0,11.0,0.0,3.0,0.0,10.0,3.0,24.0,4.0,26.0,32.0,18.0
62,1.0,62.0,London_423,newnew,151,453,1092.0,70.0,2.0,161721.0,0.6458935289992951,810.0,65.0,2.0,63.0,138.0,17.0,121.0,162.0,284.0,58.0,10.0,54.0,5.0,29.0,6.0,7.0,3.0,78.0,138.0,234.0,30.0,0.0,0.0,0.0,0.0,0.0,0.0,0.0,0.0,0.0,0.0,0.0,0.0,0.0,0.0,0.0,0.0,0.0,0.0,0.0,0.0,0.0,0.0,0.0,0.0,0.0,0.0,0.0,0.0,2.0,0.0,0.0,0.0,0.0,2.0,2.0,0.0,0.0,0.0,4.0,2.0,0.0,0.0,3.0,7.0,3.0,6.0,11.0,16.0,16.0,14.0,0.0,0.0,0.0,0.0,0.0,0.0,0.0,0.0,8.0,0.0,0.0,0.0,0.0,13.0,11.0,0.0,0.0,0.0,4.0,2.0,0.0,0.0,3.0,10.0,6.0,6.0,16.0,28.0,27.0,18.0
63,1.0,63.0,London_423,newnew,151,453,1092.0,70.0,2.0,173046.0,0.8094117779983208,835.0,129.0,0.0,129.0,221.0,0.0,221.0,138.0,289.0,79.0,13.0,41.0,3.0,13.0,7.0,8.0,8.0,85.0,133.0,227.0,32.0,0.0,0.0,0.0,0.0,0.0,0.0,0.0,0.0,0.0,0.0,0.0,0.0,0.0,0.0,0.0,0.0,0.0,0.0,0.0,0.0,0.0,0.0,0.0,0.0,0.0,0.0,0.0,0.0,0.0,0.0,0.0,0.0,0.0,0.0,0.0,0.0,0.0,0.0,2.0,5.0,0.0,1.0,1.0,2.0,3.0,4.0,12.0,23.0,29.0,11.0,0.0,0.0,0.0,0.0,0.0,0.0,0.0,0.0,0.0,0.0,0.0,0.0,0.0,0.0,0.0,0.0,0.0,0.0,3.0,5.0,0.0,1.0,1.0,3.0,4.0,5.0,21.0,32.0,42.0,13.0
64,1.0,64.0,London_423,newnew,151,453,1092.0,70.0,2.0,138618.0,0.6304710350232199,759.0,127.0,2.0,125.0,241.0,17.0,224.0,221.0,243.0,96.0,9.0,69.0,5.0,16.0,9.0,6.0,7.0,96.0,136.0,214.0,34.0,0.0,0.0,0.0,0.0,0.0,0.0,0.0,0.0,0.0,0.0,0.0,0.0,0.0,0.0,0.0,0.0,0.0,0.0,0.0,0.0,0.0,0.0,0.0,0.0,0.0,0.0,0.0,0.0,0.0,0.0,0.0,0.0,1.0,1.0,1.0,0.0,0.0,0.0,2.0,4.0,0.0,4.0,2.0,20.0,3.0,7.0,13.0,28.0,31.0,11.0,0.0,0.0,0.0,0.0,0.0,0.0,0.0,0.0,0.0,0.0,0.0,0.0,6.0,4.0,4.0,0.0,0.0,0.0,2.0,4.0,0.0,9.0,2.0,27.0,6.0,8.0,21.0,43.0,41.0,16.0
65,1.0,65.0,London_423,newnew,151,453,1092.0,70.0,2.0,112797.0,0.42512104200432077,702.0,72.0,2.0,70.0,135.0,17.0,118.0,241.0,226.0,102.0,15.0,66.0,9.0,20.0,11.0,4.0,7.0,90.0,128.0,228.0,29.0,0.0,0.0,0.0,0.0,0.0,0.0,0.0,0.0,0.0,0.0,0.0,0.0,0.0,0.0,0.0,0.0,0.0,0.0,0.0,0.0,0.0,0.0,0.0,0.0,0.0,0.0,0.0,0.0,2.0,0.0,0.0,1.0,1.0,0.0,1.0,0.0,0.0,0.0,4.0,3.0,1.0,2.0,1.0,8.0,4.0,4.0,5.0,11.0,21.0,12.0,0.0,0.0,0.0,0.0,0.0,0.0,0.0,0.0,6.0,0.0,0.0,2.0,6.0,0.0,3.0,0.0,0.0,0.0,4.0,4.0,1.0,3.0,1.0,10.0,6.0,6.0,6.0,16.0,29.0,13.0
66,1.0,66.0,London_423,newnew,151,453,1092.0,70.0,2.0,106455.0,0.48113510198891163,688.0,52.0,0.0,52.0,89.0,0.0,89.0,135.0,235.0,116.0,13.0,63.0,1.0,14.0,8.0,3.0,9.0,79.0,137.0,228.0,30.0,0.0,0.0,0.0,0.0,0.0,0.0,0.0,0.0,0.0,0.0,0.0,0.0,0.0,0.0,0.0,0.0,0.0,0.0,0.0,0.0,0.0,0.0,0.0,0.0,0.0,0.0,0.0,0.0,0.0,0.0,0.0,0.0,0.0,0.0,0.0,0.0,0.0,0.0,1.0,0.0,0.0,0.0,0.0,5.0,7.0,3.0,10.0,8.0,15.0,10.0,0.0,0.0,0.0,0.0,0.0,0.0,0.0,0.0,0.0,0.0,0.0,0.0,0.0,0.0,0.0,0.0,0.0,0.0,2.0,0.0,0.0,0.0,0.0,8.0,10.0,3.0,16.0,11.0,21.0,13.0
67,1.0,67.0,London_423,newnew,151,453,1092.0,70.0,2.0,106908.0,0.4325778229977004,689.0,5.0,3.0,2.0,26.0,21.0,5.0,89.0,238.0,122.0,15.0,55.0,0.0,12.0,8.0,3.0,12.0,81.0,130.0,230.0,44.0,0.0,0.0,0.0,0.0,0.0,0.0,0.0,0.0,0.0,0.0,0.0,0.0,0.0,0.0,0.0,0.0,0.0,0.0,0.0,0.0,0.0,0.0,0.0,0.0,0.0,0.0,0.0,0.0,0.0,0.0,0.0,0.0,0.0,1.0,2.0,0.0,0.0,0.0,0.0,0.0,0.0,0.0,0.0,0.0,0.0,0.0,1.0,0.0,1.0,0.0,0.0,0.0,0.0,0.0,0.0,0.0,0.0,0.0,0.0,0.0,0.0,0.0,0.0,6.0,5.0,0.0,0.0,0.0,0.0,0.0,0.0,0.0,0.0,0.0,0.0,0.0,3.0,0.0,1.0,0.0
68,1.0,68.0,London_423,newnew,151,453,1092.0,70.0,2.0,133635.0,0.7600355430040509,748.0,145.0,0.0,145.0,259.0,0.0,259.0,26.0,235.0,111.0,16.0,61.0,1.0,18.0,8.0,3.0,8.0,85.0,123.0,237.0,39.0,0.0,0.0,0.0,0.0,0.0,0.0,0.0,0.0,0.0,0.0,0.0,0.0,0.0,0.0,0.0,0.0,0.0,0.0,0.0,0.0,0.0,0.0,0.0,0.0,0.0,0.0,0.0,0.0,0.0,0.0,0.0,0.0,0.0,0.0,0.0,0.0,0.0,0.0,4.0,15.0,0.0,5.0,0.0,21.0,10.0,6.0,15.0,30.0,38.0,18.0,0.0,0.0,0.0,0.0,0.0,0.0,0.0,0.0,0.0,0.0,0.0,0.0,0.0,0.0,0.0,0.0,0.0,0.0,4.0,21.0,0.0,6.0,0.0,27.0,20.0,7.0,23.0,49.0,58.0,28.0
69,1.0,69.0,London_423,newnew,151,453,1092.0,70.0,2.0,98754.0,0.32025024399627,671.0,50.0,0.0,50.0,84.0,0.0,84.0,259.0,229.0,90.0,13.0,82.0,4.0,26.0,0.0,9.0,3.0,80.0,140.0,230.0,29.0,0.0,0.0,0.0,0.0,0.0,0.0,0.0,0.0,0.0,0.0,0.0,0.0,0.0,0.0,0.0,0.0,0.0,0.0,0.0,0.0,0.0,0.0,0.0,0.0,0.0,0.0,0.0,0.0,0.0,0.0,0.0,0.0,0.0,0.0,0.0,0.0,0.0,0.0,0.0,0.0,1.0,1.0,0.0,3.0,5.0,2.0,2.0,13.0,13.0,12.0,0.0,0.0,0.0,0.0,0.0,0.0,0.0,0.0,0.0,0.0,0.0,0.0,0.0,0.0,0.0,0.0,0.0,0.0,0.0,0.0,1.0,2.0,0.0,6.0,7.0,2.0,3.0,20.0,18.0,18.0
70,1.0,70.0,London_423,newnew,151,453,1092.0,70.0,2.0,121857.0,0.44089165498735383,722.0,16.0,2.0,14.0,40.0,19.0,21.0,84.0,236.0,86.0,8.0,72.0,10.0,30.0,0.0,11.0,5.0,89.0,134.0,225.0,38.0,0.0,0.0,0.0,0.0,0.0,0.0,0.0,0.0,0.0,0.0,0.0,0.0,0.0,0.0,0.0,0.0,0.0,0.0,0.0,0.0,0.0,0.0,0.0,0.0,0.0,0.0,0.0,0.0,0.0,0.0,0.0,1.0,0.0,0.0,0.0,0.0,0.0,0.0,0.0,0.0,0.0,0.0,0.0,2.0,1.0,0.0,1.0,4.0,4.0,3.0,0.0,0.0,0.0,0.0,0.0,0.0,0.0,0.0,0.0,0.0,0.0,3.0,0.0,0.0,0.0,0.0,0.0,0.0,0.0,0.0,0.0,0.0,0.0,3.0,1.0,0.0,1.0,5.0,5.0,3.0
71,1.0,71.0,London_423,newnew,151,453,1092.0,70.0,2.0,155379.0,0.7239919189596549,796.0,78.0,2.0,76.0,144.0,16.0,128.0,40.0,235.0,85.0,9.0,68.0,10.0,35.0,0.0,11.0,4.0,84.0,137.0,228.0,31.0,0.0,0.0,0.0,0.0,0.0,0.0,0.0,0.0,0.0,0.0,0.0,0.0,0.0,0.0,0.0,0.0,0.0,0.0,0.0,0.0,0.0,0.0,0.0,0.0,0.0,0.0,0.0,0.0,0.0,0.0,0.0,1.0,0.0,1.0,2.0,0.0,0.0,0.0,2.0,2.0,0.0,2.0,12.0,7.0,7.0,8.0,4.0,15.0,20.0,6.0,0.0,0.0,0.0,0.0,0.0,0.0,0.0,0.0,0.0,0.0,0.0,7.0,0.0,6.0,5.0,0.0,0.0,0.0,2.0,3.0,0.0,3.0,14.0,7.0,13.0,9.0,4.0,22.0,29.0,6.0
72,1.0,72.0,London_423,newnew,151,453,1092.0,70.0,2.0,164439.0,0.7738453620113432,816.0,89.0,2.0,87.0,163.0,18.0,145.0,144.0,249.0,85.0,14.0,50.0,8.0,40.0,0.0,7.0,9.0,83.0,139.0,222.0,35.0,0.0,0.0,0.0,0.0,0.0,0.0,0.0,0.0,0.0,0.0,0.0,0.0,0.0,0.0,0.0,0.0,0.0,0.0,0.0,0.0,0.0,0.0,0.0,0.0,0.0,0.0,0.0,0.0,1.0,0.0,0.0,1.0,1.0,0.0,2.0,0.0,0.0,0.0,6.0,3.0,1.0,1.0,8.0,15.0,13.0,4.0,14.0,13.0,18.0,16.0,0.0,0.0,0.0,0.0,0.0,0.0,0.0,0.0,1.0,0.0,0.0,4.0,6.0,0.0,4.0,0.0,0.0,0.0,8.0,4.0,1.0,2.0,9.0,21.0,13.0,6.0,18.0,20.0,30.0,18.0
73,1.0,73.0,London_423,newnew,151,453,1092.0,70.0,2.0,169875.0,0.6968903919914737,828.0,19.0,0.0,19.0,35.0,0.0,35.0,163.0,246.0,90.0,12.0,55.0,8.0,40.0,0.0,2.0,6.0,83.0,141.0,223.0,44.0,0.0,0.0,0.0,0.0,0.0,0.0,0.0,0.0,0.0,0.0,0.0,0.0,0.0,0.0,0.0,0.0,0.0,0.0,0.0,0.0,0.0,0.0,0.0,0.0,0.0,0.0,0.0,0.0,0.0,0.0,0.0,0.0,0.0,0.0,0.0,0.0,0.0,0.0,2.0,0.0,0.0,0.0,0.0,1.0,1.0,3.0,4.0,2.0,4.0,5.0,0.0,0.0,0.0,0.0,0.0,0.0,0.0,0.0,0.0,0.0,0.0,0.0,0.0,0.0,0.0,0.0,0.0,0.0,2.0,0.0,0.0,0.0,0.0,1.0,2.0,4.0,5.0,4.0,5.0,8.0
74,1.0,74.0,London_423,newnew,151,453,1092.0,70.0,2.0,211098.0,0.9279038229724392,919.0,132.0,0.0,132.0,232.0,0.0,232.0,35.0,253.0,82.0,14.0,52.0,8.0,40.0,1.0,3.0,5.0,87.0,136.0,225.0,41.0,0.0,0.0,0.0,0.0,0.0,0.0,0.0,0.0,0.0,0.0,0.0,0.0,0.0,0.0,0.0,0.0,0.0,0.0,0.0,0.0,0.0,0.0,0.0,0.0,0.0,0.0,0.0,0.0,0.0,0.0,0.0,0.0,0.0,0.0,0.0,0.0,0.0,0.0,2.0,9.0,0.0,1.0,0.0,9.0,11.0,1.0,9.0,31.0,32.0,31.0,0.0,0.0,0.0,0.0,0.0,0.0,0.0,0.0,0.0,0.0,0.0,0.0,0.0,0.0,0.0,0.0,0.0,0.0,2.0,12.0,0.0,1.0,0.0,12.0,13.0,1.0,10.0,50.0,48.0,39.0
75,1.0,75.0,London_423,newnew,151,453,1092.0,70.0,2.0,192072.0,0.7460314510390162,877.0,104.0,1.0,103.0,184.0,10.0,174.0,232.0,244.0,77.0,17.0,72.0,10.0,27.0,0.0,6.0,8.0,80.0,124.0,241.0,26.0,0.0,0.0,0.0,0.0,0.0,0.0,0.0,0.0,0.0,0.0,0.0,0.0,0.0,0.0,0.0,0.0,0.0,0.0,0.0,0.0,0.0,0.0,0.0,0.0,0.0,0.0,0.0,0.0,0.0,1.0,0.0,1.0,0.0,0.0,1.0,0.0,0.0,0.0,4.0,4.0,0.0,2.0,0.0,17.0,7.0,6.0,10.0,28.0,26.0,23.0,0.0,0.0,0.0,0.0,0.0,0.0,0.0,0.0,0.0,4.0,0.0,5.0,0.0,0.0,3.0,0.0,0.0,0.0,7.0,5.0,0.0,2.0,0.0,20.0,13.0,11.0,12.0,39.0,34.0,28.0
76,1.0,76.0,London_423,newnew,151,453,1092.0,70.0,2.0,181200.0,0.8387652490055189,853.0,164.0,0.0,164.0,266.0,0.0,266.0,184.0,243.0,90.0,13.0,72.0,3.0,28.0,1.0,3.0,6.0,87.0,142.0,218.0,28.0,0.0,0.0,0.0,0.0,0.0,0.0,0.0,0.0,0.0,0.0,0.0,0.0,0.0,0.0,0.0,0.0,0.0,0.0,0.0,0.0,0.0,0.0,0.0,0.0,0.0,0.0,0.0,0.0,0.0,0.0,0.0,0.0,0.0,0.0,0.0,0.0,0.0,0.0,3.0,19.0,2.0,4.0,3.0,9.0,10.0,4.0,20.0,25.0,45.0,25.0,0.0,0.0,0.0,0.0,0.0,0.0,0.0,0.0,0.0,0.0,0.0,0.0,0.0,0.0,0.0,0.0,0.0,0.0,5.0,28.0,2.0,7.0,3.0,10.0,14.0,8.0,25.0,32.0,60.0,30.0
77,1.0,77.0,London_423,newnew,151,453,1092.0,70.0,2.0,148584.0,0.45521515602013096,781.0,38.0,2.0,36.0,78.0,18.0,60.0,266.0,220.0,91.0,19.0,79.0,13.0,26.0,0.0,5.0,8.0,71.0,161.0,213.0,32.0,0.0,0.0,0.0,0.0,0.0,0.0,0.0,0.0,0.0,0.0,0.0,0.0,0.0,0.0,0.0,0.0,0.0,0.0,0.0,0.0,0.0,0.0,0.0,0.0,0.0,0.0,0.0,0.0,2.0,0.0,0.0,1.0,2.0,0.0,2.0,0.0,0.0,0.0,3.0,2.0,0.0,2.0,0.0,7.0,3.0,3.0,5.0,11.0,8.0,10.0,0.0,0.0,0.0,0.0,0.0,0.0,0.0,0.0,8.0,0.0,0.0,6.0,12.0,0.0,6.0,0.0,0.0,0.0,4.0,2.0,0.0,2.0,0.0,8.0,4.0,4.0,6.0,17.0,12.0,11.0
78,1.0,78.0,London_423,newnew,151,453,1092.0,70.0,2.0,170781.0,0.7066576560027897,830.0,112.0,1.0,111.0,184.0,9.0,175.0,78.0,220.0,108.0,22.0,72.0,4.0,20.0,1.0,6.0,8.0,75.0,166.0,204.0,38.0,0.0,0.0,0.0,0.0,0.0,0.0,0.0,0.0,0.0,0.0,0.0,0.0,0.0,0.0,0.0,0.0,0.0,0.0,0.0,0.0,0.0,0.0,0.0,0.0,0.0,0.0,0.0,0.0,0.0,0.0,0.0,0.0,0.0,0.0,0.0,0.0,0.0,0.0,5.0,8.0,1.0,1.0,0.0,7.0,6.0,3.0,11.0,17.0,25.0,27.0,0.0,0.0,0.0,0.0,0.0,0.0,0.0,0.0,0.0,0.0,0.0,0.0,0.0,0.0,0.0,0.0,0.0,0.0,6.0,9.0,1.0,1.0,0.0,9.0,11.0,3.0,13.0,24.0,32.0,34.0
79,1.0,79.0,London_423,newnew,151,453,1092.0,70.0,2.0,168063.0,0.916670338017866,824.0,126.0,0.0,126.0,218.0,0.0,218.0,184.0,224.0,117.0,26.0,58.0,7.0,20.0,0.0,1.0,7.0,85.0,151.0,210.0,32.0,0.0,0.0,0.0,0.0,0.0,0.0,0.0,0.0,0.0,0.0,0.0,0.0,0.0,0.0,0.0,0.0,0.0,0.0,0.0,0.0,0.0,0.0,0.0,0.0,0.0,0.0,0.0,0.0,0.0,0.0,0.0,0.0,0.0,0.0,0.0,0.0,0.0,0.0,0.0,5.0,4.0,0.0,4.0,12.0,7.0,0.0,13.0,23.0,29.0,14.0,0.0,0.0,0.0,0.0,0.0,0.0,0.0,0.0,0.0,0.0,0.0,0.0,0.0,0.0,0.0,0.0,0.0,0.0,0.0,6.0,6.0,0.0,5.0,15.0,9.0,0.0,17.0,34.0,49.0,19.0
80,1.0,80.0,London_423,newnew,151,453,1092.0,70.0,2.0,156738.0,0.5432980679906905,799.0,46.0,0.0,46.0,87.0,0.0,87.0,218.0,239.0,105.0,13.0,66.0,6.0,20.0,0.0,4.0,9.0,96.0,141.0,207.0,39.0,0.0,0.0,0.0,0.0,0.0,0.0,0.0,0.0,0.0,0.0,0.0,0.0,0.0,0.0,0.0,0.0,0.0,0.0,0.0,0.0,0.0,0.0,0.0,0.0,0.0,0.0,0.0,0.0,0.0,0.0,0.0,0.0,0.0,0.0,0.0,0.0,0.0,0.0,3.0,0.0,0.0,0.0,0.0,6.0,5.0,3.0,9.0,8.0,7.0,7.0,0.0,0.0,0.0,0.0,0.0,0.0,0.0,0.0,0.0,0.0,0.0,0.0,0.0,0.0,0.0,0.0,0.0,0.0,4.0,0.0,0.0,0.0,0.0,8.0,7.0,4.0,11.0,14.0,12.0,10.0
81,1.0,81.0,London_423,newnew,151,453,1092.0,70.0,2.0,180294.0,0.7700522289960645,851.0,78.0,2.0,76.0,160.0,19.0,141.0,87.0,249.0,93.0,19.0,59.0,4.0,23.0,0.0,6.0,10.0,92.0,144.0,207.0,46.0,0.0,0.0,0.0,0.0,0.0,0.0,0.0,0.0,0.0,0.0,0.0,0.0,0.0,0.0,0.0,0.0,0.0,0.0,0.0,0.0,0.0,0.0,0.0,0.0,0.0,0.0,0.0,0.0,1.0,0.0,0.0,1.0,0.0,1.0,2.0,0.0,0.0,0.0,3.0,4.0,1.0,3.0,8.0,9.0,4.0,1.0,11.0,15.0,22.0,17.0,0.0,0.0,0.0,0.0,0.0,0.0,0.0,0.0,3.0,0.0,0.0,4.0,0.0,7.0,11.0,0.0,0.0,0.0,3.0,5.0,1.0,7.0,9.0,13.0,7.0,2.0,13.0,20.0,34.0,24.0
82,1.0,82.0,London_423,newnew,151,453,1092.0,70.0,2.0,172140.0,0.5914216949604452,833.0,58.0,0.0,58.0,103.0,0.0,103.0,160.0,246.0,104.0,18.0,42.0,1.0,30.0,1.0,11.0,7.0,78.0,148.0,220.0,39.0,0.0,0.0,0.0,0.0,0.0,0.0,0.0,0.0,0.0,0.0,0.0,0.0,0.0,0.0,0.0,0.0,0.0,0.0,0.0,0.0,0.0,0.0,0.0,0.0,0.0,0.0,0.0,0.0,0.0,0.0,0.0,0.0,0.0,0.0,0.0,0.0,0.0,0.0,3.0,1.0,1.0,2.0,0.0,3.0,12.0,3.0,17.0,9.0,15.0,9.0,0.0,0.0,0.0,0.0,0.0,0.0,0.0,0.0,0.0,0.0,0.0,0.0,0.0,0.0,0.0,0.0,0.0,0.0,3.0,1.0,1.0,2.0,0.0,4.0,16.0,3.0,23.0,16.0,23.0,10.0
83,1.0,83.0,London_423,newnew,151,453,1092.0,70.0,2.0,187542.0,0.9391252610366791,867.0,124.0,2.0,122.0,231.0,16.0,215.0,103.0,252.0,113.0,7.0,26.0,6.0,34.0,4.0,11.0,8.0,79.0,144.0,222.0,48.0,0.0,0.0,0.0,0.0,0.0,0.0,0.0,0.0,0.0,0.0,0.0,0.0,0.0,0.0,0.0,0.0,0.0,0.0,0.0,0.0,0.0,0.0,0.0,0.0,0.0,0.0,0.0,0.0,1.0,0.0,0.0,0.0,0.0,2.0,1.0,0.0,0.0,0.0,2.0,17.0,0.0,4.0,0.0,14.0,12.0,5.0,6.0,29.0,32.0,18.0,0.0,0.0,0.0,0.0,0.0,0.0,0.0,0.0,6.0,0.0,0.0,0.0,0.0,11.0,5.0,0.0,0.0,0.0,2.0,23.0,0.0,7.0,0.0,18.0,17.0,6.0,8.0,44.0,51.0,21.0
84,1.0,84.0,London_423,newnew,151,453,1092.0,70.0,2.0,176217.0,0.7055709839914925,842.0,148.0,1.0,147.0,266.0,9.0,257.0,231.0,230.0,85.0,15.0,75.0,4.0,33.0,3.0,8.0,8.0,82.0,156.0,207.0,35.0,0.0,0.0,0.0,0.0,0.0,0.0,0.0,0.0,0.0,0.0,0.0,0.0,0.0,0.0,0.0,0.0,0.0,0.0,0.0,0.0,0.0,0.0,0.0,0.0,0.0,0.0,0.0,0.0,1.0,0.0,0.0,0.0,0.0,0.0,0.0,0.0,0.0,0.0,4.0,6.0,2.0,3.0,1.0,9.0,13.0,10.0,15.0,25.0,37.0,25.0,0.0,0.0,0.0,0.0,0.0,0.0,0.0,0.0,3.0,0.0,0.0,0.0,0.0,0.0,0.0,0.0,0.0,0.0,8.0,10.0,2.0,7.0,1.0,11.0,15.0,14.0,20.0,44.0,53.0,34.0
85,1.0,85.0,London_423,newnew,151,453,1092.0,70.0,2.0,136806.0,0.49992536602076143,755.0,111.0,2.0,109.0,208.0,18.0,190.0,266.0,210.0,101.0,17.0,65.0,7.0,36.0,4.0,13.0,5.0,71.0,172.0,205.0,45.0,0.0,0.0,0.0,0.0,0.0,0.0,0.0,0.0,0.0,0.0,0.0,0.0,0.0,0.0,0.0,0.0,0.0,0.0,0.0,0.0,0.0,0.0,0.0,0.0,0.0,0.0,0.0,0.0,2.0,0.0,0.0,1.0,1.0,0.0,0.0,0.0,0.0,0.0,4.0,3.0,0.0,1.0,1.0,10.0,8.0,5.0,15.0,21.0,23.0,18.0,0.0,0.0,0.0,0.0,0.0,0.0,0.0,0.0,2.0,0.0,0.0,3.0,8.0,0.0,0.0,0.0,0.0,0.0,6.0,3.0,0.0,2.0,1.0,17.0,15.0,7.0,20.0,28.0,39.0,21.0
86,1.0,86.0,London_423,newnew,151,453,1092.0,70.0,2.0,115968.0,0.4842209400376305,709.0,70.0,2.0,68.0,138.0,17.0,121.0,208.0,224.0,102.0,20.0,61.0,10.0,26.0,2.0,8.0,3.0,83.0,168.0,199.0,29.0,0.0,0.0,0.0,0.0,0.0,0.0,0.0,0.0,0.0,0.0,0.0,0.0,0.0,0.0,0.0,0.0,0.0,0.0,0.0,0.0,0.0,0.0,0.0,0.0,0.0,0.0,0.0,0.0,2.0,0.0,0.0,1.0,0.0,0.0,2.0,0.0,0.0,0.0,1.0,2.0,0.0,0.0,1.0,5.0,8.0,6.0,8.0,13.0,10.0,15.0,0.0,0.0,0.0,0.0,0.0,0.0,0.0,0.0,5.0,0.0,0.0,3.0,0.0,0.0,5.0,0.0,0.0,0.0,1.0,2.0,0.0,0.0,1.0,6.0,10.0,10.0,10.0,20.0,14.0,22.0
87,1.0,87.0,London_423,newnew,151,453,1092.0,70.0,2.0,119139.0,0.4712731129839085,716.0,70.0,0.0,70.0,121.0,0.0,121.0,138.0,229.0,102.0,23.0,70.0,2.0,23.0,1.0,3.0,4.0,78.0,166.0,205.0,38.0,0.0,0.0,0.0,0.0,0.0,0.0,0.0,0.0,0.0,0.0,0.0,0.0,0.0,0.0,0.0,0.0,0.0,0.0,0.0,0.0,0.0,0.0,0.0,0.0,0.0,0.0,0.0,0.0,0.0,0.0,0.0,0.0,0.0,0.0,0.0,0.0,0.0,0.0,0.0,1.0,1.0,2.0,0.0,7.0,7.0,5.0,4.0,10.0,19.0,8.0,0.0,0.0,0.0,0.0,0.0,0.0,0.0,0.0,0.0,0.0,0.0,0.0,0.0,0.0,0.0,0.0,0.0,0.0,0.0,1.0,1.0,2.0,0.0,12.0,11.0,5.0,4.0,12.0,32.0,9.0
88,1.0,88.0,London_423,newnew,151,453,1092.0,70.0,2.0,116421.0,0.4502980580436997,710.0,7.0,2.0,5.0,29.0,19.0,10.0,121.0,236.0,118.0,15.0,54.0,3.0,24.0,1.0,2.0,6.0,84.0,158.0,205.0,43.0,0.0,0.0,0.0,0.0,0.0,0.0,0.0,0.0,0.0,0.0,0.0,0.0,0.0,0.0,0.0,0.0,0.0,0.0,0.0,0.0,0.0,0.0,0.0,0.0,0.0,0.0,0.0,0.0,2.0,0.0,0.0,2.0,1.0,0.0,1.0,0.0,0.0,0.0,0.0,0.0,0.0,0.0,0.0,1.0,0.0,0.0,0.0,2.0,0.0,1.0,0.0,0.0,0.0,0.0,0.0,0.0,0.0,0.0,9.0,0.0,0.0,8.0,8.0,0.0,5.0,0.0,0.0,0.0,0.0,0.0,0.0,0.0,0.0,1.0,0.0,0.0,0.0,5.0,0.0,1.0
89,1.0,89.0,London_423,newnew,151,453,1092.0,70.0,2.0,149943.0,0.7002824959927239,784.0,128.0,0.0,128.0,209.0,0.0,209.0,29.0,239.0,116.0,18.0,59.0,1.0,17.0,1.0,2.0,2.0,90.0,156.0,205.0,39.0,0.0,0.0,0.0,0.0,0.0,0.0,0.0,0.0,0.0,0.0,0.0,0.0,0.0,0.0,0.0,0.0,0.0,0.0,0.0,0.0,0.0,0.0,0.0,0.0,0.0,0.0,0.0,0.0,0.0,0.0,0.0,0.0,0.0,0.0,0.0,0.0,0.0,0.0,7.0,13.0,8.0,3.0,6.0,11.0,7.0,1.0,10.0,27.0,19.0,28.0,0.0,0.0,0.0,0.0,0.0,0.0,0.0,0.0,0.0,0.0,0.0,0.0,0.0,0.0,0.0,0.0,0.0,0.0,9.0,15.0,11.0,5.0,9.0,14.0,8.0,1.0,14.0,33.0,29.0,33.0
90,1.0,90.0,London_423,newnew,151,453,1092.0,70.0,2.0,124122.0,0.5042458929819986,727.0,54.0,0.0,54.0,92.0,0.0,92.0,209.0,243.0,104.0,19.0,61.0,8.0,13.0,2.0,3.0,6.0,73.0,164.0,210.0,29.0,0.0,0.0,0.0,0.0,0.0,0.0,0.0,0.0,0.0,0.0,0.0,0.0,0.0,0.0,0.0,0.0,0.0,0.0,0.0,0.0,0.0,0.0,0.0,0.0,0.0,0.0,0.0,0.0,0.0,0.0,0.0,0.0,0.0,0.0,0.0,0.0,0.0,0.0,4.0,2.0,0.0,3.0,0.0,6.0,2.0,2.0,9.0,6.0,15.0,6.0,0.0,0.0,0.0,0.0,0.0,0.0,0.0,0.0,0.0,0.0,0.0,0.0,0.0,0.0,0.0,0.0,0.0,0.0,5.0,2.0,0.0,4.0,0.0,8.0,3.0,4.0,10.0,6.0,21.0,9.0
91,1.0,91.0,London_423,newnew,151,453,1092.0,70.0,2.0,138165.0,0.5887626850162633,758.0,43.0,2.0,41.0,96.0,18.0,78.0,92.0,243.0,113.0,16.0,60.0,4.0,12.0,3.0,2.0,8.0,78.0,165.0,202.0,43.0,0.0,0.0,0.0,0.0,0.0,0.0,0.0,0.0,0.0,0.0,0.0,0.0,0.0,0.0,0.0,0.0,0.0,0.0,0.0,0.0,0.0,0.0,0.0,0.0,0.0,0.0,0.0,0.0,1.0,0.0,0.0,1.0,0.0,1.0,2.0,0.0,0.0,0.0,1.0,6.0,0.0,0.0,5.0,4.0,5.0,4.0,8.0,5.0,10.0,8.0,0.0,0.0,0.0,0.0,0.0,0.0,0.0,0.0,5.0,0.0,0.0,3.0,0.0,7.0,8.0,0.0,0.0,0.0,1.0,7.0,0.0,0.0,5.0,5.0,7.0,7.0,11.0,6.0,14.0,11.0
92,1.0,92.0,London_423,newnew,151,453,1092.0,70.0,2.0,163080.0,0.7032141259987839,813.0,73.0,0.0,73.0,119.0,0.0,119.0,96.0,252.0,116.0,21.0,53.0,1.0,9.0,0.0,1.0,4.0,77.0,166.0,206.0,42.0,0.0,0.0,0.0,0.0,0.0,0.0,0.0,0.0,0.0,0.0,0.0,0.0,0.0,0.0,0.0,0.0,0.0,0.0,0.0,0.0,0.0,0.0,0.0,0.0,0.0,0.0,0.0,0.0,0.0,0.0,0.0,0.0,0.0,0.0,0.0,0.0,0.0,0.0,4.0,2.0,0.0,0.0,1.0,9.0,5.0,4.0,5.0,12.0,12.0,12.0,0.0,0.0,0.0,0.0,0.0,0.0,0.0,0.0,0.0,0.0,0.0,0.0,0.0,0.0,0.0,0.0,0.0,0.0,5.0,3.0,0.0,0.0,1.0,12.0,6.0,5.0,8.0,18.0,17.0,14.0
93,1.0,93.0,London_423,newnew,151,453,1092.0,70.0,2.0,163986.0,0.7603265310171992,815.0,86.0,1.0,85.0,159.0,9.0,150.0,119.0,255.0,114.0,28.0,47.0,1.0,6.0,0.0,2.0,4.0,72.0,165.0,212.0,43.0,0.0,0.0,0.0,0.0,0.0,0.0,0.0,0.0,0.0,0.0,0.0,0.0,0.0,0.0,0.0,0.0,0.0,0.0,0.0,0.0,0.0,0.0,0.0,0.0,0.0,0.0,0.0,0.0,0.0,0.0,0.0,0.0,0.0,1.0,0.0,0.0,0.0,0.0,1.0,1.0,2.0,0.0,4.0,4.0,5.0,3.0,13.0,18.0,18.0,14.0,0.0,0.0,0.0,0.0,0.0,0.0,0.0,0.0,0.0,0.0,0.0,0.0,0.0,9.0,0.0,0.0,0.0,0.0,1.0,1.0,2.0,0.0,4.0,6.0,5.0,4.0,14.0,25.0,29.0,19.0
94,1.0,94.0,London_423,newnew,151,453,1092.0,70.0,2.0,172593.0,0.6903474320424721,834.0,79.0,0.0,79.0,149.0,0.0,149.0,159.0,249.0,126.0,7.0,46.0,6.0,16.0,1.0,2.0,6.0,77.0,155.0,215.0,39.0,0.0,0.0,0.0,0.0,0.0,0.0,0.0,0.0,0.0,0.0,0.0,0.0,0.0,0.0,0.0,0.0,0.0,0.0,0.0,0.0,0.0,0.0,0.0,0.0,0.0,0.0,0.0,0.0,0.0,0.0,0.0,0.0,0.0,0.0,0.0,0.0,0.0,0.0,1.0,3.0,0.0,2.0,4.0,9.0,3.0,3.0,10.0,22.0,14.0,24.0,0.0,0.0,0.0,0.0,0.0,0.0,0.0,0.0,0.0,0.0,0.0,0.0,0.0,0.0,0.0,0.0,0.0,0.0,1.0,6.0,0.0,2.0,4.0,13.0,4.0,6.0,16.0,38.0,23.0,35.0
95,1.0,95.0,London_423,newnew,151,453,1092.0,70.0,2.0,171687.0,0.7447717869654298,832.0,102.0,2.0,100.0,187.0,17.0,170.0,149.0,256.0,117.0,8.0,51.0,3.0,15.0,0.0,3.0,7.0,78.0,158.0,210.0,34.0,0.0,0.0,0.0,0.0,0.0,0.0,0.0,0.0,0.0,0.0,0.0,0.0,0.0,0.0,0.0,0.0,0.0,0.0,0.0,0.0,0.0,0.0,0.0,0.0,0.0,0.0,0.0,0.0,0.0,0.0,0.0,0.0,1.0,0.0,0.0,0.0,0.0,0.0,5.0,0.0,0.0,1.0,4.0,8.0,4.0,2.0,18.0,20.0,23.0,24.0,0.0,0.0,0.0,0.0,0.0,0.0,0.0,0.0,0.0,0.0,0.0,0.0,7.0,0.0,0.0,0.0,0.0,0.0,6.0,0.0,0.0,2.0,4.0,10.0,6.0,4.0,27.0,30.0,26.0,30.0
96,1.0,96.0,London_423,newnew,151,453,1092.0,70.0,2.0,159003.0,0.7078394839772955,804.0,95.0,0.0,95.0,160.0,0.0,160.0,187.0,246.0,103.0,15.0,61.0,5.0,18.0,0.0,5.0,6.0,73.0,142.0,232.0,41.0,0.0,0.0,0.0,0.0,0.0,0.0,0.0,0.0,0.0,0.0,0.0,0.0,0.0,0.0,0.0,0.0,0.0,0.0,0.0,0.0,0.0,0.0,0.0,0.0,0.0,0.0,0.0,0.0,0.0,0.0,0.0,0.0,0.0,0.0,0.0,0.0,0.0,0.0,3.0,2.0,1.0,3.0,0.0,15.0,5.0,5.0,14.0,15.0,17.0,13.0,0.0,0.0,0.0,0.0,0.0,0.0,0.0,0.0,0.0,0.0,0.0,0.0,0.0,0.0,0.0,0.0,0.0,0.0,5.0,2.0,1.0,4.0,0.0,22.0,8.0,6.0,18.0,21.0,23.0,15.0
97,1.0,97.0,London_423,newnew,151,453,1092.0,70.0,2.0,154473.0,0.6198774840449914,794.0,99.0,1.0,98.0,185.0,12.0,173.0,160.0,254.0,106.0,14.0,52.0,3.0,20.0,0.0,4.0,6.0,78.0,154.0,215.0,29.0,0.0,0.0,0.0,0.0,0.0,0.0,0.0,0.0,0.0,0.0,0.0,0.0,0.0,0.0,0.0,0.0,0.0,0.0,0.0,0.0,0.0,0.0,0.0,0.0,0.0,0.0,0.0,0.0,1.0,0.0,0.0,1.0,0.0,0.0,0.0,0.0,0.0,0.0,4.0,10.0,4.0,0.0,0.0,3.0,3.0,6.0,13.0,13.0,29.0,17.0,0.0,0.0,0.0,0.0,0.0,0.0,0.0,0.0,2.0,0.0,0.0,1.0,0.0,0.0,0.0,0.0,0.0,0.0,7.0,12.0,8.0,0.0,0.0,4.0,4.0,9.0,19.0,18.0,36.0,21.0
98,1.0,98.0,London_423,newnew,151,453,1092.0,70.0,2.0,153567.0,0.5528876179596409,792.0,110.0,2.0,108.0,194.0,16.0,178.0,185.0,262.0,99.0,12.0,48.0,6.0,23.0,2.0,1.0,6.0,80.0,146.0,221.0,27.0,0.0,0.0,0.0,0.0,0.0,0.0,0.0,0.0,0.0,0.0,0.0,0.0,0.0,0.0,0.0,0.0,0.0,0.0,0.0,0.0,0.0,0.0,0.0,0.0,0.0,0.0,0.0,0.0,2.0,0.0,0.0,1.0,2.0,0.0,2.0,0.0,0.0,0.0,1.0,13.0,18.0,0.0,3.0,6.0,2.0,1.0,5.0,25.0,25.0,16.0,0.0,0.0,0.0,0.0,0.0,0.0,0.0,0.0,9.0,0.0,0.0,2.0,12.0,0.0,6.0,0.0,0.0,0.0,1.0,18.0,21.0,0.0,3.0,8.0,3.0,2.0,7.0,35.0,38.0,22.0
99,1.0,99.0,London_423,newnew,151,453,1092.0,70.0,2.0,145413.0,0.6158533720299602,774.0,53.0,2.0,51.0,112.0,18.0,94.0,194.0,272.0,73.0,13.0,58.0,7.0,24.0,4.0,2.0,4.0,71.0,158.0,220.0,20.0,0.0,0.0,0.0,0.0,0.0,0.0,0.0,0.0,0.0,0.0,0.0,0.0,0.0,0.0,0.0,0.0,0.0,0.0,0.0,0.0,0.0,0.0,0.0,0.0,0.0,0.0,0.0,0.0,0.0,1.0,0.0,1.0,0.0,1.0,1.0,0.0,0.0,0.0,1.0,0.0,0.0,0.0,0.0,9.0,1.0,6.0,8.0,10.0,12.0,14.0,0.0,0.0,0.0,0.0,0.0,0.0,0.0,0.0,0.0,5.0,0.0,3.0,0.0,8.0,4.0,0.0,0.0,0.0,2.0,0.0,0.0,0.0,0.0,13.0,2.0,8.0,12.0,19.0,18.0,18.0
100,1.0,100.0,London_423,newnew,151,453,1092.0,70.0,2.0,163080.0,0.665341179992538,813.0,81.0,1.0,80.0,147.0,9.0,138.0,112.0,282.0,93.0,7.0,41.0,2.0,17.0,5.0,6.0,6.0,75.0,147.0,225.0,23.0,0.0,0.0,0.0,0.0,0.0,0.0,0.0,0.0,0.0,0.0,0.0,0.0,0.0,0.0,0.0,0.0,0.0,0.0,0.0,0.0,0.0,0.0,0.0,0.0,0.0,0.0,0.0,0.0,0.0,0.0,0.0,0.0,0.0,0.0,0.0,0.0,0.0,0.0,1.0,1.0,1.0,0.0,2.0,9.0,5.0,6.0,17.0,12.0,22.0,19.0,0.0,0.0,0.0,0.0,0.0,0.0,0.0,0.0,0.0,0.0,0.0,0.0,0.0,0.0,0.0,0.0,0.0,0.0,1.0,1.0,1.0,0.0,2.0,12.0,7.0,10.0,19.0,17.0,34.0,26.0
101,1.0,101.0,London_423,newnew,151,453,1092.0,70.0,2.0,169422.0,0.7507493540178984,827.0,83.0,0.0,83.0,147.0,0.0,147.0,147.0,279.0,91.0,13.0,43.0,2.0,20.0,1.0,4.0,9.0,71.0,151.0,222.0,23.0,0.0,0.0,0.0,0.0,0.0,0.0,0.0,0.0,0.0,0.0,0.0,0.0,0.0,0.0,0.0,0.0,0.0,0.0,0.0,0.0,0.0,0.0,0.0,0.0,0.0,0.0,0.0,0.0,0.0,0.0,0.0,0.0,0.0,0.0,0.0,0.0,0.0,0.0,2.0,5.0,3.0,0.0,1.0,13.0,7.0,5.0,7.0,20.0,26.0,9.0,0.0,0.0,0.0,0.0,0.0,0.0,0.0,0.0,0.0,0.0,0.0,0.0,0.0,0.0,0.0,0.0,0.0,0.0,2.0,6.0,3.0,0.0,1.0,18.0,10.0,7.0,10.0,29.0,40.0,13.0
102,1.0,102.0,London_423,newnew,151,453,1092.0,70.0,2.0,172593.0,0.7212533139972948,834.0,40.0,0.0,40.0,63.0,0.0,63.0,147.0,282.0,85.0,16.0,35.0,8.0,24.0,2.0,1.0,8.0,73.0,145.0,227.0,25.0,0.0,0.0,0.0,0.0,0.0,0.0,0.0,0.0,0.0,0.0,0.0,0.0,0.0,0.0,0.0,0.0,0.0,0.0,0.0,0.0,0.0,0.0,0.0,0.0,0.0,0.0,0.0,0.0,0.0,0.0,0.0,0.0,0.0,0.0,0.0,0.0,0.0,0.0,1.0,0.0,0.0,0.0,0.0,3.0,1.0,12.0,2.0,7.0,7.0,8.0,0.0,0.0,0.0,0.0,0.0,0.0,0.0,0.0,0.0,0.0,0.0,0.0,0.0,0.0,0.0,0.0,0.0,0.0,1.0,0.0,0.0,0.0,0.0,4.0,1.0,18.0,2.0,10.0,9.0,11.0
103,1.0,103.0,London_423,newnew,151,453,1092.0,70.0,2.0,200226.0,0.9231884049950168,895.0,138.0,2.0,136.0,253.0,19.0,234.0,63.0,287.0,92.0,17.0,24.0,9.0,20.0,2.0,2.0,8.0,75.0,142.0,228.0,26.0,0.0,0.0,0.0,0.0,0.0,0.0,0.0,0.0,0.0,0.0,0.0,0.0,0.0,0.0,0.0,0.0,0.0,0.0,0.0,0.0,0.0,0.0,0.0,0.0,0.0,0.0,0.0,0.0,0.0,0.0,0.0,0.0,2.0,0.0,2.0,0.0,0.0,0.0,1.0,13.0,0.0,0.0,1.0,9.0,7.0,10.0,8.0,15.0,28.0,17.0,0.0,0.0,0.0,0.0,0.0,0.0,0.0,0.0,0.0,0.0,0.0,0.0,15.0,0.0,11.0,0.0,0.0,0.0,1.0,18.0,0.0,0.0,1.0,11.0,8.0,13.0,13.0,26.0,38.0,24.0
104,1.0,104.0,London_423,newnew,151,453,1092.0,70.0,2.0,177576.0,0.6665510479942895,845.0,78.0,0.0,78.0,146.0,0.0,146.0,253.0,217.0,103.0,14.0,68.0,8.0,34.0,3.0,6.0,5.0,76.0,140.0,232.0,29.0,0.0,0.0,0.0,0.0,0.0,0.0,0.0,0.0,0.0,0.0,0.0,0.0,0.0,0.0,0.0,0.0,0.0,0.0,0.0,0.0,0.0,0.0,0.0,0.0,0.0,0.0,0.0,0.0,0.0,0.0,0.0,0.0,0.0,0.0,0.0,0.0,0.0,0.0,1.0,3.0,0.0,0.0,0.0,11.0,5.0,4.0,8.0,9.0,20.0,19.0,0.0,0.0,0.0,0.0,0.0,0.0,0.0,0.0,0.0,0.0,0.0,0.0,0.0,0.0,0.0,0.0,0.0,0.0,1.0,3.0,0.0,0.0,0.0,15.0,6.0,6.0,9.0,11.0,26.0,25.0
105,1.0,105.0,London_423,newnew,151,453,1092.0,70.0,2.0,178482.0,0.7062293469789438,847.0,110.0,1.0,109.0,199.0,8.0,191.0,146.0,213.0,99.0,12.0,78.0,14.0,26.0,4.0,7.0,9.0,74.0,155.0,215.0,44.0,0.0,0.0,0.0,0.0,0.0,0.0,0.0,0.0,0.0,0.0,0.0,0.0,0.0,0.0,0.0,0.0,0.0,0.0,0.0,0.0,0.0,0.0,0.0,0.0,0.0,0.0,0.0,0.0,0.0,0.0,0.0,0.0,1.0,0.0,1.0,0.0,0.0,0.0,2.0,10.0,0.0,0.0,1.0,6.0,11.0,7.0,8.0,17.0,21.0,21.0,0.0,0.0,0.0,0.0,0.0,0.0,0.0,0.0,0.0,0.0,0.0,0.0,7.0,0.0,3.0,0.0,0.0,0.0,2.0,11.0,0.0,0.0,2.0,12.0,21.0,8.0,10.0,29.0,29.0,22.0
106,1.0,106.0,London_423,newnew,151,453,1092.0,70.0,2.0,159909.0,0.7654772939858958,806.0,146.0,2.0,144.0,278.0,18.0,260.0,199.0,216.0,97.0,14.0,70.0,14.0,24.0,4.0,14.0,7.0,75.0,154.0,217.0,36.0,0.0,0.0,0.0,0.0,0.0,0.0,0.0,0.0,0.0,0.0,0.0,0.0,0.0,0.0,0.0,0.0,0.0,0.0,0.0,0.0,0.0,0.0,0.0,0.0,0.0,0.0,0.0,0.0,1.0,0.0,0.0,1.0,0.0,0.0,1.0,0.0,0.0,0.0,1.0,0.0,2.0,1.0,3.0,15.0,4.0,3.0,12.0,32.0,34.0,22.0,0.0,0.0,0.0,0.0,0.0,0.0,0.0,0.0,4.0,0.0,0.0,4.0,0.0,0.0,1.0,0.0,0.0,0.0,1.0,0.0,3.0,2.0,3.0,22.0,6.0,4.0,19.0,54.0,51.0,26.0
107,1.0,107.0,London_423,newnew,151,453,1092.0,70.0,2.0,127746.0,0.5317269609658979,735.0,119.0,1.0,118.0,208.0,9.0,199.0,278.0,200.0,108.0,14.0,84.0,6.0,31.0,1.0,9.0,6.0,73.0,145.0,229.0,35.0,0.0,0.0,0.0,0.0,0.0,0.0,0.0,0.0,0.0,0.0,0.0,0.0,0.0,0.0,0.0,0.0,0.0,0.0,0.0,0.0,0.0,0.0,0.0,0.0,0.0,0.0,0.0,0.0,0.0,0.0,0.0,0.0,0.0,0.0,0.0,0.0,0.0,0.0,0.0,4.0,1.0,1.0,1.0,9.0,15.0,3.0,16.0,19.0,35.0,10.0,0.0,0.0,0.0,0.0,0.0,0.0,0.0,0.0,0.0,0.0,0.0,0.0,0.0,0.0,0.0,0.0,0.0,0.0,0.0,7.0,1.0,1.0,1.0,12.0,17.0,3.0,22.0,24.0,60.0,12.0
108,1.0,108.0,London_423,newnew,151,453,1092.0,70.0,2.0,104190.0,0.3481147729908116,683.0,14.0,0.0,14.0,18.0,0.0,18.0,208.0,205.0,110.0,20.0,80.0,8.0,23.0,0.0,7.0,6.0,64.0,146.0,237.0,38.0,0.0,0.0,0.0,0.0,0.0,0.0,0.0,0.0,0.0,0.0,0.0,0.0,0.0,0.0,0.0,0.0,0.0,0.0,0.0,0.0,0.0,0.0,0.0,0.0,0.0,0.0,0.0,0.0,0.0,0.0,0.0,0.0,0.0,0.0,0.0,0.0,0.0,0.0,1.0,0.0,0.0,1.0,0.0,1.0,1.0,1.0,0.0,3.0,4.0,2.0,0.0,0.0,0.0,0.0,0.0,0.0,0.0,0.0,0.0,0.0,0.0,0.0,0.0,0.0,0.0,0.0,0.0,0.0,1.0,0.0,0.0,1.0,0.0,1.0,1.0,1.0,0.0,3.0,5.0,2.0
109,1.0,109.0,London_423,newnew,151,453,1092.0,70.0,2.0,138165.0,0.46993207500781864,758.0,48.0,0.0,48.0,83.0,0.0,83.0,18.0,206.0,113.0,20.0,75.0,7.0,25.0,0.0,7.0,6.0,72.0,145.0,230.0,40.0,0.0,0.0,0.0,0.0,0.0,0.0,0.0,0.0,0.0,0.0,0.0,0.0,0.0,0.0,0.0,0.0,0.0,0.0,0.0,0.0,0.0,0.0,0.0,0.0,0.0,0.0,0.0,0.0,0.0,0.0,0.0,0.0,0.0,0.0,0.0,0.0,0.0,0.0,2.0,0.0,0.0,1.0,0.0,1.0,1.0,1.0,3.0,7.0,17.0,10.0,0.0,0.0,0.0,0.0,0.0,0.0,0.0,0.0,0.0,0.0,0.0,0.0,0.0,0.0,0.0,0.0,0.0,0.0,2.0,0.0,0.0,2.0,0.0,1.0,1.0,2.0,4.0,7.0,29.0,11.0
110,1.0,110.0,London_423,newnew,151,453,1092.0,70.0,2.0,155832.0,0.7023242989671417,797.0,113.0,2.0,111.0,213.0,19.0,194.0,83.0,213.0,108.0,24.0,71.0,8.0,24.0,0.0,5.0,6.0,72.0,143.0,232.0,40.0,0.0,0.0,0.0,0.0,0.0,0.0,0.0,0.0,0.0,0.0,0.0,0.0,0.0,0.0,0.0,0.0,0.0,0.0,0.0,0.0,0.0,0.0,0.0,0.0,0.0,0.0,0.0,0.0,1.0,0.0,0.0,0.0,0.0,0.0,1.0,0.0,0.0,0.0,5.0,0.0,2.0,1.0,5.0,16.0,12.0,7.0,5.0,21.0,19.0,18.0,0.0,0.0,0.0,0.0,0.0,0.0,0.0,0.0,3.0,0.0,0.0,0.0,0.0,0.0,3.0,0.0,0.0,0.0,7.0,0.0,2.0,2.0,6.0,23.0,15.0,11.0,7.0,33.0,29.0,27.0
111,1.0,111.0,London_423,newnew,151,453,1092.0,70.0,2.0,142695.0,0.49809966899920255,768.0,30.0,1.0,29.0,64.0,9.0,55.0,213.0,229.0,102.0,19.0,71.0,5.0,23.0,1.0,3.0,3.0,62.0,158.0,230.0,32.0,0.0,0.0,0.0,0.0,0.0,0.0,0.0,0.0,0.0,0.0,0.0,0.0,0.0,0.0,0.0,0.0,0.0,0.0,0.0,0.0,0.0,0.0,0.0,0.0,0.0,0.0,0.0,0.0,0.0,0.0,0.0,0.0,1.0,0.0,1.0,0.0,0.0,0.0,3.0,0.0,0.0,0.0,0.0,3.0,3.0,1.0,3.0,8.0,6.0,5.0,0.0,0.0,0.0,0.0,0.0,0.0,0.0,0.0,0.0,0.0,0.0,0.0,5.0,0.0,1.0,0.0,0.0,0.0,3.0,0.0,0.0,0.0,0.0,8.0,5.0,2.0,7.0,15.0,9.0,6.0
112,1.0,112.0,London_423,newnew,151,453,1092.0,70.0,2.0,172140.0,0.5085986779886298,833.0,5.0,2.0,3.0,24.0,19.0,5.0,64.0,236.0,103.0,12.0,66.0,7.0,24.0,1.0,4.0,4.0,67.0,148.0,234.0,27.0,0.0,0.0,0.0,0.0,0.0,0.0,0.0,0.0,0.0,0.0,0.0,0.0,0.0,0.0,0.0,0.0,0.0,0.0,0.0,0.0,0.0,0.0,0.0,0.0,0.0,0.0,0.0,0.0,0.0,0.0,0.0,1.0,0.0,0.0,0.0,0.0,0.0,0.0,0.0,0.0,0.0,0.0,0.0,0.0,0.0,1.0,0.0,0.0,0.0,3.0,0.0,0.0,0.0,0.0,0.0,0.0,0.0,0.0,0.0,0.0,0.0,6.0,0.0,0.0,0.0,0.0,0.0,0.0,0.0,0.0,0.0,0.0,0.0,0.0,0.0,1.0,0.0,0.0,0.0,5.0
113,1.0,113.0,London_423,newnew,151,453,1092.0,70.0,2.0,212004.0,0.9566316659911536,921.0,198.0,2.0,196.0,345.0,16.0,329.0,24.0,230.0,110.0,9.0,68.0,7.0,24.0,0.0,5.0,2.0,68.0,145.0,238.0,24.0,0.0,0.0,0.0,0.0,0.0,0.0,0.0,0.0,0.0,0.0,0.0,0.0,0.0,0.0,0.0,0.0,0.0,0.0,0.0,0.0,0.0,0.0,0.0,0.0,0.0,0.0,0.0,0.0,0.0,0.0,0.0,0.0,0.0,1.0,1.0,0.0,0.0,0.0,0.0,20.0,0.0,1.0,3.0,15.0,8.0,1.0,4.0,32.0,47.0,29.0,0.0,0.0,0.0,0.0,0.0,0.0,0.0,0.0,0.0,0.0,0.0,0.0,0.0,5.0,1.0,0.0,0.0,0.0,0.0,30.0,0.0,1.0,3.0,18.0,11.0,1.0,5.0,53.0,61.0,32.0
114,1.0,114.0,London_423,newnew,151,453,1092.0,70.0,2.0,154926.0,0.41127389104804024,795.0,58.0,2.0,56.0,112.0,18.0,94.0,345.0,154.0,143.0,23.0,86.0,7.0,33.0,1.0,6.0,8.0,72.0,153.0,220.0,51.0,0.0,0.0,0.0,0.0,0.0,0.0,0.0,0.0,0.0,0.0,0.0,0.0,0.0,0.0,0.0,0.0,0.0,0.0,0.0,0.0,0.0,0.0,0.0,0.0,0.0,0.0,0.0,0.0,1.0,0.0,0.0,1.0,1.0,0.0,2.0,0.0,0.0,0.0,3.0,0.0,0.0,0.0,0.0,2.0,6.0,0.0,5.0,10.0,16.0,16.0,0.0,0.0,0.0,0.0,0.0,0.0,0.0,0.0,4.0,0.0,0.0,3.0,5.0,0.0,9.0,0.0,0.0,0.0,3.0,0.0,0.0,0.0,0.0,4.0,9.0,0.0,9.0,18.0,20.0,19.0
115,1.0,115.0,London_423,newnew,151,453,1092.0,70.0,2.0,178482.0,0.6534268659888767,847.0,166.0,0.0,166.0,286.0,0.0,286.0,112.0,162.0,145.0,18.0,94.0,2.0,27.0,1.0,4.0,5.0,72.0,147.0,229.0,46.0,0.0,0.0,0.0,0.0,0.0,0.0,0.0,0.0,0.0,0.0,0.0,0.0,0.0,0.0,0.0,0.0,0.0,0.0,0.0,0.0,0.0,0.0,0.0,0.0,0.0,0.0,0.0,0.0,0.0,0.0,0.0,0.0,0.0,0.0,0.0,0.0,0.0,0.0,3.0,10.0,0.0,2.0,3.0,18.0,15.0,13.0,17.0,25.0,39.0,27.0,0.0,0.0,0.0,0.0,0.0,0.0,0.0,0.0,0.0,0.0,0.0,0.0,0.0,0.0,0.0,0.0,0.0,0.0,3.0,17.0,0.0,3.0,3.0,20.0,20.0,16.0,21.0,40.0,55.0,35.0
116,1.0,116.0,London_423,newnew,151,453,1092.0,70.0,2.0,143601.0,0.4998240289860405,770.0,67.0,0.0,67.0,124.0,0.0,124.0,286.0,171.0,135.0,18.0,85.0,9.0,33.0,1.0,1.0,9.0,74.0,149.0,221.0,52.0,0.0,0.0,0.0,0.0,0.0,0.0,0.0,0.0,0.0,0.0,0.0,0.0,0.0,0.0,0.0,0.0,0.0,0.0,0.0,0.0,0.0,0.0,0.0,0.0,0.0,0.0,0.0,0.0,0.0,0.0,0.0,0.0,0.0,0.0,0.0,0.0,0.0,0.0,3.0,1.0,0.0,1.0,0.0,8.0,7.0,1.0,5.0,11.0,23.0,9.0,0.0,0.0,0.0,0.0,0.0,0.0,0.0,0.0,0.0,0.0,0.0,0.0,0.0,0.0,0.0,0.0,0.0,0.0,3.0,1.0,0.0,1.0,0.0,9.0,10.0,1.0,8.0,17.0,43.0,10.0
117,1.0,117.0,London_423,newnew,151,453,1092.0,70.0,2.0,150396.0,0.504182539996691,785.0,28.0,1.0,27.0,61.0,10.0,51.0,124.0,182.0,142.0,17.0,73.0,14.0,22.0,1.0,2.0,11.0,75.0,157.0,210.0,57.0,0.0,0.0,0.0,0.0,0.0,0.0,0.0,0.0,0.0,0.0,0.0,0.0,0.0,0.0,0.0,0.0,0.0,0.0,0.0,0.0,0.0,0.0,0.0,0.0,0.0,0.0,0.0,0.0,0.0,1.0,0.0,1.0,0.0,0.0,1.0,0.0,0.0,0.0,3.0,0.0,0.0,0.0,0.0,1.0,1.0,1.0,3.0,6.0,6.0,7.0,0.0,0.0,0.0,0.0,0.0,0.0,0.0,0.0,0.0,9.0,0.0,6.0,0.0,0.0,4.0,0.0,0.0,0.0,5.0,0.0,0.0,0.0,0.0,1.0,3.0,1.0,5.0,7.0,10.0,12.0
118,1.0,118.0,London_423,newnew,151,453,1092.0,70.0,2.0,170328.0,0.5548681999789551,829.0,65.0,0.0,65.0,112.0,0.0,112.0,61.0,183.0,151.0,14.0,76.0,2.0,24.0,2.0,1.0,11.0,80.0,152.0,210.0,61.0,0.0,0.0,0.0,0.0,0.0,0.0,0.0,0.0,0.0,0.0,0.0,0.0,0.0,0.0,0.0,0.0,0.0,0.0,0.0,0.0,0.0,0.0,0.0,0.0,0.0,0.0,0.0,0.0,0.0,0.0,0.0,0.0,0.0,0.0,0.0,0.0,0.0,0.0,5.0,0.0,0.0,4.0,0.0,5.0,6.0,8.0,3.0,14.0,9.0,18.0,0.0,0.0,0.0,0.0,0.0,0.0,0.0,0.0,0.0,0.0,0.0,0.0,0.0,0.0,0.0,0.0,0.0,0.0,7.0,0.0,0.0,7.0,0.0,6.0,10.0,12.0,6.0,24.0,12.0,25.0
119,1.0,119.0,London_423,newnew,151,453,1092.0,70.0,2.0,178029.0,0.8605715819867328,846.0,110.0,2.0,108.0,210.0,18.0,192.0,112.0,188.0,152.0,13.0,69.0,7.0,19.0,0.0,5.0,13.0,74.0,156.0,210.0,64.0,0.0,0.0,0.0,0.0,0.0,0.0,0.0,0.0,0.0,0.0,0.0,0.0,0.0,0.0,0.0,0.0,0.0,0.0,0.0,0.0,0.0,0.0,0.0,0.0,0.0,0.0,0.0,0.0,1.0,0.0,0.0,0.0,2.0,0.0,1.0,0.0,0.0,0.0,1.0,7.0,2.0,0.0,10.0,6.0,2.0,11.0,10.0,24.0,22.0,20.0,0.0,0.0,0.0,0.0,0.0,0.0,0.0,0.0,7.0,0.0,0.0,0.0,15.0,0.0,5.0,0.0,0.0,0.0,1.0,11.0,3.0,0.0,11.0,8.0,2.0,16.0,14.0,39.0,34.0,23.0
120,1.0,120.0,London_423,newnew,151,453,1092.0,70.0,2.0,162627.0,0.5713494559749961,812.0,49.0,1.0,48.0,92.0,9.0,83.0,210.0,196.0,155.0,15.0,56.0,7.0,19.0,0.0,5.0,10.0,75.0,163.0,205.0,62.0,0.0,0.0,0.0,0.0,0.0,0.0,0.0,0.0,0.0,0.0,0.0,0.0,0.0,0.0,0.0,0.0,0.0,0.0,0.0,0.0,0.0,0.0,0.0,0.0,0.0,0.0,0.0,0.0,0.0,0.0,0.0,0.0,0.0,0.0,0.0,0.0,0.0,0.0,1.0,0.0,0.0,3.0,0.0,1.0,7.0,4.0,5.0,8.0,13.0,10.0,0.0,0.0,0.0,0.0,0.0,0.0,0.0,0.0,0.0,0.0,0.0,0.0,0.0,0.0,0.0,0.0,0.0,0.0,1.0,0.0,0.0,4.0,0.0,1.0,10.0,4.0,7.0,11.0,17.0,14.0
121,1.0,121.0,London_423,newnew,151,453,1092.0,70.0,2.0,183918.0,0.8570508259581402,859.0,194.0,0.0,194.0,344.0,0.0,344.0,92.0,196.0,155.0,20.0,44.0,12.0,20.0,0.0,6.0,11.0,68.0,161.0,213.0,61.0,0.0,0.0,0.0,0.0,0.0,0.0,0.0,0.0,0.0,0.0,0.0,0.0,0.0,0.0,0.0,0.0,0.0,0.0,0.0,0.0,0.0,0.0,0.0,0.0,0.0,0.0,0.0,0.0,0.0,0.0,0.0,0.0,0.0,0.0,0.0,0.0,0.0,0.0,1.0,22.0,0.0,5.0,11.0,10.0,4.0,16.0,2.0,39.0,44.0,36.0,0.0,0.0,0.0,0.0,0.0,0.0,0.0,0.0,0.0,0.0,0.0,0.0,0.0,0.0,0.0,0.0,0.0,0.0,1.0,38.0,0.0,5.0,12.0,12.0,5.0,17.0,2.0,57.0,63.0,48.0
122,1.0,122.0,London_423,newnew,151,453,1092.0,70.0,2.0,128652.0,0.42228276701644063,737.0,79.0,0.0,79.0,130.0,0.0,130.0,344.0,152.0,142.0,17.0,108.0,7.0,22.0,1.0,4.0,8.0,86.0,164.0,195.0,48.0,0.0,0.0,0.0,0.0,0.0,0.0,0.0,0.0,0.0,0.0,0.0,0.0,0.0,0.0,0.0,0.0,0.0,0.0,0.0,0.0,0.0,0.0,0.0,0.0,0.0,0.0,0.0,0.0,0.0,0.0,0.0,0.0,0.0,0.0,0.0,0.0,0.0,0.0,4.0,2.0,2.0,0.0,1.0,5.0,5.0,8.0,4.0,18.0,18.0,17.0,0.0,0.0,0.0,0.0,0.0,0.0,0.0,0.0,0.0,0.0,0.0,0.0,0.0,0.0,0.0,0.0,0.0,0.0,5.0,3.0,2.0,0.0,1.0,8.0,6.0,9.0,5.0,26.0,20.0,22.0
123,1.0,123.0,London_423,newnew,151,453,1092.0,70.0,2.0,113703.0,0.4833474369952455,704.0,74.0,2.0,72.0,150.0,19.0,131.0,130.0,157.0,147.0,17.0,92.0,12.0,23.0,2.0,3.0,9.0,105.0,153.0,186.0,54.0,0.0,0.0,0.0,0.0,0.0,0.0,0.0,0.0,0.0,0.0,0.0,0.0,0.0,0.0,0.0,0.0,0.0,0.0,0.0,0.0,0.0,0.0,0.0,0.0,0.0,0.0,0.0,0.0,1.0,0.0,0.0,1.0,0.0,1.0,2.0,0.0,0.0,0.0,2.0,2.0,2.0,0.0,0.0,8.0,7.0,7.0,9.0,11.0,21.0,11.0,0.0,0.0,0.0,0.0,0.0,0.0,0.0,0.0,6.0,0.0,0.0,7.0,0.0,3.0,10.0,0.0,0.0,0.0,3.0,3.0,3.0,0.0,0.0,9.0,8.0,11.0,10.0,17.0,33.0,14.0
124,1.0,124.0,London_423,newnew,151,453,1092.0,70.0,2.0,104643.0,0.39205310301622376,684.0,59.0,0.0,59.0,109.0,0.0,109.0,150.0,165.0,168.0,18.0,71.0,5.0,22.0,0.0,4.0,5.0,100.0,147.0,201.0,60.0,0.0,0.0,0.0,0.0,0.0,0.0,0.0,0.0,0.0,0.0,0.0,0.0,0.0,0.0,0.0,0.0,0.0,0.0,0.0,0.0,0.0,0.0,0.0,0.0,0.0,0.0,0.0,0.0,0.0,0.0,0.0,0.0,0.0,0.0,0.0,0.0,0.0,0.0,4.0,1.0,0.0,0.0,0.0,9.0,2.0,5.0,8.0,11.0,12.0,13.0,0.0,0.0,0.0,0.0,0.0,0.0,0.0,0.0,0.0,0.0,0.0,0.0,0.0,0.0,0.0,0.0,0.0,0.0,5.0,1.0,0.0,0.0,0.0,13.0,2.0,8.0,11.0,20.0,20.0,17.0
125,1.0,125.0,London_423,newnew,151,453,1092.0,70.0,2.0,112344.0,0.4389153239899315,701.0,7.0,2.0,5.0,26.0,16.0,10.0,109.0,175.0,168.0,28.0,53.0,5.0,22.0,0.0,2.0,7.0,97.0,148.0,201.0,65.0,0.0,0.0,0.0,0.0,0.0,0.0,0.0,0.0,0.0,0.0,0.0,0.0,0.0,0.0,0.0,0.0,0.0,0.0,0.0,0.0,0.0,0.0,0.0,0.0,0.0,0.0,0.0,0.0,1.0,0.0,0.0,0.0,0.0,2.0,2.0,0.0,0.0,0.0,0.0,0.0,0.0,0.0,0.0,0.0,0.0,0.0,1.0,0.0,0.0,3.0,0.0,0.0,0.0,0.0,0.0,0.0,0.0,0.0,5.0,0.0,0.0,0.0,0.0,10.0,9.0,0.0,0.0,0.0,0.0,0.0,0.0,0.0,0.0,0.0,0.0,0.0,2.0,0.0,0.0,4.0
126,1.0,126.0,London_423,newnew,151,453,1092.0,70.0,2.0,150396.0,0.7080079509760253,785.0,88.0,1.0,87.0,157.0,9.0,148.0,26.0,178.0,171.0,27.0,53.0,3.0,18.0,1.0,2.0,5.0,98.0,146.0,204.0,58.0,0.0,0.0,0.0,0.0,0.0,0.0,0.0,0.0,0.0,0.0,0.0,0.0,0.0,0.0,0.0,0.0,0.0,0.0,0.0,0.0,0.0,0.0,0.0,0.0,0.0,0.0,0.0,0.0,1.0,0.0,0.0,0.0,0.0,0.0,0.0,0.0,0.0,0.0,2.0,0.0,1.0,3.0,0.0,15.0,4.0,8.0,13.0,14.0,22.0,14.0,0.0,0.0,0.0,0.0,0.0,0.0,0.0,0.0,3.0,0.0,0.0,0.0,0.0,0.0,0.0,0.0,0.0,0.0,3.0,0.0,1.0,3.0,0.0,19.0,5.0,9.0,16.0,21.0,33.0,17.0
127,1.0,127.0,London_423,newnew,151,453,1092.0,70.0,2.0,142695.0,0.7367360360221937,768.0,119.0,2.0,117.0,222.0,18.0,204.0,157.0,193.0,167.0,25.0,51.0,3.0,13.0,0.0,1.0,5.0,96.0,152.0,200.0,54.0,0.0,0.0,0.0,0.0,0.0,0.0,0.0,0.0,0.0,0.0,0.0,0.0,0.0,0.0,0.0,0.0,0.0,0.0,0.0,0.0,0.0,0.0,0.0,0.0,0.0,0.0,0.0,0.0,0.0,0.0,0.0,0.0,1.0,0.0,0.0,0.0,0.0,0.0,3.0,3.0,2.0,2.0,3.0,10.0,9.0,9.0,14.0,23.0,23.0,23.0,0.0,0.0,0.0,0.0,0.0,0.0,0.0,0.0,0.0,0.0,0.0,0.0,5.0,0.0,0.0,0.0,0.0,0.0,5.0,6.0,3.0,4.0,3.0,12.0,14.0,13.0,21.0,31.0,33.0,31.0
128,1.0,128.0,London_423,newnew,151,453,1092.0,70.0,2.0,132729.0,0.6891738770063967,746.0,75.0,2.0,73.0,142.0,17.0,125.0,222.0,197.0,141.0,13.0,73.0,7.0,19.0,1.0,2.0,8.0,77.0,150.0,218.0,54.0,0.0,0.0,0.0,0.0,0.0,0.0,0.0,0.0,0.0,0.0,0.0,0.0,0.0,0.0,0.0,0.0,0.0,0.0,0.0,0.0,0.0,0.0,0.0,0.0,0.0,0.0,0.0,0.0,1.0,0.0,0.0,1.0,0.0,0.0,1.0,0.0,0.0,0.0,2.0,1.0,0.0,2.0,0.0,9.0,5.0,7.0,10.0,11.0,15.0,14.0,0.0,0.0,0.0,0.0,0.0,0.0,0.0,0.0,1.0,0.0,0.0,5.0,0.0,0.0,2.0,0.0,0.0,0.0,2.0,1.0,0.0,3.0,0.0,9.0,5.0,8.0,16.0,18.0,21.0,15.0
129,1.0,129.0,London_423,newnew,151,453,1092.0,70.0,2.0,147678.0,0.5293228090158664,779.0,0.0,0.0,0.0,0.0,0.0,0.0,142.0,206.0,135.0,19.0,61.0,6.0,22.0,1.0,3.0,4.0,77.0,154.0,218.0,52.0,0.0,0.0,0.0,0.0,0.0,0.0,0.0,0.0,0.0,0.0,0.0,0.0,0.0,0.0,0.0,0.0,0.0,0.0,0.0,0.0,0.0,0.0,0.0,0.0,0.0,0.0,0.0,0.0,0.0,0.0,0.0,0.0,0.0,0.0,0.0,0.0,0.0,0.0,0.0,0.0,0.0,0.0,0.0,0.0,0.0,0.0,0.0,0.0,0.0,0.0,0.0,0.0,0.0,0.0,0.0,0.0,0.0,0.0,0.0,0.0,0.0,0.0,0.0,0.0,0.0,0.0,0.0,0.0,0.0,0.0,0.0,0.0,0.0,0.0,0.0,0.0,0.0,0.0,0.0,0.0
130,1.0,130.0,London_423,newnew,151,453,1092.0,70.0,2.0,194790.0,0.8173780670040287,883.0,98.0,2.0,96.0,181.0,19.0,162.0,0.0,206.0,135.0,19.0,61.0,6.0,22.0,1.0,3.0,4.0,77.0,154.0,218.0,52.0,0.0,0.0,0.0,0.0,0.0,0.0,0.0,0.0,0.0,0.0,0.0,0.0,0.0,0.0,0.0,0.0,0.0,0.0,0.0,0.0,0.0,0.0,0.0,0.0,0.0,0.0,0.0,0.0,2.0,0.0,0.0,2.0,1.0,0.0,1.0,0.0,0.0,0.0,0.0,5.0,5.0,0.0,0.0,12.0,9.0,9.0,5.0,19.0,21.0,13.0,0.0,0.0,0.0,0.0,0.0,0.0,0.0,0.0,5.0,0.0,0.0,4.0,6.0,0.0,5.0,0.0,0.0,0.0,0.0,7.0,7.0,0.0,0.0,18.0,13.0,14.0,6.0,32.0,32.0,14.0
131,1.0,131.0,London_423,newnew,151,453,1092.0,70.0,2.0,202944.0,1.0014129559858702,901.0,132.0,0.0,132.0,211.0,0.0,211.0,181.0,218.0,121.0,31.0,54.0,3.0,17.0,3.0,6.0,3.0,70.0,147.0,233.0,48.0,0.0,0.0,0.0,0.0,0.0,0.0,0.0,0.0,0.0,0.0,0.0,0.0,0.0,0.0,0.0,0.0,0.0,0.0,0.0,0.0,0.0,0.0,0.0,0.0,0.0,0.0,0.0,0.0,0.0,0.0,0.0,0.0,0.0,0.0,0.0,0.0,0.0,0.0,1.0,10.0,1.0,1.0,9.0,17.0,5.0,9.0,12.0,32.0,30.0,19.0,0.0,0.0,0.0,0.0,0.0,0.0,0.0,0.0,0.0,0.0,0.0,0.0,0.0,0.0,0.0,0.0,0.0,0.0,1.0,14.0,1.0,1.0,9.0,21.0,6.0,12.0,19.0,47.0,42.0,22.0
132,1.0,132.0,London_423,newnew,151,453,1092.0,70.0,2.0,183012.0,0.712944337981753,857.0,80.0,0.0,80.0,149.0,0.0,149.0,211.0,223.0,118.0,21.0,60.0,7.0,15.0,3.0,6.0,6.0,72.0,155.0,220.0,43.0,0.0,0.0,0.0,0.0,0.0,0.0,0.0,0.0,0.0,0.0,0.0,0.0,0.0,0.0,0.0,0.0,0.0,0.0,0.0,0.0,0.0,0.0,0.0,0.0,0.0,0.0,0.0,0.0,0.0,0.0,0.0,0.0,0.0,0.0,0.0,0.0,0.0,0.0,0.0,5.0,2.0,1.0,0.0,10.0,7.0,5.0,9.0,11.0,20.0,10.0,0.0,0.0,0.0,0.0,0.0,0.0,0.0,0.0,0.0,0.0,0.0,0.0,0.0,0.0,0.0,0.0,0.0,0.0,0.0,8.0,2.0,1.0,0.0,10.0,11.0,5.0,11.0,19.0,31.0,12.0
133,1.0,133.0,London_423,newnew,151,453,1092.0,70.0,2.0,185730.0,0.8393660360015929,863.0,121.0,2.0,119.0,221.0,18.0,203.0,149.0,228.0,127.0,18.0,47.0,7.0,15.0,3.0,8.0,3.0,84.0,155.0,211.0,37.0,0.0,0.0,0.0,0.0,0.0,0.0,0.0,0.0,0.0,0.0,0.0,0.0,0.0,0.0,0.0,0.0,0.0,0.0,0.0,0.0,0.0,0.0,0.0,0.0,0.0,0.0,0.0,0.0,0.0,0.0,0.0,0.0,0.0,1.0,2.0,0.0,0.0,0.0,4.0,6.0,0.0,4.0,3.0,13.0,7.0,7.0,10.0,24.0,33.0,28.0,0.0,0.0,0.0,0.0,0.0,0.0,0.0,0.0,0.0,0.0,0.0,0.0,0.0,7.0,2.0,0.0,0.0,0.0,4.0,6.0,0.0,5.0,3.0,15.0,11.0,9.0,11.0,36.0,44.0,38.0
134,1.0,134.0,London_423,newnew,151,453,1092.0,70.0,2.0,165345.0,0.7604975799913518,818.0,134.0,0.0,134.0,244.0,0.0,244.0,221.0,229.0,99.0,12.0,81.0,6.0,22.0,2.0,2.0,5.0,70.0,157.0,221.0,42.0,0.0,0.0,0.0,0.0,0.0,0.0,0.0,0.0,0.0,0.0,0.0,0.0,0.0,0.0,0.0,0.0,0.0,0.0,0.0,0.0,0.0,0.0,0.0,0.0,0.0,0.0,0.0,0.0,0.0,0.0,0.0,0.0,0.0,0.0,0.0,0.0,0.0,0.0,0.0,6.0,1.0,3.0,0.0,10.0,12.0,10.0,8.0,41.0,25.0,32.0,0.0,0.0,0.0,0.0,0.0,0.0,0.0,0.0,0.0,0.0,0.0,0.0,0.0,0.0,0.0,0.0,0.0,0.0,0.0,9.0,1.0,5.0,0.0,13.0,16.0,14.0,16.0,63.0,38.0,39.0
135,1.0,135.0,London_423,newnew,151,453,1092.0,70.0,2.0,139524.0,0.621486320043914,761.0,98.0,1.0,97.0,166.0,9.0,157.0,244.0,230.0,102.0,21.0,66.0,8.0,20.0,1.0,5.0,8.0,79.0,143.0,223.0,46.0,0.0,0.0,0.0,0.0,0.0,0.0,0.0,0.0,0.0,0.0,0.0,0.0,0.0,0.0,0.0,0.0,0.0,0.0,0.0,0.0,0.0,0.0,0.0,0.0,0.0,0.0,0.0,0.0,0.0,0.0,0.0,1.0,0.0,1.0,1.0,0.0,0.0,0.0,2.0,4.0,2.0,2.0,1.0,9.0,15.0,2.0,8.0,15.0,24.0,18.0,0.0,0.0,0.0,0.0,0.0,0.0,0.0,0.0,0.0,0.0,0.0,1.0,0.0,9.0,1.0,0.0,0.0,0.0,2.0,5.0,2.0,2.0,1.0,12.0,20.0,2.0,13.0,25.0,31.0,22.0
136,1.0,136.0,London_423,newnew,151,453,1092.0,70.0,2.0,128652.0,0.6485701110213995,737.0,146.0,0.0,146.0,264.0,0.0,264.0,166.0,238.0,95.0,19.0,69.0,3.0,25.0,1.0,3.0,7.0,77.0,144.0,225.0,57.0,0.0,0.0,0.0,0.0,0.0,0.0,0.0,0.0,0.0,0.0,0.0,0.0,0.0,0.0,0.0,0.0,0.0,0.0,0.0,0.0,0.0,0.0,0.0,0.0,0.0,0.0,0.0,0.0,0.0,0.0,0.0,0.0,0.0,0.0,0.0,0.0,0.0,0.0,1.0,8.0,0.0,2.0,1.0,10.0,12.0,2.0,14.0,26.0,41.0,19.0,0.0,0.0,0.0,0.0,0.0,0.0,0.0,0.0,0.0,0.0,0.0,0.0,0.0,0.0,0.0,0.0,0.0,0.0,1.0,12.0,0.0,4.0,1.0,14.0,18.0,2.0,17.0,41.0,59.0,26.0
137,1.0,137.0,London_423,newnew,151,453,1092.0,70.0,2.0,93318.0,0.3108961610123515,659.0,37.0,2.0,35.0,80.0,17.0,63.0,264.0,236.0,89.0,20.0,68.0,7.0,28.0,1.0,4.0,3.0,77.0,150.0,223.0,21.0,0.0,0.0,0.0,0.0,0.0,0.0,0.0,0.0,0.0,0.0,0.0,0.0,0.0,0.0,0.0,0.0,0.0,0.0,0.0,0.0,0.0,0.0,0.0,0.0,0.0,0.0,0.0,0.0,1.0,0.0,0.0,1.0,1.0,0.0,0.0,0.0,0.0,0.0,0.0,0.0,0.0,0.0,1.0,3.0,3.0,1.0,5.0,5.0,13.0,6.0,0.0,0.0,0.0,0.0,0.0,0.0,0.0,0.0,6.0,0.0,0.0,6.0,4.0,0.0,0.0,0.0,0.0,0.0,0.0,0.0,0.0,0.0,1.0,4.0,3.0,3.0,8.0,8.0,20.0,6.0
138,1.0,138.0,London_423,newnew,151,453,1092.0,70.0,2.0,111891.0,0.4506327059934847,700.0,0.0,0.0,0.0,0.0,0.0,0.0,80.0,230.0,100.0,16.0,67.0,5.0,33.0,0.0,2.0,3.0,81.0,142.0,227.0,30.0,0.0,0.0,0.0,0.0,0.0,0.0,0.0,0.0,0.0,0.0,0.0,0.0,0.0,0.0,0.0,0.0,0.0,0.0,0.0,0.0,0.0,0.0,0.0,0.0,0.0,0.0,0.0,0.0,0.0,0.0,0.0,0.0,0.0,0.0,0.0,0.0,0.0,0.0,0.0,0.0,0.0,0.0,0.0,0.0,0.0,0.0,0.0,0.0,0.0,0.0,0.0,0.0,0.0,0.0,0.0,0.0,0.0,0.0,0.0,0.0,0.0,0.0,0.0,0.0,0.0,0.0,0.0,0.0,0.0,0.0,0.0,0.0,0.0,0.0,0.0,0.0,0.0,0.0,0.0,0.0
139,1.0,139.0,London_423,newnew,151,453,1092.0,70.0,2.0,141336.0,0.5449293589917943,765.0,37.0,1.0,36.0,80.0,12.0,68.0,0.0,230.0,100.0,16.0,67.0,5.0,33.0,0.0,2.0,3.0,81.0,142.0,227.0,30.0,0.0,0.0,0.0,0.0,0.0,0.0,0.0,0.0,0.0,0.0,0.0,0.0,0.0,0.0,0.0,0.0,0.0,0.0,0.0,0.0,0.0,0.0,0.0,0.0,0.0,0.0,0.0,0.0,1.0,0.0,0.0,1.0,0.0,0.0,0.0,0.0,0.0,0.0,3.0,0.0,1.0,0.0,1.0,5.0,3.0,7.0,1.0,4.0,5.0,6.0,0.0,0.0,0.0,0.0,0.0,0.0,0.0,0.0,7.0,0.0,0.0,6.0,0.0,0.0,0.0,0.0,0.0,0.0,3.0,0.0,1.0,0.0,1.0,9.0,3.0,9.0,4.0,7.0,8.0,8.0
140,1.0,140.0,London_423,newnew,151,453,1092.0,70.0,2.0,166251.0,0.931994526006747,820.0,106.0,2.0,104.0,179.0,16.0,163.0,80.0,226.0,106.0,19.0,67.0,3.0,30.0,1.0,1.0,2.0,90.0,141.0,220.0,32.0,0.0,0.0,0.0,0.0,0.0,0.0,0.0,0.0,0.0,0.0,0.0,0.0,0.0,0.0,0.0,0.0,0.0,0.0,0.0,0.0,0.0,0.0,0.0,0.0,0.0,0.0,0.0,0.0,1.0,0.0,0.0,0.0,2.0,0.0,2.0,0.0,0.0,0.0,3.0,4.0,0.0,2.0,0.0,9.0,8.0,7.0,7.0,27.0,17.0,21.0,0.0,0.0,0.0,0.0,0.0,0.0,0.0,0.0,3.0,0.0,0.0,0.0,13.0,0.0,10.0,0.0,0.0,0.0,4.0,4.0,0.0,4.0,0.0,13.0,10.0,9.0,9.0,39.0,23.0,25.0
141,1.0,141.0,London_423,newnew,151,453,1092.0,70.0,2.0,163986.0,0.7660378210130148,815.0,81.0,2.0,79.0,154.0,18.0,136.0,179.0,230.0,105.0,24.0,57.0,4.0,29.0,1.0,3.0,6.0,91.0,139.0,217.0,37.0,0.0,0.0,0.0,0.0,0.0,0.0,0.0,0.0,0.0,0.0,0.0,0.0,0.0,0.0,0.0,0.0,0.0,0.0,0.0,0.0,0.0,0.0,0.0,0.0,0.0,0.0,0.0,0.0,0.0,1.0,0.0,1.0,0.0,1.0,1.0,0.0,0.0,0.0,4.0,1.0,3.0,1.0,2.0,9.0,4.0,4.0,9.0,22.0,14.0,19.0,0.0,0.0,0.0,0.0,0.0,0.0,0.0,0.0,0.0,4.0,0.0,3.0,0.0,8.0,2.0,0.0,0.0,0.0,6.0,1.0,4.0,2.0,2.0,13.0,5.0,5.0,11.0,37.0,21.0,25.0
142,1.0,142.0,London_423,newnew,151,453,1092.0,70.0,2.0,161721.0,0.7803057619603351,810.0,117.0,1.0,116.0,208.0,9.0,199.0,154.0,245.0,100.0,16.0,49.0,3.0,36.0,1.0,3.0,2.0,91.0,147.0,213.0,25.0,0.0,0.0,0.0,0.0,0.0,0.0,0.0,0.0,0.0,0.0,0.0,0.0,0.0,0.0,0.0,0.0,0.0,0.0,0.0,0.0,0.0,0.0,0.0,0.0,0.0,0.0,0.0,0.0,0.0,0.0,0.0,0.0,0.0,0.0,0.0,0.0,0.0,0.0,1.0,6.0,5.0,2.0,12.0,12.0,4.0,9.0,11.0,22.0,25.0,20.0,0.0,0.0,0.0,0.0,0.0,0.0,0.0,0.0,0.0,0.0,0.0,0.0,0.0,0.0,0.0,0.0,0.0,0.0,1.0,6.0,6.0,3.0,12.0,16.0,6.0,12.0,14.0,34.0,38.0,29.0
143,1.0,143.0,London_423,newnew,151,453,1092.0,70.0,2.0,145413.0,0.6350817939965054,774.0,101.0,0.0,101.0,168.0,0.0,168.0,208.0,246.0,85.0,18.0,63.0,10.0,25.0,1.0,5.0,5.0,91.0,153.0,204.0,20.0,0.0,0.0,0.0,0.0,0.0,0.0,0.0,0.0,0.0,0.0,0.0,0.0,0.0,0.0,0.0,0.0,0.0,0.0,0.0,0.0,0.0,0.0,0.0,0.0,0.0,0.0,0.0,0.0,0.0,0.0,0.0,0.0,0.0,0.0,0.0,0.0,0.0,0.0,0.0,11.0,5.0,1.0,0.0,14.0,8.0,13.0,14.0,17.0,24.0,26.0,0.0,0.0,0.0,0.0,0.0,0.0,0.0,0.0,0.0,0.0,0.0,0.0,0.0,0.0,0.0,0.0,0.0,0.0,0.0,18.0,6.0,1.0,0.0,18.0,10.0,15.0,20.0,29.0,32.0,32.0
144,1.0,144.0,London_423,newnew,151,453,1092.0,70.0,2.0,137712.0,0.5901209860458039,757.0,67.0,0.0,67.0,110.0,0.0,110.0,168.0,270.0,71.0,18.0,46.0,7.0,29.0,5.0,7.0,2.0,97.0,150.0,204.0,19.0,0.0,0.0,0.0,0.0,0.0,0.0,0.0,0.0,0.0,0.0,0.0,0.0,0.0,0.0,0.0,0.0,0.0,0.0,0.0,0.0,0.0,0.0,0.0,0.0,0.0,0.0,0.0,0.0,0.0,0.0,0.0,0.0,0.0,0.0,0.0,0.0,0.0,0.0,3.0,2.0,0.0,0.0,0.0,9.0,7.0,2.0,12.0,11.0,20.0,13.0,0.0,0.0,0.0,0.0,0.0,0.0,0.0,0.0,0.0,0.0,0.0,0.0,0.0,0.0,0.0,0.0,0.0,0.0,3.0,3.0,0.0,0.0,0.0,12.0,10.0,2.0,19.0,14.0,32.0,15.0
145,1.0,145.0,London_423,newnew,151,453,1092.0,70.0,2.0,145866.0,0.6784887610119767,775.0,23.0,2.0,21.0,52.0,19.0,33.0,110.0,279.0,78.0,16.0,30.0,5.0,34.0,6.0,5.0,1.0,90.0,152.0,210.0,28.0,0.0,0.0,0.0,0.0,0.0,0.0,0.0,0.0,0.0,0.0,0.0,0.0,0.0,0.0,0.0,0.0,0.0,0.0,0.0,0.0,0.0,0.0,0.0,0.0,0.0,0.0,0.0,0.0,0.0,0.0,0.0,2.0,2.0,0.0,2.0,0.0,0.0,0.0,1.0,0.0,0.0,0.0,0.0,3.0,0.0,1.0,3.0,5.0,6.0,6.0,0.0,0.0,0.0,0.0,0.0,0.0,0.0,0.0,0.0,0.0,0.0,9.0,16.0,0.0,11.0,0.0,0.0,0.0,1.0,0.0,0.0,0.0,0.0,3.0,0.0,2.0,4.0,6.0,8.0,8.0
146,1.0,146.0,London_423,newnew,151,453,1092.0,70.0,2.0,169422.0,0.9015981740085408,827.0,110.0,0.0,110.0,190.0,0.0,190.0,52.0,282.0,73.0,18.0,24.0,7.0,38.0,6.0,5.0,2.0,97.0,129.0,225.0,24.0,0.0,0.0,0.0,0.0,0.0,0.0,0.0,0.0,0.0,0.0,0.0,0.0,0.0,0.0,0.0,0.0,0.0,0.0,0.0,0.0,0.0,0.0,0.0,0.0,0.0,0.0,0.0,0.0,0.0,0.0,0.0,0.0,0.0,0.0,0.0,0.0,0.0,0.0,1.0,8.0,0.0,4.0,12.0,3.0,3.0,3.0,21.0,16.0,30.0,13.0,0.0,0.0,0.0,0.0,0.0,0.0,0.0,0.0,0.0,0.0,0.0,0.0,0.0,0.0,0.0,0.0,0.0,0.0,1.0,10.0,0.0,4.0,12.0,3.0,5.0,4.0,27.0,25.0,41.0,16.0
147,1.0,147.0,London_423,newnew,151,453,1092.0,70.0,2.0,155832.0,0.740183687012177,797.0,155.0,1.0,154.0,272.0,8.0,264.0,190.0,255.0,71.0,11.0,55.0,11.0,43.0,1.0,6.0,2.0,94.0,140.0,217.0,31.0,0.0,0.0,0.0,0.0,0.0,0.0,0.0,0.0,0.0,0.0,0.0,0.0,0.0,0.0,0.0,0.0,0.0,0.0,0.0,0.0,0.0,0.0,0.0,0.0,0.0,0.0,0.0,0.0,0.0,0.0,0.0,0.0,1.0,0.0,0.0,0.0,0.0,0.0,1.0,25.0,2.0,1.0,6.0,14.0,6.0,5.0,7.0,26.0,34.0,33.0,0.0,0.0,0.0,0.0,0.0,0.0,0.0,0.0,0.0,0.0,0.0,0.0,6.0,0.0,0.0,0.0,0.0,0.0,1.0,36.0,2.0,1.0,6.0,17.0,8.0,7.0,9.0,38.0,44.0,43.0
148,1.0,148.0,London_423,newnew,151,453,1092.0,70.0,2.0,120498.0,0.396347122034058,719.0,11.0,2.0,9.0,36.0,18.0,18.0,272.0,194.0,95.0,18.0,79.0,10.0,47.0,3.0,7.0,7.0,85.0,146.0,215.0,41.0,0.0,0.0,0.0,0.0,0.0,0.0,0.0,0.0,0.0,0.0,0.0,0.0,0.0,0.0,0.0,0.0,0.0,0.0,0.0,0.0,0.0,0.0,0.0,0.0,0.0,0.0,0.0,0.0,0.0,0.0,0.0,1.0,0.0,0.0,1.0,0.0,0.0,0.0,0.0,0.0,0.0,0.0,0.0,1.0,1.0,4.0,1.0,0.0,1.0,2.0,0.0,0.0,0.0,0.0,0.0,0.0,0.0,0.0,0.0,0.0,0.0,6.0,0.0,0.0,4.0,0.0,0.0,0.0,0.0,0.0,0.0,0.0,0.0,1.0,1.0,7.0,1.0,0.0,1.0,3.0
149,1.0,149.0,London_423,newnew,151,453,1092.0,70.0,2.0,152208.0,0.5532292220159434,789.0,90.0,1.0,89.0,156.0,9.0,147.0,36.0,197.0,103.0,14.0,80.0,11.0,37.0,3.0,8.0,6.0,89.0,141.0,217.0,41.0,0.0,0.0,0.0,0.0,0.0,0.0,0.0,0.0,0.0,0.0,0.0,0.0,0.0,0.0,0.0,0.0,0.0,0.0,0.0,0.0,0.0,0.0,0.0,0.0,0.0,0.0,0.0,0.0,0.0,0.0,0.0,0.0,0.0,0.0,0.0,0.0,0.0,0.0,2.0,11.0,3.0,3.0,1.0,7.0,8.0,6.0,8.0,15.0,19.0,12.0,0.0,0.0,0.0,0.0,0.0,0.0,0.0,0.0,0.0,0.0,0.0,0.0,0.0,0.0,0.0,0.0,0.0,0.0,2.0,16.0,3.0,5.0,1.0,10.0,9.0,9.0,12.0,20.0,28.0,18.0
150,1.0,150.0,London_423,newnew,151,453,1092.0,70.0,2.0,150396.0,0.6267414939939044,785.0,69.0,0.0,69.0,112.0,0.0,112.0,156.0,209.0,112.0,20.0,57.0,11.0,37.0,2.0,5.0,7.0,86.0,148.0,212.0,43.0,0.0,0.0,0.0,0.0,0.0,0.0,0.0,0.0,0.0,0.0,0.0,0.0,0.0,0.0,0.0,0.0,0.0,0.0,0.0,0.0,0.0,0.0,0.0,0.0,0.0,0.0,0.0,0.0,0.0,0.0,0.0,0.0,0.0,0.0,0.0,0.0,0.0,0.0,3.0,7.0,5.0,2.0,1.0,3.0,6.0,0.0,7.0,10.0,12.0,14.0,0.0,0.0,0.0,0.0,0.0,0.0,0.0,0.0,0.0,0.0,0.0,0.0,0.0,0.0,0.0,0.0,0.0,0.0,4.0,12.0,6.0,2.0,1.0,3.0,8.0,0.0,7.0,15.0,20.0,17.0
151,1.0,151.0,London_423,newnew,151,453,1092.0,70.0,2.0,151755.0,0.5789958649547771,788.0,61.0,0.0,61.0,108.0,0.0,108.0,112.0,220.0,110.0,34.0,33.0,13.0,32.0,2.0,9.0,6.0,79.0,147.0,221.0,43.0,0.0,0.0,0.0,0.0,0.0,0.0,0.0,0.0,0.0,0.0,0.0,0.0,0.0,0.0,0.0,0.0,0.0,0.0,0.0,0.0,0.0,0.0,0.0,0.0,0.0,0.0,0.0,0.0,0.0,0.0,0.0,0.0,0.0,0.0,0.0,0.0,0.0,0.0,3.0,3.0,6.0,2.0,5.0,7.0,5.0,2.0,8.0,12.0,8.0,14.0,0.0,0.0,0.0,0.0,0.0,0.0,0.0,0.0,0.0,0.0,0.0,0.0,0.0,0.0,0.0,0.0,0.0,0.0,3.0,4.0,6.0,5.0,5.0,7.0,6.0,2.0,9.0,21.0,11.0,17.0
152,1.0,152.0,London_423,newnew,151,453,1092.0,70.0,2.0,166704.0,0.7310668430291116,821.0,67.0,2.0,65.0,130.0,19.0,111.0,108.0,219.0,108.0,22.0,36.0,21.0,40.0,1.0,6.0,4.0,89.0,149.0,211.0,44.0,0.0,0.0,0.0,0.0,0.0,0.0,0.0,0.0,0.0,0.0,0.0,0.0,0.0,0.0,0.0,0.0,0.0,0.0,0.0,0.0,0.0,0.0,0.0,0.0,0.0,0.0,0.0,0.0,0.0,0.0,0.0,0.0,0.0,0.0,2.0,0.0,0.0,0.0,2.0,2.0,0.0,0.0,3.0,4.0,6.0,4.0,3.0,14.0,10.0,16.0,0.0,0.0,0.0,0.0,0.0,0.0,0.0,0.0,0.0,0.0,0.0,0.0,0.0,0.0,13.0,0.0,0.0,0.0,2.0,4.0,0.0,0.0,3.0,7.0,8.0,5.0,4.0,20.0,14.0,21.0
153,1.0,153.0,London_423,newnew,151,453,1092.0,70.0,2.0,176670.0,0.9529127010027878,843.0,140.0,1.0,139.0,248.0,9.0,239.0,130.0,223.0,100.0,13.0,45.0,21.0,42.0,1.0,8.0,3.0,96.0,139.0,215.0,44.0,0.0,0.0,0.0,0.0,0.0,0.0,0.0,0.0,0.0,0.0,0.0,0.0,0.0,0.0,0.0,0.0,0.0,0.0,0.0,0.0,0.0,0.0,0.0,0.0,0.0,0.0,0.0,0.0,0.0,0.0,0.0,0.0,1.0,0.0,0.0,0.0,0.0,0.0,6.0,12.0,1.0,0.0,8.0,12.0,9.0,6.0,20.0,28.0,33.0,26.0,0.0,0.0,0.0,0.0,0.0,0.0,0.0,0.0,0.0,0.0,0.0,0.0,6.0,0.0,0.0,0.0,0.0,0.0,7.0,16.0,1.0,0.0,9.0,16.0,14.0,7.0,23.0,46.0,45.0,35.0
154,1.0,154.0,London_423,newnew,151,453,1092.0,70.0,2.0,159003.0,0.665683250001166,804.0,139.0,2.0,137.0,245.0,19.0,226.0,248.0,209.0,91.0,17.0,82.0,18.0,31.0,0.0,5.0,2.0,78.0,157.0,216.0,27.0,0.0,0.0,0.0,0.0,0.0,0.0,0.0,0.0,0.0,0.0,0.0,0.0,0.0,0.0,0.0,0.0,0.0,0.0,0.0,0.0,0.0,0.0,0.0,0.0,0.0,0.0,0.0,0.0,0.0,0.0,0.0,1.0,0.0,0.0,0.0,0.0,0.0,0.0,8.0,5.0,1.0,2.0,17.0,6.0,10.0,12.0,12.0,22.0,35.0,26.0,0.0,0.0,0.0,0.0,0.0,0.0,0.0,0.0,0.0,0.0,0.0,5.0,0.0,0.0,0.0,0.0,0.0,0.0,9.0,5.0,1.0,2.0,17.0,6.0,15.0,16.0,16.0,31.0,49.0,37.0
155,1.0,155.0,London_423,newnew,151,453,1092.0,70.0,2.0,142695.0,0.5908265830366872,768.0,57.0,2.0,55.0,115.0,16.0,99.0,245.0,232.0,88.0,15.0,74.0,10.0,31.0,1.0,2.0,6.0,79.0,154.0,214.0,26.0,0.0,0.0,0.0,0.0,0.0,0.0,0.0,0.0,0.0,0.0,0.0,0.0,0.0,0.0,0.0,0.0,0.0,0.0,0.0,0.0,0.0,0.0,0.0,0.0,0.0,0.0,0.0,0.0,0.0,0.0,0.0,1.0,0.0,1.0,2.0,0.0,0.0,0.0,2.0,1.0,0.0,2.0,1.0,3.0,6.0,5.0,5.0,10.0,13.0,9.0,0.0,0.0,0.0,0.0,0.0,0.0,0.0,0.0,0.0,0.0,0.0,5.0,0.0,5.0,3.0,0.0,0.0,0.0,2.0,1.0,0.0,3.0,1.0,7.0,8.0,6.0,6.0,11.0,21.0,16.0
156,1.0,156.0,London_423,newnew,151,453,1092.0,70.0,2.0,155832.0,0.5648628260241821,797.0,34.0,2.0,32.0,71.0,18.0,53.0,115.0,236.0,96.0,11.0,72.0,10.0,25.0,1.0,2.0,0.0,83.0,158.0,212.0,29.0,0.0,0.0,0.0,0.0,0.0,0.0,0.0,0.0,0.0,0.0,0.0,0.0,0.0,0.0,0.0,0.0,0.0,0.0,0.0,0.0,0.0,0.0,0.0,0.0,0.0,0.0,0.0,0.0,2.0,0.0,0.0,1.0,1.0,0.0,2.0,0.0,0.0,0.0,1.0,0.0,0.0,0.0,1.0,4.0,2.0,2.0,1.0,8.0,7.0,8.0,0.0,0.0,0.0,0.0,0.0,0.0,0.0,0.0,9.0,0.0,0.0,2.0,4.0,0.0,5.0,0.0,0.0,0.0,1.0,0.0,0.0,0.0,1.0,5.0,4.0,4.0,2.0,16.0,8.0,13.0
157,1.0,157.0,London_423,newnew,151,453,1092.0,70.0,2.0,185730.0,0.8277307819807902,863.0,111.0,0.0,111.0,185.0,0.0,185.0,71.0,247.0,100.0,7.0,65.0,7.0,24.0,1.0,2.0,0.0,83.0,155.0,215.0,31.0,0.0,0.0,0.0,0.0,0.0,0.0,0.0,0.0,0.0,0.0,0.0,0.0,0.0,0.0,0.0,0.0,0.0,0.0,0.0,0.0,0.0,0.0,0.0,0.0,0.0,0.0,0.0,0.0,0.0,0.0,0.0,0.0,0.0,0.0,0.0,0.0,0.0,0.0,5.0,0.0,0.0,1.0,6.0,14.0,6.0,2.0,14.0,21.0,24.0,10.0,0.0,0.0,0.0,0.0,0.0,0.0,0.0,0.0,0.0,0.0,0.0,0.0,0.0,0.0,0.0,0.0,0.0,0.0,5.0,0.0,0.0,1.0,6.0,19.0,8.0,2.0,17.0,31.0,33.0,11.0
158,1.0,158.0,London_423,newnew,151,453,1092.0,70.0,2.0,182106.0,0.8004032780299895,855.0,83.0,0.0,83.0,155.0,0.0,155.0,185.0,237.0,93.0,16.0,61.0,7.0,29.0,3.0,7.0,5.0,71.0,161.0,216.0,39.0,0.0,0.0,0.0,0.0,0.0,0.0,0.0,0.0,0.0,0.0,0.0,0.0,0.0,0.0,0.0,0.0,0.0,0.0,0.0,0.0,0.0,0.0,0.0,0.0,0.0,0.0,0.0,0.0,0.0,0.0,0.0,0.0,0.0,0.0,0.0,0.0,0.0,0.0,7.0,6.0,0.0,1.0,1.0,16.0,4.0,5.0,6.0,13.0,21.0,21.0,0.0,0.0,0.0,0.0,0.0,0.0,0.0,0.0,0.0,0.0,0.0,0.0,0.0,0.0,0.0,0.0,0.0,0.0,9.0,9.0,0.0,2.0,1.0,28.0,5.0,7.0,9.0,22.0,30.0,30.0
159,1.0,159.0,London_423,newnew,151,453,1092.0,70.0,2.0,186636.0,0.7141846989979967,865.0,57.0,1.0,56.0,105.0,10.0,95.0,155.0,253.0,99.0,18.0,33.0,12.0,20.0,3.0,15.0,5.0,82.0,150.0,216.0,30.0,0.0,0.0,0.0,0.0,0.0,0.0,0.0,0.0,0.0,0.0,0.0,0.0,0.0,0.0,0.0,0.0,0.0,0.0,0.0,0.0,0.0,0.0,0.0,0.0,0.0,0.0,0.0,0.0,0.0,1.0,0.0,1.0,0.0,0.0,1.0,0.0,0.0,0.0,3.0,4.0,0.0,2.0,0.0,4.0,8.0,4.0,9.0,14.0,12.0,10.0,0.0,0.0,0.0,0.0,0.0,0.0,0.0,0.0,0.0,6.0,0.0,8.0,0.0,0.0,6.0,0.0,0.0,0.0,4.0,6.0,0.0,5.0,0.0,6.0,15.0,5.0,10.0,18.0,18.0,14.0
160,1.0,160.0,London_423,newnew,151,453,1092.0,70.0,2.0,195243.0,0.9027638389961794,884.0,110.0,0.0,110.0,189.0,0.0,189.0,105.0,257.0,113.0,12.0,29.0,5.0,20.0,3.0,14.0,6.0,71.0,159.0,217.0,37.0,0.0,0.0,0.0,0.0,0.0,0.0,0.0,0.0,0.0,0.0,0.0,0.0,0.0,0.0,0.0,0.0,0.0,0.0,0.0,0.0,0.0,0.0,0.0,0.0,0.0,0.0,0.0,0.0,0.0,0.0,0.0,0.0,0.0,0.0,0.0,0.0,0.0,0.0,1.0,1.0,0.0,4.0,8.0,21.0,5.0,5.0,13.0,21.0,21.0,19.0,0.0,0.0,0.0,0.0,0.0,0.0,0.0,0.0,0.0,0.0,0.0,0.0,0.0,0.0,0.0,0.0,0.0,0.0,1.0,2.0,0.0,8.0,9.0,27.0,6.0,6.0,17.0,32.0,33.0,27.0
161,1.0,161.0,London_423,newnew,151,453,1092.0,70.0,2.0,179388.0,0.9284227450261824,849.0,187.0,2.0,185.0,356.0,18.0,338.0,189.0,266.0,77.0,15.0,46.0,10.0,27.0,2.0,10.0,3.0,73.0,149.0,228.0,27.0,0.0,0.0,0.0,0.0,0.0,0.0,0.0,0.0,0.0,0.0,0.0,0.0,0.0,0.0,0.0,0.0,0.0,0.0,0.0,0.0,0.0,0.0,0.0,0.0,0.0,0.0,0.0,0.0,0.0,0.0,0.0,0.0,2.0,0.0,0.0,0.0,0.0,0.0,1.0,23.0,1.0,2.0,9.0,14.0,3.0,1.0,20.0,34.0,51.0,26.0,0.0,0.0,0.0,0.0,0.0,0.0,0.0,0.0,0.0,0.0,0.0,0.0,11.0,0.0,0.0,0.0,0.0,0.0,2.0,31.0,1.0,3.0,9.0,16.0,5.0,2.0,27.0,53.0,74.0,32.0
162,1.0,162.0,London_423,newnew,151,453,1092.0,70.0,2.0,120045.0,0.32939444499788806,718.0,76.0,1.0,75.0,148.0,9.0,139.0,356.0,148.0,126.0,29.0,97.0,15.0,28.0,2.0,8.0,3.0,77.0,146.0,227.0,46.0,0.0,0.0,0.0,0.0,0.0,0.0,0.0,0.0,0.0,0.0,0.0,0.0,0.0,0.0,0.0,0.0,0.0,0.0,0.0,0.0,0.0,0.0,0.0,0.0,0.0,0.0,0.0,0.0,0.0,0.0,0.0,0.0,0.0,0.0,0.0,0.0,0.0,0.0,3.0,1.0,1.0,0.0,0.0,10.0,9.0,4.0,3.0,19.0,19.0,16.0,0.0,0.0,0.0,0.0,0.0,0.0,0.0,0.0,0.0,0.0,0.0,0.0,0.0,0.0,0.0,0.0,0.0,0.0,4.0,1.0,2.0,0.0,0.0,12.0,16.0,5.0,5.0,30.0,28.0,23.0
163,1.0,163.0,London_423,newnew,151,453,1092.0,70.0,2.0,114609.0,0.43049628898734227,706.0,97.0,0.0,97.0,164.0,0.0,164.0,148.0,156.0,123.0,30.0,82.0,17.0,37.0,2.0,6.0,3.0,75.0,156.0,219.0,53.0,0.0,0.0,0.0,0.0,0.0,0.0,0.0,0.0,0.0,0.0,0.0,0.0,0.0,0.0,0.0,0.0,0.0,0.0,0.0,0.0,0.0,0.0,0.0,0.0,0.0,0.0,0.0,0.0,0.0,0.0,0.0,0.0,0.0,0.0,0.0,0.0,0.0,0.0,1.0,11.0,1.0,1.0,0.0,8.0,8.0,2.0,12.0,10.0,23.0,17.0,0.0,0.0,0.0,0.0,0.0,0.0,0.0,0.0,0.0,0.0,0.0,0.0,0.0,0.0,0.0,0.0,0.0,0.0,2.0,17.0,1.0,1.0,0.0,12.0,12.0,4.0,18.0,16.0,28.0,24.0
164,1.0,164.0,London_423,newnew,151,453,1092.0,70.0,2.0,98301.0,0.3817808349849656,670.0,81.0,0.0,81.0,140.0,0.0,140.0,164.0,162.0,127.0,27.0,64.0,22.0,46.0,3.0,2.0,4.0,73.0,158.0,218.0,55.0,0.0,0.0,0.0,0.0,0.0,0.0,0.0,0.0,0.0,0.0,0.0,0.0,0.0,0.0,0.0,0.0,0.0,0.0,0.0,0.0,0.0,0.0,0.0,0.0,0.0,0.0,0.0,0.0,0.0,0.0,0.0,0.0,0.0,0.0,0.0,0.0,0.0,0.0,1.0,1.0,0.0,0.0,0.0,6.0,7.0,5.0,7.0,21.0,15.0,24.0,0.0,0.0,0.0,0.0,0.0,0.0,0.0,0.0,0.0,0.0,0.0,0.0,0.0,0.0,0.0,0.0,0.0,0.0,2.0,1.0,0.0,0.0,0.0,8.0,9.0,6.0,10.0,28.0,20.0,29.0
165,1.0,165.0,London_423,newnew,151,453,1092.0,70.0,2.0,89241.0,0.28159353497903794,650.0,11.0,2.0,9.0,37.0,19.0,18.0,140.0,161.0,131.0,28.0,52.0,23.0,54.0,1.0,3.0,5.0,76.0,159.0,213.0,60.0,0.0,0.0,0.0,0.0,0.0,0.0,0.0,0.0,0.0,0.0,0.0,0.0,0.0,0.0,0.0,0.0,0.0,0.0,0.0,0.0,0.0,0.0,0.0,0.0,0.0,0.0,0.0,0.0,1.0,0.0,0.0,1.0,0.0,1.0,2.0,0.0,0.0,0.0,0.0,0.0,0.0,0.0,0.0,2.0,0.0,0.0,1.0,1.0,0.0,3.0,0.0,0.0,0.0,0.0,0.0,0.0,0.0,0.0,3.0,0.0,0.0,7.0,0.0,7.0,8.0,0.0,0.0,0.0,0.0,0.0,0.0,0.0,0.0,2.0,0.0,0.0,1.0,1.0,0.0,4.0
166,1.0,166.0,London_423,newnew,151,453,1092.0,70.0,2.0,120951.0,0.41423277102876455,720.0,44.0,0.0,44.0,74.0,0.0,74.0,37.0,166.0,137.0,23.0,49.0,16.0,58.0,1.0,3.0,4.0,78.0,149.0,222.0,64.0,0.0,0.0,0.0,0.0,0.0,0.0,0.0,0.0,0.0,0.0,0.0,0.0,0.0,0.0,0.0,0.0,0.0,0.0,0.0,0.0,0.0,0.0,0.0,0.0,0.0,0.0,0.0,0.0,0.0,0.0,0.0,0.0,0.0,0.0,0.0,0.0,0.0,0.0,1.0,0.0,1.0,2.0,0.0,4.0,5.0,1.0,6.0,12.0,11.0,9.0,0.0,0.0,0.0,0.0,0.0,0.0,0.0,0.0,0.0,0.0,0.0,0.0,0.0,0.0,0.0,0.0,0.0,0.0,1.0,0.0,1.0,2.0,0.0,5.0,6.0,2.0,8.0,22.0,14.0,13.0
167,1.0,167.0,London_423,newnew,151,453,1092.0,70.0,2.0,144960.0,0.5755815880256705,773.0,71.0,2.0,69.0,142.0,16.0,126.0,74.0,169.0,138.0,23.0,48.0,14.0,52.0,2.0,7.0,4.0,75.0,150.0,224.0,69.0,0.0,0.0,0.0,0.0,0.0,0.0,0.0,0.0,0.0,0.0,0.0,0.0,0.0,0.0,0.0,0.0,0.0,0.0,0.0,0.0,0.0,0.0,0.0,0.0,0.0,0.0,0.0,0.0,1.0,0.0,0.0,0.0,0.0,2.0,2.0,0.0,0.0,0.0,1.0,2.0,1.0,0.0,0.0,10.0,7.0,9.0,9.0,19.0,14.0,11.0,0.0,0.0,0.0,0.0,0.0,0.0,0.0,0.0,4.0,0.0,0.0,0.0,0.0,12.0,6.0,0.0,0.0,0.0,1.0,3.0,2.0,0.0,0.0,12.0,9.0,14.0,15.0,27.0,21.0,17.0
168,1.0,168.0,London_423,newnew,151,453,1092.0,70.0,2.0,156738.0,0.5422485519666225,799.0,66.0,1.0,65.0,118.0,9.0,109.0,142.0,180.0,151.0,18.0,33.0,18.0,50.0,0.0,3.0,8.0,75.0,149.0,221.0,63.0,0.0,0.0,0.0,0.0,0.0,0.0,0.0,0.0,0.0,0.0,0.0,0.0,0.0,0.0,0.0,0.0,0.0,0.0,0.0,0.0,0.0,0.0,0.0,0.0,0.0,0.0,0.0,0.0,1.0,0.0,0.0,0.0,0.0,0.0,0.0,0.0,0.0,0.0,2.0,1.0,0.0,1.0,6.0,8.0,3.0,9.0,4.0,16.0,15.0,27.0,0.0,0.0,0.0,0.0,0.0,0.0,0.0,0.0,3.0,0.0,0.0,0.0,0.0,0.0,0.0,0.0,0.0,0.0,2.0,1.0,0.0,1.0,6.0,10.0,4.0,11.0,4.0,22.0,20.0,32.0
169,1.0,169.0,London_423,newnew,151,453,1092.0,70.0,2.0,159909.0,0.6128135210019536,806.0,59.0,2.0,57.0,112.0,18.0,94.0,118.0,193.0,132.0,26.0,33.0,22.0,44.0,0.0,3.0,7.0,78.0,145.0,223.0,47.0,0.0,0.0,0.0,0.0,0.0,0.0,0.0,0.0,0.0,0.0,0.0,0.0,0.0,0.0,0.0,0.0,0.0,0.0,0.0,0.0,0.0,0.0,0.0,0.0,0.0,0.0,0.0,0.0,1.0,0.0,0.0,1.0,1.0,0.0,0.0,0.0,0.0,0.0,2.0,0.0,0.0,0.0,3.0,10.0,1.0,5.0,4.0,13.0,16.0,9.0,0.0,0.0,0.0,0.0,0.0,0.0,0.0,0.0,5.0,0.0,0.0,1.0,6.0,0.0,0.0,0.0,0.0,0.0,2.0,0.0,0.0,0.0,3.0,15.0,1.0,7.0,6.0,18.0,20.0,11.0
170,1.0,170.0,London_423,newnew,151,453,1092.0,70.0,2.0,159909.0,0.7154504810459912,806.0,87.0,2.0,85.0,161.0,17.0,144.0,112.0,198.0,138.0,14.0,37.0,20.0,43.0,0.0,3.0,6.0,75.0,139.0,233.0,46.0,0.0,0.0,0.0,0.0,0.0,0.0,0.0,0.0,0.0,0.0,0.0,0.0,0.0,0.0,0.0,0.0,0.0,0.0,0.0,0.0,0.0,0.0,0.0,0.0,0.0,0.0,0.0,0.0,1.0,0.0,0.0,1.0,0.0,0.0,2.0,0.0,0.0,0.0,8.0,2.0,0.0,5.0,9.0,11.0,5.0,1.0,15.0,19.0,18.0,20.0,0.0,0.0,0.0,0.0,0.0,0.0,0.0,0.0,7.0,0.0,0.0,6.0,0.0,0.0,2.0,0.0,0.0,0.0,10.0,2.0,0.0,6.0,9.0,14.0,5.0,1.0,20.0,28.0,22.0,25.0
171,1.0,171.0,London_423,newnew,151,453,1092.0,70.0,2.0,155832.0,0.6774925860227086,797.0,67.0,0.0,67.0,124.0,0.0,124.0,161.0,192.0,140.0,16.0,42.0,11.0,43.0,2.0,7.0,9.0,75.0,153.0,216.0,44.0,0.0,0.0,0.0,0.0,0.0,0.0,0.0,0.0,0.0,0.0,0.0,0.0,0.0,0.0,0.0,0.0,0.0,0.0,0.0,0.0,0.0,0.0,0.0,0.0,0.0,0.0,0.0,0.0,0.0,0.0,0.0,0.0,0.0,0.0,0.0,0.0,0.0,0.0,2.0,3.0,1.0,2.0,0.0,12.0,10.0,6.0,10.0,13.0,13.0,11.0,0.0,0.0,0.0,0.0,0.0,0.0,0.0,0.0,0.0,0.0,0.0,0.0,0.0,0.0,0.0,0.0,0.0,0.0,3.0,5.0,1.0,4.0,0.0,20.0,14.0,9.0,12.0,19.0,20.0,14.0
172,1.0,172.0,London_423,newnew,151,453,1092.0,70.0,2.0,163533.0,0.7995977840037085,814.0,149.0,2.0,147.0,286.0,19.0,267.0,124.0,192.0,139.0,16.0,42.0,13.0,41.0,1.0,9.0,8.0,78.0,150.0,217.0,48.0,0.0,0.0,0.0,0.0,0.0,0.0,0.0,0.0,0.0,0.0,0.0,0.0,0.0,0.0,0.0,0.0,0.0,0.0,0.0,0.0,0.0,0.0,0.0,0.0,0.0,0.0,0.0,0.0,1.0,0.0,0.0,2.0,1.0,0.0,1.0,0.0,0.0,0.0,7.0,1.0,1.0,5.0,1.0,7.0,5.0,5.0,21.0,26.0,43.0,19.0,0.0,0.0,0.0,0.0,0.0,0.0,0.0,0.0,3.0,0.0,0.0,11.0,6.0,0.0,3.0,0.0,0.0,0.0,7.0,2.0,1.0,9.0,1.0,10.0,9.0,8.0,26.0,38.0,64.0,21.0
173,1.0,173.0,London_423,newnew,151,453,1092.0,70.0,2.0,137712.0,0.6437078110175207,757.0,146.0,0.0,146.0,261.0,0.0,261.0,286.0,198.0,95.0,22.0,95.0,9.0,27.0,0.0,7.0,6.0,68.0,167.0,212.0,43.0,0.0,0.0,0.0,0.0,0.0,0.0,0.0,0.0,0.0,0.0,0.0,0.0,0.0,0.0,0.0,0.0,0.0,0.0,0.0,0.0,0.0,0.0,0.0,0.0,0.0,0.0,0.0,0.0,0.0,0.0,0.0,0.0,0.0,0.0,0.0,0.0,0.0,0.0,0.0,9.0,1.0,4.0,10.0,4.0,12.0,10.0,20.0,34.0,36.0,24.0,0.0,0.0,0.0,0.0,0.0,0.0,0.0,0.0,0.0,0.0,0.0,0.0,0.0,0.0,0.0,0.0,0.0,0.0,0.0,11.0,1.0,7.0,14.0,5.0,15.0,16.0,28.0,55.0,53.0,32.0
174,1.0,174.0,London_423,newnew,151,453,1092.0,70.0,2.0,101472.0,0.34616899001412094,677.0,1.0,0.0,1.0,1.0,0.0,1.0,261.0,224.0,103.0,17.0,69.0,9.0,25.0,0.0,6.0,4.0,77.0,149.0,223.0,26.0,0.0,0.0,0.0,0.0,0.0,0.0,0.0,0.0,0.0,0.0,0.0,0.0,0.0,0.0,0.0,0.0,0.0,0.0,0.0,0.0,0.0,0.0,0.0,0.0,0.0,0.0,0.0,0.0,0.0,0.0,0.0,0.0,0.0,0.0,0.0,0.0,0.0,0.0,0.0,0.0,0.0,0.0,0.0,0.0,0.0,0.0,0.0,0.0,1.0,0.0,0.0,0.0,0.0,0.0,0.0,0.0,0.0,0.0,0.0,0.0,0.0,0.0,0.0,0.0,0.0,0.0,0.0,0.0,0.0,0.0,0.0,0.0,0.0,0.0,0.0,0.0,0.0,0.0,1.0,0.0
175,1.0,175.0,London_423,newnew,151,453,1092.0,70.0,2.0,140883.0,0.4423615820123814,764.0,28.0,2.0,26.0,63.0,18.0,45.0,1.0,224.0,103.0,17.0,69.0,9.0,25.0,0.0,6.0,4.0,77.0,149.0,223.0,26.0,0.0,0.0,0.0,0.0,0.0,0.0,0.0,0.0,0.0,0.0,0.0,0.0,0.0,0.0,0.0,0.0,0.0,0.0,0.0,0.0,0.0,0.0,0.0,0.0,0.0,0.0,0.0,0.0,0.0,0.0,0.0,1.0,0.0,1.0,2.0,0.0,0.0,0.0,1.0,0.0,0.0,0.0,0.0,1.0,1.0,1.0,5.0,2.0,8.0,5.0,0.0,0.0,0.0,0.0,0.0,0.0,0.0,0.0,0.0,0.0,0.0,6.0,0.0,4.0,9.0,0.0,0.0,0.0,1.0,0.0,0.0,0.0,0.0,1.0,1.0,2.0,10.0,3.0,12.0,7.0
176,1.0,176.0,London_423,newnew,151,453,1092.0,70.0,2.0,170781.0,0.464133643952664,830.0,30.0,0.0,30.0,53.0,0.0,53.0,63.0,227.0,100.0,13.0,68.0,10.0,24.0,2.0,9.0,4.0,80.0,135.0,234.0,27.0,0.0,0.0,0.0,0.0,0.0,0.0,0.0,0.0,0.0,0.0,0.0,0.0,0.0,0.0,0.0,0.0,0.0,0.0,0.0,0.0,0.0,0.0,0.0,0.0,0.0,0.0,0.0,0.0,0.0,0.0,0.0,0.0,0.0,0.0,0.0,0.0,0.0,0.0,0.0,2.0,0.0,0.0,0.0,6.0,3.0,5.0,1.0,7.0,10.0,8.0,0.0,0.0,0.0,0.0,0.0,0.0,0.0,0.0,0.0,0.0,0.0,0.0,0.0,0.0,0.0,0.0,0.0,0.0,0.0,2.0,0.0,0.0,0.0,6.0,3.0,5.0,2.0,10.0,17.0,9.0
177,1.0,177.0,London_423,newnew,151,453,1092.0,70.0,2.0,198414.0,0.8979305870016105,891.0,136.0,1.0,135.0,248.0,9.0,239.0,53.0,233.0,89.0,19.0,71.0,12.0,23.0,2.0,4.0,4.0,80.0,135.0,234.0,25.0,0.0,0.0,0.0,0.0,0.0,0.0,0.0,0.0,0.0,0.0,0.0,0.0,0.0,0.0,0.0,0.0,0.0,0.0,0.0,0.0,0.0,0.0,0.0,0.0,0.0,0.0,0.0,0.0,1.0,0.0,0.0,1.0,0.0,1.0,1.0,0.0,0.0,0.0,1.0,22.0,14.0,0.0,1.0,16.0,8.0,8.0,3.0,25.0,28.0,11.0,0.0,0.0,0.0,0.0,0.0,0.0,0.0,0.0,6.0,0.0,0.0,6.0,0.0,6.0,4.0,0.0,0.0,0.0,1.0,31.0,16.0,0.0,1.0,22.0,9.0,11.0,4.0,40.0,38.0,12.0
178,1.0,178.0,London_423,newnew,151,453,1092.0,70.0,2.0,181653.0,0.7316497639985755,854.0,143.0,0.0,143.0,248.0,0.0,248.0,248.0,226.0,92.0,20.0,73.0,9.0,24.0,1.0,8.0,4.0,79.0,161.0,209.0,33.0,0.0,0.0,0.0,0.0,0.0,0.0,0.0,0.0,0.0,0.0,0.0,0.0,0.0,0.0,0.0,0.0,0.0,0.0,0.0,0.0,0.0,0.0,0.0,0.0,0.0,0.0,0.0,0.0,0.0,0.0,0.0,0.0,0.0,0.0,0.0,0.0,0.0,0.0,4.0,5.0,1.0,5.0,4.0,8.0,10.0,4.0,12.0,34.0,28.0,16.0,0.0,0.0,0.0,0.0,0.0,0.0,0.0,0.0,0.0,0.0,0.0,0.0,0.0,0.0,0.0,0.0,0.0,0.0,5.0,5.0,1.0,6.0,4.0,11.0,16.0,6.0,16.0,56.0,43.0,18.0
179,1.0,179.0,London_423,newnew,151,453,1092.0,70.0,2.0,156285.0,0.6995531559805386,798.0,115.0,2.0,113.0,214.0,17.0,197.0,248.0,226.0,92.0,10.0,79.0,9.0,31.0,3.0,3.0,4.0,74.0,162.0,213.0,41.0,0.0,0.0,0.0,0.0,0.0,0.0,0.0,0.0,0.0,0.0,0.0,0.0,0.0,0.0,0.0,0.0,0.0,0.0,0.0,0.0,0.0,0.0,0.0,0.0,0.0,0.0,0.0,0.0,1.0,0.0,0.0,1.0,1.0,0.0,0.0,0.0,0.0,0.0,6.0,11.0,8.0,0.0,1.0,13.0,14.0,2.0,15.0,25.0,28.0,15.0,0.0,0.0,0.0,0.0,0.0,0.0,0.0,0.0,3.0,0.0,0.0,2.0,7.0,0.0,0.0,0.0,0.0,0.0,7.0,15.0,10.0,0.0,1.0,18.0,23.0,2.0,21.0,35.0,42.0,20.0
180,1.0,180.0,London_423,newnew,151,453,1092.0,70.0,2.0,141336.0,0.5675136700156145,765.0,68.0,0.0,68.0,125.0,0.0,125.0,214.0,213.0,121.0,16.0,64.0,12.0,21.0,3.0,3.0,5.0,83.0,161.0,204.0,39.0,0.0,0.0,0.0,0.0,0.0,0.0,0.0,0.0,0.0,0.0,0.0,0.0,0.0,0.0,0.0,0.0,0.0,0.0,0.0,0.0,0.0,0.0,0.0,0.0,0.0,0.0,0.0,0.0,0.0,0.0,0.0,0.0,0.0,0.0,0.0,0.0,0.0,0.0,1.0,1.0,2.0,1.0,0.0,2.0,4.0,4.0,8.0,17.0,14.0,11.0,0.0,0.0,0.0,0.0,0.0,0.0,0.0,0.0,0.0,0.0,0.0,0.0,0.0,0.0,0.0,0.0,0.0,0.0,2.0,2.0,2.0,1.0,0.0,4.0,4.0,6.0,12.0,27.0,18.0,14.0
181,1.0,181.0,London_423,newnew,151,453,1092.0,70.0,2.0,139071.0,0.5294651350122876,760.0,52.0,1.0,51.0,104.0,12.0,92.0,125.0,218.0,116.0,18.0,52.0,9.0,27.0,4.0,9.0,8.0,89.0,165.0,191.0,41.0,0.0,0.0,0.0,0.0,0.0,0.0,0.0,0.0,0.0,0.0,0.0,0.0,0.0,0.0,0.0,0.0,0.0,0.0,0.0,0.0,0.0,0.0,0.0,0.0,0.0,0.0,0.0,0.0,1.0,0.0,0.0,1.0,0.0,0.0,0.0,0.0,0.0,0.0,1.0,3.0,0.0,2.0,0.0,6.0,5.0,0.0,9.0,14.0,9.0,11.0,0.0,0.0,0.0,0.0,0.0,0.0,0.0,0.0,1.0,0.0,0.0,6.0,0.0,0.0,0.0,0.0,0.0,0.0,1.0,6.0,0.0,3.0,0.0,9.0,11.0,0.0,13.0,20.0,14.0,16.0
182,1.0,182.0,London_423,newnew,151,453,1092.0,70.0,2.0,153114.0,0.6453313620295376,791.0,74.0,2.0,72.0,134.0,16.0,118.0,104.0,225.0,115.0,22.0,40.0,11.0,24.0,5.0,11.0,3.0,87.0,155.0,208.0,33.0,0.0,0.0,0.0,0.0,0.0,0.0,0.0,0.0,0.0,0.0,0.0,0.0,0.0,0.0,0.0,0.0,0.0,0.0,0.0,0.0,0.0,0.0,0.0,0.0,0.0,0.0,0.0,0.0,2.0,0.0,0.0,1.0,2.0,0.0,2.0,0.0,0.0,0.0,8.0,7.0,0.0,3.0,5.0,10.0,3.0,3.0,4.0,21.0,19.0,17.0,0.0,0.0,0.0,0.0,0.0,0.0,0.0,0.0,6.0,0.0,0.0,2.0,14.0,0.0,5.0,0.0,0.0,0.0,10.0,12.0,0.0,5.0,6.0,12.0,3.0,4.0,5.0,28.0,25.0,22.0
183,1.0,183.0,London_423,newnew,151,453,1092.0,70.0,2.0,159003.0,0.713521312980447,804.0,78.0,2.0,76.0,158.0,18.0,140.0,134.0,220.0,134.0,10.0,40.0,8.0,24.0,7.0,10.0,5.0,89.0,148.0,211.0,47.0,0.0,0.0,0.0,0.0,0.0,0.0,0.0,0.0,0.0,0.0,0.0,0.0,0.0,0.0,0.0,0.0,0.0,0.0,0.0,0.0,0.0,0.0,0.0,0.0,0.0,0.0,0.0,0.0,0.0,1.0,0.0,0.0,0.0,1.0,1.0,0.0,0.0,0.0,4.0,7.0,1.0,0.0,4.0,9.0,8.0,6.0,8.0,13.0,10.0,22.0,0.0,0.0,0.0,0.0,0.0,0.0,0.0,0.0,0.0,6.0,0.0,0.0,0.0,7.0,7.0,0.0,0.0,0.0,4.0,10.0,1.0,0.0,6.0,14.0,11.0,9.0,13.0,18.0,15.0,29.0
184,1.0,184.0,London_423,newnew,151,453,1092.0,70.0,2.0,158550.0,0.7734997940133326,803.0,109.0,1.0,108.0,202.0,9.0,193.0,158.0,231.0,128.0,16.0,38.0,9.0,20.0,4.0,7.0,5.0,86.0,141.0,221.0,38.0,0.0,0.0,0.0,0.0,0.0,0.0,0.0,0.0,0.0,0.0,0.0,0.0,0.0,0.0,0.0,0.0,0.0,0.0,0.0,0.0,0.0,0.0,0.0,0.0,0.0,0.0,0.0,0.0,0.0,0.0,0.0,1.0,0.0,0.0,0.0,0.0,0.0,0.0,2.0,15.0,2.0,0.0,2.0,6.0,8.0,5.0,12.0,27.0,22.0,23.0,0.0,0.0,0.0,0.0,0.0,0.0,0.0,0.0,0.0,0.0,0.0,3.0,0.0,0.0,0.0,0.0,0.0,0.0,3.0,19.0,2.0,0.0,3.0,8.0,10.0,8.0,16.0,41.0,35.0,29.0
185,1.0,185.0,London_423,newnew,151,453,1092.0,70.0,2.0,144507.0,0.6582215650123544,772.0,100.0,0.0,100.0,169.0,0.0,169.0,202.0,225.0,109.0,13.0,62.0,13.0,17.0,3.0,11.0,12.0,91.0,137.0,213.0,46.0,0.0,0.0,0.0,0.0,0.0,0.0,0.0,0.0,0.0,0.0,0.0,0.0,0.0,0.0,0.0,0.0,0.0,0.0,0.0,0.0,0.0,0.0,0.0,0.0,0.0,0.0,0.0,0.0,0.0,0.0,0.0,0.0,0.0,0.0,0.0,0.0,0.0,0.0,2.0,3.0,0.0,2.0,1.0,13.0,11.0,11.0,5.0,21.0,13.0,24.0,0.0,0.0,0.0,0.0,0.0,0.0,0.0,0.0,0.0,0.0,0.0,0.0,0.0,0.0,0.0,0.0,0.0,0.0,2.0,4.0,0.0,2.0,1.0,14.0,15.0,17.0,8.0,28.0,18.0,28.0
186,1.0,186.0,London_423,newnew,151,453,1092.0,70.0,2.0,144054.0,0.6609251780319028,771.0,93.0,0.0,93.0,169.0,0.0,169.0,169.0,236.0,106.0,10.0,58.0,12.0,22.0,1.0,8.0,13.0,84.0,148.0,208.0,53.0,0.0,0.0,0.0,0.0,0.0,0.0,0.0,0.0,0.0,0.0,0.0,0.0,0.0,0.0,0.0,0.0,0.0,0.0,0.0,0.0,0.0,0.0,0.0,0.0,0.0,0.0,0.0,0.0,0.0,0.0,0.0,0.0,0.0,0.0,0.0,0.0,0.0,0.0,0.0,8.0,2.0,1.0,0.0,5.0,2.0,5.0,8.0,11.0,23.0,15.0,0.0,0.0,0.0,0.0,0.0,0.0,0.0,0.0,0.0,0.0,0.0,0.0,0.0,0.0,0.0,0.0,0.0,0.0,0.0,11.0,2.0,2.0,0.0,5.0,2.0,6.0,11.0,18.0,33.0,20.0
187,1.0,187.0,London_423,newnew,151,453,1092.0,70.0,2.0,138618.0,0.4368031349731609,759.0,2.0,2.0,0.0,19.0,19.0,0.0,169.0,245.0,77.0,12.0,59.0,16.0,32.0,3.0,9.0,11.0,69.0,154.0,219.0,49.0,0.0,0.0,0.0,0.0,0.0,0.0,0.0,0.0,0.0,0.0,0.0,0.0,0.0,0.0,0.0,0.0,0.0,0.0,0.0,0.0,0.0,0.0,0.0,0.0,0.0,0.0,0.0,0.0,0.0,0.0,0.0,0.0,2.0,0.0,2.0,0.0,0.0,0.0,0.0,0.0,0.0,0.0,0.0,0.0,0.0,0.0,0.0,0.0,0.0,0.0,0.0,0.0,0.0,0.0,0.0,0.0,0.0,0.0,0.0,0.0,0.0,0.0,15.0,0.0,9.0,0.0,0.0,0.0,0.0,0.0,0.0,0.0,0.0,0.0,0.0,0.0,0.0,0.0,0.0,0.0
188,1.0,188.0,London_423,newnew,151,453,1092.0,70.0,2.0,178482.0,0.8177598869660869,847.0,124.0,0.0,124.0,210.0,0.0,210.0,19.0,240.0,70.0,15.0,65.0,16.0,34.0,4.0,9.0,8.0,72.0,145.0,228.0,44.0,0.0,0.0,0.0,0.0,0.0,0.0,0.0,0.0,0.0,0.0,0.0,0.0,0.0,0.0,0.0,0.0,0.0,0.0,0.0,0.0,0.0,0.0,0.0,0.0,0.0,0.0,0.0,0.0,0.0,0.0,0.0,0.0,0.0,0.0,0.0,0.0,0.0,0.0,6.0,11.0,1.0,0.0,1.0,15.0,7.0,3.0,15.0,22.0,22.0,15.0,0.0,0.0,0.0,0.0,0.0,0.0,0.0,0.0,0.0,0.0,0.0,0.0,0.0,0.0,0.0,0.0,0.0,0.0,6.0,16.0,2.0,0.0,1.0,20.0,13.0,3.0,18.0,34.0,33.0,16.0
189,1.0,189.0,London_423,newnew,151,453,1092.0,70.0,2.0,165798.0,0.5785581870004535,819.0,116.0,1.0,115.0,190.0,8.0,182.0,210.0,223.0,87.0,25.0,55.0,20.0,34.0,2.0,7.0,6.0,71.0,139.0,237.0,26.0,0.0,0.0,0.0,0.0,0.0,0.0,0.0,0.0,0.0,0.0,0.0,0.0,0.0,0.0,0.0,0.0,0.0,0.0,0.0,0.0,0.0,0.0,0.0,0.0,0.0,0.0,0.0,0.0,0.0,0.0,0.0,0.0,1.0,0.0,1.0,0.0,0.0,0.0,4.0,3.0,1.0,2.0,2.0,10.0,12.0,3.0,12.0,21.0,25.0,15.0,0.0,0.0,0.0,0.0,0.0,0.0,0.0,0.0,0.0,0.0,0.0,0.0,7.0,0.0,4.0,0.0,0.0,0.0,5.0,4.0,2.0,3.0,2.0,10.0,14.0,5.0,16.0,25.0,39.0,17.0
190,1.0,190.0,London_423,newnew,151,453,1092.0,70.0,2.0,138165.0,0.4580803189892322,758.0,16.0,2.0,14.0,43.0,18.0,25.0,190.0,235.0,91.0,10.0,52.0,22.0,34.0,1.0,8.0,6.0,67.0,154.0,226.0,30.0,0.0,0.0,0.0,0.0,0.0,0.0,0.0,0.0,0.0,0.0,0.0,0.0,0.0,0.0,0.0,0.0,0.0,0.0,0.0,0.0,0.0,0.0,0.0,0.0,0.0,0.0,0.0,0.0,1.0,0.0,0.0,1.0,0.0,0.0,1.0,0.0,0.0,0.0,0.0,0.0,0.0,1.0,0.0,2.0,1.0,1.0,0.0,1.0,2.0,2.0,0.0,0.0,0.0,0.0,0.0,0.0,0.0,0.0,1.0,0.0,0.0,5.0,0.0,0.0,5.0,0.0,0.0,0.0,0.0,0.0,0.0,2.0,0.0,3.0,2.0,2.0,0.0,2.0,2.0,3.0
191,1.0,191.0,London_423,newnew,151,453,1092.0,70.0,2.0,175764.0,0.7233132590190507,841.0,153.0,1.0,152.0,274.0,9.0,265.0,43.0,240.0,91.0,9.0,47.0,22.0,33.0,1.0,10.0,6.0,69.0,146.0,232.0,32.0,0.0,0.0,0.0,0.0,0.0,0.0,0.0,0.0,0.0,0.0,0.0,0.0,0.0,0.0,0.0,0.0,0.0,0.0,0.0,0.0,0.0,0.0,0.0,0.0,0.0,0.0,0.0,0.0,0.0,0.0,0.0,0.0,0.0,0.0,0.0,0.0,0.0,0.0,7.0,16.0,0.0,5.0,6.0,9.0,9.0,10.0,10.0,23.0,37.0,26.0,0.0,0.0,0.0,0.0,0.0,0.0,0.0,0.0,0.0,0.0,0.0,0.0,0.0,0.0,0.0,0.0,0.0,0.0,8.0,24.0,0.0,7.0,6.0,12.0,12.0,16.0,14.0,32.0,55.0,36.0
192,1.0,192.0,London_423,newnew,151,453,1092.0,70.0,2.0,138165.0,0.43975701299495995,758.0,50.0,0.0,50.0,86.0,0.0,86.0,274.0,192.0,118.0,13.0,71.0,20.0,25.0,2.0,12.0,6.0,71.0,141.0,235.0,39.0,0.0,0.0,0.0,0.0,0.0,0.0,0.0,0.0,0.0,0.0,0.0,0.0,0.0,0.0,0.0,0.0,0.0,0.0,0.0,0.0,0.0,0.0,0.0,0.0,0.0,0.0,0.0,0.0,0.0,0.0,0.0,0.0,0.0,0.0,0.0,0.0,0.0,0.0,2.0,1.0,1.0,1.0,0.0,7.0,2.0,1.0,8.0,9.0,14.0,14.0,0.0,0.0,0.0,0.0,0.0,0.0,0.0,0.0,0.0,0.0,0.0,0.0,0.0,0.0,0.0,0.0,0.0,0.0,2.0,1.0,1.0,2.0,0.0,9.0,4.0,1.0,11.0,15.0,21.0,21.0
193,1.0,193.0,London_423,newnew,151,453,1092.0,70.0,2.0,148584.0,0.5488732429803349,781.0,128.0,0.0,128.0,228.0,0.0,228.0,86.0,202.0,121.0,5.0,61.0,21.0,34.0,3.0,6.0,7.0,63.0,151.0,232.0,48.0,0.0,0.0,0.0,0.0,0.0,0.0,0.0,0.0,0.0,0.0,0.0,0.0,0.0,0.0,0.0,0.0,0.0,0.0,0.0,0.0,0.0,0.0,0.0,0.0,0.0,0.0,0.0,0.0,0.0,0.0,0.0,0.0,0.0,0.0,0.0,0.0,0.0,0.0,0.0,3.0,4.0,1.0,1.0,3.0,7.0,8.0,5.0,22.0,28.0,24.0,0.0,0.0,0.0,0.0,0.0,0.0,0.0,0.0,0.0,0.0,0.0,0.0,0.0,0.0,0.0,0.0,0.0,0.0,0.0,5.0,4.0,2.0,1.0,5.0,12.0,10.0,6.0,36.0,35.0,35.0
194,1.0,194.0,London_423,newnew,151,453,1092.0,70.0,2.0,128652.0,0.49290241400012746,737.0,124.0,2.0,122.0,224.0,19.0,205.0,228.0,193.0,110.0,9.0,65.0,20.0,48.0,1.0,7.0,5.0,59.0,176.0,213.0,48.0,0.0,0.0,0.0,0.0,0.0,0.0,0.0,0.0,0.0,0.0,0.0,0.0,0.0,0.0,0.0,0.0,0.0,0.0,0.0,0.0,0.0,0.0,0.0,0.0,0.0,0.0,0.0,0.0,0.0,0.0,0.0,0.0,0.0,0.0,1.0,0.0,0.0,0.0,2.0,3.0,3.0,1.0,2.0,12.0,4.0,12.0,10.0,28.0,29.0,17.0,0.0,0.0,0.0,0.0,0.0,0.0,0.0,0.0,0.0,0.0,0.0,0.0,0.0,0.0,6.0,0.0,0.0,0.0,2.0,3.0,3.0,2.0,2.0,12.0,4.0,15.0,11.0,39.0,46.0,22.0
195,1.0,195.0,London_423,newnew,151,453,1092.0,70.0,2.0,105549.0,0.30403300700709224,686.0,7.0,1.0,6.0,17.0,9.0,8.0,224.0,202.0,108.0,9.0,87.0,9.0,32.0,1.0,5.0,4.0,73.0,161.0,215.0,48.0,0.0,0.0,0.0,0.0,0.0,0.0,0.0,0.0,0.0,0.0,0.0,0.0,0.0,0.0,0.0,0.0,0.0,0.0,0.0,0.0,0.0,0.0,0.0,0.0,0.0,0.0,0.0,0.0,0.0,0.0,0.0,0.0,1.0,0.0,1.0,0.0,0.0,0.0,0.0,0.0,0.0,0.0,0.0,0.0,0.0,0.0,1.0,0.0,2.0,0.0,0.0,0.0,0.0,0.0,0.0,0.0,0.0,0.0,0.0,0.0,0.0,0.0,5.0,0.0,5.0,0.0,0.0,0.0,0.0,0.0,0.0,0.0,0.0,0.0,0.0,0.0,1.0,0.0,2.0,0.0
196,1.0,196.0,London_423,newnew,151,453,1092.0,70.0,2.0,132276.0,0.3284472759696655,745.0,14.0,2.0,12.0,43.0,19.0,24.0,17.0,203.0,108.0,8.0,85.0,10.0,33.0,1.0,5.0,3.0,74.0,156.0,220.0,43.0,0.0,0.0,0.0,0.0,0.0,0.0,0.0,0.0,0.0,0.0,0.0,0.0,0.0,0.0,0.0,0.0,0.0,0.0,0.0,0.0,0.0,0.0,0.0,0.0,0.0,0.0,0.0,0.0,0.0,0.0,0.0,1.0,0.0,0.0,0.0,0.0,0.0,0.0,2.0,0.0,0.0,0.0,1.0,2.0,3.0,3.0,1.0,3.0,7.0,0.0,0.0,0.0,0.0,0.0,0.0,0.0,0.0,0.0,0.0,0.0,0.0,4.0,0.0,0.0,0.0,0.0,0.0,0.0,2.0,0.0,0.0,0.0,1.0,2.0,7.0,6.0,2.0,5.0,10.0,0.0
197,1.0,197.0,London_423,newnew,151,453,1092.0,70.0,2.0,170781.0,0.6072127940133214,830.0,79.0,2.0,77.0,155.0,16.0,139.0,43.0,210.0,100.0,6.0,91.0,7.0,33.0,1.0,5.0,3.0,75.0,147.0,228.0,27.0,0.0,0.0,0.0,0.0,0.0,0.0,0.0,0.0,0.0,0.0,0.0,0.0,0.0,0.0,0.0,0.0,0.0,0.0,0.0,0.0,0.0,0.0,0.0,0.0,0.0,0.0,0.0,0.0,1.0,0.0,0.0,1.0,0.0,1.0,1.0,0.0,0.0,0.0,7.0,0.0,2.0,1.0,0.0,4.0,2.0,10.0,10.0,11.0,23.0,10.0,0.0,0.0,0.0,0.0,0.0,0.0,0.0,0.0,3.0,0.0,0.0,3.0,0.0,6.0,5.0,0.0,0.0,0.0,11.0,0.0,3.0,3.0,0.0,5.0,3.0,16.0,19.0,18.0,33.0,15.0
198,1.0,198.0,London_423,newnew,151,453,1092.0,70.0,2.0,177576.0,0.7359987369854935,845.0,120.0,2.0,118.0,219.0,18.0,201.0,155.0,198.0,96.0,10.0,88.0,11.0,43.0,1.0,6.0,6.0,77.0,151.0,219.0,36.0,0.0,0.0,0.0,0.0,0.0,0.0,0.0,0.0,0.0,0.0,0.0,0.0,0.0,0.0,0.0,0.0,0.0,0.0,0.0,0.0,0.0,0.0,0.0,0.0,0.0,0.0,0.0,0.0,0.0,0.0,0.0,1.0,1.0,0.0,1.0,0.0,0.0,0.0,6.0,2.0,4.0,3.0,4.0,28.0,4.0,16.0,13.0,25.0,26.0,14.0,0.0,0.0,0.0,0.0,0.0,0.0,0.0,0.0,0.0,0.0,0.0,2.0,5.0,0.0,4.0,0.0,0.0,0.0,8.0,2.0,5.0,3.0,4.0,39.0,5.0,25.0,20.0,40.0,39.0,18.0
199,1.0,199.0,London_423,newnew,151,453,1092.0,70.0,2.0,159909.0,0.46292487799655646,806.0,49.0,0.0,49.0,81.0,0.0,81.0,219.0,209.0,80.0,20.0,86.0,14.0,36.0,2.0,6.0,6.0,73.0,150.0,224.0,46.0,0.0,0.0,0.0,0.0,0.0,0.0,0.0,0.0,0.0,0.0,0.0,0.0,0.0,0.0,0.0,0.0,0.0,0.0,0.0,0.0,0.0,0.0,0.0,0.0,0.0,0.0,0.0,0.0,0.0,0.0,0.0,0.0,0.0,0.0,0.0,0.0,0.0,0.0,2.0,1.0,0.0,1.0,0.0,6.0,4.0,0.0,4.0,8.0,11.0,8.0,0.0,0.0,0.0,0.0,0.0,0.0,0.0,0.0,0.0,0.0,0.0,0.0,0.0,0.0,0.0,0.0,0.0,0.0,3.0,1.0,0.0,1.0,0.0,8.0,5.0,0.0,6.0,10.0,17.0,9.0
200,1.0,200.0,London_423,newnew,151,453,1092.0,70.0,2.0,174858.0,0.7102495129802264,839.0,113.0,0.0,113.0,194.0,0.0,194.0,81.0,211.0,86.0,22.0,74.0,15.0,37.0,3.0,5.0,6.0,77.0,149.0,221.0,50.0,0.0,0.0,0.0,0.0,0.0,0.0,0.0,0.0,0.0,0.0,0.0,0.0,0.0,0.0,0.0,0.0,0.0,0.0,0.0,0.0,0.0,0.0,0.0,0.0,0.0,0.0,0.0,0.0,0.0,0.0,0.0,0.0,0.0,0.0,0.0,0.0,0.0,0.0,3.0,4.0,0.0,2.0,0.0,15.0,8.0,10.0,4.0,18.0,35.0,16.0,0.0,0.0,0.0,0.0,0.0,0.0,0.0,0.0,0.0,0.0,0.0,0.0,0.0,0.0,0.0,0.0,0.0,0.0,3.0,6.0,0.0,4.0,0.0,17.0,9.0,14.0,6.0,27.0,50.0,22.0
201,1.0,201.0,London_423,newnew,151,453,1092.0,70.0,2.0,163533.0,0.6746505209594034,814.0,103.0,1.0,102.0,196.0,10.0,186.0,194.0,223.0,93.0,11.0,59.0,14.0,48.0,2.0,3.0,3.0,60.0,163.0,227.0,37.0,0.0,0.0,0.0,0.0,0.0,0.0,0.0,0.0,0.0,0.0,0.0,0.0,0.0,0.0,0.0,0.0,0.0,0.0,0.0,0.0,0.0,0.0,0.0,0.0,0.0,0.0,0.0,0.0,0.0,1.0,0.0,1.0,0.0,0.0,1.0,0.0,0.0,0.0,2.0,5.0,1.0,0.0,4.0,3.0,16.0,5.0,13.0,16.0,22.0,21.0,0.0,0.0,0.0,0.0,0.0,0.0,0.0,0.0,0.0,7.0,0.0,1.0,0.0,0.0,3.0,0.0,0.0,0.0,2.0,5.0,1.0,0.0,4.0,4.0,26.0,6.0,20.0,25.0,36.0,28.0
202,1.0,202.0,London_423,newnew,151,453,1092.0,70.0,2.0,158097.0,0.6784917929908261,802.0,97.0,0.0,97.0,175.0,0.0,175.0,196.0,226.0,88.0,19.0,59.0,13.0,44.0,3.0,1.0,2.0,59.0,157.0,235.0,35.0,0.0,0.0,0.0,0.0,0.0,0.0,0.0,0.0,0.0,0.0,0.0,0.0,0.0,0.0,0.0,0.0,0.0,0.0,0.0,0.0,0.0,0.0,0.0,0.0,0.0,0.0,0.0,0.0,0.0,0.0,0.0,0.0,0.0,0.0,0.0,0.0,0.0,0.0,3.0,5.0,0.0,1.0,1.0,17.0,12.0,11.0,10.0,22.0,27.0,29.0,0.0,0.0,0.0,0.0,0.0,0.0,0.0,0.0,0.0,0.0,0.0,0.0,0.0,0.0,0.0,0.0,0.0,0.0,3.0,7.0,0.0,2.0,1.0,19.0,15.0,14.0,16.0,35.0,44.0,38.0
203,1.0,203.0,London_423,newnew,151,453,1092.0,70.0,2.0,154020.0,0.6676943710190244,793.0,96.0,2.0,94.0,178.0,18.0,160.0,175.0,246.0,89.0,15.0,56.0,12.0,32.0,0.0,3.0,4.0,75.0,161.0,213.0,27.0,0.0,0.0,0.0,0.0,0.0,0.0,0.0,0.0,0.0,0.0,0.0,0.0,0.0,0.0,0.0,0.0,0.0,0.0,0.0,0.0,0.0,0.0,0.0,0.0,0.0,0.0,0.0,0.0,2.0,0.0,0.0,1.0,2.0,0.0,2.0,0.0,0.0,0.0,2.0,5.0,5.0,0.0,0.0,12.0,9.0,12.0,8.0,17.0,24.0,20.0,0.0,0.0,0.0,0.0,0.0,0.0,0.0,0.0,9.0,0.0,0.0,6.0,13.0,0.0,7.0,0.0,0.0,0.0,2.0,9.0,5.0,0.0,0.0,18.0,15.0,15.0,13.0,25.0,33.0,26.0
204,1.0,204.0,London_423,newnew,151,453,1092.0,70.0,2.0,149943.0,0.6374910000013188,784.0,139.0,1.0,138.0,261.0,9.0,252.0,178.0,256.0,90.0,16.0,54.0,12.0,21.0,0.0,4.0,10.0,83.0,162.0,198.0,28.0,0.0,0.0,0.0,0.0,0.0,0.0,0.0,0.0,0.0,0.0,0.0,0.0,0.0,0.0,0.0,0.0,0.0,0.0,0.0,0.0,0.0,0.0,0.0,0.0,0.0,0.0,0.0,0.0,0.0,0.0,0.0,0.0,0.0,0.0,0.0,0.0,0.0,0.0,3.0,1.0,1.0,5.0,8.0,14.0,2.0,0.0,6.0,21.0,34.0,16.0,0.0,0.0,0.0,0.0,0.0,0.0,0.0,0.0,0.0,0.0,0.0,0.0,0.0,0.0,0.0,0.0,0.0,0.0,4.0,3.0,1.0,8.0,8.0,20.0,6.0,0.0,8.0,34.0,55.0,22.0
205,1.0,205.0,London_423,newnew,151,453,1092.0,70.0,2.0,133182.0,0.4135282509960234,747.0,19.0,0.0,19.0,35.0,0.0,35.0,261.0,222.0,72.0,17.0,95.0,11.0,31.0,0.0,5.0,5.0,79.0,158.0,211.0,33.0,0.0,0.0,0.0,0.0,0.0,0.0,0.0,0.0,0.0,0.0,0.0,0.0,0.0,0.0,0.0,0.0,0.0,0.0,0.0,0.0,0.0,0.0,0.0,0.0,0.0,0.0,0.0,0.0,0.0,0.0,0.0,0.0,0.0,0.0,0.0,0.0,0.0,0.0,0.0,1.0,0.0,0.0,0.0,0.0,2.0,0.0,4.0,5.0,6.0,6.0,0.0,0.0,0.0,0.0,0.0,0.0,0.0,0.0,0.0,0.0,0.0,0.0,0.0,0.0,0.0,0.0,0.0,0.0,0.0,1.0,0.0,0.0,0.0,0.0,4.0,0.0,5.0,9.0,9.0,6.0
206,1.0,206.0,London_423,newnew,151,453,1092.0,70.0,2.0,159456.0,0.3947890540002845,805.0,0.0,0.0,0.0,0.0,0.0,0.0,35.0,225.0,68.0,20.0,93.0,13.0,30.0,0.0,4.0,5.0,74.0,161.0,213.0,33.0,0.0,0.0,0.0,0.0,0.0,0.0,0.0,0.0,0.0,0.0,0.0,0.0,0.0,0.0,0.0,0.0,0.0,0.0,0.0,0.0,0.0,0.0,0.0,0.0,0.0,0.0,0.0,0.0,0.0,0.0,0.0,0.0,0.0,0.0,0.0,0.0,0.0,0.0,0.0,0.0,0.0,0.0,0.0,0.0,0.0,0.0,0.0,0.0,0.0,0.0,0.0,0.0,0.0,0.0,0.0,0.0,0.0,0.0,0.0,0.0,0.0,0.0,0.0,0.0,0.0,0.0,0.0,0.0,0.0,0.0,0.0,0.0,0.0,0.0,0.0,0.0,0.0,0.0,0.0,0.0
207,1.0,207.0,London_423,newnew,151,453,1092.0,70.0,2.0,207021.0,0.8244772540056147,910.0,153.0,2.0,151.0,282.0,19.0,263.0,0.0,225.0,68.0,20.0,93.0,13.0,30.0,0.0,4.0,5.0,74.0,161.0,213.0,33.0,0.0,0.0,0.0,0.0,0.0,0.0,0.0,0.0,0.0,0.0,0.0,0.0,0.0,0.0,0.0,0.0,0.0,0.0,0.0,0.0,0.0,0.0,0.0,0.0,0.0,0.0,0.0,0.0,1.0,0.0,0.0,1.0,0.0,1.0,1.0,0.0,0.0,0.0,6.0,18.0,1.0,1.0,6.0,16.0,2.0,11.0,10.0,22.0,39.0,17.0,0.0,0.0,0.0,0.0,0.0,0.0,0.0,0.0,2.0,0.0,0.0,4.0,0.0,5.0,7.0,0.0,0.0,0.0,7.0,27.0,1.0,1.0,8.0,22.0,2.0,15.0,12.0,31.0,51.0,20.0
208,1.0,208.0,London_423,newnew,151,453,1092.0,70.0,2.0,178935.0,0.6241326269810088,848.0,116.0,0.0,116.0,189.0,0.0,189.0,282.0,188.0,112.0,23.0,80.0,5.0,38.0,1.0,6.0,4.0,83.0,164.0,202.0,41.0,0.0,0.0,0.0,0.0,0.0,0.0,0.0,0.0,0.0,0.0,0.0,0.0,0.0,0.0,0.0,0.0,0.0,0.0,0.0,0.0,0.0,0.0,0.0,0.0,0.0,0.0,0.0,0.0,0.0,0.0,0.0,0.0,0.0,0.0,0.0,0.0,0.0,0.0,1.0,1.0,2.0,4.0,0.0,15.0,9.0,12.0,6.0,29.0,27.0,25.0,0.0,0.0,0.0,0.0,0.0,0.0,0.0,0.0,0.0,0.0,0.0,0.0,0.0,0.0,0.0,0.0,0.0,0.0,1.0,1.0,2.0,6.0,0.0,19.0,14.0,17.0,8.0,43.0,40.0,29.0
209,1.0,209.0,London_423,newnew,151,453,1092.0,70.0,2.0,161268.0,0.4916400390211493,809.0,68.0,2.0,66.0,116.0,16.0,100.0,189.0,188.0,141.0,17.0,50.0,10.0,42.0,0.0,5.0,7.0,90.0,154.0,202.0,49.0,0.0,0.0,0.0,0.0,0.0,0.0,0.0,0.0,0.0,0.0,0.0,0.0,0.0,0.0,0.0,0.0,0.0,0.0,0.0,0.0,0.0,0.0,0.0,0.0,0.0,0.0,0.0,0.0,0.0,0.0,0.0,0.0,0.0,2.0,2.0,0.0,0.0,0.0,1.0,2.0,0.0,2.0,0.0,8.0,2.0,6.0,2.0,13.0,14.0,12.0,0.0,0.0,0.0,0.0,0.0,0.0,0.0,0.0,0.0,0.0,0.0,0.0,0.0,8.0,7.0,0.0,0.0,0.0,1.0,3.0,0.0,2.0,0.0,10.0,3.0,7.0,2.0,18.0,19.0,14.0
210,1.0,210.0,London_423,newnew,151,453,1092.0,70.0,2.0,162174.0,0.5893960740067996,811.0,76.0,1.0,75.0,140.0,9.0,131.0,116.0,198.0,152.0,12.0,34.0,10.0,44.0,1.0,2.0,7.0,92.0,146.0,208.0,47.0,0.0,0.0,0.0,0.0,0.0,0.0,0.0,0.0,0.0,0.0,0.0,0.0,0.0,0.0,0.0,0.0,0.0,0.0,0.0,0.0,0.0,0.0,0.0,0.0,0.0,0.0,0.0,0.0,1.0,0.0,0.0,0.0,0.0,0.0,0.0,0.0,0.0,0.0,3.0,0.0,1.0,2.0,0.0,8.0,9.0,9.0,5.0,12.0,12.0,8.0,0.0,0.0,0.0,0.0,0.0,0.0,0.0,0.0,5.0,0.0,0.0,0.0,0.0,0.0,0.0,0.0,0.0,0.0,3.0,0.0,1.0,2.0,0.0,9.0,9.0,9.0,6.0,21.0,17.0,10.0
211,1.0,211.0,London_423,newnew,151,453,1092.0,70.0,2.0,170781.0,0.8100163709605113,830.0,121.0,2.0,119.0,220.0,18.0,202.0,140.0,209.0,136.0,8.0,38.0,14.0,45.0,1.0,2.0,6.0,88.0,149.0,210.0,40.0,0.0,0.0,0.0,0.0,0.0,0.0,0.0,0.0,0.0,0.0,0.0,0.0,0.0,0.0,0.0,0.0,0.0,0.0,0.0,0.0,0.0,0.0,0.0,0.0,0.0,0.0,0.0,0.0,1.0,0.0,0.0,1.0,1.0,0.0,0.0,0.0,0.0,0.0,1.0,0.0,0.0,2.0,0.0,7.0,7.0,13.0,9.0,21.0,31.0,12.0,0.0,0.0,0.0,0.0,0.0,0.0,0.0,0.0,5.0,0.0,0.0,2.0,5.0,0.0,0.0,0.0,0.0,0.0,1.0,0.0,0.0,3.0,0.0,8.0,12.0,17.0,11.0,30.0,43.0,14.0
212,1.0,212.0,London_423,newnew,151,453,1092.0,70.0,2.0,164439.0,0.638112154963892,816.0,100.0,2.0,98.0,191.0,17.0,174.0,220.0,210.0,101.0,15.0,66.0,11.0,37.0,4.0,9.0,11.0,86.0,135.0,221.0,51.0,0.0,0.0,0.0,0.0,0.0,0.0,0.0,0.0,0.0,0.0,0.0,0.0,0.0,0.0,0.0,0.0,0.0,0.0,0.0,0.0,0.0,0.0,0.0,0.0,0.0,0.0,0.0,0.0,1.0,0.0,0.0,1.0,0.0,0.0,2.0,0.0,0.0,0.0,8.0,2.0,0.0,4.0,0.0,16.0,5.0,9.0,7.0,20.0,24.0,17.0,0.0,0.0,0.0,0.0,0.0,0.0,0.0,0.0,1.0,0.0,0.0,1.0,0.0,0.0,5.0,0.0,0.0,0.0,10.0,3.0,0.0,8.0,0.0,23.0,8.0,12.0,12.0,28.0,32.0,27.0
213,1.0,213.0,London_423,newnew,151,453,1092.0,70.0,2.0,154020.0,0.44507362600415945,793.0,24.0,0.0,24.0,40.0,0.0,40.0,191.0,216.0,96.0,25.0,65.0,7.0,40.0,2.0,2.0,10.0,83.0,146.0,214.0,51.0,0.0,0.0,0.0,0.0,0.0,0.0,0.0,0.0,0.0,0.0,0.0,0.0,0.0,0.0,0.0,0.0,0.0,0.0,0.0,0.0,0.0,0.0,0.0,0.0,0.0,0.0,0.0,0.0,0.0,0.0,0.0,0.0,0.0,0.0,0.0,0.0,0.0,0.0,0.0,0.0,0.0,0.0,0.0,3.0,1.0,3.0,5.0,6.0,5.0,9.0,0.0,0.0,0.0,0.0,0.0,0.0,0.0,0.0,0.0,0.0,0.0,0.0,0.0,0.0,0.0,0.0,0.0,0.0,0.0,0.0,0.0,0.0,0.0,4.0,2.0,3.0,6.0,9.0,6.0,10.0
214,1.0,214.0,London_423,newnew,151,453,1092.0,70.0,2.0,190713.0,0.8542775959940627,874.0,107.0,2.0,105.0,204.0,19.0,185.0,40.0,220.0,89.0,26.0,70.0,7.0,37.0,2.0,2.0,11.0,83.0,150.0,209.0,59.0,0.0,0.0,0.0,0.0,0.0,0.0,0.0,0.0,0.0,0.0,0.0,0.0,0.0,0.0,0.0,0.0,0.0,0.0,0.0,0.0,0.0,0.0,0.0,0.0,0.0,0.0,0.0,0.0,2.0,0.0,0.0,2.0,1.0,0.0,1.0,0.0,0.0,0.0,3.0,2.0,1.0,1.0,2.0,13.0,7.0,3.0,12.0,15.0,30.0,10.0,0.0,0.0,0.0,0.0,0.0,0.0,0.0,0.0,5.0,0.0,0.0,9.0,7.0,0.0,4.0,0.0,0.0,0.0,4.0,3.0,1.0,2.0,2.0,18.0,10.0,3.0,18.0,22.0,45.0,11.0
215,1.0,215.0,London_423,newnew,151,453,1092.0,70.0,2.0,182106.0,0.7410207749926485,855.0,108.0,0.0,108.0,186.0,0.0,186.0,204.0,226.0,107.0,27.0,69.0,5.0,16.0,0.0,3.0,8.0,87.0,144.0,214.0,40.0,0.0,0.0,0.0,0.0,0.0,0.0,0.0,0.0,0.0,0.0,0.0,0.0,0.0,0.0,0.0,0.0,0.0,0.0,0.0,0.0,0.0,0.0,0.0,0.0,0.0,0.0,0.0,0.0,0.0,0.0,0.0,0.0,0.0,0.0,0.0,0.0,0.0,0.0,1.0,3.0,2.0,2.0,2.0,9.0,8.0,2.0,19.0,23.0,22.0,17.0,0.0,0.0,0.0,0.0,0.0,0.0,0.0,0.0,0.0,0.0,0.0,0.0,0.0,0.0,0.0,0.0,0.0,0.0,1.0,3.0,2.0,3.0,3.0,11.0,10.0,3.0,26.0,37.0,32.0,21.0
216,1.0,216.0,London_423,newnew,151,453,1092.0,70.0,2.0,169422.0,0.6539422720088623,827.0,49.0,0.0,49.0,81.0,0.0,81.0,186.0,248.0,88.0,21.0,62.0,6.0,24.0,1.0,3.0,9.0,76.0,150.0,218.0,44.0,0.0,0.0,0.0,0.0,0.0,0.0,0.0,0.0,0.0,0.0,0.0,0.0,0.0,0.0,0.0,0.0,0.0,0.0,0.0,0.0,0.0,0.0,0.0,0.0,0.0,0.0,0.0,0.0,0.0,0.0,0.0,0.0,0.0,0.0,0.0,0.0,0.0,0.0,2.0,3.0,1.0,1.0,0.0,5.0,4.0,1.0,5.0,11.0,6.0,5.0,0.0,0.0,0.0,0.0,0.0,0.0,0.0,0.0,0.0,0.0,0.0,0.0,0.0,0.0,0.0,0.0,0.0,0.0,2.0,3.0,1.0,1.0,0.0,6.0,7.0,2.0,6.0,20.0,9.0,8.0
217,1.0,217.0,London_423,newnew,151,453,1092.0,70.0,2.0,182559.0,0.8892641100101173,856.0,128.0,2.0,126.0,234.0,18.0,216.0,81.0,249.0,90.0,24.0,59.0,6.0,19.0,4.0,2.0,12.0,81.0,150.0,210.0,52.0,0.0,0.0,0.0,0.0,0.0,0.0,0.0,0.0,0.0,0.0,0.0,0.0,0.0,0.0,0.0,0.0,0.0,0.0,0.0,0.0,0.0,0.0,0.0,0.0,0.0,0.0,0.0,0.0,0.0,0.0,0.0,0.0,0.0,1.0,2.0,0.0,0.0,0.0,3.0,7.0,0.0,4.0,2.0,7.0,10.0,1.0,14.0,26.0,32.0,10.0,0.0,0.0,0.0,0.0,0.0,0.0,0.0,0.0,0.0,0.0,0.0,0.0,0.0,7.0,6.0,0.0,0.0,0.0,3.0,11.0,0.0,7.0,2.0,8.0,12.0,1.0,19.0,40.0,45.0,14.0
218,1.0,218.0,London_423,newnew,151,453,1092.0,70.0,2.0,159456.0,0.6002727380255237,805.0,123.0,0.0,123.0,193.0,0.0,193.0,234.0,246.0,80.0,27.0,75.0,13.0,12.0,0.0,0.0,9.0,85.0,134.0,225.0,33.0,0.0,0.0,0.0,0.0,0.0,0.0,0.0,0.0,0.0,0.0,0.0,0.0,0.0,0.0,0.0,0.0,0.0,0.0,0.0,0.0,0.0,0.0,0.0,0.0,0.0,0.0,0.0,0.0,0.0,0.0,0.0,0.0,0.0,0.0,0.0,0.0,0.0,0.0,2.0,15.0,1.0,2.0,1.0,10.0,11.0,5.0,8.0,21.0,27.0,14.0,0.0,0.0,0.0,0.0,0.0,0.0,0.0,0.0,0.0,0.0,0.0,0.0,0.0,0.0,0.0,0.0,0.0,0.0,2.0,16.0,1.0,2.0,1.0,13.0,13.0,6.0,11.0,31.0,40.0,14.0
219,1.0,219.0,London_423,newnew,151,453,1092.0,70.0,2.0,130011.0,0.5421884740353562,740.0,115.0,1.0,114.0,204.0,9.0,195.0,193.0,258.0,73.0,29.0,55.0,8.0,23.0,2.0,5.0,9.0,91.0,135.0,218.0,24.0,0.0,0.0,0.0,0.0,0.0,0.0,0.0,0.0,0.0,0.0,0.0,0.0,0.0,0.0,0.0,0.0,0.0,0.0,0.0,0.0,0.0,0.0,0.0,0.0,0.0,0.0,0.0,0.0,1.0,0.0,0.0,1.0,0.0,1.0,1.0,0.0,0.0,0.0,4.0,0.0,0.0,2.0,4.0,13.0,2.0,11.0,11.0,30.0,23.0,25.0,0.0,0.0,0.0,0.0,0.0,0.0,0.0,0.0,5.0,0.0,0.0,5.0,0.0,8.0,4.0,0.0,0.0,0.0,5.0,0.0,0.0,2.0,4.0,17.0,2.0,14.0,12.0,41.0,31.0,27.0
220,1.0,220.0,London_423,newnew,151,453,1092.0,70.0,2.0,107361.0,0.3840576999937184,690.0,95.0,0.0,95.0,162.0,0.0,162.0,204.0,264.0,74.0,11.0,53.0,6.0,33.0,3.0,9.0,5.0,95.0,141.0,212.0,27.0,0.0,0.0,0.0,0.0,0.0,0.0,0.0,0.0,0.0,0.0,0.0,0.0,0.0,0.0,0.0,0.0,0.0,0.0,0.0,0.0,0.0,0.0,0.0,0.0,0.0,0.0,0.0,0.0,0.0,0.0,0.0,0.0,0.0,0.0,0.0,0.0,0.0,0.0,6.0,3.0,2.0,2.0,0.0,9.0,9.0,1.0,5.0,22.0,25.0,14.0,0.0,0.0,0.0,0.0,0.0,0.0,0.0,0.0,0.0,0.0,0.0,0.0,0.0,0.0,0.0,0.0,0.0,0.0,7.0,3.0,2.0,2.0,0.0,14.0,12.0,2.0,7.0,35.0,37.0,17.0
221,1.0,221.0,London_423,newnew,151,453,1092.0,70.0,2.0,96489.0,0.3160373830469325,666.0,22.0,2.0,20.0,51.0,17.0,34.0,162.0,279.0,59.0,7.0,49.0,6.0,39.0,3.0,11.0,9.0,93.0,127.0,224.0,32.0,0.0,0.0,0.0,0.0,0.0,0.0,0.0,0.0,0.0,0.0,0.0,0.0,0.0,0.0,0.0,0.0,0.0,0.0,0.0,0.0,0.0,0.0,0.0,0.0,0.0,0.0,0.0,0.0,1.0,0.0,0.0,1.0,1.0,0.0,0.0,0.0,0.0,0.0,1.0,0.0,0.0,0.0,0.0,5.0,2.0,1.0,1.0,7.0,1.0,4.0,0.0,0.0,0.0,0.0,0.0,0.0,0.0,0.0,4.0,0.0,0.0,5.0,9.0,0.0,0.0,0.0,0.0,0.0,1.0,0.0,0.0,0.0,0.0,6.0,3.0,1.0,1.0,9.0,1.0,5.0
222,1.0,222.0,London_423,newnew,151,453,1092.0,70.0,2.0,122310.0,0.6099973089876585,723.0,33.0,0.0,33.0,53.0,0.0,53.0,51.0,269.0,59.0,9.0,64.0,1.0,39.0,3.0,9.0,9.0,92.0,127.0,225.0,38.0,0.0,0.0,0.0,0.0,0.0,0.0,0.0,0.0,0.0,0.0,0.0,0.0,0.0,0.0,0.0,0.0,0.0,0.0,0.0,0.0,0.0,0.0,0.0,0.0,0.0,0.0,0.0,0.0,0.0,0.0,0.0,0.0,0.0,0.0,0.0,0.0,0.0,0.0,0.0,0.0,0.0,0.0,0.0,5.0,5.0,1.0,3.0,9.0,9.0,4.0,0.0,0.0,0.0,0.0,0.0,0.0,0.0,0.0,0.0,0.0,0.0,0.0,0.0,0.0,0.0,0.0,0.0,0.0,0.0,0.0,0.0,0.0,0.0,9.0,6.0,1.0,3.0,14.0,14.0,4.0
223,1.0,223.0,London_423,newnew,151,453,1092.0,70.0,2.0,145866.0,0.740492477954831,775.0,91.0,1.0,90.0,159.0,12.0,147.0,53.0,278.0,51.0,12.0,60.0,1.0,42.0,2.0,7.0,5.0,100.0,130.0,218.0,35.0,0.0,0.0,0.0,0.0,0.0,0.0,0.0,0.0,0.0,0.0,0.0,0.0,0.0,0.0,0.0,0.0,0.0,0.0,0.0,0.0,0.0,0.0,0.0,0.0,0.0,0.0,0.0,0.0,1.0,0.0,0.0,1.0,0.0,0.0,0.0,0.0,0.0,0.0,4.0,6.0,5.0,0.0,4.0,15.0,5.0,9.0,8.0,19.0,24.0,8.0,0.0,0.0,0.0,0.0,0.0,0.0,0.0,0.0,4.0,0.0,0.0,5.0,0.0,0.0,0.0,0.0,0.0,0.0,4.0,8.0,5.0,0.0,4.0,18.0,7.0,11.0,10.0,25.0,37.0,11.0
224,1.0,224.0,London_423,newnew,151,453,1092.0,70.0,2.0,142242.0,0.6350704720243812,767.0,54.0,2.0,52.0,112.0,16.0,96.0,159.0,272.0,62.0,22.0,45.0,5.0,43.0,1.0,3.0,4.0,98.0,125.0,226.0,20.0,0.0,0.0,0.0,0.0,0.0,0.0,0.0,0.0,0.0,0.0,0.0,0.0,0.0,0.0,0.0,0.0,0.0,0.0,0.0,0.0,0.0,0.0,0.0,0.0,0.0,0.0,0.0,0.0,2.0,0.0,0.0,1.0,2.0,0.0,2.0,0.0,0.0,0.0,2.0,7.0,1.0,1.0,2.0,10.0,9.0,4.0,5.0,10.0,12.0,11.0,0.0,0.0,0.0,0.0,0.0,0.0,0.0,0.0,6.0,0.0,0.0,3.0,11.0,0.0,3.0,0.0,0.0,0.0,2.0,11.0,1.0,1.0,2.0,15.0,11.0,4.0,8.0,19.0,16.0,15.0
225,1.0,225.0,London_423,newnew,151,453,1092.0,70.0,2.0,160362.0,0.7471132520004176,807.0,75.0,2.0,73.0,143.0,18.0,125.0,112.0,274.0,87.0,18.0,28.0,2.0,40.0,3.0,1.0,3.0,102.0,107.0,241.0,24.0,0.0,0.0,0.0,0.0,0.0,0.0,0.0,0.0,0.0,0.0,0.0,0.0,0.0,0.0,0.0,0.0,0.0,0.0,0.0,0.0,0.0,0.0,0.0,0.0,0.0,0.0,0.0,0.0,0.0,1.0,0.0,1.0,0.0,1.0,1.0,0.0,0.0,0.0,2.0,0.0,0.0,2.0,0.0,12.0,3.0,8.0,6.0,16.0,21.0,22.0,0.0,0.0,0.0,0.0,0.0,0.0,0.0,0.0,0.0,3.0,0.0,4.0,0.0,6.0,3.0,0.0,0.0,0.0,2.0,0.0,0.0,3.0,0.0,18.0,3.0,9.0,7.0,25.0,26.0,28.0
226,1.0,226.0,London_423,newnew,151,453,1092.0,70.0,2.0,170328.0,0.8881494160159491,829.0,117.0,1.0,116.0,204.0,9.0,195.0,143.0,281.0,85.0,12.0,31.0,1.0,38.0,1.0,4.0,6.0,98.0,117.0,232.0,22.0,0.0,0.0,0.0,0.0,0.0,0.0,0.0,0.0,0.0,0.0,0.0,0.0,0.0,0.0,0.0,0.0,0.0,0.0,0.0,0.0,0.0,0.0,0.0,0.0,0.0,0.0,0.0,0.0,0.0,0.0,0.0,1.0,0.0,0.0,0.0,0.0,0.0,0.0,1.0,0.0,2.0,1.0,12.0,12.0,4.0,13.0,4.0,26.0,25.0,11.0,0.0,0.0,0.0,0.0,0.0,0.0,0.0,0.0,0.0,0.0,0.0,3.0,0.0,0.0,0.0,0.0,0.0,0.0,2.0,0.0,2.0,1.0,13.0,19.0,7.0,16.0,6.0,38.0,40.0,14.0
227,1.0,227.0,London_423,newnew,151,453,1092.0,70.0,2.0,162627.0,0.7723508980125189,812.0,100.0,0.0,100.0,169.0,0.0,169.0,204.0,264.0,80.0,17.0,57.0,5.0,23.0,1.0,6.0,5.0,90.0,125.0,233.0,26.0,0.0,0.0,0.0,0.0,0.0,0.0,0.0,0.0,0.0,0.0,0.0,0.0,0.0,0.0,0.0,0.0,0.0,0.0,0.0,0.0,0.0,0.0,0.0,0.0,0.0,0.0,0.0,0.0,0.0,0.0,0.0,0.0,0.0,0.0,0.0,0.0,0.0,0.0,5.0,6.0,0.0,1.0,1.0,9.0,8.0,8.0,14.0,14.0,26.0,17.0,0.0,0.0,0.0,0.0,0.0,0.0,0.0,0.0,0.0,0.0,0.0,0.0,0.0,0.0,0.0,0.0,0.0,0.0,6.0,7.0,0.0,1.0,1.0,11.0,11.0,11.0,16.0,17.0,37.0,20.0
228,1.0,228.0,London_423,newnew,151,453,1092.0,70.0,2.0,149943.0,0.6177273049834184,784.0,37.0,0.0,37.0,60.0,0.0,60.0,169.0,274.0,83.0,12.0,47.0,1.0,34.0,0.0,2.0,8.0,92.0,133.0,220.0,31.0,0.0,0.0,0.0,0.0,0.0,0.0,0.0,0.0,0.0,0.0,0.0,0.0,0.0,0.0,0.0,0.0,0.0,0.0,0.0,0.0,0.0,0.0,0.0,0.0,0.0,0.0,0.0,0.0,0.0,0.0,0.0,0.0,0.0,0.0,0.0,0.0,0.0,0.0,0.0,1.0,0.0,0.0,0.0,2.0,3.0,4.0,6.0,7.0,8.0,8.0,0.0,0.0,0.0,0.0,0.0,0.0,0.0,0.0,0.0,0.0,0.0,0.0,0.0,0.0,0.0,0.0,0.0,0.0,0.0,1.0,0.0,0.0,0.0,2.0,5.0,7.0,8.0,9.0,12.0,9.0
229,1.0,229.0,London_423,newnew,151,453,1092.0,70.0,2.0,172593.0,0.8684306850191206,834.0,109.0,2.0,107.0,196.0,19.0,177.0,60.0,272.0,98.0,11.0,41.0,1.0,29.0,1.0,0.0,8.0,90.0,134.0,221.0,36.0,0.0,0.0,0.0,0.0,0.0,0.0,0.0,0.0,0.0,0.0,0.0,0.0,0.0,0.0,0.0,0.0,0.0,0.0,0.0,0.0,0.0,0.0,0.0,0.0,0.0,0.0,0.0,0.0,0.0,0.0,0.0,2.0,2.0,0.0,2.0,0.0,0.0,0.0,1.0,9.0,0.0,3.0,0.0,11.0,9.0,7.0,6.0,21.0,23.0,16.0,0.0,0.0,0.0,0.0,0.0,0.0,0.0,0.0,0.0,0.0,0.0,5.0,13.0,0.0,5.0,0.0,0.0,0.0,1.0,13.0,0.0,4.0,0.0,14.0,10.0,8.0,7.0,31.0,32.0,18.0
230,1.0,230.0,London_423,newnew,151,453,1092.0,70.0,2.0,166251.0,0.6812245830078609,820.0,100.0,0.0,100.0,177.0,0.0,177.0,196.0,265.0,61.0,9.0,63.0,11.0,34.0,3.0,7.0,4.0,92.0,128.0,229.0,21.0,0.0,0.0,0.0,0.0,0.0,0.0,0.0,0.0,0.0,0.0,0.0,0.0,0.0,0.0,0.0,0.0,0.0,0.0,0.0,0.0,0.0,0.0,0.0,0.0,0.0,0.0,0.0,0.0,0.0,0.0,0.0,0.0,0.0,0.0,0.0,0.0,0.0,0.0,4.0,6.0,2.0,0.0,1.0,17.0,8.0,5.0,6.0,22.0,26.0,17.0,0.0,0.0,0.0,0.0,0.0,0.0,0.0,0.0,0.0,0.0,0.0,0.0,0.0,0.0,0.0,0.0,0.0,0.0,6.0,10.0,2.0,0.0,1.0,22.0,10.0,7.0,9.0,33.0,38.0,21.0
231,1.0,231.0,London_423,newnew,151,453,1092.0,70.0,2.0,152661.0,0.6247052630060352,790.0,115.0,1.0,114.0,220.0,8.0,212.0,177.0,262.0,63.0,16.0,69.0,12.0,23.0,3.0,5.0,4.0,104.0,131.0,214.0,24.0,0.0,0.0,0.0,0.0,0.0,0.0,0.0,0.0,0.0,0.0,0.0,0.0,0.0,0.0,0.0,0.0,0.0,0.0,0.0,0.0,0.0,0.0,0.0,0.0,0.0,0.0,0.0,0.0,0.0,0.0,0.0,0.0,1.0,0.0,0.0,0.0,0.0,0.0,0.0,3.0,0.0,1.0,1.0,11.0,5.0,5.0,18.0,28.0,24.0,22.0,0.0,0.0,0.0,0.0,0.0,0.0,0.0,0.0,0.0,0.0,0.0,0.0,4.0,0.0,0.0,0.0,0.0,0.0,0.0,4.0,0.0,2.0,1.0,16.0,6.0,11.0,23.0,47.0,34.0,37.0
232,1.0,232.0,London_423,newnew,151,453,1092.0,70.0,2.0,133635.0,0.5153906529885717,748.0,90.0,2.0,88.0,164.0,18.0,146.0,220.0,251.0,77.0,21.0,70.0,9.0,15.0,1.0,9.0,4.0,88.0,134.0,227.0,27.0,0.0,0.0,0.0,0.0,0.0,0.0,0.0,0.0,0.0,0.0,0.0,0.0,0.0,0.0,0.0,0.0,0.0,0.0,0.0,0.0,0.0,0.0,0.0,0.0,0.0,0.0,0.0,0.0,1.0,0.0,0.0,1.0,0.0,0.0,1.0,0.0,0.0,0.0,3.0,8.0,0.0,2.0,0.0,11.0,10.0,5.0,5.0,18.0,16.0,22.0,0.0,0.0,0.0,0.0,0.0,0.0,0.0,0.0,1.0,0.0,0.0,4.0,0.0,0.0,4.0,0.0,0.0,0.0,3.0,14.0,0.0,6.0,0.0,18.0,13.0,6.0,6.0,25.0,18.0,28.0
233,1.0,233.0,London_423,newnew,151,453,1092.0,70.0,2.0,130917.0,0.47622979298466817,742.0,63.0,1.0,62.0,120.0,9.0,111.0,164.0,260.0,84.0,17.0,63.0,3.0,14.0,2.0,10.0,7.0,82.0,152.0,212.0,26.0,0.0,0.0,0.0,0.0,0.0,0.0,0.0,0.0,0.0,0.0,0.0,0.0,0.0,0.0,0.0,0.0,0.0,0.0,0.0,0.0,0.0,0.0,0.0,0.0,0.0,0.0,0.0,0.0,0.0,0.0,0.0,0.0,0.0,0.0,0.0,0.0,0.0,0.0,1.0,1.0,0.0,0.0,0.0,8.0,4.0,5.0,5.0,10.0,19.0,7.0,0.0,0.0,0.0,0.0,0.0,0.0,0.0,0.0,0.0,0.0,0.0,0.0,0.0,0.0,0.0,0.0,0.0,0.0,1.0,2.0,0.0,0.0,0.0,10.0,5.0,7.0,6.0,15.0,28.0,8.0
234,1.0,234.0,London_423,newnew,151,453,1092.0,70.0,2.0,139524.0,0.574234496045392,761.0,77.0,0.0,77.0,142.0,0.0,142.0,120.0,262.0,75.0,10.0,80.0,5.0,9.0,1.0,11.0,10.0,91.0,136.0,216.0,30.0,0.0,0.0,0.0,0.0,0.0,0.0,0.0,0.0,0.0,0.0,0.0,0.0,0.0,0.0,0.0,0.0,0.0,0.0,0.0,0.0,0.0,0.0,0.0,0.0,0.0,0.0,0.0,0.0,0.0,0.0,0.0,0.0,0.0,0.0,0.0,0.0,0.0,0.0,4.0,3.0,1.0,0.0,0.0,5.0,6.0,8.0,13.0,16.0,18.0,12.0,0.0,0.0,0.0,0.0,0.0,0.0,0.0,0.0,0.0,0.0,0.0,0.0,0.0,0.0,0.0,0.0,0.0,0.0,4.0,7.0,1.0,0.0,0.0,7.0,11.0,16.0,18.0,29.0,23.0,19.0
235,1.0,235.0,London_423,newnew,151,453,1092.0,70.0,2.0,135900.0,0.45485602994449437,753.0,16.0,0.0,16.0,30.0,0.0,30.0,142.0,275.0,69.0,5.0,65.0,8.0,20.0,1.0,10.0,6.0,89.0,139.0,219.0,14.0,0.0,0.0,0.0,0.0,0.0,0.0,0.0,0.0,0.0,0.0,0.0,0.0,0.0,0.0,0.0,0.0,0.0,0.0,0.0,0.0,0.0,0.0,0.0,0.0,0.0,0.0,0.0,0.0,0.0,0.0,0.0,0.0,0.0,0.0,0.0,0.0,0.0,0.0,1.0,0.0,0.0,0.0,0.0,2.0,2.0,0.0,3.0,6.0,2.0,4.0,0.0,0.0,0.0,0.0,0.0,0.0,0.0,0.0,0.0,0.0,0.0,0.0,0.0,0.0,0.0,0.0,0.0,0.0,2.0,0.0,0.0,0.0,0.0,3.0,3.0,0.0,4.0,10.0,3.0,6.0
236,1.0,236.0,London_423,newnew,151,453,1092.0,70.0,2.0,174405.0,0.801945727027487,838.0,119.0,2.0,117.0,235.0,19.0,216.0,30.0,276.0,72.0,9.0,57.0,9.0,20.0,1.0,9.0,6.0,91.0,139.0,217.0,15.0,0.0,0.0,0.0,0.0,0.0,0.0,0.0,0.0,0.0,0.0,0.0,0.0,0.0,0.0,0.0,0.0,0.0,0.0,0.0,0.0,0.0,0.0,0.0,0.0,0.0,0.0,0.0,0.0,1.0,0.0,0.0,0.0,0.0,0.0,1.0,0.0,0.0,0.0,4.0,8.0,9.0,2.0,5.0,13.0,4.0,9.0,11.0,29.0,29.0,15.0,0.0,0.0,0.0,0.0,0.0,0.0,0.0,0.0,4.0,0.0,0.0,0.0,0.0,0.0,5.0,0.0,0.0,0.0,8.0,11.0,15.0,2.0,5.0,17.0,6.0,15.0,17.0,51.0,43.0,22.0
237,1.0,237.0,London_423,newnew,151,453,1092.0,70.0,2.0,155832.0,0.5853346919757314,797.0,85.0,1.0,84.0,154.0,9.0,145.0,235.0,246.0,85.0,13.0,78.0,7.0,16.0,3.0,5.0,3.0,97.0,138.0,215.0,30.0,0.0,0.0,0.0,0.0,0.0,0.0,0.0,0.0,0.0,0.0,0.0,0.0,0.0,0.0,0.0,0.0,0.0,0.0,0.0,0.0,0.0,0.0,0.0,0.0,0.0,0.0,0.0,0.0,1.0,0.0,0.0,0.0,1.0,0.0,1.0,0.0,0.0,0.0,1.0,2.0,0.0,0.0,1.0,8.0,2.0,7.0,6.0,19.0,16.0,22.0,0.0,0.0,0.0,0.0,0.0,0.0,0.0,0.0,3.0,0.0,0.0,0.0,8.0,0.0,1.0,0.0,0.0,0.0,1.0,2.0,0.0,0.0,2.0,11.0,2.0,11.0,7.0,32.0,26.0,32.0
238,1.0,238.0,London_423,newnew,151,453,1092.0,70.0,2.0,151302.0,0.5709424850065261,787.0,60.0,2.0,58.0,112.0,19.0,93.0,154.0,258.0,69.0,20.0,79.0,7.0,14.0,0.0,6.0,1.0,92.0,156.0,204.0,21.0,0.0,0.0,0.0,0.0,0.0,0.0,0.0,0.0,0.0,0.0,0.0,0.0,0.0,0.0,0.0,0.0,0.0,0.0,0.0,0.0,0.0,0.0,0.0,0.0,0.0,0.0,0.0,0.0,0.0,0.0,0.0,1.0,0.0,0.0,0.0,0.0,0.0,0.0,3.0,0.0,0.0,0.0,0.0,4.0,3.0,5.0,7.0,8.0,14.0,11.0,0.0,0.0,0.0,0.0,0.0,0.0,0.0,0.0,0.0,0.0,0.0,2.0,0.0,0.0,0.0,0.0,0.0,0.0,5.0,0.0,0.0,0.0,0.0,5.0,4.0,9.0,11.0,12.0,22.0,16.0
239,1.0,239.0,London_423,newnew,151,453,1092.0,70.0,2.0,164892.0,0.7387842800235376,817.0,152.0,2.0,150.0,284.0,16.0,268.0,112.0,267.0,62.0,23.0,66.0,7.0,20.0,1.0,7.0,1.0,93.0,140.0,219.0,23.0,0.0,0.0,0.0,0.0,0.0,0.0,0.0,0.0,0.0,0.0,0.0,0.0,0.0,0.0,0.0,0.0,0.0,0.0,0.0,0.0,0.0,0.0,0.0,0.0,0.0,0.0,0.0,0.0,0.0,0.0,0.0,0.0,0.0,1.0,1.0,0.0,0.0,0.0,4.0,4.0,0.0,2.0,0.0,11.0,6.0,1.0,21.0,26.0,37.0,19.0,0.0,0.0,0.0,0.0,0.0,0.0,0.0,0.0,0.0,0.0,0.0,0.0,0.0,7.0,1.0,0.0,0.0,0.0,4.0,4.0,0.0,3.0,0.0,16.0,7.0,1.0,27.0,41.0,60.0,26.0
240,1.0,240.0,London_423,newnew,151,453,1092.0,70.0,2.0,118233.0,0.36543555196840316,714.0,16.0,2.0,14.0,42.0,18.0,24.0,284.0,194.0,106.0,20.0,77.0,8.0,33.0,2.0,13.0,4.0,81.0,171.0,197.0,36.0,0.0,0.0,0.0,0.0,0.0,0.0,0.0,0.0,0.0,0.0,0.0,0.0,0.0,0.0,0.0,0.0,0.0,0.0,0.0,0.0,0.0,0.0,0.0,0.0,0.0,0.0,0.0,0.0,0.0,0.0,0.0,1.0,1.0,0.0,2.0,0.0,0.0,0.0,1.0,0.0,0.0,0.0,0.0,1.0,1.0,0.0,0.0,6.0,3.0,4.0,0.0,0.0,0.0,0.0,0.0,0.0,0.0,0.0,0.0,0.0,0.0,8.0,5.0,0.0,7.0,0.0,0.0,0.0,1.0,0.0,0.0,0.0,0.0,1.0,2.0,0.0,0.0,7.0,5.0,5.0
241,1.0,241.0,London_423,newnew,151,453,1092.0,70.0,2.0,133182.0,0.4386921760160476,747.0,85.0,0.0,85.0,144.0,0.0,144.0,42.0,199.0,111.0,17.0,75.0,4.0,31.0,2.0,14.0,4.0,83.0,155.0,211.0,32.0,0.0,0.0,0.0,0.0,0.0,0.0,0.0,0.0,0.0,0.0,0.0,0.0,0.0,0.0,0.0,0.0,0.0,0.0,0.0,0.0,0.0,0.0,0.0,0.0,0.0,0.0,0.0,0.0,0.0,0.0,0.0,0.0,0.0,0.0,0.0,0.0,0.0,0.0,1.0,5.0,0.0,2.0,0.0,10.0,8.0,3.0,7.0,12.0,20.0,17.0,0.0,0.0,0.0,0.0,0.0,0.0,0.0,0.0,0.0,0.0,0.0,0.0,0.0,0.0,0.0,0.0,0.0,0.0,1.0,6.0,0.0,2.0,0.0,13.0,13.0,5.0,11.0,19.0,28.0,22.0
242,1.0,242.0,London_423,newnew,151,453,1092.0,70.0,2.0,124122.0,0.5205290800076909,727.0,123.0,0.0,123.0,204.0,0.0,204.0,144.0,209.0,111.0,3.0,64.0,8.0,37.0,4.0,17.0,5.0,83.0,154.0,211.0,41.0,0.0,0.0,0.0,0.0,0.0,0.0,0.0,0.0,0.0,0.0,0.0,0.0,0.0,0.0,0.0,0.0,0.0,0.0,0.0,0.0,0.0,0.0,0.0,0.0,0.0,0.0,0.0,0.0,0.0,0.0,0.0,0.0,0.0,0.0,0.0,0.0,0.0,0.0,3.0,3.0,3.0,4.0,0.0,12.0,10.0,5.0,14.0,21.0,17.0,26.0,0.0,0.0,0.0,0.0,0.0,0.0,0.0,0.0,0.0,0.0,0.0,0.0,0.0,0.0,0.0,0.0,0.0,0.0,3.0,4.0,4.0,6.0,0.0,15.0,13.0,7.0,20.0,29.0,24.0,32.0
243,1.0,243.0,London_423,newnew,151,453,1092.0,70.0,2.0,91506.0,0.3414740940206684,655.0,104.0,1.0,103.0,196.0,10.0,186.0,204.0,207.0,105.0,15.0,63.0,13.0,33.0,0.0,17.0,6.0,73.0,162.0,212.0,39.0,0.0,0.0,0.0,0.0,0.0,0.0,0.0,0.0,0.0,0.0,0.0,0.0,0.0,0.0,0.0,0.0,0.0,0.0,0.0,0.0,0.0,0.0,0.0,0.0,0.0,0.0,0.0,0.0,0.0,1.0,0.0,1.0,0.0,0.0,1.0,0.0,0.0,0.0,3.0,4.0,0.0,0.0,0.0,11.0,11.0,8.0,12.0,24.0,25.0,19.0,0.0,0.0,0.0,0.0,0.0,0.0,0.0,0.0,0.0,8.0,0.0,4.0,0.0,0.0,3.0,0.0,0.0,0.0,3.0,5.0,0.0,0.0,0.0,13.0,17.0,11.0,15.0,35.0,33.0,27.0
244,1.0,244.0,London_423,newnew,151,453,1092.0,70.0,2.0,78822.0,0.22884775704005733,627.0,47.0,0.0,47.0,80.0,0.0,80.0,196.0,223.0,98.0,10.0,61.0,13.0,27.0,2.0,19.0,9.0,72.0,159.0,213.0,39.0,0.0,0.0,0.0,0.0,0.0,0.0,0.0,0.0,0.0,0.0,0.0,0.0,0.0,0.0,0.0,0.0,0.0,0.0,0.0,0.0,0.0,0.0,0.0,0.0,0.0,0.0,0.0,0.0,0.0,0.0,0.0,0.0,0.0,0.0,0.0,0.0,0.0,0.0,2.0,1.0,0.0,2.0,0.0,3.0,6.0,1.0,1.0,8.0,12.0,13.0,0.0,0.0,0.0,0.0,0.0,0.0,0.0,0.0,0.0,0.0,0.0,0.0,0.0,0.0,0.0,0.0,0.0,0.0,2.0,1.0,0.0,3.0,0.0,4.0,10.0,2.0,1.0,12.0,16.0,17.0
245,1.0,245.0,London_423,newnew,151,453,1092.0,70.0,2.0,97848.0,0.3531410620198585,669.0,12.0,2.0,10.0,37.0,18.0,19.0,80.0,228.0,94.0,6.0,59.0,16.0,28.0,2.0,20.0,13.0,73.0,165.0,202.0,45.0,0.0,0.0,0.0,0.0,0.0,0.0,0.0,0.0,0.0,0.0,0.0,0.0,0.0,0.0,0.0,0.0,0.0,0.0,0.0,0.0,0.0,0.0,0.0,0.0,0.0,0.0,0.0,0.0,2.0,0.0,0.0,1.0,2.0,0.0,2.0,0.0,0.0,0.0,1.0,1.0,0.0,0.0,0.0,1.0,1.0,0.0,3.0,3.0,3.0,3.0,0.0,0.0,0.0,0.0,0.0,0.0,0.0,0.0,6.0,0.0,0.0,6.0,13.0,0.0,9.0,0.0,0.0,0.0,3.0,1.0,0.0,0.0,0.0,2.0,2.0,0.0,5.0,5.0,5.0,4.0
246,1.0,246.0,London_423,newnew,151,453,1092.0,70.0,2.0,134088.0,0.42892672098241746,749.0,1.0,1.0,0.0,9.0,9.0,0.0,37.0,233.0,103.0,6.0,60.0,9.0,23.0,2.0,17.0,14.0,76.0,159.0,204.0,50.0,0.0,0.0,0.0,0.0,0.0,0.0,0.0,0.0,0.0,0.0,0.0,0.0,0.0,0.0,0.0,0.0,0.0,0.0,0.0,0.0,0.0,0.0,0.0,0.0,0.0,0.0,0.0,0.0,0.0,0.0,0.0,0.0,0.0,0.0,0.0,0.0,0.0,0.0,0.0,0.0,0.0,0.0,0.0,0.0,0.0,0.0,0.0,0.0,0.0,0.0,0.0,0.0,0.0,0.0,0.0,0.0,0.0,0.0,0.0,0.0,0.0,0.0,0.0,0.0,0.0,0.0,0.0,0.0,0.0,0.0,0.0,0.0,0.0,0.0,0.0,0.0,0.0,0.0,0.0,0.0
247,1.0,247.0,London_423,newnew,151,453,1092.0,70.0,2.0,176670.0,0.5963825050275773,843.0,28.0,0.0,28.0,46.0,0.0,46.0,9.0,235.0,96.0,9.0,61.0,9.0,24.0,2.0,17.0,12.0,76.0,156.0,209.0,47.0,0.0,0.0,0.0,0.0,0.0,0.0,0.0,0.0,0.0,0.0,0.0,0.0,0.0,0.0,0.0,0.0,0.0,0.0,0.0,0.0,0.0,0.0,0.0,0.0,0.0,0.0,0.0,0.0,0.0,0.0,0.0,0.0,0.0,0.0,0.0,0.0,0.0,0.0,1.0,0.0,0.0,1.0,0.0,6.0,6.0,1.0,3.0,6.0,5.0,6.0,0.0,0.0,0.0,0.0,0.0,0.0,0.0,0.0,0.0,0.0,0.0,0.0,0.0,0.0,0.0,0.0,0.0,0.0,1.0,0.0,0.0,1.0,0.0,6.0,7.0,1.0,4.0,8.0,9.0,7.0
248,1.0,248.0,London_423,newnew,151,453,1092.0,70.0,2.0,208833.0,0.7690095399739221,914.0,32.0,0.0,32.0,61.0,0.0,61.0,46.0,240.0,103.0,7.0,48.0,10.0,28.0,2.0,15.0,14.0,75.0,159.0,205.0,45.0,0.0,0.0,0.0,0.0,0.0,0.0,0.0,0.0,0.0,0.0,0.0,0.0,0.0,0.0,0.0,0.0,0.0,0.0,0.0,0.0,0.0,0.0,0.0,0.0,0.0,0.0,0.0,0.0,0.0,0.0,0.0,0.0,0.0,0.0,0.0,0.0,0.0,0.0,5.0,0.0,0.0,1.0,0.0,2.0,3.0,1.0,5.0,9.0,10.0,8.0,0.0,0.0,0.0,0.0,0.0,0.0,0.0,0.0,0.0,0.0,0.0,0.0,0.0,0.0,0.0,0.0,0.0,0.0,5.0,0.0,0.0,3.0,0.0,3.0,5.0,1.0,7.0,16.0,17.0,11.0
249,1.0,249.0,London_423,newnew,151,453,1092.0,70.0,2.0,243714.0,1.3235923189786263,991.0,144.0,2.0,142.0,262.0,19.0,243.0,61.0,244.0,113.0,7.0,42.0,8.0,28.0,0.0,11.0,13.0,76.0,159.0,205.0,44.0,0.0,0.0,0.0,0.0,0.0,0.0,0.0,0.0,0.0,0.0,0.0,0.0,0.0,0.0,0.0,0.0,0.0,0.0,0.0,0.0,0.0,0.0,0.0,0.0,0.0,0.0,0.0,0.0,0.0,0.0,0.0,0.0,0.0,1.0,0.0,0.0,0.0,0.0,2.0,1.0,0.0,0.0,1.0,11.0,8.0,5.0,3.0,30.0,34.0,20.0,0.0,0.0,0.0,0.0,0.0,0.0,0.0,0.0,0.0,0.0,0.0,0.0,0.0,7.0,0.0,0.0,0.0,0.0,2.0,1.0,0.0,0.0,1.0,17.0,10.0,6.0,5.0,45.0,50.0,26.0
250,1.0,250.0,London_423,newnew,151,453,1092.0,70.0,2.0,223782.0,0.8207121599698439,947.0,224.0,0.0,224.0,372.0,0.0,372.0,262.0,214.0,97.0,16.0,73.0,11.0,37.0,1.0,4.0,9.0,77.0,169.0,198.0,37.0,0.0,0.0,0.0,0.0,0.0,0.0,0.0,0.0,0.0,0.0,0.0,0.0,0.0,0.0,0.0,0.0,0.0,0.0,0.0,0.0,0.0,0.0,0.0,0.0,0.0,0.0,0.0,0.0,0.0,0.0,0.0,0.0,0.0,0.0,0.0,0.0,0.0,0.0,2.0,22.0,0.0,5.0,2.0,2.0,5.0,12.0,4.0,49.0,52.0,21.0,0.0,0.0,0.0,0.0,0.0,0.0,0.0,0.0,0.0,0.0,0.0,0.0,0.0,0.0,0.0,0.0,0.0,0.0,2.0,34.0,0.0,6.0,2.0,3.0,9.0,19.0,5.0,67.0,74.0,26.0
251,1.0,251.0,London_423,newnew,151,453,1092.0,70.0,2.0,166251.0,0.4968692250549793,820.0,150.0,2.0,148.0,275.0,16.0,259.0,372.0,118.0,147.0,27.0,109.0,4.0,39.0,1.0,8.0,9.0,85.0,157.0,202.0,63.0,0.0,0.0,0.0,0.0,0.0,0.0,0.0,0.0,0.0,0.0,0.0,0.0,0.0,0.0,0.0,0.0,0.0,0.0,0.0,0.0,0.0,0.0,0.0,0.0,0.0,0.0,0.0,0.0,1.0,0.0,0.0,0.0,0.0,2.0,2.0,0.0,0.0,0.0,6.0,10.0,2.0,1.0,1.0,14.0,14.0,14.0,14.0,25.0,38.0,25.0,0.0,0.0,0.0,0.0,0.0,0.0,0.0,0.0,4.0,0.0,0.0,0.0,0.0,12.0,10.0,0.0,0.0,0.0,7.0,15.0,2.0,1.0,1.0,19.0,18.0,16.0,17.0,36.0,57.0,36.0
252,1.0,252.0,London_423,newnew,151,453,1092.0,70.0,2.0,129558.0,0.39200956001877785,739.0,84.0,1.0,83.0,154.0,9.0,145.0,275.0,138.0,135.0,34.0,105.0,9.0,25.0,3.0,4.0,10.0,85.0,148.0,210.0,77.0,0.0,0.0,0.0,0.0,0.0,0.0,0.0,0.0,0.0,0.0,0.0,0.0,0.0,0.0,0.0,0.0,0.0,0.0,0.0,0.0,0.0,0.0,0.0,0.0,0.0,0.0,0.0,0.0,1.0,0.0,0.0,0.0,0.0,0.0,0.0,0.0,0.0,0.0,3.0,4.0,0.0,1.0,1.0,6.0,5.0,6.0,5.0,17.0,19.0,18.0,0.0,0.0,0.0,0.0,0.0,0.0,0.0,0.0,5.0,0.0,0.0,0.0,0.0,0.0,0.0,0.0,0.0,0.0,3.0,7.0,0.0,1.0,1.0,8.0,8.0,10.0,7.0,25.0,27.0,27.0
253,1.0,253.0,London_423,newnew,151,453,1092.0,70.0,2.0,130011.0,0.34121645998675376,740.0,15.0,2.0,13.0,41.0,18.0,23.0,154.0,145.0,137.0,38.0,102.0,4.0,24.0,2.0,1.0,11.0,80.0,152.0,210.0,84.0,0.0,0.0,0.0,0.0,0.0,0.0,0.0,0.0,0.0,0.0,0.0,0.0,0.0,0.0,0.0,0.0,0.0,0.0,0.0,0.0,0.0,0.0,0.0,0.0,0.0,0.0,0.0,0.0,1.0,0.0,0.0,1.0,1.0,0.0,0.0,0.0,0.0,0.0,0.0,0.0,0.0,0.0,0.0,0.0,0.0,2.0,1.0,4.0,2.0,3.0,0.0,0.0,0.0,0.0,0.0,0.0,0.0,0.0,1.0,0.0,0.0,2.0,8.0,0.0,0.0,0.0,0.0,0.0,0.0,0.0,0.0,0.0,0.0,0.0,0.0,2.0,1.0,7.0,3.0,5.0
254,1.0,254.0,London_423,newnew,151,453,1092.0,70.0,2.0,169875.0,0.4362575589912012,828.0,44.0,2.0,42.0,87.0,17.0,70.0,41.0,151.0,128.0,36.0,107.0,4.0,24.0,2.0,1.0,7.0,86.0,149.0,211.0,75.0,0.0,0.0,0.0,0.0,0.0,0.0,0.0,0.0,0.0,0.0,0.0,0.0,0.0,0.0,0.0,0.0,0.0,0.0,0.0,0.0,0.0,0.0,0.0,0.0,0.0,0.0,0.0,0.0,0.0,0.0,0.0,0.0,0.0,0.0,2.0,0.0,0.0,0.0,3.0,0.0,0.0,0.0,0.0,3.0,1.0,0.0,5.0,6.0,11.0,10.0,0.0,0.0,0.0,0.0,0.0,0.0,0.0,0.0,0.0,0.0,0.0,0.0,0.0,0.0,5.0,0.0,0.0,0.0,3.0,0.0,0.0,0.0,0.0,4.0,2.0,0.0,8.0,10.0,15.0,16.0
255,1.0,255.0,London_423,newnew,151,453,1092.0,70.0,2.0,206115.0,0.6117791399592534,908.0,66.0,0.0,66.0,120.0,0.0,120.0,87.0,156.0,121.0,39.0,107.0,2.0,24.0,0.0,4.0,6.0,89.0,141.0,217.0,65.0,0.0,0.0,0.0,0.0,0.0,0.0,0.0,0.0,0.0,0.0,0.0,0.0,0.0,0.0,0.0,0.0,0.0,0.0,0.0,0.0,0.0,0.0,0.0,0.0,0.0,0.0,0.0,0.0,0.0,0.0,0.0,0.0,0.0,0.0,0.0,0.0,0.0,0.0,4.0,5.0,0.0,1.0,0.0,7.0,6.0,9.0,11.0,11.0,12.0,19.0,0.0,0.0,0.0,0.0,0.0,0.0,0.0,0.0,0.0,0.0,0.0,0.0,0.0,0.0,0.0,0.0,0.0,0.0,6.0,6.0,0.0,1.0,0.0,11.0,6.0,13.0,16.0,16.0,15.0,25.0
256,1.0,256.0,London_423,newnew,151,453,1092.0,70.0,2.0,229671.0,0.9198282799916342,960.0,144.0,2.0,142.0,255.0,19.0,236.0,120.0,168.0,117.0,39.0,99.0,4.0,21.0,0.0,5.0,6.0,82.0,147.0,218.0,63.0,0.0,0.0,0.0,0.0,0.0,0.0,0.0,0.0,0.0,0.0,0.0,0.0,0.0,0.0,0.0,0.0,0.0,0.0,0.0,0.0,0.0,0.0,0.0,0.0,0.0,0.0,0.0,0.0,0.0,0.0,0.0,1.0,1.0,0.0,1.0,0.0,0.0,0.0,5.0,17.0,3.0,6.0,1.0,17.0,12.0,14.0,16.0,32.0,35.0,19.0,0.0,0.0,0.0,0.0,0.0,0.0,0.0,0.0,0.0,0.0,0.0,3.0,7.0,0.0,2.0,0.0,0.0,0.0,6.0,27.0,3.0,7.0,1.0,22.0,16.0,20.0,23.0,42.0,50.0,26.0
257,1.0,257.0,London_423,newnew,151,453,1092.0,70.0,2.0,208833.0,0.7825828960048966,914.0,127.0,0.0,127.0,234.0,0.0,234.0,255.0,170.0,99.0,37.0,106.0,12.0,22.0,1.0,6.0,8.0,75.0,156.0,214.0,42.0,0.0,0.0,0.0,0.0,0.0,0.0,0.0,0.0,0.0,0.0,0.0,0.0,0.0,0.0,0.0,0.0,0.0,0.0,0.0,0.0,0.0,0.0,0.0,0.0,0.0,0.0,0.0,0.0,0.0,0.0,0.0,0.0,0.0,0.0,0.0,0.0,0.0,0.0,4.0,1.0,5.0,1.0,3.0,17.0,16.0,14.0,14.0,21.0,35.0,15.0,0.0,0.0,0.0,0.0,0.0,0.0,0.0,0.0,0.0,0.0,0.0,0.0,0.0,0.0,0.0,0.0,0.0,0.0,4.0,1.0,7.0,1.0,4.0,24.0,23.0,21.0,22.0,33.0,53.0,19.0
258,1.0,258.0,London_423,newnew,151,453,1092.0,70.0,2.0,191619.0,0.6665373930009082,876.0,99.0,0.0,99.0,174.0,0.0,174.0,234.0,186.0,111.0,18.0,86.0,14.0,28.0,1.0,9.0,6.0,82.0,138.0,227.0,52.0,0.0,0.0,0.0,0.0,0.0,0.0,0.0,0.0,0.0,0.0,0.0,0.0,0.0,0.0,0.0,0.0,0.0,0.0,0.0,0.0,0.0,0.0,0.0,0.0,0.0,0.0,0.0,0.0,0.0,0.0,0.0,0.0,0.0,0.0,0.0,0.0,0.0,0.0,2.0,11.0,0.0,3.0,0.0,6.0,12.0,3.0,14.0,20.0,24.0,17.0,0.0,0.0,0.0,0.0,0.0,0.0,0.0,0.0,0.0,0.0,0.0,0.0,0.0,0.0,0.0,0.0,0.0,0.0,3.0,15.0,0.0,4.0,0.0,6.0,16.0,3.0,17.0,31.0,34.0,22.0
259,1.0,259.0,London_423,newnew,151,453,1092.0,70.0,2.0,178482.0,0.7092376800137572,847.0,139.0,2.0,137.0,251.0,18.0,233.0,174.0,185.0,97.0,27.0,85.0,16.0,31.0,4.0,8.0,8.0,75.0,147.0,223.0,59.0,0.0,0.0,0.0,0.0,0.0,0.0,0.0,0.0,0.0,0.0,0.0,0.0,0.0,0.0,0.0,0.0,0.0,0.0,0.0,0.0,0.0,0.0,0.0,0.0,0.0,0.0,0.0,0.0,0.0,0.0,0.0,0.0,0.0,1.0,2.0,0.0,0.0,0.0,1.0,12.0,0.0,0.0,11.0,14.0,8.0,15.0,17.0,27.0,36.0,12.0,0.0,0.0,0.0,0.0,0.0,0.0,0.0,0.0,0.0,0.0,0.0,0.0,0.0,5.0,11.0,0.0,0.0,0.0,1.0,18.0,0.0,0.0,14.0,20.0,11.0,21.0,21.0,36.0,55.0,16.0
260,1.0,260.0,London_423,newnew,151,453,1092.0,70.0,2.0,146319.0,0.5082431070040911,776.0,106.0,0.0,106.0,177.0,0.0,177.0,251.0,200.0,106.0,20.0,64.0,18.0,31.0,4.0,10.0,5.0,74.0,130.0,244.0,34.0,0.0,0.0,0.0,0.0,0.0,0.0,0.0,0.0,0.0,0.0,0.0,0.0,0.0,0.0,0.0,0.0,0.0,0.0,0.0,0.0,0.0,0.0,0.0,0.0,0.0,0.0,0.0,0.0,0.0,0.0,0.0,0.0,0.0,0.0,0.0,0.0,0.0,0.0,1.0,4.0,4.0,0.0,0.0,6.0,10.0,9.0,10.0,27.0,28.0,15.0,0.0,0.0,0.0,0.0,0.0,0.0,0.0,0.0,0.0,0.0,0.0,0.0,0.0,0.0,0.0,0.0,0.0,0.0,1.0,6.0,4.0,0.0,0.0,8.0,13.0,14.0,11.0,37.0,40.0,19.0
261,1.0,261.0,London_423,newnew,151,453,1092.0,70.0,2.0,128199.0,0.51230169396149,736.0,53.0,1.0,52.0,96.0,9.0,87.0,177.0,216.0,86.0,20.0,65.0,18.0,34.0,2.0,12.0,7.0,77.0,124.0,245.0,37.0,0.0,0.0,0.0,0.0,0.0,0.0,0.0,0.0,0.0,0.0,0.0,0.0,0.0,0.0,0.0,0.0,0.0,0.0,0.0,0.0,0.0,0.0,0.0,0.0,0.0,0.0,0.0,0.0,1.0,0.0,0.0,1.0,0.0,1.0,1.0,0.0,0.0,0.0,2.0,0.0,0.0,0.0,0.0,4.0,8.0,4.0,5.0,8.0,15.0,12.0,0.0,0.0,0.0,0.0,0.0,0.0,0.0,0.0,6.0,0.0,0.0,8.0,0.0,7.0,4.0,0.0,0.0,0.0,2.0,0.0,0.0,0.0,0.0,6.0,10.0,5.0,9.0,10.0,24.0,14.0
262,1.0,262.0,London_423,newnew,151,453,1092.0,70.0,2.0,143601.0,0.6472715810523368,770.0,140.0,0.0,140.0,251.0,0.0,251.0,96.0,225.0,96.0,15.0,62.0,10.0,33.0,2.0,10.0,7.0,83.0,114.0,249.0,37.0,0.0,0.0,0.0,0.0,0.0,0.0,0.0,0.0,0.0,0.0,0.0,0.0,0.0,0.0,0.0,0.0,0.0,0.0,0.0,0.0,0.0,0.0,0.0,0.0,0.0,0.0,0.0,0.0,0.0,0.0,0.0,0.0,0.0,0.0,0.0,0.0,0.0,0.0,3.0,7.0,7.0,1.0,8.0,40.0,6.0,27.0,10.0,19.0,37.0,24.0,0.0,0.0,0.0,0.0,0.0,0.0,0.0,0.0,0.0,0.0,0.0,0.0,0.0,0.0,0.0,0.0,0.0,0.0,7.0,8.0,7.0,1.0,8.0,56.0,9.0,38.0,14.0,30.0,64.0,32.0
263,1.0,263.0,London_423,newnew,151,453,1092.0,70.0,2.0,115968.0,0.5231013030279428,709.0,86.0,2.0,84.0,163.0,17.0,146.0,251.0,211.0,94.0,18.0,82.0,14.0,27.0,0.0,7.0,4.0,80.0,141.0,228.0,36.0,0.0,0.0,0.0,0.0,0.0,0.0,0.0,0.0,0.0,0.0,0.0,0.0,0.0,0.0,0.0,0.0,0.0,0.0,0.0,0.0,0.0,0.0,0.0,0.0,0.0,0.0,0.0,0.0,1.0,0.0,0.0,1.0,1.0,0.0,0.0,0.0,0.0,0.0,1.0,2.0,2.0,2.0,1.0,11.0,5.0,4.0,13.0,15.0,28.0,19.0,0.0,0.0,0.0,0.0,0.0,0.0,0.0,0.0,8.0,0.0,0.0,5.0,7.0,0.0,0.0,0.0,0.0,0.0,2.0,2.0,3.0,2.0,1.0,12.0,6.0,5.0,14.0,22.0,41.0,25.0
264,1.0,264.0,London_423,newnew,151,453,1092.0,70.0,2.0,109173.0,0.5488611909677275,694.0,1.0,0.0,1.0,1.0,0.0,1.0,163.0,216.0,102.0,23.0,63.0,2.0,35.0,3.0,9.0,6.0,82.0,135.0,230.0,47.0,0.0,0.0,0.0,0.0,0.0,0.0,0.0,0.0,0.0,0.0,0.0,0.0,0.0,0.0,0.0,0.0,0.0,0.0,0.0,0.0,0.0,0.0,0.0,0.0,0.0,0.0,0.0,0.0,0.0,0.0,0.0,0.0,0.0,0.0,0.0,0.0,0.0,0.0,0.0,0.0,0.0,0.0,0.0,0.0,0.0,0.0,0.0,0.0,0.0,1.0,0.0,0.0,0.0,0.0,0.0,0.0,0.0,0.0,0.0,0.0,0.0,0.0,0.0,0.0,0.0,0.0,0.0,0.0,0.0,0.0,0.0,0.0,0.0,0.0,0.0,0.0,0.0,0.0,0.0,1.0
265,1.0,265.0,London_423,newnew,151,453,1092.0,70.0,2.0,135447.0,0.4417593820253387,752.0,64.0,1.0,63.0,118.0,12.0,106.0,1.0,216.0,101.0,23.0,63.0,2.0,36.0,3.0,9.0,6.0,82.0,136.0,229.0,47.0,0.0,0.0,0.0,0.0,0.0,0.0,0.0,0.0,0.0,0.0,0.0,0.0,0.0,0.0,0.0,0.0,0.0,0.0,0.0,0.0,0.0,0.0,0.0,0.0,0.0,0.0,0.0,0.0,1.0,0.0,0.0,1.0,0.0,0.0,0.0,0.0,0.0,0.0,2.0,0.0,0.0,0.0,0.0,9.0,6.0,3.0,4.0,9.0,14.0,11.0,0.0,0.0,0.0,0.0,0.0,0.0,0.0,0.0,5.0,0.0,0.0,3.0,0.0,0.0,0.0,0.0,0.0,0.0,2.0,0.0,0.0,0.0,0.0,14.0,10.0,4.0,8.0,12.0,16.0,13.0
266,1.0,266.0,London_423,newnew,151,453,1092.0,70.0,2.0,147678.0,0.4739871450001374,779.0,16.0,2.0,14.0,40.0,16.0,24.0,118.0,215.0,108.0,20.0,61.0,6.0,30.0,4.0,9.0,8.0,71.0,146.0,228.0,41.0,0.0,0.0,0.0,0.0,0.0,0.0,0.0,0.0,0.0,0.0,0.0,0.0,0.0,0.0,0.0,0.0,0.0,0.0,0.0,0.0,0.0,0.0,0.0,0.0,0.0,0.0,0.0,0.0,2.0,0.0,0.0,0.0,2.0,0.0,2.0,0.0,0.0,0.0,0.0,0.0,0.0,0.0,1.0,2.0,3.0,1.0,3.0,2.0,4.0,4.0,0.0,0.0,0.0,0.0,0.0,0.0,0.0,0.0,6.0,0.0,0.0,0.0,14.0,0.0,7.0,0.0,0.0,0.0,0.0,0.0,0.0,0.0,1.0,3.0,3.0,2.0,4.0,4.0,5.0,6.0
267,1.0,267.0,London_423,newnew,151,453,1092.0,70.0,2.0,177576.0,0.7922204930218868,845.0,136.0,2.0,134.0,260.0,18.0,242.0,40.0,214.0,111.0,24.0,62.0,0.0,31.0,2.0,9.0,7.0,76.0,141.0,229.0,41.0,0.0,0.0,0.0,0.0,0.0,0.0,0.0,0.0,0.0,0.0,0.0,0.0,0.0,0.0,0.0,0.0,0.0,0.0,0.0,0.0,0.0,0.0,0.0,0.0,0.0,0.0,0.0,0.0,0.0,0.0,0.0,0.0,0.0,1.0,1.0,0.0,0.0,0.0,0.0,8.0,0.0,1.0,15.0,7.0,8.0,2.0,10.0,26.0,25.0,31.0,0.0,0.0,0.0,0.0,0.0,0.0,0.0,0.0,0.0,0.0,0.0,0.0,0.0,6.0,6.0,0.0,0.0,0.0,0.0,9.0,0.0,1.0,16.0,7.0,13.0,2.0,12.0,38.0,34.0,40.0
268,1.0,268.0,London_423,newnew,151,453,1092.0,70.0,2.0,149037.0,0.6176462220028043,782.0,132.0,1.0,131.0,228.0,9.0,219.0,260.0,212.0,112.0,18.0,70.0,9.0,25.0,2.0,5.0,4.0,79.0,132.0,238.0,26.0,0.0,0.0,0.0,0.0,0.0,0.0,0.0,0.0,0.0,0.0,0.0,0.0,0.0,0.0,0.0,0.0,0.0,0.0,0.0,0.0,0.0,0.0,0.0,0.0,0.0,0.0,0.0,0.0,0.0,0.0,0.0,1.0,0.0,0.0,0.0,0.0,0.0,0.0,11.0,0.0,1.0,1.0,0.0,10.0,14.0,8.0,15.0,24.0,42.0,17.0,0.0,0.0,0.0,0.0,0.0,0.0,0.0,0.0,0.0,0.0,0.0,3.0,0.0,0.0,0.0,0.0,0.0,0.0,13.0,0.0,1.0,2.0,0.0,14.0,22.0,8.0,22.0,30.0,68.0,20.0
269,1.0,269.0,London_423,newnew,151,453,1092.0,70.0,2.0,136353.0,0.4774611049797386,754.0,61.0,0.0,61.0,112.0,0.0,112.0,228.0,220.0,102.0,11.0,81.0,5.0,25.0,0.0,9.0,10.0,87.0,119.0,237.0,36.0,0.0,0.0,0.0,0.0,0.0,0.0,0.0,0.0,0.0,0.0,0.0,0.0,0.0,0.0,0.0,0.0,0.0,0.0,0.0,0.0,0.0,0.0,0.0,0.0,0.0,0.0,0.0,0.0,0.0,0.0,0.0,0.0,0.0,0.0,0.0,0.0,0.0,0.0,2.0,1.0,0.0,2.0,0.0,14.0,3.0,0.0,8.0,14.0,11.0,7.0,0.0,0.0,0.0,0.0,0.0,0.0,0.0,0.0,0.0,0.0,0.0,0.0,0.0,0.0,0.0,0.0,0.0,0.0,2.0,1.0,0.0,2.0,0.0,24.0,5.0,0.0,12.0,20.0,16.0,9.0
270,1.0,270.0,London_423,newnew,151,453,1092.0,70.0,2.0,148131.0,0.6509012129972689,780.0,76.0,0.0,76.0,142.0,0.0,142.0,112.0,216.0,105.0,12.0,79.0,6.0,29.0,0.0,6.0,13.0,86.0,142.0,212.0,51.0,0.0,0.0,0.0,0.0,0.0,0.0,0.0,0.0,0.0,0.0,0.0,0.0,0.0,0.0,0.0,0.0,0.0,0.0,0.0,0.0,0.0,0.0,0.0,0.0,0.0,0.0,0.0,0.0,0.0,0.0,0.0,0.0,0.0,0.0,0.0,0.0,0.0,0.0,2.0,8.0,1.0,3.0,1.0,7.0,7.0,3.0,16.0,17.0,12.0,14.0,0.0,0.0,0.0,0.0,0.0,0.0,0.0,0.0,0.0,0.0,0.0,0.0,0.0,0.0,0.0,0.0,0.0,0.0,2.0,10.0,1.0,6.0,1.0,8.0,8.0,3.0,28.0,26.0,19.0,16.0
271,1.0,271.0,London_423,newnew,151,453,1092.0,70.0,2.0,160362.0,0.5854201749898493,807.0,35.0,2.0,33.0,73.0,19.0,54.0,142.0,232.0,113.0,15.0,54.0,4.0,30.0,1.0,4.0,10.0,97.0,149.0,197.0,43.0,0.0,0.0,0.0,0.0,0.0,0.0,0.0,0.0,0.0,0.0,0.0,0.0,0.0,0.0,0.0,0.0,0.0,0.0,0.0,0.0,0.0,0.0,0.0,0.0,0.0,0.0,0.0,0.0,0.0,0.0,0.0,1.0,2.0,0.0,2.0,0.0,0.0,0.0,2.0,0.0,0.0,0.0,0.0,6.0,2.0,2.0,9.0,10.0,3.0,9.0,0.0,0.0,0.0,0.0,0.0,0.0,0.0,0.0,0.0,0.0,0.0,3.0,13.0,0.0,7.0,0.0,0.0,0.0,2.0,0.0,0.0,0.0,0.0,7.0,2.0,4.0,11.0,15.0,5.0,15.0
272,1.0,272.0,London_423,newnew,151,453,1092.0,70.0,2.0,175764.0,0.9601735469768755,841.0,125.0,0.0,125.0,206.0,0.0,206.0,73.0,226.0,119.0,19.0,43.0,6.0,28.0,2.0,10.0,9.0,107.0,140.0,197.0,46.0,0.0,0.0,0.0,0.0,0.0,0.0,0.0,0.0,0.0,0.0,0.0,0.0,0.0,0.0,0.0,0.0,0.0,0.0,0.0,0.0,0.0,0.0,0.0,0.0,0.0,0.0,0.0,0.0,0.0,0.0,0.0,0.0,0.0,0.0,0.0,0.0,0.0,0.0,2.0,15.0,1.0,3.0,0.0,10.0,5.0,5.0,7.0,22.0,32.0,15.0,0.0,0.0,0.0,0.0,0.0,0.0,0.0,0.0,0.0,0.0,0.0,0.0,0.0,0.0,0.0,0.0,0.0,0.0,2.0,21.0,1.0,5.0,0.0,12.0,5.0,7.0,12.0,30.0,45.0,17.0
273,1.0,273.0,London_423,newnew,151,453,1092.0,70.0,2.0,151302.0,0.5549362169695087,787.0,53.0,1.0,52.0,105.0,8.0,97.0,206.0,243.0,92.0,14.0,59.0,6.0,29.0,4.0,6.0,4.0,90.0,149.0,210.0,35.0,0.0,0.0,0.0,0.0,0.0,0.0,0.0,0.0,0.0,0.0,0.0,0.0,0.0,0.0,0.0,0.0,0.0,0.0,0.0,0.0,0.0,0.0,0.0,0.0,0.0,0.0,0.0,0.0,0.0,0.0,0.0,0.0,1.0,0.0,1.0,0.0,0.0,0.0,2.0,2.0,0.0,0.0,0.0,11.0,7.0,5.0,6.0,12.0,7.0,15.0,0.0,0.0,0.0,0.0,0.0,0.0,0.0,0.0,0.0,0.0,0.0,0.0,8.0,0.0,5.0,0.0,0.0,0.0,2.0,2.0,0.0,0.0,0.0,12.0,9.0,11.0,6.0,21.0,10.0,23.0
274,1.0,274.0,London_423,newnew,151,453,1092.0,70.0,2.0,163080.0,0.7698551819776185,813.0,117.0,2.0,115.0,207.0,18.0,189.0,105.0,248.0,79.0,15.0,64.0,5.0,28.0,4.0,10.0,4.0,96.0,139.0,214.0,35.0,0.0,0.0,0.0,0.0,0.0,0.0,0.0,0.0,0.0,0.0,0.0,0.0,0.0,0.0,0.0,0.0,0.0,0.0,0.0,0.0,0.0,0.0,0.0,0.0,0.0,0.0,0.0,0.0,1.0,0.0,0.0,1.0,0.0,0.0,1.0,0.0,0.0,0.0,0.0,4.0,11.0,0.0,1.0,22.0,10.0,9.0,10.0,27.0,31.0,21.0,0.0,0.0,0.0,0.0,0.0,0.0,0.0,0.0,6.0,0.0,0.0,5.0,0.0,0.0,5.0,0.0,0.0,0.0,0.0,7.0,15.0,0.0,1.0,29.0,14.0,9.0,15.0,40.0,39.0,24.0
275,1.0,275.0,London_423,newnew,151,453,1092.0,70.0,2.0,146772.0,0.7154886709759012,777.0,146.0,1.0,145.0,262.0,9.0,253.0,207.0,249.0,76.0,14.0,59.0,10.0,29.0,3.0,13.0,5.0,86.0,136.0,226.0,39.0,0.0,0.0,0.0,0.0,0.0,0.0,0.0,0.0,0.0,0.0,0.0,0.0,0.0,0.0,0.0,0.0,0.0,0.0,0.0,0.0,0.0,0.0,0.0,0.0,0.0,0.0,0.0,0.0,0.0,0.0,0.0,0.0,0.0,0.0,0.0,0.0,0.0,0.0,2.0,11.0,0.0,3.0,0.0,25.0,6.0,2.0,14.0,34.0,40.0,11.0,0.0,0.0,0.0,0.0,0.0,0.0,0.0,0.0,0.0,0.0,0.0,0.0,0.0,0.0,0.0,0.0,0.0,0.0,4.0,14.0,0.0,7.0,0.0,37.0,9.0,2.0,16.0,53.0,56.0,17.0
276,1.0,276.0,London_423,newnew,151,453,1092.0,70.0,2.0,104643.0,0.3728674490121193,684.0,39.0,0.0,39.0,72.0,0.0,72.0,262.0,204.0,95.0,22.0,76.0,4.0,36.0,3.0,13.0,6.0,87.0,147.0,213.0,38.0,0.0,0.0,0.0,0.0,0.0,0.0,0.0,0.0,0.0,0.0,0.0,0.0,0.0,0.0,0.0,0.0,0.0,0.0,0.0,0.0,0.0,0.0,0.0,0.0,0.0,0.0,0.0,0.0,0.0,0.0,0.0,0.0,0.0,0.0,0.0,0.0,0.0,0.0,4.0,2.0,0.0,1.0,0.0,5.0,2.0,2.0,1.0,12.0,7.0,12.0,0.0,0.0,0.0,0.0,0.0,0.0,0.0,0.0,0.0,0.0,0.0,0.0,0.0,0.0,0.0,0.0,0.0,0.0,5.0,3.0,0.0,2.0,0.0,8.0,5.0,3.0,2.0,18.0,11.0,15.0
277,1.0,277.0,London_423,newnew,151,453,1092.0,70.0,2.0,122310.0,0.5432722240220755,723.0,87.0,0.0,87.0,162.0,0.0,162.0,72.0,208.0,89.0,22.0,81.0,6.0,31.0,4.0,12.0,5.0,84.0,152.0,212.0,45.0,0.0,0.0,0.0,0.0,0.0,0.0,0.0,0.0,0.0,0.0,0.0,0.0,0.0,0.0,0.0,0.0,0.0,0.0,0.0,0.0,0.0,0.0,0.0,0.0,0.0,0.0,0.0,0.0,0.0,0.0,0.0,0.0,0.0,0.0,0.0,0.0,0.0,0.0,3.0,2.0,1.0,0.0,0.0,13.0,5.0,6.0,9.0,8.0,18.0,17.0,0.0,0.0,0.0,0.0,0.0,0.0,0.0,0.0,0.0,0.0,0.0,0.0,0.0,0.0,0.0,0.0,0.0,0.0,3.0,4.0,1.0,0.0,0.0,20.0,10.0,7.0,11.0,9.0,29.0,23.0
278,1.0,278.0,London_423,newnew,151,453,1092.0,70.0,2.0,119592.0,0.47460122301708907,717.0,25.0,2.0,23.0,58.0,19.0,39.0,162.0,211.0,114.0,20.0,50.0,7.0,35.0,5.0,11.0,7.0,89.0,148.0,209.0,50.0,0.0,0.0,0.0,0.0,0.0,0.0,0.0,0.0,0.0,0.0,0.0,0.0,0.0,0.0,0.0,0.0,0.0,0.0,0.0,0.0,0.0,0.0,0.0,0.0,0.0,0.0,0.0,0.0,0.0,0.0,0.0,0.0,0.0,0.0,2.0,0.0,0.0,0.0,1.0,0.0,0.0,0.0,0.0,3.0,3.0,4.0,2.0,6.0,8.0,4.0,0.0,0.0,0.0,0.0,0.0,0.0,0.0,0.0,0.0,0.0,0.0,0.0,0.0,0.0,10.0,0.0,0.0,0.0,1.0,0.0,0.0,0.0,0.0,3.0,3.0,4.0,2.0,11.0,10.0,4.0
279,1.0,279.0,London_423,newnew,151,453,1092.0,70.0,2.0,144507.0,0.7292333890218288,772.0,112.0,1.0,111.0,197.0,9.0,188.0,58.0,220.0,130.0,16.0,33.0,5.0,39.0,2.0,8.0,5.0,97.0,133.0,218.0,44.0,0.0,0.0,0.0,0.0,0.0,0.0,0.0,0.0,0.0,0.0,0.0,0.0,0.0,0.0,0.0,0.0,0.0,0.0,0.0,0.0,0.0,0.0,0.0,0.0,0.0,0.0,0.0,0.0,0.0,0.0,0.0,0.0,1.0,0.0,1.0,0.0,0.0,0.0,2.0,5.0,2.0,0.0,1.0,20.0,6.0,2.0,14.0,16.0,27.0,14.0,0.0,0.0,0.0,0.0,0.0,0.0,0.0,0.0,0.0,0.0,0.0,0.0,7.0,0.0,3.0,0.0,0.0,0.0,2.0,8.0,2.0,0.0,1.0,25.0,7.0,2.0,19.0,25.0,42.0,17.0
280,1.0,280.0,London_423,newnew,151,453,1092.0,70.0,2.0,134541.0,0.4630894750007428,750.0,9.0,2.0,7.0,32.0,19.0,13.0,197.0,234.0,79.0,12.0,60.0,5.0,45.0,1.0,17.0,4.0,78.0,155.0,216.0,39.0,0.0,0.0,0.0,0.0,0.0,0.0,0.0,0.0,0.0,0.0,0.0,0.0,0.0,0.0,0.0,0.0,0.0,0.0,0.0,0.0,0.0,0.0,0.0,0.0,0.0,0.0,0.0,0.0,0.0,0.0,0.0,1.0,0.0,0.0,0.0,0.0,0.0,0.0,1.0,0.0,0.0,0.0,0.0,2.0,0.0,2.0,0.0,0.0,3.0,1.0,0.0,0.0,0.0,0.0,0.0,0.0,0.0,0.0,0.0,0.0,0.0,4.0,0.0,0.0,0.0,0.0,0.0,0.0,1.0,0.0,0.0,0.0,0.0,2.0,0.0,2.0,0.0,0.0,5.0,1.0
281,1.0,281.0,London_423,newnew,151,453,1092.0,70.0,2.0,174405.0,0.7630362250492908,838.0,118.0,2.0,116.0,214.0,16.0,198.0,32.0,239.0,75.0,12.0,58.0,6.0,45.0,2.0,16.0,3.0,84.0,141.0,225.0,24.0,0.0,0.0,0.0,0.0,0.0,0.0,0.0,0.0,0.0,0.0,0.0,0.0,0.0,0.0,0.0,0.0,0.0,0.0,0.0,0.0,0.0,0.0,0.0,0.0,0.0,0.0,0.0,0.0,0.0,0.0,0.0,0.0,0.0,1.0,0.0,0.0,0.0,0.0,4.0,8.0,0.0,3.0,1.0,10.0,5.0,3.0,14.0,23.0,30.0,19.0,0.0,0.0,0.0,0.0,0.0,0.0,0.0,0.0,0.0,0.0,0.0,0.0,0.0,8.0,0.0,0.0,0.0,0.0,4.0,10.0,0.0,5.0,1.0,16.0,6.0,5.0,22.0,39.0,38.0,28.0
282,1.0,282.0,London_423,newnew,151,453,1092.0,70.0,2.0,165798.0,0.6830849910038523,819.0,137.0,2.0,135.0,248.0,18.0,230.0,214.0,222.0,80.0,11.0,66.0,6.0,49.0,3.0,16.0,5.0,86.0,142.0,220.0,36.0,0.0,0.0,0.0,0.0,0.0,0.0,0.0,0.0,0.0,0.0,0.0,0.0,0.0,0.0,0.0,0.0,0.0,0.0,0.0,0.0,0.0,0.0,0.0,0.0,0.0,0.0,0.0,0.0,0.0,0.0,0.0,0.0,1.0,0.0,2.0,0.0,0.0,0.0,2.0,22.0,0.0,1.0,2.0,20.0,4.0,5.0,8.0,29.0,29.0,30.0,0.0,0.0,0.0,0.0,0.0,0.0,0.0,0.0,0.0,0.0,0.0,0.0,6.0,0.0,2.0,0.0,0.0,0.0,2.0,30.0,0.0,1.0,2.0,30.0,4.0,7.0,9.0,44.0,40.0,40.0
283,1.0,283.0,London_423,newnew,151,453,1092.0,70.0,2.0,138165.0,0.3960312799899839,758.0,0.0,0.0,0.0,0.0,0.0,0.0,248.0,192.0,93.0,20.0,60.0,12.0,60.0,2.0,14.0,2.0,84.0,147.0,220.0,33.0,0.0,0.0,0.0,0.0,0.0,0.0,0.0,0.0,0.0,0.0,0.0,0.0,0.0,0.0,0.0,0.0,0.0,0.0,0.0,0.0,0.0,0.0,0.0,0.0,0.0,0.0,0.0,0.0,0.0,0.0,0.0,0.0,0.0,0.0,0.0,0.0,0.0,0.0,0.0,0.0,0.0,0.0,0.0,0.0,0.0,0.0,0.0,0.0,0.0,0.0,0.0,0.0,0.0,0.0,0.0,0.0,0.0,0.0,0.0,0.0,0.0,0.0,0.0,0.0,0.0,0.0,0.0,0.0,0.0,0.0,0.0,0.0,0.0,0.0,0.0,0.0,0.0,0.0,0.0,0.0
284,1.0,284.0,London_423,newnew,151,453,1092.0,70.0,2.0,187089.0,0.5636822470114566,866.0,56.0,0.0,56.0,94.0,0.0,94.0,0.0,192.0,93.0,20.0,60.0,12.0,60.0,2.0,14.0,2.0,84.0,147.0,220.0,33.0,0.0,0.0,0.0,0.0,0.0,0.0,0.0,0.0,0.0,0.0,0.0,0.0,0.0,0.0,0.0,0.0,0.0,0.0,0.0,0.0,0.0,0.0,0.0,0.0,0.0,0.0,0.0,0.0,0.0,0.0,0.0,0.0,0.0,0.0,0.0,0.0,0.0,0.0,2.0,0.0,0.0,2.0,0.0,5.0,7.0,7.0,5.0,9.0,16.0,14.0,0.0,0.0,0.0,0.0,0.0,0.0,0.0,0.0,0.0,0.0,0.0,0.0,0.0,0.0,0.0,0.0,0.0,0.0,2.0,0.0,0.0,3.0,0.0,6.0,10.0,10.0,6.0,15.0,25.0,15.0
285,1.0,285.0,London_423,newnew,151,453,1092.0,70.0,2.0,208380.0,0.8068313849507831,913.0,151.0,1.0,150.0,269.0,10.0,259.0,94.0,194.0,101.0,24.0,56.0,10.0,49.0,4.0,15.0,6.0,87.0,140.0,220.0,41.0,0.0,0.0,0.0,0.0,0.0,0.0,0.0,0.0,0.0,0.0,0.0,0.0,0.0,0.0,0.0,0.0,0.0,0.0,0.0,0.0,0.0,0.0,0.0,0.0,0.0,0.0,0.0,0.0,0.0,1.0,0.0,1.0,0.0,0.0,1.0,0.0,0.0,0.0,1.0,4.0,0.0,3.0,5.0,20.0,16.0,5.0,14.0,24.0,35.0,32.0,0.0,0.0,0.0,0.0,0.0,0.0,0.0,0.0,0.0,5.0,0.0,7.0,0.0,0.0,4.0,0.0,0.0,0.0,2.0,6.0,0.0,3.0,5.0,26.0,28.0,7.0,21.0,35.0,52.0,36.0
286,1.0,286.0,London_423,newnew,151,453,1092.0,70.0,2.0,182559.0,0.719044221972581,856.0,126.0,0.0,126.0,206.0,0.0,206.0,269.0,197.0,104.0,25.0,65.0,10.0,44.0,2.0,6.0,4.0,88.0,139.0,222.0,37.0,0.0,0.0,0.0,0.0,0.0,0.0,0.0,0.0,0.0,0.0,0.0,0.0,0.0,0.0,0.0,0.0,0.0,0.0,0.0,0.0,0.0,0.0,0.0,0.0,0.0,0.0,0.0,0.0,0.0,0.0,0.0,0.0,0.0,0.0,0.0,0.0,0.0,0.0,4.0,7.0,0.0,1.0,4.0,11.0,5.0,11.0,13.0,29.0,26.0,23.0,0.0,0.0,0.0,0.0,0.0,0.0,0.0,0.0,0.0,0.0,0.0,0.0,0.0,0.0,0.0,0.0,0.0,0.0,4.0,10.0,0.0,1.0,4.0,14.0,7.0,15.0,21.0,39.0,35.0,30.0
287,1.0,287.0,London_423,newnew,151,453,1092.0,70.0,2.0,170781.0,0.7888547239708714,830.0,156.0,2.0,154.0,284.0,18.0,266.0,206.0,212.0,118.0,8.0,73.0,7.0,31.0,1.0,3.0,8.0,79.0,149.0,217.0,38.0,0.0,0.0,0.0,0.0,0.0,0.0,0.0,0.0,0.0,0.0,0.0,0.0,0.0,0.0,0.0,0.0,0.0,0.0,0.0,0.0,0.0,0.0,0.0,0.0,0.0,0.0,0.0,0.0,1.0,0.0,0.0,0.0,2.0,0.0,2.0,0.0,0.0,0.0,2.0,16.0,2.0,4.0,9.0,11.0,5.0,4.0,15.0,27.0,40.0,17.0,0.0,0.0,0.0,0.0,0.0,0.0,0.0,0.0,1.0,0.0,0.0,0.0,14.0,0.0,9.0,0.0,0.0,0.0,3.0,24.0,2.0,6.0,10.0,14.0,8.0,5.0,23.0,38.0,57.0,20.0
288,1.0,288.0,London_423,newnew,151,453,1092.0,70.0,2.0,138618.0,0.45730572001775727,759.0,86.0,1.0,85.0,157.0,9.0,148.0,284.0,206.0,97.0,23.0,83.0,10.0,22.0,3.0,9.0,7.0,84.0,144.0,218.0,31.0,0.0,0.0,0.0,0.0,0.0,0.0,0.0,0.0,0.0,0.0,0.0,0.0,0.0,0.0,0.0,0.0,0.0,0.0,0.0,0.0,0.0,0.0,0.0,0.0,0.0,0.0,0.0,0.0,0.0,0.0,0.0,0.0,0.0,0.0,0.0,0.0,0.0,0.0,3.0,6.0,0.0,1.0,0.0,11.0,9.0,2.0,14.0,15.0,21.0,17.0,0.0,0.0,0.0,0.0,0.0,0.0,0.0,0.0,0.0,0.0,0.0,0.0,0.0,0.0,0.0,0.0,0.0,0.0,3.0,9.0,0.0,2.0,0.0,12.0,10.0,2.0,19.0,29.0,33.0,25.0
289,1.0,289.0,London_423,newnew,151,453,1092.0,70.0,2.0,131370.0,0.46425261395052075,743.0,35.0,0.0,35.0,68.0,0.0,68.0,157.0,225.0,93.0,19.0,69.0,14.0,21.0,3.0,9.0,10.0,81.0,141.0,221.0,39.0,0.0,0.0,0.0,0.0,0.0,0.0,0.0,0.0,0.0,0.0,0.0,0.0,0.0,0.0,0.0,0.0,0.0,0.0,0.0,0.0,0.0,0.0,0.0,0.0,0.0,0.0,0.0,0.0,0.0,0.0,0.0,0.0,0.0,0.0,0.0,0.0,0.0,0.0,1.0,1.0,0.0,0.0,0.0,4.0,2.0,5.0,3.0,8.0,7.0,8.0,0.0,0.0,0.0,0.0,0.0,0.0,0.0,0.0,0.0,0.0,0.0,0.0,0.0,0.0,0.0,0.0,0.0,0.0,1.0,1.0,0.0,0.0,0.0,5.0,3.0,7.0,4.0,13.0,16.0,8.0
290,1.0,290.0,London_423,newnew,151,453,1092.0,70.0,2.0,151302.0,0.6629477360402234,787.0,78.0,0.0,78.0,130.0,0.0,130.0,68.0,230.0,101.0,21.0,63.0,13.0,21.0,0.0,4.0,9.0,78.0,133.0,233.0,42.0,0.0,0.0,0.0,0.0,0.0,0.0,0.0,0.0,0.0,0.0,0.0,0.0,0.0,0.0,0.0,0.0,0.0,0.0,0.0,0.0,0.0,0.0,0.0,0.0,0.0,0.0,0.0,0.0,0.0,0.0,0.0,0.0,0.0,0.0,0.0,0.0,0.0,0.0,2.0,0.0,1.0,1.0,0.0,14.0,1.0,6.0,4.0,10.0,22.0,6.0,0.0,0.0,0.0,0.0,0.0,0.0,0.0,0.0,0.0,0.0,0.0,0.0,0.0,0.0,0.0,0.0,0.0,0.0,3.0,0.0,1.0,1.0,0.0,17.0,2.0,10.0,6.0,13.0,32.0,8.0
291,1.0,291.0,London_423,newnew,151,453,1092.0,70.0,2.0,154926.0,0.7919914969825186,795.0,109.0,2.0,107.0,212.0,19.0,193.0,130.0,229.0,98.0,23.0,62.0,17.0,21.0,0.0,3.0,12.0,79.0,138.0,224.0,53.0,0.0,0.0,0.0,0.0,0.0,0.0,0.0,0.0,0.0,0.0,0.0,0.0,0.0,0.0,0.0,0.0,0.0,0.0,0.0,0.0,0.0,0.0,0.0,0.0,0.0,0.0,0.0,0.0,1.0,0.0,0.0,1.0,0.0,1.0,2.0,0.0,0.0,0.0,1.0,8.0,0.0,1.0,0.0,14.0,4.0,6.0,3.0,24.0,23.0,18.0,0.0,0.0,0.0,0.0,0.0,0.0,0.0,0.0,5.0,0.0,0.0,7.0,0.0,8.0,8.0,0.0,0.0,0.0,1.0,9.0,0.0,1.0,0.0,19.0,4.0,8.0,3.0,36.0,37.0,19.0
292,1.0,292.0,London_423,newnew,151,453,1092.0,70.0,2.0,143148.0,0.6145279339980334,769.0,93.0,0.0,93.0,158.0,0.0,158.0,212.0,232.0,91.0,19.0,71.0,6.0,29.0,3.0,2.0,5.0,100.0,146.0,202.0,51.0,0.0,0.0,0.0,0.0,0.0,0.0,0.0,0.0,0.0,0.0,0.0,0.0,0.0,0.0,0.0,0.0,0.0,0.0,0.0,0.0,0.0,0.0,0.0,0.0,0.0,0.0,0.0,0.0,0.0,0.0,0.0,0.0,0.0,0.0,0.0,0.0,0.0,0.0,5.0,8.0,1.0,3.0,0.0,7.0,7.0,10.0,7.0,13.0,24.0,6.0,0.0,0.0,0.0,0.0,0.0,0.0,0.0,0.0,0.0,0.0,0.0,0.0,0.0,0.0,0.0,0.0,0.0,0.0,5.0,11.0,1.0,4.0,0.0,10.0,10.0,19.0,8.0,16.0,40.0,6.0
293,1.0,293.0,London_423,newnew,151,453,1092.0,70.0,2.0,132729.0,0.5358271580189466,746.0,24.0,2.0,22.0,52.0,16.0,36.0,158.0,246.0,70.0,25.0,70.0,8.0,30.0,1.0,3.0,7.0,93.0,161.0,192.0,44.0,0.0,0.0,0.0,0.0,0.0,0.0,0.0,0.0,0.0,0.0,0.0,0.0,0.0,0.0,0.0,0.0,0.0,0.0,0.0,0.0,0.0,0.0,0.0,0.0,0.0,0.0,0.0,0.0,1.0,0.0,0.0,0.0,0.0,2.0,2.0,0.0,0.0,0.0,0.0,0.0,0.0,0.0,0.0,4.0,0.0,0.0,0.0,4.0,3.0,7.0,0.0,0.0,0.0,0.0,0.0,0.0,0.0,0.0,5.0,0.0,0.0,0.0,0.0,11.0,7.0,0.0,0.0,0.0,0.0,0.0,0.0,0.0,0.0,5.0,0.0,0.0,0.0,5.0,3.0,8.0
294,1.0,294.0,London_423,newnew,151,453,1092.0,70.0,2.0,157644.0,0.7929273379850201,801.0,134.0,1.0,133.0,235.0,9.0,226.0,52.0,253.0,72.0,19.0,67.0,7.0,30.0,1.0,4.0,6.0,87.0,165.0,195.0,43.0,0.0,0.0,0.0,0.0,0.0,0.0,0.0,0.0,0.0,0.0,0.0,0.0,0.0,0.0,0.0,0.0,0.0,0.0,0.0,0.0,0.0,0.0,0.0,0.0,0.0,0.0,0.0,0.0,1.0,0.0,0.0,0.0,0.0,0.0,0.0,0.0,0.0,0.0,3.0,12.0,7.0,1.0,1.0,10.0,7.0,2.0,6.0,22.0,36.0,27.0,0.0,0.0,0.0,0.0,0.0,0.0,0.0,0.0,2.0,0.0,0.0,0.0,0.0,0.0,0.0,0.0,0.0,0.0,3.0,17.0,7.0,1.0,1.0,12.0,9.0,3.0,8.0,33.0,50.0,36.0
295,1.0,295.0,London_423,newnew,151,453,1092.0,70.0,2.0,127293.0,0.5686057160492055,734.0,56.0,2.0,54.0,111.0,18.0,93.0,235.0,240.0,85.0,16.0,70.0,9.0,25.0,1.0,7.0,10.0,80.0,160.0,203.0,31.0,0.0,0.0,0.0,0.0,0.0,0.0,0.0,0.0,0.0,0.0,0.0,0.0,0.0,0.0,0.0,0.0,0.0,0.0,0.0,0.0,0.0,0.0,0.0,0.0,0.0,0.0,0.0,0.0,1.0,0.0,0.0,1.0,1.0,0.0,0.0,0.0,0.0,0.0,4.0,4.0,0.0,0.0,0.0,5.0,5.0,4.0,7.0,10.0,13.0,8.0,0.0,0.0,0.0,0.0,0.0,0.0,0.0,0.0,3.0,0.0,0.0,6.0,8.0,0.0,0.0,0.0,0.0,0.0,5.0,8.0,0.0,0.0,0.0,10.0,5.0,4.0,9.0,14.0,16.0,11.0
296,1.0,296.0,London_423,newnew,151,453,1092.0,70.0,2.0,143148.0,0.6593625459936447,769.0,63.0,2.0,61.0,124.0,17.0,107.0,111.0,245.0,105.0,13.0,64.0,2.0,17.0,2.0,5.0,11.0,81.0,151.0,210.0,36.0,0.0,0.0,0.0,0.0,0.0,0.0,0.0,0.0,0.0,0.0,0.0,0.0,0.0,0.0,0.0,0.0,0.0,0.0,0.0,0.0,0.0,0.0,0.0,0.0,0.0,0.0,0.0,0.0,1.0,0.0,0.0,1.0,0.0,0.0,1.0,0.0,0.0,0.0,2.0,0.0,3.0,2.0,2.0,16.0,8.0,6.0,6.0,16.0,11.0,18.0,0.0,0.0,0.0,0.0,0.0,0.0,0.0,0.0,2.0,0.0,0.0,3.0,0.0,0.0,3.0,0.0,0.0,0.0,4.0,0.0,4.0,3.0,2.0,20.0,8.0,7.0,11.0,31.0,18.0,23.0
297,1.0,297.0,London_423,newnew,151,453,1092.0,70.0,2.0,162627.0,0.780858641024679,812.0,101.0,0.0,101.0,175.0,0.0,175.0,124.0,247.0,110.0,8.0,73.0,1.0,9.0,0.0,5.0,6.0,91.0,139.0,217.0,32.0,0.0,0.0,0.0,0.0,0.0,0.0,0.0,0.0,0.0,0.0,0.0,0.0,0.0,0.0,0.0,0.0,0.0,0.0,0.0,0.0,0.0,0.0,0.0,0.0,0.0,0.0,0.0,0.0,0.0,0.0,0.0,0.0,0.0,0.0,0.0,0.0,0.0,0.0,4.0,7.0,2.0,2.0,2.0,14.0,14.0,13.0,9.0,21.0,27.0,26.0,0.0,0.0,0.0,0.0,0.0,0.0,0.0,0.0,0.0,0.0,0.0,0.0,0.0,0.0,0.0,0.0,0.0,0.0,4.0,7.0,2.0,2.0,2.0,21.0,19.0,16.0,13.0,36.0,33.0,33.0
298,1.0,298.0,London_423,newnew,151,453,1092.0,70.0,2.0,155832.0,0.6107452959986404,797.0,8.0,2.0,6.0,27.0,19.0,8.0,175.0,256.0,117.0,9.0,51.0,3.0,15.0,0.0,2.0,7.0,90.0,138.0,218.0,35.0,0.0,0.0,0.0,0.0,0.0,0.0,0.0,0.0,0.0,0.0,0.0,0.0,0.0,0.0,0.0,0.0,0.0,0.0,0.0,0.0,0.0,0.0,0.0,0.0,0.0,0.0,0.0,0.0,2.0,0.0,0.0,2.0,1.0,0.0,1.0,0.0,0.0,0.0,0.0,1.0,1.0,1.0,0.0,1.0,0.0,0.0,1.0,0.0,2.0,0.0,0.0,0.0,0.0,0.0,0.0,0.0,0.0,0.0,8.0,0.0,0.0,10.0,6.0,0.0,7.0,0.0,0.0,0.0,0.0,1.0,1.0,1.0,0.0,1.0,0.0,0.0,1.0,0.0,3.0,0.0
299,1.0,299.0,London_423,newnew,151,453,1092.0,70.0,2.0,206568.0,0.9723831919836812,909.0,133.0,0.0,133.0,241.0,0.0,241.0,27.0,259.0,122.0,9.0,56.0,3.0,2.0,0.0,2.0,7.0,90.0,136.0,220.0,34.0,0.0,0.0,0.0,0.0,0.0,0.0,0.0,0.0,0.0,0.0,0.0,0.0,0.0,0.0,0.0,0.0,0.0,0.0,0.0,0.0,0.0,0.0,0.0,0.0,0.0,0.0,0.0,0.0,0.0,0.0,0.0,0.0,0.0,0.0,0.0,0.0,0.0,0.0,3.0,3.0,4.0,2.0,0.0,7.0,9.0,9.0,10.0,21.0,29.0,18.0,0.0,0.0,0.0,0.0,0.0,0.0,0.0,0.0,0.0,0.0,0.0,0.0,0.0,0.0,0.0,0.0,0.0,0.0,3.0,3.0,4.0,4.0,0.0,9.0,16.0,13.0,11.0,39.0,47.0,28.0
300,1.0,300.0,London_423,newnew,151,453,1092.0,70.0,2.0,191619.0,0.6972389760194346,876.0,93.0,0.0,93.0,150.0,0.0,150.0,241.0,245.0,94.0,15.0,74.0,6.0,12.0,1.0,6.0,8.0,85.0,145.0,215.0,31.0,0.0,0.0,0.0,0.0,0.0,0.0,0.0,0.0,0.0,0.0,0.0,0.0,0.0,0.0,0.0,0.0,0.0,0.0,0.0,0.0,0.0,0.0,0.0,0.0,0.0,0.0,0.0,0.0,0.0,0.0,0.0,0.0,0.0,0.0,0.0,0.0,0.0,0.0,5.0,2.0,0.0,1.0,1.0,8.0,6.0,4.0,14.0,16.0,31.0,21.0,0.0,0.0,0.0,0.0,0.0,0.0,0.0,0.0,0.0,0.0,0.0,0.0,0.0,0.0,0.0,0.0,0.0,0.0,5.0,3.0,0.0,2.0,1.0,13.0,9.0,5.0,19.0,22.0,37.0,28.0
301,1.0,301.0,London_423,newnew,151,453,1092.0,70.0,2.0,183918.0,0.6170361719559878,859.0,42.0,2.0,40.0,86.0,18.0,68.0,150.0,249.0,92.0,14.0,72.0,7.0,14.0,1.0,4.0,5.0,83.0,143.0,222.0,34.0,0.0,0.0,0.0,0.0,0.0,0.0,0.0,0.0,0.0,0.0,0.0,0.0,0.0,0.0,0.0,0.0,0.0,0.0,0.0,0.0,0.0,0.0,0.0,0.0,0.0,0.0,0.0,0.0,2.0,0.0,0.0,1.0,0.0,1.0,2.0,0.0,0.0,0.0,1.0,2.0,3.0,0.0,0.0,8.0,4.0,0.0,6.0,11.0,7.0,6.0,0.0,0.0,0.0,0.0,0.0,0.0,0.0,0.0,3.0,0.0,0.0,3.0,0.0,5.0,7.0,0.0,0.0,0.0,2.0,4.0,3.0,0.0,0.0,11.0,5.0,0.0,9.0,15.0,10.0,8.0
302,1.0,302.0,London_423,newnew,151,453,1092.0,70.0,2.0,208833.0,0.9784149460028857,914.0,154.0,0.0,154.0,261.0,0.0,261.0,86.0,263.0,82.0,14.0,71.0,3.0,11.0,1.0,8.0,5.0,88.0,143.0,217.0,39.0,0.0,0.0,0.0,0.0,0.0,0.0,0.0,0.0,0.0,0.0,0.0,0.0,0.0,0.0,0.0,0.0,0.0,0.0,0.0,0.0,0.0,0.0,0.0,0.0,0.0,0.0,0.0,0.0,0.0,0.0,0.0,0.0,0.0,0.0,0.0,0.0,0.0,0.0,1.0,19.0,4.0,0.0,7.0,10.0,4.0,0.0,2.0,34.0,29.0,17.0,0.0,0.0,0.0,0.0,0.0,0.0,0.0,0.0,0.0,0.0,0.0,0.0,0.0,0.0,0.0,0.0,0.0,0.0,2.0,24.0,5.0,0.0,8.0,15.0,6.0,0.0,3.0,55.0,42.0,20.0
303,1.0,303.0,London_423,newnew,151,453,1092.0,70.0,2.0,173046.0,0.7519872580305673,835.0,201.0,1.0,200.0,344.0,9.0,335.0,261.0,228.0,85.0,17.0,77.0,9.0,25.0,1.0,11.0,8.0,80.0,140.0,225.0,32.0,0.0,0.0,0.0,0.0,0.0,0.0,0.0,0.0,0.0,0.0,0.0,0.0,0.0,0.0,0.0,0.0,0.0,0.0,0.0,0.0,0.0,0.0,0.0,0.0,0.0,0.0,0.0,0.0,0.0,0.0,0.0,0.0,0.0,1.0,1.0,0.0,0.0,0.0,1.0,23.0,2.0,1.0,1.0,5.0,6.0,0.0,4.0,41.0,45.0,25.0,0.0,0.0,0.0,0.0,0.0,0.0,0.0,0.0,0.0,0.0,0.0,0.0,0.0,9.0,4.0,0.0,0.0,0.0,1.0,36.0,2.0,2.0,1.0,5.0,12.0,0.0,5.0,63.0,66.0,32.0
304,1.0,304.0,London_423,newnew,151,453,1092.0,70.0,2.0,106002.0,0.4069556040340103,687.0,91.0,0.0,91.0,167.0,0.0,167.0,344.0,162.0,117.0,26.0,107.0,4.0,22.0,3.0,12.0,4.0,88.0,151.0,210.0,38.0,0.0,0.0,0.0,0.0,0.0,0.0,0.0,0.0,0.0,0.0,0.0,0.0,0.0,0.0,0.0,0.0,0.0,0.0,0.0,0.0,0.0,0.0,0.0,0.0,0.0,0.0,0.0,0.0,0.0,0.0,0.0,0.0,0.0,0.0,0.0,0.0,0.0,0.0,3.0,0.0,0.0,2.0,0.0,8.0,10.0,9.0,14.0,15.0,25.0,18.0,0.0,0.0,0.0,0.0,0.0,0.0,0.0,0.0,0.0,0.0,0.0,0.0,0.0,0.0,0.0,0.0,0.0,0.0,4.0,0.0,0.0,3.0,0.0,12.0,15.0,10.0,22.0,25.0,39.0,24.0
305,1.0,305.0,London_423,newnew,151,453,1092.0,70.0,2.0,96036.0,0.3428685169783421,665.0,73.0,2.0,71.0,146.0,17.0,129.0,167.0,169.0,130.0,24.0,88.0,5.0,21.0,3.0,13.0,10.0,87.0,139.0,217.0,44.0,0.0,0.0,0.0,0.0,0.0,0.0,0.0,0.0,0.0,0.0,0.0,0.0,0.0,0.0,0.0,0.0,0.0,0.0,0.0,0.0,0.0,0.0,0.0,0.0,0.0,0.0,0.0,0.0,1.0,0.0,0.0,1.0,1.0,0.0,0.0,0.0,0.0,0.0,3.0,0.0,0.0,2.0,0.0,4.0,8.0,1.0,5.0,12.0,17.0,13.0,0.0,0.0,0.0,0.0,0.0,0.0,0.0,0.0,4.0,0.0,0.0,3.0,7.0,0.0,0.0,0.0,0.0,0.0,3.0,0.0,0.0,2.0,0.0,5.0,11.0,2.0,7.0,19.0,26.0,19.0
306,1.0,306.0,London_423,newnew,151,453,1092.0,70.0,2.0,81993.0,0.23176324600353837,634.0,22.0,0.0,22.0,39.0,0.0,39.0,146.0,173.0,134.0,27.0,88.0,2.0,14.0,3.0,12.0,13.0,80.0,139.0,221.0,56.0,0.0,0.0,0.0,0.0,0.0,0.0,0.0,0.0,0.0,0.0,0.0,0.0,0.0,0.0,0.0,0.0,0.0,0.0,0.0,0.0,0.0,0.0,0.0,0.0,0.0,0.0,0.0,0.0,0.0,0.0,0.0,0.0,0.0,0.0,0.0,0.0,0.0,0.0,0.0,0.0,1.0,0.0,0.0,2.0,3.0,4.0,2.0,1.0,11.0,4.0,0.0,0.0,0.0,0.0,0.0,0.0,0.0,0.0,0.0,0.0,0.0,0.0,0.0,0.0,0.0,0.0,0.0,0.0,0.0,0.0,1.0,0.0,0.0,2.0,4.0,6.0,2.0,3.0,14.0,7.0
307,1.0,307.0,London_423,newnew,151,453,1092.0,70.0,2.0,105096.0,0.32216536201303825,685.0,1.0,1.0,0.0,12.0,12.0,0.0,39.0,173.0,137.0,28.0,86.0,4.0,14.0,1.0,10.0,12.0,75.0,142.0,224.0,55.0,0.0,0.0,0.0,0.0,0.0,0.0,0.0,0.0,0.0,0.0,0.0,0.0,0.0,0.0,0.0,0.0,0.0,0.0,0.0,0.0,0.0,0.0,0.0,0.0,0.0,0.0,0.0,0.0,1.0,0.0,0.0,1.0,0.0,0.0,0.0,0.0,0.0,0.0,0.0,0.0,0.0,0.0,0.0,0.0,0.0,0.0,0.0,0.0,0.0,0.0,0.0,0.0,0.0,0.0,0.0,0.0,0.0,0.0,1.0,0.0,0.0,3.0,0.0,0.0,0.0,0.0,0.0,0.0,0.0,0.0,0.0,0.0,0.0,0.0,0.0,0.0,0.0,0.0,0.0,0.0
308,1.0,308.0,London_423,newnew,151,453,1092.0,70.0,2.0,142695.0,0.5692612290149555,768.0,118.0,2.0,116.0,227.0,16.0,211.0,12.0,174.0,136.0,29.0,88.0,2.0,13.0,1.0,10.0,11.0,78.0,138.0,226.0,49.0,0.0,0.0,0.0,0.0,0.0,0.0,0.0,0.0,0.0,0.0,0.0,0.0,0.0,0.0,0.0,0.0,0.0,0.0,0.0,0.0,0.0,0.0,0.0,0.0,0.0,0.0,0.0,0.0,0.0,0.0,0.0,0.0,2.0,0.0,1.0,0.0,0.0,0.0,2.0,3.0,3.0,0.0,5.0,14.0,10.0,6.0,16.0,24.0,31.0,22.0,0.0,0.0,0.0,0.0,0.0,0.0,0.0,0.0,0.0,0.0,0.0,0.0,12.0,0.0,7.0,0.0,0.0,0.0,2.0,4.0,5.0,0.0,5.0,18.0,13.0,12.0,20.0,31.0,47.0,30.0
309,1.0,309.0,London_423,newnew,151,453,1092.0,70.0,2.0,125934.0,0.49894132802728564,731.0,30.0,2.0,28.0,70.0,18.0,52.0,227.0,176.0,144.0,33.0,59.0,10.0,21.0,1.0,9.0,8.0,80.0,142.0,223.0,52.0,0.0,0.0,0.0,0.0,0.0,0.0,0.0,0.0,0.0,0.0,0.0,0.0,0.0,0.0,0.0,0.0,0.0,0.0,0.0,0.0,0.0,0.0,0.0,0.0,0.0,0.0,0.0,0.0,0.0,1.0,0.0,1.0,0.0,1.0,1.0,0.0,0.0,0.0,1.0,0.0,0.0,1.0,0.0,4.0,2.0,1.0,5.0,7.0,4.0,8.0,0.0,0.0,0.0,0.0,0.0,0.0,0.0,0.0,0.0,6.0,0.0,8.0,0.0,7.0,3.0,0.0,0.0,0.0,1.0,0.0,0.0,1.0,0.0,5.0,3.0,1.0,7.0,14.0,5.0,11.0
310,1.0,310.0,London_423,newnew,151,453,1092.0,70.0,2.0,154020.0,0.6073925830423832,793.0,75.0,1.0,74.0,133.0,9.0,124.0,70.0,185.0,148.0,34.0,51.0,10.0,17.0,1.0,7.0,5.0,89.0,136.0,223.0,41.0,0.0,0.0,0.0,0.0,0.0,0.0,0.0,0.0,0.0,0.0,0.0,0.0,0.0,0.0,0.0,0.0,0.0,0.0,0.0,0.0,0.0,0.0,0.0,0.0,0.0,0.0,0.0,0.0,0.0,0.0,0.0,1.0,0.0,0.0,0.0,0.0,0.0,0.0,5.0,3.0,0.0,2.0,0.0,7.0,5.0,3.0,5.0,11.0,24.0,10.0,0.0,0.0,0.0,0.0,0.0,0.0,0.0,0.0,0.0,0.0,0.0,2.0,0.0,0.0,0.0,0.0,0.0,0.0,6.0,4.0,0.0,3.0,0.0,11.0,7.0,3.0,6.0,20.0,35.0,11.0
311,1.0,311.0,London_423,newnew,151,453,1092.0,70.0,2.0,159909.0,0.8853226070059463,806.0,122.0,0.0,122.0,223.0,0.0,223.0,133.0,198.0,145.0,35.0,37.0,8.0,21.0,1.0,8.0,4.0,79.0,145.0,225.0,33.0,0.0,0.0,0.0,0.0,0.0,0.0,0.0,0.0,0.0,0.0,0.0,0.0,0.0,0.0,0.0,0.0,0.0,0.0,0.0,0.0,0.0,0.0,0.0,0.0,0.0,0.0,0.0,0.0,0.0,0.0,0.0,0.0,0.0,0.0,0.0,0.0,0.0,0.0,7.0,1.0,0.0,4.0,2.0,14.0,9.0,7.0,12.0,25.0,24.0,27.0,0.0,0.0,0.0,0.0,0.0,0.0,0.0,0.0,0.0,0.0,0.0,0.0,0.0,0.0,0.0,0.0,0.0,0.0,10.0,2.0,0.0,6.0,2.0,19.0,13.0,9.0,19.0,39.0,34.0,39.0
312,1.0,312.0,London_423,newnew,151,453,1092.0,70.0,2.0,132276.0,0.40150066203204915,745.0,2.0,0.0,2.0,3.0,0.0,3.0,223.0,195.0,126.0,17.0,76.0,6.0,27.0,1.0,5.0,10.0,68.0,140.0,235.0,40.0,0.0,0.0,0.0,0.0,0.0,0.0,0.0,0.0,0.0,0.0,0.0,0.0,0.0,0.0,0.0,0.0,0.0,0.0,0.0,0.0,0.0,0.0,0.0,0.0,0.0,0.0,0.0,0.0,0.0,0.0,0.0,0.0,0.0,0.0,0.0,0.0,0.0,0.0,0.0,0.0,0.0,0.0,0.0,0.0,0.0,0.0,1.0,0.0,1.0,0.0,0.0,0.0,0.0,0.0,0.0,0.0,0.0,0.0,0.0,0.0,0.0,0.0,0.0,0.0,0.0,0.0,0.0,0.0,0.0,0.0,0.0,0.0,0.0,0.0,0.0,0.0,1.0,0.0,1.0,0.0
313,1.0,313.0,London_423,newnew,151,453,1092.0,70.0,2.0,161721.0,0.8911545749870129,810.0,133.0,2.0,131.0,263.0,19.0,244.0,3.0,194.0,127.0,17.0,76.0,6.0,27.0,1.0,5.0,10.0,69.0,140.0,234.0,40.0,0.0,0.0,0.0,0.0,0.0,0.0,0.0,0.0,0.0,0.0,0.0,0.0,0.0,0.0,0.0,0.0,0.0,0.0,0.0,0.0,0.0,0.0,0.0,0.0,0.0,0.0,0.0,0.0,0.0,0.0,0.0,1.0,2.0,0.0,2.0,0.0,0.0,0.0,3.0,2.0,0.0,3.0,7.0,9.0,12.0,9.0,20.0,35.0,24.0,19.0,0.0,0.0,0.0,0.0,0.0,0.0,0.0,0.0,0.0,0.0,0.0,3.0,14.0,0.0,8.0,0.0,0.0,0.0,3.0,2.0,0.0,3.0,7.0,11.0,18.0,12.0,31.0,56.0,42.0,21.0
314,1.0,314.0,London_423,newnew,151,453,1092.0,70.0,2.0,139524.0,0.5285994400037453,761.0,82.0,0.0,82.0,142.0,0.0,142.0,263.0,210.0,110.0,9.0,75.0,8.0,30.0,2.0,9.0,3.0,66.0,144.0,240.0,34.0,0.0,0.0,0.0,0.0,0.0,0.0,0.0,0.0,0.0,0.0,0.0,0.0,0.0,0.0,0.0,0.0,0.0,0.0,0.0,0.0,0.0,0.0,0.0,0.0,0.0,0.0,0.0,0.0,0.0,0.0,0.0,0.0,0.0,0.0,0.0,0.0,0.0,0.0,4.0,5.0,0.0,4.0,0.0,9.0,9.0,4.0,8.0,16.0,17.0,19.0,0.0,0.0,0.0,0.0,0.0,0.0,0.0,0.0,0.0,0.0,0.0,0.0,0.0,0.0,0.0,0.0,0.0,0.0,5.0,8.0,0.0,6.0,0.0,11.0,14.0,4.0,10.0,23.0,23.0,27.0
315,1.0,315.0,London_423,newnew,151,453,1092.0,70.0,2.0,140883.0,0.5728872760082595,764.0,77.0,1.0,76.0,140.0,8.0,132.0,142.0,218.0,111.0,12.0,66.0,9.0,30.0,1.0,6.0,3.0,72.0,147.0,231.0,44.0,0.0,0.0,0.0,0.0,0.0,0.0,0.0,0.0,0.0,0.0,0.0,0.0,0.0,0.0,0.0,0.0,0.0,0.0,0.0,0.0,0.0,0.0,0.0,0.0,0.0,0.0,0.0,0.0,0.0,0.0,0.0,0.0,1.0,0.0,1.0,0.0,0.0,0.0,3.0,1.0,0.0,0.0,0.0,2.0,10.0,6.0,7.0,17.0,17.0,17.0,0.0,0.0,0.0,0.0,0.0,0.0,0.0,0.0,0.0,0.0,0.0,0.0,5.0,0.0,5.0,0.0,0.0,0.0,3.0,1.0,0.0,0.0,0.0,3.0,13.0,8.0,10.0,28.0,26.0,21.0
316,1.0,316.0,London_423,newnew,151,453,1092.0,70.0,2.0,149490.0,0.5496943960315548,783.0,70.0,2.0,68.0,136.0,18.0,118.0,140.0,224.0,93.0,15.0,75.0,6.0,31.0,1.0,8.0,6.0,74.0,150.0,223.0,47.0,0.0,0.0,0.0,0.0,0.0,0.0,0.0,0.0,0.0,0.0,0.0,0.0,0.0,0.0,0.0,0.0,0.0,0.0,0.0,0.0,0.0,0.0,0.0,0.0,0.0,0.0,0.0,0.0,1.0,0.0,0.0,1.0,0.0,0.0,1.0,0.0,0.0,0.0,2.0,1.0,0.0,0.0,1.0,10.0,9.0,4.0,11.0,15.0,21.0,21.0,0.0,0.0,0.0,0.0,0.0,0.0,0.0,0.0,4.0,0.0,0.0,6.0,0.0,0.0,5.0,0.0,0.0,0.0,3.0,1.0,0.0,0.0,1.0,13.0,14.0,6.0,13.0,21.0,28.0,28.0
317,1.0,317.0,London_423,newnew,151,453,1092.0,70.0,2.0,168969.0,0.5451534930034541,826.0,68.0,1.0,67.0,126.0,9.0,117.0,136.0,237.0,110.0,11.0,47.0,7.0,27.0,1.0,13.0,5.0,80.0,141.0,227.0,51.0,0.0,0.0,0.0,0.0,0.0,0.0,0.0,0.0,0.0,0.0,0.0,0.0,0.0,0.0,0.0,0.0,0.0,0.0,0.0,0.0,0.0,0.0,0.0,0.0,0.0,0.0,0.0,0.0,0.0,0.0,0.0,0.0,0.0,0.0,0.0,0.0,0.0,0.0,4.0,3.0,1.0,1.0,1.0,7.0,9.0,5.0,14.0,10.0,20.0,10.0,0.0,0.0,0.0,0.0,0.0,0.0,0.0,0.0,0.0,0.0,0.0,0.0,0.0,0.0,0.0,0.0,0.0,0.0,4.0,5.0,1.0,1.0,1.0,14.0,14.0,6.0,23.0,14.0,32.0,14.0
318,1.0,318.0,London_423,newnew,151,453,1092.0,70.0,2.0,183918.0,0.8220638630446047,859.0,122.0,0.0,122.0,202.0,0.0,202.0,126.0,247.0,107.0,15.0,44.0,8.0,24.0,0.0,8.0,7.0,86.0,138.0,222.0,41.0,0.0,0.0,0.0,0.0,0.0,0.0,0.0,0.0,0.0,0.0,0.0,0.0,0.0,0.0,0.0,0.0,0.0,0.0,0.0,0.0,0.0,0.0,0.0,0.0,0.0,0.0,0.0,0.0,0.0,0.0,0.0,0.0,0.0,0.0,0.0,0.0,0.0,0.0,7.0,8.0,2.0,1.0,6.0,14.0,5.0,8.0,7.0,27.0,28.0,12.0,0.0,0.0,0.0,0.0,0.0,0.0,0.0,0.0,0.0,0.0,0.0,0.0,0.0,0.0,0.0,0.0,0.0,0.0,7.0,9.0,2.0,1.0,7.0,20.0,5.0,11.0,7.0,40.0,45.0,15.0
319,1.0,319.0,London_423,newnew,151,453,1092.0,70.0,2.0,175764.0,0.6225149060483091,841.0,71.0,0.0,71.0,112.0,0.0,112.0,202.0,257.0,84.0,14.0,62.0,14.0,13.0,1.0,8.0,10.0,74.0,136.0,233.0,38.0,0.0,0.0,0.0,0.0,0.0,0.0,0.0,0.0,0.0,0.0,0.0,0.0,0.0,0.0,0.0,0.0,0.0,0.0,0.0,0.0,0.0,0.0,0.0,0.0,0.0,0.0,0.0,0.0,0.0,0.0,0.0,0.0,0.0,0.0,0.0,0.0,0.0,0.0,1.0,1.0,1.0,1.0,0.0,5.0,5.0,2.0,6.0,11.0,19.0,16.0,0.0,0.0,0.0,0.0,0.0,0.0,0.0,0.0,0.0,0.0,0.0,0.0,0.0,0.0,0.0,0.0,0.0,0.0,2.0,1.0,2.0,2.0,0.0,7.0,8.0,3.0,9.0,19.0,26.0,22.0
320,1.0,320.0,London_423,newnew,151,453,1092.0,70.0,2.0,190713.0,0.8113409079960547,874.0,88.0,2.0,86.0,167.0,19.0,148.0,112.0,264.0,87.0,13.0,56.0,15.0,9.0,1.0,8.0,9.0,76.0,128.0,240.0,43.0,0.0,0.0,0.0,0.0,0.0,0.0,0.0,0.0,0.0,0.0,0.0,0.0,0.0,0.0,0.0,0.0,0.0,0.0,0.0,0.0,0.0,0.0,0.0,0.0,0.0,0.0,0.0,0.0,1.0,0.0,0.0,0.0,0.0,0.0,1.0,0.0,0.0,0.0,4.0,6.0,0.0,0.0,0.0,10.0,5.0,1.0,16.0,17.0,22.0,16.0,0.0,0.0,0.0,0.0,0.0,0.0,0.0,0.0,4.0,0.0,0.0,0.0,0.0,0.0,4.0,0.0,0.0,0.0,6.0,9.0,0.0,0.0,0.0,13.0,9.0,2.0,25.0,25.0,30.0,21.0
321,1.0,321.0,London_423,newnew,151,453,1092.0,70.0,2.0,201585.0,0.8748475759639405,898.0,99.0,1.0,98.0,179.0,9.0,170.0,167.0,279.0,86.0,18.0,41.0,9.0,14.0,0.0,6.0,8.0,77.0,123.0,245.0,37.0,0.0,0.0,0.0,0.0,0.0,0.0,0.0,0.0,0.0,0.0,0.0,0.0,0.0,0.0,0.0,0.0,0.0,0.0,0.0,0.0,0.0,0.0,0.0,0.0,0.0,0.0,0.0,0.0,0.0,0.0,0.0,0.0,1.0,0.0,1.0,0.0,0.0,0.0,2.0,10.0,0.0,5.0,1.0,19.0,7.0,2.0,12.0,17.0,25.0,16.0,0.0,0.0,0.0,0.0,0.0,0.0,0.0,0.0,0.0,0.0,0.0,0.0,5.0,0.0,4.0,0.0,0.0,0.0,2.0,12.0,0.0,7.0,1.0,26.0,11.0,2.0,19.0,30.0,37.0,21.0
322,1.0,322.0,London_423,newnew,151,453,1092.0,70.0,2.0,194337.0,0.8660032430198044,882.0,101.0,2.0,99.0,199.0,19.0,180.0,179.0,290.0,65.0,17.0,48.0,7.0,18.0,0.0,8.0,9.0,78.0,135.0,231.0,28.0,0.0,0.0,0.0,0.0,0.0,0.0,0.0,0.0,0.0,0.0,0.0,0.0,0.0,0.0,0.0,0.0,0.0,0.0,0.0,0.0,0.0,0.0,0.0,0.0,0.0,0.0,0.0,0.0,0.0,0.0,0.0,0.0,0.0,0.0,0.0,0.0,0.0,0.0,0.0,9.0,0.0,2.0,0.0,6.0,4.0,5.0,18.0,22.0,17.0,12.0,0.0,0.0,0.0,0.0,0.0,0.0,0.0,0.0,0.0,0.0,0.0,0.0,0.0,0.0,0.0,0.0,0.0,0.0,0.0,10.0,0.0,3.0,0.0,6.0,6.0,8.0,26.0,31.0,25.0,16.0
323,1.0,323.0,London_423,newnew,151,453,1092.0,70.0,2.0,183465.0,0.8080335659906268,858.0,181.0,2.0,179.0,330.0,16.0,314.0,199.0,275.0,78.0,10.0,52.0,6.0,26.0,0.0,6.0,11.0,83.0,130.0,229.0,31.0,0.0,0.0,0.0,0.0,0.0,0.0,0.0,0.0,0.0,0.0,0.0,0.0,0.0,0.0,0.0,0.0,0.0,0.0,0.0,0.0,0.0,0.0,0.0,0.0,0.0,0.0,0.0,0.0,0.0,0.0,0.0,0.0,0.0,1.0,0.0,0.0,0.0,0.0,1.0,17.0,0.0,1.0,5.0,28.0,6.0,0.0,4.0,33.0,38.0,24.0,0.0,0.0,0.0,0.0,0.0,0.0,0.0,0.0,0.0,0.0,0.0,0.0,0.0,7.0,0.0,0.0,0.0,0.0,1.0,25.0,0.0,1.0,5.0,40.0,9.0,0.0,4.0,49.0,53.0,28.0
324,1.0,324.0,London_423,newnew,151,453,1092.0,70.0,2.0,123216.0,0.46893115900456905,725.0,129.0,2.0,127.0,248.0,18.0,230.0,330.0,157.0,129.0,15.0,97.0,13.0,30.0,1.0,11.0,6.0,72.0,131.0,244.0,39.0,0.0,0.0,0.0,0.0,0.0,0.0,0.0,0.0,0.0,0.0,0.0,0.0,0.0,0.0,0.0,0.0,0.0,0.0,0.0,0.0,0.0,0.0,0.0,0.0,0.0,0.0,0.0,0.0,1.0,0.0,0.0,1.0,1.0,0.0,2.0,0.0,0.0,0.0,8.0,2.0,2.0,2.0,3.0,15.0,12.0,14.0,7.0,20.0,28.0,27.0,0.0,0.0,0.0,0.0,0.0,0.0,0.0,0.0,3.0,0.0,0.0,5.0,9.0,0.0,6.0,0.0,0.0,0.0,9.0,3.0,2.0,2.0,3.0,22.0,19.0,17.0,8.0,33.0,45.0,39.0
325,1.0,325.0,London_423,newnew,151,453,1092.0,70.0,2.0,85164.0,0.20271779398899525,641.0,52.0,0.0,52.0,86.0,0.0,86.0,248.0,178.0,120.0,28.0,84.0,13.0,22.0,3.0,5.0,7.0,81.0,139.0,226.0,34.0,0.0,0.0,0.0,0.0,0.0,0.0,0.0,0.0,0.0,0.0,0.0,0.0,0.0,0.0,0.0,0.0,0.0,0.0,0.0,0.0,0.0,0.0,0.0,0.0,0.0,0.0,0.0,0.0,0.0,0.0,0.0,0.0,0.0,0.0,0.0,0.0,0.0,0.0,1.0,0.0,0.0,0.0,0.0,4.0,2.0,4.0,1.0,6.0,12.0,6.0,0.0,0.0,0.0,0.0,0.0,0.0,0.0,0.0,0.0,0.0,0.0,0.0,0.0,0.0,0.0,0.0,0.0,0.0,1.0,0.0,0.0,0.0,0.0,7.0,2.0,5.0,1.0,9.0,18.0,10.0
326,1.0,326.0,London_423,newnew,151,453,1092.0,70.0,2.0,94677.0,0.2566016190103255,662.0,31.0,0.0,31.0,47.0,0.0,47.0,86.0,184.0,114.0,23.0,84.0,14.0,26.0,2.0,6.0,8.0,77.0,145.0,223.0,40.0,0.0,0.0,0.0,0.0,0.0,0.0,0.0,0.0,0.0,0.0,0.0,0.0,0.0,0.0,0.0,0.0,0.0,0.0,0.0,0.0,0.0,0.0,0.0,0.0,0.0,0.0,0.0,0.0,0.0,0.0,0.0,0.0,0.0,0.0,0.0,0.0,0.0,0.0,2.0,0.0,1.0,0.0,0.0,3.0,2.0,1.0,2.0,6.0,10.0,5.0,0.0,0.0,0.0,0.0,0.0,0.0,0.0,0.0,0.0,0.0,0.0,0.0,0.0,0.0,0.0,0.0,0.0,0.0,2.0,0.0,1.0,0.0,0.0,4.0,2.0,1.0,2.0,9.0,14.0,5.0
327,1.0,327.0,London_423,newnew,151,453,1092.0,70.0,2.0,115968.0,0.44713459099875763,709.0,57.0,1.0,56.0,110.0,10.0,100.0,47.0,189.0,112.0,23.0,81.0,16.0,24.0,2.0,6.0,9.0,77.0,152.0,215.0,42.0,0.0,0.0,0.0,0.0,0.0,0.0,0.0,0.0,0.0,0.0,0.0,0.0,0.0,0.0,0.0,0.0,0.0,0.0,0.0,0.0,0.0,0.0,0.0,0.0,0.0,0.0,0.0,0.0,0.0,1.0,0.0,1.0,0.0,0.0,1.0,0.0,0.0,0.0,3.0,0.0,0.0,2.0,0.0,6.0,3.0,4.0,4.0,13.0,11.0,11.0,0.0,0.0,0.0,0.0,0.0,0.0,0.0,0.0,0.0,7.0,0.0,6.0,0.0,0.0,4.0,0.0,0.0,0.0,3.0,0.0,0.0,4.0,0.0,9.0,3.0,8.0,6.0,19.0,15.0,14.0
328,1.0,328.0,London_423,newnew,151,453,1092.0,70.0,2.0,127746.0,0.36654623900540173,735.0,25.0,0.0,25.0,42.0,0.0,42.0,110.0,198.0,115.0,23.0,79.0,4.0,20.0,2.0,12.0,15.0,75.0,148.0,215.0,44.0,0.0,0.0,0.0,0.0,0.0,0.0,0.0,0.0,0.0,0.0,0.0,0.0,0.0,0.0,0.0,0.0,0.0,0.0,0.0,0.0,0.0,0.0,0.0,0.0,0.0,0.0,0.0,0.0,0.0,0.0,0.0,0.0,0.0,0.0,0.0,0.0,0.0,0.0,3.0,0.0,0.0,0.0,0.0,0.0,4.0,0.0,5.0,4.0,5.0,4.0,0.0,0.0,0.0,0.0,0.0,0.0,0.0,0.0,0.0,0.0,0.0,0.0,0.0,0.0,0.0,0.0,0.0,0.0,3.0,0.0,0.0,0.0,0.0,0.0,5.0,0.0,10.0,7.0,7.0,4.0
329,1.0,329.0,London_423,newnew,151,453,1092.0,70.0,2.0,159909.0,0.6255949949845672,806.0,58.0,2.0,56.0,118.0,18.0,100.0,42.0,204.0,104.0,26.0,76.0,6.0,24.0,1.0,12.0,14.0,76.0,148.0,215.0,43.0,0.0,0.0,0.0,0.0,0.0,0.0,0.0,0.0,0.0,0.0,0.0,0.0,0.0,0.0,0.0,0.0,0.0,0.0,0.0,0.0,0.0,0.0,0.0,0.0,0.0,0.0,0.0,0.0,1.0,0.0,0.0,1.0,2.0,0.0,2.0,0.0,0.0,0.0,1.0,2.0,0.0,0.0,0.0,8.0,6.0,7.0,5.0,7.0,15.0,18.0,0.0,0.0,0.0,0.0,0.0,0.0,0.0,0.0,7.0,0.0,0.0,1.0,14.0,0.0,6.0,0.0,0.0,0.0,1.0,3.0,0.0,0.0,0.0,13.0,9.0,13.0,8.0,15.0,20.0,24.0
330,1.0,330.0,London_423,newnew,151,453,1092.0,70.0,2.0,168969.0,0.6857993290177546,826.0,90.0,1.0,89.0,153.0,9.0,144.0,118.0,208.0,113.0,30.0,62.0,3.0,24.0,1.0,12.0,14.0,82.0,141.0,216.0,39.0,0.0,0.0,0.0,0.0,0.0,0.0,0.0,0.0,0.0,0.0,0.0,0.0,0.0,0.0,0.0,0.0,0.0,0.0,0.0,0.0,0.0,0.0,0.0,0.0,0.0,0.0,0.0,0.0,0.0,0.0,0.0,0.0,0.0,0.0,0.0,0.0,0.0,0.0,1.0,1.0,0.0,0.0,0.0,11.0,10.0,3.0,6.0,9.0,21.0,16.0,0.0,0.0,0.0,0.0,0.0,0.0,0.0,0.0,0.0,0.0,0.0,0.0,0.0,0.0,0.0,0.0,0.0,0.0,1.0,1.0,0.0,0.0,0.0,14.0,14.0,3.0,7.0,14.0,30.0,19.0
331,1.0,331.0,London_423,newnew,151,453,1092.0,70.0,2.0,183465.0,0.6194446720182896,858.0,44.0,0.0,44.0,75.0,0.0,75.0,153.0,218.0,95.0,32.0,76.0,2.0,14.0,0.0,16.0,10.0,75.0,138.0,230.0,29.0,0.0,0.0,0.0,0.0,0.0,0.0,0.0,0.0,0.0,0.0,0.0,0.0,0.0,0.0,0.0,0.0,0.0,0.0,0.0,0.0,0.0,0.0,0.0,0.0,0.0,0.0,0.0,0.0,0.0,0.0,0.0,0.0,0.0,0.0,0.0,0.0,0.0,0.0,0.0,4.0,0.0,1.0,0.0,5.0,3.0,1.0,6.0,9.0,6.0,13.0,0.0,0.0,0.0,0.0,0.0,0.0,0.0,0.0,0.0,0.0,0.0,0.0,0.0,0.0,0.0,0.0,0.0,0.0,0.0,6.0,0.0,1.0,0.0,5.0,4.0,1.0,9.0,12.0,7.0,22.0
332,1.0,332.0,London_423,newnew,151,453,1092.0,70.0,2.0,214269.0,0.9708122020238079,926.0,166.0,0.0,166.0,267.0,0.0,267.0,75.0,222.0,99.0,32.0,65.0,3.0,17.0,0.0,15.0,11.0,77.0,143.0,222.0,34.0,0.0,0.0,0.0,0.0,0.0,0.0,0.0,0.0,0.0,0.0,0.0,0.0,0.0,0.0,0.0,0.0,0.0,0.0,0.0,0.0,0.0,0.0,0.0,0.0,0.0,0.0,0.0,0.0,0.0,0.0,0.0,0.0,0.0,0.0,0.0,0.0,0.0,0.0,1.0,11.0,3.0,4.0,4.0,5.0,6.0,0.0,7.0,34.0,44.0,16.0,0.0,0.0,0.0,0.0,0.0,0.0,0.0,0.0,0.0,0.0,0.0,0.0,0.0,0.0,0.0,0.0,0.0,0.0,1.0,12.0,4.0,7.0,4.0,6.0,7.0,0.0,7.0,44.0,59.0,22.0
333,1.0,333.0,London_423,newnew,151,453,1092.0,70.0,2.0,182559.0,0.7268536880146712,856.0,145.0,2.0,143.0,262.0,19.0,243.0,267.0,210.0,100.0,18.0,80.0,6.0,21.0,2.0,16.0,11.0,88.0,146.0,208.0,27.0,0.0,0.0,0.0,0.0,0.0,0.0,0.0,0.0,0.0,0.0,0.0,0.0,0.0,0.0,0.0,0.0,0.0,0.0,0.0,0.0,0.0,0.0,0.0,0.0,0.0,0.0,0.0,0.0,0.0,0.0,0.0,0.0,0.0,1.0,2.0,0.0,0.0,0.0,3.0,3.0,3.0,4.0,3.0,7.0,4.0,1.0,18.0,31.0,24.0,25.0,0.0,0.0,0.0,0.0,0.0,0.0,0.0,0.0,0.0,0.0,0.0,0.0,0.0,6.0,7.0,0.0,0.0,0.0,4.0,4.0,5.0,7.0,3.0,12.0,5.0,1.0,27.0,41.0,29.0,32.0
334,1.0,334.0,London_423,newnew,151,453,1092.0,70.0,2.0,151302.0,0.4973895630100742,787.0,3.0,0.0,3.0,6.0,0.0,6.0,262.0,218.0,102.0,14.0,71.0,7.0,27.0,1.0,13.0,6.0,75.0,146.0,226.0,43.0,0.0,0.0,0.0,0.0,0.0,0.0,0.0,0.0,0.0,0.0,0.0,0.0,0.0,0.0,0.0,0.0,0.0,0.0,0.0,0.0,0.0,0.0,0.0,0.0,0.0,0.0,0.0,0.0,0.0,0.0,0.0,0.0,0.0,0.0,0.0,0.0,0.0,0.0,0.0,0.0,0.0,0.0,0.0,0.0,1.0,0.0,0.0,0.0,1.0,1.0,0.0,0.0,0.0,0.0,0.0,0.0,0.0,0.0,0.0,0.0,0.0,0.0,0.0,0.0,0.0,0.0,0.0,0.0,0.0,0.0,0.0,0.0,0.0,0.0,1.0,0.0,0.0,0.0,1.0,2.0
335,1.0,335.0,London_423,newnew,151,453,1092.0,70.0,2.0,187995.0,0.7340079499990679,868.0,93.0,2.0,91.0,180.0,16.0,164.0,6.0,219.0,99.0,15.0,73.0,7.0,26.0,1.0,13.0,6.0,73.0,149.0,225.0,43.0,0.0,0.0,0.0,0.0,0.0,0.0,0.0,0.0,0.0,0.0,0.0,0.0,0.0,0.0,0.0,0.0,0.0,0.0,0.0,0.0,0.0,0.0,0.0,0.0,0.0,0.0,0.0,0.0,1.0,0.0,0.0,0.0,0.0,2.0,1.0,0.0,0.0,0.0,6.0,0.0,1.0,0.0,0.0,8.0,8.0,3.0,6.0,16.0,25.0,18.0,0.0,0.0,0.0,0.0,0.0,0.0,0.0,0.0,2.0,0.0,0.0,0.0,0.0,15.0,5.0,0.0,0.0,0.0,9.0,0.0,1.0,0.0,0.0,11.0,12.0,4.0,7.0,27.0,32.0,23.0
336,1.0,336.0,London_423,newnew,151,453,1092.0,70.0,2.0,178029.0,0.7527418070239946,846.0,100.0,1.0,99.0,180.0,9.0,171.0,180.0,224.0,110.0,10.0,70.0,9.0,17.0,2.0,11.0,5.0,71.0,147.0,230.0,47.0,0.0,0.0,0.0,0.0,0.0,0.0,0.0,0.0,0.0,0.0,0.0,0.0,0.0,0.0,0.0,0.0,0.0,0.0,0.0,0.0,0.0,0.0,0.0,0.0,0.0,0.0,0.0,0.0,1.0,0.0,0.0,0.0,0.0,0.0,0.0,0.0,0.0,0.0,1.0,0.0,0.0,1.0,13.0,8.0,11.0,5.0,13.0,22.0,20.0,19.0,0.0,0.0,0.0,0.0,0.0,0.0,0.0,0.0,6.0,0.0,0.0,0.0,0.0,0.0,0.0,0.0,0.0,0.0,1.0,0.0,0.0,1.0,15.0,11.0,15.0,7.0,15.0,36.0,29.0,24.0
337,1.0,337.0,London_423,newnew,151,453,1092.0,70.0,2.0,169422.0,0.7020461019710638,827.0,164.0,2.0,162.0,293.0,18.0,275.0,180.0,239.0,121.0,10.0,59.0,4.0,18.0,0.0,2.0,4.0,73.0,148.0,228.0,43.0,0.0,0.0,0.0,0.0,0.0,0.0,0.0,0.0,0.0,0.0,0.0,0.0,0.0,0.0,0.0,0.0,0.0,0.0,0.0,0.0,0.0,0.0,0.0,0.0,0.0,0.0,0.0,0.0,0.0,0.0,0.0,0.0,1.0,0.0,0.0,0.0,0.0,0.0,5.0,16.0,2.0,0.0,0.0,14.0,5.0,12.0,11.0,24.0,39.0,22.0,0.0,0.0,0.0,0.0,0.0,0.0,0.0,0.0,0.0,0.0,0.0,0.0,9.0,0.0,0.0,0.0,0.0,0.0,6.0,22.0,2.0,0.0,0.0,18.0,7.0,14.0,19.0,34.0,56.0,29.0
338,1.0,338.0,London_423,newnew,151,453,1092.0,70.0,2.0,130011.0,0.5225076799979433,740.0,146.0,2.0,144.0,252.0,17.0,235.0,293.0,206.0,112.0,22.0,72.0,6.0,29.0,4.0,2.0,7.0,77.0,151.0,218.0,30.0,0.0,0.0,0.0,0.0,0.0,0.0,0.0,0.0,0.0,0.0,0.0,0.0,0.0,0.0,0.0,0.0,0.0,0.0,0.0,0.0,0.0,0.0,0.0,0.0,0.0,0.0,0.0,0.0,1.0,0.0,0.0,1.0,0.0,0.0,1.0,0.0,0.0,0.0,4.0,5.0,0.0,0.0,5.0,13.0,6.0,12.0,8.0,19.0,36.0,25.0,0.0,0.0,0.0,0.0,0.0,0.0,0.0,0.0,1.0,0.0,0.0,3.0,0.0,0.0,4.0,0.0,0.0,0.0,4.0,7.0,0.0,0.0,5.0,18.0,6.0,15.0,11.0,31.0,53.0,34.0
339,1.0,339.0,London_423,newnew,151,453,1092.0,70.0,2.0,103284.0,0.34912208397872746,681.0,3.0,0.0,3.0,5.0,0.0,5.0,252.0,205.0,96.0,26.0,79.0,3.0,35.0,1.0,8.0,11.0,73.0,146.0,223.0,44.0,0.0,0.0,0.0,0.0,0.0,0.0,0.0,0.0,0.0,0.0,0.0,0.0,0.0,0.0,0.0,0.0,0.0,0.0,0.0,0.0,0.0,0.0,0.0,0.0,0.0,0.0,0.0,0.0,0.0,0.0,0.0,0.0,0.0,0.0,0.0,0.0,0.0,0.0,0.0,1.0,0.0,0.0,0.0,1.0,0.0,0.0,0.0,0.0,1.0,1.0,0.0,0.0,0.0,0.0,0.0,0.0,0.0,0.0,0.0,0.0,0.0,0.0,0.0,0.0,0.0,0.0,0.0,0.0,0.0,2.0,0.0,0.0,0.0,1.0,0.0,0.0,0.0,0.0,2.0,1.0
340,1.0,340.0,London_423,newnew,151,453,1092.0,70.0,2.0,128199.0,0.44483903096988797,736.0,38.0,2.0,36.0,86.0,19.0,67.0,5.0,206.0,93.0,26.0,78.0,4.0,36.0,2.0,8.0,11.0,73.0,149.0,220.0,44.0,0.0,0.0,0.0,0.0,0.0,0.0,0.0,0.0,0.0,0.0,0.0,0.0,0.0,0.0,0.0,0.0,0.0,0.0,0.0,0.0,0.0,0.0,0.0,0.0,0.0,0.0,0.0,0.0,2.0,0.0,0.0,2.0,1.0,0.0,1.0,0.0,0.0,0.0,1.0,0.0,0.0,1.0,2.0,5.0,4.0,2.0,4.0,8.0,11.0,6.0,0.0,0.0,0.0,0.0,0.0,0.0,0.0,0.0,7.0,0.0,0.0,8.0,6.0,0.0,4.0,0.0,0.0,0.0,1.0,0.0,0.0,2.0,2.0,9.0,5.0,2.0,9.0,14.0,16.0,6.0
341,1.0,341.0,London_423,newnew,151,453,1092.0,70.0,2.0,142242.0,0.41529613197781146,767.0,39.0,0.0,39.0,60.0,0.0,60.0,86.0,221.0,97.0,20.0,82.0,1.0,17.0,3.0,12.0,13.0,72.0,153.0,215.0,54.0,0.0,0.0,0.0,0.0,0.0,0.0,0.0,0.0,0.0,0.0,0.0,0.0,0.0,0.0,0.0,0.0,0.0,0.0,0.0,0.0,0.0,0.0,0.0,0.0,0.0,0.0,0.0,0.0,0.0,0.0,0.0,0.0,0.0,0.0,0.0,0.0,0.0,0.0,0.0,1.0,2.0,0.0,0.0,0.0,6.0,6.0,5.0,6.0,7.0,7.0,0.0,0.0,0.0,0.0,0.0,0.0,0.0,0.0,0.0,0.0,0.0,0.0,0.0,0.0,0.0,0.0,0.0,0.0,0.0,2.0,2.0,0.0,0.0,0.0,9.0,7.0,7.0,10.0,8.0,7.0
342,1.0,342.0,London_423,newnew,151,453,1092.0,70.0,2.0,159003.0,0.7445507610100321,804.0,102.0,0.0,102.0,186.0,0.0,186.0,60.0,223.0,101.0,22.0,75.0,4.0,19.0,3.0,6.0,13.0,74.0,163.0,203.0,50.0,0.0,0.0,0.0,0.0,0.0,0.0,0.0,0.0,0.0,0.0,0.0,0.0,0.0,0.0,0.0,0.0,0.0,0.0,0.0,0.0,0.0,0.0,0.0,0.0,0.0,0.0,0.0,0.0,0.0,0.0,0.0,0.0,0.0,0.0,0.0,0.0,0.0,0.0,3.0,5.0,7.0,2.0,0.0,5.0,4.0,9.0,11.0,22.0,25.0,19.0,0.0,0.0,0.0,0.0,0.0,0.0,0.0,0.0,0.0,0.0,0.0,0.0,0.0,0.0,0.0,0.0,0.0,0.0,4.0,7.0,11.0,2.0,0.0,5.0,4.0,15.0,13.0,35.0,36.0,26.0
343,1.0,343.0,London_423,newnew,151,453,1092.0,70.0,2.0,154020.0,0.6362188920029439,793.0,62.0,2.0,60.0,112.0,18.0,94.0,186.0,243.0,84.0,24.0,68.0,7.0,23.0,1.0,3.0,12.0,86.0,167.0,188.0,41.0,0.0,0.0,0.0,0.0,0.0,0.0,0.0,0.0,0.0,0.0,0.0,0.0,0.0,0.0,0.0,0.0,0.0,0.0,0.0,0.0,0.0,0.0,0.0,0.0,0.0,0.0,0.0,0.0,1.0,0.0,0.0,0.0,0.0,1.0,2.0,0.0,0.0,0.0,5.0,2.0,1.0,0.0,1.0,5.0,2.0,4.0,10.0,13.0,12.0,8.0,0.0,0.0,0.0,0.0,0.0,0.0,0.0,0.0,5.0,0.0,0.0,0.0,0.0,7.0,11.0,0.0,0.0,0.0,6.0,3.0,1.0,0.0,1.0,6.0,2.0,5.0,12.0,19.0,19.0,9.0
344,1.0,344.0,London_423,newnew,151,453,1092.0,70.0,2.0,163533.0,0.8212254359968938,814.0,144.0,0.0,144.0,246.0,0.0,246.0,112.0,253.0,100.0,18.0,55.0,3.0,21.0,1.0,2.0,11.0,83.0,159.0,200.0,40.0,0.0,0.0,0.0,0.0,0.0,0.0,0.0,0.0,0.0,0.0,0.0,0.0,0.0,0.0,0.0,0.0,0.0,0.0,0.0,0.0,0.0,0.0,0.0,0.0,0.0,0.0,0.0,0.0,0.0,0.0,0.0,0.0,0.0,0.0,0.0,0.0,0.0,0.0,0.0,11.0,0.0,0.0,10.0,3.0,2.0,1.0,7.0,36.0,37.0,8.0,0.0,0.0,0.0,0.0,0.0,0.0,0.0,0.0,0.0,0.0,0.0,0.0,0.0,0.0,0.0,0.0,0.0,0.0,0.0,15.0,0.0,0.0,10.0,4.0,2.0,1.0,8.0,50.0,56.0,9.0
345,1.0,345.0,London_423,newnew,151,453,1092.0,70.0,2.0,139524.0,0.5494166580028832,761.0,97.0,1.0,96.0,169.0,9.0,160.0,246.0,242.0,100.0,14.0,70.0,4.0,20.0,1.0,2.0,2.0,78.0,165.0,208.0,29.0,0.0,0.0,0.0,0.0,0.0,0.0,0.0,0.0,0.0,0.0,0.0,0.0,0.0,0.0,0.0,0.0,0.0,0.0,0.0,0.0,0.0,0.0,0.0,0.0,0.0,0.0,0.0,0.0,0.0,0.0,0.0,1.0,0.0,1.0,1.0,0.0,0.0,0.0,1.0,1.0,0.0,0.0,0.0,5.0,18.0,7.0,8.0,19.0,20.0,23.0,0.0,0.0,0.0,0.0,0.0,0.0,0.0,0.0,0.0,0.0,0.0,1.0,0.0,8.0,2.0,0.0,0.0,0.0,1.0,1.0,0.0,0.0,0.0,7.0,26.0,12.0,13.0,29.0,28.0,31.0
346,1.0,346.0,London_423,newnew,151,453,1092.0,70.0,2.0,134088.0,0.45274438097840175,749.0,3.0,0.0,3.0,4.0,0.0,4.0,169.0,247.0,105.0,15.0,62.0,3.0,16.0,2.0,3.0,3.0,83.0,143.0,224.0,37.0,0.0,0.0,0.0,0.0,0.0,0.0,0.0,0.0,0.0,0.0,0.0,0.0,0.0,0.0,0.0,0.0,0.0,0.0,0.0,0.0,0.0,0.0,0.0,0.0,0.0,0.0,0.0,0.0,0.0,0.0,0.0,0.0,0.0,0.0,0.0,0.0,0.0,0.0,0.0,0.0,0.0,1.0,0.0,1.0,0.0,0.0,1.0,0.0,1.0,0.0,0.0,0.0,0.0,0.0,0.0,0.0,0.0,0.0,0.0,0.0,0.0,0.0,0.0,0.0,0.0,0.0,0.0,0.0,0.0,0.0,0.0,1.0,0.0,1.0,0.0,0.0,1.0,0.0,2.0,0.0
347,1.0,347.0,London_423,newnew,151,453,1092.0,70.0,2.0,183012.0,0.6497006249846891,857.0,38.0,2.0,36.0,73.0,17.0,56.0,4.0,248.0,102.0,15.0,64.0,3.0,16.0,2.0,3.0,3.0,83.0,145.0,222.0,38.0,0.0,0.0,0.0,0.0,0.0,0.0,0.0,0.0,0.0,0.0,0.0,0.0,0.0,0.0,0.0,0.0,0.0,0.0,0.0,0.0,0.0,0.0,0.0,0.0,0.0,0.0,0.0,0.0,1.0,0.0,0.0,0.0,1.0,0.0,0.0,0.0,0.0,0.0,1.0,1.0,0.0,0.0,1.0,6.0,4.0,3.0,6.0,7.0,14.0,7.0,0.0,0.0,0.0,0.0,0.0,0.0,0.0,0.0,2.0,0.0,0.0,0.0,6.0,0.0,0.0,0.0,0.0,0.0,2.0,3.0,0.0,0.0,1.0,7.0,5.0,6.0,7.0,10.0,21.0,8.0
348,1.0,348.0,London_423,newnew,151,453,1092.0,70.0,2.0,212910.0,0.8786033899523318,923.0,115.0,0.0,115.0,193.0,0.0,193.0,73.0,232.0,117.0,12.0,71.0,0.0,21.0,0.0,0.0,6.0,89.0,130.0,228.0,44.0,0.0,0.0,0.0,0.0,0.0,0.0,0.0,0.0,0.0,0.0,0.0,0.0,0.0,0.0,0.0,0.0,0.0,0.0,0.0,0.0,0.0,0.0,0.0,0.0,0.0,0.0,0.0,0.0,0.0,0.0,0.0,0.0,0.0,0.0,0.0,0.0,0.0,0.0,5.0,7.0,1.0,1.0,0.0,10.0,5.0,2.0,18.0,13.0,32.0,24.0,0.0,0.0,0.0,0.0,0.0,0.0,0.0,0.0,0.0,0.0,0.0,0.0,0.0,0.0,0.0,0.0,0.0,0.0,6.0,9.0,2.0,1.0,0.0,12.0,9.0,3.0,22.0,23.0,47.0,29.0
349,1.0,349.0,London_423,newnew,151,453,1092.0,70.0,2.0,193884.0,0.9006386019755155,881.0,144.0,1.0,143.0,258.0,12.0,246.0,193.0,227.0,119.0,13.0,62.0,3.0,24.0,0.0,5.0,10.0,79.0,127.0,237.0,57.0,0.0,0.0,0.0,0.0,0.0,0.0,0.0,0.0,0.0,0.0,0.0,0.0,0.0,0.0,0.0,0.0,0.0,0.0,0.0,0.0,0.0,0.0,0.0,0.0,0.0,0.0,0.0,0.0,1.0,0.0,0.0,1.0,0.0,0.0,0.0,0.0,0.0,0.0,6.0,1.0,2.0,0.0,1.0,15.0,8.0,3.0,16.0,28.0,37.0,23.0,0.0,0.0,0.0,0.0,0.0,0.0,0.0,0.0,2.0,0.0,0.0,1.0,0.0,0.0,0.0,0.0,0.0,0.0,10.0,1.0,2.0,0.0,2.0,19.0,11.0,3.0,22.0,42.0,57.0,30.0
350,1.0,350.0,London_423,newnew,151,453,1092.0,70.0,2.0,165798.0,0.6953255219850689,819.0,123.0,2.0,121.0,232.0,16.0,216.0,258.0,238.0,96.0,10.0,73.0,7.0,22.0,3.0,4.0,5.0,84.0,139.0,225.0,41.0,0.0,0.0,0.0,0.0,0.0,0.0,0.0,0.0,0.0,0.0,0.0,0.0,0.0,0.0,0.0,0.0,0.0,0.0,0.0,0.0,0.0,0.0,0.0,0.0,0.0,0.0,0.0,0.0,0.0,0.0,0.0,0.0,2.0,0.0,2.0,0.0,0.0,0.0,5.0,1.0,0.0,2.0,1.0,15.0,5.0,6.0,9.0,23.0,36.0,15.0,0.0,0.0,0.0,0.0,0.0,0.0,0.0,0.0,0.0,0.0,0.0,0.0,11.0,0.0,7.0,0.0,0.0,0.0,6.0,1.0,0.0,4.0,1.0,17.0,5.0,8.0,13.0,38.0,50.0,17.0
351,1.0,351.0,London_423,newnew,151,453,1092.0,70.0,2.0,145866.0,0.4987147939973511,775.0,68.0,2.0,66.0,130.0,18.0,112.0,232.0,225.0,101.0,15.0,81.0,9.0,16.0,1.0,5.0,4.0,85.0,120.0,244.0,16.0,0.0,0.0,0.0,0.0,0.0,0.0,0.0,0.0,0.0,0.0,0.0,0.0,0.0,0.0,0.0,0.0,0.0,0.0,0.0,0.0,0.0,0.0,0.0,0.0,0.0,0.0,0.0,0.0,1.0,1.0,0.0,1.0,0.0,1.0,1.0,0.0,0.0,0.0,4.0,1.0,0.0,1.0,0.0,2.0,7.0,5.0,8.0,13.0,18.0,11.0,0.0,0.0,0.0,0.0,0.0,0.0,0.0,0.0,1.0,8.0,0.0,5.0,0.0,5.0,5.0,0.0,0.0,0.0,5.0,1.0,0.0,1.0,0.0,2.0,12.0,7.0,12.0,19.0,29.0,13.0
352,1.0,352.0,London_423,newnew,151,453,1092.0,70.0,2.0,157191.0,0.8016228080377914,800.0,130.0,1.0,129.0,228.0,9.0,219.0,130.0,232.0,123.0,14.0,52.0,7.0,16.0,3.0,6.0,2.0,94.0,114.0,243.0,18.0,0.0,0.0,0.0,0.0,0.0,0.0,0.0,0.0,0.0,0.0,0.0,0.0,0.0,0.0,0.0,0.0,0.0,0.0,0.0,0.0,0.0,0.0,0.0,0.0,0.0,0.0,0.0,0.0,0.0,0.0,0.0,1.0,0.0,0.0,0.0,0.0,0.0,0.0,3.0,0.0,1.0,1.0,3.0,13.0,12.0,0.0,14.0,19.0,41.0,13.0,0.0,0.0,0.0,0.0,0.0,0.0,0.0,0.0,0.0,0.0,0.0,5.0,0.0,0.0,0.0,0.0,0.0,0.0,4.0,0.0,1.0,1.0,3.0,16.0,17.0,0.0,22.0,25.0,54.0,16.0
353,1.0,353.0,London_423,newnew,151,453,1092.0,70.0,2.0,134994.0,0.5553318519960158,751.0,59.0,0.0,59.0,98.0,0.0,98.0,228.0,236.0,101.0,20.0,63.0,8.0,20.0,1.0,4.0,1.0,87.0,123.0,242.0,17.0,0.0,0.0,0.0,0.0,0.0,0.0,0.0,0.0,0.0,0.0,0.0,0.0,0.0,0.0,0.0,0.0,0.0,0.0,0.0,0.0,0.0,0.0,0.0,0.0,0.0,0.0,0.0,0.0,0.0,0.0,0.0,0.0,0.0,0.0,0.0,0.0,0.0,0.0,7.0,0.0,0.0,0.0,0.0,8.0,3.0,3.0,5.0,10.0,11.0,10.0,0.0,0.0,0.0,0.0,0.0,0.0,0.0,0.0,0.0,0.0,0.0,0.0,0.0,0.0,0.0,0.0,0.0,0.0,9.0,0.0,0.0,0.0,0.0,12.0,4.0,5.0,6.0,15.0,14.0,12.0
354,1.0,354.0,London_423,newnew,151,453,1092.0,70.0,2.0,141336.0,0.6240041239652783,765.0,33.0,0.0,33.0,57.0,0.0,57.0,98.0,240.0,101.0,20.0,66.0,8.0,12.0,1.0,5.0,1.0,81.0,119.0,252.0,22.0,0.0,0.0,0.0,0.0,0.0,0.0,0.0,0.0,0.0,0.0,0.0,0.0,0.0,0.0,0.0,0.0,0.0,0.0,0.0,0.0,0.0,0.0,0.0,0.0,0.0,0.0,0.0,0.0,0.0,0.0,0.0,0.0,0.0,0.0,0.0,0.0,0.0,0.0,1.0,1.0,0.0,0.0,0.0,1.0,3.0,0.0,4.0,4.0,9.0,6.0,0.0,0.0,0.0,0.0,0.0,0.0,0.0,0.0,0.0,0.0,0.0,0.0,0.0,0.0,0.0,0.0,0.0,0.0,3.0,1.0,0.0,0.0,0.0,2.0,6.0,0.0,5.0,9.0,12.0,7.0
355,1.0,355.0,London_423,newnew,151,453,1092.0,70.0,2.0,163533.0,0.7975166289834306,814.0,86.0,2.0,84.0,165.0,19.0,146.0,57.0,241.0,105.0,17.0,71.0,10.0,3.0,1.0,5.0,2.0,78.0,123.0,250.0,25.0,0.0,0.0,0.0,0.0,0.0,0.0,0.0,0.0,0.0,0.0,0.0,0.0,0.0,0.0,0.0,0.0,0.0,0.0,0.0,0.0,0.0,0.0,0.0,0.0,0.0,0.0,0.0,0.0,0.0,0.0,0.0,2.0,2.0,0.0,2.0,0.0,0.0,0.0,5.0,1.0,0.0,1.0,0.0,14.0,6.0,8.0,10.0,13.0,27.0,18.0,0.0,0.0,0.0,0.0,0.0,0.0,0.0,0.0,0.0,0.0,0.0,9.0,15.0,0.0,6.0,0.0,0.0,0.0,6.0,1.0,0.0,1.0,0.0,18.0,8.0,13.0,14.0,17.0,41.0,24.0
356,1.0,356.0,London_423,newnew,151,453,1092.0,70.0,2.0,164892.0,0.7464672430069186,817.0,88.0,0.0,88.0,151.0,0.0,151.0,165.0,242.0,103.0,27.0,51.0,4.0,22.0,0.0,4.0,9.0,86.0,127.0,231.0,42.0,0.0,0.0,0.0,0.0,0.0,0.0,0.0,0.0,0.0,0.0,0.0,0.0,0.0,0.0,0.0,0.0,0.0,0.0,0.0,0.0,0.0,0.0,0.0,0.0,0.0,0.0,0.0,0.0,0.0,0.0,0.0,0.0,0.0,0.0,0.0,0.0,0.0,0.0,1.0,6.0,0.0,4.0,0.0,4.0,5.0,3.0,5.0,14.0,22.0,22.0,0.0,0.0,0.0,0.0,0.0,0.0,0.0,0.0,0.0,0.0,0.0,0.0,0.0,0.0,0.0,0.0,0.0,0.0,1.0,7.0,0.0,6.0,0.0,4.0,5.0,5.0,7.0,19.0,38.0,27.0
357,1.0,357.0,London_423,newnew,151,453,1092.0,70.0,2.0,162174.0,0.7587745210039429,811.0,57.0,1.0,56.0,105.0,8.0,97.0,151.0,251.0,105.0,24.0,45.0,5.0,20.0,0.0,3.0,11.0,87.0,118.0,237.0,33.0,0.0,0.0,0.0,0.0,0.0,0.0,0.0,0.0,0.0,0.0,0.0,0.0,0.0,0.0,0.0,0.0,0.0,0.0,0.0,0.0,0.0,0.0,0.0,0.0,0.0,0.0,0.0,0.0,0.0,0.0,0.0,0.0,1.0,0.0,1.0,0.0,0.0,0.0,3.0,0.0,0.0,0.0,0.0,9.0,6.0,3.0,6.0,13.0,14.0,11.0,0.0,0.0,0.0,0.0,0.0,0.0,0.0,0.0,0.0,0.0,0.0,0.0,7.0,0.0,4.0,0.0,0.0,0.0,3.0,0.0,0.0,0.0,0.0,14.0,9.0,5.0,8.0,21.0,18.0,15.0
358,1.0,358.0,London_423,newnew,151,453,1092.0,70.0,2.0,173499.0,0.884873780014459,836.0,175.0,2.0,173.0,310.0,18.0,292.0,105.0,258.0,114.0,24.0,38.0,2.0,14.0,1.0,2.0,9.0,87.0,123.0,234.0,24.0,0.0,0.0,0.0,0.0,0.0,0.0,0.0,0.0,0.0,0.0,0.0,0.0,0.0,0.0,0.0,0.0,0.0,0.0,0.0,0.0,0.0,0.0,0.0,0.0,0.0,0.0,0.0,0.0,0.0,0.0,0.0,0.0,0.0,0.0,1.0,0.0,0.0,0.0,5.0,12.0,1.0,1.0,1.0,26.0,7.0,4.0,14.0,40.0,34.0,13.0,0.0,0.0,0.0,0.0,0.0,0.0,0.0,0.0,0.0,0.0,0.0,0.0,0.0,0.0,3.0,0.0,0.0,0.0,5.0,17.0,1.0,2.0,1.0,32.0,8.0,6.0,22.0,57.0,52.0,18.0
359,1.0,359.0,London_423,newnew,151,453,1092.0,70.0,2.0,127746.0,0.4236804330139421,735.0,74.0,1.0,73.0,136.0,9.0,127.0,310.0,187.0,123.0,22.0,69.0,11.0,30.0,5.0,6.0,6.0,76.0,133.0,238.0,34.0,0.0,0.0,0.0,0.0,0.0,0.0,0.0,0.0,0.0,0.0,0.0,0.0,0.0,0.0,0.0,0.0,0.0,0.0,0.0,0.0,0.0,0.0,0.0,0.0,0.0,0.0,0.0,0.0,0.0,0.0,0.0,0.0,0.0,0.0,0.0,0.0,0.0,0.0,0.0,2.0,0.0,0.0,0.0,11.0,7.0,2.0,11.0,9.0,19.0,8.0,0.0,0.0,0.0,0.0,0.0,0.0,0.0,0.0,0.0,0.0,0.0,0.0,0.0,0.0,0.0,0.0,0.0,0.0,0.0,2.0,0.0,0.0,0.0,15.0,11.0,2.0,20.0,11.0,29.0,9.0
360,1.0,360.0,London_423,newnew,151,453,1092.0,70.0,2.0,117327.0,0.45188426302047446,712.0,61.0,0.0,61.0,107.0,0.0,107.0,136.0,201.0,120.0,21.0,57.0,13.0,30.0,5.0,6.0,3.0,80.0,136.0,234.0,36.0,0.0,0.0,0.0,0.0,0.0,0.0,0.0,0.0,0.0,0.0,0.0,0.0,0.0,0.0,0.0,0.0,0.0,0.0,0.0,0.0,0.0,0.0,0.0,0.0,0.0,0.0,0.0,0.0,0.0,0.0,0.0,0.0,0.0,0.0,0.0,0.0,0.0,0.0,1.0,0.0,0.0,0.0,0.0,7.0,2.0,0.0,5.0,8.0,18.0,9.0,0.0,0.0,0.0,0.0,0.0,0.0,0.0,0.0,0.0,0.0,0.0,0.0,0.0,0.0,0.0,0.0,0.0,0.0,1.0,0.0,0.0,0.0,0.0,9.0,3.0,0.0,6.0,11.0,30.0,11.0
361,1.0,361.0,London_423,newnew,151,453,1092.0,70.0,2.0,125481.0,0.3971486589871347,730.0,24.0,0.0,24.0,42.0,0.0,42.0,107.0,200.0,120.0,19.0,51.0,16.0,37.0,5.0,5.0,4.0,74.0,147.0,228.0,43.0,0.0,0.0,0.0,0.0,0.0,0.0,0.0,0.0,0.0,0.0,0.0,0.0,0.0,0.0,0.0,0.0,0.0,0.0,0.0,0.0,0.0,0.0,0.0,0.0,0.0,0.0,0.0,0.0,0.0,0.0,0.0,0.0,0.0,0.0,0.0,0.0,0.0,0.0,0.0,0.0,0.0,0.0,0.0,1.0,2.0,1.0,2.0,6.0,8.0,9.0,0.0,0.0,0.0,0.0,0.0,0.0,0.0,0.0,0.0,0.0,0.0,0.0,0.0,0.0,0.0,0.0,0.0,0.0,0.0,0.0,0.0,0.0,0.0,1.0,3.0,1.0,2.0,8.0,12.0,11.0
362,1.0,362.0,London_423,newnew,151,453,1092.0,70.0,2.0,153567.0,0.610370442038402,792.0,65.0,2.0,63.0,131.0,19.0,112.0,42.0,204.0,124.0,16.0,40.0,19.0,42.0,5.0,3.0,4.0,83.0,141.0,225.0,45.0,0.0,0.0,0.0,0.0,0.0,0.0,0.0,0.0,0.0,0.0,0.0,0.0,0.0,0.0,0.0,0.0,0.0,0.0,0.0,0.0,0.0,0.0,0.0,0.0,0.0,0.0,0.0,0.0,0.0,0.0,0.0,0.0,0.0,0.0,2.0,0.0,0.0,0.0,8.0,0.0,0.0,1.0,4.0,8.0,4.0,2.0,8.0,14.0,9.0,9.0,0.0,0.0,0.0,0.0,0.0,0.0,0.0,0.0,0.0,0.0,0.0,0.0,0.0,0.0,6.0,0.0,0.0,0.0,10.0,0.0,0.0,1.0,4.0,10.0,7.0,3.0,10.0,22.0,17.0,11.0
363,1.0,363.0,London_423,newnew,151,453,1092.0,70.0,2.0,158097.0,0.8071266150218435,802.0,120.0,1.0,119.0,232.0,9.0,223.0,131.0,207.0,139.0,12.0,38.0,12.0,39.0,3.0,3.0,1.0,77.0,127.0,248.0,46.0,0.0,0.0,0.0,0.0,0.0,0.0,0.0,0.0,0.0,0.0,0.0,0.0,0.0,0.0,0.0,0.0,0.0,0.0,0.0,0.0,0.0,0.0,0.0,0.0,0.0,0.0,0.0,0.0,0.0,0.0,0.0,0.0,0.0,0.0,1.0,0.0,0.0,0.0,6.0,11.0,1.0,0.0,4.0,24.0,5.0,3.0,15.0,18.0,22.0,23.0,0.0,0.0,0.0,0.0,0.0,0.0,0.0,0.0,0.0,0.0,0.0,0.0,0.0,0.0,2.0,0.0,0.0,0.0,9.0,17.0,1.0,0.0,4.0,39.0,6.0,3.0,22.0,24.0,31.0,27.0
364,1.0,364.0,London_423,newnew,151,453,1092.0,70.0,2.0,148131.0,0.6595448599546216,780.0,83.0,2.0,81.0,162.0,19.0,143.0,232.0,211.0,106.0,13.0,71.0,11.0,35.0,1.0,5.0,7.0,80.0,137.0,229.0,46.0,0.0,0.0,0.0,0.0,0.0,0.0,0.0,0.0,0.0,0.0,0.0,0.0,0.0,0.0,0.0,0.0,0.0,0.0,0.0,0.0,0.0,0.0,0.0,0.0,0.0,0.0,0.0,0.0,0.0,0.0,0.0,1.0,0.0,0.0,0.0,0.0,0.0,0.0,4.0,2.0,2.0,2.0,0.0,9.0,5.0,5.0,14.0,15.0,19.0,14.0,0.0,0.0,0.0,0.0,0.0,0.0,0.0,0.0,0.0,0.0,0.0,4.0,0.0,0.0,0.0,0.0,0.0,0.0,4.0,2.0,2.0,3.0,0.0,11.0,8.0,6.0,17.0,26.0,30.0,17.0
365,1.0,365.0,London_423,newnew,151,453,1092.0,70.0,2.0,143148.0,0.4897320260060951,769.0,20.0,2.0,18.0,42.0,16.0,26.0,162.0,220.0,119.0,12.0,51.0,13.0,30.0,2.0,6.0,4.0,85.0,143.0,221.0,44.0,0.0,0.0,0.0,0.0,0.0,0.0,0.0,0.0,0.0,0.0,0.0,0.0,0.0,0.0,0.0,0.0,0.0,0.0,0.0,0.0,0.0,0.0,0.0,0.0,0.0,0.0,0.0,0.0,1.0,0.0,0.0,1.0,0.0,1.0,2.0,0.0,0.0,0.0,0.0,0.0,0.0,1.0,0.0,2.0,1.0,2.0,5.0,4.0,3.0,3.0,0.0,0.0,0.0,0.0,0.0,0.0,0.0,0.0,4.0,0.0,0.0,5.0,0.0,5.0,6.0,0.0,0.0,0.0,0.0,0.0,0.0,1.0,0.0,3.0,1.0,2.0,7.0,4.0,3.0,3.0
366,1.0,366.0,London_423,newnew,151,453,1092.0,70.0,2.0,180747.0,0.7284622130100615,852.0,47.0,2.0,45.0,88.0,18.0,70.0,42.0,220.0,125.0,7.0,48.0,12.0,33.0,2.0,6.0,4.0,87.0,140.0,222.0,46.0,0.0,0.0,0.0,0.0,0.0,0.0,0.0,0.0,0.0,0.0,0.0,0.0,0.0,0.0,0.0,0.0,0.0,0.0,0.0,0.0,0.0,0.0,0.0,0.0,0.0,0.0,0.0,0.0,1.0,0.0,0.0,1.0,1.0,0.0,2.0,0.0,0.0,0.0,1.0,0.0,0.0,0.0,0.0,6.0,6.0,4.0,10.0,4.0,15.0,11.0,0.0,0.0,0.0,0.0,0.0,0.0,0.0,0.0,2.0,0.0,0.0,1.0,9.0,0.0,6.0,0.0,0.0,0.0,1.0,0.0,0.0,0.0,0.0,11.0,9.0,5.0,16.0,4.0,27.0,12.0
367,1.0,367.0,London_423,newnew,151,453,1092.0,70.0,2.0,202491.0,0.916564567014575,900.0,194.0,0.0,194.0,325.0,0.0,325.0,88.0,216.0,139.0,4.0,49.0,8.0,26.0,3.0,8.0,5.0,81.0,146.0,221.0,51.0,0.0,0.0,0.0,0.0,0.0,0.0,0.0,0.0,0.0,0.0,0.0,0.0,0.0,0.0,0.0,0.0,0.0,0.0,0.0,0.0,0.0,0.0,0.0,0.0,0.0,0.0,0.0,0.0,0.0,0.0,0.0,0.0,0.0,0.0,0.0,0.0,0.0,0.0,1.0,26.0,0.0,2.0,0.0,6.0,6.0,0.0,21.0,44.0,47.0,24.0,0.0,0.0,0.0,0.0,0.0,0.0,0.0,0.0,0.0,0.0,0.0,0.0,0.0,0.0,0.0,0.0,0.0,0.0,1.0,38.0,0.0,3.0,0.0,7.0,11.0,0.0,31.0,65.0,65.0,29.0
368,1.0,368.0,London_423,newnew,151,453,1092.0,70.0,2.0,152661.0,0.44223095499910414,790.0,62.0,0.0,62.0,117.0,0.0,117.0,325.0,169.0,128.0,22.0,90.0,17.0,20.0,1.0,6.0,4.0,88.0,130.0,231.0,35.0,0.0,0.0,0.0,0.0,0.0,0.0,0.0,0.0,0.0,0.0,0.0,0.0,0.0,0.0,0.0,0.0,0.0,0.0,0.0,0.0,0.0,0.0,0.0,0.0,0.0,0.0,0.0,0.0,0.0,0.0,0.0,0.0,0.0,0.0,0.0,0.0,0.0,0.0,0.0,3.0,1.0,1.0,0.0,7.0,3.0,1.0,6.0,10.0,13.0,7.0,0.0,0.0,0.0,0.0,0.0,0.0,0.0,0.0,0.0,0.0,0.0,0.0,0.0,0.0,0.0,0.0,0.0,0.0,0.0,3.0,2.0,2.0,0.0,10.0,4.0,3.0,8.0,16.0,22.0,8.0
369,1.0,369.0,London_423,newnew,151,453,1092.0,70.0,2.0,154926.0,0.5963271369691938,795.0,109.0,1.0,108.0,193.0,10.0,183.0,117.0,170.0,133.0,22.0,91.0,17.0,13.0,2.0,5.0,4.0,85.0,141.0,223.0,42.0,0.0,0.0,0.0,0.0,0.0,0.0,0.0,0.0,0.0,0.0,0.0,0.0,0.0,0.0,0.0,0.0,0.0,0.0,0.0,0.0,0.0,0.0,0.0,0.0,0.0,0.0,0.0,0.0,0.0,1.0,0.0,1.0,0.0,0.0,1.0,0.0,0.0,0.0,4.0,7.0,0.0,2.0,0.0,12.0,9.0,5.0,11.0,30.0,16.0,18.0,0.0,0.0,0.0,0.0,0.0,0.0,0.0,0.0,0.0,7.0,0.0,5.0,0.0,0.0,3.0,0.0,0.0,0.0,5.0,11.0,0.0,2.0,0.0,16.0,12.0,5.0,12.0,49.0,22.0,21.0
370,1.0,370.0,London_423,newnew,151,453,1092.0,70.0,2.0,139977.0,0.5374525390216149,762.0,85.0,0.0,85.0,136.0,0.0,136.0,193.0,178.0,135.0,24.0,91.0,8.0,8.0,2.0,7.0,5.0,88.0,150.0,210.0,54.0,0.0,0.0,0.0,0.0,0.0,0.0,0.0,0.0,0.0,0.0,0.0,0.0,0.0,0.0,0.0,0.0,0.0,0.0,0.0,0.0,0.0,0.0,0.0,0.0,0.0,0.0,0.0,0.0,0.0,0.0,0.0,0.0,0.0,0.0,0.0,0.0,0.0,0.0,3.0,3.0,0.0,1.0,2.0,6.0,4.0,4.0,9.0,17.0,21.0,28.0,0.0,0.0,0.0,0.0,0.0,0.0,0.0,0.0,0.0,0.0,0.0,0.0,0.0,0.0,0.0,0.0,0.0,0.0,4.0,4.0,0.0,1.0,2.0,7.0,4.0,4.0,12.0,25.0,26.0,34.0
371,1.0,371.0,London_423,newnew,151,453,1092.0,70.0,2.0,138165.0,0.4364059320068918,758.0,49.0,2.0,47.0,105.0,18.0,87.0,136.0,186.0,130.0,18.0,105.0,3.0,9.0,1.0,1.0,7.0,72.0,162.0,212.0,65.0,0.0,0.0,0.0,0.0,0.0,0.0,0.0,0.0,0.0,0.0,0.0,0.0,0.0,0.0,0.0,0.0,0.0,0.0,0.0,0.0,0.0,0.0,0.0,0.0,0.0,0.0,0.0,0.0,1.0,0.0,0.0,0.0,2.0,0.0,1.0,0.0,0.0,0.0,5.0,2.0,0.0,1.0,2.0,8.0,4.0,0.0,4.0,8.0,12.0,8.0,0.0,0.0,0.0,0.0,0.0,0.0,0.0,0.0,2.0,0.0,0.0,0.0,14.0,0.0,4.0,0.0,0.0,0.0,8.0,2.0,0.0,3.0,3.0,11.0,7.0,0.0,5.0,13.0,25.0,13.0
372,1.0,372.0,London_423,newnew,151,453,1092.0,70.0,2.0,151302.0,0.6859329009894282,787.0,122.0,1.0,121.0,217.0,9.0,208.0,105.0,190.0,119.0,23.0,103.0,2.0,13.0,0.0,3.0,6.0,73.0,153.0,221.0,66.0,0.0,0.0,0.0,0.0,0.0,0.0,0.0,0.0,0.0,0.0,0.0,0.0,0.0,0.0,0.0,0.0,0.0,0.0,0.0,0.0,0.0,0.0,0.0,0.0,0.0,0.0,0.0,0.0,0.0,0.0,0.0,0.0,0.0,0.0,0.0,0.0,0.0,0.0,7.0,2.0,3.0,1.0,0.0,9.0,8.0,9.0,18.0,28.0,30.0,25.0,0.0,0.0,0.0,0.0,0.0,0.0,0.0,0.0,0.0,0.0,0.0,0.0,0.0,0.0,0.0,0.0,0.0,0.0,8.0,2.0,3.0,1.0,0.0,13.0,12.0,14.0,25.0,44.0,40.0,30.0
373,1.0,373.0,London_423,newnew,151,453,1092.0,70.0,2.0,129558.0,0.5264815150294453,739.0,51.0,0.0,51.0,89.0,0.0,89.0,217.0,214.0,122.0,19.0,84.0,2.0,9.0,3.0,0.0,10.0,81.0,143.0,219.0,59.0,0.0,0.0,0.0,0.0,0.0,0.0,0.0,0.0,0.0,0.0,0.0,0.0,0.0,0.0,0.0,0.0,0.0,0.0,0.0,0.0,0.0,0.0,0.0,0.0,0.0,0.0,0.0,0.0,0.0,0.0,0.0,0.0,0.0,0.0,0.0,0.0,0.0,0.0,0.0,5.0,2.0,1.0,0.0,4.0,5.0,3.0,7.0,9.0,13.0,13.0,0.0,0.0,0.0,0.0,0.0,0.0,0.0,0.0,0.0,0.0,0.0,0.0,0.0,0.0,0.0,0.0,0.0,0.0,0.0,7.0,2.0,1.0,0.0,4.0,8.0,5.0,9.0,15.0,14.0,16.0
374,1.0,374.0,London_423,newnew,151,453,1092.0,70.0,2.0,142242.0,0.5632420610054396,767.0,79.0,0.0,79.0,132.0,0.0,132.0,89.0,211.0,123.0,17.0,86.0,4.0,10.0,1.0,1.0,13.0,76.0,148.0,216.0,63.0,0.0,0.0,0.0,0.0,0.0,0.0,0.0,0.0,0.0,0.0,0.0,0.0,0.0,0.0,0.0,0.0,0.0,0.0,0.0,0.0,0.0,0.0,0.0,0.0,0.0,0.0,0.0,0.0,0.0,0.0,0.0,0.0,0.0,0.0,0.0,0.0,0.0,0.0,1.0,2.0,0.0,1.0,0.0,3.0,10.0,1.0,4.0,17.0,17.0,13.0,0.0,0.0,0.0,0.0,0.0,0.0,0.0,0.0,0.0,0.0,0.0,0.0,0.0,0.0,0.0,0.0,0.0,0.0,1.0,4.0,0.0,1.0,0.0,3.0,14.0,1.0,4.0,22.0,25.0,17.0
375,1.0,375.0,London_423,newnew,151,453,1092.0,70.0,2.0,138618.0,0.4361682130256668,759.0,7.0,2.0,5.0,28.0,19.0,9.0,132.0,219.0,106.0,20.0,86.0,6.0,6.0,3.0,7.0,15.0,76.0,150.0,212.0,67.0,0.0,0.0,0.0,0.0,0.0,0.0,0.0,0.0,0.0,0.0,0.0,0.0,0.0,0.0,0.0,0.0,0.0,0.0,0.0,0.0,0.0,0.0,0.0,0.0,0.0,0.0,0.0,0.0,1.0,0.0,0.0,1.0,0.0,1.0,1.0,0.0,0.0,0.0,0.0,0.0,0.0,0.0,0.0,0.0,0.0,0.0,0.0,2.0,1.0,0.0,0.0,0.0,0.0,0.0,0.0,0.0,0.0,0.0,3.0,0.0,0.0,3.0,0.0,6.0,6.0,0.0,0.0,0.0,0.0,0.0,0.0,0.0,0.0,0.0,0.0,0.0,0.0,5.0,1.0,0.0
376,1.0,376.0,London_423,newnew,151,453,1092.0,70.0,2.0,184371.0,0.878665343974717,860.0,133.0,0.0,133.0,241.0,0.0,241.0,28.0,215.0,110.0,20.0,86.0,5.0,7.0,3.0,7.0,9.0,81.0,151.0,212.0,56.0,0.0,0.0,0.0,0.0,0.0,0.0,0.0,0.0,0.0,0.0,0.0,0.0,0.0,0.0,0.0,0.0,0.0,0.0,0.0,0.0,0.0,0.0,0.0,0.0,0.0,0.0,0.0,0.0,0.0,0.0,0.0,0.0,0.0,0.0,0.0,0.0,0.0,0.0,5.0,8.0,0.0,3.0,10.0,11.0,10.0,12.0,12.0,31.0,35.0,20.0,0.0,0.0,0.0,0.0,0.0,0.0,0.0,0.0,0.0,0.0,0.0,0.0,0.0,0.0,0.0,0.0,0.0,0.0,5.0,11.0,0.0,4.0,11.0,15.0,15.0,14.0,19.0,50.0,52.0,29.0
377,1.0,377.0,London_423,newnew,151,453,1092.0,70.0,2.0,160815.0,0.7365691890008748,808.0,136.0,2.0,134.0,249.0,16.0,233.0,241.0,233.0,96.0,19.0,69.0,6.0,20.0,1.0,9.0,5.0,80.0,152.0,216.0,50.0,0.0,0.0,0.0,0.0,0.0,0.0,0.0,0.0,0.0,0.0,0.0,0.0,0.0,0.0,0.0,0.0,0.0,0.0,0.0,0.0,0.0,0.0,0.0,0.0,0.0,0.0,0.0,0.0,0.0,0.0,0.0,0.0,0.0,2.0,0.0,0.0,0.0,0.0,2.0,3.0,0.0,2.0,4.0,19.0,2.0,5.0,11.0,20.0,32.0,24.0,0.0,0.0,0.0,0.0,0.0,0.0,0.0,0.0,0.0,0.0,0.0,0.0,0.0,13.0,0.0,0.0,0.0,0.0,2.0,5.0,0.0,3.0,4.0,25.0,2.0,6.0,14.0,28.0,46.0,32.0
378,1.0,378.0,London_423,newnew,151,453,1092.0,70.0,2.0,136806.0,0.6444359159795567,755.0,98.0,1.0,97.0,193.0,9.0,184.0,249.0,235.0,106.0,20.0,62.0,6.0,16.0,2.0,6.0,8.0,86.0,151.0,208.0,30.0,0.0,0.0,0.0,0.0,0.0,0.0,0.0,0.0,0.0,0.0,0.0,0.0,0.0,0.0,0.0,0.0,0.0,0.0,0.0,0.0,0.0,0.0,0.0,0.0,0.0,0.0,0.0,0.0,1.0,0.0,0.0,0.0,0.0,0.0,0.0,0.0,0.0,0.0,3.0,1.0,0.0,5.0,0.0,8.0,5.0,4.0,8.0,16.0,22.0,16.0,0.0,0.0,0.0,0.0,0.0,0.0,0.0,0.0,1.0,0.0,0.0,0.0,0.0,0.0,0.0,0.0,0.0,0.0,3.0,1.0,0.0,6.0,0.0,10.0,7.0,5.0,13.0,23.0,34.0,22.0
379,1.0,379.0,London_423,newnew,151,453,1092.0,70.0,2.0,127746.0,0.4292145390063524,735.0,2.0,2.0,0.0,18.0,18.0,0.0,193.0,249.0,92.0,25.0,56.0,5.0,20.0,0.0,6.0,6.0,89.0,159.0,199.0,27.0,0.0,0.0,0.0,0.0,0.0,0.0,0.0,0.0,0.0,0.0,0.0,0.0,0.0,0.0,0.0,0.0,0.0,0.0,0.0,0.0,0.0,0.0,0.0,0.0,0.0,0.0,0.0,0.0,2.0,0.0,0.0,1.0,1.0,0.0,0.0,0.0,0.0,0.0,0.0,0.0,0.0,0.0,0.0,0.0,0.0,0.0,0.0,0.0,0.0,0.0,0.0,0.0,0.0,0.0,0.0,0.0,0.0,0.0,5.0,0.0,0.0,5.0,8.0,0.0,0.0,0.0,0.0,0.0,0.0,0.0,0.0,0.0,0.0,0.0,0.0,0.0,0.0,0.0,0.0,0.0
380,1.0,380.0,London_423,newnew,151,453,1092.0,70.0,2.0,166251.0,0.6040076009812765,820.0,34.0,2.0,32.0,76.0,17.0,59.0,18.0,250.0,95.0,24.0,58.0,3.0,17.0,0.0,6.0,6.0,92.0,153.0,202.0,23.0,0.0,0.0,0.0,0.0,0.0,0.0,0.0,0.0,0.0,0.0,0.0,0.0,0.0,0.0,0.0,0.0,0.0,0.0,0.0,0.0,0.0,0.0,0.0,0.0,0.0,0.0,0.0,0.0,1.0,0.0,0.0,0.0,0.0,0.0,2.0,0.0,0.0,0.0,1.0,1.0,0.0,3.0,0.0,1.0,1.0,4.0,4.0,10.0,4.0,8.0,0.0,0.0,0.0,0.0,0.0,0.0,0.0,0.0,2.0,0.0,0.0,0.0,0.0,0.0,8.0,0.0,0.0,0.0,1.0,1.0,0.0,4.0,0.0,2.0,1.0,5.0,4.0,17.0,7.0,9.0
381,1.0,381.0,London_423,newnew,151,453,1092.0,70.0,2.0,191619.0,0.8826712649897672,876.0,119.0,0.0,119.0,222.0,0.0,222.0,76.0,247.0,103.0,26.0,48.0,4.0,23.0,0.0,2.0,4.0,91.0,151.0,207.0,21.0,0.0,0.0,0.0,0.0,0.0,0.0,0.0,0.0,0.0,0.0,0.0,0.0,0.0,0.0,0.0,0.0,0.0,0.0,0.0,0.0,0.0,0.0,0.0,0.0,0.0,0.0,0.0,0.0,0.0,0.0,0.0,0.0,0.0,0.0,0.0,0.0,0.0,0.0,2.0,2.0,12.0,0.0,8.0,6.0,4.0,15.0,5.0,22.0,33.0,15.0,0.0,0.0,0.0,0.0,0.0,0.0,0.0,0.0,0.0,0.0,0.0,0.0,0.0,0.0,0.0,0.0,0.0,0.0,2.0,2.0,14.0,0.0,8.0,11.0,5.0,21.0,8.0,32.0,57.0,21.0
382,1.0,382.0,London_423,newnew,151,453,1092.0,70.0,2.0,186636.0,0.6995714879594743,865.0,106.0,2.0,104.0,192.0,19.0,173.0,222.0,249.0,95.0,24.0,62.0,2.0,14.0,0.0,7.0,9.0,87.0,141.0,216.0,36.0,0.0,0.0,0.0,0.0,0.0,0.0,0.0,0.0,0.0,0.0,0.0,0.0,0.0,0.0,0.0,0.0,0.0,0.0,0.0,0.0,0.0,0.0,0.0,0.0,0.0,0.0,0.0,0.0,0.0,0.0,0.0,0.0,1.0,0.0,1.0,0.0,0.0,0.0,1.0,3.0,3.0,2.0,3.0,13.0,10.0,11.0,20.0,18.0,18.0,17.0,0.0,0.0,0.0,0.0,0.0,0.0,0.0,0.0,0.0,0.0,0.0,0.0,3.0,0.0,1.0,0.0,0.0,0.0,1.0,5.0,3.0,3.0,3.0,24.0,12.0,12.0,30.0,29.0,23.0,23.0
383,1.0,383.0,London_423,newnew,151,453,1092.0,70.0,2.0,174858.0,0.7156672080163844,839.0,108.0,0.0,108.0,180.0,0.0,180.0,192.0,244.0,78.0,28.0,76.0,1.0,14.0,1.0,11.0,8.0,74.0,155.0,216.0,40.0,0.0,0.0,0.0,0.0,0.0,0.0,0.0,0.0,0.0,0.0,0.0,0.0,0.0,0.0,0.0,0.0,0.0,0.0,0.0,0.0,0.0,0.0,0.0,0.0,0.0,0.0,0.0,0.0,0.0,0.0,0.0,0.0,0.0,0.0,0.0,0.0,0.0,0.0,2.0,11.0,2.0,0.0,3.0,7.0,9.0,3.0,10.0,17.0,28.0,16.0,0.0,0.0,0.0,0.0,0.0,0.0,0.0,0.0,0.0,0.0,0.0,0.0,0.0,0.0,0.0,0.0,0.0,0.0,2.0,19.0,2.0,0.0,4.0,8.0,14.0,4.0,13.0,25.0,40.0,23.0
384,1.0,384.0,London_423,newnew,151,453,1092.0,70.0,2.0,161268.0,0.6700577469891869,809.0,106.0,0.0,106.0,181.0,0.0,181.0,180.0,256.0,62.0,29.0,73.0,2.0,19.0,1.0,11.0,11.0,67.0,146.0,229.0,31.0,0.0,0.0,0.0,0.0,0.0,0.0,0.0,0.0,0.0,0.0,0.0,0.0,0.0,0.0,0.0,0.0,0.0,0.0,0.0,0.0,0.0,0.0,0.0,0.0,0.0,0.0,0.0,0.0,0.0,0.0,0.0,0.0,0.0,0.0,0.0,0.0,0.0,0.0,4.0,7.0,6.0,1.0,6.0,10.0,5.0,13.0,2.0,19.0,24.0,19.0,0.0,0.0,0.0,0.0,0.0,0.0,0.0,0.0,0.0,0.0,0.0,0.0,0.0,0.0,0.0,0.0,0.0,0.0,5.0,12.0,6.0,1.0,6.0,10.0,9.0,17.0,3.0,30.0,39.0,25.0
385,1.0,385.0,London_423,newnew,151,453,1092.0,70.0,2.0,154020.0,0.7507477560429834,793.0,89.0,2.0,87.0,174.0,18.0,156.0,181.0,257.0,54.0,30.0,72.0,3.0,27.0,1.0,9.0,10.0,82.0,148.0,213.0,25.0,0.0,0.0,0.0,0.0,0.0,0.0,0.0,0.0,0.0,0.0,0.0,0.0,0.0,0.0,0.0,0.0,0.0,0.0,0.0,0.0,0.0,0.0,0.0,0.0,0.0,0.0,0.0,0.0,1.0,0.0,0.0,1.0,0.0,1.0,2.0,0.0,0.0,0.0,0.0,14.0,9.0,0.0,2.0,6.0,6.0,5.0,10.0,17.0,20.0,27.0,0.0,0.0,0.0,0.0,0.0,0.0,0.0,0.0,6.0,0.0,0.0,1.0,0.0,8.0,3.0,0.0,0.0,0.0,0.0,22.0,12.0,0.0,2.0,9.0,10.0,8.0,16.0,27.0,27.0,40.0
386,1.0,386.0,London_423,newnew,151,453,1092.0,70.0,2.0,154926.0,0.6354107320075855,795.0,66.0,0.0,66.0,127.0,0.0,127.0,174.0,261.0,52.0,41.0,58.0,7.0,29.0,0.0,5.0,5.0,85.0,144.0,219.0,26.0,0.0,0.0,0.0,0.0,0.0,0.0,0.0,0.0,0.0,0.0,0.0,0.0,0.0,0.0,0.0,0.0,0.0,0.0,0.0,0.0,0.0,0.0,0.0,0.0,0.0,0.0,0.0,0.0,0.0,0.0,0.0,0.0,0.0,0.0,0.0,0.0,0.0,0.0,4.0,2.0,3.0,0.0,2.0,8.0,3.0,12.0,3.0,16.0,9.0,17.0,0.0,0.0,0.0,0.0,0.0,0.0,0.0,0.0,0.0,0.0,0.0,0.0,0.0,0.0,0.0,0.0,0.0,0.0,4.0,3.0,3.0,0.0,3.0,11.0,4.0,17.0,4.0,23.0,16.0,25.0
387,1.0,387.0,London_423,newnew,151,453,1092.0,70.0,2.0,158097.0,0.6427545219776221,802.0,69.0,1.0,68.0,127.0,9.0,118.0,127.0,269.0,59.0,40.0,38.0,8.0,36.0,0.0,3.0,5.0,90.0,145.0,213.0,23.0,0.0,0.0,0.0,0.0,0.0,0.0,0.0,0.0,0.0,0.0,0.0,0.0,0.0,0.0,0.0,0.0,0.0,0.0,0.0,0.0,0.0,0.0,0.0,0.0,0.0,0.0,0.0,0.0,1.0,0.0,0.0,1.0,0.0,1.0,1.0,0.0,0.0,0.0,0.0,7.0,0.0,0.0,6.0,10.0,2.0,5.0,6.0,8.0,19.0,14.0,0.0,0.0,0.0,0.0,0.0,0.0,0.0,0.0,3.0,0.0,0.0,5.0,0.0,8.0,3.0,0.0,0.0,0.0,0.0,11.0,0.0,0.0,7.0,12.0,3.0,5.0,7.0,15.0,29.0,17.0
388,1.0,388.0,London_423,newnew,151,453,1092.0,70.0,2.0,171234.0,0.8297324180020951,831.0,123.0,0.0,123.0,209.0,0.0,209.0,127.0,267.0,73.0,20.0,46.0,4.0,38.0,2.0,3.0,5.0,90.0,141.0,217.0,28.0,0.0,0.0,0.0,0.0,0.0,0.0,0.0,0.0,0.0,0.0,0.0,0.0,0.0,0.0,0.0,0.0,0.0,0.0,0.0,0.0,0.0,0.0,0.0,0.0,0.0,0.0,0.0,0.0,0.0,0.0,0.0,0.0,0.0,0.0,0.0,0.0,0.0,0.0,0.0,15.0,5.0,0.0,15.0,8.0,2.0,2.0,14.0,22.0,28.0,33.0,0.0,0.0,0.0,0.0,0.0,0.0,0.0,0.0,0.0,0.0,0.0,0.0,0.0,0.0,0.0,0.0,0.0,0.0,0.0,23.0,6.0,0.0,15.0,9.0,2.0,2.0,18.0,35.0,43.0,39.0
389,1.0,389.0,London_423,newnew,151,453,1092.0,70.0,2.0,154926.0,0.7443721909658052,795.0,75.0,2.0,73.0,146.0,17.0,129.0,209.0,245.0,70.0,24.0,65.0,3.0,42.0,0.0,4.0,5.0,83.0,142.0,223.0,29.0,0.0,0.0,0.0,0.0,0.0,0.0,0.0,0.0,0.0,0.0,0.0,0.0,0.0,0.0,0.0,0.0,0.0,0.0,0.0,0.0,0.0,0.0,0.0,0.0,0.0,0.0,0.0,0.0,0.0,0.0,0.0,0.0,1.0,0.0,0.0,0.0,0.0,0.0,1.0,4.0,2.0,1.0,0.0,10.0,7.0,5.0,11.0,14.0,18.0,20.0,0.0,0.0,0.0,0.0,0.0,0.0,0.0,0.0,0.0,0.0,0.0,0.0,6.0,0.0,0.0,0.0,0.0,0.0,1.0,6.0,2.0,1.0,0.0,12.0,12.0,8.0,15.0,24.0,26.0,27.0
390,1.0,390.0,London_423,newnew,151,453,1092.0,70.0,2.0,163986.0,0.8833118190523237,815.0,97.0,0.0,97.0,164.0,0.0,164.0,146.0,241.0,77.0,25.0,48.0,3.0,54.0,0.0,5.0,4.0,89.0,126.0,234.0,25.0,0.0,0.0,0.0,0.0,0.0,0.0,0.0,0.0,0.0,0.0,0.0,0.0,0.0,0.0,0.0,0.0,0.0,0.0,0.0,0.0,0.0,0.0,0.0,0.0,0.0,0.0,0.0,0.0,0.0,0.0,0.0,0.0,0.0,0.0,0.0,0.0,0.0,0.0,6.0,10.0,0.0,2.0,2.0,7.0,8.0,4.0,14.0,23.0,24.0,20.0,0.0,0.0,0.0,0.0,0.0,0.0,0.0,0.0,0.0,0.0,0.0,0.0,0.0,0.0,0.0,0.0,0.0,0.0,7.0,13.0,0.0,4.0,2.0,13.0,11.0,4.0,20.0,35.0,31.0,29.0
391,1.0,391.0,London_423,newnew,151,453,1092.0,70.0,2.0,159909.0,0.7282076340052299,806.0,59.0,1.0,58.0,109.0,12.0,97.0,164.0,252.0,79.0,14.0,39.0,6.0,60.0,1.0,2.0,4.0,91.0,131.0,227.0,36.0,0.0,0.0,0.0,0.0,0.0,0.0,0.0,0.0,0.0,0.0,0.0,0.0,0.0,0.0,0.0,0.0,0.0,0.0,0.0,0.0,0.0,0.0,0.0,0.0,0.0,0.0,0.0,0.0,1.0,0.0,0.0,1.0,0.0,0.0,0.0,0.0,0.0,0.0,0.0,2.0,1.0,1.0,1.0,9.0,4.0,4.0,3.0,5.0,11.0,15.0,0.0,0.0,0.0,0.0,0.0,0.0,0.0,0.0,7.0,0.0,0.0,7.0,0.0,0.0,0.0,0.0,0.0,0.0,0.0,2.0,1.0,1.0,1.0,10.0,4.0,5.0,4.0,8.0,15.0,20.0
392,1.0,392.0,London_423,newnew,151,453,1092.0,70.0,2.0,166704.0,0.8376601240015589,821.0,98.0,2.0,96.0,180.0,16.0,164.0,109.0,254.0,94.0,13.0,42.0,1.0,46.0,1.0,2.0,8.0,80.0,132.0,233.0,25.0,0.0,0.0,0.0,0.0,0.0,0.0,0.0,0.0,0.0,0.0,0.0,0.0,0.0,0.0,0.0,0.0,0.0,0.0,0.0,0.0,0.0,0.0,0.0,0.0,0.0,0.0,0.0,0.0,1.0,0.0,0.0,1.0,1.0,0.0,1.0,0.0,0.0,0.0,1.0,2.0,1.0,0.0,2.0,15.0,8.0,6.0,11.0,18.0,21.0,15.0,0.0,0.0,0.0,0.0,0.0,0.0,0.0,0.0,4.0,0.0,0.0,5.0,5.0,0.0,3.0,0.0,0.0,0.0,1.0,4.0,1.0,0.0,2.0,16.0,11.0,7.0,17.0,29.0,29.0,18.0
393,1.0,393.0,London_423,newnew,151,453,1092.0,70.0,2.0,163080.0,0.6254823170020245,813.0,86.0,2.0,84.0,161.0,18.0,143.0,180.0,239.0,78.0,8.0,60.0,8.0,53.0,2.0,5.0,3.0,81.0,144.0,225.0,25.0,0.0,0.0,0.0,0.0,0.0,0.0,0.0,0.0,0.0,0.0,0.0,0.0,0.0,0.0,0.0,0.0,0.0,0.0,0.0,0.0,0.0,0.0,0.0,0.0,0.0,0.0,0.0,0.0,0.0,1.0,0.0,1.0,0.0,1.0,1.0,0.0,0.0,0.0,3.0,0.0,1.0,1.0,0.0,5.0,6.0,9.0,14.0,18.0,22.0,25.0,0.0,0.0,0.0,0.0,0.0,0.0,0.0,0.0,0.0,3.0,0.0,4.0,0.0,3.0,2.0,0.0,0.0,0.0,3.0,0.0,1.0,1.0,0.0,5.0,9.0,14.0,16.0,26.0,33.0,31.0
394,1.0,394.0,London_423,newnew,151,453,1092.0,70.0,2.0,174858.0,0.7405902169994079,839.0,122.0,1.0,121.0,209.0,9.0,200.0,161.0,245.0,75.0,14.0,51.0,5.0,57.0,1.0,5.0,4.0,82.0,147.0,220.0,17.0,0.0,0.0,0.0,0.0,0.0,0.0,0.0,0.0,0.0,0.0,0.0,0.0,0.0,0.0,0.0,0.0,0.0,0.0,0.0,0.0,0.0,0.0,0.0,0.0,0.0,0.0,0.0,0.0,0.0,0.0,0.0,0.0,0.0,0.0,0.0,0.0,0.0,0.0,7.0,10.0,1.0,3.0,8.0,12.0,2.0,1.0,3.0,23.0,28.0,20.0,0.0,0.0,0.0,0.0,0.0,0.0,0.0,0.0,0.0,0.0,0.0,0.0,0.0,0.0,0.0,0.0,0.0,0.0,7.0,13.0,1.0,4.0,8.0,17.0,2.0,1.0,4.0,35.0,39.0,30.0
395,1.0,395.0,London_423,newnew,151,453,1092.0,70.0,2.0,154020.0,0.574039131985046,793.0,39.0,0.0,39.0,69.0,0.0,69.0,209.0,237.0,70.0,20.0,49.0,8.0,64.0,0.0,5.0,4.0,82.0,141.0,226.0,25.0,0.0,0.0,0.0,0.0,0.0,0.0,0.0,0.0,0.0,0.0,0.0,0.0,0.0,0.0,0.0,0.0,0.0,0.0,0.0,0.0,0.0,0.0,0.0,0.0,0.0,0.0,0.0,0.0,0.0,0.0,0.0,0.0,0.0,0.0,0.0,0.0,0.0,0.0,1.0,3.0,0.0,0.0,0.0,2.0,5.0,5.0,3.0,3.0,7.0,3.0,0.0,0.0,0.0,0.0,0.0,0.0,0.0,0.0,0.0,0.0,0.0,0.0,0.0,0.0,0.0,0.0,0.0,0.0,1.0,4.0,0.0,0.0,0.0,2.0,7.0,9.0,3.0,3.0,15.0,3.0
396,1.0,396.0,London_423,newnew,151,453,1092.0,70.0,2.0,176217.0,0.7798722719890065,842.0,144.0,0.0,144.0,243.0,0.0,243.0,69.0,239.0,79.0,16.0,50.0,3.0,62.0,0.0,4.0,6.0,88.0,135.0,224.0,30.0,0.0,0.0,0.0,0.0,0.0,0.0,0.0,0.0,0.0,0.0,0.0,0.0,0.0,0.0,0.0,0.0,0.0,0.0,0.0,0.0,0.0,0.0,0.0,0.0,0.0,0.0,0.0,0.0,0.0,0.0,0.0,0.0,0.0,0.0,0.0,0.0,0.0,0.0,3.0,8.0,2.0,1.0,0.0,14.0,4.0,6.0,7.0,38.0,34.0,20.0,0.0,0.0,0.0,0.0,0.0,0.0,0.0,0.0,0.0,0.0,0.0,0.0,0.0,0.0,0.0,0.0,0.0,0.0,4.0,14.0,2.0,1.0,0.0,20.0,6.0,6.0,8.0,57.0,48.0,25.0
397,1.0,397.0,London_423,newnew,151,453,1092.0,70.0,2.0,146772.0,0.5071253239875659,777.0,39.0,2.0,37.0,81.0,19.0,62.0,243.0,204.0,84.0,19.0,73.0,4.0,60.0,0.0,9.0,3.0,88.0,149.0,213.0,36.0,0.0,0.0,0.0,0.0,0.0,0.0,0.0,0.0,0.0,0.0,0.0,0.0,0.0,0.0,0.0,0.0,0.0,0.0,0.0,0.0,0.0,0.0,0.0,0.0,0.0,0.0,0.0,0.0,0.0,0.0,0.0,2.0,1.0,0.0,2.0,0.0,0.0,0.0,1.0,0.0,0.0,1.0,0.0,5.0,4.0,1.0,4.0,7.0,4.0,6.0,0.0,0.0,0.0,0.0,0.0,0.0,0.0,0.0,0.0,0.0,0.0,8.0,8.0,0.0,5.0,0.0,0.0,0.0,1.0,0.0,0.0,2.0,0.0,8.0,4.0,1.0,7.0,13.0,6.0,11.0
398,1.0,398.0,London_423,newnew,151,453,1092.0,70.0,2.0,156738.0,0.5726433009840548,799.0,68.0,0.0,68.0,118.0,0.0,118.0,81.0,201.0,86.0,17.0,79.0,6.0,55.0,1.0,8.0,3.0,96.0,140.0,214.0,39.0,0.0,0.0,0.0,0.0,0.0,0.0,0.0,0.0,0.0,0.0,0.0,0.0,0.0,0.0,0.0,0.0,0.0,0.0,0.0,0.0,0.0,0.0,0.0,0.0,0.0,0.0,0.0,0.0,0.0,0.0,0.0,0.0,0.0,0.0,0.0,0.0,0.0,0.0,3.0,0.0,2.0,1.0,0.0,8.0,5.0,10.0,7.0,13.0,25.0,13.0,0.0,0.0,0.0,0.0,0.0,0.0,0.0,0.0,0.0,0.0,0.0,0.0,0.0,0.0,0.0,0.0,0.0,0.0,3.0,0.0,3.0,1.0,0.0,10.0,8.0,15.0,8.0,20.0,35.0,22.0
399,1.0,399.0,London_423,newnew,151,453,1092.0,70.0,2.0,166704.0,0.8967512979870662,821.0,130.0,1.0,129.0,229.0,8.0,221.0,118.0,201.0,92.0,17.0,70.0,4.0,59.0,1.0,9.0,4.0,101.0,152.0,196.0,49.0,0.0,0.0,0.0,0.0,0.0,0.0,0.0,0.0,0.0,0.0,0.0,0.0,0.0,0.0,0.0,0.0,0.0,0.0,0.0,0.0,0.0,0.0,0.0,0.0,0.0,0.0,0.0,0.0,0.0,0.0,0.0,0.0,0.0,0.0,0.0,0.0,0.0,0.0,2.0,6.0,0.0,0.0,3.0,9.0,6.0,8.0,12.0,23.0,38.0,34.0,0.0,0.0,0.0,0.0,0.0,0.0,0.0,0.0,0.0,0.0,0.0,0.0,0.0,0.0,0.0,0.0,0.0,0.0,2.0,10.0,0.0,0.0,4.0,10.0,7.0,11.0,16.0,35.0,54.0,42.0
400,1.0,400.0,London_423,newnew,151,453,1092.0,70.0,2.0,140883.0,0.49967292399378493,764.0,129.0,2.0,127.0,229.0,18.0,211.0,229.0,207.0,80.0,13.0,75.0,6.0,65.0,0.0,7.0,9.0,87.0,143.0,214.0,40.0,0.0,0.0,0.0,0.0,0.0,0.0,0.0,0.0,0.0,0.0,0.0,0.0,0.0,0.0,0.0,0.0,0.0,0.0,0.0,0.0,0.0,0.0,0.0,0.0,0.0,0.0,0.0,0.0,0.0,0.0,0.0,1.0,0.0,0.0,1.0,0.0,0.0,0.0,1.0,9.0,1.0,1.0,0.0,10.0,13.0,11.0,13.0,22.0,23.0,22.0,0.0,0.0,0.0,0.0,0.0,0.0,0.0,0.0,0.0,0.0,0.0,7.0,0.0,0.0,4.0,0.0,0.0,0.0,1.0,10.0,1.0,3.0,0.0,11.0,15.0,18.0,21.0,31.0,27.0,29.0
401,1.0,401.0,London_423,newnew,151,453,1092.0,70.0,2.0,117780.0,0.4674232420511544,713.0,86.0,1.0,85.0,150.0,9.0,141.0,229.0,198.0,85.0,15.0,73.0,5.0,70.0,3.0,4.0,3.0,90.0,141.0,219.0,27.0,0.0,0.0,0.0,0.0,0.0,0.0,0.0,0.0,0.0,0.0,0.0,0.0,0.0,0.0,0.0,0.0,0.0,0.0,0.0,0.0,0.0,0.0,0.0,0.0,0.0,0.0,0.0,0.0,0.0,0.0,0.0,0.0,0.0,0.0,0.0,0.0,0.0,0.0,3.0,0.0,0.0,1.0,1.0,12.0,10.0,4.0,7.0,18.0,23.0,27.0,0.0,0.0,0.0,0.0,0.0,0.0,0.0,0.0,0.0,0.0,0.0,0.0,0.0,0.0,0.0,0.0,0.0,0.0,4.0,0.0,0.0,1.0,1.0,16.0,11.0,6.0,8.0,23.0,30.0,30.0
402,1.0,402.0,London_423,newnew,151,453,1092.0,70.0,2.0,99660.0,0.3437955130357295,673.0,10.0,0.0,10.0,20.0,0.0,20.0,150.0,199.0,82.0,12.0,85.0,10.0,59.0,2.0,4.0,6.0,91.0,140.0,216.0,35.0,0.0,0.0,0.0,0.0,0.0,0.0,0.0,0.0,0.0,0.0,0.0,0.0,0.0,0.0,0.0,0.0,0.0,0.0,0.0,0.0,0.0,0.0,0.0,0.0,0.0,0.0,0.0,0.0,0.0,0.0,0.0,0.0,0.0,0.0,0.0,0.0,0.0,0.0,0.0,2.0,0.0,1.0,0.0,0.0,2.0,0.0,2.0,2.0,3.0,4.0,0.0,0.0,0.0,0.0,0.0,0.0,0.0,0.0,0.0,0.0,0.0,0.0,0.0,0.0,0.0,0.0,0.0,0.0,0.0,2.0,0.0,1.0,0.0,0.0,4.0,0.0,3.0,3.0,4.0,6.0
403,1.0,403.0,London_423,newnew,151,453,1092.0,70.0,2.0,139977.0,0.5458552199997939,762.0,30.0,0.0,30.0,52.0,0.0,52.0,20.0,202.0,83.0,13.0,77.0,10.0,61.0,3.0,4.0,7.0,90.0,143.0,213.0,37.0,0.0,0.0,0.0,0.0,0.0,0.0,0.0,0.0,0.0,0.0,0.0,0.0,0.0,0.0,0.0,0.0,0.0,0.0,0.0,0.0,0.0,0.0,0.0,0.0,0.0,0.0,0.0,0.0,0.0,0.0,0.0,0.0,0.0,0.0,0.0,0.0,0.0,0.0,3.0,3.0,0.0,1.0,0.0,2.0,6.0,5.0,4.0,6.0,6.0,3.0,0.0,0.0,0.0,0.0,0.0,0.0,0.0,0.0,0.0,0.0,0.0,0.0,0.0,0.0,0.0,0.0,0.0,0.0,3.0,4.0,0.0,1.0,0.0,3.0,8.0,6.0,5.0,9.0,9.0,3.0
404,1.0,404.0,London_423,newnew,151,453,1092.0,70.0,2.0,166251.0,0.7208743399824016,820.0,78.0,2.0,76.0,158.0,19.0,139.0,52.0,204.0,86.0,14.0,69.0,13.0,64.0,3.0,0.0,7.0,91.0,147.0,208.0,40.0,0.0,0.0,0.0,0.0,0.0,0.0,0.0,0.0,0.0,0.0,0.0,0.0,0.0,0.0,0.0,0.0,0.0,0.0,0.0,0.0,0.0,0.0,0.0,0.0,0.0,0.0,0.0,0.0,0.0,0.0,0.0,0.0,0.0,0.0,2.0,0.0,0.0,0.0,3.0,0.0,1.0,1.0,0.0,12.0,4.0,4.0,7.0,18.0,18.0,15.0,0.0,0.0,0.0,0.0,0.0,0.0,0.0,0.0,0.0,0.0,0.0,0.0,0.0,0.0,8.0,0.0,0.0,0.0,4.0,0.0,1.0,2.0,0.0,19.0,5.0,4.0,8.0,27.0,32.0,19.0
405,1.0,405.0,London_423,newnew,151,453,1092.0,70.0,2.0,168516.0,0.798363893001806,825.0,119.0,1.0,118.0,224.0,9.0,215.0,158.0,223.0,90.0,19.0,46.0,17.0,51.0,1.0,6.0,5.0,98.0,137.0,213.0,35.0,0.0,0.0,0.0,0.0,0.0,0.0,0.0,0.0,0.0,0.0,0.0,0.0,0.0,0.0,0.0,0.0,0.0,0.0,0.0,0.0,0.0,0.0,0.0,0.0,0.0,0.0,0.0,0.0,0.0,0.0,0.0,0.0,0.0,0.0,1.0,0.0,0.0,0.0,1.0,7.0,0.0,0.0,0.0,13.0,6.0,10.0,14.0,20.0,23.0,6.0,0.0,0.0,0.0,0.0,0.0,0.0,0.0,0.0,0.0,0.0,0.0,0.0,0.0,0.0,6.0,0.0,0.0,0.0,3.0,8.0,0.0,0.0,0.0,17.0,7.0,13.0,19.0,29.0,34.0,6.0
406,1.0,406.0,London_423,newnew,151,453,1092.0,70.0,2.0,153567.0,0.5627309000119567,792.0,80.0,2.0,78.0,144.0,19.0,125.0,224.0,203.0,98.0,11.0,71.0,19.0,48.0,0.0,3.0,10.0,75.0,141.0,227.0,39.0,0.0,0.0,0.0,0.0,0.0,0.0,0.0,0.0,0.0,0.0,0.0,0.0,0.0,0.0,0.0,0.0,0.0,0.0,0.0,0.0,0.0,0.0,0.0,0.0,0.0,0.0,0.0,0.0,0.0,0.0,0.0,1.0,0.0,0.0,0.0,0.0,0.0,0.0,6.0,4.0,0.0,2.0,0.0,6.0,8.0,9.0,10.0,13.0,24.0,16.0,0.0,0.0,0.0,0.0,0.0,0.0,0.0,0.0,0.0,0.0,0.0,7.0,0.0,0.0,0.0,0.0,0.0,0.0,6.0,5.0,0.0,2.0,0.0,8.0,10.0,13.0,15.0,17.0,34.0,21.0
407,1.0,407.0,London_423,newnew,151,453,1092.0,70.0,2.0,149490.0,0.6200718730106018,783.0,70.0,2.0,68.0,131.0,16.0,115.0,144.0,221.0,105.0,13.0,41.0,24.0,45.0,1.0,3.0,5.0,82.0,146.0,220.0,34.0,0.0,0.0,0.0,0.0,0.0,0.0,0.0,0.0,0.0,0.0,0.0,0.0,0.0,0.0,0.0,0.0,0.0,0.0,0.0,0.0,0.0,0.0,0.0,0.0,0.0,0.0,0.0,0.0,0.0,0.0,0.0,0.0,0.0,1.0,1.0,0.0,0.0,0.0,4.0,0.0,0.0,0.0,2.0,6.0,6.0,3.0,15.0,16.0,16.0,12.0,0.0,0.0,0.0,0.0,0.0,0.0,0.0,0.0,0.0,0.0,0.0,0.0,0.0,7.0,5.0,0.0,0.0,0.0,5.0,0.0,0.0,0.0,2.0,7.0,9.0,5.0,23.0,21.0,24.0,13.0
408,1.0,408.0,London_423,newnew,151,453,1092.0,70.0,2.0,160362.0,0.5125927940243855,807.0,25.0,2.0,23.0,61.0,18.0,43.0,131.0,226.0,110.0,12.0,32.0,23.0,48.0,0.0,2.0,5.0,87.0,150.0,211.0,42.0,0.0,0.0,0.0,0.0,0.0,0.0,0.0,0.0,0.0,0.0,0.0,0.0,0.0,0.0,0.0,0.0,0.0,0.0,0.0,0.0,0.0,0.0,0.0,0.0,0.0,0.0,0.0,0.0,0.0,0.0,0.0,1.0,1.0,0.0,1.0,0.0,0.0,0.0,0.0,2.0,1.0,0.0,0.0,3.0,2.0,2.0,1.0,6.0,1.0,9.0,0.0,0.0,0.0,0.0,0.0,0.0,0.0,0.0,0.0,0.0,0.0,2.0,8.0,0.0,2.0,0.0,0.0,0.0,0.0,4.0,2.0,0.0,0.0,4.0,2.0,2.0,2.0,12.0,1.0,14.0
409,1.0,409.0,London_423,newnew,151,453,1092.0,70.0,2.0,190260.0,0.9374355580075644,873.0,204.0,0.0,204.0,359.0,0.0,359.0,61.0,230.0,124.0,10.0,24.0,18.0,45.0,0.0,2.0,3.0,93.0,142.0,215.0,42.0,0.0,0.0,0.0,0.0,0.0,0.0,0.0,0.0,0.0,0.0,0.0,0.0,0.0,0.0,0.0,0.0,0.0,0.0,0.0,0.0,0.0,0.0,0.0,0.0,0.0,0.0,0.0,0.0,0.0,0.0,0.0,0.0,0.0,0.0,0.0,0.0,0.0,0.0,0.0,10.0,0.0,2.0,0.0,16.0,1.0,7.0,14.0,23.0,52.0,12.0,0.0,0.0,0.0,0.0,0.0,0.0,0.0,0.0,0.0,0.0,0.0,0.0,0.0,0.0,0.0,0.0,0.0,0.0,0.0,12.0,0.0,4.0,0.0,20.0,1.0,10.0,17.0,32.0,77.0,14.0
410,1.0,410.0,London_423,newnew,151,453,1092.0,70.0,2.0,133635.0,0.3522608139901422,748.0,34.0,0.0,34.0,64.0,0.0,64.0,359.0,138.0,124.0,19.0,110.0,13.0,37.0,3.0,9.0,11.0,88.0,146.0,208.0,39.0,0.0,0.0,0.0,0.0,0.0,0.0,0.0,0.0,0.0,0.0,0.0,0.0,0.0,0.0,0.0,0.0,0.0,0.0,0.0,0.0,0.0,0.0,0.0,0.0,0.0,0.0,0.0,0.0,0.0,0.0,0.0,0.0,0.0,0.0,0.0,0.0,0.0,0.0,0.0,0.0,0.0,0.0,0.0,4.0,5.0,5.0,2.0,9.0,7.0,9.0,0.0,0.0,0.0,0.0,0.0,0.0,0.0,0.0,0.0,0.0,0.0,0.0,0.0,0.0,0.0,0.0,0.0,0.0,0.0,0.0,0.0,0.0,0.0,4.0,8.0,7.0,4.0,13.0,12.0,9.0
411,1.0,411.0,London_423,newnew,151,453,1092.0,70.0,2.0,154926.0,0.48580112803028896,795.0,125.0,1.0,124.0,213.0,10.0,203.0,64.0,142.0,130.0,12.0,108.0,11.0,37.0,2.0,11.0,11.0,91.0,143.0,208.0,44.0,0.0,0.0,0.0,0.0,0.0,0.0,0.0,0.0,0.0,0.0,0.0,0.0,0.0,0.0,0.0,0.0,0.0,0.0,0.0,0.0,0.0,0.0,0.0,0.0,0.0,0.0,0.0,0.0,0.0,1.0,0.0,1.0,0.0,0.0,1.0,0.0,0.0,0.0,2.0,1.0,0.0,0.0,1.0,9.0,7.0,8.0,10.0,24.0,29.0,17.0,0.0,0.0,0.0,0.0,0.0,0.0,0.0,0.0,0.0,4.0,0.0,6.0,0.0,0.0,3.0,0.0,0.0,0.0,3.0,3.0,0.0,0.0,1.0,10.0,8.0,10.0,13.0,35.0,45.0,21.0
412,1.0,412.0,London_423,newnew,151,453,1092.0,70.0,2.0,135447.0,0.3762325589777902,752.0,50.0,0.0,50.0,91.0,0.0,91.0,213.0,165.0,126.0,17.0,94.0,11.0,36.0,0.0,4.0,12.0,73.0,149.0,219.0,52.0,0.0,0.0,0.0,0.0,0.0,0.0,0.0,0.0,0.0,0.0,0.0,0.0,0.0,0.0,0.0,0.0,0.0,0.0,0.0,0.0,0.0,0.0,0.0,0.0,0.0,0.0,0.0,0.0,0.0,0.0,0.0,0.0,0.0,0.0,0.0,0.0,0.0,0.0,2.0,0.0,1.0,1.0,0.0,4.0,4.0,5.0,3.0,10.0,7.0,15.0,0.0,0.0,0.0,0.0,0.0,0.0,0.0,0.0,0.0,0.0,0.0,0.0,0.0,0.0,0.0,0.0,0.0,0.0,3.0,0.0,1.0,2.0,0.0,6.0,8.0,8.0,3.0,13.0,10.0,20.0
413,1.0,413.0,London_423,newnew,151,453,1092.0,70.0,2.0,148584.0,0.4897262390004471,781.0,74.0,2.0,72.0,144.0,18.0,126.0,91.0,175.0,119.0,18.0,93.0,9.0,35.0,1.0,3.0,11.0,74.0,151.0,217.0,61.0,0.0,0.0,0.0,0.0,0.0,0.0,0.0,0.0,0.0,0.0,0.0,0.0,0.0,0.0,0.0,0.0,0.0,0.0,0.0,0.0,0.0,0.0,0.0,0.0,0.0,0.0,0.0,0.0,1.0,0.0,0.0,1.0,2.0,0.0,2.0,0.0,0.0,0.0,2.0,2.0,0.0,1.0,0.0,6.0,5.0,3.0,9.0,15.0,16.0,13.0,0.0,0.0,0.0,0.0,0.0,0.0,0.0,0.0,1.0,0.0,0.0,4.0,15.0,0.0,7.0,0.0,0.0,0.0,3.0,2.0,0.0,2.0,0.0,9.0,8.0,3.0,12.0,23.0,24.0,18.0
414,1.0,414.0,London_423,newnew,151,453,1092.0,70.0,2.0,150396.0,0.5243181129917502,785.0,70.0,1.0,69.0,123.0,9.0,114.0,144.0,187.0,122.0,14.0,91.0,7.0,25.0,3.0,4.0,12.0,74.0,148.0,219.0,73.0,0.0,0.0,0.0,0.0,0.0,0.0,0.0,0.0,0.0,0.0,0.0,0.0,0.0,0.0,0.0,0.0,0.0,0.0,0.0,0.0,0.0,0.0,0.0,0.0,0.0,0.0,0.0,0.0,0.0,0.0,0.0,0.0,0.0,0.0,0.0,0.0,0.0,0.0,4.0,3.0,0.0,0.0,0.0,8.0,5.0,4.0,4.0,13.0,22.0,16.0,0.0,0.0,0.0,0.0,0.0,0.0,0.0,0.0,0.0,0.0,0.0,0.0,0.0,0.0,0.0,0.0,0.0,0.0,4.0,4.0,0.0,0.0,0.0,12.0,7.0,6.0,4.0,16.0,35.0,23.0
415,1.0,415.0,London_423,newnew,151,453,1092.0,70.0,2.0,177123.0,0.7158323629992083,844.0,101.0,0.0,101.0,172.0,0.0,172.0,123.0,193.0,122.0,15.0,92.0,8.0,17.0,2.0,4.0,10.0,75.0,144.0,224.0,61.0,0.0,0.0,0.0,0.0,0.0,0.0,0.0,0.0,0.0,0.0,0.0,0.0,0.0,0.0,0.0,0.0,0.0,0.0,0.0,0.0,0.0,0.0,0.0,0.0,0.0,0.0,0.0,0.0,0.0,0.0,0.0,0.0,0.0,0.0,0.0,0.0,0.0,0.0,4.0,7.0,1.0,1.0,14.0,13.0,6.0,2.0,7.0,18.0,21.0,20.0,0.0,0.0,0.0,0.0,0.0,0.0,0.0,0.0,0.0,0.0,0.0,0.0,0.0,0.0,0.0,0.0,0.0,0.0,4.0,9.0,2.0,1.0,14.0,17.0,6.0,2.0,9.0,25.0,27.0,27.0
416,1.0,416.0,London_423,newnew,151,453,1092.0,70.0,2.0,181200.0,0.8242007929948159,853.0,126.0,0.0,126.0,218.0,0.0,218.0,172.0,203.0,115.0,8.0,102.0,4.0,19.0,1.0,1.0,7.0,67.0,150.0,229.0,59.0,0.0,0.0,0.0,0.0,0.0,0.0,0.0,0.0,0.0,0.0,0.0,0.0,0.0,0.0,0.0,0.0,0.0,0.0,0.0,0.0,0.0,0.0,0.0,0.0,0.0,0.0,0.0,0.0,0.0,0.0,0.0,0.0,0.0,0.0,0.0,0.0,0.0,0.0,2.0,18.0,7.0,4.0,3.0,7.0,10.0,13.0,8.0,26.0,24.0,31.0,0.0,0.0,0.0,0.0,0.0,0.0,0.0,0.0,0.0,0.0,0.0,0.0,0.0,0.0,0.0,0.0,0.0,0.0,2.0,25.0,8.0,5.0,4.0,9.0,15.0,19.0,11.0,40.0,30.0,41.0
417,1.0,417.0,London_423,newnew,151,453,1092.0,70.0,2.0,165345.0,0.6987981479614973,818.0,83.0,2.0,81.0,156.0,19.0,137.0,218.0,217.0,114.0,17.0,72.0,6.0,26.0,0.0,1.0,10.0,66.0,147.0,230.0,56.0,0.0,0.0,0.0,0.0,0.0,0.0,0.0,0.0,0.0,0.0,0.0,0.0,0.0,0.0,0.0,0.0,0.0,0.0,0.0,0.0,0.0,0.0,0.0,0.0,0.0,0.0,0.0,0.0,1.0,0.0,0.0,1.0,0.0,1.0,2.0,0.0,0.0,0.0,3.0,0.0,0.0,1.0,0.0,21.0,8.0,9.0,8.0,15.0,19.0,20.0,0.0,0.0,0.0,0.0,0.0,0.0,0.0,0.0,1.0,0.0,0.0,2.0,0.0,6.0,3.0,0.0,0.0,0.0,3.0,0.0,0.0,1.0,0.0,24.0,11.0,14.0,11.0,22.0,27.0,27.0
418,1.0,418.0,London_423,newnew,151,453,1092.0,70.0,2.0,175764.0,0.7346941349678673,841.0,94.0,0.0,94.0,162.0,0.0,162.0,156.0,217.0,129.0,11.0,65.0,2.0,26.0,0.0,3.0,13.0,72.0,138.0,230.0,64.0,0.0,0.0,0.0,0.0,0.0,0.0,0.0,0.0,0.0,0.0,0.0,0.0,0.0,0.0,0.0,0.0,0.0,0.0,0.0,0.0,0.0,0.0,0.0,0.0,0.0,0.0,0.0,0.0,0.0,0.0,0.0,0.0,0.0,0.0,0.0,0.0,0.0,0.0,1.0,4.0,0.0,1.0,2.0,7.0,10.0,14.0,9.0,19.0,16.0,19.0,0.0,0.0,0.0,0.0,0.0,0.0,0.0,0.0,0.0,0.0,0.0,0.0,0.0,0.0,0.0,0.0,0.0,0.0,1.0,9.0,0.0,2.0,2.0,9.0,12.0,22.0,10.0,30.0,24.0,23.0
419,1.0,419.0,London_423,newnew,151,453,1092.0,70.0,2.0,170328.0,0.602898318960797,829.0,42.0,2.0,40.0,86.0,16.0,70.0,162.0,214.0,133.0,12.0,60.0,4.0,21.0,4.0,5.0,8.0,78.0,148.0,219.0,51.0,0.0,0.0,0.0,0.0,0.0,0.0,0.0,0.0,0.0,0.0,0.0,0.0,0.0,0.0,0.0,0.0,0.0,0.0,0.0,0.0,0.0,0.0,0.0,0.0,0.0,0.0,0.0,0.0,1.0,0.0,0.0,0.0,0.0,2.0,1.0,0.0,0.0,0.0,2.0,1.0,0.0,0.0,0.0,10.0,1.0,1.0,1.0,9.0,6.0,8.0,0.0,0.0,0.0,0.0,0.0,0.0,0.0,0.0,3.0,0.0,0.0,0.0,0.0,14.0,6.0,0.0,0.0,0.0,2.0,2.0,0.0,0.0,0.0,15.0,1.0,1.0,1.0,14.0,8.0,11.0
420,1.0,420.0,London_423,newnew,151,453,1092.0,70.0,2.0,192072.0,0.9013488700147718,877.0,130.0,1.0,129.0,226.0,9.0,217.0,86.0,216.0,140.0,9.0,56.0,7.0,17.0,2.0,6.0,9.0,87.0,139.0,218.0,53.0,0.0,0.0,0.0,0.0,0.0,0.0,0.0,0.0,0.0,0.0,0.0,0.0,0.0,0.0,0.0,0.0,0.0,0.0,0.0,0.0,0.0,0.0,0.0,0.0,0.0,0.0,0.0,0.0,1.0,0.0,0.0,0.0,0.0,0.0,0.0,0.0,0.0,0.0,5.0,12.0,5.0,1.0,5.0,25.0,3.0,12.0,16.0,23.0,28.0,19.0,0.0,0.0,0.0,0.0,0.0,0.0,0.0,0.0,1.0,0.0,0.0,0.0,0.0,0.0,0.0,0.0,0.0,0.0,6.0,14.0,6.0,2.0,6.0,34.0,5.0,14.0,19.0,34.0,39.0,23.0
421,1.0,421.0,London_423,newnew,151,453,1092.0,70.0,2.0,169422.0,0.721305618993938,827.0,135.0,2.0,133.0,236.0,18.0,218.0,226.0,222.0,120.0,22.0,60.0,9.0,15.0,3.0,2.0,10.0,86.0,156.0,201.0,49.0,0.0,0.0,0.0,0.0,0.0,0.0,0.0,0.0,0.0,0.0,0.0,0.0,0.0,0.0,0.0,0.0,0.0,0.0,0.0,0.0,0.0,0.0,0.0,0.0,0.0,0.0,0.0,0.0,0.0,0.0,0.0,0.0,1.0,0.0,0.0,0.0,0.0,0.0,2.0,12.0,1.0,1.0,2.0,7.0,5.0,8.0,10.0,24.0,19.0,16.0,0.0,0.0,0.0,0.0,0.0,0.0,0.0,0.0,0.0,0.0,0.0,0.0,7.0,0.0,0.0,0.0,0.0,0.0,2.0,15.0,1.0,1.0,3.0,11.0,6.0,12.0,13.0,32.0,28.0,20.0
422,1.0,422.0,London_423,newnew,151,453,1092.0,70.0,2.0,134088.0,0.606189914047718,749.0,118.0,2.0,116.0,211.0,17.0,194.0,236.0,227.0,105.0,27.0,59.0,5.0,22.0,1.0,7.0,6.0,77.0,152.0,218.0,44.0,0.0,0.0,0.0,0.0,0.0,0.0,0.0,0.0,0.0,0.0,0.0,0.0,0.0,0.0,0.0,0.0,0.0,0.0,0.0,0.0,0.0,0.0,0.0,0.0,0.0,0.0,0.0,0.0,1.0,0.0,0.0,1.0,0.0,0.0,2.0,0.0,0.0,0.0,13.0,6.0,1.0,1.0,5.0,2.0,9.0,14.0,4.0,21.0,25.0,22.0,0.0,0.0,0.0,0.0,0.0,0.0,0.0,0.0,2.0,0.0,0.0,3.0,0.0,0.0,6.0,0.0,0.0,0.0,18.0,8.0,1.0,2.0,5.0,2.0,12.0,16.0,7.0,26.0,37.0,27.0
423,1.0,423.0,London_423,newnew,151,453,1092.0,70.0,2.0,103737.0,0.42362242902163416,682.0,69.0,0.0,69.0,123.0,0.0,123.0,211.0,232.0,109.0,15.0,60.0,7.0,25.0,0.0,5.0,5.0,73.0,145.0,230.0,41.0,0.0,0.0,0.0,0.0,0.0,0.0,0.0,0.0,0.0,0.0,0.0,0.0,0.0,0.0,0.0,0.0,0.0,0.0,0.0,0.0,0.0,0.0,0.0,0.0,0.0,0.0,0.0,0.0,0.0,0.0,0.0,0.0,0.0,0.0,0.0,0.0,0.0,0.0,5.0,6.0,7.0,1.0,4.0,5.0,4.0,6.0,9.0,12.0,14.0,13.0,0.0,0.0,0.0,0.0,0.0,0.0,0.0,0.0,0.0,0.0,0.0,0.0,0.0,0.0,0.0,0.0,0.0,0.0,7.0,10.0,8.0,1.0,4.0,7.0,7.0,6.0,14.0,15.0,20.0,14.0
424,1.0,424.0,London_423,newnew,151,453,1092.0,70.0,2.0,109173.0,0.5257210099953227,694.0,98.0,2.0,96.0,185.0,19.0,166.0,123.0,246.0,114.0,15.0,35.0,11.0,28.0,2.0,2.0,7.0,68.0,164.0,214.0,50.0,0.0,0.0,0.0,0.0,0.0,0.0,0.0,0.0,0.0,0.0,0.0,0.0,0.0,0.0,0.0,0.0,0.0,0.0,0.0,0.0,0.0,0.0,0.0,0.0,0.0,0.0,0.0,0.0,2.0,0.0,0.0,2.0,1.0,0.0,0.0,0.0,0.0,0.0,8.0,11.0,5.0,1.0,1.0,7.0,12.0,4.0,10.0,14.0,23.0,11.0,0.0,0.0,0.0,0.0,0.0,0.0,0.0,0.0,4.0,0.0,0.0,7.0,4.0,0.0,0.0,0.0,0.0,0.0,10.0,14.0,5.0,1.0,1.0,11.0,16.0,5.0,17.0,20.0,35.0,14.0
425,1.0,425.0,London_423,newnew,151,453,1092.0,70.0,2.0,90600.0,0.2977075009839609,653.0,35.0,0.0,35.0,54.0,0.0,54.0,185.0,263.0,83.0,13.0,71.0,8.0,11.0,0.0,4.0,6.0,81.0,143.0,223.0,56.0,0.0,0.0,0.0,0.0,0.0,0.0,0.0,0.0,0.0,0.0,0.0,0.0,0.0,0.0,0.0,0.0,0.0,0.0,0.0,0.0,0.0,0.0,0.0,0.0,0.0,0.0,0.0,0.0,0.0,0.0,0.0,0.0,0.0,0.0,0.0,0.0,0.0,0.0,4.0,2.0,0.0,0.0,0.0,6.0,2.0,3.0,4.0,8.0,8.0,7.0,0.0,0.0,0.0,0.0,0.0,0.0,0.0,0.0,0.0,0.0,0.0,0.0,0.0,0.0,0.0,0.0,0.0,0.0,4.0,2.0,0.0,0.0,0.0,8.0,3.0,4.0,5.0,11.0,9.0,8.0
426,1.0,426.0,London_423,newnew,151,453,1092.0,70.0,2.0,102831.0,0.36679995502345264,680.0,14.0,0.0,14.0,27.0,0.0,27.0,54.0,264.0,85.0,14.0,68.0,8.0,14.0,0.0,0.0,7.0,85.0,139.0,222.0,59.0,0.0,0.0,0.0,0.0,0.0,0.0,0.0,0.0,0.0,0.0,0.0,0.0,0.0,0.0,0.0,0.0,0.0,0.0,0.0,0.0,0.0,0.0,0.0,0.0,0.0,0.0,0.0,0.0,0.0,0.0,0.0,0.0,0.0,0.0,0.0,0.0,0.0,0.0,0.0,0.0,0.0,0.0,0.0,2.0,2.0,2.0,2.0,1.0,3.0,6.0,0.0,0.0,0.0,0.0,0.0,0.0,0.0,0.0,0.0,0.0,0.0,0.0,0.0,0.0,0.0,0.0,0.0,0.0,0.0,0.0,0.0,0.0,0.0,2.0,2.0,2.0,2.0,1.0,5.0,9.0
427,1.0,427.0,London_423,newnew,151,453,1092.0,70.0,2.0,134088.0,0.46802193601615727,749.0,6.0,2.0,4.0,24.0,18.0,6.0,27.0,260.0,81.0,21.0,66.0,9.0,16.0,0.0,0.0,8.0,88.0,143.0,214.0,59.0,0.0,0.0,0.0,0.0,0.0,0.0,0.0,0.0,0.0,0.0,0.0,0.0,0.0,0.0,0.0,0.0,0.0,0.0,0.0,0.0,0.0,0.0,0.0,0.0,0.0,0.0,0.0,0.0,1.0,0.0,0.0,1.0,0.0,1.0,2.0,0.0,0.0,0.0,0.0,0.0,0.0,0.0,0.0,1.0,0.0,0.0,0.0,1.0,0.0,1.0,0.0,0.0,0.0,0.0,0.0,0.0,0.0,0.0,3.0,0.0,0.0,4.0,0.0,7.0,5.0,0.0,0.0,0.0,0.0,0.0,0.0,0.0,0.0,1.0,0.0,0.0,0.0,1.0,0.0,1.0
428,1.0,428.0,London_423,newnew,151,453,1092.0,70.0,2.0,177576.0,1.080653965997044,845.0,139.0,0.0,139.0,228.0,0.0,228.0,24.0,263.0,88.0,18.0,64.0,7.0,13.0,0.0,0.0,6.0,90.0,135.0,222.0,51.0,0.0,0.0,0.0,0.0,0.0,0.0,0.0,0.0,0.0,0.0,0.0,0.0,0.0,0.0,0.0,0.0,0.0,0.0,0.0,0.0,0.0,0.0,0.0,0.0,0.0,0.0,0.0,0.0,0.0,0.0,0.0,0.0,0.0,0.0,0.0,0.0,0.0,0.0,0.0,15.0,1.0,3.0,1.0,11.0,2.0,15.0,5.0,26.0,31.0,24.0,0.0,0.0,0.0,0.0,0.0,0.0,0.0,0.0,0.0,0.0,0.0,0.0,0.0,0.0,0.0,0.0,0.0,0.0,0.0,22.0,1.0,4.0,2.0,15.0,3.0,18.0,6.0,37.0,46.0,27.0
429,1.0,429.0,London_423,newnew,151,453,1092.0,70.0,2.0,157644.0,0.4779851720086299,801.0,15.0,1.0,14.0,36.0,9.0,27.0,228.0,248.0,93.0,8.0,66.0,11.0,23.0,1.0,3.0,12.0,72.0,147.0,222.0,31.0,0.0,0.0,0.0,0.0,0.0,0.0,0.0,0.0,0.0,0.0,0.0,0.0,0.0,0.0,0.0,0.0,0.0,0.0,0.0,0.0,0.0,0.0,0.0,0.0,0.0,0.0,0.0,0.0,1.0,0.0,0.0,1.0,0.0,1.0,1.0,0.0,0.0,0.0,0.0,0.0,0.0,0.0,0.0,2.0,0.0,1.0,2.0,2.0,6.0,3.0,0.0,0.0,0.0,0.0,0.0,0.0,0.0,0.0,4.0,0.0,0.0,7.0,0.0,4.0,7.0,0.0,0.0,0.0,0.0,0.0,0.0,0.0,0.0,2.0,0.0,1.0,5.0,3.0,8.0,3.0
430,1.0,430.0,London_423,newnew,151,453,1092.0,70.0,2.0,201132.0,0.8979445250006393,897.0,163.0,0.0,163.0,281.0,0.0,281.0,36.0,247.0,98.0,9.0,68.0,3.0,24.0,1.0,3.0,12.0,72.0,150.0,219.0,36.0,0.0,0.0,0.0,0.0,0.0,0.0,0.0,0.0,0.0,0.0,0.0,0.0,0.0,0.0,0.0,0.0,0.0,0.0,0.0,0.0,0.0,0.0,0.0,0.0,0.0,0.0,0.0,0.0,0.0,0.0,0.0,0.0,0.0,0.0,0.0,0.0,0.0,0.0,0.0,3.0,0.0,1.0,9.0,6.0,7.0,7.0,8.0,31.0,29.0,28.0,0.0,0.0,0.0,0.0,0.0,0.0,0.0,0.0,0.0,0.0,0.0,0.0,0.0,0.0,0.0,0.0,0.0,0.0,0.0,3.0,0.0,2.0,9.0,6.0,10.0,12.0,10.0,47.0,41.0,34.0
431,1.0,431.0,London_423,newnew,151,453,1092.0,70.0,2.0,164892.0,0.47506012697704136,817.0,30.0,2.0,28.0,69.0,17.0,52.0,281.0,212.0,99.0,17.0,83.0,3.0,31.0,2.0,6.0,7.0,86.0,139.0,221.0,37.0,0.0,0.0,0.0,0.0,0.0,0.0,0.0,0.0,0.0,0.0,0.0,0.0,0.0,0.0,0.0,0.0,0.0,0.0,0.0,0.0,0.0,0.0,0.0,0.0,0.0,0.0,0.0,0.0,0.0,0.0,0.0,1.0,1.0,0.0,0.0,0.0,0.0,0.0,2.0,0.0,0.0,1.0,0.0,3.0,4.0,3.0,1.0,3.0,9.0,7.0,0.0,0.0,0.0,0.0,0.0,0.0,0.0,0.0,0.0,0.0,0.0,1.0,3.0,0.0,0.0,0.0,0.0,0.0,2.0,0.0,0.0,2.0,0.0,4.0,8.0,5.0,1.0,4.0,16.0,8.0
432,1.0,432.0,London_423,newnew,151,453,1092.0,70.0,2.0,194337.0,0.813070299976971,882.0,146.0,0.0,146.0,259.0,0.0,259.0,69.0,202.0,102.0,26.0,77.0,2.0,34.0,2.0,8.0,7.0,84.0,139.0,223.0,44.0,0.0,0.0,0.0,0.0,0.0,0.0,0.0,0.0,0.0,0.0,0.0,0.0,0.0,0.0,0.0,0.0,0.0,0.0,0.0,0.0,0.0,0.0,0.0,0.0,0.0,0.0,0.0,0.0,0.0,0.0,0.0,0.0,0.0,0.0,0.0,0.0,0.0,0.0,5.0,13.0,8.0,2.0,3.0,8.0,8.0,13.0,6.0,30.0,34.0,20.0,0.0,0.0,0.0,0.0,0.0,0.0,0.0,0.0,0.0,0.0,0.0,0.0,0.0,0.0,0.0,0.0,0.0,0.0,5.0,20.0,9.0,2.0,3.0,12.0,12.0,19.0,9.0,47.0,48.0,27.0
433,1.0,433.0,London_423,newnew,151,453,1092.0,70.0,2.0,169422.0,0.6038271150318906,827.0,87.0,1.0,86.0,159.0,12.0,147.0,259.0,222.0,91.0,23.0,76.0,8.0,22.0,4.0,7.0,4.0,84.0,148.0,217.0,36.0,0.0,0.0,0.0,0.0,0.0,0.0,0.0,0.0,0.0,0.0,0.0,0.0,0.0,0.0,0.0,0.0,0.0,0.0,0.0,0.0,0.0,0.0,0.0,0.0,0.0,0.0,0.0,0.0,1.0,0.0,0.0,1.0,0.0,0.0,0.0,0.0,0.0,0.0,1.0,0.0,0.0,1.0,0.0,10.0,9.0,7.0,5.0,22.0,19.0,21.0,0.0,0.0,0.0,0.0,0.0,0.0,0.0,0.0,2.0,0.0,0.0,4.0,0.0,0.0,0.0,0.0,0.0,0.0,1.0,0.0,0.0,1.0,0.0,13.0,13.0,9.0,6.0,32.0,25.0,32.0
434,1.0,434.0,London_423,newnew,151,453,1092.0,70.0,2.0,168516.0,0.7292212249594741,825.0,81.0,2.0,79.0,146.0,16.0,130.0,159.0,233.0,89.0,25.0,72.0,5.0,19.0,3.0,7.0,6.0,88.0,154.0,205.0,39.0,0.0,0.0,0.0,0.0,0.0,0.0,0.0,0.0,0.0,0.0,0.0,0.0,0.0,0.0,0.0,0.0,0.0,0.0,0.0,0.0,0.0,0.0,0.0,0.0,0.0,0.0,0.0,0.0,2.0,0.0,0.0,1.0,1.0,0.0,2.0,0.0,0.0,0.0,4.0,14.0,2.0,2.0,2.0,13.0,4.0,7.0,4.0,11.0,13.0,15.0,0.0,0.0,0.0,0.0,0.0,0.0,0.0,0.0,6.0,0.0,0.0,5.0,7.0,0.0,6.0,0.0,0.0,0.0,5.0,17.0,2.0,3.0,2.0,15.0,4.0,10.0,4.0,15.0,19.0,23.0
435,1.0,435.0,London_423,newnew,151,453,1092.0,70.0,2.0,173046.0,0.7926753559731878,835.0,128.0,2.0,126.0,237.0,18.0,219.0,146.0,233.0,114.0,24.0,64.0,3.0,11.0,1.0,3.0,6.0,89.0,146.0,212.0,39.0,0.0,0.0,0.0,0.0,0.0,0.0,0.0,0.0,0.0,0.0,0.0,0.0,0.0,0.0,0.0,0.0,0.0,0.0,0.0,0.0,0.0,0.0,0.0,0.0,0.0,0.0,0.0,0.0,0.0,0.0,0.0,0.0,0.0,1.0,1.0,0.0,0.0,0.0,11.0,2.0,1.0,5.0,4.0,13.0,5.0,6.0,16.0,21.0,31.0,30.0,0.0,0.0,0.0,0.0,0.0,0.0,0.0,0.0,0.0,0.0,0.0,0.0,0.0,8.0,3.0,0.0,0.0,0.0,13.0,2.0,1.0,5.0,4.0,19.0,6.0,10.0,19.0,33.0,46.0,37.0
436,1.0,436.0,London_423,newnew,151,453,1092.0,70.0,2.0,147678.0,0.6932761499774642,779.0,129.0,1.0,128.0,231.0,9.0,222.0,237.0,225.0,103.0,14.0,74.0,9.0,23.0,3.0,2.0,6.0,72.0,150.0,225.0,34.0,0.0,0.0,0.0,0.0,0.0,0.0,0.0,0.0,0.0,0.0,0.0,0.0,0.0,0.0,0.0,0.0,0.0,0.0,0.0,0.0,0.0,0.0,0.0,0.0,0.0,0.0,0.0,0.0,0.0,0.0,0.0,0.0,0.0,0.0,0.0,0.0,0.0,0.0,8.0,12.0,2.0,2.0,1.0,21.0,11.0,10.0,7.0,19.0,34.0,17.0,0.0,0.0,0.0,0.0,0.0,0.0,0.0,0.0,0.0,0.0,0.0,0.0,0.0,0.0,0.0,0.0,0.0,0.0,8.0,15.0,2.0,2.0,1.0,23.0,16.0,12.0,12.0,28.0,50.0,20.0
437,1.0,437.0,London_423,newnew,151,453,1092.0,70.0,2.0,127293.0,0.547638520016335,734.0,35.0,0.0,35.0,67.0,0.0,67.0,231.0,226.0,102.0,20.0,69.0,8.0,26.0,0.0,2.0,6.0,86.0,131.0,230.0,24.0,0.0,0.0,0.0,0.0,0.0,0.0,0.0,0.0,0.0,0.0,0.0,0.0,0.0,0.0,0.0,0.0,0.0,0.0,0.0,0.0,0.0,0.0,0.0,0.0,0.0,0.0,0.0,0.0,0.0,0.0,0.0,0.0,0.0,0.0,0.0,0.0,0.0,0.0,2.0,1.0,0.0,0.0,0.0,8.0,4.0,5.0,6.0,8.0,6.0,11.0,0.0,0.0,0.0,0.0,0.0,0.0,0.0,0.0,0.0,0.0,0.0,0.0,0.0,0.0,0.0,0.0,0.0,0.0,2.0,2.0,0.0,0.0,0.0,12.0,7.0,6.0,7.0,10.0,10.0,14.0
438,1.0,438.0,London_423,newnew,151,453,1092.0,70.0,2.0,143148.0,0.48336459801066667,769.0,37.0,0.0,37.0,58.0,0.0,58.0,67.0,231.0,122.0,17.0,45.0,4.0,31.0,0.0,3.0,6.0,88.0,136.0,223.0,23.0,0.0,0.0,0.0,0.0,0.0,0.0,0.0,0.0,0.0,0.0,0.0,0.0,0.0,0.0,0.0,0.0,0.0,0.0,0.0,0.0,0.0,0.0,0.0,0.0,0.0,0.0,0.0,0.0,0.0,0.0,0.0,0.0,0.0,0.0,0.0,0.0,0.0,0.0,1.0,0.0,0.0,0.0,0.0,6.0,4.0,1.0,2.0,2.0,7.0,7.0,0.0,0.0,0.0,0.0,0.0,0.0,0.0,0.0,0.0,0.0,0.0,0.0,0.0,0.0,0.0,0.0,0.0,0.0,1.0,0.0,0.0,0.0,0.0,10.0,4.0,1.0,2.0,2.0,9.0,10.0
439,1.0,439.0,London_423,newnew,151,453,1092.0,70.0,2.0,168969.0,0.805314211989753,826.0,127.0,2.0,125.0,237.0,19.0,218.0,58.0,236.0,118.0,18.0,40.0,5.0,33.0,0.0,3.0,7.0,86.0,148.0,212.0,30.0,0.0,0.0,0.0,0.0,0.0,0.0,0.0,0.0,0.0,0.0,0.0,0.0,0.0,0.0,0.0,0.0,0.0,0.0,0.0,0.0,0.0,0.0,0.0,0.0,0.0,0.0,0.0,0.0,0.0,0.0,0.0,1.0,1.0,0.0,2.0,0.0,0.0,0.0,2.0,1.0,1.0,2.0,7.0,8.0,7.0,3.0,10.0,21.0,31.0,22.0,0.0,0.0,0.0,0.0,0.0,0.0,0.0,0.0,0.0,0.0,0.0,4.0,9.0,0.0,5.0,0.0,0.0,0.0,3.0,2.0,1.0,6.0,8.0,13.0,10.0,3.0,12.0,27.0,49.0,26.0
440,1.0,440.0,London_423,newnew,151,453,1092.0,70.0,2.0,151302.0,0.6330927740200423,787.0,48.0,0.0,48.0,85.0,0.0,85.0,237.0,225.0,78.0,13.0,75.0,8.0,45.0,4.0,5.0,10.0,87.0,154.0,202.0,34.0,0.0,0.0,0.0,0.0,0.0,0.0,0.0,0.0,0.0,0.0,0.0,0.0,0.0,0.0,0.0,0.0,0.0,0.0,0.0,0.0,0.0,0.0,0.0,0.0,0.0,0.0,0.0,0.0,0.0,0.0,0.0,0.0,0.0,0.0,0.0,0.0,0.0,0.0,5.0,0.0,0.0,2.0,0.0,7.0,1.0,2.0,9.0,7.0,8.0,14.0,0.0,0.0,0.0,0.0,0.0,0.0,0.0,0.0,0.0,0.0,0.0,0.0,0.0,0.0,0.0,0.0,0.0,0.0,5.0,0.0,0.0,4.0,0.0,12.0,1.0,3.0,10.0,8.0,15.0,17.0
441,1.0,441.0,London_423,newnew,151,453,1092.0,70.0,2.0,159909.0,0.7004626570269465,806.0,113.0,1.0,112.0,198.0,8.0,190.0,85.0,231.0,74.0,11.0,72.0,7.0,50.0,4.0,4.0,12.0,87.0,154.0,200.0,46.0,0.0,0.0,0.0,0.0,0.0,0.0,0.0,0.0,0.0,0.0,0.0,0.0,0.0,0.0,0.0,0.0,0.0,0.0,0.0,0.0,0.0,0.0,0.0,0.0,0.0,0.0,0.0,0.0,0.0,0.0,0.0,0.0,0.0,0.0,0.0,0.0,0.0,0.0,1.0,6.0,0.0,3.0,0.0,5.0,5.0,7.0,6.0,20.0,24.0,13.0,0.0,0.0,0.0,0.0,0.0,0.0,0.0,0.0,0.0,0.0,0.0,0.0,0.0,0.0,0.0,0.0,0.0,0.0,2.0,6.0,0.0,5.0,0.0,6.0,6.0,9.0,7.0,26.0,34.0,21.0
442,1.0,442.0,London_423,newnew,151,453,1092.0,70.0,2.0,151302.0,0.5658775930060074,787.0,101.0,2.0,99.0,194.0,18.0,176.0,198.0,231.0,55.0,25.0,63.0,14.0,55.0,5.0,5.0,7.0,89.0,144.0,213.0,32.0,0.0,0.0,0.0,0.0,0.0,0.0,0.0,0.0,0.0,0.0,0.0,0.0,0.0,0.0,0.0,0.0,0.0,0.0,0.0,0.0,0.0,0.0,0.0,0.0,0.0,0.0,0.0,0.0,0.0,0.0,0.0,1.0,0.0,0.0,1.0,0.0,0.0,0.0,1.0,6.0,0.0,5.0,0.0,26.0,8.0,6.0,3.0,16.0,23.0,13.0,0.0,0.0,0.0,0.0,0.0,0.0,0.0,0.0,0.0,0.0,0.0,7.0,0.0,0.0,1.0,0.0,0.0,0.0,2.0,10.0,0.0,8.0,0.0,35.0,10.0,9.0,5.0,24.0,36.0,16.0
443,1.0,443.0,London_423,newnew,151,453,1092.0,70.0,2.0,142242.0,0.4254001100198366,767.0,6.0,1.0,5.0,17.0,9.0,8.0,194.0,227.0,80.0,15.0,62.0,14.0,47.0,3.0,5.0,5.0,88.0,146.0,214.0,31.0,0.0,0.0,0.0,0.0,0.0,0.0,0.0,0.0,0.0,0.0,0.0,0.0,0.0,0.0,0.0,0.0,0.0,0.0,0.0,0.0,0.0,0.0,0.0,0.0,0.0,0.0,0.0,0.0,0.0,0.0,0.0,0.0,0.0,0.0,0.0,0.0,0.0,0.0,0.0,0.0,0.0,0.0,0.0,0.0,0.0,0.0,0.0,2.0,2.0,1.0,0.0,0.0,0.0,0.0,0.0,0.0,0.0,0.0,0.0,0.0,0.0,0.0,0.0,0.0,0.0,0.0,0.0,0.0,0.0,0.0,0.0,0.0,0.0,0.0,0.0,0.0,0.0,2.0,3.0,1.0
444,1.0,444.0,London_423,newnew,151,453,1092.0,70.0,2.0,178482.0,0.624897554051131,847.0,57.0,0.0,57.0,96.0,0.0,96.0,17.0,222.0,84.0,16.0,63.0,12.0,47.0,3.0,6.0,5.0,89.0,140.0,219.0,29.0,0.0,0.0,0.0,0.0,0.0,0.0,0.0,0.0,0.0,0.0,0.0,0.0,0.0,0.0,0.0,0.0,0.0,0.0,0.0,0.0,0.0,0.0,0.0,0.0,0.0,0.0,0.0,0.0,0.0,0.0,0.0,0.0,0.0,0.0,0.0,0.0,0.0,0.0,4.0,2.0,0.0,1.0,0.0,7.0,0.0,1.0,6.0,13.0,14.0,14.0,0.0,0.0,0.0,0.0,0.0,0.0,0.0,0.0,0.0,0.0,0.0,0.0,0.0,0.0,0.0,0.0,0.0,0.0,4.0,4.0,0.0,3.0,0.0,12.0,0.0,1.0,10.0,23.0,17.0,19.0
445,1.0,445.0,London_423,newnew,151,453,1092.0,70.0,2.0,188448.0,0.751899542985484,869.0,170.0,0.0,170.0,289.0,0.0,289.0,96.0,231.0,93.0,20.0,44.0,9.0,47.0,3.0,6.0,9.0,79.0,145.0,220.0,37.0,0.0,0.0,0.0,0.0,0.0,0.0,0.0,0.0,0.0,0.0,0.0,0.0,0.0,0.0,0.0,0.0,0.0,0.0,0.0,0.0,0.0,0.0,0.0,0.0,0.0,0.0,0.0,0.0,0.0,0.0,0.0,0.0,0.0,0.0,0.0,0.0,0.0,0.0,6.0,12.0,2.0,4.0,0.0,11.0,12.0,2.0,24.0,34.0,33.0,15.0,0.0,0.0,0.0,0.0,0.0,0.0,0.0,0.0,0.0,0.0,0.0,0.0,0.0,0.0,0.0,0.0,0.0,0.0,8.0,15.0,2.0,8.0,0.0,15.0,17.0,2.0,28.0,46.0,49.0,19.0
446,1.0,446.0,London_423,newnew,151,453,1092.0,70.0,2.0,140883.0,0.4839162779971957,764.0,72.0,2.0,70.0,141.0,19.0,122.0,289.0,174.0,114.0,20.0,86.0,2.0,49.0,0.0,8.0,9.0,76.0,158.0,210.0,38.0,0.0,0.0,0.0,0.0,0.0,0.0,0.0,0.0,0.0,0.0,0.0,0.0,0.0,0.0,0.0,0.0,0.0,0.0,0.0,0.0,0.0,0.0,0.0,0.0,0.0,0.0,0.0,0.0,0.0,0.0,0.0,0.0,0.0,0.0,2.0,0.0,0.0,0.0,9.0,0.0,0.0,3.0,0.0,12.0,2.0,4.0,6.0,9.0,20.0,13.0,0.0,0.0,0.0,0.0,0.0,0.0,0.0,0.0,0.0,0.0,0.0,0.0,0.0,0.0,8.0,0.0,0.0,0.0,11.0,0.0,0.0,3.0,0.0,21.0,2.0,7.0,7.0,16.0,30.0,17.0
447,1.0,447.0,London_423,newnew,151,453,1092.0,70.0,2.0,139524.0,0.4824467290309258,761.0,72.0,1.0,71.0,127.0,9.0,118.0,141.0,186.0,129.0,9.0,71.0,5.0,46.0,0.0,7.0,9.0,79.0,152.0,213.0,39.0,0.0,0.0,0.0,0.0,0.0,0.0,0.0,0.0,0.0,0.0,0.0,0.0,0.0,0.0,0.0,0.0,0.0,0.0,0.0,0.0,0.0,0.0,0.0,0.0,0.0,0.0,0.0,0.0,1.0,0.0,0.0,0.0,0.0,0.0,1.0,0.0,0.0,0.0,1.0,0.0,1.0,0.0,1.0,6.0,4.0,4.0,10.0,13.0,17.0,18.0,0.0,0.0,0.0,0.0,0.0,0.0,0.0,0.0,3.0,0.0,0.0,0.0,0.0,0.0,2.0,0.0,0.0,0.0,1.0,0.0,1.0,0.0,1.0,6.0,5.0,6.0,15.0,20.0,23.0,23.0
448,1.0,448.0,London_423,newnew,151,453,1092.0,70.0,2.0,142242.0,0.598484788031783,767.0,190.0,2.0,188.0,349.0,19.0,330.0,127.0,188.0,135.0,10.0,53.0,8.0,53.0,2.0,4.0,8.0,86.0,150.0,209.0,40.0,0.0,0.0,0.0,0.0,0.0,0.0,0.0,0.0,0.0,0.0,0.0,0.0,0.0,0.0,0.0,0.0,0.0,0.0,0.0,0.0,0.0,0.0,0.0,0.0,0.0,0.0,0.0,0.0,0.0,0.0,0.0,0.0,0.0,0.0,0.0,0.0,0.0,0.0,0.0,3.0,0.0,1.0,10.0,10.0,8.0,2.0,25.0,40.0,38.0,20.0,0.0,0.0,0.0,0.0,0.0,0.0,0.0,0.0,0.0,0.0,0.0,0.0,0.0,0.0,0.0,0.0,0.0,0.0,0.0,3.0,0.0,1.0,10.0,13.0,13.0,3.0,34.0,55.0,59.0,23.0
449,1.0,449.0,London_423,newnew,151,453,1092.0,70.0,2.0,92412.0,0.22119230398675427,657.0,30.0,2.0,28.0,62.0,16.0,46.0,349.0,120.0,131.0,18.0,103.0,15.0,56.0,6.0,4.0,10.0,74.0,155.0,214.0,50.0,0.0,0.0,0.0,0.0,0.0,0.0,0.0,0.0,0.0,0.0,0.0,0.0,0.0,0.0,0.0,0.0,0.0,0.0,0.0,0.0,0.0,0.0,0.0,0.0,0.0,0.0,0.0,0.0,1.0,0.0,0.0,1.0,0.0,1.0,2.0,0.0,0.0,0.0,2.0,0.0,0.0,1.0,0.0,5.0,2.0,2.0,2.0,6.0,3.0,6.0,0.0,0.0,0.0,0.0,0.0,0.0,0.0,0.0,1.0,0.0,0.0,4.0,0.0,5.0,5.0,0.0,0.0,0.0,2.0,0.0,0.0,2.0,0.0,10.0,3.0,3.0,4.0,7.0,6.0,7.0
450,1.0,450.0,London_423,newnew,151,453,1092.0,70.0,2.0,116421.0,0.3148996430099942,710.0,23.0,2.0,21.0,54.0,18.0,36.0,62.0,131.0,135.0,12.0,96.0,14.0,59.0,5.0,1.0,8.0,73.0,158.0,214.0,49.0,0.0,0.0,0.0,0.0,0.0,0.0,0.0,0.0,0.0,0.0,0.0,0.0,0.0,0.0,0.0,0.0,0.0,0.0,0.0,0.0,0.0,0.0,0.0,0.0,0.0,0.0,0.0,0.0,1.0,0.0,0.0,1.0,1.0,0.0,1.0,0.0,0.0,0.0,0.0,0.0,0.0,0.0,0.0,2.0,1.0,1.0,2.0,4.0,7.0,4.0,0.0,0.0,0.0,0.0,0.0,0.0,0.0,0.0,2.0,0.0,0.0,2.0,7.0,0.0,3.0,0.0,0.0,0.0,0.0,0.0,0.0,0.0,0.0,3.0,1.0,1.0,3.0,5.0,11.0,4.0
451,1.0,451.0,London_423,newnew,151,453,1092.0,70.0,2.0,146319.0,0.4125595220248215,776.0,50.0,0.0,50.0,90.0,0.0,90.0,54.0,136.0,141.0,11.0,104.0,4.0,53.0,1.0,3.0,5.0,76.0,159.0,213.0,46.0,0.0,0.0,0.0,0.0,0.0,0.0,0.0,0.0,0.0,0.0,0.0,0.0,0.0,0.0,0.0,0.0,0.0,0.0,0.0,0.0,0.0,0.0,0.0,0.0,0.0,0.0,0.0,0.0,0.0,0.0,0.0,0.0,0.0,0.0,0.0,0.0,0.0,0.0,1.0,0.0,0.0,0.0,0.0,4.0,3.0,2.0,4.0,17.0,9.0,17.0,0.0,0.0,0.0,0.0,0.0,0.0,0.0,0.0,0.0,0.0,0.0,0.0,0.0,0.0,0.0,0.0,0.0,0.0,1.0,0.0,0.0,0.0,0.0,6.0,4.0,2.0,6.0,25.0,13.0,24.0
452,1.0,452.0,London_423,newnew,151,453,1092.0,70.0,2.0,176670.0,0.4906594440108165,843.0,57.0,0.0,57.0,92.0,0.0,92.0,90.0,137.0,144.0,11.0,84.0,7.0,64.0,1.0,5.0,6.0,79.0,156.0,212.0,55.0,0.0,0.0,0.0,0.0,0.0,0.0,0.0,0.0,0.0,0.0,0.0,0.0,0.0,0.0,0.0,0.0,0.0,0.0,0.0,0.0,0.0,0.0,0.0,0.0,0.0,0.0,0.0,0.0,0.0,0.0,0.0,0.0,0.0,0.0,0.0,0.0,0.0,0.0,3.0,0.0,1.0,0.0,0.0,9.0,4.0,2.0,4.0,10.0,10.0,11.0,0.0,0.0,0.0,0.0,0.0,0.0,0.0,0.0,0.0,0.0,0.0,0.0,0.0,0.0,0.0,0.0,0.0,0.0,4.0,0.0,2.0,0.0,0.0,11.0,6.0,2.0,5.0,16.0,14.0,17.0
453,1.0,453.0,London_423,newnew,151,453,1092.0,70.0,2.0,191619.0,0.43860721500823274,876.0,2.0,1.0,1.0,11.0,10.0,1.0,92.0,147.0,143.0,10.0,70.0,8.0,71.0,0.0,4.0,6.0,84.0,157.0,206.0,57.0,0.0,0.0,0.0,0.0,0.0,0.0,0.0,0.0,0.0,0.0,0.0,0.0,0.0,0.0,0.0,0.0,0.0,0.0,0.0,0.0,0.0,0.0,0.0,0.0,0.0,0.0,0.0,0.0,0.0,1.0,0.0,1.0,0.0,0.0,1.0,0.0,0.0,0.0,0.0,0.0,0.0,0.0,0.0,0.0,0.0,0.0,0.0,0.0,0.0,0.0,0.0,0.0,0.0,0.0,0.0,0.0,0.0,0.0,0.0,4.0,0.0,7.0,0.0,0.0,5.0,0.0,0.0,0.0,0.0,0.0,0.0,0.0,0.0,0.0,0.0,0.0,0.0,0.0,0.0,0.0
454,1.0,454.0,London_423,newnew,151,453,1092.0,70.0,2.0,246432.0,1.0045197100262158,997.0,240.0,0.0,240.0,404.0,0.0,404.0,11.0,148.0,148.0,10.0,73.0,1.0,68.0,0.0,5.0,4.0,82.0,159.0,208.0,55.0,0.0,0.0,0.0,0.0,0.0,0.0,0.0,0.0,0.0,0.0,0.0,0.0,0.0,0.0,0.0,0.0,0.0,0.0,0.0,0.0,0.0,0.0,0.0,0.0,0.0,0.0,0.0,0.0,0.0,0.0,0.0,0.0,0.0,0.0,0.0,0.0,0.0,0.0,0.0,17.0,1.0,5.0,2.0,9.0,6.0,2.0,5.0,53.0,43.0,33.0,0.0,0.0,0.0,0.0,0.0,0.0,0.0,0.0,0.0,0.0,0.0,0.0,0.0,0.0,0.0,0.0,0.0,0.0,0.0,25.0,1.0,7.0,2.0,12.0,6.0,2.0,6.0,75.0,64.0,41.0
455,1.0,455.0,London_423,newnew,151,453,1092.0,70.0,2.0,175311.0,0.37303385202540085,840.0,133.0,2.0,131.0,232.0,18.0,214.0,404.0,73.0,155.0,27.0,112.0,6.0,70.0,3.0,7.0,6.0,75.0,143.0,229.0,67.0,0.0,0.0,0.0,0.0,0.0,0.0,0.0,0.0,0.0,0.0,0.0,0.0,0.0,0.0,0.0,0.0,0.0,0.0,0.0,0.0,0.0,0.0,0.0,0.0,0.0,0.0,0.0,0.0,1.0,0.0,0.0,1.0,2.0,0.0,2.0,0.0,0.0,0.0,3.0,5.0,3.0,2.0,1.0,13.0,12.0,4.0,12.0,29.0,25.0,23.0,0.0,0.0,0.0,0.0,0.0,0.0,0.0,0.0,2.0,0.0,0.0,1.0,14.0,0.0,7.0,0.0,0.0,0.0,3.0,8.0,3.0,2.0,1.0,16.0,15.0,5.0,17.0,38.0,36.0,28.0
456,1.0,456.0,London_423,newnew,151,453,1092.0,70.0,2.0,141789.0,0.3367582840146497,766.0,63.0,1.0,62.0,118.0,9.0,109.0,232.0,88.0,153.0,28.0,111.0,9.0,62.0,0.0,2.0,9.0,83.0,141.0,220.0,83.0,0.0,0.0,0.0,0.0,0.0,0.0,0.0,0.0,0.0,0.0,0.0,0.0,0.0,0.0,0.0,0.0,0.0,0.0,0.0,0.0,0.0,0.0,0.0,0.0,0.0,0.0,0.0,0.0,0.0,0.0,0.0,0.0,0.0,0.0,0.0,0.0,0.0,0.0,1.0,0.0,0.0,0.0,0.0,4.0,0.0,3.0,8.0,5.0,19.0,10.0,0.0,0.0,0.0,0.0,0.0,0.0,0.0,0.0,0.0,0.0,0.0,0.0,0.0,0.0,0.0,0.0,0.0,0.0,3.0,0.0,0.0,0.0,0.0,5.0,0.0,4.0,11.0,9.0,30.0,10.0
457,1.0,457.0,London_423,newnew,151,453,1092.0,70.0,2.0,142242.0,0.4532084050006233,767.0,107.0,0.0,107.0,180.0,0.0,180.0,118.0,93.0,155.0,26.0,108.0,9.0,61.0,0.0,1.0,11.0,92.0,135.0,215.0,94.0,0.0,0.0,0.0,0.0,0.0,0.0,0.0,0.0,0.0,0.0,0.0,0.0,0.0,0.0,0.0,0.0,0.0,0.0,0.0,0.0,0.0,0.0,0.0,0.0,0.0,0.0,0.0,0.0,0.0,0.0,0.0,0.0,0.0,0.0,0.0,0.0,0.0,0.0,3.0,7.0,0.0,0.0,0.0,5.0,11.0,6.0,8.0,24.0,19.0,33.0,0.0,0.0,0.0,0.0,0.0,0.0,0.0,0.0,0.0,0.0,0.0,0.0,0.0,0.0,0.0,0.0,0.0,0.0,4.0,9.0,0.0,0.0,0.0,7.0,13.0,6.0,10.0,34.0,23.0,44.0
458,1.0,458.0,London_423,newnew,151,453,1092.0,70.0,2.0,121857.0,0.3571338059846312,722.0,57.0,0.0,57.0,101.0,0.0,101.0,180.0,96.0,152.0,20.0,120.0,6.0,55.0,0.0,4.0,8.0,90.0,141.0,214.0,93.0,0.0,0.0,0.0,0.0,0.0,0.0,0.0,0.0,0.0,0.0,0.0,0.0,0.0,0.0,0.0,0.0,0.0,0.0,0.0,0.0,0.0,0.0,0.0,0.0,0.0,0.0,0.0,0.0,0.0,0.0,0.0,0.0,0.0,0.0,0.0,0.0,0.0,0.0,2.0,1.0,0.0,1.0,0.0,1.0,4.0,5.0,3.0,10.0,7.0,9.0,0.0,0.0,0.0,0.0,0.0,0.0,0.0,0.0,0.0,0.0,0.0,0.0,0.0,0.0,0.0,0.0,0.0,0.0,2.0,2.0,0.0,1.0,0.0,1.0,5.0,8.0,5.0,18.0,9.0,14.0
459,1.0,459.0,London_423,newnew,151,453,1092.0,70.0,2.0,129105.0,0.486997268977575,738.0,115.0,2.0,113.0,218.0,19.0,199.0,101.0,106.0,145.0,25.0,114.0,8.0,53.0,0.0,2.0,10.0,85.0,149.0,209.0,85.0,0.0,0.0,0.0,0.0,0.0,0.0,0.0,0.0,0.0,0.0,0.0,0.0,0.0,0.0,0.0,0.0,0.0,0.0,0.0,0.0,0.0,0.0,0.0,0.0,0.0,0.0,0.0,0.0,0.0,0.0,0.0,1.0,0.0,1.0,1.0,0.0,0.0,0.0,8.0,1.0,2.0,0.0,2.0,9.0,10.0,7.0,3.0,25.0,30.0,29.0,0.0,0.0,0.0,0.0,0.0,0.0,0.0,0.0,0.0,0.0,0.0,7.0,0.0,8.0,5.0,0.0,0.0,0.0,11.0,2.0,2.0,0.0,2.0,12.0,17.0,9.0,3.0,43.0,39.0,43.0
460,1.0,460.0,London_423,newnew,151,453,1092.0,70.0,2.0,105096.0,0.3970062019652687,685.0,28.0,0.0,28.0,50.0,0.0,50.0,218.0,111.0,147.0,12.0,112.0,8.0,57.0,0.0,6.0,10.0,70.0,157.0,216.0,77.0,0.0,0.0,0.0,0.0,0.0,0.0,0.0,0.0,0.0,0.0,0.0,0.0,0.0,0.0,0.0,0.0,0.0,0.0,0.0,0.0,0.0,0.0,0.0,0.0,0.0,0.0,0.0,0.0,0.0,0.0,0.0,0.0,0.0,0.0,0.0,0.0,0.0,0.0,0.0,0.0,0.0,0.0,0.0,4.0,1.0,2.0,1.0,6.0,7.0,2.0,0.0,0.0,0.0,0.0,0.0,0.0,0.0,0.0,0.0,0.0,0.0,0.0,0.0,0.0,0.0,0.0,0.0,0.0,0.0,0.0,0.0,0.0,0.0,6.0,3.0,4.0,1.0,8.0,10.0,2.0
461,1.0,461.0,London_423,newnew,151,453,1092.0,70.0,2.0,130464.0,0.4567660220200196,741.0,88.0,2.0,86.0,162.0,16.0,146.0,50.0,117.0,150.0,13.0,101.0,10.0,53.0,2.0,7.0,11.0,70.0,161.0,211.0,82.0,0.0,0.0,0.0,0.0,0.0,0.0,0.0,0.0,0.0,0.0,0.0,0.0,0.0,0.0,0.0,0.0,0.0,0.0,0.0,0.0,0.0,0.0,0.0,0.0,0.0,0.0,0.0,0.0,1.0,0.0,0.0,0.0,0.0,2.0,2.0,0.0,0.0,0.0,3.0,3.0,1.0,0.0,0.0,1.0,12.0,4.0,18.0,9.0,22.0,20.0,0.0,0.0,0.0,0.0,0.0,0.0,0.0,0.0,3.0,0.0,0.0,0.0,0.0,11.0,14.0,0.0,0.0,0.0,3.0,5.0,1.0,0.0,0.0,1.0,17.0,6.0,22.0,14.0,33.0,26.0
462,1.0,462.0,London_423,newnew,151,453,1092.0,70.0,2.0,133635.0,0.3927227129461244,748.0,13.0,1.0,12.0,35.0,9.0,26.0,162.0,132.0,151.0,17.0,93.0,5.0,43.0,3.0,9.0,10.0,67.0,144.0,232.0,72.0,0.0,0.0,0.0,0.0,0.0,0.0,0.0,0.0,0.0,0.0,0.0,0.0,0.0,0.0,0.0,0.0,0.0,0.0,0.0,0.0,0.0,0.0,0.0,0.0,0.0,0.0,0.0,0.0,1.0,0.0,0.0,0.0,0.0,0.0,0.0,0.0,0.0,0.0,0.0,0.0,0.0,0.0,0.0,1.0,0.0,0.0,3.0,3.0,1.0,3.0,0.0,0.0,0.0,0.0,0.0,0.0,0.0,0.0,4.0,0.0,0.0,0.0,0.0,0.0,0.0,0.0,0.0,0.0,0.0,0.0,0.0,0.0,0.0,1.0,0.0,0.0,6.0,4.0,2.0,5.0
463,1.0,463.0,London_423,newnew,151,453,1092.0,70.0,2.0,161721.0,0.5879247459815815,810.0,84.0,2.0,82.0,158.0,18.0,140.0,35.0,129.0,164.0,14.0,95.0,5.0,34.0,3.0,9.0,11.0,64.0,147.0,231.0,68.0,0.0,0.0,0.0,0.0,0.0,0.0,0.0,0.0,0.0,0.0,0.0,0.0,0.0,0.0,0.0,0.0,0.0,0.0,0.0,0.0,0.0,0.0,0.0,0.0,0.0,0.0,0.0,0.0,2.0,0.0,0.0,1.0,1.0,0.0,0.0,0.0,0.0,0.0,0.0,2.0,0.0,3.0,0.0,10.0,5.0,5.0,10.0,17.0,20.0,17.0,0.0,0.0,0.0,0.0,0.0,0.0,0.0,0.0,5.0,0.0,0.0,1.0,8.0,0.0,0.0,0.0,0.0,0.0,0.0,3.0,0.0,3.0,0.0,12.0,7.0,6.0,15.0,28.0,30.0,25.0
464,1.0,464.0,London_423,newnew,151,453,1092.0,70.0,2.0,160362.0,0.5721007490064949,807.0,64.0,2.0,62.0,136.0,17.0,119.0,158.0,137.0,150.0,14.0,101.0,8.0,36.0,0.0,7.0,8.0,65.0,158.0,222.0,52.0,0.0,0.0,0.0,0.0,0.0,0.0,0.0,0.0,0.0,0.0,0.0,0.0,0.0,0.0,0.0,0.0,0.0,0.0,0.0,0.0,0.0,0.0,0.0,0.0,0.0,0.0,0.0,0.0,0.0,0.0,0.0,1.0,0.0,0.0,2.0,0.0,0.0,0.0,4.0,2.0,0.0,2.0,1.0,11.0,5.0,5.0,9.0,6.0,20.0,7.0,0.0,0.0,0.0,0.0,0.0,0.0,0.0,0.0,0.0,0.0,0.0,4.0,0.0,0.0,7.0,0.0,0.0,0.0,4.0,2.0,0.0,7.0,3.0,15.0,9.0,10.0,12.0,10.0,31.0,9.0
465,1.0,465.0,London_423,newnew,151,453,1092.0,70.0,2.0,168063.0,0.4462013189913705,824.0,47.0,0.0,47.0,83.0,0.0,83.0,136.0,143.0,154.0,10.0,103.0,2.0,28.0,1.0,12.0,4.0,81.0,157.0,211.0,53.0,0.0,0.0,0.0,0.0,0.0,0.0,0.0,0.0,0.0,0.0,0.0,0.0,0.0,0.0,0.0,0.0,0.0,0.0,0.0,0.0,0.0,0.0,0.0,0.0,0.0,0.0,0.0,0.0,0.0,0.0,0.0,0.0,0.0,0.0,0.0,0.0,0.0,0.0,2.0,2.0,0.0,0.0,2.0,3.0,8.0,0.0,6.0,5.0,8.0,10.0,0.0,0.0,0.0,0.0,0.0,0.0,0.0,0.0,0.0,0.0,0.0,0.0,0.0,0.0,0.0,0.0,0.0,0.0,2.0,3.0,0.0,0.0,2.0,4.0,11.0,0.0,10.0,8.0,10.0,11.0
466,1.0,466.0,London_423,newnew,151,453,1092.0,70.0,2.0,198867.0,0.961779041972477,892.0,154.0,2.0,152.0,284.0,19.0,265.0,83.0,148.0,154.0,7.0,108.0,2.0,21.0,1.0,12.0,7.0,77.0,165.0,204.0,50.0,0.0,0.0,0.0,0.0,0.0,0.0,0.0,0.0,0.0,0.0,0.0,0.0,0.0,0.0,0.0,0.0,0.0,0.0,0.0,0.0,0.0,0.0,0.0,0.0,0.0,0.0,0.0,0.0,2.0,0.0,0.0,2.0,1.0,0.0,1.0,0.0,0.0,0.0,5.0,4.0,2.0,4.0,8.0,16.0,8.0,2.0,6.0,31.0,33.0,17.0,0.0,0.0,0.0,0.0,0.0,0.0,0.0,0.0,3.0,0.0,0.0,7.0,6.0,0.0,4.0,0.0,0.0,0.0,9.0,7.0,2.0,6.0,9.0,25.0,13.0,3.0,9.0,48.0,49.0,21.0
467,1.0,467.0,London_423,newnew,151,453,1092.0,70.0,2.0,177123.0,0.7462226839852519,844.0,146.0,0.0,146.0,255.0,0.0,255.0,284.0,179.0,148.0,9.0,76.0,11.0,22.0,3.0,5.0,4.0,80.0,148.0,221.0,47.0,0.0,0.0,0.0,0.0,0.0,0.0,0.0,0.0,0.0,0.0,0.0,0.0,0.0,0.0,0.0,0.0,0.0,0.0,0.0,0.0,0.0,0.0,0.0,0.0,0.0,0.0,0.0,0.0,0.0,0.0,0.0,0.0,0.0,0.0,0.0,0.0,0.0,0.0,2.0,6.0,3.0,1.0,2.0,5.0,9.0,4.0,19.0,24.0,38.0,19.0,0.0,0.0,0.0,0.0,0.0,0.0,0.0,0.0,0.0,0.0,0.0,0.0,0.0,0.0,0.0,0.0,0.0,0.0,3.0,6.0,3.0,1.0,2.0,6.0,11.0,4.0,25.0,30.0,55.0,24.0
468,1.0,468.0,London_423,newnew,151,453,1092.0,70.0,2.0,159003.0,0.5272453099605627,804.0,68.0,0.0,68.0,112.0,0.0,112.0,255.0,193.0,114.0,20.0,79.0,17.0,22.0,1.0,7.0,6.0,82.0,146.0,219.0,46.0,0.0,0.0,0.0,0.0,0.0,0.0,0.0,0.0,0.0,0.0,0.0,0.0,0.0,0.0,0.0,0.0,0.0,0.0,0.0,0.0,0.0,0.0,0.0,0.0,0.0,0.0,0.0,0.0,0.0,0.0,0.0,0.0,0.0,0.0,0.0,0.0,0.0,0.0,1.0,2.0,2.0,0.0,0.0,9.0,3.0,5.0,8.0,10.0,16.0,15.0,0.0,0.0,0.0,0.0,0.0,0.0,0.0,0.0,0.0,0.0,0.0,0.0,0.0,0.0,0.0,0.0,0.0,0.0,1.0,2.0,2.0,0.0,0.0,13.0,3.0,7.0,12.0,12.0,23.0,18.0
469,1.0,469.0,London_423,newnew,151,453,1092.0,70.0,2.0,160815.0,0.5411049620015547,808.0,30.0,2.0,28.0,71.0,18.0,53.0,112.0,204.0,109.0,26.0,70.0,16.0,25.0,2.0,1.0,6.0,89.0,150.0,208.0,50.0,0.0,0.0,0.0,0.0,0.0,0.0,0.0,0.0,0.0,0.0,0.0,0.0,0.0,0.0,0.0,0.0,0.0,0.0,0.0,0.0,0.0,0.0,0.0,0.0,0.0,0.0,0.0,0.0,1.0,0.0,0.0,1.0,0.0,1.0,2.0,0.0,0.0,0.0,1.0,0.0,0.0,0.0,0.0,1.0,3.0,5.0,3.0,8.0,1.0,13.0,0.0,0.0,0.0,0.0,0.0,0.0,0.0,0.0,4.0,0.0,0.0,5.0,0.0,6.0,7.0,0.0,0.0,0.0,1.0,0.0,0.0,0.0,0.0,1.0,4.0,9.0,5.0,13.0,1.0,22.0
470,1.0,470.0,London_423,newnew,151,453,1092.0,70.0,2.0,181653.0,0.8075239069876261,854.0,115.0,0.0,115.0,221.0,0.0,221.0,71.0,207.0,109.0,33.0,72.0,16.0,11.0,0.0,5.0,8.0,84.0,143.0,218.0,45.0,0.0,0.0,0.0,0.0,0.0,0.0,0.0,0.0,0.0,0.0,0.0,0.0,0.0,0.0,0.0,0.0,0.0,0.0,0.0,0.0,0.0,0.0,0.0,0.0,0.0,0.0,0.0,0.0,0.0,0.0,0.0,0.0,0.0,0.0,0.0,0.0,0.0,0.0,2.0,3.0,2.0,1.0,0.0,13.0,7.0,15.0,16.0,24.0,25.0,19.0,0.0,0.0,0.0,0.0,0.0,0.0,0.0,0.0,0.0,0.0,0.0,0.0,0.0,0.0,0.0,0.0,0.0,0.0,2.0,5.0,2.0,2.0,0.0,18.0,9.0,23.0,25.0,38.0,48.0,26.0
471,1.0,471.0,London_423,newnew,151,453,1092.0,70.0,2.0,160815.0,0.7574577119667083,808.0,149.0,1.0,148.0,273.0,9.0,264.0,221.0,213.0,119.0,27.0,62.0,6.0,22.0,1.0,3.0,9.0,92.0,148.0,204.0,44.0,0.0,0.0,0.0,0.0,0.0,0.0,0.0,0.0,0.0,0.0,0.0,0.0,0.0,0.0,0.0,0.0,0.0,0.0,0.0,0.0,0.0,0.0,0.0,0.0,0.0,0.0,0.0,0.0,0.0,0.0,0.0,0.0,0.0,1.0,1.0,0.0,0.0,0.0,6.0,4.0,0.0,4.0,3.0,11.0,8.0,2.0,21.0,28.0,39.0,20.0,0.0,0.0,0.0,0.0,0.0,0.0,0.0,0.0,0.0,0.0,0.0,0.0,0.0,5.0,4.0,0.0,0.0,0.0,7.0,6.0,0.0,5.0,3.0,18.0,8.0,3.0,26.0,43.0,65.0,26.0
472,1.0,472.0,London_423,newnew,151,453,1092.0,70.0,2.0,126387.0,0.47622041701106355,732.0,69.0,0.0,69.0,112.0,0.0,112.0,273.0,219.0,92.0,20.0,81.0,4.0,31.0,1.0,5.0,5.0,87.0,151.0,210.0,36.0,0.0,0.0,0.0,0.0,0.0,0.0,0.0,0.0,0.0,0.0,0.0,0.0,0.0,0.0,0.0,0.0,0.0,0.0,0.0,0.0,0.0,0.0,0.0,0.0,0.0,0.0,0.0,0.0,0.0,0.0,0.0,0.0,0.0,0.0,0.0,0.0,0.0,0.0,3.0,1.0,0.0,3.0,0.0,3.0,6.0,6.0,12.0,16.0,14.0,17.0,0.0,0.0,0.0,0.0,0.0,0.0,0.0,0.0,0.0,0.0,0.0,0.0,0.0,0.0,0.0,0.0,0.0,0.0,3.0,1.0,0.0,4.0,0.0,3.0,10.0,8.0,16.0,25.0,17.0,21.0
473,1.0,473.0,London_423,newnew,151,453,1092.0,70.0,2.0,133182.0,0.6988104999763891,747.0,146.0,2.0,144.0,266.0,17.0,249.0,112.0,234.0,89.0,10.0,77.0,5.0,33.0,1.0,4.0,8.0,80.0,158.0,207.0,45.0,0.0,0.0,0.0,0.0,0.0,0.0,0.0,0.0,0.0,0.0,0.0,0.0,0.0,0.0,0.0,0.0,0.0,0.0,0.0,0.0,0.0,0.0,0.0,0.0,0.0,0.0,0.0,0.0,0.0,0.0,0.0,0.0,1.0,0.0,0.0,0.0,0.0,0.0,2.0,3.0,0.0,3.0,5.0,9.0,10.0,1.0,21.0,32.0,34.0,28.0,0.0,0.0,0.0,0.0,0.0,0.0,0.0,0.0,0.0,0.0,0.0,0.0,7.0,0.0,0.0,0.0,0.0,0.0,2.0,8.0,0.0,6.0,5.0,11.0,16.0,1.0,28.0,43.0,51.0,32.0
474,1.0,474.0,London_423,newnew,151,453,1092.0,70.0,2.0,110985.0,0.3832245880039409,698.0,56.0,0.0,56.0,100.0,0.0,100.0,266.0,210.0,103.0,22.0,78.0,3.0,26.0,2.0,9.0,3.0,77.0,141.0,232.0,37.0,0.0,0.0,0.0,0.0,0.0,0.0,0.0,0.0,0.0,0.0,0.0,0.0,0.0,0.0,0.0,0.0,0.0,0.0,0.0,0.0,0.0,0.0,0.0,0.0,0.0,0.0,0.0,0.0,0.0,0.0,0.0,0.0,0.0,0.0,0.0,0.0,0.0,0.0,6.0,3.0,1.0,0.0,0.0,10.0,6.0,4.0,5.0,13.0,12.0,15.0,0.0,0.0,0.0,0.0,0.0,0.0,0.0,0.0,0.0,0.0,0.0,0.0,0.0,0.0,0.0,0.0,0.0,0.0,8.0,5.0,1.0,0.0,0.0,14.0,12.0,4.0,9.0,23.0,16.0,21.0
475,1.0,475.0,London_423,newnew,151,453,1092.0,70.0,2.0,121404.0,0.38488618802512065,721.0,1.0,1.0,0.0,12.0,12.0,0.0,100.0,207.0,111.0,25.0,79.0,5.0,20.0,0.0,6.0,4.0,86.0,134.0,229.0,37.0,0.0,0.0,0.0,0.0,0.0,0.0,0.0,0.0,0.0,0.0,0.0,0.0,0.0,0.0,0.0,0.0,0.0,0.0,0.0,0.0,0.0,0.0,0.0,0.0,0.0,0.0,0.0,0.0,1.0,0.0,0.0,1.0,0.0,0.0,0.0,0.0,0.0,0.0,0.0,0.0,0.0,0.0,0.0,0.0,0.0,0.0,0.0,0.0,0.0,0.0,0.0,0.0,0.0,0.0,0.0,0.0,0.0,0.0,3.0,0.0,0.0,4.0,0.0,0.0,0.0,0.0,0.0,0.0,0.0,0.0,0.0,0.0,0.0,0.0,0.0,0.0,0.0,0.0,0.0,0.0
476,1.0,476.0,London_423,newnew,151,453,1092.0,70.0,2.0,160362.0,0.48936973500531167,807.0,21.0,2.0,19.0,48.0,16.0,32.0,12.0,203.0,115.0,25.0,82.0,1.0,21.0,0.0,6.0,3.0,86.0,132.0,232.0,37.0,0.0,0.0,0.0,0.0,0.0,0.0,0.0,0.0,0.0,0.0,0.0,0.0,0.0,0.0,0.0,0.0,0.0,0.0,0.0,0.0,0.0,0.0,0.0,0.0,0.0,0.0,0.0,0.0,2.0,0.0,0.0,1.0,1.0,0.0,2.0,0.0,0.0,0.0,2.0,0.0,0.0,0.0,0.0,1.0,1.0,0.0,5.0,3.0,1.0,3.0,0.0,0.0,0.0,0.0,0.0,0.0,0.0,0.0,3.0,0.0,0.0,6.0,5.0,0.0,4.0,0.0,0.0,0.0,2.0,0.0,0.0,0.0,0.0,1.0,1.0,0.0,8.0,5.0,2.0,5.0
477,1.0,477.0,London_423,newnew,151,453,1092.0,70.0,2.0,192072.0,0.7324372679577209,877.0,108.0,2.0,106.0,192.0,18.0,174.0,48.0,204.0,116.0,23.0,83.0,1.0,19.0,0.0,7.0,2.0,88.0,120.0,243.0,36.0,0.0,0.0,0.0,0.0,0.0,0.0,0.0,0.0,0.0,0.0,0.0,0.0,0.0,0.0,0.0,0.0,0.0,0.0,0.0,0.0,0.0,0.0,0.0,0.0,0.0,0.0,0.0,0.0,0.0,0.0,0.0,1.0,0.0,1.0,1.0,0.0,0.0,0.0,10.0,7.0,0.0,3.0,2.0,10.0,12.0,4.0,14.0,17.0,20.0,21.0,0.0,0.0,0.0,0.0,0.0,0.0,0.0,0.0,0.0,0.0,0.0,8.0,0.0,8.0,6.0,0.0,0.0,0.0,11.0,8.0,0.0,6.0,2.0,18.0,15.0,5.0,19.0,26.0,31.0,28.0
478,1.0,478.0,London_423,newnew,151,453,1092.0,70.0,2.0,182559.0,0.8302570730447769,856.0,106.0,1.0,105.0,192.0,9.0,183.0,192.0,208.0,113.0,18.0,65.0,8.0,36.0,0.0,5.0,6.0,76.0,125.0,246.0,33.0,0.0,0.0,0.0,0.0,0.0,0.0,0.0,0.0,0.0,0.0,0.0,0.0,0.0,0.0,0.0,0.0,0.0,0.0,0.0,0.0,0.0,0.0,0.0,0.0,0.0,0.0,0.0,0.0,0.0,0.0,0.0,1.0,0.0,0.0,0.0,0.0,0.0,0.0,4.0,3.0,1.0,1.0,0.0,11.0,9.0,13.0,7.0,22.0,15.0,36.0,0.0,0.0,0.0,0.0,0.0,0.0,0.0,0.0,0.0,0.0,0.0,5.0,0.0,0.0,0.0,0.0,0.0,0.0,5.0,3.0,1.0,1.0,0.0,15.0,13.0,18.0,10.0,33.0,21.0,47.0
479,1.0,479.0,London_423,newnew,151,453,1092.0,70.0,2.0,169875.0,0.678817945998162,828.0,120.0,0.0,120.0,201.0,0.0,201.0,192.0,216.0,103.0,16.0,69.0,7.0,39.0,1.0,2.0,4.0,66.0,137.0,246.0,45.0,0.0,0.0,0.0,0.0,0.0,0.0,0.0,0.0,0.0,0.0,0.0,0.0,0.0,0.0,0.0,0.0,0.0,0.0,0.0,0.0,0.0,0.0,0.0,0.0,0.0,0.0,0.0,0.0,0.0,0.0,0.0,0.0,0.0,0.0,0.0,0.0,0.0,0.0,0.0,11.0,3.0,0.0,1.0,13.0,11.0,4.0,9.0,19.0,35.0,23.0,0.0,0.0,0.0,0.0,0.0,0.0,0.0,0.0,0.0,0.0,0.0,0.0,0.0,0.0,0.0,0.0,0.0,0.0,0.0,15.0,4.0,0.0,1.0,18.0,15.0,4.0,11.0,26.0,47.0,26.0
480,1.0,480.0,London_423,newnew,151,453,1092.0,70.0,2.0,144507.0,0.6048518269672059,772.0,163.0,0.0,163.0,271.0,0.0,271.0,201.0,226.0,92.0,24.0,52.0,11.0,43.0,0.0,5.0,6.0,82.0,128.0,237.0,27.0,0.0,0.0,0.0,0.0,0.0,0.0,0.0,0.0,0.0,0.0,0.0,0.0,0.0,0.0,0.0,0.0,0.0,0.0,0.0,0.0,0.0,0.0,0.0,0.0,0.0,0.0,0.0,0.0,0.0,0.0,0.0,0.0,0.0,0.0,0.0,0.0,0.0,0.0,1.0,14.0,1.0,1.0,0.0,7.0,17.0,2.0,12.0,29.0,31.0,17.0,0.0,0.0,0.0,0.0,0.0,0.0,0.0,0.0,0.0,0.0,0.0,0.0,0.0,0.0,0.0,0.0,0.0,0.0,1.0,18.0,1.0,3.0,0.0,10.0,25.0,2.0,18.0,40.0,45.0,21.0
481,1.0,481.0,London_423,newnew,151,453,1092.0,70.0,2.0,95583.0,0.2866221980075352,664.0,10.0,2.0,8.0,32.0,19.0,13.0,271.0,202.0,96.0,22.0,72.0,17.0,39.0,0.0,5.0,5.0,70.0,145.0,233.0,41.0,0.0,0.0,0.0,0.0,0.0,0.0,0.0,0.0,0.0,0.0,0.0,0.0,0.0,0.0,0.0,0.0,0.0,0.0,0.0,0.0,0.0,0.0,0.0,0.0,0.0,0.0,0.0,0.0,0.0,0.0,0.0,1.0,1.0,0.0,2.0,0.0,0.0,0.0,0.0,1.0,1.0,0.0,0.0,1.0,1.0,1.0,1.0,0.0,2.0,0.0,0.0,0.0,0.0,0.0,0.0,0.0,0.0,0.0,0.0,0.0,0.0,8.0,9.0,0.0,8.0,0.0,0.0,0.0,0.0,2.0,1.0,0.0,0.0,1.0,2.0,2.0,2.0,0.0,3.0,0.0
482,1.0,482.0,London_423,newnew,151,453,1092.0,70.0,2.0,135447.0,0.49970068503171206,752.0,75.0,0.0,75.0,125.0,0.0,125.0,32.0,197.0,95.0,24.0,71.0,17.0,46.0,0.0,3.0,4.0,79.0,130.0,240.0,41.0,0.0,0.0,0.0,0.0,0.0,0.0,0.0,0.0,0.0,0.0,0.0,0.0,0.0,0.0,0.0,0.0,0.0,0.0,0.0,0.0,0.0,0.0,0.0,0.0,0.0,0.0,0.0,0.0,0.0,0.0,0.0,0.0,0.0,0.0,0.0,0.0,0.0,0.0,4.0,4.0,2.0,3.0,0.0,4.0,8.0,2.0,8.0,16.0,14.0,16.0,0.0,0.0,0.0,0.0,0.0,0.0,0.0,0.0,0.0,0.0,0.0,0.0,0.0,0.0,0.0,0.0,0.0,0.0,5.0,6.0,2.0,3.0,0.0,6.0,11.0,3.0,11.0,20.0,17.0,18.0
483,1.0,483.0,London_423,newnew,151,453,1092.0,70.0,2.0,140883.0,0.6153241299907677,764.0,90.0,1.0,89.0,161.0,8.0,153.0,125.0,196.0,115.0,25.0,48.0,17.0,46.0,1.0,5.0,8.0,83.0,149.0,213.0,57.0,0.0,0.0,0.0,0.0,0.0,0.0,0.0,0.0,0.0,0.0,0.0,0.0,0.0,0.0,0.0,0.0,0.0,0.0,0.0,0.0,0.0,0.0,0.0,0.0,0.0,0.0,0.0,0.0,1.0,0.0,0.0,0.0,0.0,0.0,1.0,0.0,0.0,0.0,2.0,5.0,3.0,0.0,12.0,1.0,4.0,1.0,9.0,25.0,16.0,23.0,0.0,0.0,0.0,0.0,0.0,0.0,0.0,0.0,1.0,0.0,0.0,0.0,0.0,0.0,4.0,0.0,0.0,0.0,2.0,10.0,3.0,0.0,12.0,1.0,7.0,1.0,13.0,36.0,22.0,32.0
484,1.0,484.0,London_423,newnew,151,453,1092.0,70.0,2.0,139524.0,0.4307735119946301,761.0,12.0,2.0,10.0,35.0,18.0,17.0,161.0,204.0,118.0,14.0,49.0,12.0,49.0,0.0,7.0,9.0,83.0,138.0,223.0,60.0,0.0,0.0,0.0,0.0,0.0,0.0,0.0,0.0,0.0,0.0,0.0,0.0,0.0,0.0,0.0,0.0,0.0,0.0,0.0,0.0,0.0,0.0,0.0,0.0,0.0,0.0,0.0,0.0,0.0,0.0,0.0,1.0,0.0,0.0,1.0,0.0,0.0,0.0,0.0,0.0,0.0,0.0,0.0,0.0,1.0,0.0,5.0,3.0,2.0,3.0,0.0,0.0,0.0,0.0,0.0,0.0,0.0,0.0,0.0,0.0,0.0,4.0,0.0,0.0,3.0,0.0,0.0,0.0,0.0,0.0,0.0,0.0,0.0,0.0,2.0,0.0,8.0,5.0,2.0,4.0
485,1.0,485.0,London_423,newnew,151,453,1092.0,70.0,2.0,174405.0,0.6328234780230559,838.0,40.0,1.0,39.0,84.0,9.0,75.0,35.0,208.0,124.0,12.0,51.0,12.0,40.0,0.0,6.0,5.0,86.0,131.0,231.0,56.0,0.0,0.0,0.0,0.0,0.0,0.0,0.0,0.0,0.0,0.0,0.0,0.0,0.0,0.0,0.0,0.0,0.0,0.0,0.0,0.0,0.0,0.0,0.0,0.0,0.0,0.0,0.0,0.0,0.0,0.0,0.0,0.0,0.0,0.0,0.0,0.0,0.0,0.0,3.0,2.0,1.0,0.0,3.0,7.0,4.0,3.0,4.0,11.0,9.0,9.0,0.0,0.0,0.0,0.0,0.0,0.0,0.0,0.0,0.0,0.0,0.0,0.0,0.0,0.0,0.0,0.0,0.0,0.0,3.0,2.0,2.0,0.0,4.0,9.0,6.0,5.0,6.0,19.0,13.0,14.0
486,1.0,486.0,London_423,newnew,151,453,1092.0,70.0,2.0,195696.0,0.9448591340333223,885.0,148.0,0.0,148.0,261.0,0.0,261.0,84.0,209.0,128.0,7.0,40.0,12.0,52.0,0.0,5.0,3.0,82.0,122.0,246.0,57.0,0.0,0.0,0.0,0.0,0.0,0.0,0.0,0.0,0.0,0.0,0.0,0.0,0.0,0.0,0.0,0.0,0.0,0.0,0.0,0.0,0.0,0.0,0.0,0.0,0.0,0.0,0.0,0.0,0.0,0.0,0.0,0.0,0.0,0.0,0.0,0.0,0.0,0.0,2.0,18.0,3.0,0.0,0.0,19.0,6.0,3.0,14.0,29.0,36.0,22.0,0.0,0.0,0.0,0.0,0.0,0.0,0.0,0.0,0.0,0.0,0.0,0.0,0.0,0.0,0.0,0.0,0.0,0.0,2.0,22.0,3.0,0.0,0.0,27.0,6.0,4.0,18.0,47.0,52.0,29.0
487,1.0,487.0,London_423,newnew,151,453,1092.0,70.0,2.0,159909.0,0.5688601319561712,806.0,143.0,0.0,143.0,245.0,0.0,245.0,261.0,190.0,108.0,20.0,66.0,15.0,50.0,0.0,4.0,0.0,76.0,135.0,242.0,40.0,0.0,0.0,0.0,0.0,0.0,0.0,0.0,0.0,0.0,0.0,0.0,0.0,0.0,0.0,0.0,0.0,0.0,0.0,0.0,0.0,0.0,0.0,0.0,0.0,0.0,0.0,0.0,0.0,0.0,0.0,0.0,0.0,0.0,0.0,0.0,0.0,0.0,0.0,3.0,8.0,1.0,3.0,4.0,15.0,13.0,2.0,12.0,29.0,33.0,24.0,0.0,0.0,0.0,0.0,0.0,0.0,0.0,0.0,0.0,0.0,0.0,0.0,0.0,0.0,0.0,0.0,0.0,0.0,3.0,10.0,1.0,5.0,4.0,19.0,17.0,2.0,16.0,42.0,45.0,30.0
488,1.0,488.0,London_423,newnew,151,453,1092.0,70.0,2.0,133635.0,0.5530243659741245,748.0,118.0,2.0,116.0,237.0,19.0,218.0,245.0,190.0,83.0,18.0,74.0,14.0,65.0,1.0,8.0,9.0,81.0,143.0,220.0,51.0,0.0,0.0,0.0,0.0,0.0,0.0,0.0,0.0,0.0,0.0,0.0,0.0,0.0,0.0,0.0,0.0,0.0,0.0,0.0,0.0,0.0,0.0,0.0,0.0,0.0,0.0,0.0,0.0,1.0,0.0,0.0,0.0,0.0,0.0,2.0,0.0,0.0,0.0,4.0,7.0,2.0,0.0,2.0,16.0,9.0,9.0,5.0,23.0,32.0,12.0,0.0,0.0,0.0,0.0,0.0,0.0,0.0,0.0,2.0,0.0,0.0,0.0,0.0,0.0,6.0,0.0,0.0,0.0,6.0,10.0,2.0,0.0,2.0,26.0,13.0,12.0,6.0,32.0,43.0,16.0
489,1.0,489.0,London_423,newnew,151,453,1092.0,70.0,2.0,109626.0,0.3429277280229144,695.0,19.0,1.0,18.0,40.0,9.0,31.0,237.0,190.0,97.0,16.0,64.0,14.0,65.0,1.0,6.0,0.0,82.0,150.0,221.0,43.0,0.0,0.0,0.0,0.0,0.0,0.0,0.0,0.0,0.0,0.0,0.0,0.0,0.0,0.0,0.0,0.0,0.0,0.0,0.0,0.0,0.0,0.0,0.0,0.0,0.0,0.0,0.0,0.0,1.0,0.0,0.0,0.0,0.0,0.0,1.0,0.0,0.0,0.0,0.0,0.0,0.0,0.0,0.0,0.0,0.0,2.0,4.0,3.0,6.0,7.0,0.0,0.0,0.0,0.0,0.0,0.0,0.0,0.0,2.0,0.0,0.0,0.0,0.0,0.0,2.0,0.0,0.0,0.0,0.0,0.0,0.0,0.0,0.0,0.0,0.0,4.0,4.0,4.0,9.0,8.0
490,1.0,490.0,London_423,newnew,151,453,1092.0,70.0,2.0,135900.0,0.4818509389879182,753.0,65.0,2.0,63.0,128.0,19.0,109.0,40.0,190.0,100.0,13.0,63.0,13.0,68.0,0.0,6.0,1.0,84.0,142.0,226.0,47.0,0.0,0.0,0.0,0.0,0.0,0.0,0.0,0.0,0.0,0.0,0.0,0.0,0.0,0.0,0.0,0.0,0.0,0.0,0.0,0.0,0.0,0.0,0.0,0.0,0.0,0.0,0.0,0.0,0.0,0.0,0.0,1.0,0.0,0.0,0.0,0.0,0.0,0.0,1.0,1.0,1.0,2.0,2.0,12.0,10.0,2.0,7.0,8.0,19.0,16.0,0.0,0.0,0.0,0.0,0.0,0.0,0.0,0.0,0.0,0.0,0.0,1.0,0.0,0.0,0.0,0.0,0.0,0.0,2.0,1.0,1.0,5.0,2.0,18.0,14.0,3.0,8.0,11.0,27.0,22.0
491,1.0,491.0,London_423,newnew,151,453,1092.0,70.0,2.0,142695.0,0.4771129349828698,768.0,42.0,2.0,40.0,94.0,16.0,78.0,128.0,203.0,105.0,11.0,51.0,16.0,61.0,0.0,6.0,4.0,83.0,150.0,216.0,48.0,0.0,0.0,0.0,0.0,0.0,0.0,0.0,0.0,0.0,0.0,0.0,0.0,0.0,0.0,0.0,0.0,0.0,0.0,0.0,0.0,0.0,0.0,0.0,0.0,0.0,0.0,0.0,0.0,1.0,0.0,0.0,1.0,0.0,1.0,2.0,0.0,0.0,0.0,2.0,1.0,0.0,1.0,0.0,4.0,1.0,1.0,3.0,4.0,15.0,14.0,0.0,0.0,0.0,0.0,0.0,0.0,0.0,0.0,4.0,0.0,0.0,3.0,0.0,7.0,2.0,0.0,0.0,0.0,2.0,2.0,0.0,2.0,0.0,8.0,1.0,2.0,6.0,8.0,26.0,20.0
492,1.0,492.0,London_423,newnew,151,453,1092.0,70.0,2.0,168516.0,0.7927963800029829,825.0,104.0,2.0,102.0,190.0,18.0,172.0,94.0,209.0,104.0,9.0,49.0,16.0,57.0,0.0,9.0,1.0,82.0,149.0,221.0,46.0,0.0,0.0,0.0,0.0,0.0,0.0,0.0,0.0,0.0,0.0,0.0,0.0,0.0,0.0,0.0,0.0,0.0,0.0,0.0,0.0,0.0,0.0,0.0,0.0,0.0,0.0,0.0,0.0,0.0,0.0,0.0,0.0,1.0,0.0,2.0,0.0,0.0,0.0,0.0,0.0,0.0,2.0,16.0,15.0,5.0,7.0,7.0,22.0,27.0,17.0,0.0,0.0,0.0,0.0,0.0,0.0,0.0,0.0,0.0,0.0,0.0,0.0,8.0,0.0,7.0,0.0,0.0,0.0,0.0,0.0,0.0,4.0,18.0,19.0,8.0,8.0,8.0,37.0,45.0,22.0
493,1.0,493.0,London_423,newnew,151,453,1092.0,70.0,2.0,153567.0,0.520035416004248,792.0,66.0,0.0,66.0,121.0,0.0,121.0,190.0,207.0,100.0,8.0,57.0,8.0,65.0,1.0,7.0,4.0,96.0,135.0,218.0,49.0,0.0,0.0,0.0,0.0,0.0,0.0,0.0,0.0,0.0,0.0,0.0,0.0,0.0,0.0,0.0,0.0,0.0,0.0,0.0,0.0,0.0,0.0,0.0,0.0,0.0,0.0,0.0,0.0,0.0,0.0,0.0,0.0,0.0,0.0,0.0,0.0,0.0,0.0,4.0,1.0,0.0,2.0,0.0,13.0,2.0,6.0,9.0,13.0,16.0,12.0,0.0,0.0,0.0,0.0,0.0,0.0,0.0,0.0,0.0,0.0,0.0,0.0,0.0,0.0,0.0,0.0,0.0,0.0,5.0,1.0,0.0,4.0,0.0,15.0,2.0,10.0,12.0,20.0,26.0,12.0
494,1.0,494.0,London_423,newnew,151,453,1092.0,70.0,2.0,170328.0,0.7950230469577946,829.0,164.0,0.0,164.0,269.0,0.0,269.0,121.0,211.0,96.0,13.0,47.0,9.0,64.0,2.0,11.0,6.0,97.0,131.0,219.0,44.0,0.0,0.0,0.0,0.0,0.0,0.0,0.0,0.0,0.0,0.0,0.0,0.0,0.0,0.0,0.0,0.0,0.0,0.0,0.0,0.0,0.0,0.0,0.0,0.0,0.0,0.0,0.0,0.0,0.0,0.0,0.0,0.0,0.0,0.0,0.0,0.0,0.0,0.0,4.0,19.0,2.0,0.0,11.0,4.0,9.0,16.0,14.0,28.0,34.0,14.0,0.0,0.0,0.0,0.0,0.0,0.0,0.0,0.0,0.0,0.0,0.0,0.0,0.0,0.0,0.0,0.0,0.0,0.0,6.0,29.0,2.0,0.0,13.0,6.0,12.0,21.0,19.0,42.0,43.0,17.0
495,1.0,495.0,London_423,newnew,151,453,1092.0,70.0,2.0,127746.0,0.327541165985167,735.0,1.0,1.0,0.0,10.0,10.0,0.0,269.0,165.0,113.0,16.0,69.0,9.0,66.0,2.0,13.0,4.0,84.0,147.0,218.0,38.0,0.0,0.0,0.0,0.0,0.0,0.0,0.0,0.0,0.0,0.0,0.0,0.0,0.0,0.0,0.0,0.0,0.0,0.0,0.0,0.0,0.0,0.0,0.0,0.0,0.0,0.0,0.0,0.0,0.0,1.0,0.0,1.0,0.0,0.0,1.0,0.0,0.0,0.0,0.0,0.0,0.0,0.0,0.0,0.0,0.0,0.0,0.0,0.0,0.0,0.0,0.0,0.0,0.0,0.0,0.0,0.0,0.0,0.0,0.0,4.0,0.0,7.0,0.0,0.0,5.0,0.0,0.0,0.0,0.0,0.0,0.0,0.0,0.0,0.0,0.0,0.0,0.0,0.0,0.0,0.0
496,1.0,496.0,London_423,newnew,151,453,1092.0,70.0,2.0,173952.0,0.6350140660069883,837.0,137.0,0.0,137.0,251.0,0.0,251.0,10.0,167.0,114.0,16.0,75.0,9.0,57.0,2.0,13.0,4.0,79.0,151.0,219.0,31.0,0.0,0.0,0.0,0.0,0.0,0.0,0.0,0.0,0.0,0.0,0.0,0.0,0.0,0.0,0.0,0.0,0.0,0.0,0.0,0.0,0.0,0.0,0.0,0.0,0.0,0.0,0.0,0.0,0.0,0.0,0.0,0.0,0.0,0.0,0.0,0.0,0.0,0.0,3.0,10.0,4.0,5.0,0.0,6.0,14.0,22.0,9.0,26.0,38.0,19.0,0.0,0.0,0.0,0.0,0.0,0.0,0.0,0.0,0.0,0.0,0.0,0.0,0.0,0.0,0.0,0.0,0.0,0.0,3.0,14.0,5.0,7.0,0.0,10.0,20.0,31.0,16.0,38.0,58.0,32.0
497,1.0,497.0,London_423,newnew,151,453,1092.0,70.0,2.0,147225.0,0.3871634700335562,778.0,16.0,2.0,14.0,43.0,18.0,25.0,251.0,170.0,110.0,18.0,64.0,14.0,66.0,2.0,9.0,8.0,82.0,149.0,214.0,55.0,0.0,0.0,0.0,0.0,0.0,0.0,0.0,0.0,0.0,0.0,0.0,0.0,0.0,0.0,0.0,0.0,0.0,0.0,0.0,0.0,0.0,0.0,0.0,0.0,0.0,0.0,0.0,0.0,1.0,0.0,0.0,1.0,2.0,0.0,1.0,0.0,0.0,0.0,2.0,0.0,0.0,0.0,0.0,2.0,0.0,3.0,2.0,4.0,4.0,1.0,0.0,0.0,0.0,0.0,0.0,0.0,0.0,0.0,2.0,0.0,0.0,5.0,10.0,0.0,3.0,0.0,0.0,0.0,2.0,0.0,0.0,0.0,0.0,2.0,0.0,4.0,3.0,7.0,7.0,2.0
498,1.0,498.0,London_423,newnew,151,453,1092.0,70.0,2.0,187089.0,0.812710074998904,866.0,148.0,1.0,147.0,270.0,9.0,261.0,43.0,176.0,120.0,17.0,66.0,6.0,55.0,2.0,11.0,7.0,84.0,135.0,227.0,58.0,0.0,0.0,0.0,0.0,0.0,0.0,0.0,0.0,0.0,0.0,0.0,0.0,0.0,0.0,0.0,0.0,0.0,0.0,0.0,0.0,0.0,0.0,0.0,0.0,0.0,0.0,0.0,0.0,0.0,0.0,0.0,0.0,0.0,0.0,0.0,0.0,0.0,0.0,1.0,11.0,1.0,1.0,8.0,20.0,4.0,17.0,3.0,37.0,30.0,31.0,0.0,0.0,0.0,0.0,0.0,0.0,0.0,0.0,0.0,0.0,0.0,0.0,0.0,0.0,0.0,0.0,0.0,0.0,2.0,12.0,1.0,1.0,8.0,27.0,4.0,22.0,3.0,60.0,38.0,33.0
499,1.0,499.0,London_423,newnew,151,453,1092.0,70.0,2.0,153114.0,0.48505176400067285,791.0,81.0,0.0,81.0,139.0,0.0,139.0,270.0,171.0,115.0,12.0,85.0,5.0,54.0,3.0,8.0,3.0,87.0,146.0,217.0,39.0,0.0,0.0,0.0,0.0,0.0,0.0,0.0,0.0,0.0,0.0,0.0,0.0,0.0,0.0,0.0,0.0,0.0,0.0,0.0,0.0,0.0,0.0,0.0,0.0,0.0,0.0,0.0,0.0,0.0,0.0,0.0,0.0,0.0,0.0,0.0,0.0,0.0,0.0,3.0,3.0,0.0,0.0,1.0,11.0,7.0,4.0,11.0,16.0,24.0,15.0,0.0,0.0,0.0,0.0,0.0,0.0,0.0,0.0,0.0,0.0,0.0,0.0,0.0,0.0,0.0,0.0,0.0,0.0,3.0,4.0,0.0,0.0,1.0,19.0,9.0,4.0,17.0,22.0,35.0,19.0
500,1.0,500.0,London_423,newnew,151,453,1092.0,70.0,2.0,147225.0,0.5707416080404073,778.0,132.0,0.0,132.0,228.0,0.0,228.0,139.0,179.0,118.0,8.0,69.0,6.0,56.0,4.0,13.0,3.0,90.0,134.0,226.0,42.0,0.0,0.0,0.0,0.0,0.0,0.0,0.0,0.0,0.0,0.0,0.0,0.0,0.0,0.0,0.0,0.0,0.0,0.0,0.0,0.0,0.0,0.0,0.0,0.0,0.0,0.0,0.0,0.0,0.0,0.0,0.0,0.0,0.0,0.0,0.0,0.0,0.0,0.0,6.0,4.0,0.0,6.0,2.0,16.0,8.0,2.0,15.0,32.0,25.0,29.0,0.0,0.0,0.0,0.0,0.0,0.0,0.0,0.0,0.0,0.0,0.0,0.0,0.0,0.0,0.0,0.0,0.0,0.0,10.0,6.0,0.0,10.0,2.0,20.0,12.0,3.0,21.0,50.0,38.0,37.0
501,1.0,501.0,London_423,newnew,151,453,1092.0,70.0,2.0,117780.0,0.42764980997890234,713.0,34.0,2.0,32.0,68.0,19.0,49.0,228.0,187.0,117.0,9.0,66.0,10.0,48.0,2.0,14.0,4.0,80.0,151.0,218.0,55.0,0.0,0.0,0.0,0.0,0.0,0.0,0.0,0.0,0.0,0.0,0.0,0.0,0.0,0.0,0.0,0.0,0.0,0.0,0.0,0.0,0.0,0.0,0.0,0.0,0.0,0.0,0.0,0.0,1.0,0.0,0.0,1.0,0.0,1.0,2.0,0.0,0.0,0.0,1.0,0.0,0.0,0.0,1.0,1.0,4.0,0.0,2.0,8.0,7.0,8.0,0.0,0.0,0.0,0.0,0.0,0.0,0.0,0.0,3.0,0.0,0.0,5.0,0.0,8.0,8.0,0.0,0.0,0.0,1.0,0.0,0.0,0.0,1.0,1.0,5.0,0.0,2.0,11.0,9.0,10.0
502,1.0,502.0,London_423,newnew,151,453,1092.0,70.0,2.0,130917.0,0.5478377770050429,742.0,93.0,0.0,93.0,172.0,0.0,172.0,68.0,185.0,124.0,6.0,63.0,3.0,56.0,3.0,13.0,4.0,86.0,137.0,226.0,53.0,0.0,0.0,0.0,0.0,0.0,0.0,0.0,0.0,0.0,0.0,0.0,0.0,0.0,0.0,0.0,0.0,0.0,0.0,0.0,0.0,0.0,0.0,0.0,0.0,0.0,0.0,0.0,0.0,0.0,0.0,0.0,0.0,0.0,0.0,0.0,0.0,0.0,0.0,2.0,6.0,1.0,3.0,4.0,14.0,8.0,9.0,8.0,23.0,15.0,22.0,0.0,0.0,0.0,0.0,0.0,0.0,0.0,0.0,0.0,0.0,0.0,0.0,0.0,0.0,0.0,0.0,0.0,0.0,2.0,9.0,1.0,4.0,4.0,19.0,11.0,14.0,14.0,34.0,24.0,28.0
503,1.0,503.0,London_423,newnew,151,453,1092.0,70.0,2.0,113250.0,0.5032369280233979,703.0,75.0,2.0,73.0,141.0,16.0,125.0,172.0,194.0,128.0,12.0,54.0,5.0,55.0,0.0,5.0,7.0,80.0,144.0,222.0,50.0,0.0,0.0,0.0,0.0,0.0,0.0,0.0,0.0,0.0,0.0,0.0,0.0,0.0,0.0,0.0,0.0,0.0,0.0,0.0,0.0,0.0,0.0,0.0,0.0,0.0,0.0,0.0,0.0,1.0,0.0,1.0,0.0,0.0,2.0,2.0,0.0,0.0,0.0,1.0,7.0,2.0,1.0,0.0,6.0,4.0,6.0,9.0,11.0,16.0,8.0,0.0,0.0,0.0,0.0,0.0,0.0,0.0,0.0,5.0,0.0,1.0,0.0,0.0,9.0,3.0,0.0,0.0,0.0,1.0,8.0,2.0,1.0,0.0,6.0,6.0,7.0,10.0,16.0,29.0,12.0
504,1.0,504.0,London_423,newnew,151,453,1092.0,70.0,2.0,106908.0,0.4952884499798529,689.0,80.0,1.0,79.0,137.0,9.0,128.0,141.0,196.0,124.0,18.0,45.0,11.0,54.0,0.0,5.0,3.0,90.0,140.0,220.0,52.0,0.0,0.0,0.0,0.0,0.0,0.0,0.0,0.0,0.0,0.0,0.0,0.0,0.0,0.0,0.0,0.0,0.0,0.0,0.0,0.0,0.0,0.0,0.0,0.0,0.0,0.0,0.0,0.0,1.0,0.0,0.0,0.0,0.0,0.0,0.0,0.0,0.0,0.0,3.0,11.0,6.0,1.0,1.0,7.0,2.0,2.0,9.0,15.0,17.0,19.0,0.0,0.0,0.0,0.0,0.0,0.0,0.0,0.0,5.0,0.0,0.0,0.0,0.0,0.0,0.0,0.0,0.0,0.0,3.0,15.0,6.0,2.0,1.0,11.0,2.0,2.0,10.0,21.0,24.0,26.0
505,1.0,505.0,London_423,newnew,151,453,1092.0,70.0,2.0,109173.0,0.46637844102224335,694.0,12.0,2.0,10.0,41.0,18.0,23.0,137.0,200.0,129.0,10.0,50.0,8.0,53.0,0.0,3.0,3.0,80.0,132.0,238.0,50.0,0.0,0.0,0.0,0.0,0.0,0.0,0.0,0.0,0.0,0.0,0.0,0.0,0.0,0.0,0.0,0.0,0.0,0.0,0.0,0.0,0.0,0.0,0.0,0.0,0.0,0.0,0.0,0.0,2.0,0.0,0.0,1.0,1.0,0.0,0.0,0.0,0.0,0.0,0.0,0.0,0.0,0.0,0.0,3.0,1.0,1.0,0.0,2.0,2.0,4.0,0.0,0.0,0.0,0.0,0.0,0.0,0.0,0.0,7.0,0.0,0.0,2.0,7.0,0.0,0.0,0.0,0.0,0.0,0.0,0.0,0.0,0.0,0.0,4.0,1.0,1.0,0.0,3.0,4.0,5.0
506,1.0,506.0,London_423,newnew,151,453,1092.0,70.0,2.0,149943.0,0.5904574129963294,784.0,52.0,2.0,50.0,97.0,17.0,80.0,41.0,201.0,136.0,12.0,43.0,7.0,51.0,0.0,3.0,4.0,88.0,125.0,236.0,53.0,0.0,0.0,0.0,0.0,0.0,0.0,0.0,0.0,0.0,0.0,0.0,0.0,0.0,0.0,0.0,0.0,0.0,0.0,0.0,0.0,0.0,0.0,0.0,0.0,0.0,0.0,0.0,0.0,1.0,0.0,0.0,1.0,0.0,0.0,2.0,0.0,0.0,0.0,2.0,1.0,0.0,0.0,0.0,6.0,5.0,1.0,6.0,12.0,15.0,12.0,0.0,0.0,0.0,0.0,0.0,0.0,0.0,0.0,1.0,0.0,0.0,3.0,0.0,0.0,9.0,0.0,0.0,0.0,2.0,1.0,0.0,0.0,0.0,8.0,6.0,1.0,8.0,17.0,23.0,13.0
507,1.0,507.0,London_423,newnew,151,453,1092.0,70.0,2.0,178935.0,1.0020447590504773,848.0,145.0,0.0,145.0,255.0,0.0,255.0,97.0,211.0,139.0,8.0,35.0,9.0,49.0,1.0,1.0,4.0,92.0,129.0,228.0,39.0,0.0,0.0,0.0,0.0,0.0,0.0,0.0,0.0,0.0,0.0,0.0,0.0,0.0,0.0,0.0,0.0,0.0,0.0,0.0,0.0,0.0,0.0,0.0,0.0,0.0,0.0,0.0,0.0,0.0,0.0,0.0,0.0,0.0,0.0,0.0,0.0,0.0,0.0,6.0,4.0,0.0,8.0,12.0,14.0,20.0,5.0,8.0,31.0,35.0,20.0,0.0,0.0,0.0,0.0,0.0,0.0,0.0,0.0,0.0,0.0,0.0,0.0,0.0,0.0,0.0,0.0,0.0,0.0,6.0,8.0,0.0,15.0,13.0,19.0,28.0,7.0,12.0,48.0,52.0,30.0
508,1.0,508.0,London_423,newnew,151,453,1092.0,70.0,2.0,153567.0,0.4496687820064835,792.0,7.0,2.0,5.0,30.0,19.0,11.0,255.0,213.0,88.0,24.0,86.0,5.0,32.0,3.0,2.0,4.0,74.0,158.0,217.0,38.0,0.0,0.0,0.0,0.0,0.0,0.0,0.0,0.0,0.0,0.0,0.0,0.0,0.0,0.0,0.0,0.0,0.0,0.0,0.0,0.0,0.0,0.0,0.0,0.0,0.0,0.0,0.0,0.0,2.0,0.0,0.0,2.0,1.0,0.0,1.0,0.0,0.0,0.0,0.0,0.0,0.0,1.0,0.0,1.0,1.0,0.0,2.0,1.0,1.0,1.0,0.0,0.0,0.0,0.0,0.0,0.0,0.0,0.0,3.0,0.0,0.0,5.0,6.0,0.0,2.0,0.0,0.0,0.0,0.0,0.0,0.0,2.0,0.0,4.0,1.0,0.0,2.0,2.0,1.0,1.0
509,1.0,509.0,London_423,newnew,151,453,1092.0,70.0,2.0,202038.0,0.5262491690227762,899.0,36.0,0.0,36.0,55.0,0.0,55.0,30.0,211.0,88.0,25.0,98.0,4.0,22.0,3.0,2.0,4.0,78.0,151.0,220.0,39.0,0.0,0.0,0.0,0.0,0.0,0.0,0.0,0.0,0.0,0.0,0.0,0.0,0.0,0.0,0.0,0.0,0.0,0.0,0.0,0.0,0.0,0.0,0.0,0.0,0.0,0.0,0.0,0.0,0.0,0.0,0.0,0.0,0.0,0.0,0.0,0.0,0.0,0.0,2.0,0.0,0.0,0.0,3.0,2.0,4.0,1.0,9.0,9.0,9.0,8.0,0.0,0.0,0.0,0.0,0.0,0.0,0.0,0.0,0.0,0.0,0.0,0.0,0.0,0.0,0.0,0.0,0.0,0.0,2.0,0.0,0.0,0.0,4.0,4.0,5.0,2.0,14.0,10.0,11.0,8.0
510,1.0,510.0,London_423,newnew,151,453,1092.0,70.0,2.0,245526.0,0.9508348779636435,995.0,270.0,0.0,270.0,447.0,0.0,447.0,55.0,215.0,93.0,29.0,84.0,1.0,26.0,3.0,2.0,7.0,78.0,154.0,214.0,42.0,0.0,0.0,0.0,0.0,0.0,0.0,0.0,0.0,0.0,0.0,0.0,0.0,0.0,0.0,0.0,0.0,0.0,0.0,0.0,0.0,0.0,0.0,0.0,0.0,0.0,0.0,0.0,0.0,0.0,0.0,0.0,0.0,0.0,0.0,0.0,0.0,0.0,0.0,2.0,41.0,0.0,7.0,2.0,4.0,2.0,8.0,19.0,55.0,58.0,31.0,0.0,0.0,0.0,0.0,0.0,0.0,0.0,0.0,0.0,0.0,0.0,0.0,0.0,0.0,0.0,0.0,0.0,0.0,2.0,58.0,0.0,12.0,3.0,4.0,2.0,8.0,23.0,77.0,80.0,34.0
511,1.0,511.0,London_423,newnew,151,453,1092.0,70.0,2.0,160815.0,0.35119079699506983,808.0,83.0,2.0,81.0,157.0,18.0,139.0,447.0,67.0,170.0,37.0,130.0,9.0,30.0,2.0,8.0,9.0,85.0,168.0,191.0,57.0,0.0,0.0,0.0,0.0,0.0,0.0,0.0,0.0,0.0,0.0,0.0,0.0,0.0,0.0,0.0,0.0,0.0,0.0,0.0,0.0,0.0,0.0,0.0,0.0,0.0,0.0,0.0,0.0,0.0,0.0,0.0,1.0,0.0,1.0,2.0,0.0,0.0,0.0,1.0,4.0,0.0,0.0,0.0,7.0,6.0,2.0,6.0,12.0,21.0,17.0,0.0,0.0,0.0,0.0,0.0,0.0,0.0,0.0,0.0,0.0,0.0,6.0,0.0,7.0,9.0,0.0,0.0,0.0,1.0,4.0,0.0,0.0,0.0,11.0,10.0,2.0,7.0,18.0,27.0,22.0
512,1.0,512.0,London_423,newnew,151,453,1092.0,70.0,2.0,154020.0,0.30371598195051774,793.0,14.0,0.0,14.0,23.0,0.0,23.0,157.0,77.0,174.0,33.0,128.0,12.0,20.0,3.0,6.0,10.0,89.0,161.0,193.0,62.0,0.0,0.0,0.0,0.0,0.0,0.0,0.0,0.0,0.0,0.0,0.0,0.0,0.0,0.0,0.0,0.0,0.0,0.0,0.0,0.0,0.0,0.0,0.0,0.0,0.0,0.0,0.0,0.0,0.0,0.0,0.0,0.0,0.0,0.0,0.0,0.0,0.0,0.0,0.0,0.0,0.0,0.0,0.0,0.0,1.0,0.0,1.0,0.0,5.0,3.0,0.0,0.0,0.0,0.0,0.0,0.0,0.0,0.0,0.0,0.0,0.0,0.0,0.0,0.0,0.0,0.0,0.0,0.0,0.0,0.0,0.0,0.0,0.0,0.0,1.0,0.0,1.0,0.0,8.0,3.0
513,1.0,513.0,London_423,newnew,151,453,1092.0,70.0,2.0,190713.0,0.5239602630026639,874.0,167.0,1.0,166.0,292.0,9.0,283.0,23.0,77.0,179.0,35.0,121.0,12.0,20.0,3.0,6.0,11.0,87.0,162.0,193.0,64.0,0.0,0.0,0.0,0.0,0.0,0.0,0.0,0.0,0.0,0.0,0.0,0.0,0.0,0.0,0.0,0.0,0.0,0.0,0.0,0.0,0.0,0.0,0.0,0.0,0.0,0.0,0.0,0.0,1.0,0.0,0.0,1.0,0.0,1.0,1.0,0.0,0.0,0.0,3.0,8.0,1.0,1.0,3.0,8.0,4.0,3.0,13.0,32.0,38.0,36.0,0.0,0.0,0.0,0.0,0.0,0.0,0.0,0.0,2.0,0.0,0.0,3.0,0.0,8.0,4.0,0.0,0.0,0.0,3.0,14.0,1.0,1.0,3.0,10.0,5.0,4.0,17.0,50.0,57.0,41.0
514,1.0,514.0,London_423,newnew,151,453,1092.0,70.0,2.0,151302.0,0.35862824198557064,787.0,46.0,0.0,46.0,73.0,0.0,73.0,292.0,114.0,189.0,28.0,91.0,5.0,22.0,1.0,3.0,14.0,88.0,141.0,210.0,72.0,0.0,0.0,0.0,0.0,0.0,0.0,0.0,0.0,0.0,0.0,0.0,0.0,0.0,0.0,0.0,0.0,0.0,0.0,0.0,0.0,0.0,0.0,0.0,0.0,0.0,0.0,0.0,0.0,0.0,0.0,0.0,0.0,0.0,0.0,0.0,0.0,0.0,0.0,2.0,1.0,0.0,0.0,0.0,4.0,6.0,3.0,4.0,7.0,12.0,13.0,0.0,0.0,0.0,0.0,0.0,0.0,0.0,0.0,0.0,0.0,0.0,0.0,0.0,0.0,0.0,0.0,0.0,0.0,2.0,1.0,0.0,0.0,0.0,5.0,8.0,3.0,6.0,11.0,18.0,19.0
515,1.0,515.0,London_423,newnew,151,453,1092.0,70.0,2.0,169875.0,0.568389005959034,828.0,142.0,2.0,140.0,270.0,17.0,253.0,73.0,117.0,186.0,24.0,91.0,7.0,23.0,0.0,5.0,19.0,91.0,133.0,210.0,76.0,0.0,0.0,0.0,0.0,0.0,0.0,0.0,0.0,0.0,0.0,0.0,0.0,0.0,0.0,0.0,0.0,0.0,0.0,0.0,0.0,0.0,0.0,0.0,0.0,0.0,0.0,0.0,0.0,1.0,0.0,0.0,1.0,1.0,0.0,0.0,0.0,0.0,0.0,5.0,0.0,0.0,2.0,0.0,12.0,3.0,14.0,12.0,38.0,30.0,14.0,0.0,0.0,0.0,0.0,0.0,0.0,0.0,0.0,1.0,0.0,0.0,3.0,8.0,0.0,0.0,0.0,0.0,0.0,5.0,0.0,0.0,3.0,0.0,15.0,4.0,21.0,17.0,60.0,44.0,21.0
516,1.0,516.0,London_423,newnew,151,453,1092.0,70.0,2.0,134994.0,0.5142959890072234,751.0,87.0,0.0,87.0,158.0,0.0,158.0,270.0,119.0,199.0,18.0,75.0,9.0,25.0,2.0,6.0,15.0,77.0,126.0,235.0,72.0,0.0,0.0,0.0,0.0,0.0,0.0,0.0,0.0,0.0,0.0,0.0,0.0,0.0,0.0,0.0,0.0,0.0,0.0,0.0,0.0,0.0,0.0,0.0,0.0,0.0,0.0,0.0,0.0,0.0,0.0,0.0,0.0,0.0,0.0,0.0,0.0,0.0,0.0,3.0,1.0,0.0,0.0,2.0,5.0,11.0,8.0,6.0,20.0,19.0,14.0,0.0,0.0,0.0,0.0,0.0,0.0,0.0,0.0,0.0,0.0,0.0,0.0,0.0,0.0,0.0,0.0,0.0,0.0,5.0,2.0,0.0,0.0,2.0,6.0,19.0,11.0,10.0,36.0,24.0,18.0
517,1.0,517.0,London_423,newnew,151,453,1092.0,70.0,2.0,138618.0,0.44748799898661673,759.0,43.0,1.0,42.0,82.0,12.0,70.0,158.0,130.0,206.0,18.0,59.0,10.0,29.0,0.0,1.0,14.0,93.0,131.0,215.0,68.0,0.0,0.0,0.0,0.0,0.0,0.0,0.0,0.0,0.0,0.0,0.0,0.0,0.0,0.0,0.0,0.0,0.0,0.0,0.0,0.0,0.0,0.0,0.0,0.0,0.0,0.0,0.0,0.0,1.0,0.0,0.0,1.0,0.0,0.0,0.0,0.0,0.0,0.0,1.0,1.0,1.0,1.0,1.0,7.0,2.0,1.0,4.0,6.0,9.0,12.0,0.0,0.0,0.0,0.0,0.0,0.0,0.0,0.0,2.0,0.0,0.0,5.0,0.0,0.0,0.0,0.0,0.0,0.0,2.0,2.0,1.0,2.0,1.0,9.0,4.0,1.0,5.0,9.0,10.0,13.0
518,1.0,518.0,London_423,newnew,151,453,1092.0,70.0,2.0,150396.0,0.4688451240072027,785.0,24.0,2.0,22.0,53.0,16.0,37.0,82.0,132.0,213.0,20.0,51.0,4.0,29.0,0.0,4.0,12.0,86.0,135.0,220.0,60.0,0.0,0.0,0.0,0.0,0.0,0.0,0.0,0.0,0.0,0.0,0.0,0.0,0.0,0.0,0.0,0.0,0.0,0.0,0.0,0.0,0.0,0.0,0.0,0.0,0.0,0.0,0.0,0.0,2.0,0.0,0.0,1.0,1.0,0.0,2.0,0.0,0.0,0.0,0.0,1.0,1.0,0.0,0.0,2.0,3.0,1.0,2.0,6.0,2.0,6.0,0.0,0.0,0.0,0.0,0.0,0.0,0.0,0.0,8.0,0.0,0.0,7.0,7.0,0.0,5.0,0.0,0.0,0.0,0.0,1.0,1.0,0.0,0.0,3.0,5.0,1.0,2.0,13.0,3.0,8.0
519,1.0,519.0,London_423,newnew,151,453,1092.0,70.0,2.0,195696.0,0.9033699110150337,885.0,130.0,2.0,128.0,244.0,18.0,226.0,53.0,123.0,226.0,19.0,56.0,2.0,24.0,0.0,3.0,11.0,84.0,136.0,222.0,65.0,0.0,0.0,0.0,0.0,0.0,0.0,0.0,0.0,0.0,0.0,0.0,0.0,0.0,0.0,0.0,0.0,0.0,0.0,0.0,0.0,0.0,0.0,0.0,0.0,0.0,0.0,0.0,0.0,0.0,1.0,0.0,1.0,0.0,1.0,1.0,0.0,0.0,0.0,1.0,2.0,5.0,5.0,11.0,13.0,5.0,7.0,9.0,26.0,31.0,23.0,0.0,0.0,0.0,0.0,0.0,0.0,0.0,0.0,0.0,3.0,0.0,1.0,0.0,7.0,4.0,0.0,0.0,0.0,1.0,3.0,8.0,10.0,13.0,15.0,11.0,11.0,12.0,44.0,42.0,27.0
520,1.0,520.0,London_423,newnew,151,453,1092.0,70.0,2.0,179841.0,0.7175204399973154,850.0,129.0,1.0,128.0,232.0,9.0,223.0,244.0,130.0,197.0,17.0,72.0,4.0,23.0,1.0,9.0,8.0,78.0,131.0,236.0,65.0,0.0,0.0,0.0,0.0,0.0,0.0,0.0,0.0,0.0,0.0,0.0,0.0,0.0,0.0,0.0,0.0,0.0,0.0,0.0,0.0,0.0,0.0,0.0,0.0,0.0,0.0,0.0,0.0,0.0,0.0,0.0,0.0,0.0,0.0,0.0,0.0,0.0,0.0,3.0,1.0,0.0,1.0,0.0,11.0,12.0,7.0,18.0,22.0,34.0,30.0,0.0,0.0,0.0,0.0,0.0,0.0,0.0,0.0,0.0,0.0,0.0,0.0,0.0,0.0,0.0,0.0,0.0,0.0,3.0,1.0,0.0,1.0,0.0,14.0,18.0,12.0,23.0,30.0,49.0,41.0
521,1.0,521.0,London_423,newnew,151,453,1092.0,70.0,2.0,157191.0,0.5865551359020174,800.0,94.0,0.0,94.0,173.0,0.0,173.0,232.0,142.0,185.0,16.0,57.0,7.0,36.0,0.0,10.0,7.0,79.0,133.0,234.0,76.0,0.0,0.0,0.0,0.0,0.0,0.0,0.0,0.0,0.0,0.0,0.0,0.0,0.0,0.0,0.0,0.0,0.0,0.0,0.0,0.0,0.0,0.0,0.0,0.0,0.0,0.0,0.0,0.0,0.0,0.0,0.0,0.0,0.0,0.0,0.0,0.0,0.0,0.0,2.0,0.0,1.0,3.0,0.0,14.0,6.0,8.0,14.0,22.0,17.0,25.0,0.0,0.0,0.0,0.0,0.0,0.0,0.0,0.0,0.0,0.0,0.0,0.0,0.0,0.0,0.0,0.0,0.0,0.0,2.0,0.0,1.0,5.0,0.0,17.0,9.0,11.0,17.0,32.0,27.0,32.0
522,1.0,522.0,London_423,newnew,151,453,1092.0,70.0,2.0,149943.0,0.4760738570475951,784.0,40.0,0.0,40.0,73.0,0.0,73.0,173.0,149.0,188.0,7.0,51.0,10.0,37.0,0.0,11.0,6.0,90.0,120.0,237.0,75.0,0.0,0.0,0.0,0.0,0.0,0.0,0.0,0.0,0.0,0.0,0.0,0.0,0.0,0.0,0.0,0.0,0.0,0.0,0.0,0.0,0.0,0.0,0.0,0.0,0.0,0.0,0.0,0.0,0.0,0.0,0.0,0.0,0.0,0.0,0.0,0.0,0.0,0.0,2.0,1.0,1.0,0.0,0.0,6.0,3.0,2.0,6.0,9.0,13.0,6.0,0.0,0.0,0.0,0.0,0.0,0.0,0.0,0.0,0.0,0.0,0.0,0.0,0.0,0.0,0.0,0.0,0.0,0.0,2.0,1.0,1.0,0.0,0.0,9.0,4.0,3.0,12.0,17.0,18.0,7.0
523,1.0,523.0,London_423,newnew,151,453,1092.0,70.0,2.0,177576.0,0.6410713189980015,845.0,94.0,2.0,92.0,171.0,19.0,152.0,73.0,145.0,193.0,6.0,43.0,13.0,39.0,3.0,11.0,9.0,87.0,118.0,239.0,82.0,0.0,0.0,0.0,0.0,0.0,0.0,0.0,0.0,0.0,0.0,0.0,0.0,0.0,0.0,0.0,0.0,0.0,0.0,0.0,0.0,0.0,0.0,0.0,0.0,0.0,0.0,0.0,0.0,0.0,0.0,0.0,1.0,1.0,0.0,1.0,0.0,0.0,0.0,7.0,2.0,7.0,1.0,0.0,11.0,4.0,4.0,7.0,14.0,19.0,27.0,0.0,0.0,0.0,0.0,0.0,0.0,0.0,0.0,0.0,0.0,0.0,7.0,9.0,0.0,4.0,0.0,0.0,0.0,10.0,3.0,8.0,1.0,0.0,15.0,6.0,5.0,10.0,21.0,32.0,33.0
524,1.0,524.0,London_423,newnew,151,453,1092.0,70.0,2.0,174405.0,0.48968769994098693,838.0,74.0,0.0,74.0,115.0,0.0,115.0,171.0,145.0,193.0,10.0,52.0,15.0,32.0,2.0,4.0,4.0,79.0,125.0,245.0,72.0,0.0,0.0,0.0,0.0,0.0,0.0,0.0,0.0,0.0,0.0,0.0,0.0,0.0,0.0,0.0,0.0,0.0,0.0,0.0,0.0,0.0,0.0,0.0,0.0,0.0,0.0,0.0,0.0,0.0,0.0,0.0,0.0,0.0,0.0,0.0,0.0,0.0,0.0,3.0,1.0,1.0,2.0,0.0,6.0,7.0,4.0,8.0,18.0,12.0,17.0,0.0,0.0,0.0,0.0,0.0,0.0,0.0,0.0,0.0,0.0,0.0,0.0,0.0,0.0,0.0,0.0,0.0,0.0,3.0,1.0,1.0,3.0,0.0,7.0,8.0,4.0,9.0,24.0,19.0,23.0
525,1.0,525.0,London_423,newnew,151,453,1092.0,70.0,2.0,181200.0,0.8772290559718385,853.0,153.0,1.0,152.0,268.0,8.0,260.0,115.0,153.0,193.0,12.0,46.0,19.0,30.0,0.0,0.0,2.0,94.0,112.0,245.0,66.0,0.0,0.0,0.0,0.0,0.0,0.0,0.0,0.0,0.0,0.0,0.0,0.0,0.0,0.0,0.0,0.0,0.0,0.0,0.0,0.0,0.0,0.0,0.0,0.0,0.0,0.0,0.0,0.0,1.0,0.0,0.0,0.0,0.0,0.0,1.0,0.0,0.0,0.0,1.0,4.0,1.0,2.0,7.0,34.0,6.0,8.0,13.0,35.0,37.0,24.0,0.0,0.0,0.0,0.0,0.0,0.0,0.0,0.0,3.0,0.0,0.0,0.0,0.0,0.0,3.0,0.0,0.0,0.0,1.0,6.0,1.0,2.0,7.0,45.0,6.0,10.0,16.0,60.0,53.0,28.0
526,1.0,526.0,London_423,newnew,151,453,1092.0,70.0,2.0,145413.0,0.5137974659446627,774.0,52.0,2.0,50.0,108.0,18.0,90.0,268.0,168.0,140.0,19.0,88.0,8.0,24.0,2.0,4.0,5.0,84.0,127.0,237.0,47.0,0.0,0.0,0.0,0.0,0.0,0.0,0.0,0.0,0.0,0.0,0.0,0.0,0.0,0.0,0.0,0.0,0.0,0.0,0.0,0.0,0.0,0.0,0.0,0.0,0.0,0.0,0.0,0.0,1.0,0.0,0.0,1.0,0.0,0.0,1.0,0.0,0.0,0.0,2.0,0.0,0.0,0.0,0.0,4.0,6.0,7.0,2.0,12.0,7.0,12.0,0.0,0.0,0.0,0.0,0.0,0.0,0.0,0.0,3.0,0.0,0.0,6.0,0.0,0.0,5.0,0.0,0.0,0.0,2.0,0.0,0.0,0.0,0.0,4.0,9.0,7.0,3.0,16.0,10.0,17.0
527,1.0,527.0,London_423,newnew,151,453,1092.0,70.0,2.0,160815.0,0.7125751599669456,808.0,147.0,1.0,146.0,269.0,9.0,260.0,108.0,187.0,145.0,9.0,72.0,9.0,21.0,4.0,6.0,9.0,88.0,120.0,236.0,54.0,0.0,0.0,0.0,0.0,0.0,0.0,0.0,0.0,0.0,0.0,0.0,0.0,0.0,0.0,0.0,0.0,0.0,0.0,0.0,0.0,0.0,0.0,0.0,0.0,0.0,0.0,0.0,0.0,0.0,0.0,0.0,0.0,0.0,0.0,0.0,0.0,0.0,0.0,4.0,15.0,2.0,0.0,4.0,15.0,2.0,4.0,16.0,26.0,39.0,15.0,0.0,0.0,0.0,0.0,0.0,0.0,0.0,0.0,0.0,0.0,0.0,0.0,0.0,0.0,0.0,0.0,0.0,0.0,5.0,20.0,2.0,0.0,5.0,17.0,4.0,7.0,21.0,46.0,62.0,17.0
528,1.0,528.0,London_423,newnew,151,453,1092.0,70.0,2.0,137259.0,0.3794721571030095,756.0,0.0,0.0,0.0,0.0,0.0,0.0,269.0,195.0,129.0,15.0,76.0,10.0,18.0,3.0,7.0,7.0,79.0,130.0,237.0,35.0,0.0,0.0,0.0,0.0,0.0,0.0,0.0,0.0,0.0,0.0,0.0,0.0,0.0,0.0,0.0,0.0,0.0,0.0,0.0,0.0,0.0,0.0,0.0,0.0,0.0,0.0,0.0,0.0,0.0,0.0,0.0,0.0,0.0,0.0,0.0,0.0,0.0,0.0,0.0,0.0,0.0,0.0,0.0,0.0,0.0,0.0,0.0,0.0,0.0,0.0,0.0,0.0,0.0,0.0,0.0,0.0,0.0,0.0,0.0,0.0,0.0,0.0,0.0,0.0,0.0,0.0,0.0,0.0,0.0,0.0,0.0,0.0,0.0,0.0,0.0,0.0,0.0,0.0,0.0,0.0
529,1.0,529.0,London_423,newnew,151,453,1092.0,70.0,2.0,171234.0,0.7062422529561445,831.0,136.0,0.0,136.0,239.0,0.0,239.0,0.0,195.0,129.0,15.0,76.0,10.0,18.0,3.0,7.0,7.0,79.0,130.0,237.0,35.0,0.0,0.0,0.0,0.0,0.0,0.0,0.0,0.0,0.0,0.0,0.0,0.0,0.0,0.0,0.0,0.0,0.0,0.0,0.0,0.0,0.0,0.0,0.0,0.0,0.0,0.0,0.0,0.0,0.0,0.0,0.0,0.0,0.0,0.0,0.0,0.0,0.0,0.0,10.0,9.0,0.0,6.0,0.0,15.0,14.0,11.0,3.0,24.0,36.0,15.0,0.0,0.0,0.0,0.0,0.0,0.0,0.0,0.0,0.0,0.0,0.0,0.0,0.0,0.0,0.0,0.0,0.0,0.0,14.0,12.0,0.0,10.0,0.0,24.0,20.0,12.0,4.0,39.0,50.0,20.0
530,1.0,530.0,London_423,newnew,151,453,1092.0,70.0,2.0,149943.0,0.4714770730352029,784.0,3.0,2.0,1.0,20.0,19.0,1.0,239.0,192.0,137.0,17.0,82.0,8.0,12.0,2.0,3.0,11.0,82.0,133.0,227.0,39.0,0.0,0.0,0.0,0.0,0.0,0.0,0.0,0.0,0.0,0.0,0.0,0.0,0.0,0.0,0.0,0.0,0.0,0.0,0.0,0.0,0.0,0.0,0.0,0.0,0.0,0.0,0.0,0.0,1.0,0.0,0.0,0.0,0.0,0.0,2.0,0.0,0.0,0.0,0.0,0.0,0.0,0.0,0.0,0.0,0.0,0.0,0.0,0.0,0.0,0.0,0.0,0.0,0.0,0.0,0.0,0.0,0.0,0.0,2.0,0.0,0.0,0.0,0.0,0.0,13.0,0.0,0.0,0.0,0.0,0.0,0.0,0.0,0.0,0.0,0.0,0.0,0.0,0.0,0.0,0.0
531,1.0,531.0,London_423,newnew,151,453,1092.0,70.0,2.0,187995.0,0.7262669240590185,868.0,85.0,1.0,84.0,158.0,9.0,149.0,20.0,195.0,144.0,12.0,80.0,4.0,13.0,2.0,3.0,7.0,86.0,125.0,235.0,35.0,0.0,0.0,0.0,0.0,0.0,0.0,0.0,0.0,0.0,0.0,0.0,0.0,0.0,0.0,0.0,0.0,0.0,0.0,0.0,0.0,0.0,0.0,0.0,0.0,0.0,0.0,0.0,0.0,1.0,0.0,0.0,0.0,0.0,0.0,0.0,0.0,0.0,0.0,2.0,2.0,1.0,1.0,5.0,8.0,9.0,13.0,7.0,15.0,24.0,18.0,0.0,0.0,0.0,0.0,0.0,0.0,0.0,0.0,4.0,0.0,0.0,0.0,0.0,0.0,0.0,0.0,0.0,0.0,2.0,2.0,1.0,1.0,6.0,14.0,16.0,20.0,10.0,22.0,38.0,26.0
532,1.0,532.0,London_423,newnew,151,453,1092.0,70.0,2.0,184371.0,0.7942634170176461,860.0,141.0,2.0,139.0,249.0,19.0,230.0,158.0,186.0,143.0,20.0,82.0,6.0,14.0,0.0,2.0,11.0,79.0,133.0,230.0,41.0,0.0,0.0,0.0,0.0,0.0,0.0,0.0,0.0,0.0,0.0,0.0,0.0,0.0,0.0,0.0,0.0,0.0,0.0,0.0,0.0,0.0,0.0,0.0,0.0,0.0,0.0,0.0,0.0,0.0,0.0,0.0,0.0,0.0,0.0,0.0,0.0,0.0,0.0,5.0,6.0,2.0,1.0,0.0,8.0,18.0,13.0,5.0,15.0,29.0,18.0,0.0,0.0,0.0,0.0,0.0,0.0,0.0,0.0,0.0,0.0,0.0,0.0,0.0,0.0,0.0,0.0,0.0,0.0,7.0,8.0,2.0,1.0,0.0,13.0,28.0,15.0,8.0,19.0,46.0,24.0
533,1.0,533.0,London_423,newnew,151,453,1092.0,70.0,2.0,162627.0,0.6226024910574779,812.0,119.0,2.0,117.0,209.0,16.0,193.0,249.0,197.0,130.0,19.0,76.0,8.0,19.0,1.0,3.0,3.0,87.0,142.0,221.0,26.0,0.0,0.0,0.0,0.0,0.0,0.0,0.0,0.0,0.0,0.0,0.0,0.0,0.0,0.0,0.0,0.0,0.0,0.0,0.0,0.0,0.0,0.0,0.0,0.0,0.0,0.0,0.0,0.0,0.0,0.0,0.0,0.0,0.0,1.0,1.0,0.0,0.0,0.0,6.0,3.0,0.0,2.0,1.0,14.0,13.0,7.0,13.0,27.0,28.0,19.0,0.0,0.0,0.0,0.0,0.0,0.0,0.0,0.0,0.0,0.0,0.0,0.0,0.0,7.0,1.0,0.0,0.0,0.0,7.0,3.0,0.0,3.0,1.0,21.0,20.0,11.0,18.0,37.0,41.0,24.0
534,1.0,534.0,London_423,newnew,151,453,1092.0,70.0,2.0,142695.0,0.6068768369732425,768.0,164.0,2.0,162.0,301.0,18.0,283.0,209.0,200.0,146.0,16.0,57.0,7.0,24.0,0.0,3.0,8.0,102.0,132.0,211.0,34.0,0.0,0.0,0.0,0.0,0.0,0.0,0.0,0.0,0.0,0.0,0.0,0.0,0.0,0.0,0.0,0.0,0.0,0.0,0.0,0.0,0.0,0.0,0.0,0.0,0.0,0.0,0.0,0.0,0.0,0.0,0.0,0.0,1.0,0.0,1.0,0.0,0.0,0.0,9.0,6.0,0.0,5.0,0.0,13.0,13.0,5.0,7.0,25.0,38.0,19.0,0.0,0.0,0.0,0.0,0.0,0.0,0.0,0.0,0.0,0.0,0.0,0.0,6.0,0.0,4.0,0.0,0.0,0.0,14.0,7.0,0.0,9.0,0.0,17.0,17.0,7.0,11.0,34.0,51.0,20.0
535,1.0,535.0,London_423,newnew,151,453,1092.0,70.0,2.0,98301.0,0.2784304120577872,670.0,3.0,0.0,3.0,5.0,0.0,5.0,301.0,185.0,102.0,30.0,102.0,9.0,22.0,0.0,3.0,8.0,83.0,138.0,224.0,47.0,0.0,0.0,0.0,0.0,0.0,0.0,0.0,0.0,0.0,0.0,0.0,0.0,0.0,0.0,0.0,0.0,0.0,0.0,0.0,0.0,0.0,0.0,0.0,0.0,0.0,0.0,0.0,0.0,0.0,0.0,0.0,0.0,0.0,0.0,0.0,0.0,0.0,0.0,0.0,0.0,0.0,0.0,0.0,1.0,0.0,1.0,0.0,1.0,1.0,2.0,0.0,0.0,0.0,0.0,0.0,0.0,0.0,0.0,0.0,0.0,0.0,0.0,0.0,0.0,0.0,0.0,0.0,0.0,0.0,0.0,0.0,0.0,0.0,1.0,0.0,1.0,0.0,1.0,2.0,2.0
536,1.0,536.0,London_423,newnew,151,453,1092.0,70.0,2.0,129558.0,0.3662545280531049,739.0,49.0,0.0,49.0,80.0,0.0,80.0,5.0,185.0,104.0,31.0,98.0,9.0,22.0,0.0,4.0,8.0,82.0,138.0,225.0,46.0,0.0,0.0,0.0,0.0,0.0,0.0,0.0,0.0,0.0,0.0,0.0,0.0,0.0,0.0,0.0,0.0,0.0,0.0,0.0,0.0,0.0,0.0,0.0,0.0,0.0,0.0,0.0,0.0,0.0,0.0,0.0,0.0,0.0,0.0,0.0,0.0,0.0,0.0,1.0,0.0,0.0,1.0,0.0,1.0,5.0,1.0,6.0,10.0,11.0,6.0,0.0,0.0,0.0,0.0,0.0,0.0,0.0,0.0,0.0,0.0,0.0,0.0,0.0,0.0,0.0,0.0,0.0,0.0,1.0,0.0,0.0,2.0,0.0,2.0,6.0,1.0,7.0,13.0,15.0,6.0
537,1.0,537.0,London_423,newnew,151,453,1092.0,70.0,2.0,139071.0,0.3384779039770365,760.0,8.0,1.0,7.0,21.0,10.0,11.0,80.0,191.0,106.0,34.0,88.0,9.0,20.0,1.0,4.0,11.0,86.0,138.0,218.0,53.0,0.0,0.0,0.0,0.0,0.0,0.0,0.0,0.0,0.0,0.0,0.0,0.0,0.0,0.0,0.0,0.0,0.0,0.0,0.0,0.0,0.0,0.0,0.0,0.0,0.0,0.0,0.0,0.0,0.0,1.0,0.0,1.0,0.0,0.0,1.0,0.0,0.0,0.0,0.0,1.0,0.0,0.0,0.0,2.0,0.0,1.0,1.0,1.0,1.0,1.0,0.0,0.0,0.0,0.0,0.0,0.0,0.0,0.0,0.0,8.0,0.0,8.0,0.0,0.0,5.0,0.0,0.0,0.0,0.0,1.0,0.0,0.0,0.0,2.0,0.0,1.0,1.0,3.0,2.0,1.0
538,1.0,538.0,London_423,newnew,151,453,1092.0,70.0,2.0,178935.0,0.6882542360108346,848.0,109.0,0.0,109.0,197.0,0.0,197.0,21.0,191.0,109.0,37.0,91.0,6.0,14.0,1.0,4.0,11.0,83.0,139.0,220.0,46.0,0.0,0.0,0.0,0.0,0.0,0.0,0.0,0.0,0.0,0.0,0.0,0.0,0.0,0.0,0.0,0.0,0.0,0.0,0.0,0.0,0.0,0.0,0.0,0.0,0.0,0.0,0.0,0.0,0.0,0.0,0.0,0.0,0.0,0.0,0.0,0.0,0.0,0.0,2.0,0.0,0.0,1.0,4.0,9.0,10.0,9.0,6.0,19.0,27.0,22.0,0.0,0.0,0.0,0.0,0.0,0.0,0.0,0.0,0.0,0.0,0.0,0.0,0.0,0.0,0.0,0.0,0.0,0.0,3.0,0.0,0.0,1.0,4.0,13.0,13.0,13.0,9.0,28.0,40.0,29.0
539,1.0,539.0,London_423,newnew,151,453,1092.0,70.0,2.0,165798.0,0.6461739860242233,819.0,111.0,2.0,109.0,187.0,18.0,169.0,197.0,196.0,127.0,38.0,70.0,3.0,13.0,0.0,6.0,12.0,85.0,134.0,222.0,55.0,0.0,0.0,0.0,0.0,0.0,0.0,0.0,0.0,0.0,0.0,0.0,0.0,0.0,0.0,0.0,0.0,0.0,0.0,0.0,0.0,0.0,0.0,0.0,0.0,0.0,0.0,0.0,0.0,0.0,0.0,0.0,0.0,2.0,0.0,1.0,0.0,0.0,0.0,2.0,3.0,0.0,1.0,1.0,10.0,8.0,4.0,5.0,19.0,26.0,26.0,0.0,0.0,0.0,0.0,0.0,0.0,0.0,0.0,0.0,0.0,0.0,0.0,12.0,0.0,6.0,0.0,0.0,0.0,2.0,6.0,0.0,1.0,1.0,10.0,12.0,5.0,7.0,28.0,38.0,31.0
540,1.0,540.0,London_423,newnew,151,453,1092.0,70.0,2.0,155379.0,0.6732636200031266,796.0,124.0,1.0,123.0,228.0,9.0,219.0,187.0,193.0,113.0,42.0,70.0,6.0,21.0,1.0,7.0,4.0,77.0,141.0,231.0,37.0,0.0,0.0,0.0,0.0,0.0,0.0,0.0,0.0,0.0,0.0,0.0,0.0,0.0,0.0,0.0,0.0,0.0,0.0,0.0,0.0,0.0,0.0,0.0,0.0,0.0,0.0,0.0,0.0,0.0,0.0,0.0,0.0,0.0,0.0,0.0,0.0,0.0,0.0,6.0,6.0,0.0,3.0,4.0,21.0,6.0,5.0,14.0,27.0,23.0,24.0,0.0,0.0,0.0,0.0,0.0,0.0,0.0,0.0,0.0,0.0,0.0,0.0,0.0,0.0,0.0,0.0,0.0,0.0,10.0,9.0,0.0,5.0,4.0,29.0,8.0,7.0,17.0,50.0,29.0,34.0
541,1.0,541.0,London_423,newnew,151,453,1092.0,70.0,2.0,127746.0,0.38385765498969704,735.0,28.0,0.0,28.0,48.0,0.0,48.0,228.0,202.0,111.0,48.0,71.0,3.0,16.0,1.0,1.0,5.0,91.0,153.0,204.0,30.0,0.0,0.0,0.0,0.0,0.0,0.0,0.0,0.0,0.0,0.0,0.0,0.0,0.0,0.0,0.0,0.0,0.0,0.0,0.0,0.0,0.0,0.0,0.0,0.0,0.0,0.0,0.0,0.0,0.0,0.0,0.0,0.0,0.0,0.0,0.0,0.0,0.0,0.0,0.0,1.0,0.0,0.0,0.0,1.0,1.0,0.0,3.0,4.0,8.0,5.0,0.0,0.0,0.0,0.0,0.0,0.0,0.0,0.0,0.0,0.0,0.0,0.0,0.0,0.0,0.0,0.0,0.0,0.0,0.0,1.0,0.0,0.0,0.0,1.0,1.0,0.0,3.0,5.0,10.0,6.0
542,1.0,542.0,London_423,newnew,151,453,1092.0,70.0,2.0,154020.0,0.6605311690364033,793.0,93.0,0.0,93.0,167.0,0.0,167.0,48.0,203.0,102.0,48.0,78.0,4.0,18.0,0.0,0.0,5.0,90.0,153.0,205.0,35.0,0.0,0.0,0.0,0.0,0.0,0.0,0.0,0.0,0.0,0.0,0.0,0.0,0.0,0.0,0.0,0.0,0.0,0.0,0.0,0.0,0.0,0.0,0.0,0.0,0.0,0.0,0.0,0.0,0.0,0.0,0.0,0.0,0.0,0.0,0.0,0.0,0.0,0.0,1.0,3.0,3.0,0.0,0.0,8.0,3.0,6.0,11.0,16.0,18.0,19.0,0.0,0.0,0.0,0.0,0.0,0.0,0.0,0.0,0.0,0.0,0.0,0.0,0.0,0.0,0.0,0.0,0.0,0.0,1.0,4.0,3.0,0.0,0.0,14.0,4.0,6.0,19.0,25.0,29.0,23.0
543,1.0,543.0,London_423,newnew,151,453,1092.0,70.0,2.0,157644.0,0.5614789050305262,801.0,51.0,2.0,49.0,105.0,19.0,86.0,167.0,213.0,107.0,48.0,69.0,2.0,12.0,0.0,2.0,10.0,95.0,143.0,205.0,38.0,0.0,0.0,0.0,0.0,0.0,0.0,0.0,0.0,0.0,0.0,0.0,0.0,0.0,0.0,0.0,0.0,0.0,0.0,0.0,0.0,0.0,0.0,0.0,0.0,0.0,0.0,0.0,0.0,0.0,0.0,0.0,1.0,0.0,1.0,2.0,0.0,0.0,0.0,4.0,4.0,1.0,0.0,1.0,5.0,10.0,2.0,6.0,7.0,7.0,9.0,0.0,0.0,0.0,0.0,0.0,0.0,0.0,0.0,0.0,0.0,0.0,1.0,0.0,5.0,9.0,0.0,0.0,0.0,4.0,6.0,1.0,0.0,1.0,8.0,15.0,3.0,6.0,11.0,10.0,15.0
544,1.0,544.0,London_423,newnew,151,453,1092.0,70.0,2.0,173046.0,0.7947961559984833,835.0,110.0,0.0,110.0,178.0,0.0,178.0,105.0,210.0,111.0,49.0,59.0,4.0,18.0,0.0,2.0,11.0,92.0,139.0,211.0,48.0,0.0,0.0,0.0,0.0,0.0,0.0,0.0,0.0,0.0,0.0,0.0,0.0,0.0,0.0,0.0,0.0,0.0,0.0,0.0,0.0,0.0,0.0,0.0,0.0,0.0,0.0,0.0,0.0,0.0,0.0,0.0,0.0,0.0,0.0,0.0,0.0,0.0,0.0,2.0,13.0,8.0,3.0,2.0,12.0,7.0,2.0,13.0,25.0,23.0,20.0,0.0,0.0,0.0,0.0,0.0,0.0,0.0,0.0,0.0,0.0,0.0,0.0,0.0,0.0,0.0,0.0,0.0,0.0,3.0,20.0,8.0,5.0,2.0,14.0,11.0,2.0,19.0,40.0,31.0,21.0
545,1.0,545.0,London_423,newnew,151,453,1092.0,70.0,2.0,168063.0,0.7210323160979897,824.0,84.0,2.0,82.0,151.0,16.0,135.0,178.0,212.0,104.0,51.0,56.0,6.0,17.0,0.0,7.0,7.0,91.0,144.0,211.0,50.0,0.0,0.0,0.0,0.0,0.0,0.0,0.0,0.0,0.0,0.0,0.0,0.0,0.0,0.0,0.0,0.0,0.0,0.0,0.0,0.0,0.0,0.0,0.0,0.0,0.0,0.0,0.0,0.0,1.0,0.0,0.0,0.0,0.0,2.0,2.0,0.0,0.0,0.0,3.0,1.0,0.0,0.0,2.0,11.0,4.0,9.0,8.0,17.0,19.0,18.0,0.0,0.0,0.0,0.0,0.0,0.0,0.0,0.0,2.0,0.0,0.0,0.0,0.0,11.0,8.0,0.0,0.0,0.0,5.0,1.0,0.0,0.0,2.0,17.0,5.0,13.0,9.0,24.0,24.0,22.0
546,1.0,546.0,London_423,newnew,151,453,1092.0,70.0,2.0,165798.0,0.5981217690277845,819.0,62.0,1.0,61.0,121.0,9.0,112.0,151.0,220.0,102.0,52.0,43.0,5.0,23.0,1.0,7.0,9.0,86.0,146.0,212.0,49.0,0.0,0.0,0.0,0.0,0.0,0.0,0.0,0.0,0.0,0.0,0.0,0.0,0.0,0.0,0.0,0.0,0.0,0.0,0.0,0.0,0.0,0.0,0.0,0.0,0.0,0.0,0.0,0.0,1.0,0.0,0.0,0.0,0.0,0.0,0.0,0.0,0.0,0.0,0.0,8.0,1.0,1.0,5.0,4.0,3.0,2.0,10.0,9.0,17.0,17.0,0.0,0.0,0.0,0.0,0.0,0.0,0.0,0.0,4.0,0.0,0.0,0.0,0.0,0.0,0.0,0.0,0.0,0.0,0.0,14.0,1.0,3.0,5.0,6.0,4.0,3.0,14.0,16.0,29.0,26.0
547,1.0,547.0,London_423,newnew,151,453,1092.0,70.0,2.0,173499.0,0.7919067500624806,836.0,86.0,2.0,84.0,160.0,18.0,142.0,121.0,232.0,126.0,39.0,27.0,2.0,24.0,0.0,3.0,9.0,80.0,144.0,220.0,39.0,0.0,0.0,0.0,0.0,0.0,0.0,0.0,0.0,0.0,0.0,0.0,0.0,0.0,0.0,0.0,0.0,0.0,0.0,0.0,0.0,0.0,0.0,0.0,0.0,0.0,0.0,0.0,0.0,0.0,0.0,0.0,0.0,1.0,0.0,0.0,0.0,0.0,0.0,8.0,5.0,2.0,1.0,2.0,4.0,5.0,6.0,6.0,18.0,14.0,21.0,0.0,0.0,0.0,0.0,0.0,0.0,0.0,0.0,0.0,0.0,0.0,0.0,8.0,0.0,0.0,0.0,0.0,0.0,11.0,6.0,3.0,2.0,2.0,6.0,8.0,9.0,11.0,28.0,21.0,30.0
548,1.0,548.0,London_423,newnew,151,453,1092.0,70.0,2.0,179388.0,0.9062514340039343,849.0,123.0,2.0,121.0,225.0,17.0,208.0,160.0,247.0,132.0,9.0,43.0,3.0,19.0,0.0,0.0,4.0,85.0,144.0,220.0,41.0,0.0,0.0,0.0,0.0,0.0,0.0,0.0,0.0,0.0,0.0,0.0,0.0,0.0,0.0,0.0,0.0,0.0,0.0,0.0,0.0,0.0,0.0,0.0,0.0,0.0,0.0,0.0,0.0,0.0,0.0,0.0,0.0,0.0,0.0,2.0,0.0,0.0,0.0,3.0,19.0,0.0,6.0,5.0,17.0,3.0,8.0,9.0,19.0,17.0,21.0,0.0,0.0,0.0,0.0,0.0,0.0,0.0,0.0,0.0,0.0,0.0,0.0,0.0,0.0,6.0,0.0,0.0,0.0,3.0,26.0,0.0,8.0,7.0,21.0,3.0,10.0,10.0,26.0,26.0,25.0
549,1.0,549.0,London_423,newnew,151,453,1092.0,70.0,2.0,165798.0,0.7663396069547161,819.0,117.0,0.0,117.0,199.0,0.0,199.0,225.0,249.0,97.0,15.0,69.0,4.0,14.0,1.0,4.0,7.0,68.0,145.0,233.0,39.0,0.0,0.0,0.0,0.0,0.0,0.0,0.0,0.0,0.0,0.0,0.0,0.0,0.0,0.0,0.0,0.0,0.0,0.0,0.0,0.0,0.0,0.0,0.0,0.0,0.0,0.0,0.0,0.0,0.0,0.0,0.0,0.0,0.0,0.0,0.0,0.0,0.0,0.0,3.0,2.0,0.0,3.0,4.0,10.0,7.0,5.0,7.0,26.0,17.0,24.0,0.0,0.0,0.0,0.0,0.0,0.0,0.0,0.0,0.0,0.0,0.0,0.0,0.0,0.0,0.0,0.0,0.0,0.0,3.0,3.0,0.0,4.0,4.0,13.0,7.0,9.0,9.0,40.0,26.0,32.0
550,1.0,550.0,London_423,newnew,151,453,1092.0,70.0,2.0,151302.0,0.7443630939815193,787.0,121.0,2.0,119.0,220.0,19.0,201.0,199.0,268.0,84.0,10.0,63.0,9.0,17.0,0.0,2.0,6.0,62.0,146.0,239.0,35.0,0.0,0.0,0.0,0.0,0.0,0.0,0.0,0.0,0.0,0.0,0.0,0.0,0.0,0.0,0.0,0.0,0.0,0.0,0.0,0.0,0.0,0.0,0.0,0.0,0.0,0.0,0.0,0.0,0.0,0.0,0.0,0.0,1.0,0.0,1.0,0.0,0.0,0.0,0.0,3.0,0.0,0.0,0.0,11.0,14.0,3.0,12.0,26.0,23.0,25.0,0.0,0.0,0.0,0.0,0.0,0.0,0.0,0.0,0.0,0.0,0.0,0.0,7.0,0.0,2.0,0.0,0.0,0.0,0.0,3.0,0.0,0.0,0.0,15.0,19.0,4.0,14.0,38.0,36.0,27.0
551,1.0,551.0,London_423,newnew,151,453,1092.0,70.0,2.0,133182.0,0.5715914010070264,747.0,84.0,0.0,84.0,137.0,0.0,137.0,220.0,266.0,74.0,19.0,59.0,5.0,23.0,0.0,7.0,8.0,71.0,135.0,239.0,18.0,0.0,0.0,0.0,0.0,0.0,0.0,0.0,0.0,0.0,0.0,0.0,0.0,0.0,0.0,0.0,0.0,0.0,0.0,0.0,0.0,0.0,0.0,0.0,0.0,0.0,0.0,0.0,0.0,0.0,0.0,0.0,0.0,0.0,0.0,0.0,0.0,0.0,0.0,2.0,1.0,3.0,2.0,0.0,8.0,7.0,0.0,12.0,16.0,23.0,16.0,0.0,0.0,0.0,0.0,0.0,0.0,0.0,0.0,0.0,0.0,0.0,0.0,0.0,0.0,0.0,0.0,0.0,0.0,3.0,2.0,4.0,4.0,0.0,12.0,8.0,0.0,18.0,27.0,27.0,25.0
552,1.0,552.0,London_423,newnew,151,453,1092.0,70.0,2.0,132729.0,0.48681624606251717,746.0,0.0,0.0,0.0,0.0,0.0,0.0,137.0,260.0,86.0,15.0,37.0,8.0,41.0,0.0,6.0,10.0,69.0,144.0,230.0,34.0,0.0,0.0,0.0,0.0,0.0,0.0,0.0,0.0,0.0,0.0,0.0,0.0,0.0,0.0,0.0,0.0,0.0,0.0,0.0,0.0,0.0,0.0,0.0,0.0,0.0,0.0,0.0,0.0,0.0,0.0,0.0,0.0,0.0,0.0,0.0,0.0,0.0,0.0,0.0,0.0,0.0,0.0,0.0,0.0,0.0,0.0,0.0,0.0,0.0,0.0,0.0,0.0,0.0,0.0,0.0,0.0,0.0,0.0,0.0,0.0,0.0,0.0,0.0,0.0,0.0,0.0,0.0,0.0,0.0,0.0,0.0,0.0,0.0,0.0,0.0,0.0,0.0,0.0,0.0,0.0
553,1.0,553.0,London_423,newnew,151,453,1092.0,70.0,2.0,170781.0,0.8251618590438738,830.0,115.0,2.0,113.0,207.0,18.0,189.0,0.0,260.0,86.0,15.0,37.0,8.0,41.0,0.0,6.0,10.0,69.0,144.0,230.0,34.0,0.0,0.0,0.0,0.0,0.0,0.0,0.0,0.0,0.0,0.0,0.0,0.0,0.0,0.0,0.0,0.0,0.0,0.0,0.0,0.0,0.0,0.0,0.0,0.0,0.0,0.0,0.0,0.0,0.0,0.0,0.0,0.0,0.0,1.0,2.0,0.0,0.0,0.0,6.0,19.0,0.0,3.0,2.0,2.0,15.0,9.0,12.0,23.0,29.0,16.0,0.0,0.0,0.0,0.0,0.0,0.0,0.0,0.0,0.0,0.0,0.0,0.0,0.0,8.0,10.0,0.0,0.0,0.0,8.0,25.0,0.0,5.0,2.0,3.0,21.0,12.0,16.0,33.0,40.0,21.0
554,1.0,554.0,London_423,newnew,151,453,1092.0,70.0,2.0,148131.0,0.6959039879729971,780.0,101.0,0.0,101.0,187.0,0.0,187.0,207.0,253.0,74.0,19.0,65.0,8.0,30.0,2.0,2.0,7.0,76.0,133.0,237.0,35.0,0.0,0.0,0.0,0.0,0.0,0.0,0.0,0.0,0.0,0.0,0.0,0.0,0.0,0.0,0.0,0.0,0.0,0.0,0.0,0.0,0.0,0.0,0.0,0.0,0.0,0.0,0.0,0.0,0.0,0.0,0.0,0.0,0.0,0.0,0.0,0.0,0.0,0.0,1.0,4.0,0.0,0.0,0.0,12.0,9.0,3.0,6.0,21.0,24.0,14.0,0.0,0.0,0.0,0.0,0.0,0.0,0.0,0.0,0.0,0.0,0.0,0.0,0.0,0.0,0.0,0.0,0.0,0.0,2.0,5.0,0.0,0.0,0.0,17.0,13.0,4.0,8.0,31.0,35.0,16.0
555,1.0,555.0,London_423,newnew,151,453,1092.0,70.0,2.0,137259.0,0.6657774189952761,756.0,74.0,1.0,73.0,134.0,9.0,125.0,187.0,268.0,69.0,12.0,50.0,9.0,38.0,0.0,7.0,8.0,80.0,150.0,215.0,29.0,0.0,0.0,0.0,0.0,0.0,0.0,0.0,0.0,0.0,0.0,0.0,0.0,0.0,0.0,0.0,0.0,0.0,0.0,0.0,0.0,0.0,0.0,0.0,0.0,0.0,0.0,0.0,0.0,1.0,0.0,0.0,1.0,0.0,1.0,1.0,0.0,0.0,0.0,10.0,1.0,1.0,2.0,2.0,3.0,6.0,5.0,7.0,17.0,22.0,9.0,0.0,0.0,0.0,0.0,0.0,0.0,0.0,0.0,7.0,0.0,0.0,2.0,0.0,7.0,6.0,0.0,0.0,0.0,10.0,2.0,1.0,5.0,2.0,3.0,11.0,7.0,8.0,26.0,35.0,11.0
556,1.0,556.0,London_423,newnew,151,453,1092.0,70.0,2.0,148131.0,0.7004928559763357,780.0,122.0,0.0,122.0,204.0,0.0,204.0,134.0,278.0,66.0,8.0,47.0,4.0,38.0,3.0,9.0,11.0,75.0,157.0,210.0,27.0,0.0,0.0,0.0,0.0,0.0,0.0,0.0,0.0,0.0,0.0,0.0,0.0,0.0,0.0,0.0,0.0,0.0,0.0,0.0,0.0,0.0,0.0,0.0,0.0,0.0,0.0,0.0,0.0,0.0,0.0,0.0,0.0,0.0,0.0,0.0,0.0,0.0,0.0,7.0,3.0,0.0,6.0,5.0,13.0,10.0,12.0,2.0,28.0,19.0,21.0,0.0,0.0,0.0,0.0,0.0,0.0,0.0,0.0,0.0,0.0,0.0,0.0,0.0,0.0,0.0,0.0,0.0,0.0,7.0,4.0,0.0,9.0,5.0,16.0,15.0,15.0,3.0,40.0,24.0,28.0
557,1.0,557.0,London_423,newnew,151,453,1092.0,70.0,2.0,126840.0,0.4473868850618601,733.0,2.0,2.0,0.0,17.0,17.0,0.0,204.0,248.0,82.0,12.0,60.0,7.0,36.0,4.0,4.0,10.0,72.0,155.0,216.0,26.0,0.0,0.0,0.0,0.0,0.0,0.0,0.0,0.0,0.0,0.0,0.0,0.0,0.0,0.0,0.0,0.0,0.0,0.0,0.0,0.0,0.0,0.0,0.0,0.0,0.0,0.0,0.0,0.0,1.0,0.0,0.0,1.0,1.0,0.0,0.0,0.0,0.0,0.0,0.0,0.0,0.0,0.0,0.0,0.0,0.0,0.0,0.0,0.0,0.0,0.0,0.0,0.0,0.0,0.0,0.0,0.0,0.0,0.0,4.0,0.0,0.0,5.0,8.0,0.0,0.0,0.0,0.0,0.0,0.0,0.0,0.0,0.0,0.0,0.0,0.0,0.0,0.0,0.0,0.0,0.0
558,1.0,558.0,London_423,newnew,151,453,1092.0,70.0,2.0,167157.0,0.6911109610227868,822.0,143.0,0.0,143.0,252.0,0.0,252.0,17.0,241.0,86.0,14.0,65.0,2.0,37.0,4.0,4.0,8.0,72.0,149.0,224.0,28.0,0.0,0.0,0.0,0.0,0.0,0.0,0.0,0.0,0.0,0.0,0.0,0.0,0.0,0.0,0.0,0.0,0.0,0.0,0.0,0.0,0.0,0.0,0.0,0.0,0.0,0.0,0.0,0.0,0.0,0.0,0.0,0.0,0.0,0.0,0.0,0.0,0.0,0.0,0.0,4.0,1.0,3.0,1.0,10.0,8.0,15.0,12.0,27.0,32.0,18.0,0.0,0.0,0.0,0.0,0.0,0.0,0.0,0.0,0.0,0.0,0.0,0.0,0.0,0.0,0.0,0.0,0.0,0.0,0.0,5.0,1.0,7.0,1.0,16.0,11.0,18.0,14.0,45.0,43.0,28.0
559,1.0,559.0,London_423,newnew,151,453,1092.0,70.0,2.0,139524.0,0.45962061209138483,761.0,28.0,1.0,27.0,54.0,12.0,42.0,252.0,221.0,91.0,19.0,78.0,5.0,32.0,0.0,7.0,15.0,80.0,150.0,208.0,42.0,0.0,0.0,0.0,0.0,0.0,0.0,0.0,0.0,0.0,0.0,0.0,0.0,0.0,0.0,0.0,0.0,0.0,0.0,0.0,0.0,0.0,0.0,0.0,0.0,0.0,0.0,0.0,0.0,1.0,0.0,0.0,1.0,0.0,0.0,0.0,0.0,0.0,0.0,0.0,0.0,0.0,0.0,0.0,2.0,1.0,2.0,2.0,6.0,3.0,4.0,0.0,0.0,0.0,0.0,0.0,0.0,0.0,0.0,3.0,0.0,0.0,6.0,0.0,0.0,0.0,0.0,0.0,0.0,0.0,0.0,0.0,0.0,0.0,3.0,2.0,2.0,4.0,7.0,4.0,6.0
560,1.0,560.0,London_423,newnew,151,453,1092.0,70.0,2.0,167610.0,0.5275132899405435,823.0,8.0,2.0,6.0,24.0,16.0,8.0,54.0,228.0,99.0,22.0,67.0,2.0,29.0,0.0,6.0,9.0,91.0,149.0,204.0,40.0,0.0,0.0,0.0,0.0,0.0,0.0,0.0,0.0,0.0,0.0,0.0,0.0,0.0,0.0,0.0,0.0,0.0,0.0,0.0,0.0,0.0,0.0,0.0,0.0,0.0,0.0,0.0,0.0,1.0,0.0,0.0,1.0,0.0,0.0,2.0,0.0,0.0,0.0,0.0,0.0,0.0,0.0,0.0,0.0,0.0,0.0,0.0,1.0,1.0,2.0,0.0,0.0,0.0,0.0,0.0,0.0,0.0,0.0,1.0,0.0,0.0,7.0,0.0,0.0,4.0,0.0,0.0,0.0,0.0,0.0,0.0,0.0,0.0,0.0,0.0,0.0,0.0,2.0,1.0,3.0
561,1.0,561.0,London_423,newnew,151,453,1092.0,70.0,2.0,209739.0,1.0560552449896932,916.0,160.0,2.0,158.0,279.0,18.0,261.0,24.0,215.0,103.0,24.0,70.0,3.0,31.0,0.0,7.0,8.0,92.0,138.0,215.0,40.0,0.0,0.0,0.0,0.0,0.0,0.0,0.0,0.0,0.0,0.0,0.0,0.0,0.0,0.0,0.0,0.0,0.0,0.0,0.0,0.0,0.0,0.0,0.0,0.0,0.0,0.0,0.0,0.0,0.0,0.0,0.0,0.0,0.0,1.0,1.0,0.0,0.0,0.0,7.0,12.0,5.0,2.0,9.0,10.0,8.0,1.0,7.0,30.0,30.0,23.0,0.0,0.0,0.0,0.0,0.0,0.0,0.0,0.0,0.0,0.0,0.0,0.0,0.0,6.0,6.0,0.0,0.0,0.0,8.0,18.0,5.0,3.0,9.0,14.0,10.0,2.0,13.0,51.0,41.0,25.0
562,1.0,562.0,London_423,newnew,151,453,1092.0,70.0,2.0,178935.0,0.6639722469262779,848.0,100.0,1.0,99.0,192.0,9.0,183.0,279.0,199.0,102.0,23.0,85.0,7.0,32.0,3.0,2.0,7.0,71.0,144.0,231.0,37.0,0.0,0.0,0.0,0.0,0.0,0.0,0.0,0.0,0.0,0.0,0.0,0.0,0.0,0.0,0.0,0.0,0.0,0.0,0.0,0.0,0.0,0.0,0.0,0.0,0.0,0.0,0.0,0.0,0.0,0.0,0.0,0.0,0.0,0.0,0.0,0.0,0.0,0.0,7.0,0.0,0.0,3.0,0.0,8.0,8.0,7.0,15.0,24.0,16.0,26.0,0.0,0.0,0.0,0.0,0.0,0.0,0.0,0.0,0.0,0.0,0.0,0.0,0.0,0.0,0.0,0.0,0.0,0.0,7.0,0.0,0.0,4.0,0.0,9.0,10.0,9.0,21.0,39.0,22.0,36.0
563,1.0,563.0,London_423,newnew,151,453,1092.0,70.0,2.0,176217.0,0.8688980479491875,842.0,199.0,0.0,199.0,321.0,0.0,321.0,192.0,219.0,87.0,20.0,78.0,14.0,32.0,1.0,2.0,9.0,83.0,152.0,209.0,46.0,0.0,0.0,0.0,0.0,0.0,0.0,0.0,0.0,0.0,0.0,0.0,0.0,0.0,0.0,0.0,0.0,0.0,0.0,0.0,0.0,0.0,0.0,0.0,0.0,0.0,0.0,0.0,0.0,0.0,0.0,0.0,0.0,0.0,0.0,0.0,0.0,0.0,0.0,1.0,21.0,0.0,2.0,1.0,3.0,5.0,3.0,13.0,37.0,43.0,14.0,0.0,0.0,0.0,0.0,0.0,0.0,0.0,0.0,0.0,0.0,0.0,0.0,0.0,0.0,0.0,0.0,0.0,0.0,1.0,30.0,0.0,3.0,1.0,3.0,7.0,4.0,21.0,52.0,59.0,17.0
564,1.0,564.0,London_423,newnew,151,453,1092.0,70.0,2.0,116874.0,0.35850460291840136,711.0,10.0,0.0,10.0,17.0,0.0,17.0,321.0,185.0,118.0,18.0,89.0,6.0,29.0,3.0,5.0,9.0,79.0,142.0,223.0,37.0,0.0,0.0,0.0,0.0,0.0,0.0,0.0,0.0,0.0,0.0,0.0,0.0,0.0,0.0,0.0,0.0,0.0,0.0,0.0,0.0,0.0,0.0,0.0,0.0,0.0,0.0,0.0,0.0,0.0,0.0,0.0,0.0,0.0,0.0,0.0,0.0,0.0,0.0,0.0,0.0,0.0,0.0,0.0,2.0,1.0,0.0,0.0,1.0,0.0,1.0,0.0,0.0,0.0,0.0,0.0,0.0,0.0,0.0,0.0,0.0,0.0,0.0,0.0,0.0,0.0,0.0,0.0,0.0,0.0,0.0,0.0,0.0,0.0,3.0,2.0,0.0,0.0,1.0,0.0,1.0
565,1.0,565.0,London_423,newnew,151,453,1092.0,70.0,2.0,142695.0,0.421383821987547,768.0,66.0,2.0,64.0,127.0,19.0,108.0,17.0,187.0,117.0,18.0,90.0,7.0,29.0,1.0,4.0,11.0,80.0,144.0,218.0,39.0,0.0,0.0,0.0,0.0,0.0,0.0,0.0,0.0,0.0,0.0,0.0,0.0,0.0,0.0,0.0,0.0,0.0,0.0,0.0,0.0,0.0,0.0,0.0,0.0,0.0,0.0,0.0,0.0,0.0,0.0,0.0,1.0,1.0,0.0,2.0,0.0,0.0,0.0,1.0,1.0,0.0,3.0,0.0,6.0,3.0,9.0,7.0,14.0,19.0,12.0,0.0,0.0,0.0,0.0,0.0,0.0,0.0,0.0,0.0,0.0,0.0,5.0,10.0,0.0,4.0,0.0,0.0,0.0,1.0,2.0,0.0,4.0,0.0,7.0,4.0,9.0,10.0,21.0,24.0,15.0
566,1.0,566.0,London_423,newnew,151,453,1092.0,70.0,2.0,145866.0,0.5475757899694145,775.0,58.0,0.0,58.0,101.0,0.0,101.0,127.0,185.0,108.0,16.0,101.0,4.0,37.0,0.0,2.0,10.0,91.0,125.0,227.0,47.0,0.0,0.0,0.0,0.0,0.0,0.0,0.0,0.0,0.0,0.0,0.0,0.0,0.0,0.0,0.0,0.0,0.0,0.0,0.0,0.0,0.0,0.0,0.0,0.0,0.0,0.0,0.0,0.0,0.0,0.0,0.0,0.0,0.0,0.0,0.0,0.0,0.0,0.0,3.0,1.0,1.0,1.0,2.0,9.0,2.0,4.0,2.0,10.0,15.0,13.0,0.0,0.0,0.0,0.0,0.0,0.0,0.0,0.0,0.0,0.0,0.0,0.0,0.0,0.0,0.0,0.0,0.0,0.0,4.0,1.0,1.0,2.0,2.0,13.0,2.0,6.0,2.0,14.0,19.0,20.0
567,1.0,567.0,London_423,newnew,151,453,1092.0,70.0,2.0,157644.0,0.8047161010326818,801.0,145.0,1.0,144.0,255.0,8.0,247.0,101.0,190.0,116.0,8.0,100.0,1.0,37.0,0.0,1.0,13.0,81.0,138.0,221.0,60.0,0.0,0.0,0.0,0.0,0.0,0.0,0.0,0.0,0.0,0.0,0.0,0.0,0.0,0.0,0.0,0.0,0.0,0.0,0.0,0.0,0.0,0.0,0.0,0.0,0.0,0.0,0.0,0.0,0.0,0.0,0.0,0.0,0.0,0.0,1.0,0.0,0.0,0.0,1.0,1.0,0.0,2.0,2.0,16.0,6.0,19.0,11.0,29.0,23.0,30.0,0.0,0.0,0.0,0.0,0.0,0.0,0.0,0.0,0.0,0.0,0.0,0.0,0.0,0.0,2.0,0.0,0.0,0.0,1.0,1.0,0.0,4.0,2.0,24.0,8.0,22.0,14.0,47.0,36.0,36.0
568,1.0,568.0,London_423,newnew,151,453,1092.0,70.0,2.0,130011.0,0.40728089306503534,740.0,12.0,2.0,10.0,36.0,18.0,18.0,255.0,187.0,128.0,17.0,81.0,4.0,29.0,1.0,6.0,8.0,70.0,145.0,230.0,49.0,0.0,0.0,0.0,0.0,0.0,0.0,0.0,0.0,0.0,0.0,0.0,0.0,0.0,0.0,0.0,0.0,0.0,0.0,0.0,0.0,0.0,0.0,0.0,0.0,0.0,0.0,0.0,0.0,1.0,0.0,0.0,1.0,0.0,0.0,1.0,0.0,0.0,0.0,1.0,0.0,0.0,0.0,0.0,1.0,1.0,0.0,0.0,4.0,0.0,2.0,0.0,0.0,0.0,0.0,0.0,0.0,0.0,0.0,1.0,0.0,0.0,7.0,0.0,0.0,4.0,0.0,0.0,0.0,1.0,0.0,0.0,0.0,0.0,1.0,2.0,0.0,0.0,8.0,0.0,3.0
569,1.0,569.0,London_423,newnew,151,453,1092.0,70.0,2.0,162627.0,0.6597353810211644,812.0,81.0,1.0,80.0,144.0,9.0,135.0,36.0,193.0,132.0,18.0,80.0,3.0,19.0,2.0,6.0,10.0,75.0,131.0,237.0,48.0,0.0,0.0,0.0,0.0,0.0,0.0,0.0,0.0,0.0,0.0,0.0,0.0,0.0,0.0,0.0,0.0,0.0,0.0,0.0,0.0,0.0,0.0,0.0,0.0,0.0,0.0,0.0,0.0,0.0,0.0,0.0,0.0,0.0,0.0,0.0,0.0,0.0,0.0,1.0,4.0,1.0,0.0,1.0,11.0,11.0,12.0,3.0,17.0,26.0,19.0,0.0,0.0,0.0,0.0,0.0,0.0,0.0,0.0,0.0,0.0,0.0,0.0,0.0,0.0,0.0,0.0,0.0,0.0,1.0,5.0,1.0,0.0,1.0,16.0,14.0,17.0,3.0,25.0,34.0,26.0
570,1.0,570.0,London_423,newnew,151,453,1092.0,70.0,2.0,163080.0,0.7980117710540071,813.0,105.0,0.0,105.0,174.0,0.0,174.0,144.0,203.0,115.0,15.0,83.0,5.0,19.0,1.0,12.0,8.0,84.0,131.0,230.0,49.0,0.0,0.0,0.0,0.0,0.0,0.0,0.0,0.0,0.0,0.0,0.0,0.0,0.0,0.0,0.0,0.0,0.0,0.0,0.0,0.0,0.0,0.0,0.0,0.0,0.0,0.0,0.0,0.0,0.0,0.0,0.0,0.0,0.0,0.0,0.0,0.0,0.0,0.0,3.0,0.0,0.0,1.0,1.0,12.0,6.0,11.0,15.0,21.0,27.0,26.0,0.0,0.0,0.0,0.0,0.0,0.0,0.0,0.0,0.0,0.0,0.0,0.0,0.0,0.0,0.0,0.0,0.0,0.0,3.0,0.0,0.0,2.0,1.0,20.0,7.0,15.0,18.0,31.0,38.0,30.0
571,1.0,571.0,London_423,newnew,151,453,1092.0,70.0,2.0,153114.0,0.7020741509040818,791.0,59.0,0.0,59.0,104.0,0.0,104.0,174.0,211.0,114.0,10.0,83.0,3.0,25.0,0.0,7.0,6.0,83.0,142.0,222.0,49.0,0.0,0.0,0.0,0.0,0.0,0.0,0.0,0.0,0.0,0.0,0.0,0.0,0.0,0.0,0.0,0.0,0.0,0.0,0.0,0.0,0.0,0.0,0.0,0.0,0.0,0.0,0.0,0.0,0.0,0.0,0.0,0.0,0.0,0.0,0.0,0.0,0.0,0.0,7.0,0.0,2.0,3.0,1.0,3.0,6.0,7.0,5.0,10.0,15.0,9.0,0.0,0.0,0.0,0.0,0.0,0.0,0.0,0.0,0.0,0.0,0.0,0.0,0.0,0.0,0.0,0.0,0.0,0.0,9.0,0.0,2.0,3.0,1.0,4.0,7.0,11.0,6.0,15.0,22.0,12.0
572,1.0,572.0,London_423,newnew,151,453,1092.0,70.0,2.0,166251.0,0.8409991129301488,820.0,143.0,2.0,141.0,270.0,19.0,251.0,104.0,223.0,114.0,13.0,72.0,4.0,25.0,0.0,2.0,7.0,87.0,143.0,216.0,50.0,0.0,0.0,0.0,0.0,0.0,0.0,0.0,0.0,0.0,0.0,0.0,0.0,0.0,0.0,0.0,0.0,0.0,0.0,0.0,0.0,0.0,0.0,0.0,0.0,0.0,0.0,0.0,0.0,1.0,0.0,0.0,0.0,0.0,0.0,1.0,0.0,0.0,0.0,4.0,23.0,1.0,1.0,22.0,8.0,6.0,3.0,16.0,26.0,38.0,25.0,0.0,0.0,0.0,0.0,0.0,0.0,0.0,0.0,2.0,0.0,0.0,0.0,0.0,0.0,1.0,0.0,0.0,0.0,6.0,30.0,1.0,1.0,22.0,10.0,6.0,5.0,19.0,39.0,55.0,37.0
573,1.0,573.0,London_423,newnew,151,453,1092.0,70.0,2.0,131823.0,0.4258585049537942,744.0,37.0,1.0,36.0,79.0,9.0,70.0,270.0,205.0,111.0,19.0,75.0,8.0,32.0,1.0,2.0,5.0,83.0,152.0,213.0,39.0,0.0,0.0,0.0,0.0,0.0,0.0,0.0,0.0,0.0,0.0,0.0,0.0,0.0,0.0,0.0,0.0,0.0,0.0,0.0,0.0,0.0,0.0,0.0,0.0,0.0,0.0,0.0,0.0,1.0,0.0,0.0,0.0,0.0,0.0,1.0,0.0,0.0,0.0,2.0,0.0,0.0,3.0,0.0,5.0,2.0,3.0,4.0,6.0,11.0,7.0,0.0,0.0,0.0,0.0,0.0,0.0,0.0,0.0,1.0,0.0,0.0,0.0,0.0,0.0,2.0,0.0,0.0,0.0,2.0,0.0,0.0,4.0,0.0,7.0,3.0,3.0,6.0,7.0,21.0,9.0
574,1.0,574.0,London_423,newnew,151,453,1092.0,70.0,2.0,154473.0,0.6437637029448524,794.0,124.0,2.0,122.0,249.0,19.0,230.0,79.0,210.0,113.0,19.0,64.0,8.0,37.0,0.0,2.0,6.0,78.0,152.0,217.0,43.0,0.0,0.0,0.0,0.0,0.0,0.0,0.0,0.0,0.0,0.0,0.0,0.0,0.0,0.0,0.0,0.0,0.0,0.0,0.0,0.0,0.0,0.0,0.0,0.0,0.0,0.0,0.0,0.0,0.0,0.0,0.0,0.0,0.0,0.0,0.0,0.0,0.0,0.0,2.0,11.0,1.0,1.0,2.0,21.0,10.0,4.0,6.0,32.0,23.0,22.0,0.0,0.0,0.0,0.0,0.0,0.0,0.0,0.0,0.0,0.0,0.0,0.0,0.0,0.0,0.0,0.0,0.0,0.0,3.0,16.0,1.0,1.0,2.0,28.0,16.0,6.0,11.0,52.0,35.0,32.0
575,1.0,575.0,London_423,newnew,151,453,1092.0,70.0,2.0,131370.0,0.577488831942901,743.0,70.0,2.0,68.0,122.0,16.0,106.0,249.0,203.0,94.0,20.0,78.0,13.0,41.0,1.0,3.0,9.0,80.0,143.0,221.0,39.0,0.0,0.0,0.0,0.0,0.0,0.0,0.0,0.0,0.0,0.0,0.0,0.0,0.0,0.0,0.0,0.0,0.0,0.0,0.0,0.0,0.0,0.0,0.0,0.0,0.0,0.0,0.0,0.0,1.0,0.0,0.0,1.0,0.0,1.0,2.0,0.0,0.0,0.0,3.0,0.0,0.0,1.0,1.0,13.0,6.0,4.0,11.0,15.0,19.0,10.0,0.0,0.0,0.0,0.0,0.0,0.0,0.0,0.0,2.0,0.0,0.0,4.0,0.0,7.0,4.0,0.0,0.0,0.0,4.0,0.0,0.0,1.0,1.0,16.0,9.0,5.0,14.0,22.0,27.0,13.0
576,1.0,576.0,London_423,newnew,151,453,1092.0,70.0,2.0,138618.0,0.5221971609862521,759.0,44.0,2.0,42.0,88.0,18.0,70.0,122.0,217.0,111.0,10.0,66.0,15.0,33.0,0.0,1.0,9.0,82.0,133.0,229.0,50.0,0.0,0.0,0.0,0.0,0.0,0.0,0.0,0.0,0.0,0.0,0.0,0.0,0.0,0.0,0.0,0.0,0.0,0.0,0.0,0.0,0.0,0.0,0.0,0.0,0.0,0.0,0.0,0.0,1.0,0.0,0.0,1.0,0.0,0.0,2.0,0.0,0.0,0.0,2.0,0.0,0.0,1.0,0.0,7.0,1.0,0.0,6.0,10.0,4.0,12.0,0.0,0.0,0.0,0.0,0.0,0.0,0.0,0.0,4.0,0.0,0.0,5.0,0.0,0.0,4.0,0.0,0.0,0.0,3.0,0.0,0.0,2.0,0.0,8.0,2.0,0.0,7.0,15.0,8.0,13.0
577,1.0,577.0,London_423,newnew,151,453,1092.0,70.0,2.0,156738.0,0.8521851570112631,799.0,145.0,0.0,145.0,254.0,0.0,254.0,88.0,216.0,120.0,7.0,68.0,17.0,24.0,0.0,1.0,4.0,80.0,142.0,227.0,44.0,0.0,0.0,0.0,0.0,0.0,0.0,0.0,0.0,0.0,0.0,0.0,0.0,0.0,0.0,0.0,0.0,0.0,0.0,0.0,0.0,0.0,0.0,0.0,0.0,0.0,0.0,0.0,0.0,0.0,0.0,0.0,0.0,0.0,0.0,0.0,0.0,0.0,0.0,3.0,8.0,1.0,1.0,11.0,13.0,14.0,11.0,7.0,28.0,38.0,30.0,0.0,0.0,0.0,0.0,0.0,0.0,0.0,0.0,0.0,0.0,0.0,0.0,0.0,0.0,0.0,0.0,0.0,0.0,4.0,13.0,1.0,2.0,12.0,19.0,14.0,16.0,9.0,38.0,61.0,40.0
578,1.0,578.0,London_423,newnew,151,453,1092.0,70.0,2.0,120045.0,0.33928020496387035,718.0,0.0,0.0,0.0,0.0,0.0,0.0,254.0,213.0,104.0,14.0,86.0,10.0,20.0,1.0,5.0,9.0,81.0,140.0,223.0,43.0,0.0,0.0,0.0,0.0,0.0,0.0,0.0,0.0,0.0,0.0,0.0,0.0,0.0,0.0,0.0,0.0,0.0,0.0,0.0,0.0,0.0,0.0,0.0,0.0,0.0,0.0,0.0,0.0,0.0,0.0,0.0,0.0,0.0,0.0,0.0,0.0,0.0,0.0,0.0,0.0,0.0,0.0,0.0,0.0,0.0,0.0,0.0,0.0,0.0,0.0,0.0,0.0,0.0,0.0,0.0,0.0,0.0,0.0,0.0,0.0,0.0,0.0,0.0,0.0,0.0,0.0,0.0,0.0,0.0,0.0,0.0,0.0,0.0,0.0,0.0,0.0,0.0,0.0,0.0,0.0
579,1.0,579.0,London_423,newnew,151,453,1092.0,70.0,2.0,161268.0,0.5684544339310378,809.0,64.0,1.0,63.0,114.0,10.0,104.0,0.0,213.0,104.0,14.0,86.0,10.0,20.0,1.0,5.0,9.0,81.0,140.0,223.0,43.0,0.0,0.0,0.0,0.0,0.0,0.0,0.0,0.0,0.0,0.0,0.0,0.0,0.0,0.0,0.0,0.0,0.0,0.0,0.0,0.0,0.0,0.0,0.0,0.0,0.0,0.0,0.0,0.0,0.0,1.0,0.0,1.0,0.0,0.0,1.0,0.0,0.0,0.0,1.0,4.0,1.0,0.0,0.0,10.0,2.0,3.0,5.0,10.0,19.0,14.0,0.0,0.0,0.0,0.0,0.0,0.0,0.0,0.0,0.0,9.0,0.0,5.0,0.0,0.0,5.0,0.0,0.0,0.0,2.0,6.0,1.0,0.0,0.0,13.0,2.0,3.0,6.0,12.0,27.0,17.0
580,1.0,580.0,London_423,newnew,151,453,1092.0,70.0,2.0,183918.0,0.8822893259348348,859.0,135.0,0.0,135.0,235.0,0.0,235.0,114.0,221.0,100.0,13.0,78.0,2.0,30.0,3.0,6.0,11.0,86.0,143.0,213.0,50.0,0.0,0.0,0.0,0.0,0.0,0.0,0.0,0.0,0.0,0.0,0.0,0.0,0.0,0.0,0.0,0.0,0.0,0.0,0.0,0.0,0.0,0.0,0.0,0.0,0.0,0.0,0.0,0.0,0.0,0.0,0.0,0.0,0.0,0.0,0.0,0.0,0.0,0.0,6.0,16.0,5.0,2.0,4.0,8.0,3.0,1.0,12.0,27.0,33.0,18.0,0.0,0.0,0.0,0.0,0.0,0.0,0.0,0.0,0.0,0.0,0.0,0.0,0.0,0.0,0.0,0.0,0.0,0.0,8.0,20.0,5.0,2.0,4.0,12.0,4.0,1.0,18.0,40.0,43.0,20.0
581,1.0,581.0,London_423,newnew,151,453,1092.0,70.0,2.0,162174.0,0.7390123889781535,811.0,119.0,2.0,117.0,216.0,18.0,198.0,235.0,203.0,81.0,22.0,79.0,10.0,48.0,0.0,10.0,6.0,87.0,140.0,220.0,42.0,0.0,0.0,0.0,0.0,0.0,0.0,0.0,0.0,0.0,0.0,0.0,0.0,0.0,0.0,0.0,0.0,0.0,0.0,0.0,0.0,0.0,0.0,0.0,0.0,0.0,0.0,0.0,0.0,1.0,0.0,0.0,1.0,2.0,0.0,2.0,0.0,0.0,0.0,2.0,10.0,4.0,1.0,0.0,9.0,11.0,7.0,22.0,29.0,26.0,25.0,0.0,0.0,0.0,0.0,0.0,0.0,0.0,0.0,4.0,0.0,0.0,5.0,14.0,0.0,7.0,0.0,0.0,0.0,3.0,15.0,4.0,1.0,0.0,15.0,16.0,10.0,27.0,46.0,39.0,31.0
582,1.0,582.0,London_423,newnew,151,453,1092.0,70.0,2.0,144960.0,0.5874774990370497,773.0,104.0,1.0,103.0,193.0,9.0,184.0,216.0,215.0,73.0,25.0,78.0,7.0,41.0,2.0,12.0,4.0,80.0,141.0,228.0,36.0,0.0,0.0,0.0,0.0,0.0,0.0,0.0,0.0,0.0,0.0,0.0,0.0,0.0,0.0,0.0,0.0,0.0,0.0,0.0,0.0,0.0,0.0,0.0,0.0,0.0,0.0,0.0,0.0,0.0,0.0,0.0,0.0,0.0,0.0,1.0,0.0,0.0,0.0,6.0,2.0,0.0,1.0,0.0,16.0,12.0,9.0,13.0,15.0,32.0,19.0,0.0,0.0,0.0,0.0,0.0,0.0,0.0,0.0,0.0,0.0,0.0,0.0,0.0,0.0,4.0,0.0,0.0,0.0,7.0,2.0,0.0,1.0,0.0,24.0,17.0,11.0,17.0,24.0,47.0,23.0
583,1.0,583.0,London_423,newnew,151,453,1092.0,70.0,2.0,136806.0,0.46888223197311163,755.0,24.0,0.0,24.0,41.0,0.0,41.0,193.0,220.0,71.0,24.0,66.0,10.0,51.0,1.0,10.0,7.0,77.0,141.0,228.0,34.0,0.0,0.0,0.0,0.0,0.0,0.0,0.0,0.0,0.0,0.0,0.0,0.0,0.0,0.0,0.0,0.0,0.0,0.0,0.0,0.0,0.0,0.0,0.0,0.0,0.0,0.0,0.0,0.0,0.0,0.0,0.0,0.0,0.0,0.0,0.0,0.0,0.0,0.0,2.0,0.0,1.0,0.0,0.0,2.0,3.0,1.0,3.0,3.0,6.0,6.0,0.0,0.0,0.0,0.0,0.0,0.0,0.0,0.0,0.0,0.0,0.0,0.0,0.0,0.0,0.0,0.0,0.0,0.0,2.0,0.0,1.0,0.0,0.0,5.0,3.0,1.0,4.0,6.0,8.0,7.0
584,1.0,584.0,London_423,newnew,151,453,1092.0,70.0,2.0,167610.0,0.7348933919565752,823.0,70.0,0.0,70.0,118.0,0.0,118.0,41.0,227.0,75.0,23.0,58.0,9.0,51.0,0.0,10.0,7.0,76.0,139.0,231.0,38.0,0.0,0.0,0.0,0.0,0.0,0.0,0.0,0.0,0.0,0.0,0.0,0.0,0.0,0.0,0.0,0.0,0.0,0.0,0.0,0.0,0.0,0.0,0.0,0.0,0.0,0.0,0.0,0.0,0.0,0.0,0.0,0.0,0.0,0.0,0.0,0.0,0.0,0.0,1.0,3.0,0.0,0.0,0.0,9.0,6.0,2.0,6.0,10.0,11.0,15.0,0.0,0.0,0.0,0.0,0.0,0.0,0.0,0.0,0.0,0.0,0.0,0.0,0.0,0.0,0.0,0.0,0.0,0.0,1.0,4.0,0.0,0.0,0.0,15.0,12.0,2.0,8.0,15.0,17.0,20.0
585,1.0,585.0,London_423,newnew,151,453,1092.0,70.0,2.0,180294.0,0.8863457870902494,851.0,111.0,2.0,109.0,206.0,19.0,187.0,118.0,237.0,65.0,26.0,56.0,12.0,53.0,1.0,3.0,5.0,73.0,156.0,219.0,41.0,0.0,0.0,0.0,0.0,0.0,0.0,0.0,0.0,0.0,0.0,0.0,0.0,0.0,0.0,0.0,0.0,0.0,0.0,0.0,0.0,0.0,0.0,0.0,0.0,0.0,0.0,0.0,0.0,1.0,0.0,0.0,1.0,0.0,1.0,1.0,0.0,0.0,0.0,1.0,18.0,10.0,1.0,3.0,8.0,17.0,5.0,14.0,21.0,23.0,12.0,0.0,0.0,0.0,0.0,0.0,0.0,0.0,0.0,6.0,0.0,0.0,5.0,0.0,6.0,2.0,0.0,0.0,0.0,1.0,27.0,11.0,1.0,4.0,9.0,23.0,5.0,17.0,34.0,33.0,14.0
586,1.0,586.0,London_423,newnew,151,453,1092.0,70.0,2.0,173952.0,0.754574064980261,837.0,103.0,0.0,103.0,185.0,0.0,185.0,206.0,246.0,74.0,14.0,60.0,6.0,45.0,3.0,5.0,5.0,88.0,145.0,215.0,46.0,0.0,0.0,0.0,0.0,0.0,0.0,0.0,0.0,0.0,0.0,0.0,0.0,0.0,0.0,0.0,0.0,0.0,0.0,0.0,0.0,0.0,0.0,0.0,0.0,0.0,0.0,0.0,0.0,0.0,0.0,0.0,0.0,0.0,0.0,0.0,0.0,0.0,0.0,1.0,11.0,0.0,0.0,5.0,12.0,9.0,4.0,12.0,17.0,22.0,27.0,0.0,0.0,0.0,0.0,0.0,0.0,0.0,0.0,0.0,0.0,0.0,0.0,0.0,0.0,0.0,0.0,0.0,0.0,1.0,14.0,0.0,0.0,6.0,17.0,11.0,4.0,15.0,28.0,33.0,38.0
587,1.0,587.0,London_423,newnew,151,453,1092.0,70.0,2.0,175764.0,0.6396815000334755,841.0,53.0,2.0,51.0,102.0,16.0,86.0,185.0,257.0,65.0,10.0,61.0,5.0,47.0,4.0,4.0,6.0,70.0,149.0,228.0,46.0,0.0,0.0,0.0,0.0,0.0,0.0,0.0,0.0,0.0,0.0,0.0,0.0,0.0,0.0,0.0,0.0,0.0,0.0,0.0,0.0,0.0,0.0,0.0,0.0,0.0,0.0,0.0,0.0,1.0,0.0,0.0,0.0,0.0,2.0,2.0,0.0,0.0,0.0,1.0,2.0,0.0,0.0,0.0,5.0,5.0,4.0,10.0,11.0,16.0,10.0,0.0,0.0,0.0,0.0,0.0,0.0,0.0,0.0,3.0,0.0,0.0,0.0,0.0,11.0,7.0,0.0,0.0,0.0,1.0,2.0,0.0,0.0,0.0,8.0,7.0,6.0,13.0,14.0,22.0,13.0
588,1.0,588.0,London_423,newnew,151,453,1092.0,70.0,2.0,185730.0,0.8176235610153526,863.0,130.0,1.0,129.0,228.0,9.0,219.0,102.0,266.0,66.0,4.0,61.0,7.0,41.0,4.0,4.0,7.0,72.0,139.0,235.0,38.0,0.0,0.0,0.0,0.0,0.0,0.0,0.0,0.0,0.0,0.0,0.0,0.0,0.0,0.0,0.0,0.0,0.0,0.0,0.0,0.0,0.0,0.0,0.0,0.0,0.0,0.0,0.0,0.0,0.0,0.0,0.0,0.0,0.0,0.0,0.0,0.0,0.0,0.0,0.0,9.0,0.0,1.0,2.0,13.0,13.0,4.0,8.0,30.0,30.0,18.0,0.0,0.0,0.0,0.0,0.0,0.0,0.0,0.0,0.0,0.0,0.0,0.0,0.0,0.0,0.0,0.0,0.0,0.0,0.0,13.0,0.0,1.0,2.0,16.0,21.0,6.0,9.0,49.0,43.0,22.0
589,1.0,589.0,London_423,newnew,151,453,1092.0,70.0,2.0,153567.0,0.6367121199145913,792.0,112.0,2.0,110.0,204.0,18.0,186.0,228.0,240.0,92.0,25.0,64.0,3.0,24.0,0.0,5.0,9.0,76.0,145.0,223.0,27.0,0.0,0.0,0.0,0.0,0.0,0.0,0.0,0.0,0.0,0.0,0.0,0.0,0.0,0.0,0.0,0.0,0.0,0.0,0.0,0.0,0.0,0.0,0.0,0.0,0.0,0.0,0.0,0.0,1.0,0.0,0.0,1.0,1.0,0.0,0.0,0.0,0.0,0.0,3.0,2.0,1.0,3.0,9.0,14.0,7.0,8.0,21.0,20.0,24.0,25.0,0.0,0.0,0.0,0.0,0.0,0.0,0.0,0.0,4.0,0.0,0.0,2.0,9.0,0.0,0.0,0.0,0.0,0.0,5.0,2.0,1.0,3.0,9.0,21.0,10.0,8.0,28.0,33.0,34.0,30.0
590,1.0,590.0,London_423,newnew,151,453,1092.0,70.0,2.0,138618.0,0.5991434949683025,759.0,132.0,2.0,130.0,245.0,17.0,228.0,204.0,255.0,94.0,16.0,47.0,7.0,31.0,0.0,3.0,5.0,90.0,142.0,216.0,32.0,0.0,0.0,0.0,0.0,0.0,0.0,0.0,0.0,0.0,0.0,0.0,0.0,0.0,0.0,0.0,0.0,0.0,0.0,0.0,0.0,0.0,0.0,0.0,0.0,0.0,0.0,0.0,0.0,1.0,0.0,0.0,1.0,0.0,0.0,1.0,0.0,0.0,0.0,1.0,1.0,1.0,4.0,3.0,9.0,11.0,5.0,12.0,17.0,35.0,18.0,0.0,0.0,0.0,0.0,0.0,0.0,0.0,0.0,4.0,0.0,0.0,3.0,0.0,0.0,2.0,0.0,0.0,0.0,1.0,1.0,1.0,5.0,4.0,11.0,16.0,6.0,15.0,23.0,56.0,21.0
591,1.0,591.0,London_423,newnew,151,453,1092.0,70.0,2.0,112344.0,0.3464776451000944,701.0,2.0,0.0,2.0,3.0,0.0,3.0,245.0,244.0,83.0,26.0,73.0,7.0,14.0,2.0,4.0,10.0,78.0,138.0,227.0,33.0,0.0,0.0,0.0,0.0,0.0,0.0,0.0,0.0,0.0,0.0,0.0,0.0,0.0,0.0,0.0,0.0,0.0,0.0,0.0,0.0,0.0,0.0,0.0,0.0,0.0,0.0,0.0,0.0,0.0,0.0,0.0,0.0,0.0,0.0,0.0,0.0,0.0,0.0,0.0,0.0,0.0,0.0,0.0,0.0,0.0,0.0,0.0,1.0,0.0,0.0,0.0,0.0,0.0,0.0,0.0,0.0,0.0,0.0,0.0,0.0,0.0,0.0,0.0,0.0,0.0,0.0,0.0,0.0,0.0,0.0,0.0,0.0,0.0,0.0,0.0,0.0,0.0,1.0,0.0,0.0
592,1.0,592.0,London_423,newnew,151,453,1092.0,70.0,2.0,140883.0,0.6009415629087016,764.0,121.0,2.0,119.0,235.0,19.0,216.0,3.0,244.0,84.0,27.0,71.0,7.0,14.0,2.0,4.0,10.0,79.0,137.0,227.0,33.0,0.0,0.0,0.0,0.0,0.0,0.0,0.0,0.0,0.0,0.0,0.0,0.0,0.0,0.0,0.0,0.0,0.0,0.0,0.0,0.0,0.0,0.0,0.0,0.0,0.0,0.0,0.0,0.0,0.0,0.0,0.0,2.0,1.0,0.0,0.0,0.0,0.0,0.0,0.0,13.0,1.0,0.0,5.0,10.0,6.0,4.0,10.0,23.0,23.0,17.0,0.0,0.0,0.0,0.0,0.0,0.0,0.0,0.0,0.0,0.0,0.0,3.0,7.0,0.0,0.0,0.0,0.0,0.0,0.0,16.0,2.0,0.0,5.0,14.0,7.0,5.0,13.0,33.0,40.0,21.0
593,1.0,593.0,London_423,newnew,151,453,1092.0,70.0,2.0,116874.0,0.47176686907187104,711.0,71.0,0.0,71.0,130.0,0.0,130.0,235.0,244.0,101.0,17.0,54.0,6.0,22.0,1.0,8.0,4.0,71.0,147.0,231.0,29.0,0.0,0.0,0.0,0.0,0.0,0.0,0.0,0.0,0.0,0.0,0.0,0.0,0.0,0.0,0.0,0.0,0.0,0.0,0.0,0.0,0.0,0.0,0.0,0.0,0.0,0.0,0.0,0.0,0.0,0.0,0.0,0.0,0.0,0.0,0.0,0.0,0.0,0.0,3.0,4.0,0.0,0.0,1.0,5.0,5.0,1.0,8.0,10.0,18.0,19.0,0.0,0.0,0.0,0.0,0.0,0.0,0.0,0.0,0.0,0.0,0.0,0.0,0.0,0.0,0.0,0.0,0.0,0.0,3.0,5.0,0.0,0.0,1.0,6.0,6.0,1.0,12.0,13.0,27.0,27.0
594,1.0,594.0,London_423,newnew,151,453,1092.0,70.0,2.0,116421.0,0.3827808629721403,710.0,10.0,0.0,10.0,17.0,0.0,17.0,130.0,239.0,95.0,16.0,69.0,6.0,26.0,1.0,1.0,9.0,59.0,156.0,229.0,41.0,0.0,0.0,0.0,0.0,0.0,0.0,0.0,0.0,0.0,0.0,0.0,0.0,0.0,0.0,0.0,0.0,0.0,0.0,0.0,0.0,0.0,0.0,0.0,0.0,0.0,0.0,0.0,0.0,0.0,0.0,0.0,0.0,0.0,0.0,0.0,0.0,0.0,0.0,1.0,0.0,1.0,0.0,0.0,2.0,1.0,1.0,1.0,1.0,2.0,4.0,0.0,0.0,0.0,0.0,0.0,0.0,0.0,0.0,0.0,0.0,0.0,0.0,0.0,0.0,0.0,0.0,0.0,0.0,1.0,0.0,1.0,0.0,0.0,2.0,2.0,1.0,1.0,2.0,2.0,5.0
595,1.0,595.0,London_423,newnew,151,453,1092.0,70.0,2.0,147678.0,0.6280294059542939,779.0,50.0,2.0,48.0,107.0,18.0,89.0,17.0,243.0,95.0,15.0,70.0,4.0,26.0,0.0,0.0,9.0,60.0,150.0,234.0,42.0,0.0,0.0,0.0,0.0,0.0,0.0,0.0,0.0,0.0,0.0,0.0,0.0,0.0,0.0,0.0,0.0,0.0,0.0,0.0,0.0,0.0,0.0,0.0,0.0,0.0,0.0,0.0,0.0,1.0,0.0,0.0,1.0,0.0,1.0,2.0,0.0,0.0,0.0,1.0,3.0,1.0,0.0,3.0,7.0,1.0,2.0,10.0,5.0,12.0,12.0,0.0,0.0,0.0,0.0,0.0,0.0,0.0,0.0,6.0,0.0,0.0,4.0,0.0,6.0,7.0,0.0,0.0,0.0,1.0,3.0,1.0,0.0,4.0,11.0,2.0,3.0,18.0,12.0,21.0,14.0
596,1.0,596.0,London_423,newnew,151,453,1092.0,70.0,2.0,161268.0,0.9653404529672116,809.0,150.0,0.0,150.0,267.0,0.0,267.0,107.0,252.0,119.0,15.0,56.0,5.0,5.0,0.0,1.0,9.0,73.0,149.0,222.0,38.0,0.0,0.0,0.0,0.0,0.0,0.0,0.0,0.0,0.0,0.0,0.0,0.0,0.0,0.0,0.0,0.0,0.0,0.0,0.0,0.0,0.0,0.0,0.0,0.0,0.0,0.0,0.0,0.0,0.0,0.0,0.0,0.0,0.0,0.0,0.0,0.0,0.0,0.0,0.0,5.0,2.0,0.0,1.0,18.0,9.0,12.0,16.0,25.0,26.0,20.0,0.0,0.0,0.0,0.0,0.0,0.0,0.0,0.0,0.0,0.0,0.0,0.0,0.0,0.0,0.0,0.0,0.0,0.0,0.0,6.0,2.0,0.0,1.0,25.0,10.0,16.0,23.0,41.0,36.0,25.0
597,1.0,597.0,London_423,newnew,151,453,1092.0,70.0,2.0,132729.0,0.4902587130200118,746.0,83.0,1.0,82.0,143.0,9.0,134.0,267.0,217.0,103.0,24.0,73.0,8.0,21.0,3.0,4.0,8.0,70.0,167.0,208.0,36.0,0.0,0.0,0.0,0.0,0.0,0.0,0.0,0.0,0.0,0.0,0.0,0.0,0.0,0.0,0.0,0.0,0.0,0.0,0.0,0.0,0.0,0.0,0.0,0.0,0.0,0.0,0.0,0.0,1.0,0.0,0.0,1.0,0.0,1.0,1.0,0.0,0.0,0.0,4.0,10.0,0.0,2.0,2.0,6.0,3.0,4.0,10.0,11.0,14.0,19.0,0.0,0.0,0.0,0.0,0.0,0.0,0.0,0.0,2.0,0.0,0.0,5.0,0.0,6.0,3.0,0.0,0.0,0.0,4.0,14.0,0.0,3.0,2.0,6.0,3.0,5.0,16.0,16.0,20.0,22.0
598,1.0,598.0,London_423,newnew,151,453,1092.0,70.0,2.0,126387.0,0.4705562529852614,732.0,14.0,0.0,14.0,19.0,0.0,19.0,143.0,223.0,129.0,27.0,44.0,3.0,23.0,0.0,4.0,8.0,67.0,154.0,224.0,41.0,0.0,0.0,0.0,0.0,0.0,0.0,0.0,0.0,0.0,0.0,0.0,0.0,0.0,0.0,0.0,0.0,0.0,0.0,0.0,0.0,0.0,0.0,0.0,0.0,0.0,0.0,0.0,0.0,0.0,0.0,0.0,0.0,0.0,0.0,0.0,0.0,0.0,0.0,0.0,1.0,0.0,0.0,0.0,1.0,2.0,0.0,1.0,2.0,3.0,6.0,0.0,0.0,0.0,0.0,0.0,0.0,0.0,0.0,0.0,0.0,0.0,0.0,0.0,0.0,0.0,0.0,0.0,0.0,0.0,1.0,0.0,0.0,0.0,1.0,3.0,0.0,1.0,2.0,4.0,6.0
599,1.0,599.0,London_423,newnew,151,453,1092.0,70.0,2.0,163080.0,0.713749208021909,813.0,42.0,2.0,40.0,89.0,17.0,72.0,19.0,223.0,132.0,25.0,45.0,3.0,23.0,0.0,2.0,9.0,72.0,152.0,220.0,44.0,0.0,0.0,0.0,0.0,0.0,0.0,0.0,0.0,0.0,0.0,0.0,0.0,0.0,0.0,0.0,0.0,0.0,0.0,0.0,0.0,0.0,0.0,0.0,0.0,0.0,0.0,0.0,0.0,1.0,0.0,0.0,1.0,1.0,0.0,0.0,0.0,0.0,0.0,1.0,3.0,0.0,0.0,0.0,0.0,4.0,1.0,6.0,4.0,13.0,5.0,0.0,0.0,0.0,0.0,0.0,0.0,0.0,0.0,3.0,0.0,0.0,3.0,7.0,0.0,0.0,0.0,0.0,0.0,2.0,5.0,0.0,0.0,0.0,0.0,5.0,1.0,8.0,8.0,19.0,8.0
600,1.0,600.0,London_423,newnew,151,453,1092.0,70.0,2.0,183918.0,0.9325785480905324,859.0,165.0,0.0,165.0,274.0,0.0,274.0,89.0,210.0,153.0,29.0,35.0,5.0,19.0,1.0,1.0,8.0,69.0,141.0,235.0,50.0,0.0,0.0,0.0,0.0,0.0,0.0,0.0,0.0,0.0,0.0,0.0,0.0,0.0,0.0,0.0,0.0,0.0,0.0,0.0,0.0,0.0,0.0,0.0,0.0,0.0,0.0,0.0,0.0,0.0,0.0,0.0,0.0,0.0,0.0,0.0,0.0,0.0,0.0,0.0,24.0,1.0,7.0,1.0,9.0,15.0,3.0,12.0,28.0,47.0,16.0,0.0,0.0,0.0,0.0,0.0,0.0,0.0,0.0,0.0,0.0,0.0,0.0,0.0,0.0,0.0,0.0,0.0,0.0,0.0,39.0,1.0,10.0,1.0,15.0,17.0,5.0,17.0,38.0,67.0,21.0
601,1.0,601.0,London_423,newnew,151,453,1092.0,70.0,2.0,146319.0,0.5274146280717105,776.0,93.0,1.0,92.0,156.0,12.0,144.0,274.0,217.0,117.0,10.0,76.0,2.0,20.0,4.0,7.0,5.0,76.0,145.0,227.0,36.0,0.0,0.0,0.0,0.0,0.0,0.0,0.0,0.0,0.0,0.0,0.0,0.0,0.0,0.0,0.0,0.0,0.0,0.0,0.0,0.0,0.0,0.0,0.0,0.0,0.0,0.0,0.0,0.0,1.0,0.0,0.0,0.0,0.0,0.0,0.0,0.0,0.0,0.0,0.0,2.0,0.0,2.0,0.0,6.0,8.0,10.0,3.0,23.0,19.0,22.0,0.0,0.0,0.0,0.0,0.0,0.0,0.0,0.0,1.0,0.0,0.0,0.0,0.0,0.0,0.0,0.0,0.0,0.0,0.0,3.0,0.0,2.0,0.0,9.0,11.0,16.0,3.0,29.0,25.0,28.0
602,1.0,602.0,London_423,newnew,151,453,1092.0,70.0,2.0,139071.0,0.6150662220316008,760.0,105.0,2.0,103.0,192.0,16.0,176.0,156.0,220.0,123.0,12.0,52.0,4.0,30.0,4.0,8.0,6.0,75.0,153.0,219.0,35.0,0.0,0.0,0.0,0.0,0.0,0.0,0.0,0.0,0.0,0.0,0.0,0.0,0.0,0.0,0.0,0.0,0.0,0.0,0.0,0.0,0.0,0.0,0.0,0.0,0.0,0.0,0.0,0.0,1.0,0.0,0.0,1.0,0.0,0.0,1.0,0.0,0.0,0.0,7.0,3.0,0.0,6.0,0.0,5.0,8.0,3.0,9.0,24.0,18.0,25.0,0.0,0.0,0.0,0.0,0.0,0.0,0.0,0.0,1.0,0.0,0.0,7.0,0.0,0.0,1.0,0.0,0.0,0.0,10.0,5.0,0.0,13.0,0.0,5.0,10.0,3.0,11.0,33.0,29.0,31.0
603,1.0,603.0,London_423,newnew,151,453,1092.0,70.0,2.0,129558.0,0.4402420510305092,739.0,5.0,2.0,3.0,22.0,18.0,4.0,192.0,217.0,109.0,15.0,61.0,13.0,30.0,3.0,5.0,6.0,79.0,141.0,227.0,53.0,0.0,0.0,0.0,0.0,0.0,0.0,0.0,0.0,0.0,0.0,0.0,0.0,0.0,0.0,0.0,0.0,0.0,0.0,0.0,0.0,0.0,0.0,0.0,0.0,0.0,0.0,0.0,0.0,0.0,1.0,0.0,1.0,0.0,1.0,1.0,0.0,0.0,0.0,0.0,0.0,0.0,0.0,0.0,0.0,0.0,0.0,0.0,0.0,0.0,1.0,0.0,0.0,0.0,0.0,0.0,0.0,0.0,0.0,0.0,7.0,0.0,6.0,0.0,5.0,3.0,0.0,0.0,0.0,0.0,0.0,0.0,0.0,0.0,0.0,0.0,0.0,0.0,0.0,0.0,1.0
604,1.0,604.0,London_423,newnew,151,453,1092.0,70.0,2.0,163533.0,0.6635506179882213,814.0,81.0,1.0,80.0,135.0,9.0,126.0,22.0,219.0,117.0,11.0,60.0,10.0,27.0,4.0,5.0,3.0,82.0,136.0,232.0,49.0,0.0,0.0,0.0,0.0,0.0,0.0,0.0,0.0,0.0,0.0,0.0,0.0,0.0,0.0,0.0,0.0,0.0,0.0,0.0,0.0,0.0,0.0,0.0,0.0,0.0,0.0,0.0,0.0,0.0,0.0,0.0,1.0,0.0,0.0,0.0,0.0,0.0,0.0,3.0,2.0,0.0,1.0,2.0,12.0,6.0,0.0,6.0,15.0,17.0,17.0,0.0,0.0,0.0,0.0,0.0,0.0,0.0,0.0,0.0,0.0,0.0,2.0,0.0,0.0,0.0,0.0,0.0,0.0,3.0,3.0,0.0,2.0,2.0,16.0,9.0,0.0,6.0,20.0,26.0,21.0
605,1.0,605.0,London_423,newnew,151,453,1092.0,70.0,2.0,158550.0,0.6827988449949771,803.0,58.0,0.0,58.0,104.0,0.0,104.0,135.0,228.0,126.0,11.0,41.0,12.0,28.0,1.0,6.0,4.0,82.0,134.0,233.0,50.0,0.0,0.0,0.0,0.0,0.0,0.0,0.0,0.0,0.0,0.0,0.0,0.0,0.0,0.0,0.0,0.0,0.0,0.0,0.0,0.0,0.0,0.0,0.0,0.0,0.0,0.0,0.0,0.0,0.0,0.0,0.0,0.0,0.0,0.0,0.0,0.0,0.0,0.0,3.0,0.0,0.0,2.0,0.0,8.0,4.0,5.0,5.0,11.0,15.0,16.0,0.0,0.0,0.0,0.0,0.0,0.0,0.0,0.0,0.0,0.0,0.0,0.0,0.0,0.0,0.0,0.0,0.0,0.0,3.0,0.0,0.0,4.0,0.0,14.0,8.0,7.0,6.0,15.0,25.0,21.0
606,1.0,606.0,London_423,newnew,151,453,1092.0,70.0,2.0,174858.0,0.8778690070612356,839.0,115.0,0.0,115.0,203.0,0.0,203.0,104.0,234.0,129.0,13.0,30.0,9.0,29.0,1.0,8.0,5.0,76.0,157.0,215.0,47.0,0.0,0.0,0.0,0.0,0.0,0.0,0.0,0.0,0.0,0.0,0.0,0.0,0.0,0.0,0.0,0.0,0.0,0.0,0.0,0.0,0.0,0.0,0.0,0.0,0.0,0.0,0.0,0.0,0.0,0.0,0.0,0.0,0.0,0.0,0.0,0.0,0.0,0.0,1.0,1.0,1.0,2.0,0.0,6.0,10.0,1.0,10.0,23.0,27.0,15.0,0.0,0.0,0.0,0.0,0.0,0.0,0.0,0.0,0.0,0.0,0.0,0.0,0.0,0.0,0.0,0.0,0.0,0.0,1.0,2.0,1.0,3.0,0.0,7.0,16.0,1.0,13.0,32.0,40.0,20.0
607,1.0,607.0,London_423,newnew,151,453,1092.0,70.0,2.0,163533.0,0.6554939670022577,814.0,115.0,2.0,113.0,216.0,19.0,197.0,203.0,229.0,107.0,13.0,57.0,8.0,31.0,1.0,7.0,4.0,68.0,164.0,217.0,32.0,0.0,0.0,0.0,0.0,0.0,0.0,0.0,0.0,0.0,0.0,0.0,0.0,0.0,0.0,0.0,0.0,0.0,0.0,0.0,0.0,0.0,0.0,0.0,0.0,0.0,0.0,0.0,0.0,0.0,0.0,0.0,2.0,1.0,0.0,2.0,0.0,0.0,0.0,5.0,9.0,10.0,2.0,0.0,7.0,17.0,8.0,19.0,20.0,27.0,23.0,0.0,0.0,0.0,0.0,0.0,0.0,0.0,0.0,0.0,0.0,0.0,8.0,8.0,0.0,8.0,0.0,0.0,0.0,5.0,17.0,11.0,3.0,0.0,9.0,23.0,12.0,26.0,25.0,41.0,32.0
608,1.0,608.0,London_423,newnew,151,453,1092.0,70.0,2.0,150396.0,0.6722742500714958,785.0,109.0,0.0,109.0,190.0,0.0,190.0,216.0,244.0,85.0,18.0,64.0,8.0,29.0,0.0,5.0,5.0,80.0,151.0,217.0,27.0,0.0,0.0,0.0,0.0,0.0,0.0,0.0,0.0,0.0,0.0,0.0,0.0,0.0,0.0,0.0,0.0,0.0,0.0,0.0,0.0,0.0,0.0,0.0,0.0,0.0,0.0,0.0,0.0,0.0,0.0,0.0,0.0,0.0,0.0,0.0,0.0,0.0,0.0,1.0,0.0,4.0,1.0,0.0,2.0,8.0,0.0,15.0,21.0,23.0,14.0,0.0,0.0,0.0,0.0,0.0,0.0,0.0,0.0,0.0,0.0,0.0,0.0,0.0,0.0,0.0,0.0,0.0,0.0,1.0,0.0,7.0,1.0,0.0,3.0,13.0,0.0,21.0,32.0,33.0,18.0
609,1.0,609.0,London_423,newnew,151,453,1092.0,70.0,2.0,138618.0,0.5550984849687666,759.0,65.0,1.0,64.0,114.0,8.0,106.0,190.0,260.0,62.0,14.0,63.0,7.0,37.0,3.0,7.0,3.0,76.0,153.0,221.0,27.0,0.0,0.0,0.0,0.0,0.0,0.0,0.0,0.0,0.0,0.0,0.0,0.0,0.0,0.0,0.0,0.0,0.0,0.0,0.0,0.0,0.0,0.0,0.0,0.0,0.0,0.0,0.0,0.0,1.0,0.0,0.0,0.0,0.0,0.0,1.0,0.0,0.0,0.0,4.0,3.0,1.0,1.0,0.0,4.0,6.0,1.0,9.0,9.0,21.0,8.0,0.0,0.0,0.0,0.0,0.0,0.0,0.0,0.0,2.0,0.0,0.0,0.0,0.0,0.0,3.0,0.0,0.0,0.0,4.0,4.0,2.0,1.0,0.0,4.0,10.0,1.0,12.0,14.0,27.0,10.0
610,1.0,610.0,London_423,newnew,151,453,1092.0,70.0,2.0,149037.0,0.5375747729558498,782.0,26.0,2.0,24.0,60.0,18.0,42.0,114.0,269.0,55.0,25.0,47.0,7.0,42.0,2.0,6.0,2.0,85.0,153.0,213.0,27.0,0.0,0.0,0.0,0.0,0.0,0.0,0.0,0.0,0.0,0.0,0.0,0.0,0.0,0.0,0.0,0.0,0.0,0.0,0.0,0.0,0.0,0.0,0.0,0.0,0.0,0.0,0.0,0.0,0.0,0.0,0.0,1.0,0.0,0.0,1.0,0.0,0.0,0.0,4.0,2.0,0.0,1.0,0.0,1.0,3.0,1.0,7.0,4.0,8.0,9.0,0.0,0.0,0.0,0.0,0.0,0.0,0.0,0.0,0.0,0.0,0.0,4.0,0.0,0.0,1.0,0.0,0.0,0.0,6.0,3.0,0.0,2.0,0.0,2.0,4.0,1.0,12.0,6.0,12.0,15.0
611,1.0,611.0,London_423,newnew,151,453,1092.0,70.0,2.0,163533.0,0.7798840530449525,814.0,92.0,1.0,91.0,166.0,9.0,157.0,60.0,270.0,65.0,25.0,43.0,8.0,34.0,2.0,6.0,1.0,81.0,136.0,235.0,28.0,0.0,0.0,0.0,0.0,0.0,0.0,0.0,0.0,0.0,0.0,0.0,0.0,0.0,0.0,0.0,0.0,0.0,0.0,0.0,0.0,0.0,0.0,0.0,0.0,0.0,0.0,0.0,0.0,0.0,0.0,0.0,0.0,0.0,0.0,0.0,0.0,0.0,0.0,4.0,8.0,1.0,2.0,6.0,11.0,4.0,4.0,5.0,17.0,23.0,13.0,0.0,0.0,0.0,0.0,0.0,0.0,0.0,0.0,0.0,0.0,0.0,0.0,0.0,0.0,0.0,0.0,0.0,0.0,4.0,9.0,1.0,4.0,6.0,15.0,6.0,6.0,6.0,30.0,33.0,18.0
612,1.0,612.0,London_423,newnew,151,453,1092.0,70.0,2.0,153114.0,0.7200082900235429,791.0,80.0,0.0,80.0,140.0,0.0,140.0,166.0,279.0,83.0,7.0,40.0,9.0,31.0,1.0,3.0,4.0,77.0,133.0,239.0,23.0,0.0,0.0,0.0,0.0,0.0,0.0,0.0,0.0,0.0,0.0,0.0,0.0,0.0,0.0,0.0,0.0,0.0,0.0,0.0,0.0,0.0,0.0,0.0,0.0,0.0,0.0,0.0,0.0,0.0,0.0,0.0,0.0,0.0,0.0,0.0,0.0,0.0,0.0,2.0,3.0,0.0,0.0,1.0,7.0,10.0,14.0,12.0,13.0,16.0,13.0,0.0,0.0,0.0,0.0,0.0,0.0,0.0,0.0,0.0,0.0,0.0,0.0,0.0,0.0,0.0,0.0,0.0,0.0,2.0,3.0,0.0,0.0,1.0,8.0,19.0,21.0,17.0,21.0,28.0,17.0
613,1.0,613.0,London_423,newnew,151,453,1092.0,70.0,2.0,159909.0,0.8051832839846611,806.0,145.0,0.0,145.0,256.0,0.0,256.0,140.0,278.0,75.0,10.0,44.0,11.0,30.0,2.0,3.0,7.0,71.0,135.0,240.0,36.0,0.0,0.0,0.0,0.0,0.0,0.0,0.0,0.0,0.0,0.0,0.0,0.0,0.0,0.0,0.0,0.0,0.0,0.0,0.0,0.0,0.0,0.0,0.0,0.0,0.0,0.0,0.0,0.0,0.0,0.0,0.0,0.0,0.0,0.0,0.0,0.0,0.0,0.0,1.0,18.0,4.0,4.0,0.0,18.0,6.0,16.0,13.0,33.0,28.0,16.0,0.0,0.0,0.0,0.0,0.0,0.0,0.0,0.0,0.0,0.0,0.0,0.0,0.0,0.0,0.0,0.0,0.0,0.0,1.0,26.0,6.0,6.0,0.0,25.0,9.0,22.0,17.0,57.0,40.0,25.0
614,1.0,614.0,London_423,newnew,151,453,1092.0,70.0,2.0,132729.0,0.5739803969627246,746.0,67.0,2.0,65.0,126.0,19.0,107.0,256.0,220.0,95.0,13.0,77.0,13.0,33.0,1.0,1.0,7.0,82.0,132.0,232.0,32.0,0.0,0.0,0.0,0.0,0.0,0.0,0.0,0.0,0.0,0.0,0.0,0.0,0.0,0.0,0.0,0.0,0.0,0.0,0.0,0.0,0.0,0.0,0.0,0.0,0.0,0.0,0.0,0.0,1.0,0.0,0.0,0.0,0.0,0.0,2.0,0.0,0.0,0.0,0.0,0.0,0.0,0.0,1.0,13.0,7.0,2.0,7.0,9.0,12.0,10.0,0.0,0.0,0.0,0.0,0.0,0.0,0.0,0.0,4.0,0.0,0.0,0.0,0.0,0.0,10.0,0.0,0.0,0.0,0.0,0.0,0.0,0.0,1.0,19.0,11.0,2.0,7.0,16.0,15.0,14.0
615,1.0,615.0,London_423,newnew,151,453,1092.0,70.0,2.0,144960.0,0.7045674610417336,773.0,114.0,1.0,113.0,200.0,9.0,191.0,126.0,236.0,96.0,16.0,70.0,5.0,24.0,1.0,5.0,7.0,81.0,137.0,228.0,36.0,0.0,0.0,0.0,0.0,0.0,0.0,0.0,0.0,0.0,0.0,0.0,0.0,0.0,0.0,0.0,0.0,0.0,0.0,0.0,0.0,0.0,0.0,0.0,0.0,0.0,0.0,0.0,0.0,0.0,0.0,0.0,0.0,0.0,0.0,1.0,0.0,0.0,0.0,0.0,8.0,4.0,3.0,2.0,13.0,9.0,3.0,19.0,23.0,29.0,28.0,0.0,0.0,0.0,0.0,0.0,0.0,0.0,0.0,0.0,0.0,0.0,0.0,0.0,0.0,1.0,0.0,0.0,0.0,0.0,14.0,4.0,4.0,2.0,18.0,14.0,6.0,25.0,37.0,36.0,35.0
616,1.0,616.0,London_423,newnew,151,453,1092.0,70.0,2.0,126387.0,0.5608891099691391,732.0,21.0,2.0,19.0,54.0,19.0,35.0,200.0,242.0,97.0,17.0,61.0,6.0,20.0,1.0,9.0,9.0,77.0,147.0,220.0,42.0,0.0,0.0,0.0,0.0,0.0,0.0,0.0,0.0,0.0,0.0,0.0,0.0,0.0,0.0,0.0,0.0,0.0,0.0,0.0,0.0,0.0,0.0,0.0,0.0,0.0,0.0,0.0,0.0,0.0,0.0,0.0,1.0,0.0,0.0,0.0,0.0,0.0,0.0,0.0,0.0,0.0,0.0,0.0,3.0,2.0,3.0,1.0,4.0,2.0,4.0,0.0,0.0,0.0,0.0,0.0,0.0,0.0,0.0,0.0,0.0,0.0,4.0,0.0,0.0,0.0,0.0,0.0,0.0,0.0,0.0,0.0,0.0,0.0,4.0,3.0,4.0,1.0,9.0,3.0,6.0
617,1.0,617.0,London_423,newnew,151,453,1092.0,70.0,2.0,163533.0,0.599747363012284,814.0,9.0,2.0,7.0,27.0,16.0,11.0,54.0,242.0,100.0,11.0,61.0,6.0,22.0,2.0,9.0,6.0,76.0,145.0,226.0,28.0,0.0,0.0,0.0,0.0,0.0,0.0,0.0,0.0,0.0,0.0,0.0,0.0,0.0,0.0,0.0,0.0,0.0,0.0,0.0,0.0,0.0,0.0,0.0,0.0,0.0,0.0,0.0,0.0,1.0,0.0,0.0,1.0,0.0,1.0,2.0,0.0,0.0,0.0,0.0,0.0,0.0,0.0,0.0,0.0,1.0,0.0,1.0,2.0,0.0,1.0,0.0,0.0,0.0,0.0,0.0,0.0,0.0,0.0,1.0,0.0,0.0,6.0,0.0,6.0,6.0,0.0,0.0,0.0,0.0,0.0,0.0,0.0,0.0,0.0,1.0,0.0,2.0,3.0,0.0,1.0
618,1.0,618.0,London_423,newnew,151,453,1092.0,70.0,2.0,207927.0,0.9346559830009937,912.0,70.0,2.0,68.0,142.0,18.0,124.0,27.0,240.0,113.0,3.0,59.0,6.0,21.0,2.0,9.0,5.0,83.0,131.0,234.0,28.0,0.0,0.0,0.0,0.0,0.0,0.0,0.0,0.0,0.0,0.0,0.0,0.0,0.0,0.0,0.0,0.0,0.0,0.0,0.0,0.0,0.0,0.0,0.0,0.0,0.0,0.0,0.0,0.0,1.0,0.0,0.0,1.0,0.0,0.0,2.0,0.0,0.0,0.0,3.0,9.0,1.0,2.0,0.0,5.0,8.0,4.0,8.0,6.0,8.0,23.0,0.0,0.0,0.0,0.0,0.0,0.0,0.0,0.0,3.0,0.0,0.0,5.0,0.0,0.0,8.0,0.0,0.0,0.0,4.0,12.0,1.0,4.0,0.0,8.0,12.0,7.0,10.0,15.0,10.0,38.0
619,1.0,619.0,London_423,newnew,151,453,1092.0,70.0,2.0,224688.0,0.9577305259881541,949.0,196.0,0.0,196.0,366.0,0.0,366.0,142.0,253.0,102.0,5.0,55.0,6.0,22.0,2.0,8.0,8.0,78.0,143.0,224.0,23.0,0.0,0.0,0.0,0.0,0.0,0.0,0.0,0.0,0.0,0.0,0.0,0.0,0.0,0.0,0.0,0.0,0.0,0.0,0.0,0.0,0.0,0.0,0.0,0.0,0.0,0.0,0.0,0.0,0.0,0.0,0.0,0.0,0.0,0.0,0.0,0.0,0.0,0.0,3.0,27.0,0.0,1.0,2.0,3.0,13.0,1.0,8.0,40.0,46.0,24.0,0.0,0.0,0.0,0.0,0.0,0.0,0.0,0.0,0.0,0.0,0.0,0.0,0.0,0.0,0.0,0.0,0.0,0.0,5.0,41.0,0.0,2.0,2.0,3.0,21.0,2.0,13.0,61.0,67.0,31.0
620,1.0,620.0,London_423,newnew,151,453,1092.0,70.0,2.0,169422.0,0.5027104560285807,827.0,144.0,0.0,144.0,247.0,0.0,247.0,366.0,133.0,122.0,28.0,118.0,10.0,26.0,3.0,13.0,5.0,78.0,159.0,211.0,34.0,0.0,0.0,0.0,0.0,0.0,0.0,0.0,0.0,0.0,0.0,0.0,0.0,0.0,0.0,0.0,0.0,0.0,0.0,0.0,0.0,0.0,0.0,0.0,0.0,0.0,0.0,0.0,0.0,0.0,0.0,0.0,0.0,0.0,0.0,0.0,0.0,0.0,0.0,5.0,6.0,1.0,0.0,1.0,14.0,11.0,9.0,10.0,23.0,35.0,30.0,0.0,0.0,0.0,0.0,0.0,0.0,0.0,0.0,0.0,0.0,0.0,0.0,0.0,0.0,0.0,0.0,0.0,0.0,6.0,7.0,1.0,0.0,1.0,19.0,15.0,12.0,13.0,37.0,60.0,38.0
621,1.0,621.0,London_423,newnew,151,453,1092.0,70.0,2.0,140883.0,0.46841895894613117,764.0,111.0,1.0,110.0,200.0,10.0,190.0,247.0,147.0,124.0,34.0,73.0,15.0,39.0,2.0,19.0,2.0,81.0,146.0,224.0,38.0,0.0,0.0,0.0,0.0,0.0,0.0,0.0,0.0,0.0,0.0,0.0,0.0,0.0,0.0,0.0,0.0,0.0,0.0,0.0,0.0,0.0,0.0,0.0,0.0,0.0,0.0,0.0,0.0,0.0,1.0,0.0,1.0,0.0,0.0,1.0,0.0,0.0,0.0,6.0,2.0,1.0,0.0,0.0,11.0,9.0,4.0,16.0,24.0,32.0,29.0,0.0,0.0,0.0,0.0,0.0,0.0,0.0,0.0,0.0,2.0,0.0,5.0,0.0,0.0,3.0,0.0,0.0,0.0,8.0,4.0,1.0,0.0,0.0,19.0,13.0,4.0,24.0,35.0,50.0,42.0
622,1.0,622.0,London_423,newnew,151,453,1092.0,70.0,2.0,123669.0,0.3308608219958842,726.0,16.0,0.0,16.0,26.0,0.0,26.0,200.0,154.0,122.0,34.0,73.0,5.0,47.0,3.0,15.0,3.0,78.0,145.0,227.0,52.0,0.0,0.0,0.0,0.0,0.0,0.0,0.0,0.0,0.0,0.0,0.0,0.0,0.0,0.0,0.0,0.0,0.0,0.0,0.0,0.0,0.0,0.0,0.0,0.0,0.0,0.0,0.0,0.0,0.0,0.0,0.0,0.0,0.0,0.0,0.0,0.0,0.0,0.0,2.0,0.0,0.0,0.0,0.0,0.0,3.0,0.0,1.0,3.0,2.0,4.0,0.0,0.0,0.0,0.0,0.0,0.0,0.0,0.0,0.0,0.0,0.0,0.0,0.0,0.0,0.0,0.0,0.0,0.0,2.0,0.0,0.0,0.0,0.0,0.0,3.0,0.0,1.0,4.0,3.0,6.0
623,1.0,623.0,London_423,newnew,151,453,1092.0,70.0,2.0,154020.0,0.5600227148970589,793.0,95.0,2.0,93.0,174.0,18.0,156.0,26.0,158.0,119.0,35.0,69.0,5.0,47.0,3.0,17.0,4.0,76.0,149.0,224.0,58.0,0.0,0.0,0.0,0.0,0.0,0.0,0.0,0.0,0.0,0.0,0.0,0.0,0.0,0.0,0.0,0.0,0.0,0.0,0.0,0.0,0.0,0.0,0.0,0.0,0.0,0.0,0.0,0.0,1.0,0.0,0.0,0.0,1.0,0.0,2.0,0.0,0.0,0.0,3.0,14.0,1.0,2.0,0.0,10.0,7.0,1.0,10.0,23.0,22.0,12.0,0.0,0.0,0.0,0.0,0.0,0.0,0.0,0.0,6.0,0.0,0.0,0.0,6.0,0.0,5.0,0.0,0.0,0.0,4.0,22.0,1.0,2.0,0.0,12.0,10.0,1.0,14.0,34.0,33.0,14.0
624,1.0,624.0,London_423,newnew,151,453,1092.0,70.0,2.0,154926.0,0.5288569079712033,795.0,91.0,1.0,90.0,151.0,9.0,142.0,174.0,155.0,138.0,39.0,54.0,3.0,50.0,3.0,11.0,5.0,82.0,145.0,221.0,59.0,0.0,0.0,0.0,0.0,0.0,0.0,0.0,0.0,0.0,0.0,0.0,0.0,0.0,0.0,0.0,0.0,0.0,0.0,0.0,0.0,0.0,0.0,0.0,0.0,0.0,0.0,0.0,0.0,0.0,0.0,0.0,0.0,0.0,0.0,0.0,0.0,0.0,0.0,3.0,4.0,1.0,3.0,0.0,6.0,10.0,4.0,9.0,15.0,22.0,17.0,0.0,0.0,0.0,0.0,0.0,0.0,0.0,0.0,0.0,0.0,0.0,0.0,0.0,0.0,0.0,0.0,0.0,0.0,4.0,4.0,2.0,4.0,0.0,8.0,12.0,4.0,13.0,22.0,29.0,20.0
625,1.0,625.0,London_423,newnew,151,453,1092.0,70.0,2.0,153567.0,0.685112097999081,792.0,116.0,0.0,116.0,215.0,0.0,215.0,151.0,166.0,139.0,37.0,46.0,1.0,54.0,3.0,7.0,2.0,74.0,143.0,234.0,64.0,0.0,0.0,0.0,0.0,0.0,0.0,0.0,0.0,0.0,0.0,0.0,0.0,0.0,0.0,0.0,0.0,0.0,0.0,0.0,0.0,0.0,0.0,0.0,0.0,0.0,0.0,0.0,0.0,0.0,0.0,0.0,0.0,0.0,0.0,0.0,0.0,0.0,0.0,5.0,11.0,0.0,1.0,1.0,7.0,11.0,5.0,12.0,22.0,32.0,25.0,0.0,0.0,0.0,0.0,0.0,0.0,0.0,0.0,0.0,0.0,0.0,0.0,0.0,0.0,0.0,0.0,0.0,0.0,6.0,15.0,0.0,1.0,1.0,10.0,15.0,8.0,21.0,34.0,52.0,32.0
626,1.0,626.0,London_423,newnew,151,453,1092.0,70.0,2.0,128199.0,0.39318629796616733,736.0,7.0,0.0,7.0,11.0,0.0,11.0,215.0,161.0,144.0,20.0,49.0,7.0,63.0,4.0,5.0,6.0,75.0,145.0,227.0,65.0,0.0,0.0,0.0,0.0,0.0,0.0,0.0,0.0,0.0,0.0,0.0,0.0,0.0,0.0,0.0,0.0,0.0,0.0,0.0,0.0,0.0,0.0,0.0,0.0,0.0,0.0,0.0,0.0,0.0,0.0,0.0,0.0,0.0,0.0,0.0,0.0,0.0,0.0,1.0,0.0,0.0,0.0,0.0,0.0,1.0,0.0,0.0,3.0,0.0,2.0,0.0,0.0,0.0,0.0,0.0,0.0,0.0,0.0,0.0,0.0,0.0,0.0,0.0,0.0,0.0,0.0,0.0,0.0,1.0,0.0,0.0,0.0,0.0,0.0,2.0,0.0,0.0,4.0,0.0,2.0
627,1.0,627.0,London_423,newnew,151,453,1092.0,70.0,2.0,156285.0,0.6271142619661987,798.0,131.0,2.0,129.0,242.0,19.0,223.0,11.0,161.0,145.0,19.0,48.0,7.0,64.0,4.0,5.0,6.0,76.0,142.0,229.0,65.0,0.0,0.0,0.0,0.0,0.0,0.0,0.0,0.0,0.0,0.0,0.0,0.0,0.0,0.0,0.0,0.0,0.0,0.0,0.0,0.0,0.0,0.0,0.0,0.0,0.0,0.0,0.0,0.0,1.0,0.0,0.0,1.0,0.0,1.0,2.0,0.0,0.0,0.0,1.0,20.0,1.0,5.0,0.0,12.0,8.0,3.0,13.0,28.0,28.0,18.0,0.0,0.0,0.0,0.0,0.0,0.0,0.0,0.0,3.0,0.0,0.0,4.0,0.0,7.0,6.0,0.0,0.0,0.0,1.0,24.0,1.0,6.0,0.0,16.0,13.0,4.0,18.0,44.0,39.0,26.0
628,1.0,628.0,London_423,newnew,151,453,1092.0,70.0,2.0,132276.0,0.4931769520044327,745.0,118.0,0.0,118.0,195.0,0.0,195.0,242.0,168.0,109.0,21.0,73.0,3.0,75.0,1.0,3.0,7.0,73.0,142.0,231.0,57.0,0.0,0.0,0.0,0.0,0.0,0.0,0.0,0.0,0.0,0.0,0.0,0.0,0.0,0.0,0.0,0.0,0.0,0.0,0.0,0.0,0.0,0.0,0.0,0.0,0.0,0.0,0.0,0.0,0.0,0.0,0.0,0.0,0.0,0.0,0.0,0.0,0.0,0.0,10.0,5.0,0.0,3.0,0.0,14.0,13.0,7.0,12.0,23.0,26.0,20.0,0.0,0.0,0.0,0.0,0.0,0.0,0.0,0.0,0.0,0.0,0.0,0.0,0.0,0.0,0.0,0.0,0.0,0.0,12.0,6.0,0.0,6.0,0.0,15.0,19.0,9.0,14.0,36.0,35.0,25.0
629,1.0,629.0,London_423,newnew,151,453,1092.0,70.0,2.0,109626.0,0.3465201200451702,695.0,32.0,2.0,30.0,73.0,16.0,57.0,195.0,187.0,100.0,13.0,62.0,4.0,84.0,2.0,1.0,7.0,76.0,139.0,231.0,62.0,0.0,0.0,0.0,0.0,0.0,0.0,0.0,0.0,0.0,0.0,0.0,0.0,0.0,0.0,0.0,0.0,0.0,0.0,0.0,0.0,0.0,0.0,0.0,0.0,0.0,0.0,0.0,0.0,0.0,0.0,0.0,0.0,0.0,2.0,2.0,0.0,0.0,0.0,4.0,1.0,0.0,1.0,1.0,4.0,2.0,4.0,5.0,10.0,11.0,5.0,0.0,0.0,0.0,0.0,0.0,0.0,0.0,0.0,0.0,0.0,0.0,0.0,0.0,13.0,7.0,0.0,0.0,0.0,7.0,1.0,0.0,2.0,1.0,5.0,3.0,6.0,7.0,14.0,19.0,6.0
630,1.0,630.0,London_423,newnew,151,453,1092.0,70.0,2.0,130011.0,0.5712102480465546,740.0,92.0,1.0,91.0,162.0,9.0,153.0,73.0,198.0,103.0,5.0,64.0,4.0,78.0,1.0,0.0,7.0,78.0,131.0,237.0,60.0,0.0,0.0,0.0,0.0,0.0,0.0,0.0,0.0,0.0,0.0,0.0,0.0,0.0,0.0,0.0,0.0,0.0,0.0,0.0,0.0,0.0,0.0,0.0,0.0,0.0,0.0,0.0,0.0,0.0,0.0,0.0,0.0,0.0,0.0,0.0,0.0,0.0,0.0,3.0,1.0,0.0,0.0,0.0,14.0,9.0,3.0,7.0,20.0,23.0,15.0,0.0,0.0,0.0,0.0,0.0,0.0,0.0,0.0,0.0,0.0,0.0,0.0,0.0,0.0,0.0,0.0,0.0,0.0,3.0,1.0,0.0,0.0,0.0,19.0,11.0,5.0,8.0,27.0,36.0,18.0
631,1.0,631.0,London_423,newnew,151,453,1092.0,70.0,2.0,123669.0,0.3791475100442767,726.0,2.0,2.0,0.0,18.0,18.0,0.0,162.0,204.0,101.0,10.0,60.0,7.0,64.0,4.0,3.0,7.0,84.0,130.0,232.0,45.0,0.0,0.0,0.0,0.0,0.0,0.0,0.0,0.0,0.0,0.0,0.0,0.0,0.0,0.0,0.0,0.0,0.0,0.0,0.0,0.0,0.0,0.0,0.0,0.0,0.0,0.0,0.0,0.0,2.0,0.0,0.0,1.0,1.0,0.0,0.0,0.0,0.0,0.0,0.0,0.0,0.0,0.0,0.0,0.0,0.0,0.0,0.0,0.0,0.0,0.0,0.0,0.0,0.0,0.0,0.0,0.0,0.0,0.0,6.0,0.0,0.0,5.0,8.0,0.0,0.0,0.0,0.0,0.0,0.0,0.0,0.0,0.0,0.0,0.0,0.0,0.0,0.0,0.0,0.0,0.0
632,1.0,632.0,London_423,newnew,151,453,1092.0,70.0,2.0,162174.0,0.5534501650836319,811.0,30.0,2.0,28.0,62.0,17.0,45.0,18.0,205.0,103.0,10.0,64.0,4.0,60.0,4.0,3.0,5.0,85.0,126.0,237.0,39.0,0.0,0.0,0.0,0.0,0.0,0.0,0.0,0.0,0.0,0.0,0.0,0.0,0.0,0.0,0.0,0.0,0.0,0.0,0.0,0.0,0.0,0.0,0.0,0.0,0.0,0.0,0.0,0.0,1.0,0.0,0.0,1.0,0.0,0.0,2.0,0.0,0.0,0.0,0.0,0.0,0.0,1.0,0.0,4.0,5.0,0.0,4.0,7.0,7.0,7.0,0.0,0.0,0.0,0.0,0.0,0.0,0.0,0.0,2.0,0.0,0.0,1.0,0.0,0.0,6.0,0.0,0.0,0.0,0.0,0.0,0.0,1.0,0.0,6.0,7.0,0.0,7.0,7.0,11.0,7.0
633,1.0,633.0,London_423,newnew,151,453,1092.0,70.0,2.0,193884.0,0.738279230077751,881.0,83.0,0.0,83.0,149.0,0.0,149.0,62.0,213.0,100.0,10.0,61.0,2.0,61.0,1.0,5.0,4.0,79.0,129.0,241.0,39.0,0.0,0.0,0.0,0.0,0.0,0.0,0.0,0.0,0.0,0.0,0.0,0.0,0.0,0.0,0.0,0.0,0.0,0.0,0.0,0.0,0.0,0.0,0.0,0.0,0.0,0.0,0.0,0.0,0.0,0.0,0.0,0.0,0.0,0.0,0.0,0.0,0.0,0.0,6.0,4.0,1.0,1.0,5.0,11.0,11.0,4.0,9.0,14.0,16.0,21.0,0.0,0.0,0.0,0.0,0.0,0.0,0.0,0.0,0.0,0.0,0.0,0.0,0.0,0.0,0.0,0.0,0.0,0.0,7.0,5.0,1.0,1.0,5.0,17.0,15.0,6.0,14.0,18.0,26.0,28.0
634,1.0,634.0,London_423,newnew,151,453,1092.0,70.0,2.0,205662.0,0.9793920830124989,907.0,129.0,2.0,127.0,235.0,19.0,216.0,149.0,226.0,104.0,10.0,56.0,3.0,53.0,1.0,0.0,7.0,82.0,149.0,215.0,37.0,0.0,0.0,0.0,0.0,0.0,0.0,0.0,0.0,0.0,0.0,0.0,0.0,0.0,0.0,0.0,0.0,0.0,0.0,0.0,0.0,0.0,0.0,0.0,0.0,0.0,0.0,0.0,0.0,1.0,0.0,0.0,2.0,1.0,0.0,1.0,0.0,0.0,0.0,2.0,2.0,9.0,1.0,6.0,9.0,4.0,0.0,20.0,23.0,23.0,13.0,0.0,0.0,0.0,0.0,0.0,0.0,0.0,0.0,6.0,0.0,0.0,11.0,4.0,0.0,7.0,0.0,0.0,0.0,3.0,2.0,9.0,1.0,6.0,13.0,5.0,0.0,23.0,40.0,32.0,17.0
635,1.0,635.0,London_423,newnew,151,453,1092.0,70.0,2.0,196149.0,0.7837843369925395,886.0,143.0,0.0,143.0,246.0,0.0,246.0,235.0,223.0,99.0,17.0,82.0,2.0,29.0,0.0,1.0,7.0,71.0,153.0,222.0,41.0,0.0,0.0,0.0,0.0,0.0,0.0,0.0,0.0,0.0,0.0,0.0,0.0,0.0,0.0,0.0,0.0,0.0,0.0,0.0,0.0,0.0,0.0,0.0,0.0,0.0,0.0,0.0,0.0,0.0,0.0,0.0,0.0,0.0,0.0,0.0,0.0,0.0,0.0,4.0,8.0,3.0,0.0,2.0,7.0,6.0,3.0,22.0,36.0,35.0,46.0,0.0,0.0,0.0,0.0,0.0,0.0,0.0,0.0,0.0,0.0,0.0,0.0,0.0,0.0,0.0,0.0,0.0,0.0,4.0,9.0,3.0,0.0,2.0,8.0,7.0,3.0,30.0,53.0,51.0,55.0
636,1.0,636.0,London_423,newnew,151,453,1092.0,70.0,2.0,178482.0,0.7132720770314336,847.0,110.0,0.0,110.0,191.0,0.0,191.0,246.0,234.0,90.0,16.0,74.0,6.0,27.0,1.0,5.0,5.0,71.0,150.0,227.0,42.0,0.0,0.0,0.0,0.0,0.0,0.0,0.0,0.0,0.0,0.0,0.0,0.0,0.0,0.0,0.0,0.0,0.0,0.0,0.0,0.0,0.0,0.0,0.0,0.0,0.0,0.0,0.0,0.0,0.0,0.0,0.0,0.0,0.0,0.0,0.0,0.0,0.0,0.0,2.0,7.0,0.0,1.0,2.0,5.0,16.0,9.0,8.0,22.0,23.0,19.0,0.0,0.0,0.0,0.0,0.0,0.0,0.0,0.0,0.0,0.0,0.0,0.0,0.0,0.0,0.0,0.0,0.0,0.0,2.0,8.0,0.0,1.0,3.0,7.0,18.0,12.0,13.0,34.0,33.0,24.0
637,1.0,637.0,London_423,newnew,151,453,1092.0,70.0,2.0,164892.0,0.9076740359887481,817.0,123.0,2.0,121.0,215.0,18.0,197.0,191.0,238.0,116.0,14.0,52.0,7.0,23.0,2.0,1.0,3.0,78.0,149.0,223.0,45.0,0.0,0.0,0.0,0.0,0.0,0.0,0.0,0.0,0.0,0.0,0.0,0.0,0.0,0.0,0.0,0.0,0.0,0.0,0.0,0.0,0.0,0.0,0.0,0.0,0.0,0.0,0.0,0.0,0.0,0.0,0.0,0.0,0.0,1.0,2.0,0.0,0.0,0.0,3.0,3.0,0.0,5.0,6.0,10.0,10.0,13.0,25.0,19.0,26.0,21.0,0.0,0.0,0.0,0.0,0.0,0.0,0.0,0.0,0.0,0.0,0.0,0.0,0.0,7.0,8.0,0.0,0.0,0.0,3.0,4.0,0.0,9.0,7.0,17.0,13.0,17.0,31.0,25.0,40.0,27.0
638,1.0,638.0,London_423,newnew,151,453,1092.0,70.0,2.0,137259.0,0.541679537971504,756.0,15.0,0.0,15.0,27.0,0.0,27.0,215.0,259.0,108.0,11.0,52.0,2.0,18.0,2.0,1.0,7.0,75.0,133.0,238.0,32.0,0.0,0.0,0.0,0.0,0.0,0.0,0.0,0.0,0.0,0.0,0.0,0.0,0.0,0.0,0.0,0.0,0.0,0.0,0.0,0.0,0.0,0.0,0.0,0.0,0.0,0.0,0.0,0.0,0.0,0.0,0.0,0.0,0.0,0.0,0.0,0.0,0.0,0.0,0.0,0.0,2.0,1.0,0.0,1.0,2.0,0.0,2.0,5.0,3.0,3.0,0.0,0.0,0.0,0.0,0.0,0.0,0.0,0.0,0.0,0.0,0.0,0.0,0.0,0.0,0.0,0.0,0.0,0.0,0.0,0.0,2.0,1.0,0.0,3.0,2.0,0.0,3.0,9.0,6.0,5.0
639,1.0,639.0,London_423,newnew,151,453,1092.0,70.0,2.0,165798.0,0.8548763940343633,819.0,147.0,1.0,146.0,261.0,9.0,252.0,27.0,260.0,112.0,14.0,45.0,3.0,18.0,0.0,1.0,7.0,77.0,136.0,233.0,37.0,0.0,0.0,0.0,0.0,0.0,0.0,0.0,0.0,0.0,0.0,0.0,0.0,0.0,0.0,0.0,0.0,0.0,0.0,0.0,0.0,0.0,0.0,0.0,0.0,0.0,0.0,0.0,0.0,0.0,0.0,0.0,0.0,0.0,1.0,0.0,0.0,0.0,0.0,7.0,16.0,1.0,6.0,7.0,18.0,3.0,3.0,12.0,22.0,38.0,13.0,0.0,0.0,0.0,0.0,0.0,0.0,0.0,0.0,0.0,0.0,0.0,0.0,0.0,8.0,0.0,0.0,0.0,0.0,9.0,24.0,1.0,7.0,7.0,29.0,3.0,3.0,15.0,34.0,58.0,17.0
640,1.0,640.0,London_423,newnew,151,453,1092.0,70.0,2.0,143148.0,0.5683808269677684,769.0,81.0,0.0,81.0,137.0,0.0,137.0,261.0,227.0,98.0,20.0,66.0,11.0,26.0,0.0,5.0,6.0,83.0,141.0,223.0,39.0,0.0,0.0,0.0,0.0,0.0,0.0,0.0,0.0,0.0,0.0,0.0,0.0,0.0,0.0,0.0,0.0,0.0,0.0,0.0,0.0,0.0,0.0,0.0,0.0,0.0,0.0,0.0,0.0,0.0,0.0,0.0,0.0,0.0,0.0,0.0,0.0,0.0,0.0,1.0,1.0,6.0,0.0,0.0,5.0,7.0,12.0,16.0,21.0,23.0,16.0,0.0,0.0,0.0,0.0,0.0,0.0,0.0,0.0,0.0,0.0,0.0,0.0,0.0,0.0,0.0,0.0,0.0,0.0,1.0,1.0,8.0,0.0,0.0,6.0,9.0,16.0,24.0,38.0,28.0,20.0
641,1.0,641.0,London_423,newnew,151,453,1092.0,70.0,2.0,146772.0,0.7075744980247691,777.0,101.0,2.0,99.0,181.0,17.0,164.0,137.0,234.0,98.0,26.0,52.0,13.0,26.0,0.0,4.0,7.0,74.0,146.0,226.0,48.0,0.0,0.0,0.0,0.0,0.0,0.0,0.0,0.0,0.0,0.0,0.0,0.0,0.0,0.0,0.0,0.0,0.0,0.0,0.0,0.0,0.0,0.0,0.0,0.0,0.0,0.0,0.0,0.0,1.0,0.0,0.0,1.0,1.0,0.0,0.0,0.0,0.0,0.0,11.0,8.0,1.0,1.0,0.0,7.0,9.0,10.0,11.0,20.0,21.0,16.0,0.0,0.0,0.0,0.0,0.0,0.0,0.0,0.0,4.0,0.0,0.0,6.0,5.0,0.0,0.0,0.0,0.0,0.0,15.0,10.0,1.0,1.0,0.0,10.0,12.0,12.0,14.0,31.0,25.0,21.0
642,1.0,642.0,London_423,newnew,151,453,1092.0,70.0,2.0,140430.0,0.6334295070264488,763.0,93.0,0.0,93.0,146.0,0.0,146.0,181.0,244.0,95.0,35.0,43.0,3.0,26.0,2.0,5.0,7.0,68.0,152.0,226.0,55.0,0.0,0.0,0.0,0.0,0.0,0.0,0.0,0.0,0.0,0.0,0.0,0.0,0.0,0.0,0.0,0.0,0.0,0.0,0.0,0.0,0.0,0.0,0.0,0.0,0.0,0.0,0.0,0.0,0.0,0.0,0.0,0.0,0.0,0.0,0.0,0.0,0.0,0.0,1.0,12.0,5.0,0.0,2.0,7.0,8.0,6.0,7.0,21.0,16.0,8.0,0.0,0.0,0.0,0.0,0.0,0.0,0.0,0.0,0.0,0.0,0.0,0.0,0.0,0.0,0.0,0.0,0.0,0.0,1.0,16.0,5.0,0.0,2.0,9.0,9.0,6.0,10.0,29.0,21.0,10.0
643,1.0,643.0,London_423,newnew,151,453,1092.0,70.0,2.0,130011.0,0.4807562129572034,740.0,48.0,1.0,47.0,89.0,12.0,77.0,146.0,251.0,86.0,33.0,40.0,6.0,30.0,2.0,5.0,11.0,66.0,144.0,232.0,49.0,0.0,0.0,0.0,0.0,0.0,0.0,0.0,0.0,0.0,0.0,0.0,0.0,0.0,0.0,0.0,0.0,0.0,0.0,0.0,0.0,0.0,0.0,0.0,0.0,0.0,0.0,0.0,0.0,1.0,0.0,0.0,1.0,0.0,0.0,0.0,0.0,0.0,0.0,1.0,0.0,0.0,0.0,1.0,12.0,4.0,1.0,6.0,11.0,9.0,11.0,0.0,0.0,0.0,0.0,0.0,0.0,0.0,0.0,3.0,0.0,0.0,2.0,0.0,0.0,0.0,0.0,0.0,0.0,1.0,0.0,0.0,0.0,1.0,14.0,6.0,4.0,6.0,20.0,13.0,16.0
644,1.0,644.0,London_423,newnew,151,453,1092.0,70.0,2.0,144507.0,0.604744944954291,772.0,41.0,2.0,39.0,85.0,16.0,69.0,89.0,254.0,90.0,37.0,41.0,2.0,25.0,1.0,3.0,13.0,74.0,139.0,227.0,46.0,0.0,0.0,0.0,0.0,0.0,0.0,0.0,0.0,0.0,0.0,0.0,0.0,0.0,0.0,0.0,0.0,0.0,0.0,0.0,0.0,0.0,0.0,0.0,0.0,0.0,0.0,0.0,0.0,1.0,0.0,0.0,1.0,0.0,0.0,2.0,0.0,0.0,0.0,2.0,2.0,5.0,2.0,0.0,6.0,3.0,3.0,5.0,10.0,4.0,9.0,0.0,0.0,0.0,0.0,0.0,0.0,0.0,0.0,3.0,0.0,0.0,6.0,0.0,0.0,4.0,0.0,0.0,0.0,2.0,3.0,7.0,3.0,0.0,8.0,4.0,3.0,7.0,11.0,6.0,9.0
645,1.0,645.0,London_423,newnew,151,453,1092.0,70.0,2.0,156738.0,0.7645453449804336,799.0,84.0,2.0,82.0,167.0,18.0,149.0,85.0,242.0,109.0,42.0,44.0,4.0,9.0,1.0,2.0,13.0,67.0,136.0,237.0,49.0,0.0,0.0,0.0,0.0,0.0,0.0,0.0,0.0,0.0,0.0,0.0,0.0,0.0,0.0,0.0,0.0,0.0,0.0,0.0,0.0,0.0,0.0,0.0,0.0,0.0,0.0,0.0,0.0,0.0,0.0,0.0,1.0,0.0,1.0,1.0,0.0,0.0,0.0,0.0,7.0,0.0,0.0,3.0,7.0,4.0,7.0,5.0,15.0,24.0,19.0,0.0,0.0,0.0,0.0,0.0,0.0,0.0,0.0,0.0,0.0,0.0,3.0,0.0,7.0,3.0,0.0,0.0,0.0,0.0,10.0,0.0,0.0,3.0,9.0,5.0,9.0,10.0,27.0,34.0,26.0
646,1.0,646.0,London_423,newnew,151,453,1092.0,70.0,2.0,160362.0,0.7465333319269121,807.0,155.0,1.0,154.0,272.0,9.0,263.0,167.0,255.0,96.0,25.0,61.0,3.0,5.0,2.0,6.0,9.0,67.0,136.0,241.0,47.0,0.0,0.0,0.0,0.0,0.0,0.0,0.0,0.0,0.0,0.0,0.0,0.0,0.0,0.0,0.0,0.0,0.0,0.0,0.0,0.0,0.0,0.0,0.0,0.0,0.0,0.0,0.0,0.0,0.0,0.0,0.0,0.0,0.0,0.0,0.0,0.0,0.0,0.0,1.0,14.0,3.0,2.0,1.0,14.0,4.0,0.0,6.0,34.0,37.0,17.0,0.0,0.0,0.0,0.0,0.0,0.0,0.0,0.0,0.0,0.0,0.0,0.0,0.0,0.0,0.0,0.0,0.0,0.0,2.0,23.0,3.0,3.0,1.0,19.0,4.0,0.0,7.0,56.0,54.0,21.0
647,1.0,647.0,London_423,newnew,151,453,1092.0,70.0,2.0,129105.0,0.5274459309875965,738.0,69.0,0.0,69.0,118.0,0.0,118.0,272.0,218.0,103.0,23.0,72.0,7.0,19.0,0.0,11.0,5.0,63.0,149.0,236.0,26.0,0.0,0.0,0.0,0.0,0.0,0.0,0.0,0.0,0.0,0.0,0.0,0.0,0.0,0.0,0.0,0.0,0.0,0.0,0.0,0.0,0.0,0.0,0.0,0.0,0.0,0.0,0.0,0.0,0.0,0.0,0.0,0.0,0.0,0.0,0.0,0.0,0.0,0.0,0.0,0.0,3.0,0.0,0.0,8.0,5.0,2.0,8.0,16.0,17.0,21.0,0.0,0.0,0.0,0.0,0.0,0.0,0.0,0.0,0.0,0.0,0.0,0.0,0.0,0.0,0.0,0.0,0.0,0.0,0.0,0.0,3.0,0.0,0.0,9.0,7.0,2.0,9.0,24.0,22.0,28.0
648,1.0,648.0,London_423,newnew,151,453,1092.0,70.0,2.0,123669.0,0.4992337159346789,726.0,24.0,0.0,24.0,40.0,0.0,40.0,118.0,220.0,105.0,29.0,55.0,8.0,25.0,1.0,10.0,8.0,64.0,151.0,230.0,39.0,0.0,0.0,0.0,0.0,0.0,0.0,0.0,0.0,0.0,0.0,0.0,0.0,0.0,0.0,0.0,0.0,0.0,0.0,0.0,0.0,0.0,0.0,0.0,0.0,0.0,0.0,0.0,0.0,0.0,0.0,0.0,0.0,0.0,0.0,0.0,0.0,0.0,0.0,0.0,0.0,0.0,1.0,0.0,4.0,2.0,1.0,1.0,0.0,7.0,6.0,0.0,0.0,0.0,0.0,0.0,0.0,0.0,0.0,0.0,0.0,0.0,0.0,0.0,0.0,0.0,0.0,0.0,0.0,0.0,0.0,0.0,2.0,0.0,7.0,2.0,1.0,1.0,0.0,9.0,12.0
649,1.0,649.0,London_423,newnew,151,453,1092.0,70.0,2.0,154473.0,0.7431805459782481,794.0,77.0,2.0,75.0,163.0,19.0,144.0,40.0,224.0,104.0,30.0,48.0,9.0,26.0,1.0,11.0,9.0,69.0,152.0,223.0,43.0,0.0,0.0,0.0,0.0,0.0,0.0,0.0,0.0,0.0,0.0,0.0,0.0,0.0,0.0,0.0,0.0,0.0,0.0,0.0,0.0,0.0,0.0,0.0,0.0,0.0,0.0,0.0,0.0,0.0,0.0,0.0,1.0,1.0,0.0,2.0,0.0,0.0,0.0,1.0,8.0,0.0,0.0,3.0,9.0,4.0,8.0,8.0,9.0,21.0,14.0,0.0,0.0,0.0,0.0,0.0,0.0,0.0,0.0,0.0,0.0,0.0,8.0,7.0,0.0,9.0,0.0,0.0,0.0,2.0,11.0,0.0,0.0,4.0,12.0,9.0,12.0,15.0,13.0,31.0,22.0
650,1.0,650.0,London_423,newnew,151,453,1092.0,70.0,2.0,159909.0,0.7317083199741319,806.0,128.0,0.0,128.0,217.0,0.0,217.0,163.0,235.0,94.0,24.0,52.0,8.0,29.0,1.0,10.0,5.0,83.0,140.0,225.0,43.0,0.0,0.0,0.0,0.0,0.0,0.0,0.0,0.0,0.0,0.0,0.0,0.0,0.0,0.0,0.0,0.0,0.0,0.0,0.0,0.0,0.0,0.0,0.0,0.0,0.0,0.0,0.0,0.0,0.0,0.0,0.0,0.0,0.0,0.0,0.0,0.0,0.0,0.0,3.0,12.0,0.0,1.0,4.0,12.0,6.0,15.0,10.0,26.0,36.0,14.0,0.0,0.0,0.0,0.0,0.0,0.0,0.0,0.0,0.0,0.0,0.0,0.0,0.0,0.0,0.0,0.0,0.0,0.0,3.0,19.0,0.0,1.0,4.0,14.0,9.0,16.0,13.0,35.0,50.0,16.0
651,1.0,651.0,London_423,newnew,151,453,1092.0,70.0,2.0,134541.0,0.5997487700078636,750.0,7.0,1.0,6.0,18.0,8.0,10.0,217.0,237.0,81.0,7.0,66.0,10.0,42.0,2.0,8.0,4.0,79.0,150.0,220.0,34.0,0.0,0.0,0.0,0.0,0.0,0.0,0.0,0.0,0.0,0.0,0.0,0.0,0.0,0.0,0.0,0.0,0.0,0.0,0.0,0.0,0.0,0.0,0.0,0.0,0.0,0.0,0.0,0.0,1.0,0.0,0.0,0.0,0.0,0.0,1.0,0.0,0.0,0.0,1.0,0.0,0.0,0.0,0.0,0.0,1.0,0.0,0.0,0.0,4.0,1.0,0.0,0.0,0.0,0.0,0.0,0.0,0.0,0.0,3.0,0.0,0.0,0.0,0.0,0.0,1.0,0.0,0.0,0.0,2.0,0.0,0.0,0.0,0.0,0.0,1.0,0.0,0.0,0.0,5.0,2.0
652,1.0,652.0,London_423,newnew,151,453,1092.0,70.0,2.0,178029.0,0.7784777139313519,846.0,122.0,2.0,120.0,223.0,18.0,205.0,18.0,234.0,85.0,8.0,67.0,10.0,41.0,2.0,6.0,4.0,78.0,144.0,227.0,34.0,0.0,0.0,0.0,0.0,0.0,0.0,0.0,0.0,0.0,0.0,0.0,0.0,0.0,0.0,0.0,0.0,0.0,0.0,0.0,0.0,0.0,0.0,0.0,0.0,0.0,0.0,0.0,0.0,0.0,0.0,0.0,1.0,0.0,0.0,1.0,0.0,0.0,0.0,3.0,9.0,0.0,2.0,2.0,13.0,7.0,1.0,11.0,24.0,18.0,26.0,0.0,0.0,0.0,0.0,0.0,0.0,0.0,0.0,0.0,0.0,0.0,5.0,0.0,0.0,1.0,0.0,0.0,0.0,4.0,11.0,0.0,3.0,2.0,16.0,9.0,1.0,15.0,38.0,27.0,31.0
653,1.0,653.0,London_423,newnew,151,453,1092.0,70.0,2.0,168969.0,0.7000694909365848,826.0,109.0,1.0,108.0,196.0,9.0,187.0,223.0,241.0,90.0,14.0,56.0,12.0,32.0,1.0,7.0,1.0,89.0,146.0,217.0,21.0,0.0,0.0,0.0,0.0,0.0,0.0,0.0,0.0,0.0,0.0,0.0,0.0,0.0,0.0,0.0,0.0,0.0,0.0,0.0,0.0,0.0,0.0,0.0,0.0,0.0,0.0,0.0,0.0,0.0,0.0,0.0,0.0,0.0,0.0,0.0,0.0,0.0,0.0,4.0,8.0,9.0,0.0,0.0,13.0,5.0,15.0,12.0,24.0,37.0,23.0,0.0,0.0,0.0,0.0,0.0,0.0,0.0,0.0,0.0,0.0,0.0,0.0,0.0,0.0,0.0,0.0,0.0,0.0,6.0,10.0,12.0,0.0,0.0,17.0,6.0,18.0,15.0,37.0,52.0,31.0
654,1.0,654.0,London_423,newnew,151,453,1092.0,70.0,2.0,168063.0,0.4857977289939299,824.0,22.0,0.0,22.0,44.0,0.0,44.0,196.0,239.0,86.0,20.0,62.0,16.0,26.0,1.0,3.0,2.0,85.0,147.0,219.0,19.0,0.0,0.0,0.0,0.0,0.0,0.0,0.0,0.0,0.0,0.0,0.0,0.0,0.0,0.0,0.0,0.0,0.0,0.0,0.0,0.0,0.0,0.0,0.0,0.0,0.0,0.0,0.0,0.0,0.0,0.0,0.0,0.0,0.0,0.0,0.0,0.0,0.0,0.0,0.0,0.0,0.0,0.0,0.0,4.0,4.0,2.0,3.0,5.0,3.0,6.0,0.0,0.0,0.0,0.0,0.0,0.0,0.0,0.0,0.0,0.0,0.0,0.0,0.0,0.0,0.0,0.0,0.0,0.0,0.0,0.0,0.0,0.0,0.0,5.0,5.0,3.0,4.0,9.0,5.0,9.0
655,1.0,655.0,London_423,newnew,151,453,1092.0,70.0,2.0,200679.0,0.969216734985821,896.0,157.0,0.0,157.0,251.0,0.0,251.0,44.0,237.0,83.0,20.0,63.0,18.0,28.0,1.0,3.0,2.0,81.0,149.0,221.0,19.0,0.0,0.0,0.0,0.0,0.0,0.0,0.0,0.0,0.0,0.0,0.0,0.0,0.0,0.0,0.0,0.0,0.0,0.0,0.0,0.0,0.0,0.0,0.0,0.0,0.0,0.0,0.0,0.0,0.0,0.0,0.0,0.0,0.0,0.0,0.0,0.0,0.0,0.0,1.0,3.0,1.0,1.0,4.0,18.0,13.0,19.0,8.0,22.0,45.0,15.0,0.0,0.0,0.0,0.0,0.0,0.0,0.0,0.0,0.0,0.0,0.0,0.0,0.0,0.0,0.0,0.0,0.0,0.0,2.0,3.0,1.0,1.0,4.0,23.0,15.0,28.0,12.0,37.0,61.0,18.0
656,1.0,656.0,London_423,newnew,151,453,1092.0,70.0,2.0,168969.0,0.6457259890157729,826.0,83.0,2.0,81.0,165.0,19.0,146.0,251.0,200.0,100.0,26.0,71.0,20.0,32.0,0.0,4.0,4.0,80.0,149.0,220.0,24.0,0.0,0.0,0.0,0.0,0.0,0.0,0.0,0.0,0.0,0.0,0.0,0.0,0.0,0.0,0.0,0.0,0.0,0.0,0.0,0.0,0.0,0.0,0.0,0.0,0.0,0.0,0.0,0.0,1.0,0.0,0.0,0.0,0.0,0.0,2.0,0.0,0.0,0.0,7.0,1.0,0.0,3.0,0.0,17.0,3.0,3.0,6.0,25.0,15.0,21.0,0.0,0.0,0.0,0.0,0.0,0.0,0.0,0.0,1.0,0.0,0.0,0.0,0.0,0.0,14.0,0.0,0.0,0.0,11.0,1.0,0.0,5.0,0.0,25.0,6.0,5.0,11.0,39.0,18.0,26.0
657,1.0,657.0,London_423,newnew,151,453,1092.0,70.0,2.0,163080.0,0.7516734990058467,813.0,101.0,1.0,100.0,166.0,9.0,157.0,165.0,225.0,107.0,20.0,53.0,12.0,35.0,0.0,1.0,5.0,78.0,153.0,217.0,31.0,0.0,0.0,0.0,0.0,0.0,0.0,0.0,0.0,0.0,0.0,0.0,0.0,0.0,0.0,0.0,0.0,0.0,0.0,0.0,0.0,0.0,0.0,0.0,0.0,0.0,0.0,0.0,0.0,1.0,0.0,0.0,0.0,0.0,0.0,1.0,0.0,0.0,0.0,0.0,1.0,0.0,0.0,0.0,19.0,2.0,19.0,3.0,22.0,19.0,23.0,0.0,0.0,0.0,0.0,0.0,0.0,0.0,0.0,7.0,0.0,0.0,0.0,0.0,0.0,6.0,0.0,0.0,0.0,0.0,1.0,0.0,0.0,0.0,22.0,2.0,24.0,3.0,32.0,29.0,28.0
658,1.0,658.0,London_423,newnew,151,453,1092.0,70.0,2.0,154020.0,0.6850099459988996,793.0,102.0,2.0,100.0,177.0,19.0,158.0,166.0,243.0,109.0,10.0,42.0,10.0,35.0,1.0,3.0,7.0,75.0,144.0,227.0,40.0,0.0,0.0,0.0,0.0,0.0,0.0,0.0,0.0,0.0,0.0,0.0,0.0,0.0,0.0,0.0,0.0,0.0,0.0,0.0,0.0,0.0,0.0,0.0,0.0,0.0,0.0,0.0,0.0,0.0,0.0,0.0,0.0,0.0,0.0,0.0,0.0,0.0,0.0,2.0,3.0,1.0,4.0,1.0,14.0,7.0,4.0,10.0,16.0,25.0,14.0,0.0,0.0,0.0,0.0,0.0,0.0,0.0,0.0,0.0,0.0,0.0,0.0,0.0,0.0,0.0,0.0,0.0,0.0,2.0,4.0,1.0,6.0,1.0,18.0,9.0,6.0,14.0,25.0,33.0,18.0
659,1.0,659.0,London_423,newnew,151,453,1092.0,70.0,2.0,145413.0,0.7004708199528977,774.0,103.0,2.0,101.0,193.0,16.0,177.0,177.0,242.0,80.0,6.0,54.0,16.0,50.0,1.0,4.0,7.0,77.0,146.0,223.0,34.0,0.0,0.0,0.0,0.0,0.0,0.0,0.0,0.0,0.0,0.0,0.0,0.0,0.0,0.0,0.0,0.0,0.0,0.0,0.0,0.0,0.0,0.0,0.0,0.0,0.0,0.0,0.0,0.0,0.0,0.0,0.0,0.0,0.0,1.0,1.0,0.0,0.0,0.0,4.0,3.0,4.0,4.0,0.0,12.0,3.0,1.0,14.0,25.0,25.0,24.0,0.0,0.0,0.0,0.0,0.0,0.0,0.0,0.0,0.0,0.0,0.0,0.0,0.0,4.0,5.0,0.0,0.0,0.0,6.0,4.0,5.0,6.0,0.0,16.0,5.0,2.0,18.0,33.0,40.0,33.0
660,1.0,660.0,London_423,newnew,151,453,1092.0,70.0,2.0,135447.0,0.47611206700094044,752.0,28.0,2.0,26.0,71.0,18.0,53.0,193.0,235.0,74.0,16.0,61.0,17.0,47.0,1.0,2.0,8.0,90.0,146.0,209.0,32.0,0.0,0.0,0.0,0.0,0.0,0.0,0.0,0.0,0.0,0.0,0.0,0.0,0.0,0.0,0.0,0.0,0.0,0.0,0.0,0.0,0.0,0.0,0.0,0.0,0.0,0.0,0.0,0.0,1.0,0.0,0.0,1.0,0.0,0.0,2.0,0.0,0.0,0.0,2.0,3.0,1.0,0.0,0.0,3.0,0.0,1.0,4.0,5.0,8.0,6.0,0.0,0.0,0.0,0.0,0.0,0.0,0.0,0.0,2.0,0.0,0.0,4.0,0.0,0.0,10.0,0.0,0.0,0.0,2.0,4.0,1.0,0.0,0.0,4.0,0.0,1.0,7.0,8.0,13.0,9.0
661,1.0,661.0,London_423,newnew,151,453,1092.0,70.0,2.0,162627.0,0.6985997490119189,812.0,96.0,0.0,96.0,183.0,0.0,183.0,71.0,236.0,81.0,19.0,59.0,15.0,43.0,0.0,0.0,3.0,83.0,144.0,223.0,28.0,0.0,0.0,0.0,0.0,0.0,0.0,0.0,0.0,0.0,0.0,0.0,0.0,0.0,0.0,0.0,0.0,0.0,0.0,0.0,0.0,0.0,0.0,0.0,0.0,0.0,0.0,0.0,0.0,0.0,0.0,0.0,0.0,0.0,0.0,0.0,0.0,0.0,0.0,8.0,4.0,3.0,1.0,3.0,15.0,4.0,2.0,12.0,18.0,23.0,24.0,0.0,0.0,0.0,0.0,0.0,0.0,0.0,0.0,0.0,0.0,0.0,0.0,0.0,0.0,0.0,0.0,0.0,0.0,10.0,5.0,4.0,3.0,3.0,19.0,6.0,2.0,21.0,27.0,34.0,35.0
662,1.0,662.0,London_423,newnew,151,453,1092.0,70.0,2.0,159456.0,0.8444513670401648,805.0,113.0,0.0,113.0,199.0,0.0,199.0,183.0,240.0,86.0,19.0,56.0,7.0,42.0,0.0,3.0,3.0,85.0,137.0,228.0,30.0,0.0,0.0,0.0,0.0,0.0,0.0,0.0,0.0,0.0,0.0,0.0,0.0,0.0,0.0,0.0,0.0,0.0,0.0,0.0,0.0,0.0,0.0,0.0,0.0,0.0,0.0,0.0,0.0,0.0,0.0,0.0,0.0,0.0,0.0,0.0,0.0,0.0,0.0,8.0,1.0,1.0,6.0,0.0,14.0,7.0,6.0,8.0,26.0,26.0,31.0,0.0,0.0,0.0,0.0,0.0,0.0,0.0,0.0,0.0,0.0,0.0,0.0,0.0,0.0,0.0,0.0,0.0,0.0,10.0,1.0,1.0,7.0,0.0,20.0,11.0,8.0,11.0,43.0,43.0,41.0
663,1.0,663.0,London_423,newnew,151,453,1092.0,70.0,2.0,145866.0,0.5724869569530711,775.0,41.0,1.0,40.0,77.0,10.0,67.0,199.0,249.0,87.0,9.0,57.0,9.0,36.0,0.0,6.0,7.0,77.0,148.0,221.0,40.0,0.0,0.0,0.0,0.0,0.0,0.0,0.0,0.0,0.0,0.0,0.0,0.0,0.0,0.0,0.0,0.0,0.0,0.0,0.0,0.0,0.0,0.0,0.0,0.0,0.0,0.0,0.0,0.0,0.0,1.0,0.0,1.0,0.0,0.0,1.0,0.0,0.0,0.0,2.0,0.0,0.0,2.0,0.0,4.0,5.0,2.0,7.0,11.0,6.0,14.0,0.0,0.0,0.0,0.0,0.0,0.0,0.0,0.0,0.0,6.0,0.0,9.0,0.0,0.0,4.0,0.0,0.0,0.0,2.0,0.0,0.0,2.0,0.0,6.0,6.0,2.0,8.0,16.0,9.0,20.0
664,1.0,664.0,London_423,newnew,151,453,1092.0,70.0,2.0,171687.0,0.6957191319670528,832.0,94.0,0.0,94.0,162.0,0.0,162.0,77.0,260.0,74.0,12.0,64.0,7.0,29.0,0.0,7.0,10.0,75.0,144.0,224.0,37.0,0.0,0.0,0.0,0.0,0.0,0.0,0.0,0.0,0.0,0.0,0.0,0.0,0.0,0.0,0.0,0.0,0.0,0.0,0.0,0.0,0.0,0.0,0.0,0.0,0.0,0.0,0.0,0.0,0.0,0.0,0.0,0.0,0.0,0.0,0.0,0.0,0.0,0.0,4.0,1.0,0.0,3.0,0.0,1.0,8.0,5.0,14.0,14.0,24.0,33.0,0.0,0.0,0.0,0.0,0.0,0.0,0.0,0.0,0.0,0.0,0.0,0.0,0.0,0.0,0.0,0.0,0.0,0.0,5.0,1.0,0.0,5.0,0.0,1.0,15.0,8.0,22.0,22.0,39.0,45.0
665,1.0,665.0,London_423,newnew,151,453,1092.0,70.0,2.0,167157.0,0.7306663111085072,822.0,86.0,2.0,84.0,160.0,18.0,142.0,162.0,243.0,104.0,7.0,54.0,11.0,30.0,0.0,4.0,5.0,70.0,147.0,231.0,36.0,0.0,0.0,0.0,0.0,0.0,0.0,0.0,0.0,0.0,0.0,0.0,0.0,0.0,0.0,0.0,0.0,0.0,0.0,0.0,0.0,0.0,0.0,0.0,0.0,0.0,0.0,0.0,0.0,2.0,0.0,0.0,1.0,1.0,0.0,2.0,0.0,0.0,0.0,1.0,3.0,3.0,1.0,3.0,11.0,17.0,14.0,7.0,14.0,12.0,20.0,0.0,0.0,0.0,0.0,0.0,0.0,0.0,0.0,3.0,0.0,0.0,4.0,5.0,0.0,5.0,0.0,0.0,0.0,1.0,4.0,3.0,4.0,3.0,14.0,26.0,24.0,7.0,22.0,15.0,27.0
666,1.0,666.0,London_423,newnew,151,453,1092.0,70.0,2.0,166251.0,0.7813108359696344,820.0,112.0,1.0,111.0,196.0,9.0,187.0,160.0,245.0,119.0,7.0,45.0,0.0,35.0,1.0,1.0,2.0,73.0,137.0,241.0,39.0,0.0,0.0,0.0,0.0,0.0,0.0,0.0,0.0,0.0,0.0,0.0,0.0,0.0,0.0,0.0,0.0,0.0,0.0,0.0,0.0,0.0,0.0,0.0,0.0,0.0,0.0,0.0,0.0,0.0,0.0,0.0,0.0,0.0,0.0,1.0,0.0,0.0,0.0,3.0,11.0,1.0,0.0,0.0,10.0,11.0,2.0,8.0,23.0,31.0,23.0,0.0,0.0,0.0,0.0,0.0,0.0,0.0,0.0,0.0,0.0,0.0,0.0,0.0,0.0,3.0,0.0,0.0,0.0,4.0,15.0,1.0,0.0,0.0,14.0,13.0,2.0,10.0,36.0,47.0,32.0
667,1.0,667.0,London_423,newnew,151,453,1092.0,70.0,2.0,149037.0,0.6373407799983397,782.0,59.0,0.0,59.0,94.0,0.0,94.0,196.0,253.0,103.0,12.0,42.0,3.0,33.0,1.0,6.0,5.0,80.0,136.0,232.0,39.0,0.0,0.0,0.0,0.0,0.0,0.0,0.0,0.0,0.0,0.0,0.0,0.0,0.0,0.0,0.0,0.0,0.0,0.0,0.0,0.0,0.0,0.0,0.0,0.0,0.0,0.0,0.0,0.0,0.0,0.0,0.0,0.0,0.0,0.0,0.0,0.0,0.0,0.0,0.0,2.0,0.0,1.0,0.0,3.0,7.0,3.0,9.0,10.0,17.0,5.0,0.0,0.0,0.0,0.0,0.0,0.0,0.0,0.0,0.0,0.0,0.0,0.0,0.0,0.0,0.0,0.0,0.0,0.0,0.0,3.0,0.0,1.0,0.0,3.0,8.0,3.0,10.0,15.0,20.0,5.0
668,1.0,668.0,London_423,newnew,151,453,1092.0,70.0,2.0,162627.0,0.7750176859553903,812.0,160.0,0.0,160.0,264.0,0.0,264.0,94.0,258.0,100.0,18.0,37.0,0.0,33.0,1.0,6.0,4.0,67.0,146.0,236.0,41.0,0.0,0.0,0.0,0.0,0.0,0.0,0.0,0.0,0.0,0.0,0.0,0.0,0.0,0.0,0.0,0.0,0.0,0.0,0.0,0.0,0.0,0.0,0.0,0.0,0.0,0.0,0.0,0.0,0.0,0.0,0.0,0.0,0.0,0.0,0.0,0.0,0.0,0.0,3.0,20.0,1.0,0.0,3.0,13.0,11.0,3.0,5.0,31.0,38.0,12.0,0.0,0.0,0.0,0.0,0.0,0.0,0.0,0.0,0.0,0.0,0.0,0.0,0.0,0.0,0.0,0.0,0.0,0.0,3.0,29.0,1.0,0.0,4.0,14.0,17.0,5.0,8.0,46.0,54.0,13.0
669,1.0,669.0,London_423,newnew,151,453,1092.0,70.0,2.0,116874.0,0.38793965603690594,711.0,15.0,2.0,13.0,44.0,19.0,25.0,264.0,216.0,92.0,17.0,84.0,6.0,29.0,2.0,7.0,4.0,81.0,158.0,210.0,36.0,0.0,0.0,0.0,0.0,0.0,0.0,0.0,0.0,0.0,0.0,0.0,0.0,0.0,0.0,0.0,0.0,0.0,0.0,0.0,0.0,0.0,0.0,0.0,0.0,0.0,0.0,0.0,0.0,1.0,0.0,0.0,1.0,0.0,1.0,2.0,0.0,0.0,0.0,2.0,0.0,0.0,1.0,0.0,1.0,1.0,0.0,1.0,2.0,3.0,5.0,0.0,0.0,0.0,0.0,0.0,0.0,0.0,0.0,2.0,0.0,0.0,2.0,0.0,6.0,8.0,0.0,0.0,0.0,2.0,0.0,0.0,1.0,0.0,1.0,2.0,0.0,1.0,3.0,6.0,5.0
670,1.0,670.0,London_423,newnew,151,453,1092.0,70.0,2.0,152208.0,0.5046989070251584,789.0,53.0,0.0,53.0,97.0,0.0,97.0,44.0,219.0,96.0,15.0,80.0,0.0,32.0,3.0,8.0,1.0,81.0,147.0,224.0,32.0,0.0,0.0,0.0,0.0,0.0,0.0,0.0,0.0,0.0,0.0,0.0,0.0,0.0,0.0,0.0,0.0,0.0,0.0,0.0,0.0,0.0,0.0,0.0,0.0,0.0,0.0,0.0,0.0,0.0,0.0,0.0,0.0,0.0,0.0,0.0,0.0,0.0,0.0,1.0,0.0,0.0,5.0,0.0,9.0,8.0,4.0,4.0,12.0,11.0,13.0,0.0,0.0,0.0,0.0,0.0,0.0,0.0,0.0,0.0,0.0,0.0,0.0,0.0,0.0,0.0,0.0,0.0,0.0,2.0,0.0,0.0,6.0,0.0,16.0,10.0,7.0,7.0,21.0,15.0,15.0
671,1.0,671.0,London_423,newnew,151,453,1092.0,70.0,2.0,162627.0,0.7386611900292337,812.0,111.0,2.0,109.0,206.0,16.0,190.0,97.0,229.0,93.0,15.0,76.0,2.0,29.0,3.0,6.0,3.0,81.0,148.0,221.0,45.0,0.0,0.0,0.0,0.0,0.0,0.0,0.0,0.0,0.0,0.0,0.0,0.0,0.0,0.0,0.0,0.0,0.0,0.0,0.0,0.0,0.0,0.0,0.0,0.0,0.0,0.0,0.0,0.0,2.0,0.0,1.0,0.0,0.0,2.0,2.0,0.0,0.0,0.0,9.0,4.0,2.0,1.0,5.0,18.0,6.0,5.0,12.0,26.0,18.0,17.0,0.0,0.0,0.0,0.0,0.0,0.0,0.0,0.0,3.0,0.0,1.0,0.0,0.0,14.0,5.0,0.0,0.0,0.0,10.0,5.0,2.0,2.0,6.0,26.0,9.0,12.0,18.0,43.0,25.0,25.0
672,1.0,672.0,London_423,newnew,151,453,1092.0,70.0,2.0,154473.0,0.800354479928501,794.0,129.0,1.0,128.0,226.0,9.0,217.0,206.0,241.0,103.0,15.0,63.0,6.0,21.0,0.0,4.0,4.0,70.0,152.0,227.0,44.0,0.0,0.0,0.0,0.0,0.0,0.0,0.0,0.0,0.0,0.0,0.0,0.0,0.0,0.0,0.0,0.0,0.0,0.0,0.0,0.0,0.0,0.0,0.0,0.0,0.0,0.0,0.0,0.0,1.0,0.0,0.0,0.0,0.0,0.0,0.0,0.0,0.0,0.0,2.0,8.0,3.0,2.0,4.0,8.0,3.0,1.0,4.0,26.0,26.0,18.0,0.0,0.0,0.0,0.0,0.0,0.0,0.0,0.0,3.0,0.0,0.0,0.0,0.0,0.0,0.0,0.0,0.0,0.0,3.0,14.0,5.0,2.0,4.0,12.0,3.0,2.0,5.0,36.0,39.0,25.0
673,1.0,673.0,London_423,newnew,151,453,1092.0,70.0,2.0,126387.0,0.4613892949419096,732.0,51.0,2.0,49.0,105.0,18.0,87.0,226.0,253.0,83.0,18.0,65.0,4.0,30.0,0.0,0.0,4.0,65.0,158.0,226.0,27.0,0.0,0.0,0.0,0.0,0.0,0.0,0.0,0.0,0.0,0.0,0.0,0.0,0.0,0.0,0.0,0.0,0.0,0.0,0.0,0.0,0.0,0.0,0.0,0.0,0.0,0.0,0.0,0.0,2.0,0.0,0.0,1.0,1.0,0.0,0.0,0.0,0.0,0.0,0.0,0.0,0.0,0.0,0.0,5.0,4.0,2.0,9.0,16.0,10.0,11.0,0.0,0.0,0.0,0.0,0.0,0.0,0.0,0.0,2.0,0.0,0.0,4.0,5.0,0.0,0.0,0.0,0.0,0.0,0.0,0.0,0.0,0.0,0.0,6.0,6.0,4.0,13.0,23.0,15.0,14.0
674,1.0,674.0,London_423,newnew,151,453,1092.0,70.0,2.0,137712.0,0.6854525899980217,757.0,123.0,2.0,121.0,221.0,17.0,204.0,105.0,243.0,93.0,14.0,77.0,3.0,23.0,0.0,0.0,3.0,68.0,156.0,226.0,33.0,0.0,0.0,0.0,0.0,0.0,0.0,0.0,0.0,0.0,0.0,0.0,0.0,0.0,0.0,0.0,0.0,0.0,0.0,0.0,0.0,0.0,0.0,0.0,0.0,0.0,0.0,0.0,0.0,1.0,0.0,0.0,1.0,0.0,0.0,2.0,0.0,0.0,0.0,5.0,2.0,0.0,4.0,9.0,12.0,4.0,7.0,12.0,24.0,24.0,16.0,0.0,0.0,0.0,0.0,0.0,0.0,0.0,0.0,2.0,0.0,0.0,5.0,0.0,0.0,4.0,0.0,0.0,0.0,8.0,3.0,0.0,6.0,9.0,19.0,8.0,10.0,15.0,33.0,39.0,21.0
675,1.0,675.0,London_423,newnew,151,453,1092.0,70.0,2.0,114609.0,0.37959094694815576,706.0,8.0,0.0,8.0,17.0,0.0,17.0,221.0,238.0,99.0,18.0,76.0,6.0,14.0,2.0,0.0,8.0,78.0,156.0,211.0,24.0,0.0,0.0,0.0,0.0,0.0,0.0,0.0,0.0,0.0,0.0,0.0,0.0,0.0,0.0,0.0,0.0,0.0,0.0,0.0,0.0,0.0,0.0,0.0,0.0,0.0,0.0,0.0,0.0,0.0,0.0,0.0,0.0,0.0,0.0,0.0,0.0,0.0,0.0,0.0,0.0,0.0,0.0,0.0,2.0,2.0,1.0,0.0,0.0,1.0,3.0,0.0,0.0,0.0,0.0,0.0,0.0,0.0,0.0,0.0,0.0,0.0,0.0,0.0,0.0,0.0,0.0,0.0,0.0,0.0,0.0,0.0,0.0,0.0,3.0,3.0,2.0,0.0,0.0,1.0,4.0
676,1.0,676.0,London_423,newnew,151,453,1092.0,70.0,2.0,154020.0,0.5783381559886038,793.0,98.0,2.0,96.0,189.0,19.0,170.0,17.0,239.0,105.0,19.0,72.0,5.0,12.0,0.0,1.0,8.0,78.0,157.0,210.0,26.0,0.0,0.0,0.0,0.0,0.0,0.0,0.0,0.0,0.0,0.0,0.0,0.0,0.0,0.0,0.0,0.0,0.0,0.0,0.0,0.0,0.0,0.0,0.0,0.0,0.0,0.0,0.0,0.0,0.0,0.0,0.0,0.0,1.0,0.0,1.0,0.0,0.0,0.0,2.0,0.0,0.0,0.0,0.0,7.0,4.0,7.0,10.0,16.0,26.0,13.0,0.0,0.0,0.0,0.0,0.0,0.0,0.0,0.0,0.0,0.0,0.0,0.0,8.0,0.0,7.0,0.0,0.0,0.0,5.0,0.0,0.0,0.0,0.0,9.0,5.0,9.0,13.0,23.0,33.0,17.0
677,1.0,677.0,London_423,newnew,151,453,1092.0,70.0,2.0,155379.0,0.637297683977522,796.0,65.0,0.0,65.0,124.0,0.0,124.0,189.0,241.0,98.0,18.0,72.0,6.0,15.0,1.0,2.0,11.0,87.0,138.0,217.0,35.0,0.0,0.0,0.0,0.0,0.0,0.0,0.0,0.0,0.0,0.0,0.0,0.0,0.0,0.0,0.0,0.0,0.0,0.0,0.0,0.0,0.0,0.0,0.0,0.0,0.0,0.0,0.0,0.0,0.0,0.0,0.0,0.0,0.0,0.0,0.0,0.0,0.0,0.0,4.0,0.0,0.0,5.0,0.0,13.0,4.0,3.0,11.0,11.0,15.0,7.0,0.0,0.0,0.0,0.0,0.0,0.0,0.0,0.0,0.0,0.0,0.0,0.0,0.0,0.0,0.0,0.0,0.0,0.0,4.0,0.0,0.0,7.0,0.0,22.0,5.0,5.0,15.0,11.0,25.0,10.0
678,1.0,678.0,London_423,newnew,151,453,1092.0,70.0,2.0,165345.0,0.7939289819914848,818.0,106.0,0.0,106.0,180.0,0.0,180.0,124.0,245.0,117.0,12.0,65.0,7.0,6.0,0.0,1.0,11.0,67.0,154.0,221.0,42.0,0.0,0.0,0.0,0.0,0.0,0.0,0.0,0.0,0.0,0.0,0.0,0.0,0.0,0.0,0.0,0.0,0.0,0.0,0.0,0.0,0.0,0.0,0.0,0.0,0.0,0.0,0.0,0.0,0.0,0.0,0.0,0.0,0.0,0.0,0.0,0.0,0.0,0.0,0.0,10.0,5.0,0.0,1.0,7.0,11.0,7.0,11.0,23.0,30.0,18.0,0.0,0.0,0.0,0.0,0.0,0.0,0.0,0.0,0.0,0.0,0.0,0.0,0.0,0.0,0.0,0.0,0.0,0.0,0.0,12.0,7.0,0.0,1.0,8.0,15.0,9.0,16.0,34.0,44.0,23.0
679,1.0,679.0,London_423,newnew,151,453,1092.0,70.0,2.0,153567.0,0.7417357789818197,792.0,108.0,2.0,106.0,192.0,18.0,174.0,180.0,259.0,104.0,16.0,56.0,2.0,11.0,1.0,4.0,10.0,76.0,154.0,213.0,38.0,0.0,0.0,0.0,0.0,0.0,0.0,0.0,0.0,0.0,0.0,0.0,0.0,0.0,0.0,0.0,0.0,0.0,0.0,0.0,0.0,0.0,0.0,0.0,0.0,0.0,0.0,0.0,0.0,0.0,0.0,0.0,0.0,0.0,1.0,1.0,0.0,0.0,0.0,3.0,11.0,6.0,2.0,3.0,10.0,11.0,4.0,11.0,22.0,23.0,26.0,0.0,0.0,0.0,0.0,0.0,0.0,0.0,0.0,0.0,0.0,0.0,0.0,0.0,6.0,2.0,0.0,0.0,0.0,3.0,15.0,7.0,3.0,3.0,10.0,16.0,4.0,16.0,29.0,36.0,29.0
680,1.0,680.0,London_423,newnew,151,453,1092.0,70.0,2.0,139071.0,0.4871067369822413,760.0,0.0,0.0,0.0,0.0,0.0,0.0,192.0,271.0,81.0,15.0,55.0,11.0,15.0,1.0,4.0,6.0,75.0,150.0,222.0,23.0,0.0,0.0,0.0,0.0,0.0,0.0,0.0,0.0,0.0,0.0,0.0,0.0,0.0,0.0,0.0,0.0,0.0,0.0,0.0,0.0,0.0,0.0,0.0,0.0,0.0,0.0,0.0,0.0,0.0,0.0,0.0,0.0,0.0,0.0,0.0,0.0,0.0,0.0,0.0,0.0,0.0,0.0,0.0,0.0,0.0,0.0,0.0,0.0,0.0,0.0,0.0,0.0,0.0,0.0,0.0,0.0,0.0,0.0,0.0,0.0,0.0,0.0,0.0,0.0,0.0,0.0,0.0,0.0,0.0,0.0,0.0,0.0,0.0,0.0,0.0,0.0,0.0,0.0,0.0,0.0
681,1.0,681.0,London_423,newnew,151,453,1092.0,70.0,2.0,175311.0,0.8136615700786933,840.0,73.0,1.0,72.0,134.0,9.0,125.0,0.0,271.0,81.0,15.0,55.0,11.0,15.0,1.0,4.0,6.0,75.0,150.0,222.0,23.0,0.0,0.0,0.0,0.0,0.0,0.0,0.0,0.0,0.0,0.0,0.0,0.0,0.0,0.0,0.0,0.0,0.0,0.0,0.0,0.0,0.0,0.0,0.0,0.0,0.0,0.0,0.0,0.0,1.0,0.0,0.0,1.0,0.0,1.0,1.0,0.0,0.0,0.0,4.0,4.0,3.0,0.0,5.0,13.0,10.0,5.0,9.0,11.0,21.0,15.0,0.0,0.0,0.0,0.0,0.0,0.0,0.0,0.0,2.0,0.0,0.0,3.0,0.0,6.0,1.0,0.0,0.0,0.0,4.0,6.0,3.0,0.0,6.0,17.0,17.0,9.0,11.0,15.0,33.0,21.0
682,1.0,682.0,London_423,newnew,151,453,1092.0,70.0,2.0,185730.0,0.9858204140327871,863.0,171.0,0.0,171.0,289.0,0.0,289.0,134.0,280.0,99.0,20.0,41.0,4.0,6.0,0.0,3.0,7.0,77.0,168.0,201.0,31.0,0.0,0.0,0.0,0.0,0.0,0.0,0.0,0.0,0.0,0.0,0.0,0.0,0.0,0.0,0.0,0.0,0.0,0.0,0.0,0.0,0.0,0.0,0.0,0.0,0.0,0.0,0.0,0.0,0.0,0.0,0.0,0.0,0.0,0.0,0.0,0.0,0.0,0.0,1.0,16.0,0.0,5.0,12.0,6.0,1.0,17.0,20.0,29.0,49.0,7.0,0.0,0.0,0.0,0.0,0.0,0.0,0.0,0.0,0.0,0.0,0.0,0.0,0.0,0.0,0.0,0.0,0.0,0.0,1.0,28.0,0.0,9.0,13.0,6.0,1.0,20.0,25.0,39.0,68.0,7.0
683,1.0,683.0,London_423,newnew,151,453,1092.0,70.0,2.0,144054.0,0.5860962889855728,771.0,90.0,2.0,88.0,164.0,17.0,147.0,289.0,201.0,127.0,15.0,79.0,5.0,21.0,1.0,4.0,14.0,87.0,137.0,215.0,32.0,0.0,0.0,0.0,0.0,0.0,0.0,0.0,0.0,0.0,0.0,0.0,0.0,0.0,0.0,0.0,0.0,0.0,0.0,0.0,0.0,0.0,0.0,0.0,0.0,0.0,0.0,0.0,0.0,1.0,0.0,0.0,1.0,1.0,0.0,0.0,0.0,0.0,0.0,3.0,3.0,6.0,0.0,3.0,16.0,8.0,7.0,12.0,12.0,15.0,9.0,0.0,0.0,0.0,0.0,0.0,0.0,0.0,0.0,1.0,0.0,0.0,3.0,7.0,0.0,0.0,0.0,0.0,0.0,3.0,5.0,8.0,0.0,3.0,24.0,13.0,9.0,15.0,18.0,24.0,14.0
684,1.0,684.0,London_423,newnew,151,453,1092.0,70.0,2.0,142695.0,0.6051554379519075,768.0,36.0,0.0,36.0,60.0,0.0,60.0,164.0,202.0,123.0,13.0,99.0,4.0,10.0,0.0,2.0,16.0,88.0,129.0,220.0,42.0,0.0,0.0,0.0,0.0,0.0,0.0,0.0,0.0,0.0,0.0,0.0,0.0,0.0,0.0,0.0,0.0,0.0,0.0,0.0,0.0,0.0,0.0,0.0,0.0,0.0,0.0,0.0,0.0,0.0,0.0,0.0,0.0,0.0,0.0,0.0,0.0,0.0,0.0,0.0,1.0,0.0,0.0,1.0,8.0,3.0,3.0,2.0,9.0,10.0,7.0,0.0,0.0,0.0,0.0,0.0,0.0,0.0,0.0,0.0,0.0,0.0,0.0,0.0,0.0,0.0,0.0,0.0,0.0,0.0,2.0,0.0,0.0,1.0,8.0,4.0,3.0,3.0,16.0,16.0,10.0
685,1.0,685.0,London_423,newnew,151,453,1092.0,70.0,2.0,166704.0,0.7577643509721383,821.0,120.0,1.0,119.0,218.0,12.0,206.0,60.0,205.0,130.0,11.0,90.0,5.0,11.0,0.0,1.0,15.0,92.0,126.0,220.0,43.0,0.0,0.0,0.0,0.0,0.0,0.0,0.0,0.0,0.0,0.0,0.0,0.0,0.0,0.0,0.0,0.0,0.0,0.0,0.0,0.0,0.0,0.0,0.0,0.0,0.0,0.0,0.0,0.0,0.0,0.0,0.0,0.0,0.0,0.0,0.0,0.0,0.0,0.0,3.0,8.0,6.0,3.0,4.0,11.0,9.0,6.0,10.0,12.0,36.0,12.0,0.0,0.0,0.0,0.0,0.0,0.0,0.0,0.0,0.0,0.0,0.0,0.0,0.0,0.0,0.0,0.0,0.0,0.0,4.0,9.0,6.0,3.0,4.0,12.0,12.0,8.0,13.0,17.0,57.0,19.0
686,1.0,686.0,London_423,newnew,151,453,1092.0,70.0,2.0,150849.0,0.5284275700105354,786.0,28.0,2.0,26.0,60.0,16.0,44.0,218.0,204.0,117.0,15.0,81.0,5.0,25.0,1.0,5.0,9.0,87.0,134.0,223.0,49.0,0.0,0.0,0.0,0.0,0.0,0.0,0.0,0.0,0.0,0.0,0.0,0.0,0.0,0.0,0.0,0.0,0.0,0.0,0.0,0.0,0.0,0.0,0.0,0.0,0.0,0.0,0.0,0.0,2.0,0.0,0.0,1.0,0.0,0.0,2.0,0.0,0.0,0.0,1.0,0.0,0.0,1.0,0.0,0.0,1.0,1.0,5.0,6.0,7.0,9.0,0.0,0.0,0.0,0.0,0.0,0.0,0.0,0.0,5.0,0.0,0.0,3.0,0.0,0.0,5.0,0.0,0.0,0.0,1.0,0.0,0.0,3.0,0.0,0.0,2.0,2.0,7.0,7.0,8.0,11.0
687,1.0,687.0,London_423,newnew,151,453,1092.0,70.0,2.0,182106.0,0.808879095944576,855.0,125.0,2.0,123.0,220.0,18.0,202.0,60.0,203.0,119.0,11.0,83.0,5.0,27.0,2.0,3.0,11.0,86.0,135.0,221.0,48.0,0.0,0.0,0.0,0.0,0.0,0.0,0.0,0.0,0.0,0.0,0.0,0.0,0.0,0.0,0.0,0.0,0.0,0.0,0.0,0.0,0.0,0.0,0.0,0.0,0.0,0.0,0.0,0.0,1.0,1.0,0.0,1.0,0.0,1.0,1.0,0.0,0.0,0.0,3.0,2.0,1.0,2.0,1.0,6.0,3.0,4.0,6.0,28.0,28.0,22.0,0.0,0.0,0.0,0.0,0.0,0.0,0.0,0.0,1.0,1.0,0.0,4.0,0.0,6.0,6.0,0.0,0.0,0.0,5.0,2.0,1.0,4.0,1.0,10.0,3.0,5.0,7.0,45.0,34.0,27.0
688,1.0,688.0,London_423,newnew,151,453,1092.0,70.0,2.0,169875.0,0.7240549779962748,828.0,112.0,1.0,111.0,206.0,9.0,197.0,220.0,202.0,133.0,18.0,71.0,3.0,18.0,1.0,7.0,7.0,72.0,136.0,238.0,40.0,0.0,0.0,0.0,0.0,0.0,0.0,0.0,0.0,0.0,0.0,0.0,0.0,0.0,0.0,0.0,0.0,0.0,0.0,0.0,0.0,0.0,0.0,0.0,0.0,0.0,0.0,0.0,0.0,0.0,0.0,0.0,1.0,0.0,0.0,0.0,0.0,0.0,0.0,2.0,6.0,6.0,0.0,1.0,9.0,7.0,3.0,11.0,29.0,22.0,19.0,0.0,0.0,0.0,0.0,0.0,0.0,0.0,0.0,0.0,0.0,0.0,1.0,0.0,0.0,0.0,0.0,0.0,0.0,3.0,9.0,7.0,0.0,1.0,15.0,10.0,4.0,17.0,45.0,35.0,24.0
689,1.0,689.0,London_423,newnew,151,453,1092.0,70.0,2.0,157644.0,0.5386484289774671,801.0,19.0,0.0,19.0,31.0,0.0,31.0,206.0,205.0,121.0,14.0,70.0,4.0,31.0,2.0,6.0,6.0,85.0,139.0,223.0,43.0,0.0,0.0,0.0,0.0,0.0,0.0,0.0,0.0,0.0,0.0,0.0,0.0,0.0,0.0,0.0,0.0,0.0,0.0,0.0,0.0,0.0,0.0,0.0,0.0,0.0,0.0,0.0,0.0,0.0,0.0,0.0,0.0,0.0,0.0,0.0,0.0,0.0,0.0,2.0,0.0,0.0,0.0,0.0,1.0,0.0,4.0,2.0,3.0,2.0,2.0,0.0,0.0,0.0,0.0,0.0,0.0,0.0,0.0,0.0,0.0,0.0,0.0,0.0,0.0,0.0,0.0,0.0,0.0,2.0,0.0,0.0,0.0,0.0,1.0,0.0,5.0,2.0,6.0,3.0,2.0
690,1.0,690.0,London_423,newnew,151,453,1092.0,70.0,2.0,184824.0,0.9082364499336109,861.0,138.0,0.0,138.0,240.0,0.0,240.0,31.0,208.0,125.0,9.0,72.0,4.0,29.0,1.0,5.0,7.0,82.0,139.0,225.0,45.0,0.0,0.0,0.0,0.0,0.0,0.0,0.0,0.0,0.0,0.0,0.0,0.0,0.0,0.0,0.0,0.0,0.0,0.0,0.0,0.0,0.0,0.0,0.0,0.0,0.0,0.0,0.0,0.0,0.0,0.0,0.0,0.0,0.0,0.0,0.0,0.0,0.0,0.0,1.0,4.0,6.0,2.0,7.0,10.0,15.0,5.0,16.0,32.0,23.0,18.0,0.0,0.0,0.0,0.0,0.0,0.0,0.0,0.0,0.0,0.0,0.0,0.0,0.0,0.0,0.0,0.0,0.0,0.0,1.0,5.0,8.0,4.0,7.0,14.0,20.0,5.0,25.0,51.0,34.0,23.0
691,1.0,691.0,London_423,newnew,151,453,1092.0,70.0,2.0,157644.0,0.6265680269571021,801.0,67.0,2.0,65.0,132.0,19.0,113.0,240.0,201.0,125.0,21.0,76.0,6.0,18.0,2.0,4.0,11.0,77.0,139.0,226.0,48.0,0.0,0.0,0.0,0.0,0.0,0.0,0.0,0.0,0.0,0.0,0.0,0.0,0.0,0.0,0.0,0.0,0.0,0.0,0.0,0.0,0.0,0.0,0.0,0.0,0.0,0.0,0.0,0.0,0.0,0.0,0.0,1.0,1.0,0.0,2.0,0.0,0.0,0.0,1.0,3.0,0.0,1.0,0.0,6.0,6.0,1.0,6.0,12.0,15.0,8.0,0.0,0.0,0.0,0.0,0.0,0.0,0.0,0.0,0.0,0.0,0.0,6.0,8.0,0.0,6.0,0.0,0.0,0.0,2.0,3.0,0.0,1.0,0.0,8.0,10.0,2.0,10.0,18.0,23.0,12.0
692,1.0,692.0,London_423,newnew,151,453,1092.0,70.0,2.0,164439.0,0.857339023030363,816.0,99.0,0.0,99.0,172.0,0.0,172.0,132.0,214.0,123.0,18.0,66.0,12.0,17.0,1.0,2.0,11.0,77.0,137.0,228.0,48.0,0.0,0.0,0.0,0.0,0.0,0.0,0.0,0.0,0.0,0.0,0.0,0.0,0.0,0.0,0.0,0.0,0.0,0.0,0.0,0.0,0.0,0.0,0.0,0.0,0.0,0.0,0.0,0.0,0.0,0.0,0.0,0.0,0.0,0.0,0.0,0.0,0.0,0.0,1.0,9.0,4.0,9.0,0.0,7.0,11.0,5.0,17.0,18.0,25.0,19.0,0.0,0.0,0.0,0.0,0.0,0.0,0.0,0.0,0.0,0.0,0.0,0.0,0.0,0.0,0.0,0.0,0.0,0.0,1.0,13.0,5.0,15.0,0.0,9.0,19.0,5.0,21.0,36.0,36.0,25.0
693,1.0,693.0,London_423,newnew,151,453,1092.0,70.0,2.0,154473.0,0.8653924150858074,794.0,158.0,1.0,157.0,273.0,8.0,265.0,172.0,229.0,139.0,7.0,51.0,11.0,11.0,0.0,5.0,7.0,85.0,128.0,233.0,49.0,0.0,0.0,0.0,0.0,0.0,0.0,0.0,0.0,0.0,0.0,0.0,0.0,0.0,0.0,0.0,0.0,0.0,0.0,0.0,0.0,0.0,0.0,0.0,0.0,0.0,0.0,0.0,0.0,1.0,0.0,0.0,0.0,0.0,0.0,1.0,0.0,0.0,0.0,1.0,17.0,4.0,0.0,5.0,18.0,6.0,4.0,12.0,33.0,34.0,18.0,0.0,0.0,0.0,0.0,0.0,0.0,0.0,0.0,1.0,0.0,0.0,0.0,0.0,0.0,4.0,0.0,0.0,0.0,1.0,23.0,4.0,0.0,6.0,23.0,10.0,6.0,14.0,51.0,46.0,22.0
694,1.0,694.0,London_423,newnew,151,453,1092.0,70.0,2.0,120498.0,0.5767384729115292,719.0,97.0,2.0,95.0,183.0,18.0,165.0,273.0,209.0,114.0,15.0,83.0,7.0,18.0,0.0,7.0,8.0,90.0,138.0,217.0,43.0,0.0,0.0,0.0,0.0,0.0,0.0,0.0,0.0,0.0,0.0,0.0,0.0,0.0,0.0,0.0,0.0,0.0,0.0,0.0,0.0,0.0,0.0,0.0,0.0,0.0,0.0,0.0,0.0,0.0,0.0,0.0,1.0,0.0,0.0,1.0,0.0,0.0,0.0,1.0,5.0,2.0,0.0,4.0,10.0,5.0,15.0,10.0,16.0,32.0,14.0,0.0,0.0,0.0,0.0,0.0,0.0,0.0,0.0,0.0,0.0,0.0,2.0,0.0,0.0,2.0,0.0,0.0,0.0,1.0,7.0,2.0,0.0,4.0,14.0,8.0,20.0,14.0,23.0,51.0,19.0
695,1.0,695.0,London_423,newnew,151,453,1092.0,70.0,2.0,115968.0,0.5439297950360924,709.0,22.0,1.0,21.0,44.0,9.0,35.0,183.0,230.0,108.0,16.0,64.0,9.0,17.0,0.0,9.0,10.0,95.0,119.0,229.0,46.0,0.0,0.0,0.0,0.0,0.0,0.0,0.0,0.0,0.0,0.0,0.0,0.0,0.0,0.0,0.0,0.0,0.0,0.0,0.0,0.0,0.0,0.0,0.0,0.0,0.0,0.0,0.0,0.0,0.0,0.0,0.0,0.0,0.0,0.0,0.0,0.0,0.0,0.0,0.0,4.0,2.0,0.0,0.0,1.0,2.0,0.0,3.0,7.0,7.0,3.0,0.0,0.0,0.0,0.0,0.0,0.0,0.0,0.0,0.0,0.0,0.0,0.0,0.0,0.0,0.0,0.0,0.0,0.0,0.0,4.0,2.0,0.0,0.0,1.0,2.0,0.0,6.0,9.0,7.0,5.0
696,1.0,696.0,London_423,newnew,151,453,1092.0,70.0,2.0,148131.0,0.53441440500319,780.0,31.0,0.0,31.0,54.0,0.0,54.0,44.0,235.0,105.0,17.0,65.0,9.0,19.0,0.0,3.0,7.0,97.0,111.0,238.0,42.0,0.0,0.0,0.0,0.0,0.0,0.0,0.0,0.0,0.0,0.0,0.0,0.0,0.0,0.0,0.0,0.0,0.0,0.0,0.0,0.0,0.0,0.0,0.0,0.0,0.0,0.0,0.0,0.0,0.0,0.0,0.0,0.0,0.0,0.0,0.0,0.0,0.0,0.0,0.0,0.0,1.0,0.0,1.0,4.0,1.0,4.0,4.0,3.0,14.0,6.0,0.0,0.0,0.0,0.0,0.0,0.0,0.0,0.0,0.0,0.0,0.0,0.0,0.0,0.0,0.0,0.0,0.0,0.0,0.0,0.0,2.0,0.0,1.0,4.0,1.0,7.0,5.0,4.0,19.0,7.0
697,1.0,697.0,London_423,newnew,151,453,1092.0,70.0,2.0,181653.0,0.6366945340996608,854.0,27.0,0.0,27.0,47.0,0.0,47.0,54.0,235.0,104.0,16.0,64.0,6.0,26.0,0.0,2.0,7.0,94.0,124.0,228.0,47.0,0.0,0.0,0.0,0.0,0.0,0.0,0.0,0.0,0.0,0.0,0.0,0.0,0.0,0.0,0.0,0.0,0.0,0.0,0.0,0.0,0.0,0.0,0.0,0.0,0.0,0.0,0.0,0.0,0.0,0.0,0.0,0.0,0.0,0.0,0.0,0.0,0.0,0.0,2.0,0.0,0.0,0.0,0.0,7.0,1.0,1.0,4.0,6.0,2.0,6.0,0.0,0.0,0.0,0.0,0.0,0.0,0.0,0.0,0.0,0.0,0.0,0.0,0.0,0.0,0.0,0.0,0.0,0.0,2.0,0.0,0.0,0.0,0.0,10.0,3.0,2.0,5.0,10.0,2.0,9.0
698,1.0,698.0,London_423,newnew,151,453,1092.0,70.0,2.0,217893.0,1.1101306079654023,934.0,109.0,2.0,107.0,188.0,19.0,169.0,47.0,242.0,103.0,13.0,63.0,7.0,21.0,0.0,4.0,6.0,91.0,125.0,231.0,46.0,0.0,0.0,0.0,0.0,0.0,0.0,0.0,0.0,0.0,0.0,0.0,0.0,0.0,0.0,0.0,0.0,0.0,0.0,0.0,0.0,0.0,0.0,0.0,0.0,0.0,0.0,0.0,0.0,1.0,0.0,0.0,0.0,0.0,0.0,2.0,0.0,0.0,0.0,9.0,5.0,1.0,3.0,9.0,18.0,7.0,4.0,7.0,17.0,33.0,15.0,0.0,0.0,0.0,0.0,0.0,0.0,0.0,0.0,2.0,0.0,0.0,0.0,0.0,0.0,7.0,0.0,0.0,0.0,10.0,7.0,1.0,5.0,9.0,21.0,9.0,5.0,9.0,26.0,45.0,15.0
699,1.0,699.0,London_423,newnew,151,453,1092.0,70.0,2.0,208380.0,1.0073649630649015,913.0,154.0,1.0,153.0,274.0,9.0,265.0,188.0,252.0,91.0,11.0,79.0,0.0,17.0,0.0,3.0,3.0,83.0,138.0,229.0,34.0,0.0,0.0,0.0,0.0,0.0,0.0,0.0,0.0,0.0,0.0,0.0,0.0,0.0,0.0,0.0,0.0,0.0,0.0,0.0,0.0,0.0,0.0,0.0,0.0,0.0,0.0,0.0,0.0,0.0,0.0,0.0,0.0,0.0,0.0,0.0,0.0,0.0,0.0,4.0,6.0,0.0,4.0,20.0,22.0,4.0,10.0,13.0,34.0,36.0,27.0,0.0,0.0,0.0,0.0,0.0,0.0,0.0,0.0,0.0,0.0,0.0,0.0,0.0,0.0,0.0,0.0,0.0,0.0,4.0,6.0,0.0,5.0,20.0,27.0,4.0,12.0,13.0,52.0,52.0,38.0
700,1.0,700.0,London_423,newnew,151,453,1092.0,70.0,2.0,176217.0,0.8171228430001065,842.0,147.0,2.0,145.0,268.0,19.0,249.0,274.0,214.0,93.0,26.0,88.0,2.0,24.0,1.0,5.0,2.0,94.0,132.0,225.0,40.0,0.0,0.0,0.0,0.0,0.0,0.0,0.0,0.0,0.0,0.0,0.0,0.0,0.0,0.0,0.0,0.0,0.0,0.0,0.0,0.0,0.0,0.0,0.0,0.0,0.0,0.0,0.0,0.0,0.0,0.0,0.0,1.0,0.0,0.0,0.0,0.0,0.0,0.0,1.0,3.0,13.0,1.0,4.0,28.0,10.0,14.0,17.0,28.0,30.0,26.0,0.0,0.0,0.0,0.0,0.0,0.0,0.0,0.0,0.0,0.0,0.0,1.0,0.0,0.0,0.0,0.0,0.0,0.0,1.0,4.0,15.0,1.0,6.0,39.0,13.0,18.0,23.0,39.0,46.0,39.0
701,1.0,701.0,London_423,newnew,151,453,1092.0,70.0,2.0,150396.0,0.6855476689524949,785.0,88.0,2.0,86.0,167.0,16.0,151.0,268.0,216.0,105.0,24.0,74.0,6.0,19.0,0.0,9.0,6.0,74.0,155.0,218.0,39.0,0.0,0.0,0.0,0.0,0.0,0.0,0.0,0.0,0.0,0.0,0.0,0.0,0.0,0.0,0.0,0.0,0.0,0.0,0.0,0.0,0.0,0.0,0.0,0.0,0.0,0.0,0.0,0.0,0.0,0.0,0.0,1.0,0.0,1.0,2.0,0.0,0.0,0.0,4.0,0.0,2.0,1.0,2.0,13.0,5.0,6.0,5.0,14.0,17.0,22.0,0.0,0.0,0.0,0.0,0.0,0.0,0.0,0.0,0.0,0.0,0.0,4.0,0.0,5.0,11.0,0.0,0.0,0.0,5.0,0.0,2.0,1.0,2.0,19.0,10.0,7.0,6.0,20.0,26.0,31.0
702,1.0,702.0,London_423,newnew,151,453,1092.0,70.0,2.0,142695.0,0.7792005019728094,768.0,99.0,2.0,97.0,178.0,18.0,160.0,167.0,233.0,107.0,16.0,76.0,9.0,9.0,1.0,2.0,5.0,76.0,163.0,209.0,49.0,0.0,0.0,0.0,0.0,0.0,0.0,0.0,0.0,0.0,0.0,0.0,0.0,0.0,0.0,0.0,0.0,0.0,0.0,0.0,0.0,0.0,0.0,0.0,0.0,0.0,0.0,0.0,0.0,1.0,0.0,0.0,1.0,0.0,0.0,2.0,0.0,0.0,0.0,1.0,9.0,1.0,2.0,2.0,6.0,8.0,3.0,7.0,20.0,27.0,16.0,0.0,0.0,0.0,0.0,0.0,0.0,0.0,0.0,3.0,0.0,0.0,5.0,0.0,0.0,6.0,0.0,0.0,0.0,1.0,11.0,1.0,2.0,3.0,7.0,10.0,5.0,8.0,35.0,35.0,20.0
703,1.0,703.0,London_423,newnew,151,453,1092.0,70.0,2.0,143601.0,0.572110187029466,770.0,26.0,0.0,26.0,44.0,0.0,44.0,178.0,249.0,98.0,12.0,77.0,2.0,12.0,0.0,3.0,6.0,72.0,152.0,223.0,38.0,0.0,0.0,0.0,0.0,0.0,0.0,0.0,0.0,0.0,0.0,0.0,0.0,0.0,0.0,0.0,0.0,0.0,0.0,0.0,0.0,0.0,0.0,0.0,0.0,0.0,0.0,0.0,0.0,0.0,0.0,0.0,0.0,0.0,0.0,0.0,0.0,0.0,0.0,2.0,0.0,0.0,1.0,0.0,5.0,2.0,3.0,1.0,4.0,4.0,5.0,0.0,0.0,0.0,0.0,0.0,0.0,0.0,0.0,0.0,0.0,0.0,0.0,0.0,0.0,0.0,0.0,0.0,0.0,2.0,0.0,0.0,2.0,0.0,6.0,2.0,4.0,2.0,6.0,5.0,6.0
704,1.0,704.0,London_423,newnew,151,453,1092.0,70.0,2.0,177576.0,1.0502425250597298,845.0,117.0,0.0,117.0,212.0,0.0,212.0,44.0,249.0,92.0,21.0,70.0,4.0,15.0,0.0,2.0,6.0,73.0,156.0,218.0,39.0,0.0,0.0,0.0,0.0,0.0,0.0,0.0,0.0,0.0,0.0,0.0,0.0,0.0,0.0,0.0,0.0,0.0,0.0,0.0,0.0,0.0,0.0,0.0,0.0,0.0,0.0,0.0,0.0,0.0,0.0,0.0,0.0,0.0,0.0,0.0,0.0,0.0,0.0,1.0,5.0,2.0,1.0,7.0,11.0,7.0,14.0,8.0,19.0,35.0,17.0,0.0,0.0,0.0,0.0,0.0,0.0,0.0,0.0,0.0,0.0,0.0,0.0,0.0,0.0,0.0,0.0,0.0,0.0,1.0,6.0,2.0,3.0,7.0,17.0,9.0,22.0,10.0,28.0,52.0,21.0
705,1.0,705.0,London_423,newnew,151,453,1092.0,70.0,2.0,165345.0,0.7745902340393513,818.0,93.0,1.0,92.0,169.0,10.0,159.0,212.0,255.0,91.0,17.0,60.0,9.0,15.0,1.0,5.0,6.0,75.0,154.0,218.0,25.0,0.0,0.0,0.0,0.0,0.0,0.0,0.0,0.0,0.0,0.0,0.0,0.0,0.0,0.0,0.0,0.0,0.0,0.0,0.0,0.0,0.0,0.0,0.0,0.0,0.0,0.0,0.0,0.0,0.0,1.0,0.0,1.0,0.0,0.0,1.0,0.0,0.0,0.0,4.0,0.0,1.0,1.0,5.0,7.0,4.0,4.0,6.0,23.0,17.0,19.0,0.0,0.0,0.0,0.0,0.0,0.0,0.0,0.0,0.0,2.0,0.0,4.0,0.0,0.0,2.0,0.0,0.0,0.0,6.0,0.0,2.0,3.0,5.0,10.0,7.0,4.0,9.0,36.0,28.0,23.0
706,1.0,706.0,London_423,newnew,151,453,1092.0,70.0,2.0,147678.0,0.531470185960643,779.0,17.0,0.0,17.0,25.0,0.0,25.0,169.0,265.0,104.0,15.0,47.0,5.0,16.0,0.0,1.0,1.0,64.0,158.0,230.0,26.0,0.0,0.0,0.0,0.0,0.0,0.0,0.0,0.0,0.0,0.0,0.0,0.0,0.0,0.0,0.0,0.0,0.0,0.0,0.0,0.0,0.0,0.0,0.0,0.0,0.0,0.0,0.0,0.0,0.0,0.0,0.0,0.0,0.0,0.0,0.0,0.0,0.0,0.0,0.0,1.0,0.0,0.0,0.0,2.0,1.0,1.0,3.0,7.0,2.0,5.0,0.0,0.0,0.0,0.0,0.0,0.0,0.0,0.0,0.0,0.0,0.0,0.0,0.0,0.0,0.0,0.0,0.0,0.0,0.0,1.0,0.0,0.0,0.0,2.0,2.0,1.0,3.0,10.0,2.0,5.0
707,1.0,707.0,London_423,newnew,151,453,1092.0,70.0,2.0,174405.0,0.9099789949832484,838.0,139.0,2.0,137.0,252.0,18.0,234.0,25.0,266.0,107.0,17.0,41.0,6.0,15.0,0.0,1.0,1.0,61.0,160.0,231.0,26.0,0.0,0.0,0.0,0.0,0.0,0.0,0.0,0.0,0.0,0.0,0.0,0.0,0.0,0.0,0.0,0.0,0.0,0.0,0.0,0.0,0.0,0.0,0.0,0.0,0.0,0.0,0.0,0.0,0.0,0.0,0.0,0.0,1.0,0.0,0.0,0.0,0.0,0.0,6.0,18.0,0.0,2.0,15.0,7.0,7.0,4.0,11.0,23.0,31.0,21.0,0.0,0.0,0.0,0.0,0.0,0.0,0.0,0.0,0.0,0.0,0.0,0.0,7.0,0.0,0.0,0.0,0.0,0.0,7.0,28.0,0.0,3.0,16.0,12.0,8.0,6.0,13.0,33.0,40.0,27.0
708,1.0,708.0,London_423,newnew,151,453,1092.0,70.0,2.0,144507.0,0.4911604439839721,772.0,86.0,1.0,85.0,148.0,9.0,139.0,252.0,244.0,83.0,19.0,71.0,7.0,22.0,0.0,7.0,4.0,69.0,146.0,234.0,28.0,0.0,0.0,0.0,0.0,0.0,0.0,0.0,0.0,0.0,0.0,0.0,0.0,0.0,0.0,0.0,0.0,0.0,0.0,0.0,0.0,0.0,0.0,0.0,0.0,0.0,0.0,0.0,0.0,0.0,0.0,0.0,0.0,0.0,0.0,0.0,0.0,0.0,0.0,5.0,1.0,3.0,1.0,0.0,13.0,3.0,4.0,9.0,15.0,27.0,19.0,0.0,0.0,0.0,0.0,0.0,0.0,0.0,0.0,0.0,0.0,0.0,0.0,0.0,0.0,0.0,0.0,0.0,0.0,6.0,1.0,3.0,2.0,0.0,18.0,5.0,5.0,15.0,20.0,38.0,21.0
709,1.0,709.0,London_423,newnew,151,453,1092.0,70.0,2.0,141789.0,0.6053745890967548,766.0,113.0,0.0,113.0,192.0,0.0,192.0,148.0,243.0,74.0,12.0,79.0,9.0,31.0,0.0,5.0,3.0,70.0,149.0,231.0,29.0,0.0,0.0,0.0,0.0,0.0,0.0,0.0,0.0,0.0,0.0,0.0,0.0,0.0,0.0,0.0,0.0,0.0,0.0,0.0,0.0,0.0,0.0,0.0,0.0,0.0,0.0,0.0,0.0,0.0,0.0,0.0,0.0,0.0,0.0,0.0,0.0,0.0,0.0,1.0,11.0,1.0,4.0,3.0,9.0,7.0,5.0,9.0,24.0,33.0,23.0,0.0,0.0,0.0,0.0,0.0,0.0,0.0,0.0,0.0,0.0,0.0,0.0,0.0,0.0,0.0,0.0,0.0,0.0,2.0,13.0,1.0,6.0,3.0,11.0,11.0,7.0,10.0,38.0,43.0,28.0
710,1.0,710.0,London_423,newnew,151,453,1092.0,70.0,2.0,116421.0,0.5148564300034195,710.0,78.0,0.0,78.0,136.0,0.0,136.0,192.0,262.0,77.0,18.0,52.0,5.0,34.0,1.0,4.0,5.0,63.0,165.0,220.0,23.0,0.0,0.0,0.0,0.0,0.0,0.0,0.0,0.0,0.0,0.0,0.0,0.0,0.0,0.0,0.0,0.0,0.0,0.0,0.0,0.0,0.0,0.0,0.0,0.0,0.0,0.0,0.0,0.0,0.0,0.0,0.0,0.0,0.0,0.0,0.0,0.0,0.0,0.0,1.0,0.0,1.0,2.0,4.0,7.0,10.0,5.0,8.0,13.0,17.0,14.0,0.0,0.0,0.0,0.0,0.0,0.0,0.0,0.0,0.0,0.0,0.0,0.0,0.0,0.0,0.0,0.0,0.0,0.0,1.0,0.0,1.0,2.0,4.0,9.0,15.0,6.0,12.0,20.0,25.0,19.0
711,1.0,711.0,London_423,newnew,151,453,1092.0,70.0,2.0,110985.0,0.4826076850295067,698.0,71.0,2.0,69.0,139.0,19.0,120.0,136.0,269.0,83.0,8.0,49.0,9.0,29.0,1.0,5.0,6.0,60.0,159.0,228.0,28.0,0.0,0.0,0.0,0.0,0.0,0.0,0.0,0.0,0.0,0.0,0.0,0.0,0.0,0.0,0.0,0.0,0.0,0.0,0.0,0.0,0.0,0.0,0.0,0.0,0.0,0.0,0.0,0.0,1.0,0.0,0.0,1.0,0.0,1.0,2.0,0.0,0.0,0.0,3.0,5.0,1.0,0.0,2.0,7.0,8.0,4.0,4.0,15.0,12.0,14.0,0.0,0.0,0.0,0.0,0.0,0.0,0.0,0.0,5.0,0.0,0.0,6.0,0.0,8.0,8.0,0.0,0.0,0.0,5.0,6.0,1.0,0.0,3.0,12.0,12.0,5.0,6.0,24.0,17.0,19.0
712,1.0,712.0,London_423,newnew,151,453,1092.0,70.0,2.0,107814.0,0.5644859179155901,691.0,0.0,0.0,0.0,0.0,0.0,0.0,139.0,278.0,83.0,10.0,42.0,3.0,32.0,1.0,4.0,7.0,67.0,169.0,210.0,30.0,0.0,0.0,0.0,0.0,0.0,0.0,0.0,0.0,0.0,0.0,0.0,0.0,0.0,0.0,0.0,0.0,0.0,0.0,0.0,0.0,0.0,0.0,0.0,0.0,0.0,0.0,0.0,0.0,0.0,0.0,0.0,0.0,0.0,0.0,0.0,0.0,0.0,0.0,0.0,0.0,0.0,0.0,0.0,0.0,0.0,0.0,0.0,0.0,0.0,0.0,0.0,0.0,0.0,0.0,0.0,0.0,0.0,0.0,0.0,0.0,0.0,0.0,0.0,0.0,0.0,0.0,0.0,0.0,0.0,0.0,0.0,0.0,0.0,0.0,0.0,0.0,0.0,0.0,0.0,0.0
713,1.0,713.0,London_423,newnew,151,453,1092.0,70.0,2.0,145866.0,0.576517192996107,775.0,107.0,2.0,105.0,194.0,16.0,178.0,0.0,278.0,83.0,10.0,42.0,3.0,32.0,1.0,4.0,7.0,67.0,169.0,210.0,30.0,0.0,0.0,0.0,0.0,0.0,0.0,0.0,0.0,0.0,0.0,0.0,0.0,0.0,0.0,0.0,0.0,0.0,0.0,0.0,0.0,0.0,0.0,0.0,0.0,0.0,0.0,0.0,0.0,0.0,0.0,1.0,0.0,0.0,2.0,1.0,0.0,0.0,0.0,5.0,8.0,0.0,1.0,10.0,5.0,5.0,0.0,7.0,21.0,25.0,22.0,0.0,0.0,0.0,0.0,0.0,0.0,0.0,0.0,0.0,0.0,1.0,0.0,0.0,12.0,1.0,0.0,0.0,0.0,5.0,13.0,0.0,1.0,11.0,7.0,9.0,0.0,9.0,34.0,37.0,31.0
714,1.0,714.0,London_423,newnew,151,453,1092.0,70.0,2.0,130464.0,0.5148229140322655,741.0,66.0,1.0,65.0,126.0,9.0,117.0,194.0,272.0,83.0,20.0,47.0,3.0,25.0,1.0,2.0,9.0,68.0,160.0,216.0,31.0,0.0,0.0,0.0,0.0,0.0,0.0,0.0,0.0,0.0,0.0,0.0,0.0,0.0,0.0,0.0,0.0,0.0,0.0,0.0,0.0,0.0,0.0,0.0,0.0,0.0,0.0,0.0,0.0,0.0,0.0,0.0,0.0,0.0,0.0,0.0,0.0,0.0,0.0,3.0,3.0,1.0,1.0,1.0,6.0,15.0,2.0,4.0,17.0,14.0,20.0,0.0,0.0,0.0,0.0,0.0,0.0,0.0,0.0,0.0,0.0,0.0,0.0,0.0,0.0,0.0,0.0,0.0,0.0,3.0,3.0,1.0,2.0,1.0,13.0,22.0,4.0,5.0,26.0,18.0,24.0
715,1.0,715.0,London_423,newnew,151,453,1092.0,70.0,2.0,136806.0,0.62954981403891,755.0,133.0,2.0,131.0,245.0,18.0,227.0,126.0,277.0,83.0,17.0,54.0,1.0,14.0,2.0,5.0,8.0,61.0,167.0,217.0,31.0,0.0,0.0,0.0,0.0,0.0,0.0,0.0,0.0,0.0,0.0,0.0,0.0,0.0,0.0,0.0,0.0,0.0,0.0,0.0,0.0,0.0,0.0,0.0,0.0,0.0,0.0,0.0,0.0,0.0,0.0,0.0,0.0,1.0,0.0,0.0,0.0,0.0,0.0,0.0,9.0,1.0,2.0,11.0,10.0,8.0,1.0,10.0,30.0,32.0,28.0,0.0,0.0,0.0,0.0,0.0,0.0,0.0,0.0,0.0,0.0,0.0,0.0,6.0,0.0,0.0,0.0,0.0,0.0,0.0,14.0,1.0,4.0,11.0,14.0,10.0,1.0,11.0,45.0,45.0,39.0
716,1.0,716.0,London_423,newnew,151,453,1092.0,70.0,2.0,111891.0,0.4064162739086896,700.0,5.0,2.0,3.0,22.0,17.0,5.0,245.0,237.0,113.0,21.0,59.0,5.0,13.0,2.0,3.0,9.0,66.0,157.0,221.0,35.0,0.0,0.0,0.0,0.0,0.0,0.0,0.0,0.0,0.0,0.0,0.0,0.0,0.0,0.0,0.0,0.0,0.0,0.0,0.0,0.0,0.0,0.0,0.0,0.0,0.0,0.0,0.0,0.0,1.0,0.0,0.0,1.0,0.0,0.0,2.0,0.0,0.0,0.0,0.0,0.0,0.0,0.0,0.0,1.0,0.0,0.0,0.0,0.0,1.0,2.0,0.0,0.0,0.0,0.0,0.0,0.0,0.0,0.0,1.0,0.0,0.0,6.0,0.0,0.0,4.0,0.0,0.0,0.0,0.0,0.0,0.0,0.0,0.0,2.0,0.0,0.0,0.0,0.0,2.0,3.0
717,1.0,717.0,London_423,newnew,151,453,1092.0,70.0,2.0,146319.0,0.5564602550584823,776.0,53.0,0.0,53.0,100.0,0.0,100.0,22.0,240.0,108.0,23.0,59.0,3.0,15.0,2.0,3.0,4.0,69.0,157.0,223.0,26.0,0.0,0.0,0.0,0.0,0.0,0.0,0.0,0.0,0.0,0.0,0.0,0.0,0.0,0.0,0.0,0.0,0.0,0.0,0.0,0.0,0.0,0.0,0.0,0.0,0.0,0.0,0.0,0.0,0.0,0.0,0.0,0.0,0.0,0.0,0.0,0.0,0.0,0.0,1.0,0.0,0.0,0.0,4.0,7.0,10.0,4.0,4.0,10.0,8.0,8.0,0.0,0.0,0.0,0.0,0.0,0.0,0.0,0.0,0.0,0.0,0.0,0.0,0.0,0.0,0.0,0.0,0.0,0.0,1.0,0.0,0.0,0.0,4.0,9.0,17.0,8.0,6.0,20.0,12.0,11.0
718,1.0,718.0,London_423,newnew,151,453,1092.0,70.0,2.0,161721.0,0.6848027779487893,810.0,82.0,2.0,80.0,164.0,19.0,145.0,100.0,243.0,117.0,25.0,60.0,2.0,4.0,0.0,2.0,7.0,70.0,166.0,210.0,39.0,0.0,0.0,0.0,0.0,0.0,0.0,0.0,0.0,0.0,0.0,0.0,0.0,0.0,0.0,0.0,0.0,0.0,0.0,0.0,0.0,0.0,0.0,0.0,0.0,0.0,0.0,0.0,0.0,0.0,0.0,0.0,0.0,1.0,0.0,1.0,0.0,0.0,0.0,0.0,3.0,2.0,1.0,3.0,3.0,6.0,8.0,12.0,18.0,22.0,10.0,0.0,0.0,0.0,0.0,0.0,0.0,0.0,0.0,0.0,0.0,0.0,0.0,6.0,0.0,2.0,0.0,0.0,0.0,0.0,7.0,2.0,1.0,4.0,3.0,9.0,10.0,15.0,27.0,36.0,13.0
719,1.0,719.0,London_423,newnew,151,453,1092.0,70.0,2.0,165798.0,0.8321748480666429,819.0,126.0,0.0,126.0,218.0,0.0,218.0,164.0,247.0,131.0,16.0,37.0,2.0,16.0,1.0,3.0,8.0,74.0,146.0,225.0,40.0,0.0,0.0,0.0,0.0,0.0,0.0,0.0,0.0,0.0,0.0,0.0,0.0,0.0,0.0,0.0,0.0,0.0,0.0,0.0,0.0,0.0,0.0,0.0,0.0,0.0,0.0,0.0,0.0,0.0,0.0,0.0,0.0,0.0,0.0,0.0,0.0,0.0,0.0,4.0,3.0,5.0,6.0,13.0,3.0,9.0,3.0,7.0,23.0,28.0,30.0,0.0,0.0,0.0,0.0,0.0,0.0,0.0,0.0,0.0,0.0,0.0,0.0,0.0,0.0,0.0,0.0,0.0,0.0,4.0,3.0,7.0,8.0,13.0,3.0,14.0,3.0,10.0,36.0,41.0,37.0
720,1.0,720.0,London_423,newnew,151,453,1092.0,70.0,2.0,150849.0,0.5940234690206125,786.0,102.0,0.0,102.0,188.0,0.0,188.0,218.0,254.0,87.0,15.0,72.0,7.0,14.0,0.0,4.0,5.0,76.0,151.0,221.0,27.0,0.0,0.0,0.0,0.0,0.0,0.0,0.0,0.0,0.0,0.0,0.0,0.0,0.0,0.0,0.0,0.0,0.0,0.0,0.0,0.0,0.0,0.0,0.0,0.0,0.0,0.0,0.0,0.0,0.0,0.0,0.0,0.0,0.0,0.0,0.0,0.0,0.0,0.0,3.0,3.0,0.0,0.0,1.0,9.0,7.0,9.0,13.0,30.0,24.0,22.0,0.0,0.0,0.0,0.0,0.0,0.0,0.0,0.0,0.0,0.0,0.0,0.0,0.0,0.0,0.0,0.0,0.0,0.0,3.0,3.0,0.0,0.0,1.0,14.0,10.0,14.0,17.0,45.0,38.0,26.0
721,1.0,721.0,London_423,newnew,151,453,1092.0,70.0,2.0,139071.0,0.5061874060193077,760.0,17.0,2.0,15.0,45.0,18.0,27.0,188.0,246.0,96.0,14.0,62.0,7.0,23.0,1.0,4.0,10.0,72.0,159.0,212.0,40.0,0.0,0.0,0.0,0.0,0.0,0.0,0.0,0.0,0.0,0.0,0.0,0.0,0.0,0.0,0.0,0.0,0.0,0.0,0.0,0.0,0.0,0.0,0.0,0.0,0.0,0.0,0.0,0.0,0.0,0.0,0.0,1.0,0.0,1.0,2.0,0.0,0.0,0.0,2.0,0.0,0.0,0.0,0.0,1.0,1.0,0.0,3.0,3.0,4.0,7.0,0.0,0.0,0.0,0.0,0.0,0.0,0.0,0.0,0.0,0.0,0.0,7.0,0.0,8.0,8.0,0.0,0.0,0.0,3.0,0.0,0.0,0.0,0.0,2.0,2.0,0.0,4.0,5.0,7.0,7.0
722,1.0,722.0,London_423,newnew,151,453,1092.0,70.0,2.0,170781.0,0.792281850008294,830.0,70.0,0.0,70.0,121.0,0.0,121.0,45.0,252.0,102.0,11.0,61.0,4.0,18.0,1.0,4.0,8.0,74.0,150.0,221.0,46.0,0.0,0.0,0.0,0.0,0.0,0.0,0.0,0.0,0.0,0.0,0.0,0.0,0.0,0.0,0.0,0.0,0.0,0.0,0.0,0.0,0.0,0.0,0.0,0.0,0.0,0.0,0.0,0.0,0.0,0.0,0.0,0.0,0.0,0.0,0.0,0.0,0.0,0.0,4.0,1.0,0.0,2.0,1.0,4.0,7.0,8.0,8.0,14.0,20.0,21.0,0.0,0.0,0.0,0.0,0.0,0.0,0.0,0.0,0.0,0.0,0.0,0.0,0.0,0.0,0.0,0.0,0.0,0.0,4.0,1.0,0.0,5.0,1.0,7.0,12.0,13.0,10.0,22.0,28.0,30.0
723,1.0,723.0,London_423,newnew,151,453,1092.0,70.0,2.0,173046.0,0.861610141932033,835.0,104.0,1.0,103.0,181.0,9.0,172.0,121.0,259.0,115.0,8.0,42.0,2.0,23.0,1.0,3.0,10.0,76.0,149.0,218.0,54.0,0.0,0.0,0.0,0.0,0.0,0.0,0.0,0.0,0.0,0.0,0.0,0.0,0.0,0.0,0.0,0.0,0.0,0.0,0.0,0.0,0.0,0.0,0.0,0.0,0.0,0.0,0.0,0.0,0.0,0.0,0.0,0.0,0.0,1.0,1.0,0.0,0.0,0.0,5.0,7.0,0.0,4.0,1.0,6.0,7.0,7.0,7.0,18.0,24.0,25.0,0.0,0.0,0.0,0.0,0.0,0.0,0.0,0.0,0.0,0.0,0.0,0.0,0.0,5.0,3.0,0.0,0.0,0.0,7.0,9.0,0.0,6.0,1.0,8.0,10.0,9.0,8.0,32.0,29.0,33.0
724,1.0,724.0,London_423,newnew,151,453,1092.0,70.0,2.0,152208.0,0.8080506320111454,789.0,123.0,0.0,123.0,227.0,0.0,227.0,181.0,255.0,84.0,19.0,64.0,2.0,22.0,1.0,6.0,14.0,79.0,158.0,202.0,49.0,0.0,0.0,0.0,0.0,0.0,0.0,0.0,0.0,0.0,0.0,0.0,0.0,0.0,0.0,0.0,0.0,0.0,0.0,0.0,0.0,0.0,0.0,0.0,0.0,0.0,0.0,0.0,0.0,0.0,0.0,0.0,0.0,0.0,0.0,0.0,0.0,0.0,0.0,5.0,15.0,3.0,1.0,4.0,4.0,9.0,9.0,7.0,26.0,29.0,21.0,0.0,0.0,0.0,0.0,0.0,0.0,0.0,0.0,0.0,0.0,0.0,0.0,0.0,0.0,0.0,0.0,0.0,0.0,5.0,23.0,3.0,1.0,6.0,5.0,11.0,10.0,9.0,43.0,42.0,31.0
725,1.0,725.0,London_423,newnew,151,453,1092.0,70.0,2.0,130011.0,0.5072968859458342,740.0,80.0,2.0,78.0,151.0,17.0,134.0,227.0,240.0,85.0,14.0,71.0,7.0,30.0,0.0,6.0,5.0,78.0,155.0,215.0,30.0,0.0,0.0,0.0,0.0,0.0,0.0,0.0,0.0,0.0,0.0,0.0,0.0,0.0,0.0,0.0,0.0,0.0,0.0,0.0,0.0,0.0,0.0,0.0,0.0,0.0,0.0,0.0,0.0,1.0,0.0,0.0,1.0,1.0,0.0,0.0,0.0,0.0,0.0,2.0,0.0,1.0,3.0,0.0,7.0,8.0,6.0,8.0,15.0,15.0,24.0,0.0,0.0,0.0,0.0,0.0,0.0,0.0,0.0,1.0,0.0,0.0,2.0,7.0,0.0,0.0,0.0,0.0,0.0,3.0,0.0,1.0,4.0,0.0,10.0,15.0,9.0,13.0,25.0,21.0,30.0
726,1.0,726.0,London_423,newnew,151,453,1092.0,70.0,2.0,135900.0,0.6145358410431072,753.0,86.0,0.0,86.0,154.0,0.0,154.0,151.0,236.0,116.0,10.0,48.0,4.0,30.0,2.0,7.0,10.0,90.0,150.0,203.0,36.0,0.0,0.0,0.0,0.0,0.0,0.0,0.0,0.0,0.0,0.0,0.0,0.0,0.0,0.0,0.0,0.0,0.0,0.0,0.0,0.0,0.0,0.0,0.0,0.0,0.0,0.0,0.0,0.0,0.0,0.0,0.0,0.0,0.0,0.0,0.0,0.0,0.0,0.0,1.0,2.0,3.0,3.0,0.0,9.0,3.0,6.0,15.0,17.0,20.0,13.0,0.0,0.0,0.0,0.0,0.0,0.0,0.0,0.0,0.0,0.0,0.0,0.0,0.0,0.0,0.0,0.0,0.0,0.0,2.0,3.0,4.0,6.0,0.0,11.0,3.0,7.0,19.0,30.0,33.0,18.0
727,1.0,727.0,London_423,newnew,151,453,1092.0,70.0,2.0,136353.0,0.7222847869852558,754.0,98.0,1.0,97.0,177.0,12.0,165.0,154.0,258.0,101.0,10.0,40.0,7.0,31.0,1.0,5.0,5.0,86.0,146.0,216.0,46.0,0.0,0.0,0.0,0.0,0.0,0.0,0.0,0.0,0.0,0.0,0.0,0.0,0.0,0.0,0.0,0.0,0.0,0.0,0.0,0.0,0.0,0.0,0.0,0.0,0.0,0.0,0.0,0.0,1.0,0.0,0.0,1.0,0.0,0.0,0.0,0.0,0.0,0.0,2.0,15.0,2.0,2.0,1.0,9.0,7.0,2.0,14.0,22.0,18.0,24.0,0.0,0.0,0.0,0.0,0.0,0.0,0.0,0.0,2.0,0.0,0.0,2.0,0.0,0.0,0.0,0.0,0.0,0.0,3.0,18.0,2.0,3.0,1.0,11.0,10.0,3.0,18.0,34.0,29.0,29.0
728,1.0,728.0,London_423,newnew,151,453,1092.0,70.0,2.0,133635.0,0.6588939690263942,748.0,35.0,2.0,33.0,77.0,16.0,61.0,177.0,268.0,92.0,9.0,46.0,7.0,26.0,0.0,5.0,8.0,85.0,136.0,224.0,38.0,0.0,0.0,0.0,0.0,0.0,0.0,0.0,0.0,0.0,0.0,0.0,0.0,0.0,0.0,0.0,0.0,0.0,0.0,0.0,0.0,0.0,0.0,0.0,0.0,0.0,0.0,0.0,0.0,0.0,0.0,0.0,1.0,0.0,0.0,2.0,0.0,0.0,0.0,0.0,0.0,0.0,0.0,0.0,3.0,2.0,1.0,4.0,9.0,4.0,8.0,0.0,0.0,0.0,0.0,0.0,0.0,0.0,0.0,0.0,0.0,0.0,7.0,0.0,0.0,2.0,0.0,0.0,0.0,0.0,0.0,0.0,0.0,0.0,5.0,2.0,1.0,4.0,16.0,8.0,9.0
729,1.0,729.0,London_423,newnew,151,453,1092.0,70.0,2.0,153114.0,0.582850350998342,791.0,42.0,2.0,40.0,91.0,18.0,73.0,77.0,265.0,92.0,12.0,47.0,7.0,25.0,1.0,4.0,9.0,85.0,131.0,228.0,40.0,0.0,0.0,0.0,0.0,0.0,0.0,0.0,0.0,0.0,0.0,0.0,0.0,0.0,0.0,0.0,0.0,0.0,0.0,0.0,0.0,0.0,0.0,0.0,0.0,0.0,0.0,0.0,0.0,0.0,1.0,0.0,1.0,0.0,1.0,1.0,0.0,0.0,0.0,0.0,1.0,0.0,0.0,0.0,5.0,4.0,3.0,7.0,13.0,8.0,9.0,0.0,0.0,0.0,0.0,0.0,0.0,0.0,0.0,0.0,7.0,0.0,7.0,0.0,8.0,6.0,0.0,0.0,0.0,0.0,1.0,0.0,0.0,0.0,7.0,6.0,5.0,12.0,21.0,13.0,14.0
730,1.0,730.0,London_423,newnew,151,453,1092.0,70.0,2.0,169875.0,0.6512479219818488,828.0,38.0,1.0,37.0,75.0,9.0,66.0,91.0,269.0,87.0,7.0,64.0,1.0,22.0,0.0,3.0,8.0,88.0,124.0,233.0,36.0,0.0,0.0,0.0,0.0,0.0,0.0,0.0,0.0,0.0,0.0,0.0,0.0,0.0,0.0,0.0,0.0,0.0,0.0,0.0,0.0,0.0,0.0,0.0,0.0,0.0,0.0,0.0,0.0,0.0,0.0,0.0,0.0,0.0,0.0,0.0,0.0,0.0,0.0,3.0,3.0,0.0,0.0,0.0,4.0,3.0,0.0,7.0,6.0,10.0,9.0,0.0,0.0,0.0,0.0,0.0,0.0,0.0,0.0,0.0,0.0,0.0,0.0,0.0,0.0,0.0,0.0,0.0,0.0,4.0,4.0,0.0,0.0,0.0,9.0,5.0,0.0,12.0,14.0,13.0,13.0
731,1.0,731.0,London_423,newnew,151,453,1092.0,70.0,2.0,201585.0,1.0242905010236427,898.0,119.0,0.0,119.0,199.0,0.0,199.0,75.0,270.0,88.0,4.0,65.0,2.0,19.0,2.0,3.0,6.0,86.0,118.0,243.0,37.0,0.0,0.0,0.0,0.0,0.0,0.0,0.0,0.0,0.0,0.0,0.0,0.0,0.0,0.0,0.0,0.0,0.0,0.0,0.0,0.0,0.0,0.0,0.0,0.0,0.0,0.0,0.0,0.0,0.0,0.0,0.0,0.0,0.0,0.0,0.0,0.0,0.0,0.0,2.0,23.0,1.0,4.0,6.0,12.0,9.0,4.0,11.0,28.0,30.0,25.0,0.0,0.0,0.0,0.0,0.0,0.0,0.0,0.0,0.0,0.0,0.0,0.0,0.0,0.0,0.0,0.0,0.0,0.0,2.0,34.0,1.0,5.0,6.0,13.0,13.0,6.0,13.0,40.0,47.0,30.0
732,1.0,732.0,London_423,newnew,151,453,1092.0,70.0,2.0,208380.0,1.1038242240902036,913.0,204.0,0.0,204.0,345.0,0.0,345.0,199.0,273.0,82.0,13.0,48.0,5.0,24.0,0.0,8.0,4.0,82.0,135.0,232.0,25.0,0.0,0.0,0.0,0.0,0.0,0.0,0.0,0.0,0.0,0.0,0.0,0.0,0.0,0.0,0.0,0.0,0.0,0.0,0.0,0.0,0.0,0.0,0.0,0.0,0.0,0.0,0.0,0.0,0.0,0.0,0.0,0.0,0.0,0.0,0.0,0.0,0.0,0.0,2.0,17.0,2.0,4.0,4.0,5.0,17.0,3.0,18.0,39.0,40.0,36.0,0.0,0.0,0.0,0.0,0.0,0.0,0.0,0.0,0.0,0.0,0.0,0.0,0.0,0.0,0.0,0.0,0.0,0.0,3.0,25.0,3.0,7.0,4.0,5.0,20.0,4.0,21.0,55.0,56.0,50.0
733,1.0,733.0,London_423,newnew,151,453,1092.0,70.0,2.0,147678.0,0.338465326000005,779.0,14.0,2.0,12.0,39.0,19.0,20.0,345.0,151.0,135.0,23.0,102.0,8.0,26.0,2.0,6.0,11.0,84.0,139.0,219.0,47.0,0.0,0.0,0.0,0.0,0.0,0.0,0.0,0.0,0.0,0.0,0.0,0.0,0.0,0.0,0.0,0.0,0.0,0.0,0.0,0.0,0.0,0.0,0.0,0.0,0.0,0.0,0.0,0.0,0.0,0.0,0.0,1.0,1.0,0.0,2.0,0.0,0.0,0.0,1.0,0.0,1.0,0.0,0.0,0.0,2.0,1.0,3.0,3.0,3.0,2.0,0.0,0.0,0.0,0.0,0.0,0.0,0.0,0.0,0.0,0.0,0.0,5.0,9.0,0.0,10.0,0.0,0.0,0.0,2.0,0.0,2.0,0.0,0.0,0.0,4.0,2.0,4.0,4.0,4.0,3.0
734,1.0,734.0,London_423,newnew,151,453,1092.0,70.0,2.0,185277.0,0.6683790669776499,862.0,143.0,0.0,143.0,236.0,0.0,236.0,39.0,146.0,137.0,24.0,101.0,8.0,29.0,3.0,5.0,10.0,93.0,128.0,222.0,43.0,0.0,0.0,0.0,0.0,0.0,0.0,0.0,0.0,0.0,0.0,0.0,0.0,0.0,0.0,0.0,0.0,0.0,0.0,0.0,0.0,0.0,0.0,0.0,0.0,0.0,0.0,0.0,0.0,0.0,0.0,0.0,0.0,0.0,0.0,0.0,0.0,0.0,0.0,8.0,4.0,4.0,4.0,0.0,18.0,3.0,9.0,30.0,29.0,42.0,20.0,0.0,0.0,0.0,0.0,0.0,0.0,0.0,0.0,0.0,0.0,0.0,0.0,0.0,0.0,0.0,0.0,0.0,0.0,9.0,4.0,4.0,8.0,0.0,26.0,4.0,14.0,38.0,41.0,59.0,23.0
735,1.0,735.0,London_423,newnew,151,453,1092.0,70.0,2.0,151755.0,0.47883607808034867,788.0,42.0,1.0,41.0,77.0,8.0,69.0,236.0,162.0,144.0,22.0,88.0,9.0,23.0,0.0,5.0,8.0,89.0,146.0,210.0,58.0,0.0,0.0,0.0,0.0,0.0,0.0,0.0,0.0,0.0,0.0,0.0,0.0,0.0,0.0,0.0,0.0,0.0,0.0,0.0,0.0,0.0,0.0,0.0,0.0,0.0,0.0,0.0,0.0,1.0,0.0,0.0,0.0,0.0,0.0,1.0,0.0,0.0,0.0,0.0,2.0,1.0,0.0,0.0,5.0,2.0,4.0,10.0,6.0,14.0,7.0,0.0,0.0,0.0,0.0,0.0,0.0,0.0,0.0,3.0,0.0,0.0,0.0,0.0,0.0,3.0,0.0,0.0,0.0,0.0,3.0,1.0,0.0,0.0,9.0,2.0,6.0,15.0,10.0,19.0,8.0
736,1.0,736.0,London_423,newnew,151,453,1092.0,70.0,2.0,172140.0,0.6609827490756288,833.0,134.0,2.0,132.0,240.0,18.0,222.0,77.0,160.0,152.0,20.0,81.0,11.0,26.0,0.0,3.0,6.0,91.0,150.0,206.0,57.0,0.0,0.0,0.0,0.0,0.0,0.0,0.0,0.0,0.0,0.0,0.0,0.0,0.0,0.0,0.0,0.0,0.0,0.0,0.0,0.0,0.0,0.0,0.0,0.0,0.0,0.0,0.0,0.0,0.0,0.0,0.0,1.0,0.0,0.0,0.0,0.0,0.0,0.0,7.0,6.0,1.0,3.0,6.0,20.0,8.0,12.0,8.0,32.0,27.0,30.0,0.0,0.0,0.0,0.0,0.0,0.0,0.0,0.0,0.0,0.0,0.0,5.0,0.0,0.0,0.0,0.0,0.0,0.0,9.0,6.0,1.0,5.0,6.0,25.0,11.0,16.0,10.0,49.0,41.0,41.0
737,1.0,737.0,London_423,newnew,151,453,1092.0,70.0,2.0,151755.0,0.4842361069750041,788.0,41.0,1.0,40.0,77.0,9.0,68.0,240.0,182.0,161.0,16.0,58.0,6.0,25.0,1.0,4.0,7.0,81.0,142.0,223.0,55.0,0.0,0.0,0.0,0.0,0.0,0.0,0.0,0.0,0.0,0.0,0.0,0.0,0.0,0.0,0.0,0.0,0.0,0.0,0.0,0.0,0.0,0.0,0.0,0.0,0.0,0.0,0.0,0.0,0.0,0.0,0.0,0.0,0.0,0.0,0.0,0.0,0.0,0.0,2.0,2.0,0.0,0.0,0.0,3.0,6.0,3.0,5.0,6.0,9.0,5.0,0.0,0.0,0.0,0.0,0.0,0.0,0.0,0.0,0.0,0.0,0.0,0.0,0.0,0.0,0.0,0.0,0.0,0.0,3.0,3.0,0.0,0.0,0.0,3.0,10.0,7.0,7.0,8.0,13.0,9.0
738,1.0,738.0,London_423,newnew,151,453,1092.0,70.0,2.0,168969.0,0.7932586149545386,826.0,186.0,0.0,186.0,307.0,0.0,307.0,77.0,190.0,156.0,14.0,58.0,7.0,22.0,1.0,5.0,5.0,85.0,141.0,222.0,51.0,0.0,0.0,0.0,0.0,0.0,0.0,0.0,0.0,0.0,0.0,0.0,0.0,0.0,0.0,0.0,0.0,0.0,0.0,0.0,0.0,0.0,0.0,0.0,0.0,0.0,0.0,0.0,0.0,0.0,0.0,0.0,0.0,0.0,0.0,0.0,0.0,0.0,0.0,2.0,21.0,0.0,2.0,0.0,8.0,5.0,7.0,13.0,38.0,47.0,24.0,0.0,0.0,0.0,0.0,0.0,0.0,0.0,0.0,0.0,0.0,0.0,0.0,0.0,0.0,0.0,0.0,0.0,0.0,3.0,31.0,0.0,2.0,0.0,10.0,8.0,8.0,17.0,61.0,65.0,28.0
739,1.0,739.0,London_423,newnew,151,453,1092.0,70.0,2.0,108720.0,0.287319224094972,693.0,11.0,0.0,11.0,20.0,0.0,20.0,307.0,179.0,84.0,31.0,107.0,9.0,28.0,3.0,12.0,1.0,82.0,153.0,217.0,31.0,0.0,0.0,0.0,0.0,0.0,0.0,0.0,0.0,0.0,0.0,0.0,0.0,0.0,0.0,0.0,0.0,0.0,0.0,0.0,0.0,0.0,0.0,0.0,0.0,0.0,0.0,0.0,0.0,0.0,0.0,0.0,0.0,0.0,0.0,0.0,0.0,0.0,0.0,1.0,0.0,0.0,0.0,0.0,2.0,0.0,1.0,0.0,3.0,4.0,1.0,0.0,0.0,0.0,0.0,0.0,0.0,0.0,0.0,0.0,0.0,0.0,0.0,0.0,0.0,0.0,0.0,0.0,0.0,2.0,0.0,0.0,0.0,0.0,3.0,0.0,1.0,0.0,5.0,5.0,1.0
740,1.0,740.0,London_423,newnew,151,453,1092.0,70.0,2.0,133182.0,0.4560500490479171,747.0,94.0,2.0,92.0,181.0,19.0,162.0,20.0,179.0,81.0,31.0,112.0,9.0,28.0,3.0,10.0,1.0,79.0,153.0,220.0,34.0,0.0,0.0,0.0,0.0,0.0,0.0,0.0,0.0,0.0,0.0,0.0,0.0,0.0,0.0,0.0,0.0,0.0,0.0,0.0,0.0,0.0,0.0,0.0,0.0,0.0,0.0,0.0,0.0,1.0,0.0,0.0,0.0,0.0,0.0,2.0,0.0,0.0,0.0,4.0,4.0,3.0,2.0,0.0,17.0,7.0,6.0,13.0,13.0,20.0,16.0,0.0,0.0,0.0,0.0,0.0,0.0,0.0,0.0,1.0,0.0,0.0,0.0,0.0,0.0,12.0,0.0,0.0,0.0,7.0,5.0,4.0,3.0,0.0,28.0,12.0,8.0,16.0,20.0,29.0,21.0
741,1.0,741.0,London_423,newnew,151,453,1092.0,70.0,2.0,123669.0,0.47532558103557676,726.0,83.0,1.0,82.0,161.0,9.0,152.0,181.0,193.0,77.0,36.0,95.0,12.0,30.0,1.0,9.0,3.0,74.0,140.0,236.0,31.0,0.0,0.0,0.0,0.0,0.0,0.0,0.0,0.0,0.0,0.0,0.0,0.0,0.0,0.0,0.0,0.0,0.0,0.0,0.0,0.0,0.0,0.0,0.0,0.0,0.0,0.0,0.0,0.0,1.0,0.0,0.0,0.0,0.0,0.0,1.0,0.0,0.0,0.0,5.0,2.0,1.0,1.0,0.0,5.0,13.0,5.0,10.0,18.0,19.0,14.0,0.0,0.0,0.0,0.0,0.0,0.0,0.0,0.0,4.0,0.0,0.0,0.0,0.0,0.0,2.0,0.0,0.0,0.0,7.0,2.0,2.0,2.0,0.0,7.0,18.0,6.0,16.0,26.0,30.0,17.0
742,1.0,742.0,London_423,newnew,151,453,1092.0,70.0,2.0,124122.0,0.5141070369863883,727.0,78.0,2.0,76.0,148.0,19.0,129.0,161.0,210.0,88.0,27.0,76.0,11.0,33.0,0.0,8.0,6.0,84.0,142.0,221.0,43.0,0.0,0.0,0.0,0.0,0.0,0.0,0.0,0.0,0.0,0.0,0.0,0.0,0.0,0.0,0.0,0.0,0.0,0.0,0.0,0.0,0.0,0.0,0.0,0.0,0.0,0.0,0.0,0.0,0.0,0.0,0.0,1.0,0.0,0.0,0.0,0.0,0.0,0.0,1.0,5.0,1.0,1.0,1.0,4.0,8.0,6.0,9.0,10.0,20.0,15.0,0.0,0.0,0.0,0.0,0.0,0.0,0.0,0.0,0.0,0.0,0.0,3.0,0.0,0.0,0.0,0.0,0.0,0.0,1.0,7.0,1.0,1.0,1.0,6.0,13.0,8.0,13.0,18.0,28.0,19.0
743,1.0,743.0,London_423,newnew,151,453,1092.0,70.0,2.0,122310.0,0.5584725489607081,723.0,83.0,2.0,81.0,162.0,16.0,146.0,148.0,215.0,79.0,28.0,73.0,5.0,40.0,0.0,13.0,8.0,83.0,150.0,212.0,52.0,0.0,0.0,0.0,0.0,0.0,0.0,0.0,0.0,0.0,0.0,0.0,0.0,0.0,0.0,0.0,0.0,0.0,0.0,0.0,0.0,0.0,0.0,0.0,0.0,0.0,0.0,0.0,0.0,0.0,0.0,0.0,1.0,0.0,1.0,1.0,0.0,0.0,0.0,3.0,7.0,0.0,2.0,0.0,6.0,7.0,2.0,13.0,19.0,15.0,12.0,0.0,0.0,0.0,0.0,0.0,0.0,0.0,0.0,0.0,0.0,0.0,7.0,0.0,5.0,4.0,0.0,0.0,0.0,5.0,12.0,0.0,2.0,0.0,7.0,14.0,4.0,17.0,28.0,24.0,15.0
744,1.0,744.0,London_423,newnew,151,453,1092.0,70.0,2.0,121857.0,0.4024036719929427,722.0,2.0,2.0,0.0,18.0,18.0,0.0,162.0,227.0,81.0,11.0,61.0,8.0,50.0,1.0,14.0,7.0,82.0,146.0,218.0,39.0,0.0,0.0,0.0,0.0,0.0,0.0,0.0,0.0,0.0,0.0,0.0,0.0,0.0,0.0,0.0,0.0,0.0,0.0,0.0,0.0,0.0,0.0,0.0,0.0,0.0,0.0,0.0,0.0,0.0,0.0,0.0,1.0,0.0,0.0,2.0,0.0,0.0,0.0,0.0,0.0,0.0,0.0,0.0,0.0,0.0,0.0,0.0,0.0,0.0,0.0,0.0,0.0,0.0,0.0,0.0,0.0,0.0,0.0,0.0,0.0,0.0,4.0,0.0,0.0,8.0,0.0,0.0,0.0,0.0,0.0,0.0,0.0,0.0,0.0,0.0,0.0,0.0,0.0,0.0,0.0
745,1.0,745.0,London_423,newnew,151,453,1092.0,70.0,2.0,169422.0,0.6080405939137563,827.0,34.0,0.0,34.0,57.0,0.0,57.0,18.0,224.0,88.0,12.0,62.0,6.0,46.0,1.0,14.0,3.0,83.0,144.0,223.0,32.0,0.0,0.0,0.0,0.0,0.0,0.0,0.0,0.0,0.0,0.0,0.0,0.0,0.0,0.0,0.0,0.0,0.0,0.0,0.0,0.0,0.0,0.0,0.0,0.0,0.0,0.0,0.0,0.0,0.0,0.0,0.0,0.0,0.0,0.0,0.0,0.0,0.0,0.0,3.0,0.0,1.0,2.0,4.0,8.0,2.0,2.0,4.0,5.0,12.0,4.0,0.0,0.0,0.0,0.0,0.0,0.0,0.0,0.0,0.0,0.0,0.0,0.0,0.0,0.0,0.0,0.0,0.0,0.0,4.0,0.0,1.0,2.0,5.0,11.0,2.0,2.0,4.0,5.0,21.0,5.0
746,1.0,746.0,London_423,newnew,151,453,1092.0,70.0,2.0,195696.0,0.9147764339577407,885.0,114.0,0.0,114.0,206.0,0.0,206.0,57.0,228.0,100.0,2.0,64.0,4.0,38.0,1.0,16.0,3.0,86.0,147.0,217.0,42.0,0.0,0.0,0.0,0.0,0.0,0.0,0.0,0.0,0.0,0.0,0.0,0.0,0.0,0.0,0.0,0.0,0.0,0.0,0.0,0.0,0.0,0.0,0.0,0.0,0.0,0.0,0.0,0.0,0.0,0.0,0.0,0.0,0.0,0.0,0.0,0.0,0.0,0.0,1.0,0.0,1.0,1.0,11.0,7.0,7.0,3.0,3.0,24.0,29.0,18.0,0.0,0.0,0.0,0.0,0.0,0.0,0.0,0.0,0.0,0.0,0.0,0.0,0.0,0.0,0.0,0.0,0.0,0.0,1.0,0.0,1.0,2.0,12.0,10.0,11.0,5.0,3.0,39.0,46.0,25.0
747,1.0,747.0,London_423,newnew,151,453,1092.0,70.0,2.0,191166.0,0.7569264979101717,875.0,120.0,1.0,119.0,218.0,10.0,208.0,206.0,225.0,81.0,21.0,52.0,2.0,48.0,3.0,21.0,5.0,78.0,152.0,218.0,33.0,0.0,0.0,0.0,0.0,0.0,0.0,0.0,0.0,0.0,0.0,0.0,0.0,0.0,0.0,0.0,0.0,0.0,0.0,0.0,0.0,0.0,0.0,0.0,0.0,0.0,0.0,0.0,0.0,0.0,1.0,0.0,1.0,0.0,0.0,1.0,0.0,0.0,0.0,2.0,5.0,0.0,2.0,8.0,6.0,7.0,3.0,14.0,25.0,31.0,21.0,0.0,0.0,0.0,0.0,0.0,0.0,0.0,0.0,0.0,1.0,0.0,2.0,0.0,0.0,6.0,0.0,0.0,0.0,2.0,6.0,0.0,5.0,8.0,7.0,9.0,5.0,21.0,39.0,50.0,25.0
748,1.0,748.0,London_423,newnew,151,453,1092.0,70.0,2.0,170328.0,0.7314408379606903,829.0,143.0,0.0,143.0,254.0,0.0,254.0,218.0,211.0,89.0,17.0,61.0,6.0,49.0,4.0,16.0,6.0,77.0,160.0,210.0,41.0,0.0,0.0,0.0,0.0,0.0,0.0,0.0,0.0,0.0,0.0,0.0,0.0,0.0,0.0,0.0,0.0,0.0,0.0,0.0,0.0,0.0,0.0,0.0,0.0,0.0,0.0,0.0,0.0,0.0,0.0,0.0,0.0,0.0,0.0,0.0,0.0,0.0,0.0,8.0,19.0,0.0,0.0,0.0,6.0,6.0,5.0,26.0,27.0,37.0,26.0,0.0,0.0,0.0,0.0,0.0,0.0,0.0,0.0,0.0,0.0,0.0,0.0,0.0,0.0,0.0,0.0,0.0,0.0,11.0,24.0,0.0,0.0,0.0,7.0,13.0,6.0,32.0,42.0,55.0,38.0
749,1.0,749.0,London_423,newnew,151,453,1092.0,70.0,2.0,145866.0,0.4324383089551702,775.0,2.0,2.0,0.0,18.0,18.0,0.0,254.0,198.0,88.0,21.0,70.0,7.0,55.0,6.0,8.0,2.0,79.0,156.0,216.0,34.0,0.0,0.0,0.0,0.0,0.0,0.0,0.0,0.0,0.0,0.0,0.0,0.0,0.0,0.0,0.0,0.0,0.0,0.0,0.0,0.0,0.0,0.0,0.0,0.0,0.0,0.0,0.0,0.0,2.0,0.0,0.0,1.0,1.0,0.0,2.0,0.0,0.0,0.0,0.0,0.0,0.0,0.0,0.0,0.0,0.0,0.0,0.0,0.0,0.0,0.0,0.0,0.0,0.0,0.0,0.0,0.0,0.0,0.0,5.0,0.0,0.0,2.0,6.0,0.0,8.0,0.0,0.0,0.0,0.0,0.0,0.0,0.0,0.0,0.0,0.0,0.0,0.0,0.0,0.0,0.0
750,1.0,750.0,London_423,newnew,151,453,1092.0,70.0,2.0,191166.0,0.7926903470652178,875.0,146.0,1.0,145.0,254.0,9.0,245.0,18.0,195.0,91.0,21.0,75.0,2.0,55.0,6.0,8.0,2.0,78.0,150.0,223.0,35.0,0.0,0.0,0.0,0.0,0.0,0.0,0.0,0.0,0.0,0.0,0.0,0.0,0.0,0.0,0.0,0.0,0.0,0.0,0.0,0.0,0.0,0.0,0.0,0.0,0.0,0.0,0.0,0.0,0.0,0.0,0.0,0.0,0.0,0.0,0.0,0.0,0.0,0.0,7.0,6.0,2.0,2.0,2.0,12.0,10.0,11.0,12.0,30.0,35.0,21.0,0.0,0.0,0.0,0.0,0.0,0.0,0.0,0.0,0.0,0.0,0.0,0.0,0.0,0.0,0.0,0.0,0.0,0.0,8.0,9.0,3.0,6.0,3.0,15.0,13.0,18.0,15.0,45.0,47.0,29.0
751,1.0,751.0,London_423,newnew,151,453,1092.0,70.0,2.0,169875.0,0.7048341389745474,828.0,142.0,0.0,142.0,235.0,0.0,235.0,254.0,191.0,93.0,24.0,79.0,6.0,54.0,1.0,5.0,6.0,72.0,150.0,225.0,40.0,0.0,0.0,0.0,0.0,0.0,0.0,0.0,0.0,0.0,0.0,0.0,0.0,0.0,0.0,0.0,0.0,0.0,0.0,0.0,0.0,0.0,0.0,0.0,0.0,0.0,0.0,0.0,0.0,0.0,0.0,0.0,0.0,0.0,0.0,0.0,0.0,0.0,0.0,3.0,6.0,0.0,4.0,4.0,16.0,14.0,5.0,2.0,25.0,33.0,15.0,0.0,0.0,0.0,0.0,0.0,0.0,0.0,0.0,0.0,0.0,0.0,0.0,0.0,0.0,0.0,0.0,0.0,0.0,4.0,7.0,0.0,6.0,4.0,21.0,22.0,7.0,2.0,39.0,45.0,18.0
752,1.0,752.0,London_423,newnew,151,453,1092.0,70.0,2.0,149490.0,0.5438209540443495,783.0,55.0,0.0,55.0,103.0,0.0,103.0,235.0,203.0,97.0,15.0,70.0,9.0,57.0,0.0,2.0,10.0,75.0,144.0,224.0,45.0,0.0,0.0,0.0,0.0,0.0,0.0,0.0,0.0,0.0,0.0,0.0,0.0,0.0,0.0,0.0,0.0,0.0,0.0,0.0,0.0,0.0,0.0,0.0,0.0,0.0,0.0,0.0,0.0,0.0,0.0,0.0,0.0,0.0,0.0,0.0,0.0,0.0,0.0,4.0,2.0,0.0,0.0,0.0,6.0,5.0,5.0,5.0,8.0,14.0,7.0,0.0,0.0,0.0,0.0,0.0,0.0,0.0,0.0,0.0,0.0,0.0,0.0,0.0,0.0,0.0,0.0,0.0,0.0,5.0,2.0,0.0,0.0,0.0,6.0,8.0,7.0,9.0,15.0,18.0,9.0
753,1.0,753.0,London_423,newnew,151,453,1092.0,70.0,2.0,157191.0,0.6240301430225372,800.0,72.0,2.0,70.0,129.0,19.0,110.0,103.0,214.0,99.0,15.0,61.0,9.0,52.0,1.0,2.0,15.0,72.0,147.0,219.0,55.0,0.0,0.0,0.0,0.0,0.0,0.0,0.0,0.0,0.0,0.0,0.0,0.0,0.0,0.0,0.0,0.0,0.0,0.0,0.0,0.0,0.0,0.0,0.0,0.0,0.0,0.0,0.0,0.0,1.0,0.0,0.0,1.0,0.0,1.0,2.0,0.0,0.0,0.0,8.0,4.0,0.0,3.0,0.0,8.0,7.0,3.0,11.0,12.0,23.0,6.0,0.0,0.0,0.0,0.0,0.0,0.0,0.0,0.0,3.0,0.0,0.0,4.0,0.0,6.0,7.0,0.0,0.0,0.0,9.0,6.0,0.0,5.0,0.0,11.0,7.0,3.0,13.0,15.0,32.0,7.0
754,1.0,754.0,London_423,newnew,151,453,1092.0,70.0,2.0,156738.0,0.6333880990277976,799.0,77.0,0.0,77.0,137.0,0.0,137.0,129.0,221.0,103.0,12.0,53.0,7.0,55.0,0.0,2.0,12.0,68.0,154.0,219.0,54.0,0.0,0.0,0.0,0.0,0.0,0.0,0.0,0.0,0.0,0.0,0.0,0.0,0.0,0.0,0.0,0.0,0.0,0.0,0.0,0.0,0.0,0.0,0.0,0.0,0.0,0.0,0.0,0.0,0.0,0.0,0.0,0.0,0.0,0.0,0.0,0.0,0.0,0.0,4.0,1.0,1.0,0.0,0.0,9.0,5.0,2.0,8.0,8.0,21.0,9.0,0.0,0.0,0.0,0.0,0.0,0.0,0.0,0.0,0.0,0.0,0.0,0.0,0.0,0.0,0.0,0.0,0.0,0.0,5.0,2.0,1.0,0.0,0.0,14.0,7.0,3.0,13.0,12.0,27.0,14.0
755,1.0,755.0,London_423,newnew,151,453,1092.0,70.0,2.0,159909.0,0.6516426280140877,806.0,106.0,2.0,104.0,185.0,16.0,169.0,137.0,218.0,91.0,11.0,61.0,9.0,56.0,1.0,6.0,10.0,60.0,162.0,221.0,50.0,0.0,0.0,0.0,0.0,0.0,0.0,0.0,0.0,0.0,0.0,0.0,0.0,0.0,0.0,0.0,0.0,0.0,0.0,0.0,0.0,0.0,0.0,0.0,0.0,0.0,0.0,0.0,0.0,1.0,0.0,0.0,0.0,0.0,2.0,2.0,0.0,0.0,0.0,2.0,1.0,0.0,2.0,11.0,6.0,4.0,10.0,7.0,19.0,21.0,23.0,0.0,0.0,0.0,0.0,0.0,0.0,0.0,0.0,3.0,0.0,0.0,0.0,0.0,9.0,6.0,0.0,0.0,0.0,3.0,2.0,0.0,3.0,13.0,8.0,5.0,14.0,10.0,28.0,29.0,31.0
756,1.0,756.0,London_423,newnew,151,453,1092.0,70.0,2.0,147225.0,0.6441002059727907,778.0,111.0,1.0,110.0,209.0,9.0,200.0,185.0,216.0,95.0,10.0,57.0,5.0,62.0,1.0,7.0,9.0,68.0,160.0,216.0,47.0,0.0,0.0,0.0,0.0,0.0,0.0,0.0,0.0,0.0,0.0,0.0,0.0,0.0,0.0,0.0,0.0,0.0,0.0,0.0,0.0,0.0,0.0,0.0,0.0,0.0,0.0,0.0,0.0,1.0,0.0,0.0,0.0,0.0,0.0,0.0,0.0,0.0,0.0,1.0,9.0,0.0,0.0,6.0,7.0,7.0,6.0,9.0,22.0,30.0,26.0,0.0,0.0,0.0,0.0,0.0,0.0,0.0,0.0,6.0,0.0,0.0,0.0,0.0,0.0,0.0,0.0,0.0,0.0,1.0,15.0,0.0,0.0,7.0,9.0,11.0,8.0,11.0,34.0,50.0,35.0
757,1.0,757.0,London_423,newnew,151,453,1092.0,70.0,2.0,127746.0,0.5018408639589325,735.0,79.0,2.0,77.0,150.0,18.0,132.0,209.0,215.0,102.0,21.0,54.0,6.0,46.0,3.0,6.0,2.0,70.0,161.0,220.0,24.0,0.0,0.0,0.0,0.0,0.0,0.0,0.0,0.0,0.0,0.0,0.0,0.0,0.0,0.0,0.0,0.0,0.0,0.0,0.0,0.0,0.0,0.0,0.0,0.0,0.0,0.0,0.0,0.0,2.0,0.0,0.0,1.0,1.0,0.0,0.0,0.0,0.0,0.0,1.0,4.0,0.0,0.0,0.0,10.0,11.0,8.0,8.0,14.0,10.0,9.0,0.0,0.0,0.0,0.0,0.0,0.0,0.0,0.0,4.0,0.0,0.0,7.0,4.0,0.0,0.0,0.0,0.0,0.0,1.0,5.0,0.0,0.0,0.0,15.0,16.0,12.0,11.0,19.0,15.0,13.0
758,1.0,758.0,London_423,newnew,151,453,1092.0,70.0,2.0,123669.0,0.4428604699205607,726.0,58.0,2.0,56.0,116.0,17.0,99.0,150.0,217.0,104.0,28.0,60.0,1.0,39.0,1.0,3.0,5.0,65.0,155.0,228.0,38.0,0.0,0.0,0.0,0.0,0.0,0.0,0.0,0.0,0.0,0.0,0.0,0.0,0.0,0.0,0.0,0.0,0.0,0.0,0.0,0.0,0.0,0.0,0.0,0.0,0.0,0.0,0.0,0.0,0.0,0.0,0.0,1.0,0.0,0.0,2.0,0.0,0.0,0.0,5.0,3.0,0.0,0.0,1.0,9.0,4.0,3.0,2.0,15.0,12.0,19.0,0.0,0.0,0.0,0.0,0.0,0.0,0.0,0.0,0.0,0.0,0.0,4.0,0.0,0.0,7.0,0.0,0.0,0.0,6.0,4.0,0.0,0.0,1.0,14.0,4.0,4.0,7.0,25.0,15.0,23.0
759,1.0,759.0,London_423,newnew,151,453,1092.0,70.0,2.0,136353.0,0.45115407498087734,754.0,54.0,0.0,54.0,92.0,0.0,92.0,116.0,225.0,115.0,24.0,52.0,1.0,34.0,1.0,1.0,2.0,71.0,158.0,222.0,33.0,0.0,0.0,0.0,0.0,0.0,0.0,0.0,0.0,0.0,0.0,0.0,0.0,0.0,0.0,0.0,0.0,0.0,0.0,0.0,0.0,0.0,0.0,0.0,0.0,0.0,0.0,0.0,0.0,0.0,0.0,0.0,0.0,0.0,0.0,0.0,0.0,0.0,0.0,5.0,5.0,0.0,0.0,0.0,6.0,5.0,6.0,5.0,10.0,11.0,17.0,0.0,0.0,0.0,0.0,0.0,0.0,0.0,0.0,0.0,0.0,0.0,0.0,0.0,0.0,0.0,0.0,0.0,0.0,6.0,7.0,0.0,0.0,0.0,8.0,6.0,9.0,7.0,15.0,14.0,23.0
760,1.0,760.0,London_423,newnew,151,453,1092.0,70.0,2.0,153567.0,0.6576421129284427,792.0,61.0,2.0,59.0,117.0,19.0,98.0,92.0,231.0,109.0,32.0,47.0,1.0,31.0,1.0,1.0,3.0,70.0,159.0,221.0,33.0,0.0,0.0,0.0,0.0,0.0,0.0,0.0,0.0,0.0,0.0,0.0,0.0,0.0,0.0,0.0,0.0,0.0,0.0,0.0,0.0,0.0,0.0,0.0,0.0,0.0,0.0,0.0,0.0,1.0,0.0,0.0,2.0,1.0,0.0,1.0,0.0,0.0,0.0,1.0,2.0,5.0,1.0,0.0,4.0,6.0,1.0,6.0,10.0,15.0,10.0,0.0,0.0,0.0,0.0,0.0,0.0,0.0,0.0,7.0,0.0,0.0,11.0,6.0,0.0,6.0,0.0,0.0,0.0,3.0,3.0,5.0,3.0,0.0,4.0,7.0,1.0,11.0,14.0,18.0,13.0
761,1.0,761.0,London_423,newnew,151,453,1092.0,70.0,2.0,166704.0,0.5705487789819017,821.0,28.0,0.0,28.0,56.0,0.0,56.0,117.0,233.0,113.0,33.0,45.0,2.0,21.0,2.0,4.0,3.0,71.0,153.0,226.0,36.0,0.0,0.0,0.0,0.0,0.0,0.0,0.0,0.0,0.0,0.0,0.0,0.0,0.0,0.0,0.0,0.0,0.0,0.0,0.0,0.0,0.0,0.0,0.0,0.0,0.0,0.0,0.0,0.0,0.0,0.0,0.0,0.0,0.0,0.0,0.0,0.0,0.0,0.0,1.0,2.0,1.0,0.0,0.0,3.0,4.0,2.0,6.0,6.0,7.0,7.0,0.0,0.0,0.0,0.0,0.0,0.0,0.0,0.0,0.0,0.0,0.0,0.0,0.0,0.0,0.0,0.0,0.0,0.0,1.0,3.0,1.0,0.0,0.0,5.0,7.0,3.0,8.0,10.0,12.0,10.0
762,1.0,762.0,London_423,newnew,151,453,1092.0,70.0,2.0,201585.0,0.9165434720925987,898.0,184.0,0.0,184.0,322.0,0.0,322.0,56.0,232.0,123.0,31.0,32.0,4.0,29.0,2.0,0.0,4.0,72.0,151.0,226.0,38.0,0.0,0.0,0.0,0.0,0.0,0.0,0.0,0.0,0.0,0.0,0.0,0.0,0.0,0.0,0.0,0.0,0.0,0.0,0.0,0.0,0.0,0.0,0.0,0.0,0.0,0.0,0.0,0.0,0.0,0.0,0.0,0.0,0.0,0.0,0.0,0.0,0.0,0.0,3.0,26.0,0.0,0.0,7.0,8.0,2.0,5.0,8.0,33.0,45.0,26.0,0.0,0.0,0.0,0.0,0.0,0.0,0.0,0.0,0.0,0.0,0.0,0.0,0.0,0.0,0.0,0.0,0.0,0.0,5.0,37.0,0.0,0.0,8.0,10.0,4.0,8.0,11.0,53.0,62.0,28.0
763,1.0,763.0,London_423,newnew,151,453,1092.0,70.0,2.0,150849.0,0.5148270149948075,786.0,101.0,2.0,99.0,191.0,18.0,173.0,322.0,172.0,119.0,23.0,90.0,5.0,33.0,2.0,9.0,1.0,74.0,167.0,211.0,44.0,0.0,0.0,0.0,0.0,0.0,0.0,0.0,0.0,0.0,0.0,0.0,0.0,0.0,0.0,0.0,0.0,0.0,0.0,0.0,0.0,0.0,0.0,0.0,0.0,0.0,0.0,0.0,0.0,0.0,0.0,0.0,1.0,0.0,1.0,2.0,0.0,0.0,0.0,2.0,4.0,1.0,0.0,1.0,7.0,8.0,8.0,16.0,21.0,28.0,19.0,0.0,0.0,0.0,0.0,0.0,0.0,0.0,0.0,0.0,0.0,0.0,5.0,0.0,7.0,5.0,0.0,0.0,0.0,2.0,6.0,1.0,0.0,1.0,9.0,10.0,11.0,23.0,28.0,38.0,22.0
764,1.0,764.0,London_423,newnew,151,453,1092.0,70.0,2.0,149037.0,0.6533258180133998,782.0,111.0,0.0,111.0,195.0,0.0,195.0,191.0,182.0,141.0,21.0,74.0,4.0,22.0,3.0,6.0,6.0,81.0,159.0,207.0,46.0,0.0,0.0,0.0,0.0,0.0,0.0,0.0,0.0,0.0,0.0,0.0,0.0,0.0,0.0,0.0,0.0,0.0,0.0,0.0,0.0,0.0,0.0,0.0,0.0,0.0,0.0,0.0,0.0,0.0,0.0,0.0,0.0,0.0,0.0,0.0,0.0,0.0,0.0,6.0,0.0,0.0,3.0,2.0,9.0,13.0,7.0,9.0,14.0,29.0,27.0,0.0,0.0,0.0,0.0,0.0,0.0,0.0,0.0,0.0,0.0,0.0,0.0,0.0,0.0,0.0,0.0,0.0,0.0,8.0,0.0,0.0,3.0,2.0,12.0,18.0,10.0,14.0,26.0,47.0,36.0
765,1.0,765.0,London_423,newnew,151,453,1092.0,70.0,2.0,134541.0,0.47988661599811167,750.0,34.0,1.0,33.0,66.0,9.0,57.0,195.0,201.0,132.0,13.0,67.0,3.0,22.0,4.0,11.0,7.0,79.0,159.0,208.0,42.0,0.0,0.0,0.0,0.0,0.0,0.0,0.0,0.0,0.0,0.0,0.0,0.0,0.0,0.0,0.0,0.0,0.0,0.0,0.0,0.0,0.0,0.0,0.0,0.0,0.0,0.0,0.0,0.0,0.0,0.0,0.0,1.0,0.0,1.0,1.0,0.0,0.0,0.0,1.0,0.0,0.0,0.0,0.0,3.0,2.0,7.0,4.0,6.0,6.0,2.0,0.0,0.0,0.0,0.0,0.0,0.0,0.0,0.0,0.0,0.0,0.0,1.0,0.0,8.0,3.0,0.0,0.0,0.0,1.0,0.0,0.0,0.0,0.0,5.0,3.0,10.0,6.0,9.0,10.0,3.0
766,1.0,766.0,London_423,newnew,151,453,1092.0,70.0,2.0,154020.0,0.5031469129025936,793.0,16.0,0.0,16.0,26.0,0.0,26.0,66.0,197.0,140.0,16.0,69.0,1.0,15.0,4.0,11.0,8.0,80.0,152.0,213.0,45.0,0.0,0.0,0.0,0.0,0.0,0.0,0.0,0.0,0.0,0.0,0.0,0.0,0.0,0.0,0.0,0.0,0.0,0.0,0.0,0.0,0.0,0.0,0.0,0.0,0.0,0.0,0.0,0.0,0.0,0.0,0.0,0.0,0.0,0.0,0.0,0.0,0.0,0.0,1.0,0.0,0.0,1.0,0.0,0.0,0.0,2.0,2.0,1.0,3.0,6.0,0.0,0.0,0.0,0.0,0.0,0.0,0.0,0.0,0.0,0.0,0.0,0.0,0.0,0.0,0.0,0.0,0.0,0.0,1.0,0.0,0.0,2.0,0.0,0.0,0.0,5.0,2.0,1.0,4.0,6.0
767,1.0,767.0,London_423,newnew,151,453,1092.0,70.0,2.0,189354.0,0.8309470940148458,871.0,131.0,2.0,129.0,229.0,17.0,212.0,26.0,203.0,137.0,20.0,60.0,1.0,16.0,4.0,12.0,8.0,81.0,153.0,211.0,49.0,0.0,0.0,0.0,0.0,0.0,0.0,0.0,0.0,0.0,0.0,0.0,0.0,0.0,0.0,0.0,0.0,0.0,0.0,0.0,0.0,0.0,0.0,0.0,0.0,0.0,0.0,0.0,0.0,0.0,0.0,0.0,0.0,1.0,0.0,0.0,0.0,0.0,0.0,0.0,3.0,1.0,3.0,10.0,8.0,10.0,10.0,12.0,32.0,31.0,34.0,0.0,0.0,0.0,0.0,0.0,0.0,0.0,0.0,0.0,0.0,0.0,0.0,7.0,0.0,0.0,0.0,0.0,0.0,0.0,3.0,1.0,5.0,11.0,11.0,12.0,11.0,13.0,47.0,43.0,41.0
768,1.0,768.0,London_423,newnew,151,453,1092.0,70.0,2.0,163986.0,0.6431770259514451,815.0,79.0,0.0,79.0,131.0,0.0,131.0,229.0,197.0,127.0,20.0,67.0,10.0,17.0,5.0,10.0,10.0,80.0,156.0,207.0,47.0,0.0,0.0,0.0,0.0,0.0,0.0,0.0,0.0,0.0,0.0,0.0,0.0,0.0,0.0,0.0,0.0,0.0,0.0,0.0,0.0,0.0,0.0,0.0,0.0,0.0,0.0,0.0,0.0,0.0,0.0,0.0,0.0,0.0,0.0,0.0,0.0,0.0,0.0,4.0,0.0,0.0,1.0,0.0,11.0,6.0,7.0,4.0,18.0,20.0,21.0,0.0,0.0,0.0,0.0,0.0,0.0,0.0,0.0,0.0,0.0,0.0,0.0,0.0,0.0,0.0,0.0,0.0,0.0,8.0,0.0,0.0,2.0,0.0,15.0,6.0,9.0,5.0,27.0,26.0,26.0
769,1.0,769.0,London_423,newnew,151,453,1092.0,70.0,2.0,170781.0,0.811334598925896,830.0,124.0,1.0,123.0,217.0,12.0,205.0,131.0,197.0,134.0,23.0,51.0,15.0,19.0,6.0,8.0,9.0,76.0,173.0,195.0,51.0,0.0,0.0,0.0,0.0,0.0,0.0,0.0,0.0,0.0,0.0,0.0,0.0,0.0,0.0,0.0,0.0,0.0,0.0,0.0,0.0,0.0,0.0,0.0,0.0,0.0,0.0,0.0,0.0,0.0,0.0,0.0,1.0,0.0,0.0,0.0,0.0,0.0,0.0,6.0,2.0,0.0,3.0,0.0,13.0,10.0,11.0,9.0,25.0,38.0,14.0,0.0,0.0,0.0,0.0,0.0,0.0,0.0,0.0,0.0,0.0,0.0,7.0,0.0,0.0,0.0,0.0,0.0,0.0,6.0,2.0,0.0,5.0,0.0,17.0,13.0,13.0,14.0,33.0,52.0,15.0
770,1.0,770.0,London_423,newnew,151,453,1092.0,70.0,2.0,157191.0,0.7010863029863685,800.0,161.0,2.0,159.0,283.0,16.0,267.0,217.0,205.0,143.0,20.0,52.0,3.0,17.0,5.0,8.0,6.0,81.0,152.0,214.0,43.0,0.0,0.0,0.0,0.0,0.0,0.0,0.0,0.0,0.0,0.0,0.0,0.0,0.0,0.0,0.0,0.0,0.0,0.0,0.0,0.0,0.0,0.0,0.0,0.0,0.0,0.0,0.0,0.0,0.0,0.0,0.0,1.0,0.0,0.0,2.0,0.0,0.0,0.0,1.0,12.0,5.0,1.0,17.0,2.0,11.0,3.0,16.0,29.0,34.0,16.0,0.0,0.0,0.0,0.0,0.0,0.0,0.0,0.0,0.0,0.0,0.0,5.0,0.0,0.0,4.0,0.0,0.0,0.0,1.0,14.0,5.0,1.0,18.0,2.0,18.0,3.0,18.0,43.0,51.0,19.0
771,1.0,771.0,London_423,newnew,151,453,1092.0,70.0,2.0,121857.0,0.40102829202078283,722.0,57.0,2.0,55.0,112.0,18.0,94.0,283.0,205.0,126.0,19.0,74.0,4.0,21.0,2.0,2.0,4.0,69.0,150.0,230.0,36.0,0.0,0.0,0.0,0.0,0.0,0.0,0.0,0.0,0.0,0.0,0.0,0.0,0.0,0.0,0.0,0.0,0.0,0.0,0.0,0.0,0.0,0.0,0.0,0.0,0.0,0.0,0.0,0.0,0.0,1.0,0.0,1.0,0.0,1.0,1.0,0.0,0.0,0.0,1.0,3.0,4.0,1.0,0.0,3.0,4.0,3.0,13.0,6.0,8.0,12.0,0.0,0.0,0.0,0.0,0.0,0.0,0.0,0.0,0.0,5.0,0.0,5.0,0.0,5.0,6.0,0.0,0.0,0.0,1.0,5.0,5.0,2.0,0.0,3.0,5.0,5.0,21.0,10.0,12.0,15.0
772,1.0,772.0,London_423,newnew,151,453,1092.0,70.0,2.0,131370.0,0.38682067894842476,743.0,1.0,1.0,0.0,9.0,9.0,0.0,112.0,218.0,115.0,19.0,68.0,3.0,26.0,1.0,3.0,3.0,74.0,149.0,227.0,41.0,0.0,0.0,0.0,0.0,0.0,0.0,0.0,0.0,0.0,0.0,0.0,0.0,0.0,0.0,0.0,0.0,0.0,0.0,0.0,0.0,0.0,0.0,0.0,0.0,0.0,0.0,0.0,0.0,0.0,0.0,0.0,0.0,0.0,0.0,0.0,0.0,0.0,0.0,0.0,0.0,0.0,0.0,0.0,0.0,0.0,0.0,0.0,0.0,0.0,0.0,0.0,0.0,0.0,0.0,0.0,0.0,0.0,0.0,0.0,0.0,0.0,0.0,0.0,0.0,0.0,0.0,0.0,0.0,0.0,0.0,0.0,0.0,0.0,0.0,0.0,0.0,0.0,0.0,0.0,0.0
773,1.0,773.0,London_423,newnew,151,453,1092.0,70.0,2.0,182559.0,0.7413774179294705,856.0,95.0,0.0,95.0,168.0,0.0,168.0,9.0,214.0,112.0,20.0,71.0,3.0,28.0,1.0,4.0,3.0,74.0,143.0,233.0,37.0,0.0,0.0,0.0,0.0,0.0,0.0,0.0,0.0,0.0,0.0,0.0,0.0,0.0,0.0,0.0,0.0,0.0,0.0,0.0,0.0,0.0,0.0,0.0,0.0,0.0,0.0,0.0,0.0,0.0,0.0,0.0,0.0,0.0,0.0,0.0,0.0,0.0,0.0,3.0,2.0,5.0,4.0,2.0,9.0,13.0,3.0,11.0,20.0,17.0,19.0,0.0,0.0,0.0,0.0,0.0,0.0,0.0,0.0,0.0,0.0,0.0,0.0,0.0,0.0,0.0,0.0,0.0,0.0,3.0,2.0,5.0,5.0,2.0,13.0,21.0,3.0,17.0,28.0,26.0,30.0
774,1.0,774.0,London_423,newnew,151,453,1092.0,70.0,2.0,187542.0,0.7082616160623729,867.0,66.0,0.0,66.0,110.0,0.0,110.0,168.0,220.0,141.0,9.0,49.0,4.0,24.0,2.0,4.0,4.0,77.0,153.0,219.0,46.0,0.0,0.0,0.0,0.0,0.0,0.0,0.0,0.0,0.0,0.0,0.0,0.0,0.0,0.0,0.0,0.0,0.0,0.0,0.0,0.0,0.0,0.0,0.0,0.0,0.0,0.0,0.0,0.0,0.0,0.0,0.0,0.0,0.0,0.0,0.0,0.0,0.0,0.0,2.0,1.0,0.0,0.0,3.0,6.0,13.0,5.0,6.0,16.0,15.0,10.0,0.0,0.0,0.0,0.0,0.0,0.0,0.0,0.0,0.0,0.0,0.0,0.0,0.0,0.0,0.0,0.0,0.0,0.0,3.0,1.0,0.0,0.0,3.0,9.0,16.0,7.0,9.0,23.0,18.0,14.0
775,1.0,775.0,London_423,newnew,151,453,1092.0,70.0,2.0,199320.0,0.9216583329252899,893.0,156.0,2.0,154.0,261.0,19.0,242.0,110.0,231.0,145.0,11.0,34.0,5.0,24.0,2.0,1.0,5.0,81.0,146.0,221.0,43.0,0.0,0.0,0.0,0.0,0.0,0.0,0.0,0.0,0.0,0.0,0.0,0.0,0.0,0.0,0.0,0.0,0.0,0.0,0.0,0.0,0.0,0.0,0.0,0.0,0.0,0.0,0.0,0.0,0.0,0.0,0.0,1.0,1.0,0.0,1.0,0.0,0.0,0.0,0.0,0.0,0.0,1.0,6.0,6.0,5.0,2.0,16.0,25.0,31.0,13.0,0.0,0.0,0.0,0.0,0.0,0.0,0.0,0.0,0.0,0.0,0.0,6.0,8.0,0.0,4.0,0.0,0.0,0.0,0.0,0.0,0.0,1.0,6.0,8.0,9.0,2.0,22.0,40.0,34.0,19.0
776,1.0,776.0,London_423,newnew,151,453,1092.0,70.0,2.0,161268.0,0.5432327069574967,809.0,72.0,0.0,72.0,119.0,0.0,119.0,261.0,218.0,84.0,12.0,85.0,13.0,32.0,2.0,7.0,5.0,78.0,152.0,218.0,37.0,0.0,0.0,0.0,0.0,0.0,0.0,0.0,0.0,0.0,0.0,0.0,0.0,0.0,0.0,0.0,0.0,0.0,0.0,0.0,0.0,0.0,0.0,0.0,0.0,0.0,0.0,0.0,0.0,0.0,0.0,0.0,0.0,0.0,0.0,0.0,0.0,0.0,0.0,2.0,0.0,1.0,1.0,0.0,7.0,6.0,5.0,9.0,13.0,16.0,9.0,0.0,0.0,0.0,0.0,0.0,0.0,0.0,0.0,0.0,0.0,0.0,0.0,0.0,0.0,0.0,0.0,0.0,0.0,2.0,0.0,1.0,1.0,0.0,10.0,9.0,5.0,12.0,15.0,21.0,12.0
777,1.0,777.0,London_423,newnew,151,453,1092.0,70.0,2.0,161268.0,0.6791252879193053,809.0,107.0,1.0,106.0,202.0,8.0,194.0,119.0,222.0,88.0,9.0,77.0,10.0,39.0,2.0,6.0,6.0,84.0,157.0,206.0,44.0,0.0,0.0,0.0,0.0,0.0,0.0,0.0,0.0,0.0,0.0,0.0,0.0,0.0,0.0,0.0,0.0,0.0,0.0,0.0,0.0,0.0,0.0,0.0,0.0,0.0,0.0,0.0,0.0,1.0,0.0,0.0,0.0,0.0,0.0,1.0,0.0,0.0,0.0,6.0,9.0,4.0,0.0,1.0,10.0,5.0,10.0,9.0,23.0,33.0,14.0,0.0,0.0,0.0,0.0,0.0,0.0,0.0,0.0,2.0,0.0,0.0,0.0,0.0,0.0,3.0,0.0,0.0,0.0,6.0,12.0,4.0,0.0,1.0,11.0,7.0,11.0,12.0,36.0,48.0,17.0
778,1.0,778.0,London_423,newnew,151,453,1092.0,70.0,2.0,165798.0,0.7501571020111442,819.0,135.0,2.0,133.0,234.0,18.0,216.0,202.0,209.0,108.0,19.0,75.0,8.0,31.0,1.0,2.0,7.0,79.0,167.0,200.0,49.0,0.0,0.0,0.0,0.0,0.0,0.0,0.0,0.0,0.0,0.0,0.0,0.0,0.0,0.0,0.0,0.0,0.0,0.0,0.0,0.0,0.0,0.0,0.0,0.0,0.0,0.0,0.0,0.0,1.0,0.0,0.0,1.0,0.0,0.0,1.0,0.0,0.0,0.0,3.0,11.0,8.0,1.0,4.0,11.0,6.0,27.0,6.0,31.0,34.0,20.0,0.0,0.0,0.0,0.0,0.0,0.0,0.0,0.0,1.0,0.0,0.0,1.0,0.0,0.0,4.0,0.0,0.0,0.0,5.0,13.0,10.0,2.0,4.0,11.0,8.0,33.0,7.0,42.0,44.0,28.0
779,1.0,779.0,London_423,newnew,151,453,1092.0,70.0,2.0,142695.0,0.5560242140199989,768.0,136.0,1.0,135.0,254.0,9.0,245.0,234.0,197.0,119.0,11.0,85.0,9.0,27.0,1.0,4.0,11.0,88.0,141.0,213.0,48.0,0.0,0.0,0.0,0.0,0.0,0.0,0.0,0.0,0.0,0.0,0.0,0.0,0.0,0.0,0.0,0.0,0.0,0.0,0.0,0.0,0.0,0.0,0.0,0.0,0.0,0.0,0.0,0.0,0.0,0.0,0.0,0.0,0.0,0.0,0.0,0.0,0.0,0.0,1.0,2.0,0.0,0.0,5.0,20.0,13.0,16.0,9.0,28.0,28.0,13.0,0.0,0.0,0.0,0.0,0.0,0.0,0.0,0.0,0.0,0.0,0.0,0.0,0.0,0.0,0.0,0.0,0.0,0.0,1.0,3.0,0.0,0.0,5.0,26.0,17.0,21.0,15.0,41.0,44.0,17.0
780,1.0,780.0,London_423,newnew,151,453,1092.0,70.0,2.0,108267.0,0.3330223869998008,692.0,16.0,0.0,16.0,28.0,0.0,28.0,254.0,185.0,116.0,20.0,91.0,9.0,29.0,2.0,1.0,12.0,73.0,148.0,220.0,30.0,0.0,0.0,0.0,0.0,0.0,0.0,0.0,0.0,0.0,0.0,0.0,0.0,0.0,0.0,0.0,0.0,0.0,0.0,0.0,0.0,0.0,0.0,0.0,0.0,0.0,0.0,0.0,0.0,0.0,0.0,0.0,0.0,0.0,0.0,0.0,0.0,0.0,0.0,0.0,0.0,1.0,0.0,0.0,1.0,2.0,2.0,5.0,2.0,2.0,3.0,0.0,0.0,0.0,0.0,0.0,0.0,0.0,0.0,0.0,0.0,0.0,0.0,0.0,0.0,0.0,0.0,0.0,0.0,0.0,0.0,1.0,0.0,0.0,1.0,2.0,3.0,5.0,5.0,3.0,5.0
781,1.0,781.0,London_423,newnew,151,453,1092.0,70.0,2.0,138165.0,0.42470788198988885,758.0,47.0,0.0,47.0,82.0,0.0,82.0,28.0,184.0,120.0,20.0,83.0,10.0,35.0,0.0,1.0,11.0,71.0,144.0,227.0,35.0,0.0,0.0,0.0,0.0,0.0,0.0,0.0,0.0,0.0,0.0,0.0,0.0,0.0,0.0,0.0,0.0,0.0,0.0,0.0,0.0,0.0,0.0,0.0,0.0,0.0,0.0,0.0,0.0,0.0,0.0,0.0,0.0,0.0,0.0,0.0,0.0,0.0,0.0,3.0,0.0,0.0,0.0,0.0,6.0,6.0,1.0,6.0,10.0,9.0,11.0,0.0,0.0,0.0,0.0,0.0,0.0,0.0,0.0,0.0,0.0,0.0,0.0,0.0,0.0,0.0,0.0,0.0,0.0,3.0,0.0,0.0,0.0,0.0,11.0,8.0,2.0,6.0,16.0,13.0,12.0
782,1.0,782.0,London_423,newnew,151,453,1092.0,70.0,2.0,154020.0,0.6484863209770992,793.0,101.0,2.0,99.0,195.0,19.0,176.0,82.0,180.0,127.0,20.0,83.0,8.0,33.0,0.0,2.0,12.0,75.0,148.0,218.0,46.0,0.0,0.0,0.0,0.0,0.0,0.0,0.0,0.0,0.0,0.0,0.0,0.0,0.0,0.0,0.0,0.0,0.0,0.0,0.0,0.0,0.0,0.0,0.0,0.0,0.0,0.0,0.0,0.0,1.0,0.0,0.0,0.0,0.0,0.0,2.0,0.0,0.0,0.0,7.0,7.0,0.0,3.0,4.0,13.0,11.0,5.0,14.0,18.0,24.0,13.0,0.0,0.0,0.0,0.0,0.0,0.0,0.0,0.0,1.0,0.0,0.0,0.0,0.0,0.0,7.0,0.0,0.0,0.0,9.0,9.0,0.0,6.0,4.0,20.0,15.0,7.0,17.0,28.0,34.0,17.0
783,1.0,783.0,London_423,newnew,151,453,1092.0,70.0,2.0,139524.0,0.5669943930115551,761.0,34.0,1.0,33.0,67.0,9.0,58.0,195.0,193.0,128.0,13.0,73.0,8.0,30.0,0.0,8.0,11.0,71.0,156.0,215.0,44.0,0.0,0.0,0.0,0.0,0.0,0.0,0.0,0.0,0.0,0.0,0.0,0.0,0.0,0.0,0.0,0.0,0.0,0.0,0.0,0.0,0.0,0.0,0.0,0.0,0.0,0.0,0.0,0.0,1.0,0.0,0.0,0.0,0.0,0.0,1.0,0.0,0.0,0.0,2.0,0.0,0.0,0.0,0.0,4.0,2.0,1.0,2.0,8.0,8.0,6.0,0.0,0.0,0.0,0.0,0.0,0.0,0.0,0.0,4.0,0.0,0.0,0.0,0.0,0.0,3.0,0.0,0.0,0.0,2.0,0.0,0.0,0.0,0.0,5.0,3.0,1.0,3.0,13.0,11.0,8.0
784,1.0,784.0,London_423,newnew,151,453,1092.0,70.0,2.0,159909.0,0.7479578800266609,806.0,135.0,2.0,133.0,257.0,19.0,238.0,67.0,192.0,131.0,19.0,63.0,7.0,34.0,0.0,7.0,12.0,72.0,158.0,211.0,40.0,0.0,0.0,0.0,0.0,0.0,0.0,0.0,0.0,0.0,0.0,0.0,0.0,0.0,0.0,0.0,0.0,0.0,0.0,0.0,0.0,0.0,0.0,0.0,0.0,0.0,0.0,0.0,0.0,0.0,0.0,0.0,0.0,0.0,0.0,0.0,0.0,0.0,0.0,6.0,1.0,14.0,1.0,4.0,13.0,7.0,4.0,12.0,27.0,30.0,23.0,0.0,0.0,0.0,0.0,0.0,0.0,0.0,0.0,0.0,0.0,0.0,0.0,0.0,0.0,0.0,0.0,0.0,0.0,8.0,2.0,16.0,2.0,4.0,17.0,12.0,6.0,19.0,41.0,45.0,31.0
785,1.0,785.0,London_423,newnew,151,453,1092.0,70.0,2.0,140430.0,0.5853724100161344,763.0,119.0,2.0,117.0,231.0,16.0,215.0,257.0,198.0,100.0,17.0,84.0,9.0,42.0,1.0,2.0,8.0,72.0,169.0,204.0,40.0,0.0,0.0,0.0,0.0,0.0,0.0,0.0,0.0,0.0,0.0,0.0,0.0,0.0,0.0,0.0,0.0,0.0,0.0,0.0,0.0,0.0,0.0,0.0,0.0,0.0,0.0,0.0,0.0,0.0,0.0,0.0,1.0,0.0,1.0,1.0,0.0,0.0,0.0,4.0,1.0,2.0,2.0,1.0,10.0,8.0,7.0,12.0,25.0,29.0,21.0,0.0,0.0,0.0,0.0,0.0,0.0,0.0,0.0,0.0,0.0,0.0,3.0,0.0,4.0,3.0,0.0,0.0,0.0,4.0,1.0,2.0,3.0,1.0,14.0,8.0,9.0,14.0,35.0,46.0,27.0
786,1.0,786.0,London_423,newnew,151,453,1092.0,70.0,2.0,117327.0,0.3954881280660629,712.0,35.0,2.0,33.0,76.0,18.0,58.0,231.0,198.0,108.0,18.0,59.0,14.0,43.0,4.0,9.0,10.0,70.0,165.0,208.0,34.0,0.0,0.0,0.0,0.0,0.0,0.0,0.0,0.0,0.0,0.0,0.0,0.0,0.0,0.0,0.0,0.0,0.0,0.0,0.0,0.0,0.0,0.0,0.0,0.0,0.0,0.0,0.0,0.0,1.0,0.0,0.0,1.0,0.0,0.0,2.0,0.0,0.0,0.0,1.0,2.0,0.0,1.0,0.0,2.0,3.0,2.0,7.0,8.0,7.0,8.0,0.0,0.0,0.0,0.0,0.0,0.0,0.0,0.0,1.0,0.0,0.0,2.0,0.0,0.0,6.0,0.0,0.0,0.0,1.0,2.0,0.0,2.0,0.0,3.0,4.0,2.0,10.0,11.0,12.0,8.0
787,1.0,787.0,London_423,newnew,151,453,1092.0,70.0,2.0,144054.0,0.6773735850583762,771.0,109.0,0.0,109.0,195.0,0.0,195.0,76.0,200.0,111.0,17.0,61.0,10.0,40.0,4.0,10.0,10.0,75.0,151.0,217.0,38.0,0.0,0.0,0.0,0.0,0.0,0.0,0.0,0.0,0.0,0.0,0.0,0.0,0.0,0.0,0.0,0.0,0.0,0.0,0.0,0.0,0.0,0.0,0.0,0.0,0.0,0.0,0.0,0.0,0.0,0.0,0.0,0.0,0.0,0.0,0.0,0.0,0.0,0.0,3.0,3.0,4.0,0.0,0.0,10.0,16.0,4.0,13.0,24.0,23.0,20.0,0.0,0.0,0.0,0.0,0.0,0.0,0.0,0.0,0.0,0.0,0.0,0.0,0.0,0.0,0.0,0.0,0.0,0.0,6.0,4.0,5.0,0.0,0.0,13.0,21.0,8.0,17.0,38.0,29.0,28.0
788,1.0,788.0,London_423,newnew,151,453,1092.0,70.0,2.0,117327.0,0.47848710999824107,712.0,9.0,0.0,9.0,17.0,0.0,17.0,195.0,199.0,113.0,16.0,60.0,7.0,44.0,4.0,10.0,9.0,65.0,172.0,207.0,48.0,0.0,0.0,0.0,0.0,0.0,0.0,0.0,0.0,0.0,0.0,0.0,0.0,0.0,0.0,0.0,0.0,0.0,0.0,0.0,0.0,0.0,0.0,0.0,0.0,0.0,0.0,0.0,0.0,0.0,0.0,0.0,0.0,0.0,0.0,0.0,0.0,0.0,0.0,0.0,0.0,0.0,1.0,0.0,2.0,0.0,0.0,1.0,1.0,3.0,1.0,0.0,0.0,0.0,0.0,0.0,0.0,0.0,0.0,0.0,0.0,0.0,0.0,0.0,0.0,0.0,0.0,0.0,0.0,0.0,0.0,0.0,4.0,0.0,3.0,0.0,0.0,1.0,1.0,4.0,1.0
789,1.0,789.0,London_423,newnew,151,453,1092.0,70.0,2.0,150849.0,0.6208754340186715,786.0,67.0,1.0,66.0,132.0,10.0,122.0,17.0,201.0,118.0,18.0,53.0,7.0,43.0,4.0,9.0,9.0,67.0,170.0,207.0,51.0,0.0,0.0,0.0,0.0,0.0,0.0,0.0,0.0,0.0,0.0,0.0,0.0,0.0,0.0,0.0,0.0,0.0,0.0,0.0,0.0,0.0,0.0,0.0,0.0,0.0,0.0,0.0,0.0,0.0,1.0,0.0,1.0,0.0,0.0,1.0,0.0,0.0,0.0,3.0,2.0,0.0,3.0,0.0,4.0,12.0,1.0,8.0,18.0,19.0,12.0,0.0,0.0,0.0,0.0,0.0,0.0,0.0,0.0,0.0,7.0,0.0,6.0,0.0,0.0,6.0,0.0,0.0,0.0,3.0,3.0,0.0,5.0,0.0,5.0,17.0,1.0,16.0,28.0,31.0,16.0
790,1.0,790.0,London_423,newnew,151,453,1092.0,70.0,2.0,159909.0,0.7305092320311815,806.0,93.0,0.0,93.0,154.0,0.0,154.0,132.0,213.0,108.0,28.0,48.0,10.0,44.0,1.0,1.0,11.0,69.0,185.0,188.0,49.0,0.0,0.0,0.0,0.0,0.0,0.0,0.0,0.0,0.0,0.0,0.0,0.0,0.0,0.0,0.0,0.0,0.0,0.0,0.0,0.0,0.0,0.0,0.0,0.0,0.0,0.0,0.0,0.0,0.0,0.0,0.0,0.0,0.0,0.0,0.0,0.0,0.0,0.0,4.0,7.0,1.0,1.0,0.0,11.0,0.0,4.0,9.0,20.0,13.0,15.0,0.0,0.0,0.0,0.0,0.0,0.0,0.0,0.0,0.0,0.0,0.0,0.0,0.0,0.0,0.0,0.0,0.0,0.0,5.0,9.0,1.0,1.0,0.0,11.0,0.0,5.0,10.0,34.0,17.0,20.0
791,1.0,791.0,London_423,newnew,151,453,1092.0,70.0,2.0,155379.0,0.8549316979479045,796.0,158.0,2.0,156.0,279.0,18.0,261.0,154.0,213.0,119.0,15.0,56.0,14.0,34.0,0.0,2.0,10.0,72.0,169.0,202.0,52.0,0.0,0.0,0.0,0.0,0.0,0.0,0.0,0.0,0.0,0.0,0.0,0.0,0.0,0.0,0.0,0.0,0.0,0.0,0.0,0.0,0.0,0.0,0.0,0.0,0.0,0.0,0.0,0.0,2.0,0.0,0.0,1.0,1.0,0.0,2.0,0.0,0.0,0.0,7.0,20.0,4.0,6.0,4.0,4.0,7.0,2.0,11.0,23.0,40.0,19.0,0.0,0.0,0.0,0.0,0.0,0.0,0.0,0.0,5.0,0.0,0.0,4.0,8.0,0.0,3.0,0.0,0.0,0.0,7.0,27.0,4.0,8.0,4.0,4.0,7.0,2.0,16.0,38.0,63.0,25.0
792,1.0,792.0,London_423,newnew,151,453,1092.0,70.0,2.0,118686.0,0.3283853339962661,715.0,6.0,1.0,5.0,14.0,9.0,5.0,279.0,207.0,108.0,25.0,76.0,4.0,28.0,0.0,5.0,4.0,83.0,153.0,213.0,29.0,0.0,0.0,0.0,0.0,0.0,0.0,0.0,0.0,0.0,0.0,0.0,0.0,0.0,0.0,0.0,0.0,0.0,0.0,0.0,0.0,0.0,0.0,0.0,0.0,0.0,0.0,0.0,0.0,0.0,0.0,0.0,0.0,0.0,0.0,0.0,0.0,0.0,0.0,0.0,0.0,0.0,0.0,0.0,2.0,0.0,0.0,0.0,0.0,2.0,0.0,0.0,0.0,0.0,0.0,0.0,0.0,0.0,0.0,0.0,0.0,0.0,0.0,0.0,0.0,0.0,0.0,0.0,0.0,0.0,0.0,0.0,0.0,0.0,2.0,0.0,0.0,0.0,0.0,2.0,0.0
793,1.0,793.0,London_423,newnew,151,453,1092.0,70.0,2.0,163080.0,0.5799990730592981,813.0,88.0,0.0,88.0,160.0,0.0,160.0,14.0,208.0,102.0,24.0,78.0,4.0,32.0,0.0,5.0,4.0,86.0,145.0,218.0,28.0,0.0,0.0,0.0,0.0,0.0,0.0,0.0,0.0,0.0,0.0,0.0,0.0,0.0,0.0,0.0,0.0,0.0,0.0,0.0,0.0,0.0,0.0,0.0,0.0,0.0,0.0,0.0,0.0,0.0,0.0,0.0,0.0,0.0,0.0,0.0,0.0,0.0,0.0,1.0,0.0,4.0,0.0,1.0,8.0,10.0,4.0,10.0,24.0,18.0,17.0,0.0,0.0,0.0,0.0,0.0,0.0,0.0,0.0,0.0,0.0,0.0,0.0,0.0,0.0,0.0,0.0,0.0,0.0,1.0,0.0,5.0,0.0,1.0,12.0,19.0,6.0,14.0,42.0,29.0,24.0
794,1.0,794.0,London_423,newnew,151,453,1092.0,70.0,2.0,167610.0,0.5604063830105588,823.0,9.0,0.0,9.0,15.0,0.0,15.0,160.0,230.0,114.0,14.0,53.0,3.0,30.0,1.0,8.0,8.0,94.0,142.0,209.0,33.0,0.0,0.0,0.0,0.0,0.0,0.0,0.0,0.0,0.0,0.0,0.0,0.0,0.0,0.0,0.0,0.0,0.0,0.0,0.0,0.0,0.0,0.0,0.0,0.0,0.0,0.0,0.0,0.0,0.0,0.0,0.0,0.0,0.0,0.0,0.0,0.0,0.0,0.0,2.0,0.0,0.0,0.0,0.0,1.0,1.0,0.0,0.0,1.0,1.0,1.0,0.0,0.0,0.0,0.0,0.0,0.0,0.0,0.0,0.0,0.0,0.0,0.0,0.0,0.0,0.0,0.0,0.0,0.0,2.0,0.0,0.0,0.0,0.0,1.0,1.0,0.0,0.0,2.0,2.0,1.0
795,1.0,795.0,London_423,newnew,151,453,1092.0,70.0,2.0,210192.0,0.7677522079320624,917.0,133.0,2.0,131.0,248.0,19.0,229.0,15.0,226.0,114.0,15.0,55.0,3.0,31.0,1.0,8.0,9.0,93.0,137.0,214.0,34.0,0.0,0.0,0.0,0.0,0.0,0.0,0.0,0.0,0.0,0.0,0.0,0.0,0.0,0.0,0.0,0.0,0.0,0.0,0.0,0.0,0.0,0.0,0.0,0.0,0.0,0.0,0.0,0.0,0.0,0.0,0.0,0.0,0.0,1.0,1.0,0.0,0.0,0.0,3.0,12.0,6.0,1.0,2.0,10.0,3.0,4.0,9.0,26.0,28.0,13.0,0.0,0.0,0.0,0.0,0.0,0.0,0.0,0.0,0.0,0.0,0.0,0.0,0.0,6.0,4.0,0.0,0.0,0.0,6.0,18.0,8.0,2.0,2.0,13.0,4.0,5.0,11.0,40.0,46.0,16.0
796,1.0,796.0,London_423,newnew,151,453,1092.0,70.0,2.0,190713.0,0.7229573760414496,874.0,164.0,0.0,164.0,286.0,0.0,286.0,248.0,227.0,87.0,18.0,67.0,9.0,36.0,2.0,7.0,7.0,81.0,152.0,213.0,37.0,0.0,0.0,0.0,0.0,0.0,0.0,0.0,0.0,0.0,0.0,0.0,0.0,0.0,0.0,0.0,0.0,0.0,0.0,0.0,0.0,0.0,0.0,0.0,0.0,0.0,0.0,0.0,0.0,0.0,0.0,0.0,0.0,0.0,0.0,0.0,0.0,0.0,0.0,2.0,7.0,4.0,2.0,7.0,16.0,11.0,7.0,10.0,49.0,35.0,22.0,0.0,0.0,0.0,0.0,0.0,0.0,0.0,0.0,0.0,0.0,0.0,0.0,0.0,0.0,0.0,0.0,0.0,0.0,3.0,10.0,4.0,6.0,8.0,16.0,14.0,8.0,13.0,78.0,48.0,30.0
797,1.0,797.0,London_423,newnew,151,453,1092.0,70.0,2.0,147225.0,0.3854134089779109,778.0,29.0,2.0,27.0,60.0,16.0,44.0,286.0,207.0,87.0,25.0,89.0,5.0,30.0,1.0,9.0,9.0,82.0,155.0,207.0,41.0,0.0,0.0,0.0,0.0,0.0,0.0,0.0,0.0,0.0,0.0,0.0,0.0,0.0,0.0,0.0,0.0,0.0,0.0,0.0,0.0,0.0,0.0,0.0,0.0,0.0,0.0,0.0,0.0,1.0,0.0,0.0,0.0,0.0,2.0,2.0,0.0,0.0,0.0,0.0,0.0,0.0,0.0,0.0,0.0,4.0,3.0,0.0,3.0,7.0,6.0,0.0,0.0,0.0,0.0,0.0,0.0,0.0,0.0,2.0,0.0,0.0,0.0,0.0,14.0,6.0,0.0,0.0,0.0,0.0,0.0,0.0,0.0,0.0,0.0,6.0,4.0,0.0,4.0,10.0,6.0
798,1.0,798.0,London_423,newnew,151,453,1092.0,70.0,2.0,174858.0,0.6704171149758622,839.0,118.0,1.0,117.0,219.0,9.0,210.0,60.0,208.0,84.0,29.0,82.0,2.0,39.0,1.0,8.0,5.0,81.0,160.0,207.0,37.0,0.0,0.0,0.0,0.0,0.0,0.0,0.0,0.0,0.0,0.0,0.0,0.0,0.0,0.0,0.0,0.0,0.0,0.0,0.0,0.0,0.0,0.0,0.0,0.0,0.0,0.0,0.0,0.0,1.0,0.0,0.0,0.0,0.0,0.0,0.0,0.0,0.0,0.0,7.0,4.0,0.0,0.0,6.0,5.0,10.0,9.0,10.0,17.0,40.0,17.0,0.0,0.0,0.0,0.0,0.0,0.0,0.0,0.0,6.0,0.0,0.0,0.0,0.0,0.0,0.0,0.0,0.0,0.0,9.0,6.0,0.0,0.0,6.0,5.0,15.0,10.0,15.0,27.0,55.0,24.0
799,1.0,799.0,London_423,newnew,151,453,1092.0,70.0,2.0,159909.0,0.6923766009276733,806.0,165.0,2.0,163.0,280.0,18.0,262.0,219.0,220.0,118.0,15.0,54.0,6.0,36.0,0.0,4.0,7.0,81.0,153.0,212.0,40.0,0.0,0.0,0.0,0.0,0.0,0.0,0.0,0.0,0.0,0.0,0.0,0.0,0.0,0.0,0.0,0.0,0.0,0.0,0.0,0.0,0.0,0.0,0.0,0.0,0.0,0.0,0.0,0.0,0.0,0.0,0.0,0.0,1.0,0.0,0.0,0.0,0.0,0.0,2.0,2.0,1.0,0.0,8.0,5.0,7.0,13.0,8.0,35.0,36.0,28.0,0.0,0.0,0.0,0.0,0.0,0.0,0.0,0.0,0.0,0.0,0.0,0.0,9.0,0.0,0.0,0.0,0.0,0.0,2.0,3.0,1.0,0.0,9.0,6.0,9.0,17.0,10.0,54.0,54.0,32.0
800,1.0,800.0,London_423,newnew,151,453,1092.0,70.0,2.0,119592.0,0.41292865690775216,717.0,78.0,2.0,76.0,138.0,17.0,121.0,280.0,217.0,111.0,19.0,67.0,6.0,26.0,2.0,5.0,7.0,82.0,149.0,215.0,35.0,0.0,0.0,0.0,0.0,0.0,0.0,0.0,0.0,0.0,0.0,0.0,0.0,0.0,0.0,0.0,0.0,0.0,0.0,0.0,0.0,0.0,0.0,0.0,0.0,0.0,0.0,0.0,0.0,1.0,0.0,0.0,1.0,0.0,0.0,2.0,0.0,0.0,0.0,4.0,0.0,0.0,3.0,0.0,8.0,6.0,4.0,12.0,16.0,24.0,19.0,0.0,0.0,0.0,0.0,0.0,0.0,0.0,0.0,1.0,0.0,0.0,2.0,0.0,0.0,8.0,0.0,0.0,0.0,5.0,0.0,0.0,5.0,0.0,11.0,8.0,6.0,15.0,18.0,34.0,24.0
801,1.0,801.0,London_423,newnew,151,453,1092.0,70.0,2.0,119139.0,0.4148557090666145,716.0,15.0,0.0,15.0,27.0,0.0,27.0,138.0,230.0,124.0,23.0,48.0,2.0,21.0,2.0,3.0,5.0,71.0,150.0,227.0,33.0,0.0,0.0,0.0,0.0,0.0,0.0,0.0,0.0,0.0,0.0,0.0,0.0,0.0,0.0,0.0,0.0,0.0,0.0,0.0,0.0,0.0,0.0,0.0,0.0,0.0,0.0,0.0,0.0,0.0,0.0,0.0,0.0,0.0,0.0,0.0,0.0,0.0,0.0,0.0,0.0,0.0,0.0,0.0,0.0,1.0,1.0,0.0,3.0,6.0,3.0,0.0,0.0,0.0,0.0,0.0,0.0,0.0,0.0,0.0,0.0,0.0,0.0,0.0,0.0,0.0,0.0,0.0,0.0,0.0,0.0,0.0,0.0,0.0,0.0,1.0,2.0,0.0,4.0,11.0,4.0
802,1.0,802.0,London_423,newnew,151,453,1092.0,70.0,2.0,163080.0,0.5174151239916682,813.0,45.0,2.0,43.0,85.0,19.0,66.0,27.0,233.0,130.0,18.0,47.0,2.0,21.0,1.0,1.0,5.0,77.0,141.0,230.0,38.0,0.0,0.0,0.0,0.0,0.0,0.0,0.0,0.0,0.0,0.0,0.0,0.0,0.0,0.0,0.0,0.0,0.0,0.0,0.0,0.0,0.0,0.0,0.0,0.0,0.0,0.0,0.0,0.0,2.0,0.0,0.0,2.0,1.0,0.0,1.0,0.0,0.0,0.0,3.0,1.0,0.0,2.0,2.0,2.0,3.0,2.0,8.0,7.0,7.0,11.0,0.0,0.0,0.0,0.0,0.0,0.0,0.0,0.0,7.0,0.0,0.0,4.0,7.0,0.0,3.0,0.0,0.0,0.0,3.0,3.0,0.0,2.0,2.0,3.0,5.0,2.0,10.0,12.0,10.0,12.0
803,1.0,803.0,London_423,newnew,151,453,1092.0,70.0,2.0,183918.0,0.8041367750847712,859.0,149.0,0.0,149.0,250.0,0.0,250.0,85.0,233.0,137.0,19.0,52.0,3.0,8.0,1.0,0.0,6.0,81.0,134.0,232.0,49.0,0.0,0.0,0.0,0.0,0.0,0.0,0.0,0.0,0.0,0.0,0.0,0.0,0.0,0.0,0.0,0.0,0.0,0.0,0.0,0.0,0.0,0.0,0.0,0.0,0.0,0.0,0.0,0.0,0.0,0.0,0.0,0.0,0.0,0.0,0.0,0.0,0.0,0.0,3.0,6.0,0.0,1.0,10.0,8.0,3.0,1.0,13.0,20.0,35.0,22.0,0.0,0.0,0.0,0.0,0.0,0.0,0.0,0.0,0.0,0.0,0.0,0.0,0.0,0.0,0.0,0.0,0.0,0.0,4.0,6.0,0.0,2.0,10.0,13.0,4.0,1.0,18.0,30.0,50.0,23.0
804,1.0,804.0,London_423,newnew,151,453,1092.0,70.0,2.0,157191.0,0.5959575159940869,800.0,37.0,0.0,37.0,64.0,0.0,64.0,250.0,244.0,90.0,18.0,67.0,6.0,23.0,2.0,3.0,10.0,79.0,128.0,236.0,27.0,0.0,0.0,0.0,0.0,0.0,0.0,0.0,0.0,0.0,0.0,0.0,0.0,0.0,0.0,0.0,0.0,0.0,0.0,0.0,0.0,0.0,0.0,0.0,0.0,0.0,0.0,0.0,0.0,0.0,0.0,0.0,0.0,0.0,0.0,0.0,0.0,0.0,0.0,0.0,3.0,0.0,0.0,0.0,0.0,3.0,2.0,3.0,9.0,8.0,9.0,0.0,0.0,0.0,0.0,0.0,0.0,0.0,0.0,0.0,0.0,0.0,0.0,0.0,0.0,0.0,0.0,0.0,0.0,0.0,4.0,0.0,0.0,0.0,0.0,4.0,3.0,4.0,11.0,11.0,12.0
805,1.0,805.0,London_423,newnew,151,453,1092.0,70.0,2.0,178482.0,0.8823975870618597,847.0,108.0,2.0,106.0,191.0,18.0,173.0,64.0,252.0,91.0,21.0,52.0,7.0,22.0,3.0,5.0,9.0,72.0,132.0,240.0,36.0,0.0,0.0,0.0,0.0,0.0,0.0,0.0,0.0,0.0,0.0,0.0,0.0,0.0,0.0,0.0,0.0,0.0,0.0,0.0,0.0,0.0,0.0,0.0,0.0,0.0,0.0,0.0,0.0,1.0,0.0,0.0,0.0,0.0,1.0,2.0,0.0,0.0,0.0,1.0,11.0,0.0,0.0,4.0,15.0,4.0,1.0,16.0,24.0,21.0,16.0,0.0,0.0,0.0,0.0,0.0,0.0,0.0,0.0,2.0,0.0,0.0,0.0,0.0,5.0,8.0,0.0,0.0,0.0,1.0,14.0,0.0,0.0,4.0,20.0,5.0,1.0,23.0,33.0,27.0,20.0
806,1.0,806.0,London_423,newnew,151,453,1092.0,70.0,2.0,163533.0,0.7164715470280498,814.0,95.0,0.0,95.0,161.0,0.0,161.0,191.0,260.0,79.0,13.0,62.0,9.0,20.0,1.0,9.0,7.0,67.0,141.0,238.0,35.0,0.0,0.0,0.0,0.0,0.0,0.0,0.0,0.0,0.0,0.0,0.0,0.0,0.0,0.0,0.0,0.0,0.0,0.0,0.0,0.0,0.0,0.0,0.0,0.0,0.0,0.0,0.0,0.0,0.0,0.0,0.0,0.0,0.0,0.0,0.0,0.0,0.0,0.0,3.0,2.0,0.0,4.0,2.0,7.0,11.0,13.0,18.0,17.0,26.0,17.0,0.0,0.0,0.0,0.0,0.0,0.0,0.0,0.0,0.0,0.0,0.0,0.0,0.0,0.0,0.0,0.0,0.0,0.0,3.0,3.0,0.0,4.0,2.0,9.0,17.0,15.0,25.0,25.0,35.0,21.0
807,1.0,807.0,London_423,newnew,151,453,1092.0,70.0,2.0,159909.0,0.6780157539760694,806.0,56.0,1.0,55.0,109.0,9.0,100.0,161.0,275.0,80.0,14.0,51.0,7.0,16.0,3.0,7.0,6.0,65.0,148.0,234.0,29.0,0.0,0.0,0.0,0.0,0.0,0.0,0.0,0.0,0.0,0.0,0.0,0.0,0.0,0.0,0.0,0.0,0.0,0.0,0.0,0.0,0.0,0.0,0.0,0.0,0.0,0.0,0.0,0.0,0.0,0.0,0.0,1.0,0.0,1.0,1.0,0.0,0.0,0.0,1.0,2.0,0.0,3.0,4.0,2.0,9.0,8.0,7.0,8.0,15.0,16.0,0.0,0.0,0.0,0.0,0.0,0.0,0.0,0.0,0.0,0.0,0.0,1.0,0.0,5.0,6.0,0.0,0.0,0.0,1.0,4.0,0.0,5.0,4.0,2.0,15.0,13.0,9.0,14.0,24.0,23.0
808,1.0,808.0,London_423,newnew,151,453,1092.0,70.0,2.0,164439.0,0.6970363019499928,816.0,200.0,0.0,200.0,332.0,0.0,332.0,109.0,286.0,99.0,13.0,35.0,4.0,5.0,4.0,7.0,9.0,77.0,137.0,230.0,30.0,0.0,0.0,0.0,0.0,0.0,0.0,0.0,0.0,0.0,0.0,0.0,0.0,0.0,0.0,0.0,0.0,0.0,0.0,0.0,0.0,0.0,0.0,0.0,0.0,0.0,0.0,0.0,0.0,0.0,0.0,0.0,0.0,0.0,0.0,0.0,0.0,0.0,0.0,1.0,22.0,1.0,4.0,2.0,7.0,4.0,1.0,4.0,37.0,42.0,10.0,0.0,0.0,0.0,0.0,0.0,0.0,0.0,0.0,0.0,0.0,0.0,0.0,0.0,0.0,0.0,0.0,0.0,0.0,1.0,33.0,1.0,8.0,2.0,8.0,5.0,3.0,4.0,52.0,60.0,13.0
809,1.0,809.0,London_423,newnew,151,453,1092.0,70.0,2.0,107814.0,0.36891185701824725,691.0,62.0,2.0,60.0,125.0,17.0,108.0,332.0,166.0,115.0,24.0,102.0,6.0,32.0,0.0,8.0,6.0,73.0,151.0,223.0,44.0,0.0,0.0,0.0,0.0,0.0,0.0,0.0,0.0,0.0,0.0,0.0,0.0,0.0,0.0,0.0,0.0,0.0,0.0,0.0,0.0,0.0,0.0,0.0,0.0,0.0,0.0,0.0,0.0,1.0,0.0,0.0,1.0,1.0,0.0,0.0,0.0,0.0,0.0,0.0,2.0,0.0,0.0,0.0,2.0,4.0,2.0,4.0,11.0,16.0,16.0,0.0,0.0,0.0,0.0,0.0,0.0,0.0,0.0,4.0,0.0,0.0,6.0,7.0,0.0,0.0,0.0,0.0,0.0,0.0,2.0,0.0,0.0,0.0,2.0,6.0,3.0,5.0,22.0,22.0,20.0
810,1.0,810.0,London_423,newnew,151,453,1092.0,70.0,2.0,109173.0,0.34207179897930473,694.0,52.0,0.0,52.0,89.0,0.0,89.0,125.0,168.0,119.0,34.0,85.0,2.0,39.0,1.0,5.0,10.0,72.0,140.0,231.0,59.0,0.0,0.0,0.0,0.0,0.0,0.0,0.0,0.0,0.0,0.0,0.0,0.0,0.0,0.0,0.0,0.0,0.0,0.0,0.0,0.0,0.0,0.0,0.0,0.0,0.0,0.0,0.0,0.0,0.0,0.0,0.0,0.0,0.0,0.0,0.0,0.0,0.0,0.0,0.0,0.0,0.0,1.0,0.0,4.0,6.0,4.0,2.0,11.0,6.0,16.0,0.0,0.0,0.0,0.0,0.0,0.0,0.0,0.0,0.0,0.0,0.0,0.0,0.0,0.0,0.0,0.0,0.0,0.0,0.0,0.0,0.0,2.0,0.0,5.0,9.0,6.0,2.0,13.0,8.0,19.0
811,1.0,811.0,London_423,newnew,151,453,1092.0,70.0,2.0,119592.0,0.38041753298603,717.0,20.0,1.0,19.0,49.0,12.0,37.0,89.0,181.0,108.0,28.0,90.0,5.0,37.0,0.0,4.0,11.0,70.0,139.0,233.0,65.0,0.0,0.0,0.0,0.0,0.0,0.0,0.0,0.0,0.0,0.0,0.0,0.0,0.0,0.0,0.0,0.0,0.0,0.0,0.0,0.0,0.0,0.0,0.0,0.0,0.0,0.0,0.0,0.0,1.0,0.0,0.0,1.0,0.0,0.0,0.0,0.0,0.0,0.0,0.0,0.0,0.0,0.0,0.0,3.0,0.0,3.0,2.0,2.0,8.0,4.0,0.0,0.0,0.0,0.0,0.0,0.0,0.0,0.0,6.0,0.0,0.0,3.0,0.0,0.0,0.0,0.0,0.0,0.0,0.0,0.0,0.0,0.0,0.0,5.0,0.0,4.0,2.0,3.0,17.0,4.0
812,1.0,812.0,London_423,newnew,151,453,1092.0,70.0,2.0,152208.0,0.42263234592974186,789.0,9.0,2.0,7.0,29.0,16.0,13.0,49.0,188.0,108.0,22.0,92.0,2.0,35.0,1.0,5.0,11.0,71.0,140.0,231.0,57.0,0.0,0.0,0.0,0.0,0.0,0.0,0.0,0.0,0.0,0.0,0.0,0.0,0.0,0.0,0.0,0.0,0.0,0.0,0.0,0.0,0.0,0.0,0.0,0.0,0.0,0.0,0.0,0.0,1.0,0.0,0.0,1.0,0.0,0.0,2.0,0.0,0.0,0.0,0.0,0.0,0.0,0.0,0.0,1.0,1.0,0.0,1.0,2.0,1.0,1.0,0.0,0.0,0.0,0.0,0.0,0.0,0.0,0.0,2.0,0.0,0.0,6.0,0.0,0.0,3.0,0.0,0.0,0.0,0.0,0.0,0.0,0.0,0.0,1.0,1.0,0.0,1.0,3.0,1.0,1.0
813,1.0,813.0,London_423,newnew,151,453,1092.0,70.0,2.0,189807.0,0.8091393649810925,872.0,116.0,2.0,114.0,212.0,18.0,194.0,29.0,178.0,110.0,24.0,98.0,2.0,35.0,1.0,5.0,11.0,70.0,134.0,238.0,56.0,0.0,0.0,0.0,0.0,0.0,0.0,0.0,0.0,0.0,0.0,0.0,0.0,0.0,0.0,0.0,0.0,0.0,0.0,0.0,0.0,0.0,0.0,0.0,0.0,0.0,0.0,0.0,0.0,0.0,1.0,0.0,1.0,0.0,1.0,1.0,0.0,0.0,0.0,0.0,7.0,4.0,0.0,1.0,9.0,8.0,7.0,14.0,25.0,25.0,20.0,0.0,0.0,0.0,0.0,0.0,0.0,0.0,0.0,0.0,3.0,0.0,4.0,0.0,5.0,4.0,0.0,0.0,0.0,0.0,10.0,4.0,0.0,1.0,10.0,13.0,11.0,17.0,32.0,40.0,23.0
814,1.0,814.0,London_423,newnew,151,453,1092.0,70.0,2.0,179388.0,0.7563935340149328,849.0,125.0,1.0,124.0,226.0,9.0,217.0,212.0,200.0,91.0,19.0,94.0,6.0,36.0,2.0,5.0,8.0,79.0,138.0,228.0,48.0,0.0,0.0,0.0,0.0,0.0,0.0,0.0,0.0,0.0,0.0,0.0,0.0,0.0,0.0,0.0,0.0,0.0,0.0,0.0,0.0,0.0,0.0,0.0,0.0,0.0,0.0,0.0,0.0,0.0,0.0,0.0,0.0,0.0,0.0,0.0,0.0,0.0,0.0,4.0,3.0,1.0,2.0,1.0,7.0,7.0,8.0,16.0,24.0,33.0,17.0,0.0,0.0,0.0,0.0,0.0,0.0,0.0,0.0,0.0,0.0,0.0,0.0,0.0,0.0,0.0,0.0,0.0,0.0,6.0,4.0,1.0,3.0,1.0,9.0,7.0,9.0,21.0,34.0,49.0,21.0
815,1.0,815.0,London_423,newnew,151,453,1092.0,70.0,2.0,163080.0,0.5358093340182677,813.0,75.0,0.0,75.0,129.0,0.0,129.0,226.0,207.0,85.0,20.0,84.0,6.0,41.0,0.0,10.0,7.0,84.0,141.0,221.0,41.0,0.0,0.0,0.0,0.0,0.0,0.0,0.0,0.0,0.0,0.0,0.0,0.0,0.0,0.0,0.0,0.0,0.0,0.0,0.0,0.0,0.0,0.0,0.0,0.0,0.0,0.0,0.0,0.0,0.0,0.0,0.0,0.0,0.0,0.0,0.0,0.0,0.0,0.0,4.0,0.0,0.0,1.0,0.0,5.0,8.0,5.0,4.0,9.0,20.0,13.0,0.0,0.0,0.0,0.0,0.0,0.0,0.0,0.0,0.0,0.0,0.0,0.0,0.0,0.0,0.0,0.0,0.0,0.0,4.0,0.0,0.0,2.0,0.0,10.0,11.0,9.0,6.0,14.0,27.0,19.0
816,1.0,816.0,London_423,newnew,151,453,1092.0,70.0,2.0,169422.0,0.7096199310617521,827.0,77.0,0.0,77.0,135.0,0.0,135.0,129.0,204.0,87.0,27.0,77.0,7.0,41.0,0.0,10.0,8.0,77.0,153.0,215.0,46.0,0.0,0.0,0.0,0.0,0.0,0.0,0.0,0.0,0.0,0.0,0.0,0.0,0.0,0.0,0.0,0.0,0.0,0.0,0.0,0.0,0.0,0.0,0.0,0.0,0.0,0.0,0.0,0.0,0.0,0.0,0.0,0.0,0.0,0.0,0.0,0.0,0.0,0.0,0.0,5.0,0.0,0.0,0.0,4.0,13.0,4.0,11.0,15.0,18.0,18.0,0.0,0.0,0.0,0.0,0.0,0.0,0.0,0.0,0.0,0.0,0.0,0.0,0.0,0.0,0.0,0.0,0.0,0.0,0.0,8.0,0.0,0.0,0.0,6.0,19.0,5.0,16.0,20.0,27.0,28.0
817,1.0,817.0,London_423,newnew,151,453,1092.0,70.0,2.0,169875.0,0.8552474589087069,828.0,123.0,2.0,121.0,205.0,19.0,186.0,135.0,209.0,95.0,27.0,65.0,10.0,44.0,0.0,3.0,12.0,77.0,148.0,216.0,56.0,0.0,0.0,0.0,0.0,0.0,0.0,0.0,0.0,0.0,0.0,0.0,0.0,0.0,0.0,0.0,0.0,0.0,0.0,0.0,0.0,0.0,0.0,0.0,0.0,0.0,0.0,0.0,0.0,0.0,0.0,0.0,1.0,1.0,0.0,2.0,0.0,0.0,0.0,1.0,17.0,1.0,1.0,2.0,9.0,11.0,2.0,8.0,20.0,33.0,24.0,0.0,0.0,0.0,0.0,0.0,0.0,0.0,0.0,0.0,0.0,0.0,5.0,8.0,0.0,8.0,0.0,0.0,0.0,1.0,26.0,1.0,1.0,2.0,12.0,14.0,2.0,13.0,31.0,40.0,28.0
818,1.0,818.0,London_423,newnew,151,453,1092.0,70.0,2.0,150849.0,0.5771269550314173,786.0,69.0,0.0,69.0,125.0,0.0,125.0,205.0,217.0,120.0,17.0,59.0,10.0,24.0,1.0,5.0,12.0,77.0,125.0,239.0,40.0,0.0,0.0,0.0,0.0,0.0,0.0,0.0,0.0,0.0,0.0,0.0,0.0,0.0,0.0,0.0,0.0,0.0,0.0,0.0,0.0,0.0,0.0,0.0,0.0,0.0,0.0,0.0,0.0,0.0,0.0,0.0,0.0,0.0,0.0,0.0,0.0,0.0,0.0,2.0,6.0,2.0,1.0,0.0,4.0,7.0,2.0,9.0,10.0,17.0,18.0,0.0,0.0,0.0,0.0,0.0,0.0,0.0,0.0,0.0,0.0,0.0,0.0,0.0,0.0,0.0,0.0,0.0,0.0,2.0,13.0,3.0,2.0,0.0,8.0,12.0,2.0,17.0,17.0,28.0,22.0
819,1.0,819.0,London_423,newnew,151,453,1092.0,70.0,2.0,163986.0,0.6682401519501582,815.0,79.0,1.0,78.0,143.0,8.0,135.0,125.0,238.0,129.0,15.0,47.0,3.0,16.0,0.0,5.0,11.0,81.0,115.0,246.0,46.0,0.0,0.0,0.0,0.0,0.0,0.0,0.0,0.0,0.0,0.0,0.0,0.0,0.0,0.0,0.0,0.0,0.0,0.0,0.0,0.0,0.0,0.0,0.0,0.0,0.0,0.0,0.0,0.0,1.0,0.0,0.0,0.0,0.0,0.0,1.0,0.0,0.0,0.0,4.0,2.0,1.0,3.0,3.0,13.0,6.0,11.0,2.0,14.0,14.0,15.0,0.0,0.0,0.0,0.0,0.0,0.0,0.0,0.0,1.0,0.0,0.0,0.0,0.0,0.0,4.0,0.0,0.0,0.0,5.0,2.0,2.0,4.0,3.0,21.0,8.0,11.0,2.0,23.0,19.0,20.0
820,1.0,820.0,London_423,newnew,151,453,1092.0,70.0,2.0,162627.0,0.8086893879808486,812.0,99.0,2.0,97.0,190.0,18.0,172.0,143.0,244.0,139.0,11.0,36.0,3.0,12.0,2.0,6.0,13.0,84.0,110.0,246.0,39.0,0.0,0.0,0.0,0.0,0.0,0.0,0.0,0.0,0.0,0.0,0.0,0.0,0.0,0.0,0.0,0.0,0.0,0.0,0.0,0.0,0.0,0.0,0.0,0.0,0.0,0.0,0.0,0.0,0.0,0.0,0.0,0.0,0.0,0.0,1.0,0.0,0.0,0.0,5.0,1.0,0.0,0.0,2.0,16.0,4.0,0.0,17.0,17.0,23.0,17.0,0.0,0.0,0.0,0.0,0.0,0.0,0.0,0.0,0.0,0.0,0.0,0.0,0.0,0.0,4.0,0.0,0.0,0.0,5.0,1.0,0.0,0.0,2.0,21.0,6.0,0.0,24.0,26.0,35.0,23.0
821,1.0,821.0,London_423,newnew,151,453,1092.0,70.0,2.0,142695.0,0.6723733729450032,768.0,85.0,1.0,84.0,151.0,9.0,142.0,190.0,243.0,114.0,18.0,53.0,7.0,11.0,0.0,7.0,13.0,88.0,116.0,236.0,45.0,0.0,0.0,0.0,0.0,0.0,0.0,0.0,0.0,0.0,0.0,0.0,0.0,0.0,0.0,0.0,0.0,0.0,0.0,0.0,0.0,0.0,0.0,0.0,0.0,0.0,0.0,0.0,0.0,0.0,0.0,0.0,0.0,0.0,0.0,0.0,0.0,0.0,0.0,2.0,11.0,1.0,1.0,0.0,11.0,8.0,3.0,6.0,22.0,21.0,12.0,0.0,0.0,0.0,0.0,0.0,0.0,0.0,0.0,0.0,0.0,0.0,0.0,0.0,0.0,0.0,0.0,0.0,0.0,2.0,12.0,3.0,2.0,0.0,13.0,10.0,4.0,12.0,33.0,33.0,19.0
822,1.0,822.0,London_423,newnew,151,453,1092.0,70.0,2.0,131823.0,0.6556439229752868,744.0,107.0,0.0,107.0,174.0,0.0,174.0,151.0,251.0,120.0,17.0,47.0,1.0,13.0,2.0,2.0,9.0,80.0,119.0,245.0,47.0,0.0,0.0,0.0,0.0,0.0,0.0,0.0,0.0,0.0,0.0,0.0,0.0,0.0,0.0,0.0,0.0,0.0,0.0,0.0,0.0,0.0,0.0,0.0,0.0,0.0,0.0,0.0,0.0,0.0,0.0,0.0,0.0,0.0,0.0,0.0,0.0,0.0,0.0,6.0,3.0,1.0,0.0,1.0,10.0,7.0,10.0,14.0,20.0,32.0,14.0,0.0,0.0,0.0,0.0,0.0,0.0,0.0,0.0,0.0,0.0,0.0,0.0,0.0,0.0,0.0,0.0,0.0,0.0,7.0,5.0,1.0,0.0,1.0,13.0,7.0,13.0,20.0,31.0,44.0,19.0
823,1.0,823.0,London_423,newnew,151,453,1092.0,70.0,2.0,115515.0,0.575320997973904,708.0,65.0,0.0,65.0,118.0,0.0,118.0,174.0,266.0,103.0,13.0,47.0,3.0,18.0,1.0,2.0,8.0,82.0,120.0,243.0,33.0,0.0,0.0,0.0,0.0,0.0,0.0,0.0,0.0,0.0,0.0,0.0,0.0,0.0,0.0,0.0,0.0,0.0,0.0,0.0,0.0,0.0,0.0,0.0,0.0,0.0,0.0,0.0,0.0,0.0,0.0,0.0,0.0,0.0,0.0,0.0,0.0,0.0,0.0,2.0,3.0,0.0,2.0,6.0,12.0,2.0,5.0,7.0,11.0,17.0,12.0,0.0,0.0,0.0,0.0,0.0,0.0,0.0,0.0,0.0,0.0,0.0,0.0,0.0,0.0,0.0,0.0,0.0,0.0,3.0,4.0,0.0,2.0,6.0,18.0,2.0,5.0,9.0,17.0,23.0,15.0
824,1.0,824.0,London_423,newnew,151,453,1092.0,70.0,2.0,123216.0,0.6124000420095399,725.0,87.0,2.0,85.0,166.0,19.0,147.0,118.0,265.0,123.0,5.0,49.0,1.0,8.0,0.0,2.0,9.0,88.0,123.0,233.0,43.0,0.0,0.0,0.0,0.0,0.0,0.0,0.0,0.0,0.0,0.0,0.0,0.0,0.0,0.0,0.0,0.0,0.0,0.0,0.0,0.0,0.0,0.0,0.0,0.0,0.0,0.0,0.0,0.0,0.0,0.0,0.0,0.0,0.0,0.0,2.0,0.0,0.0,0.0,0.0,3.0,0.0,1.0,2.0,7.0,7.0,5.0,5.0,12.0,23.0,15.0,0.0,0.0,0.0,0.0,0.0,0.0,0.0,0.0,0.0,0.0,0.0,0.0,0.0,0.0,7.0,0.0,0.0,0.0,0.0,4.0,0.0,1.0,2.0,10.0,9.0,7.0,8.0,19.0,32.0,18.0
825,1.0,825.0,London_423,newnew,151,453,1092.0,70.0,2.0,122310.0,0.6094185649417341,723.0,65.0,1.0,64.0,120.0,9.0,111.0,166.0,252.0,124.0,12.0,51.0,2.0,9.0,1.0,2.0,5.0,102.0,125.0,221.0,48.0,0.0,0.0,0.0,0.0,0.0,0.0,0.0,0.0,0.0,0.0,0.0,0.0,0.0,0.0,0.0,0.0,0.0,0.0,0.0,0.0,0.0,0.0,0.0,0.0,0.0,0.0,0.0,0.0,1.0,0.0,0.0,0.0,0.0,0.0,0.0,0.0,0.0,0.0,1.0,3.0,7.0,0.0,4.0,6.0,7.0,7.0,5.0,19.0,11.0,18.0,0.0,0.0,0.0,0.0,0.0,0.0,0.0,0.0,4.0,0.0,0.0,0.0,0.0,0.0,0.0,0.0,0.0,0.0,1.0,3.0,8.0,0.0,4.0,7.0,9.0,9.0,5.0,32.0,18.0,25.0
826,1.0,826.0,London_423,newnew,151,453,1092.0,70.0,2.0,129105.0,0.6953944970155135,738.0,32.0,2.0,30.0,64.0,19.0,45.0,120.0,254.0,139.0,9.0,32.0,2.0,17.0,0.0,0.0,5.0,87.0,123.0,238.0,49.0,0.0,0.0,0.0,0.0,0.0,0.0,0.0,0.0,0.0,0.0,0.0,0.0,0.0,0.0,0.0,0.0,0.0,0.0,0.0,0.0,0.0,0.0,0.0,0.0,0.0,0.0,0.0,0.0,0.0,0.0,0.0,1.0,0.0,0.0,0.0,0.0,0.0,0.0,1.0,2.0,1.0,0.0,2.0,2.0,2.0,2.0,5.0,9.0,6.0,7.0,0.0,0.0,0.0,0.0,0.0,0.0,0.0,0.0,0.0,0.0,0.0,6.0,0.0,0.0,0.0,0.0,0.0,0.0,1.0,3.0,1.0,0.0,2.0,2.0,2.0,2.0,6.0,13.0,7.0,9.0
827,1.0,827.0,London_423,newnew,151,453,1092.0,70.0,2.0,151755.0,0.688565241987817,788.0,22.0,2.0,20.0,46.0,16.0,30.0,64.0,258.0,139.0,3.0,33.0,3.0,14.0,1.0,2.0,2.0,92.0,118.0,241.0,35.0,0.0,0.0,0.0,0.0,0.0,0.0,0.0,0.0,0.0,0.0,0.0,0.0,0.0,0.0,0.0,0.0,0.0,0.0,0.0,0.0,0.0,0.0,0.0,0.0,0.0,0.0,0.0,0.0,1.0,0.0,0.0,1.0,0.0,1.0,1.0,0.0,0.0,0.0,0.0,3.0,0.0,0.0,0.0,4.0,0.0,3.0,2.0,5.0,5.0,3.0,0.0,0.0,0.0,0.0,0.0,0.0,0.0,0.0,2.0,0.0,0.0,1.0,0.0,4.0,5.0,0.0,0.0,0.0,0.0,3.0,0.0,0.0,0.0,6.0,0.0,4.0,2.0,6.0,6.0,3.0
828,1.0,828.0,London_423,newnew,151,453,1092.0,70.0,2.0,179841.0,0.965923091978766,850.0,172.0,2.0,170.0,305.0,18.0,287.0,46.0,249.0,140.0,2.0,41.0,4.0,13.0,2.0,2.0,3.0,92.0,107.0,251.0,39.0,0.0,0.0,0.0,0.0,0.0,0.0,0.0,0.0,0.0,0.0,0.0,0.0,0.0,0.0,0.0,0.0,0.0,0.0,0.0,0.0,0.0,0.0,0.0,0.0,0.0,0.0,0.0,0.0,1.0,0.0,0.0,1.0,0.0,0.0,1.0,0.0,0.0,0.0,0.0,18.0,0.0,0.0,10.0,26.0,4.0,15.0,23.0,40.0,33.0,26.0,0.0,0.0,0.0,0.0,0.0,0.0,0.0,0.0,4.0,0.0,0.0,5.0,0.0,0.0,3.0,0.0,0.0,0.0,0.0,28.0,0.0,0.0,11.0,36.0,5.0,19.0,30.0,61.0,49.0,33.0
829,1.0,829.0,London_423,newnew,151,453,1092.0,70.0,2.0,137259.0,0.5034840470179915,756.0,62.0,0.0,62.0,108.0,0.0,108.0,305.0,201.0,97.0,26.0,89.0,6.0,25.0,3.0,6.0,5.0,89.0,133.0,226.0,33.0,0.0,0.0,0.0,0.0,0.0,0.0,0.0,0.0,0.0,0.0,0.0,0.0,0.0,0.0,0.0,0.0,0.0,0.0,0.0,0.0,0.0,0.0,0.0,0.0,0.0,0.0,0.0,0.0,0.0,0.0,0.0,0.0,0.0,0.0,0.0,0.0,0.0,0.0,2.0,0.0,0.0,0.0,0.0,11.0,7.0,1.0,3.0,12.0,19.0,16.0,0.0,0.0,0.0,0.0,0.0,0.0,0.0,0.0,0.0,0.0,0.0,0.0,0.0,0.0,0.0,0.0,0.0,0.0,3.0,0.0,0.0,0.0,0.0,16.0,10.0,1.0,3.0,18.0,28.0,22.0
830,1.0,830.0,London_423,newnew,151,453,1092.0,70.0,2.0,149943.0,0.5449394100578502,784.0,68.0,0.0,68.0,123.0,0.0,123.0,108.0,208.0,103.0,23.0,86.0,5.0,23.0,1.0,4.0,6.0,97.0,131.0,219.0,38.0,0.0,0.0,0.0,0.0,0.0,0.0,0.0,0.0,0.0,0.0,0.0,0.0,0.0,0.0,0.0,0.0,0.0,0.0,0.0,0.0,0.0,0.0,0.0,0.0,0.0,0.0,0.0,0.0,0.0,0.0,0.0,0.0,0.0,0.0,0.0,0.0,0.0,0.0,2.0,1.0,0.0,1.0,0.0,3.0,8.0,8.0,7.0,11.0,13.0,13.0,0.0,0.0,0.0,0.0,0.0,0.0,0.0,0.0,0.0,0.0,0.0,0.0,0.0,0.0,0.0,0.0,0.0,0.0,2.0,3.0,0.0,1.0,0.0,4.0,13.0,11.0,8.0,17.0,19.0,20.0
831,1.0,831.0,London_423,newnew,151,453,1092.0,70.0,2.0,153114.0,0.6593627739930525,791.0,95.0,1.0,94.0,170.0,10.0,160.0,123.0,209.0,111.0,30.0,69.0,5.0,25.0,2.0,2.0,6.0,100.0,144.0,203.0,47.0,0.0,0.0,0.0,0.0,0.0,0.0,0.0,0.0,0.0,0.0,0.0,0.0,0.0,0.0,0.0,0.0,0.0,0.0,0.0,0.0,0.0,0.0,0.0,0.0,0.0,0.0,0.0,0.0,0.0,1.0,0.0,1.0,0.0,0.0,1.0,0.0,0.0,0.0,7.0,2.0,1.0,1.0,1.0,5.0,9.0,3.0,6.0,11.0,23.0,18.0,0.0,0.0,0.0,0.0,0.0,0.0,0.0,0.0,0.0,5.0,0.0,5.0,0.0,0.0,1.0,0.0,0.0,0.0,9.0,2.0,1.0,1.0,1.0,10.0,14.0,7.0,7.0,19.0,32.0,26.0
832,1.0,832.0,London_423,newnew,151,453,1092.0,70.0,2.0,148131.0,0.8431314440676942,780.0,138.0,0.0,138.0,247.0,0.0,247.0,170.0,221.0,107.0,26.0,76.0,5.0,14.0,1.0,3.0,5.0,98.0,141.0,209.0,50.0,0.0,0.0,0.0,0.0,0.0,0.0,0.0,0.0,0.0,0.0,0.0,0.0,0.0,0.0,0.0,0.0,0.0,0.0,0.0,0.0,0.0,0.0,0.0,0.0,0.0,0.0,0.0,0.0,0.0,0.0,0.0,0.0,0.0,0.0,0.0,0.0,0.0,0.0,2.0,9.0,1.0,0.0,6.0,14.0,5.0,11.0,9.0,21.0,30.0,23.0,0.0,0.0,0.0,0.0,0.0,0.0,0.0,0.0,0.0,0.0,0.0,0.0,0.0,0.0,0.0,0.0,0.0,0.0,3.0,13.0,1.0,0.0,6.0,21.0,5.0,15.0,10.0,31.0,46.0,30.0
833,1.0,833.0,London_423,newnew,151,453,1092.0,70.0,2.0,122763.0,0.48269961401820183,724.0,28.0,2.0,26.0,68.0,18.0,50.0,247.0,233.0,104.0,14.0,67.0,4.0,18.0,2.0,11.0,3.0,91.0,134.0,225.0,39.0,0.0,0.0,0.0,0.0,0.0,0.0,0.0,0.0,0.0,0.0,0.0,0.0,0.0,0.0,0.0,0.0,0.0,0.0,0.0,0.0,0.0,0.0,0.0,0.0,0.0,0.0,0.0,0.0,2.0,0.0,0.0,0.0,1.0,0.0,2.0,0.0,0.0,0.0,2.0,0.0,0.0,1.0,0.0,8.0,0.0,1.0,3.0,5.0,8.0,5.0,0.0,0.0,0.0,0.0,0.0,0.0,0.0,0.0,3.0,0.0,0.0,0.0,6.0,0.0,2.0,0.0,0.0,0.0,2.0,0.0,0.0,2.0,0.0,10.0,0.0,1.0,5.0,7.0,11.0,7.0
834,1.0,834.0,London_423,newnew,151,453,1092.0,70.0,2.0,155379.0,0.4987632039701566,796.0,59.0,1.0,58.0,111.0,9.0,102.0,68.0,232.0,103.0,11.0,76.0,2.0,16.0,2.0,11.0,1.0,102.0,126.0,224.0,48.0,0.0,0.0,0.0,0.0,0.0,0.0,0.0,0.0,0.0,0.0,0.0,0.0,0.0,0.0,0.0,0.0,0.0,0.0,0.0,0.0,0.0,0.0,0.0,0.0,0.0,0.0,0.0,0.0,0.0,0.0,0.0,0.0,0.0,0.0,0.0,0.0,0.0,0.0,0.0,0.0,0.0,0.0,0.0,7.0,3.0,7.0,7.0,14.0,13.0,18.0,0.0,0.0,0.0,0.0,0.0,0.0,0.0,0.0,0.0,0.0,0.0,0.0,0.0,0.0,0.0,0.0,0.0,0.0,0.0,0.0,0.0,0.0,0.0,9.0,5.0,8.0,10.0,21.0,23.0,27.0
835,1.0,835.0,London_423,newnew,151,453,1092.0,70.0,2.0,163080.0,0.8120089089497924,813.0,101.0,0.0,101.0,176.0,0.0,176.0,111.0,240.0,100.0,16.0,68.0,6.0,12.0,2.0,9.0,0.0,101.0,120.0,232.0,35.0,0.0,0.0,0.0,0.0,0.0,0.0,0.0,0.0,0.0,0.0,0.0,0.0,0.0,0.0,0.0,0.0,0.0,0.0,0.0,0.0,0.0,0.0,0.0,0.0,0.0,0.0,0.0,0.0,0.0,0.0,0.0,0.0,0.0,0.0,0.0,0.0,0.0,0.0,5.0,3.0,2.0,0.0,3.0,8.0,9.0,8.0,7.0,21.0,23.0,19.0,0.0,0.0,0.0,0.0,0.0,0.0,0.0,0.0,0.0,0.0,0.0,0.0,0.0,0.0,0.0,0.0,0.0,0.0,8.0,3.0,2.0,0.0,3.0,11.0,11.0,12.0,8.0,33.0,37.0,30.0
836,1.0,836.0,London_423,newnew,151,453,1092.0,70.0,2.0,150849.0,0.599439871031791,786.0,35.0,0.0,35.0,61.0,0.0,61.0,176.0,266.0,78.0,17.0,59.0,4.0,17.0,2.0,10.0,2.0,89.0,129.0,233.0,31.0,0.0,0.0,0.0,0.0,0.0,0.0,0.0,0.0,0.0,0.0,0.0,0.0,0.0,0.0,0.0,0.0,0.0,0.0,0.0,0.0,0.0,0.0,0.0,0.0,0.0,0.0,0.0,0.0,0.0,0.0,0.0,0.0,0.0,0.0,0.0,0.0,0.0,0.0,3.0,1.0,1.0,0.0,1.0,3.0,7.0,0.0,3.0,6.0,9.0,8.0,0.0,0.0,0.0,0.0,0.0,0.0,0.0,0.0,0.0,0.0,0.0,0.0,0.0,0.0,0.0,0.0,0.0,0.0,3.0,2.0,1.0,0.0,1.0,3.0,12.0,0.0,5.0,12.0,13.0,9.0
837,1.0,837.0,London_423,newnew,151,453,1092.0,70.0,2.0,182559.0,0.8510795430047438,856.0,109.0,2.0,107.0,208.0,19.0,189.0,61.0,265.0,87.0,12.0,62.0,0.0,15.0,0.0,12.0,4.0,87.0,137.0,225.0,38.0,0.0,0.0,0.0,0.0,0.0,0.0,0.0,0.0,0.0,0.0,0.0,0.0,0.0,0.0,0.0,0.0,0.0,0.0,0.0,0.0,0.0,0.0,0.0,0.0,0.0,0.0,0.0,0.0,0.0,0.0,0.0,1.0,0.0,1.0,1.0,0.0,0.0,0.0,4.0,15.0,13.0,0.0,0.0,9.0,12.0,3.0,14.0,21.0,34.0,23.0,0.0,0.0,0.0,0.0,0.0,0.0,0.0,0.0,0.0,0.0,0.0,3.0,0.0,9.0,6.0,0.0,0.0,0.0,6.0,21.0,15.0,0.0,0.0,14.0,16.0,4.0,16.0,32.0,51.0,29.0
838,1.0,838.0,London_423,newnew,151,453,1092.0,70.0,2.0,179388.0,0.7453208629740402,849.0,129.0,0.0,129.0,213.0,0.0,213.0,208.0,252.0,92.0,18.0,60.0,2.0,25.0,0.0,4.0,2.0,89.0,128.0,234.0,26.0,0.0,0.0,0.0,0.0,0.0,0.0,0.0,0.0,0.0,0.0,0.0,0.0,0.0,0.0,0.0,0.0,0.0,0.0,0.0,0.0,0.0,0.0,0.0,0.0,0.0,0.0,0.0,0.0,0.0,0.0,0.0,0.0,0.0,0.0,0.0,0.0,0.0,0.0,4.0,0.0,2.0,2.0,0.0,16.0,13.0,8.0,18.0,27.0,28.0,27.0,0.0,0.0,0.0,0.0,0.0,0.0,0.0,0.0,0.0,0.0,0.0,0.0,0.0,0.0,0.0,0.0,0.0,0.0,6.0,0.0,2.0,2.0,0.0,22.0,14.0,10.0,22.0,36.0,38.0,35.0
839,1.0,839.0,London_423,newnew,151,453,1092.0,70.0,2.0,171234.0,0.7090972140431404,831.0,125.0,2.0,123.0,224.0,16.0,208.0,213.0,253.0,84.0,17.0,71.0,3.0,20.0,1.0,4.0,5.0,95.0,123.0,230.0,24.0,0.0,0.0,0.0,0.0,0.0,0.0,0.0,0.0,0.0,0.0,0.0,0.0,0.0,0.0,0.0,0.0,0.0,0.0,0.0,0.0,0.0,0.0,0.0,0.0,0.0,0.0,0.0,0.0,2.0,0.0,0.0,0.0,0.0,2.0,2.0,0.0,0.0,0.0,14.0,2.0,1.0,5.0,2.0,12.0,9.0,11.0,14.0,21.0,35.0,37.0,0.0,0.0,0.0,0.0,0.0,0.0,0.0,0.0,3.0,0.0,0.0,0.0,0.0,10.0,7.0,0.0,0.0,0.0,15.0,2.0,1.0,8.0,3.0,16.0,11.0,13.0,17.0,31.0,54.0,41.0
840,1.0,840.0,London_423,newnew,151,453,1092.0,70.0,2.0,156738.0,0.5902126890141517,799.0,73.0,1.0,72.0,139.0,9.0,130.0,224.0,251.0,75.0,16.0,82.0,4.0,22.0,0.0,3.0,3.0,87.0,122.0,241.0,35.0,0.0,0.0,0.0,0.0,0.0,0.0,0.0,0.0,0.0,0.0,0.0,0.0,0.0,0.0,0.0,0.0,0.0,0.0,0.0,0.0,0.0,0.0,0.0,0.0,0.0,0.0,0.0,0.0,1.0,0.0,0.0,0.0,0.0,0.0,0.0,0.0,0.0,0.0,4.0,3.0,0.0,0.0,1.0,8.0,8.0,4.0,5.0,14.0,14.0,17.0,0.0,0.0,0.0,0.0,0.0,0.0,0.0,0.0,2.0,0.0,0.0,0.0,0.0,0.0,0.0,0.0,0.0,0.0,7.0,3.0,0.0,0.0,1.0,10.0,17.0,4.0,7.0,25.0,17.0,23.0
841,1.0,841.0,London_423,newnew,151,453,1092.0,70.0,2.0,159909.0,0.5874721800209954,806.0,21.0,2.0,19.0,51.0,18.0,33.0,139.0,263.0,85.0,13.0,68.0,3.0,18.0,0.0,3.0,7.0,95.0,123.0,228.0,36.0,0.0,0.0,0.0,0.0,0.0,0.0,0.0,0.0,0.0,0.0,0.0,0.0,0.0,0.0,0.0,0.0,0.0,0.0,0.0,0.0,0.0,0.0,0.0,0.0,0.0,0.0,0.0,0.0,2.0,0.0,0.0,1.0,1.0,0.0,0.0,0.0,0.0,0.0,1.0,0.0,0.0,2.0,0.0,1.0,2.0,3.0,3.0,5.0,5.0,5.0,0.0,0.0,0.0,0.0,0.0,0.0,0.0,0.0,6.0,0.0,0.0,3.0,6.0,0.0,0.0,0.0,0.0,0.0,1.0,0.0,0.0,3.0,0.0,1.0,3.0,4.0,3.0,9.0,7.0,8.0
842,1.0,842.0,London_423,newnew,151,453,1092.0,70.0,2.0,188901.0,0.7749840769683942,870.0,58.0,2.0,56.0,103.0,17.0,86.0,51.0,266.0,88.0,9.0,63.0,4.0,19.0,0.0,4.0,5.0,97.0,129.0,222.0,36.0,0.0,0.0,0.0,0.0,0.0,0.0,0.0,0.0,0.0,0.0,0.0,0.0,0.0,0.0,0.0,0.0,0.0,0.0,0.0,0.0,0.0,0.0,0.0,0.0,0.0,0.0,0.0,0.0,0.0,0.0,0.0,0.0,0.0,0.0,2.0,0.0,0.0,0.0,3.0,4.0,2.0,0.0,1.0,3.0,4.0,6.0,6.0,11.0,15.0,13.0,0.0,0.0,0.0,0.0,0.0,0.0,0.0,0.0,0.0,0.0,0.0,0.0,0.0,0.0,5.0,0.0,0.0,0.0,3.0,5.0,2.0,0.0,1.0,4.0,4.0,7.0,7.0,15.0,23.0,18.0
843,1.0,843.0,London_423,newnew,151,453,1092.0,70.0,2.0,207021.0,1.0418606469174847,910.0,154.0,0.0,154.0,264.0,0.0,264.0,103.0,268.0,103.0,6.0,40.0,2.0,31.0,0.0,3.0,7.0,86.0,130.0,230.0,27.0,0.0,0.0,0.0,0.0,0.0,0.0,0.0,0.0,0.0,0.0,0.0,0.0,0.0,0.0,0.0,0.0,0.0,0.0,0.0,0.0,0.0,0.0,0.0,0.0,0.0,0.0,0.0,0.0,0.0,0.0,0.0,0.0,0.0,0.0,0.0,0.0,0.0,0.0,3.0,9.0,1.0,1.0,0.0,14.0,5.0,17.0,5.0,28.0,36.0,21.0,0.0,0.0,0.0,0.0,0.0,0.0,0.0,0.0,0.0,0.0,0.0,0.0,0.0,0.0,0.0,0.0,0.0,0.0,4.0,13.0,2.0,3.0,0.0,18.0,6.0,20.0,5.0,42.0,52.0,24.0
844,1.0,844.0,London_423,newnew,151,453,1092.0,70.0,2.0,174405.0,0.8229956600116566,838.0,137.0,2.0,135.0,245.0,19.0,226.0,264.0,225.0,95.0,20.0,80.0,9.0,19.0,1.0,4.0,5.0,99.0,129.0,220.0,42.0,0.0,0.0,0.0,0.0,0.0,0.0,0.0,0.0,0.0,0.0,0.0,0.0,0.0,0.0,0.0,0.0,0.0,0.0,0.0,0.0,0.0,0.0,0.0,0.0,0.0,0.0,0.0,0.0,2.0,0.0,0.0,2.0,1.0,0.0,0.0,0.0,0.0,0.0,3.0,15.0,1.0,1.0,8.0,11.0,3.0,11.0,12.0,33.0,34.0,21.0,0.0,0.0,0.0,0.0,0.0,0.0,0.0,0.0,6.0,0.0,0.0,7.0,7.0,0.0,0.0,0.0,0.0,0.0,4.0,21.0,2.0,1.0,9.0,16.0,5.0,15.0,18.0,47.0,52.0,28.0
845,1.0,845.0,London_423,newnew,151,453,1092.0,70.0,2.0,140430.0,0.5581577270058915,763.0,100.0,0.0,100.0,170.0,0.0,170.0,245.0,226.0,84.0,30.0,80.0,4.0,24.0,1.0,4.0,2.0,93.0,137.0,221.0,28.0,0.0,0.0,0.0,0.0,0.0,0.0,0.0,0.0,0.0,0.0,0.0,0.0,0.0,0.0,0.0,0.0,0.0,0.0,0.0,0.0,0.0,0.0,0.0,0.0,0.0,0.0,0.0,0.0,0.0,0.0,0.0,0.0,0.0,0.0,0.0,0.0,0.0,0.0,2.0,3.0,0.0,2.0,1.0,4.0,5.0,8.0,12.0,23.0,22.0,19.0,0.0,0.0,0.0,0.0,0.0,0.0,0.0,0.0,0.0,0.0,0.0,0.0,0.0,0.0,0.0,0.0,0.0,0.0,3.0,4.0,0.0,3.0,1.0,5.0,9.0,10.0,16.0,38.0,28.0,22.0
846,1.0,846.0,London_423,newnew,151,453,1092.0,70.0,2.0,128199.0,0.4480715930694714,736.0,55.0,0.0,55.0,91.0,0.0,91.0,170.0,232.0,91.0,24.0,81.0,2.0,17.0,1.0,5.0,3.0,79.0,151.0,220.0,34.0,0.0,0.0,0.0,0.0,0.0,0.0,0.0,0.0,0.0,0.0,0.0,0.0,0.0,0.0,0.0,0.0,0.0,0.0,0.0,0.0,0.0,0.0,0.0,0.0,0.0,0.0,0.0,0.0,0.0,0.0,0.0,0.0,0.0,0.0,0.0,0.0,0.0,0.0,2.0,0.0,0.0,1.0,0.0,5.0,3.0,0.0,10.0,13.0,13.0,13.0,0.0,0.0,0.0,0.0,0.0,0.0,0.0,0.0,0.0,0.0,0.0,0.0,0.0,0.0,0.0,0.0,0.0,0.0,3.0,0.0,0.0,1.0,0.0,5.0,5.0,0.0,13.0,20.0,19.0,16.0
847,1.0,847.0,London_423,newnew,151,453,1092.0,70.0,2.0,144054.0,0.6500824030954391,771.0,94.0,2.0,92.0,177.0,18.0,159.0,91.0,234.0,88.0,28.0,76.0,4.0,14.0,2.0,7.0,7.0,76.0,161.0,209.0,41.0,0.0,0.0,0.0,0.0,0.0,0.0,0.0,0.0,0.0,0.0,0.0,0.0,0.0,0.0,0.0,0.0,0.0,0.0,0.0,0.0,0.0,0.0,0.0,0.0,0.0,0.0,0.0,0.0,0.0,0.0,0.0,1.0,0.0,1.0,1.0,0.0,0.0,0.0,3.0,0.0,4.0,5.0,0.0,5.0,7.0,3.0,9.0,19.0,20.0,22.0,0.0,0.0,0.0,0.0,0.0,0.0,0.0,0.0,0.0,0.0,0.0,4.0,0.0,9.0,1.0,0.0,0.0,0.0,3.0,0.0,5.0,9.0,0.0,8.0,9.0,3.0,12.0,27.0,35.0,25.0
848,1.0,848.0,London_423,newnew,151,453,1092.0,70.0,2.0,143601.0,0.5621646880172193,770.0,65.0,0.0,65.0,97.0,0.0,97.0,177.0,241.0,93.0,30.0,60.0,4.0,15.0,3.0,7.0,6.0,84.0,142.0,221.0,29.0,0.0,0.0,0.0,0.0,0.0,0.0,0.0,0.0,0.0,0.0,0.0,0.0,0.0,0.0,0.0,0.0,0.0,0.0,0.0,0.0,0.0,0.0,0.0,0.0,0.0,0.0,0.0,0.0,0.0,0.0,0.0,0.0,0.0,0.0,0.0,0.0,0.0,0.0,2.0,0.0,1.0,2.0,0.0,13.0,2.0,7.0,10.0,8.0,16.0,12.0,0.0,0.0,0.0,0.0,0.0,0.0,0.0,0.0,0.0,0.0,0.0,0.0,0.0,0.0,0.0,0.0,0.0,0.0,2.0,0.0,1.0,3.0,0.0,17.0,3.0,10.0,14.0,11.0,23.0,17.0
849,1.0,849.0,London_423,newnew,151,453,1092.0,70.0,2.0,166704.0,0.7830883250571787,821.0,97.0,1.0,96.0,180.0,9.0,171.0,97.0,245.0,102.0,22.0,56.0,8.0,13.0,2.0,5.0,5.0,80.0,146.0,222.0,29.0,0.0,0.0,0.0,0.0,0.0,0.0,0.0,0.0,0.0,0.0,0.0,0.0,0.0,0.0,0.0,0.0,0.0,0.0,0.0,0.0,0.0,0.0,0.0,0.0,0.0,0.0,0.0,0.0,0.0,0.0,0.0,0.0,0.0,1.0,1.0,0.0,0.0,0.0,3.0,1.0,2.0,0.0,6.0,11.0,10.0,8.0,12.0,15.0,27.0,23.0,0.0,0.0,0.0,0.0,0.0,0.0,0.0,0.0,0.0,0.0,0.0,0.0,0.0,7.0,5.0,0.0,0.0,0.0,3.0,1.0,2.0,0.0,7.0,14.0,13.0,11.0,18.0,26.0,33.0,34.0
850,1.0,850.0,London_423,newnew,151,453,1092.0,70.0,2.0,159456.0,0.6567604130832478,805.0,67.0,0.0,67.0,112.0,0.0,112.0,180.0,252.0,106.0,16.0,50.0,3.0,18.0,2.0,6.0,5.0,67.0,151.0,230.0,32.0,0.0,0.0,0.0,0.0,0.0,0.0,0.0,0.0,0.0,0.0,0.0,0.0,0.0,0.0,0.0,0.0,0.0,0.0,0.0,0.0,0.0,0.0,0.0,0.0,0.0,0.0,0.0,0.0,0.0,0.0,0.0,0.0,0.0,0.0,0.0,0.0,0.0,0.0,2.0,9.0,5.0,1.0,0.0,7.0,11.0,4.0,3.0,7.0,11.0,21.0,0.0,0.0,0.0,0.0,0.0,0.0,0.0,0.0,0.0,0.0,0.0,0.0,0.0,0.0,0.0,0.0,0.0,0.0,2.0,10.0,6.0,1.0,0.0,9.0,21.0,4.0,5.0,11.0,15.0,25.0
851,1.0,851.0,London_423,newnew,151,453,1092.0,70.0,2.0,176217.0,0.8789734620368108,842.0,5.0,2.0,3.0,21.0,17.0,4.0,112.0,259.0,110.0,16.0,31.0,5.0,24.0,2.0,6.0,6.0,71.0,150.0,226.0,38.0,0.0,0.0,0.0,0.0,0.0,0.0,0.0,0.0,0.0,0.0,0.0,0.0,0.0,0.0,0.0,0.0,0.0,0.0,0.0,0.0,0.0,0.0,0.0,0.0,0.0,0.0,0.0,0.0,1.0,0.0,0.0,1.0,1.0,0.0,0.0,0.0,0.0,0.0,0.0,0.0,0.0,0.0,0.0,0.0,2.0,0.0,1.0,1.0,1.0,1.0,0.0,0.0,0.0,0.0,0.0,0.0,0.0,0.0,3.0,0.0,0.0,2.0,6.0,0.0,0.0,0.0,0.0,0.0,0.0,0.0,0.0,0.0,0.0,0.0,2.0,0.0,2.0,2.0,1.0,1.0
852,1.0,852.0,London_423,newnew,151,453,1092.0,70.0,2.0,219252.0,1.2798069709679112,937.0,145.0,0.0,145.0,259.0,0.0,259.0,21.0,246.0,115.0,18.0,40.0,4.0,22.0,2.0,6.0,6.0,73.0,140.0,234.0,41.0,0.0,0.0,0.0,0.0,0.0,0.0,0.0,0.0,0.0,0.0,0.0,0.0,0.0,0.0,0.0,0.0,0.0,0.0,0.0,0.0,0.0,0.0,0.0,0.0,0.0,0.0,0.0,0.0,0.0,0.0,0.0,0.0,0.0,0.0,0.0,0.0,0.0,0.0,2.0,1.0,5.0,3.0,2.0,12.0,4.0,3.0,5.0,24.0,30.0,29.0,0.0,0.0,0.0,0.0,0.0,0.0,0.0,0.0,0.0,0.0,0.0,0.0,0.0,0.0,0.0,0.0,0.0,0.0,2.0,2.0,6.0,4.0,2.0,16.0,5.0,4.0,6.0,40.0,47.0,36.0
853,1.0,853.0,London_423,newnew,151,453,1092.0,70.0,2.0,190713.0,0.8683178860228509,874.0,113.0,1.0,112.0,209.0,12.0,197.0,259.0,227.0,84.0,14.0,85.0,3.0,33.0,3.0,4.0,10.0,68.0,140.0,235.0,37.0,0.0,0.0,0.0,0.0,0.0,0.0,0.0,0.0,0.0,0.0,0.0,0.0,0.0,0.0,0.0,0.0,0.0,0.0,0.0,0.0,0.0,0.0,0.0,0.0,0.0,0.0,0.0,0.0,1.0,0.0,0.0,1.0,0.0,0.0,0.0,0.0,0.0,0.0,1.0,10.0,0.0,0.0,6.0,9.0,7.0,10.0,11.0,21.0,21.0,17.0,0.0,0.0,0.0,0.0,0.0,0.0,0.0,0.0,3.0,0.0,0.0,5.0,0.0,0.0,0.0,0.0,0.0,0.0,1.0,12.0,0.0,0.0,6.0,13.0,9.0,14.0,13.0,30.0,31.0,21.0
854,1.0,854.0,London_423,newnew,151,453,1092.0,70.0,2.0,173046.0,0.7740687460172921,835.0,169.0,2.0,167.0,306.0,16.0,290.0,209.0,239.0,90.0,17.0,62.0,7.0,35.0,0.0,3.0,4.0,70.0,163.0,216.0,28.0,0.0,0.0,0.0,0.0,0.0,0.0,0.0,0.0,0.0,0.0,0.0,0.0,0.0,0.0,0.0,0.0,0.0,0.0,0.0,0.0,0.0,0.0,0.0,0.0,0.0,0.0,0.0,0.0,1.0,0.0,0.0,1.0,0.0,0.0,0.0,0.0,0.0,0.0,3.0,9.0,0.0,2.0,3.0,7.0,12.0,0.0,18.0,37.0,45.0,18.0,0.0,0.0,0.0,0.0,0.0,0.0,0.0,0.0,1.0,0.0,0.0,8.0,0.0,0.0,0.0,0.0,0.0,0.0,3.0,15.0,0.0,2.0,3.0,10.0,13.0,0.0,22.0,58.0,61.0,26.0
855,1.0,855.0,London_423,newnew,151,453,1092.0,70.0,2.0,135900.0,0.5612408220767975,753.0,137.0,2.0,135.0,251.0,18.0,233.0,306.0,180.0,110.0,20.0,101.0,6.0,32.0,0.0,4.0,2.0,76.0,160.0,215.0,40.0,0.0,0.0,0.0,0.0,0.0,0.0,0.0,0.0,0.0,0.0,0.0,0.0,0.0,0.0,0.0,0.0,0.0,0.0,0.0,0.0,0.0,0.0,0.0,0.0,0.0,0.0,0.0,0.0,1.0,1.0,0.0,1.0,0.0,1.0,1.0,0.0,0.0,0.0,2.0,8.0,0.0,4.0,3.0,12.0,6.0,9.0,13.0,20.0,25.0,19.0,0.0,0.0,0.0,0.0,0.0,0.0,0.0,0.0,2.0,5.0,0.0,4.0,0.0,4.0,2.0,0.0,0.0,0.0,2.0,13.0,0.0,5.0,3.0,14.0,10.0,12.0,18.0,33.0,39.0,25.0
856,1.0,856.0,London_423,newnew,151,453,1092.0,70.0,2.0,104190.0,0.3561796130379662,683.0,14.0,1.0,13.0,35.0,9.0,26.0,251.0,190.0,97.0,17.0,102.0,7.0,34.0,1.0,5.0,2.0,83.0,167.0,201.0,42.0,0.0,0.0,0.0,0.0,0.0,0.0,0.0,0.0,0.0,0.0,0.0,0.0,0.0,0.0,0.0,0.0,0.0,0.0,0.0,0.0,0.0,0.0,0.0,0.0,0.0,0.0,0.0,0.0,0.0,0.0,0.0,0.0,0.0,0.0,0.0,0.0,0.0,0.0,0.0,0.0,0.0,0.0,0.0,0.0,1.0,0.0,3.0,2.0,4.0,0.0,0.0,0.0,0.0,0.0,0.0,0.0,0.0,0.0,0.0,0.0,0.0,0.0,0.0,0.0,0.0,0.0,0.0,0.0,0.0,0.0,0.0,0.0,0.0,0.0,1.0,0.0,5.0,6.0,9.0,0.0
857,1.0,857.0,London_423,newnew,151,453,1092.0,70.0,2.0,130011.0,0.5123680989490822,740.0,93.0,0.0,93.0,155.0,0.0,155.0,35.0,188.0,97.0,17.0,102.0,7.0,35.0,1.0,6.0,3.0,85.0,160.0,205.0,42.0,0.0,0.0,0.0,0.0,0.0,0.0,0.0,0.0,0.0,0.0,0.0,0.0,0.0,0.0,0.0,0.0,0.0,0.0,0.0,0.0,0.0,0.0,0.0,0.0,0.0,0.0,0.0,0.0,0.0,0.0,0.0,0.0,0.0,0.0,0.0,0.0,0.0,0.0,4.0,0.0,2.0,0.0,0.0,11.0,8.0,5.0,12.0,27.0,19.0,23.0,0.0,0.0,0.0,0.0,0.0,0.0,0.0,0.0,0.0,0.0,0.0,0.0,0.0,0.0,0.0,0.0,0.0,0.0,5.0,0.0,2.0,0.0,0.0,15.0,10.0,7.0,19.0,40.0,28.0,32.0
858,1.0,858.0,London_423,newnew,151,453,1092.0,70.0,2.0,123669.0,0.4750738270813599,726.0,35.0,0.0,35.0,71.0,0.0,71.0,155.0,197.0,94.0,23.0,87.0,7.0,37.0,1.0,7.0,5.0,91.0,150.0,207.0,52.0,0.0,0.0,0.0,0.0,0.0,0.0,0.0,0.0,0.0,0.0,0.0,0.0,0.0,0.0,0.0,0.0,0.0,0.0,0.0,0.0,0.0,0.0,0.0,0.0,0.0,0.0,0.0,0.0,0.0,0.0,0.0,0.0,0.0,0.0,0.0,0.0,0.0,0.0,2.0,0.0,0.0,1.0,0.0,5.0,1.0,3.0,6.0,9.0,8.0,10.0,0.0,0.0,0.0,0.0,0.0,0.0,0.0,0.0,0.0,0.0,0.0,0.0,0.0,0.0,0.0,0.0,0.0,0.0,3.0,0.0,0.0,1.0,0.0,6.0,1.0,4.0,15.0,13.0,12.0,13.0
859,1.0,859.0,London_423,newnew,151,453,1092.0,70.0,2.0,151755.0,0.6124662010697648,788.0,74.0,2.0,72.0,137.0,19.0,118.0,71.0,201.0,88.0,27.0,84.0,6.0,42.0,1.0,4.0,5.0,90.0,142.0,216.0,55.0,0.0,0.0,0.0,0.0,0.0,0.0,0.0,0.0,0.0,0.0,0.0,0.0,0.0,0.0,0.0,0.0,0.0,0.0,0.0,0.0,0.0,0.0,0.0,0.0,0.0,0.0,0.0,0.0,0.0,0.0,0.0,1.0,1.0,0.0,2.0,0.0,0.0,0.0,2.0,0.0,0.0,0.0,2.0,10.0,2.0,2.0,13.0,14.0,18.0,10.0,0.0,0.0,0.0,0.0,0.0,0.0,0.0,0.0,0.0,0.0,0.0,9.0,10.0,0.0,6.0,0.0,0.0,0.0,2.0,0.0,0.0,0.0,3.0,14.0,2.0,2.0,21.0,23.0,29.0,12.0
860,1.0,860.0,London_423,newnew,151,453,1092.0,70.0,2.0,160815.0,0.5465134589467198,808.0,61.0,0.0,61.0,107.0,0.0,107.0,137.0,196.0,99.0,35.0,70.0,7.0,44.0,1.0,1.0,8.0,86.0,140.0,219.0,49.0,0.0,0.0,0.0,0.0,0.0,0.0,0.0,0.0,0.0,0.0,0.0,0.0,0.0,0.0,0.0,0.0,0.0,0.0,0.0,0.0,0.0,0.0,0.0,0.0,0.0,0.0,0.0,0.0,0.0,0.0,0.0,0.0,0.0,0.0,0.0,0.0,0.0,0.0,0.0,2.0,0.0,0.0,1.0,7.0,5.0,2.0,4.0,11.0,12.0,16.0,0.0,0.0,0.0,0.0,0.0,0.0,0.0,0.0,0.0,0.0,0.0,0.0,0.0,0.0,0.0,0.0,0.0,0.0,0.0,3.0,0.0,0.0,1.0,11.0,8.0,2.0,4.0,20.0,16.0,20.0
861,1.0,861.0,London_423,newnew,151,453,1092.0,70.0,2.0,170781.0,0.869672711007297,830.0,124.0,1.0,123.0,226.0,8.0,218.0,107.0,204.0,99.0,31.0,70.0,8.0,40.0,1.0,0.0,6.0,80.0,149.0,218.0,45.0,0.0,0.0,0.0,0.0,0.0,0.0,0.0,0.0,0.0,0.0,0.0,0.0,0.0,0.0,0.0,0.0,0.0,0.0,0.0,0.0,0.0,0.0,0.0,0.0,0.0,0.0,0.0,0.0,1.0,0.0,0.0,0.0,0.0,0.0,1.0,0.0,0.0,0.0,3.0,1.0,0.0,3.0,5.0,3.0,9.0,3.0,17.0,20.0,30.0,26.0,0.0,0.0,0.0,0.0,0.0,0.0,0.0,0.0,1.0,0.0,0.0,0.0,0.0,0.0,4.0,0.0,0.0,0.0,4.0,1.0,0.0,3.0,5.0,3.0,16.0,3.0,25.0,38.0,44.0,30.0
862,1.0,862.0,London_423,newnew,151,453,1092.0,70.0,2.0,146772.0,0.727287127985619,777.0,78.0,2.0,76.0,151.0,18.0,133.0,226.0,212.0,110.0,17.0,62.0,9.0,36.0,2.0,5.0,4.0,71.0,147.0,231.0,34.0,0.0,0.0,0.0,0.0,0.0,0.0,0.0,0.0,0.0,0.0,0.0,0.0,0.0,0.0,0.0,0.0,0.0,0.0,0.0,0.0,0.0,0.0,0.0,0.0,0.0,0.0,0.0,0.0,0.0,0.0,0.0,1.0,0.0,0.0,1.0,0.0,0.0,0.0,7.0,7.0,0.0,0.0,0.0,8.0,4.0,5.0,14.0,15.0,19.0,14.0,0.0,0.0,0.0,0.0,0.0,0.0,0.0,0.0,0.0,0.0,0.0,7.0,0.0,0.0,4.0,0.0,0.0,0.0,9.0,12.0,0.0,0.0,0.0,14.0,6.0,6.0,20.0,19.0,24.0,19.0
863,1.0,863.0,London_423,newnew,151,453,1092.0,70.0,2.0,144054.0,0.6193286349298432,771.0,55.0,1.0,54.0,103.0,9.0,94.0,151.0,220.0,107.0,17.0,68.0,10.0,28.0,1.0,2.0,8.0,82.0,141.0,222.0,45.0,0.0,0.0,0.0,0.0,0.0,0.0,0.0,0.0,0.0,0.0,0.0,0.0,0.0,0.0,0.0,0.0,0.0,0.0,0.0,0.0,0.0,0.0,0.0,0.0,0.0,0.0,0.0,0.0,0.0,0.0,0.0,0.0,0.0,0.0,0.0,0.0,0.0,0.0,0.0,1.0,0.0,2.0,0.0,3.0,2.0,2.0,7.0,15.0,16.0,14.0,0.0,0.0,0.0,0.0,0.0,0.0,0.0,0.0,0.0,0.0,0.0,0.0,0.0,0.0,0.0,0.0,0.0,0.0,0.0,1.0,0.0,2.0,0.0,4.0,4.0,2.0,10.0,23.0,19.0,21.0
864,1.0,864.0,London_423,newnew,151,453,1092.0,70.0,2.0,151302.0,0.827342837001197,787.0,129.0,0.0,129.0,211.0,0.0,211.0,103.0,226.0,89.0,22.0,73.0,9.0,29.0,1.0,4.0,11.0,78.0,138.0,226.0,45.0,0.0,0.0,0.0,0.0,0.0,0.0,0.0,0.0,0.0,0.0,0.0,0.0,0.0,0.0,0.0,0.0,0.0,0.0,0.0,0.0,0.0,0.0,0.0,0.0,0.0,0.0,0.0,0.0,0.0,0.0,0.0,0.0,0.0,0.0,0.0,0.0,0.0,0.0,7.0,4.0,2.0,2.0,2.0,10.0,8.0,7.0,7.0,23.0,35.0,25.0,0.0,0.0,0.0,0.0,0.0,0.0,0.0,0.0,0.0,0.0,0.0,0.0,0.0,0.0,0.0,0.0,0.0,0.0,8.0,4.0,2.0,2.0,2.0,15.0,9.0,12.0,9.0,30.0,47.0,32.0
865,1.0,865.0,London_423,newnew,151,453,1092.0,70.0,2.0,123216.0,0.6906055300496519,725.0,114.0,0.0,114.0,202.0,0.0,202.0,211.0,237.0,91.0,19.0,76.0,2.0,21.0,0.0,7.0,11.0,78.0,137.0,227.0,41.0,0.0,0.0,0.0,0.0,0.0,0.0,0.0,0.0,0.0,0.0,0.0,0.0,0.0,0.0,0.0,0.0,0.0,0.0,0.0,0.0,0.0,0.0,0.0,0.0,0.0,0.0,0.0,0.0,0.0,0.0,0.0,0.0,0.0,0.0,0.0,0.0,0.0,0.0,1.0,9.0,2.0,3.0,0.0,16.0,15.0,8.0,11.0,20.0,25.0,14.0,0.0,0.0,0.0,0.0,0.0,0.0,0.0,0.0,0.0,0.0,0.0,0.0,0.0,0.0,0.0,0.0,0.0,0.0,2.0,12.0,2.0,6.0,0.0,20.0,22.0,10.0,17.0,32.0,41.0,18.0
866,1.0,866.0,London_423,newnew,151,453,1092.0,70.0,2.0,100113.0,0.4769799499772489,674.0,52.0,2.0,50.0,109.0,19.0,90.0,202.0,255.0,95.0,10.0,57.0,4.0,25.0,2.0,5.0,11.0,71.0,131.0,240.0,39.0,0.0,0.0,0.0,0.0,0.0,0.0,0.0,0.0,0.0,0.0,0.0,0.0,0.0,0.0,0.0,0.0,0.0,0.0,0.0,0.0,0.0,0.0,0.0,0.0,0.0,0.0,0.0,0.0,1.0,0.0,0.0,0.0,0.0,0.0,2.0,0.0,0.0,0.0,6.0,4.0,0.0,1.0,2.0,6.0,3.0,3.0,7.0,5.0,11.0,13.0,0.0,0.0,0.0,0.0,0.0,0.0,0.0,0.0,4.0,0.0,0.0,0.0,0.0,0.0,10.0,0.0,0.0,0.0,7.0,6.0,0.0,2.0,2.0,9.0,5.0,3.0,7.0,10.0,16.0,17.0
867,1.0,867.0,London_423,newnew,151,453,1092.0,70.0,2.0,108720.0,0.5305890729650855,693.0,33.0,1.0,32.0,61.0,9.0,52.0,109.0,270.0,101.0,8.0,41.0,2.0,25.0,0.0,6.0,10.0,71.0,135.0,237.0,35.0,0.0,0.0,0.0,0.0,0.0,0.0,0.0,0.0,0.0,0.0,0.0,0.0,0.0,0.0,0.0,0.0,0.0,0.0,0.0,0.0,0.0,0.0,0.0,0.0,0.0,0.0,0.0,0.0,1.0,0.0,0.0,0.0,0.0,0.0,1.0,0.0,0.0,0.0,1.0,1.0,0.0,1.0,0.0,13.0,1.0,3.0,2.0,6.0,5.0,5.0,0.0,0.0,0.0,0.0,0.0,0.0,0.0,0.0,1.0,0.0,0.0,0.0,0.0,0.0,1.0,0.0,0.0,0.0,1.0,1.0,0.0,2.0,0.0,14.0,2.0,5.0,5.0,9.0,7.0,6.0
868,1.0,868.0,London_423,newnew,151,453,1092.0,70.0,2.0,128652.0,0.5789185889298096,737.0,24.0,2.0,22.0,57.0,19.0,38.0,61.0,274.0,98.0,6.0,34.0,5.0,27.0,3.0,6.0,6.0,68.0,141.0,238.0,26.0,0.0,0.0,0.0,0.0,0.0,0.0,0.0,0.0,0.0,0.0,0.0,0.0,0.0,0.0,0.0,0.0,0.0,0.0,0.0,0.0,0.0,0.0,0.0,0.0,0.0,0.0,0.0,0.0,0.0,0.0,0.0,0.0,0.0,0.0,0.0,0.0,0.0,0.0,4.0,0.0,0.0,2.0,2.0,5.0,1.0,5.0,3.0,10.0,5.0,8.0,0.0,0.0,0.0,0.0,0.0,0.0,0.0,0.0,0.0,0.0,0.0,0.0,0.0,0.0,0.0,0.0,0.0,0.0,7.0,0.0,0.0,3.0,2.0,5.0,1.0,8.0,5.0,14.0,7.0,8.0
869,1.0,869.0,London_423,newnew,151,453,1092.0,70.0,2.0,157644.0,0.9130948049714789,801.0,110.0,2.0,108.0,211.0,16.0,195.0,57.0,275.0,92.0,6.0,43.0,5.0,31.0,1.0,0.0,6.0,70.0,139.0,238.0,20.0,0.0,0.0,0.0,0.0,0.0,0.0,0.0,0.0,0.0,0.0,0.0,0.0,0.0,0.0,0.0,0.0,0.0,0.0,0.0,0.0,0.0,0.0,0.0,0.0,0.0,0.0,0.0,0.0,0.0,0.0,0.0,0.0,0.0,1.0,1.0,0.0,0.0,0.0,0.0,16.0,0.0,3.0,9.0,20.0,6.0,7.0,3.0,16.0,31.0,23.0,0.0,0.0,0.0,0.0,0.0,0.0,0.0,0.0,0.0,0.0,0.0,0.0,0.0,8.0,2.0,0.0,0.0,0.0,0.0,25.0,0.0,4.0,9.0,30.0,7.0,7.0,4.0,26.0,50.0,27.0
870,1.0,870.0,London_423,newnew,151,453,1092.0,70.0,2.0,145413.0,0.5658733079908416,774.0,28.0,2.0,26.0,60.0,18.0,42.0,211.0,254.0,86.0,12.0,61.0,3.0,31.0,1.0,5.0,6.0,83.0,125.0,239.0,34.0,0.0,0.0,0.0,0.0,0.0,0.0,0.0,0.0,0.0,0.0,0.0,0.0,0.0,0.0,0.0,0.0,0.0,0.0,0.0,0.0,0.0,0.0,0.0,0.0,0.0,0.0,0.0,0.0,1.0,0.0,0.0,1.0,0.0,0.0,1.0,0.0,0.0,0.0,0.0,1.0,0.0,0.0,0.0,2.0,1.0,0.0,3.0,7.0,6.0,7.0,0.0,0.0,0.0,0.0,0.0,0.0,0.0,0.0,4.0,0.0,0.0,9.0,0.0,0.0,3.0,0.0,0.0,0.0,0.0,1.0,0.0,0.0,0.0,2.0,1.0,0.0,7.0,11.0,8.0,9.0
871,1.0,871.0,London_423,newnew,151,453,1092.0,70.0,2.0,171687.0,0.6254982730606571,832.0,55.0,0.0,55.0,94.0,0.0,94.0,60.0,249.0,91.0,13.0,63.0,4.0,32.0,1.0,0.0,2.0,86.0,118.0,247.0,26.0,0.0,0.0,0.0,0.0,0.0,0.0,0.0,0.0,0.0,0.0,0.0,0.0,0.0,0.0,0.0,0.0,0.0,0.0,0.0,0.0,0.0,0.0,0.0,0.0,0.0,0.0,0.0,0.0,0.0,0.0,0.0,0.0,0.0,0.0,0.0,0.0,0.0,0.0,2.0,0.0,0.0,1.0,1.0,5.0,4.0,4.0,4.0,11.0,12.0,9.0,0.0,0.0,0.0,0.0,0.0,0.0,0.0,0.0,0.0,0.0,0.0,0.0,0.0,0.0,0.0,0.0,0.0,0.0,2.0,0.0,0.0,2.0,1.0,6.0,6.0,6.0,5.0,17.0,19.0,11.0
872,1.0,872.0,London_423,newnew,151,453,1092.0,70.0,2.0,184824.0,1.021760253002867,861.0,120.0,0.0,120.0,201.0,0.0,201.0,94.0,258.0,83.0,17.0,54.0,3.0,36.0,0.0,2.0,7.0,85.0,125.0,236.0,35.0,0.0,0.0,0.0,0.0,0.0,0.0,0.0,0.0,0.0,0.0,0.0,0.0,0.0,0.0,0.0,0.0,0.0,0.0,0.0,0.0,0.0,0.0,0.0,0.0,0.0,0.0,0.0,0.0,0.0,0.0,0.0,0.0,0.0,0.0,0.0,0.0,0.0,0.0,1.0,3.0,4.0,2.0,11.0,9.0,8.0,0.0,27.0,24.0,32.0,18.0,0.0,0.0,0.0,0.0,0.0,0.0,0.0,0.0,0.0,0.0,0.0,0.0,0.0,0.0,0.0,0.0,0.0,0.0,1.0,5.0,5.0,2.0,11.0,13.0,10.0,0.0,38.0,34.0,44.0,23.0
873,1.0,873.0,London_423,newnew,151,453,1092.0,70.0,2.0,161721.0,0.7581964980345219,810.0,121.0,1.0,120.0,231.0,10.0,221.0,201.0,255.0,77.0,16.0,67.0,6.0,29.0,0.0,3.0,11.0,78.0,119.0,245.0,28.0,0.0,0.0,0.0,0.0,0.0,0.0,0.0,0.0,0.0,0.0,0.0,0.0,0.0,0.0,0.0,0.0,0.0,0.0,0.0,0.0,0.0,0.0,0.0,0.0,0.0,0.0,0.0,0.0,0.0,1.0,0.0,1.0,0.0,0.0,1.0,0.0,0.0,0.0,1.0,1.0,4.0,5.0,3.0,8.0,9.0,6.0,20.0,16.0,27.0,20.0,0.0,0.0,0.0,0.0,0.0,0.0,0.0,0.0,0.0,2.0,0.0,3.0,0.0,0.0,2.0,0.0,0.0,0.0,1.0,1.0,4.0,7.0,3.0,10.0,13.0,9.0,27.0,31.0,40.0,27.0
874,1.0,874.0,London_423,newnew,151,453,1092.0,70.0,2.0,140883.0,0.7927582520060241,764.0,117.0,0.0,117.0,208.0,0.0,208.0,231.0,242.0,79.0,23.0,63.0,6.0,32.0,1.0,7.0,8.0,64.0,159.0,222.0,28.0,0.0,0.0,0.0,0.0,0.0,0.0,0.0,0.0,0.0,0.0,0.0,0.0,0.0,0.0,0.0,0.0,0.0,0.0,0.0,0.0,0.0,0.0,0.0,0.0,0.0,0.0,0.0,0.0,0.0,0.0,0.0,0.0,0.0,0.0,0.0,0.0,0.0,0.0,5.0,2.0,3.0,1.0,8.0,9.0,9.0,9.0,6.0,25.0,29.0,15.0,0.0,0.0,0.0,0.0,0.0,0.0,0.0,0.0,0.0,0.0,0.0,0.0,0.0,0.0,0.0,0.0,0.0,0.0,5.0,5.0,3.0,2.0,9.0,12.0,11.0,16.0,7.0,33.0,53.0,21.0
875,1.0,875.0,London_423,newnew,151,453,1092.0,70.0,2.0,124575.0,0.4956382940290496,728.0,48.0,2.0,46.0,104.0,18.0,86.0,208.0,262.0,76.0,9.0,63.0,5.0,27.0,3.0,8.0,3.0,78.0,138.0,234.0,23.0,0.0,0.0,0.0,0.0,0.0,0.0,0.0,0.0,0.0,0.0,0.0,0.0,0.0,0.0,0.0,0.0,0.0,0.0,0.0,0.0,0.0,0.0,0.0,0.0,0.0,0.0,0.0,0.0,2.0,0.0,0.0,1.0,1.0,0.0,2.0,0.0,0.0,0.0,0.0,2.0,1.0,0.0,2.0,10.0,4.0,4.0,4.0,13.0,14.0,8.0,0.0,0.0,0.0,0.0,0.0,0.0,0.0,0.0,5.0,0.0,0.0,4.0,8.0,0.0,6.0,0.0,0.0,0.0,0.0,3.0,1.0,0.0,2.0,14.0,7.0,6.0,6.0,19.0,23.0,11.0
876,1.0,876.0,London_423,newnew,151,453,1092.0,70.0,2.0,155832.0,0.6565294810570776,797.0,133.0,1.0,132.0,233.0,9.0,224.0,104.0,267.0,75.0,10.0,63.0,4.0,22.0,2.0,10.0,5.0,78.0,133.0,237.0,19.0,0.0,0.0,0.0,0.0,0.0,0.0,0.0,0.0,0.0,0.0,0.0,0.0,0.0,0.0,0.0,0.0,0.0,0.0,0.0,0.0,0.0,0.0,0.0,0.0,0.0,0.0,0.0,0.0,0.0,0.0,0.0,0.0,0.0,0.0,0.0,0.0,0.0,0.0,0.0,3.0,1.0,1.0,2.0,25.0,4.0,3.0,10.0,25.0,29.0,17.0,0.0,0.0,0.0,0.0,0.0,0.0,0.0,0.0,0.0,0.0,0.0,0.0,0.0,0.0,0.0,0.0,0.0,0.0,0.0,4.0,1.0,1.0,2.0,30.0,5.0,4.0,16.0,38.0,38.0,18.0
877,1.0,877.0,London_423,newnew,151,453,1092.0,70.0,2.0,144054.0,0.5270622279495001,771.0,39.0,0.0,39.0,63.0,0.0,63.0,233.0,239.0,90.0,18.0,66.0,7.0,28.0,0.0,5.0,8.0,75.0,150.0,220.0,32.0,0.0,0.0,0.0,0.0,0.0,0.0,0.0,0.0,0.0,0.0,0.0,0.0,0.0,0.0,0.0,0.0,0.0,0.0,0.0,0.0,0.0,0.0,0.0,0.0,0.0,0.0,0.0,0.0,0.0,0.0,0.0,0.0,0.0,0.0,0.0,0.0,0.0,0.0,0.0,1.0,0.0,0.0,0.0,2.0,3.0,1.0,5.0,9.0,11.0,7.0,0.0,0.0,0.0,0.0,0.0,0.0,0.0,0.0,0.0,0.0,0.0,0.0,0.0,0.0,0.0,0.0,0.0,0.0,0.0,2.0,0.0,0.0,0.0,3.0,4.0,1.0,6.0,13.0,12.0,10.0
878,1.0,878.0,London_423,newnew,151,453,1092.0,70.0,2.0,173499.0,0.6308014299720526,836.0,51.0,0.0,51.0,97.0,0.0,97.0,63.0,248.0,96.0,21.0,53.0,9.0,21.0,0.0,5.0,9.0,80.0,153.0,211.0,33.0,0.0,0.0,0.0,0.0,0.0,0.0,0.0,0.0,0.0,0.0,0.0,0.0,0.0,0.0,0.0,0.0,0.0,0.0,0.0,0.0,0.0,0.0,0.0,0.0,0.0,0.0,0.0,0.0,0.0,0.0,0.0,0.0,0.0,0.0,0.0,0.0,0.0,0.0,1.0,7.0,0.0,0.0,0.0,5.0,5.0,7.0,4.0,7.0,11.0,11.0,0.0,0.0,0.0,0.0,0.0,0.0,0.0,0.0,0.0,0.0,0.0,0.0,0.0,0.0,0.0,0.0,0.0,0.0,1.0,12.0,0.0,0.0,0.0,8.0,7.0,11.0,6.0,11.0,15.0,15.0
879,1.0,879.0,London_423,newnew,151,453,1092.0,70.0,2.0,196602.0,0.8615602549398318,887.0,71.0,2.0,69.0,134.0,19.0,115.0,97.0,255.0,96.0,13.0,58.0,11.0,19.0,0.0,1.0,10.0,78.0,154.0,211.0,37.0,0.0,0.0,0.0,0.0,0.0,0.0,0.0,0.0,0.0,0.0,0.0,0.0,0.0,0.0,0.0,0.0,0.0,0.0,0.0,0.0,0.0,0.0,0.0,0.0,0.0,0.0,0.0,0.0,1.0,0.0,0.0,1.0,0.0,1.0,2.0,0.0,0.0,0.0,4.0,1.0,2.0,1.0,4.0,6.0,6.0,4.0,4.0,13.0,12.0,12.0,0.0,0.0,0.0,0.0,0.0,0.0,0.0,0.0,3.0,0.0,0.0,3.0,0.0,7.0,3.0,0.0,0.0,0.0,4.0,1.0,2.0,1.0,4.0,8.0,9.0,5.0,7.0,18.0,17.0,15.0
880,1.0,880.0,London_423,newnew,151,453,1092.0,70.0,2.0,210192.0,0.6984197050333023,917.0,55.0,0.0,55.0,96.0,0.0,96.0,134.0,261.0,107.0,11.0,45.0,3.0,21.0,0.0,5.0,6.0,84.0,144.0,219.0,40.0,0.0,0.0,0.0,0.0,0.0,0.0,0.0,0.0,0.0,0.0,0.0,0.0,0.0,0.0,0.0,0.0,0.0,0.0,0.0,0.0,0.0,0.0,0.0,0.0,0.0,0.0,0.0,0.0,0.0,0.0,0.0,0.0,0.0,0.0,0.0,0.0,0.0,0.0,8.0,1.0,0.0,0.0,0.0,5.0,6.0,3.0,4.0,12.0,16.0,17.0,0.0,0.0,0.0,0.0,0.0,0.0,0.0,0.0,0.0,0.0,0.0,0.0,0.0,0.0,0.0,0.0,0.0,0.0,12.0,1.0,0.0,0.0,0.0,7.0,11.0,6.0,7.0,21.0,25.0,25.0
881,1.0,881.0,London_423,newnew,151,453,1092.0,70.0,2.0,241902.0,1.1477653740439564,987.0,197.0,2.0,195.0,335.0,16.0,319.0,96.0,269.0,103.0,7.0,43.0,2.0,24.0,0.0,5.0,8.0,79.0,142.0,224.0,40.0,0.0,0.0,0.0,0.0,0.0,0.0,0.0,0.0,0.0,0.0,0.0,0.0,0.0,0.0,0.0,0.0,0.0,0.0,0.0,0.0,0.0,0.0,0.0,0.0,0.0,0.0,0.0,0.0,0.0,0.0,0.0,0.0,0.0,2.0,0.0,0.0,0.0,0.0,3.0,16.0,0.0,6.0,7.0,5.0,3.0,1.0,6.0,37.0,45.0,33.0,0.0,0.0,0.0,0.0,0.0,0.0,0.0,0.0,0.0,0.0,0.0,0.0,0.0,11.0,0.0,0.0,0.0,0.0,3.0,25.0,0.0,9.0,8.0,5.0,4.0,1.0,8.0,54.0,66.0,44.0
882,1.0,882.0,London_423,newnew,151,453,1092.0,70.0,2.0,193884.0,0.5912805289262906,881.0,123.0,1.0,122.0,211.0,9.0,202.0,335.0,166.0,115.0,25.0,103.0,12.0,25.0,1.0,6.0,7.0,85.0,147.0,214.0,49.0,0.0,0.0,0.0,0.0,0.0,0.0,0.0,0.0,0.0,0.0,0.0,0.0,0.0,0.0,0.0,0.0,0.0,0.0,0.0,0.0,0.0,0.0,0.0,0.0,0.0,0.0,0.0,0.0,1.0,0.0,0.0,0.0,0.0,0.0,0.0,0.0,0.0,0.0,6.0,2.0,2.0,4.0,1.0,12.0,8.0,11.0,16.0,18.0,28.0,26.0,0.0,0.0,0.0,0.0,0.0,0.0,0.0,0.0,7.0,0.0,0.0,0.0,0.0,0.0,0.0,0.0,0.0,0.0,9.0,2.0,2.0,5.0,1.0,15.0,12.0,17.0,23.0,22.0,40.0,35.0
883,1.0,883.0,London_423,newnew,151,453,1092.0,70.0,2.0,166704.0,0.6526164300739765,821.0,129.0,2.0,127.0,237.0,18.0,219.0,211.0,177.0,113.0,28.0,98.0,5.0,24.0,0.0,8.0,10.0,70.0,155.0,218.0,67.0,0.0,0.0,0.0,0.0,0.0,0.0,0.0,0.0,0.0,0.0,0.0,0.0,0.0,0.0,0.0,0.0,0.0,0.0,0.0,0.0,0.0,0.0,0.0,0.0,0.0,0.0,0.0,0.0,2.0,0.0,0.0,1.0,1.0,0.0,0.0,0.0,0.0,0.0,0.0,15.0,0.0,2.0,1.0,16.0,10.0,16.0,9.0,27.0,34.0,28.0,0.0,0.0,0.0,0.0,0.0,0.0,0.0,0.0,5.0,0.0,0.0,3.0,8.0,0.0,0.0,0.0,0.0,0.0,0.0,20.0,0.0,3.0,2.0,22.0,13.0,25.0,9.0,35.0,52.0,35.0
884,1.0,884.0,London_423,newnew,151,453,1092.0,70.0,2.0,139977.0,0.6492591650458053,762.0,132.0,2.0,130.0,231.0,17.0,214.0,237.0,194.0,110.0,31.0,81.0,5.0,24.0,1.0,7.0,12.0,85.0,134.0,222.0,71.0,0.0,0.0,0.0,0.0,0.0,0.0,0.0,0.0,0.0,0.0,0.0,0.0,0.0,0.0,0.0,0.0,0.0,0.0,0.0,0.0,0.0,0.0,0.0,0.0,0.0,0.0,0.0,0.0,1.0,0.0,0.0,1.0,0.0,0.0,2.0,0.0,0.0,0.0,3.0,13.0,2.0,0.0,1.0,22.0,11.0,14.0,11.0,34.0,34.0,28.0,0.0,0.0,0.0,0.0,0.0,0.0,0.0,0.0,1.0,0.0,0.0,2.0,0.0,0.0,7.0,0.0,0.0,0.0,3.0,20.0,2.0,0.0,1.0,28.0,15.0,21.0,14.0,48.0,57.0,35.0
885,1.0,885.0,London_423,newnew,151,453,1092.0,70.0,2.0,107361.0,0.48071319703012705,690.0,90.0,0.0,90.0,166.0,0.0,166.0,231.0,216.0,107.0,19.0,74.0,3.0,26.0,1.0,7.0,6.0,97.0,134.0,216.0,50.0,0.0,0.0,0.0,0.0,0.0,0.0,0.0,0.0,0.0,0.0,0.0,0.0,0.0,0.0,0.0,0.0,0.0,0.0,0.0,0.0,0.0,0.0,0.0,0.0,0.0,0.0,0.0,0.0,0.0,0.0,0.0,0.0,0.0,0.0,0.0,0.0,0.0,0.0,2.0,0.0,1.0,4.0,0.0,14.0,6.0,6.0,12.0,15.0,29.0,19.0,0.0,0.0,0.0,0.0,0.0,0.0,0.0,0.0,0.0,0.0,0.0,0.0,0.0,0.0,0.0,0.0,0.0,0.0,2.0,0.0,1.0,5.0,0.0,18.0,6.0,9.0,15.0,25.0,46.0,28.0
886,1.0,886.0,London_423,newnew,151,453,1092.0,70.0,2.0,90600.0,0.3254580789944157,653.0,24.0,2.0,22.0,62.0,19.0,43.0,166.0,232.0,101.0,24.0,58.0,7.0,28.0,1.0,2.0,5.0,93.0,156.0,199.0,57.0,0.0,0.0,0.0,0.0,0.0,0.0,0.0,0.0,0.0,0.0,0.0,0.0,0.0,0.0,0.0,0.0,0.0,0.0,0.0,0.0,0.0,0.0,0.0,0.0,0.0,0.0,0.0,0.0,2.0,0.0,0.0,2.0,1.0,0.0,1.0,0.0,0.0,0.0,0.0,0.0,0.0,0.0,0.0,6.0,1.0,2.0,3.0,2.0,2.0,7.0,0.0,0.0,0.0,0.0,0.0,0.0,0.0,0.0,6.0,0.0,0.0,9.0,4.0,0.0,1.0,0.0,0.0,0.0,0.0,0.0,0.0,0.0,0.0,8.0,1.0,2.0,3.0,4.0,2.0,10.0
887,1.0,887.0,London_423,newnew,151,453,1092.0,70.0,2.0,106908.0,0.49972954497206956,689.0,79.0,0.0,79.0,134.0,0.0,134.0,62.0,235.0,103.0,27.0,60.0,1.0,25.0,1.0,1.0,6.0,99.0,151.0,197.0,52.0,0.0,0.0,0.0,0.0,0.0,0.0,0.0,0.0,0.0,0.0,0.0,0.0,0.0,0.0,0.0,0.0,0.0,0.0,0.0,0.0,0.0,0.0,0.0,0.0,0.0,0.0,0.0,0.0,0.0,0.0,0.0,0.0,0.0,0.0,0.0,0.0,0.0,0.0,3.0,1.0,3.0,2.0,0.0,6.0,9.0,2.0,8.0,13.0,22.0,21.0,0.0,0.0,0.0,0.0,0.0,0.0,0.0,0.0,0.0,0.0,0.0,0.0,0.0,0.0,0.0,0.0,0.0,0.0,3.0,2.0,3.0,2.0,0.0,8.0,11.0,2.0,13.0,20.0,37.0,26.0
888,1.0,888.0,London_423,newnew,151,453,1092.0,70.0,2.0,101472.0,0.4336106270784512,677.0,15.0,0.0,15.0,21.0,0.0,21.0,134.0,243.0,104.0,27.0,45.0,2.0,30.0,0.0,2.0,8.0,95.0,152.0,198.0,51.0,0.0,0.0,0.0,0.0,0.0,0.0,0.0,0.0,0.0,0.0,0.0,0.0,0.0,0.0,0.0,0.0,0.0,0.0,0.0,0.0,0.0,0.0,0.0,0.0,0.0,0.0,0.0,0.0,0.0,0.0,0.0,0.0,0.0,0.0,0.0,0.0,0.0,0.0,0.0,1.0,0.0,0.0,0.0,1.0,2.0,1.0,2.0,5.0,6.0,5.0,0.0,0.0,0.0,0.0,0.0,0.0,0.0,0.0,0.0,0.0,0.0,0.0,0.0,0.0,0.0,0.0,0.0,0.0,0.0,1.0,0.0,0.0,0.0,1.0,2.0,2.0,2.0,6.0,7.0,6.0
889,1.0,889.0,London_423,newnew,151,453,1092.0,70.0,2.0,141336.0,0.7304642029339448,765.0,48.0,2.0,46.0,109.0,18.0,91.0,21.0,245.0,107.0,28.0,40.0,1.0,32.0,0.0,0.0,7.0,93.0,155.0,198.0,51.0,0.0,0.0,0.0,0.0,0.0,0.0,0.0,0.0,0.0,0.0,0.0,0.0,0.0,0.0,0.0,0.0,0.0,0.0,0.0,0.0,0.0,0.0,0.0,0.0,0.0,0.0,0.0,0.0,1.0,0.0,0.0,1.0,0.0,1.0,2.0,0.0,0.0,0.0,0.0,4.0,6.0,0.0,0.0,8.0,1.0,2.0,14.0,13.0,10.0,14.0,0.0,0.0,0.0,0.0,0.0,0.0,0.0,0.0,5.0,0.0,0.0,3.0,0.0,5.0,8.0,0.0,0.0,0.0,0.0,5.0,7.0,0.0,0.0,9.0,1.0,2.0,16.0,23.0,16.0,17.0
890,1.0,890.0,London_423,newnew,151,453,1092.0,70.0,2.0,161721.0,0.853695883997716,810.0,88.0,0.0,88.0,149.0,0.0,149.0,109.0,256.0,110.0,26.0,31.0,1.0,28.0,0.0,1.0,6.0,86.0,146.0,215.0,56.0,0.0,0.0,0.0,0.0,0.0,0.0,0.0,0.0,0.0,0.0,0.0,0.0,0.0,0.0,0.0,0.0,0.0,0.0,0.0,0.0,0.0,0.0,0.0,0.0,0.0,0.0,0.0,0.0,0.0,0.0,0.0,0.0,0.0,0.0,0.0,0.0,0.0,0.0,2.0,4.0,0.0,0.0,1.0,6.0,3.0,3.0,10.0,15.0,21.0,25.0,0.0,0.0,0.0,0.0,0.0,0.0,0.0,0.0,0.0,0.0,0.0,0.0,0.0,0.0,0.0,0.0,0.0,0.0,2.0,6.0,0.0,0.0,1.0,8.0,6.0,3.0,11.0,20.0,32.0,28.0
891,1.0,891.0,London_423,newnew,151,453,1092.0,70.0,2.0,156285.0,0.9311295709339902,798.0,126.0,1.0,125.0,231.0,9.0,222.0,149.0,269.0,110.0,10.0,34.0,3.0,23.0,0.0,4.0,8.0,87.0,139.0,219.0,49.0,0.0,0.0,0.0,0.0,0.0,0.0,0.0,0.0,0.0,0.0,0.0,0.0,0.0,0.0,0.0,0.0,0.0,0.0,0.0,0.0,0.0,0.0,0.0,0.0,0.0,0.0,0.0,0.0,1.0,0.0,0.0,1.0,0.0,1.0,0.0,0.0,0.0,0.0,1.0,18.0,0.0,4.0,1.0,13.0,1.0,2.0,8.0,30.0,26.0,15.0,0.0,0.0,0.0,0.0,0.0,0.0,0.0,0.0,2.0,0.0,0.0,2.0,0.0,6.0,0.0,0.0,0.0,0.0,2.0,27.0,0.0,8.0,1.0,15.0,1.0,4.0,9.0,44.0,42.0,22.0
892,1.0,892.0,London_423,newnew,151,453,1092.0,70.0,2.0,126387.0,0.4887666560243815,732.0,27.0,0.0,27.0,50.0,0.0,50.0,231.0,237.0,93.0,16.0,71.0,6.0,24.0,1.0,5.0,6.0,70.0,147.0,230.0,27.0,0.0,0.0,0.0,0.0,0.0,0.0,0.0,0.0,0.0,0.0,0.0,0.0,0.0,0.0,0.0,0.0,0.0,0.0,0.0,0.0,0.0,0.0,0.0,0.0,0.0,0.0,0.0,0.0,0.0,0.0,0.0,0.0,0.0,0.0,0.0,0.0,0.0,0.0,3.0,0.0,0.0,0.0,0.0,0.0,1.0,1.0,1.0,3.0,9.0,5.0,0.0,0.0,0.0,0.0,0.0,0.0,0.0,0.0,0.0,0.0,0.0,0.0,0.0,0.0,0.0,0.0,0.0,0.0,5.0,0.0,0.0,0.0,0.0,0.0,4.0,1.0,2.0,5.0,14.0,6.0
893,1.0,893.0,London_423,newnew,151,453,1092.0,70.0,2.0,151302.0,0.5179049110738561,787.0,44.0,2.0,42.0,84.0,17.0,67.0,50.0,241.0,86.0,19.0,71.0,6.0,17.0,3.0,10.0,6.0,71.0,152.0,224.0,33.0,0.0,0.0,0.0,0.0,0.0,0.0,0.0,0.0,0.0,0.0,0.0,0.0,0.0,0.0,0.0,0.0,0.0,0.0,0.0,0.0,0.0,0.0,0.0,0.0,0.0,0.0,0.0,0.0,1.0,0.0,0.0,1.0,1.0,0.0,0.0,0.0,0.0,0.0,1.0,0.0,1.0,1.0,0.0,6.0,2.0,3.0,3.0,4.0,9.0,6.0,0.0,0.0,0.0,0.0,0.0,0.0,0.0,0.0,3.0,0.0,0.0,4.0,4.0,0.0,0.0,0.0,0.0,0.0,1.0,0.0,2.0,1.0,0.0,7.0,2.0,3.0,3.0,4.0,10.0,9.0
894,1.0,894.0,London_423,newnew,151,453,1092.0,70.0,2.0,185277.0,0.9116581080015749,862.0,130.0,0.0,130.0,211.0,0.0,211.0,84.0,242.0,87.0,23.0,72.0,2.0,10.0,4.0,13.0,7.0,68.0,149.0,229.0,38.0,0.0,0.0,0.0,0.0,0.0,0.0,0.0,0.0,0.0,0.0,0.0,0.0,0.0,0.0,0.0,0.0,0.0,0.0,0.0,0.0,0.0,0.0,0.0,0.0,0.0,0.0,0.0,0.0,0.0,0.0,0.0,0.0,0.0,0.0,0.0,0.0,0.0,0.0,2.0,5.0,1.0,0.0,8.0,13.0,8.0,6.0,18.0,20.0,34.0,19.0,0.0,0.0,0.0,0.0,0.0,0.0,0.0,0.0,0.0,0.0,0.0,0.0,0.0,0.0,0.0,0.0,0.0,0.0,2.0,7.0,1.0,0.0,10.0,19.0,11.0,12.0,23.0,30.0,47.0,25.0
895,1.0,895.0,London_423,newnew,151,453,1092.0,70.0,2.0,165798.0,0.7379011390730739,819.0,125.0,1.0,124.0,221.0,12.0,209.0,211.0,256.0,86.0,19.0,57.0,9.0,15.0,3.0,8.0,6.0,75.0,146.0,226.0,33.0,0.0,0.0,0.0,0.0,0.0,0.0,0.0,0.0,0.0,0.0,0.0,0.0,0.0,0.0,0.0,0.0,0.0,0.0,0.0,0.0,0.0,0.0,0.0,0.0,0.0,0.0,0.0,0.0,0.0,0.0,0.0,1.0,0.0,0.0,0.0,0.0,0.0,0.0,3.0,3.0,3.0,1.0,0.0,7.0,13.0,5.0,17.0,20.0,25.0,24.0,0.0,0.0,0.0,0.0,0.0,0.0,0.0,0.0,0.0,0.0,0.0,3.0,0.0,0.0,0.0,0.0,0.0,0.0,3.0,5.0,4.0,2.0,0.0,8.0,18.0,8.0,26.0,30.0,33.0,30.0
896,1.0,896.0,London_423,newnew,151,453,1092.0,70.0,2.0,148584.0,0.5359297540271655,781.0,13.0,2.0,11.0,38.0,16.0,22.0,221.0,255.0,98.0,13.0,56.0,5.0,17.0,3.0,6.0,9.0,68.0,149.0,227.0,36.0,0.0,0.0,0.0,0.0,0.0,0.0,0.0,0.0,0.0,0.0,0.0,0.0,0.0,0.0,0.0,0.0,0.0,0.0,0.0,0.0,0.0,0.0,0.0,0.0,0.0,0.0,0.0,0.0,2.0,0.0,0.0,1.0,0.0,0.0,2.0,0.0,0.0,0.0,1.0,1.0,0.0,0.0,0.0,1.0,0.0,1.0,3.0,1.0,6.0,2.0,0.0,0.0,0.0,0.0,0.0,0.0,0.0,0.0,4.0,0.0,0.0,3.0,0.0,0.0,2.0,0.0,0.0,0.0,2.0,1.0,0.0,0.0,0.0,3.0,0.0,1.0,5.0,2.0,9.0,3.0
897,1.0,897.0,London_423,newnew,151,453,1092.0,70.0,2.0,189807.0,0.9364123889245093,872.0,156.0,2.0,154.0,277.0,18.0,259.0,38.0,248.0,104.0,14.0,50.0,5.0,20.0,4.0,8.0,10.0,68.0,146.0,229.0,40.0,0.0,0.0,0.0,0.0,0.0,0.0,0.0,0.0,0.0,0.0,0.0,0.0,0.0,0.0,0.0,0.0,0.0,0.0,0.0,0.0,0.0,0.0,0.0,0.0,0.0,0.0,0.0,0.0,0.0,0.0,0.0,0.0,0.0,1.0,1.0,0.0,0.0,0.0,0.0,29.0,0.0,3.0,4.0,2.0,16.0,12.0,16.0,26.0,29.0,24.0,0.0,0.0,0.0,0.0,0.0,0.0,0.0,0.0,0.0,0.0,0.0,0.0,0.0,9.0,4.0,0.0,0.0,0.0,0.0,39.0,0.0,3.0,4.0,3.0,22.0,18.0,19.0,40.0,44.0,32.0
898,1.0,898.0,London_423,newnew,151,453,1092.0,70.0,2.0,155379.0,0.5250298479804769,796.0,58.0,1.0,57.0,113.0,9.0,104.0,277.0,213.0,87.0,12.0,94.0,9.0,31.0,0.0,7.0,6.0,76.0,138.0,233.0,28.0,0.0,0.0,0.0,0.0,0.0,0.0,0.0,0.0,0.0,0.0,0.0,0.0,0.0,0.0,0.0,0.0,0.0,0.0,0.0,0.0,0.0,0.0,0.0,0.0,0.0,0.0,0.0,0.0,0.0,0.0,0.0,1.0,0.0,0.0,0.0,0.0,0.0,0.0,2.0,0.0,0.0,1.0,0.0,6.0,4.0,5.0,11.0,9.0,15.0,9.0,0.0,0.0,0.0,0.0,0.0,0.0,0.0,0.0,0.0,0.0,0.0,1.0,0.0,0.0,0.0,0.0,0.0,0.0,3.0,0.0,0.0,2.0,0.0,7.0,6.0,7.0,16.0,11.0,24.0,13.0
899,1.0,899.0,London_423,newnew,151,453,1092.0,70.0,2.0,169422.0,0.6408576730173081,827.0,108.0,0.0,108.0,169.0,0.0,169.0,113.0,215.0,74.0,14.0,92.0,12.0,37.0,1.0,8.0,4.0,77.0,132.0,240.0,28.0,0.0,0.0,0.0,0.0,0.0,0.0,0.0,0.0,0.0,0.0,0.0,0.0,0.0,0.0,0.0,0.0,0.0,0.0,0.0,0.0,0.0,0.0,0.0,0.0,0.0,0.0,0.0,0.0,0.0,0.0,0.0,0.0,0.0,0.0,0.0,0.0,0.0,0.0,1.0,2.0,1.0,4.0,3.0,5.0,5.0,11.0,9.0,23.0,32.0,19.0,0.0,0.0,0.0,0.0,0.0,0.0,0.0,0.0,0.0,0.0,0.0,0.0,0.0,0.0,0.0,0.0,0.0,0.0,2.0,4.0,1.0,5.0,3.0,9.0,6.0,12.0,15.0,31.0,48.0,22.0
900,1.0,900.0,London_423,newnew,151,453,1092.0,70.0,2.0,157191.0,0.6610824450617656,800.0,90.0,0.0,90.0,153.0,0.0,153.0,169.0,224.0,85.0,10.0,66.0,16.0,42.0,1.0,9.0,7.0,74.0,127.0,245.0,32.0,0.0,0.0,0.0,0.0,0.0,0.0,0.0,0.0,0.0,0.0,0.0,0.0,0.0,0.0,0.0,0.0,0.0,0.0,0.0,0.0,0.0,0.0,0.0,0.0,0.0,0.0,0.0,0.0,0.0,0.0,0.0,0.0,0.0,0.0,0.0,0.0,0.0,0.0,4.0,1.0,0.0,2.0,0.0,6.0,9.0,8.0,11.0,17.0,22.0,14.0,0.0,0.0,0.0,0.0,0.0,0.0,0.0,0.0,0.0,0.0,0.0,0.0,0.0,0.0,0.0,0.0,0.0,0.0,5.0,1.0,0.0,3.0,0.0,7.0,12.0,10.0,14.0,24.0,30.0,20.0
901,1.0,901.0,London_423,newnew,151,453,1092.0,70.0,2.0,160815.0,0.6350959639530629,808.0,79.0,2.0,77.0,144.0,19.0,125.0,153.0,237.0,85.0,12.0,57.0,15.0,40.0,0.0,7.0,4.0,74.0,129.0,246.0,42.0,0.0,0.0,0.0,0.0,0.0,0.0,0.0,0.0,0.0,0.0,0.0,0.0,0.0,0.0,0.0,0.0,0.0,0.0,0.0,0.0,0.0,0.0,0.0,0.0,0.0,0.0,0.0,0.0,0.0,0.0,0.0,1.0,1.0,0.0,2.0,0.0,0.0,0.0,2.0,1.0,0.0,1.0,1.0,9.0,8.0,6.0,10.0,10.0,18.0,18.0,0.0,0.0,0.0,0.0,0.0,0.0,0.0,0.0,0.0,0.0,0.0,6.0,9.0,0.0,4.0,0.0,0.0,0.0,2.0,1.0,0.0,1.0,1.0,12.0,11.0,7.0,12.0,12.0,25.0,22.0
902,1.0,902.0,London_423,newnew,151,453,1092.0,70.0,2.0,165345.0,0.7709949999116361,818.0,99.0,0.0,99.0,167.0,0.0,167.0,144.0,233.0,85.0,9.0,64.0,18.0,42.0,0.0,2.0,5.0,76.0,121.0,251.0,48.0,0.0,0.0,0.0,0.0,0.0,0.0,0.0,0.0,0.0,0.0,0.0,0.0,0.0,0.0,0.0,0.0,0.0,0.0,0.0,0.0,0.0,0.0,0.0,0.0,0.0,0.0,0.0,0.0,0.0,0.0,0.0,0.0,0.0,0.0,0.0,0.0,0.0,0.0,6.0,1.0,0.0,2.0,0.0,2.0,9.0,3.0,9.0,17.0,24.0,24.0,0.0,0.0,0.0,0.0,0.0,0.0,0.0,0.0,0.0,0.0,0.0,0.0,0.0,0.0,0.0,0.0,0.0,0.0,8.0,1.0,0.0,3.0,0.0,3.0,13.0,4.0,10.0,24.0,35.0,29.0
903,1.0,903.0,London_423,newnew,151,453,1092.0,70.0,2.0,157191.0,0.6356880669482052,800.0,95.0,1.0,94.0,178.0,8.0,170.0,167.0,244.0,75.0,15.0,57.0,21.0,39.0,0.0,2.0,3.0,78.0,120.0,252.0,27.0,0.0,0.0,0.0,0.0,0.0,0.0,0.0,0.0,0.0,0.0,0.0,0.0,0.0,0.0,0.0,0.0,0.0,0.0,0.0,0.0,0.0,0.0,0.0,0.0,0.0,0.0,0.0,0.0,1.0,0.0,0.0,0.0,0.0,0.0,1.0,0.0,0.0,0.0,5.0,4.0,3.0,0.0,0.0,13.0,5.0,8.0,17.0,11.0,23.0,13.0,0.0,0.0,0.0,0.0,0.0,0.0,0.0,0.0,1.0,0.0,0.0,0.0,0.0,0.0,4.0,0.0,0.0,0.0,7.0,7.0,3.0,0.0,0.0,18.0,5.0,10.0,27.0,18.0,34.0,17.0
904,1.0,904.0,London_423,newnew,151,453,1092.0,70.0,2.0,159003.0,0.6468518920009956,804.0,61.0,2.0,59.0,121.0,18.0,103.0,178.0,245.0,73.0,16.0,67.0,18.0,28.0,0.0,6.0,6.0,84.0,118.0,245.0,25.0,0.0,0.0,0.0,0.0,0.0,0.0,0.0,0.0,0.0,0.0,0.0,0.0,0.0,0.0,0.0,0.0,0.0,0.0,0.0,0.0,0.0,0.0,0.0,0.0,0.0,0.0,0.0,0.0,0.0,0.0,0.0,1.0,0.0,0.0,1.0,0.0,0.0,0.0,3.0,0.0,0.0,0.0,0.0,7.0,2.0,5.0,8.0,18.0,16.0,19.0,0.0,0.0,0.0,0.0,0.0,0.0,0.0,0.0,0.0,0.0,0.0,7.0,0.0,0.0,1.0,0.0,0.0,0.0,4.0,0.0,0.0,0.0,0.0,12.0,3.0,8.0,11.0,24.0,28.0,24.0
905,1.0,905.0,London_423,newnew,151,453,1092.0,70.0,2.0,172593.0,0.7742706009885296,834.0,124.0,1.0,123.0,221.0,9.0,212.0,121.0,259.0,69.0,16.0,60.0,20.0,28.0,0.0,1.0,8.0,85.0,110.0,250.0,32.0,0.0,0.0,0.0,0.0,0.0,0.0,0.0,0.0,0.0,0.0,0.0,0.0,0.0,0.0,0.0,0.0,0.0,0.0,0.0,0.0,0.0,0.0,0.0,0.0,0.0,0.0,0.0,0.0,0.0,0.0,0.0,0.0,0.0,0.0,0.0,0.0,0.0,0.0,6.0,19.0,0.0,0.0,0.0,14.0,8.0,5.0,7.0,19.0,24.0,30.0,0.0,0.0,0.0,0.0,0.0,0.0,0.0,0.0,0.0,0.0,0.0,0.0,0.0,0.0,0.0,0.0,0.0,0.0,6.0,35.0,0.0,0.0,0.0,17.0,11.0,5.0,7.0,26.0,35.0,38.0
906,1.0,906.0,London_423,newnew,151,453,1092.0,70.0,2.0,160362.0,0.67085432598833,807.0,113.0,0.0,113.0,190.0,0.0,190.0,221.0,232.0,82.0,15.0,68.0,20.0,28.0,0.0,8.0,5.0,82.0,123.0,243.0,41.0,0.0,0.0,0.0,0.0,0.0,0.0,0.0,0.0,0.0,0.0,0.0,0.0,0.0,0.0,0.0,0.0,0.0,0.0,0.0,0.0,0.0,0.0,0.0,0.0,0.0,0.0,0.0,0.0,0.0,0.0,0.0,0.0,0.0,0.0,0.0,0.0,0.0,0.0,5.0,4.0,0.0,3.0,0.0,13.0,12.0,7.0,8.0,27.0,16.0,23.0,0.0,0.0,0.0,0.0,0.0,0.0,0.0,0.0,0.0,0.0,0.0,0.0,0.0,0.0,0.0,0.0,0.0,0.0,6.0,5.0,0.0,4.0,0.0,17.0,16.0,9.0,10.0,37.0,21.0,30.0
907,1.0,907.0,London_423,newnew,151,453,1092.0,70.0,2.0,151302.0,0.6671233660308644,787.0,92.0,0.0,92.0,160.0,0.0,160.0,190.0,224.0,83.0,19.0,61.0,25.0,30.0,0.0,11.0,7.0,85.0,128.0,233.0,51.0,0.0,0.0,0.0,0.0,0.0,0.0,0.0,0.0,0.0,0.0,0.0,0.0,0.0,0.0,0.0,0.0,0.0,0.0,0.0,0.0,0.0,0.0,0.0,0.0,0.0,0.0,0.0,0.0,0.0,0.0,0.0,0.0,0.0,0.0,0.0,0.0,0.0,0.0,1.0,7.0,1.0,3.0,0.0,21.0,4.0,6.0,10.0,16.0,20.0,20.0,0.0,0.0,0.0,0.0,0.0,0.0,0.0,0.0,0.0,0.0,0.0,0.0,0.0,0.0,0.0,0.0,0.0,0.0,4.0,9.0,1.0,6.0,0.0,30.0,6.0,9.0,13.0,20.0,37.0,25.0
908,1.0,908.0,London_423,newnew,151,453,1092.0,70.0,2.0,144054.0,0.508617368992418,771.0,43.0,2.0,41.0,93.0,19.0,74.0,160.0,232.0,83.0,13.0,57.0,25.0,30.0,2.0,11.0,11.0,94.0,127.0,221.0,61.0,0.0,0.0,0.0,0.0,0.0,0.0,0.0,0.0,0.0,0.0,0.0,0.0,0.0,0.0,0.0,0.0,0.0,0.0,0.0,0.0,0.0,0.0,0.0,0.0,0.0,0.0,0.0,0.0,0.0,0.0,0.0,0.0,0.0,0.0,2.0,0.0,0.0,0.0,5.0,0.0,1.0,1.0,0.0,10.0,4.0,3.0,6.0,10.0,10.0,13.0,0.0,0.0,0.0,0.0,0.0,0.0,0.0,0.0,0.0,0.0,0.0,0.0,0.0,0.0,13.0,0.0,0.0,0.0,6.0,0.0,2.0,3.0,0.0,18.0,5.0,3.0,7.0,17.0,14.0,16.0
909,1.0,909.0,London_423,newnew,151,453,1092.0,70.0,2.0,156285.0,0.592750033014454,798.0,47.0,1.0,46.0,99.0,9.0,90.0,93.0,243.0,83.0,7.0,61.0,23.0,22.0,3.0,11.0,11.0,87.0,134.0,221.0,53.0,0.0,0.0,0.0,0.0,0.0,0.0,0.0,0.0,0.0,0.0,0.0,0.0,0.0,0.0,0.0,0.0,0.0,0.0,0.0,0.0,0.0,0.0,0.0,0.0,0.0,0.0,0.0,0.0,0.0,0.0,0.0,0.0,0.0,0.0,0.0,0.0,0.0,0.0,2.0,0.0,0.0,1.0,2.0,6.0,3.0,4.0,8.0,9.0,11.0,13.0,0.0,0.0,0.0,0.0,0.0,0.0,0.0,0.0,0.0,0.0,0.0,0.0,0.0,0.0,0.0,0.0,0.0,0.0,4.0,0.0,0.0,1.0,2.0,8.0,8.0,5.0,11.0,14.0,13.0,18.0
910,1.0,910.0,London_423,newnew,151,453,1092.0,70.0,2.0,180747.0,0.8250005489680916,852.0,89.0,2.0,87.0,168.0,19.0,149.0,99.0,245.0,75.0,5.0,67.0,26.0,17.0,4.0,14.0,12.0,83.0,128.0,230.0,57.0,0.0,0.0,0.0,0.0,0.0,0.0,0.0,0.0,0.0,0.0,0.0,0.0,0.0,0.0,0.0,0.0,0.0,0.0,0.0,0.0,0.0,0.0,0.0,0.0,0.0,0.0,0.0,0.0,0.0,0.0,0.0,1.0,0.0,0.0,0.0,0.0,0.0,0.0,2.0,4.0,0.0,0.0,8.0,4.0,5.0,3.0,14.0,19.0,19.0,20.0,0.0,0.0,0.0,0.0,0.0,0.0,0.0,0.0,0.0,0.0,0.0,8.0,0.0,0.0,0.0,0.0,0.0,0.0,4.0,6.0,0.0,0.0,9.0,6.0,9.0,4.0,14.0,30.0,30.0,22.0
911,1.0,911.0,London_423,newnew,151,453,1092.0,70.0,2.0,173499.0,0.7910690410062671,836.0,179.0,2.0,177.0,307.0,16.0,291.0,168.0,262.0,62.0,13.0,52.0,26.0,23.0,4.0,11.0,7.0,81.0,137.0,228.0,34.0,0.0,0.0,0.0,0.0,0.0,0.0,0.0,0.0,0.0,0.0,0.0,0.0,0.0,0.0,0.0,0.0,0.0,0.0,0.0,0.0,0.0,0.0,0.0,0.0,0.0,0.0,0.0,0.0,0.0,0.0,0.0,0.0,0.0,1.0,0.0,0.0,0.0,0.0,0.0,21.0,0.0,4.0,0.0,20.0,3.0,2.0,17.0,29.0,40.0,8.0,0.0,0.0,0.0,0.0,0.0,0.0,0.0,0.0,0.0,0.0,0.0,0.0,0.0,7.0,0.0,0.0,0.0,0.0,0.0,34.0,0.0,4.0,0.0,25.0,4.0,3.0,18.0,37.0,55.0,11.0
912,1.0,912.0,London_423,newnew,151,453,1092.0,70.0,2.0,124122.0,0.3602362419478595,727.0,28.0,2.0,26.0,69.0,18.0,51.0,307.0,159.0,112.0,24.0,94.0,22.0,17.0,6.0,19.0,13.0,83.0,138.0,219.0,40.0,0.0,0.0,0.0,0.0,0.0,0.0,0.0,0.0,0.0,0.0,0.0,0.0,0.0,0.0,0.0,0.0,0.0,0.0,0.0,0.0,0.0,0.0,0.0,0.0,0.0,0.0,0.0,0.0,1.0,0.0,0.0,1.0,0.0,0.0,2.0,0.0,0.0,0.0,0.0,1.0,0.0,0.0,0.0,5.0,3.0,1.0,4.0,6.0,2.0,7.0,0.0,0.0,0.0,0.0,0.0,0.0,0.0,0.0,1.0,0.0,0.0,5.0,0.0,0.0,4.0,0.0,0.0,0.0,0.0,1.0,0.0,0.0,0.0,8.0,5.0,1.0,5.0,10.0,4.0,10.0
913,1.0,913.0,London_423,newnew,151,453,1092.0,70.0,2.0,141789.0,0.5462673449655995,766.0,139.0,0.0,139.0,243.0,0.0,243.0,69.0,165.0,103.0,26.0,99.0,16.0,17.0,6.0,21.0,11.0,89.0,133.0,220.0,34.0,0.0,0.0,0.0,0.0,0.0,0.0,0.0,0.0,0.0,0.0,0.0,0.0,0.0,0.0,0.0,0.0,0.0,0.0,0.0,0.0,0.0,0.0,0.0,0.0,0.0,0.0,0.0,0.0,0.0,0.0,0.0,0.0,0.0,0.0,0.0,0.0,0.0,0.0,4.0,7.0,0.0,3.0,2.0,5.0,10.0,13.0,19.0,36.0,43.0,32.0,0.0,0.0,0.0,0.0,0.0,0.0,0.0,0.0,0.0,0.0,0.0,0.0,0.0,0.0,0.0,0.0,0.0,0.0,4.0,9.0,0.0,5.0,2.0,9.0,12.0,15.0,24.0,56.0,62.0,39.0
914,1.0,914.0,London_423,newnew,151,453,1092.0,70.0,2.0,114609.0,0.4004911199444905,706.0,38.0,0.0,38.0,65.0,0.0,65.0,243.0,174.0,95.0,21.0,100.0,16.0,23.0,8.0,16.0,6.0,82.0,138.0,227.0,41.0,0.0,0.0,0.0,0.0,0.0,0.0,0.0,0.0,0.0,0.0,0.0,0.0,0.0,0.0,0.0,0.0,0.0,0.0,0.0,0.0,0.0,0.0,0.0,0.0,0.0,0.0,0.0,0.0,0.0,0.0,0.0,0.0,0.0,0.0,0.0,0.0,0.0,0.0,0.0,0.0,0.0,2.0,0.0,2.0,4.0,3.0,2.0,7.0,12.0,6.0,0.0,0.0,0.0,0.0,0.0,0.0,0.0,0.0,0.0,0.0,0.0,0.0,0.0,0.0,0.0,0.0,0.0,0.0,0.0,0.0,0.0,2.0,0.0,2.0,4.0,3.0,2.0,11.0,19.0,7.0
915,1.0,915.0,London_423,newnew,151,453,1092.0,70.0,2.0,135447.0,0.45406714105047286,752.0,63.0,1.0,62.0,113.0,10.0,103.0,65.0,180.0,83.0,20.0,111.0,13.0,21.0,9.0,16.0,7.0,84.0,138.0,224.0,43.0,0.0,0.0,0.0,0.0,0.0,0.0,0.0,0.0,0.0,0.0,0.0,0.0,0.0,0.0,0.0,0.0,0.0,0.0,0.0,0.0,0.0,0.0,0.0,0.0,0.0,0.0,0.0,0.0,0.0,1.0,0.0,1.0,0.0,0.0,1.0,0.0,0.0,0.0,3.0,2.0,0.0,2.0,0.0,7.0,9.0,2.0,5.0,13.0,10.0,13.0,0.0,0.0,0.0,0.0,0.0,0.0,0.0,0.0,0.0,3.0,0.0,3.0,0.0,0.0,6.0,0.0,0.0,0.0,3.0,3.0,0.0,3.0,0.0,9.0,11.0,3.0,7.0,17.0,16.0,17.0
916,1.0,916.0,London_423,newnew,151,453,1092.0,70.0,2.0,138618.0,0.549588117050007,759.0,56.0,0.0,56.0,97.0,0.0,97.0,113.0,183.0,92.0,24.0,102.0,9.0,19.0,9.0,15.0,7.0,91.0,128.0,227.0,44.0,0.0,0.0,0.0,0.0,0.0,0.0,0.0,0.0,0.0,0.0,0.0,0.0,0.0,0.0,0.0,0.0,0.0,0.0,0.0,0.0,0.0,0.0,0.0,0.0,0.0,0.0,0.0,0.0,0.0,0.0,0.0,0.0,0.0,0.0,0.0,0.0,0.0,0.0,4.0,0.0,0.0,1.0,0.0,5.0,12.0,4.0,5.0,10.0,11.0,24.0,0.0,0.0,0.0,0.0,0.0,0.0,0.0,0.0,0.0,0.0,0.0,0.0,0.0,0.0,0.0,0.0,0.0,0.0,5.0,0.0,0.0,2.0,0.0,6.0,15.0,5.0,7.0,17.0,16.0,28.0
917,1.0,917.0,London_423,newnew,151,453,1092.0,70.0,2.0,152661.0,0.5453356370562688,790.0,2.0,2.0,0.0,18.0,18.0,0.0,97.0,191.0,95.0,27.0,85.0,11.0,19.0,10.0,15.0,10.0,91.0,148.0,204.0,52.0,0.0,0.0,0.0,0.0,0.0,0.0,0.0,0.0,0.0,0.0,0.0,0.0,0.0,0.0,0.0,0.0,0.0,0.0,0.0,0.0,0.0,0.0,0.0,0.0,0.0,0.0,0.0,0.0,2.0,0.0,0.0,1.0,1.0,0.0,2.0,0.0,0.0,0.0,0.0,0.0,0.0,0.0,0.0,0.0,0.0,0.0,0.0,0.0,0.0,0.0,0.0,0.0,0.0,0.0,0.0,0.0,0.0,0.0,9.0,0.0,0.0,7.0,8.0,0.0,7.0,0.0,0.0,0.0,0.0,0.0,0.0,0.0,0.0,0.0,0.0,0.0,0.0,0.0,0.0,0.0
918,1.0,918.0,London_423,newnew,151,453,1092.0,70.0,2.0,194790.0,0.8557080070022494,883.0,123.0,1.0,122.0,220.0,9.0,211.0,18.0,191.0,98.0,28.0,92.0,3.0,16.0,10.0,15.0,10.0,94.0,148.0,201.0,53.0,0.0,0.0,0.0,0.0,0.0,0.0,0.0,0.0,0.0,0.0,0.0,0.0,0.0,0.0,0.0,0.0,0.0,0.0,0.0,0.0,0.0,0.0,0.0,0.0,0.0,0.0,0.0,0.0,0.0,0.0,0.0,0.0,0.0,0.0,1.0,0.0,0.0,0.0,13.0,15.0,2.0,1.0,15.0,10.0,8.0,11.0,9.0,23.0,27.0,31.0,0.0,0.0,0.0,0.0,0.0,0.0,0.0,0.0,0.0,0.0,0.0,0.0,0.0,0.0,2.0,0.0,0.0,0.0,16.0,22.0,2.0,1.0,16.0,17.0,11.0,14.0,16.0,29.0,40.0,44.0
919,1.0,919.0,London_423,newnew,151,453,1092.0,70.0,2.0,186183.0,0.8829864910803735,864.0,161.0,0.0,161.0,277.0,0.0,277.0,220.0,208.0,89.0,34.0,74.0,8.0,18.0,7.0,15.0,6.0,78.0,167.0,202.0,24.0,0.0,0.0,0.0,0.0,0.0,0.0,0.0,0.0,0.0,0.0,0.0,0.0,0.0,0.0,0.0,0.0,0.0,0.0,0.0,0.0,0.0,0.0,0.0,0.0,0.0,0.0,0.0,0.0,0.0,0.0,0.0,0.0,0.0,0.0,0.0,0.0,0.0,0.0,3.0,17.0,0.0,0.0,7.0,17.0,7.0,1.0,10.0,31.0,35.0,15.0,0.0,0.0,0.0,0.0,0.0,0.0,0.0,0.0,0.0,0.0,0.0,0.0,0.0,0.0,0.0,0.0,0.0,0.0,3.0,22.0,0.0,0.0,7.0,23.0,9.0,1.0,13.0,47.0,50.0,18.0
920,1.0,920.0,London_423,newnew,151,453,1092.0,70.0,2.0,147678.0,0.4812132810475305,779.0,79.0,0.0,79.0,135.0,0.0,135.0,277.0,194.0,108.0,21.0,74.0,9.0,31.0,4.0,12.0,8.0,84.0,158.0,203.0,38.0,0.0,0.0,0.0,0.0,0.0,0.0,0.0,0.0,0.0,0.0,0.0,0.0,0.0,0.0,0.0,0.0,0.0,0.0,0.0,0.0,0.0,0.0,0.0,0.0,0.0,0.0,0.0,0.0,0.0,0.0,0.0,0.0,0.0,0.0,0.0,0.0,0.0,0.0,6.0,3.0,0.0,1.0,0.0,6.0,7.0,3.0,10.0,10.0,23.0,14.0,0.0,0.0,0.0,0.0,0.0,0.0,0.0,0.0,0.0,0.0,0.0,0.0,0.0,0.0,0.0,0.0,0.0,0.0,12.0,3.0,0.0,1.0,0.0,8.0,9.0,3.0,15.0,14.0,36.0,20.0
921,1.0,921.0,London_423,newnew,151,453,1092.0,70.0,2.0,147225.0,0.6147921700030565,778.0,96.0,2.0,94.0,186.0,19.0,167.0,135.0,209.0,110.0,20.0,63.0,9.0,26.0,3.0,13.0,10.0,80.0,160.0,203.0,40.0,0.0,0.0,0.0,0.0,0.0,0.0,0.0,0.0,0.0,0.0,0.0,0.0,0.0,0.0,0.0,0.0,0.0,0.0,0.0,0.0,0.0,0.0,0.0,0.0,0.0,0.0,0.0,0.0,0.0,0.0,0.0,0.0,0.0,1.0,2.0,0.0,0.0,0.0,5.0,9.0,1.0,0.0,6.0,14.0,3.0,10.0,5.0,29.0,14.0,18.0,0.0,0.0,0.0,0.0,0.0,0.0,0.0,0.0,0.0,0.0,0.0,0.0,0.0,8.0,5.0,0.0,0.0,0.0,6.0,11.0,1.0,0.0,6.0,20.0,5.0,15.0,7.0,54.0,19.0,20.0
922,1.0,922.0,London_423,newnew,151,453,1092.0,70.0,2.0,147678.0,0.5669486339902505,779.0,62.0,0.0,62.0,112.0,0.0,112.0,186.0,219.0,124.0,14.0,58.0,6.0,22.0,2.0,8.0,9.0,62.0,166.0,216.0,44.0,0.0,0.0,0.0,0.0,0.0,0.0,0.0,0.0,0.0,0.0,0.0,0.0,0.0,0.0,0.0,0.0,0.0,0.0,0.0,0.0,0.0,0.0,0.0,0.0,0.0,0.0,0.0,0.0,0.0,0.0,0.0,0.0,0.0,0.0,0.0,0.0,0.0,0.0,0.0,4.0,1.0,0.0,0.0,6.0,7.0,6.0,6.0,11.0,18.0,13.0,0.0,0.0,0.0,0.0,0.0,0.0,0.0,0.0,0.0,0.0,0.0,0.0,0.0,0.0,0.0,0.0,0.0,0.0,0.0,5.0,1.0,0.0,0.0,7.0,10.0,9.0,10.0,20.0,25.0,18.0
923,1.0,923.0,London_423,newnew,151,453,1092.0,70.0,2.0,157191.0,0.6490397080779076,800.0,61.0,2.0,59.0,114.0,16.0,98.0,112.0,226.0,122.0,13.0,51.0,8.0,26.0,1.0,6.0,9.0,74.0,172.0,198.0,56.0,0.0,0.0,0.0,0.0,0.0,0.0,0.0,0.0,0.0,0.0,0.0,0.0,0.0,0.0,0.0,0.0,0.0,0.0,0.0,0.0,0.0,0.0,0.0,0.0,0.0,0.0,0.0,0.0,1.0,0.0,0.0,0.0,0.0,2.0,2.0,0.0,0.0,0.0,3.0,2.0,1.0,0.0,0.0,2.0,6.0,10.0,7.0,11.0,10.0,8.0,0.0,0.0,0.0,0.0,0.0,0.0,0.0,0.0,2.0,0.0,0.0,0.0,0.0,15.0,3.0,0.0,0.0,0.0,4.0,4.0,1.0,0.0,0.0,3.0,8.0,16.0,8.0,16.0,14.0,9.0
924,1.0,924.0,London_423,newnew,151,453,1092.0,70.0,2.0,164892.0,0.8728919450659305,817.0,118.0,1.0,117.0,199.0,9.0,190.0,114.0,233.0,119.0,8.0,58.0,4.0,22.0,1.0,8.0,5.0,73.0,164.0,211.0,42.0,0.0,0.0,0.0,0.0,0.0,0.0,0.0,0.0,0.0,0.0,0.0,0.0,0.0,0.0,0.0,0.0,0.0,0.0,0.0,0.0,0.0,0.0,0.0,0.0,0.0,0.0,0.0,0.0,1.0,0.0,0.0,0.0,0.0,0.0,0.0,0.0,0.0,0.0,5.0,1.0,7.0,1.0,5.0,2.0,6.0,10.0,23.0,20.0,29.0,15.0,0.0,0.0,0.0,0.0,0.0,0.0,0.0,0.0,2.0,0.0,0.0,0.0,0.0,0.0,0.0,0.0,0.0,0.0,6.0,1.0,8.0,1.0,5.0,2.0,6.0,12.0,31.0,27.0,38.0,19.0
925,1.0,925.0,London_423,newnew,151,453,1092.0,70.0,2.0,148584.0,0.5727579150116071,781.0,41.0,2.0,39.0,79.0,18.0,61.0,199.0,251.0,106.0,11.0,52.0,4.0,20.0,1.0,8.0,4.0,78.0,162.0,209.0,31.0,0.0,0.0,0.0,0.0,0.0,0.0,0.0,0.0,0.0,0.0,0.0,0.0,0.0,0.0,0.0,0.0,0.0,0.0,0.0,0.0,0.0,0.0,0.0,0.0,0.0,0.0,0.0,0.0,2.0,0.0,0.0,1.0,1.0,0.0,0.0,0.0,0.0,0.0,1.0,0.0,0.0,0.0,0.0,3.0,1.0,2.0,2.0,5.0,9.0,7.0,0.0,0.0,0.0,0.0,0.0,0.0,0.0,0.0,3.0,0.0,0.0,5.0,7.0,0.0,0.0,0.0,0.0,0.0,1.0,0.0,0.0,0.0,0.0,3.0,1.0,2.0,3.0,8.0,14.0,9.0
926,1.0,926.0,London_423,newnew,151,453,1092.0,70.0,2.0,174858.0,0.7894506929442286,839.0,106.0,2.0,104.0,205.0,17.0,188.0,79.0,247.0,108.0,15.0,54.0,2.0,18.0,1.0,8.0,2.0,82.0,146.0,223.0,32.0,0.0,0.0,0.0,0.0,0.0,0.0,0.0,0.0,0.0,0.0,0.0,0.0,0.0,0.0,0.0,0.0,0.0,0.0,0.0,0.0,0.0,0.0,0.0,0.0,0.0,0.0,0.0,0.0,1.0,0.0,0.0,1.0,0.0,0.0,2.0,0.0,0.0,0.0,3.0,2.0,5.0,3.0,9.0,11.0,18.0,2.0,14.0,20.0,15.0,15.0,0.0,0.0,0.0,0.0,0.0,0.0,0.0,0.0,3.0,0.0,0.0,2.0,0.0,0.0,7.0,0.0,0.0,0.0,4.0,3.0,5.0,4.0,10.0,15.0,22.0,2.0,20.0,31.0,22.0,20.0
927,1.0,927.0,London_423,newnew,151,453,1092.0,70.0,2.0,170781.0,0.6196474999887869,830.0,90.0,0.0,90.0,146.0,0.0,146.0,205.0,251.0,103.0,16.0,46.0,7.0,21.0,2.0,7.0,5.0,70.0,146.0,232.0,37.0,0.0,0.0,0.0,0.0,0.0,0.0,0.0,0.0,0.0,0.0,0.0,0.0,0.0,0.0,0.0,0.0,0.0,0.0,0.0,0.0,0.0,0.0,0.0,0.0,0.0,0.0,0.0,0.0,0.0,0.0,0.0,0.0,0.0,0.0,0.0,0.0,0.0,0.0,4.0,10.0,2.0,0.0,1.0,8.0,7.0,3.0,6.0,17.0,23.0,16.0,0.0,0.0,0.0,0.0,0.0,0.0,0.0,0.0,0.0,0.0,0.0,0.0,0.0,0.0,0.0,0.0,0.0,0.0,4.0,13.0,2.0,0.0,2.0,9.0,9.0,4.0,9.0,24.0,34.0,20.0
928,1.0,928.0,London_423,newnew,151,453,1092.0,70.0,2.0,165345.0,0.7142804739996791,818.0,156.0,2.0,154.0,284.0,19.0,265.0,146.0,247.0,118.0,18.0,44.0,3.0,19.0,2.0,2.0,7.0,74.0,150.0,222.0,39.0,0.0,0.0,0.0,0.0,0.0,0.0,0.0,0.0,0.0,0.0,0.0,0.0,0.0,0.0,0.0,0.0,0.0,0.0,0.0,0.0,0.0,0.0,0.0,0.0,0.0,0.0,0.0,0.0,0.0,0.0,0.0,0.0,1.0,0.0,1.0,0.0,0.0,0.0,8.0,7.0,1.0,5.0,0.0,12.0,5.0,2.0,13.0,36.0,31.0,31.0,0.0,0.0,0.0,0.0,0.0,0.0,0.0,0.0,0.0,0.0,0.0,0.0,6.0,0.0,1.0,0.0,0.0,0.0,9.0,8.0,1.0,8.0,0.0,14.0,10.0,2.0,22.0,53.0,47.0,39.0
929,1.0,929.0,London_423,newnew,151,453,1092.0,70.0,2.0,124122.0,0.32618951599579304,727.0,27.0,0.0,27.0,50.0,0.0,50.0,284.0,214.0,103.0,24.0,82.0,6.0,15.0,2.0,7.0,3.0,72.0,157.0,221.0,31.0,0.0,0.0,0.0,0.0,0.0,0.0,0.0,0.0,0.0,0.0,0.0,0.0,0.0,0.0,0.0,0.0,0.0,0.0,0.0,0.0,0.0,0.0,0.0,0.0,0.0,0.0,0.0,0.0,0.0,0.0,0.0,0.0,0.0,0.0,0.0,0.0,0.0,0.0,0.0,0.0,0.0,0.0,0.0,0.0,2.0,1.0,2.0,5.0,6.0,6.0,0.0,0.0,0.0,0.0,0.0,0.0,0.0,0.0,0.0,0.0,0.0,0.0,0.0,0.0,0.0,0.0,0.0,0.0,0.0,0.0,0.0,0.0,0.0,0.0,3.0,2.0,2.0,6.0,10.0,10.0
930,1.0,930.0,London_423,newnew,151,453,1092.0,70.0,2.0,148131.0,0.45216788502875715,780.0,57.0,0.0,57.0,99.0,0.0,99.0,50.0,217.0,112.0,24.0,70.0,6.0,17.0,1.0,6.0,4.0,75.0,156.0,218.0,38.0,0.0,0.0,0.0,0.0,0.0,0.0,0.0,0.0,0.0,0.0,0.0,0.0,0.0,0.0,0.0,0.0,0.0,0.0,0.0,0.0,0.0,0.0,0.0,0.0,0.0,0.0,0.0,0.0,0.0,0.0,0.0,0.0,0.0,0.0,0.0,0.0,0.0,0.0,1.0,0.0,0.0,0.0,1.0,2.0,5.0,4.0,5.0,11.0,17.0,12.0,0.0,0.0,0.0,0.0,0.0,0.0,0.0,0.0,0.0,0.0,0.0,0.0,0.0,0.0,0.0,0.0,0.0,0.0,1.0,0.0,0.0,0.0,1.0,3.0,8.0,4.0,6.0,17.0,27.0,17.0
931,1.0,931.0,London_423,newnew,151,453,1092.0,70.0,2.0,159909.0,0.788924916065298,806.0,131.0,2.0,129.0,254.0,18.0,236.0,99.0,225.0,109.0,24.0,59.0,4.0,23.0,0.0,9.0,7.0,77.0,151.0,218.0,36.0,0.0,0.0,0.0,0.0,0.0,0.0,0.0,0.0,0.0,0.0,0.0,0.0,0.0,0.0,0.0,0.0,0.0,0.0,0.0,0.0,0.0,0.0,0.0,0.0,0.0,0.0,0.0,0.0,0.0,0.0,0.0,0.0,0.0,1.0,2.0,0.0,0.0,0.0,2.0,18.0,13.0,2.0,0.0,5.0,6.0,16.0,25.0,19.0,34.0,16.0,0.0,0.0,0.0,0.0,0.0,0.0,0.0,0.0,0.0,0.0,0.0,0.0,0.0,6.0,6.0,0.0,0.0,0.0,2.0,25.0,17.0,2.0,0.0,7.0,9.0,24.0,39.0,25.0,58.0,23.0
932,1.0,932.0,London_423,newnew,151,453,1092.0,70.0,2.0,135900.0,0.6246913360664621,753.0,101.0,0.0,101.0,181.0,0.0,181.0,254.0,235.0,87.0,19.0,72.0,10.0,17.0,2.0,11.0,4.0,77.0,137.0,235.0,34.0,0.0,0.0,0.0,0.0,0.0,0.0,0.0,0.0,0.0,0.0,0.0,0.0,0.0,0.0,0.0,0.0,0.0,0.0,0.0,0.0,0.0,0.0,0.0,0.0,0.0,0.0,0.0,0.0,0.0,0.0,0.0,0.0,0.0,0.0,0.0,0.0,0.0,0.0,2.0,7.0,1.0,3.0,5.0,7.0,9.0,5.0,13.0,18.0,18.0,22.0,0.0,0.0,0.0,0.0,0.0,0.0,0.0,0.0,0.0,0.0,0.0,0.0,0.0,0.0,0.0,0.0,0.0,0.0,2.0,7.0,2.0,4.0,5.0,9.0,13.0,8.0,17.0,27.0,28.0,36.0
933,1.0,933.0,London_423,newnew,151,453,1092.0,70.0,2.0,111438.0,0.5482991869794205,699.0,81.0,1.0,80.0,150.0,9.0,141.0,181.0,233.0,104.0,21.0,49.0,13.0,21.0,3.0,9.0,8.0,68.0,148.0,229.0,38.0,0.0,0.0,0.0,0.0,0.0,0.0,0.0,0.0,0.0,0.0,0.0,0.0,0.0,0.0,0.0,0.0,0.0,0.0,0.0,0.0,0.0,0.0,0.0,0.0,0.0,0.0,0.0,0.0,1.0,0.0,0.0,1.0,0.0,1.0,1.0,0.0,0.0,0.0,0.0,3.0,0.0,0.0,2.0,11.0,9.0,6.0,7.0,12.0,18.0,10.0,0.0,0.0,0.0,0.0,0.0,0.0,0.0,0.0,3.0,0.0,0.0,4.0,0.0,5.0,5.0,0.0,0.0,0.0,0.0,3.0,0.0,0.0,2.0,13.0,13.0,10.0,8.0,18.0,25.0,14.0
934,1.0,934.0,London_423,newnew,151,453,1092.0,70.0,2.0,106908.0,0.4080654759891331,689.0,16.0,0.0,16.0,31.0,0.0,31.0,150.0,240.0,118.0,16.0,41.0,6.0,23.0,3.0,6.0,10.0,72.0,141.0,230.0,48.0,0.0,0.0,0.0,0.0,0.0,0.0,0.0,0.0,0.0,0.0,0.0,0.0,0.0,0.0,0.0,0.0,0.0,0.0,0.0,0.0,0.0,0.0,0.0,0.0,0.0,0.0,0.0,0.0,0.0,0.0,0.0,0.0,0.0,0.0,0.0,0.0,0.0,0.0,0.0,2.0,0.0,0.0,0.0,3.0,1.0,2.0,2.0,5.0,4.0,5.0,0.0,0.0,0.0,0.0,0.0,0.0,0.0,0.0,0.0,0.0,0.0,0.0,0.0,0.0,0.0,0.0,0.0,0.0,0.0,2.0,0.0,0.0,0.0,5.0,1.0,5.0,4.0,8.0,4.0,7.0
935,1.0,935.0,London_423,newnew,151,453,1092.0,70.0,2.0,131370.0,0.6847110639791936,743.0,77.0,2.0,75.0,140.0,17.0,123.0,31.0,241.0,128.0,15.0,34.0,7.0,19.0,3.0,6.0,12.0,72.0,145.0,224.0,52.0,0.0,0.0,0.0,0.0,0.0,0.0,0.0,0.0,0.0,0.0,0.0,0.0,0.0,0.0,0.0,0.0,0.0,0.0,0.0,0.0,0.0,0.0,0.0,0.0,0.0,0.0,0.0,0.0,1.0,0.0,0.0,1.0,1.0,0.0,0.0,0.0,0.0,0.0,2.0,5.0,0.0,0.0,4.0,5.0,5.0,0.0,5.0,10.0,22.0,16.0,0.0,0.0,0.0,0.0,0.0,0.0,0.0,0.0,7.0,0.0,0.0,6.0,3.0,0.0,0.0,0.0,0.0,0.0,3.0,7.0,0.0,0.0,4.0,7.0,6.0,0.0,6.0,15.0,28.0,20.0
936,1.0,936.0,London_423,newnew,151,453,1092.0,70.0,2.0,132276.0,0.7881455769529566,745.0,87.0,0.0,87.0,144.0,0.0,144.0,140.0,242.0,138.0,11.0,29.0,2.0,15.0,4.0,12.0,13.0,73.0,136.0,231.0,56.0,0.0,0.0,0.0,0.0,0.0,0.0,0.0,0.0,0.0,0.0,0.0,0.0,0.0,0.0,0.0,0.0,0.0,0.0,0.0,0.0,0.0,0.0,0.0,0.0,0.0,0.0,0.0,0.0,0.0,0.0,0.0,0.0,0.0,0.0,0.0,0.0,0.0,0.0,0.0,3.0,4.0,0.0,1.0,12.0,12.0,5.0,17.0,16.0,21.0,11.0,0.0,0.0,0.0,0.0,0.0,0.0,0.0,0.0,0.0,0.0,0.0,0.0,0.0,0.0,0.0,0.0,0.0,0.0,0.0,6.0,4.0,0.0,1.0,18.0,14.0,7.0,21.0,25.0,32.0,13.0
937,1.0,937.0,London_423,newnew,151,453,1092.0,70.0,2.0,135900.0,0.6397551950067282,753.0,84.0,1.0,83.0,156.0,12.0,144.0,144.0,244.0,124.0,10.0,38.0,5.0,17.0,4.0,11.0,8.0,69.0,141.0,235.0,51.0,0.0,0.0,0.0,0.0,0.0,0.0,0.0,0.0,0.0,0.0,0.0,0.0,0.0,0.0,0.0,0.0,0.0,0.0,0.0,0.0,0.0,0.0,0.0,0.0,0.0,0.0,0.0,0.0,0.0,0.0,0.0,0.0,0.0,0.0,0.0,0.0,0.0,0.0,1.0,1.0,1.0,3.0,4.0,14.0,8.0,5.0,19.0,19.0,15.0,12.0,0.0,0.0,0.0,0.0,0.0,0.0,0.0,0.0,0.0,0.0,0.0,0.0,0.0,0.0,0.0,0.0,0.0,0.0,1.0,1.0,1.0,3.0,4.0,19.0,9.0,6.0,24.0,33.0,20.0,17.0
938,1.0,938.0,London_423,newnew,151,453,1092.0,70.0,2.0,134994.0,0.5472437849966809,751.0,3.0,2.0,1.0,17.0,16.0,1.0,156.0,241.0,119.0,13.0,38.0,3.0,28.0,3.0,8.0,4.0,69.0,142.0,238.0,39.0,0.0,0.0,0.0,0.0,0.0,0.0,0.0,0.0,0.0,0.0,0.0,0.0,0.0,0.0,0.0,0.0,0.0,0.0,0.0,0.0,0.0,0.0,0.0,0.0,0.0,0.0,0.0,0.0,1.0,0.0,0.0,1.0,0.0,0.0,2.0,0.0,0.0,0.0,0.0,0.0,0.0,0.0,0.0,0.0,1.0,0.0,0.0,0.0,0.0,0.0,0.0,0.0,0.0,0.0,0.0,0.0,0.0,0.0,3.0,0.0,0.0,5.0,0.0,0.0,4.0,0.0,0.0,0.0,0.0,0.0,0.0,0.0,0.0,0.0,1.0,0.0,0.0,0.0,0.0,0.0
939,1.0,939.0,London_423,newnew,151,453,1092.0,70.0,2.0,173046.0,0.6363748610019684,835.0,53.0,2.0,51.0,101.0,18.0,83.0,17.0,232.0,124.0,13.0,43.0,1.0,27.0,4.0,9.0,3.0,70.0,136.0,244.0,39.0,0.0,0.0,0.0,0.0,0.0,0.0,0.0,0.0,0.0,0.0,0.0,0.0,0.0,0.0,0.0,0.0,0.0,0.0,0.0,0.0,0.0,0.0,0.0,0.0,0.0,0.0,0.0,0.0,0.0,1.0,0.0,1.0,0.0,1.0,1.0,0.0,0.0,0.0,2.0,2.0,4.0,2.0,0.0,8.0,0.0,7.0,4.0,6.0,16.0,10.0,0.0,0.0,0.0,0.0,0.0,0.0,0.0,0.0,0.0,1.0,0.0,4.0,0.0,8.0,2.0,0.0,0.0,0.0,2.0,3.0,4.0,2.0,0.0,15.0,0.0,14.0,4.0,9.0,24.0,14.0
940,1.0,940.0,London_423,newnew,151,453,1092.0,70.0,2.0,190260.0,0.8276629890315235,873.0,134.0,1.0,133.0,238.0,9.0,229.0,101.0,241.0,127.0,7.0,37.0,1.0,29.0,4.0,7.0,2.0,66.0,143.0,242.0,36.0,0.0,0.0,0.0,0.0,0.0,0.0,0.0,0.0,0.0,0.0,0.0,0.0,0.0,0.0,0.0,0.0,0.0,0.0,0.0,0.0,0.0,0.0,0.0,0.0,0.0,0.0,0.0,0.0,0.0,0.0,0.0,0.0,0.0,0.0,0.0,0.0,0.0,0.0,3.0,4.0,1.0,3.0,4.0,22.0,8.0,10.0,5.0,28.0,29.0,18.0,0.0,0.0,0.0,0.0,0.0,0.0,0.0,0.0,0.0,0.0,0.0,0.0,0.0,0.0,0.0,0.0,0.0,0.0,5.0,5.0,1.0,4.0,4.0,30.0,9.0,13.0,5.0,40.0,38.0,21.0
941,1.0,941.0,London_423,newnew,151,453,1092.0,70.0,2.0,175764.0,0.6784432609565556,841.0,72.0,0.0,72.0,132.0,0.0,132.0,238.0,233.0,92.0,17.0,66.0,3.0,32.0,0.0,10.0,9.0,70.0,129.0,245.0,39.0,0.0,0.0,0.0,0.0,0.0,0.0,0.0,0.0,0.0,0.0,0.0,0.0,0.0,0.0,0.0,0.0,0.0,0.0,0.0,0.0,0.0,0.0,0.0,0.0,0.0,0.0,0.0,0.0,0.0,0.0,0.0,0.0,0.0,0.0,0.0,0.0,0.0,0.0,0.0,10.0,3.0,0.0,0.0,8.0,10.0,10.0,5.0,18.0,18.0,17.0,0.0,0.0,0.0,0.0,0.0,0.0,0.0,0.0,0.0,0.0,0.0,0.0,0.0,0.0,0.0,0.0,0.0,0.0,0.0,17.0,4.0,0.0,0.0,15.0,15.0,13.0,5.0,27.0,27.0,22.0
942,1.0,942.0,London_423,newnew,151,453,1092.0,70.0,2.0,184371.0,0.7060139940585941,860.0,82.0,0.0,82.0,135.0,0.0,135.0,132.0,231.0,89.0,21.0,54.0,3.0,45.0,1.0,9.0,9.0,69.0,130.0,245.0,43.0,0.0,0.0,0.0,0.0,0.0,0.0,0.0,0.0,0.0,0.0,0.0,0.0,0.0,0.0,0.0,0.0,0.0,0.0,0.0,0.0,0.0,0.0,0.0,0.0,0.0,0.0,0.0,0.0,0.0,0.0,0.0,0.0,0.0,0.0,0.0,0.0,0.0,0.0,2.0,4.0,11.0,0.0,0.0,10.0,7.0,8.0,7.0,16.0,18.0,18.0,0.0,0.0,0.0,0.0,0.0,0.0,0.0,0.0,0.0,0.0,0.0,0.0,0.0,0.0,0.0,0.0,0.0,0.0,2.0,5.0,13.0,0.0,0.0,16.0,11.0,11.0,10.0,25.0,24.0,20.0
943,1.0,943.0,London_423,newnew,151,453,1092.0,70.0,2.0,192525.0,0.8196130159776658,878.0,144.0,2.0,142.0,266.0,19.0,247.0,135.0,239.0,94.0,15.0,42.0,3.0,50.0,3.0,7.0,11.0,59.0,148.0,235.0,45.0,0.0,0.0,0.0,0.0,0.0,0.0,0.0,0.0,0.0,0.0,0.0,0.0,0.0,0.0,0.0,0.0,0.0,0.0,0.0,0.0,0.0,0.0,0.0,0.0,0.0,0.0,0.0,0.0,0.0,0.0,0.0,1.0,1.0,0.0,2.0,0.0,0.0,0.0,0.0,17.0,0.0,4.0,8.0,9.0,20.0,2.0,4.0,30.0,36.0,29.0,0.0,0.0,0.0,0.0,0.0,0.0,0.0,0.0,0.0,0.0,0.0,8.0,10.0,0.0,3.0,0.0,0.0,0.0,0.0,26.0,0.0,5.0,8.0,14.0,25.0,2.0,7.0,42.0,53.0,29.0
944,1.0,944.0,London_423,newnew,151,453,1092.0,70.0,2.0,167610.0,0.5632313110399991,823.0,103.0,0.0,103.0,172.0,0.0,172.0,266.0,178.0,103.0,18.0,76.0,6.0,64.0,3.0,5.0,10.0,76.0,141.0,226.0,56.0,0.0,0.0,0.0,0.0,0.0,0.0,0.0,0.0,0.0,0.0,0.0,0.0,0.0,0.0,0.0,0.0,0.0,0.0,0.0,0.0,0.0,0.0,0.0,0.0,0.0,0.0,0.0,0.0,0.0,0.0,0.0,0.0,0.0,0.0,0.0,0.0,0.0,0.0,4.0,1.0,0.0,0.0,1.0,6.0,13.0,2.0,4.0,22.0,19.0,22.0,0.0,0.0,0.0,0.0,0.0,0.0,0.0,0.0,0.0,0.0,0.0,0.0,0.0,0.0,0.0,0.0,0.0,0.0,5.0,2.0,0.0,0.0,1.0,9.0,19.0,3.0,5.0,33.0,27.0,30.0
945,1.0,945.0,London_423,newnew,151,453,1092.0,70.0,2.0,156738.0,0.6654232210712507,799.0,110.0,1.0,109.0,198.0,8.0,190.0,172.0,182.0,107.0,15.0,64.0,4.0,77.0,0.0,4.0,11.0,87.0,146.0,209.0,70.0,0.0,0.0,0.0,0.0,0.0,0.0,0.0,0.0,0.0,0.0,0.0,0.0,0.0,0.0,0.0,0.0,0.0,0.0,0.0,0.0,0.0,0.0,0.0,0.0,0.0,0.0,0.0,0.0,0.0,0.0,0.0,0.0,0.0,0.0,1.0,0.0,0.0,0.0,0.0,8.0,0.0,3.0,7.0,10.0,3.0,2.0,7.0,26.0,22.0,20.0,0.0,0.0,0.0,0.0,0.0,0.0,0.0,0.0,0.0,0.0,0.0,0.0,0.0,0.0,3.0,0.0,0.0,0.0,0.0,12.0,0.0,5.0,7.0,12.0,3.0,3.0,8.0,41.0,31.0,24.0
946,1.0,946.0,London_423,newnew,151,453,1092.0,70.0,2.0,142242.0,0.5475631769513711,767.0,89.0,2.0,87.0,173.0,18.0,155.0,198.0,186.0,116.0,12.0,43.0,8.0,77.0,3.0,8.0,10.0,79.0,146.0,218.0,59.0,0.0,0.0,0.0,0.0,0.0,0.0,0.0,0.0,0.0,0.0,0.0,0.0,0.0,0.0,0.0,0.0,0.0,0.0,0.0,0.0,0.0,0.0,0.0,0.0,0.0,0.0,0.0,0.0,0.0,0.0,0.0,1.0,0.0,0.0,1.0,0.0,0.0,0.0,0.0,5.0,0.0,1.0,2.0,7.0,9.0,8.0,10.0,19.0,16.0,20.0,0.0,0.0,0.0,0.0,0.0,0.0,0.0,0.0,0.0,0.0,0.0,4.0,0.0,0.0,2.0,0.0,0.0,0.0,0.0,8.0,0.0,1.0,2.0,12.0,12.0,10.0,14.0,28.0,24.0,25.0
947,1.0,947.0,London_423,newnew,151,453,1092.0,70.0,2.0,138618.0,0.5477500229608268,759.0,63.0,1.0,62.0,118.0,9.0,109.0,173.0,197.0,109.0,9.0,45.0,12.0,71.0,2.0,8.0,7.0,87.0,147.0,212.0,55.0,0.0,0.0,0.0,0.0,0.0,0.0,0.0,0.0,0.0,0.0,0.0,0.0,0.0,0.0,0.0,0.0,0.0,0.0,0.0,0.0,0.0,0.0,0.0,0.0,0.0,0.0,0.0,0.0,0.0,0.0,0.0,0.0,0.0,0.0,0.0,0.0,0.0,0.0,0.0,6.0,0.0,1.0,0.0,6.0,9.0,5.0,5.0,11.0,15.0,11.0,0.0,0.0,0.0,0.0,0.0,0.0,0.0,0.0,0.0,0.0,0.0,0.0,0.0,0.0,0.0,0.0,0.0,0.0,0.0,7.0,0.0,1.0,0.0,10.0,14.0,5.0,8.0,21.0,21.0,17.0
948,1.0,948.0,London_423,newnew,151,453,1092.0,70.0,2.0,154020.0,0.5232284920057282,793.0,33.0,0.0,33.0,57.0,0.0,57.0,118.0,192.0,111.0,8.0,40.0,15.0,76.0,1.0,10.0,7.0,80.0,147.0,219.0,54.0,0.0,0.0,0.0,0.0,0.0,0.0,0.0,0.0,0.0,0.0,0.0,0.0,0.0,0.0,0.0,0.0,0.0,0.0,0.0,0.0,0.0,0.0,0.0,0.0,0.0,0.0,0.0,0.0,0.0,0.0,0.0,0.0,0.0,0.0,0.0,0.0,0.0,0.0,0.0,2.0,0.0,0.0,0.0,4.0,1.0,1.0,3.0,6.0,6.0,8.0,0.0,0.0,0.0,0.0,0.0,0.0,0.0,0.0,0.0,0.0,0.0,0.0,0.0,0.0,0.0,0.0,0.0,0.0,0.0,2.0,0.0,0.0,0.0,4.0,1.0,1.0,6.0,7.0,9.0,9.0
949,1.0,949.0,London_423,newnew,151,453,1092.0,70.0,2.0,189354.0,0.7320814450504258,871.0,124.0,0.0,124.0,211.0,0.0,211.0,57.0,197.0,116.0,6.0,26.0,15.0,81.0,1.0,11.0,8.0,74.0,149.0,222.0,57.0,0.0,0.0,0.0,0.0,0.0,0.0,0.0,0.0,0.0,0.0,0.0,0.0,0.0,0.0,0.0,0.0,0.0,0.0,0.0,0.0,0.0,0.0,0.0,0.0,0.0,0.0,0.0,0.0,0.0,0.0,0.0,0.0,0.0,0.0,0.0,0.0,0.0,0.0,1.0,4.0,4.0,0.0,1.0,6.0,7.0,5.0,11.0,20.0,39.0,21.0,0.0,0.0,0.0,0.0,0.0,0.0,0.0,0.0,0.0,0.0,0.0,0.0,0.0,0.0,0.0,0.0,0.0,0.0,1.0,4.0,4.0,0.0,1.0,8.0,9.0,6.0,14.0,29.0,54.0,25.0
950,1.0,950.0,London_423,newnew,151,453,1092.0,70.0,2.0,168516.0,0.5535936499945819,825.0,152.0,2.0,150.0,279.0,19.0,260.0,211.0,181.0,84.0,17.0,55.0,16.0,86.0,1.0,13.0,6.0,83.0,153.0,211.0,55.0,0.0,0.0,0.0,0.0,0.0,0.0,0.0,0.0,0.0,0.0,0.0,0.0,0.0,0.0,0.0,0.0,0.0,0.0,0.0,0.0,0.0,0.0,0.0,0.0,0.0,0.0,0.0,0.0,1.0,0.0,0.0,0.0,0.0,0.0,1.0,0.0,0.0,0.0,6.0,17.0,0.0,1.0,0.0,17.0,15.0,8.0,2.0,33.0,28.0,23.0,0.0,0.0,0.0,0.0,0.0,0.0,0.0,0.0,2.0,0.0,0.0,0.0,0.0,0.0,1.0,0.0,0.0,0.0,6.0,27.0,0.0,1.0,0.0,27.0,20.0,10.0,2.0,48.0,41.0,26.0
951,1.0,951.0,London_423,newnew,151,453,1092.0,70.0,2.0,137259.0,0.308199243969284,756.0,11.0,1.0,10.0,26.0,9.0,17.0,279.0,158.0,102.0,19.0,79.0,20.0,62.0,4.0,9.0,5.0,77.0,144.0,227.0,41.0,0.0,0.0,0.0,0.0,0.0,0.0,0.0,0.0,0.0,0.0,0.0,0.0,0.0,0.0,0.0,0.0,0.0,0.0,0.0,0.0,0.0,0.0,0.0,0.0,0.0,0.0,0.0,0.0,1.0,0.0,0.0,0.0,0.0,0.0,0.0,0.0,0.0,0.0,0.0,0.0,0.0,0.0,0.0,2.0,0.0,1.0,0.0,2.0,3.0,2.0,0.0,0.0,0.0,0.0,0.0,0.0,0.0,0.0,1.0,0.0,0.0,0.0,0.0,0.0,0.0,0.0,0.0,0.0,0.0,0.0,0.0,0.0,0.0,3.0,0.0,1.0,0.0,4.0,3.0,3.0
952,1.0,952.0,London_423,newnew,151,453,1092.0,70.0,2.0,164892.0,0.5747643819777295,817.0,109.0,2.0,107.0,193.0,19.0,174.0,26.0,153.0,111.0,18.0,75.0,20.0,62.0,5.0,9.0,3.0,80.0,142.0,228.0,42.0,0.0,0.0,0.0,0.0,0.0,0.0,0.0,0.0,0.0,0.0,0.0,0.0,0.0,0.0,0.0,0.0,0.0,0.0,0.0,0.0,0.0,0.0,0.0,0.0,0.0,0.0,0.0,0.0,0.0,0.0,0.0,1.0,0.0,0.0,0.0,0.0,0.0,0.0,12.0,9.0,0.0,2.0,1.0,8.0,4.0,11.0,1.0,18.0,28.0,10.0,0.0,0.0,0.0,0.0,0.0,0.0,0.0,0.0,0.0,0.0,0.0,5.0,0.0,0.0,0.0,0.0,0.0,0.0,15.0,9.0,0.0,2.0,1.0,11.0,5.0,13.0,1.0,29.0,37.0,11.0
953,1.0,953.0,London_423,newnew,151,453,1092.0,70.0,2.0,150849.0,0.49431234400253743,786.0,4.0,2.0,2.0,20.0,16.0,4.0,193.0,168.0,111.0,26.0,53.0,22.0,59.0,6.0,8.0,1.0,86.0,147.0,219.0,44.0,0.0,0.0,0.0,0.0,0.0,0.0,0.0,0.0,0.0,0.0,0.0,0.0,0.0,0.0,0.0,0.0,0.0,0.0,0.0,0.0,0.0,0.0,0.0,0.0,0.0,0.0,0.0,0.0,0.0,0.0,0.0,1.0,0.0,1.0,2.0,0.0,0.0,0.0,0.0,0.0,0.0,0.0,0.0,0.0,0.0,0.0,1.0,1.0,0.0,1.0,0.0,0.0,0.0,0.0,0.0,0.0,0.0,0.0,0.0,0.0,0.0,5.0,0.0,6.0,9.0,0.0,0.0,0.0,0.0,0.0,0.0,0.0,0.0,0.0,0.0,0.0,1.0,2.0,0.0,2.0
954,1.0,954.0,London_423,newnew,151,453,1092.0,70.0,2.0,193431.0,0.9177071240264922,880.0,171.0,2.0,169.0,311.0,18.0,293.0,20.0,168.0,118.0,20.0,51.0,22.0,59.0,7.0,8.0,0.0,91.0,137.0,225.0,40.0,0.0,0.0,0.0,0.0,0.0,0.0,0.0,0.0,0.0,0.0,0.0,0.0,0.0,0.0,0.0,0.0,0.0,0.0,0.0,0.0,0.0,0.0,0.0,0.0,0.0,0.0,0.0,0.0,0.0,0.0,0.0,1.0,0.0,0.0,2.0,0.0,0.0,0.0,1.0,6.0,0.0,0.0,8.0,12.0,6.0,1.0,9.0,27.0,42.0,30.0,0.0,0.0,0.0,0.0,0.0,0.0,0.0,0.0,0.0,0.0,0.0,4.0,0.0,0.0,7.0,0.0,0.0,0.0,1.0,7.0,0.0,0.0,8.0,13.0,7.0,1.0,12.0,37.0,56.0,35.0
955,1.0,955.0,London_423,newnew,151,453,1092.0,70.0,2.0,156738.0,0.44193090905901045,799.0,135.0,0.0,135.0,238.0,0.0,238.0,311.0,140.0,120.0,22.0,79.0,21.0,57.0,3.0,11.0,3.0,75.0,127.0,248.0,40.0,0.0,0.0,0.0,0.0,0.0,0.0,0.0,0.0,0.0,0.0,0.0,0.0,0.0,0.0,0.0,0.0,0.0,0.0,0.0,0.0,0.0,0.0,0.0,0.0,0.0,0.0,0.0,0.0,0.0,0.0,0.0,0.0,0.0,0.0,0.0,0.0,0.0,0.0,6.0,4.0,1.0,1.0,1.0,12.0,10.0,5.0,13.0,21.0,35.0,26.0,0.0,0.0,0.0,0.0,0.0,0.0,0.0,0.0,0.0,0.0,0.0,0.0,0.0,0.0,0.0,0.0,0.0,0.0,10.0,5.0,1.0,2.0,1.0,17.0,14.0,6.0,19.0,33.0,56.0,32.0
956,1.0,956.0,London_423,newnew,151,453,1092.0,70.0,2.0,134541.0,0.3632250960217789,750.0,10.0,0.0,10.0,19.0,0.0,19.0,238.0,138.0,98.0,15.0,101.0,24.0,64.0,4.0,9.0,6.0,79.0,126.0,242.0,59.0,0.0,0.0,0.0,0.0,0.0,0.0,0.0,0.0,0.0,0.0,0.0,0.0,0.0,0.0,0.0,0.0,0.0,0.0,0.0,0.0,0.0,0.0,0.0,0.0,0.0,0.0,0.0,0.0,0.0,0.0,0.0,0.0,0.0,0.0,0.0,0.0,0.0,0.0,0.0,0.0,0.0,0.0,0.0,1.0,1.0,0.0,1.0,3.0,3.0,3.0,0.0,0.0,0.0,0.0,0.0,0.0,0.0,0.0,0.0,0.0,0.0,0.0,0.0,0.0,0.0,0.0,0.0,0.0,0.0,0.0,0.0,0.0,0.0,1.0,2.0,0.0,1.0,5.0,4.0,3.0
957,1.0,957.0,London_423,newnew,151,453,1092.0,70.0,2.0,160362.0,0.5236296580405906,807.0,136.0,1.0,135.0,248.0,10.0,238.0,19.0,141.0,94.0,14.0,105.0,24.0,62.0,4.0,9.0,6.0,80.0,130.0,237.0,60.0,0.0,0.0,0.0,0.0,0.0,0.0,0.0,0.0,0.0,0.0,0.0,0.0,0.0,0.0,0.0,0.0,0.0,0.0,0.0,0.0,0.0,0.0,0.0,0.0,0.0,0.0,0.0,0.0,0.0,1.0,0.0,1.0,0.0,0.0,1.0,0.0,0.0,0.0,4.0,10.0,7.0,2.0,1.0,12.0,11.0,6.0,24.0,23.0,36.0,17.0,0.0,0.0,0.0,0.0,0.0,0.0,0.0,0.0,0.0,4.0,0.0,6.0,0.0,0.0,5.0,0.0,0.0,0.0,5.0,19.0,8.0,2.0,1.0,15.0,15.0,9.0,31.0,36.0,59.0,20.0
958,1.0,958.0,London_423,newnew,151,453,1092.0,70.0,2.0,130917.0,0.31429125799331814,742.0,22.0,0.0,22.0,34.0,0.0,34.0,248.0,140.0,97.0,16.0,105.0,28.0,50.0,4.0,13.0,8.0,68.0,155.0,222.0,45.0,0.0,0.0,0.0,0.0,0.0,0.0,0.0,0.0,0.0,0.0,0.0,0.0,0.0,0.0,0.0,0.0,0.0,0.0,0.0,0.0,0.0,0.0,0.0,0.0,0.0,0.0,0.0,0.0,0.0,0.0,0.0,0.0,0.0,0.0,0.0,0.0,0.0,0.0,0.0,1.0,0.0,0.0,1.0,4.0,4.0,0.0,4.0,4.0,7.0,7.0,0.0,0.0,0.0,0.0,0.0,0.0,0.0,0.0,0.0,0.0,0.0,0.0,0.0,0.0,0.0,0.0,0.0,0.0,0.0,1.0,0.0,0.0,1.0,5.0,5.0,0.0,5.0,7.0,7.0,8.0
959,1.0,959.0,London_423,newnew,151,453,1092.0,70.0,2.0,152661.0,0.4226869409903884,790.0,82.0,2.0,80.0,153.0,18.0,135.0,34.0,142.0,100.0,21.0,100.0,27.0,48.0,4.0,11.0,9.0,69.0,159.0,216.0,50.0,0.0,0.0,0.0,0.0,0.0,0.0,0.0,0.0,0.0,0.0,0.0,0.0,0.0,0.0,0.0,0.0,0.0,0.0,0.0,0.0,0.0,0.0,0.0,0.0,0.0,0.0,0.0,0.0,2.0,0.0,0.0,1.0,1.0,0.0,1.0,0.0,0.0,0.0,3.0,4.0,0.0,0.0,0.0,4.0,4.0,2.0,14.0,14.0,20.0,14.0,0.0,0.0,0.0,0.0,0.0,0.0,0.0,0.0,6.0,0.0,0.0,5.0,7.0,0.0,7.0,0.0,0.0,0.0,4.0,6.0,0.0,0.0,0.0,8.0,8.0,3.0,21.0,20.0,31.0,19.0
960,1.0,960.0,London_423,newnew,151,453,1092.0,70.0,2.0,156738.0,0.48604412097483873,799.0,97.0,1.0,96.0,176.0,9.0,167.0,153.0,161.0,109.0,8.0,95.0,22.0,39.0,6.0,13.0,13.0,77.0,158.0,205.0,56.0,0.0,0.0,0.0,0.0,0.0,0.0,0.0,0.0,0.0,0.0,0.0,0.0,0.0,0.0,0.0,0.0,0.0,0.0,0.0,0.0,0.0,0.0,0.0,0.0,0.0,0.0,0.0,0.0,0.0,0.0,0.0,0.0,0.0,0.0,0.0,0.0,0.0,0.0,3.0,7.0,0.0,0.0,0.0,10.0,5.0,1.0,10.0,25.0,19.0,22.0,0.0,0.0,0.0,0.0,0.0,0.0,0.0,0.0,0.0,0.0,0.0,0.0,0.0,0.0,0.0,0.0,0.0,0.0,3.0,7.0,0.0,0.0,0.0,17.0,7.0,2.0,13.0,36.0,29.0,24.0
961,1.0,961.0,London_423,newnew,151,453,1092.0,70.0,2.0,146772.0,0.5487814670195803,777.0,120.0,0.0,120.0,219.0,0.0,219.0,176.0,161.0,103.0,8.0,89.0,26.0,47.0,5.0,14.0,9.0,82.0,147.0,215.0,60.0,0.0,0.0,0.0,0.0,0.0,0.0,0.0,0.0,0.0,0.0,0.0,0.0,0.0,0.0,0.0,0.0,0.0,0.0,0.0,0.0,0.0,0.0,0.0,0.0,0.0,0.0,0.0,0.0,0.0,0.0,0.0,0.0,0.0,0.0,0.0,0.0,0.0,0.0,10.0,14.0,0.0,4.0,1.0,11.0,6.0,10.0,20.0,22.0,28.0,18.0,0.0,0.0,0.0,0.0,0.0,0.0,0.0,0.0,0.0,0.0,0.0,0.0,0.0,0.0,0.0,0.0,0.0,0.0,11.0,19.0,0.0,5.0,1.0,19.0,8.0,18.0,24.0,35.0,38.0,28.0
962,1.0,962.0,London_423,newnew,151,453,1092.0,70.0,2.0,127746.0,0.34849511994980276,735.0,63.0,0.0,63.0,113.0,0.0,113.0,219.0,171.0,91.0,11.0,72.0,32.0,55.0,3.0,18.0,5.0,71.0,153.0,224.0,46.0,0.0,0.0,0.0,0.0,0.0,0.0,0.0,0.0,0.0,0.0,0.0,0.0,0.0,0.0,0.0,0.0,0.0,0.0,0.0,0.0,0.0,0.0,0.0,0.0,0.0,0.0,0.0,0.0,0.0,0.0,0.0,0.0,0.0,0.0,0.0,0.0,0.0,0.0,4.0,2.0,2.0,0.0,0.0,10.0,7.0,5.0,16.0,16.0,11.0,15.0,0.0,0.0,0.0,0.0,0.0,0.0,0.0,0.0,0.0,0.0,0.0,0.0,0.0,0.0,0.0,0.0,0.0,0.0,4.0,4.0,3.0,0.0,0.0,12.0,10.0,6.0,23.0,25.0,18.0,18.0
963,1.0,963.0,London_423,newnew,151,453,1092.0,70.0,2.0,140883.0,0.4397037080489099,764.0,35.0,2.0,33.0,75.0,19.0,56.0,113.0,166.0,104.0,9.0,72.0,28.0,59.0,0.0,15.0,7.0,68.0,160.0,218.0,58.0,0.0,0.0,0.0,0.0,0.0,0.0,0.0,0.0,0.0,0.0,0.0,0.0,0.0,0.0,0.0,0.0,0.0,0.0,0.0,0.0,0.0,0.0,0.0,0.0,0.0,0.0,0.0,0.0,1.0,0.0,0.0,1.0,0.0,1.0,2.0,0.0,0.0,0.0,1.0,1.0,0.0,0.0,0.0,1.0,3.0,4.0,3.0,7.0,10.0,13.0,0.0,0.0,0.0,0.0,0.0,0.0,0.0,0.0,3.0,0.0,0.0,5.0,0.0,7.0,6.0,0.0,0.0,0.0,1.0,1.0,0.0,0.0,0.0,2.0,5.0,6.0,4.0,9.0,14.0,15.0
964,1.0,964.0,London_423,newnew,151,453,1092.0,70.0,2.0,163986.0,0.6496516070328653,815.0,59.0,0.0,59.0,109.0,0.0,109.0,75.0,175.0,101.0,15.0,61.0,20.0,66.0,0.0,15.0,6.0,78.0,140.0,229.0,50.0,0.0,0.0,0.0,0.0,0.0,0.0,0.0,0.0,0.0,0.0,0.0,0.0,0.0,0.0,0.0,0.0,0.0,0.0,0.0,0.0,0.0,0.0,0.0,0.0,0.0,0.0,0.0,0.0,0.0,0.0,0.0,0.0,0.0,0.0,0.0,0.0,0.0,0.0,3.0,3.0,0.0,2.0,0.0,11.0,4.0,3.0,4.0,15.0,10.0,14.0,0.0,0.0,0.0,0.0,0.0,0.0,0.0,0.0,0.0,0.0,0.0,0.0,0.0,0.0,0.0,0.0,0.0,0.0,4.0,6.0,0.0,4.0,0.0,16.0,5.0,6.0,5.0,28.0,16.0,22.0
965,1.0,965.0,London_423,newnew,151,453,1092.0,70.0,2.0,184824.0,0.861059064976871,861.0,121.0,2.0,119.0,216.0,16.0,200.0,109.0,181.0,106.0,20.0,62.0,22.0,55.0,0.0,7.0,7.0,79.0,145.0,222.0,61.0,0.0,0.0,0.0,0.0,0.0,0.0,0.0,0.0,0.0,0.0,0.0,0.0,0.0,0.0,0.0,0.0,0.0,0.0,0.0,0.0,0.0,0.0,0.0,0.0,0.0,0.0,0.0,0.0,1.0,0.0,0.0,0.0,0.0,2.0,2.0,0.0,0.0,0.0,6.0,4.0,0.0,4.0,7.0,17.0,6.0,13.0,12.0,23.0,23.0,23.0,0.0,0.0,0.0,0.0,0.0,0.0,0.0,0.0,1.0,0.0,0.0,0.0,0.0,15.0,3.0,0.0,0.0,0.0,10.0,5.0,0.0,7.0,7.0,24.0,12.0,18.0,16.0,31.0,30.0,32.0
966,1.0,966.0,London_423,newnew,151,453,1092.0,70.0,2.0,165345.0,0.7353520710021257,818.0,115.0,1.0,114.0,204.0,9.0,195.0,216.0,197.0,105.0,12.0,73.0,18.0,41.0,0.0,7.0,8.0,76.0,144.0,225.0,50.0,0.0,0.0,0.0,0.0,0.0,0.0,0.0,0.0,0.0,0.0,0.0,0.0,0.0,0.0,0.0,0.0,0.0,0.0,0.0,0.0,0.0,0.0,0.0,0.0,0.0,0.0,0.0,0.0,1.0,0.0,0.0,0.0,0.0,0.0,0.0,0.0,0.0,0.0,6.0,5.0,1.0,3.0,1.0,10.0,5.0,19.0,12.0,20.0,20.0,19.0,0.0,0.0,0.0,0.0,0.0,0.0,0.0,0.0,3.0,0.0,0.0,0.0,0.0,0.0,0.0,0.0,0.0,0.0,10.0,5.0,2.0,4.0,1.0,18.0,7.0,21.0,18.0,27.0,29.0,25.0
967,1.0,967.0,London_423,newnew,151,453,1092.0,70.0,2.0,145866.0,0.6909910870017484,775.0,76.0,2.0,74.0,157.0,18.0,139.0,204.0,217.0,97.0,14.0,67.0,22.0,29.0,3.0,4.0,7.0,74.0,160.0,212.0,46.0,0.0,0.0,0.0,0.0,0.0,0.0,0.0,0.0,0.0,0.0,0.0,0.0,0.0,0.0,0.0,0.0,0.0,0.0,0.0,0.0,0.0,0.0,0.0,0.0,0.0,0.0,0.0,0.0,2.0,0.0,0.0,1.0,1.0,0.0,0.0,0.0,0.0,0.0,8.0,9.0,1.0,1.0,0.0,6.0,9.0,7.0,9.0,19.0,19.0,9.0,0.0,0.0,0.0,0.0,0.0,0.0,0.0,0.0,6.0,0.0,0.0,3.0,8.0,0.0,0.0,0.0,0.0,0.0,9.0,10.0,1.0,2.0,0.0,8.0,11.0,11.0,15.0,28.0,31.0,11.0
968,1.0,968.0,London_423,newnew,151,453,1092.0,70.0,2.0,141789.0,0.6944726139772683,766.0,99.0,2.0,97.0,180.0,17.0,163.0,157.0,229.0,107.0,18.0,43.0,20.0,30.0,1.0,5.0,6.0,79.0,154.0,214.0,45.0,0.0,0.0,0.0,0.0,0.0,0.0,0.0,0.0,0.0,0.0,0.0,0.0,0.0,0.0,0.0,0.0,0.0,0.0,0.0,0.0,0.0,0.0,0.0,0.0,0.0,0.0,0.0,0.0,1.0,0.0,0.0,1.0,0.0,0.0,2.0,0.0,0.0,0.0,3.0,1.0,2.0,0.0,1.0,9.0,8.0,5.0,14.0,23.0,10.0,18.0,0.0,0.0,0.0,0.0,0.0,0.0,0.0,0.0,5.0,0.0,0.0,3.0,0.0,0.0,6.0,0.0,0.0,0.0,3.0,1.0,2.0,0.0,1.0,11.0,11.0,5.0,16.0,35.0,15.0,23.0
969,1.0,969.0,London_423,newnew,151,453,1092.0,70.0,2.0,128199.0,0.583538040984422,736.0,97.0,0.0,97.0,172.0,0.0,172.0,180.0,244.0,97.0,15.0,40.0,20.0,31.0,1.0,5.0,3.0,70.0,159.0,221.0,36.0,0.0,0.0,0.0,0.0,0.0,0.0,0.0,0.0,0.0,0.0,0.0,0.0,0.0,0.0,0.0,0.0,0.0,0.0,0.0,0.0,0.0,0.0,0.0,0.0,0.0,0.0,0.0,0.0,0.0,0.0,0.0,0.0,0.0,0.0,0.0,0.0,0.0,0.0,0.0,6.0,2.0,3.0,0.0,5.0,7.0,5.0,10.0,15.0,27.0,17.0,0.0,0.0,0.0,0.0,0.0,0.0,0.0,0.0,0.0,0.0,0.0,0.0,0.0,0.0,0.0,0.0,0.0,0.0,0.0,9.0,2.0,5.0,0.0,5.0,10.0,9.0,13.0,23.0,39.0,20.0
970,1.0,970.0,London_423,newnew,151,453,1092.0,70.0,2.0,119592.0,0.44026387098710984,717.0,44.0,2.0,42.0,88.0,19.0,69.0,172.0,254.0,82.0,9.0,49.0,18.0,39.0,0.0,2.0,3.0,72.0,167.0,211.0,39.0,0.0,0.0,0.0,0.0,0.0,0.0,0.0,0.0,0.0,0.0,0.0,0.0,0.0,0.0,0.0,0.0,0.0,0.0,0.0,0.0,0.0,0.0,0.0,0.0,0.0,0.0,0.0,0.0,2.0,0.0,0.0,2.0,1.0,0.0,1.0,0.0,0.0,0.0,2.0,2.0,0.0,1.0,0.0,8.0,5.0,2.0,9.0,8.0,9.0,16.0,0.0,0.0,0.0,0.0,0.0,0.0,0.0,0.0,3.0,0.0,0.0,12.0,8.0,0.0,5.0,0.0,0.0,0.0,2.0,3.0,0.0,1.0,0.0,12.0,7.0,2.0,10.0,9.0,13.0,19.0
971,1.0,971.0,London_423,newnew,151,453,1092.0,70.0,2.0,139977.0,0.5523442870471627,762.0,80.0,0.0,80.0,140.0,0.0,140.0,88.0,251.0,105.0,7.0,46.0,11.0,27.0,1.0,5.0,5.0,76.0,158.0,214.0,49.0,0.0,0.0,0.0,0.0,0.0,0.0,0.0,0.0,0.0,0.0,0.0,0.0,0.0,0.0,0.0,0.0,0.0,0.0,0.0,0.0,0.0,0.0,0.0,0.0,0.0,0.0,0.0,0.0,0.0,0.0,0.0,0.0,0.0,0.0,0.0,0.0,0.0,0.0,4.0,5.0,0.0,1.0,0.0,3.0,7.0,0.0,10.0,20.0,15.0,20.0,0.0,0.0,0.0,0.0,0.0,0.0,0.0,0.0,0.0,0.0,0.0,0.0,0.0,0.0,0.0,0.0,0.0,0.0,4.0,9.0,0.0,1.0,0.0,4.0,9.0,0.0,12.0,26.0,21.0,27.0
972,1.0,972.0,London_423,newnew,151,453,1092.0,70.0,2.0,138618.0,0.5480350980069488,759.0,70.0,0.0,70.0,121.0,0.0,121.0,140.0,252.0,93.0,7.0,50.0,18.0,32.0,0.0,1.0,9.0,77.0,165.0,202.0,43.0,0.0,0.0,0.0,0.0,0.0,0.0,0.0,0.0,0.0,0.0,0.0,0.0,0.0,0.0,0.0,0.0,0.0,0.0,0.0,0.0,0.0,0.0,0.0,0.0,0.0,0.0,0.0,0.0,0.0,0.0,0.0,0.0,0.0,0.0,0.0,0.0,0.0,0.0,4.0,3.0,2.0,2.0,0.0,5.0,5.0,7.0,13.0,11.0,20.0,16.0,0.0,0.0,0.0,0.0,0.0,0.0,0.0,0.0,0.0,0.0,0.0,0.0,0.0,0.0,0.0,0.0,0.0,0.0,5.0,3.0,2.0,3.0,0.0,7.0,9.0,11.0,16.0,19.0,25.0,22.0
973,1.0,973.0,London_423,newnew,151,453,1092.0,70.0,2.0,148584.0,0.5469126510433853,781.0,19.0,2.0,17.0,46.0,18.0,28.0,121.0,267.0,91.0,11.0,34.0,15.0,32.0,0.0,3.0,7.0,82.0,170.0,194.0,40.0,0.0,0.0,0.0,0.0,0.0,0.0,0.0,0.0,0.0,0.0,0.0,0.0,0.0,0.0,0.0,0.0,0.0,0.0,0.0,0.0,0.0,0.0,0.0,0.0,0.0,0.0,0.0,0.0,1.0,0.0,0.0,1.0,0.0,1.0,2.0,0.0,0.0,0.0,2.0,0.0,0.0,0.0,0.0,2.0,3.0,1.0,1.0,3.0,4.0,5.0,0.0,0.0,0.0,0.0,0.0,0.0,0.0,0.0,3.0,0.0,0.0,5.0,0.0,7.0,9.0,0.0,0.0,0.0,2.0,0.0,0.0,0.0,0.0,2.0,5.0,2.0,2.0,4.0,5.0,9.0
974,1.0,974.0,London_423,newnew,151,453,1092.0,70.0,2.0,182106.0,0.936349465046078,855.0,103.0,0.0,103.0,187.0,0.0,187.0,46.0,276.0,91.0,10.0,39.0,12.0,24.0,0.0,1.0,7.0,80.0,175.0,191.0,35.0,0.0,0.0,0.0,0.0,0.0,0.0,0.0,0.0,0.0,0.0,0.0,0.0,0.0,0.0,0.0,0.0,0.0,0.0,0.0,0.0,0.0,0.0,0.0,0.0,0.0,0.0,0.0,0.0,0.0,0.0,0.0,0.0,0.0,0.0,0.0,0.0,0.0,0.0,3.0,4.0,0.0,2.0,1.0,9.0,4.0,2.0,9.0,17.0,26.0,13.0,0.0,0.0,0.0,0.0,0.0,0.0,0.0,0.0,0.0,0.0,0.0,0.0,0.0,0.0,0.0,0.0,0.0,0.0,3.0,4.0,0.0,4.0,1.0,10.0,5.0,3.0,11.0,25.0,41.0,19.0
975,1.0,975.0,London_423,newnew,151,453,1092.0,70.0,2.0,176217.0,0.6942437459947541,842.0,105.0,1.0,104.0,187.0,9.0,178.0,187.0,274.0,66.0,10.0,67.0,13.0,19.0,1.0,3.0,6.0,78.0,147.0,222.0,29.0,0.0,0.0,0.0,0.0,0.0,0.0,0.0,0.0,0.0,0.0,0.0,0.0,0.0,0.0,0.0,0.0,0.0,0.0,0.0,0.0,0.0,0.0,0.0,0.0,0.0,0.0,0.0,0.0,1.0,0.0,0.0,1.0,0.0,1.0,1.0,0.0,0.0,0.0,2.0,5.0,1.0,1.0,2.0,7.0,13.0,3.0,10.0,19.0,26.0,28.0,0.0,0.0,0.0,0.0,0.0,0.0,0.0,0.0,6.0,0.0,0.0,4.0,0.0,5.0,4.0,0.0,0.0,0.0,3.0,6.0,1.0,1.0,2.0,8.0,20.0,3.0,13.0,28.0,34.0,33.0
976,1.0,976.0,London_423,newnew,151,453,1092.0,70.0,2.0,160815.0,0.7588479550322518,808.0,104.0,0.0,104.0,181.0,0.0,181.0,187.0,272.0,73.0,10.0,64.0,12.0,19.0,0.0,3.0,7.0,75.0,164.0,207.0,36.0,0.0,0.0,0.0,0.0,0.0,0.0,0.0,0.0,0.0,0.0,0.0,0.0,0.0,0.0,0.0,0.0,0.0,0.0,0.0,0.0,0.0,0.0,0.0,0.0,0.0,0.0,0.0,0.0,0.0,0.0,0.0,0.0,0.0,0.0,0.0,0.0,0.0,0.0,4.0,9.0,1.0,3.0,8.0,11.0,16.0,6.0,22.0,19.0,32.0,21.0,0.0,0.0,0.0,0.0,0.0,0.0,0.0,0.0,0.0,0.0,0.0,0.0,0.0,0.0,0.0,0.0,0.0,0.0,5.0,14.0,1.0,3.0,10.0,15.0,22.0,7.0,31.0,33.0,49.0,25.0
977,1.0,977.0,London_423,newnew,151,453,1092.0,70.0,2.0,155379.0,0.8573758950224146,796.0,149.0,2.0,147.0,287.0,17.0,270.0,181.0,277.0,67.0,14.0,52.0,13.0,22.0,1.0,7.0,9.0,87.0,164.0,193.0,29.0,0.0,0.0,0.0,0.0,0.0,0.0,0.0,0.0,0.0,0.0,0.0,0.0,0.0,0.0,0.0,0.0,0.0,0.0,0.0,0.0,0.0,0.0,0.0,0.0,0.0,0.0,0.0,0.0,0.0,0.0,0.0,0.0,1.0,0.0,0.0,0.0,0.0,0.0,2.0,13.0,0.0,4.0,9.0,8.0,9.0,1.0,14.0,26.0,43.0,17.0,0.0,0.0,0.0,0.0,0.0,0.0,0.0,0.0,0.0,0.0,0.0,0.0,7.0,0.0,0.0,0.0,0.0,0.0,2.0,15.0,0.0,6.0,12.0,11.0,13.0,2.0,21.0,35.0,69.0,19.0
978,1.0,978.0,London_423,newnew,151,453,1092.0,70.0,2.0,131370.0,0.44719615497160703,743.0,87.0,0.0,87.0,145.0,0.0,145.0,287.0,205.0,110.0,16.0,82.0,9.0,20.0,3.0,8.0,8.0,79.0,149.0,217.0,31.0,0.0,0.0,0.0,0.0,0.0,0.0,0.0,0.0,0.0,0.0,0.0,0.0,0.0,0.0,0.0,0.0,0.0,0.0,0.0,0.0,0.0,0.0,0.0,0.0,0.0,0.0,0.0,0.0,0.0,0.0,0.0,0.0,0.0,0.0,0.0,0.0,0.0,0.0,2.0,0.0,3.0,2.0,1.0,15.0,2.0,2.0,9.0,14.0,16.0,22.0,0.0,0.0,0.0,0.0,0.0,0.0,0.0,0.0,0.0,0.0,0.0,0.0,0.0,0.0,0.0,0.0,0.0,0.0,2.0,0.0,4.0,2.0,1.0,21.0,2.0,2.0,10.0,21.0,19.0,29.0
979,1.0,979.0,London_423,newnew,151,453,1092.0,70.0,2.0,131370.0,0.38490990502759814,743.0,6.0,1.0,5.0,22.0,12.0,10.0,145.0,200.0,132.0,18.0,59.0,9.0,20.0,3.0,12.0,11.0,78.0,157.0,207.0,40.0,0.0,0.0,0.0,0.0,0.0,0.0,0.0,0.0,0.0,0.0,0.0,0.0,0.0,0.0,0.0,0.0,0.0,0.0,0.0,0.0,0.0,0.0,0.0,0.0,0.0,0.0,0.0,0.0,1.0,0.0,0.0,1.0,0.0,0.0,0.0,0.0,0.0,0.0,1.0,0.0,0.0,0.0,0.0,1.0,0.0,1.0,1.0,1.0,0.0,2.0,0.0,0.0,0.0,0.0,0.0,0.0,0.0,0.0,6.0,0.0,0.0,7.0,0.0,0.0,0.0,0.0,0.0,0.0,1.0,0.0,0.0,0.0,0.0,2.0,0.0,2.0,1.0,3.0,0.0,2.0
980,1.0,980.0,London_423,newnew,151,453,1092.0,70.0,2.0,168063.0,0.6774059180170298,824.0,80.0,2.0,78.0,148.0,16.0,132.0,22.0,204.0,133.0,20.0,63.0,2.0,16.0,3.0,12.0,9.0,80.0,156.0,208.0,35.0,0.0,0.0,0.0,0.0,0.0,0.0,0.0,0.0,0.0,0.0,0.0,0.0,0.0,0.0,0.0,0.0,0.0,0.0,0.0,0.0,0.0,0.0,0.0,0.0,0.0,0.0,0.0,0.0,1.0,0.0,0.0,1.0,0.0,0.0,2.0,0.0,0.0,0.0,1.0,2.0,2.0,1.0,1.0,4.0,5.0,6.0,9.0,10.0,19.0,9.0,0.0,0.0,0.0,0.0,0.0,0.0,0.0,0.0,5.0,0.0,0.0,1.0,0.0,0.0,6.0,0.0,0.0,0.0,1.0,5.0,2.0,1.0,1.0,5.0,6.0,9.0,11.0,16.0,29.0,13.0
981,1.0,981.0,London_423,newnew,151,453,1092.0,70.0,2.0,175764.0,0.7729555499972776,841.0,80.0,2.0,78.0,152.0,18.0,134.0,148.0,203.0,135.0,29.0,60.0,5.0,14.0,4.0,3.0,12.0,80.0,135.0,226.0,38.0,0.0,0.0,0.0,0.0,0.0,0.0,0.0,0.0,0.0,0.0,0.0,0.0,0.0,0.0,0.0,0.0,0.0,0.0,0.0,0.0,0.0,0.0,0.0,0.0,0.0,0.0,0.0,0.0,1.0,1.0,0.0,1.0,0.0,1.0,1.0,0.0,0.0,0.0,2.0,0.0,0.0,1.0,5.0,13.0,7.0,6.0,12.0,9.0,18.0,12.0,0.0,0.0,0.0,0.0,0.0,0.0,0.0,0.0,1.0,6.0,0.0,3.0,0.0,7.0,5.0,0.0,0.0,0.0,3.0,0.0,0.0,1.0,6.0,17.0,8.0,10.0,14.0,13.0,26.0,15.0
982,1.0,982.0,London_423,newnew,151,453,1092.0,70.0,2.0,183012.0,0.7968764359829947,857.0,117.0,1.0,116.0,211.0,9.0,202.0,152.0,203.0,152.0,22.0,56.0,3.0,13.0,1.0,3.0,12.0,77.0,132.0,232.0,42.0,0.0,0.0,0.0,0.0,0.0,0.0,0.0,0.0,0.0,0.0,0.0,0.0,0.0,0.0,0.0,0.0,0.0,0.0,0.0,0.0,0.0,0.0,0.0,0.0,0.0,0.0,0.0,0.0,0.0,0.0,0.0,0.0,0.0,0.0,0.0,0.0,0.0,0.0,4.0,0.0,0.0,0.0,7.0,7.0,10.0,3.0,21.0,27.0,22.0,35.0,0.0,0.0,0.0,0.0,0.0,0.0,0.0,0.0,0.0,0.0,0.0,0.0,0.0,0.0,0.0,0.0,0.0,0.0,5.0,0.0,0.0,0.0,7.0,7.0,16.0,3.0,28.0,42.0,36.0,46.0
983,1.0,983.0,London_423,newnew,151,453,1092.0,70.0,2.0,164439.0,0.7010851959930733,816.0,85.0,0.0,85.0,150.0,0.0,150.0,211.0,210.0,136.0,8.0,71.0,6.0,16.0,1.0,5.0,10.0,78.0,133.0,232.0,44.0,0.0,0.0,0.0,0.0,0.0,0.0,0.0,0.0,0.0,0.0,0.0,0.0,0.0,0.0,0.0,0.0,0.0,0.0,0.0,0.0,0.0,0.0,0.0,0.0,0.0,0.0,0.0,0.0,0.0,0.0,0.0,0.0,0.0,0.0,0.0,0.0,0.0,0.0,6.0,2.0,4.0,1.0,0.0,10.0,8.0,3.0,4.0,15.0,11.0,16.0,0.0,0.0,0.0,0.0,0.0,0.0,0.0,0.0,0.0,0.0,0.0,0.0,0.0,0.0,0.0,0.0,0.0,0.0,7.0,2.0,5.0,3.0,0.0,14.0,12.0,4.0,7.0,19.0,19.0,19.0
984,1.0,984.0,London_423,newnew,151,453,1092.0,70.0,2.0,159003.0,0.7058762509841472,804.0,156.0,0.0,156.0,277.0,0.0,277.0,150.0,201.0,137.0,6.0,78.0,8.0,12.0,2.0,9.0,8.0,76.0,143.0,226.0,52.0,0.0,0.0,0.0,0.0,0.0,0.0,0.0,0.0,0.0,0.0,0.0,0.0,0.0,0.0,0.0,0.0,0.0,0.0,0.0,0.0,0.0,0.0,0.0,0.0,0.0,0.0,0.0,0.0,0.0,0.0,0.0,0.0,0.0,0.0,0.0,0.0,0.0,0.0,2.0,12.0,1.0,1.0,12.0,8.0,11.0,13.0,4.0,32.0,30.0,24.0,0.0,0.0,0.0,0.0,0.0,0.0,0.0,0.0,0.0,0.0,0.0,0.0,0.0,0.0,0.0,0.0,0.0,0.0,3.0,16.0,1.0,2.0,13.0,11.0,14.0,21.0,6.0,52.0,43.0,29.0
985,1.0,985.0,London_423,newnew,151,453,1092.0,70.0,2.0,120498.0,0.45843742100987583,719.0,57.0,2.0,55.0,120.0,19.0,101.0,277.0,209.0,104.0,20.0,83.0,12.0,20.0,2.0,3.0,8.0,73.0,149.0,223.0,32.0,0.0,0.0,0.0,0.0,0.0,0.0,0.0,0.0,0.0,0.0,0.0,0.0,0.0,0.0,0.0,0.0,0.0,0.0,0.0,0.0,0.0,0.0,0.0,0.0,0.0,0.0,0.0,0.0,0.0,0.0,0.0,1.0,1.0,0.0,2.0,0.0,0.0,0.0,0.0,0.0,0.0,1.0,0.0,4.0,4.0,2.0,6.0,11.0,13.0,10.0,0.0,0.0,0.0,0.0,0.0,0.0,0.0,0.0,0.0,0.0,0.0,5.0,7.0,0.0,6.0,0.0,0.0,0.0,0.0,0.0,0.0,1.0,0.0,5.0,5.0,3.0,7.0,13.0,21.0,17.0
986,1.0,986.0,London_423,newnew,151,453,1092.0,70.0,2.0,129558.0,0.4022783519467339,739.0,1.0,0.0,1.0,3.0,0.0,3.0,120.0,205.0,102.0,20.0,77.0,15.0,23.0,4.0,7.0,8.0,79.0,147.0,219.0,44.0,0.0,0.0,0.0,0.0,0.0,0.0,0.0,0.0,0.0,0.0,0.0,0.0,0.0,0.0,0.0,0.0,0.0,0.0,0.0,0.0,0.0,0.0,0.0,0.0,0.0,0.0,0.0,0.0,0.0,0.0,0.0,0.0,0.0,0.0,0.0,0.0,0.0,0.0,0.0,0.0,0.0,0.0,0.0,0.0,0.0,0.0,0.0,0.0,0.0,1.0,0.0,0.0,0.0,0.0,0.0,0.0,0.0,0.0,0.0,0.0,0.0,0.0,0.0,0.0,0.0,0.0,0.0,0.0,0.0,0.0,0.0,0.0,0.0,0.0,0.0,0.0,0.0,0.0,0.0,1.0
987,1.0,987.0,London_423,newnew,151,453,1092.0,70.0,2.0,172593.0,0.7905697219539434,834.0,192.0,1.0,191.0,333.0,8.0,325.0,3.0,202.0,103.0,20.0,77.0,15.0,25.0,4.0,7.0,8.0,79.0,144.0,222.0,44.0,0.0,0.0,0.0,0.0,0.0,0.0,0.0,0.0,0.0,0.0,0.0,0.0,0.0,0.0,0.0,0.0,0.0,0.0,0.0,0.0,0.0,0.0,0.0,0.0,0.0,0.0,0.0,0.0,1.0,0.0,0.0,0.0,0.0,0.0,1.0,0.0,0.0,0.0,2.0,24.0,1.0,1.0,8.0,11.0,6.0,3.0,12.0,36.0,43.0,29.0,0.0,0.0,0.0,0.0,0.0,0.0,0.0,0.0,3.0,0.0,0.0,0.0,0.0,0.0,2.0,0.0,0.0,0.0,2.0,36.0,2.0,1.0,8.0,13.0,8.0,5.0,16.0,53.0,66.0,37.0
988,1.0,988.0,London_423,newnew,151,453,1092.0,70.0,2.0,116421.0,0.3501585730118677,710.0,39.0,2.0,37.0,71.0,18.0,53.0,333.0,153.0,121.0,28.0,105.0,10.0,32.0,1.0,3.0,8.0,72.0,146.0,227.0,46.0,0.0,0.0,0.0,0.0,0.0,0.0,0.0,0.0,0.0,0.0,0.0,0.0,0.0,0.0,0.0,0.0,0.0,0.0,0.0,0.0,0.0,0.0,0.0,0.0,0.0,0.0,0.0,0.0,0.0,0.0,0.0,1.0,0.0,0.0,1.0,0.0,0.0,0.0,1.0,0.0,0.0,1.0,0.0,5.0,3.0,1.0,0.0,7.0,10.0,5.0,0.0,0.0,0.0,0.0,0.0,0.0,0.0,0.0,0.0,0.0,0.0,8.0,0.0,0.0,5.0,0.0,0.0,0.0,1.0,0.0,0.0,2.0,0.0,5.0,6.0,2.0,0.0,8.0,15.0,6.0
989,1.0,989.0,London_423,newnew,151,453,1092.0,70.0,2.0,130464.0,0.3894204570678994,741.0,58.0,1.0,57.0,108.0,9.0,99.0,71.0,159.0,135.0,31.0,93.0,7.0,23.0,1.0,4.0,8.0,69.0,145.0,231.0,51.0,0.0,0.0,0.0,0.0,0.0,0.0,0.0,0.0,0.0,0.0,0.0,0.0,0.0,0.0,0.0,0.0,0.0,0.0,0.0,0.0,0.0,0.0,0.0,0.0,0.0,0.0,0.0,0.0,0.0,0.0,0.0,0.0,0.0,0.0,0.0,0.0,0.0,0.0,2.0,1.0,0.0,2.0,0.0,3.0,7.0,1.0,3.0,9.0,12.0,9.0,0.0,0.0,0.0,0.0,0.0,0.0,0.0,0.0,0.0,0.0,0.0,0.0,0.0,0.0,0.0,0.0,0.0,0.0,3.0,1.0,0.0,5.0,0.0,3.0,12.0,1.0,4.0,12.0,15.0,11.0
990,1.0,990.0,London_423,newnew,151,453,1092.0,70.0,2.0,132729.0,0.36910857097245753,746.0,10.0,0.0,10.0,19.0,0.0,19.0,108.0,163.0,115.0,35.0,103.0,5.0,27.0,2.0,3.0,5.0,69.0,153.0,226.0,44.0,0.0,0.0,0.0,0.0,0.0,0.0,0.0,0.0,0.0,0.0,0.0,0.0,0.0,0.0,0.0,0.0,0.0,0.0,0.0,0.0,0.0,0.0,0.0,0.0,0.0,0.0,0.0,0.0,0.0,0.0,0.0,0.0,0.0,0.0,0.0,0.0,0.0,0.0,0.0,0.0,0.0,0.0,0.0,3.0,0.0,2.0,0.0,2.0,2.0,3.0,0.0,0.0,0.0,0.0,0.0,0.0,0.0,0.0,0.0,0.0,0.0,0.0,0.0,0.0,0.0,0.0,0.0,0.0,0.0,0.0,0.0,0.0,0.0,3.0,0.0,4.0,0.0,4.0,5.0,3.0
991,1.0,991.0,London_423,newnew,151,453,1092.0,70.0,2.0,168063.0,0.6897938461042941,824.0,135.0,0.0,135.0,247.0,0.0,247.0,19.0,166.0,112.0,36.0,102.0,5.0,28.0,1.0,3.0,5.0,70.0,149.0,229.0,49.0,0.0,0.0,0.0,0.0,0.0,0.0,0.0,0.0,0.0,0.0,0.0,0.0,0.0,0.0,0.0,0.0,0.0,0.0,0.0,0.0,0.0,0.0,0.0,0.0,0.0,0.0,0.0,0.0,0.0,0.0,0.0,0.0,0.0,0.0,0.0,0.0,0.0,0.0,4.0,6.0,1.0,0.0,0.0,14.0,9.0,4.0,10.0,25.0,26.0,20.0,0.0,0.0,0.0,0.0,0.0,0.0,0.0,0.0,0.0,0.0,0.0,0.0,0.0,0.0,0.0,0.0,0.0,0.0,5.0,10.0,1.0,0.0,0.0,18.0,11.0,4.0,12.0,39.0,38.0,25.0
992,1.0,992.0,London_423,newnew,151,453,1092.0,70.0,2.0,142695.0,0.6367465700022876,768.0,152.0,2.0,150.0,275.0,19.0,256.0,247.0,190.0,107.0,40.0,75.0,7.0,26.0,2.0,6.0,6.0,65.0,156.0,226.0,49.0,0.0,0.0,0.0,0.0,0.0,0.0,0.0,0.0,0.0,0.0,0.0,0.0,0.0,0.0,0.0,0.0,0.0,0.0,0.0,0.0,0.0,0.0,0.0,0.0,0.0,0.0,0.0,0.0,0.0,0.0,0.0,0.0,0.0,0.0,2.0,0.0,0.0,0.0,3.0,1.0,0.0,8.0,18.0,7.0,13.0,10.0,8.0,33.0,29.0,37.0,0.0,0.0,0.0,0.0,0.0,0.0,0.0,0.0,0.0,0.0,0.0,0.0,0.0,0.0,7.0,0.0,0.0,0.0,3.0,2.0,0.0,13.0,22.0,7.0,20.0,11.0,10.0,50.0,36.0,51.0
993,1.0,993.0,London_423,newnew,151,453,1092.0,70.0,2.0,104643.0,0.3694851959589869,684.0,1.0,1.0,0.0,9.0,9.0,0.0,275.0,207.0,106.0,21.0,75.0,6.0,29.0,1.0,8.0,6.0,82.0,149.0,216.0,33.0,0.0,0.0,0.0,0.0,0.0,0.0,0.0,0.0,0.0,0.0,0.0,0.0,0.0,0.0,0.0,0.0,0.0,0.0,0.0,0.0,0.0,0.0,0.0,0.0,0.0,0.0,0.0,0.0,1.0,0.0,0.0,0.0,0.0,0.0,1.0,0.0,0.0,0.0,0.0,0.0,0.0,0.0,0.0,0.0,0.0,0.0,0.0,0.0,0.0,0.0,0.0,0.0,0.0,0.0,0.0,0.0,0.0,0.0,6.0,0.0,0.0,0.0,0.0,0.0,1.0,0.0,0.0,0.0,0.0,0.0,0.0,0.0,0.0,0.0,0.0,0.0,0.0,0.0,0.0,0.0
994,1.0,994.0,London_423,newnew,151,453,1092.0,70.0,2.0,145413.0,0.5099735700059682,774.0,60.0,2.0,58.0,119.0,19.0,100.0,9.0,208.0,108.0,19.0,73.0,6.0,30.0,1.0,8.0,5.0,83.0,150.0,215.0,27.0,0.0,0.0,0.0,0.0,0.0,0.0,0.0,0.0,0.0,0.0,0.0,0.0,0.0,0.0,0.0,0.0,0.0,0.0,0.0,0.0,0.0,0.0,0.0,0.0,0.0,0.0,0.0,0.0,0.0,0.0,0.0,1.0,0.0,0.0,0.0,0.0,0.0,0.0,2.0,1.0,0.0,1.0,0.0,11.0,2.0,7.0,7.0,14.0,12.0,13.0,0.0,0.0,0.0,0.0,0.0,0.0,0.0,0.0,0.0,0.0,0.0,2.0,0.0,0.0,0.0,0.0,0.0,0.0,3.0,1.0,0.0,1.0,0.0,17.0,2.0,12.0,12.0,21.0,22.0,17.0
995,1.0,995.0,London_423,newnew,151,453,1092.0,70.0,2.0,164439.0,0.7245159610174596,816.0,90.0,2.0,88.0,171.0,16.0,155.0,119.0,215.0,114.0,11.0,70.0,7.0,32.0,1.0,3.0,7.0,81.0,137.0,228.0,36.0,0.0,0.0,0.0,0.0,0.0,0.0,0.0,0.0,0.0,0.0,0.0,0.0,0.0,0.0,0.0,0.0,0.0,0.0,0.0,0.0,0.0,0.0,0.0,0.0,0.0,0.0,0.0,0.0,1.0,0.0,0.0,1.0,0.0,1.0,1.0,0.0,0.0,0.0,5.0,1.0,0.0,0.0,6.0,15.0,10.0,13.0,4.0,18.0,21.0,24.0,0.0,0.0,0.0,0.0,0.0,0.0,0.0,0.0,3.0,0.0,0.0,4.0,0.0,6.0,4.0,0.0,0.0,0.0,6.0,1.0,0.0,0.0,7.0,24.0,13.0,15.0,5.0,28.0,23.0,28.0
996,1.0,996.0,London_423,newnew,151,453,1092.0,70.0,2.0,159456.0,0.6945902530569583,805.0,76.0,2.0,74.0,145.0,18.0,127.0,171.0,242.0,124.0,13.0,40.0,7.0,19.0,1.0,7.0,8.0,72.0,157.0,216.0,40.0,0.0,0.0,0.0,0.0,0.0,0.0,0.0,0.0,0.0,0.0,0.0,0.0,0.0,0.0,0.0,0.0,0.0,0.0,0.0,0.0,0.0,0.0,0.0,0.0,0.0,0.0,0.0,0.0,0.0,0.0,0.0,1.0,0.0,0.0,2.0,0.0,0.0,0.0,3.0,0.0,1.0,2.0,5.0,6.0,5.0,5.0,3.0,16.0,17.0,17.0,0.0,0.0,0.0,0.0,0.0,0.0,0.0,0.0,0.0,0.0,0.0,6.0,0.0,0.0,5.0,0.0,0.0,0.0,5.0,0.0,1.0,3.0,5.0,11.0,7.0,7.0,4.0,22.0,23.0,20.0
997,1.0,997.0,London_423,newnew,151,453,1092.0,70.0,2.0,175764.0,0.632910990039818,841.0,73.0,0.0,73.0,118.0,0.0,118.0,145.0,238.0,116.0,13.0,42.0,9.0,27.0,3.0,5.0,3.0,83.0,163.0,204.0,32.0,0.0,0.0,0.0,0.0,0.0,0.0,0.0,0.0,0.0,0.0,0.0,0.0,0.0,0.0,0.0,0.0,0.0,0.0,0.0,0.0,0.0,0.0,0.0,0.0,0.0,0.0,0.0,0.0,0.0,0.0,0.0,0.0,0.0,0.0,0.0,0.0,0.0,0.0,3.0,0.0,0.0,2.0,0.0,7.0,5.0,2.0,4.0,16.0,20.0,18.0,0.0,0.0,0.0,0.0,0.0,0.0,0.0,0.0,0.0,0.0,0.0,0.0,0.0,0.0,0.0,0.0,0.0,0.0,5.0,0.0,0.0,3.0,0.0,10.0,6.0,3.0,6.0,24.0,31.0,22.0
998,1.0,998.0,London_423,newnew,151,453,1092.0,70.0,2.0,188448.0,0.9605205450206995,869.0,95.0,0.0,95.0,175.0,0.0,175.0,118.0,249.0,100.0,16.0,35.0,8.0,31.0,2.0,12.0,4.0,91.0,150.0,208.0,37.0,0.0,0.0,0.0,0.0,0.0,0.0,0.0,0.0,0.0,0.0,0.0,0.0,0.0,0.0,0.0,0.0,0.0,0.0,0.0,0.0,0.0,0.0,0.0,0.0,0.0,0.0,0.0,0.0,0.0,0.0,0.0,0.0,0.0,0.0,0.0,0.0,0.0,0.0,2.0,1.0,0.0,0.0,3.0,10.0,5.0,9.0,12.0,18.0,22.0,20.0,0.0,0.0,0.0,0.0,0.0,0.0,0.0,0.0,0.0,0.0,0.0,0.0,0.0,0.0,0.0,0.0,0.0,0.0,3.0,1.0,0.0,0.0,4.0,13.0,8.0,14.0,20.0,34.0,35.0,24.0
999,1.0,999.0,London_423,newnew,151,453,1092.0,70.0,2.0,183918.0,0.7892848280025646,859.0,120.0,1.0,119.0,220.0,10.0,210.0,175.0,270.0,74.0,21.0,48.0,10.0,27.0,0.0,3.0,4.0,76.0,169.0,204.0,28.0,0.0,0.0,0.0,0.0,0.0,0.0,0.0,0.0,0.0,0.0,0.0,0.0,0.0,0.0,0.0,0.0,0.0,0.0,0.0,0.0,0.0,0.0,0.0,0.0,0.0,0.0,0.0,0.0,0.0,1.0,0.0,1.0,0.0,0.0,1.0,0.0,0.0,0.0,2.0,13.0,0.0,2.0,4.0,2.0,9.0,2.0,7.0,29.0,23.0,9.0,0.0,0.0,0.0,0.0,0.0,0.0,0.0,0.0,0.0,5.0,0.0,9.0,0.0,0.0,3.0,0.0,0.0,0.0,3.0,21.0,0.0,3.0,4.0,2.0,13.0,2.0,8.0,45.0,28.0,11.0
1000,1.0,1000.0,London_423,newnew,151,453,1092.0,70.0,2.0,165798.0,0.6044328219722956,819.0,67.0,0.0,67.0,114.0,0.0,114.0,220.0,245.0,81.0,21.0,63.0,5.0,27.0,1.0,10.0,5.0,76.0,149.0,223.0,35.0,0.0,0.0,0.0,0.0,0.0,0.0,0.0,0.0,0.0,0.0,0.0,0.0,0.0,0.0,0.0,0.0,0.0,0.0,0.0,0.0,0.0,0.0,0.0,0.0,0.0,0.0,0.0,0.0,0.0,0.0,0.0,0.0,0.0,0.0,0.0,0.0,0.0,0.0,6.0,0.0,0.0,0.0,1.0,14.0,3.0,3.0,12.0,16.0,18.0,11.0,0.0,0.0,0.0,0.0,0.0,0.0,0.0,0.0,0.0,0.0,0.0,0.0,0.0,0.0,0.0,0.0,0.0,0.0,10.0,0.0,0.0,0.0,1.0,18.0,5.0,3.0,17.0,22.0,29.0,14.0
1001,1.0,1001.0,London_423,newnew,151,453,1092.0,70.0,2.0,170328.0,0.8354190280660987,829.0,117.0,2.0,115.0,220.0,18.0,202.0,114.0,251.0,76.0,17.0,69.0,2.0,33.0,0.0,5.0,4.0,74.0,162.0,213.0,39.0,0.0,0.0,0.0,0.0,0.0,0.0,0.0,0.0,0.0,0.0,0.0,0.0,0.0,0.0,0.0,0.0,0.0,0.0,0.0,0.0,0.0,0.0,0.0,0.0,0.0,0.0,0.0,0.0,1.0,0.0,0.0,0.0,1.0,0.0,2.0,0.0,0.0,0.0,1.0,9.0,0.0,3.0,6.0,9.0,11.0,5.0,5.0,24.0,28.0,22.0,0.0,0.0,0.0,0.0,0.0,0.0,0.0,0.0,3.0,0.0,0.0,0.0,8.0,0.0,4.0,0.0,0.0,0.0,1.0,13.0,0.0,3.0,6.0,11.0,11.0,7.0,5.0,38.0,47.0,26.0
1002,1.0,1002.0,London_423,newnew,151,453,1092.0,70.0,2.0,159456.0,0.6201662700623274,805.0,89.0,1.0,88.0,153.0,9.0,144.0,220.0,241.0,80.0,14.0,64.0,5.0,36.0,1.0,12.0,6.0,83.0,149.0,215.0,26.0,0.0,0.0,0.0,0.0,0.0,0.0,0.0,0.0,0.0,0.0,0.0,0.0,0.0,0.0,0.0,0.0,0.0,0.0,0.0,0.0,0.0,0.0,0.0,0.0,0.0,0.0,0.0,0.0,0.0,0.0,0.0,0.0,0.0,0.0,0.0,0.0,0.0,0.0,5.0,0.0,0.0,2.0,0.0,14.0,5.0,8.0,2.0,15.0,14.0,10.0,0.0,0.0,0.0,0.0,0.0,0.0,0.0,0.0,0.0,0.0,0.0,0.0,0.0,0.0,0.0,0.0,0.0,0.0,7.0,0.0,0.0,2.0,0.0,22.0,7.0,12.0,3.0,21.0,18.0,11.0
1003,1.0,1003.0,London_423,newnew,151,453,1092.0,70.0,2.0,159909.0,0.6617906920146197,806.0,137.0,0.0,137.0,243.0,0.0,243.0,153.0,242.0,86.0,8.0,56.0,9.0,36.0,4.0,12.0,9.0,86.0,148.0,210.0,31.0,0.0,0.0,0.0,0.0,0.0,0.0,0.0,0.0,0.0,0.0,0.0,0.0,0.0,0.0,0.0,0.0,0.0,0.0,0.0,0.0,0.0,0.0,0.0,0.0,0.0,0.0,0.0,0.0,0.0,0.0,0.0,0.0,0.0,0.0,0.0,0.0,0.0,0.0,0.0,3.0,0.0,1.0,7.0,4.0,3.0,7.0,6.0,25.0,25.0,24.0,0.0,0.0,0.0,0.0,0.0,0.0,0.0,0.0,0.0,0.0,0.0,0.0,0.0,0.0,0.0,0.0,0.0,0.0,0.0,4.0,0.0,2.0,7.0,4.0,4.0,10.0,7.0,41.0,40.0,27.0
1004,1.0,1004.0,London_423,newnew,151,453,1092.0,70.0,2.0,135900.0,0.5588402709690854,753.0,108.0,0.0,108.0,178.0,0.0,178.0,243.0,212.0,89.0,25.0,71.0,13.0,29.0,3.0,11.0,9.0,72.0,156.0,216.0,23.0,0.0,0.0,0.0,0.0,0.0,0.0,0.0,0.0,0.0,0.0,0.0,0.0,0.0,0.0,0.0,0.0,0.0,0.0,0.0,0.0,0.0,0.0,0.0,0.0,0.0,0.0,0.0,0.0,0.0,0.0,0.0,0.0,0.0,0.0,0.0,0.0,0.0,0.0,6.0,1.0,0.0,4.0,0.0,14.0,4.0,13.0,7.0,18.0,19.0,25.0,0.0,0.0,0.0,0.0,0.0,0.0,0.0,0.0,0.0,0.0,0.0,0.0,0.0,0.0,0.0,0.0,0.0,0.0,8.0,1.0,0.0,5.0,0.0,18.0,6.0,18.0,9.0,21.0,29.0,31.0
1005,1.0,1005.0,London_423,newnew,151,453,1092.0,70.0,2.0,117780.0,0.41944468894507736,713.0,18.0,2.0,16.0,45.0,19.0,26.0,178.0,222.0,86.0,22.0,55.0,16.0,35.0,2.0,15.0,11.0,71.0,153.0,218.0,29.0,0.0,0.0,0.0,0.0,0.0,0.0,0.0,0.0,0.0,0.0,0.0,0.0,0.0,0.0,0.0,0.0,0.0,0.0,0.0,0.0,0.0,0.0,0.0,0.0,0.0,0.0,0.0,0.0,1.0,0.0,0.0,1.0,0.0,1.0,2.0,0.0,0.0,0.0,0.0,0.0,0.0,2.0,0.0,0.0,4.0,2.0,2.0,4.0,3.0,5.0,0.0,0.0,0.0,0.0,0.0,0.0,0.0,0.0,1.0,0.0,0.0,7.0,0.0,8.0,12.0,0.0,0.0,0.0,0.0,0.0,0.0,2.0,0.0,0.0,6.0,3.0,3.0,5.0,3.0,5.0
1006,1.0,1006.0,London_423,newnew,151,453,1092.0,70.0,2.0,138165.0,0.46117230597883463,758.0,11.0,0.0,11.0,20.0,0.0,20.0,45.0,225.0,89.0,17.0,64.0,7.0,33.0,2.0,16.0,10.0,76.0,143.0,224.0,31.0,0.0,0.0,0.0,0.0,0.0,0.0,0.0,0.0,0.0,0.0,0.0,0.0,0.0,0.0,0.0,0.0,0.0,0.0,0.0,0.0,0.0,0.0,0.0,0.0,0.0,0.0,0.0,0.0,0.0,0.0,0.0,0.0,0.0,0.0,0.0,0.0,0.0,0.0,0.0,0.0,0.0,0.0,0.0,2.0,0.0,0.0,2.0,2.0,1.0,3.0,0.0,0.0,0.0,0.0,0.0,0.0,0.0,0.0,0.0,0.0,0.0,0.0,0.0,0.0,0.0,0.0,0.0,0.0,0.0,0.0,0.0,0.0,0.0,2.0,0.0,0.0,3.0,4.0,2.0,5.0
1007,1.0,1007.0,London_423,newnew,151,453,1092.0,70.0,2.0,167610.0,0.7645565799903125,823.0,115.0,2.0,113.0,202.0,16.0,186.0,20.0,227.0,88.0,15.0,68.0,6.0,29.0,3.0,17.0,12.0,73.0,146.0,222.0,36.0,0.0,0.0,0.0,0.0,0.0,0.0,0.0,0.0,0.0,0.0,0.0,0.0,0.0,0.0,0.0,0.0,0.0,0.0,0.0,0.0,0.0,0.0,0.0,0.0,0.0,0.0,0.0,0.0,1.0,0.0,0.0,0.0,0.0,2.0,2.0,0.0,0.0,0.0,7.0,1.0,2.0,2.0,2.0,7.0,8.0,12.0,12.0,23.0,33.0,15.0,0.0,0.0,0.0,0.0,0.0,0.0,0.0,0.0,7.0,0.0,0.0,0.0,0.0,13.0,7.0,0.0,0.0,0.0,8.0,2.0,2.0,4.0,2.0,8.0,11.0,15.0,16.0,35.0,46.0,18.0
1008,1.0,1008.0,London_423,newnew,151,453,1092.0,70.0,2.0,151755.0,0.7048232509987429,788.0,98.0,1.0,97.0,173.0,9.0,164.0,202.0,238.0,97.0,16.0,50.0,8.0,22.0,3.0,19.0,7.0,65.0,149.0,232.0,41.0,0.0,0.0,0.0,0.0,0.0,0.0,0.0,0.0,0.0,0.0,0.0,0.0,0.0,0.0,0.0,0.0,0.0,0.0,0.0,0.0,0.0,0.0,0.0,0.0,0.0,0.0,0.0,0.0,1.0,0.0,0.0,0.0,0.0,0.0,0.0,0.0,0.0,0.0,9.0,4.0,1.0,7.0,1.0,5.0,18.0,10.0,6.0,13.0,32.0,12.0,0.0,0.0,0.0,0.0,0.0,0.0,0.0,0.0,5.0,0.0,0.0,0.0,0.0,0.0,0.0,0.0,0.0,0.0,13.0,5.0,1.0,9.0,1.0,6.0,28.0,12.0,7.0,22.0,47.0,14.0
1009,1.0,1009.0,London_423,newnew,151,453,1092.0,70.0,2.0,142242.0,0.6041092190425843,767.0,99.0,2.0,97.0,177.0,18.0,159.0,173.0,250.0,99.0,20.0,46.0,11.0,16.0,0.0,11.0,7.0,71.0,142.0,233.0,37.0,0.0,0.0,0.0,0.0,0.0,0.0,0.0,0.0,0.0,0.0,0.0,0.0,0.0,0.0,0.0,0.0,0.0,0.0,0.0,0.0,0.0,0.0,0.0,0.0,0.0,0.0,0.0,0.0,1.0,0.0,0.0,1.0,1.0,0.0,0.0,0.0,0.0,0.0,7.0,1.0,1.0,2.0,2.0,8.0,12.0,8.0,8.0,21.0,23.0,20.0,0.0,0.0,0.0,0.0,0.0,0.0,0.0,0.0,3.0,0.0,0.0,6.0,5.0,0.0,0.0,0.0,0.0,0.0,8.0,1.0,1.0,3.0,3.0,10.0,17.0,9.0,11.0,29.0,35.0,24.0
1010,1.0,1010.0,London_423,newnew,151,453,1092.0,70.0,2.0,130011.0,0.5763621630612761,740.0,56.0,2.0,54.0,116.0,17.0,99.0,177.0,247.0,94.0,13.0,66.0,11.0,18.0,0.0,4.0,6.0,83.0,139.0,225.0,38.0,0.0,0.0,0.0,0.0,0.0,0.0,0.0,0.0,0.0,0.0,0.0,0.0,0.0,0.0,0.0,0.0,0.0,0.0,0.0,0.0,0.0,0.0,0.0,0.0,0.0,0.0,0.0,0.0,1.0,0.0,0.0,1.0,0.0,0.0,2.0,0.0,0.0,0.0,1.0,0.0,0.0,0.0,2.0,9.0,5.0,5.0,4.0,10.0,11.0,10.0,0.0,0.0,0.0,0.0,0.0,0.0,0.0,0.0,4.0,0.0,0.0,2.0,0.0,0.0,6.0,0.0,0.0,0.0,1.0,0.0,0.0,0.0,3.0,14.0,8.0,7.0,5.0,15.0,21.0,11.0
1011,1.0,1011.0,London_423,newnew,151,453,1092.0,70.0,2.0,139977.0,0.6649529649876058,762.0,90.0,0.0,90.0,158.0,0.0,158.0,116.0,253.0,99.0,14.0,55.0,10.0,15.0,1.0,6.0,5.0,77.0,136.0,235.0,44.0,0.0,0.0,0.0,0.0,0.0,0.0,0.0,0.0,0.0,0.0,0.0,0.0,0.0,0.0,0.0,0.0,0.0,0.0,0.0,0.0,0.0,0.0,0.0,0.0,0.0,0.0,0.0,0.0,0.0,0.0,0.0,0.0,0.0,0.0,0.0,0.0,0.0,0.0,2.0,10.0,0.0,2.0,1.0,27.0,1.0,4.0,11.0,17.0,28.0,12.0,0.0,0.0,0.0,0.0,0.0,0.0,0.0,0.0,0.0,0.0,0.0,0.0,0.0,0.0,0.0,0.0,0.0,0.0,2.0,16.0,0.0,2.0,1.0,38.0,1.0,4.0,13.0,24.0,47.0,14.0
1012,1.0,1012.0,London_423,newnew,151,453,1092.0,70.0,2.0,136353.0,0.6445638390723616,754.0,55.0,2.0,53.0,107.0,19.0,88.0,158.0,264.0,99.0,9.0,50.0,13.0,16.0,0.0,2.0,5.0,73.0,150.0,225.0,35.0,0.0,0.0,0.0,0.0,0.0,0.0,0.0,0.0,0.0,0.0,0.0,0.0,0.0,0.0,0.0,0.0,0.0,0.0,0.0,0.0,0.0,0.0,0.0,0.0,0.0,0.0,0.0,0.0,2.0,0.0,0.0,2.0,1.0,0.0,1.0,0.0,0.0,0.0,3.0,0.0,1.0,2.0,3.0,5.0,6.0,3.0,7.0,13.0,10.0,15.0,0.0,0.0,0.0,0.0,0.0,0.0,0.0,0.0,9.0,0.0,0.0,7.0,6.0,0.0,3.0,0.0,0.0,0.0,4.0,0.0,1.0,3.0,3.0,6.0,8.0,5.0,9.0,23.0,12.0,20.0
1013,1.0,1013.0,London_423,newnew,151,453,1092.0,70.0,2.0,140883.0,0.586515121976845,764.0,55.0,0.0,55.0,99.0,0.0,99.0,107.0,275.0,83.0,15.0,56.0,5.0,12.0,1.0,6.0,4.0,66.0,149.0,234.0,31.0,0.0,0.0,0.0,0.0,0.0,0.0,0.0,0.0,0.0,0.0,0.0,0.0,0.0,0.0,0.0,0.0,0.0,0.0,0.0,0.0,0.0,0.0,0.0,0.0,0.0,0.0,0.0,0.0,0.0,0.0,0.0,0.0,0.0,0.0,0.0,0.0,0.0,0.0,1.0,2.0,1.0,0.0,4.0,6.0,4.0,6.0,7.0,18.0,12.0,9.0,0.0,0.0,0.0,0.0,0.0,0.0,0.0,0.0,0.0,0.0,0.0,0.0,0.0,0.0,0.0,0.0,0.0,0.0,1.0,2.0,1.0,0.0,4.0,7.0,6.0,9.0,9.0,28.0,19.0,13.0
1014,1.0,1014.0,London_423,newnew,151,453,1092.0,70.0,2.0,149490.0,0.7455349240917712,783.0,132.0,0.0,132.0,233.0,0.0,233.0,99.0,282.0,81.0,8.0,62.0,2.0,14.0,1.0,3.0,4.0,62.0,148.0,239.0,33.0,0.0,0.0,0.0,0.0,0.0,0.0,0.0,0.0,0.0,0.0,0.0,0.0,0.0,0.0,0.0,0.0,0.0,0.0,0.0,0.0,0.0,0.0,0.0,0.0,0.0,0.0,0.0,0.0,0.0,0.0,0.0,0.0,0.0,0.0,0.0,0.0,0.0,0.0,1.0,10.0,0.0,0.0,3.0,22.0,14.0,2.0,12.0,31.0,18.0,18.0,0.0,0.0,0.0,0.0,0.0,0.0,0.0,0.0,0.0,0.0,0.0,0.0,0.0,0.0,0.0,0.0,0.0,0.0,1.0,17.0,0.0,0.0,3.0,30.0,22.0,2.0,19.0,49.0,26.0,21.0
1015,1.0,1015.0,London_423,newnew,151,453,1092.0,70.0,2.0,125481.0,0.6135691460222006,730.0,102.0,2.0,100.0,191.0,18.0,173.0,233.0,249.0,86.0,16.0,68.0,4.0,24.0,2.0,4.0,7.0,73.0,167.0,206.0,37.0,0.0,0.0,0.0,0.0,0.0,0.0,0.0,0.0,0.0,0.0,0.0,0.0,0.0,0.0,0.0,0.0,0.0,0.0,0.0,0.0,0.0,0.0,0.0,0.0,0.0,0.0,0.0,0.0,1.0,0.0,0.0,1.0,0.0,1.0,2.0,0.0,0.0,0.0,3.0,4.0,1.0,2.0,0.0,6.0,4.0,4.0,10.0,25.0,27.0,23.0,0.0,0.0,0.0,0.0,0.0,0.0,0.0,0.0,5.0,0.0,0.0,6.0,0.0,7.0,5.0,0.0,0.0,0.0,3.0,5.0,1.0,3.0,0.0,7.0,6.0,6.0,16.0,41.0,38.0,27.0
1016,1.0,1016.0,London_423,newnew,151,453,1092.0,70.0,2.0,116874.0,0.6235600160434842,711.0,17.0,0.0,17.0,28.0,0.0,28.0,191.0,261.0,83.0,13.0,59.0,5.0,22.0,1.0,9.0,7.0,78.0,159.0,209.0,36.0,0.0,0.0,0.0,0.0,0.0,0.0,0.0,0.0,0.0,0.0,0.0,0.0,0.0,0.0,0.0,0.0,0.0,0.0,0.0,0.0,0.0,0.0,0.0,0.0,0.0,0.0,0.0,0.0,0.0,0.0,0.0,0.0,0.0,0.0,0.0,0.0,0.0,0.0,0.0,0.0,0.0,0.0,0.0,2.0,2.0,0.0,0.0,4.0,2.0,6.0,0.0,0.0,0.0,0.0,0.0,0.0,0.0,0.0,0.0,0.0,0.0,0.0,0.0,0.0,0.0,0.0,0.0,0.0,0.0,0.0,0.0,0.0,0.0,2.0,3.0,0.0,0.0,6.0,2.0,8.0
1017,1.0,1017.0,London_423,newnew,151,453,1092.0,70.0,2.0,156285.0,0.731651270063594,798.0,96.0,1.0,95.0,192.0,9.0,183.0,28.0,259.0,84.0,14.0,58.0,6.0,22.0,1.0,9.0,7.0,81.0,158.0,207.0,38.0,0.0,0.0,0.0,0.0,0.0,0.0,0.0,0.0,0.0,0.0,0.0,0.0,0.0,0.0,0.0,0.0,0.0,0.0,0.0,0.0,0.0,0.0,0.0,0.0,0.0,0.0,0.0,0.0,1.0,0.0,0.0,0.0,0.0,1.0,1.0,0.0,0.0,0.0,6.0,2.0,0.0,0.0,1.0,7.0,6.0,8.0,18.0,22.0,21.0,24.0,0.0,0.0,0.0,0.0,0.0,0.0,0.0,0.0,1.0,0.0,0.0,0.0,0.0,9.0,1.0,0.0,0.0,0.0,9.0,3.0,0.0,0.0,1.0,10.0,6.0,15.0,28.0,43.0,32.0,33.0
1018,1.0,1018.0,London_423,newnew,151,453,1092.0,70.0,2.0,159003.0,0.5363329000538215,804.0,29.0,0.0,29.0,47.0,0.0,47.0,192.0,248.0,91.0,13.0,59.0,6.0,24.0,1.0,11.0,7.0,68.0,167.0,211.0,27.0,0.0,0.0,0.0,0.0,0.0,0.0,0.0,0.0,0.0,0.0,0.0,0.0,0.0,0.0,0.0,0.0,0.0,0.0,0.0,0.0,0.0,0.0,0.0,0.0,0.0,0.0,0.0,0.0,0.0,0.0,0.0,0.0,0.0,0.0,0.0,0.0,0.0,0.0,0.0,0.0,0.0,0.0,0.0,2.0,3.0,1.0,5.0,4.0,10.0,9.0,0.0,0.0,0.0,0.0,0.0,0.0,0.0,0.0,0.0,0.0,0.0,0.0,0.0,0.0,0.0,0.0,0.0,0.0,0.0,0.0,0.0,0.0,0.0,4.0,5.0,1.0,9.0,5.0,12.0,12.0
1019,1.0,1019.0,London_423,newnew,151,453,1092.0,70.0,2.0,187995.0,0.7724531530402601,868.0,86.0,2.0,84.0,163.0,17.0,146.0,47.0,249.0,95.0,12.0,62.0,5.0,20.0,1.0,9.0,9.0,70.0,162.0,212.0,30.0,0.0,0.0,0.0,0.0,0.0,0.0,0.0,0.0,0.0,0.0,0.0,0.0,0.0,0.0,0.0,0.0,0.0,0.0,0.0,0.0,0.0,0.0,0.0,0.0,0.0,0.0,0.0,0.0,1.0,0.0,0.0,1.0,1.0,0.0,0.0,0.0,0.0,0.0,3.0,6.0,2.0,0.0,0.0,9.0,10.0,5.0,13.0,19.0,22.0,14.0,0.0,0.0,0.0,0.0,0.0,0.0,0.0,0.0,1.0,0.0,0.0,2.0,8.0,0.0,0.0,0.0,0.0,0.0,3.0,8.0,2.0,0.0,0.0,14.0,13.0,8.0,15.0,30.0,34.0,18.0
1020,1.0,1020.0,London_423,newnew,151,453,1092.0,70.0,2.0,196149.0,0.9044222709489986,886.0,113.0,0.0,113.0,198.0,0.0,198.0,163.0,243.0,111.0,14.0,48.0,3.0,26.0,0.0,8.0,9.0,69.0,154.0,221.0,32.0,0.0,0.0,0.0,0.0,0.0,0.0,0.0,0.0,0.0,0.0,0.0,0.0,0.0,0.0,0.0,0.0,0.0,0.0,0.0,0.0,0.0,0.0,0.0,0.0,0.0,0.0,0.0,0.0,0.0,0.0,0.0,0.0,0.0,0.0,0.0,0.0,0.0,0.0,7.0,4.0,3.0,0.0,5.0,10.0,3.0,3.0,8.0,27.0,26.0,24.0,0.0,0.0,0.0,0.0,0.0,0.0,0.0,0.0,0.0,0.0,0.0,0.0,0.0,0.0,0.0,0.0,0.0,0.0,9.0,4.0,3.0,0.0,5.0,15.0,6.0,4.0,10.0,47.0,32.0,32.0
1021,1.0,1021.0,London_423,newnew,151,453,1092.0,70.0,2.0,178482.0,0.8963413420133293,847.0,131.0,1.0,130.0,236.0,12.0,224.0,198.0,254.0,88.0,12.0,66.0,3.0,19.0,1.0,10.0,10.0,74.0,151.0,218.0,32.0,0.0,0.0,0.0,0.0,0.0,0.0,0.0,0.0,0.0,0.0,0.0,0.0,0.0,0.0,0.0,0.0,0.0,0.0,0.0,0.0,0.0,0.0,0.0,0.0,0.0,0.0,0.0,0.0,1.0,0.0,0.0,1.0,0.0,0.0,0.0,0.0,0.0,0.0,3.0,8.0,2.0,2.0,5.0,16.0,7.0,9.0,11.0,30.0,32.0,16.0,0.0,0.0,0.0,0.0,0.0,0.0,0.0,0.0,1.0,0.0,0.0,3.0,0.0,0.0,0.0,0.0,0.0,0.0,3.0,9.0,3.0,3.0,6.0,20.0,10.0,13.0,14.0,48.0,49.0,20.0
1022,1.0,1022.0,London_423,newnew,151,453,1092.0,70.0,2.0,150396.0,0.6876564659178257,785.0,79.0,2.0,77.0,142.0,16.0,126.0,236.0,251.0,86.0,17.0,59.0,6.0,29.0,0.0,5.0,5.0,69.0,162.0,217.0,37.0,0.0,0.0,0.0,0.0,0.0,0.0,0.0,0.0,0.0,0.0,0.0,0.0,0.0,0.0,0.0,0.0,0.0,0.0,0.0,0.0,0.0,0.0,0.0,0.0,0.0,0.0,0.0,0.0,0.0,0.0,0.0,1.0,0.0,0.0,2.0,0.0,0.0,0.0,1.0,4.0,3.0,0.0,4.0,9.0,6.0,1.0,5.0,18.0,13.0,7.0,0.0,0.0,0.0,0.0,0.0,0.0,0.0,0.0,0.0,0.0,0.0,6.0,0.0,0.0,3.0,0.0,0.0,0.0,2.0,5.0,3.0,0.0,5.0,11.0,9.0,2.0,9.0,22.0,18.0,9.0
1023,1.0,1023.0,London_423,newnew,151,453,1092.0,70.0,2.0,153114.0,0.7245738320052624,791.0,152.0,2.0,150.0,259.0,18.0,241.0,142.0,245.0,85.0,29.0,55.0,5.0,28.0,3.0,3.0,6.0,76.0,160.0,211.0,37.0,0.0,0.0,0.0,0.0,0.0,0.0,0.0,0.0,0.0,0.0,0.0,0.0,0.0,0.0,0.0,0.0,0.0,0.0,0.0,0.0,0.0,0.0,0.0,0.0,0.0,0.0,0.0,0.0,0.0,1.0,0.0,0.0,0.0,1.0,1.0,0.0,0.0,0.0,1.0,16.0,1.0,1.0,10.0,15.0,8.0,2.0,8.0,34.0,39.0,22.0,0.0,0.0,0.0,0.0,0.0,0.0,0.0,0.0,0.0,5.0,0.0,0.0,0.0,5.0,5.0,0.0,0.0,0.0,1.0,23.0,1.0,1.0,10.0,18.0,12.0,4.0,9.0,47.0,57.0,29.0
1024,1.0,1024.0,London_423,newnew,151,453,1092.0,70.0,2.0,113250.0,0.5713251689448953,703.0,43.0,1.0,42.0,84.0,9.0,75.0,259.0,224.0,99.0,23.0,68.0,11.0,20.0,2.0,6.0,6.0,69.0,167.0,211.0,33.0,0.0,0.0,0.0,0.0,0.0,0.0,0.0,0.0,0.0,0.0,0.0,0.0,0.0,0.0,0.0,0.0,0.0,0.0,0.0,0.0,0.0,0.0,0.0,0.0,0.0,0.0,0.0,0.0,0.0,0.0,0.0,0.0,0.0,0.0,0.0,0.0,0.0,0.0,0.0,0.0,0.0,0.0,0.0,3.0,7.0,0.0,5.0,5.0,14.0,9.0,0.0,0.0,0.0,0.0,0.0,0.0,0.0,0.0,0.0,0.0,0.0,0.0,0.0,0.0,0.0,0.0,0.0,0.0,0.0,0.0,0.0,0.0,0.0,5.0,9.0,0.0,7.0,5.0,25.0,11.0
1025,1.0,1025.0,London_423,newnew,151,453,1092.0,70.0,2.0,125028.0,0.557040020939894,729.0,28.0,0.0,28.0,52.0,0.0,52.0,84.0,224.0,95.0,26.0,68.0,15.0,15.0,1.0,9.0,6.0,78.0,157.0,212.0,33.0,0.0,0.0,0.0,0.0,0.0,0.0,0.0,0.0,0.0,0.0,0.0,0.0,0.0,0.0,0.0,0.0,0.0,0.0,0.0,0.0,0.0,0.0,0.0,0.0,0.0,0.0,0.0,0.0,0.0,0.0,0.0,0.0,0.0,0.0,0.0,0.0,0.0,0.0,2.0,0.0,0.0,1.0,1.0,3.0,2.0,1.0,4.0,4.0,10.0,5.0,0.0,0.0,0.0,0.0,0.0,0.0,0.0,0.0,0.0,0.0,0.0,0.0,0.0,0.0,0.0,0.0,0.0,0.0,4.0,0.0,0.0,2.0,1.0,5.0,3.0,1.0,5.0,7.0,18.0,6.0
1026,1.0,1026.0,London_423,newnew,151,453,1092.0,70.0,2.0,153114.0,0.8149780239909887,791.0,145.0,0.0,145.0,242.0,0.0,242.0,52.0,228.0,98.0,27.0,66.0,14.0,13.0,1.0,6.0,6.0,78.0,160.0,209.0,37.0,0.0,0.0,0.0,0.0,0.0,0.0,0.0,0.0,0.0,0.0,0.0,0.0,0.0,0.0,0.0,0.0,0.0,0.0,0.0,0.0,0.0,0.0,0.0,0.0,0.0,0.0,0.0,0.0,0.0,0.0,0.0,0.0,0.0,0.0,0.0,0.0,0.0,0.0,4.0,22.0,2.0,4.0,2.0,8.0,7.0,3.0,15.0,36.0,23.0,19.0,0.0,0.0,0.0,0.0,0.0,0.0,0.0,0.0,0.0,0.0,0.0,0.0,0.0,0.0,0.0,0.0,0.0,0.0,5.0,26.0,2.0,6.0,2.0,9.0,8.0,3.0,18.0,55.0,35.0,23.0
1027,1.0,1027.0,London_423,newnew,151,453,1092.0,70.0,2.0,130011.0,0.43957274802960455,740.0,12.0,2.0,10.0,35.0,19.0,16.0,242.0,237.0,98.0,9.0,74.0,7.0,26.0,0.0,2.0,6.0,78.0,143.0,226.0,32.0,0.0,0.0,0.0,0.0,0.0,0.0,0.0,0.0,0.0,0.0,0.0,0.0,0.0,0.0,0.0,0.0,0.0,0.0,0.0,0.0,0.0,0.0,0.0,0.0,0.0,0.0,0.0,0.0,0.0,0.0,0.0,1.0,1.0,0.0,2.0,0.0,0.0,0.0,0.0,0.0,0.0,0.0,0.0,2.0,0.0,0.0,1.0,1.0,0.0,3.0,0.0,0.0,0.0,0.0,0.0,0.0,0.0,0.0,0.0,0.0,0.0,7.0,9.0,0.0,6.0,0.0,0.0,0.0,0.0,0.0,0.0,0.0,0.0,2.0,0.0,0.0,1.0,1.0,0.0,3.0
1028,1.0,1028.0,London_423,newnew,151,453,1092.0,70.0,2.0,176670.0,0.8537364670773968,843.0,139.0,0.0,139.0,247.0,0.0,247.0,35.0,238.0,91.0,10.0,79.0,5.0,27.0,0.0,3.0,5.0,81.0,131.0,236.0,33.0,0.0,0.0,0.0,0.0,0.0,0.0,0.0,0.0,0.0,0.0,0.0,0.0,0.0,0.0,0.0,0.0,0.0,0.0,0.0,0.0,0.0,0.0,0.0,0.0,0.0,0.0,0.0,0.0,0.0,0.0,0.0,0.0,0.0,0.0,0.0,0.0,0.0,0.0,10.0,8.0,1.0,1.0,2.0,21.0,8.0,22.0,9.0,30.0,40.0,15.0,0.0,0.0,0.0,0.0,0.0,0.0,0.0,0.0,0.0,0.0,0.0,0.0,0.0,0.0,0.0,0.0,0.0,0.0,10.0,12.0,2.0,2.0,2.0,32.0,13.0,36.0,15.0,52.0,65.0,24.0
1029,1.0,1029.0,London_423,newnew,151,453,1092.0,70.0,2.0,151302.0,0.4301384149584919,787.0,23.0,1.0,22.0,48.0,8.0,40.0,247.0,218.0,90.0,19.0,73.0,9.0,35.0,1.0,8.0,6.0,78.0,138.0,231.0,38.0,0.0,0.0,0.0,0.0,0.0,0.0,0.0,0.0,0.0,0.0,0.0,0.0,0.0,0.0,0.0,0.0,0.0,0.0,0.0,0.0,0.0,0.0,0.0,0.0,0.0,0.0,0.0,0.0,1.0,0.0,0.0,0.0,0.0,0.0,1.0,0.0,0.0,0.0,0.0,0.0,0.0,0.0,0.0,6.0,0.0,0.0,0.0,5.0,5.0,6.0,0.0,0.0,0.0,0.0,0.0,0.0,0.0,0.0,2.0,0.0,0.0,0.0,0.0,0.0,3.0,0.0,0.0,0.0,0.0,0.0,0.0,0.0,0.0,9.0,0.0,0.0,0.0,8.0,7.0,7.0
1030,1.0,1030.0,London_423,newnew,151,453,1092.0,70.0,2.0,182106.0,0.8026999660069123,855.0,125.0,2.0,123.0,225.0,18.0,207.0,48.0,219.0,94.0,20.0,64.0,10.0,36.0,1.0,9.0,6.0,81.0,133.0,233.0,44.0,0.0,0.0,0.0,0.0,0.0,0.0,0.0,0.0,0.0,0.0,0.0,0.0,0.0,0.0,0.0,0.0,0.0,0.0,0.0,0.0,0.0,0.0,0.0,0.0,0.0,0.0,0.0,0.0,1.0,0.0,0.0,0.0,0.0,0.0,1.0,0.0,0.0,0.0,4.0,8.0,1.0,5.0,7.0,7.0,11.0,10.0,8.0,31.0,19.0,21.0,0.0,0.0,0.0,0.0,0.0,0.0,0.0,0.0,5.0,0.0,0.0,0.0,0.0,0.0,3.0,0.0,0.0,0.0,4.0,11.0,1.0,6.0,7.0,11.0,12.0,12.0,11.0,43.0,30.0,25.0
1031,1.0,1031.0,London_423,newnew,151,453,1092.0,70.0,2.0,166704.0,0.5229216819861904,821.0,49.0,1.0,48.0,89.0,9.0,80.0,225.0,220.0,85.0,21.0,67.0,12.0,34.0,2.0,12.0,7.0,66.0,155.0,225.0,30.0,0.0,0.0,0.0,0.0,0.0,0.0,0.0,0.0,0.0,0.0,0.0,0.0,0.0,0.0,0.0,0.0,0.0,0.0,0.0,0.0,0.0,0.0,0.0,0.0,0.0,0.0,0.0,0.0,0.0,0.0,0.0,0.0,0.0,0.0,0.0,0.0,0.0,0.0,2.0,0.0,0.0,0.0,0.0,4.0,8.0,5.0,4.0,5.0,8.0,15.0,0.0,0.0,0.0,0.0,0.0,0.0,0.0,0.0,0.0,0.0,0.0,0.0,0.0,0.0,0.0,0.0,0.0,0.0,2.0,0.0,0.0,0.0,0.0,7.0,10.0,7.0,7.0,7.0,12.0,19.0
1032,1.0,1032.0,London_423,newnew,151,453,1092.0,70.0,2.0,178935.0,0.6165224279975519,848.0,64.0,0.0,64.0,109.0,0.0,109.0,89.0,221.0,91.0,23.0,61.0,11.0,36.0,0.0,10.0,3.0,64.0,143.0,243.0,36.0,0.0,0.0,0.0,0.0,0.0,0.0,0.0,0.0,0.0,0.0,0.0,0.0,0.0,0.0,0.0,0.0,0.0,0.0,0.0,0.0,0.0,0.0,0.0,0.0,0.0,0.0,0.0,0.0,0.0,0.0,0.0,0.0,0.0,0.0,0.0,0.0,0.0,0.0,5.0,2.0,2.0,0.0,1.0,9.0,5.0,1.0,14.0,9.0,20.0,7.0,0.0,0.0,0.0,0.0,0.0,0.0,0.0,0.0,0.0,0.0,0.0,0.0,0.0,0.0,0.0,0.0,0.0,0.0,6.0,2.0,2.0,0.0,1.0,10.0,6.0,2.0,18.0,11.0,29.0,8.0
1033,1.0,1033.0,London_423,newnew,151,453,1092.0,70.0,2.0,191166.0,0.7434010409051552,875.0,219.0,0.0,219.0,381.0,0.0,381.0,109.0,219.0,99.0,26.0,61.0,8.0,27.0,1.0,12.0,4.0,73.0,141.0,235.0,41.0,0.0,0.0,0.0,0.0,0.0,0.0,0.0,0.0,0.0,0.0,0.0,0.0,0.0,0.0,0.0,0.0,0.0,0.0,0.0,0.0,0.0,0.0,0.0,0.0,0.0,0.0,0.0,0.0,0.0,0.0,0.0,0.0,0.0,0.0,0.0,0.0,0.0,0.0,0.0,9.0,0.0,6.0,15.0,35.0,12.0,0.0,30.0,46.0,46.0,20.0,0.0,0.0,0.0,0.0,0.0,0.0,0.0,0.0,0.0,0.0,0.0,0.0,0.0,0.0,0.0,0.0,0.0,0.0,0.0,14.0,0.0,8.0,17.0,42.0,15.0,0.0,42.0,68.0,60.0,23.0
1034,1.0,1034.0,London_423,newnew,151,453,1092.0,70.0,2.0,126387.0,0.31293517095036805,732.0,77.0,2.0,75.0,147.0,19.0,128.0,381.0,115.0,155.0,24.0,111.0,11.0,29.0,2.0,6.0,8.0,83.0,145.0,217.0,45.0,0.0,0.0,0.0,0.0,0.0,0.0,0.0,0.0,0.0,0.0,0.0,0.0,0.0,0.0,0.0,0.0,0.0,0.0,0.0,0.0,0.0,0.0,0.0,0.0,0.0,0.0,0.0,0.0,0.0,0.0,0.0,0.0,0.0,0.0,2.0,0.0,0.0,0.0,5.0,1.0,0.0,0.0,0.0,9.0,4.0,1.0,5.0,16.0,13.0,15.0,0.0,0.0,0.0,0.0,0.0,0.0,0.0,0.0,0.0,0.0,0.0,0.0,0.0,0.0,9.0,0.0,0.0,0.0,6.0,1.0,0.0,0.0,0.0,10.0,4.0,2.0,6.0,20.0,20.0,21.0
1035,1.0,1035.0,London_423,newnew,151,453,1092.0,70.0,2.0,131823.0,0.3562933970242739,744.0,34.0,1.0,33.0,64.0,9.0,55.0,147.0,136.0,160.0,23.0,101.0,7.0,19.0,1.0,6.0,6.0,87.0,135.0,225.0,50.0,0.0,0.0,0.0,0.0,0.0,0.0,0.0,0.0,0.0,0.0,0.0,0.0,0.0,0.0,0.0,0.0,0.0,0.0,0.0,0.0,0.0,0.0,0.0,0.0,0.0,0.0,0.0,0.0,1.0,0.0,0.0,0.0,0.0,0.0,1.0,0.0,0.0,0.0,0.0,0.0,0.0,1.0,0.0,0.0,3.0,2.0,4.0,4.0,5.0,10.0,0.0,0.0,0.0,0.0,0.0,0.0,0.0,0.0,2.0,0.0,0.0,0.0,0.0,0.0,6.0,0.0,0.0,0.0,0.0,0.0,0.0,2.0,0.0,0.0,4.0,2.0,4.0,6.0,9.0,11.0
1036,1.0,1036.0,London_423,newnew,151,453,1092.0,70.0,2.0,155832.0,0.5315042639849707,797.0,67.0,2.0,65.0,117.0,19.0,98.0,64.0,138.0,155.0,25.0,97.0,7.0,23.0,1.0,7.0,5.0,92.0,138.0,218.0,51.0,0.0,0.0,0.0,0.0,0.0,0.0,0.0,0.0,0.0,0.0,0.0,0.0,0.0,0.0,0.0,0.0,0.0,0.0,0.0,0.0,0.0,0.0,0.0,0.0,0.0,0.0,0.0,0.0,0.0,0.0,0.0,1.0,0.0,0.0,0.0,0.0,0.0,0.0,3.0,1.0,0.0,0.0,0.0,8.0,4.0,2.0,6.0,11.0,12.0,14.0,0.0,0.0,0.0,0.0,0.0,0.0,0.0,0.0,0.0,0.0,0.0,5.0,0.0,0.0,0.0,0.0,0.0,0.0,3.0,2.0,0.0,0.0,0.0,9.0,4.0,2.0,10.0,17.0,14.0,18.0
1037,1.0,1037.0,London_423,newnew,151,453,1092.0,70.0,2.0,164439.0,0.6954484659945592,816.0,109.0,2.0,107.0,186.0,16.0,170.0,117.0,148.0,154.0,22.0,81.0,7.0,32.0,3.0,6.0,5.0,89.0,139.0,220.0,46.0,0.0,0.0,0.0,0.0,0.0,0.0,0.0,0.0,0.0,0.0,0.0,0.0,0.0,0.0,0.0,0.0,0.0,0.0,0.0,0.0,0.0,0.0,0.0,0.0,0.0,0.0,0.0,0.0,1.0,0.0,0.0,1.0,0.0,1.0,2.0,0.0,0.0,0.0,10.0,7.0,2.0,3.0,1.0,19.0,9.0,5.0,15.0,25.0,17.0,27.0,0.0,0.0,0.0,0.0,0.0,0.0,0.0,0.0,2.0,0.0,0.0,5.0,0.0,5.0,4.0,0.0,0.0,0.0,12.0,11.0,2.0,5.0,1.0,23.0,12.0,6.0,22.0,40.0,28.0,39.0
1038,1.0,1038.0,London_423,newnew,151,453,1092.0,70.0,2.0,159456.0,0.5022307849721983,805.0,9.0,2.0,7.0,28.0,18.0,10.0,186.0,159.0,151.0,21.0,63.0,12.0,33.0,4.0,10.0,6.0,79.0,146.0,222.0,48.0,0.0,0.0,0.0,0.0,0.0,0.0,0.0,0.0,0.0,0.0,0.0,0.0,0.0,0.0,0.0,0.0,0.0,0.0,0.0,0.0,0.0,0.0,0.0,0.0,0.0,0.0,0.0,0.0,1.0,0.0,0.0,1.0,0.0,0.0,2.0,0.0,0.0,0.0,0.0,0.0,0.0,0.0,0.0,0.0,3.0,0.0,0.0,2.0,1.0,1.0,0.0,0.0,0.0,0.0,0.0,0.0,0.0,0.0,3.0,0.0,0.0,5.0,0.0,0.0,4.0,0.0,0.0,0.0,0.0,0.0,0.0,0.0,0.0,0.0,3.0,0.0,0.0,4.0,1.0,2.0
1039,1.0,1039.0,London_423,newnew,151,453,1092.0,70.0,2.0,193884.0,0.8438557019690052,881.0,165.0,0.0,165.0,269.0,0.0,269.0,28.0,156.0,150.0,18.0,70.0,9.0,35.0,5.0,10.0,4.0,85.0,133.0,231.0,44.0,0.0,0.0,0.0,0.0,0.0,0.0,0.0,0.0,0.0,0.0,0.0,0.0,0.0,0.0,0.0,0.0,0.0,0.0,0.0,0.0,0.0,0.0,0.0,0.0,0.0,0.0,0.0,0.0,0.0,0.0,0.0,0.0,0.0,0.0,0.0,0.0,0.0,0.0,1.0,8.0,0.0,5.0,10.0,14.0,11.0,11.0,9.0,30.0,40.0,28.0,0.0,0.0,0.0,0.0,0.0,0.0,0.0,0.0,0.0,0.0,0.0,0.0,0.0,0.0,0.0,0.0,0.0,0.0,1.0,10.0,0.0,7.0,10.0,16.0,17.0,14.0,12.0,43.0,57.0,32.0
1040,1.0,1040.0,London_423,newnew,151,453,1092.0,70.0,2.0,153114.0,0.4999906640732661,791.0,68.0,0.0,68.0,118.0,0.0,118.0,269.0,167.0,126.0,17.0,75.0,10.0,44.0,7.0,7.0,7.0,90.0,139.0,217.0,41.0,0.0,0.0,0.0,0.0,0.0,0.0,0.0,0.0,0.0,0.0,0.0,0.0,0.0,0.0,0.0,0.0,0.0,0.0,0.0,0.0,0.0,0.0,0.0,0.0,0.0,0.0,0.0,0.0,0.0,0.0,0.0,0.0,0.0,0.0,0.0,0.0,0.0,0.0,4.0,1.0,1.0,0.0,2.0,4.0,3.0,10.0,5.0,12.0,12.0,11.0,0.0,0.0,0.0,0.0,0.0,0.0,0.0,0.0,0.0,0.0,0.0,0.0,0.0,0.0,0.0,0.0,0.0,0.0,5.0,1.0,1.0,0.0,2.0,4.0,3.0,13.0,8.0,19.0,13.0,15.0
1041,1.0,1041.0,London_423,newnew,151,453,1092.0,70.0,2.0,173499.0,0.7563349630217999,836.0,171.0,1.0,170.0,300.0,10.0,290.0,118.0,172.0,135.0,6.0,74.0,6.0,50.0,6.0,4.0,10.0,81.0,144.0,218.0,60.0,0.0,0.0,0.0,0.0,0.0,0.0,0.0,0.0,0.0,0.0,0.0,0.0,0.0,0.0,0.0,0.0,0.0,0.0,0.0,0.0,0.0,0.0,0.0,0.0,0.0,0.0,0.0,0.0,0.0,1.0,0.0,1.0,0.0,0.0,1.0,0.0,0.0,0.0,1.0,4.0,1.0,0.0,2.0,20.0,6.0,3.0,15.0,32.0,42.0,20.0,0.0,0.0,0.0,0.0,0.0,0.0,0.0,0.0,0.0,8.0,0.0,8.0,0.0,0.0,1.0,0.0,0.0,0.0,2.0,4.0,1.0,0.0,2.0,27.0,9.0,3.0,20.0,45.0,59.0,26.0
1042,1.0,1042.0,London_423,newnew,151,453,1092.0,70.0,2.0,135447.0,0.39168850309215486,752.0,27.0,0.0,27.0,44.0,0.0,44.0,300.0,172.0,121.0,19.0,82.0,6.0,42.0,4.0,7.0,10.0,87.0,148.0,208.0,44.0,0.0,0.0,0.0,0.0,0.0,0.0,0.0,0.0,0.0,0.0,0.0,0.0,0.0,0.0,0.0,0.0,0.0,0.0,0.0,0.0,0.0,0.0,0.0,0.0,0.0,0.0,0.0,0.0,0.0,0.0,0.0,0.0,0.0,0.0,0.0,0.0,0.0,0.0,1.0,0.0,0.0,0.0,0.0,3.0,2.0,2.0,4.0,3.0,3.0,7.0,0.0,0.0,0.0,0.0,0.0,0.0,0.0,0.0,0.0,0.0,0.0,0.0,0.0,0.0,0.0,0.0,0.0,0.0,1.0,0.0,0.0,0.0,0.0,3.0,2.0,3.0,5.0,5.0,3.0,7.0
1043,1.0,1043.0,London_423,newnew,151,453,1092.0,70.0,2.0,161268.0,0.5050707389600575,809.0,4.0,2.0,2.0,22.0,18.0,4.0,44.0,178.0,126.0,18.0,74.0,5.0,45.0,4.0,3.0,10.0,86.0,142.0,215.0,42.0,0.0,0.0,0.0,0.0,0.0,0.0,0.0,0.0,0.0,0.0,0.0,0.0,0.0,0.0,0.0,0.0,0.0,0.0,0.0,0.0,0.0,0.0,0.0,0.0,0.0,0.0,0.0,0.0,2.0,0.0,0.0,1.0,1.0,0.0,2.0,0.0,0.0,0.0,0.0,0.0,0.0,0.0,0.0,0.0,0.0,0.0,1.0,2.0,0.0,0.0,0.0,0.0,0.0,0.0,0.0,0.0,0.0,0.0,5.0,0.0,0.0,4.0,6.0,0.0,8.0,0.0,0.0,0.0,0.0,0.0,0.0,0.0,0.0,0.0,0.0,0.0,1.0,4.0,0.0,0.0
1044,1.0,1044.0,London_423,newnew,151,453,1092.0,70.0,2.0,199320.0,0.6371620619902387,893.0,203.0,1.0,202.0,356.0,9.0,347.0,22.0,178.0,129.0,17.0,83.0,0.0,39.0,4.0,3.0,8.0,88.0,138.0,219.0,38.0,0.0,0.0,0.0,0.0,0.0,0.0,0.0,0.0,0.0,0.0,0.0,0.0,0.0,0.0,0.0,0.0,0.0,0.0,0.0,0.0,0.0,0.0,0.0,0.0,0.0,0.0,0.0,0.0,0.0,0.0,0.0,0.0,0.0,0.0,0.0,0.0,0.0,0.0,7.0,20.0,2.0,5.0,0.0,10.0,6.0,8.0,16.0,44.0,40.0,33.0,0.0,0.0,0.0,0.0,0.0,0.0,0.0,0.0,0.0,0.0,0.0,0.0,0.0,0.0,0.0,0.0,0.0,0.0,9.0,26.0,2.0,6.0,0.0,13.0,6.0,9.0,21.0,68.0,55.0,43.0
1045,1.0,1045.0,London_423,newnew,151,453,1092.0,70.0,2.0,137712.0,0.36432921700179577,757.0,30.0,0.0,30.0,53.0,0.0,53.0,356.0,130.0,135.0,25.0,106.0,3.0,45.0,2.0,7.0,11.0,76.0,149.0,217.0,47.0,0.0,0.0,0.0,0.0,0.0,0.0,0.0,0.0,0.0,0.0,0.0,0.0,0.0,0.0,0.0,0.0,0.0,0.0,0.0,0.0,0.0,0.0,0.0,0.0,0.0,0.0,0.0,0.0,0.0,0.0,0.0,0.0,0.0,0.0,0.0,0.0,0.0,0.0,0.0,2.0,1.0,0.0,0.0,3.0,1.0,2.0,9.0,9.0,4.0,10.0,0.0,0.0,0.0,0.0,0.0,0.0,0.0,0.0,0.0,0.0,0.0,0.0,0.0,0.0,0.0,0.0,0.0,0.0,0.0,3.0,1.0,0.0,0.0,3.0,1.0,3.0,14.0,15.0,7.0,16.0
1046,1.0,1046.0,London_423,newnew,151,453,1092.0,70.0,2.0,157644.0,0.46643089409917593,801.0,121.0,0.0,121.0,221.0,0.0,221.0,53.0,133.0,131.0,28.0,109.0,4.0,39.0,2.0,7.0,12.0,81.0,143.0,217.0,54.0,0.0,0.0,0.0,0.0,0.0,0.0,0.0,0.0,0.0,0.0,0.0,0.0,0.0,0.0,0.0,0.0,0.0,0.0,0.0,0.0,0.0,0.0,0.0,0.0,0.0,0.0,0.0,0.0,0.0,0.0,0.0,0.0,0.0,0.0,0.0,0.0,0.0,0.0,2.0,7.0,1.0,0.0,0.0,7.0,8.0,9.0,9.0,19.0,39.0,34.0,0.0,0.0,0.0,0.0,0.0,0.0,0.0,0.0,0.0,0.0,0.0,0.0,0.0,0.0,0.0,0.0,0.0,0.0,3.0,15.0,2.0,0.0,0.0,10.0,10.0,12.0,12.0,28.0,59.0,47.0
1047,1.0,1047.0,London_423,newnew,151,453,1092.0,70.0,2.0,134994.0,0.4561839880188927,751.0,188.0,2.0,186.0,344.0,19.0,325.0,221.0,146.0,116.0,23.0,113.0,6.0,40.0,2.0,7.0,17.0,71.0,163.0,202.0,72.0,0.0,0.0,0.0,0.0,0.0,0.0,0.0,0.0,0.0,0.0,0.0,0.0,0.0,0.0,0.0,0.0,0.0,0.0,0.0,0.0,0.0,0.0,0.0,0.0,0.0,0.0,0.0,0.0,0.0,0.0,0.0,0.0,0.0,1.0,2.0,0.0,0.0,0.0,3.0,3.0,1.0,2.0,0.0,11.0,13.0,7.0,22.0,36.0,42.0,45.0,0.0,0.0,0.0,0.0,0.0,0.0,0.0,0.0,0.0,0.0,0.0,0.0,0.0,8.0,5.0,0.0,0.0,0.0,4.0,4.0,1.0,3.0,0.0,13.0,15.0,10.0,32.0,49.0,63.0,55.0
1048,1.0,1048.0,London_423,newnew,151,453,1092.0,70.0,2.0,77916.0,0.1905389919411391,625.0,16.0,0.0,16.0,26.0,0.0,26.0,344.0,130.0,132.0,28.0,101.0,5.0,48.0,1.0,8.0,9.0,65.0,149.0,230.0,52.0,0.0,0.0,0.0,0.0,0.0,0.0,0.0,0.0,0.0,0.0,0.0,0.0,0.0,0.0,0.0,0.0,0.0,0.0,0.0,0.0,0.0,0.0,0.0,0.0,0.0,0.0,0.0,0.0,0.0,0.0,0.0,0.0,0.0,0.0,0.0,0.0,0.0,0.0,0.0,0.0,0.0,0.0,0.0,0.0,3.0,1.0,1.0,3.0,5.0,2.0,0.0,0.0,0.0,0.0,0.0,0.0,0.0,0.0,0.0,0.0,0.0,0.0,0.0,0.0,0.0,0.0,0.0,0.0,0.0,0.0,0.0,0.0,0.0,0.0,3.0,1.0,1.0,3.0,7.0,3.0
1049,1.0,1049.0,London_423,newnew,151,453,1092.0,70.0,2.0,96942.0,0.20286146400030702,667.0,14.0,2.0,12.0,39.0,16.0,23.0,26.0,132.0,131.0,31.0,92.0,7.0,51.0,1.0,8.0,10.0,65.0,152.0,226.0,48.0,0.0,0.0,0.0,0.0,0.0,0.0,0.0,0.0,0.0,0.0,0.0,0.0,0.0,0.0,0.0,0.0,0.0,0.0,0.0,0.0,0.0,0.0,0.0,0.0,0.0,0.0,0.0,0.0,0.0,0.0,0.0,0.0,0.0,2.0,2.0,0.0,0.0,0.0,1.0,0.0,0.0,0.0,0.0,0.0,2.0,0.0,2.0,4.0,2.0,2.0,0.0,0.0,0.0,0.0,0.0,0.0,0.0,0.0,0.0,0.0,0.0,0.0,0.0,10.0,9.0,0.0,0.0,0.0,1.0,0.0,0.0,0.0,0.0,0.0,2.0,0.0,4.0,6.0,3.0,2.0
1050,1.0,1050.0,London_423,newnew,151,453,1092.0,70.0,2.0,132729.0,0.32481521600857377,746.0,47.0,1.0,46.0,89.0,9.0,80.0,39.0,135.0,125.0,33.0,96.0,7.0,48.0,1.0,8.0,9.0,68.0,145.0,231.0,45.0,0.0,0.0,0.0,0.0,0.0,0.0,0.0,0.0,0.0,0.0,0.0,0.0,0.0,0.0,0.0,0.0,0.0,0.0,0.0,0.0,0.0,0.0,0.0,0.0,0.0,0.0,0.0,0.0,1.0,0.0,0.0,0.0,0.0,0.0,0.0,0.0,0.0,0.0,1.0,0.0,0.0,0.0,0.0,1.0,5.0,2.0,5.0,10.0,11.0,9.0,0.0,0.0,0.0,0.0,0.0,0.0,0.0,0.0,1.0,0.0,0.0,0.0,0.0,0.0,0.0,0.0,0.0,0.0,1.0,0.0,0.0,0.0,0.0,3.0,8.0,2.0,7.0,14.0,13.0,10.0
1051,1.0,1051.0,London_423,newnew,151,453,1092.0,70.0,2.0,153114.0,0.3980068580713123,791.0,10.0,2.0,8.0,36.0,18.0,18.0,89.0,138.0,136.0,32.0,100.0,2.0,40.0,0.0,5.0,7.0,70.0,150.0,226.0,46.0,0.0,0.0,0.0,0.0,0.0,0.0,0.0,0.0,0.0,0.0,0.0,0.0,0.0,0.0,0.0,0.0,0.0,0.0,0.0,0.0,0.0,0.0,0.0,0.0,0.0,0.0,0.0,0.0,2.0,0.0,0.0,1.0,1.0,0.0,0.0,0.0,0.0,0.0,1.0,1.0,0.0,0.0,0.0,0.0,1.0,0.0,2.0,4.0,1.0,2.0,0.0,0.0,0.0,0.0,0.0,0.0,0.0,0.0,9.0,0.0,0.0,2.0,7.0,0.0,0.0,0.0,0.0,0.0,2.0,1.0,0.0,0.0,0.0,0.0,1.0,0.0,3.0,4.0,3.0,2.0
1052,1.0,1052.0,London_423,newnew,151,453,1092.0,70.0,2.0,183012.0,0.7114662840031087,857.0,154.0,2.0,152.0,280.0,17.0,263.0,36.0,143.0,136.0,27.0,101.0,1.0,37.0,1.0,7.0,10.0,72.0,139.0,232.0,45.0,0.0,0.0,0.0,0.0,0.0,0.0,0.0,0.0,0.0,0.0,0.0,0.0,0.0,0.0,0.0,0.0,0.0,0.0,0.0,0.0,0.0,0.0,0.0,0.0,0.0,0.0,0.0,0.0,0.0,0.0,0.0,1.0,0.0,0.0,2.0,0.0,0.0,0.0,3.0,13.0,11.0,0.0,0.0,18.0,8.0,13.0,10.0,25.0,37.0,26.0,0.0,0.0,0.0,0.0,0.0,0.0,0.0,0.0,0.0,0.0,0.0,2.0,0.0,0.0,7.0,0.0,0.0,0.0,3.0,16.0,13.0,0.0,0.0,22.0,10.0,18.0,14.0,36.0,50.0,32.0
1053,1.0,1053.0,London_423,newnew,151,453,1092.0,70.0,2.0,147678.0,0.4281876719323918,779.0,72.0,0.0,72.0,127.0,0.0,127.0,280.0,135.0,134.0,20.0,115.0,1.0,40.0,3.0,5.0,10.0,78.0,136.0,229.0,49.0,0.0,0.0,0.0,0.0,0.0,0.0,0.0,0.0,0.0,0.0,0.0,0.0,0.0,0.0,0.0,0.0,0.0,0.0,0.0,0.0,0.0,0.0,0.0,0.0,0.0,0.0,0.0,0.0,0.0,0.0,0.0,0.0,0.0,0.0,0.0,0.0,0.0,0.0,6.0,0.0,0.0,0.0,0.0,7.0,4.0,5.0,6.0,12.0,21.0,11.0,0.0,0.0,0.0,0.0,0.0,0.0,0.0,0.0,0.0,0.0,0.0,0.0,0.0,0.0,0.0,0.0,0.0,0.0,6.0,0.0,0.0,0.0,0.0,9.0,5.0,6.0,8.0,20.0,30.0,19.0
1054,1.0,1054.0,London_423,newnew,151,453,1092.0,70.0,2.0,149037.0,0.49636183690745384,782.0,128.0,2.0,126.0,232.0,19.0,213.0,127.0,140.0,130.0,19.0,108.0,5.0,44.0,0.0,7.0,11.0,72.0,137.0,233.0,61.0,0.0,0.0,0.0,0.0,0.0,0.0,0.0,0.0,0.0,0.0,0.0,0.0,0.0,0.0,0.0,0.0,0.0,0.0,0.0,0.0,0.0,0.0,0.0,0.0,0.0,0.0,0.0,0.0,2.0,0.0,0.0,2.0,1.0,0.0,1.0,0.0,0.0,0.0,8.0,6.0,1.0,2.0,4.0,10.0,10.0,2.0,11.0,18.0,28.0,19.0,0.0,0.0,0.0,0.0,0.0,0.0,0.0,0.0,9.0,0.0,0.0,8.0,6.0,0.0,4.0,0.0,0.0,0.0,12.0,7.0,1.0,4.0,4.0,15.0,17.0,5.0,12.0,25.0,43.0,30.0
1055,1.0,1055.0,London_423,newnew,151,453,1092.0,70.0,2.0,127293.0,0.3264762810431421,734.0,5.0,0.0,5.0,7.0,0.0,7.0,232.0,153.0,139.0,12.0,109.0,6.0,28.0,2.0,4.0,18.0,83.0,148.0,204.0,64.0,0.0,0.0,0.0,0.0,0.0,0.0,0.0,0.0,0.0,0.0,0.0,0.0,0.0,0.0,0.0,0.0,0.0,0.0,0.0,0.0,0.0,0.0,0.0,0.0,0.0,0.0,0.0,0.0,0.0,0.0,0.0,0.0,0.0,0.0,0.0,0.0,0.0,0.0,0.0,0.0,0.0,0.0,0.0,0.0,0.0,0.0,0.0,0.0,0.0,0.0,0.0,0.0,0.0,0.0,0.0,0.0,0.0,0.0,0.0,0.0,0.0,0.0,0.0,0.0,0.0,0.0,0.0,0.0,0.0,0.0,0.0,0.0,0.0,0.0,0.0,0.0,0.0,0.0,0.0,0.0
1056,1.0,1056.0,London_423,newnew,151,453,1092.0,70.0,2.0,168516.0,0.7454464330803603,825.0,160.0,0.0,160.0,291.0,0.0,291.0,7.0,156.0,138.0,12.0,107.0,6.0,28.0,2.0,4.0,18.0,83.0,146.0,206.0,64.0,0.0,0.0,0.0,0.0,0.0,0.0,0.0,0.0,0.0,0.0,0.0,0.0,0.0,0.0,0.0,0.0,0.0,0.0,0.0,0.0,0.0,0.0,0.0,0.0,0.0,0.0,0.0,0.0,0.0,0.0,0.0,0.0,0.0,0.0,0.0,0.0,0.0,0.0,1.0,5.0,9.0,0.0,3.0,14.0,13.0,1.0,11.0,31.0,35.0,23.0,0.0,0.0,0.0,0.0,0.0,0.0,0.0,0.0,0.0,0.0,0.0,0.0,0.0,0.0,0.0,0.0,0.0,0.0,1.0,7.0,13.0,0.0,5.0,18.0,21.0,1.0,16.0,51.0,51.0,30.0
1057,1.0,1057.0,London_423,newnew,151,453,1092.0,70.0,2.0,130011.0,0.5344908060505986,740.0,87.0,2.0,85.0,158.0,18.0,140.0,291.0,168.0,138.0,19.0,78.0,8.0,33.0,3.0,6.0,5.0,72.0,161.0,215.0,43.0,0.0,0.0,0.0,0.0,0.0,0.0,0.0,0.0,0.0,0.0,0.0,0.0,0.0,0.0,0.0,0.0,0.0,0.0,0.0,0.0,0.0,0.0,0.0,0.0,0.0,0.0,0.0,0.0,0.0,0.0,0.0,1.0,0.0,1.0,2.0,0.0,0.0,0.0,2.0,4.0,0.0,1.0,0.0,7.0,4.0,9.0,11.0,20.0,15.0,12.0,0.0,0.0,0.0,0.0,0.0,0.0,0.0,0.0,0.0,0.0,0.0,6.0,0.0,6.0,11.0,0.0,0.0,0.0,2.0,5.0,0.0,1.0,0.0,10.0,6.0,11.0,11.0,31.0,22.0,13.0
1058,1.0,1058.0,London_423,newnew,151,453,1092.0,70.0,2.0,131823.0,0.46630952309351414,744.0,32.0,0.0,32.0,55.0,0.0,55.0,158.0,181.0,152.0,18.0,54.0,4.0,30.0,4.0,10.0,7.0,70.0,160.0,216.0,52.0,0.0,0.0,0.0,0.0,0.0,0.0,0.0,0.0,0.0,0.0,0.0,0.0,0.0,0.0,0.0,0.0,0.0,0.0,0.0,0.0,0.0,0.0,0.0,0.0,0.0,0.0,0.0,0.0,0.0,0.0,0.0,0.0,0.0,0.0,0.0,0.0,0.0,0.0,1.0,1.0,0.0,1.0,0.0,2.0,2.0,1.0,5.0,9.0,7.0,10.0,0.0,0.0,0.0,0.0,0.0,0.0,0.0,0.0,0.0,0.0,0.0,0.0,0.0,0.0,0.0,0.0,0.0,0.0,1.0,1.0,0.0,1.0,0.0,4.0,3.0,1.0,6.0,12.0,11.0,10.0
1059,1.0,1059.0,London_423,newnew,151,453,1092.0,70.0,2.0,155379.0,0.4346154249506071,796.0,7.0,1.0,6.0,20.0,9.0,11.0,55.0,185.0,150.0,20.0,44.0,4.0,33.0,4.0,13.0,7.0,73.0,168.0,205.0,59.0,0.0,0.0,0.0,0.0,0.0,0.0,0.0,0.0,0.0,0.0,0.0,0.0,0.0,0.0,0.0,0.0,0.0,0.0,0.0,0.0,0.0,0.0,0.0,0.0,0.0,0.0,0.0,0.0,1.0,0.0,0.0,1.0,0.0,1.0,1.0,0.0,0.0,0.0,1.0,0.0,0.0,0.0,0.0,3.0,0.0,0.0,1.0,0.0,2.0,2.0,0.0,0.0,0.0,0.0,0.0,0.0,0.0,0.0,1.0,0.0,0.0,2.0,0.0,4.0,3.0,0.0,0.0,0.0,1.0,0.0,0.0,0.0,0.0,5.0,0.0,0.0,1.0,0.0,3.0,3.0
1060,1.0,1060.0,London_423,newnew,151,453,1092.0,70.0,2.0,196149.0,0.8693847970571369,886.0,97.0,0.0,97.0,170.0,0.0,170.0,20.0,179.0,154.0,22.0,47.0,2.0,32.0,4.0,13.0,7.0,74.0,161.0,211.0,60.0,0.0,0.0,0.0,0.0,0.0,0.0,0.0,0.0,0.0,0.0,0.0,0.0,0.0,0.0,0.0,0.0,0.0,0.0,0.0,0.0,0.0,0.0,0.0,0.0,0.0,0.0,0.0,0.0,0.0,0.0,0.0,0.0,0.0,0.0,0.0,0.0,0.0,0.0,0.0,0.0,0.0,0.0,4.0,8.0,3.0,6.0,2.0,18.0,20.0,12.0,0.0,0.0,0.0,0.0,0.0,0.0,0.0,0.0,0.0,0.0,0.0,0.0,0.0,0.0,0.0,0.0,0.0,0.0,0.0,0.0,0.0,0.0,4.0,10.0,4.0,10.0,4.0,22.0,30.0,14.0
1061,1.0,1061.0,London_423,newnew,151,453,1092.0,70.0,2.0,194337.0,0.744844201952219,882.0,105.0,2.0,103.0,187.0,17.0,170.0,170.0,179.0,151.0,16.0,50.0,5.0,35.0,4.0,13.0,6.0,76.0,151.0,220.0,57.0,0.0,0.0,0.0,0.0,0.0,0.0,0.0,0.0,0.0,0.0,0.0,0.0,0.0,0.0,0.0,0.0,0.0,0.0,0.0,0.0,0.0,0.0,0.0,0.0,0.0,0.0,0.0,0.0,1.0,0.0,0.0,1.0,1.0,0.0,0.0,0.0,0.0,0.0,3.0,1.0,0.0,3.0,1.0,13.0,4.0,4.0,11.0,22.0,20.0,10.0,0.0,0.0,0.0,0.0,0.0,0.0,0.0,0.0,1.0,0.0,0.0,1.0,6.0,0.0,0.0,0.0,0.0,0.0,3.0,1.0,0.0,4.0,1.0,16.0,6.0,5.0,14.0,28.0,27.0,13.0
1062,1.0,1062.0,London_423,newnew,151,453,1092.0,70.0,2.0,201585.0,0.9113483690889552,898.0,183.0,0.0,183.0,320.0,0.0,320.0,187.0,181.0,140.0,16.0,55.0,6.0,41.0,5.0,9.0,3.0,86.0,138.0,226.0,47.0,0.0,0.0,0.0,0.0,0.0,0.0,0.0,0.0,0.0,0.0,0.0,0.0,0.0,0.0,0.0,0.0,0.0,0.0,0.0,0.0,0.0,0.0,0.0,0.0,0.0,0.0,0.0,0.0,0.0,0.0,0.0,0.0,0.0,0.0,0.0,0.0,0.0,0.0,3.0,10.0,1.0,5.0,13.0,15.0,2.0,10.0,19.0,41.0,45.0,28.0,0.0,0.0,0.0,0.0,0.0,0.0,0.0,0.0,0.0,0.0,0.0,0.0,0.0,0.0,0.0,0.0,0.0,0.0,4.0,13.0,1.0,8.0,13.0,17.0,2.0,11.0,23.0,59.0,71.0,37.0
1063,1.0,1063.0,London_423,newnew,151,453,1092.0,70.0,2.0,159909.0,0.5209553620079532,806.0,82.0,1.0,81.0,146.0,12.0,134.0,320.0,149.0,113.0,21.0,121.0,8.0,32.0,1.0,8.0,8.0,90.0,129.0,226.0,54.0,0.0,0.0,0.0,0.0,0.0,0.0,0.0,0.0,0.0,0.0,0.0,0.0,0.0,0.0,0.0,0.0,0.0,0.0,0.0,0.0,0.0,0.0,0.0,0.0,0.0,0.0,0.0,0.0,1.0,0.0,0.0,1.0,0.0,0.0,0.0,0.0,0.0,0.0,3.0,2.0,0.0,1.0,1.0,13.0,3.0,5.0,6.0,14.0,21.0,14.0,0.0,0.0,0.0,0.0,0.0,0.0,0.0,0.0,4.0,0.0,0.0,6.0,0.0,0.0,0.0,0.0,0.0,0.0,5.0,2.0,0.0,2.0,1.0,16.0,4.0,5.0,7.0,16.0,32.0,18.0
1064,1.0,1064.0,London_423,newnew,151,453,1092.0,70.0,2.0,163986.0,0.585744678042829,815.0,108.0,2.0,106.0,193.0,16.0,177.0,146.0,154.0,118.0,16.0,122.0,3.0,31.0,0.0,9.0,7.0,100.0,136.0,210.0,63.0,0.0,0.0,0.0,0.0,0.0,0.0,0.0,0.0,0.0,0.0,0.0,0.0,0.0,0.0,0.0,0.0,0.0,0.0,0.0,0.0,0.0,0.0,0.0,0.0,0.0,0.0,0.0,0.0,2.0,0.0,0.0,1.0,0.0,0.0,2.0,0.0,0.0,0.0,3.0,5.0,1.0,1.0,1.0,12.0,3.0,6.0,6.0,12.0,26.0,28.0,0.0,0.0,0.0,0.0,0.0,0.0,0.0,0.0,2.0,0.0,0.0,7.0,0.0,0.0,6.0,0.0,0.0,0.0,4.0,7.0,1.0,1.0,1.0,16.0,4.0,6.0,8.0,17.0,37.0,37.0
1065,1.0,1065.0,London_423,newnew,151,453,1092.0,70.0,2.0,148584.0,0.5533332150662318,781.0,55.0,2.0,53.0,123.0,18.0,105.0,193.0,159.0,117.0,11.0,121.0,4.0,31.0,3.0,7.0,4.0,89.0,139.0,221.0,71.0,0.0,0.0,0.0,0.0,0.0,0.0,0.0,0.0,0.0,0.0,0.0,0.0,0.0,0.0,0.0,0.0,0.0,0.0,0.0,0.0,0.0,0.0,0.0,0.0,0.0,0.0,0.0,0.0,0.0,1.0,0.0,1.0,0.0,1.0,1.0,0.0,0.0,0.0,1.0,1.0,0.0,0.0,0.0,10.0,4.0,3.0,1.0,10.0,14.0,11.0,0.0,0.0,0.0,0.0,0.0,0.0,0.0,0.0,0.0,5.0,0.0,4.0,0.0,7.0,5.0,0.0,0.0,0.0,1.0,1.0,0.0,0.0,0.0,13.0,7.0,4.0,1.0,13.0,20.0,14.0
1066,1.0,1066.0,London_423,newnew,151,453,1092.0,70.0,2.0,154926.0,0.6083023520186543,795.0,91.0,1.0,90.0,164.0,9.0,155.0,123.0,175.0,118.0,20.0,98.0,4.0,31.0,3.0,4.0,2.0,83.0,134.0,234.0,60.0,0.0,0.0,0.0,0.0,0.0,0.0,0.0,0.0,0.0,0.0,0.0,0.0,0.0,0.0,0.0,0.0,0.0,0.0,0.0,0.0,0.0,0.0,0.0,0.0,0.0,0.0,0.0,0.0,0.0,0.0,0.0,0.0,0.0,0.0,0.0,0.0,0.0,0.0,1.0,5.0,0.0,1.0,1.0,13.0,4.0,1.0,15.0,13.0,19.0,18.0,0.0,0.0,0.0,0.0,0.0,0.0,0.0,0.0,0.0,0.0,0.0,0.0,0.0,0.0,0.0,0.0,0.0,0.0,1.0,7.0,0.0,1.0,1.0,20.0,7.0,1.0,20.0,20.0,32.0,20.0
1067,1.0,1067.0,London_423,newnew,151,453,1092.0,70.0,2.0,153114.0,0.5902681619627401,791.0,120.0,0.0,120.0,210.0,0.0,210.0,164.0,181.0,106.0,14.0,115.0,6.0,30.0,0.0,1.0,5.0,73.0,138.0,237.0,54.0,0.0,0.0,0.0,0.0,0.0,0.0,0.0,0.0,0.0,0.0,0.0,0.0,0.0,0.0,0.0,0.0,0.0,0.0,0.0,0.0,0.0,0.0,0.0,0.0,0.0,0.0,0.0,0.0,0.0,0.0,0.0,0.0,0.0,0.0,0.0,0.0,0.0,0.0,5.0,9.0,0.0,1.0,3.0,13.0,15.0,6.0,7.0,18.0,26.0,15.0,0.0,0.0,0.0,0.0,0.0,0.0,0.0,0.0,0.0,0.0,0.0,0.0,0.0,0.0,0.0,0.0,0.0,0.0,5.0,15.0,0.0,1.0,3.0,18.0,21.0,8.0,11.0,26.0,38.0,21.0
1068,1.0,1068.0,London_423,newnew,151,453,1092.0,70.0,2.0,131823.0,0.506135863950476,744.0,88.0,0.0,88.0,165.0,0.0,165.0,210.0,192.0,118.0,20.0,78.0,6.0,30.0,3.0,6.0,3.0,70.0,149.0,231.0,53.0,0.0,0.0,0.0,0.0,0.0,0.0,0.0,0.0,0.0,0.0,0.0,0.0,0.0,0.0,0.0,0.0,0.0,0.0,0.0,0.0,0.0,0.0,0.0,0.0,0.0,0.0,0.0,0.0,0.0,0.0,0.0,0.0,0.0,0.0,0.0,0.0,0.0,0.0,1.0,0.0,0.0,1.0,0.0,14.0,7.0,6.0,10.0,18.0,29.0,21.0,0.0,0.0,0.0,0.0,0.0,0.0,0.0,0.0,0.0,0.0,0.0,0.0,0.0,0.0,0.0,0.0,0.0,0.0,1.0,0.0,0.0,1.0,0.0,20.0,11.0,10.0,15.0,31.0,38.0,29.0
1069,1.0,1069.0,London_423,newnew,151,453,1092.0,70.0,2.0,124575.0,0.5706762000918388,728.0,76.0,2.0,74.0,146.0,19.0,127.0,165.0,192.0,131.0,17.0,68.0,4.0,32.0,0.0,9.0,5.0,76.0,130.0,242.0,49.0,0.0,0.0,0.0,0.0,0.0,0.0,0.0,0.0,0.0,0.0,0.0,0.0,0.0,0.0,0.0,0.0,0.0,0.0,0.0,0.0,0.0,0.0,0.0,0.0,0.0,0.0,0.0,0.0,0.0,0.0,0.0,1.0,1.0,0.0,2.0,0.0,0.0,0.0,3.0,4.0,0.0,1.0,2.0,21.0,4.0,5.0,8.0,16.0,13.0,15.0,0.0,0.0,0.0,0.0,0.0,0.0,0.0,0.0,0.0,0.0,0.0,4.0,9.0,0.0,4.0,0.0,0.0,0.0,3.0,4.0,0.0,2.0,2.0,34.0,4.0,8.0,10.0,21.0,22.0,17.0
1070,1.0,1070.0,London_423,newnew,151,453,1092.0,70.0,2.0,124575.0,0.5259384809760377,728.0,34.0,0.0,34.0,60.0,0.0,60.0,146.0,203.0,122.0,18.0,66.0,1.0,36.0,2.0,5.0,4.0,77.0,134.0,238.0,51.0,0.0,0.0,0.0,0.0,0.0,0.0,0.0,0.0,0.0,0.0,0.0,0.0,0.0,0.0,0.0,0.0,0.0,0.0,0.0,0.0,0.0,0.0,0.0,0.0,0.0,0.0,0.0,0.0,0.0,0.0,0.0,0.0,0.0,0.0,0.0,0.0,0.0,0.0,1.0,2.0,0.0,0.0,0.0,7.0,4.0,1.0,8.0,5.0,8.0,5.0,0.0,0.0,0.0,0.0,0.0,0.0,0.0,0.0,0.0,0.0,0.0,0.0,0.0,0.0,0.0,0.0,0.0,0.0,2.0,2.0,0.0,0.0,0.0,9.0,5.0,1.0,10.0,7.0,12.0,5.0
1071,1.0,1071.0,London_423,newnew,151,453,1092.0,70.0,2.0,149490.0,0.5271800779737532,783.0,45.0,1.0,44.0,79.0,8.0,71.0,60.0,211.0,116.0,23.0,59.0,1.0,39.0,0.0,4.0,5.0,76.0,134.0,238.0,51.0,0.0,0.0,0.0,0.0,0.0,0.0,0.0,0.0,0.0,0.0,0.0,0.0,0.0,0.0,0.0,0.0,0.0,0.0,0.0,0.0,0.0,0.0,0.0,0.0,0.0,0.0,0.0,0.0,1.0,0.0,0.0,0.0,0.0,0.0,1.0,0.0,0.0,0.0,0.0,4.0,0.0,0.0,0.0,6.0,2.0,7.0,3.0,9.0,11.0,11.0,0.0,0.0,0.0,0.0,0.0,0.0,0.0,0.0,3.0,0.0,0.0,0.0,0.0,0.0,1.0,0.0,0.0,0.0,0.0,5.0,0.0,0.0,0.0,9.0,3.0,10.0,5.0,12.0,17.0,16.0
1072,1.0,1072.0,London_423,newnew,151,453,1092.0,70.0,2.0,169875.0,0.7618216050323099,828.0,75.0,2.0,73.0,143.0,18.0,125.0,79.0,211.0,115.0,18.0,57.0,5.0,42.0,0.0,5.0,4.0,74.0,140.0,235.0,46.0,0.0,0.0,0.0,0.0,0.0,0.0,0.0,0.0,0.0,0.0,0.0,0.0,0.0,0.0,0.0,0.0,0.0,0.0,0.0,0.0,0.0,0.0,0.0,0.0,0.0,0.0,0.0,0.0,2.0,0.0,0.0,0.0,0.0,0.0,1.0,0.0,0.0,0.0,7.0,5.0,2.0,2.0,3.0,13.0,7.0,12.0,6.0,15.0,22.0,13.0,0.0,0.0,0.0,0.0,0.0,0.0,0.0,0.0,7.0,0.0,0.0,0.0,0.0,0.0,5.0,0.0,0.0,0.0,9.0,6.0,3.0,3.0,5.0,16.0,10.0,19.0,9.0,22.0,26.0,15.0
1073,1.0,1073.0,London_423,newnew,151,453,1092.0,70.0,2.0,175311.0,0.8606484340270981,840.0,90.0,1.0,89.0,159.0,9.0,150.0,143.0,216.0,115.0,16.0,55.0,2.0,43.0,0.0,6.0,9.0,73.0,129.0,242.0,42.0,0.0,0.0,0.0,0.0,0.0,0.0,0.0,0.0,0.0,0.0,0.0,0.0,0.0,0.0,0.0,0.0,0.0,0.0,0.0,0.0,0.0,0.0,0.0,0.0,0.0,0.0,0.0,0.0,0.0,0.0,0.0,0.0,0.0,0.0,0.0,0.0,0.0,0.0,3.0,9.0,1.0,0.0,9.0,7.0,5.0,6.0,9.0,12.0,25.0,14.0,0.0,0.0,0.0,0.0,0.0,0.0,0.0,0.0,0.0,0.0,0.0,0.0,0.0,0.0,0.0,0.0,0.0,0.0,3.0,11.0,1.0,0.0,11.0,7.0,6.0,8.0,12.0,17.0,36.0,19.0
1074,1.0,1074.0,London_423,newnew,151,453,1092.0,70.0,2.0,168063.0,0.8741259929956868,824.0,146.0,0.0,146.0,247.0,0.0,247.0,159.0,223.0,106.0,27.0,47.0,4.0,41.0,0.0,5.0,4.0,73.0,140.0,236.0,34.0,0.0,0.0,0.0,0.0,0.0,0.0,0.0,0.0,0.0,0.0,0.0,0.0,0.0,0.0,0.0,0.0,0.0,0.0,0.0,0.0,0.0,0.0,0.0,0.0,0.0,0.0,0.0,0.0,0.0,0.0,0.0,0.0,0.0,0.0,0.0,0.0,0.0,0.0,2.0,20.0,0.0,4.0,19.0,15.0,1.0,1.0,7.0,28.0,33.0,14.0,0.0,0.0,0.0,0.0,0.0,0.0,0.0,0.0,0.0,0.0,0.0,0.0,0.0,0.0,0.0,0.0,0.0,0.0,2.0,26.0,0.0,6.0,22.0,18.0,1.0,1.0,7.0,41.0,50.0,17.0
1075,1.0,1075.0,London_423,newnew,151,453,1092.0,70.0,2.0,133635.0,0.5541759469779208,748.0,97.0,0.0,97.0,163.0,0.0,163.0,247.0,221.0,91.0,15.0,74.0,6.0,38.0,2.0,6.0,8.0,73.0,138.0,234.0,31.0,0.0,0.0,0.0,0.0,0.0,0.0,0.0,0.0,0.0,0.0,0.0,0.0,0.0,0.0,0.0,0.0,0.0,0.0,0.0,0.0,0.0,0.0,0.0,0.0,0.0,0.0,0.0,0.0,0.0,0.0,0.0,0.0,0.0,0.0,0.0,0.0,0.0,0.0,5.0,5.0,1.0,5.0,1.0,19.0,12.0,5.0,11.0,16.0,24.0,20.0,0.0,0.0,0.0,0.0,0.0,0.0,0.0,0.0,0.0,0.0,0.0,0.0,0.0,0.0,0.0,0.0,0.0,0.0,6.0,8.0,1.0,7.0,1.0,26.0,18.0,6.0,17.0,22.0,37.0,23.0
1076,1.0,1076.0,London_423,newnew,151,453,1092.0,70.0,2.0,112797.0,0.5545281959930435,702.0,139.0,2.0,137.0,252.0,19.0,233.0,163.0,225.0,81.0,12.0,75.0,13.0,41.0,2.0,4.0,6.0,82.0,150.0,215.0,39.0,0.0,0.0,0.0,0.0,0.0,0.0,0.0,0.0,0.0,0.0,0.0,0.0,0.0,0.0,0.0,0.0,0.0,0.0,0.0,0.0,0.0,0.0,0.0,0.0,0.0,0.0,0.0,0.0,1.0,0.0,0.0,0.0,0.0,0.0,1.0,0.0,0.0,0.0,3.0,15.0,0.0,4.0,4.0,14.0,6.0,4.0,9.0,23.0,34.0,18.0,0.0,0.0,0.0,0.0,0.0,0.0,0.0,0.0,3.0,0.0,0.0,0.0,0.0,0.0,5.0,0.0,0.0,0.0,3.0,18.0,0.0,8.0,4.0,21.0,10.0,4.0,14.0,37.0,49.0,23.0
1077,1.0,1077.0,London_423,newnew,151,453,1092.0,70.0,2.0,90600.0,0.298439405974932,653.0,6.0,1.0,5.0,19.0,9.0,10.0,252.0,214.0,82.0,18.0,86.0,10.0,39.0,0.0,4.0,7.0,72.0,153.0,221.0,32.0,0.0,0.0,0.0,0.0,0.0,0.0,0.0,0.0,0.0,0.0,0.0,0.0,0.0,0.0,0.0,0.0,0.0,0.0,0.0,0.0,0.0,0.0,0.0,0.0,0.0,0.0,0.0,0.0,1.0,0.0,0.0,0.0,0.0,0.0,0.0,0.0,0.0,0.0,1.0,0.0,0.0,1.0,0.0,0.0,1.0,0.0,0.0,0.0,0.0,1.0,0.0,0.0,0.0,0.0,0.0,0.0,0.0,0.0,2.0,0.0,0.0,0.0,0.0,0.0,0.0,0.0,0.0,0.0,1.0,0.0,0.0,2.0,0.0,0.0,1.0,0.0,0.0,0.0,0.0,1.0
1078,1.0,1078.0,London_423,newnew,151,453,1092.0,70.0,2.0,125028.0,0.41650097409728914,729.0,10.0,2.0,8.0,33.0,19.0,14.0,19.0,214.0,86.0,15.0,84.0,10.0,39.0,1.0,4.0,8.0,75.0,150.0,220.0,32.0,0.0,0.0,0.0,0.0,0.0,0.0,0.0,0.0,0.0,0.0,0.0,0.0,0.0,0.0,0.0,0.0,0.0,0.0,0.0,0.0,0.0,0.0,0.0,0.0,0.0,0.0,0.0,0.0,0.0,0.0,0.0,1.0,0.0,0.0,0.0,0.0,0.0,0.0,1.0,0.0,0.0,0.0,0.0,1.0,2.0,0.0,1.0,0.0,2.0,2.0,0.0,0.0,0.0,0.0,0.0,0.0,0.0,0.0,0.0,0.0,0.0,2.0,0.0,0.0,0.0,0.0,0.0,0.0,1.0,0.0,0.0,0.0,0.0,1.0,2.0,0.0,2.0,0.0,2.0,3.0
1079,1.0,1079.0,London_423,newnew,151,453,1092.0,70.0,2.0,167157.0,0.5615978610003367,822.0,62.0,2.0,60.0,114.0,16.0,98.0,33.0,214.0,88.0,7.0,86.0,10.0,42.0,2.0,4.0,8.0,75.0,146.0,224.0,31.0,0.0,0.0,0.0,0.0,0.0,0.0,0.0,0.0,0.0,0.0,0.0,0.0,0.0,0.0,0.0,0.0,0.0,0.0,0.0,0.0,0.0,0.0,0.0,0.0,0.0,0.0,0.0,0.0,0.0,0.0,0.0,1.0,0.0,1.0,1.0,0.0,0.0,0.0,3.0,0.0,0.0,0.0,1.0,4.0,4.0,0.0,4.0,12.0,16.0,17.0,0.0,0.0,0.0,0.0,0.0,0.0,0.0,0.0,0.0,0.0,0.0,5.0,0.0,4.0,1.0,0.0,0.0,0.0,3.0,0.0,0.0,0.0,1.0,6.0,6.0,0.0,5.0,20.0,22.0,21.0
1080,1.0,1080.0,London_423,newnew,151,453,1092.0,70.0,2.0,186183.0,0.6247896939748898,864.0,24.0,2.0,22.0,57.0,18.0,39.0,114.0,211.0,88.0,13.0,76.0,15.0,42.0,2.0,6.0,7.0,79.0,139.0,228.0,35.0,0.0,0.0,0.0,0.0,0.0,0.0,0.0,0.0,0.0,0.0,0.0,0.0,0.0,0.0,0.0,0.0,0.0,0.0,0.0,0.0,0.0,0.0,0.0,0.0,0.0,0.0,0.0,0.0,1.0,0.0,0.0,1.0,0.0,0.0,2.0,0.0,0.0,0.0,1.0,0.0,0.0,0.0,0.0,5.0,4.0,0.0,4.0,4.0,6.0,8.0,0.0,0.0,0.0,0.0,0.0,0.0,0.0,0.0,2.0,0.0,0.0,8.0,0.0,0.0,8.0,0.0,0.0,0.0,1.0,0.0,0.0,0.0,0.0,8.0,5.0,0.0,5.0,6.0,9.0,11.0
1081,1.0,1081.0,London_423,newnew,151,453,1092.0,70.0,2.0,223782.0,1.1267672150861472,947.0,190.0,0.0,190.0,326.0,0.0,326.0,57.0,205.0,99.0,14.0,77.0,7.0,42.0,2.0,7.0,6.0,86.0,128.0,233.0,39.0,0.0,0.0,0.0,0.0,0.0,0.0,0.0,0.0,0.0,0.0,0.0,0.0,0.0,0.0,0.0,0.0,0.0,0.0,0.0,0.0,0.0,0.0,0.0,0.0,0.0,0.0,0.0,0.0,0.0,0.0,0.0,0.0,0.0,0.0,0.0,0.0,0.0,0.0,6.0,13.0,0.0,6.0,3.0,19.0,8.0,1.0,11.0,41.0,48.0,21.0,0.0,0.0,0.0,0.0,0.0,0.0,0.0,0.0,0.0,0.0,0.0,0.0,0.0,0.0,0.0,0.0,0.0,0.0,7.0,18.0,0.0,8.0,3.0,24.0,10.0,2.0,12.0,63.0,68.0,28.0
1082,1.0,1082.0,London_423,newnew,151,453,1092.0,70.0,2.0,171687.0,0.5157514240127057,832.0,13.0,0.0,13.0,22.0,0.0,22.0,326.0,165.0,126.0,30.0,85.0,8.0,29.0,1.0,9.0,6.0,79.0,148.0,220.0,55.0,0.0,0.0,0.0,0.0,0.0,0.0,0.0,0.0,0.0,0.0,0.0,0.0,0.0,0.0,0.0,0.0,0.0,0.0,0.0,0.0,0.0,0.0,0.0,0.0,0.0,0.0,0.0,0.0,0.0,0.0,0.0,0.0,0.0,0.0,0.0,0.0,0.0,0.0,0.0,1.0,0.0,0.0,0.0,0.0,2.0,0.0,4.0,2.0,4.0,2.0,0.0,0.0,0.0,0.0,0.0,0.0,0.0,0.0,0.0,0.0,0.0,0.0,0.0,0.0,0.0,0.0,0.0,0.0,0.0,1.0,0.0,0.0,0.0,0.0,2.0,0.0,4.0,2.0,8.0,2.0
1083,1.0,1083.0,London_423,newnew,151,453,1092.0,70.0,2.0,214269.0,0.834533530054614,926.0,155.0,1.0,154.0,278.0,10.0,268.0,22.0,167.0,129.0,27.0,86.0,9.0,29.0,1.0,5.0,6.0,79.0,145.0,223.0,54.0,0.0,0.0,0.0,0.0,0.0,0.0,0.0,0.0,0.0,0.0,0.0,0.0,0.0,0.0,0.0,0.0,0.0,0.0,0.0,0.0,0.0,0.0,0.0,0.0,0.0,0.0,0.0,0.0,0.0,1.0,0.0,1.0,0.0,0.0,1.0,0.0,0.0,0.0,3.0,7.0,0.0,1.0,8.0,14.0,14.0,3.0,6.0,28.0,38.0,18.0,0.0,0.0,0.0,0.0,0.0,0.0,0.0,0.0,0.0,3.0,0.0,1.0,0.0,0.0,2.0,0.0,0.0,0.0,3.0,11.0,0.0,1.0,10.0,21.0,22.0,3.0,10.0,38.0,59.0,23.0
1084,1.0,1084.0,London_423,newnew,151,453,1092.0,70.0,2.0,188448.0,0.7353473820257932,869.0,130.0,0.0,130.0,232.0,0.0,232.0,278.0,187.0,116.0,34.0,79.0,5.0,24.0,4.0,4.0,7.0,82.0,151.0,213.0,51.0,0.0,0.0,0.0,0.0,0.0,0.0,0.0,0.0,0.0,0.0,0.0,0.0,0.0,0.0,0.0,0.0,0.0,0.0,0.0,0.0,0.0,0.0,0.0,0.0,0.0,0.0,0.0,0.0,0.0,0.0,0.0,0.0,0.0,0.0,0.0,0.0,0.0,0.0,4.0,8.0,1.0,2.0,1.0,7.0,15.0,9.0,11.0,23.0,28.0,26.0,0.0,0.0,0.0,0.0,0.0,0.0,0.0,0.0,0.0,0.0,0.0,0.0,0.0,0.0,0.0,0.0,0.0,0.0,6.0,10.0,1.0,2.0,1.0,8.0,19.0,11.0,18.0,35.0,43.0,37.0
1085,1.0,1085.0,London_423,newnew,151,453,1092.0,70.0,2.0,162174.0,0.7331645840313286,811.0,163.0,2.0,161.0,303.0,18.0,285.0,232.0,178.0,142.0,36.0,69.0,4.0,22.0,1.0,1.0,8.0,76.0,148.0,221.0,58.0,0.0,0.0,0.0,0.0,0.0,0.0,0.0,0.0,0.0,0.0,0.0,0.0,0.0,0.0,0.0,0.0,0.0,0.0,0.0,0.0,0.0,0.0,0.0,0.0,0.0,0.0,0.0,0.0,0.0,0.0,0.0,0.0,1.0,0.0,2.0,0.0,0.0,0.0,6.0,14.0,1.0,4.0,4.0,13.0,9.0,13.0,13.0,20.0,52.0,18.0,0.0,0.0,0.0,0.0,0.0,0.0,0.0,0.0,0.0,0.0,0.0,0.0,7.0,0.0,6.0,0.0,0.0,0.0,7.0,26.0,1.0,8.0,4.0,18.0,10.0,19.0,21.0,36.0,70.0,25.0
1086,1.0,1086.0,London_423,newnew,151,453,1092.0,70.0,2.0,120045.0,0.41070717200636864,718.0,94.0,1.0,93.0,175.0,9.0,166.0,303.0,190.0,128.0,23.0,76.0,9.0,17.0,3.0,7.0,7.0,78.0,153.0,215.0,44.0,0.0,0.0,0.0,0.0,0.0,0.0,0.0,0.0,0.0,0.0,0.0,0.0,0.0,0.0,0.0,0.0,0.0,0.0,0.0,0.0,0.0,0.0,0.0,0.0,0.0,0.0,0.0,0.0,0.0,0.0,0.0,0.0,0.0,0.0,0.0,0.0,0.0,0.0,0.0,7.0,0.0,2.0,0.0,11.0,6.0,7.0,5.0,15.0,21.0,17.0,0.0,0.0,0.0,0.0,0.0,0.0,0.0,0.0,0.0,0.0,0.0,0.0,0.0,0.0,0.0,0.0,0.0,0.0,0.0,7.0,0.0,3.0,0.0,18.0,8.0,7.0,6.0,26.0,29.0,29.0
1087,1.0,1087.0,London_423,newnew,151,453,1092.0,70.0,2.0,110985.0,0.35181881696917117,698.0,9.0,0.0,9.0,15.0,0.0,15.0,175.0,201.0,123.0,28.0,78.0,8.0,11.0,1.0,3.0,9.0,74.0,152.0,218.0,48.0,0.0,0.0,0.0,0.0,0.0,0.0,0.0,0.0,0.0,0.0,0.0,0.0,0.0,0.0,0.0,0.0,0.0,0.0,0.0,0.0,0.0,0.0,0.0,0.0,0.0,0.0,0.0,0.0,0.0,0.0,0.0,0.0,0.0,0.0,0.0,0.0,0.0,0.0,1.0,0.0,0.0,0.0,0.0,1.0,2.0,0.0,0.0,2.0,1.0,3.0,0.0,0.0,0.0,0.0,0.0,0.0,0.0,0.0,0.0,0.0,0.0,0.0,0.0,0.0,0.0,0.0,0.0,0.0,1.0,0.0,0.0,0.0,0.0,1.0,2.0,0.0,0.0,2.0,4.0,3.0
1088,1.0,1088.0,London_423,newnew,151,453,1092.0,70.0,2.0,144507.0,0.48695497610606253,772.0,57.0,0.0,57.0,99.0,0.0,99.0,15.0,202.0,120.0,30.0,77.0,8.0,12.0,1.0,3.0,9.0,74.0,158.0,212.0,49.0,0.0,0.0,0.0,0.0,0.0,0.0,0.0,0.0,0.0,0.0,0.0,0.0,0.0,0.0,0.0,0.0,0.0,0.0,0.0,0.0,0.0,0.0,0.0,0.0,0.0,0.0,0.0,0.0,0.0,0.0,0.0,0.0,0.0,0.0,0.0,0.0,0.0,0.0,1.0,1.0,1.0,0.0,1.0,2.0,5.0,2.0,7.0,12.0,9.0,14.0,0.0,0.0,0.0,0.0,0.0,0.0,0.0,0.0,0.0,0.0,0.0,0.0,0.0,0.0,0.0,0.0,0.0,0.0,2.0,1.0,1.0,0.0,1.0,4.0,6.0,3.0,10.0,18.0,13.0,15.0
1089,1.0,1089.0,London_423,newnew,151,453,1092.0,70.0,2.0,163986.0,0.610151912085712,815.0,57.0,2.0,55.0,115.0,19.0,96.0,99.0,216.0,117.0,23.0,78.0,9.0,8.0,0.0,2.0,9.0,73.0,154.0,217.0,44.0,0.0,0.0,0.0,0.0,0.0,0.0,0.0,0.0,0.0,0.0,0.0,0.0,0.0,0.0,0.0,0.0,0.0,0.0,0.0,0.0,0.0,0.0,0.0,0.0,0.0,0.0,0.0,0.0,1.0,0.0,0.0,1.0,0.0,1.0,2.0,0.0,0.0,0.0,3.0,1.0,0.0,1.0,0.0,3.0,6.0,6.0,5.0,12.0,15.0,10.0,0.0,0.0,0.0,0.0,0.0,0.0,0.0,0.0,1.0,0.0,0.0,4.0,0.0,8.0,7.0,0.0,0.0,0.0,4.0,1.0,0.0,2.0,0.0,4.0,9.0,11.0,8.0,23.0,23.0,13.0
1090,1.0,1090.0,London_423,newnew,151,453,1092.0,70.0,2.0,177123.0,0.9903474459424615,844.0,136.0,0.0,136.0,233.0,0.0,233.0,115.0,219.0,122.0,30.0,69.0,3.0,6.0,0.0,4.0,6.0,80.0,150.0,217.0,44.0,0.0,0.0,0.0,0.0,0.0,0.0,0.0,0.0,0.0,0.0,0.0,0.0,0.0,0.0,0.0,0.0,0.0,0.0,0.0,0.0,0.0,0.0,0.0,0.0,0.0,0.0,0.0,0.0,0.0,0.0,0.0,0.0,0.0,0.0,0.0,0.0,0.0,0.0,2.0,6.0,1.0,0.0,4.0,13.0,6.0,8.0,5.0,31.0,21.0,24.0,0.0,0.0,0.0,0.0,0.0,0.0,0.0,0.0,0.0,0.0,0.0,0.0,0.0,0.0,0.0,0.0,0.0,0.0,2.0,9.0,1.0,0.0,5.0,17.0,6.0,10.0,8.0,46.0,27.0,29.0
1091,1.0,1091.0,London_423,newnew,151,453,1092.0,70.0,2.0,147225.0,0.5930578929837793,778.0,72.0,2.0,70.0,121.0,16.0,105.0,233.0,231.0,100.0,14.0,76.0,5.0,25.0,1.0,1.0,4.0,73.0,161.0,215.0,49.0,0.0,0.0,0.0,0.0,0.0,0.0,0.0,0.0,0.0,0.0,0.0,0.0,0.0,0.0,0.0,0.0,0.0,0.0,0.0,0.0,0.0,0.0,0.0,0.0,0.0,0.0,0.0,0.0,1.0,0.0,0.0,0.0,0.0,2.0,2.0,0.0,0.0,0.0,2.0,2.0,2.0,1.0,0.0,3.0,6.0,3.0,6.0,14.0,17.0,17.0,0.0,0.0,0.0,0.0,0.0,0.0,0.0,0.0,4.0,0.0,0.0,0.0,0.0,12.0,11.0,0.0,0.0,0.0,2.0,2.0,2.0,1.0,0.0,3.0,8.0,5.0,6.0,23.0,25.0,28.0
1092,1.0,1092.0,London_423,newnew,151,453,1092.0,70.0,2.0,150849.0,0.7604317649966106,786.0,91.0,1.0,90.0,176.0,9.0,167.0,121.0,228.0,114.0,18.0,62.0,2.0,26.0,1.0,2.0,4.0,71.0,161.0,217.0,52.0,0.0,0.0,0.0,0.0,0.0,0.0,0.0,0.0,0.0,0.0,0.0,0.0,0.0,0.0,0.0,0.0,0.0,0.0,0.0,0.0,0.0,0.0,0.0,0.0,0.0,0.0,0.0,0.0,1.0,0.0,0.0,0.0,0.0,0.0,0.0,0.0,0.0,0.0,0.0,1.0,0.0,0.0,4.0,9.0,5.0,3.0,14.0,24.0,20.0,21.0,0.0,0.0,0.0,0.0,0.0,0.0,0.0,0.0,4.0,0.0,0.0,0.0,0.0,0.0,0.0,0.0,0.0,0.0,0.0,1.0,0.0,0.0,4.0,13.0,6.0,3.0,18.0,37.0,30.0,31.0
1093,1.0,1093.0,London_423,newnew,151,453,1092.0,70.0,2.0,149490.0,0.6575718489475548,783.0,88.0,2.0,86.0,164.0,18.0,146.0,176.0,232.0,124.0,9.0,58.0,2.0,18.0,2.0,8.0,8.0,66.0,149.0,230.0,46.0,0.0,0.0,0.0,0.0,0.0,0.0,0.0,0.0,0.0,0.0,0.0,0.0,0.0,0.0,0.0,0.0,0.0,0.0,0.0,0.0,0.0,0.0,0.0,0.0,0.0,0.0,0.0,0.0,1.0,0.0,0.0,1.0,1.0,0.0,0.0,0.0,0.0,0.0,0.0,0.0,1.0,1.0,1.0,4.0,8.0,6.0,5.0,17.0,17.0,19.0,0.0,0.0,0.0,0.0,0.0,0.0,0.0,0.0,1.0,0.0,0.0,1.0,7.0,0.0,0.0,0.0,0.0,0.0,0.0,0.0,1.0,2.0,1.0,5.0,12.0,12.0,7.0,24.0,29.0,25.0
1094,1.0,1094.0,London_423,newnew,151,453,1092.0,70.0,2.0,141336.0,0.6293505450012162,765.0,82.0,2.0,80.0,169.0,17.0,152.0,164.0,232.0,127.0,10.0,54.0,4.0,15.0,2.0,9.0,4.0,82.0,153.0,214.0,37.0,0.0,0.0,0.0,0.0,0.0,0.0,0.0,0.0,0.0,0.0,0.0,0.0,0.0,0.0,0.0,0.0,0.0,0.0,0.0,0.0,0.0,0.0,0.0,0.0,0.0,0.0,0.0,0.0,1.0,0.0,0.0,1.0,0.0,0.0,2.0,0.0,0.0,0.0,2.0,1.0,1.0,2.0,7.0,9.0,4.0,4.0,10.0,12.0,18.0,15.0,0.0,0.0,0.0,0.0,0.0,0.0,0.0,0.0,5.0,0.0,0.0,7.0,0.0,0.0,6.0,0.0,0.0,0.0,3.0,2.0,2.0,2.0,7.0,12.0,6.0,4.0,16.0,23.0,27.0,21.0
1095,1.0,1095.0,London_423,newnew,151,453,1092.0,70.0,2.0,132729.0,0.6388770919293165,746.0,95.0,0.0,95.0,166.0,0.0,166.0,169.0,244.0,122.0,15.0,48.0,7.0,14.0,1.0,2.0,3.0,78.0,136.0,236.0,39.0,0.0,0.0,0.0,0.0,0.0,0.0,0.0,0.0,0.0,0.0,0.0,0.0,0.0,0.0,0.0,0.0,0.0,0.0,0.0,0.0,0.0,0.0,0.0,0.0,0.0,0.0,0.0,0.0,0.0,0.0,0.0,0.0,0.0,0.0,0.0,0.0,0.0,0.0,1.0,4.0,2.0,3.0,0.0,8.0,9.0,6.0,14.0,24.0,14.0,15.0,0.0,0.0,0.0,0.0,0.0,0.0,0.0,0.0,0.0,0.0,0.0,0.0,0.0,0.0,0.0,0.0,0.0,0.0,1.0,4.0,2.0,4.0,0.0,10.0,11.0,9.0,19.0,37.0,24.0,18.0
1096,1.0,1096.0,London_423,newnew,151,453,1092.0,70.0,2.0,122763.0,0.6166414170293137,724.0,62.0,2.0,60.0,127.0,19.0,108.0,166.0,242.0,127.0,9.0,54.0,4.0,13.0,1.0,3.0,3.0,75.0,142.0,233.0,47.0,0.0,0.0,0.0,0.0,0.0,0.0,0.0,0.0,0.0,0.0,0.0,0.0,0.0,0.0,0.0,0.0,0.0,0.0,0.0,0.0,0.0,0.0,0.0,0.0,0.0,0.0,0.0,0.0,1.0,0.0,0.0,2.0,1.0,0.0,1.0,0.0,0.0,0.0,3.0,2.0,5.0,1.0,0.0,17.0,4.0,4.0,7.0,9.0,12.0,8.0,0.0,0.0,0.0,0.0,0.0,0.0,0.0,0.0,1.0,0.0,0.0,6.0,6.0,0.0,5.0,0.0,0.0,0.0,3.0,3.0,6.0,1.0,0.0,27.0,4.0,7.0,10.0,15.0,15.0,10.0
1097,1.0,1097.0,London_423,newnew,151,453,1092.0,70.0,2.0,126387.0,0.6235038479790092,732.0,55.0,0.0,55.0,95.0,0.0,95.0,127.0,259.0,131.0,16.0,35.0,1.0,11.0,0.0,0.0,1.0,82.0,133.0,237.0,41.0,0.0,0.0,0.0,0.0,0.0,0.0,0.0,0.0,0.0,0.0,0.0,0.0,0.0,0.0,0.0,0.0,0.0,0.0,0.0,0.0,0.0,0.0,0.0,0.0,0.0,0.0,0.0,0.0,0.0,0.0,0.0,0.0,0.0,0.0,0.0,0.0,0.0,0.0,2.0,1.0,4.0,1.0,0.0,8.0,3.0,1.0,5.0,13.0,13.0,14.0,0.0,0.0,0.0,0.0,0.0,0.0,0.0,0.0,0.0,0.0,0.0,0.0,0.0,0.0,0.0,0.0,0.0,0.0,2.0,2.0,5.0,1.0,0.0,12.0,4.0,1.0,6.0,16.0,19.0,15.0
1098,1.0,1098.0,London_423,newnew,151,453,1092.0,70.0,2.0,134541.0,0.6852626709733158,750.0,98.0,0.0,98.0,166.0,0.0,166.0,95.0,265.0,133.0,4.0,31.0,5.0,12.0,1.0,2.0,4.0,78.0,143.0,228.0,48.0,0.0,0.0,0.0,0.0,0.0,0.0,0.0,0.0,0.0,0.0,0.0,0.0,0.0,0.0,0.0,0.0,0.0,0.0,0.0,0.0,0.0,0.0,0.0,0.0,0.0,0.0,0.0,0.0,0.0,0.0,0.0,0.0,0.0,0.0,0.0,0.0,0.0,0.0,0.0,1.0,1.0,4.0,0.0,9.0,6.0,3.0,5.0,18.0,24.0,15.0,0.0,0.0,0.0,0.0,0.0,0.0,0.0,0.0,0.0,0.0,0.0,0.0,0.0,0.0,0.0,0.0,0.0,0.0,0.0,2.0,1.0,5.0,0.0,11.0,6.0,4.0,9.0,28.0,33.0,18.0
1099,1.0,1099.0,London_423,newnew,151,453,1092.0,70.0,2.0,131370.0,0.6563486810773611,743.0,93.0,2.0,91.0,163.0,18.0,145.0,166.0,275.0,93.0,10.0,51.0,6.0,13.0,2.0,3.0,6.0,80.0,148.0,219.0,36.0,0.0,0.0,0.0,0.0,0.0,0.0,0.0,0.0,0.0,0.0,0.0,0.0,0.0,0.0,0.0,0.0,0.0,0.0,0.0,0.0,0.0,0.0,0.0,0.0,0.0,0.0,0.0,0.0,1.0,0.0,0.0,1.0,0.0,1.0,2.0,0.0,0.0,0.0,4.0,4.0,1.0,0.0,5.0,12.0,3.0,3.0,4.0,16.0,26.0,20.0,0.0,0.0,0.0,0.0,0.0,0.0,0.0,0.0,1.0,0.0,0.0,1.0,0.0,9.0,4.0,0.0,0.0,0.0,5.0,5.0,1.0,0.0,6.0,17.0,5.0,4.0,5.0,25.0,34.0,27.0
1100,1.0,1100.0,London_423,newnew,151,453,1092.0,70.0,2.0,126387.0,0.4867477269144729,732.0,4.0,0.0,4.0,8.0,0.0,8.0,163.0,280.0,101.0,9.0,36.0,3.0,18.0,1.0,5.0,3.0,80.0,138.0,232.0,30.0,0.0,0.0,0.0,0.0,0.0,0.0,0.0,0.0,0.0,0.0,0.0,0.0,0.0,0.0,0.0,0.0,0.0,0.0,0.0,0.0,0.0,0.0,0.0,0.0,0.0,0.0,0.0,0.0,0.0,0.0,0.0,0.0,0.0,0.0,0.0,0.0,0.0,0.0,0.0,0.0,0.0,0.0,0.0,0.0,0.0,0.0,1.0,0.0,0.0,1.0,0.0,0.0,0.0,0.0,0.0,0.0,0.0,0.0,0.0,0.0,0.0,0.0,0.0,0.0,0.0,0.0,0.0,0.0,0.0,0.0,0.0,0.0,0.0,0.0,0.0,0.0,3.0,0.0,0.0,2.0
1101,1.0,1101.0,London_423,newnew,151,453,1092.0,70.0,2.0,170328.0,0.7411840650020167,829.0,62.0,1.0,61.0,115.0,9.0,106.0,8.0,279.0,100.0,9.0,37.0,3.0,19.0,1.0,5.0,3.0,81.0,138.0,231.0,29.0,0.0,0.0,0.0,0.0,0.0,0.0,0.0,0.0,0.0,0.0,0.0,0.0,0.0,0.0,0.0,0.0,0.0,0.0,0.0,0.0,0.0,0.0,0.0,0.0,0.0,0.0,0.0,0.0,1.0,0.0,0.0,1.0,0.0,1.0,1.0,0.0,0.0,0.0,5.0,1.0,3.0,0.0,7.0,9.0,6.0,1.0,12.0,9.0,15.0,7.0,0.0,0.0,0.0,0.0,0.0,0.0,0.0,0.0,3.0,0.0,0.0,3.0,0.0,6.0,7.0,0.0,0.0,0.0,6.0,1.0,3.0,0.0,8.0,15.0,6.0,1.0,16.0,14.0,20.0,11.0
1102,1.0,1102.0,London_423,newnew,151,453,1092.0,70.0,2.0,182106.0,0.7595659540966153,855.0,42.0,0.0,42.0,61.0,0.0,61.0,115.0,280.0,98.0,7.0,43.0,0.0,23.0,0.0,2.0,2.0,83.0,136.0,232.0,33.0,0.0,0.0,0.0,0.0,0.0,0.0,0.0,0.0,0.0,0.0,0.0,0.0,0.0,0.0,0.0,0.0,0.0,0.0,0.0,0.0,0.0,0.0,0.0,0.0,0.0,0.0,0.0,0.0,0.0,0.0,0.0,0.0,0.0,0.0,0.0,0.0,0.0,0.0,0.0,0.0,0.0,1.0,0.0,9.0,1.0,2.0,12.0,10.0,3.0,8.0,0.0,0.0,0.0,0.0,0.0,0.0,0.0,0.0,0.0,0.0,0.0,0.0,0.0,0.0,0.0,0.0,0.0,0.0,0.0,0.0,0.0,1.0,0.0,13.0,1.0,3.0,16.0,11.0,3.0,9.0
1103,1.0,1103.0,London_423,newnew,151,453,1092.0,70.0,2.0,228312.0,1.0977405869634822,957.0,211.0,2.0,209.0,365.0,17.0,348.0,61.0,287.0,89.0,2.0,44.0,1.0,26.0,1.0,3.0,3.0,81.0,146.0,223.0,40.0,0.0,0.0,0.0,0.0,0.0,0.0,0.0,0.0,0.0,0.0,0.0,0.0,0.0,0.0,0.0,0.0,0.0,0.0,0.0,0.0,0.0,0.0,0.0,0.0,0.0,0.0,0.0,0.0,0.0,0.0,0.0,0.0,1.0,0.0,0.0,0.0,0.0,0.0,1.0,32.0,0.0,0.0,4.0,10.0,7.0,0.0,20.0,52.0,41.0,20.0,0.0,0.0,0.0,0.0,0.0,0.0,0.0,0.0,0.0,0.0,0.0,0.0,5.0,0.0,0.0,0.0,0.0,0.0,1.0,53.0,0.0,0.0,4.0,12.0,10.0,0.0,27.0,78.0,66.0,22.0
1104,1.0,1104.0,London_423,newnew,151,453,1092.0,70.0,2.0,177123.0,0.32472306303679943,844.0,0.0,0.0,0.0,0.0,0.0,0.0,365.0,136.0,149.0,23.0,107.0,8.0,24.0,1.0,5.0,5.0,92.0,131.0,225.0,44.0,0.0,0.0,0.0,0.0,0.0,0.0,0.0,0.0,0.0,0.0,0.0,0.0,0.0,0.0,0.0,0.0,0.0,0.0,0.0,0.0,0.0,0.0,0.0,0.0,0.0,0.0,0.0,0.0,0.0,0.0,0.0,0.0,0.0,0.0,0.0,0.0,0.0,0.0,0.0,0.0,0.0,0.0,0.0,0.0,0.0,0.0,0.0,0.0,0.0,0.0,0.0,0.0,0.0,0.0,0.0,0.0,0.0,0.0,0.0,0.0,0.0,0.0,0.0,0.0,0.0,0.0,0.0,0.0,0.0,0.0,0.0,0.0,0.0,0.0,0.0,0.0,0.0,0.0,0.0,0.0
1105,1.0,1105.0,London_423,newnew,151,453,1092.0,70.0,2.0,230577.0,0.7452846829546615,962.0,184.0,1.0,183.0,343.0,12.0,331.0,0.0,136.0,149.0,23.0,107.0,8.0,24.0,1.0,5.0,5.0,92.0,131.0,225.0,44.0,0.0,0.0,0.0,0.0,0.0,0.0,0.0,0.0,0.0,0.0,0.0,0.0,0.0,0.0,0.0,0.0,0.0,0.0,0.0,0.0,0.0,0.0,0.0,0.0,0.0,0.0,0.0,0.0,0.0,0.0,0.0,1.0,0.0,0.0,0.0,0.0,0.0,0.0,9.0,3.0,2.0,1.0,2.0,22.0,13.0,12.0,13.0,36.0,42.0,28.0,0.0,0.0,0.0,0.0,0.0,0.0,0.0,0.0,0.0,0.0,0.0,1.0,0.0,0.0,0.0,0.0,0.0,0.0,10.0,3.0,2.0,1.0,2.0,31.0,19.0,15.0,15.0,57.0,64.0,34.0
1106,1.0,1106.0,London_423,newnew,151,453,1092.0,70.0,2.0,185277.0,0.7013954389840364,862.0,152.0,2.0,150.0,277.0,16.0,261.0,343.0,153.0,119.0,22.0,112.0,13.0,24.0,2.0,8.0,8.0,77.0,150.0,218.0,52.0,0.0,0.0,0.0,0.0,0.0,0.0,0.0,0.0,0.0,0.0,0.0,0.0,0.0,0.0,0.0,0.0,0.0,0.0,0.0,0.0,0.0,0.0,0.0,0.0,0.0,0.0,0.0,0.0,2.0,0.0,0.0,1.0,0.0,0.0,2.0,0.0,0.0,0.0,5.0,8.0,0.0,0.0,0.0,10.0,8.0,9.0,13.0,28.0,47.0,23.0,0.0,0.0,0.0,0.0,0.0,0.0,0.0,0.0,3.0,0.0,0.0,5.0,0.0,0.0,3.0,0.0,0.0,0.0,7.0,12.0,0.0,0.0,0.0,13.0,12.0,13.0,14.0,40.0,69.0,31.0
1107,1.0,1107.0,London_423,newnew,151,453,1092.0,70.0,2.0,154473.0,0.4783488509710878,794.0,103.0,2.0,101.0,191.0,18.0,173.0,277.0,173.0,117.0,28.0,93.0,12.0,20.0,3.0,7.0,10.0,78.0,135.0,230.0,50.0,0.0,0.0,0.0,0.0,0.0,0.0,0.0,0.0,0.0,0.0,0.0,0.0,0.0,0.0,0.0,0.0,0.0,0.0,0.0,0.0,0.0,0.0,0.0,0.0,0.0,0.0,0.0,0.0,0.0,1.0,0.0,1.0,0.0,1.0,1.0,0.0,0.0,0.0,3.0,6.0,2.0,3.0,0.0,18.0,7.0,3.0,14.0,25.0,23.0,21.0,0.0,0.0,0.0,0.0,0.0,0.0,0.0,0.0,0.0,5.0,0.0,5.0,0.0,4.0,5.0,0.0,0.0,0.0,4.0,7.0,2.0,5.0,0.0,22.0,9.0,3.0,20.0,40.0,32.0,26.0
1108,1.0,1108.0,London_423,newnew,151,453,1092.0,70.0,2.0,136806.0,0.42595689999870956,755.0,32.0,1.0,31.0,55.0,9.0,46.0,191.0,184.0,112.0,34.0,86.0,14.0,17.0,2.0,4.0,4.0,76.0,151.0,222.0,44.0,0.0,0.0,0.0,0.0,0.0,0.0,0.0,0.0,0.0,0.0,0.0,0.0,0.0,0.0,0.0,0.0,0.0,0.0,0.0,0.0,0.0,0.0,0.0,0.0,0.0,0.0,0.0,0.0,0.0,0.0,0.0,0.0,0.0,0.0,0.0,0.0,0.0,0.0,0.0,1.0,0.0,0.0,0.0,8.0,3.0,1.0,3.0,9.0,3.0,9.0,0.0,0.0,0.0,0.0,0.0,0.0,0.0,0.0,0.0,0.0,0.0,0.0,0.0,0.0,0.0,0.0,0.0,0.0,0.0,2.0,0.0,0.0,0.0,8.0,3.0,1.0,4.0,13.0,4.0,10.0
1109,1.0,1109.0,London_423,newnew,151,453,1092.0,70.0,2.0,157644.0,0.6636824959423393,801.0,160.0,0.0,160.0,263.0,0.0,263.0,55.0,181.0,110.0,36.0,85.0,16.0,20.0,2.0,3.0,2.0,71.0,159.0,221.0,44.0,0.0,0.0,0.0,0.0,0.0,0.0,0.0,0.0,0.0,0.0,0.0,0.0,0.0,0.0,0.0,0.0,0.0,0.0,0.0,0.0,0.0,0.0,0.0,0.0,0.0,0.0,0.0,0.0,0.0,0.0,0.0,0.0,0.0,0.0,0.0,0.0,0.0,0.0,3.0,13.0,3.0,0.0,5.0,14.0,11.0,13.0,12.0,33.0,40.0,21.0,0.0,0.0,0.0,0.0,0.0,0.0,0.0,0.0,0.0,0.0,0.0,0.0,0.0,0.0,0.0,0.0,0.0,0.0,3.0,16.0,5.0,0.0,5.0,21.0,12.0,16.0,17.0,49.0,54.0,28.0
1110,1.0,1110.0,London_423,newnew,151,453,1092.0,70.0,2.0,115968.0,0.356465274002403,709.0,42.0,0.0,42.0,75.0,0.0,75.0,263.0,208.0,93.0,13.0,89.0,15.0,28.0,2.0,5.0,6.0,80.0,150.0,217.0,39.0,0.0,0.0,0.0,0.0,0.0,0.0,0.0,0.0,0.0,0.0,0.0,0.0,0.0,0.0,0.0,0.0,0.0,0.0,0.0,0.0,0.0,0.0,0.0,0.0,0.0,0.0,0.0,0.0,0.0,0.0,0.0,0.0,0.0,0.0,0.0,0.0,0.0,0.0,1.0,2.0,0.0,0.0,0.0,4.0,0.0,2.0,4.0,4.0,10.0,13.0,0.0,0.0,0.0,0.0,0.0,0.0,0.0,0.0,0.0,0.0,0.0,0.0,0.0,0.0,0.0,0.0,0.0,0.0,1.0,2.0,0.0,0.0,0.0,8.0,0.0,4.0,5.0,4.0,11.0,22.0
1111,1.0,1111.0,London_423,newnew,151,453,1092.0,70.0,2.0,125934.0,0.5175356239778921,731.0,73.0,2.0,71.0,142.0,19.0,123.0,75.0,211.0,98.0,13.0,87.0,18.0,21.0,2.0,3.0,5.0,80.0,152.0,216.0,43.0,0.0,0.0,0.0,0.0,0.0,0.0,0.0,0.0,0.0,0.0,0.0,0.0,0.0,0.0,0.0,0.0,0.0,0.0,0.0,0.0,0.0,0.0,0.0,0.0,0.0,0.0,0.0,0.0,0.0,0.0,0.0,1.0,1.0,0.0,1.0,0.0,0.0,0.0,2.0,5.0,0.0,1.0,0.0,9.0,6.0,4.0,7.0,11.0,20.0,21.0,0.0,0.0,0.0,0.0,0.0,0.0,0.0,0.0,0.0,0.0,0.0,7.0,10.0,0.0,3.0,0.0,0.0,0.0,2.0,7.0,0.0,1.0,0.0,10.0,6.0,9.0,8.0,17.0,26.0,25.0
1112,1.0,1112.0,London_423,newnew,151,453,1092.0,70.0,2.0,123216.0,0.42954987997654825,725.0,35.0,0.0,35.0,58.0,0.0,58.0,142.0,210.0,94.0,8.0,89.0,17.0,29.0,0.0,6.0,4.0,80.0,129.0,240.0,50.0,0.0,0.0,0.0,0.0,0.0,0.0,0.0,0.0,0.0,0.0,0.0,0.0,0.0,0.0,0.0,0.0,0.0,0.0,0.0,0.0,0.0,0.0,0.0,0.0,0.0,0.0,0.0,0.0,0.0,0.0,0.0,0.0,0.0,0.0,0.0,0.0,0.0,0.0,3.0,5.0,0.0,0.0,0.0,5.0,2.0,1.0,4.0,8.0,9.0,4.0,0.0,0.0,0.0,0.0,0.0,0.0,0.0,0.0,0.0,0.0,0.0,0.0,0.0,0.0,0.0,0.0,0.0,0.0,3.0,5.0,0.0,0.0,0.0,6.0,4.0,1.0,5.0,10.0,17.0,4.0
1113,1.0,1113.0,London_423,newnew,151,453,1092.0,70.0,2.0,149943.0,0.7260337630286813,784.0,135.0,1.0,134.0,238.0,8.0,230.0,58.0,220.0,98.0,9.0,68.0,20.0,33.0,1.0,4.0,7.0,73.0,134.0,239.0,55.0,0.0,0.0,0.0,0.0,0.0,0.0,0.0,0.0,0.0,0.0,0.0,0.0,0.0,0.0,0.0,0.0,0.0,0.0,0.0,0.0,0.0,0.0,0.0,0.0,0.0,0.0,0.0,0.0,0.0,0.0,0.0,0.0,0.0,0.0,1.0,0.0,0.0,0.0,1.0,19.0,0.0,2.0,1.0,7.0,9.0,4.0,16.0,23.0,26.0,17.0,0.0,0.0,0.0,0.0,0.0,0.0,0.0,0.0,0.0,0.0,0.0,0.0,0.0,0.0,3.0,0.0,0.0,0.0,1.0,31.0,0.0,3.0,2.0,8.0,10.0,7.0,19.0,35.0,39.0,25.0
1114,1.0,1114.0,London_423,newnew,151,453,1092.0,70.0,2.0,126840.0,0.38714514602907,733.0,12.0,2.0,10.0,35.0,18.0,17.0,238.0,217.0,70.0,22.0,76.0,20.0,40.0,2.0,6.0,5.0,74.0,142.0,232.0,38.0,0.0,0.0,0.0,0.0,0.0,0.0,0.0,0.0,0.0,0.0,0.0,0.0,0.0,0.0,0.0,0.0,0.0,0.0,0.0,0.0,0.0,0.0,0.0,0.0,0.0,0.0,0.0,0.0,1.0,0.0,0.0,0.0,0.0,0.0,1.0,0.0,0.0,0.0,0.0,0.0,0.0,0.0,0.0,1.0,2.0,0.0,2.0,3.0,3.0,1.0,0.0,0.0,0.0,0.0,0.0,0.0,0.0,0.0,3.0,0.0,0.0,0.0,0.0,0.0,6.0,0.0,0.0,0.0,0.0,0.0,0.0,0.0,0.0,1.0,3.0,0.0,2.0,4.0,4.0,2.0
1115,1.0,1115.0,London_423,newnew,151,453,1092.0,70.0,2.0,164439.0,0.5952903140569106,816.0,84.0,1.0,83.0,161.0,9.0,152.0,35.0,223.0,67.0,24.0,79.0,16.0,36.0,2.0,6.0,5.0,73.0,128.0,247.0,43.0,0.0,0.0,0.0,0.0,0.0,0.0,0.0,0.0,0.0,0.0,0.0,0.0,0.0,0.0,0.0,0.0,0.0,0.0,0.0,0.0,0.0,0.0,0.0,0.0,0.0,0.0,0.0,0.0,0.0,0.0,0.0,0.0,0.0,0.0,0.0,0.0,0.0,0.0,1.0,6.0,3.0,1.0,0.0,11.0,9.0,8.0,11.0,15.0,17.0,15.0,0.0,0.0,0.0,0.0,0.0,0.0,0.0,0.0,0.0,0.0,0.0,0.0,0.0,0.0,0.0,0.0,0.0,0.0,1.0,6.0,4.0,1.0,0.0,14.0,14.0,10.0,18.0,20.0,30.0,20.0
1116,1.0,1116.0,London_423,newnew,151,453,1092.0,70.0,2.0,166251.0,0.6312343759927899,820.0,91.0,0.0,91.0,157.0,0.0,157.0,161.0,235.0,68.0,24.0,62.0,17.0,39.0,2.0,6.0,9.0,62.0,131.0,251.0,41.0,0.0,0.0,0.0,0.0,0.0,0.0,0.0,0.0,0.0,0.0,0.0,0.0,0.0,0.0,0.0,0.0,0.0,0.0,0.0,0.0,0.0,0.0,0.0,0.0,0.0,0.0,0.0,0.0,0.0,0.0,0.0,0.0,0.0,0.0,0.0,0.0,0.0,0.0,4.0,9.0,0.0,3.0,0.0,20.0,7.0,7.0,7.0,13.0,24.0,15.0,0.0,0.0,0.0,0.0,0.0,0.0,0.0,0.0,0.0,0.0,0.0,0.0,0.0,0.0,0.0,0.0,0.0,0.0,6.0,12.0,0.0,3.0,0.0,22.0,10.0,12.0,8.0,20.0,33.0,21.0
1117,1.0,1117.0,London_423,newnew,151,453,1092.0,70.0,2.0,167157.0,0.6686469769338146,822.0,78.0,0.0,78.0,134.0,0.0,134.0,157.0,242.0,58.0,24.0,75.0,20.0,29.0,1.0,4.0,10.0,68.0,140.0,235.0,34.0,0.0,0.0,0.0,0.0,0.0,0.0,0.0,0.0,0.0,0.0,0.0,0.0,0.0,0.0,0.0,0.0,0.0,0.0,0.0,0.0,0.0,0.0,0.0,0.0,0.0,0.0,0.0,0.0,0.0,0.0,0.0,0.0,0.0,0.0,0.0,0.0,0.0,0.0,9.0,5.0,1.0,1.0,1.0,7.0,11.0,6.0,12.0,16.0,21.0,21.0,0.0,0.0,0.0,0.0,0.0,0.0,0.0,0.0,0.0,0.0,0.0,0.0,0.0,0.0,0.0,0.0,0.0,0.0,9.0,6.0,1.0,1.0,1.0,9.0,15.0,10.0,16.0,28.0,30.0,29.0
1118,1.0,1118.0,London_423,newnew,151,453,1092.0,70.0,2.0,167610.0,0.577479830943048,823.0,43.0,2.0,41.0,93.0,19.0,74.0,134.0,251.0,54.0,27.0,66.0,23.0,26.0,3.0,3.0,10.0,71.0,150.0,222.0,38.0,0.0,0.0,0.0,0.0,0.0,0.0,0.0,0.0,0.0,0.0,0.0,0.0,0.0,0.0,0.0,0.0,0.0,0.0,0.0,0.0,0.0,0.0,0.0,0.0,0.0,0.0,0.0,0.0,0.0,0.0,0.0,0.0,0.0,0.0,2.0,0.0,0.0,0.0,4.0,0.0,1.0,2.0,0.0,5.0,3.0,3.0,5.0,7.0,7.0,9.0,0.0,0.0,0.0,0.0,0.0,0.0,0.0,0.0,0.0,0.0,0.0,0.0,0.0,0.0,7.0,0.0,0.0,0.0,4.0,0.0,1.0,2.0,0.0,6.0,4.0,5.0,6.0,12.0,10.0,12.0
1119,1.0,1119.0,London_423,newnew,151,453,1092.0,70.0,2.0,195696.0,0.9512560589937493,885.0,138.0,1.0,137.0,244.0,9.0,235.0,93.0,262.0,60.0,30.0,52.0,16.0,30.0,1.0,2.0,8.0,68.0,136.0,241.0,36.0,0.0,0.0,0.0,0.0,0.0,0.0,0.0,0.0,0.0,0.0,0.0,0.0,0.0,0.0,0.0,0.0,0.0,0.0,0.0,0.0,0.0,0.0,0.0,0.0,0.0,0.0,0.0,0.0,0.0,0.0,0.0,0.0,0.0,0.0,1.0,0.0,0.0,0.0,3.0,10.0,0.0,4.0,0.0,7.0,12.0,19.0,6.0,24.0,26.0,15.0,0.0,0.0,0.0,0.0,0.0,0.0,0.0,0.0,0.0,0.0,0.0,0.0,0.0,0.0,3.0,0.0,0.0,0.0,4.0,16.0,0.0,8.0,0.0,10.0,18.0,25.0,7.0,34.0,40.0,20.0
1120,1.0,1120.0,London_423,newnew,151,453,1092.0,70.0,2.0,168516.0,0.7003838859964162,825.0,165.0,2.0,163.0,309.0,19.0,290.0,244.0,223.0,80.0,11.0,82.0,15.0,33.0,3.0,6.0,3.0,72.0,146.0,232.0,22.0,0.0,0.0,0.0,0.0,0.0,0.0,0.0,0.0,0.0,0.0,0.0,0.0,0.0,0.0,0.0,0.0,0.0,0.0,0.0,0.0,0.0,0.0,0.0,0.0,0.0,0.0,0.0,0.0,0.0,0.0,0.0,0.0,0.0,0.0,0.0,0.0,0.0,0.0,3.0,17.0,1.0,1.0,2.0,14.0,7.0,18.0,9.0,37.0,31.0,35.0,0.0,0.0,0.0,0.0,0.0,0.0,0.0,0.0,0.0,0.0,0.0,0.0,0.0,0.0,0.0,0.0,0.0,0.0,3.0,23.0,1.0,2.0,3.0,17.0,9.0,22.0,11.0,61.0,45.0,43.0
1121,1.0,1121.0,London_423,newnew,151,453,1092.0,70.0,2.0,124122.0,0.37658862909302115,727.0,2.0,2.0,0.0,16.0,16.0,0.0,309.0,173.0,122.0,17.0,83.0,15.0,32.0,2.0,9.0,7.0,71.0,160.0,215.0,43.0,0.0,0.0,0.0,0.0,0.0,0.0,0.0,0.0,0.0,0.0,0.0,0.0,0.0,0.0,0.0,0.0,0.0,0.0,0.0,0.0,0.0,0.0,0.0,0.0,0.0,0.0,0.0,0.0,1.0,0.0,0.0,1.0,0.0,1.0,2.0,0.0,0.0,0.0,0.0,0.0,0.0,0.0,0.0,0.0,0.0,0.0,0.0,0.0,0.0,0.0,0.0,0.0,0.0,0.0,0.0,0.0,0.0,0.0,5.0,0.0,0.0,5.0,0.0,7.0,3.0,0.0,0.0,0.0,0.0,0.0,0.0,0.0,0.0,0.0,0.0,0.0,0.0,0.0,0.0,0.0
1122,1.0,1122.0,London_423,newnew,151,453,1092.0,70.0,2.0,168063.0,0.7276399440597743,824.0,123.0,2.0,121.0,220.0,18.0,202.0,16.0,176.0,127.0,10.0,81.0,15.0,33.0,2.0,9.0,6.0,70.0,155.0,222.0,43.0,0.0,0.0,0.0,0.0,0.0,0.0,0.0,0.0,0.0,0.0,0.0,0.0,0.0,0.0,0.0,0.0,0.0,0.0,0.0,0.0,0.0,0.0,0.0,0.0,0.0,0.0,0.0,0.0,1.0,0.0,0.0,1.0,0.0,0.0,2.0,0.0,0.0,0.0,6.0,2.0,1.0,3.0,0.0,10.0,11.0,14.0,7.0,22.0,26.0,28.0,0.0,0.0,0.0,0.0,0.0,0.0,0.0,0.0,2.0,0.0,0.0,8.0,0.0,0.0,7.0,0.0,0.0,0.0,9.0,2.0,1.0,5.0,0.0,16.0,19.0,21.0,7.0,32.0,35.0,38.0
1123,1.0,1123.0,London_423,newnew,151,453,1092.0,70.0,2.0,151302.0,0.5951253710081801,787.0,124.0,0.0,124.0,217.0,0.0,217.0,220.0,175.0,146.0,12.0,78.0,8.0,26.0,4.0,4.0,6.0,65.0,140.0,242.0,49.0,0.0,0.0,0.0,0.0,0.0,0.0,0.0,0.0,0.0,0.0,0.0,0.0,0.0,0.0,0.0,0.0,0.0,0.0,0.0,0.0,0.0,0.0,0.0,0.0,0.0,0.0,0.0,0.0,0.0,0.0,0.0,0.0,0.0,0.0,0.0,0.0,0.0,0.0,0.0,1.0,1.0,2.0,2.0,12.0,7.0,9.0,8.0,31.0,26.0,17.0,0.0,0.0,0.0,0.0,0.0,0.0,0.0,0.0,0.0,0.0,0.0,0.0,0.0,0.0,0.0,0.0,0.0,0.0,0.0,1.0,1.0,2.0,2.0,18.0,11.0,14.0,11.0,48.0,41.0,24.0
1124,1.0,1124.0,London_423,newnew,151,453,1092.0,70.0,2.0,127293.0,0.41692195390351117,734.0,29.0,0.0,29.0,53.0,0.0,53.0,217.0,185.0,154.0,15.0,53.0,11.0,30.0,1.0,4.0,8.0,67.0,147.0,231.0,54.0,0.0,0.0,0.0,0.0,0.0,0.0,0.0,0.0,0.0,0.0,0.0,0.0,0.0,0.0,0.0,0.0,0.0,0.0,0.0,0.0,0.0,0.0,0.0,0.0,0.0,0.0,0.0,0.0,0.0,0.0,0.0,0.0,0.0,0.0,0.0,0.0,0.0,0.0,2.0,0.0,0.0,1.0,0.0,5.0,4.0,3.0,6.0,5.0,7.0,9.0,0.0,0.0,0.0,0.0,0.0,0.0,0.0,0.0,0.0,0.0,0.0,0.0,0.0,0.0,0.0,0.0,0.0,0.0,2.0,0.0,0.0,2.0,0.0,6.0,6.0,5.0,9.0,9.0,9.0,12.0
1125,1.0,1125.0,London_423,newnew,151,453,1092.0,70.0,2.0,152661.0,0.7461874209111556,790.0,88.0,1.0,87.0,159.0,10.0,149.0,53.0,192.0,165.0,6.0,49.0,11.0,27.0,0.0,3.0,8.0,69.0,144.0,232.0,60.0,0.0,0.0,0.0,0.0,0.0,0.0,0.0,0.0,0.0,0.0,0.0,0.0,0.0,0.0,0.0,0.0,0.0,0.0,0.0,0.0,0.0,0.0,0.0,0.0,0.0,0.0,0.0,0.0,0.0,1.0,0.0,1.0,0.0,0.0,1.0,0.0,0.0,0.0,1.0,1.0,8.0,1.0,3.0,16.0,5.0,8.0,8.0,21.0,21.0,21.0,0.0,0.0,0.0,0.0,0.0,0.0,0.0,0.0,0.0,6.0,0.0,7.0,0.0,0.0,5.0,0.0,0.0,0.0,1.0,1.0,10.0,1.0,3.0,21.0,6.0,10.0,10.0,33.0,36.0,26.0
1126,1.0,1126.0,London_423,newnew,151,453,1092.0,70.0,2.0,154020.0,0.6547515890561044,793.0,59.0,0.0,59.0,88.0,0.0,88.0,159.0,212.0,147.0,12.0,62.0,2.0,16.0,0.0,2.0,4.0,72.0,166.0,211.0,50.0,0.0,0.0,0.0,0.0,0.0,0.0,0.0,0.0,0.0,0.0,0.0,0.0,0.0,0.0,0.0,0.0,0.0,0.0,0.0,0.0,0.0,0.0,0.0,0.0,0.0,0.0,0.0,0.0,0.0,0.0,0.0,0.0,0.0,0.0,0.0,0.0,0.0,0.0,3.0,0.0,1.0,1.0,0.0,7.0,7.0,0.0,8.0,17.0,9.0,17.0,0.0,0.0,0.0,0.0,0.0,0.0,0.0,0.0,0.0,0.0,0.0,0.0,0.0,0.0,0.0,0.0,0.0,0.0,3.0,0.0,1.0,2.0,0.0,9.0,8.0,0.0,10.0,23.0,13.0,21.0
1127,1.0,1127.0,London_423,newnew,151,453,1092.0,70.0,2.0,168969.0,0.9178275560261682,826.0,152.0,2.0,150.0,268.0,18.0,250.0,88.0,218.0,149.0,11.0,50.0,3.0,16.0,1.0,5.0,6.0,67.0,165.0,215.0,53.0,0.0,0.0,0.0,0.0,0.0,0.0,0.0,0.0,0.0,0.0,0.0,0.0,0.0,0.0,0.0,0.0,0.0,0.0,0.0,0.0,0.0,0.0,0.0,0.0,0.0,0.0,0.0,0.0,0.0,0.0,0.0,0.0,1.0,0.0,1.0,0.0,0.0,0.0,5.0,5.0,1.0,1.0,5.0,20.0,15.0,9.0,9.0,31.0,41.0,31.0,0.0,0.0,0.0,0.0,0.0,0.0,0.0,0.0,0.0,0.0,0.0,0.0,5.0,0.0,2.0,0.0,0.0,0.0,6.0,6.0,1.0,1.0,7.0,25.0,21.0,11.0,10.0,44.0,60.0,38.0
1128,1.0,1128.0,London_423,newnew,151,453,1092.0,70.0,2.0,133182.0,0.4295030659995973,747.0,43.0,1.0,42.0,80.0,9.0,71.0,268.0,217.0,101.0,18.0,85.0,7.0,17.0,0.0,8.0,5.0,70.0,152.0,226.0,27.0,0.0,0.0,0.0,0.0,0.0,0.0,0.0,0.0,0.0,0.0,0.0,0.0,0.0,0.0,0.0,0.0,0.0,0.0,0.0,0.0,0.0,0.0,0.0,0.0,0.0,0.0,0.0,0.0,0.0,0.0,0.0,0.0,0.0,0.0,0.0,0.0,0.0,0.0,1.0,0.0,1.0,0.0,0.0,2.0,4.0,6.0,7.0,8.0,8.0,5.0,0.0,0.0,0.0,0.0,0.0,0.0,0.0,0.0,0.0,0.0,0.0,0.0,0.0,0.0,0.0,0.0,0.0,0.0,1.0,0.0,1.0,0.0,0.0,3.0,6.0,11.0,9.0,13.0,12.0,7.0
1129,1.0,1129.0,London_423,newnew,151,453,1092.0,70.0,2.0,140430.0,0.5386182039510459,763.0,80.0,0.0,80.0,136.0,0.0,136.0,80.0,228.0,103.0,19.0,81.0,8.0,14.0,0.0,0.0,5.0,74.0,141.0,233.0,26.0,0.0,0.0,0.0,0.0,0.0,0.0,0.0,0.0,0.0,0.0,0.0,0.0,0.0,0.0,0.0,0.0,0.0,0.0,0.0,0.0,0.0,0.0,0.0,0.0,0.0,0.0,0.0,0.0,0.0,0.0,0.0,0.0,0.0,0.0,0.0,0.0,0.0,0.0,6.0,0.0,0.0,1.0,0.0,6.0,4.0,5.0,9.0,17.0,19.0,12.0,0.0,0.0,0.0,0.0,0.0,0.0,0.0,0.0,0.0,0.0,0.0,0.0,0.0,0.0,0.0,0.0,0.0,0.0,6.0,0.0,0.0,2.0,0.0,7.0,4.0,7.0,12.0,24.0,25.0,15.0
1130,1.0,1130.0,London_423,newnew,151,453,1092.0,70.0,2.0,133635.0,0.4179559909971431,748.0,7.0,0.0,7.0,13.0,0.0,13.0,136.0,231.0,118.0,17.0,71.0,0.0,14.0,0.0,2.0,7.0,70.0,141.0,235.0,33.0,0.0,0.0,0.0,0.0,0.0,0.0,0.0,0.0,0.0,0.0,0.0,0.0,0.0,0.0,0.0,0.0,0.0,0.0,0.0,0.0,0.0,0.0,0.0,0.0,0.0,0.0,0.0,0.0,0.0,0.0,0.0,0.0,0.0,0.0,0.0,0.0,0.0,0.0,0.0,0.0,0.0,0.0,0.0,0.0,0.0,0.0,1.0,2.0,1.0,1.0,0.0,0.0,0.0,0.0,0.0,0.0,0.0,0.0,0.0,0.0,0.0,0.0,0.0,0.0,0.0,0.0,0.0,0.0,0.0,0.0,0.0,0.0,0.0,0.0,0.0,0.0,2.0,2.0,1.0,2.0
1131,1.0,1131.0,London_423,newnew,151,453,1092.0,70.0,2.0,164439.0,0.9106759249698371,816.0,172.0,2.0,170.0,311.0,19.0,292.0,13.0,232.0,123.0,14.0,66.0,1.0,14.0,0.0,3.0,7.0,67.0,143.0,236.0,36.0,0.0,0.0,0.0,0.0,0.0,0.0,0.0,0.0,0.0,0.0,0.0,0.0,0.0,0.0,0.0,0.0,0.0,0.0,0.0,0.0,0.0,0.0,0.0,0.0,0.0,0.0,0.0,0.0,0.0,0.0,0.0,0.0,0.0,1.0,1.0,0.0,0.0,0.0,4.0,17.0,0.0,7.0,1.0,11.0,2.0,2.0,18.0,34.0,35.0,9.0,0.0,0.0,0.0,0.0,0.0,0.0,0.0,0.0,0.0,0.0,0.0,0.0,0.0,8.0,7.0,0.0,0.0,0.0,4.0,23.0,0.0,12.0,1.0,15.0,3.0,2.0,27.0,53.0,49.0,11.0
1132,1.0,1132.0,London_423,newnew,151,453,1092.0,70.0,2.0,117780.0,0.4508404430234805,713.0,80.0,0.0,80.0,127.0,0.0,127.0,311.0,191.0,119.0,21.0,79.0,11.0,21.0,4.0,7.0,5.0,67.0,147.0,234.0,38.0,0.0,0.0,0.0,0.0,0.0,0.0,0.0,0.0,0.0,0.0,0.0,0.0,0.0,0.0,0.0,0.0,0.0,0.0,0.0,0.0,0.0,0.0,0.0,0.0,0.0,0.0,0.0,0.0,0.0,0.0,0.0,0.0,0.0,0.0,0.0,0.0,0.0,0.0,4.0,1.0,0.0,0.0,0.0,9.0,5.0,3.0,5.0,13.0,22.0,14.0,0.0,0.0,0.0,0.0,0.0,0.0,0.0,0.0,0.0,0.0,0.0,0.0,0.0,0.0,0.0,0.0,0.0,0.0,4.0,2.0,0.0,0.0,0.0,11.0,7.0,4.0,8.0,19.0,31.0,17.0
1133,1.0,1133.0,London_423,newnew,151,453,1092.0,70.0,2.0,117780.0,0.524199181003496,713.0,69.0,2.0,67.0,127.0,16.0,111.0,127.0,194.0,114.0,29.0,76.0,11.0,21.0,4.0,4.0,6.0,74.0,150.0,223.0,53.0,0.0,0.0,0.0,0.0,0.0,0.0,0.0,0.0,0.0,0.0,0.0,0.0,0.0,0.0,0.0,0.0,0.0,0.0,0.0,0.0,0.0,0.0,0.0,0.0,0.0,0.0,0.0,0.0,1.0,0.0,0.0,0.0,0.0,2.0,2.0,0.0,0.0,0.0,1.0,2.0,1.0,0.0,0.0,6.0,1.0,0.0,14.0,13.0,13.0,19.0,0.0,0.0,0.0,0.0,0.0,0.0,0.0,0.0,2.0,0.0,0.0,0.0,0.0,13.0,9.0,0.0,0.0,0.0,1.0,3.0,1.0,0.0,0.0,6.0,1.0,0.0,25.0,21.0,18.0,27.0
1134,1.0,1134.0,London_423,newnew,151,453,1092.0,70.0,2.0,127293.0,0.456235004006885,734.0,37.0,1.0,36.0,67.0,9.0,58.0,127.0,186.0,118.0,30.0,89.0,9.0,16.0,0.0,5.0,7.0,84.0,140.0,222.0,49.0,0.0,0.0,0.0,0.0,0.0,0.0,0.0,0.0,0.0,0.0,0.0,0.0,0.0,0.0,0.0,0.0,0.0,0.0,0.0,0.0,0.0,0.0,0.0,0.0,0.0,0.0,0.0,0.0,1.0,0.0,0.0,0.0,0.0,0.0,0.0,0.0,0.0,0.0,2.0,1.0,0.0,1.0,0.0,3.0,4.0,3.0,1.0,4.0,9.0,9.0,0.0,0.0,0.0,0.0,0.0,0.0,0.0,0.0,4.0,0.0,0.0,0.0,0.0,0.0,0.0,0.0,0.0,0.0,4.0,1.0,0.0,1.0,0.0,3.0,5.0,6.0,2.0,7.0,11.0,13.0
1135,1.0,1135.0,London_423,newnew,151,453,1092.0,70.0,2.0,159909.0,0.5259420250076801,806.0,38.0,2.0,36.0,83.0,18.0,65.0,67.0,196.0,120.0,25.0,88.0,5.0,14.0,0.0,5.0,7.0,82.0,136.0,228.0,55.0,0.0,0.0,0.0,0.0,0.0,0.0,0.0,0.0,0.0,0.0,0.0,0.0,0.0,0.0,0.0,0.0,0.0,0.0,0.0,0.0,0.0,0.0,0.0,0.0,0.0,0.0,0.0,0.0,2.0,0.0,0.0,1.0,1.0,0.0,0.0,0.0,0.0,0.0,0.0,1.0,1.0,0.0,0.0,2.0,4.0,2.0,3.0,7.0,11.0,5.0,0.0,0.0,0.0,0.0,0.0,0.0,0.0,0.0,4.0,0.0,0.0,2.0,9.0,0.0,0.0,0.0,0.0,0.0,0.0,1.0,1.0,0.0,0.0,4.0,5.0,3.0,7.0,14.0,19.0,10.0
1136,1.0,1136.0,London_423,newnew,151,453,1092.0,70.0,2.0,177123.0,0.9504742949502543,844.0,116.0,2.0,114.0,209.0,17.0,192.0,83.0,199.0,134.0,24.0,78.0,2.0,7.0,0.0,9.0,7.0,80.0,128.0,238.0,58.0,0.0,0.0,0.0,0.0,0.0,0.0,0.0,0.0,0.0,0.0,0.0,0.0,0.0,0.0,0.0,0.0,0.0,0.0,0.0,0.0,0.0,0.0,0.0,0.0,0.0,0.0,0.0,0.0,0.0,0.0,0.0,1.0,0.0,0.0,2.0,0.0,0.0,0.0,5.0,7.0,0.0,1.0,6.0,9.0,4.0,3.0,18.0,22.0,28.0,19.0,0.0,0.0,0.0,0.0,0.0,0.0,0.0,0.0,0.0,0.0,0.0,5.0,0.0,0.0,8.0,0.0,0.0,0.0,5.0,10.0,0.0,1.0,7.0,15.0,7.0,3.0,24.0,28.0,37.0,24.0
1137,1.0,1137.0,London_423,newnew,151,453,1092.0,70.0,2.0,161721.0,0.5126657889923081,810.0,6.0,0.0,6.0,13.0,0.0,13.0,209.0,200.0,129.0,18.0,68.0,7.0,19.0,1.0,11.0,6.0,78.0,128.0,241.0,53.0,0.0,0.0,0.0,0.0,0.0,0.0,0.0,0.0,0.0,0.0,0.0,0.0,0.0,0.0,0.0,0.0,0.0,0.0,0.0,0.0,0.0,0.0,0.0,0.0,0.0,0.0,0.0,0.0,0.0,0.0,0.0,0.0,0.0,0.0,0.0,0.0,0.0,0.0,0.0,0.0,0.0,0.0,0.0,1.0,1.0,0.0,2.0,1.0,2.0,2.0,0.0,0.0,0.0,0.0,0.0,0.0,0.0,0.0,0.0,0.0,0.0,0.0,0.0,0.0,0.0,0.0,0.0,0.0,0.0,0.0,0.0,0.0,0.0,2.0,1.0,0.0,2.0,4.0,4.0,2.0
1138,1.0,1138.0,London_423,newnew,151,453,1092.0,70.0,2.0,207474.0,0.9989619010593742,911.0,134.0,2.0,132.0,244.0,19.0,225.0,13.0,202.0,125.0,18.0,68.0,7.0,21.0,1.0,11.0,6.0,76.0,125.0,246.0,52.0,0.0,0.0,0.0,0.0,0.0,0.0,0.0,0.0,0.0,0.0,0.0,0.0,0.0,0.0,0.0,0.0,0.0,0.0,0.0,0.0,0.0,0.0,0.0,0.0,0.0,0.0,0.0,0.0,1.0,0.0,0.0,2.0,0.0,0.0,1.0,0.0,0.0,0.0,7.0,13.0,2.0,0.0,5.0,15.0,7.0,6.0,16.0,27.0,30.0,29.0,0.0,0.0,0.0,0.0,0.0,0.0,0.0,0.0,1.0,0.0,0.0,10.0,0.0,0.0,4.0,0.0,0.0,0.0,9.0,20.0,3.0,0.0,7.0,22.0,7.0,12.0,19.0,41.0,47.0,37.0
1139,1.0,1139.0,London_423,newnew,151,453,1092.0,70.0,2.0,196602.0,0.8103059869026765,887.0,154.0,0.0,154.0,259.0,0.0,259.0,244.0,213.0,120.0,21.0,65.0,2.0,23.0,2.0,7.0,6.0,79.0,149.0,219.0,50.0,0.0,0.0,0.0,0.0,0.0,0.0,0.0,0.0,0.0,0.0,0.0,0.0,0.0,0.0,0.0,0.0,0.0,0.0,0.0,0.0,0.0,0.0,0.0,0.0,0.0,0.0,0.0,0.0,0.0,0.0,0.0,0.0,0.0,0.0,0.0,0.0,0.0,0.0,6.0,5.0,0.0,1.0,11.0,10.0,9.0,8.0,9.0,36.0,31.0,26.0,0.0,0.0,0.0,0.0,0.0,0.0,0.0,0.0,0.0,0.0,0.0,0.0,0.0,0.0,0.0,0.0,0.0,0.0,6.0,7.0,0.0,1.0,11.0,11.0,11.0,11.0,14.0,55.0,44.0,30.0
1140,1.0,1140.0,London_423,newnew,151,453,1092.0,70.0,2.0,178482.0,0.586336713982746,847.0,108.0,0.0,108.0,187.0,0.0,187.0,259.0,227.0,83.0,24.0,83.0,6.0,21.0,0.0,9.0,5.0,76.0,139.0,233.0,28.0,0.0,0.0,0.0,0.0,0.0,0.0,0.0,0.0,0.0,0.0,0.0,0.0,0.0,0.0,0.0,0.0,0.0,0.0,0.0,0.0,0.0,0.0,0.0,0.0,0.0,0.0,0.0,0.0,0.0,0.0,0.0,0.0,0.0,0.0,0.0,0.0,0.0,0.0,3.0,6.0,0.0,5.0,0.0,10.0,14.0,11.0,10.0,19.0,26.0,21.0,0.0,0.0,0.0,0.0,0.0,0.0,0.0,0.0,0.0,0.0,0.0,0.0,0.0,0.0,0.0,0.0,0.0,0.0,3.0,9.0,0.0,9.0,0.0,12.0,23.0,15.0,11.0,36.0,40.0,31.0
1141,1.0,1141.0,London_423,newnew,151,453,1092.0,70.0,2.0,170328.0,0.659467397024855,829.0,42.0,2.0,40.0,84.0,18.0,66.0,187.0,241.0,83.0,31.0,70.0,4.0,15.0,1.0,8.0,9.0,79.0,135.0,230.0,39.0,0.0,0.0,0.0,0.0,0.0,0.0,0.0,0.0,0.0,0.0,0.0,0.0,0.0,0.0,0.0,0.0,0.0,0.0,0.0,0.0,0.0,0.0,0.0,0.0,0.0,0.0,0.0,0.0,1.0,0.0,0.0,1.0,0.0,1.0,2.0,0.0,0.0,0.0,1.0,1.0,2.0,3.0,3.0,3.0,1.0,6.0,2.0,5.0,10.0,7.0,0.0,0.0,0.0,0.0,0.0,0.0,0.0,0.0,7.0,0.0,0.0,6.0,0.0,7.0,10.0,0.0,0.0,0.0,1.0,1.0,3.0,3.0,3.0,4.0,1.0,7.0,3.0,8.0,15.0,7.0
1142,1.0,1142.0,London_423,newnew,151,453,1092.0,70.0,2.0,194337.0,0.7932867869967595,882.0,75.0,0.0,75.0,127.0,0.0,127.0,84.0,247.0,92.0,34.0,65.0,2.0,5.0,2.0,6.0,6.0,80.0,141.0,226.0,41.0,0.0,0.0,0.0,0.0,0.0,0.0,0.0,0.0,0.0,0.0,0.0,0.0,0.0,0.0,0.0,0.0,0.0,0.0,0.0,0.0,0.0,0.0,0.0,0.0,0.0,0.0,0.0,0.0,0.0,0.0,0.0,0.0,0.0,0.0,0.0,0.0,0.0,0.0,2.0,3.0,2.0,1.0,0.0,5.0,5.0,9.0,5.0,15.0,21.0,23.0,0.0,0.0,0.0,0.0,0.0,0.0,0.0,0.0,0.0,0.0,0.0,0.0,0.0,0.0,0.0,0.0,0.0,0.0,3.0,3.0,2.0,2.0,0.0,5.0,6.0,15.0,7.0,25.0,28.0,27.0
1143,1.0,1143.0,London_423,newnew,151,453,1092.0,70.0,2.0,207021.0,0.8835387820145115,910.0,139.0,1.0,138.0,247.0,9.0,238.0,127.0,263.0,88.0,32.0,46.0,4.0,10.0,2.0,8.0,7.0,76.0,139.0,231.0,41.0,0.0,0.0,0.0,0.0,0.0,0.0,0.0,0.0,0.0,0.0,0.0,0.0,0.0,0.0,0.0,0.0,0.0,0.0,0.0,0.0,0.0,0.0,0.0,0.0,0.0,0.0,0.0,0.0,0.0,0.0,0.0,0.0,0.0,1.0,0.0,0.0,0.0,0.0,1.0,19.0,0.0,0.0,2.0,10.0,9.0,3.0,12.0,21.0,32.0,19.0,0.0,0.0,0.0,0.0,0.0,0.0,0.0,0.0,0.0,0.0,0.0,0.0,0.0,6.0,0.0,0.0,0.0,0.0,1.0,34.0,0.0,0.0,2.0,16.0,12.0,4.0,17.0,32.0,52.0,23.0
1144,1.0,1144.0,London_423,newnew,151,453,1092.0,70.0,2.0,185730.0,0.6794338059844449,863.0,108.0,0.0,108.0,185.0,0.0,185.0,247.0,239.0,88.0,14.0,81.0,7.0,21.0,1.0,2.0,7.0,88.0,136.0,222.0,35.0,0.0,0.0,0.0,0.0,0.0,0.0,0.0,0.0,0.0,0.0,0.0,0.0,0.0,0.0,0.0,0.0,0.0,0.0,0.0,0.0,0.0,0.0,0.0,0.0,0.0,0.0,0.0,0.0,0.0,0.0,0.0,0.0,0.0,0.0,0.0,0.0,0.0,0.0,2.0,4.0,5.0,0.0,0.0,5.0,6.0,10.0,10.0,20.0,20.0,14.0,0.0,0.0,0.0,0.0,0.0,0.0,0.0,0.0,0.0,0.0,0.0,0.0,0.0,0.0,0.0,0.0,0.0,0.0,2.0,7.0,5.0,0.0,0.0,5.0,7.0,14.0,11.0,32.0,28.0,19.0
1145,1.0,1145.0,London_423,newnew,151,453,1092.0,70.0,2.0,167610.0,0.7675260469550267,823.0,121.0,2.0,119.0,226.0,17.0,209.0,185.0,247.0,95.0,12.0,66.0,4.0,27.0,0.0,2.0,5.0,82.0,142.0,224.0,35.0,0.0,0.0,0.0,0.0,0.0,0.0,0.0,0.0,0.0,0.0,0.0,0.0,0.0,0.0,0.0,0.0,0.0,0.0,0.0,0.0,0.0,0.0,0.0,0.0,0.0,0.0,0.0,0.0,0.0,0.0,0.0,0.0,1.0,0.0,0.0,0.0,0.0,0.0,1.0,8.0,0.0,1.0,0.0,9.0,6.0,13.0,17.0,32.0,25.0,25.0,0.0,0.0,0.0,0.0,0.0,0.0,0.0,0.0,0.0,0.0,0.0,0.0,4.0,0.0,0.0,0.0,0.0,0.0,2.0,11.0,0.0,2.0,0.0,13.0,8.0,18.0,23.0,51.0,43.0,33.0
1146,1.0,1146.0,London_423,newnew,151,453,1092.0,70.0,2.0,160815.0,0.6328506019199267,808.0,77.0,0.0,77.0,134.0,0.0,134.0,226.0,236.0,106.0,20.0,58.0,5.0,24.0,2.0,2.0,6.0,81.0,134.0,232.0,38.0,0.0,0.0,0.0,0.0,0.0,0.0,0.0,0.0,0.0,0.0,0.0,0.0,0.0,0.0,0.0,0.0,0.0,0.0,0.0,0.0,0.0,0.0,0.0,0.0,0.0,0.0,0.0,0.0,0.0,0.0,0.0,0.0,0.0,0.0,0.0,0.0,0.0,0.0,2.0,3.0,0.0,0.0,0.0,8.0,9.0,3.0,13.0,21.0,18.0,17.0,0.0,0.0,0.0,0.0,0.0,0.0,0.0,0.0,0.0,0.0,0.0,0.0,0.0,0.0,0.0,0.0,0.0,0.0,2.0,5.0,0.0,0.0,0.0,12.0,13.0,5.0,18.0,31.0,28.0,24.0
1147,1.0,1147.0,London_423,newnew,151,453,1092.0,70.0,2.0,160815.0,0.536600983934477,808.0,22.0,1.0,21.0,52.0,12.0,40.0,134.0,249.0,109.0,16.0,59.0,5.0,11.0,1.0,3.0,7.0,72.0,144.0,230.0,46.0,0.0,0.0,0.0,0.0,0.0,0.0,0.0,0.0,0.0,0.0,0.0,0.0,0.0,0.0,0.0,0.0,0.0,0.0,0.0,0.0,0.0,0.0,0.0,0.0,0.0,0.0,0.0,0.0,0.0,0.0,0.0,1.0,0.0,0.0,0.0,0.0,0.0,0.0,0.0,1.0,0.0,0.0,0.0,4.0,2.0,2.0,6.0,4.0,4.0,1.0,0.0,0.0,0.0,0.0,0.0,0.0,0.0,0.0,0.0,0.0,0.0,2.0,0.0,0.0,0.0,0.0,0.0,0.0,0.0,1.0,0.0,0.0,0.0,5.0,2.0,2.0,9.0,6.0,8.0,2.0
1148,1.0,1148.0,London_423,newnew,151,453,1092.0,70.0,2.0,184371.0,1.0003588910913095,860.0,142.0,2.0,140.0,254.0,16.0,238.0,52.0,243.0,111.0,17.0,66.0,1.0,11.0,1.0,3.0,7.0,73.0,139.0,234.0,48.0,0.0,0.0,0.0,0.0,0.0,0.0,0.0,0.0,0.0,0.0,0.0,0.0,0.0,0.0,0.0,0.0,0.0,0.0,0.0,0.0,0.0,0.0,0.0,0.0,0.0,0.0,0.0,0.0,0.0,0.0,0.0,1.0,0.0,0.0,0.0,0.0,0.0,0.0,0.0,19.0,0.0,3.0,15.0,13.0,10.0,12.0,8.0,30.0,31.0,29.0,0.0,0.0,0.0,0.0,0.0,0.0,0.0,0.0,0.0,0.0,0.0,9.0,0.0,0.0,0.0,0.0,0.0,0.0,0.0,28.0,0.0,6.0,16.0,19.0,12.0,15.0,11.0,46.0,44.0,33.0
1149,1.0,1149.0,London_423,newnew,151,453,1092.0,70.0,2.0,166704.0,0.6912273110356182,821.0,124.0,2.0,122.0,227.0,18.0,209.0,254.0,224.0,92.0,22.0,82.0,8.0,21.0,1.0,3.0,8.0,75.0,133.0,237.0,37.0,0.0,0.0,0.0,0.0,0.0,0.0,0.0,0.0,0.0,0.0,0.0,0.0,0.0,0.0,0.0,0.0,0.0,0.0,0.0,0.0,0.0,0.0,0.0,0.0,0.0,0.0,0.0,0.0,0.0,1.0,0.0,1.0,0.0,1.0,1.0,0.0,0.0,0.0,3.0,9.0,4.0,1.0,3.0,9.0,11.0,9.0,18.0,22.0,25.0,19.0,0.0,0.0,0.0,0.0,0.0,0.0,0.0,0.0,0.0,5.0,0.0,3.0,0.0,5.0,6.0,0.0,0.0,0.0,4.0,12.0,4.0,1.0,3.0,13.0,15.0,10.0,29.0,29.0,37.0,21.0
1150,1.0,1150.0,London_423,newnew,151,453,1092.0,70.0,2.0,147225.0,0.5889420598978177,778.0,110.0,1.0,109.0,196.0,9.0,187.0,227.0,237.0,94.0,17.0,67.0,3.0,26.0,2.0,7.0,8.0,74.0,117.0,254.0,44.0,0.0,0.0,0.0,0.0,0.0,0.0,0.0,0.0,0.0,0.0,0.0,0.0,0.0,0.0,0.0,0.0,0.0,0.0,0.0,0.0,0.0,0.0,0.0,0.0,0.0,0.0,0.0,0.0,0.0,0.0,0.0,0.0,0.0,0.0,0.0,0.0,0.0,0.0,6.0,3.0,1.0,3.0,1.0,16.0,7.0,12.0,6.0,30.0,19.0,20.0,0.0,0.0,0.0,0.0,0.0,0.0,0.0,0.0,0.0,0.0,0.0,0.0,0.0,0.0,0.0,0.0,0.0,0.0,9.0,5.0,1.0,6.0,1.0,20.0,11.0,14.0,6.0,45.0,30.0,28.0
1151,1.0,1151.0,London_423,newnew,151,453,1092.0,70.0,2.0,128652.0,0.5886884509818628,737.0,39.0,0.0,39.0,69.0,0.0,69.0,196.0,233.0,110.0,14.0,54.0,6.0,28.0,1.0,7.0,8.0,77.0,115.0,253.0,53.0,0.0,0.0,0.0,0.0,0.0,0.0,0.0,0.0,0.0,0.0,0.0,0.0,0.0,0.0,0.0,0.0,0.0,0.0,0.0,0.0,0.0,0.0,0.0,0.0,0.0,0.0,0.0,0.0,0.0,0.0,0.0,0.0,0.0,0.0,0.0,0.0,0.0,0.0,3.0,1.0,0.0,1.0,0.0,8.0,2.0,2.0,3.0,7.0,10.0,12.0,0.0,0.0,0.0,0.0,0.0,0.0,0.0,0.0,0.0,0.0,0.0,0.0,0.0,0.0,0.0,0.0,0.0,0.0,5.0,1.0,0.0,2.0,0.0,14.0,4.0,2.0,4.0,11.0,19.0,15.0
1152,1.0,1152.0,London_423,newnew,151,453,1092.0,70.0,2.0,152208.0,0.7193389210151508,789.0,98.0,0.0,98.0,164.0,0.0,164.0,69.0,236.0,126.0,10.0,46.0,3.0,23.0,0.0,9.0,8.0,75.0,112.0,258.0,58.0,0.0,0.0,0.0,0.0,0.0,0.0,0.0,0.0,0.0,0.0,0.0,0.0,0.0,0.0,0.0,0.0,0.0,0.0,0.0,0.0,0.0,0.0,0.0,0.0,0.0,0.0,0.0,0.0,0.0,0.0,0.0,0.0,0.0,0.0,0.0,0.0,0.0,0.0,0.0,12.0,0.0,0.0,2.0,9.0,7.0,4.0,10.0,18.0,28.0,14.0,0.0,0.0,0.0,0.0,0.0,0.0,0.0,0.0,0.0,0.0,0.0,0.0,0.0,0.0,0.0,0.0,0.0,0.0,0.0,13.0,0.0,0.0,2.0,10.0,10.0,5.0,12.0,27.0,42.0,17.0
1153,1.0,1153.0,London_423,newnew,151,453,1092.0,70.0,2.0,143148.0,0.5015617839526385,769.0,28.0,2.0,26.0,57.0,19.0,38.0,164.0,246.0,102.0,17.0,43.0,4.0,27.0,3.0,11.0,8.0,76.0,118.0,251.0,54.0,0.0,0.0,0.0,0.0,0.0,0.0,0.0,0.0,0.0,0.0,0.0,0.0,0.0,0.0,0.0,0.0,0.0,0.0,0.0,0.0,0.0,0.0,0.0,0.0,0.0,0.0,0.0,0.0,0.0,0.0,0.0,1.0,1.0,0.0,2.0,0.0,0.0,0.0,2.0,2.0,1.0,1.0,0.0,4.0,2.0,1.0,3.0,6.0,8.0,8.0,0.0,0.0,0.0,0.0,0.0,0.0,0.0,0.0,0.0,0.0,0.0,6.0,8.0,0.0,6.0,0.0,0.0,0.0,2.0,2.0,1.0,2.0,0.0,4.0,2.0,1.0,4.0,11.0,10.0,11.0
1154,1.0,1154.0,London_423,newnew,151,453,1092.0,70.0,2.0,164892.0,0.7052724050590768,817.0,52.0,0.0,52.0,95.0,0.0,95.0,57.0,244.0,105.0,19.0,47.0,5.0,22.0,3.0,8.0,5.0,78.0,115.0,255.0,53.0,0.0,0.0,0.0,0.0,0.0,0.0,0.0,0.0,0.0,0.0,0.0,0.0,0.0,0.0,0.0,0.0,0.0,0.0,0.0,0.0,0.0,0.0,0.0,0.0,0.0,0.0,0.0,0.0,0.0,0.0,0.0,0.0,0.0,0.0,0.0,0.0,0.0,0.0,3.0,3.0,1.0,2.0,0.0,7.0,8.0,5.0,9.0,14.0,16.0,10.0,0.0,0.0,0.0,0.0,0.0,0.0,0.0,0.0,0.0,0.0,0.0,0.0,0.0,0.0,0.0,0.0,0.0,0.0,3.0,3.0,2.0,2.0,0.0,11.0,13.0,8.0,11.0,23.0,20.0,14.0
1155,1.0,1155.0,London_423,newnew,151,453,1092.0,70.0,2.0,181200.0,1.1282686640042812,853.0,205.0,1.0,204.0,367.0,8.0,359.0,95.0,241.0,112.0,14.0,43.0,2.0,32.0,2.0,7.0,3.0,76.0,120.0,254.0,59.0,0.0,0.0,0.0,0.0,0.0,0.0,0.0,0.0,0.0,0.0,0.0,0.0,0.0,0.0,0.0,0.0,0.0,0.0,0.0,0.0,0.0,0.0,0.0,0.0,0.0,0.0,0.0,0.0,1.0,0.0,0.0,0.0,0.0,0.0,1.0,0.0,0.0,0.0,1.0,37.0,1.0,5.0,4.0,35.0,3.0,2.0,23.0,33.0,53.0,18.0,0.0,0.0,0.0,0.0,0.0,0.0,0.0,0.0,3.0,0.0,0.0,0.0,0.0,0.0,3.0,0.0,0.0,0.0,2.0,57.0,1.0,9.0,5.0,46.0,4.0,2.0,28.0,49.0,78.0,23.0
1156,1.0,1156.0,London_423,newnew,151,453,1092.0,70.0,2.0,110985.0,0.38596633297856897,698.0,32.0,2.0,30.0,71.0,18.0,53.0,367.0,133.0,140.0,43.0,91.0,2.0,32.0,3.0,9.0,4.0,80.0,153.0,216.0,42.0,0.0,0.0,0.0,0.0,0.0,0.0,0.0,0.0,0.0,0.0,0.0,0.0,0.0,0.0,0.0,0.0,0.0,0.0,0.0,0.0,0.0,0.0,0.0,0.0,0.0,0.0,0.0,0.0,1.0,0.0,0.0,0.0,0.0,0.0,1.0,0.0,0.0,0.0,2.0,1.0,0.0,0.0,0.0,0.0,1.0,1.0,3.0,5.0,3.0,5.0,0.0,0.0,0.0,0.0,0.0,0.0,0.0,0.0,6.0,0.0,0.0,0.0,0.0,0.0,6.0,0.0,0.0,0.0,2.0,1.0,0.0,0.0,0.0,0.0,1.0,1.0,4.0,7.0,6.0,7.0
1157,1.0,1157.0,London_423,newnew,151,453,1092.0,70.0,2.0,125028.0,0.3997320330236107,729.0,34.0,1.0,33.0,69.0,9.0,60.0,71.0,140.0,159.0,40.0,81.0,1.0,21.0,3.0,8.0,4.0,84.0,143.0,222.0,45.0,0.0,0.0,0.0,0.0,0.0,0.0,0.0,0.0,0.0,0.0,0.0,0.0,0.0,0.0,0.0,0.0,0.0,0.0,0.0,0.0,0.0,0.0,0.0,0.0,0.0,0.0,0.0,0.0,0.0,0.0,0.0,0.0,0.0,0.0,0.0,0.0,0.0,0.0,2.0,1.0,0.0,0.0,0.0,4.0,2.0,2.0,5.0,5.0,11.0,7.0,0.0,0.0,0.0,0.0,0.0,0.0,0.0,0.0,0.0,0.0,0.0,0.0,0.0,0.0,0.0,0.0,0.0,0.0,3.0,2.0,0.0,0.0,0.0,5.0,3.0,2.0,6.0,8.0,18.0,9.0
1158,1.0,1158.0,London_423,newnew,151,453,1092.0,70.0,2.0,128652.0,0.6559230659622699,737.0,188.0,0.0,188.0,316.0,0.0,316.0,69.0,145.0,166.0,35.0,82.0,2.0,20.0,2.0,1.0,2.0,88.0,148.0,215.0,41.0,0.0,0.0,0.0,0.0,0.0,0.0,0.0,0.0,0.0,0.0,0.0,0.0,0.0,0.0,0.0,0.0,0.0,0.0,0.0,0.0,0.0,0.0,0.0,0.0,0.0,0.0,0.0,0.0,0.0,0.0,0.0,0.0,0.0,0.0,0.0,0.0,0.0,0.0,0.0,13.0,7.0,1.0,0.0,8.0,3.0,4.0,12.0,30.0,50.0,28.0,0.0,0.0,0.0,0.0,0.0,0.0,0.0,0.0,0.0,0.0,0.0,0.0,0.0,0.0,0.0,0.0,0.0,0.0,0.0,18.0,9.0,1.0,0.0,13.0,3.0,5.0,16.0,46.0,73.0,33.0
1159,1.0,1159.0,London_423,newnew,151,453,1092.0,70.0,2.0,52095.0,0.11039057292509824,568.0,56.0,0.0,56.0,101.0,0.0,101.0,316.0,178.0,111.0,19.0,103.0,4.0,29.0,2.0,7.0,5.0,81.0,145.0,222.0,44.0,0.0,0.0,0.0,0.0,0.0,0.0,0.0,0.0,0.0,0.0,0.0,0.0,0.0,0.0,0.0,0.0,0.0,0.0,0.0,0.0,0.0,0.0,0.0,0.0,0.0,0.0,0.0,0.0,0.0,0.0,0.0,0.0,0.0,0.0,0.0,0.0,0.0,0.0,3.0,0.0,0.0,1.0,0.0,8.0,12.0,2.0,5.0,9.0,11.0,10.0,0.0,0.0,0.0,0.0,0.0,0.0,0.0,0.0,0.0,0.0,0.0,0.0,0.0,0.0,0.0,0.0,0.0,0.0,5.0,0.0,0.0,1.0,0.0,11.0,15.0,3.0,8.0,14.0,16.0,11.0
1160,1.0,1160.0,London_423,newnew,151,453,1092.0,70.0,2.0,30804.0,0.050145752960816026,521.0,38.0,2.0,36.0,84.0,19.0,65.0,101.0,183.0,121.0,21.0,84.0,6.0,32.0,2.0,4.0,6.0,82.0,149.0,216.0,50.0,0.0,0.0,0.0,0.0,0.0,0.0,0.0,0.0,0.0,0.0,0.0,0.0,0.0,0.0,0.0,0.0,0.0,0.0,0.0,0.0,0.0,0.0,0.0,0.0,0.0,0.0,0.0,0.0,0.0,0.0,0.0,0.0,0.0,0.0,2.0,0.0,0.0,0.0,3.0,0.0,1.0,0.0,0.0,3.0,8.0,4.0,4.0,7.0,8.0,10.0,0.0,0.0,0.0,0.0,0.0,0.0,0.0,0.0,0.0,0.0,0.0,0.0,0.0,0.0,6.0,0.0,0.0,0.0,3.0,0.0,1.0,0.0,0.0,4.0,8.0,6.0,6.0,13.0,12.0,14.0
1161,1.0,1161.0,London_423,newnew,151,453,1092.0,70.0,2.0,14949.0,0.029993330012075603,486.0,26.0,1.0,25.0,54.0,9.0,45.0,84.0,182.0,132.0,24.0,84.0,4.0,26.0,1.0,0.0,5.0,81.0,153.0,214.0,46.0,0.0,0.0,0.0,0.0,0.0,0.0,0.0,0.0,0.0,0.0,0.0,0.0,0.0,0.0,0.0,0.0,0.0,0.0,0.0,0.0,0.0,0.0,0.0,0.0,0.0,0.0,0.0,0.0,1.0,0.0,0.0,0.0,0.0,0.0,1.0,0.0,0.0,0.0,1.0,0.0,0.0,2.0,0.0,3.0,4.0,2.0,4.0,5.0,6.0,5.0,0.0,0.0,0.0,0.0,0.0,0.0,0.0,0.0,1.0,0.0,0.0,0.0,0.0,0.0,3.0,0.0,0.0,0.0,1.0,0.0,0.0,3.0,0.0,4.0,4.0,4.0,6.0,8.0,10.0,8.0
