,logged,day,location,model name,avg daily demand,inventory size,test days,init days,gurobi status,nvars,calc time,ncons,num patients,num SCD patients,num Other patients,num units requested,num units requested SCD,num units requested Other,num supplied products,num O- in inventory,num O+ in inventory,num A- in inventory,num A+ in inventory,num B- in inventory,num B+ in inventory,num AB- in inventory,num AB+ in inventory,num Fya-Fyb- in inventory,num Fya+Fyb- in inventory,num Fya-Fyb+ in inventory,num Fya+Fyb+ in inventory,num R0 in inventory,num outdates,num outdates O-,num outdates O+,num outdates A-,num outdates A+,num outdates B-,num outdates B+,num outdates AB-,num outdates AB+,num shortages,num shortages O-,num shortages O+,num shortages A-,num shortages A+,num shortages B-,num shortages B+,num shortages AB-,num shortages AB+,num shortages SCD,num shortages Other,num mismatched patients SCD A,num mismatched patients SCD B,num mismatched patients SCD D,num mismatched patients SCD C,num mismatched patients SCD c,num mismatched patients SCD E,num mismatched patients SCD e,num mismatched patients SCD K,num mismatched patients SCD k,num mismatched patients SCD Fya,num mismatched patients SCD Fyb,num mismatched patients SCD Jka,num mismatched patients SCD Jkb,num mismatched patients SCD M,num mismatched patients SCD N,num mismatched patients SCD S,num mismatched patients SCD s,num mismatched patients Other A,num mismatched patients Other B,num mismatched patients Other D,num mismatched patients Other C,num mismatched patients Other c,num mismatched patients Other E,num mismatched patients Other e,num mismatched patients Other K,num mismatched patients Other k,num mismatched patients Other Fya,num mismatched patients Other Fyb,num mismatched patients Other Jka,num mismatched patients Other Jkb,num mismatched patients Other M,num mismatched patients Other N,num mismatched patients Other S,num mismatched patients Other s,num mismatched units SCD A,num mismatched units SCD B,num mismatched units SCD D,num mismatched units SCD C,num mismatched units SCD c,num mismatched units SCD E,num mismatched units SCD e,num mismatched units SCD K,num mismatched units SCD k,num mismatched units SCD Fya,num mismatched units SCD Fyb,num mismatched units SCD Jka,num mismatched units SCD Jkb,num mismatched units SCD M,num mismatched units SCD N,num mismatched units SCD S,num mismatched units SCD s,num mismatched units Other A,num mismatched units Other B,num mismatched units Other D,num mismatched units Other C,num mismatched units Other c,num mismatched units Other E,num mismatched units Other e,num mismatched units Other K,num mismatched units Other k,num mismatched units Other Fya,num mismatched units Other Fyb,num mismatched units Other Jka,num mismatched units Other Jkb,num mismatched units Other M,num mismatched units Other N,num mismatched units Other S,num mismatched units Other s
0,1.0,0.0,London_56,three,151,453,1092.0,70.0,2.0,139524.0,5.028619891963899,761.0,115.0,0.0,115.0,203.0,0.0,203.0,453.0,52.0,172.0,28.0,141.0,18.0,33.0,3.0,6.0,7.0,72.0,157.0,217.0,61.0,0.0,0.0,0.0,0.0,0.0,0.0,0.0,0.0,0.0,0.0,0.0,0.0,0.0,0.0,0.0,0.0,0.0,0.0,0.0,0.0,0.0,0.0,0.0,0.0,0.0,0.0,0.0,0.0,0.0,0.0,0.0,0.0,0.0,0.0,0.0,0.0,0.0,0.0,0.0,0.0,0.0,5.0,0.0,0.0,0.0,0.0,6.0,7.0,0.0,5.0,25.0,23.0,13.0,6.0,0.0,0.0,0.0,0.0,0.0,0.0,0.0,0.0,0.0,0.0,0.0,0.0,0.0,0.0,0.0,0.0,0.0,0.0,0.0,0.0,0.0,5.0,0.0,0.0,0.0,0.0,10.0,10.0,0.0,6.0,34.0,33.0,17.0,6.0
1,1.0,1.0,London_56,three,151,453,1092.0,70.0,2.0,116874.0,2.310577569063753,711.0,114.0,1.0,113.0,209.0,9.0,200.0,203.0,56.0,163.0,33.0,136.0,17.0,41.0,2.0,5.0,12.0,69.0,169.0,203.0,88.0,0.0,0.0,0.0,0.0,0.0,0.0,0.0,0.0,0.0,0.0,0.0,0.0,0.0,0.0,0.0,0.0,0.0,0.0,0.0,0.0,0.0,0.0,0.0,0.0,0.0,0.0,0.0,0.0,0.0,0.0,0.0,0.0,0.0,1.0,0.0,1.0,0.0,0.0,0.0,0.0,3.0,4.0,0.0,0.0,0.0,0.0,11.0,4.0,3.0,6.0,29.0,28.0,28.0,11.0,0.0,0.0,0.0,0.0,0.0,0.0,0.0,0.0,0.0,0.0,0.0,0.0,0.0,8.0,0.0,5.0,0.0,0.0,0.0,0.0,3.0,4.0,0.0,0.0,0.0,0.0,16.0,4.0,4.0,7.0,41.0,41.0,36.0,19.0
2,1.0,2.0,London_56,three,151,453,1092.0,70.0,2.0,100113.0,2.0854195621795952,674.0,17.0,2.0,15.0,51.0,18.0,33.0,209.0,54.0,153.0,36.0,141.0,13.0,44.0,5.0,7.0,16.0,76.0,163.0,198.0,98.0,0.0,0.0,0.0,0.0,0.0,0.0,0.0,0.0,0.0,0.0,0.0,0.0,0.0,0.0,0.0,0.0,0.0,0.0,0.0,0.0,0.0,0.0,0.0,0.0,0.0,0.0,0.0,0.0,0.0,0.0,0.0,0.0,0.0,0.0,1.0,0.0,0.0,0.0,0.0,0.0,0.0,0.0,0.0,0.0,0.0,1.0,1.0,0.0,2.0,1.0,1.0,5.0,2.0,5.0,0.0,0.0,0.0,0.0,0.0,0.0,0.0,0.0,0.0,0.0,0.0,0.0,0.0,0.0,8.0,0.0,0.0,0.0,0.0,0.0,0.0,0.0,0.0,0.0,0.0,1.0,1.0,0.0,4.0,1.0,2.0,8.0,4.0,8.0
3,1.0,3.0,London_56,three,151,453,1092.0,70.0,2.0,132276.0,2.5439944230020046,745.0,3.0,1.0,2.0,12.0,10.0,2.0,51.0,42.0,152.0,41.0,144.0,15.0,46.0,5.0,8.0,12.0,74.0,156.0,211.0,92.0,0.0,0.0,0.0,0.0,0.0,0.0,0.0,0.0,0.0,0.0,0.0,0.0,0.0,0.0,0.0,0.0,0.0,0.0,0.0,0.0,0.0,0.0,0.0,0.0,0.0,0.0,0.0,0.0,0.0,0.0,0.0,0.0,1.0,0.0,0.0,1.0,0.0,0.0,0.0,0.0,0.0,0.0,0.0,0.0,0.0,0.0,0.0,0.0,0.0,0.0,1.0,1.0,0.0,0.0,0.0,0.0,0.0,0.0,0.0,0.0,0.0,0.0,0.0,0.0,0.0,0.0,2.0,0.0,0.0,1.0,0.0,0.0,0.0,0.0,0.0,0.0,0.0,0.0,0.0,0.0,0.0,0.0,0.0,0.0,1.0,1.0,0.0,0.0
4,1.0,4.0,London_56,three,151,453,1092.0,70.0,2.0,173046.0,3.9802522268146276,835.0,66.0,2.0,64.0,133.0,18.0,115.0,12.0,42.0,156.0,40.0,145.0,15.0,45.0,5.0,5.0,9.0,76.0,154.0,214.0,84.0,0.0,0.0,0.0,0.0,0.0,0.0,0.0,0.0,0.0,0.0,0.0,0.0,0.0,0.0,0.0,0.0,0.0,0.0,0.0,0.0,0.0,0.0,0.0,0.0,0.0,0.0,0.0,0.0,0.0,2.0,0.0,0.0,0.0,0.0,0.0,2.0,0.0,0.0,0.0,0.0,1.0,0.0,0.0,2.0,0.0,0.0,7.0,4.0,2.0,1.0,15.0,15.0,16.0,8.0,0.0,0.0,0.0,0.0,0.0,0.0,0.0,0.0,0.0,8.0,0.0,0.0,0.0,0.0,0.0,6.0,0.0,0.0,0.0,0.0,3.0,0.0,0.0,4.0,0.0,0.0,12.0,5.0,2.0,2.0,24.0,20.0,20.0,13.0
5,1.0,5.0,London_56,three,151,453,1092.0,70.0,2.0,194790.0,4.779572772793472,883.0,53.0,1.0,52.0,105.0,8.0,97.0,133.0,35.0,133.0,40.0,165.0,15.0,48.0,5.0,12.0,8.0,72.0,156.0,217.0,71.0,0.0,0.0,0.0,0.0,0.0,0.0,0.0,0.0,0.0,0.0,0.0,0.0,0.0,0.0,0.0,0.0,0.0,0.0,0.0,0.0,0.0,0.0,0.0,0.0,0.0,0.0,0.0,0.0,0.0,0.0,0.0,0.0,0.0,0.0,1.0,0.0,0.0,0.0,0.0,0.0,0.0,0.0,0.0,1.0,0.0,0.0,10.0,1.0,4.0,4.0,12.0,8.0,15.0,5.0,0.0,0.0,0.0,0.0,0.0,0.0,0.0,0.0,0.0,0.0,0.0,0.0,0.0,0.0,7.0,0.0,0.0,0.0,0.0,0.0,0.0,0.0,0.0,1.0,0.0,0.0,11.0,1.0,4.0,4.0,21.0,13.0,19.0,7.0
6,1.0,6.0,London_56,three,151,453,1092.0,70.0,2.0,222423.0,1.9482020610012114,944.0,215.0,0.0,215.0,349.0,0.0,349.0,105.0,36.0,133.0,43.0,162.0,14.0,46.0,5.0,14.0,5.0,74.0,147.0,227.0,64.0,0.0,0.0,0.0,0.0,0.0,0.0,0.0,0.0,0.0,0.0,0.0,0.0,0.0,0.0,0.0,0.0,0.0,0.0,0.0,0.0,0.0,0.0,0.0,0.0,0.0,0.0,0.0,0.0,0.0,0.0,0.0,0.0,0.0,0.0,0.0,0.0,0.0,0.0,0.0,0.0,1.0,17.0,0.0,2.0,1.0,0.0,25.0,9.0,13.0,5.0,44.0,48.0,28.0,16.0,0.0,0.0,0.0,0.0,0.0,0.0,0.0,0.0,0.0,0.0,0.0,0.0,0.0,0.0,0.0,0.0,0.0,0.0,0.0,0.0,1.0,24.0,0.0,3.0,1.0,0.0,28.0,10.0,18.0,8.0,61.0,64.0,35.0,21.0
7,1.0,7.0,London_56,three,151,453,1092.0,70.0,2.0,160815.0,4.1931216842494905,808.0,13.0,0.0,13.0,21.0,0.0,21.0,349.0,51.0,139.0,36.0,141.0,20.0,46.0,4.0,16.0,3.0,76.0,155.0,219.0,59.0,0.0,0.0,0.0,0.0,0.0,0.0,0.0,0.0,0.0,0.0,0.0,0.0,0.0,0.0,0.0,0.0,0.0,0.0,0.0,0.0,0.0,0.0,0.0,0.0,0.0,0.0,0.0,0.0,0.0,0.0,0.0,0.0,0.0,0.0,0.0,0.0,0.0,0.0,0.0,0.0,0.0,0.0,0.0,0.0,0.0,0.0,1.0,2.0,0.0,0.0,2.0,4.0,4.0,1.0,0.0,0.0,0.0,0.0,0.0,0.0,0.0,0.0,0.0,0.0,0.0,0.0,0.0,0.0,0.0,0.0,0.0,0.0,0.0,0.0,0.0,0.0,0.0,0.0,0.0,0.0,1.0,2.0,0.0,0.0,3.0,5.0,5.0,1.0
8,1.0,8.0,London_56,three,151,453,1092.0,70.0,2.0,205209.0,6.002567865885794,906.0,115.0,2.0,113.0,210.0,21.0,189.0,21.0,51.0,136.0,36.0,143.0,21.0,46.0,4.0,16.0,5.0,70.0,162.0,216.0,61.0,0.0,0.0,0.0,0.0,0.0,0.0,0.0,0.0,0.0,0.0,0.0,0.0,0.0,0.0,0.0,0.0,0.0,0.0,0.0,0.0,0.0,0.0,0.0,0.0,0.0,0.0,0.0,0.0,0.0,1.0,0.0,0.0,1.0,1.0,0.0,2.0,0.0,0.0,0.0,0.0,2.0,6.0,0.0,3.0,0.0,0.0,14.0,7.0,8.0,10.0,20.0,22.0,28.0,7.0,0.0,0.0,0.0,0.0,0.0,0.0,0.0,0.0,0.0,5.0,0.0,0.0,5.0,8.0,0.0,7.0,0.0,0.0,0.0,0.0,2.0,10.0,0.0,4.0,0.0,0.0,23.0,9.0,10.0,16.0,31.0,31.0,45.0,8.0
9,1.0,9.0,London_56,three,151,453,1092.0,70.0,2.0,187995.0,5.976222423836589,868.0,82.0,0.0,82.0,140.0,0.0,140.0,210.0,45.0,131.0,42.0,140.0,22.0,53.0,5.0,15.0,9.0,75.0,157.0,212.0,76.0,0.0,0.0,0.0,0.0,0.0,0.0,0.0,0.0,0.0,0.0,0.0,0.0,0.0,0.0,0.0,0.0,0.0,0.0,0.0,0.0,0.0,0.0,0.0,0.0,0.0,0.0,0.0,0.0,0.0,0.0,0.0,0.0,0.0,0.0,0.0,0.0,0.0,0.0,0.0,0.0,6.0,0.0,0.0,2.0,0.0,0.0,5.0,7.0,1.0,10.0,20.0,20.0,14.0,8.0,0.0,0.0,0.0,0.0,0.0,0.0,0.0,0.0,0.0,0.0,0.0,0.0,0.0,0.0,0.0,0.0,0.0,0.0,0.0,0.0,7.0,0.0,0.0,3.0,0.0,0.0,7.0,10.0,2.0,14.0,32.0,29.0,24.0,11.0
10,1.0,10.0,London_56,three,151,453,1092.0,70.0,2.0,186636.0,2.9459659829735756,865.0,184.0,0.0,184.0,339.0,0.0,339.0,140.0,43.0,139.0,46.0,135.0,22.0,51.0,5.0,12.0,11.0,73.0,170.0,199.0,92.0,0.0,0.0,0.0,0.0,0.0,0.0,0.0,0.0,0.0,0.0,0.0,0.0,0.0,0.0,0.0,0.0,0.0,0.0,0.0,0.0,0.0,0.0,0.0,0.0,0.0,0.0,0.0,0.0,0.0,0.0,0.0,0.0,0.0,0.0,0.0,0.0,0.0,0.0,0.0,0.0,3.0,20.0,0.0,4.0,0.0,0.0,5.0,1.0,21.0,5.0,36.0,49.0,16.0,15.0,0.0,0.0,0.0,0.0,0.0,0.0,0.0,0.0,0.0,0.0,0.0,0.0,0.0,0.0,0.0,0.0,0.0,0.0,0.0,0.0,3.0,31.0,0.0,9.0,0.0,0.0,6.0,2.0,31.0,6.0,51.0,78.0,22.0,25.0
11,1.0,11.0,London_56,three,151,453,1092.0,70.0,2.0,128199.0,3.305212506093085,736.0,140.0,1.0,139.0,242.0,10.0,232.0,339.0,46.0,170.0,36.0,124.0,14.0,49.0,5.0,9.0,19.0,65.0,167.0,202.0,82.0,0.0,0.0,0.0,0.0,0.0,0.0,0.0,0.0,0.0,0.0,0.0,0.0,0.0,0.0,0.0,0.0,0.0,0.0,0.0,0.0,0.0,0.0,0.0,0.0,0.0,0.0,0.0,0.0,0.0,0.0,0.0,0.0,0.0,1.0,0.0,0.0,0.0,0.0,0.0,0.0,2.0,1.0,0.0,0.0,0.0,0.0,7.0,11.0,3.0,7.0,29.0,32.0,25.0,7.0,0.0,0.0,0.0,0.0,0.0,0.0,0.0,0.0,0.0,0.0,0.0,0.0,0.0,8.0,0.0,0.0,0.0,0.0,0.0,0.0,3.0,3.0,0.0,0.0,0.0,0.0,8.0,16.0,4.0,10.0,42.0,45.0,32.0,9.0
12,1.0,12.0,London_56,three,151,453,1092.0,70.0,2.0,96036.0,0.6418474288657308,665.0,2.0,2.0,0.0,16.0,16.0,0.0,242.0,52.0,147.0,42.0,127.0,18.0,50.0,5.0,12.0,17.0,58.0,174.0,204.0,86.0,0.0,0.0,0.0,0.0,0.0,0.0,0.0,0.0,0.0,0.0,0.0,0.0,0.0,0.0,0.0,0.0,0.0,0.0,0.0,0.0,0.0,0.0,0.0,0.0,0.0,0.0,0.0,0.0,0.0,0.0,0.0,0.0,0.0,1.0,0.0,0.0,0.0,0.0,0.0,0.0,0.0,0.0,0.0,0.0,0.0,0.0,0.0,0.0,0.0,0.0,0.0,0.0,0.0,0.0,0.0,0.0,0.0,0.0,0.0,0.0,0.0,0.0,0.0,0.0,0.0,0.0,0.0,8.0,0.0,0.0,0.0,0.0,0.0,0.0,0.0,0.0,0.0,0.0,0.0,0.0,0.0,0.0,0.0,0.0,0.0,0.0,0.0,0.0
13,1.0,13.0,London_56,three,151,453,1092.0,70.0,2.0,132729.0,1.6124273529276252,746.0,43.0,2.0,41.0,96.0,18.0,78.0,16.0,50.0,142.0,44.0,130.0,18.0,52.0,5.0,12.0,14.0,61.0,166.0,212.0,76.0,0.0,0.0,0.0,0.0,0.0,0.0,0.0,0.0,0.0,0.0,0.0,0.0,0.0,0.0,0.0,0.0,0.0,0.0,0.0,0.0,0.0,0.0,0.0,0.0,0.0,0.0,0.0,0.0,0.0,0.0,0.0,0.0,1.0,0.0,1.0,0.0,0.0,0.0,0.0,0.0,1.0,0.0,0.0,0.0,0.0,0.0,1.0,1.0,1.0,4.0,16.0,10.0,8.0,1.0,0.0,0.0,0.0,0.0,0.0,0.0,0.0,0.0,0.0,0.0,0.0,0.0,7.0,0.0,9.0,0.0,0.0,0.0,0.0,0.0,2.0,0.0,0.0,0.0,0.0,0.0,1.0,1.0,1.0,4.0,28.0,16.0,9.0,1.0
14,1.0,14.0,London_56,three,151,453,1092.0,70.0,2.0,150396.0,6.972561473958194,785.0,143.0,2.0,141.0,261.0,19.0,242.0,96.0,51.0,135.0,42.0,137.0,15.0,57.0,2.0,14.0,13.0,76.0,148.0,216.0,70.0,0.0,0.0,0.0,0.0,0.0,0.0,0.0,0.0,0.0,0.0,0.0,0.0,0.0,0.0,0.0,0.0,0.0,0.0,0.0,0.0,0.0,0.0,0.0,0.0,0.0,0.0,0.0,0.0,0.0,0.0,0.0,0.0,1.0,0.0,2.0,1.0,0.0,0.0,0.0,0.0,1.0,0.0,0.0,3.0,0.0,1.0,10.0,9.0,6.0,14.0,21.0,33.0,23.0,12.0,0.0,0.0,0.0,0.0,0.0,0.0,0.0,0.0,0.0,0.0,0.0,0.0,2.0,0.0,14.0,3.0,0.0,0.0,0.0,0.0,1.0,0.0,0.0,5.0,0.0,2.0,12.0,10.0,8.0,18.0,30.0,39.0,32.0,17.0
15,1.0,15.0,London_56,three,151,453,1092.0,70.0,2.0,119592.0,5.349893779028207,717.0,27.0,0.0,27.0,43.0,0.0,43.0,261.0,61.0,139.0,34.0,134.0,15.0,55.0,2.0,13.0,11.0,74.0,141.0,227.0,57.0,0.0,0.0,0.0,0.0,0.0,0.0,0.0,0.0,0.0,0.0,0.0,0.0,0.0,0.0,0.0,0.0,0.0,0.0,0.0,0.0,0.0,0.0,0.0,0.0,0.0,0.0,0.0,0.0,0.0,0.0,0.0,0.0,0.0,0.0,0.0,0.0,0.0,0.0,0.0,0.0,0.0,0.0,0.0,0.0,0.0,0.0,3.0,0.0,0.0,4.0,6.0,3.0,6.0,0.0,0.0,0.0,0.0,0.0,0.0,0.0,0.0,0.0,0.0,0.0,0.0,0.0,0.0,0.0,0.0,0.0,0.0,0.0,0.0,0.0,0.0,0.0,0.0,0.0,0.0,0.0,4.0,0.0,0.0,6.0,9.0,5.0,7.0,0.0
16,1.0,16.0,London_56,three,151,453,1092.0,70.0,2.0,147678.0,5.72830128762871,779.0,14.0,0.0,14.0,28.0,0.0,28.0,43.0,58.0,141.0,35.0,134.0,14.0,58.0,2.0,11.0,11.0,75.0,143.0,224.0,59.0,0.0,0.0,0.0,0.0,0.0,0.0,0.0,0.0,0.0,0.0,0.0,0.0,0.0,0.0,0.0,0.0,0.0,0.0,0.0,0.0,0.0,0.0,0.0,0.0,0.0,0.0,0.0,0.0,0.0,0.0,0.0,0.0,0.0,0.0,0.0,0.0,0.0,0.0,0.0,0.0,0.0,0.0,0.0,0.0,0.0,0.0,1.0,1.0,0.0,1.0,2.0,4.0,5.0,2.0,0.0,0.0,0.0,0.0,0.0,0.0,0.0,0.0,0.0,0.0,0.0,0.0,0.0,0.0,0.0,0.0,0.0,0.0,0.0,0.0,0.0,0.0,0.0,0.0,0.0,0.0,1.0,2.0,0.0,1.0,4.0,5.0,5.0,4.0
17,1.0,17.0,London_56,three,151,453,1092.0,70.0,2.0,177576.0,6.022414407227188,845.0,61.0,0.0,61.0,100.0,0.0,100.0,28.0,57.0,140.0,36.0,132.0,14.0,59.0,3.0,12.0,12.0,75.0,144.0,222.0,59.0,0.0,0.0,0.0,0.0,0.0,0.0,0.0,0.0,0.0,0.0,0.0,0.0,0.0,0.0,0.0,0.0,0.0,0.0,0.0,0.0,0.0,0.0,0.0,0.0,0.0,0.0,0.0,0.0,0.0,0.0,0.0,0.0,0.0,0.0,0.0,0.0,0.0,0.0,0.0,0.0,1.0,0.0,0.0,2.0,0.0,0.0,4.0,3.0,0.0,7.0,14.0,11.0,12.0,4.0,0.0,0.0,0.0,0.0,0.0,0.0,0.0,0.0,0.0,0.0,0.0,0.0,0.0,0.0,0.0,0.0,0.0,0.0,0.0,0.0,1.0,0.0,0.0,2.0,0.0,0.0,6.0,5.0,0.0,9.0,24.0,13.0,13.0,5.0
18,1.0,18.0,London_56,three,151,453,1092.0,70.0,2.0,199320.0,8.35119659313932,893.0,173.0,2.0,171.0,310.0,18.0,292.0,100.0,58.0,128.0,39.0,138.0,16.0,61.0,3.0,10.0,12.0,76.0,138.0,227.0,66.0,0.0,0.0,0.0,0.0,0.0,0.0,0.0,0.0,0.0,0.0,0.0,0.0,0.0,0.0,0.0,0.0,0.0,0.0,0.0,0.0,0.0,0.0,0.0,0.0,0.0,0.0,0.0,0.0,0.0,0.0,0.0,0.0,2.0,1.0,0.0,2.0,0.0,0.0,0.0,0.0,2.0,0.0,0.0,5.0,0.0,0.0,13.0,10.0,2.0,14.0,38.0,39.0,28.0,11.0,0.0,0.0,0.0,0.0,0.0,0.0,0.0,0.0,0.0,0.0,0.0,0.0,5.0,8.0,0.0,6.0,0.0,0.0,0.0,0.0,3.0,0.0,0.0,9.0,0.0,0.0,17.0,14.0,2.0,18.0,57.0,51.0,38.0,16.0
19,1.0,19.0,London_56,three,151,453,1092.0,70.0,2.0,177576.0,5.928841971326619,845.0,86.0,2.0,84.0,158.0,17.0,141.0,310.0,52.0,122.0,31.0,169.0,12.0,60.0,1.0,6.0,10.0,71.0,155.0,217.0,68.0,0.0,0.0,0.0,0.0,0.0,0.0,0.0,0.0,0.0,0.0,0.0,0.0,0.0,0.0,0.0,0.0,0.0,0.0,0.0,0.0,0.0,0.0,0.0,0.0,0.0,0.0,0.0,0.0,0.0,0.0,0.0,0.0,0.0,0.0,1.0,0.0,1.0,0.0,0.0,0.0,4.0,1.0,0.0,1.0,0.0,0.0,8.0,4.0,3.0,2.0,16.0,16.0,19.0,4.0,0.0,0.0,0.0,0.0,0.0,0.0,0.0,0.0,0.0,0.0,0.0,0.0,0.0,0.0,7.0,0.0,6.0,0.0,0.0,0.0,4.0,1.0,0.0,1.0,0.0,0.0,9.0,5.0,3.0,3.0,22.0,22.0,25.0,7.0
20,1.0,20.0,London_56,three,151,453,1092.0,70.0,2.0,181653.0,2.84291980182752,854.0,95.0,1.0,94.0,161.0,7.0,154.0,158.0,41.0,113.0,35.0,185.0,13.0,56.0,3.0,7.0,8.0,64.0,144.0,237.0,81.0,0.0,0.0,0.0,0.0,0.0,0.0,0.0,0.0,0.0,0.0,0.0,0.0,0.0,0.0,0.0,0.0,0.0,0.0,0.0,0.0,0.0,0.0,0.0,0.0,0.0,0.0,0.0,0.0,0.0,0.0,0.0,0.0,0.0,0.0,1.0,0.0,0.0,0.0,0.0,0.0,1.0,0.0,0.0,1.0,0.0,0.0,4.0,7.0,1.0,9.0,11.0,17.0,20.0,16.0,0.0,0.0,0.0,0.0,0.0,0.0,0.0,0.0,0.0,0.0,0.0,0.0,0.0,0.0,7.0,0.0,0.0,0.0,0.0,0.0,1.0,0.0,0.0,3.0,0.0,0.0,5.0,11.0,3.0,11.0,18.0,25.0,29.0,24.0
21,1.0,21.0,London_56,three,151,453,1092.0,70.0,2.0,175311.0,3.084607135038823,840.0,36.0,0.0,36.0,62.0,0.0,62.0,161.0,51.0,121.0,35.0,176.0,12.0,38.0,5.0,15.0,9.0,66.0,147.0,231.0,95.0,0.0,0.0,0.0,0.0,0.0,0.0,0.0,0.0,0.0,0.0,0.0,0.0,0.0,0.0,0.0,0.0,0.0,0.0,0.0,0.0,0.0,0.0,0.0,0.0,0.0,0.0,0.0,0.0,0.0,0.0,0.0,0.0,0.0,0.0,0.0,0.0,0.0,0.0,0.0,0.0,1.0,1.0,0.0,1.0,0.0,0.0,1.0,2.0,3.0,4.0,10.0,8.0,9.0,3.0,0.0,0.0,0.0,0.0,0.0,0.0,0.0,0.0,0.0,0.0,0.0,0.0,0.0,0.0,0.0,0.0,0.0,0.0,0.0,0.0,1.0,1.0,0.0,1.0,0.0,0.0,1.0,2.0,3.0,4.0,13.0,14.0,9.0,5.0
22,1.0,22.0,London_56,three,151,453,1092.0,70.0,2.0,194790.0,3.512274570763111,883.0,136.0,0.0,136.0,252.0,0.0,252.0,62.0,55.0,128.0,36.0,159.0,11.0,43.0,5.0,16.0,9.0,70.0,143.0,231.0,99.0,0.0,0.0,0.0,0.0,0.0,0.0,0.0,0.0,0.0,0.0,0.0,0.0,0.0,0.0,0.0,0.0,0.0,0.0,0.0,0.0,0.0,0.0,0.0,0.0,0.0,0.0,0.0,0.0,0.0,0.0,0.0,0.0,0.0,0.0,0.0,0.0,0.0,0.0,0.0,0.0,1.0,2.0,0.0,1.0,0.0,0.0,6.0,14.0,5.0,13.0,26.0,39.0,19.0,11.0,0.0,0.0,0.0,0.0,0.0,0.0,0.0,0.0,0.0,0.0,0.0,0.0,0.0,0.0,0.0,0.0,0.0,0.0,0.0,0.0,1.0,2.0,0.0,1.0,0.0,0.0,10.0,18.0,6.0,18.0,44.0,56.0,29.0,14.0
23,1.0,23.0,London_56,three,151,453,1092.0,70.0,2.0,162627.0,2.580845683813095,812.0,26.0,0.0,26.0,45.0,0.0,45.0,252.0,66.0,121.0,37.0,151.0,13.0,43.0,8.0,14.0,15.0,67.0,131.0,240.0,83.0,0.0,0.0,0.0,0.0,0.0,0.0,0.0,0.0,0.0,0.0,0.0,0.0,0.0,0.0,0.0,0.0,0.0,0.0,0.0,0.0,0.0,0.0,0.0,0.0,0.0,0.0,0.0,0.0,0.0,0.0,0.0,0.0,0.0,0.0,0.0,0.0,0.0,0.0,0.0,0.0,1.0,0.0,0.0,0.0,0.0,0.0,4.0,2.0,2.0,3.0,5.0,7.0,1.0,1.0,0.0,0.0,0.0,0.0,0.0,0.0,0.0,0.0,0.0,0.0,0.0,0.0,0.0,0.0,0.0,0.0,0.0,0.0,0.0,0.0,1.0,0.0,0.0,0.0,0.0,0.0,8.0,3.0,2.0,3.0,7.0,11.0,2.0,1.0
24,1.0,24.0,London_56,three,151,453,1092.0,70.0,2.0,176670.0,6.710811008233577,843.0,194.0,2.0,192.0,354.0,14.0,340.0,45.0,61.0,131.0,32.0,151.0,13.0,43.0,8.0,14.0,17.0,71.0,131.0,234.0,86.0,0.0,0.0,0.0,0.0,0.0,0.0,0.0,0.0,0.0,0.0,0.0,0.0,0.0,0.0,0.0,0.0,0.0,0.0,0.0,0.0,0.0,0.0,0.0,0.0,0.0,0.0,0.0,0.0,0.0,0.0,0.0,0.0,0.0,1.0,1.0,0.0,0.0,0.0,0.0,0.0,0.0,6.0,0.0,2.0,0.0,1.0,15.0,9.0,21.0,14.0,37.0,50.0,27.0,8.0,0.0,0.0,0.0,0.0,0.0,0.0,0.0,0.0,0.0,0.0,0.0,0.0,0.0,5.0,5.0,0.0,0.0,0.0,0.0,0.0,0.0,7.0,0.0,4.0,0.0,2.0,18.0,10.0,28.0,16.0,61.0,68.0,34.0,13.0
25,1.0,25.0,London_56,three,151,453,1092.0,70.0,2.0,116421.0,5.444101202301681,710.0,164.0,2.0,162.0,317.0,19.0,298.0,354.0,53.0,147.0,28.0,148.0,14.0,39.0,8.0,16.0,16.0,69.0,130.0,238.0,74.0,0.0,0.0,0.0,0.0,0.0,0.0,0.0,0.0,0.0,0.0,0.0,0.0,0.0,0.0,0.0,0.0,0.0,0.0,0.0,0.0,0.0,0.0,0.0,0.0,0.0,0.0,0.0,0.0,0.0,1.0,0.0,0.0,0.0,0.0,2.0,2.0,0.0,0.0,0.0,0.0,4.0,11.0,2.0,0.0,0.0,1.0,22.0,7.0,11.0,16.0,33.0,43.0,25.0,12.0,0.0,0.0,0.0,0.0,0.0,0.0,0.0,0.0,0.0,4.0,0.0,0.0,0.0,0.0,16.0,4.0,0.0,0.0,0.0,0.0,5.0,16.0,2.0,0.0,0.0,1.0,31.0,14.0,14.0,20.0,52.0,73.0,33.0,16.0
26,1.0,26.0,London_56,three,151,453,1092.0,70.0,2.0,67044.0,0.265078729018569,601.0,2.0,2.0,0.0,18.0,18.0,0.0,317.0,45.0,172.0,31.0,124.0,13.0,46.0,4.0,18.0,15.0,70.0,151.0,217.0,92.0,0.0,0.0,0.0,0.0,0.0,0.0,0.0,0.0,0.0,0.0,0.0,0.0,0.0,0.0,0.0,0.0,0.0,0.0,0.0,0.0,0.0,0.0,0.0,0.0,0.0,0.0,0.0,0.0,0.0,0.0,0.0,0.0,0.0,1.0,1.0,0.0,0.0,0.0,0.0,0.0,0.0,0.0,0.0,0.0,0.0,0.0,0.0,0.0,0.0,0.0,0.0,0.0,0.0,0.0,0.0,0.0,0.0,0.0,0.0,0.0,0.0,0.0,0.0,0.0,0.0,0.0,0.0,5.0,7.0,0.0,0.0,0.0,0.0,0.0,0.0,0.0,0.0,0.0,0.0,0.0,0.0,0.0,0.0,0.0,0.0,0.0,0.0,0.0
27,1.0,27.0,London_56,three,151,453,1092.0,70.0,2.0,87429.0,0.3747243080288172,646.0,2.0,1.0,1.0,12.0,9.0,3.0,18.0,45.0,169.0,34.0,129.0,12.0,42.0,4.0,18.0,15.0,72.0,140.0,226.0,91.0,0.0,0.0,0.0,0.0,0.0,0.0,0.0,0.0,0.0,0.0,0.0,0.0,0.0,0.0,0.0,0.0,0.0,0.0,0.0,0.0,0.0,0.0,0.0,0.0,0.0,0.0,0.0,0.0,0.0,0.0,0.0,0.0,0.0,1.0,0.0,0.0,0.0,0.0,0.0,0.0,0.0,0.0,0.0,0.0,0.0,0.0,0.0,0.0,0.0,0.0,0.0,0.0,0.0,0.0,0.0,0.0,0.0,0.0,0.0,0.0,0.0,0.0,0.0,0.0,0.0,0.0,0.0,9.0,0.0,0.0,0.0,0.0,0.0,0.0,0.0,0.0,0.0,0.0,0.0,0.0,0.0,0.0,0.0,0.0,0.0,0.0,0.0,0.0
28,1.0,28.0,London_56,three,151,453,1092.0,70.0,2.0,125481.0,1.3432447910308838,730.0,84.0,0.0,84.0,155.0,0.0,155.0,12.0,45.0,168.0,34.0,131.0,9.0,42.0,5.0,19.0,15.0,75.0,135.0,228.0,89.0,0.0,0.0,0.0,0.0,0.0,0.0,0.0,0.0,0.0,0.0,0.0,0.0,0.0,0.0,0.0,0.0,0.0,0.0,0.0,0.0,0.0,0.0,0.0,0.0,0.0,0.0,0.0,0.0,0.0,0.0,0.0,0.0,0.0,0.0,0.0,0.0,0.0,0.0,0.0,0.0,0.0,1.0,0.0,2.0,0.0,0.0,7.0,3.0,0.0,5.0,15.0,25.0,11.0,9.0,0.0,0.0,0.0,0.0,0.0,0.0,0.0,0.0,0.0,0.0,0.0,0.0,0.0,0.0,0.0,0.0,0.0,0.0,0.0,0.0,0.0,3.0,0.0,4.0,0.0,0.0,10.0,6.0,0.0,8.0,21.0,40.0,14.0,14.0
29,1.0,29.0,London_56,three,151,453,1092.0,70.0,2.0,128199.0,4.5134440627880394,736.0,0.0,0.0,0.0,0.0,0.0,0.0,155.0,57.0,140.0,41.0,136.0,9.0,46.0,3.0,21.0,14.0,86.0,138.0,215.0,93.0,0.0,0.0,0.0,0.0,0.0,0.0,0.0,0.0,0.0,0.0,0.0,0.0,0.0,0.0,0.0,0.0,0.0,0.0,0.0,0.0,0.0,0.0,0.0,0.0,0.0,0.0,0.0,0.0,0.0,0.0,0.0,0.0,0.0,0.0,0.0,0.0,0.0,0.0,0.0,0.0,0.0,0.0,0.0,0.0,0.0,0.0,0.0,0.0,0.0,0.0,0.0,0.0,0.0,0.0,0.0,0.0,0.0,0.0,0.0,0.0,0.0,0.0,0.0,0.0,0.0,0.0,0.0,0.0,0.0,0.0,0.0,0.0,0.0,0.0,0.0,0.0,0.0,0.0,0.0,0.0,0.0,0.0,0.0,0.0,0.0,0.0,0.0,0.0
30,1.0,30.0,London_56,three,151,453,1092.0,70.0,2.0,164439.0,5.880436830688268,816.0,57.0,0.0,57.0,85.0,0.0,85.0,0.0,57.0,140.0,41.0,136.0,9.0,46.0,3.0,21.0,14.0,86.0,138.0,215.0,93.0,0.0,0.0,0.0,0.0,0.0,0.0,0.0,0.0,0.0,0.0,0.0,0.0,0.0,0.0,0.0,0.0,0.0,0.0,0.0,0.0,0.0,0.0,0.0,0.0,0.0,0.0,0.0,0.0,0.0,0.0,0.0,0.0,0.0,0.0,0.0,0.0,0.0,0.0,0.0,0.0,0.0,0.0,0.0,0.0,0.0,0.0,2.0,2.0,0.0,2.0,6.0,14.0,12.0,6.0,0.0,0.0,0.0,0.0,0.0,0.0,0.0,0.0,0.0,0.0,0.0,0.0,0.0,0.0,0.0,0.0,0.0,0.0,0.0,0.0,0.0,0.0,0.0,0.0,0.0,0.0,2.0,2.0,0.0,2.0,7.0,21.0,15.0,9.0
31,1.0,31.0,London_56,three,151,453,1092.0,70.0,2.0,175311.0,7.779145849868655,840.0,170.0,2.0,168.0,306.0,16.0,290.0,85.0,58.0,131.0,42.0,137.0,8.0,50.0,5.0,22.0,12.0,87.0,134.0,220.0,81.0,0.0,0.0,0.0,0.0,0.0,0.0,0.0,0.0,0.0,0.0,0.0,0.0,0.0,0.0,0.0,0.0,0.0,0.0,0.0,0.0,0.0,0.0,0.0,0.0,0.0,0.0,0.0,0.0,0.0,0.0,0.0,0.0,0.0,0.0,0.0,0.0,0.0,0.0,0.0,0.0,2.0,3.0,5.0,1.0,0.0,1.0,15.0,10.0,6.0,3.0,37.0,36.0,33.0,10.0,0.0,0.0,0.0,0.0,0.0,0.0,0.0,0.0,0.0,0.0,0.0,0.0,0.0,0.0,0.0,0.0,0.0,0.0,0.0,0.0,3.0,5.0,6.0,2.0,0.0,1.0,18.0,11.0,8.0,4.0,53.0,52.0,49.0,17.0
32,1.0,32.0,London_56,three,151,453,1092.0,70.0,2.0,133182.0,4.996026557870209,747.0,55.0,3.0,52.0,116.0,24.0,92.0,306.0,59.0,149.0,41.0,128.0,5.0,51.0,5.0,15.0,7.0,74.0,155.0,217.0,71.0,0.0,0.0,0.0,0.0,0.0,0.0,0.0,0.0,0.0,0.0,0.0,0.0,0.0,0.0,0.0,0.0,0.0,0.0,0.0,0.0,0.0,0.0,0.0,0.0,0.0,0.0,0.0,0.0,0.0,0.0,0.0,0.0,0.0,0.0,0.0,0.0,0.0,0.0,0.0,0.0,0.0,2.0,0.0,1.0,0.0,0.0,7.0,1.0,2.0,3.0,7.0,6.0,15.0,2.0,0.0,0.0,0.0,0.0,0.0,0.0,0.0,0.0,0.0,0.0,0.0,0.0,0.0,0.0,0.0,0.0,0.0,0.0,0.0,0.0,0.0,2.0,0.0,1.0,0.0,0.0,12.0,2.0,2.0,5.0,10.0,7.0,20.0,3.0
33,1.0,33.0,London_56,three,151,453,1092.0,70.0,2.0,136806.0,5.190438754390925,755.0,20.0,0.0,20.0,36.0,0.0,36.0,116.0,52.0,161.0,40.0,124.0,6.0,53.0,6.0,11.0,5.0,80.0,157.0,211.0,56.0,0.0,0.0,0.0,0.0,0.0,0.0,0.0,0.0,0.0,0.0,0.0,0.0,0.0,0.0,0.0,0.0,0.0,0.0,0.0,0.0,0.0,0.0,0.0,0.0,0.0,0.0,0.0,0.0,0.0,0.0,0.0,0.0,0.0,0.0,0.0,0.0,0.0,0.0,0.0,0.0,0.0,0.0,0.0,0.0,0.0,0.0,2.0,2.0,0.0,1.0,4.0,4.0,4.0,2.0,0.0,0.0,0.0,0.0,0.0,0.0,0.0,0.0,0.0,0.0,0.0,0.0,0.0,0.0,0.0,0.0,0.0,0.0,0.0,0.0,0.0,0.0,0.0,0.0,0.0,0.0,2.0,2.0,0.0,1.0,6.0,5.0,5.0,4.0
34,1.0,34.0,London_56,three,151,453,1092.0,70.0,2.0,173499.0,2.153318724129349,836.0,189.0,2.0,187.0,358.0,17.0,341.0,36.0,51.0,153.0,42.0,133.0,6.0,50.0,7.0,11.0,6.0,76.0,156.0,215.0,61.0,0.0,0.0,0.0,0.0,0.0,0.0,0.0,0.0,0.0,0.0,0.0,0.0,0.0,0.0,0.0,0.0,0.0,0.0,0.0,0.0,0.0,0.0,0.0,0.0,0.0,0.0,0.0,0.0,0.0,0.0,0.0,0.0,0.0,1.0,0.0,0.0,0.0,0.0,0.0,0.0,2.0,0.0,6.0,3.0,0.0,1.0,7.0,16.0,5.0,6.0,38.0,53.0,25.0,18.0,0.0,0.0,0.0,0.0,0.0,0.0,0.0,0.0,0.0,0.0,0.0,0.0,0.0,7.0,0.0,0.0,0.0,0.0,0.0,0.0,2.0,0.0,6.0,3.0,0.0,3.0,9.0,27.0,7.0,8.0,65.0,71.0,33.0,26.0
35,1.0,35.0,London_56,three,151,453,1092.0,70.0,2.0,130917.0,4.293532764073461,742.0,38.0,0.0,38.0,71.0,0.0,71.0,358.0,50.0,172.0,39.0,116.0,10.0,51.0,4.0,11.0,8.0,85.0,148.0,212.0,84.0,0.0,0.0,0.0,0.0,0.0,0.0,0.0,0.0,0.0,0.0,0.0,0.0,0.0,0.0,0.0,0.0,0.0,0.0,0.0,0.0,0.0,0.0,0.0,0.0,0.0,0.0,0.0,0.0,0.0,0.0,0.0,0.0,0.0,0.0,0.0,0.0,0.0,0.0,0.0,0.0,4.0,0.0,0.0,0.0,0.0,0.0,4.0,3.0,0.0,2.0,5.0,12.0,4.0,2.0,0.0,0.0,0.0,0.0,0.0,0.0,0.0,0.0,0.0,0.0,0.0,0.0,0.0,0.0,0.0,0.0,0.0,0.0,0.0,0.0,4.0,0.0,0.0,0.0,0.0,0.0,5.0,6.0,0.0,2.0,8.0,16.0,7.0,4.0
36,1.0,36.0,London_56,three,151,453,1092.0,70.0,2.0,149037.0,4.4866432449780405,782.0,80.0,2.0,78.0,157.0,20.0,137.0,71.0,53.0,167.0,38.0,118.0,12.0,47.0,5.0,13.0,7.0,77.0,148.0,221.0,87.0,0.0,0.0,0.0,0.0,0.0,0.0,0.0,0.0,0.0,0.0,0.0,0.0,0.0,0.0,0.0,0.0,0.0,0.0,0.0,0.0,0.0,0.0,0.0,0.0,0.0,0.0,0.0,0.0,0.0,0.0,0.0,0.0,0.0,0.0,1.0,0.0,0.0,0.0,0.0,0.0,1.0,0.0,0.0,0.0,0.0,0.0,6.0,3.0,1.0,10.0,19.0,12.0,20.0,5.0,0.0,0.0,0.0,0.0,0.0,0.0,0.0,0.0,0.0,0.0,0.0,0.0,0.0,0.0,7.0,0.0,0.0,0.0,0.0,0.0,1.0,0.0,0.0,0.0,0.0,0.0,7.0,5.0,1.0,17.0,26.0,14.0,26.0,7.0
37,1.0,37.0,London_56,three,151,453,1092.0,70.0,2.0,154473.0,3.6285289763472974,794.0,6.0,0.0,6.0,10.0,0.0,10.0,157.0,54.0,149.0,41.0,133.0,15.0,46.0,5.0,10.0,7.0,81.0,149.0,216.0,87.0,0.0,0.0,0.0,0.0,0.0,0.0,0.0,0.0,0.0,0.0,0.0,0.0,0.0,0.0,0.0,0.0,0.0,0.0,0.0,0.0,0.0,0.0,0.0,0.0,0.0,0.0,0.0,0.0,0.0,0.0,0.0,0.0,0.0,0.0,0.0,0.0,0.0,0.0,0.0,0.0,0.0,0.0,0.0,0.0,0.0,0.0,1.0,0.0,0.0,0.0,1.0,0.0,0.0,1.0,0.0,0.0,0.0,0.0,0.0,0.0,0.0,0.0,0.0,0.0,0.0,0.0,0.0,0.0,0.0,0.0,0.0,0.0,0.0,0.0,0.0,0.0,0.0,0.0,0.0,0.0,1.0,0.0,0.0,0.0,1.0,0.0,0.0,2.0
38,1.0,38.0,London_56,three,151,453,1092.0,70.0,2.0,199320.0,6.586226070299745,893.0,151.0,2.0,149.0,271.0,18.0,253.0,10.0,53.0,151.0,41.0,131.0,15.0,46.0,5.0,11.0,8.0,76.0,151.0,218.0,86.0,0.0,0.0,0.0,0.0,0.0,0.0,0.0,0.0,0.0,0.0,0.0,0.0,0.0,0.0,0.0,0.0,0.0,0.0,0.0,0.0,0.0,0.0,0.0,0.0,0.0,0.0,0.0,0.0,0.0,0.0,0.0,0.0,0.0,0.0,0.0,0.0,0.0,0.0,0.0,0.0,6.0,4.0,0.0,1.0,1.0,0.0,5.0,5.0,0.0,14.0,37.0,31.0,25.0,9.0,0.0,0.0,0.0,0.0,0.0,0.0,0.0,0.0,0.0,0.0,0.0,0.0,0.0,0.0,0.0,0.0,0.0,0.0,0.0,0.0,8.0,5.0,0.0,2.0,1.0,0.0,5.0,6.0,0.0,17.0,52.0,41.0,31.0,12.0
39,1.0,39.0,London_56,three,151,453,1092.0,70.0,2.0,184371.0,5.634861927013844,860.0,123.0,0.0,123.0,212.0,0.0,212.0,271.0,44.0,150.0,37.0,139.0,17.0,45.0,8.0,13.0,7.0,76.0,169.0,201.0,75.0,0.0,0.0,0.0,0.0,0.0,0.0,0.0,0.0,0.0,0.0,0.0,0.0,0.0,0.0,0.0,0.0,0.0,0.0,0.0,0.0,0.0,0.0,0.0,0.0,0.0,0.0,0.0,0.0,0.0,0.0,0.0,0.0,0.0,0.0,0.0,0.0,0.0,0.0,0.0,0.0,4.0,0.0,0.0,1.0,1.0,0.0,3.0,8.0,1.0,7.0,26.0,34.0,27.0,17.0,0.0,0.0,0.0,0.0,0.0,0.0,0.0,0.0,0.0,0.0,0.0,0.0,0.0,0.0,0.0,0.0,0.0,0.0,0.0,0.0,5.0,0.0,0.0,1.0,1.0,0.0,3.0,13.0,2.0,8.0,36.0,56.0,34.0,23.0
40,1.0,40.0,London_56,three,151,453,1092.0,70.0,2.0,169875.0,2.8484352589584887,828.0,103.0,2.0,101.0,191.0,17.0,174.0,212.0,50.0,148.0,36.0,133.0,20.0,49.0,6.0,11.0,8.0,80.0,167.0,198.0,78.0,0.0,0.0,0.0,0.0,0.0,0.0,0.0,0.0,0.0,0.0,0.0,0.0,0.0,0.0,0.0,0.0,0.0,0.0,0.0,0.0,0.0,0.0,0.0,0.0,0.0,0.0,0.0,0.0,0.0,0.0,0.0,0.0,0.0,1.0,1.0,1.0,0.0,0.0,0.0,0.0,1.0,7.0,0.0,1.0,0.0,1.0,5.0,8.0,0.0,7.0,23.0,22.0,15.0,5.0,0.0,0.0,0.0,0.0,0.0,0.0,0.0,0.0,0.0,0.0,0.0,0.0,0.0,4.0,8.0,4.0,0.0,0.0,0.0,0.0,2.0,9.0,0.0,1.0,0.0,2.0,7.0,9.0,0.0,7.0,31.0,29.0,19.0,6.0
41,1.0,41.0,London_56,three,151,453,1092.0,70.0,2.0,151302.0,6.0940038887783885,787.0,83.0,0.0,83.0,142.0,0.0,142.0,191.0,52.0,145.0,41.0,138.0,14.0,43.0,4.0,16.0,11.0,69.0,161.0,212.0,77.0,0.0,0.0,0.0,0.0,0.0,0.0,0.0,0.0,0.0,0.0,0.0,0.0,0.0,0.0,0.0,0.0,0.0,0.0,0.0,0.0,0.0,0.0,0.0,0.0,0.0,0.0,0.0,0.0,0.0,0.0,0.0,0.0,0.0,0.0,0.0,0.0,0.0,0.0,0.0,0.0,0.0,0.0,0.0,0.0,0.0,0.0,1.0,7.0,1.0,3.0,14.0,19.0,22.0,5.0,0.0,0.0,0.0,0.0,0.0,0.0,0.0,0.0,0.0,0.0,0.0,0.0,0.0,0.0,0.0,0.0,0.0,0.0,0.0,0.0,0.0,0.0,0.0,0.0,0.0,0.0,1.0,10.0,1.0,4.0,19.0,23.0,30.0,7.0
42,1.0,42.0,London_56,three,151,453,1092.0,70.0,2.0,148584.0,0.9162693778052926,781.0,58.0,0.0,58.0,101.0,0.0,101.0,142.0,53.0,161.0,33.0,132.0,14.0,45.0,3.0,12.0,15.0,71.0,140.0,227.0,91.0,0.0,0.0,0.0,0.0,0.0,0.0,0.0,0.0,0.0,0.0,0.0,0.0,0.0,0.0,0.0,0.0,0.0,0.0,0.0,0.0,0.0,0.0,0.0,0.0,0.0,0.0,0.0,0.0,0.0,0.0,0.0,0.0,0.0,0.0,0.0,0.0,0.0,0.0,0.0,0.0,0.0,0.0,0.0,1.0,0.0,0.0,2.0,6.0,1.0,5.0,15.0,13.0,16.0,6.0,0.0,0.0,0.0,0.0,0.0,0.0,0.0,0.0,0.0,0.0,0.0,0.0,0.0,0.0,0.0,0.0,0.0,0.0,0.0,0.0,0.0,0.0,0.0,1.0,0.0,0.0,4.0,11.0,1.0,6.0,21.0,18.0,20.0,9.0
43,1.0,43.0,London_56,three,151,453,1092.0,70.0,2.0,162174.0,7.860811717808247,811.0,123.0,0.0,123.0,216.0,0.0,216.0,101.0,57.0,154.0,39.0,122.0,14.0,48.0,4.0,15.0,16.0,74.0,152.0,211.0,96.0,0.0,0.0,0.0,0.0,0.0,0.0,0.0,0.0,0.0,0.0,0.0,0.0,0.0,0.0,0.0,0.0,0.0,0.0,0.0,0.0,0.0,0.0,0.0,0.0,0.0,0.0,0.0,0.0,0.0,0.0,0.0,0.0,0.0,0.0,0.0,0.0,0.0,0.0,0.0,0.0,4.0,9.0,0.0,3.0,0.0,0.0,12.0,8.0,5.0,11.0,27.0,27.0,25.0,9.0,0.0,0.0,0.0,0.0,0.0,0.0,0.0,0.0,0.0,0.0,0.0,0.0,0.0,0.0,0.0,0.0,0.0,0.0,0.0,0.0,6.0,11.0,0.0,5.0,0.0,0.0,19.0,10.0,9.0,15.0,38.0,42.0,33.0,13.0
44,1.0,44.0,London_56,three,151,453,1092.0,70.0,2.0,137259.0,5.411429181229323,756.0,18.0,1.0,17.0,38.0,7.0,31.0,216.0,54.0,146.0,39.0,133.0,12.0,48.0,5.0,16.0,19.0,63.0,153.0,218.0,92.0,0.0,0.0,0.0,0.0,0.0,0.0,0.0,0.0,0.0,0.0,0.0,0.0,0.0,0.0,0.0,0.0,0.0,0.0,0.0,0.0,0.0,0.0,0.0,0.0,0.0,0.0,0.0,0.0,0.0,0.0,0.0,0.0,0.0,0.0,0.0,0.0,0.0,0.0,0.0,0.0,0.0,0.0,0.0,0.0,1.0,1.0,1.0,2.0,1.0,1.0,2.0,3.0,6.0,0.0,0.0,0.0,0.0,0.0,0.0,0.0,0.0,0.0,0.0,0.0,0.0,0.0,0.0,0.0,0.0,0.0,0.0,0.0,0.0,0.0,0.0,0.0,0.0,0.0,1.0,4.0,1.0,3.0,1.0,1.0,3.0,5.0,7.0,0.0
45,1.0,45.0,London_56,three,151,453,1092.0,70.0,2.0,171687.0,6.462347559630871,832.0,131.0,2.0,129.0,251.0,18.0,233.0,38.0,52.0,147.0,38.0,134.0,15.0,48.0,5.0,14.0,18.0,62.0,156.0,217.0,91.0,0.0,0.0,0.0,0.0,0.0,0.0,0.0,0.0,0.0,0.0,0.0,0.0,0.0,0.0,0.0,0.0,0.0,0.0,0.0,0.0,0.0,0.0,0.0,0.0,0.0,0.0,0.0,0.0,0.0,0.0,0.0,0.0,0.0,1.0,0.0,0.0,0.0,0.0,0.0,0.0,4.0,9.0,0.0,2.0,0.0,0.0,3.0,5.0,5.0,5.0,25.0,40.0,27.0,12.0,0.0,0.0,0.0,0.0,0.0,0.0,0.0,0.0,0.0,0.0,0.0,0.0,0.0,7.0,0.0,0.0,0.0,0.0,0.0,0.0,4.0,18.0,0.0,3.0,0.0,0.0,4.0,7.0,7.0,6.0,51.0,55.0,33.0,17.0
46,1.0,46.0,London_56,three,151,453,1092.0,70.0,2.0,147678.0,6.802778410259634,779.0,138.0,2.0,136.0,255.0,18.0,237.0,251.0,53.0,125.0,41.0,147.0,24.0,42.0,5.0,16.0,18.0,76.0,155.0,204.0,80.0,0.0,0.0,0.0,0.0,0.0,0.0,0.0,0.0,0.0,0.0,0.0,0.0,0.0,0.0,0.0,0.0,0.0,0.0,0.0,0.0,0.0,0.0,0.0,0.0,0.0,0.0,0.0,0.0,0.0,0.0,0.0,0.0,1.0,0.0,1.0,1.0,0.0,0.0,0.0,0.0,1.0,5.0,0.0,2.0,1.0,0.0,7.0,11.0,2.0,8.0,31.0,29.0,27.0,9.0,0.0,0.0,0.0,0.0,0.0,0.0,0.0,0.0,0.0,0.0,0.0,0.0,2.0,0.0,7.0,7.0,0.0,0.0,0.0,0.0,2.0,5.0,0.0,2.0,1.0,0.0,8.0,14.0,2.0,12.0,46.0,46.0,36.0,11.0
47,1.0,47.0,London_56,three,151,453,1092.0,70.0,2.0,115062.0,5.118049385026097,707.0,2.0,2.0,0.0,20.0,20.0,0.0,255.0,57.0,111.0,46.0,152.0,24.0,40.0,5.0,18.0,10.0,66.0,171.0,206.0,80.0,0.0,0.0,0.0,0.0,0.0,0.0,0.0,0.0,0.0,0.0,0.0,0.0,0.0,0.0,0.0,0.0,0.0,0.0,0.0,0.0,0.0,0.0,0.0,0.0,0.0,0.0,0.0,0.0,0.0,1.0,0.0,0.0,1.0,1.0,0.0,2.0,0.0,0.0,0.0,0.0,0.0,0.0,0.0,0.0,0.0,0.0,0.0,0.0,0.0,0.0,0.0,0.0,0.0,0.0,0.0,0.0,0.0,0.0,0.0,0.0,0.0,0.0,0.0,4.0,0.0,0.0,5.0,9.0,0.0,8.0,0.0,0.0,0.0,0.0,0.0,0.0,0.0,0.0,0.0,0.0,0.0,0.0,0.0,0.0,0.0,0.0,0.0,0.0
48,1.0,48.0,London_56,three,151,453,1092.0,70.0,2.0,151755.0,5.847263772971928,788.0,110.0,0.0,110.0,182.0,0.0,182.0,20.0,58.0,112.0,46.0,156.0,22.0,43.0,1.0,15.0,10.0,67.0,163.0,213.0,72.0,0.0,0.0,0.0,0.0,0.0,0.0,0.0,0.0,0.0,0.0,0.0,0.0,0.0,0.0,0.0,0.0,0.0,0.0,0.0,0.0,0.0,0.0,0.0,0.0,0.0,0.0,0.0,0.0,0.0,0.0,0.0,0.0,0.0,0.0,0.0,0.0,0.0,0.0,0.0,0.0,1.0,1.0,1.0,1.0,0.0,0.0,5.0,9.0,6.0,9.0,21.0,20.0,20.0,6.0,0.0,0.0,0.0,0.0,0.0,0.0,0.0,0.0,0.0,0.0,0.0,0.0,0.0,0.0,0.0,0.0,0.0,0.0,0.0,0.0,1.0,2.0,1.0,1.0,0.0,0.0,7.0,13.0,9.0,11.0,33.0,29.0,25.0,7.0
49,1.0,49.0,London_56,three,151,453,1092.0,70.0,2.0,141336.0,5.167198130860925,765.0,66.0,0.0,66.0,117.0,0.0,117.0,182.0,56.0,114.0,47.0,158.0,20.0,44.0,0.0,14.0,13.0,73.0,163.0,204.0,88.0,0.0,0.0,0.0,0.0,0.0,0.0,0.0,0.0,0.0,0.0,0.0,0.0,0.0,0.0,0.0,0.0,0.0,0.0,0.0,0.0,0.0,0.0,0.0,0.0,0.0,0.0,0.0,0.0,0.0,0.0,0.0,0.0,0.0,0.0,0.0,0.0,0.0,0.0,0.0,0.0,0.0,0.0,0.0,0.0,0.0,1.0,3.0,3.0,0.0,5.0,14.0,17.0,10.0,9.0,0.0,0.0,0.0,0.0,0.0,0.0,0.0,0.0,0.0,0.0,0.0,0.0,0.0,0.0,0.0,0.0,0.0,0.0,0.0,0.0,0.0,0.0,0.0,0.0,0.0,1.0,3.0,5.0,0.0,5.0,23.0,25.0,13.0,11.0
50,1.0,50.0,London_56,three,151,453,1092.0,70.0,2.0,147225.0,6.271537548396736,778.0,66.0,2.0,64.0,124.0,18.0,106.0,117.0,75.0,118.0,48.0,156.0,15.0,31.0,1.0,9.0,15.0,67.0,155.0,216.0,86.0,0.0,0.0,0.0,0.0,0.0,0.0,0.0,0.0,0.0,0.0,0.0,0.0,0.0,0.0,0.0,0.0,0.0,0.0,0.0,0.0,0.0,0.0,0.0,0.0,0.0,0.0,0.0,0.0,0.0,0.0,0.0,0.0,2.0,0.0,1.0,0.0,1.0,0.0,0.0,0.0,1.0,4.0,0.0,1.0,0.0,0.0,1.0,3.0,2.0,4.0,14.0,15.0,8.0,2.0,0.0,0.0,0.0,0.0,0.0,0.0,0.0,0.0,0.0,0.0,0.0,0.0,8.0,0.0,8.0,0.0,6.0,0.0,0.0,0.0,1.0,5.0,0.0,1.0,0.0,0.0,1.0,4.0,2.0,6.0,20.0,20.0,10.0,3.0
51,1.0,51.0,London_56,three,151,453,1092.0,70.0,2.0,153567.0,6.878422076348215,792.0,92.0,0.0,92.0,163.0,0.0,163.0,124.0,64.0,118.0,49.0,166.0,11.0,33.0,2.0,10.0,13.0,66.0,141.0,233.0,78.0,0.0,0.0,0.0,0.0,0.0,0.0,0.0,0.0,0.0,0.0,0.0,0.0,0.0,0.0,0.0,0.0,0.0,0.0,0.0,0.0,0.0,0.0,0.0,0.0,0.0,0.0,0.0,0.0,0.0,0.0,0.0,0.0,0.0,0.0,0.0,0.0,0.0,0.0,0.0,0.0,0.0,12.0,0.0,4.0,0.0,0.0,8.0,4.0,1.0,6.0,22.0,23.0,20.0,8.0,0.0,0.0,0.0,0.0,0.0,0.0,0.0,0.0,0.0,0.0,0.0,0.0,0.0,0.0,0.0,0.0,0.0,0.0,0.0,0.0,0.0,15.0,0.0,6.0,0.0,0.0,8.0,8.0,1.0,9.0,35.0,37.0,30.0,11.0
52,1.0,52.0,London_56,three,151,453,1092.0,70.0,2.0,148584.0,7.546476101968437,781.0,88.0,2.0,86.0,170.0,20.0,150.0,163.0,64.0,128.0,34.0,171.0,13.0,34.0,2.0,7.0,10.0,70.0,157.0,216.0,78.0,0.0,0.0,0.0,0.0,0.0,0.0,0.0,0.0,0.0,0.0,0.0,0.0,0.0,0.0,0.0,0.0,0.0,0.0,0.0,0.0,0.0,0.0,0.0,0.0,0.0,0.0,0.0,0.0,0.0,0.0,0.0,0.0,0.0,2.0,0.0,0.0,1.0,0.0,0.0,0.0,1.0,5.0,0.0,4.0,0.0,1.0,7.0,5.0,2.0,9.0,13.0,21.0,13.0,8.0,0.0,0.0,0.0,0.0,0.0,0.0,0.0,0.0,0.0,0.0,0.0,0.0,0.0,12.0,0.0,0.0,6.0,0.0,0.0,0.0,1.0,8.0,0.0,5.0,0.0,1.0,11.0,6.0,4.0,14.0,17.0,35.0,14.0,12.0
53,1.0,53.0,London_56,three,151,453,1092.0,70.0,2.0,142695.0,6.55048495111987,768.0,43.0,0.0,43.0,77.0,0.0,77.0,170.0,68.0,123.0,34.0,169.0,16.0,34.0,2.0,7.0,7.0,73.0,161.0,212.0,72.0,0.0,0.0,0.0,0.0,0.0,0.0,0.0,0.0,0.0,0.0,0.0,0.0,0.0,0.0,0.0,0.0,0.0,0.0,0.0,0.0,0.0,0.0,0.0,0.0,0.0,0.0,0.0,0.0,0.0,0.0,0.0,0.0,0.0,0.0,0.0,0.0,0.0,0.0,0.0,0.0,0.0,3.0,0.0,0.0,0.0,0.0,3.0,1.0,0.0,7.0,8.0,9.0,5.0,6.0,0.0,0.0,0.0,0.0,0.0,0.0,0.0,0.0,0.0,0.0,0.0,0.0,0.0,0.0,0.0,0.0,0.0,0.0,0.0,0.0,0.0,4.0,0.0,0.0,0.0,0.0,4.0,1.0,0.0,13.0,10.0,17.0,5.0,12.0
54,1.0,54.0,London_56,three,151,453,1092.0,70.0,2.0,160362.0,8.234060414135456,807.0,105.0,0.0,105.0,183.0,0.0,183.0,77.0,66.0,119.0,38.0,162.0,19.0,39.0,3.0,7.0,6.0,76.0,168.0,203.0,74.0,0.0,0.0,0.0,0.0,0.0,0.0,0.0,0.0,0.0,0.0,0.0,0.0,0.0,0.0,0.0,0.0,0.0,0.0,0.0,0.0,0.0,0.0,0.0,0.0,0.0,0.0,0.0,0.0,0.0,0.0,0.0,0.0,0.0,0.0,0.0,0.0,0.0,0.0,0.0,0.0,4.0,6.0,0.0,1.0,0.0,0.0,3.0,7.0,0.0,14.0,29.0,21.0,24.0,7.0,0.0,0.0,0.0,0.0,0.0,0.0,0.0,0.0,0.0,0.0,0.0,0.0,0.0,0.0,0.0,0.0,0.0,0.0,0.0,0.0,4.0,12.0,0.0,1.0,0.0,0.0,5.0,8.0,0.0,21.0,52.0,28.0,35.0,10.0
55,1.0,55.0,London_56,three,151,453,1092.0,70.0,2.0,165345.0,7.635827088728547,818.0,119.0,2.0,117.0,221.0,17.0,204.0,183.0,66.0,115.0,40.0,150.0,22.0,47.0,1.0,12.0,11.0,73.0,164.0,205.0,75.0,0.0,0.0,0.0,0.0,0.0,0.0,0.0,0.0,0.0,0.0,0.0,0.0,0.0,0.0,0.0,0.0,0.0,0.0,0.0,0.0,0.0,0.0,0.0,0.0,0.0,0.0,0.0,0.0,0.0,0.0,0.0,0.0,2.0,0.0,0.0,0.0,1.0,0.0,0.0,0.0,4.0,7.0,0.0,2.0,4.0,0.0,6.0,8.0,5.0,9.0,23.0,29.0,18.0,13.0,0.0,0.0,0.0,0.0,0.0,0.0,0.0,0.0,0.0,0.0,0.0,0.0,2.0,0.0,0.0,0.0,6.0,0.0,0.0,0.0,4.0,8.0,0.0,2.0,4.0,0.0,9.0,10.0,8.0,11.0,31.0,43.0,24.0,19.0
56,1.0,56.0,London_56,three,151,453,1092.0,70.0,2.0,148584.0,5.599910864140838,781.0,1.0,1.0,0.0,10.0,10.0,0.0,221.0,54.0,129.0,47.0,149.0,17.0,47.0,3.0,7.0,14.0,69.0,161.0,209.0,68.0,0.0,0.0,0.0,0.0,0.0,0.0,0.0,0.0,0.0,0.0,0.0,0.0,0.0,0.0,0.0,0.0,0.0,0.0,0.0,0.0,0.0,0.0,0.0,0.0,0.0,0.0,0.0,0.0,0.0,0.0,0.0,0.0,0.0,0.0,0.0,0.0,0.0,0.0,0.0,0.0,0.0,0.0,0.0,0.0,0.0,0.0,0.0,0.0,0.0,0.0,0.0,0.0,0.0,0.0,0.0,0.0,0.0,0.0,0.0,0.0,0.0,0.0,0.0,0.0,0.0,0.0,0.0,0.0,0.0,0.0,0.0,0.0,0.0,0.0,0.0,0.0,0.0,0.0,0.0,0.0,0.0,0.0,0.0,0.0,0.0,0.0,0.0,0.0
57,1.0,57.0,London_56,three,151,453,1092.0,70.0,2.0,182106.0,4.461742925923318,855.0,164.0,2.0,162.0,295.0,16.0,279.0,10.0,56.0,134.0,46.0,143.0,17.0,47.0,3.0,7.0,10.0,70.0,158.0,215.0,62.0,0.0,0.0,0.0,0.0,0.0,0.0,0.0,0.0,0.0,0.0,0.0,0.0,0.0,0.0,0.0,0.0,0.0,0.0,0.0,0.0,0.0,0.0,0.0,0.0,0.0,0.0,0.0,0.0,0.0,0.0,0.0,0.0,0.0,1.0,0.0,1.0,0.0,0.0,0.0,0.0,4.0,11.0,0.0,4.0,3.0,1.0,10.0,4.0,1.0,6.0,27.0,48.0,24.0,7.0,0.0,0.0,0.0,0.0,0.0,0.0,0.0,0.0,0.0,0.0,0.0,0.0,0.0,8.0,0.0,1.0,0.0,0.0,0.0,0.0,4.0,19.0,0.0,7.0,3.0,3.0,14.0,4.0,1.0,7.0,39.0,64.0,30.0,8.0
58,1.0,58.0,London_56,three,151,453,1092.0,70.0,2.0,139524.0,5.705101483967155,761.0,31.0,0.0,31.0,59.0,0.0,59.0,295.0,54.0,126.0,43.0,150.0,18.0,51.0,2.0,9.0,12.0,75.0,170.0,196.0,64.0,0.0,0.0,0.0,0.0,0.0,0.0,0.0,0.0,0.0,0.0,0.0,0.0,0.0,0.0,0.0,0.0,0.0,0.0,0.0,0.0,0.0,0.0,0.0,0.0,0.0,0.0,0.0,0.0,0.0,0.0,0.0,0.0,0.0,0.0,0.0,0.0,0.0,0.0,0.0,0.0,0.0,0.0,0.0,0.0,0.0,0.0,2.0,3.0,0.0,7.0,9.0,7.0,5.0,3.0,0.0,0.0,0.0,0.0,0.0,0.0,0.0,0.0,0.0,0.0,0.0,0.0,0.0,0.0,0.0,0.0,0.0,0.0,0.0,0.0,0.0,0.0,0.0,0.0,0.0,0.0,2.0,5.0,0.0,13.0,16.0,8.0,7.0,5.0
59,1.0,59.0,London_56,three,151,453,1092.0,70.0,2.0,157644.0,6.535851180087775,801.0,125.0,1.0,124.0,228.0,10.0,218.0,59.0,55.0,123.0,48.0,153.0,18.0,44.0,2.0,10.0,14.0,72.0,161.0,206.0,62.0,0.0,0.0,0.0,0.0,0.0,0.0,0.0,0.0,0.0,0.0,0.0,0.0,0.0,0.0,0.0,0.0,0.0,0.0,0.0,0.0,0.0,0.0,0.0,0.0,0.0,0.0,0.0,0.0,0.0,1.0,0.0,0.0,0.0,0.0,0.0,0.0,0.0,0.0,0.0,0.0,3.0,0.0,0.0,1.0,1.0,0.0,5.0,8.0,2.0,5.0,20.0,38.0,21.0,13.0,0.0,0.0,0.0,0.0,0.0,0.0,0.0,0.0,0.0,5.0,0.0,0.0,0.0,0.0,0.0,0.0,0.0,0.0,0.0,0.0,3.0,0.0,0.0,3.0,2.0,0.0,8.0,10.0,3.0,8.0,32.0,60.0,27.0,19.0
60,1.0,60.0,London_56,three,151,453,1092.0,70.0,2.0,138618.0,7.191430998966098,759.0,140.0,0.0,140.0,262.0,0.0,262.0,228.0,59.0,138.0,44.0,139.0,17.0,41.0,2.0,13.0,15.0,69.0,135.0,234.0,65.0,0.0,0.0,0.0,0.0,0.0,0.0,0.0,0.0,0.0,0.0,0.0,0.0,0.0,0.0,0.0,0.0,0.0,0.0,0.0,0.0,0.0,0.0,0.0,0.0,0.0,0.0,0.0,0.0,0.0,0.0,0.0,0.0,0.0,0.0,0.0,0.0,0.0,0.0,0.0,0.0,4.0,1.0,0.0,2.0,1.0,1.0,8.0,11.0,3.0,14.0,25.0,34.0,23.0,9.0,0.0,0.0,0.0,0.0,0.0,0.0,0.0,0.0,0.0,0.0,0.0,0.0,0.0,0.0,0.0,0.0,0.0,0.0,0.0,0.0,5.0,2.0,0.0,2.0,1.0,3.0,9.0,17.0,4.0,16.0,37.0,54.0,29.0,11.0
61,1.0,61.0,London_56,three,151,453,1092.0,70.0,2.0,106002.0,5.0232343059033155,687.0,23.0,1.0,22.0,51.0,9.0,42.0,262.0,60.0,140.0,32.0,150.0,18.0,45.0,0.0,8.0,15.0,71.0,142.0,225.0,77.0,0.0,0.0,0.0,0.0,0.0,0.0,0.0,0.0,0.0,0.0,0.0,0.0,0.0,0.0,0.0,0.0,0.0,0.0,0.0,0.0,0.0,0.0,0.0,0.0,0.0,0.0,0.0,0.0,0.0,0.0,0.0,0.0,0.0,1.0,0.0,1.0,0.0,0.0,0.0,0.0,2.0,0.0,0.0,1.0,1.0,0.0,5.0,2.0,0.0,6.0,3.0,6.0,4.0,1.0,0.0,0.0,0.0,0.0,0.0,0.0,0.0,0.0,0.0,0.0,0.0,0.0,0.0,6.0,0.0,4.0,0.0,0.0,0.0,0.0,2.0,0.0,0.0,1.0,1.0,0.0,8.0,2.0,0.0,9.0,5.0,8.0,4.0,4.0
62,1.0,62.0,London_56,three,151,453,1092.0,70.0,2.0,126387.0,7.6532007730565965,732.0,86.0,2.0,84.0,154.0,15.0,139.0,51.0,64.0,143.0,28.0,151.0,15.0,43.0,0.0,9.0,14.0,77.0,140.0,222.0,82.0,0.0,0.0,0.0,0.0,0.0,0.0,0.0,0.0,0.0,0.0,0.0,0.0,0.0,0.0,0.0,0.0,0.0,0.0,0.0,0.0,0.0,0.0,0.0,0.0,0.0,0.0,0.0,0.0,0.0,0.0,0.0,0.0,0.0,1.0,0.0,0.0,0.0,0.0,0.0,0.0,0.0,1.0,1.0,0.0,0.0,0.0,8.0,8.0,0.0,10.0,13.0,22.0,15.0,5.0,0.0,0.0,0.0,0.0,0.0,0.0,0.0,0.0,0.0,0.0,0.0,0.0,0.0,4.0,0.0,0.0,0.0,0.0,0.0,0.0,0.0,1.0,1.0,0.0,0.0,0.0,11.0,10.0,0.0,16.0,20.0,35.0,18.0,7.0
63,1.0,63.0,London_56,three,151,453,1092.0,70.0,2.0,128199.0,1.3388714781031013,736.0,0.0,0.0,0.0,0.0,0.0,0.0,154.0,66.0,136.0,35.0,140.0,13.0,54.0,1.0,8.0,10.0,83.0,144.0,216.0,82.0,0.0,0.0,0.0,0.0,0.0,0.0,0.0,0.0,0.0,0.0,0.0,0.0,0.0,0.0,0.0,0.0,0.0,0.0,0.0,0.0,0.0,0.0,0.0,0.0,0.0,0.0,0.0,0.0,0.0,0.0,0.0,0.0,0.0,0.0,0.0,0.0,0.0,0.0,0.0,0.0,0.0,0.0,0.0,0.0,0.0,0.0,0.0,0.0,0.0,0.0,0.0,0.0,0.0,0.0,0.0,0.0,0.0,0.0,0.0,0.0,0.0,0.0,0.0,0.0,0.0,0.0,0.0,0.0,0.0,0.0,0.0,0.0,0.0,0.0,0.0,0.0,0.0,0.0,0.0,0.0,0.0,0.0,0.0,0.0,0.0,0.0,0.0,0.0
64,1.0,64.0,London_56,three,151,453,1092.0,70.0,2.0,170328.0,3.7440289170481265,829.0,79.0,1.0,78.0,151.0,10.0,141.0,0.0,66.0,136.0,35.0,140.0,13.0,54.0,1.0,8.0,10.0,83.0,144.0,216.0,82.0,0.0,0.0,0.0,0.0,0.0,0.0,0.0,0.0,0.0,0.0,0.0,0.0,0.0,0.0,0.0,0.0,0.0,0.0,0.0,0.0,0.0,0.0,0.0,0.0,0.0,0.0,0.0,0.0,0.0,1.0,0.0,0.0,0.0,1.0,0.0,1.0,0.0,0.0,0.0,0.0,3.0,1.0,0.0,1.0,1.0,0.0,5.0,7.0,2.0,7.0,12.0,16.0,19.0,8.0,0.0,0.0,0.0,0.0,0.0,0.0,0.0,0.0,0.0,3.0,0.0,0.0,0.0,7.0,0.0,3.0,0.0,0.0,0.0,0.0,4.0,2.0,0.0,1.0,1.0,0.0,7.0,11.0,2.0,9.0,21.0,24.0,29.0,14.0
65,1.0,65.0,London_56,three,151,453,1092.0,70.0,2.0,181200.0,5.762978042010218,853.0,101.0,2.0,99.0,193.0,16.0,177.0,151.0,53.0,137.0,43.0,139.0,13.0,59.0,1.0,8.0,10.0,85.0,146.0,212.0,82.0,0.0,0.0,0.0,0.0,0.0,0.0,0.0,0.0,0.0,0.0,0.0,0.0,0.0,0.0,0.0,0.0,0.0,0.0,0.0,0.0,0.0,0.0,0.0,0.0,0.0,0.0,0.0,0.0,0.0,0.0,0.0,0.0,0.0,1.0,0.0,1.0,0.0,0.0,0.0,0.0,3.0,8.0,0.0,3.0,0.0,0.0,7.0,3.0,0.0,16.0,12.0,19.0,17.0,10.0,0.0,0.0,0.0,0.0,0.0,0.0,0.0,0.0,0.0,0.0,0.0,0.0,0.0,4.0,0.0,1.0,0.0,0.0,0.0,0.0,4.0,12.0,0.0,5.0,0.0,0.0,10.0,4.0,0.0,20.0,19.0,24.0,24.0,16.0
66,1.0,66.0,London_56,three,151,453,1092.0,70.0,2.0,174858.0,2.100173003040254,839.0,126.0,1.0,125.0,237.0,10.0,227.0,193.0,52.0,138.0,40.0,133.0,21.0,55.0,1.0,13.0,8.0,86.0,146.0,213.0,77.0,0.0,0.0,0.0,0.0,0.0,0.0,0.0,0.0,0.0,0.0,0.0,0.0,0.0,0.0,0.0,0.0,0.0,0.0,0.0,0.0,0.0,0.0,0.0,0.0,0.0,0.0,0.0,0.0,0.0,0.0,0.0,0.0,0.0,0.0,1.0,0.0,0.0,0.0,0.0,0.0,3.0,12.0,0.0,2.0,2.0,0.0,4.0,10.0,3.0,7.0,25.0,32.0,20.0,8.0,0.0,0.0,0.0,0.0,0.0,0.0,0.0,0.0,0.0,0.0,0.0,0.0,0.0,0.0,6.0,0.0,0.0,0.0,0.0,0.0,3.0,15.0,0.0,2.0,2.0,0.0,5.0,12.0,3.0,8.0,44.0,48.0,27.0,12.0
67,1.0,67.0,London_56,three,151,453,1092.0,70.0,2.0,160362.0,5.799324651248753,807.0,46.0,2.0,44.0,94.0,16.0,78.0,237.0,57.0,141.0,38.0,135.0,19.0,48.0,3.0,12.0,14.0,73.0,155.0,211.0,79.0,0.0,0.0,0.0,0.0,0.0,0.0,0.0,0.0,0.0,0.0,0.0,0.0,0.0,0.0,0.0,0.0,0.0,0.0,0.0,0.0,0.0,0.0,0.0,0.0,0.0,0.0,0.0,0.0,0.0,0.0,0.0,0.0,0.0,0.0,0.0,1.0,0.0,0.0,0.0,0.0,0.0,1.0,0.0,0.0,0.0,0.0,3.0,1.0,0.0,2.0,14.0,7.0,12.0,5.0,0.0,0.0,0.0,0.0,0.0,0.0,0.0,0.0,0.0,0.0,0.0,0.0,0.0,0.0,0.0,3.0,0.0,0.0,0.0,0.0,0.0,2.0,0.0,0.0,0.0,0.0,4.0,1.0,0.0,2.0,16.0,11.0,14.0,7.0
68,1.0,68.0,London_56,three,151,453,1092.0,70.0,2.0,177576.0,3.565236628986895,845.0,118.0,1.0,117.0,204.0,8.0,196.0,94.0,68.0,122.0,41.0,142.0,18.0,47.0,3.0,12.0,13.0,73.0,148.0,219.0,78.0,0.0,0.0,0.0,0.0,0.0,0.0,0.0,0.0,0.0,0.0,0.0,0.0,0.0,0.0,0.0,0.0,0.0,0.0,0.0,0.0,0.0,0.0,0.0,0.0,0.0,0.0,0.0,0.0,0.0,0.0,0.0,0.0,0.0,0.0,0.0,0.0,0.0,0.0,0.0,0.0,8.0,4.0,0.0,4.0,1.0,0.0,10.0,3.0,6.0,6.0,24.0,25.0,20.0,3.0,0.0,0.0,0.0,0.0,0.0,0.0,0.0,0.0,0.0,0.0,0.0,0.0,0.0,0.0,0.0,0.0,0.0,0.0,0.0,0.0,8.0,5.0,0.0,7.0,1.0,0.0,13.0,5.0,8.0,11.0,39.0,37.0,25.0,5.0
69,1.0,69.0,London_56,three,151,453,1092.0,70.0,2.0,165798.0,2.4663427136838436,819.0,107.0,0.0,107.0,180.0,0.0,180.0,204.0,89.0,113.0,45.0,126.0,16.0,49.0,3.0,12.0,14.0,81.0,143.0,215.0,85.0,0.0,0.0,0.0,0.0,0.0,0.0,0.0,0.0,0.0,0.0,0.0,0.0,0.0,0.0,0.0,0.0,0.0,0.0,0.0,0.0,0.0,0.0,0.0,0.0,0.0,0.0,0.0,0.0,0.0,0.0,0.0,0.0,0.0,0.0,0.0,0.0,0.0,0.0,0.0,0.0,1.0,9.0,0.0,2.0,1.0,0.0,5.0,4.0,4.0,10.0,21.0,22.0,25.0,10.0,0.0,0.0,0.0,0.0,0.0,0.0,0.0,0.0,0.0,0.0,0.0,0.0,0.0,0.0,0.0,0.0,0.0,0.0,0.0,0.0,1.0,15.0,0.0,4.0,1.0,0.0,7.0,6.0,5.0,17.0,30.0,34.0,30.0,16.0
70,1.0,70.0,London_56,three,151,453,1092.0,70.0,2.0,153567.0,5.3571381899528205,792.0,80.0,2.0,78.0,158.0,18.0,140.0,180.0,80.0,122.0,44.0,115.0,13.0,60.0,3.0,16.0,14.0,87.0,142.0,210.0,87.0,0.0,0.0,0.0,0.0,0.0,0.0,0.0,0.0,0.0,0.0,0.0,0.0,0.0,0.0,0.0,0.0,0.0,0.0,0.0,0.0,0.0,0.0,0.0,0.0,0.0,0.0,0.0,0.0,0.0,2.0,0.0,1.0,0.0,0.0,0.0,0.0,0.0,0.0,0.0,0.0,2.0,0.0,1.0,1.0,0.0,1.0,6.0,5.0,4.0,13.0,15.0,11.0,11.0,4.0,0.0,0.0,0.0,0.0,0.0,0.0,0.0,0.0,0.0,13.0,0.0,1.0,0.0,0.0,0.0,0.0,0.0,0.0,0.0,0.0,3.0,0.0,1.0,1.0,0.0,2.0,6.0,11.0,6.0,18.0,24.0,18.0,16.0,6.0
71,1.0,71.0,London_56,three,151,453,1092.0,70.0,2.0,146319.0,4.627154073677957,776.0,64.0,1.0,63.0,105.0,8.0,97.0,158.0,75.0,118.0,43.0,116.0,18.0,66.0,4.0,13.0,13.0,74.0,145.0,221.0,76.0,0.0,0.0,0.0,0.0,0.0,0.0,0.0,0.0,0.0,0.0,0.0,0.0,0.0,0.0,0.0,0.0,0.0,0.0,0.0,0.0,0.0,0.0,0.0,0.0,0.0,0.0,0.0,0.0,0.0,0.0,0.0,0.0,0.0,0.0,0.0,1.0,0.0,0.0,0.0,0.0,1.0,1.0,0.0,0.0,0.0,0.0,4.0,3.0,3.0,7.0,16.0,10.0,9.0,3.0,0.0,0.0,0.0,0.0,0.0,0.0,0.0,0.0,0.0,0.0,0.0,0.0,0.0,0.0,0.0,5.0,0.0,0.0,0.0,0.0,1.0,1.0,0.0,0.0,0.0,0.0,5.0,4.0,3.0,11.0,25.0,16.0,9.0,5.0
72,1.0,72.0,London_56,three,151,453,1092.0,70.0,2.0,149037.0,4.151517400983721,782.0,111.0,1.0,110.0,201.0,9.0,192.0,105.0,66.0,120.0,37.0,126.0,17.0,71.0,4.0,12.0,12.0,73.0,148.0,220.0,80.0,0.0,0.0,0.0,0.0,0.0,0.0,0.0,0.0,0.0,0.0,0.0,0.0,0.0,0.0,0.0,0.0,0.0,0.0,0.0,0.0,0.0,0.0,0.0,0.0,0.0,0.0,0.0,0.0,0.0,0.0,0.0,0.0,0.0,0.0,1.0,0.0,0.0,0.0,0.0,0.0,3.0,1.0,1.0,0.0,0.0,0.0,12.0,5.0,13.0,5.0,23.0,23.0,21.0,8.0,0.0,0.0,0.0,0.0,0.0,0.0,0.0,0.0,0.0,0.0,0.0,0.0,0.0,0.0,7.0,0.0,0.0,0.0,0.0,0.0,4.0,1.0,1.0,0.0,0.0,0.0,20.0,6.0,16.0,8.0,35.0,35.0,27.0,10.0
73,1.0,73.0,London_56,three,151,453,1092.0,70.0,2.0,132729.0,1.6238653901964426,746.0,47.0,0.0,47.0,86.0,0.0,86.0,201.0,66.0,118.0,36.0,127.0,20.0,67.0,6.0,13.0,13.0,90.0,146.0,204.0,78.0,0.0,0.0,0.0,0.0,0.0,0.0,0.0,0.0,0.0,0.0,0.0,0.0,0.0,0.0,0.0,0.0,0.0,0.0,0.0,0.0,0.0,0.0,0.0,0.0,0.0,0.0,0.0,0.0,0.0,0.0,0.0,0.0,0.0,0.0,0.0,0.0,0.0,0.0,0.0,0.0,2.0,0.0,0.0,1.0,0.0,0.0,10.0,3.0,2.0,8.0,9.0,11.0,15.0,2.0,0.0,0.0,0.0,0.0,0.0,0.0,0.0,0.0,0.0,0.0,0.0,0.0,0.0,0.0,0.0,0.0,0.0,0.0,0.0,0.0,2.0,0.0,0.0,2.0,0.0,0.0,13.0,3.0,3.0,12.0,12.0,20.0,23.0,4.0
74,1.0,74.0,London_56,three,151,453,1092.0,70.0,2.0,139524.0,6.562680035363883,761.0,143.0,2.0,141.0,257.0,18.0,239.0,86.0,59.0,104.0,38.0,146.0,22.0,67.0,4.0,13.0,13.0,88.0,156.0,196.0,80.0,0.0,0.0,0.0,0.0,0.0,0.0,0.0,0.0,0.0,0.0,0.0,0.0,0.0,0.0,0.0,0.0,0.0,0.0,0.0,0.0,0.0,0.0,0.0,0.0,0.0,0.0,0.0,0.0,0.0,1.0,0.0,0.0,0.0,1.0,1.0,2.0,0.0,0.0,0.0,0.0,1.0,14.0,3.0,1.0,0.0,0.0,16.0,5.0,11.0,12.0,30.0,35.0,24.0,8.0,0.0,0.0,0.0,0.0,0.0,0.0,0.0,0.0,0.0,3.0,0.0,0.0,0.0,5.0,8.0,6.0,0.0,0.0,0.0,0.0,1.0,19.0,4.0,1.0,0.0,0.0,21.0,7.0,12.0,15.0,43.0,50.0,32.0,17.0
75,1.0,75.0,London_56,three,151,453,1092.0,70.0,2.0,113703.0,6.506010281853378,704.0,126.0,0.0,126.0,222.0,0.0,222.0,257.0,57.0,129.0,45.0,147.0,21.0,42.0,3.0,9.0,11.0,78.0,173.0,191.0,87.0,0.0,0.0,0.0,0.0,0.0,0.0,0.0,0.0,0.0,0.0,0.0,0.0,0.0,0.0,0.0,0.0,0.0,0.0,0.0,0.0,0.0,0.0,0.0,0.0,0.0,0.0,0.0,0.0,0.0,0.0,0.0,0.0,0.0,0.0,0.0,0.0,0.0,0.0,0.0,0.0,5.0,6.0,1.0,1.0,0.0,0.0,9.0,8.0,5.0,11.0,25.0,26.0,18.0,8.0,0.0,0.0,0.0,0.0,0.0,0.0,0.0,0.0,0.0,0.0,0.0,0.0,0.0,0.0,0.0,0.0,0.0,0.0,0.0,0.0,6.0,8.0,1.0,1.0,0.0,0.0,12.0,11.0,6.0,12.0,39.0,41.0,21.0,13.0
76,1.0,76.0,London_56,three,151,453,1092.0,70.0,2.0,94677.0,0.5813303128816187,662.0,15.0,1.0,14.0,31.0,8.0,23.0,222.0,65.0,123.0,43.0,131.0,26.0,53.0,3.0,9.0,14.0,65.0,183.0,191.0,105.0,0.0,0.0,0.0,0.0,0.0,0.0,0.0,0.0,0.0,0.0,0.0,0.0,0.0,0.0,0.0,0.0,0.0,0.0,0.0,0.0,0.0,0.0,0.0,0.0,0.0,0.0,0.0,0.0,0.0,0.0,0.0,0.0,0.0,0.0,1.0,0.0,0.0,0.0,0.0,0.0,0.0,0.0,0.0,0.0,0.0,0.0,2.0,0.0,0.0,0.0,4.0,2.0,6.0,0.0,0.0,0.0,0.0,0.0,0.0,0.0,0.0,0.0,0.0,0.0,0.0,0.0,0.0,0.0,5.0,0.0,0.0,0.0,0.0,0.0,0.0,0.0,0.0,0.0,0.0,0.0,2.0,0.0,0.0,0.0,7.0,4.0,8.0,0.0
77,1.0,77.0,London_56,three,151,453,1092.0,70.0,2.0,125934.0,5.518030553124845,731.0,5.0,1.0,4.0,16.0,8.0,8.0,31.0,63.0,126.0,42.0,129.0,24.0,57.0,3.0,9.0,13.0,66.0,178.0,196.0,103.0,0.0,0.0,0.0,0.0,0.0,0.0,0.0,0.0,0.0,0.0,0.0,0.0,0.0,0.0,0.0,0.0,0.0,0.0,0.0,0.0,0.0,0.0,0.0,0.0,0.0,0.0,0.0,0.0,0.0,0.0,0.0,0.0,1.0,1.0,0.0,0.0,1.0,0.0,0.0,0.0,0.0,0.0,0.0,0.0,0.0,0.0,0.0,2.0,0.0,0.0,1.0,1.0,2.0,0.0,0.0,0.0,0.0,0.0,0.0,0.0,0.0,0.0,0.0,0.0,0.0,0.0,1.0,3.0,0.0,0.0,7.0,0.0,0.0,0.0,0.0,0.0,0.0,0.0,0.0,0.0,0.0,3.0,0.0,0.0,2.0,1.0,2.0,0.0
78,1.0,78.0,London_56,three,151,453,1092.0,70.0,2.0,165798.0,2.78290145797655,819.0,10.0,0.0,10.0,21.0,0.0,21.0,16.0,62.0,127.0,43.0,134.0,24.0,50.0,3.0,10.0,14.0,67.0,170.0,202.0,103.0,0.0,0.0,0.0,0.0,0.0,0.0,0.0,0.0,0.0,0.0,0.0,0.0,0.0,0.0,0.0,0.0,0.0,0.0,0.0,0.0,0.0,0.0,0.0,0.0,0.0,0.0,0.0,0.0,0.0,0.0,0.0,0.0,0.0,0.0,0.0,0.0,0.0,0.0,0.0,0.0,2.0,0.0,0.0,0.0,0.0,0.0,3.0,1.0,2.0,1.0,3.0,3.0,1.0,0.0,0.0,0.0,0.0,0.0,0.0,0.0,0.0,0.0,0.0,0.0,0.0,0.0,0.0,0.0,0.0,0.0,0.0,0.0,0.0,0.0,2.0,0.0,0.0,0.0,0.0,0.0,5.0,2.0,3.0,2.0,6.0,4.0,2.0,0.0
79,1.0,79.0,London_56,three,151,453,1092.0,70.0,2.0,201132.0,6.5235301298089325,897.0,90.0,2.0,88.0,172.0,18.0,154.0,21.0,62.0,124.0,45.0,135.0,22.0,52.0,3.0,10.0,14.0,70.0,167.0,202.0,104.0,0.0,0.0,0.0,0.0,0.0,0.0,0.0,0.0,0.0,0.0,0.0,0.0,0.0,0.0,0.0,0.0,0.0,0.0,0.0,0.0,0.0,0.0,0.0,0.0,0.0,0.0,0.0,0.0,0.0,0.0,0.0,0.0,0.0,1.0,1.0,0.0,0.0,0.0,0.0,0.0,0.0,1.0,0.0,1.0,2.0,0.0,3.0,6.0,1.0,2.0,17.0,19.0,12.0,6.0,0.0,0.0,0.0,0.0,0.0,0.0,0.0,0.0,0.0,0.0,0.0,0.0,0.0,7.0,5.0,0.0,0.0,0.0,0.0,0.0,0.0,1.0,0.0,1.0,3.0,0.0,4.0,9.0,1.0,2.0,22.0,33.0,14.0,10.0
80,1.0,80.0,London_56,three,151,453,1092.0,70.0,2.0,194790.0,3.448953024111688,883.0,101.0,2.0,99.0,180.0,16.0,164.0,172.0,62.0,134.0,43.0,130.0,14.0,54.0,4.0,12.0,17.0,80.0,133.0,223.0,105.0,0.0,0.0,0.0,0.0,0.0,0.0,0.0,0.0,0.0,0.0,0.0,0.0,0.0,0.0,0.0,0.0,0.0,0.0,0.0,0.0,0.0,0.0,0.0,0.0,0.0,0.0,0.0,0.0,0.0,0.0,0.0,0.0,0.0,1.0,1.0,1.0,0.0,0.0,0.0,0.0,2.0,11.0,0.0,1.0,0.0,0.0,11.0,12.0,3.0,7.0,28.0,22.0,19.0,5.0,0.0,0.0,0.0,0.0,0.0,0.0,0.0,0.0,0.0,0.0,0.0,0.0,0.0,5.0,6.0,1.0,0.0,0.0,0.0,0.0,2.0,14.0,0.0,2.0,0.0,0.0,12.0,13.0,4.0,10.0,46.0,29.0,25.0,8.0
81,1.0,81.0,London_56,three,151,453,1092.0,70.0,2.0,188901.0,4.731522311922163,870.0,179.0,2.0,177.0,322.0,20.0,302.0,180.0,58.0,132.0,41.0,135.0,19.0,52.0,3.0,13.0,11.0,76.0,120.0,246.0,81.0,0.0,0.0,0.0,0.0,0.0,0.0,0.0,0.0,0.0,0.0,0.0,0.0,0.0,0.0,0.0,0.0,0.0,0.0,0.0,0.0,0.0,0.0,0.0,0.0,0.0,0.0,0.0,0.0,0.0,1.0,0.0,0.0,0.0,1.0,0.0,2.0,0.0,0.0,0.0,0.0,1.0,14.0,1.0,4.0,1.0,1.0,21.0,9.0,12.0,25.0,35.0,41.0,39.0,15.0,0.0,0.0,0.0,0.0,0.0,0.0,0.0,0.0,0.0,7.0,0.0,0.0,0.0,8.0,0.0,8.0,0.0,0.0,0.0,0.0,1.0,22.0,1.0,4.0,1.0,4.0,25.0,11.0,16.0,38.0,58.0,60.0,48.0,26.0
82,1.0,82.0,London_56,three,151,453,1092.0,70.0,2.0,138618.0,2.9152268008328974,759.0,68.0,0.0,68.0,117.0,0.0,117.0,322.0,64.0,144.0,32.0,135.0,11.0,49.0,1.0,17.0,13.0,78.0,111.0,251.0,73.0,0.0,0.0,0.0,0.0,0.0,0.0,0.0,0.0,0.0,0.0,0.0,0.0,0.0,0.0,0.0,0.0,0.0,0.0,0.0,0.0,0.0,0.0,0.0,0.0,0.0,0.0,0.0,0.0,0.0,0.0,0.0,0.0,0.0,0.0,0.0,0.0,0.0,0.0,0.0,0.0,0.0,1.0,1.0,1.0,0.0,1.0,9.0,4.0,1.0,9.0,8.0,17.0,16.0,9.0,0.0,0.0,0.0,0.0,0.0,0.0,0.0,0.0,0.0,0.0,0.0,0.0,0.0,0.0,0.0,0.0,0.0,0.0,0.0,0.0,0.0,2.0,1.0,2.0,0.0,2.0,11.0,8.0,1.0,12.0,10.0,29.0,19.0,18.0
83,1.0,83.0,London_56,three,151,453,1092.0,70.0,2.0,144507.0,2.5702904178760946,772.0,137.0,0.0,137.0,233.0,0.0,233.0,117.0,69.0,137.0,36.0,132.0,9.0,48.0,5.0,17.0,16.0,85.0,110.0,242.0,84.0,0.0,0.0,0.0,0.0,0.0,0.0,0.0,0.0,0.0,0.0,0.0,0.0,0.0,0.0,0.0,0.0,0.0,0.0,0.0,0.0,0.0,0.0,0.0,0.0,0.0,0.0,0.0,0.0,0.0,0.0,0.0,0.0,0.0,0.0,0.0,0.0,0.0,0.0,0.0,0.0,6.0,13.0,0.0,0.0,0.0,1.0,18.0,4.0,13.0,9.0,27.0,30.0,18.0,13.0,0.0,0.0,0.0,0.0,0.0,0.0,0.0,0.0,0.0,0.0,0.0,0.0,0.0,0.0,0.0,0.0,0.0,0.0,0.0,0.0,7.0,20.0,0.0,0.0,0.0,1.0,20.0,6.0,17.0,11.0,40.0,39.0,23.0,18.0
84,1.0,84.0,London_56,three,151,453,1092.0,70.0,2.0,127293.0,6.194739792961627,734.0,48.0,2.0,46.0,105.0,19.0,86.0,233.0,61.0,167.0,33.0,115.0,10.0,47.0,6.0,14.0,17.0,90.0,126.0,220.0,83.0,0.0,0.0,0.0,0.0,0.0,0.0,0.0,0.0,0.0,0.0,0.0,0.0,0.0,0.0,0.0,0.0,0.0,0.0,0.0,0.0,0.0,0.0,0.0,0.0,0.0,0.0,0.0,0.0,0.0,0.0,0.0,0.0,0.0,1.0,0.0,0.0,0.0,0.0,0.0,0.0,1.0,1.0,0.0,0.0,0.0,0.0,4.0,5.0,0.0,5.0,11.0,7.0,7.0,6.0,0.0,0.0,0.0,0.0,0.0,0.0,0.0,0.0,0.0,0.0,0.0,0.0,0.0,8.0,0.0,0.0,0.0,0.0,0.0,0.0,1.0,1.0,0.0,0.0,0.0,0.0,8.0,10.0,0.0,7.0,15.0,12.0,8.0,11.0
85,1.0,85.0,London_56,three,151,453,1092.0,70.0,2.0,157191.0,7.087725568097085,800.0,54.0,0.0,54.0,93.0,0.0,93.0,105.0,60.0,153.0,35.0,134.0,11.0,43.0,4.0,13.0,11.0,89.0,146.0,207.0,80.0,0.0,0.0,0.0,0.0,0.0,0.0,0.0,0.0,0.0,0.0,0.0,0.0,0.0,0.0,0.0,0.0,0.0,0.0,0.0,0.0,0.0,0.0,0.0,0.0,0.0,0.0,0.0,0.0,0.0,0.0,0.0,0.0,0.0,0.0,0.0,0.0,0.0,0.0,0.0,0.0,2.0,2.0,0.0,1.0,0.0,0.0,2.0,1.0,1.0,3.0,12.0,11.0,9.0,7.0,0.0,0.0,0.0,0.0,0.0,0.0,0.0,0.0,0.0,0.0,0.0,0.0,0.0,0.0,0.0,0.0,0.0,0.0,0.0,0.0,2.0,2.0,0.0,1.0,0.0,0.0,2.0,1.0,1.0,4.0,20.0,14.0,14.0,9.0
86,1.0,86.0,London_56,three,151,453,1092.0,70.0,2.0,180747.0,6.334728769026697,852.0,13.0,1.0,12.0,34.0,11.0,23.0,93.0,64.0,147.0,44.0,132.0,11.0,38.0,4.0,13.0,6.0,90.0,138.0,219.0,70.0,0.0,0.0,0.0,0.0,0.0,0.0,0.0,0.0,0.0,0.0,0.0,0.0,0.0,0.0,0.0,0.0,0.0,0.0,0.0,0.0,0.0,0.0,0.0,0.0,0.0,0.0,0.0,0.0,0.0,0.0,0.0,0.0,1.0,1.0,0.0,1.0,0.0,0.0,0.0,0.0,0.0,0.0,0.0,0.0,0.0,0.0,2.0,0.0,2.0,3.0,4.0,2.0,4.0,0.0,0.0,0.0,0.0,0.0,0.0,0.0,0.0,0.0,0.0,0.0,0.0,0.0,5.0,10.0,0.0,5.0,0.0,0.0,0.0,0.0,0.0,0.0,0.0,0.0,0.0,0.0,3.0,0.0,3.0,4.0,5.0,3.0,6.0,0.0
87,1.0,87.0,London_56,three,151,453,1092.0,70.0,2.0,227406.0,7.827260015998036,955.0,148.0,0.0,148.0,252.0,0.0,252.0,34.0,57.0,151.0,47.0,134.0,9.0,37.0,4.0,14.0,6.0,86.0,136.0,225.0,73.0,0.0,0.0,0.0,0.0,0.0,0.0,0.0,0.0,0.0,0.0,0.0,0.0,0.0,0.0,0.0,0.0,0.0,0.0,0.0,0.0,0.0,0.0,0.0,0.0,0.0,0.0,0.0,0.0,0.0,0.0,0.0,0.0,0.0,0.0,0.0,0.0,0.0,0.0,0.0,0.0,8.0,7.0,0.0,0.0,0.0,0.0,9.0,7.0,3.0,8.0,31.0,29.0,24.0,17.0,0.0,0.0,0.0,0.0,0.0,0.0,0.0,0.0,0.0,0.0,0.0,0.0,0.0,0.0,0.0,0.0,0.0,0.0,0.0,0.0,14.0,8.0,0.0,0.0,0.0,0.0,11.0,9.0,3.0,9.0,46.0,37.0,36.0,26.0
88,1.0,88.0,London_56,three,151,453,1092.0,70.0,2.0,214722.0,7.300478249322623,927.0,148.0,0.0,148.0,244.0,0.0,244.0,252.0,51.0,142.0,50.0,133.0,17.0,38.0,3.0,19.0,8.0,80.0,144.0,221.0,72.0,0.0,0.0,0.0,0.0,0.0,0.0,0.0,0.0,0.0,0.0,0.0,0.0,0.0,0.0,0.0,0.0,0.0,0.0,0.0,0.0,0.0,0.0,0.0,0.0,0.0,0.0,0.0,0.0,0.0,0.0,0.0,0.0,0.0,0.0,0.0,0.0,0.0,0.0,0.0,0.0,5.0,10.0,0.0,1.0,2.0,1.0,8.0,8.0,6.0,14.0,24.0,37.0,35.0,11.0,0.0,0.0,0.0,0.0,0.0,0.0,0.0,0.0,0.0,0.0,0.0,0.0,0.0,0.0,0.0,0.0,0.0,0.0,0.0,0.0,7.0,11.0,0.0,2.0,2.0,2.0,10.0,12.0,7.0,17.0,40.0,57.0,42.0,15.0
89,1.0,89.0,London_56,three,151,453,1092.0,70.0,2.0,189807.0,4.785740362945944,872.0,24.0,2.0,22.0,55.0,18.0,37.0,244.0,54.0,134.0,48.0,132.0,20.0,40.0,1.0,24.0,9.0,93.0,129.0,222.0,81.0,0.0,0.0,0.0,0.0,0.0,0.0,0.0,0.0,0.0,0.0,0.0,0.0,0.0,0.0,0.0,0.0,0.0,0.0,0.0,0.0,0.0,0.0,0.0,0.0,0.0,0.0,0.0,0.0,0.0,0.0,0.0,0.0,0.0,1.0,1.0,0.0,0.0,0.0,0.0,0.0,2.0,0.0,1.0,0.0,0.0,0.0,2.0,2.0,1.0,3.0,3.0,5.0,3.0,4.0,0.0,0.0,0.0,0.0,0.0,0.0,0.0,0.0,0.0,0.0,0.0,0.0,0.0,8.0,8.0,0.0,0.0,0.0,0.0,0.0,2.0,0.0,1.0,0.0,0.0,0.0,3.0,2.0,1.0,5.0,4.0,8.0,3.0,5.0
90,1.0,90.0,London_56,three,151,453,1092.0,70.0,2.0,225594.0,6.936262022703886,951.0,150.0,1.0,149.0,275.0,10.0,265.0,55.0,55.0,128.0,51.0,139.0,13.0,45.0,0.0,22.0,6.0,96.0,128.0,223.0,73.0,0.0,0.0,0.0,0.0,0.0,0.0,0.0,0.0,0.0,0.0,0.0,0.0,0.0,0.0,0.0,0.0,0.0,0.0,0.0,0.0,0.0,0.0,0.0,0.0,0.0,0.0,0.0,0.0,0.0,0.0,0.0,0.0,0.0,0.0,0.0,0.0,1.0,0.0,0.0,0.0,0.0,16.0,0.0,0.0,0.0,1.0,21.0,7.0,2.0,8.0,32.0,35.0,22.0,20.0,0.0,0.0,0.0,0.0,0.0,0.0,0.0,0.0,0.0,0.0,0.0,0.0,0.0,0.0,0.0,0.0,6.0,0.0,0.0,0.0,0.0,19.0,0.0,0.0,0.0,2.0,26.0,9.0,3.0,11.0,49.0,53.0,27.0,32.0
91,1.0,91.0,London_56,three,151,453,1092.0,70.0,2.0,196149.0,6.76587030896917,886.0,181.0,0.0,181.0,303.0,0.0,303.0,275.0,67.0,128.0,49.0,126.0,9.0,53.0,1.0,20.0,6.0,95.0,118.0,234.0,86.0,0.0,0.0,0.0,0.0,0.0,0.0,0.0,0.0,0.0,0.0,0.0,0.0,0.0,0.0,0.0,0.0,0.0,0.0,0.0,0.0,0.0,0.0,0.0,0.0,0.0,0.0,0.0,0.0,0.0,0.0,0.0,0.0,0.0,0.0,0.0,0.0,0.0,0.0,0.0,0.0,1.0,16.0,0.0,1.0,0.0,1.0,15.0,9.0,9.0,9.0,42.0,34.0,41.0,10.0,0.0,0.0,0.0,0.0,0.0,0.0,0.0,0.0,0.0,0.0,0.0,0.0,0.0,0.0,0.0,0.0,0.0,0.0,0.0,0.0,1.0,25.0,0.0,1.0,0.0,1.0,20.0,11.0,11.0,11.0,62.0,47.0,53.0,14.0
92,1.0,92.0,London_56,three,151,453,1092.0,70.0,2.0,153567.0,4.69968497287482,792.0,90.0,0.0,90.0,152.0,0.0,152.0,303.0,73.0,123.0,46.0,130.0,9.0,53.0,0.0,19.0,10.0,92.0,140.0,211.0,90.0,0.0,0.0,0.0,0.0,0.0,0.0,0.0,0.0,0.0,0.0,0.0,0.0,0.0,0.0,0.0,0.0,0.0,0.0,0.0,0.0,0.0,0.0,0.0,0.0,0.0,0.0,0.0,0.0,0.0,0.0,0.0,0.0,0.0,0.0,0.0,0.0,0.0,0.0,0.0,0.0,2.0,4.0,0.0,0.0,0.0,0.0,4.0,10.0,1.0,13.0,15.0,29.0,15.0,8.0,0.0,0.0,0.0,0.0,0.0,0.0,0.0,0.0,0.0,0.0,0.0,0.0,0.0,0.0,0.0,0.0,0.0,0.0,0.0,0.0,2.0,5.0,0.0,0.0,0.0,0.0,5.0,14.0,1.0,20.0,25.0,40.0,24.0,10.0
93,1.0,93.0,London_56,three,151,453,1092.0,70.0,2.0,145413.0,1.2344707227312028,774.0,151.0,2.0,149.0,277.0,16.0,261.0,152.0,75.0,112.0,46.0,128.0,12.0,62.0,1.0,17.0,9.0,97.0,135.0,212.0,97.0,0.0,0.0,0.0,0.0,0.0,0.0,0.0,0.0,0.0,0.0,0.0,0.0,0.0,0.0,0.0,0.0,0.0,0.0,0.0,0.0,0.0,0.0,0.0,0.0,0.0,0.0,0.0,0.0,0.0,0.0,1.0,0.0,0.0,0.0,0.0,1.0,0.0,0.0,0.0,0.0,1.0,5.0,1.0,3.0,0.0,1.0,12.0,4.0,5.0,18.0,37.0,38.0,24.0,13.0,0.0,0.0,0.0,0.0,0.0,0.0,0.0,0.0,0.0,0.0,1.0,0.0,0.0,0.0,0.0,5.0,0.0,0.0,0.0,0.0,1.0,7.0,2.0,4.0,0.0,2.0,20.0,6.0,9.0,21.0,53.0,56.0,33.0,21.0
94,1.0,94.0,London_56,three,151,453,1092.0,70.0,2.0,107814.0,3.997210929170251,691.0,56.0,2.0,54.0,113.0,18.0,95.0,277.0,57.0,122.0,41.0,136.0,7.0,70.0,1.0,19.0,7.0,93.0,134.0,219.0,82.0,0.0,0.0,0.0,0.0,0.0,0.0,0.0,0.0,0.0,0.0,0.0,0.0,0.0,0.0,0.0,0.0,0.0,0.0,0.0,0.0,0.0,0.0,0.0,0.0,0.0,0.0,0.0,0.0,0.0,0.0,0.0,0.0,0.0,1.0,0.0,0.0,1.0,0.0,0.0,0.0,2.0,0.0,0.0,1.0,1.0,1.0,7.0,2.0,4.0,6.0,20.0,7.0,15.0,4.0,0.0,0.0,0.0,0.0,0.0,0.0,0.0,0.0,0.0,0.0,0.0,0.0,0.0,7.0,0.0,0.0,6.0,0.0,0.0,0.0,3.0,0.0,0.0,1.0,1.0,2.0,16.0,2.0,4.0,9.0,33.0,7.0,22.0,6.0
95,1.0,95.0,London_56,three,151,453,1092.0,70.0,2.0,105549.0,4.467201833147556,686.0,77.0,1.0,76.0,149.0,10.0,139.0,113.0,60.0,125.0,39.0,138.0,8.0,63.0,1.0,19.0,6.0,84.0,136.0,227.0,77.0,0.0,0.0,0.0,0.0,0.0,0.0,0.0,0.0,0.0,0.0,0.0,0.0,0.0,0.0,0.0,0.0,0.0,0.0,0.0,0.0,0.0,0.0,0.0,0.0,0.0,0.0,0.0,0.0,0.0,0.0,0.0,0.0,0.0,0.0,1.0,1.0,0.0,0.0,0.0,0.0,6.0,0.0,0.0,1.0,0.0,0.0,5.0,3.0,5.0,13.0,20.0,14.0,13.0,7.0,0.0,0.0,0.0,0.0,0.0,0.0,0.0,0.0,0.0,0.0,0.0,0.0,0.0,0.0,7.0,3.0,0.0,0.0,0.0,0.0,6.0,0.0,0.0,1.0,0.0,0.0,8.0,3.0,7.0,17.0,34.0,19.0,18.0,9.0
96,1.0,96.0,London_56,three,151,453,1092.0,70.0,2.0,104190.0,4.832731386646628,683.0,0.0,0.0,0.0,0.0,0.0,0.0,149.0,61.0,135.0,27.0,145.0,10.0,52.0,4.0,19.0,4.0,82.0,137.0,230.0,77.0,0.0,0.0,0.0,0.0,0.0,0.0,0.0,0.0,0.0,0.0,0.0,0.0,0.0,0.0,0.0,0.0,0.0,0.0,0.0,0.0,0.0,0.0,0.0,0.0,0.0,0.0,0.0,0.0,0.0,0.0,0.0,0.0,0.0,0.0,0.0,0.0,0.0,0.0,0.0,0.0,0.0,0.0,0.0,0.0,0.0,0.0,0.0,0.0,0.0,0.0,0.0,0.0,0.0,0.0,0.0,0.0,0.0,0.0,0.0,0.0,0.0,0.0,0.0,0.0,0.0,0.0,0.0,0.0,0.0,0.0,0.0,0.0,0.0,0.0,0.0,0.0,0.0,0.0,0.0,0.0,0.0,0.0,0.0,0.0,0.0,0.0,0.0,0.0
97,1.0,97.0,London_56,three,151,453,1092.0,70.0,2.0,133635.0,5.59242412308231,748.0,31.0,2.0,29.0,67.0,18.0,49.0,0.0,61.0,135.0,27.0,145.0,10.0,52.0,4.0,19.0,4.0,82.0,137.0,230.0,77.0,0.0,0.0,0.0,0.0,0.0,0.0,0.0,0.0,0.0,0.0,0.0,0.0,0.0,0.0,0.0,0.0,0.0,0.0,0.0,0.0,0.0,0.0,0.0,0.0,0.0,0.0,0.0,0.0,0.0,0.0,0.0,0.0,1.0,0.0,0.0,2.0,0.0,0.0,0.0,0.0,1.0,0.0,0.0,0.0,0.0,0.0,2.0,3.0,0.0,5.0,6.0,6.0,6.0,5.0,0.0,0.0,0.0,0.0,0.0,0.0,0.0,0.0,0.0,0.0,0.0,0.0,6.0,0.0,0.0,3.0,0.0,0.0,0.0,0.0,1.0,0.0,0.0,0.0,0.0,0.0,3.0,5.0,0.0,8.0,8.0,7.0,7.0,9.0
98,1.0,98.0,London_56,three,151,453,1092.0,70.0,2.0,148584.0,7.680699402000755,781.0,148.0,2.0,146.0,286.0,19.0,267.0,67.0,58.0,120.0,29.0,158.0,11.0,54.0,4.0,19.0,5.0,86.0,132.0,230.0,76.0,0.0,0.0,0.0,0.0,0.0,0.0,0.0,0.0,0.0,0.0,0.0,0.0,0.0,0.0,0.0,0.0,0.0,0.0,0.0,0.0,0.0,0.0,0.0,0.0,0.0,0.0,0.0,0.0,0.0,0.0,0.0,0.0,2.0,2.0,0.0,1.0,0.0,0.0,0.0,0.0,4.0,9.0,0.0,1.0,0.0,0.0,17.0,6.0,3.0,16.0,36.0,34.0,33.0,14.0,0.0,0.0,0.0,0.0,0.0,0.0,0.0,0.0,0.0,0.0,0.0,0.0,12.0,18.0,0.0,10.0,0.0,0.0,0.0,0.0,4.0,13.0,0.0,1.0,0.0,0.0,27.0,6.0,3.0,23.0,53.0,49.0,45.0,19.0
99,1.0,99.0,London_56,three,151,453,1092.0,70.0,2.0,112797.0,4.8747877497226,702.0,92.0,2.0,90.0,173.0,20.0,153.0,286.0,54.0,120.0,30.0,151.0,12.0,62.0,4.0,20.0,9.0,73.0,154.0,217.0,72.0,0.0,0.0,0.0,0.0,0.0,0.0,0.0,0.0,0.0,0.0,0.0,0.0,0.0,0.0,0.0,0.0,0.0,0.0,0.0,0.0,0.0,0.0,0.0,0.0,0.0,0.0,0.0,0.0,0.0,0.0,0.0,0.0,1.0,0.0,2.0,1.0,0.0,0.0,0.0,0.0,2.0,7.0,0.0,1.0,0.0,1.0,8.0,10.0,5.0,5.0,14.0,27.0,19.0,8.0,0.0,0.0,0.0,0.0,0.0,0.0,0.0,0.0,0.0,0.0,0.0,0.0,4.0,0.0,15.0,6.0,0.0,0.0,0.0,0.0,3.0,7.0,0.0,1.0,0.0,1.0,9.0,13.0,5.0,7.0,19.0,37.0,25.0,12.0
100,1.0,100.0,London_56,three,151,453,1092.0,70.0,2.0,103284.0,5.122220723889768,681.0,25.0,0.0,25.0,44.0,0.0,44.0,173.0,54.0,138.0,36.0,142.0,11.0,52.0,4.0,16.0,13.0,67.0,149.0,224.0,83.0,0.0,0.0,0.0,0.0,0.0,0.0,0.0,0.0,0.0,0.0,0.0,0.0,0.0,0.0,0.0,0.0,0.0,0.0,0.0,0.0,0.0,0.0,0.0,0.0,0.0,0.0,0.0,0.0,0.0,0.0,0.0,0.0,0.0,0.0,0.0,0.0,0.0,0.0,0.0,0.0,0.0,0.0,0.0,1.0,0.0,1.0,2.0,0.0,0.0,3.0,5.0,6.0,7.0,2.0,0.0,0.0,0.0,0.0,0.0,0.0,0.0,0.0,0.0,0.0,0.0,0.0,0.0,0.0,0.0,0.0,0.0,0.0,0.0,0.0,0.0,0.0,0.0,3.0,0.0,1.0,2.0,0.0,0.0,5.0,9.0,9.0,11.0,3.0
101,1.0,101.0,London_56,three,151,453,1092.0,70.0,2.0,129558.0,5.456167133990675,739.0,2.0,2.0,0.0,17.0,17.0,0.0,44.0,51.0,147.0,35.0,136.0,11.0,53.0,4.0,16.0,14.0,70.0,151.0,218.0,87.0,0.0,0.0,0.0,0.0,0.0,0.0,0.0,0.0,0.0,0.0,0.0,0.0,0.0,0.0,0.0,0.0,0.0,0.0,0.0,0.0,0.0,0.0,0.0,0.0,0.0,0.0,0.0,0.0,0.0,0.0,0.0,0.0,0.0,0.0,0.0,2.0,0.0,0.0,0.0,0.0,0.0,0.0,0.0,0.0,0.0,0.0,0.0,0.0,0.0,0.0,0.0,0.0,0.0,0.0,0.0,0.0,0.0,0.0,0.0,0.0,0.0,0.0,0.0,0.0,0.0,0.0,0.0,0.0,0.0,4.0,0.0,0.0,0.0,0.0,0.0,0.0,0.0,0.0,0.0,0.0,0.0,0.0,0.0,0.0,0.0,0.0,0.0,0.0
102,1.0,102.0,London_56,three,151,453,1092.0,70.0,2.0,172593.0,6.633150189183652,834.0,110.0,0.0,110.0,189.0,0.0,189.0,17.0,52.0,140.0,37.0,139.0,11.0,53.0,4.0,17.0,10.0,74.0,142.0,227.0,82.0,0.0,0.0,0.0,0.0,0.0,0.0,0.0,0.0,0.0,0.0,0.0,0.0,0.0,0.0,0.0,0.0,0.0,0.0,0.0,0.0,0.0,0.0,0.0,0.0,0.0,0.0,0.0,0.0,0.0,0.0,0.0,0.0,0.0,0.0,0.0,0.0,0.0,0.0,0.0,0.0,3.0,1.0,0.0,3.0,1.0,0.0,9.0,6.0,7.0,12.0,22.0,24.0,23.0,9.0,0.0,0.0,0.0,0.0,0.0,0.0,0.0,0.0,0.0,0.0,0.0,0.0,0.0,0.0,0.0,0.0,0.0,0.0,0.0,0.0,5.0,2.0,0.0,6.0,2.0,0.0,10.0,8.0,8.0,14.0,33.0,36.0,29.0,14.0
103,1.0,103.0,London_56,three,151,453,1092.0,70.0,2.0,160362.0,7.312831720337272,807.0,158.0,0.0,158.0,276.0,0.0,276.0,189.0,52.0,140.0,39.0,137.0,17.0,49.0,7.0,12.0,12.0,86.0,143.0,212.0,86.0,0.0,0.0,0.0,0.0,0.0,0.0,0.0,0.0,0.0,0.0,0.0,0.0,0.0,0.0,0.0,0.0,0.0,0.0,0.0,0.0,0.0,0.0,0.0,0.0,0.0,0.0,0.0,0.0,0.0,0.0,0.0,0.0,0.0,0.0,0.0,0.0,0.0,0.0,0.0,0.0,4.0,7.0,0.0,4.0,0.0,0.0,8.0,8.0,7.0,19.0,36.0,36.0,32.0,11.0,0.0,0.0,0.0,0.0,0.0,0.0,0.0,0.0,0.0,0.0,0.0,0.0,0.0,0.0,0.0,0.0,0.0,0.0,0.0,0.0,5.0,9.0,0.0,7.0,0.0,0.0,10.0,11.0,10.0,26.0,55.0,54.0,43.0,17.0
104,1.0,104.0,London_56,three,151,453,1092.0,70.0,2.0,129558.0,5.49085096269846,739.0,41.0,1.0,40.0,79.0,9.0,70.0,276.0,66.0,136.0,47.0,113.0,20.0,54.0,7.0,10.0,12.0,82.0,150.0,209.0,62.0,0.0,0.0,0.0,0.0,0.0,0.0,0.0,0.0,0.0,0.0,0.0,0.0,0.0,0.0,0.0,0.0,0.0,0.0,0.0,0.0,0.0,0.0,0.0,0.0,0.0,0.0,0.0,0.0,0.0,0.0,0.0,0.0,0.0,0.0,0.0,1.0,0.0,0.0,0.0,0.0,0.0,1.0,0.0,1.0,0.0,1.0,2.0,4.0,0.0,3.0,5.0,7.0,10.0,7.0,0.0,0.0,0.0,0.0,0.0,0.0,0.0,0.0,0.0,0.0,0.0,0.0,0.0,0.0,0.0,1.0,0.0,0.0,0.0,0.0,0.0,1.0,0.0,1.0,0.0,1.0,2.0,4.0,0.0,3.0,7.0,10.0,13.0,10.0
105,1.0,105.0,London_56,three,151,453,1092.0,70.0,2.0,153567.0,5.724870986305177,792.0,54.0,0.0,54.0,99.0,0.0,99.0,79.0,61.0,132.0,54.0,118.0,19.0,50.0,8.0,11.0,5.0,82.0,149.0,217.0,58.0,0.0,0.0,0.0,0.0,0.0,0.0,0.0,0.0,0.0,0.0,0.0,0.0,0.0,0.0,0.0,0.0,0.0,0.0,0.0,0.0,0.0,0.0,0.0,0.0,0.0,0.0,0.0,0.0,0.0,0.0,0.0,0.0,0.0,0.0,0.0,0.0,0.0,0.0,0.0,0.0,0.0,1.0,0.0,1.0,0.0,0.0,3.0,0.0,1.0,3.0,19.0,9.0,12.0,3.0,0.0,0.0,0.0,0.0,0.0,0.0,0.0,0.0,0.0,0.0,0.0,0.0,0.0,0.0,0.0,0.0,0.0,0.0,0.0,0.0,0.0,2.0,0.0,3.0,0.0,0.0,6.0,0.0,1.0,8.0,27.0,13.0,13.0,6.0
106,1.0,106.0,London_56,three,151,453,1092.0,70.0,2.0,165345.0,4.617242312990129,818.0,90.0,0.0,90.0,160.0,0.0,160.0,99.0,64.0,129.0,51.0,114.0,22.0,54.0,9.0,10.0,4.0,82.0,160.0,207.0,62.0,0.0,0.0,0.0,0.0,0.0,0.0,0.0,0.0,0.0,0.0,0.0,0.0,0.0,0.0,0.0,0.0,0.0,0.0,0.0,0.0,0.0,0.0,0.0,0.0,0.0,0.0,0.0,0.0,0.0,0.0,0.0,0.0,0.0,0.0,0.0,0.0,0.0,0.0,0.0,0.0,2.0,0.0,0.0,0.0,0.0,0.0,6.0,3.0,5.0,7.0,16.0,16.0,17.0,8.0,0.0,0.0,0.0,0.0,0.0,0.0,0.0,0.0,0.0,0.0,0.0,0.0,0.0,0.0,0.0,0.0,0.0,0.0,0.0,0.0,2.0,0.0,0.0,0.0,0.0,0.0,6.0,3.0,7.0,11.0,24.0,23.0,23.0,14.0
107,1.0,107.0,London_56,three,151,453,1092.0,70.0,2.0,165798.0,3.945029402617365,819.0,145.0,0.0,145.0,261.0,0.0,261.0,160.0,61.0,135.0,43.0,114.0,22.0,58.0,8.0,12.0,5.0,71.0,168.0,209.0,72.0,0.0,0.0,0.0,0.0,0.0,0.0,0.0,0.0,0.0,0.0,0.0,0.0,0.0,0.0,0.0,0.0,0.0,0.0,0.0,0.0,0.0,0.0,0.0,0.0,0.0,0.0,0.0,0.0,0.0,0.0,0.0,0.0,0.0,0.0,0.0,0.0,0.0,0.0,0.0,0.0,3.0,7.0,2.0,0.0,0.0,1.0,10.0,8.0,2.0,15.0,22.0,36.0,25.0,14.0,0.0,0.0,0.0,0.0,0.0,0.0,0.0,0.0,0.0,0.0,0.0,0.0,0.0,0.0,0.0,0.0,0.0,0.0,0.0,0.0,5.0,8.0,2.0,0.0,0.0,2.0,13.0,14.0,2.0,19.0,36.0,60.0,29.0,27.0
108,1.0,108.0,London_56,three,151,453,1092.0,70.0,2.0,130011.0,2.345333447214216,740.0,52.0,2.0,50.0,110.0,17.0,93.0,261.0,64.0,131.0,44.0,122.0,18.0,55.0,6.0,13.0,14.0,69.0,155.0,215.0,70.0,0.0,0.0,0.0,0.0,0.0,0.0,0.0,0.0,0.0,0.0,0.0,0.0,0.0,0.0,0.0,0.0,0.0,0.0,0.0,0.0,0.0,0.0,0.0,0.0,0.0,0.0,0.0,0.0,0.0,0.0,0.0,0.0,0.0,1.0,0.0,2.0,0.0,0.0,0.0,0.0,1.0,0.0,0.0,0.0,0.0,0.0,1.0,2.0,2.0,7.0,11.0,12.0,10.0,3.0,0.0,0.0,0.0,0.0,0.0,0.0,0.0,0.0,0.0,0.0,0.0,0.0,0.0,6.0,0.0,8.0,0.0,0.0,0.0,0.0,1.0,0.0,0.0,0.0,0.0,0.0,1.0,4.0,2.0,10.0,19.0,21.0,11.0,5.0
109,1.0,109.0,London_56,three,151,453,1092.0,70.0,2.0,140430.0,3.584815190639347,763.0,58.0,2.0,56.0,109.0,20.0,89.0,110.0,65.0,127.0,48.0,129.0,15.0,51.0,6.0,12.0,11.0,74.0,137.0,231.0,67.0,0.0,0.0,0.0,0.0,0.0,0.0,0.0,0.0,0.0,0.0,0.0,0.0,0.0,0.0,0.0,0.0,0.0,0.0,0.0,0.0,0.0,0.0,0.0,0.0,0.0,0.0,0.0,0.0,0.0,0.0,0.0,0.0,2.0,2.0,0.0,2.0,0.0,0.0,0.0,0.0,3.0,2.0,0.0,1.0,0.0,0.0,4.0,3.0,5.0,11.0,10.0,16.0,6.0,5.0,0.0,0.0,0.0,0.0,0.0,0.0,0.0,0.0,0.0,0.0,0.0,0.0,6.0,12.0,0.0,8.0,0.0,0.0,0.0,0.0,3.0,4.0,0.0,1.0,0.0,0.0,6.0,4.0,6.0,14.0,10.0,23.0,7.0,9.0
110,1.0,110.0,London_56,three,151,453,1092.0,70.0,2.0,158097.0,2.8818969037383795,802.0,129.0,2.0,127.0,236.0,18.0,218.0,109.0,61.0,123.0,42.0,133.0,14.0,62.0,7.0,11.0,10.0,78.0,139.0,226.0,69.0,0.0,0.0,0.0,0.0,0.0,0.0,0.0,0.0,0.0,0.0,0.0,0.0,0.0,0.0,0.0,0.0,0.0,0.0,0.0,0.0,0.0,0.0,0.0,0.0,0.0,0.0,0.0,0.0,0.0,0.0,0.0,0.0,0.0,0.0,1.0,0.0,0.0,0.0,0.0,0.0,2.0,0.0,0.0,1.0,0.0,0.0,16.0,9.0,2.0,17.0,27.0,27.0,25.0,8.0,0.0,0.0,0.0,0.0,0.0,0.0,0.0,0.0,0.0,0.0,0.0,0.0,0.0,0.0,8.0,0.0,0.0,0.0,0.0,0.0,2.0,0.0,0.0,1.0,0.0,0.0,22.0,12.0,4.0,23.0,44.0,36.0,38.0,13.0
111,1.0,111.0,London_56,three,151,453,1092.0,70.0,2.0,143148.0,6.13514409493655,769.0,49.0,1.0,48.0,88.0,9.0,79.0,236.0,65.0,125.0,43.0,129.0,15.0,60.0,1.0,15.0,8.0,88.0,138.0,219.0,69.0,0.0,0.0,0.0,0.0,0.0,0.0,0.0,0.0,0.0,0.0,0.0,0.0,0.0,0.0,0.0,0.0,0.0,0.0,0.0,0.0,0.0,0.0,0.0,0.0,0.0,0.0,0.0,0.0,0.0,0.0,0.0,0.0,0.0,0.0,1.0,0.0,1.0,0.0,0.0,0.0,1.0,0.0,0.0,1.0,0.0,0.0,8.0,1.0,0.0,7.0,12.0,11.0,8.0,2.0,0.0,0.0,0.0,0.0,0.0,0.0,0.0,0.0,0.0,0.0,0.0,0.0,0.0,0.0,4.0,0.0,2.0,0.0,0.0,0.0,1.0,0.0,0.0,1.0,0.0,0.0,12.0,1.0,0.0,7.0,18.0,17.0,9.0,2.0
112,1.0,112.0,London_56,three,151,453,1092.0,70.0,2.0,161268.0,5.6499178213998675,809.0,2.0,2.0,0.0,18.0,18.0,0.0,88.0,62.0,129.0,42.0,124.0,15.0,61.0,2.0,18.0,9.0,94.0,141.0,209.0,69.0,0.0,0.0,0.0,0.0,0.0,0.0,0.0,0.0,0.0,0.0,0.0,0.0,0.0,0.0,0.0,0.0,0.0,0.0,0.0,0.0,0.0,0.0,0.0,0.0,0.0,0.0,0.0,0.0,0.0,2.0,0.0,0.0,0.0,0.0,0.0,0.0,0.0,0.0,0.0,0.0,0.0,0.0,0.0,0.0,0.0,0.0,0.0,0.0,0.0,0.0,0.0,0.0,0.0,0.0,0.0,0.0,0.0,0.0,0.0,0.0,0.0,0.0,0.0,9.0,0.0,0.0,0.0,0.0,0.0,0.0,0.0,0.0,0.0,0.0,0.0,0.0,0.0,0.0,0.0,0.0,0.0,0.0,0.0,0.0,0.0,0.0,0.0,0.0
113,1.0,113.0,London_56,three,151,453,1092.0,70.0,2.0,205662.0,7.7148053660057485,907.0,168.0,1.0,167.0,299.0,8.0,291.0,18.0,53.0,130.0,42.0,129.0,15.0,64.0,2.0,18.0,9.0,92.0,141.0,211.0,64.0,0.0,0.0,0.0,0.0,0.0,0.0,0.0,0.0,0.0,0.0,0.0,0.0,0.0,0.0,0.0,0.0,0.0,0.0,0.0,0.0,0.0,0.0,0.0,0.0,0.0,0.0,0.0,0.0,0.0,0.0,0.0,0.0,1.0,0.0,0.0,1.0,0.0,0.0,0.0,0.0,5.0,3.0,1.0,1.0,0.0,0.0,8.0,7.0,4.0,21.0,34.0,43.0,21.0,18.0,0.0,0.0,0.0,0.0,0.0,0.0,0.0,0.0,0.0,0.0,0.0,0.0,1.0,0.0,0.0,5.0,0.0,0.0,0.0,0.0,7.0,5.0,1.0,1.0,0.0,0.0,15.0,8.0,6.0,28.0,52.0,67.0,23.0,31.0
114,1.0,114.0,London_56,three,151,453,1092.0,70.0,2.0,176670.0,6.388968052342534,843.0,128.0,1.0,127.0,214.0,9.0,205.0,299.0,55.0,122.0,41.0,142.0,14.0,58.0,4.0,17.0,13.0,82.0,151.0,207.0,68.0,0.0,0.0,0.0,0.0,0.0,0.0,0.0,0.0,0.0,0.0,0.0,0.0,0.0,0.0,0.0,0.0,0.0,0.0,0.0,0.0,0.0,0.0,0.0,0.0,0.0,0.0,0.0,0.0,0.0,0.0,0.0,0.0,0.0,0.0,1.0,0.0,0.0,0.0,0.0,0.0,3.0,1.0,0.0,0.0,0.0,1.0,8.0,6.0,8.0,9.0,18.0,33.0,17.0,6.0,0.0,0.0,0.0,0.0,0.0,0.0,0.0,0.0,0.0,0.0,0.0,0.0,0.0,0.0,5.0,0.0,0.0,0.0,0.0,0.0,4.0,1.0,0.0,0.0,0.0,1.0,11.0,7.0,8.0,13.0,24.0,47.0,19.0,8.0
115,1.0,115.0,London_56,three,151,453,1092.0,70.0,2.0,158550.0,5.920120934024453,803.0,66.0,0.0,66.0,109.0,0.0,109.0,214.0,46.0,108.0,49.0,154.0,16.0,55.0,3.0,22.0,10.0,79.0,151.0,213.0,78.0,0.0,0.0,0.0,0.0,0.0,0.0,0.0,0.0,0.0,0.0,0.0,0.0,0.0,0.0,0.0,0.0,0.0,0.0,0.0,0.0,0.0,0.0,0.0,0.0,0.0,0.0,0.0,0.0,0.0,0.0,0.0,0.0,0.0,0.0,0.0,0.0,0.0,0.0,0.0,0.0,2.0,2.0,0.0,0.0,0.0,1.0,6.0,3.0,2.0,6.0,14.0,14.0,10.0,5.0,0.0,0.0,0.0,0.0,0.0,0.0,0.0,0.0,0.0,0.0,0.0,0.0,0.0,0.0,0.0,0.0,0.0,0.0,0.0,0.0,3.0,3.0,0.0,0.0,0.0,2.0,6.0,4.0,2.0,6.0,21.0,21.0,11.0,7.0
116,1.0,116.0,London_56,three,151,453,1092.0,70.0,2.0,165798.0,5.972653825301677,819.0,138.0,2.0,136.0,252.0,18.0,234.0,109.0,44.0,109.0,47.0,161.0,17.0,53.0,2.0,20.0,13.0,86.0,147.0,207.0,84.0,0.0,0.0,0.0,0.0,0.0,0.0,0.0,0.0,0.0,0.0,0.0,0.0,0.0,0.0,0.0,0.0,0.0,0.0,0.0,0.0,0.0,0.0,0.0,0.0,0.0,0.0,0.0,0.0,0.0,0.0,0.0,0.0,0.0,1.0,1.0,0.0,0.0,0.0,0.0,0.0,4.0,4.0,1.0,0.0,0.0,0.0,10.0,10.0,8.0,11.0,25.0,38.0,23.0,10.0,0.0,0.0,0.0,0.0,0.0,0.0,0.0,0.0,0.0,0.0,0.0,0.0,0.0,4.0,10.0,0.0,0.0,0.0,0.0,0.0,6.0,6.0,1.0,0.0,0.0,0.0,13.0,13.0,10.0,12.0,39.0,52.0,27.0,14.0
117,1.0,117.0,London_56,three,151,453,1092.0,70.0,2.0,141336.0,4.775681809987873,765.0,69.0,0.0,69.0,120.0,0.0,120.0,252.0,54.0,115.0,47.0,151.0,22.0,40.0,2.0,22.0,13.0,72.0,156.0,212.0,87.0,0.0,0.0,0.0,0.0,0.0,0.0,0.0,0.0,0.0,0.0,0.0,0.0,0.0,0.0,0.0,0.0,0.0,0.0,0.0,0.0,0.0,0.0,0.0,0.0,0.0,0.0,0.0,0.0,0.0,0.0,0.0,0.0,0.0,0.0,0.0,0.0,0.0,0.0,0.0,0.0,0.0,2.0,0.0,2.0,0.0,0.0,2.0,2.0,6.0,4.0,12.0,14.0,15.0,10.0,0.0,0.0,0.0,0.0,0.0,0.0,0.0,0.0,0.0,0.0,0.0,0.0,0.0,0.0,0.0,0.0,0.0,0.0,0.0,0.0,0.0,3.0,0.0,2.0,0.0,0.0,3.0,4.0,6.0,6.0,16.0,19.0,18.0,17.0
118,1.0,118.0,London_56,three,151,453,1092.0,70.0,2.0,149037.0,4.5608455440960824,782.0,23.0,1.0,22.0,48.0,8.0,40.0,120.0,54.0,114.0,51.0,152.0,19.0,38.0,2.0,23.0,13.0,71.0,150.0,219.0,93.0,0.0,0.0,0.0,0.0,0.0,0.0,0.0,0.0,0.0,0.0,0.0,0.0,0.0,0.0,0.0,0.0,0.0,0.0,0.0,0.0,0.0,0.0,0.0,0.0,0.0,0.0,0.0,0.0,0.0,0.0,0.0,0.0,0.0,0.0,1.0,0.0,0.0,0.0,0.0,0.0,1.0,2.0,0.0,0.0,0.0,0.0,1.0,3.0,0.0,1.0,2.0,6.0,9.0,2.0,0.0,0.0,0.0,0.0,0.0,0.0,0.0,0.0,0.0,0.0,0.0,0.0,0.0,0.0,6.0,0.0,0.0,0.0,0.0,0.0,1.0,3.0,0.0,0.0,0.0,0.0,1.0,4.0,0.0,1.0,2.0,10.0,13.0,4.0
119,1.0,119.0,London_56,three,151,453,1092.0,70.0,2.0,173499.0,6.342605832032859,836.0,159.0,1.0,158.0,275.0,8.0,267.0,48.0,59.0,106.0,52.0,152.0,21.0,39.0,2.0,22.0,12.0,77.0,142.0,222.0,92.0,0.0,0.0,0.0,0.0,0.0,0.0,0.0,0.0,0.0,0.0,0.0,0.0,0.0,0.0,0.0,0.0,0.0,0.0,0.0,0.0,0.0,0.0,0.0,0.0,0.0,0.0,0.0,0.0,0.0,0.0,0.0,0.0,0.0,1.0,0.0,0.0,1.0,0.0,0.0,0.0,0.0,13.0,1.0,2.0,0.0,0.0,12.0,5.0,1.0,6.0,31.0,37.0,30.0,11.0,0.0,0.0,0.0,0.0,0.0,0.0,0.0,0.0,0.0,0.0,0.0,0.0,0.0,7.0,0.0,0.0,5.0,0.0,0.0,0.0,0.0,21.0,1.0,4.0,0.0,0.0,17.0,7.0,3.0,6.0,43.0,54.0,39.0,21.0
120,1.0,120.0,London_56,three,151,453,1092.0,70.0,2.0,142242.0,4.947382397949696,767.0,44.0,0.0,44.0,72.0,0.0,72.0,275.0,61.0,123.0,44.0,139.0,12.0,47.0,3.0,24.0,14.0,73.0,170.0,196.0,84.0,0.0,0.0,0.0,0.0,0.0,0.0,0.0,0.0,0.0,0.0,0.0,0.0,0.0,0.0,0.0,0.0,0.0,0.0,0.0,0.0,0.0,0.0,0.0,0.0,0.0,0.0,0.0,0.0,0.0,0.0,0.0,0.0,0.0,0.0,0.0,0.0,0.0,0.0,0.0,0.0,0.0,0.0,0.0,0.0,0.0,0.0,3.0,3.0,2.0,1.0,11.0,13.0,9.0,3.0,0.0,0.0,0.0,0.0,0.0,0.0,0.0,0.0,0.0,0.0,0.0,0.0,0.0,0.0,0.0,0.0,0.0,0.0,0.0,0.0,0.0,0.0,0.0,0.0,0.0,0.0,4.0,4.0,2.0,1.0,15.0,20.0,12.0,4.0
121,1.0,121.0,London_56,three,151,453,1092.0,70.0,2.0,169875.0,5.750327446963638,828.0,115.0,2.0,113.0,228.0,18.0,210.0,72.0,54.0,118.0,45.0,144.0,12.0,49.0,3.0,28.0,14.0,69.0,170.0,200.0,81.0,0.0,0.0,0.0,0.0,0.0,0.0,0.0,0.0,0.0,0.0,0.0,0.0,0.0,0.0,0.0,0.0,0.0,0.0,0.0,0.0,0.0,0.0,0.0,0.0,0.0,0.0,0.0,0.0,0.0,0.0,0.0,0.0,0.0,1.0,1.0,0.0,0.0,0.0,0.0,0.0,1.0,4.0,0.0,3.0,0.0,1.0,9.0,10.0,8.0,10.0,19.0,30.0,24.0,18.0,0.0,0.0,0.0,0.0,0.0,0.0,0.0,0.0,0.0,0.0,0.0,0.0,0.0,9.0,5.0,0.0,0.0,0.0,0.0,0.0,1.0,6.0,0.0,3.0,0.0,1.0,10.0,13.0,10.0,13.0,28.0,42.0,32.0,27.0
122,1.0,122.0,London_56,three,151,453,1092.0,70.0,2.0,150849.0,2.5649416190572083,786.0,70.0,2.0,68.0,134.0,16.0,118.0,228.0,61.0,128.0,44.0,138.0,13.0,37.0,5.0,27.0,14.0,67.0,154.0,218.0,75.0,0.0,0.0,0.0,0.0,0.0,0.0,0.0,0.0,0.0,0.0,0.0,0.0,0.0,0.0,0.0,0.0,0.0,0.0,0.0,0.0,0.0,0.0,0.0,0.0,0.0,0.0,0.0,0.0,0.0,0.0,0.0,0.0,1.0,1.0,1.0,1.0,0.0,0.0,0.0,0.0,0.0,1.0,0.0,1.0,0.0,0.0,7.0,3.0,2.0,3.0,15.0,27.0,12.0,5.0,0.0,0.0,0.0,0.0,0.0,0.0,0.0,0.0,0.0,0.0,0.0,0.0,1.0,8.0,7.0,5.0,0.0,0.0,0.0,0.0,0.0,1.0,0.0,2.0,0.0,0.0,11.0,6.0,3.0,3.0,21.0,41.0,17.0,11.0
123,1.0,123.0,London_56,three,151,453,1092.0,70.0,2.0,150396.0,6.625666332896799,785.0,159.0,2.0,157.0,290.0,20.0,270.0,134.0,58.0,127.0,42.0,135.0,11.0,49.0,6.0,25.0,15.0,69.0,135.0,234.0,79.0,0.0,0.0,0.0,0.0,0.0,0.0,0.0,0.0,0.0,0.0,0.0,0.0,0.0,0.0,0.0,0.0,0.0,0.0,0.0,0.0,0.0,0.0,0.0,0.0,0.0,0.0,0.0,0.0,0.0,1.0,0.0,0.0,0.0,1.0,0.0,2.0,0.0,0.0,0.0,0.0,1.0,12.0,0.0,3.0,0.0,1.0,9.0,10.0,8.0,12.0,23.0,34.0,22.0,10.0,0.0,0.0,0.0,0.0,0.0,0.0,0.0,0.0,0.0,8.0,0.0,0.0,0.0,9.0,0.0,5.0,0.0,0.0,0.0,0.0,1.0,19.0,0.0,3.0,0.0,2.0,10.0,15.0,9.0,17.0,33.0,46.0,29.0,14.0
124,1.0,124.0,London_56,three,151,453,1092.0,70.0,2.0,105096.0,4.737674861680716,685.0,30.0,0.0,30.0,63.0,0.0,63.0,290.0,63.0,119.0,47.0,129.0,16.0,50.0,5.0,24.0,12.0,76.0,154.0,211.0,71.0,0.0,0.0,0.0,0.0,0.0,0.0,0.0,0.0,0.0,0.0,0.0,0.0,0.0,0.0,0.0,0.0,0.0,0.0,0.0,0.0,0.0,0.0,0.0,0.0,0.0,0.0,0.0,0.0,0.0,0.0,0.0,0.0,0.0,0.0,0.0,0.0,0.0,0.0,0.0,0.0,0.0,0.0,0.0,0.0,0.0,0.0,1.0,1.0,0.0,2.0,9.0,10.0,9.0,2.0,0.0,0.0,0.0,0.0,0.0,0.0,0.0,0.0,0.0,0.0,0.0,0.0,0.0,0.0,0.0,0.0,0.0,0.0,0.0,0.0,0.0,0.0,0.0,0.0,0.0,0.0,1.0,2.0,0.0,3.0,15.0,15.0,12.0,3.0
125,1.0,125.0,London_56,three,151,453,1092.0,70.0,2.0,124575.0,2.694876414258033,728.0,0.0,0.0,0.0,0.0,0.0,0.0,63.0,63.0,113.0,49.0,126.0,18.0,55.0,5.0,24.0,14.0,81.0,160.0,198.0,77.0,0.0,0.0,0.0,0.0,0.0,0.0,0.0,0.0,0.0,0.0,0.0,0.0,0.0,0.0,0.0,0.0,0.0,0.0,0.0,0.0,0.0,0.0,0.0,0.0,0.0,0.0,0.0,0.0,0.0,0.0,0.0,0.0,0.0,0.0,0.0,0.0,0.0,0.0,0.0,0.0,0.0,0.0,0.0,0.0,0.0,0.0,0.0,0.0,0.0,0.0,0.0,0.0,0.0,0.0,0.0,0.0,0.0,0.0,0.0,0.0,0.0,0.0,0.0,0.0,0.0,0.0,0.0,0.0,0.0,0.0,0.0,0.0,0.0,0.0,0.0,0.0,0.0,0.0,0.0,0.0,0.0,0.0,0.0,0.0,0.0,0.0,0.0,0.0
126,1.0,126.0,London_56,three,151,453,1092.0,70.0,2.0,164892.0,7.435293959919363,817.0,155.0,2.0,153.0,280.0,19.0,261.0,0.0,63.0,113.0,49.0,126.0,18.0,55.0,5.0,24.0,14.0,81.0,160.0,198.0,77.0,0.0,0.0,0.0,0.0,0.0,0.0,0.0,0.0,0.0,0.0,0.0,0.0,0.0,0.0,0.0,0.0,0.0,0.0,0.0,0.0,0.0,0.0,0.0,0.0,0.0,0.0,0.0,0.0,0.0,0.0,0.0,0.0,0.0,1.0,0.0,0.0,0.0,0.0,0.0,0.0,3.0,2.0,0.0,2.0,1.0,0.0,8.0,7.0,6.0,12.0,33.0,33.0,16.0,9.0,0.0,0.0,0.0,0.0,0.0,0.0,0.0,0.0,0.0,0.0,0.0,0.0,0.0,6.0,0.0,0.0,0.0,0.0,0.0,0.0,4.0,2.0,0.0,3.0,1.0,0.0,12.0,11.0,9.0,14.0,44.0,53.0,19.0,13.0
127,1.0,127.0,London_56,three,151,453,1092.0,70.0,2.0,122310.0,5.263599040918052,723.0,68.0,0.0,68.0,117.0,0.0,117.0,280.0,63.0,120.0,49.0,120.0,21.0,52.0,0.0,28.0,8.0,67.0,169.0,209.0,70.0,0.0,0.0,0.0,0.0,0.0,0.0,0.0,0.0,0.0,0.0,0.0,0.0,0.0,0.0,0.0,0.0,0.0,0.0,0.0,0.0,0.0,0.0,0.0,0.0,0.0,0.0,0.0,0.0,0.0,0.0,0.0,0.0,0.0,0.0,0.0,0.0,0.0,0.0,0.0,0.0,0.0,2.0,1.0,0.0,0.0,0.0,3.0,9.0,1.0,1.0,13.0,18.0,12.0,3.0,0.0,0.0,0.0,0.0,0.0,0.0,0.0,0.0,0.0,0.0,0.0,0.0,0.0,0.0,0.0,0.0,0.0,0.0,0.0,0.0,0.0,2.0,2.0,0.0,0.0,0.0,5.0,15.0,1.0,2.0,17.0,26.0,15.0,4.0
128,1.0,128.0,London_56,three,151,453,1092.0,70.0,2.0,123216.0,5.137751638889313,725.0,89.0,1.0,88.0,163.0,11.0,152.0,117.0,56.0,133.0,44.0,125.0,21.0,46.0,1.0,27.0,11.0,73.0,166.0,203.0,76.0,0.0,0.0,0.0,0.0,0.0,0.0,0.0,0.0,0.0,0.0,0.0,0.0,0.0,0.0,0.0,0.0,0.0,0.0,0.0,0.0,0.0,0.0,0.0,0.0,0.0,0.0,0.0,0.0,0.0,0.0,0.0,0.0,1.0,1.0,0.0,1.0,0.0,0.0,0.0,0.0,1.0,7.0,1.0,2.0,0.0,0.0,4.0,1.0,1.0,3.0,19.0,13.0,18.0,5.0,0.0,0.0,0.0,0.0,0.0,0.0,0.0,0.0,0.0,0.0,0.0,0.0,5.0,11.0,0.0,7.0,0.0,0.0,0.0,0.0,1.0,10.0,1.0,3.0,0.0,0.0,4.0,1.0,1.0,4.0,29.0,18.0,23.0,7.0
129,1.0,129.0,London_56,three,151,453,1092.0,70.0,2.0,109626.0,5.686780629213899,695.0,39.0,0.0,39.0,66.0,0.0,66.0,163.0,60.0,143.0,44.0,128.0,15.0,37.0,2.0,24.0,10.0,76.0,155.0,212.0,94.0,0.0,0.0,0.0,0.0,0.0,0.0,0.0,0.0,0.0,0.0,0.0,0.0,0.0,0.0,0.0,0.0,0.0,0.0,0.0,0.0,0.0,0.0,0.0,0.0,0.0,0.0,0.0,0.0,0.0,0.0,0.0,0.0,0.0,0.0,0.0,0.0,0.0,0.0,0.0,0.0,1.0,1.0,0.0,0.0,0.0,0.0,2.0,4.0,1.0,1.0,3.0,9.0,6.0,5.0,0.0,0.0,0.0,0.0,0.0,0.0,0.0,0.0,0.0,0.0,0.0,0.0,0.0,0.0,0.0,0.0,0.0,0.0,0.0,0.0,1.0,2.0,0.0,0.0,0.0,0.0,2.0,5.0,1.0,1.0,3.0,13.0,8.0,7.0
130,1.0,130.0,London_56,three,151,453,1092.0,70.0,2.0,126840.0,6.423816497903317,733.0,88.0,0.0,88.0,150.0,0.0,150.0,66.0,57.0,140.0,41.0,135.0,13.0,40.0,2.0,25.0,12.0,73.0,144.0,224.0,96.0,0.0,0.0,0.0,0.0,0.0,0.0,0.0,0.0,0.0,0.0,0.0,0.0,0.0,0.0,0.0,0.0,0.0,0.0,0.0,0.0,0.0,0.0,0.0,0.0,0.0,0.0,0.0,0.0,0.0,0.0,0.0,0.0,0.0,0.0,0.0,0.0,0.0,0.0,0.0,0.0,1.0,7.0,0.0,1.0,0.0,1.0,4.0,6.0,4.0,5.0,15.0,20.0,22.0,12.0,0.0,0.0,0.0,0.0,0.0,0.0,0.0,0.0,0.0,0.0,0.0,0.0,0.0,0.0,0.0,0.0,0.0,0.0,0.0,0.0,1.0,11.0,0.0,2.0,0.0,2.0,4.0,7.0,4.0,6.0,22.0,30.0,31.0,17.0
131,1.0,131.0,London_56,three,151,453,1092.0,70.0,2.0,115515.0,4.215182240121067,708.0,12.0,2.0,10.0,35.0,18.0,17.0,150.0,75.0,129.0,37.0,136.0,13.0,40.0,4.0,19.0,14.0,62.0,159.0,218.0,102.0,0.0,0.0,0.0,0.0,0.0,0.0,0.0,0.0,0.0,0.0,0.0,0.0,0.0,0.0,0.0,0.0,0.0,0.0,0.0,0.0,0.0,0.0,0.0,0.0,0.0,0.0,0.0,0.0,0.0,0.0,0.0,0.0,0.0,1.0,1.0,0.0,0.0,0.0,0.0,0.0,0.0,0.0,0.0,0.0,0.0,0.0,1.0,2.0,0.0,1.0,2.0,0.0,4.0,0.0,0.0,0.0,0.0,0.0,0.0,0.0,0.0,0.0,0.0,0.0,0.0,0.0,0.0,4.0,9.0,0.0,0.0,0.0,0.0,0.0,0.0,0.0,0.0,0.0,0.0,0.0,1.0,4.0,0.0,1.0,4.0,0.0,4.0,0.0
132,1.0,132.0,London_56,three,151,453,1092.0,70.0,2.0,144054.0,7.538477028720081,771.0,139.0,1.0,138.0,247.0,10.0,237.0,35.0,81.0,124.0,37.0,141.0,15.0,34.0,4.0,17.0,14.0,66.0,148.0,225.0,101.0,0.0,0.0,0.0,0.0,0.0,0.0,0.0,0.0,0.0,0.0,0.0,0.0,0.0,0.0,0.0,0.0,0.0,0.0,0.0,0.0,0.0,0.0,0.0,0.0,0.0,0.0,0.0,0.0,0.0,0.0,0.0,0.0,0.0,0.0,0.0,0.0,1.0,0.0,0.0,0.0,0.0,12.0,3.0,1.0,1.0,0.0,8.0,9.0,1.0,6.0,23.0,26.0,26.0,7.0,0.0,0.0,0.0,0.0,0.0,0.0,0.0,0.0,0.0,0.0,0.0,0.0,0.0,0.0,0.0,0.0,5.0,0.0,0.0,0.0,0.0,18.0,3.0,1.0,1.0,0.0,9.0,12.0,1.0,8.0,33.0,36.0,35.0,11.0
133,1.0,133.0,London_56,three,151,453,1092.0,70.0,2.0,120045.0,4.8310686950571835,718.0,0.0,0.0,0.0,0.0,0.0,0.0,247.0,81.0,130.0,32.0,124.0,17.0,51.0,4.0,14.0,16.0,86.0,153.0,198.0,82.0,0.0,0.0,0.0,0.0,0.0,0.0,0.0,0.0,0.0,0.0,0.0,0.0,0.0,0.0,0.0,0.0,0.0,0.0,0.0,0.0,0.0,0.0,0.0,0.0,0.0,0.0,0.0,0.0,0.0,0.0,0.0,0.0,0.0,0.0,0.0,0.0,0.0,0.0,0.0,0.0,0.0,0.0,0.0,0.0,0.0,0.0,0.0,0.0,0.0,0.0,0.0,0.0,0.0,0.0,0.0,0.0,0.0,0.0,0.0,0.0,0.0,0.0,0.0,0.0,0.0,0.0,0.0,0.0,0.0,0.0,0.0,0.0,0.0,0.0,0.0,0.0,0.0,0.0,0.0,0.0,0.0,0.0,0.0,0.0,0.0,0.0,0.0,0.0
134,1.0,134.0,London_56,three,151,453,1092.0,70.0,2.0,151302.0,5.972863299772143,787.0,70.0,0.0,70.0,131.0,0.0,131.0,0.0,81.0,130.0,32.0,124.0,17.0,51.0,4.0,14.0,16.0,86.0,153.0,198.0,82.0,0.0,0.0,0.0,0.0,0.0,0.0,0.0,0.0,0.0,0.0,0.0,0.0,0.0,0.0,0.0,0.0,0.0,0.0,0.0,0.0,0.0,0.0,0.0,0.0,0.0,0.0,0.0,0.0,0.0,0.0,0.0,0.0,0.0,0.0,0.0,0.0,0.0,0.0,0.0,0.0,3.0,1.0,0.0,0.0,0.0,0.0,8.0,2.0,5.0,5.0,14.0,13.0,18.0,3.0,0.0,0.0,0.0,0.0,0.0,0.0,0.0,0.0,0.0,0.0,0.0,0.0,0.0,0.0,0.0,0.0,0.0,0.0,0.0,0.0,4.0,1.0,0.0,0.0,0.0,0.0,12.0,5.0,8.0,8.0,21.0,26.0,23.0,4.0
135,1.0,135.0,London_56,three,151,453,1092.0,70.0,2.0,163080.0,2.619089679326862,813.0,94.0,2.0,92.0,181.0,16.0,165.0,131.0,82.0,127.0,39.0,127.0,17.0,47.0,2.0,12.0,15.0,91.0,145.0,202.0,80.0,0.0,0.0,0.0,0.0,0.0,0.0,0.0,0.0,0.0,0.0,0.0,0.0,0.0,0.0,0.0,0.0,0.0,0.0,0.0,0.0,0.0,0.0,0.0,0.0,0.0,0.0,0.0,0.0,0.0,0.0,0.0,0.0,0.0,0.0,0.0,0.0,0.0,0.0,0.0,0.0,1.0,9.0,0.0,1.0,0.0,0.0,8.0,7.0,1.0,11.0,21.0,21.0,26.0,6.0,0.0,0.0,0.0,0.0,0.0,0.0,0.0,0.0,0.0,0.0,0.0,0.0,0.0,0.0,0.0,0.0,0.0,0.0,0.0,0.0,1.0,12.0,0.0,1.0,0.0,0.0,11.0,10.0,1.0,14.0,36.0,38.0,31.0,8.0
136,1.0,136.0,London_56,three,151,453,1092.0,70.0,2.0,159909.0,4.549735447857529,806.0,120.0,2.0,118.0,218.0,18.0,200.0,181.0,67.0,131.0,52.0,127.0,16.0,43.0,3.0,14.0,15.0,84.0,145.0,209.0,73.0,0.0,0.0,0.0,0.0,0.0,0.0,0.0,0.0,0.0,0.0,0.0,0.0,0.0,0.0,0.0,0.0,0.0,0.0,0.0,0.0,0.0,0.0,0.0,0.0,0.0,0.0,0.0,0.0,0.0,0.0,0.0,0.0,0.0,1.0,0.0,0.0,1.0,0.0,0.0,0.0,3.0,8.0,0.0,1.0,0.0,0.0,6.0,3.0,2.0,5.0,18.0,23.0,22.0,7.0,0.0,0.0,0.0,0.0,0.0,0.0,0.0,0.0,0.0,0.0,0.0,0.0,0.0,7.0,0.0,0.0,5.0,0.0,0.0,0.0,3.0,11.0,0.0,1.0,0.0,0.0,6.0,3.0,4.0,8.0,24.0,34.0,24.0,9.0
137,1.0,137.0,London_56,three,151,453,1092.0,70.0,2.0,142242.0,1.679422402754426,767.0,79.0,1.0,78.0,147.0,10.0,137.0,218.0,63.0,135.0,56.0,123.0,18.0,41.0,4.0,13.0,13.0,83.0,139.0,218.0,79.0,0.0,0.0,0.0,0.0,0.0,0.0,0.0,0.0,0.0,0.0,0.0,0.0,0.0,0.0,0.0,0.0,0.0,0.0,0.0,0.0,0.0,0.0,0.0,0.0,0.0,0.0,0.0,0.0,0.0,0.0,0.0,0.0,0.0,0.0,1.0,0.0,0.0,0.0,0.0,0.0,0.0,3.0,0.0,0.0,0.0,1.0,8.0,6.0,2.0,10.0,15.0,20.0,19.0,5.0,0.0,0.0,0.0,0.0,0.0,0.0,0.0,0.0,0.0,0.0,0.0,0.0,0.0,0.0,7.0,0.0,0.0,0.0,0.0,0.0,0.0,3.0,0.0,0.0,0.0,2.0,8.0,8.0,2.0,16.0,22.0,28.0,32.0,5.0
138,1.0,138.0,London_56,three,151,453,1092.0,70.0,2.0,148131.0,7.894160750787705,780.0,63.0,0.0,63.0,112.0,0.0,112.0,147.0,68.0,138.0,51.0,127.0,14.0,40.0,5.0,10.0,10.0,82.0,153.0,208.0,73.0,0.0,0.0,0.0,0.0,0.0,0.0,0.0,0.0,0.0,0.0,0.0,0.0,0.0,0.0,0.0,0.0,0.0,0.0,0.0,0.0,0.0,0.0,0.0,0.0,0.0,0.0,0.0,0.0,0.0,0.0,0.0,0.0,0.0,0.0,0.0,0.0,0.0,0.0,0.0,0.0,0.0,5.0,0.0,1.0,1.0,0.0,9.0,6.0,3.0,3.0,14.0,16.0,10.0,3.0,0.0,0.0,0.0,0.0,0.0,0.0,0.0,0.0,0.0,0.0,0.0,0.0,0.0,0.0,0.0,0.0,0.0,0.0,0.0,0.0,0.0,9.0,0.0,2.0,1.0,0.0,11.0,9.0,4.0,5.0,21.0,23.0,14.0,4.0
139,1.0,139.0,London_56,three,151,453,1092.0,70.0,2.0,165345.0,7.901238392107189,818.0,149.0,2.0,147.0,272.0,18.0,254.0,112.0,73.0,135.0,54.0,125.0,14.0,38.0,4.0,10.0,7.0,81.0,164.0,201.0,72.0,0.0,0.0,0.0,0.0,0.0,0.0,0.0,0.0,0.0,0.0,0.0,0.0,0.0,0.0,0.0,0.0,0.0,0.0,0.0,0.0,0.0,0.0,0.0,0.0,0.0,0.0,0.0,0.0,0.0,0.0,0.0,0.0,1.0,0.0,0.0,1.0,0.0,0.0,0.0,0.0,1.0,14.0,0.0,6.0,0.0,0.0,5.0,6.0,8.0,7.0,22.0,37.0,17.0,13.0,0.0,0.0,0.0,0.0,0.0,0.0,0.0,0.0,0.0,0.0,0.0,0.0,3.0,0.0,0.0,3.0,0.0,0.0,0.0,0.0,2.0,18.0,0.0,10.0,0.0,0.0,8.0,7.0,10.0,11.0,33.0,51.0,22.0,18.0
140,1.0,140.0,London_56,three,151,453,1092.0,70.0,2.0,132729.0,6.033498620148748,746.0,71.0,2.0,69.0,139.0,19.0,120.0,272.0,60.0,133.0,51.0,138.0,16.0,40.0,4.0,11.0,5.0,86.0,144.0,218.0,88.0,0.0,0.0,0.0,0.0,0.0,0.0,0.0,0.0,0.0,0.0,0.0,0.0,0.0,0.0,0.0,0.0,0.0,0.0,0.0,0.0,0.0,0.0,0.0,0.0,0.0,0.0,0.0,0.0,0.0,0.0,0.0,0.0,1.0,2.0,0.0,1.0,0.0,0.0,0.0,0.0,2.0,2.0,0.0,0.0,0.0,0.0,6.0,4.0,1.0,1.0,15.0,10.0,14.0,6.0,0.0,0.0,0.0,0.0,0.0,0.0,0.0,0.0,0.0,0.0,0.0,0.0,5.0,11.0,0.0,2.0,0.0,0.0,0.0,0.0,2.0,2.0,0.0,0.0,0.0,0.0,9.0,5.0,1.0,2.0,22.0,16.0,19.0,11.0
141,1.0,141.0,London_56,three,151,453,1092.0,70.0,2.0,137712.0,5.1496667908504605,757.0,5.0,2.0,3.0,26.0,20.0,6.0,139.0,58.0,130.0,49.0,140.0,17.0,47.0,2.0,10.0,5.0,87.0,133.0,228.0,85.0,0.0,0.0,0.0,0.0,0.0,0.0,0.0,0.0,0.0,0.0,0.0,0.0,0.0,0.0,0.0,0.0,0.0,0.0,0.0,0.0,0.0,0.0,0.0,0.0,0.0,0.0,0.0,0.0,0.0,0.0,0.0,0.0,1.0,0.0,2.0,2.0,0.0,0.0,0.0,0.0,0.0,0.0,0.0,0.0,0.0,0.0,0.0,0.0,1.0,0.0,1.0,0.0,0.0,0.0,0.0,0.0,0.0,0.0,0.0,0.0,0.0,0.0,0.0,0.0,0.0,0.0,7.0,0.0,19.0,4.0,0.0,0.0,0.0,0.0,0.0,0.0,0.0,0.0,0.0,0.0,0.0,0.0,2.0,0.0,1.0,0.0,0.0,0.0
142,1.0,142.0,London_56,three,151,453,1092.0,70.0,2.0,172593.0,6.4095481731928885,834.0,59.0,0.0,59.0,100.0,0.0,100.0,26.0,58.0,137.0,37.0,143.0,18.0,46.0,3.0,11.0,4.0,86.0,122.0,241.0,78.0,0.0,0.0,0.0,0.0,0.0,0.0,0.0,0.0,0.0,0.0,0.0,0.0,0.0,0.0,0.0,0.0,0.0,0.0,0.0,0.0,0.0,0.0,0.0,0.0,0.0,0.0,0.0,0.0,0.0,0.0,0.0,0.0,0.0,0.0,0.0,0.0,0.0,0.0,0.0,0.0,0.0,1.0,0.0,0.0,0.0,1.0,7.0,4.0,3.0,5.0,11.0,20.0,11.0,4.0,0.0,0.0,0.0,0.0,0.0,0.0,0.0,0.0,0.0,0.0,0.0,0.0,0.0,0.0,0.0,0.0,0.0,0.0,0.0,0.0,0.0,2.0,0.0,0.0,0.0,3.0,11.0,5.0,3.0,7.0,17.0,30.0,16.0,8.0
143,1.0,143.0,London_56,three,151,453,1092.0,70.0,2.0,197508.0,7.266905601136386,889.0,123.0,2.0,121.0,214.0,17.0,197.0,100.0,62.0,131.0,33.0,139.0,21.0,50.0,3.0,14.0,5.0,87.0,124.0,237.0,81.0,0.0,0.0,0.0,0.0,0.0,0.0,0.0,0.0,0.0,0.0,0.0,0.0,0.0,0.0,0.0,0.0,0.0,0.0,0.0,0.0,0.0,0.0,0.0,0.0,0.0,0.0,0.0,0.0,0.0,0.0,0.0,0.0,1.0,0.0,0.0,2.0,0.0,0.0,0.0,0.0,4.0,0.0,0.0,3.0,0.0,0.0,12.0,3.0,8.0,8.0,26.0,24.0,27.0,11.0,0.0,0.0,0.0,0.0,0.0,0.0,0.0,0.0,0.0,0.0,0.0,0.0,7.0,0.0,0.0,6.0,0.0,0.0,0.0,0.0,5.0,0.0,0.0,5.0,0.0,0.0,14.0,4.0,10.0,11.0,39.0,31.0,35.0,16.0
144,1.0,144.0,London_56,three,151,453,1092.0,70.0,2.0,192525.0,7.303143212106079,878.0,147.0,0.0,147.0,264.0,0.0,264.0,214.0,67.0,131.0,38.0,125.0,20.0,52.0,3.0,17.0,7.0,96.0,120.0,230.0,78.0,0.0,0.0,0.0,0.0,0.0,0.0,0.0,0.0,0.0,0.0,0.0,0.0,0.0,0.0,0.0,0.0,0.0,0.0,0.0,0.0,0.0,0.0,0.0,0.0,0.0,0.0,0.0,0.0,0.0,0.0,0.0,0.0,0.0,0.0,0.0,0.0,0.0,0.0,0.0,0.0,1.0,1.0,0.0,2.0,1.0,1.0,5.0,3.0,7.0,21.0,34.0,30.0,22.0,8.0,0.0,0.0,0.0,0.0,0.0,0.0,0.0,0.0,0.0,0.0,0.0,0.0,0.0,0.0,0.0,0.0,0.0,0.0,0.0,0.0,2.0,1.0,0.0,5.0,1.0,1.0,5.0,5.0,8.0,26.0,57.0,52.0,30.0,12.0
145,1.0,145.0,London_56,three,151,453,1092.0,70.0,2.0,167610.0,7.342703007161617,823.0,167.0,0.0,167.0,289.0,0.0,289.0,264.0,69.0,139.0,48.0,116.0,19.0,44.0,5.0,13.0,11.0,77.0,139.0,226.0,72.0,0.0,0.0,0.0,0.0,0.0,0.0,0.0,0.0,0.0,0.0,0.0,0.0,0.0,0.0,0.0,0.0,0.0,0.0,0.0,0.0,0.0,0.0,0.0,0.0,0.0,0.0,0.0,0.0,0.0,0.0,0.0,0.0,0.0,0.0,0.0,0.0,0.0,0.0,0.0,0.0,8.0,5.0,0.0,4.0,0.0,0.0,6.0,12.0,8.0,5.0,36.0,44.0,21.0,14.0,0.0,0.0,0.0,0.0,0.0,0.0,0.0,0.0,0.0,0.0,0.0,0.0,0.0,0.0,0.0,0.0,0.0,0.0,0.0,0.0,8.0,5.0,0.0,6.0,0.0,0.0,6.0,16.0,11.0,8.0,51.0,65.0,22.0,20.0
146,1.0,146.0,London_56,three,151,453,1092.0,70.0,2.0,134994.0,2.2937031206674874,751.0,15.0,1.0,14.0,32.0,9.0,23.0,289.0,72.0,149.0,41.0,124.0,18.0,35.0,6.0,8.0,12.0,77.0,149.0,215.0,78.0,0.0,0.0,0.0,0.0,0.0,0.0,0.0,0.0,0.0,0.0,0.0,0.0,0.0,0.0,0.0,0.0,0.0,0.0,0.0,0.0,0.0,0.0,0.0,0.0,0.0,0.0,0.0,0.0,0.0,0.0,0.0,0.0,0.0,0.0,0.0,0.0,0.0,0.0,0.0,0.0,0.0,0.0,0.0,0.0,0.0,0.0,0.0,0.0,0.0,1.0,1.0,4.0,1.0,2.0,0.0,0.0,0.0,0.0,0.0,0.0,0.0,0.0,0.0,0.0,0.0,0.0,0.0,0.0,0.0,0.0,0.0,0.0,0.0,0.0,0.0,0.0,0.0,0.0,0.0,0.0,0.0,0.0,0.0,1.0,1.0,4.0,1.0,3.0
147,1.0,147.0,London_56,three,151,453,1092.0,70.0,2.0,171687.0,5.223699487280101,832.0,1.0,0.0,1.0,2.0,0.0,2.0,32.0,72.0,137.0,43.0,129.0,19.0,39.0,6.0,8.0,8.0,81.0,141.0,223.0,75.0,0.0,0.0,0.0,0.0,0.0,0.0,0.0,0.0,0.0,0.0,0.0,0.0,0.0,0.0,0.0,0.0,0.0,0.0,0.0,0.0,0.0,0.0,0.0,0.0,0.0,0.0,0.0,0.0,0.0,0.0,0.0,0.0,0.0,0.0,0.0,0.0,0.0,0.0,0.0,0.0,0.0,0.0,0.0,0.0,0.0,0.0,0.0,0.0,0.0,0.0,0.0,0.0,0.0,0.0,0.0,0.0,0.0,0.0,0.0,0.0,0.0,0.0,0.0,0.0,0.0,0.0,0.0,0.0,0.0,0.0,0.0,0.0,0.0,0.0,0.0,0.0,0.0,0.0,0.0,0.0,0.0,0.0,0.0,0.0,0.0,0.0,0.0,0.0
148,1.0,148.0,London_56,three,151,453,1092.0,70.0,2.0,211098.0,6.9927199790254235,919.0,178.0,0.0,178.0,316.0,0.0,316.0,2.0,72.0,136.0,43.0,130.0,19.0,39.0,6.0,8.0,8.0,81.0,139.0,225.0,75.0,0.0,0.0,0.0,0.0,0.0,0.0,0.0,0.0,0.0,0.0,0.0,0.0,0.0,0.0,0.0,0.0,0.0,0.0,0.0,0.0,0.0,0.0,0.0,0.0,0.0,0.0,0.0,0.0,0.0,0.0,0.0,0.0,0.0,0.0,0.0,0.0,0.0,0.0,0.0,0.0,4.0,19.0,0.0,0.0,0.0,1.0,15.0,7.0,17.0,7.0,28.0,42.0,22.0,17.0,0.0,0.0,0.0,0.0,0.0,0.0,0.0,0.0,0.0,0.0,0.0,0.0,0.0,0.0,0.0,0.0,0.0,0.0,0.0,0.0,4.0,29.0,0.0,0.0,0.0,2.0,20.0,10.0,25.0,11.0,42.0,62.0,31.0,34.0
149,1.0,149.0,London_56,three,151,453,1092.0,70.0,2.0,167610.0,5.869607059285045,823.0,100.0,0.0,100.0,164.0,0.0,164.0,316.0,63.0,141.0,52.0,123.0,20.0,43.0,2.0,9.0,11.0,75.0,142.0,225.0,85.0,0.0,0.0,0.0,0.0,0.0,0.0,0.0,0.0,0.0,0.0,0.0,0.0,0.0,0.0,0.0,0.0,0.0,0.0,0.0,0.0,0.0,0.0,0.0,0.0,0.0,0.0,0.0,0.0,0.0,0.0,0.0,0.0,0.0,0.0,0.0,0.0,0.0,0.0,0.0,0.0,0.0,1.0,0.0,1.0,0.0,0.0,8.0,8.0,3.0,9.0,20.0,27.0,15.0,10.0,0.0,0.0,0.0,0.0,0.0,0.0,0.0,0.0,0.0,0.0,0.0,0.0,0.0,0.0,0.0,0.0,0.0,0.0,0.0,0.0,0.0,2.0,0.0,1.0,0.0,0.0,8.0,10.0,3.0,13.0,27.0,36.0,19.0,18.0
150,1.0,150.0,London_56,three,151,453,1092.0,70.0,2.0,159003.0,5.747495014686137,804.0,112.0,2.0,110.0,202.0,17.0,185.0,164.0,72.0,134.0,53.0,122.0,17.0,40.0,4.0,11.0,9.0,77.0,158.0,209.0,83.0,0.0,0.0,0.0,0.0,0.0,0.0,0.0,0.0,0.0,0.0,0.0,0.0,0.0,0.0,0.0,0.0,0.0,0.0,0.0,0.0,0.0,0.0,0.0,0.0,0.0,0.0,0.0,0.0,0.0,0.0,0.0,0.0,0.0,1.0,0.0,1.0,0.0,0.0,0.0,0.0,1.0,4.0,0.0,1.0,0.0,0.0,5.0,5.0,3.0,5.0,19.0,31.0,19.0,15.0,0.0,0.0,0.0,0.0,0.0,0.0,0.0,0.0,0.0,0.0,0.0,0.0,0.0,6.0,0.0,5.0,0.0,0.0,0.0,0.0,1.0,5.0,0.0,1.0,0.0,0.0,7.0,5.0,5.0,6.0,26.0,43.0,26.0,22.0
151,1.0,151.0,London_56,three,151,453,1092.0,70.0,2.0,155379.0,6.085079182405025,796.0,75.0,2.0,73.0,143.0,20.0,123.0,202.0,56.0,142.0,48.0,130.0,18.0,43.0,3.0,13.0,8.0,94.0,157.0,194.0,77.0,0.0,0.0,0.0,0.0,0.0,0.0,0.0,0.0,0.0,0.0,0.0,0.0,0.0,0.0,0.0,0.0,0.0,0.0,0.0,0.0,0.0,0.0,0.0,0.0,0.0,0.0,0.0,0.0,0.0,0.0,0.0,0.0,1.0,2.0,0.0,2.0,0.0,0.0,0.0,0.0,1.0,2.0,0.0,2.0,0.0,0.0,5.0,3.0,3.0,1.0,15.0,14.0,15.0,9.0,0.0,0.0,0.0,0.0,0.0,0.0,0.0,0.0,0.0,0.0,0.0,0.0,4.0,15.0,0.0,8.0,0.0,0.0,0.0,0.0,1.0,4.0,0.0,4.0,0.0,0.0,6.0,5.0,6.0,1.0,21.0,18.0,19.0,14.0
152,1.0,152.0,London_56,three,151,453,1092.0,70.0,2.0,155379.0,5.584864112082869,796.0,115.0,2.0,113.0,209.0,18.0,191.0,143.0,55.0,136.0,46.0,130.0,17.0,49.0,8.0,12.0,4.0,96.0,160.0,193.0,81.0,0.0,0.0,0.0,0.0,0.0,0.0,0.0,0.0,0.0,0.0,0.0,0.0,0.0,0.0,0.0,0.0,0.0,0.0,0.0,0.0,0.0,0.0,0.0,0.0,0.0,0.0,0.0,0.0,0.0,0.0,0.0,0.0,0.0,0.0,1.0,0.0,0.0,0.0,0.0,0.0,1.0,1.0,0.0,0.0,0.0,0.0,2.0,4.0,5.0,10.0,29.0,23.0,22.0,9.0,0.0,0.0,0.0,0.0,0.0,0.0,0.0,0.0,0.0,0.0,0.0,0.0,0.0,0.0,8.0,0.0,0.0,0.0,0.0,0.0,1.0,3.0,0.0,0.0,0.0,0.0,3.0,5.0,8.0,12.0,43.0,32.0,29.0,13.0
153,1.0,153.0,London_56,three,151,453,1092.0,70.0,2.0,137712.0,5.1904785432852805,757.0,12.0,1.0,11.0,27.0,9.0,18.0,209.0,55.0,154.0,42.0,121.0,19.0,42.0,9.0,11.0,4.0,86.0,161.0,202.0,72.0,0.0,0.0,0.0,0.0,0.0,0.0,0.0,0.0,0.0,0.0,0.0,0.0,0.0,0.0,0.0,0.0,0.0,0.0,0.0,0.0,0.0,0.0,0.0,0.0,0.0,0.0,0.0,0.0,0.0,0.0,0.0,0.0,0.0,0.0,1.0,0.0,1.0,0.0,0.0,0.0,0.0,1.0,0.0,1.0,0.0,0.0,0.0,0.0,1.0,1.0,1.0,3.0,0.0,1.0,0.0,0.0,0.0,0.0,0.0,0.0,0.0,0.0,0.0,0.0,0.0,0.0,0.0,0.0,8.0,0.0,2.0,0.0,0.0,0.0,0.0,1.0,0.0,1.0,0.0,0.0,0.0,0.0,1.0,1.0,1.0,5.0,0.0,2.0
154,1.0,154.0,London_56,three,151,453,1092.0,70.0,2.0,170328.0,5.589105998631567,829.0,111.0,2.0,109.0,204.0,18.0,186.0,27.0,54.0,155.0,41.0,121.0,22.0,38.0,10.0,12.0,6.0,88.0,154.0,205.0,71.0,0.0,0.0,0.0,0.0,0.0,0.0,0.0,0.0,0.0,0.0,0.0,0.0,0.0,0.0,0.0,0.0,0.0,0.0,0.0,0.0,0.0,0.0,0.0,0.0,0.0,0.0,0.0,0.0,0.0,1.0,0.0,1.0,0.0,0.0,0.0,0.0,0.0,0.0,0.0,0.0,7.0,2.0,0.0,1.0,0.0,0.0,11.0,3.0,7.0,5.0,26.0,31.0,27.0,10.0,0.0,0.0,0.0,0.0,0.0,0.0,0.0,0.0,0.0,4.0,0.0,5.0,0.0,0.0,0.0,0.0,0.0,0.0,0.0,0.0,8.0,4.0,0.0,1.0,0.0,0.0,12.0,3.0,10.0,6.0,36.0,45.0,36.0,15.0
155,1.0,155.0,London_56,three,151,453,1092.0,70.0,2.0,152208.0,7.264326381031424,789.0,122.0,1.0,121.0,235.0,8.0,227.0,204.0,67.0,141.0,40.0,114.0,27.0,44.0,9.0,11.0,9.0,87.0,138.0,219.0,67.0,0.0,0.0,0.0,0.0,0.0,0.0,0.0,0.0,0.0,0.0,0.0,0.0,0.0,0.0,0.0,0.0,0.0,0.0,0.0,0.0,0.0,0.0,0.0,0.0,0.0,0.0,0.0,0.0,0.0,0.0,0.0,0.0,0.0,0.0,0.0,1.0,0.0,0.0,0.0,0.0,2.0,4.0,0.0,2.0,0.0,1.0,8.0,8.0,3.0,12.0,27.0,32.0,15.0,11.0,0.0,0.0,0.0,0.0,0.0,0.0,0.0,0.0,0.0,0.0,0.0,0.0,0.0,0.0,0.0,1.0,0.0,0.0,0.0,0.0,3.0,7.0,0.0,2.0,0.0,2.0,9.0,13.0,4.0,18.0,45.0,50.0,22.0,20.0
156,1.0,156.0,London_56,three,151,453,1092.0,70.0,2.0,133182.0,5.826404586434364,747.0,67.0,1.0,66.0,111.0,9.0,102.0,235.0,64.0,153.0,39.0,114.0,25.0,40.0,6.0,12.0,13.0,71.0,157.0,212.0,72.0,0.0,0.0,0.0,0.0,0.0,0.0,0.0,0.0,0.0,0.0,0.0,0.0,0.0,0.0,0.0,0.0,0.0,0.0,0.0,0.0,0.0,0.0,0.0,0.0,0.0,0.0,0.0,0.0,0.0,0.0,0.0,0.0,0.0,0.0,1.0,0.0,0.0,0.0,0.0,0.0,0.0,1.0,0.0,2.0,0.0,0.0,3.0,4.0,2.0,2.0,9.0,11.0,17.0,4.0,0.0,0.0,0.0,0.0,0.0,0.0,0.0,0.0,0.0,0.0,0.0,0.0,0.0,0.0,4.0,0.0,0.0,0.0,0.0,0.0,0.0,2.0,0.0,4.0,0.0,0.0,3.0,5.0,3.0,3.0,14.0,16.0,23.0,7.0
157,1.0,157.0,London_56,three,151,453,1092.0,70.0,2.0,137259.0,5.81622793385759,756.0,34.0,0.0,34.0,55.0,0.0,55.0,111.0,64.0,154.0,39.0,110.0,28.0,40.0,5.0,13.0,10.0,71.0,156.0,216.0,71.0,0.0,0.0,0.0,0.0,0.0,0.0,0.0,0.0,0.0,0.0,0.0,0.0,0.0,0.0,0.0,0.0,0.0,0.0,0.0,0.0,0.0,0.0,0.0,0.0,0.0,0.0,0.0,0.0,0.0,0.0,0.0,0.0,0.0,0.0,0.0,0.0,0.0,0.0,0.0,0.0,0.0,1.0,0.0,1.0,0.0,0.0,3.0,0.0,1.0,1.0,4.0,9.0,5.0,5.0,0.0,0.0,0.0,0.0,0.0,0.0,0.0,0.0,0.0,0.0,0.0,0.0,0.0,0.0,0.0,0.0,0.0,0.0,0.0,0.0,0.0,3.0,0.0,1.0,0.0,0.0,3.0,0.0,1.0,1.0,5.0,15.0,5.0,9.0
158,1.0,158.0,London_56,three,151,453,1092.0,70.0,2.0,149490.0,6.657798480708152,783.0,114.0,2.0,112.0,221.0,18.0,203.0,55.0,60.0,155.0,41.0,113.0,26.0,40.0,4.0,14.0,9.0,80.0,155.0,209.0,78.0,0.0,0.0,0.0,0.0,0.0,0.0,0.0,0.0,0.0,0.0,0.0,0.0,0.0,0.0,0.0,0.0,0.0,0.0,0.0,0.0,0.0,0.0,0.0,0.0,0.0,0.0,0.0,0.0,0.0,0.0,0.0,0.0,0.0,1.0,1.0,1.0,0.0,0.0,0.0,0.0,2.0,3.0,0.0,3.0,0.0,1.0,15.0,5.0,6.0,6.0,18.0,25.0,26.0,10.0,0.0,0.0,0.0,0.0,0.0,0.0,0.0,0.0,0.0,0.0,0.0,0.0,0.0,5.0,7.0,4.0,0.0,0.0,0.0,0.0,2.0,6.0,0.0,4.0,0.0,2.0,19.0,6.0,9.0,7.0,25.0,37.0,32.0,15.0
159,1.0,159.0,London_56,three,151,453,1092.0,70.0,2.0,125481.0,6.831287569832057,730.0,59.0,0.0,59.0,99.0,0.0,99.0,221.0,70.0,141.0,41.0,122.0,22.0,38.0,1.0,18.0,12.0,81.0,154.0,206.0,84.0,0.0,0.0,0.0,0.0,0.0,0.0,0.0,0.0,0.0,0.0,0.0,0.0,0.0,0.0,0.0,0.0,0.0,0.0,0.0,0.0,0.0,0.0,0.0,0.0,0.0,0.0,0.0,0.0,0.0,0.0,0.0,0.0,0.0,0.0,0.0,0.0,0.0,0.0,0.0,0.0,1.0,1.0,0.0,0.0,0.0,1.0,3.0,5.0,3.0,6.0,8.0,12.0,11.0,4.0,0.0,0.0,0.0,0.0,0.0,0.0,0.0,0.0,0.0,0.0,0.0,0.0,0.0,0.0,0.0,0.0,0.0,0.0,0.0,0.0,1.0,1.0,0.0,0.0,0.0,2.0,4.0,6.0,3.0,8.0,12.0,16.0,13.0,6.0
160,1.0,160.0,London_56,three,151,453,1092.0,70.0,2.0,135900.0,8.094653262291104,753.0,77.0,1.0,76.0,136.0,8.0,128.0,99.0,74.0,127.0,40.0,123.0,24.0,43.0,1.0,21.0,14.0,82.0,147.0,210.0,83.0,0.0,0.0,0.0,0.0,0.0,0.0,0.0,0.0,0.0,0.0,0.0,0.0,0.0,0.0,0.0,0.0,0.0,0.0,0.0,0.0,0.0,0.0,0.0,0.0,0.0,0.0,0.0,0.0,0.0,0.0,0.0,0.0,0.0,0.0,1.0,0.0,0.0,0.0,0.0,0.0,5.0,0.0,0.0,1.0,0.0,0.0,2.0,6.0,6.0,10.0,13.0,16.0,18.0,8.0,0.0,0.0,0.0,0.0,0.0,0.0,0.0,0.0,0.0,0.0,0.0,0.0,0.0,0.0,7.0,0.0,0.0,0.0,0.0,0.0,5.0,0.0,0.0,1.0,0.0,0.0,3.0,9.0,7.0,14.0,20.0,23.0,23.0,10.0
161,1.0,161.0,London_56,three,151,453,1092.0,70.0,2.0,141336.0,6.427771064918488,765.0,123.0,1.0,122.0,222.0,8.0,214.0,136.0,77.0,121.0,37.0,135.0,23.0,41.0,1.0,18.0,15.0,82.0,155.0,201.0,75.0,0.0,0.0,0.0,0.0,0.0,0.0,0.0,0.0,0.0,0.0,0.0,0.0,0.0,0.0,0.0,0.0,0.0,0.0,0.0,0.0,0.0,0.0,0.0,0.0,0.0,0.0,0.0,0.0,0.0,0.0,0.0,0.0,0.0,1.0,0.0,0.0,1.0,0.0,0.0,0.0,1.0,0.0,0.0,3.0,0.0,0.0,10.0,1.0,7.0,13.0,29.0,30.0,19.0,13.0,0.0,0.0,0.0,0.0,0.0,0.0,0.0,0.0,0.0,0.0,0.0,0.0,0.0,7.0,0.0,0.0,6.0,0.0,0.0,0.0,1.0,0.0,0.0,4.0,0.0,0.0,16.0,3.0,10.0,16.0,45.0,42.0,23.0,22.0
162,1.0,162.0,London_56,three,151,453,1092.0,70.0,2.0,115968.0,6.95547794457525,709.0,92.0,0.0,92.0,157.0,0.0,157.0,222.0,69.0,137.0,41.0,155.0,14.0,27.0,1.0,9.0,16.0,74.0,160.0,203.0,93.0,0.0,0.0,0.0,0.0,0.0,0.0,0.0,0.0,0.0,0.0,0.0,0.0,0.0,0.0,0.0,0.0,0.0,0.0,0.0,0.0,0.0,0.0,0.0,0.0,0.0,0.0,0.0,0.0,0.0,0.0,0.0,0.0,0.0,0.0,0.0,0.0,0.0,0.0,0.0,0.0,1.0,2.0,0.0,4.0,0.0,2.0,6.0,1.0,3.0,8.0,24.0,22.0,19.0,7.0,0.0,0.0,0.0,0.0,0.0,0.0,0.0,0.0,0.0,0.0,0.0,0.0,0.0,0.0,0.0,0.0,0.0,0.0,0.0,0.0,1.0,2.0,0.0,5.0,0.0,2.0,8.0,1.0,4.0,11.0,38.0,33.0,25.0,12.0
163,1.0,163.0,London_56,three,151,453,1092.0,70.0,2.0,103737.0,5.854004526045173,682.0,50.0,2.0,48.0,107.0,18.0,89.0,157.0,75.0,146.0,46.0,139.0,16.0,18.0,1.0,12.0,21.0,74.0,160.0,198.0,96.0,0.0,0.0,0.0,0.0,0.0,0.0,0.0,0.0,0.0,0.0,0.0,0.0,0.0,0.0,0.0,0.0,0.0,0.0,0.0,0.0,0.0,0.0,0.0,0.0,0.0,0.0,0.0,0.0,0.0,0.0,0.0,0.0,0.0,1.0,1.0,0.0,0.0,0.0,0.0,0.0,0.0,6.0,0.0,0.0,0.0,1.0,3.0,1.0,4.0,2.0,9.0,8.0,11.0,4.0,0.0,0.0,0.0,0.0,0.0,0.0,0.0,0.0,0.0,0.0,0.0,0.0,0.0,8.0,5.0,0.0,0.0,0.0,0.0,0.0,0.0,8.0,0.0,0.0,0.0,2.0,3.0,1.0,6.0,4.0,15.0,11.0,16.0,7.0
164,1.0,164.0,London_56,three,151,453,1092.0,70.0,2.0,110079.0,6.870890694670379,696.0,5.0,2.0,3.0,22.0,16.0,6.0,107.0,69.0,159.0,42.0,140.0,13.0,16.0,3.0,11.0,15.0,73.0,161.0,204.0,85.0,0.0,0.0,0.0,0.0,0.0,0.0,0.0,0.0,0.0,0.0,0.0,0.0,0.0,0.0,0.0,0.0,0.0,0.0,0.0,0.0,0.0,0.0,0.0,0.0,0.0,0.0,0.0,0.0,0.0,0.0,0.0,0.0,0.0,1.0,1.0,1.0,0.0,0.0,0.0,0.0,0.0,0.0,0.0,0.0,0.0,0.0,0.0,1.0,0.0,0.0,1.0,0.0,1.0,1.0,0.0,0.0,0.0,0.0,0.0,0.0,0.0,0.0,0.0,0.0,0.0,0.0,0.0,3.0,4.0,4.0,0.0,0.0,0.0,0.0,0.0,0.0,0.0,0.0,0.0,0.0,0.0,1.0,0.0,0.0,1.0,0.0,1.0,3.0
165,1.0,165.0,London_56,three,151,453,1092.0,70.0,2.0,144960.0,6.679339279886335,773.0,14.0,2.0,12.0,37.0,20.0,17.0,22.0,64.0,158.0,45.0,143.0,12.0,17.0,3.0,11.0,13.0,78.0,157.0,205.0,80.0,0.0,0.0,0.0,0.0,0.0,0.0,0.0,0.0,0.0,0.0,0.0,0.0,0.0,0.0,0.0,0.0,0.0,0.0,0.0,0.0,0.0,0.0,0.0,0.0,0.0,0.0,0.0,0.0,0.0,0.0,0.0,0.0,0.0,1.0,0.0,2.0,0.0,0.0,0.0,0.0,0.0,3.0,0.0,0.0,0.0,0.0,1.0,0.0,0.0,0.0,4.0,2.0,3.0,2.0,0.0,0.0,0.0,0.0,0.0,0.0,0.0,0.0,0.0,0.0,0.0,0.0,0.0,6.0,0.0,3.0,0.0,0.0,0.0,0.0,0.0,4.0,0.0,0.0,0.0,0.0,1.0,0.0,0.0,0.0,6.0,2.0,5.0,3.0
166,1.0,166.0,London_56,three,151,453,1092.0,70.0,2.0,182559.0,7.6436462718993425,856.0,133.0,0.0,133.0,233.0,0.0,233.0,37.0,60.0,165.0,45.0,136.0,14.0,18.0,3.0,12.0,5.0,84.0,152.0,212.0,68.0,0.0,0.0,0.0,0.0,0.0,0.0,0.0,0.0,0.0,0.0,0.0,0.0,0.0,0.0,0.0,0.0,0.0,0.0,0.0,0.0,0.0,0.0,0.0,0.0,0.0,0.0,0.0,0.0,0.0,0.0,0.0,0.0,0.0,0.0,0.0,0.0,0.0,0.0,0.0,0.0,2.0,7.0,0.0,0.0,0.0,0.0,6.0,11.0,4.0,11.0,31.0,31.0,28.0,11.0,0.0,0.0,0.0,0.0,0.0,0.0,0.0,0.0,0.0,0.0,0.0,0.0,0.0,0.0,0.0,0.0,0.0,0.0,0.0,0.0,2.0,10.0,0.0,0.0,0.0,0.0,7.0,15.0,4.0,16.0,47.0,49.0,34.0,15.0
167,1.0,167.0,London_56,three,151,453,1092.0,70.0,2.0,159909.0,8.377527050673962,806.0,160.0,0.0,160.0,283.0,0.0,283.0,233.0,51.0,153.0,45.0,140.0,22.0,27.0,5.0,10.0,5.0,68.0,148.0,232.0,73.0,0.0,0.0,0.0,0.0,0.0,0.0,0.0,0.0,0.0,0.0,0.0,0.0,0.0,0.0,0.0,0.0,0.0,0.0,0.0,0.0,0.0,0.0,0.0,0.0,0.0,0.0,0.0,0.0,0.0,0.0,0.0,0.0,0.0,0.0,0.0,0.0,0.0,0.0,0.0,0.0,0.0,4.0,0.0,0.0,1.0,0.0,11.0,8.0,6.0,15.0,32.0,39.0,25.0,8.0,0.0,0.0,0.0,0.0,0.0,0.0,0.0,0.0,0.0,0.0,0.0,0.0,0.0,0.0,0.0,0.0,0.0,0.0,0.0,0.0,0.0,7.0,0.0,0.0,1.0,0.0,16.0,10.0,7.0,18.0,48.0,57.0,29.0,12.0
168,1.0,168.0,London_56,three,151,453,1092.0,70.0,2.0,130011.0,4.936583842150867,740.0,12.0,2.0,10.0,34.0,19.0,15.0,283.0,57.0,161.0,42.0,127.0,24.0,29.0,5.0,8.0,11.0,66.0,146.0,230.0,73.0,0.0,0.0,0.0,0.0,0.0,0.0,0.0,0.0,0.0,0.0,0.0,0.0,0.0,0.0,0.0,0.0,0.0,0.0,0.0,0.0,0.0,0.0,0.0,0.0,0.0,0.0,0.0,0.0,0.0,0.0,0.0,0.0,0.0,1.0,0.0,1.0,0.0,0.0,0.0,0.0,0.0,0.0,0.0,0.0,0.0,0.0,0.0,0.0,1.0,0.0,1.0,1.0,2.0,0.0,0.0,0.0,0.0,0.0,0.0,0.0,0.0,0.0,0.0,0.0,0.0,0.0,0.0,4.0,0.0,5.0,0.0,0.0,0.0,0.0,0.0,0.0,0.0,0.0,0.0,0.0,0.0,0.0,2.0,0.0,2.0,2.0,3.0,0.0
169,1.0,169.0,London_56,three,151,453,1092.0,70.0,2.0,167610.0,7.123482505790889,823.0,101.0,0.0,101.0,177.0,0.0,177.0,34.0,57.0,160.0,39.0,133.0,22.0,29.0,5.0,8.0,9.0,73.0,134.0,237.0,66.0,0.0,0.0,0.0,0.0,0.0,0.0,0.0,0.0,0.0,0.0,0.0,0.0,0.0,0.0,0.0,0.0,0.0,0.0,0.0,0.0,0.0,0.0,0.0,0.0,0.0,0.0,0.0,0.0,0.0,0.0,0.0,0.0,0.0,0.0,0.0,0.0,0.0,0.0,0.0,0.0,0.0,0.0,0.0,0.0,0.0,0.0,6.0,2.0,7.0,5.0,16.0,19.0,17.0,11.0,0.0,0.0,0.0,0.0,0.0,0.0,0.0,0.0,0.0,0.0,0.0,0.0,0.0,0.0,0.0,0.0,0.0,0.0,0.0,0.0,0.0,0.0,0.0,0.0,0.0,0.0,8.0,2.0,10.0,8.0,22.0,27.0,20.0,17.0
170,1.0,170.0,London_56,three,151,453,1092.0,70.0,2.0,165798.0,6.1172799579799175,819.0,80.0,1.0,79.0,148.0,11.0,137.0,177.0,61.0,136.0,39.0,148.0,18.0,39.0,2.0,10.0,17.0,83.0,136.0,217.0,80.0,0.0,0.0,0.0,0.0,0.0,0.0,0.0,0.0,0.0,0.0,0.0,0.0,0.0,0.0,0.0,0.0,0.0,0.0,0.0,0.0,0.0,0.0,0.0,0.0,0.0,0.0,0.0,0.0,0.0,0.0,0.0,0.0,1.0,1.0,0.0,1.0,0.0,0.0,0.0,0.0,0.0,0.0,0.0,2.0,0.0,0.0,11.0,2.0,7.0,3.0,16.0,18.0,11.0,11.0,0.0,0.0,0.0,0.0,0.0,0.0,0.0,0.0,0.0,0.0,0.0,0.0,3.0,7.0,0.0,2.0,0.0,0.0,0.0,0.0,0.0,0.0,0.0,2.0,0.0,0.0,15.0,3.0,14.0,3.0,24.0,32.0,18.0,20.0
171,1.0,171.0,London_56,three,151,453,1092.0,70.0,2.0,159909.0,6.114268770907074,806.0,24.0,0.0,24.0,40.0,0.0,40.0,148.0,62.0,135.0,38.0,144.0,20.0,38.0,3.0,13.0,16.0,85.0,131.0,221.0,88.0,0.0,0.0,0.0,0.0,0.0,0.0,0.0,0.0,0.0,0.0,0.0,0.0,0.0,0.0,0.0,0.0,0.0,0.0,0.0,0.0,0.0,0.0,0.0,0.0,0.0,0.0,0.0,0.0,0.0,0.0,0.0,0.0,0.0,0.0,0.0,0.0,0.0,0.0,0.0,0.0,0.0,0.0,0.0,0.0,0.0,0.0,1.0,1.0,0.0,5.0,6.0,4.0,2.0,3.0,0.0,0.0,0.0,0.0,0.0,0.0,0.0,0.0,0.0,0.0,0.0,0.0,0.0,0.0,0.0,0.0,0.0,0.0,0.0,0.0,0.0,0.0,0.0,0.0,0.0,0.0,1.0,2.0,0.0,6.0,11.0,5.0,2.0,5.0
172,1.0,172.0,London_56,three,151,453,1092.0,70.0,2.0,186636.0,8.074626859743148,865.0,161.0,0.0,161.0,283.0,0.0,283.0,40.0,59.0,138.0,37.0,142.0,21.0,40.0,3.0,13.0,15.0,85.0,135.0,218.0,92.0,0.0,0.0,0.0,0.0,0.0,0.0,0.0,0.0,0.0,0.0,0.0,0.0,0.0,0.0,0.0,0.0,0.0,0.0,0.0,0.0,0.0,0.0,0.0,0.0,0.0,0.0,0.0,0.0,0.0,0.0,0.0,0.0,0.0,0.0,0.0,0.0,0.0,0.0,0.0,0.0,2.0,4.0,0.0,1.0,2.0,0.0,21.0,5.0,4.0,13.0,31.0,32.0,23.0,12.0,0.0,0.0,0.0,0.0,0.0,0.0,0.0,0.0,0.0,0.0,0.0,0.0,0.0,0.0,0.0,0.0,0.0,0.0,0.0,0.0,2.0,5.0,0.0,1.0,2.0,0.0,24.0,8.0,5.0,21.0,50.0,44.0,30.0,17.0
173,1.0,173.0,London_56,three,151,453,1092.0,70.0,2.0,140883.0,6.9960769871249795,764.0,43.0,2.0,41.0,87.0,18.0,69.0,283.0,60.0,138.0,36.0,144.0,19.0,40.0,3.0,13.0,7.0,68.0,141.0,237.0,79.0,0.0,0.0,0.0,0.0,0.0,0.0,0.0,0.0,0.0,0.0,0.0,0.0,0.0,0.0,0.0,0.0,0.0,0.0,0.0,0.0,0.0,0.0,0.0,0.0,0.0,0.0,0.0,0.0,0.0,1.0,0.0,0.0,0.0,0.0,1.0,1.0,0.0,0.0,0.0,0.0,0.0,3.0,0.0,1.0,0.0,0.0,4.0,2.0,0.0,1.0,9.0,9.0,14.0,5.0,0.0,0.0,0.0,0.0,0.0,0.0,0.0,0.0,0.0,4.0,0.0,0.0,0.0,0.0,6.0,1.0,0.0,0.0,0.0,0.0,0.0,3.0,0.0,1.0,0.0,0.0,5.0,2.0,0.0,1.0,17.0,11.0,18.0,8.0
174,1.0,174.0,London_56,three,151,453,1092.0,70.0,2.0,172140.0,7.195487019140273,833.0,163.0,1.0,162.0,288.0,10.0,278.0,87.0,51.0,138.0,43.0,154.0,19.0,31.0,3.0,14.0,7.0,70.0,139.0,237.0,75.0,0.0,0.0,0.0,0.0,0.0,0.0,0.0,0.0,0.0,0.0,0.0,0.0,0.0,0.0,0.0,0.0,0.0,0.0,0.0,0.0,0.0,0.0,0.0,0.0,0.0,0.0,0.0,0.0,0.0,0.0,0.0,0.0,0.0,0.0,0.0,0.0,1.0,0.0,0.0,0.0,0.0,2.0,0.0,6.0,5.0,0.0,11.0,15.0,8.0,11.0,37.0,34.0,35.0,14.0,0.0,0.0,0.0,0.0,0.0,0.0,0.0,0.0,0.0,0.0,0.0,0.0,0.0,0.0,0.0,0.0,9.0,0.0,0.0,0.0,0.0,4.0,0.0,8.0,5.0,0.0,14.0,21.0,11.0,15.0,51.0,47.0,43.0,24.0
175,1.0,175.0,London_56,three,151,453,1092.0,70.0,2.0,130011.0,2.33519733697176,740.0,62.0,0.0,62.0,100.0,0.0,100.0,288.0,61.0,121.0,44.0,156.0,24.0,31.0,4.0,12.0,5.0,74.0,145.0,229.0,72.0,0.0,0.0,0.0,0.0,0.0,0.0,0.0,0.0,0.0,0.0,0.0,0.0,0.0,0.0,0.0,0.0,0.0,0.0,0.0,0.0,0.0,0.0,0.0,0.0,0.0,0.0,0.0,0.0,0.0,0.0,0.0,0.0,0.0,0.0,0.0,0.0,0.0,0.0,0.0,0.0,0.0,0.0,0.0,0.0,0.0,0.0,1.0,6.0,1.0,4.0,7.0,20.0,11.0,7.0,0.0,0.0,0.0,0.0,0.0,0.0,0.0,0.0,0.0,0.0,0.0,0.0,0.0,0.0,0.0,0.0,0.0,0.0,0.0,0.0,0.0,0.0,0.0,0.0,0.0,0.0,1.0,7.0,1.0,4.0,8.0,29.0,15.0,10.0
176,1.0,176.0,London_56,three,151,453,1092.0,70.0,2.0,145866.0,0.9913221602328122,775.0,71.0,0.0,71.0,129.0,0.0,129.0,100.0,58.0,113.0,46.0,160.0,26.0,38.0,2.0,10.0,5.0,76.0,147.0,225.0,74.0,0.0,0.0,0.0,0.0,0.0,0.0,0.0,0.0,0.0,0.0,0.0,0.0,0.0,0.0,0.0,0.0,0.0,0.0,0.0,0.0,0.0,0.0,0.0,0.0,0.0,0.0,0.0,0.0,0.0,0.0,0.0,0.0,0.0,0.0,0.0,0.0,0.0,0.0,0.0,0.0,1.0,3.0,0.0,1.0,0.0,0.0,11.0,8.0,5.0,4.0,19.0,12.0,15.0,8.0,0.0,0.0,0.0,0.0,0.0,0.0,0.0,0.0,0.0,0.0,0.0,0.0,0.0,0.0,0.0,0.0,0.0,0.0,0.0,0.0,1.0,3.0,0.0,2.0,0.0,0.0,13.0,12.0,7.0,5.0,29.0,19.0,24.0,13.0
177,1.0,177.0,London_56,three,151,453,1092.0,70.0,2.0,153567.0,5.677837952040136,792.0,3.0,2.0,1.0,18.0,16.0,2.0,129.0,67.0,107.0,46.0,154.0,25.0,39.0,5.0,10.0,5.0,77.0,137.0,234.0,87.0,0.0,0.0,0.0,0.0,0.0,0.0,0.0,0.0,0.0,0.0,0.0,0.0,0.0,0.0,0.0,0.0,0.0,0.0,0.0,0.0,0.0,0.0,0.0,0.0,0.0,0.0,0.0,0.0,0.0,0.0,1.0,0.0,1.0,0.0,0.0,1.0,0.0,0.0,0.0,0.0,0.0,0.0,0.0,0.0,0.0,0.0,0.0,0.0,0.0,1.0,0.0,1.0,0.0,0.0,0.0,0.0,0.0,0.0,0.0,0.0,0.0,0.0,0.0,0.0,2.0,0.0,1.0,0.0,0.0,3.0,0.0,0.0,0.0,0.0,0.0,0.0,0.0,0.0,0.0,0.0,0.0,0.0,0.0,2.0,0.0,2.0,0.0,0.0
178,1.0,178.0,London_56,three,151,453,1092.0,70.0,2.0,194790.0,1.9838088504038751,883.0,124.0,2.0,122.0,227.0,18.0,209.0,18.0,61.0,106.0,47.0,158.0,23.0,42.0,5.0,11.0,5.0,77.0,134.0,237.0,79.0,0.0,0.0,0.0,0.0,0.0,0.0,0.0,0.0,0.0,0.0,0.0,0.0,0.0,0.0,0.0,0.0,0.0,0.0,0.0,0.0,0.0,0.0,0.0,0.0,0.0,0.0,0.0,0.0,0.0,0.0,0.0,0.0,0.0,1.0,0.0,1.0,1.0,0.0,0.0,0.0,1.0,18.0,0.0,2.0,3.0,0.0,17.0,8.0,7.0,10.0,25.0,23.0,26.0,11.0,0.0,0.0,0.0,0.0,0.0,0.0,0.0,0.0,0.0,0.0,0.0,0.0,0.0,7.0,0.0,6.0,5.0,0.0,0.0,0.0,1.0,24.0,0.0,2.0,3.0,0.0,25.0,12.0,10.0,18.0,32.0,34.0,35.0,16.0
179,1.0,179.0,London_56,three,151,453,1092.0,70.0,2.0,184824.0,3.256552985869348,861.0,93.0,1.0,92.0,170.0,10.0,160.0,227.0,53.0,114.0,46.0,149.0,26.0,46.0,7.0,12.0,7.0,77.0,137.0,232.0,63.0,0.0,0.0,0.0,0.0,0.0,0.0,0.0,0.0,0.0,0.0,0.0,0.0,0.0,0.0,0.0,0.0,0.0,0.0,0.0,0.0,0.0,0.0,0.0,0.0,0.0,0.0,0.0,0.0,0.0,0.0,0.0,0.0,0.0,0.0,1.0,0.0,0.0,0.0,0.0,0.0,0.0,2.0,0.0,0.0,0.0,1.0,4.0,9.0,2.0,8.0,19.0,27.0,14.0,6.0,0.0,0.0,0.0,0.0,0.0,0.0,0.0,0.0,0.0,0.0,0.0,0.0,0.0,0.0,9.0,0.0,0.0,0.0,0.0,0.0,0.0,2.0,0.0,0.0,0.0,1.0,5.0,13.0,3.0,12.0,29.0,36.0,18.0,7.0
180,1.0,180.0,London_56,three,151,453,1092.0,70.0,2.0,194790.0,2.73451478080824,883.0,123.0,0.0,123.0,214.0,0.0,214.0,170.0,58.0,112.0,35.0,152.0,22.0,51.0,7.0,16.0,12.0,78.0,151.0,212.0,64.0,0.0,0.0,0.0,0.0,0.0,0.0,0.0,0.0,0.0,0.0,0.0,0.0,0.0,0.0,0.0,0.0,0.0,0.0,0.0,0.0,0.0,0.0,0.0,0.0,0.0,0.0,0.0,0.0,0.0,0.0,0.0,0.0,0.0,0.0,0.0,0.0,0.0,0.0,0.0,0.0,5.0,4.0,0.0,1.0,3.0,0.0,4.0,16.0,4.0,14.0,26.0,27.0,34.0,15.0,0.0,0.0,0.0,0.0,0.0,0.0,0.0,0.0,0.0,0.0,0.0,0.0,0.0,0.0,0.0,0.0,0.0,0.0,0.0,0.0,5.0,6.0,0.0,1.0,4.0,0.0,4.0,22.0,6.0,20.0,43.0,39.0,41.0,24.0
181,1.0,181.0,London_56,three,151,453,1092.0,70.0,2.0,190260.0,6.695434250868857,873.0,105.0,2.0,103.0,203.0,18.0,185.0,214.0,57.0,120.0,43.0,152.0,17.0,46.0,5.0,13.0,12.0,79.0,171.0,191.0,69.0,0.0,0.0,0.0,0.0,0.0,0.0,0.0,0.0,0.0,0.0,0.0,0.0,0.0,0.0,0.0,0.0,0.0,0.0,0.0,0.0,0.0,0.0,0.0,0.0,0.0,0.0,0.0,0.0,0.0,0.0,0.0,0.0,1.0,0.0,0.0,1.0,0.0,0.0,0.0,0.0,1.0,7.0,0.0,3.0,0.0,0.0,7.0,12.0,2.0,8.0,22.0,24.0,19.0,13.0,0.0,0.0,0.0,0.0,0.0,0.0,0.0,0.0,0.0,0.0,0.0,0.0,1.0,0.0,0.0,5.0,0.0,0.0,0.0,0.0,1.0,8.0,0.0,3.0,0.0,0.0,8.0,19.0,2.0,14.0,36.0,35.0,27.0,17.0
182,1.0,182.0,London_56,three,151,453,1092.0,70.0,2.0,176670.0,2.0997143420390785,843.0,94.0,2.0,92.0,174.0,19.0,155.0,203.0,65.0,125.0,38.0,141.0,17.0,49.0,2.0,16.0,8.0,81.0,177.0,187.0,71.0,0.0,0.0,0.0,0.0,0.0,0.0,0.0,0.0,0.0,0.0,0.0,0.0,0.0,0.0,0.0,0.0,0.0,0.0,0.0,0.0,0.0,0.0,0.0,0.0,0.0,0.0,0.0,0.0,0.0,0.0,0.0,0.0,1.0,2.0,0.0,0.0,0.0,0.0,0.0,0.0,1.0,4.0,0.0,1.0,0.0,0.0,7.0,11.0,4.0,8.0,20.0,17.0,22.0,5.0,0.0,0.0,0.0,0.0,0.0,0.0,0.0,0.0,0.0,0.0,0.0,0.0,8.0,11.0,0.0,0.0,0.0,0.0,0.0,0.0,1.0,4.0,0.0,1.0,0.0,0.0,8.0,16.0,8.0,11.0,27.0,23.0,30.0,7.0
183,1.0,183.0,London_56,three,151,453,1092.0,70.0,2.0,163080.0,3.460034378338605,813.0,117.0,2.0,115.0,215.0,20.0,195.0,174.0,58.0,114.0,40.0,154.0,14.0,57.0,2.0,14.0,8.0,65.0,157.0,223.0,69.0,0.0,0.0,0.0,0.0,0.0,0.0,0.0,0.0,0.0,0.0,0.0,0.0,0.0,0.0,0.0,0.0,0.0,0.0,0.0,0.0,0.0,0.0,0.0,0.0,0.0,0.0,0.0,0.0,0.0,0.0,0.0,0.0,1.0,0.0,2.0,2.0,0.0,0.0,0.0,0.0,2.0,2.0,0.0,2.0,4.0,0.0,16.0,9.0,4.0,7.0,20.0,26.0,15.0,5.0,0.0,0.0,0.0,0.0,0.0,0.0,0.0,0.0,0.0,0.0,0.0,0.0,5.0,0.0,11.0,12.0,0.0,0.0,0.0,0.0,3.0,3.0,0.0,4.0,5.0,0.0,24.0,13.0,4.0,7.0,28.0,39.0,22.0,6.0
184,1.0,184.0,London_56,three,151,453,1092.0,70.0,2.0,143148.0,3.01402758480981,769.0,51.0,0.0,51.0,89.0,0.0,89.0,215.0,55.0,149.0,37.0,134.0,11.0,51.0,4.0,12.0,10.0,73.0,157.0,213.0,77.0,0.0,0.0,0.0,0.0,0.0,0.0,0.0,0.0,0.0,0.0,0.0,0.0,0.0,0.0,0.0,0.0,0.0,0.0,0.0,0.0,0.0,0.0,0.0,0.0,0.0,0.0,0.0,0.0,0.0,0.0,0.0,0.0,0.0,0.0,0.0,0.0,0.0,0.0,0.0,0.0,1.0,1.0,0.0,1.0,0.0,1.0,3.0,5.0,0.0,6.0,8.0,11.0,9.0,4.0,0.0,0.0,0.0,0.0,0.0,0.0,0.0,0.0,0.0,0.0,0.0,0.0,0.0,0.0,0.0,0.0,0.0,0.0,0.0,0.0,1.0,1.0,0.0,3.0,0.0,2.0,3.0,7.0,0.0,10.0,14.0,16.0,11.0,8.0
185,1.0,185.0,London_56,three,151,453,1092.0,70.0,2.0,158097.0,2.8888638098724186,802.0,127.0,2.0,125.0,230.0,17.0,213.0,89.0,57.0,133.0,46.0,129.0,15.0,59.0,4.0,10.0,8.0,80.0,145.0,220.0,77.0,0.0,0.0,0.0,0.0,0.0,0.0,0.0,0.0,0.0,0.0,0.0,0.0,0.0,0.0,0.0,0.0,0.0,0.0,0.0,0.0,0.0,0.0,0.0,0.0,0.0,0.0,0.0,0.0,0.0,0.0,0.0,0.0,1.0,0.0,0.0,2.0,0.0,0.0,0.0,0.0,2.0,4.0,0.0,2.0,1.0,0.0,8.0,4.0,3.0,17.0,21.0,25.0,22.0,18.0,0.0,0.0,0.0,0.0,0.0,0.0,0.0,0.0,0.0,0.0,0.0,0.0,2.0,0.0,0.0,5.0,0.0,0.0,0.0,0.0,2.0,7.0,0.0,3.0,1.0,0.0,12.0,4.0,4.0,24.0,34.0,40.0,25.0,31.0
186,1.0,186.0,London_56,three,151,453,1092.0,70.0,2.0,125028.0,6.408395390026271,729.0,104.0,0.0,104.0,190.0,0.0,190.0,230.0,68.0,132.0,44.0,121.0,17.0,53.0,4.0,14.0,7.0,86.0,127.0,233.0,64.0,0.0,0.0,0.0,0.0,0.0,0.0,0.0,0.0,0.0,0.0,0.0,0.0,0.0,0.0,0.0,0.0,0.0,0.0,0.0,0.0,0.0,0.0,0.0,0.0,0.0,0.0,0.0,0.0,0.0,0.0,0.0,0.0,0.0,0.0,0.0,0.0,0.0,0.0,0.0,0.0,2.0,0.0,0.0,0.0,1.0,0.0,6.0,2.0,3.0,8.0,15.0,29.0,27.0,12.0,0.0,0.0,0.0,0.0,0.0,0.0,0.0,0.0,0.0,0.0,0.0,0.0,0.0,0.0,0.0,0.0,0.0,0.0,0.0,0.0,2.0,0.0,0.0,0.0,1.0,0.0,9.0,3.0,4.0,12.0,22.0,42.0,32.0,20.0
187,1.0,187.0,London_56,three,151,453,1092.0,70.0,2.0,104190.0,7.137003136798739,683.0,84.0,0.0,84.0,144.0,0.0,144.0,190.0,60.0,153.0,45.0,112.0,10.0,52.0,4.0,17.0,9.0,74.0,152.0,218.0,76.0,0.0,0.0,0.0,0.0,0.0,0.0,0.0,0.0,0.0,0.0,0.0,0.0,0.0,0.0,0.0,0.0,0.0,0.0,0.0,0.0,0.0,0.0,0.0,0.0,0.0,0.0,0.0,0.0,0.0,0.0,0.0,0.0,0.0,0.0,0.0,0.0,0.0,0.0,0.0,0.0,0.0,0.0,1.0,2.0,1.0,0.0,6.0,4.0,2.0,8.0,15.0,17.0,12.0,8.0,0.0,0.0,0.0,0.0,0.0,0.0,0.0,0.0,0.0,0.0,0.0,0.0,0.0,0.0,0.0,0.0,0.0,0.0,0.0,0.0,0.0,0.0,1.0,4.0,1.0,0.0,10.0,6.0,3.0,14.0,22.0,23.0,17.0,8.0
188,1.0,188.0,London_56,three,151,453,1092.0,70.0,2.0,92865.0,5.407483911141753,658.0,11.0,1.0,10.0,22.0,9.0,13.0,144.0,61.0,141.0,45.0,119.0,10.0,55.0,4.0,18.0,14.0,65.0,163.0,211.0,88.0,0.0,0.0,0.0,0.0,0.0,0.0,0.0,0.0,0.0,0.0,0.0,0.0,0.0,0.0,0.0,0.0,0.0,0.0,0.0,0.0,0.0,0.0,0.0,0.0,0.0,0.0,0.0,0.0,0.0,0.0,0.0,0.0,0.0,0.0,0.0,0.0,0.0,0.0,0.0,0.0,0.0,0.0,0.0,0.0,0.0,0.0,2.0,0.0,0.0,0.0,2.0,1.0,4.0,1.0,0.0,0.0,0.0,0.0,0.0,0.0,0.0,0.0,0.0,0.0,0.0,0.0,0.0,0.0,0.0,0.0,0.0,0.0,0.0,0.0,0.0,0.0,0.0,0.0,0.0,0.0,2.0,0.0,0.0,0.0,3.0,1.0,4.0,2.0
189,1.0,189.0,London_56,three,151,453,1092.0,70.0,2.0,131370.0,6.00870464509353,743.0,55.0,0.0,55.0,94.0,0.0,94.0,22.0,59.0,142.0,43.0,123.0,9.0,55.0,4.0,18.0,10.0,71.0,160.0,212.0,89.0,0.0,0.0,0.0,0.0,0.0,0.0,0.0,0.0,0.0,0.0,0.0,0.0,0.0,0.0,0.0,0.0,0.0,0.0,0.0,0.0,0.0,0.0,0.0,0.0,0.0,0.0,0.0,0.0,0.0,0.0,0.0,0.0,0.0,0.0,0.0,0.0,0.0,0.0,0.0,0.0,2.0,0.0,0.0,0.0,0.0,0.0,12.0,2.0,2.0,2.0,12.0,12.0,11.0,6.0,0.0,0.0,0.0,0.0,0.0,0.0,0.0,0.0,0.0,0.0,0.0,0.0,0.0,0.0,0.0,0.0,0.0,0.0,0.0,0.0,2.0,0.0,0.0,0.0,0.0,0.0,14.0,2.0,2.0,3.0,19.0,17.0,12.0,9.0
190,1.0,190.0,London_56,three,151,453,1092.0,70.0,2.0,139071.0,6.830043544061482,760.0,100.0,0.0,100.0,169.0,0.0,169.0,94.0,60.0,148.0,45.0,108.0,11.0,57.0,4.0,20.0,13.0,78.0,146.0,216.0,94.0,0.0,0.0,0.0,0.0,0.0,0.0,0.0,0.0,0.0,0.0,0.0,0.0,0.0,0.0,0.0,0.0,0.0,0.0,0.0,0.0,0.0,0.0,0.0,0.0,0.0,0.0,0.0,0.0,0.0,0.0,0.0,0.0,0.0,0.0,0.0,0.0,0.0,0.0,0.0,0.0,3.0,2.0,3.0,0.0,2.0,1.0,11.0,9.0,5.0,5.0,16.0,25.0,19.0,12.0,0.0,0.0,0.0,0.0,0.0,0.0,0.0,0.0,0.0,0.0,0.0,0.0,0.0,0.0,0.0,0.0,0.0,0.0,0.0,0.0,3.0,3.0,4.0,0.0,2.0,1.0,14.0,12.0,7.0,5.0,24.0,38.0,21.0,23.0
191,1.0,191.0,London_56,three,151,453,1092.0,70.0,2.0,137259.0,6.0652404562570155,756.0,57.0,0.0,57.0,108.0,0.0,108.0,169.0,66.0,129.0,47.0,123.0,9.0,53.0,3.0,23.0,14.0,70.0,162.0,207.0,88.0,0.0,0.0,0.0,0.0,0.0,0.0,0.0,0.0,0.0,0.0,0.0,0.0,0.0,0.0,0.0,0.0,0.0,0.0,0.0,0.0,0.0,0.0,0.0,0.0,0.0,0.0,0.0,0.0,0.0,0.0,0.0,0.0,0.0,0.0,0.0,0.0,0.0,0.0,0.0,0.0,3.0,1.0,0.0,1.0,0.0,0.0,8.0,2.0,2.0,2.0,17.0,13.0,14.0,3.0,0.0,0.0,0.0,0.0,0.0,0.0,0.0,0.0,0.0,0.0,0.0,0.0,0.0,0.0,0.0,0.0,0.0,0.0,0.0,0.0,4.0,1.0,0.0,1.0,0.0,0.0,8.0,2.0,3.0,3.0,30.0,20.0,16.0,5.0
192,1.0,192.0,London_56,three,151,453,1092.0,70.0,2.0,155832.0,5.162898794282228,797.0,6.0,2.0,4.0,25.0,17.0,8.0,108.0,67.0,134.0,46.0,128.0,7.0,50.0,4.0,17.0,15.0,74.0,156.0,208.0,84.0,0.0,0.0,0.0,0.0,0.0,0.0,0.0,0.0,0.0,0.0,0.0,0.0,0.0,0.0,0.0,0.0,0.0,0.0,0.0,0.0,0.0,0.0,0.0,0.0,0.0,0.0,0.0,0.0,0.0,0.0,0.0,0.0,0.0,1.0,0.0,1.0,0.0,0.0,0.0,0.0,1.0,0.0,0.0,0.0,0.0,0.0,0.0,1.0,1.0,0.0,2.0,0.0,2.0,0.0,0.0,0.0,0.0,0.0,0.0,0.0,0.0,0.0,0.0,0.0,0.0,0.0,0.0,8.0,0.0,2.0,0.0,0.0,0.0,0.0,1.0,0.0,0.0,0.0,0.0,0.0,0.0,1.0,1.0,0.0,5.0,0.0,3.0,0.0
193,1.0,193.0,London_56,three,151,453,1092.0,70.0,2.0,194790.0,4.5083325249142945,883.0,141.0,2.0,139.0,282.0,20.0,262.0,25.0,63.0,132.0,51.0,131.0,5.0,50.0,4.0,17.0,9.0,74.0,147.0,223.0,76.0,0.0,0.0,0.0,0.0,0.0,0.0,0.0,0.0,0.0,0.0,0.0,0.0,0.0,0.0,0.0,0.0,0.0,0.0,0.0,0.0,0.0,0.0,0.0,0.0,0.0,0.0,0.0,0.0,0.0,0.0,0.0,0.0,1.0,2.0,0.0,1.0,0.0,0.0,0.0,0.0,3.0,11.0,0.0,4.0,1.0,0.0,10.0,5.0,2.0,9.0,22.0,37.0,27.0,7.0,0.0,0.0,0.0,0.0,0.0,0.0,0.0,0.0,0.0,0.0,0.0,0.0,5.0,19.0,0.0,4.0,0.0,0.0,0.0,0.0,3.0,20.0,0.0,12.0,1.0,0.0,13.0,10.0,2.0,15.0,34.0,54.0,34.0,11.0
194,1.0,194.0,London_56,three,151,453,1092.0,70.0,2.0,163533.0,3.8175552510656416,814.0,57.0,2.0,55.0,117.0,18.0,99.0,282.0,53.0,137.0,50.0,120.0,11.0,59.0,3.0,20.0,5.0,85.0,150.0,213.0,69.0,0.0,0.0,0.0,0.0,0.0,0.0,0.0,0.0,0.0,0.0,0.0,0.0,0.0,0.0,0.0,0.0,0.0,0.0,0.0,0.0,0.0,0.0,0.0,0.0,0.0,0.0,0.0,0.0,0.0,0.0,0.0,0.0,0.0,0.0,1.0,0.0,0.0,0.0,0.0,0.0,1.0,0.0,0.0,0.0,0.0,0.0,9.0,0.0,0.0,0.0,7.0,17.0,8.0,10.0,0.0,0.0,0.0,0.0,0.0,0.0,0.0,0.0,0.0,0.0,0.0,0.0,0.0,0.0,9.0,0.0,0.0,0.0,0.0,0.0,1.0,0.0,0.0,0.0,0.0,0.0,10.0,0.0,0.0,0.0,12.0,23.0,10.0,16.0
195,1.0,195.0,London_56,three,151,453,1092.0,70.0,2.0,181200.0,3.9999227770604193,853.0,142.0,1.0,141.0,269.0,9.0,260.0,117.0,54.0,144.0,54.0,115.0,13.0,53.0,2.0,18.0,8.0,90.0,149.0,206.0,72.0,0.0,0.0,0.0,0.0,0.0,0.0,0.0,0.0,0.0,0.0,0.0,0.0,0.0,0.0,0.0,0.0,0.0,0.0,0.0,0.0,0.0,0.0,0.0,0.0,0.0,0.0,0.0,0.0,0.0,0.0,0.0,0.0,0.0,0.0,1.0,0.0,1.0,0.0,0.0,0.0,0.0,8.0,0.0,1.0,0.0,0.0,4.0,7.0,0.0,9.0,23.0,42.0,15.0,15.0,0.0,0.0,0.0,0.0,0.0,0.0,0.0,0.0,0.0,0.0,0.0,0.0,0.0,0.0,5.0,0.0,4.0,0.0,0.0,0.0,0.0,11.0,0.0,2.0,0.0,0.0,7.0,12.0,0.0,11.0,31.0,68.0,16.0,31.0
196,1.0,196.0,London_56,three,151,453,1092.0,70.0,2.0,154020.0,3.269263843074441,793.0,70.0,2.0,68.0,129.0,18.0,111.0,269.0,55.0,133.0,46.0,120.0,16.0,59.0,6.0,18.0,11.0,77.0,154.0,211.0,70.0,0.0,0.0,0.0,0.0,0.0,0.0,0.0,0.0,0.0,0.0,0.0,0.0,0.0,0.0,0.0,0.0,0.0,0.0,0.0,0.0,0.0,0.0,0.0,0.0,0.0,0.0,0.0,0.0,0.0,2.0,0.0,0.0,0.0,0.0,0.0,0.0,0.0,0.0,0.0,0.0,1.0,1.0,0.0,1.0,0.0,0.0,2.0,6.0,1.0,5.0,10.0,11.0,13.0,6.0,0.0,0.0,0.0,0.0,0.0,0.0,0.0,0.0,0.0,11.0,0.0,0.0,0.0,0.0,0.0,0.0,0.0,0.0,0.0,0.0,1.0,4.0,0.0,1.0,0.0,0.0,2.0,8.0,1.0,6.0,13.0,15.0,17.0,10.0
197,1.0,197.0,London_56,three,151,453,1092.0,70.0,2.0,158097.0,3.071980508044362,802.0,95.0,1.0,94.0,178.0,8.0,170.0,129.0,51.0,122.0,49.0,126.0,17.0,65.0,5.0,18.0,8.0,69.0,158.0,218.0,67.0,0.0,0.0,0.0,0.0,0.0,0.0,0.0,0.0,0.0,0.0,0.0,0.0,0.0,0.0,0.0,0.0,0.0,0.0,0.0,0.0,0.0,0.0,0.0,0.0,0.0,0.0,0.0,0.0,0.0,0.0,0.0,0.0,1.0,0.0,0.0,1.0,0.0,0.0,0.0,0.0,6.0,0.0,0.0,2.0,0.0,0.0,7.0,6.0,1.0,8.0,22.0,17.0,29.0,8.0,0.0,0.0,0.0,0.0,0.0,0.0,0.0,0.0,0.0,0.0,0.0,0.0,2.0,0.0,0.0,4.0,0.0,0.0,0.0,0.0,9.0,0.0,0.0,3.0,0.0,0.0,8.0,9.0,1.0,12.0,31.0,28.0,36.0,15.0
198,1.0,198.0,London_56,three,151,453,1092.0,70.0,2.0,149490.0,2.1204491201788187,783.0,112.0,1.0,111.0,208.0,9.0,199.0,178.0,54.0,138.0,41.0,130.0,14.0,62.0,3.0,11.0,10.0,71.0,151.0,221.0,73.0,0.0,0.0,0.0,0.0,0.0,0.0,0.0,0.0,0.0,0.0,0.0,0.0,0.0,0.0,0.0,0.0,0.0,0.0,0.0,0.0,0.0,0.0,0.0,0.0,0.0,0.0,0.0,0.0,0.0,0.0,0.0,0.0,0.0,0.0,1.0,0.0,0.0,0.0,0.0,0.0,1.0,0.0,0.0,1.0,0.0,1.0,16.0,3.0,0.0,11.0,13.0,31.0,18.0,7.0,0.0,0.0,0.0,0.0,0.0,0.0,0.0,0.0,0.0,0.0,0.0,0.0,0.0,0.0,6.0,0.0,0.0,0.0,0.0,0.0,1.0,0.0,0.0,1.0,0.0,2.0,24.0,4.0,0.0,13.0,23.0,50.0,23.0,10.0
199,1.0,199.0,London_56,three,151,453,1092.0,70.0,2.0,134088.0,6.113583775237203,749.0,74.0,0.0,74.0,128.0,0.0,128.0,208.0,55.0,128.0,44.0,124.0,17.0,70.0,3.0,12.0,13.0,75.0,148.0,217.0,76.0,0.0,0.0,0.0,0.0,0.0,0.0,0.0,0.0,0.0,0.0,0.0,0.0,0.0,0.0,0.0,0.0,0.0,0.0,0.0,0.0,0.0,0.0,0.0,0.0,0.0,0.0,0.0,0.0,0.0,0.0,0.0,0.0,0.0,0.0,0.0,0.0,0.0,0.0,0.0,0.0,1.0,3.0,0.0,0.0,0.0,0.0,12.0,9.0,0.0,8.0,11.0,15.0,18.0,6.0,0.0,0.0,0.0,0.0,0.0,0.0,0.0,0.0,0.0,0.0,0.0,0.0,0.0,0.0,0.0,0.0,0.0,0.0,0.0,0.0,1.0,4.0,0.0,0.0,0.0,0.0,17.0,11.0,0.0,12.0,15.0,19.0,24.0,7.0
200,1.0,200.0,London_56,three,151,453,1092.0,70.0,2.0,133635.0,6.3978916658088565,748.0,78.0,2.0,76.0,142.0,18.0,124.0,128.0,61.0,134.0,38.0,123.0,17.0,65.0,2.0,13.0,15.0,78.0,153.0,207.0,81.0,0.0,0.0,0.0,0.0,0.0,0.0,0.0,0.0,0.0,0.0,0.0,0.0,0.0,0.0,0.0,0.0,0.0,0.0,0.0,0.0,0.0,0.0,0.0,0.0,0.0,0.0,0.0,0.0,0.0,0.0,0.0,0.0,0.0,1.0,1.0,2.0,0.0,0.0,0.0,0.0,1.0,0.0,0.0,1.0,0.0,0.0,5.0,6.0,2.0,7.0,15.0,13.0,16.0,3.0,0.0,0.0,0.0,0.0,0.0,0.0,0.0,0.0,0.0,0.0,0.0,0.0,0.0,5.0,7.0,3.0,0.0,0.0,0.0,0.0,1.0,0.0,0.0,1.0,0.0,0.0,6.0,9.0,2.0,8.0,26.0,23.0,20.0,6.0
201,1.0,201.0,London_56,three,151,453,1092.0,70.0,2.0,125934.0,3.756080287974328,731.0,81.0,0.0,81.0,145.0,0.0,145.0,142.0,54.0,138.0,42.0,131.0,19.0,57.0,1.0,11.0,13.0,79.0,144.0,217.0,85.0,0.0,0.0,0.0,0.0,0.0,0.0,0.0,0.0,0.0,0.0,0.0,0.0,0.0,0.0,0.0,0.0,0.0,0.0,0.0,0.0,0.0,0.0,0.0,0.0,0.0,0.0,0.0,0.0,0.0,0.0,0.0,0.0,0.0,0.0,0.0,0.0,0.0,0.0,0.0,0.0,3.0,3.0,0.0,0.0,1.0,1.0,10.0,5.0,2.0,12.0,14.0,22.0,18.0,7.0,0.0,0.0,0.0,0.0,0.0,0.0,0.0,0.0,0.0,0.0,0.0,0.0,0.0,0.0,0.0,0.0,0.0,0.0,0.0,0.0,3.0,4.0,0.0,0.0,1.0,2.0,14.0,7.0,2.0,15.0,19.0,29.0,22.0,10.0
202,1.0,202.0,London_56,three,151,453,1092.0,70.0,2.0,134994.0,6.648057697806507,751.0,71.0,1.0,70.0,131.0,8.0,123.0,145.0,64.0,138.0,39.0,133.0,20.0,51.0,2.0,6.0,13.0,75.0,144.0,221.0,97.0,0.0,0.0,0.0,0.0,0.0,0.0,0.0,0.0,0.0,0.0,0.0,0.0,0.0,0.0,0.0,0.0,0.0,0.0,0.0,0.0,0.0,0.0,0.0,0.0,0.0,0.0,0.0,0.0,0.0,0.0,0.0,0.0,0.0,0.0,1.0,0.0,0.0,0.0,0.0,0.0,0.0,0.0,0.0,1.0,0.0,0.0,12.0,3.0,3.0,6.0,13.0,10.0,11.0,7.0,0.0,0.0,0.0,0.0,0.0,0.0,0.0,0.0,0.0,0.0,0.0,0.0,0.0,0.0,8.0,0.0,0.0,0.0,0.0,0.0,0.0,0.0,0.0,2.0,0.0,0.0,14.0,3.0,4.0,9.0,19.0,14.0,16.0,11.0
203,1.0,203.0,London_56,three,151,453,1092.0,70.0,2.0,137259.0,7.012640592176467,756.0,67.0,1.0,66.0,116.0,8.0,108.0,131.0,61.0,127.0,38.0,139.0,22.0,57.0,1.0,8.0,7.0,75.0,145.0,226.0,91.0,0.0,0.0,0.0,0.0,0.0,0.0,0.0,0.0,0.0,0.0,0.0,0.0,0.0,0.0,0.0,0.0,0.0,0.0,0.0,0.0,0.0,0.0,0.0,0.0,0.0,0.0,0.0,0.0,0.0,0.0,0.0,0.0,1.0,1.0,0.0,0.0,1.0,0.0,0.0,0.0,2.0,2.0,0.0,3.0,1.0,0.0,7.0,4.0,1.0,11.0,14.0,16.0,9.0,8.0,0.0,0.0,0.0,0.0,0.0,0.0,0.0,0.0,0.0,0.0,0.0,0.0,3.0,7.0,0.0,0.0,7.0,0.0,0.0,0.0,2.0,2.0,0.0,6.0,1.0,0.0,7.0,5.0,2.0,15.0,23.0,25.0,11.0,15.0
204,1.0,204.0,London_56,three,151,453,1092.0,70.0,2.0,147678.0,5.81436153780669,779.0,47.0,0.0,47.0,82.0,0.0,82.0,116.0,70.0,123.0,38.0,135.0,24.0,53.0,1.0,9.0,8.0,81.0,131.0,233.0,95.0,0.0,0.0,0.0,0.0,0.0,0.0,0.0,0.0,0.0,0.0,0.0,0.0,0.0,0.0,0.0,0.0,0.0,0.0,0.0,0.0,0.0,0.0,0.0,0.0,0.0,0.0,0.0,0.0,0.0,0.0,0.0,0.0,0.0,0.0,0.0,0.0,0.0,0.0,0.0,0.0,1.0,2.0,0.0,3.0,0.0,0.0,5.0,1.0,1.0,6.0,11.0,9.0,17.0,2.0,0.0,0.0,0.0,0.0,0.0,0.0,0.0,0.0,0.0,0.0,0.0,0.0,0.0,0.0,0.0,0.0,0.0,0.0,0.0,0.0,2.0,3.0,0.0,4.0,0.0,0.0,8.0,1.0,2.0,7.0,17.0,12.0,23.0,3.0
205,1.0,205.0,London_56,three,151,453,1092.0,70.0,2.0,164439.0,8.4879021611996,816.0,119.0,2.0,117.0,217.0,18.0,199.0,82.0,69.0,126.0,37.0,128.0,27.0,55.0,1.0,10.0,8.0,87.0,132.0,226.0,98.0,0.0,0.0,0.0,0.0,0.0,0.0,0.0,0.0,0.0,0.0,0.0,0.0,0.0,0.0,0.0,0.0,0.0,0.0,0.0,0.0,0.0,0.0,0.0,0.0,0.0,0.0,0.0,0.0,0.0,0.0,0.0,0.0,0.0,1.0,1.0,0.0,0.0,0.0,0.0,0.0,1.0,11.0,0.0,0.0,0.0,0.0,12.0,4.0,1.0,4.0,32.0,21.0,20.0,10.0,0.0,0.0,0.0,0.0,0.0,0.0,0.0,0.0,0.0,0.0,0.0,0.0,0.0,8.0,6.0,0.0,0.0,0.0,0.0,0.0,1.0,16.0,0.0,0.0,0.0,0.0,13.0,5.0,1.0,5.0,46.0,27.0,29.0,13.0
206,1.0,206.0,London_56,three,151,453,1092.0,70.0,2.0,139071.0,6.648412220180035,760.0,114.0,2.0,112.0,203.0,16.0,187.0,217.0,58.0,142.0,23.0,128.0,19.0,67.0,4.0,12.0,8.0,86.0,127.0,232.0,88.0,0.0,0.0,0.0,0.0,0.0,0.0,0.0,0.0,0.0,0.0,0.0,0.0,0.0,0.0,0.0,0.0,0.0,0.0,0.0,0.0,0.0,0.0,0.0,0.0,0.0,0.0,0.0,0.0,0.0,0.0,0.0,0.0,1.0,1.0,1.0,2.0,0.0,0.0,0.0,0.0,3.0,1.0,0.0,1.0,0.0,1.0,8.0,3.0,1.0,20.0,20.0,25.0,21.0,9.0,0.0,0.0,0.0,0.0,0.0,0.0,0.0,0.0,0.0,0.0,0.0,0.0,5.0,4.0,6.0,8.0,0.0,0.0,0.0,0.0,3.0,1.0,0.0,1.0,0.0,1.0,10.0,4.0,1.0,23.0,29.0,35.0,26.0,16.0
207,1.0,207.0,London_56,three,151,453,1092.0,70.0,2.0,124575.0,2.3640186581760645,728.0,2.0,2.0,0.0,20.0,20.0,0.0,203.0,57.0,148.0,16.0,118.0,19.0,76.0,7.0,12.0,9.0,96.0,124.0,224.0,80.0,0.0,0.0,0.0,0.0,0.0,0.0,0.0,0.0,0.0,0.0,0.0,0.0,0.0,0.0,0.0,0.0,0.0,0.0,0.0,0.0,0.0,0.0,0.0,0.0,0.0,0.0,0.0,0.0,0.0,1.0,0.0,1.0,0.0,1.0,0.0,2.0,0.0,0.0,0.0,0.0,0.0,0.0,0.0,0.0,0.0,0.0,0.0,0.0,0.0,0.0,0.0,0.0,0.0,0.0,0.0,0.0,0.0,0.0,0.0,0.0,0.0,0.0,0.0,3.0,0.0,5.0,0.0,6.0,0.0,8.0,0.0,0.0,0.0,0.0,0.0,0.0,0.0,0.0,0.0,0.0,0.0,0.0,0.0,0.0,0.0,0.0,0.0,0.0
208,1.0,208.0,London_56,three,151,453,1092.0,70.0,2.0,169422.0,0.9974837796762586,827.0,116.0,0.0,116.0,210.0,0.0,210.0,20.0,55.0,150.0,18.0,123.0,18.0,69.0,7.0,13.0,6.0,99.0,121.0,227.0,71.0,0.0,0.0,0.0,0.0,0.0,0.0,0.0,0.0,0.0,0.0,0.0,0.0,0.0,0.0,0.0,0.0,0.0,0.0,0.0,0.0,0.0,0.0,0.0,0.0,0.0,0.0,0.0,0.0,0.0,0.0,0.0,0.0,0.0,0.0,0.0,0.0,0.0,0.0,0.0,0.0,3.0,2.0,0.0,2.0,3.0,0.0,11.0,6.0,8.0,9.0,23.0,27.0,20.0,8.0,0.0,0.0,0.0,0.0,0.0,0.0,0.0,0.0,0.0,0.0,0.0,0.0,0.0,0.0,0.0,0.0,0.0,0.0,0.0,0.0,3.0,2.0,0.0,2.0,4.0,0.0,16.0,8.0,12.0,13.0,34.0,47.0,30.0,13.0
209,1.0,209.0,London_56,three,151,453,1092.0,70.0,2.0,151302.0,6.368296121247113,787.0,125.0,0.0,125.0,213.0,0.0,213.0,210.0,52.0,137.0,26.0,122.0,20.0,75.0,6.0,15.0,13.0,95.0,119.0,226.0,74.0,0.0,0.0,0.0,0.0,0.0,0.0,0.0,0.0,0.0,0.0,0.0,0.0,0.0,0.0,0.0,0.0,0.0,0.0,0.0,0.0,0.0,0.0,0.0,0.0,0.0,0.0,0.0,0.0,0.0,0.0,0.0,0.0,0.0,0.0,0.0,0.0,0.0,0.0,0.0,0.0,3.0,2.0,0.0,1.0,2.0,1.0,13.0,3.0,5.0,12.0,29.0,27.0,31.0,5.0,0.0,0.0,0.0,0.0,0.0,0.0,0.0,0.0,0.0,0.0,0.0,0.0,0.0,0.0,0.0,0.0,0.0,0.0,0.0,0.0,3.0,2.0,0.0,1.0,2.0,1.0,20.0,4.0,6.0,16.0,46.0,41.0,40.0,9.0
210,1.0,210.0,London_56,three,151,453,1092.0,70.0,2.0,135900.0,5.621926790103316,753.0,63.0,2.0,61.0,123.0,19.0,104.0,213.0,57.0,142.0,32.0,112.0,18.0,72.0,5.0,15.0,19.0,89.0,132.0,213.0,74.0,0.0,0.0,0.0,0.0,0.0,0.0,0.0,0.0,0.0,0.0,0.0,0.0,0.0,0.0,0.0,0.0,0.0,0.0,0.0,0.0,0.0,0.0,0.0,0.0,0.0,0.0,0.0,0.0,0.0,0.0,0.0,0.0,1.0,1.0,0.0,1.0,0.0,0.0,0.0,0.0,1.0,3.0,0.0,0.0,0.0,0.0,4.0,8.0,3.0,3.0,11.0,15.0,6.0,8.0,0.0,0.0,0.0,0.0,0.0,0.0,0.0,0.0,0.0,0.0,0.0,0.0,3.0,8.0,0.0,4.0,0.0,0.0,0.0,0.0,1.0,5.0,0.0,0.0,0.0,0.0,4.0,10.0,6.0,3.0,20.0,22.0,7.0,14.0
211,1.0,211.0,London_56,three,151,453,1092.0,70.0,2.0,144054.0,5.50331631116569,771.0,14.0,0.0,14.0,28.0,0.0,28.0,123.0,57.0,132.0,41.0,125.0,14.0,66.0,4.0,14.0,12.0,74.0,136.0,231.0,64.0,0.0,0.0,0.0,0.0,0.0,0.0,0.0,0.0,0.0,0.0,0.0,0.0,0.0,0.0,0.0,0.0,0.0,0.0,0.0,0.0,0.0,0.0,0.0,0.0,0.0,0.0,0.0,0.0,0.0,0.0,0.0,0.0,0.0,0.0,0.0,0.0,0.0,0.0,0.0,0.0,0.0,0.0,0.0,0.0,1.0,0.0,1.0,3.0,1.0,1.0,3.0,2.0,6.0,1.0,0.0,0.0,0.0,0.0,0.0,0.0,0.0,0.0,0.0,0.0,0.0,0.0,0.0,0.0,0.0,0.0,0.0,0.0,0.0,0.0,0.0,0.0,0.0,0.0,1.0,0.0,2.0,3.0,3.0,2.0,7.0,3.0,7.0,2.0
212,1.0,212.0,London_56,three,151,453,1092.0,70.0,2.0,174405.0,7.0398881528526545,838.0,122.0,1.0,121.0,216.0,11.0,205.0,28.0,53.0,128.0,41.0,133.0,15.0,66.0,5.0,12.0,13.0,70.0,143.0,227.0,65.0,0.0,0.0,0.0,0.0,0.0,0.0,0.0,0.0,0.0,0.0,0.0,0.0,0.0,0.0,0.0,0.0,0.0,0.0,0.0,0.0,0.0,0.0,0.0,0.0,0.0,0.0,0.0,0.0,0.0,0.0,0.0,0.0,1.0,1.0,0.0,1.0,0.0,0.0,0.0,0.0,3.0,4.0,0.0,1.0,2.0,1.0,10.0,11.0,4.0,9.0,27.0,26.0,20.0,17.0,0.0,0.0,0.0,0.0,0.0,0.0,0.0,0.0,0.0,0.0,0.0,0.0,6.0,7.0,0.0,3.0,0.0,0.0,0.0,0.0,4.0,4.0,0.0,1.0,2.0,2.0,11.0,13.0,4.0,16.0,39.0,32.0,24.0,25.0
213,1.0,213.0,London_56,three,151,453,1092.0,70.0,2.0,156285.0,7.4705059439875185,798.0,105.0,0.0,105.0,190.0,0.0,190.0,216.0,51.0,162.0,33.0,119.0,15.0,57.0,3.0,13.0,12.0,56.0,148.0,237.0,69.0,0.0,0.0,0.0,0.0,0.0,0.0,0.0,0.0,0.0,0.0,0.0,0.0,0.0,0.0,0.0,0.0,0.0,0.0,0.0,0.0,0.0,0.0,0.0,0.0,0.0,0.0,0.0,0.0,0.0,0.0,0.0,0.0,0.0,0.0,0.0,0.0,0.0,0.0,0.0,0.0,5.0,3.0,0.0,0.0,1.0,0.0,8.0,4.0,1.0,11.0,18.0,24.0,27.0,5.0,0.0,0.0,0.0,0.0,0.0,0.0,0.0,0.0,0.0,0.0,0.0,0.0,0.0,0.0,0.0,0.0,0.0,0.0,0.0,0.0,7.0,4.0,0.0,0.0,1.0,0.0,10.0,5.0,2.0,20.0,26.0,42.0,34.0,7.0
214,1.0,214.0,London_56,three,151,453,1092.0,70.0,2.0,136353.0,6.246901992708445,754.0,56.0,0.0,56.0,103.0,0.0,103.0,190.0,47.0,145.0,43.0,123.0,16.0,62.0,3.0,14.0,11.0,78.0,143.0,221.0,61.0,0.0,0.0,0.0,0.0,0.0,0.0,0.0,0.0,0.0,0.0,0.0,0.0,0.0,0.0,0.0,0.0,0.0,0.0,0.0,0.0,0.0,0.0,0.0,0.0,0.0,0.0,0.0,0.0,0.0,0.0,0.0,0.0,0.0,0.0,0.0,0.0,0.0,0.0,0.0,0.0,1.0,1.0,1.0,0.0,3.0,0.0,7.0,2.0,2.0,7.0,11.0,18.0,11.0,9.0,0.0,0.0,0.0,0.0,0.0,0.0,0.0,0.0,0.0,0.0,0.0,0.0,0.0,0.0,0.0,0.0,0.0,0.0,0.0,0.0,1.0,1.0,2.0,0.0,3.0,0.0,10.0,2.0,2.0,12.0,16.0,28.0,17.0,16.0
215,1.0,215.0,London_56,three,151,453,1092.0,70.0,2.0,155832.0,6.214112193789333,797.0,89.0,2.0,87.0,167.0,18.0,149.0,103.0,60.0,129.0,47.0,119.0,18.0,64.0,0.0,16.0,12.0,65.0,150.0,226.0,63.0,0.0,0.0,0.0,0.0,0.0,0.0,0.0,0.0,0.0,0.0,0.0,0.0,0.0,0.0,0.0,0.0,0.0,0.0,0.0,0.0,0.0,0.0,0.0,0.0,0.0,0.0,0.0,0.0,0.0,0.0,0.0,0.0,0.0,0.0,1.0,0.0,0.0,0.0,0.0,0.0,2.0,1.0,1.0,3.0,0.0,1.0,1.0,2.0,3.0,6.0,14.0,15.0,19.0,7.0,0.0,0.0,0.0,0.0,0.0,0.0,0.0,0.0,0.0,0.0,0.0,0.0,0.0,0.0,6.0,0.0,0.0,0.0,0.0,0.0,2.0,1.0,1.0,4.0,0.0,1.0,1.0,3.0,3.0,7.0,18.0,23.0,25.0,13.0
216,1.0,216.0,London_56,three,151,453,1092.0,70.0,2.0,154926.0,7.071941355243325,795.0,138.0,1.0,137.0,230.0,10.0,220.0,167.0,62.0,122.0,56.0,124.0,18.0,60.0,0.0,11.0,15.0,67.0,139.0,232.0,71.0,0.0,0.0,0.0,0.0,0.0,0.0,0.0,0.0,0.0,0.0,0.0,0.0,0.0,0.0,0.0,0.0,0.0,0.0,0.0,0.0,0.0,0.0,0.0,0.0,0.0,0.0,0.0,0.0,0.0,0.0,0.0,0.0,0.0,0.0,0.0,0.0,1.0,0.0,0.0,0.0,2.0,5.0,0.0,1.0,2.0,1.0,11.0,7.0,8.0,13.0,29.0,33.0,33.0,10.0,0.0,0.0,0.0,0.0,0.0,0.0,0.0,0.0,0.0,0.0,0.0,0.0,0.0,0.0,0.0,0.0,9.0,0.0,0.0,0.0,2.0,7.0,0.0,1.0,2.0,2.0,12.0,12.0,11.0,18.0,38.0,44.0,40.0,16.0
217,1.0,217.0,London_56,three,151,453,1092.0,70.0,2.0,124122.0,6.321582539007068,727.0,18.0,0.0,18.0,32.0,0.0,32.0,230.0,60.0,126.0,49.0,139.0,23.0,44.0,1.0,11.0,11.0,72.0,146.0,224.0,83.0,0.0,0.0,0.0,0.0,0.0,0.0,0.0,0.0,0.0,0.0,0.0,0.0,0.0,0.0,0.0,0.0,0.0,0.0,0.0,0.0,0.0,0.0,0.0,0.0,0.0,0.0,0.0,0.0,0.0,0.0,0.0,0.0,0.0,0.0,0.0,0.0,0.0,0.0,0.0,0.0,0.0,1.0,0.0,0.0,0.0,0.0,3.0,2.0,1.0,4.0,7.0,2.0,5.0,2.0,0.0,0.0,0.0,0.0,0.0,0.0,0.0,0.0,0.0,0.0,0.0,0.0,0.0,0.0,0.0,0.0,0.0,0.0,0.0,0.0,0.0,1.0,0.0,0.0,0.0,0.0,3.0,2.0,2.0,4.0,10.0,2.0,8.0,3.0
218,1.0,218.0,London_56,three,151,453,1092.0,70.0,2.0,159003.0,7.315359503030777,804.0,56.0,0.0,56.0,91.0,0.0,91.0,32.0,55.0,130.0,52.0,141.0,23.0,43.0,1.0,8.0,10.0,66.0,154.0,223.0,84.0,0.0,0.0,0.0,0.0,0.0,0.0,0.0,0.0,0.0,0.0,0.0,0.0,0.0,0.0,0.0,0.0,0.0,0.0,0.0,0.0,0.0,0.0,0.0,0.0,0.0,0.0,0.0,0.0,0.0,0.0,0.0,0.0,0.0,0.0,0.0,0.0,0.0,0.0,0.0,0.0,1.0,0.0,0.0,1.0,0.0,0.0,3.0,1.0,1.0,4.0,9.0,11.0,8.0,10.0,0.0,0.0,0.0,0.0,0.0,0.0,0.0,0.0,0.0,0.0,0.0,0.0,0.0,0.0,0.0,0.0,0.0,0.0,0.0,0.0,1.0,0.0,0.0,1.0,0.0,0.0,4.0,1.0,2.0,4.0,14.0,15.0,9.0,14.0
219,1.0,219.0,London_56,three,151,453,1092.0,70.0,2.0,175764.0,5.895116454921663,841.0,33.0,2.0,31.0,68.0,16.0,52.0,91.0,63.0,127.0,50.0,139.0,23.0,38.0,1.0,12.0,12.0,61.0,145.0,235.0,84.0,0.0,0.0,0.0,0.0,0.0,0.0,0.0,0.0,0.0,0.0,0.0,0.0,0.0,0.0,0.0,0.0,0.0,0.0,0.0,0.0,0.0,0.0,0.0,0.0,0.0,0.0,0.0,0.0,0.0,0.0,0.0,0.0,0.0,0.0,0.0,1.0,0.0,0.0,0.0,0.0,0.0,2.0,0.0,0.0,0.0,0.0,2.0,4.0,2.0,1.0,5.0,5.0,6.0,1.0,0.0,0.0,0.0,0.0,0.0,0.0,0.0,0.0,0.0,0.0,0.0,0.0,0.0,0.0,0.0,2.0,0.0,0.0,0.0,0.0,0.0,3.0,0.0,0.0,0.0,0.0,3.0,4.0,3.0,1.0,6.0,6.0,7.0,1.0
220,1.0,220.0,London_56,three,151,453,1092.0,70.0,2.0,211098.0,8.000582886394113,919.0,138.0,2.0,136.0,240.0,18.0,222.0,68.0,53.0,129.0,47.0,149.0,23.0,38.0,1.0,13.0,9.0,61.0,144.0,239.0,82.0,0.0,0.0,0.0,0.0,0.0,0.0,0.0,0.0,0.0,0.0,0.0,0.0,0.0,0.0,0.0,0.0,0.0,0.0,0.0,0.0,0.0,0.0,0.0,0.0,0.0,0.0,0.0,0.0,0.0,0.0,0.0,0.0,0.0,1.0,0.0,1.0,1.0,0.0,0.0,0.0,3.0,0.0,0.0,2.0,0.0,0.0,11.0,13.0,1.0,15.0,32.0,29.0,21.0,19.0,0.0,0.0,0.0,0.0,0.0,0.0,0.0,0.0,0.0,0.0,0.0,0.0,0.0,8.0,0.0,6.0,8.0,0.0,0.0,0.0,3.0,0.0,0.0,5.0,0.0,0.0,20.0,15.0,1.0,19.0,44.0,41.0,25.0,24.0
221,1.0,221.0,London_56,three,151,453,1092.0,70.0,2.0,191166.0,5.368471530266106,875.0,119.0,1.0,118.0,214.0,10.0,204.0,240.0,59.0,124.0,45.0,152.0,20.0,37.0,1.0,15.0,9.0,67.0,154.0,223.0,81.0,0.0,0.0,0.0,0.0,0.0,0.0,0.0,0.0,0.0,0.0,0.0,0.0,0.0,0.0,0.0,0.0,0.0,0.0,0.0,0.0,0.0,0.0,0.0,0.0,0.0,0.0,0.0,0.0,0.0,0.0,0.0,0.0,0.0,0.0,1.0,0.0,0.0,0.0,0.0,0.0,1.0,0.0,0.0,2.0,0.0,0.0,8.0,13.0,5.0,7.0,16.0,27.0,31.0,15.0,0.0,0.0,0.0,0.0,0.0,0.0,0.0,0.0,0.0,0.0,0.0,0.0,0.0,0.0,10.0,0.0,0.0,0.0,0.0,0.0,2.0,0.0,0.0,2.0,0.0,0.0,10.0,21.0,5.0,8.0,21.0,44.0,41.0,24.0
222,1.0,222.0,London_56,three,151,453,1092.0,70.0,2.0,182106.0,3.9167706347070634,855.0,131.0,0.0,131.0,212.0,0.0,212.0,214.0,65.0,133.0,43.0,141.0,17.0,40.0,0.0,14.0,10.0,69.0,140.0,234.0,76.0,0.0,0.0,0.0,0.0,0.0,0.0,0.0,0.0,0.0,0.0,0.0,0.0,0.0,0.0,0.0,0.0,0.0,0.0,0.0,0.0,0.0,0.0,0.0,0.0,0.0,0.0,0.0,0.0,0.0,0.0,0.0,0.0,0.0,0.0,0.0,0.0,0.0,0.0,0.0,0.0,0.0,2.0,0.0,0.0,0.0,0.0,3.0,12.0,3.0,8.0,24.0,28.0,31.0,16.0,0.0,0.0,0.0,0.0,0.0,0.0,0.0,0.0,0.0,0.0,0.0,0.0,0.0,0.0,0.0,0.0,0.0,0.0,0.0,0.0,0.0,2.0,0.0,0.0,0.0,0.0,3.0,14.0,6.0,11.0,31.0,37.0,42.0,23.0
223,1.0,223.0,London_56,three,151,453,1092.0,70.0,2.0,170328.0,6.782221289817244,829.0,104.0,2.0,102.0,204.0,18.0,186.0,212.0,65.0,128.0,48.0,137.0,18.0,40.0,2.0,15.0,9.0,74.0,150.0,220.0,76.0,0.0,0.0,0.0,0.0,0.0,0.0,0.0,0.0,0.0,0.0,0.0,0.0,0.0,0.0,0.0,0.0,0.0,0.0,0.0,0.0,0.0,0.0,0.0,0.0,0.0,0.0,0.0,0.0,0.0,0.0,0.0,0.0,1.0,0.0,0.0,1.0,0.0,0.0,0.0,0.0,1.0,0.0,0.0,0.0,0.0,0.0,17.0,4.0,3.0,10.0,23.0,20.0,21.0,10.0,0.0,0.0,0.0,0.0,0.0,0.0,0.0,0.0,0.0,0.0,0.0,0.0,4.0,0.0,0.0,2.0,0.0,0.0,0.0,0.0,1.0,0.0,0.0,0.0,0.0,0.0,22.0,6.0,3.0,14.0,41.0,27.0,26.0,15.0
224,1.0,224.0,London_56,three,151,453,1092.0,70.0,2.0,154926.0,3.4250567299313843,795.0,78.0,2.0,76.0,139.0,19.0,120.0,204.0,56.0,134.0,51.0,140.0,15.0,40.0,2.0,15.0,11.0,77.0,143.0,222.0,77.0,0.0,0.0,0.0,0.0,0.0,0.0,0.0,0.0,0.0,0.0,0.0,0.0,0.0,0.0,0.0,0.0,0.0,0.0,0.0,0.0,0.0,0.0,0.0,0.0,0.0,0.0,0.0,0.0,0.0,0.0,0.0,0.0,1.0,2.0,0.0,1.0,0.0,0.0,0.0,0.0,0.0,0.0,0.0,1.0,0.0,1.0,9.0,0.0,2.0,4.0,12.0,24.0,17.0,9.0,0.0,0.0,0.0,0.0,0.0,0.0,0.0,0.0,0.0,0.0,0.0,0.0,4.0,13.0,0.0,2.0,0.0,0.0,0.0,0.0,0.0,0.0,0.0,2.0,0.0,3.0,11.0,0.0,3.0,4.0,18.0,32.0,18.0,12.0
225,1.0,225.0,London_56,three,151,453,1092.0,70.0,2.0,151302.0,6.01874635880813,787.0,4.0,2.0,2.0,23.0,20.0,3.0,139.0,66.0,124.0,54.0,126.0,17.0,49.0,3.0,14.0,9.0,77.0,154.0,213.0,71.0,0.0,0.0,0.0,0.0,0.0,0.0,0.0,0.0,0.0,0.0,0.0,0.0,0.0,0.0,0.0,0.0,0.0,0.0,0.0,0.0,0.0,0.0,0.0,0.0,0.0,0.0,0.0,0.0,0.0,0.0,0.0,0.0,0.0,0.0,2.0,1.0,0.0,0.0,0.0,0.0,0.0,0.0,0.0,0.0,0.0,0.0,0.0,0.0,0.0,0.0,0.0,0.0,0.0,0.0,0.0,0.0,0.0,0.0,0.0,0.0,0.0,0.0,0.0,0.0,0.0,0.0,0.0,0.0,20.0,1.0,0.0,0.0,0.0,0.0,0.0,0.0,0.0,0.0,0.0,0.0,0.0,0.0,0.0,0.0,0.0,0.0,0.0,0.0
226,1.0,226.0,London_56,three,151,453,1092.0,70.0,2.0,187542.0,4.31098717963323,867.0,172.0,0.0,172.0,315.0,0.0,315.0,23.0,65.0,126.0,42.0,134.0,20.0,49.0,3.0,14.0,6.0,81.0,142.0,224.0,70.0,0.0,0.0,0.0,0.0,0.0,0.0,0.0,0.0,0.0,0.0,0.0,0.0,0.0,0.0,0.0,0.0,0.0,0.0,0.0,0.0,0.0,0.0,0.0,0.0,0.0,0.0,0.0,0.0,0.0,0.0,0.0,0.0,0.0,0.0,0.0,0.0,0.0,0.0,0.0,0.0,2.0,9.0,0.0,6.0,1.0,0.0,8.0,12.0,1.0,10.0,25.0,43.0,35.0,18.0,0.0,0.0,0.0,0.0,0.0,0.0,0.0,0.0,0.0,0.0,0.0,0.0,0.0,0.0,0.0,0.0,0.0,0.0,0.0,0.0,2.0,13.0,0.0,10.0,1.0,0.0,12.0,16.0,1.0,13.0,39.0,68.0,41.0,27.0
227,1.0,227.0,London_56,three,151,453,1092.0,70.0,2.0,134088.0,6.066041043028235,749.0,122.0,2.0,120.0,226.0,17.0,209.0,315.0,59.0,125.0,35.0,145.0,22.0,52.0,4.0,11.0,12.0,70.0,144.0,227.0,78.0,0.0,0.0,0.0,0.0,0.0,0.0,0.0,0.0,0.0,0.0,0.0,0.0,0.0,0.0,0.0,0.0,0.0,0.0,0.0,0.0,0.0,0.0,0.0,0.0,0.0,0.0,0.0,0.0,0.0,0.0,0.0,0.0,0.0,0.0,0.0,2.0,0.0,0.0,0.0,0.0,3.0,15.0,0.0,1.0,0.0,0.0,9.0,12.0,4.0,16.0,26.0,35.0,24.0,14.0,0.0,0.0,0.0,0.0,0.0,0.0,0.0,0.0,0.0,0.0,0.0,0.0,0.0,0.0,0.0,4.0,0.0,0.0,0.0,0.0,3.0,16.0,0.0,1.0,0.0,0.0,10.0,18.0,4.0,21.0,43.0,52.0,30.0,20.0
228,1.0,228.0,London_56,three,151,453,1092.0,70.0,2.0,101472.0,6.0157569400034845,677.0,145.0,0.0,145.0,262.0,0.0,262.0,226.0,71.0,118.0,36.0,138.0,21.0,46.0,6.0,17.0,9.0,61.0,154.0,229.0,71.0,0.0,0.0,0.0,0.0,0.0,0.0,0.0,0.0,0.0,0.0,0.0,0.0,0.0,0.0,0.0,0.0,0.0,0.0,0.0,0.0,0.0,0.0,0.0,0.0,0.0,0.0,0.0,0.0,0.0,0.0,0.0,0.0,0.0,0.0,0.0,0.0,0.0,0.0,0.0,0.0,2.0,0.0,0.0,4.0,0.0,1.0,14.0,12.0,7.0,11.0,32.0,37.0,22.0,14.0,0.0,0.0,0.0,0.0,0.0,0.0,0.0,0.0,0.0,0.0,0.0,0.0,0.0,0.0,0.0,0.0,0.0,0.0,0.0,0.0,3.0,0.0,0.0,6.0,0.0,1.0,16.0,18.0,10.0,17.0,53.0,53.0,25.0,22.0
229,1.0,229.0,London_56,three,151,453,1092.0,70.0,2.0,64779.0,0.3605524869635701,596.0,13.0,0.0,13.0,24.0,0.0,24.0,262.0,68.0,121.0,23.0,150.0,27.0,43.0,5.0,16.0,10.0,72.0,145.0,226.0,70.0,0.0,0.0,0.0,0.0,0.0,0.0,0.0,0.0,0.0,0.0,0.0,0.0,0.0,0.0,0.0,0.0,0.0,0.0,0.0,0.0,0.0,0.0,0.0,0.0,0.0,0.0,0.0,0.0,0.0,0.0,0.0,0.0,0.0,0.0,0.0,0.0,0.0,0.0,0.0,0.0,1.0,0.0,0.0,0.0,0.0,0.0,1.0,3.0,1.0,3.0,2.0,2.0,3.0,2.0,0.0,0.0,0.0,0.0,0.0,0.0,0.0,0.0,0.0,0.0,0.0,0.0,0.0,0.0,0.0,0.0,0.0,0.0,0.0,0.0,1.0,0.0,0.0,0.0,0.0,0.0,1.0,3.0,2.0,5.0,3.0,2.0,5.0,3.0
230,1.0,230.0,London_56,three,151,453,1092.0,70.0,2.0,94677.0,5.370004306081682,662.0,42.0,1.0,41.0,75.0,9.0,66.0,24.0,70.0,120.0,25.0,150.0,27.0,40.0,5.0,16.0,10.0,67.0,146.0,230.0,74.0,0.0,0.0,0.0,0.0,0.0,0.0,0.0,0.0,0.0,0.0,0.0,0.0,0.0,0.0,0.0,0.0,0.0,0.0,0.0,0.0,0.0,0.0,0.0,0.0,0.0,0.0,0.0,0.0,0.0,0.0,0.0,0.0,0.0,0.0,0.0,0.0,0.0,0.0,0.0,0.0,0.0,1.0,0.0,1.0,1.0,0.0,3.0,2.0,1.0,6.0,9.0,12.0,4.0,4.0,0.0,0.0,0.0,0.0,0.0,0.0,0.0,0.0,0.0,0.0,0.0,0.0,0.0,0.0,0.0,0.0,0.0,0.0,0.0,0.0,0.0,1.0,0.0,1.0,1.0,0.0,5.0,3.0,1.0,8.0,14.0,15.0,5.0,7.0
231,1.0,231.0,London_56,three,151,453,1092.0,70.0,2.0,110985.0,3.8592383498325944,698.0,20.0,0.0,20.0,40.0,0.0,40.0,75.0,69.0,128.0,27.0,146.0,23.0,41.0,5.0,14.0,10.0,59.0,152.0,232.0,75.0,0.0,0.0,0.0,0.0,0.0,0.0,0.0,0.0,0.0,0.0,0.0,0.0,0.0,0.0,0.0,0.0,0.0,0.0,0.0,0.0,0.0,0.0,0.0,0.0,0.0,0.0,0.0,0.0,0.0,0.0,0.0,0.0,0.0,0.0,0.0,0.0,0.0,0.0,0.0,0.0,0.0,0.0,0.0,0.0,0.0,0.0,4.0,0.0,1.0,1.0,3.0,6.0,9.0,1.0,0.0,0.0,0.0,0.0,0.0,0.0,0.0,0.0,0.0,0.0,0.0,0.0,0.0,0.0,0.0,0.0,0.0,0.0,0.0,0.0,0.0,0.0,0.0,0.0,0.0,0.0,7.0,0.0,1.0,2.0,5.0,8.0,13.0,1.0
232,1.0,232.0,London_56,three,151,453,1092.0,70.0,2.0,136353.0,3.1992109161801636,754.0,6.0,0.0,6.0,10.0,0.0,10.0,40.0,65.0,139.0,27.0,140.0,19.0,46.0,4.0,13.0,11.0,58.0,145.0,239.0,78.0,0.0,0.0,0.0,0.0,0.0,0.0,0.0,0.0,0.0,0.0,0.0,0.0,0.0,0.0,0.0,0.0,0.0,0.0,0.0,0.0,0.0,0.0,0.0,0.0,0.0,0.0,0.0,0.0,0.0,0.0,0.0,0.0,0.0,0.0,0.0,0.0,0.0,0.0,0.0,0.0,0.0,0.0,0.0,0.0,0.0,0.0,0.0,0.0,0.0,0.0,0.0,2.0,1.0,0.0,0.0,0.0,0.0,0.0,0.0,0.0,0.0,0.0,0.0,0.0,0.0,0.0,0.0,0.0,0.0,0.0,0.0,0.0,0.0,0.0,0.0,0.0,0.0,0.0,0.0,0.0,0.0,0.0,0.0,0.0,0.0,2.0,1.0,0.0
233,1.0,233.0,London_56,three,151,453,1092.0,70.0,2.0,174858.0,2.7204819465987384,839.0,33.0,0.0,33.0,55.0,0.0,55.0,10.0,65.0,140.0,27.0,139.0,19.0,46.0,4.0,13.0,11.0,58.0,149.0,235.0,77.0,0.0,0.0,0.0,0.0,0.0,0.0,0.0,0.0,0.0,0.0,0.0,0.0,0.0,0.0,0.0,0.0,0.0,0.0,0.0,0.0,0.0,0.0,0.0,0.0,0.0,0.0,0.0,0.0,0.0,0.0,0.0,0.0,0.0,0.0,0.0,0.0,0.0,0.0,0.0,0.0,0.0,0.0,0.0,0.0,0.0,0.0,3.0,0.0,0.0,4.0,10.0,7.0,8.0,1.0,0.0,0.0,0.0,0.0,0.0,0.0,0.0,0.0,0.0,0.0,0.0,0.0,0.0,0.0,0.0,0.0,0.0,0.0,0.0,0.0,0.0,0.0,0.0,0.0,0.0,0.0,5.0,0.0,0.0,7.0,15.0,9.0,11.0,1.0
234,1.0,234.0,London_56,three,151,453,1092.0,70.0,2.0,219252.0,7.425290476996452,937.0,75.0,2.0,73.0,138.0,17.0,121.0,55.0,62.0,138.0,30.0,141.0,19.0,45.0,4.0,14.0,11.0,63.0,150.0,229.0,76.0,0.0,0.0,0.0,0.0,0.0,0.0,0.0,0.0,0.0,0.0,0.0,0.0,0.0,0.0,0.0,0.0,0.0,0.0,0.0,0.0,0.0,0.0,0.0,0.0,0.0,0.0,0.0,0.0,0.0,0.0,0.0,0.0,0.0,1.0,0.0,1.0,0.0,0.0,0.0,0.0,1.0,2.0,0.0,1.0,0.0,0.0,10.0,5.0,0.0,2.0,17.0,20.0,16.0,5.0,0.0,0.0,0.0,0.0,0.0,0.0,0.0,0.0,0.0,0.0,0.0,0.0,0.0,8.0,0.0,3.0,0.0,0.0,0.0,0.0,1.0,4.0,0.0,1.0,0.0,0.0,13.0,7.0,0.0,2.0,25.0,27.0,18.0,10.0
235,1.0,235.0,London_56,three,151,453,1092.0,70.0,2.0,243261.0,9.800800164230168,990.0,207.0,2.0,205.0,383.0,20.0,363.0,138.0,54.0,135.0,30.0,153.0,16.0,48.0,4.0,13.0,9.0,67.0,155.0,222.0,73.0,0.0,0.0,0.0,0.0,0.0,0.0,0.0,0.0,0.0,0.0,0.0,0.0,0.0,0.0,0.0,0.0,0.0,0.0,0.0,0.0,0.0,0.0,0.0,0.0,0.0,0.0,0.0,0.0,0.0,0.0,0.0,0.0,2.0,2.0,0.0,2.0,0.0,0.0,0.0,0.0,3.0,16.0,0.0,8.0,2.0,0.0,23.0,6.0,5.0,22.0,40.0,47.0,25.0,15.0,0.0,0.0,0.0,0.0,0.0,0.0,0.0,0.0,0.0,0.0,0.0,0.0,4.0,19.0,0.0,8.0,0.0,0.0,0.0,0.0,3.0,25.0,0.0,9.0,2.0,0.0,35.0,11.0,5.0,28.0,59.0,71.0,31.0,21.0
236,1.0,236.0,London_56,three,151,453,1092.0,70.0,2.0,194790.0,7.769858217798173,883.0,230.0,2.0,228.0,408.0,18.0,390.0,383.0,53.0,149.0,44.0,112.0,22.0,54.0,3.0,16.0,5.0,79.0,174.0,195.0,70.0,0.0,0.0,0.0,0.0,0.0,0.0,0.0,0.0,0.0,0.0,0.0,0.0,0.0,0.0,0.0,0.0,0.0,0.0,0.0,0.0,0.0,0.0,0.0,0.0,0.0,0.0,0.0,0.0,0.0,0.0,0.0,0.0,0.0,0.0,1.0,1.0,0.0,0.0,0.0,0.0,0.0,18.0,0.0,0.0,18.0,0.0,4.0,3.0,22.0,3.0,50.0,59.0,44.0,11.0,0.0,0.0,0.0,0.0,0.0,0.0,0.0,0.0,0.0,0.0,0.0,0.0,0.0,0.0,7.0,1.0,0.0,0.0,0.0,0.0,0.0,23.0,0.0,0.0,19.0,0.0,6.0,4.0,27.0,3.0,67.0,88.0,59.0,19.0
237,1.0,237.0,London_56,three,151,453,1092.0,70.0,2.0,125934.0,0.5900103482417762,731.0,15.0,1.0,14.0,29.0,9.0,20.0,408.0,58.0,144.0,32.0,125.0,24.0,53.0,2.0,15.0,5.0,88.0,149.0,211.0,57.0,0.0,0.0,0.0,0.0,0.0,0.0,0.0,0.0,0.0,0.0,0.0,0.0,0.0,0.0,0.0,0.0,0.0,0.0,0.0,0.0,0.0,0.0,0.0,0.0,0.0,0.0,0.0,0.0,0.0,0.0,0.0,0.0,0.0,0.0,1.0,0.0,1.0,0.0,0.0,0.0,0.0,0.0,0.0,0.0,0.0,0.0,0.0,0.0,1.0,1.0,3.0,2.0,0.0,2.0,0.0,0.0,0.0,0.0,0.0,0.0,0.0,0.0,0.0,0.0,0.0,0.0,0.0,0.0,6.0,0.0,4.0,0.0,0.0,0.0,0.0,0.0,0.0,0.0,0.0,0.0,0.0,0.0,1.0,1.0,3.0,2.0,0.0,3.0
238,1.0,238.0,London_56,three,151,453,1092.0,70.0,2.0,155379.0,4.377457567024976,796.0,9.0,2.0,7.0,30.0,18.0,12.0,29.0,59.0,138.0,34.0,128.0,24.0,55.0,2.0,13.0,4.0,87.0,142.0,220.0,56.0,0.0,0.0,0.0,0.0,0.0,0.0,0.0,0.0,0.0,0.0,0.0,0.0,0.0,0.0,0.0,0.0,0.0,0.0,0.0,0.0,0.0,0.0,0.0,0.0,0.0,0.0,0.0,0.0,0.0,2.0,0.0,0.0,0.0,0.0,0.0,0.0,0.0,0.0,0.0,0.0,0.0,0.0,0.0,0.0,0.0,0.0,1.0,0.0,1.0,0.0,1.0,2.0,0.0,2.0,0.0,0.0,0.0,0.0,0.0,0.0,0.0,0.0,0.0,13.0,0.0,0.0,0.0,0.0,0.0,0.0,0.0,0.0,0.0,0.0,0.0,0.0,0.0,0.0,0.0,0.0,2.0,0.0,2.0,0.0,1.0,3.0,0.0,3.0
239,1.0,239.0,London_56,three,151,453,1092.0,70.0,2.0,199320.0,6.9963258928619325,893.0,167.0,1.0,166.0,283.0,8.0,275.0,30.0,50.0,137.0,36.0,133.0,25.0,57.0,2.0,13.0,4.0,87.0,145.0,217.0,54.0,0.0,0.0,0.0,0.0,0.0,0.0,0.0,0.0,0.0,0.0,0.0,0.0,0.0,0.0,0.0,0.0,0.0,0.0,0.0,0.0,0.0,0.0,0.0,0.0,0.0,0.0,0.0,0.0,0.0,0.0,0.0,0.0,1.0,0.0,0.0,1.0,0.0,0.0,0.0,0.0,11.0,6.0,0.0,1.0,0.0,1.0,16.0,5.0,13.0,6.0,31.0,31.0,27.0,15.0,0.0,0.0,0.0,0.0,0.0,0.0,0.0,0.0,0.0,0.0,0.0,0.0,3.0,0.0,0.0,4.0,0.0,0.0,0.0,0.0,13.0,7.0,0.0,1.0,0.0,1.0,20.0,6.0,18.0,8.0,51.0,47.0,34.0,21.0
240,1.0,240.0,London_56,three,151,453,1092.0,70.0,2.0,160815.0,6.048682719003409,808.0,69.0,1.0,68.0,125.0,9.0,116.0,283.0,61.0,145.0,34.0,114.0,26.0,57.0,4.0,12.0,6.0,98.0,140.0,209.0,63.0,0.0,0.0,0.0,0.0,0.0,0.0,0.0,0.0,0.0,0.0,0.0,0.0,0.0,0.0,0.0,0.0,0.0,0.0,0.0,0.0,0.0,0.0,0.0,0.0,0.0,0.0,0.0,0.0,0.0,0.0,0.0,0.0,0.0,0.0,1.0,0.0,0.0,0.0,0.0,0.0,2.0,2.0,0.0,0.0,0.0,0.0,5.0,2.0,2.0,5.0,8.0,18.0,12.0,8.0,0.0,0.0,0.0,0.0,0.0,0.0,0.0,0.0,0.0,0.0,0.0,0.0,0.0,0.0,5.0,0.0,0.0,0.0,0.0,0.0,2.0,5.0,0.0,0.0,0.0,0.0,6.0,3.0,3.0,5.0,12.0,25.0,16.0,12.0
241,1.0,241.0,London_56,three,151,453,1092.0,70.0,2.0,175311.0,5.923046530690044,840.0,114.0,0.0,114.0,212.0,0.0,212.0,125.0,71.0,125.0,37.0,125.0,24.0,56.0,4.0,11.0,10.0,94.0,133.0,216.0,58.0,0.0,0.0,0.0,0.0,0.0,0.0,0.0,0.0,0.0,0.0,0.0,0.0,0.0,0.0,0.0,0.0,0.0,0.0,0.0,0.0,0.0,0.0,0.0,0.0,0.0,0.0,0.0,0.0,0.0,0.0,0.0,0.0,0.0,0.0,0.0,0.0,0.0,0.0,0.0,0.0,0.0,11.0,0.0,1.0,0.0,0.0,3.0,7.0,1.0,6.0,18.0,24.0,18.0,8.0,0.0,0.0,0.0,0.0,0.0,0.0,0.0,0.0,0.0,0.0,0.0,0.0,0.0,0.0,0.0,0.0,0.0,0.0,0.0,0.0,0.0,17.0,0.0,1.0,0.0,0.0,4.0,10.0,2.0,6.0,33.0,38.0,22.0,11.0
242,1.0,242.0,London_56,three,151,453,1092.0,70.0,2.0,172593.0,6.379977575968951,834.0,68.0,2.0,66.0,135.0,18.0,117.0,212.0,73.0,120.0,34.0,125.0,26.0,63.0,4.0,8.0,8.0,86.0,143.0,216.0,58.0,0.0,0.0,0.0,0.0,0.0,0.0,0.0,0.0,0.0,0.0,0.0,0.0,0.0,0.0,0.0,0.0,0.0,0.0,0.0,0.0,0.0,0.0,0.0,0.0,0.0,0.0,0.0,0.0,0.0,0.0,0.0,0.0,0.0,1.0,1.0,0.0,0.0,0.0,0.0,0.0,2.0,2.0,0.0,0.0,0.0,0.0,9.0,1.0,1.0,4.0,11.0,18.0,13.0,5.0,0.0,0.0,0.0,0.0,0.0,0.0,0.0,0.0,0.0,0.0,0.0,0.0,0.0,5.0,8.0,0.0,0.0,0.0,0.0,0.0,2.0,3.0,0.0,0.0,0.0,0.0,11.0,2.0,1.0,6.0,17.0,33.0,18.0,9.0
243,1.0,243.0,London_56,three,151,453,1092.0,70.0,2.0,180747.0,6.934477409813553,852.0,156.0,0.0,156.0,268.0,0.0,268.0,135.0,76.0,121.0,39.0,126.0,20.0,58.0,4.0,9.0,6.0,86.0,140.0,221.0,69.0,0.0,0.0,0.0,0.0,0.0,0.0,0.0,0.0,0.0,0.0,0.0,0.0,0.0,0.0,0.0,0.0,0.0,0.0,0.0,0.0,0.0,0.0,0.0,0.0,0.0,0.0,0.0,0.0,0.0,0.0,0.0,0.0,0.0,0.0,0.0,0.0,0.0,0.0,0.0,0.0,1.0,16.0,0.0,5.0,0.0,0.0,27.0,8.0,3.0,9.0,30.0,33.0,23.0,13.0,0.0,0.0,0.0,0.0,0.0,0.0,0.0,0.0,0.0,0.0,0.0,0.0,0.0,0.0,0.0,0.0,0.0,0.0,0.0,0.0,1.0,28.0,0.0,8.0,0.0,0.0,34.0,10.0,4.0,11.0,44.0,48.0,31.0,22.0
244,1.0,244.0,London_56,three,151,453,1092.0,70.0,2.0,145413.0,5.613835469819605,774.0,1.0,1.0,0.0,8.0,8.0,0.0,268.0,63.0,132.0,37.0,126.0,22.0,57.0,3.0,13.0,5.0,89.0,146.0,213.0,64.0,0.0,0.0,0.0,0.0,0.0,0.0,0.0,0.0,0.0,0.0,0.0,0.0,0.0,0.0,0.0,0.0,0.0,0.0,0.0,0.0,0.0,0.0,0.0,0.0,0.0,0.0,0.0,0.0,0.0,0.0,0.0,0.0,1.0,0.0,1.0,1.0,0.0,0.0,0.0,0.0,0.0,0.0,0.0,0.0,0.0,0.0,0.0,0.0,0.0,0.0,0.0,0.0,0.0,0.0,0.0,0.0,0.0,0.0,0.0,0.0,0.0,0.0,0.0,0.0,0.0,0.0,1.0,0.0,6.0,3.0,0.0,0.0,0.0,0.0,0.0,0.0,0.0,0.0,0.0,0.0,0.0,0.0,0.0,0.0,0.0,0.0,0.0,0.0
245,1.0,245.0,London_56,three,151,453,1092.0,70.0,2.0,184824.0,6.815832851920277,861.0,91.0,1.0,90.0,171.0,8.0,163.0,8.0,63.0,137.0,34.0,124.0,22.0,57.0,3.0,13.0,3.0,90.0,144.0,216.0,61.0,0.0,0.0,0.0,0.0,0.0,0.0,0.0,0.0,0.0,0.0,0.0,0.0,0.0,0.0,0.0,0.0,0.0,0.0,0.0,0.0,0.0,0.0,0.0,0.0,0.0,0.0,0.0,0.0,0.0,0.0,0.0,0.0,0.0,1.0,0.0,0.0,1.0,0.0,0.0,0.0,0.0,0.0,0.0,1.0,0.0,0.0,10.0,6.0,3.0,7.0,11.0,26.0,11.0,5.0,0.0,0.0,0.0,0.0,0.0,0.0,0.0,0.0,0.0,0.0,0.0,0.0,0.0,7.0,0.0,0.0,5.0,0.0,0.0,0.0,0.0,0.0,0.0,1.0,0.0,0.0,14.0,8.0,3.0,8.0,17.0,46.0,15.0,6.0
246,1.0,246.0,London_56,three,151,453,1092.0,70.0,2.0,181200.0,9.197677250020206,853.0,194.0,0.0,194.0,332.0,0.0,332.0,171.0,63.0,135.0,40.0,133.0,22.0,42.0,3.0,15.0,4.0,95.0,138.0,216.0,74.0,0.0,0.0,0.0,0.0,0.0,0.0,0.0,0.0,0.0,0.0,0.0,0.0,0.0,0.0,0.0,0.0,0.0,0.0,0.0,0.0,0.0,0.0,0.0,0.0,0.0,0.0,0.0,0.0,0.0,0.0,0.0,0.0,0.0,0.0,0.0,0.0,0.0,0.0,0.0,0.0,1.0,19.0,0.0,5.0,1.0,0.0,9.0,7.0,3.0,14.0,48.0,56.0,23.0,19.0,0.0,0.0,0.0,0.0,0.0,0.0,0.0,0.0,0.0,0.0,0.0,0.0,0.0,0.0,0.0,0.0,0.0,0.0,0.0,0.0,1.0,22.0,0.0,8.0,1.0,0.0,14.0,10.0,4.0,18.0,78.0,78.0,27.0,22.0
247,1.0,247.0,London_56,three,151,453,1092.0,70.0,2.0,118233.0,4.191120156552643,714.0,21.0,2.0,19.0,51.0,18.0,33.0,332.0,60.0,143.0,31.0,125.0,23.0,52.0,4.0,15.0,3.0,79.0,142.0,229.0,82.0,0.0,0.0,0.0,0.0,0.0,0.0,0.0,0.0,0.0,0.0,0.0,0.0,0.0,0.0,0.0,0.0,0.0,0.0,0.0,0.0,0.0,0.0,0.0,0.0,0.0,0.0,0.0,0.0,0.0,0.0,0.0,0.0,0.0,1.0,1.0,1.0,0.0,0.0,0.0,0.0,3.0,0.0,0.0,0.0,0.0,0.0,0.0,5.0,1.0,1.0,3.0,6.0,6.0,2.0,0.0,0.0,0.0,0.0,0.0,0.0,0.0,0.0,0.0,0.0,0.0,0.0,0.0,7.0,7.0,4.0,0.0,0.0,0.0,0.0,4.0,0.0,0.0,0.0,0.0,0.0,0.0,7.0,2.0,1.0,4.0,10.0,8.0,3.0
248,1.0,248.0,London_56,three,151,453,1092.0,70.0,2.0,143148.0,6.767443661112338,769.0,160.0,2.0,158.0,293.0,16.0,277.0,51.0,61.0,145.0,33.0,129.0,19.0,49.0,3.0,14.0,3.0,76.0,132.0,242.0,73.0,0.0,0.0,0.0,0.0,0.0,0.0,0.0,0.0,0.0,0.0,0.0,0.0,0.0,0.0,0.0,0.0,0.0,0.0,0.0,0.0,0.0,0.0,0.0,0.0,0.0,0.0,0.0,0.0,0.0,0.0,0.0,0.0,1.0,1.0,1.0,2.0,0.0,0.0,0.0,0.0,4.0,18.0,0.0,0.0,2.0,0.0,7.0,8.0,4.0,26.0,34.0,31.0,24.0,9.0,0.0,0.0,0.0,0.0,0.0,0.0,0.0,0.0,0.0,0.0,0.0,0.0,8.0,6.0,6.0,5.0,0.0,0.0,0.0,0.0,4.0,22.0,0.0,0.0,2.0,0.0,10.0,10.0,6.0,34.0,50.0,42.0,32.0,15.0
249,1.0,249.0,London_56,three,151,453,1092.0,70.0,2.0,96489.0,0.6405941057018936,666.0,68.0,2.0,66.0,128.0,20.0,108.0,293.0,56.0,126.0,34.0,126.0,20.0,71.0,3.0,17.0,9.0,88.0,144.0,212.0,58.0,0.0,0.0,0.0,0.0,0.0,0.0,0.0,0.0,0.0,0.0,0.0,0.0,0.0,0.0,0.0,0.0,0.0,0.0,0.0,0.0,0.0,0.0,0.0,0.0,0.0,0.0,0.0,0.0,0.0,1.0,0.0,0.0,0.0,1.0,0.0,2.0,0.0,0.0,0.0,0.0,0.0,0.0,0.0,0.0,0.0,0.0,5.0,1.0,3.0,5.0,11.0,15.0,15.0,6.0,0.0,0.0,0.0,0.0,0.0,0.0,0.0,0.0,0.0,7.0,0.0,0.0,0.0,4.0,0.0,6.0,0.0,0.0,0.0,0.0,0.0,0.0,0.0,0.0,0.0,0.0,6.0,1.0,3.0,8.0,14.0,21.0,22.0,8.0
250,1.0,250.0,London_56,three,151,453,1092.0,70.0,2.0,96036.0,5.030777595937252,665.0,49.0,0.0,49.0,81.0,0.0,81.0,128.0,60.0,131.0,28.0,116.0,22.0,76.0,3.0,17.0,8.0,79.0,137.0,229.0,54.0,0.0,0.0,0.0,0.0,0.0,0.0,0.0,0.0,0.0,0.0,0.0,0.0,0.0,0.0,0.0,0.0,0.0,0.0,0.0,0.0,0.0,0.0,0.0,0.0,0.0,0.0,0.0,0.0,0.0,0.0,0.0,0.0,0.0,0.0,0.0,0.0,0.0,0.0,0.0,0.0,2.0,0.0,0.0,0.0,0.0,0.0,6.0,0.0,0.0,4.0,12.0,14.0,12.0,8.0,0.0,0.0,0.0,0.0,0.0,0.0,0.0,0.0,0.0,0.0,0.0,0.0,0.0,0.0,0.0,0.0,0.0,0.0,0.0,0.0,3.0,0.0,0.0,0.0,0.0,0.0,9.0,0.0,0.0,4.0,18.0,18.0,15.0,12.0
251,1.0,251.0,London_56,three,151,453,1092.0,70.0,2.0,109626.0,4.707065436989069,695.0,4.0,0.0,4.0,5.0,0.0,5.0,81.0,61.0,128.0,28.0,119.0,23.0,76.0,3.0,15.0,10.0,74.0,143.0,226.0,55.0,0.0,0.0,0.0,0.0,0.0,0.0,0.0,0.0,0.0,0.0,0.0,0.0,0.0,0.0,0.0,0.0,0.0,0.0,0.0,0.0,0.0,0.0,0.0,0.0,0.0,0.0,0.0,0.0,0.0,0.0,0.0,0.0,0.0,0.0,0.0,0.0,0.0,0.0,0.0,0.0,0.0,0.0,0.0,0.0,0.0,0.0,0.0,0.0,0.0,0.0,2.0,1.0,0.0,3.0,0.0,0.0,0.0,0.0,0.0,0.0,0.0,0.0,0.0,0.0,0.0,0.0,0.0,0.0,0.0,0.0,0.0,0.0,0.0,0.0,0.0,0.0,0.0,0.0,0.0,0.0,0.0,0.0,0.0,0.0,2.0,2.0,0.0,4.0
252,1.0,252.0,London_56,three,151,453,1092.0,70.0,2.0,144507.0,5.373348739929497,772.0,109.0,2.0,107.0,204.0,19.0,185.0,5.0,62.0,128.0,28.0,117.0,24.0,76.0,3.0,15.0,10.0,71.0,145.0,227.0,54.0,0.0,0.0,0.0,0.0,0.0,0.0,0.0,0.0,0.0,0.0,0.0,0.0,0.0,0.0,0.0,0.0,0.0,0.0,0.0,0.0,0.0,0.0,0.0,0.0,0.0,0.0,0.0,0.0,0.0,1.0,0.0,0.0,1.0,1.0,0.0,1.0,0.0,0.0,0.0,0.0,1.0,0.0,0.0,0.0,0.0,1.0,7.0,1.0,2.0,6.0,13.0,29.0,19.0,10.0,0.0,0.0,0.0,0.0,0.0,0.0,0.0,0.0,0.0,2.0,0.0,0.0,6.0,6.0,0.0,5.0,0.0,0.0,0.0,0.0,1.0,0.0,0.0,0.0,0.0,1.0,13.0,2.0,2.0,9.0,17.0,44.0,26.0,15.0
253,1.0,253.0,London_56,three,151,453,1092.0,70.0,2.0,130464.0,6.102506514173001,741.0,27.0,0.0,27.0,53.0,0.0,53.0,204.0,54.0,137.0,36.0,116.0,25.0,69.0,2.0,14.0,12.0,73.0,156.0,212.0,52.0,0.0,0.0,0.0,0.0,0.0,0.0,0.0,0.0,0.0,0.0,0.0,0.0,0.0,0.0,0.0,0.0,0.0,0.0,0.0,0.0,0.0,0.0,0.0,0.0,0.0,0.0,0.0,0.0,0.0,0.0,0.0,0.0,0.0,0.0,0.0,0.0,0.0,0.0,0.0,0.0,0.0,0.0,0.0,2.0,0.0,0.0,3.0,4.0,2.0,3.0,3.0,7.0,7.0,2.0,0.0,0.0,0.0,0.0,0.0,0.0,0.0,0.0,0.0,0.0,0.0,0.0,0.0,0.0,0.0,0.0,0.0,0.0,0.0,0.0,0.0,0.0,0.0,4.0,0.0,0.0,5.0,9.0,3.0,4.0,4.0,12.0,9.0,3.0
254,1.0,254.0,London_56,three,151,453,1092.0,70.0,2.0,163533.0,6.245698641054332,814.0,47.0,1.0,46.0,85.0,11.0,74.0,53.0,52.0,133.0,38.0,117.0,26.0,71.0,2.0,14.0,11.0,73.0,151.0,218.0,50.0,0.0,0.0,0.0,0.0,0.0,0.0,0.0,0.0,0.0,0.0,0.0,0.0,0.0,0.0,0.0,0.0,0.0,0.0,0.0,0.0,0.0,0.0,0.0,0.0,0.0,0.0,0.0,0.0,0.0,0.0,0.0,0.0,0.0,1.0,0.0,1.0,0.0,0.0,0.0,0.0,0.0,2.0,0.0,1.0,3.0,0.0,4.0,3.0,0.0,3.0,12.0,11.0,6.0,5.0,0.0,0.0,0.0,0.0,0.0,0.0,0.0,0.0,0.0,0.0,0.0,0.0,0.0,8.0,0.0,7.0,0.0,0.0,0.0,0.0,0.0,2.0,0.0,2.0,3.0,0.0,4.0,5.0,0.0,5.0,17.0,14.0,6.0,7.0
255,1.0,255.0,London_56,three,151,453,1092.0,70.0,2.0,184824.0,7.153184299822897,861.0,85.0,0.0,85.0,154.0,0.0,154.0,85.0,47.0,144.0,40.0,113.0,25.0,67.0,0.0,17.0,7.0,75.0,152.0,219.0,46.0,0.0,0.0,0.0,0.0,0.0,0.0,0.0,0.0,0.0,0.0,0.0,0.0,0.0,0.0,0.0,0.0,0.0,0.0,0.0,0.0,0.0,0.0,0.0,0.0,0.0,0.0,0.0,0.0,0.0,0.0,0.0,0.0,0.0,0.0,0.0,0.0,0.0,0.0,0.0,0.0,3.0,4.0,0.0,3.0,4.0,0.0,7.0,7.0,2.0,8.0,17.0,12.0,10.0,9.0,0.0,0.0,0.0,0.0,0.0,0.0,0.0,0.0,0.0,0.0,0.0,0.0,0.0,0.0,0.0,0.0,0.0,0.0,0.0,0.0,3.0,5.0,0.0,5.0,4.0,0.0,8.0,9.0,2.0,14.0,29.0,19.0,11.0,19.0
256,1.0,256.0,London_56,three,151,453,1092.0,70.0,2.0,183465.0,1.8860630518756807,858.0,115.0,0.0,115.0,204.0,0.0,204.0,154.0,54.0,143.0,37.0,124.0,27.0,54.0,1.0,13.0,4.0,78.0,157.0,214.0,49.0,0.0,0.0,0.0,0.0,0.0,0.0,0.0,0.0,0.0,0.0,0.0,0.0,0.0,0.0,0.0,0.0,0.0,0.0,0.0,0.0,0.0,0.0,0.0,0.0,0.0,0.0,0.0,0.0,0.0,0.0,0.0,0.0,0.0,0.0,0.0,0.0,0.0,0.0,0.0,0.0,1.0,6.0,0.0,3.0,5.0,0.0,5.0,4.0,2.0,12.0,27.0,17.0,29.0,9.0,0.0,0.0,0.0,0.0,0.0,0.0,0.0,0.0,0.0,0.0,0.0,0.0,0.0,0.0,0.0,0.0,0.0,0.0,0.0,0.0,1.0,6.0,0.0,6.0,6.0,0.0,7.0,7.0,2.0,16.0,42.0,22.0,34.0,15.0
257,1.0,257.0,London_56,three,151,453,1092.0,70.0,2.0,174405.0,1.565404628869146,838.0,120.0,2.0,118.0,223.0,18.0,205.0,204.0,58.0,135.0,40.0,117.0,25.0,60.0,2.0,16.0,9.0,78.0,137.0,229.0,67.0,0.0,0.0,0.0,0.0,0.0,0.0,0.0,0.0,0.0,0.0,0.0,0.0,0.0,0.0,0.0,0.0,0.0,0.0,0.0,0.0,0.0,0.0,0.0,0.0,0.0,0.0,0.0,0.0,0.0,0.0,0.0,0.0,0.0,0.0,1.0,0.0,0.0,0.0,0.0,0.0,5.0,12.0,0.0,4.0,0.0,0.0,12.0,6.0,4.0,8.0,31.0,25.0,19.0,13.0,0.0,0.0,0.0,0.0,0.0,0.0,0.0,0.0,0.0,0.0,0.0,0.0,0.0,0.0,6.0,0.0,0.0,0.0,0.0,0.0,6.0,14.0,0.0,7.0,0.0,0.0,16.0,9.0,7.0,9.0,46.0,33.0,24.0,19.0
258,1.0,258.0,London_56,three,151,453,1092.0,70.0,2.0,163080.0,5.699184223078191,813.0,78.0,1.0,77.0,134.0,10.0,124.0,223.0,55.0,132.0,46.0,121.0,28.0,47.0,4.0,20.0,12.0,76.0,144.0,221.0,82.0,0.0,0.0,0.0,0.0,0.0,0.0,0.0,0.0,0.0,0.0,0.0,0.0,0.0,0.0,0.0,0.0,0.0,0.0,0.0,0.0,0.0,0.0,0.0,0.0,0.0,0.0,0.0,0.0,0.0,0.0,0.0,0.0,0.0,0.0,0.0,0.0,1.0,0.0,0.0,0.0,1.0,1.0,0.0,0.0,0.0,0.0,3.0,3.0,1.0,9.0,15.0,18.0,13.0,9.0,0.0,0.0,0.0,0.0,0.0,0.0,0.0,0.0,0.0,0.0,0.0,0.0,0.0,0.0,0.0,0.0,9.0,0.0,0.0,0.0,2.0,1.0,0.0,0.0,0.0,0.0,3.0,4.0,1.0,13.0,23.0,25.0,15.0,11.0
259,1.0,259.0,London_56,three,151,453,1092.0,70.0,2.0,160815.0,5.870072886347771,808.0,44.0,0.0,44.0,80.0,0.0,80.0,134.0,59.0,121.0,37.0,135.0,27.0,51.0,5.0,18.0,11.0,80.0,136.0,226.0,78.0,0.0,0.0,0.0,0.0,0.0,0.0,0.0,0.0,0.0,0.0,0.0,0.0,0.0,0.0,0.0,0.0,0.0,0.0,0.0,0.0,0.0,0.0,0.0,0.0,0.0,0.0,0.0,0.0,0.0,0.0,0.0,0.0,0.0,0.0,0.0,0.0,0.0,0.0,0.0,0.0,1.0,0.0,0.0,1.0,0.0,0.0,2.0,3.0,1.0,6.0,10.0,10.0,14.0,2.0,0.0,0.0,0.0,0.0,0.0,0.0,0.0,0.0,0.0,0.0,0.0,0.0,0.0,0.0,0.0,0.0,0.0,0.0,0.0,0.0,1.0,0.0,0.0,2.0,0.0,0.0,3.0,4.0,1.0,6.0,15.0,16.0,21.0,3.0
260,1.0,260.0,London_56,three,151,453,1092.0,70.0,2.0,180747.0,7.192265477031469,852.0,246.0,0.0,246.0,413.0,0.0,413.0,80.0,66.0,119.0,38.0,131.0,22.0,54.0,6.0,17.0,12.0,86.0,125.0,230.0,74.0,0.0,0.0,0.0,0.0,0.0,0.0,0.0,0.0,0.0,7.0,0.0,7.0,0.0,0.0,0.0,0.0,0.0,0.0,0.0,7.0,0.0,0.0,0.0,0.0,0.0,0.0,0.0,0.0,0.0,0.0,0.0,0.0,0.0,0.0,0.0,0.0,0.0,0.0,0.0,0.0,9.0,19.0,1.0,2.0,27.0,2.0,27.0,11.0,1.0,21.0,50.0,52.0,37.0,9.0,0.0,0.0,0.0,0.0,0.0,0.0,0.0,0.0,0.0,0.0,0.0,0.0,0.0,0.0,0.0,0.0,0.0,0.0,0.0,0.0,10.0,26.0,1.0,2.0,30.0,4.0,33.0,12.0,1.0,28.0,72.0,81.0,42.0,12.0
261,1.0,261.0,London_56,three,151,453,1092.0,70.0,2.0,98301.0,0.5651638279668987,670.0,66.0,2.0,64.0,132.0,16.0,116.0,402.0,58.0,141.0,31.0,114.0,23.0,60.0,2.0,24.0,14.0,73.0,144.0,222.0,58.0,0.0,0.0,0.0,0.0,0.0,0.0,0.0,0.0,0.0,0.0,0.0,0.0,0.0,0.0,0.0,0.0,0.0,0.0,0.0,0.0,0.0,0.0,0.0,0.0,0.0,0.0,0.0,0.0,0.0,0.0,1.0,0.0,1.0,0.0,0.0,0.0,0.0,0.0,0.0,0.0,2.0,0.0,0.0,1.0,0.0,0.0,5.0,5.0,2.0,5.0,13.0,12.0,14.0,3.0,0.0,0.0,0.0,0.0,0.0,0.0,0.0,0.0,0.0,0.0,1.0,0.0,2.0,0.0,0.0,0.0,0.0,0.0,0.0,0.0,4.0,0.0,0.0,4.0,0.0,0.0,6.0,11.0,3.0,8.0,22.0,17.0,20.0,5.0
262,1.0,262.0,London_56,three,151,453,1092.0,70.0,2.0,100566.0,5.7980270171537995,675.0,41.0,2.0,39.0,85.0,18.0,67.0,132.0,62.0,137.0,38.0,126.0,23.0,48.0,3.0,16.0,11.0,77.0,156.0,209.0,55.0,0.0,0.0,0.0,0.0,0.0,0.0,0.0,0.0,0.0,0.0,0.0,0.0,0.0,0.0,0.0,0.0,0.0,0.0,0.0,0.0,0.0,0.0,0.0,0.0,0.0,0.0,0.0,0.0,0.0,0.0,0.0,0.0,0.0,1.0,0.0,1.0,1.0,0.0,0.0,0.0,2.0,0.0,0.0,1.0,0.0,0.0,1.0,1.0,1.0,3.0,7.0,8.0,5.0,3.0,0.0,0.0,0.0,0.0,0.0,0.0,0.0,0.0,0.0,0.0,0.0,0.0,0.0,7.0,0.0,2.0,7.0,0.0,0.0,0.0,3.0,0.0,0.0,1.0,0.0,0.0,1.0,1.0,1.0,4.0,10.0,10.0,6.0,3.0
263,1.0,263.0,London_56,three,151,453,1092.0,70.0,2.0,110532.0,3.9369552256539464,697.0,12.0,1.0,11.0,25.0,10.0,15.0,85.0,58.0,135.0,42.0,127.0,23.0,47.0,3.0,18.0,8.0,75.0,148.0,222.0,59.0,0.0,0.0,0.0,0.0,0.0,0.0,0.0,0.0,0.0,0.0,0.0,0.0,0.0,0.0,0.0,0.0,0.0,0.0,0.0,0.0,0.0,0.0,0.0,0.0,0.0,0.0,0.0,0.0,0.0,0.0,0.0,0.0,0.0,0.0,1.0,1.0,0.0,0.0,0.0,0.0,0.0,0.0,0.0,0.0,0.0,0.0,1.0,0.0,1.0,0.0,1.0,3.0,3.0,1.0,0.0,0.0,0.0,0.0,0.0,0.0,0.0,0.0,0.0,0.0,0.0,0.0,0.0,0.0,7.0,1.0,0.0,0.0,0.0,0.0,0.0,0.0,0.0,0.0,0.0,0.0,1.0,0.0,1.0,0.0,1.0,4.0,5.0,1.0
264,1.0,264.0,London_56,three,151,453,1092.0,70.0,2.0,144054.0,1.4096192666329443,771.0,19.0,0.0,19.0,33.0,0.0,33.0,25.0,60.0,134.0,45.0,131.0,19.0,42.0,4.0,18.0,7.0,77.0,143.0,226.0,52.0,0.0,0.0,0.0,0.0,0.0,0.0,0.0,0.0,0.0,0.0,0.0,0.0,0.0,0.0,0.0,0.0,0.0,0.0,0.0,0.0,0.0,0.0,0.0,0.0,0.0,0.0,0.0,0.0,0.0,0.0,0.0,0.0,0.0,0.0,0.0,0.0,0.0,0.0,0.0,0.0,1.0,0.0,0.0,0.0,0.0,0.0,3.0,3.0,0.0,1.0,5.0,4.0,5.0,0.0,0.0,0.0,0.0,0.0,0.0,0.0,0.0,0.0,0.0,0.0,0.0,0.0,0.0,0.0,0.0,0.0,0.0,0.0,0.0,0.0,1.0,0.0,0.0,0.0,0.0,0.0,3.0,3.0,0.0,1.0,8.0,8.0,7.0,0.0
265,1.0,265.0,London_56,three,151,453,1092.0,70.0,2.0,171234.0,7.552095197606832,831.0,155.0,2.0,153.0,293.0,18.0,275.0,33.0,67.0,136.0,44.0,130.0,17.0,38.0,4.0,17.0,9.0,73.0,145.0,226.0,59.0,0.0,0.0,0.0,0.0,0.0,0.0,0.0,0.0,0.0,0.0,0.0,0.0,0.0,0.0,0.0,0.0,0.0,0.0,0.0,0.0,0.0,0.0,0.0,0.0,0.0,0.0,0.0,0.0,0.0,0.0,0.0,0.0,1.0,0.0,0.0,2.0,0.0,0.0,0.0,0.0,3.0,1.0,1.0,0.0,0.0,0.0,18.0,4.0,3.0,7.0,33.0,35.0,26.0,11.0,0.0,0.0,0.0,0.0,0.0,0.0,0.0,0.0,0.0,0.0,0.0,0.0,5.0,0.0,0.0,4.0,0.0,0.0,0.0,0.0,3.0,1.0,1.0,0.0,0.0,0.0,26.0,7.0,4.0,11.0,50.0,55.0,35.0,19.0
266,1.0,266.0,London_56,three,151,453,1092.0,70.0,2.0,135447.0,3.632436898071319,752.0,46.0,2.0,44.0,99.0,19.0,80.0,293.0,67.0,142.0,46.0,129.0,15.0,37.0,2.0,15.0,12.0,70.0,135.0,236.0,70.0,0.0,0.0,0.0,0.0,0.0,0.0,0.0,0.0,0.0,0.0,0.0,0.0,0.0,0.0,0.0,0.0,0.0,0.0,0.0,0.0,0.0,0.0,0.0,0.0,0.0,0.0,0.0,0.0,0.0,0.0,0.0,0.0,1.0,2.0,0.0,1.0,0.0,0.0,0.0,0.0,1.0,0.0,0.0,0.0,0.0,0.0,8.0,3.0,0.0,5.0,11.0,11.0,9.0,3.0,0.0,0.0,0.0,0.0,0.0,0.0,0.0,0.0,0.0,0.0,0.0,0.0,1.0,17.0,0.0,6.0,0.0,0.0,0.0,0.0,1.0,0.0,0.0,0.0,0.0,0.0,10.0,4.0,0.0,7.0,16.0,20.0,11.0,6.0
267,1.0,267.0,London_56,three,151,453,1092.0,70.0,2.0,161721.0,8.011664459016174,810.0,138.0,2.0,136.0,247.0,20.0,227.0,99.0,63.0,134.0,44.0,143.0,14.0,40.0,2.0,13.0,6.0,65.0,133.0,249.0,63.0,0.0,0.0,0.0,0.0,0.0,0.0,0.0,0.0,0.0,0.0,0.0,0.0,0.0,0.0,0.0,0.0,0.0,0.0,0.0,0.0,0.0,0.0,0.0,0.0,0.0,0.0,0.0,0.0,0.0,0.0,0.0,0.0,1.0,0.0,2.0,2.0,0.0,0.0,0.0,0.0,6.0,6.0,0.0,4.0,0.0,1.0,18.0,8.0,11.0,5.0,21.0,28.0,19.0,10.0,0.0,0.0,0.0,0.0,0.0,0.0,0.0,0.0,0.0,0.0,0.0,0.0,5.0,0.0,17.0,5.0,0.0,0.0,0.0,0.0,8.0,10.0,0.0,8.0,0.0,1.0,21.0,9.0,14.0,6.0,30.0,38.0,25.0,13.0
268,1.0,268.0,London_56,three,151,453,1092.0,70.0,2.0,132729.0,5.9460467817261815,746.0,50.0,0.0,50.0,95.0,0.0,95.0,247.0,52.0,141.0,37.0,147.0,18.0,46.0,2.0,10.0,6.0,77.0,121.0,249.0,76.0,0.0,0.0,0.0,0.0,0.0,0.0,0.0,0.0,0.0,0.0,0.0,0.0,0.0,0.0,0.0,0.0,0.0,0.0,0.0,0.0,0.0,0.0,0.0,0.0,0.0,0.0,0.0,0.0,0.0,0.0,0.0,0.0,0.0,0.0,0.0,0.0,0.0,0.0,0.0,0.0,0.0,4.0,0.0,0.0,0.0,0.0,4.0,4.0,0.0,7.0,8.0,12.0,14.0,2.0,0.0,0.0,0.0,0.0,0.0,0.0,0.0,0.0,0.0,0.0,0.0,0.0,0.0,0.0,0.0,0.0,0.0,0.0,0.0,0.0,0.0,5.0,0.0,0.0,0.0,0.0,7.0,8.0,0.0,9.0,14.0,16.0,21.0,3.0
269,1.0,269.0,London_56,three,151,453,1092.0,70.0,2.0,141336.0,7.22831950802356,765.0,68.0,2.0,66.0,137.0,17.0,120.0,95.0,49.0,152.0,39.0,141.0,21.0,36.0,2.0,13.0,6.0,83.0,126.0,238.0,73.0,0.0,0.0,0.0,0.0,0.0,0.0,0.0,0.0,0.0,0.0,0.0,0.0,0.0,0.0,0.0,0.0,0.0,0.0,0.0,0.0,0.0,0.0,0.0,0.0,0.0,0.0,0.0,0.0,0.0,0.0,0.0,0.0,2.0,0.0,0.0,2.0,0.0,0.0,0.0,0.0,2.0,1.0,0.0,1.0,0.0,0.0,8.0,2.0,2.0,8.0,13.0,11.0,16.0,6.0,0.0,0.0,0.0,0.0,0.0,0.0,0.0,0.0,0.0,0.0,0.0,0.0,5.0,0.0,0.0,5.0,0.0,0.0,0.0,0.0,2.0,1.0,0.0,2.0,0.0,0.0,13.0,2.0,3.0,11.0,17.0,18.0,20.0,11.0
270,1.0,270.0,London_56,three,151,453,1092.0,70.0,2.0,153567.0,6.972610017750412,792.0,82.0,0.0,82.0,138.0,0.0,138.0,137.0,59.0,150.0,44.0,138.0,21.0,30.0,1.0,10.0,5.0,73.0,132.0,243.0,71.0,0.0,0.0,0.0,0.0,0.0,0.0,0.0,0.0,0.0,0.0,0.0,0.0,0.0,0.0,0.0,0.0,0.0,0.0,0.0,0.0,0.0,0.0,0.0,0.0,0.0,0.0,0.0,0.0,0.0,0.0,0.0,0.0,0.0,0.0,0.0,0.0,0.0,0.0,0.0,0.0,1.0,3.0,0.0,2.0,0.0,0.0,8.0,7.0,1.0,14.0,14.0,16.0,14.0,11.0,0.0,0.0,0.0,0.0,0.0,0.0,0.0,0.0,0.0,0.0,0.0,0.0,0.0,0.0,0.0,0.0,0.0,0.0,0.0,0.0,2.0,4.0,0.0,2.0,0.0,0.0,10.0,12.0,1.0,17.0,23.0,21.0,23.0,17.0
271,1.0,271.0,London_56,three,151,453,1092.0,70.0,2.0,154473.0,6.884009226690978,794.0,81.0,0.0,81.0,145.0,0.0,145.0,138.0,64.0,140.0,43.0,144.0,22.0,27.0,2.0,11.0,6.0,71.0,147.0,229.0,81.0,0.0,0.0,0.0,0.0,0.0,0.0,0.0,0.0,0.0,0.0,0.0,0.0,0.0,0.0,0.0,0.0,0.0,0.0,0.0,0.0,0.0,0.0,0.0,0.0,0.0,0.0,0.0,0.0,0.0,0.0,0.0,0.0,0.0,0.0,0.0,0.0,0.0,0.0,0.0,0.0,2.0,4.0,0.0,1.0,0.0,0.0,2.0,3.0,2.0,8.0,13.0,14.0,22.0,7.0,0.0,0.0,0.0,0.0,0.0,0.0,0.0,0.0,0.0,0.0,0.0,0.0,0.0,0.0,0.0,0.0,0.0,0.0,0.0,0.0,2.0,5.0,0.0,1.0,0.0,0.0,2.0,3.0,2.0,13.0,19.0,23.0,30.0,9.0
272,1.0,272.0,London_56,three,151,453,1092.0,70.0,2.0,152661.0,7.807880333159119,790.0,106.0,1.0,105.0,203.0,9.0,194.0,145.0,64.0,140.0,40.0,140.0,24.0,32.0,2.0,11.0,9.0,64.0,153.0,227.0,85.0,0.0,0.0,0.0,0.0,0.0,0.0,0.0,0.0,0.0,0.0,0.0,0.0,0.0,0.0,0.0,0.0,0.0,0.0,0.0,0.0,0.0,0.0,0.0,0.0,0.0,0.0,0.0,0.0,0.0,0.0,0.0,0.0,0.0,0.0,0.0,0.0,0.0,0.0,0.0,0.0,1.0,3.0,0.0,2.0,0.0,0.0,12.0,4.0,3.0,8.0,24.0,17.0,29.0,8.0,0.0,0.0,0.0,0.0,0.0,0.0,0.0,0.0,0.0,0.0,0.0,0.0,0.0,0.0,0.0,0.0,0.0,0.0,0.0,0.0,1.0,4.0,0.0,5.0,0.0,0.0,18.0,7.0,3.0,9.0,33.0,22.0,34.0,12.0
273,1.0,273.0,London_56,three,151,453,1092.0,70.0,2.0,139071.0,6.575533101800829,760.0,62.0,0.0,62.0,109.0,0.0,109.0,203.0,62.0,130.0,46.0,135.0,21.0,47.0,0.0,12.0,12.0,73.0,144.0,224.0,87.0,0.0,0.0,0.0,0.0,0.0,0.0,0.0,0.0,0.0,0.0,0.0,0.0,0.0,0.0,0.0,0.0,0.0,0.0,0.0,0.0,0.0,0.0,0.0,0.0,0.0,0.0,0.0,0.0,0.0,0.0,0.0,0.0,0.0,0.0,0.0,0.0,0.0,0.0,0.0,0.0,1.0,4.0,0.0,0.0,0.0,0.0,6.0,6.0,1.0,3.0,12.0,8.0,15.0,5.0,0.0,0.0,0.0,0.0,0.0,0.0,0.0,0.0,0.0,0.0,0.0,0.0,0.0,0.0,0.0,0.0,0.0,0.0,0.0,0.0,1.0,5.0,0.0,0.0,0.0,0.0,11.0,15.0,1.0,3.0,17.0,10.0,19.0,6.0
274,1.0,274.0,London_56,three,151,453,1092.0,70.0,2.0,151755.0,6.8887694869190454,788.0,45.0,0.0,45.0,82.0,0.0,82.0,109.0,70.0,121.0,45.0,134.0,19.0,51.0,0.0,13.0,17.0,78.0,155.0,203.0,100.0,0.0,0.0,0.0,0.0,0.0,0.0,0.0,0.0,0.0,0.0,0.0,0.0,0.0,0.0,0.0,0.0,0.0,0.0,0.0,0.0,0.0,0.0,0.0,0.0,0.0,0.0,0.0,0.0,0.0,0.0,0.0,0.0,0.0,0.0,0.0,0.0,0.0,0.0,0.0,0.0,3.0,0.0,0.0,0.0,0.0,0.0,2.0,5.0,3.0,3.0,6.0,10.0,10.0,4.0,0.0,0.0,0.0,0.0,0.0,0.0,0.0,0.0,0.0,0.0,0.0,0.0,0.0,0.0,0.0,0.0,0.0,0.0,0.0,0.0,3.0,0.0,0.0,0.0,0.0,0.0,3.0,5.0,3.0,5.0,12.0,16.0,13.0,11.0
275,1.0,275.0,London_56,three,151,453,1092.0,70.0,2.0,169875.0,7.767759335227311,828.0,94.0,0.0,94.0,159.0,0.0,159.0,82.0,66.0,127.0,43.0,135.0,22.0,48.0,1.0,11.0,16.0,74.0,151.0,212.0,100.0,0.0,0.0,0.0,0.0,0.0,0.0,0.0,0.0,0.0,0.0,0.0,0.0,0.0,0.0,0.0,0.0,0.0,0.0,0.0,0.0,0.0,0.0,0.0,0.0,0.0,0.0,0.0,0.0,0.0,0.0,0.0,0.0,0.0,0.0,0.0,0.0,0.0,0.0,0.0,0.0,2.0,5.0,0.0,0.0,0.0,0.0,1.0,2.0,0.0,4.0,23.0,21.0,16.0,10.0,0.0,0.0,0.0,0.0,0.0,0.0,0.0,0.0,0.0,0.0,0.0,0.0,0.0,0.0,0.0,0.0,0.0,0.0,0.0,0.0,2.0,8.0,0.0,0.0,0.0,0.0,1.0,3.0,0.0,4.0,35.0,25.0,20.0,15.0
276,1.0,276.0,London_56,three,151,453,1092.0,70.0,2.0,168516.0,7.452710509300232,825.0,126.0,2.0,124.0,219.0,17.0,202.0,159.0,67.0,123.0,49.0,122.0,26.0,51.0,1.0,14.0,18.0,72.0,152.0,211.0,100.0,0.0,0.0,0.0,0.0,0.0,0.0,0.0,0.0,0.0,0.0,0.0,0.0,0.0,0.0,0.0,0.0,0.0,0.0,0.0,0.0,0.0,0.0,0.0,0.0,0.0,0.0,0.0,0.0,0.0,0.0,0.0,0.0,0.0,1.0,0.0,0.0,0.0,0.0,0.0,0.0,0.0,4.0,0.0,0.0,0.0,0.0,11.0,4.0,5.0,11.0,21.0,20.0,25.0,7.0,0.0,0.0,0.0,0.0,0.0,0.0,0.0,0.0,0.0,0.0,0.0,0.0,0.0,8.0,0.0,0.0,0.0,0.0,0.0,0.0,0.0,5.0,0.0,0.0,0.0,0.0,14.0,5.0,5.0,16.0,32.0,29.0,30.0,10.0
277,1.0,277.0,London_56,three,151,453,1092.0,70.0,2.0,149490.0,6.798927295021713,783.0,79.0,2.0,77.0,149.0,20.0,129.0,219.0,64.0,117.0,49.0,114.0,24.0,69.0,2.0,14.0,16.0,73.0,147.0,217.0,89.0,0.0,0.0,0.0,0.0,0.0,0.0,0.0,0.0,0.0,0.0,0.0,0.0,0.0,0.0,0.0,0.0,0.0,0.0,0.0,0.0,0.0,0.0,0.0,0.0,0.0,0.0,0.0,0.0,0.0,0.0,0.0,0.0,1.0,2.0,0.0,2.0,0.0,0.0,0.0,0.0,7.0,2.0,0.0,1.0,0.0,2.0,7.0,2.0,4.0,11.0,11.0,14.0,16.0,4.0,0.0,0.0,0.0,0.0,0.0,0.0,0.0,0.0,0.0,0.0,0.0,0.0,4.0,16.0,0.0,6.0,0.0,0.0,0.0,0.0,10.0,2.0,0.0,1.0,0.0,3.0,9.0,2.0,6.0,12.0,16.0,19.0,20.0,5.0
278,1.0,278.0,London_56,three,151,453,1092.0,70.0,2.0,144960.0,2.9927983740344644,773.0,61.0,2.0,59.0,124.0,18.0,106.0,149.0,53.0,107.0,46.0,126.0,20.0,81.0,2.0,18.0,12.0,84.0,146.0,211.0,92.0,0.0,0.0,0.0,0.0,0.0,0.0,0.0,0.0,0.0,0.0,0.0,0.0,0.0,0.0,0.0,0.0,0.0,0.0,0.0,0.0,0.0,0.0,0.0,0.0,0.0,0.0,0.0,0.0,0.0,0.0,0.0,0.0,0.0,0.0,1.0,1.0,0.0,0.0,0.0,0.0,1.0,1.0,0.0,1.0,0.0,0.0,5.0,5.0,5.0,1.0,16.0,8.0,21.0,2.0,0.0,0.0,0.0,0.0,0.0,0.0,0.0,0.0,0.0,0.0,0.0,0.0,0.0,0.0,6.0,2.0,0.0,0.0,0.0,0.0,1.0,1.0,0.0,1.0,0.0,0.0,6.0,5.0,7.0,2.0,27.0,12.0,26.0,4.0
279,1.0,279.0,London_56,three,151,453,1092.0,70.0,2.0,154020.0,5.0449357302859426,793.0,121.0,1.0,120.0,222.0,9.0,213.0,124.0,49.0,106.0,45.0,145.0,16.0,76.0,2.0,14.0,10.0,83.0,147.0,213.0,86.0,0.0,0.0,0.0,0.0,0.0,0.0,0.0,0.0,0.0,0.0,0.0,0.0,0.0,0.0,0.0,0.0,0.0,0.0,0.0,0.0,0.0,0.0,0.0,0.0,0.0,0.0,0.0,0.0,0.0,0.0,0.0,0.0,0.0,0.0,1.0,0.0,1.0,0.0,0.0,0.0,0.0,9.0,0.0,1.0,0.0,0.0,8.0,8.0,6.0,8.0,27.0,27.0,26.0,14.0,0.0,0.0,0.0,0.0,0.0,0.0,0.0,0.0,0.0,0.0,0.0,0.0,0.0,0.0,8.0,0.0,1.0,0.0,0.0,0.0,0.0,12.0,0.0,1.0,0.0,0.0,10.0,12.0,8.0,12.0,43.0,41.0,37.0,22.0
280,1.0,280.0,London_56,three,151,453,1092.0,70.0,2.0,141789.0,6.600549318827689,766.0,95.0,2.0,93.0,184.0,18.0,166.0,222.0,65.0,125.0,43.0,127.0,13.0,67.0,3.0,10.0,10.0,80.0,156.0,207.0,85.0,0.0,0.0,0.0,0.0,0.0,0.0,0.0,0.0,0.0,0.0,0.0,0.0,0.0,0.0,0.0,0.0,0.0,0.0,0.0,0.0,0.0,0.0,0.0,0.0,0.0,0.0,0.0,0.0,0.0,2.0,0.0,2.0,0.0,0.0,0.0,0.0,0.0,0.0,0.0,0.0,2.0,1.0,0.0,2.0,0.0,0.0,7.0,5.0,3.0,8.0,19.0,24.0,20.0,7.0,0.0,0.0,0.0,0.0,0.0,0.0,0.0,0.0,0.0,13.0,0.0,3.0,0.0,0.0,0.0,0.0,0.0,0.0,0.0,0.0,2.0,2.0,0.0,2.0,0.0,0.0,12.0,6.0,6.0,11.0,25.0,36.0,25.0,13.0
281,1.0,281.0,London_56,three,151,453,1092.0,70.0,2.0,132276.0,3.5026121488772333,745.0,25.0,1.0,24.0,54.0,8.0,46.0,184.0,69.0,131.0,36.0,132.0,13.0,62.0,3.0,7.0,9.0,79.0,163.0,202.0,87.0,0.0,0.0,0.0,0.0,0.0,0.0,0.0,0.0,0.0,0.0,0.0,0.0,0.0,0.0,0.0,0.0,0.0,0.0,0.0,0.0,0.0,0.0,0.0,0.0,0.0,0.0,0.0,0.0,0.0,0.0,0.0,0.0,1.0,0.0,0.0,1.0,0.0,0.0,0.0,0.0,0.0,1.0,0.0,0.0,0.0,0.0,3.0,3.0,2.0,3.0,6.0,6.0,4.0,1.0,0.0,0.0,0.0,0.0,0.0,0.0,0.0,0.0,0.0,0.0,0.0,0.0,2.0,0.0,0.0,3.0,0.0,0.0,0.0,0.0,0.0,1.0,0.0,0.0,0.0,0.0,3.0,3.0,3.0,6.0,8.0,10.0,5.0,2.0
282,1.0,282.0,London_56,three,151,453,1092.0,70.0,2.0,155379.0,6.801895420067012,796.0,111.0,1.0,110.0,207.0,9.0,198.0,54.0,68.0,130.0,33.0,134.0,13.0,64.0,4.0,7.0,11.0,77.0,162.0,203.0,90.0,0.0,0.0,0.0,0.0,0.0,0.0,0.0,0.0,0.0,0.0,0.0,0.0,0.0,0.0,0.0,0.0,0.0,0.0,0.0,0.0,0.0,0.0,0.0,0.0,0.0,0.0,0.0,0.0,0.0,0.0,0.0,0.0,0.0,0.0,1.0,0.0,0.0,0.0,0.0,0.0,0.0,4.0,0.0,3.0,0.0,0.0,11.0,4.0,7.0,10.0,17.0,26.0,18.0,14.0,0.0,0.0,0.0,0.0,0.0,0.0,0.0,0.0,0.0,0.0,0.0,0.0,0.0,0.0,7.0,0.0,0.0,0.0,0.0,0.0,0.0,6.0,0.0,4.0,0.0,0.0,14.0,6.0,8.0,12.0,29.0,40.0,23.0,21.0
283,1.0,283.0,London_56,three,151,453,1092.0,70.0,2.0,128199.0,6.448118407744914,736.0,62.0,0.0,62.0,106.0,0.0,106.0,207.0,65.0,127.0,47.0,134.0,16.0,53.0,4.0,7.0,8.0,75.0,154.0,216.0,75.0,0.0,0.0,0.0,0.0,0.0,0.0,0.0,0.0,0.0,0.0,0.0,0.0,0.0,0.0,0.0,0.0,0.0,0.0,0.0,0.0,0.0,0.0,0.0,0.0,0.0,0.0,0.0,0.0,0.0,0.0,0.0,0.0,0.0,0.0,0.0,0.0,0.0,0.0,0.0,0.0,1.0,2.0,0.0,0.0,0.0,0.0,5.0,2.0,2.0,6.0,16.0,16.0,19.0,4.0,0.0,0.0,0.0,0.0,0.0,0.0,0.0,0.0,0.0,0.0,0.0,0.0,0.0,0.0,0.0,0.0,0.0,0.0,0.0,0.0,1.0,2.0,0.0,0.0,0.0,0.0,7.0,2.0,2.0,7.0,21.0,25.0,23.0,5.0
284,1.0,284.0,London_56,three,151,453,1092.0,70.0,2.0,132276.0,7.544354156125337,745.0,47.0,2.0,45.0,96.0,18.0,78.0,106.0,73.0,123.0,47.0,135.0,19.0,46.0,4.0,6.0,11.0,79.0,167.0,196.0,75.0,0.0,0.0,0.0,0.0,0.0,0.0,0.0,0.0,0.0,0.0,0.0,0.0,0.0,0.0,0.0,0.0,0.0,0.0,0.0,0.0,0.0,0.0,0.0,0.0,0.0,0.0,0.0,0.0,0.0,0.0,0.0,0.0,0.0,1.0,1.0,1.0,0.0,0.0,0.0,0.0,0.0,0.0,0.0,0.0,0.0,0.0,6.0,1.0,3.0,10.0,7.0,11.0,11.0,2.0,0.0,0.0,0.0,0.0,0.0,0.0,0.0,0.0,0.0,0.0,0.0,0.0,0.0,4.0,9.0,4.0,0.0,0.0,0.0,0.0,0.0,0.0,0.0,0.0,0.0,0.0,8.0,1.0,5.0,14.0,10.0,16.0,18.0,3.0
285,1.0,285.0,London_56,three,151,453,1092.0,70.0,2.0,157191.0,7.515447147656232,800.0,91.0,0.0,91.0,160.0,0.0,160.0,96.0,78.0,134.0,46.0,135.0,15.0,35.0,4.0,6.0,9.0,88.0,156.0,200.0,78.0,0.0,0.0,0.0,0.0,0.0,0.0,0.0,0.0,0.0,0.0,0.0,0.0,0.0,0.0,0.0,0.0,0.0,0.0,0.0,0.0,0.0,0.0,0.0,0.0,0.0,0.0,0.0,0.0,0.0,0.0,0.0,0.0,0.0,0.0,0.0,0.0,0.0,0.0,0.0,0.0,1.0,1.0,0.0,0.0,0.0,1.0,9.0,2.0,2.0,9.0,17.0,22.0,20.0,8.0,0.0,0.0,0.0,0.0,0.0,0.0,0.0,0.0,0.0,0.0,0.0,0.0,0.0,0.0,0.0,0.0,0.0,0.0,0.0,0.0,1.0,1.0,0.0,0.0,0.0,1.0,12.0,2.0,2.0,14.0,26.0,31.0,28.0,10.0
286,1.0,286.0,London_56,three,151,453,1092.0,70.0,2.0,157644.0,8.984829420223832,801.0,144.0,1.0,143.0,254.0,8.0,246.0,160.0,79.0,121.0,47.0,136.0,14.0,45.0,5.0,6.0,10.0,71.0,174.0,198.0,85.0,0.0,0.0,0.0,0.0,0.0,0.0,0.0,0.0,0.0,0.0,0.0,0.0,0.0,0.0,0.0,0.0,0.0,0.0,0.0,0.0,0.0,0.0,0.0,0.0,0.0,0.0,0.0,0.0,0.0,0.0,0.0,0.0,0.0,0.0,1.0,0.0,0.0,0.0,0.0,0.0,1.0,9.0,0.0,5.0,0.0,0.0,12.0,5.0,7.0,6.0,33.0,39.0,21.0,13.0,0.0,0.0,0.0,0.0,0.0,0.0,0.0,0.0,0.0,0.0,0.0,0.0,0.0,0.0,6.0,0.0,0.0,0.0,0.0,0.0,2.0,12.0,0.0,6.0,0.0,0.0,14.0,5.0,11.0,7.0,47.0,60.0,28.0,20.0
287,1.0,287.0,London_56,three,151,453,1092.0,70.0,2.0,130464.0,6.7827834892086685,741.0,30.0,1.0,29.0,56.0,8.0,48.0,254.0,75.0,143.0,42.0,122.0,12.0,46.0,3.0,10.0,13.0,75.0,155.0,210.0,77.0,0.0,0.0,0.0,0.0,0.0,0.0,0.0,0.0,0.0,0.0,0.0,0.0,0.0,0.0,0.0,0.0,0.0,0.0,0.0,0.0,0.0,0.0,0.0,0.0,0.0,0.0,0.0,0.0,0.0,0.0,0.0,0.0,0.0,1.0,0.0,0.0,1.0,0.0,0.0,0.0,0.0,0.0,0.0,0.0,0.0,0.0,1.0,2.0,2.0,2.0,8.0,8.0,7.0,3.0,0.0,0.0,0.0,0.0,0.0,0.0,0.0,0.0,0.0,0.0,0.0,0.0,0.0,8.0,0.0,0.0,6.0,0.0,0.0,0.0,0.0,0.0,0.0,0.0,0.0,0.0,1.0,3.0,2.0,2.0,11.0,13.0,8.0,5.0
288,1.0,288.0,London_56,three,151,453,1092.0,70.0,2.0,164892.0,6.6542594181373715,817.0,40.0,0.0,40.0,70.0,0.0,70.0,56.0,72.0,134.0,42.0,129.0,14.0,48.0,4.0,10.0,12.0,79.0,149.0,213.0,83.0,0.0,0.0,0.0,0.0,0.0,0.0,0.0,0.0,0.0,0.0,0.0,0.0,0.0,0.0,0.0,0.0,0.0,0.0,0.0,0.0,0.0,0.0,0.0,0.0,0.0,0.0,0.0,0.0,0.0,0.0,0.0,0.0,0.0,0.0,0.0,0.0,0.0,0.0,0.0,0.0,0.0,0.0,0.0,0.0,0.0,0.0,2.0,4.0,2.0,5.0,9.0,6.0,5.0,1.0,0.0,0.0,0.0,0.0,0.0,0.0,0.0,0.0,0.0,0.0,0.0,0.0,0.0,0.0,0.0,0.0,0.0,0.0,0.0,0.0,0.0,0.0,0.0,0.0,0.0,0.0,3.0,4.0,3.0,8.0,15.0,8.0,8.0,1.0
289,1.0,289.0,London_56,three,151,453,1092.0,70.0,2.0,184824.0,6.735527791082859,861.0,40.0,2.0,38.0,84.0,18.0,66.0,70.0,70.0,132.0,40.0,132.0,14.0,50.0,5.0,10.0,14.0,71.0,153.0,215.0,91.0,0.0,0.0,0.0,0.0,0.0,0.0,0.0,0.0,0.0,0.0,0.0,0.0,0.0,0.0,0.0,0.0,0.0,0.0,0.0,0.0,0.0,0.0,0.0,0.0,0.0,0.0,0.0,0.0,0.0,0.0,0.0,0.0,0.0,1.0,1.0,0.0,0.0,0.0,0.0,0.0,2.0,0.0,0.0,0.0,0.0,0.0,4.0,2.0,5.0,3.0,7.0,6.0,3.0,4.0,0.0,0.0,0.0,0.0,0.0,0.0,0.0,0.0,0.0,0.0,0.0,0.0,0.0,7.0,3.0,0.0,0.0,0.0,0.0,0.0,4.0,0.0,0.0,0.0,0.0,0.0,4.0,4.0,5.0,3.0,11.0,10.0,4.0,6.0
290,1.0,290.0,London_56,three,151,453,1092.0,70.0,2.0,216534.0,8.140965053346008,931.0,129.0,2.0,127.0,238.0,16.0,222.0,84.0,68.0,128.0,43.0,129.0,14.0,53.0,8.0,10.0,12.0,71.0,134.0,236.0,86.0,0.0,0.0,0.0,0.0,0.0,0.0,0.0,0.0,0.0,0.0,0.0,0.0,0.0,0.0,0.0,0.0,0.0,0.0,0.0,0.0,0.0,0.0,0.0,0.0,0.0,0.0,0.0,0.0,0.0,0.0,0.0,0.0,0.0,1.0,1.0,0.0,0.0,0.0,0.0,0.0,0.0,16.0,0.0,0.0,1.0,0.0,9.0,3.0,7.0,3.0,23.0,30.0,16.0,9.0,0.0,0.0,0.0,0.0,0.0,0.0,0.0,0.0,0.0,0.0,0.0,0.0,0.0,6.0,8.0,0.0,0.0,0.0,0.0,0.0,0.0,25.0,0.0,0.0,1.0,0.0,12.0,4.0,8.0,6.0,37.0,47.0,20.0,14.0
291,1.0,291.0,London_56,three,151,453,1092.0,70.0,2.0,205662.0,9.17111680097878,907.0,141.0,2.0,139.0,262.0,20.0,242.0,238.0,71.0,127.0,39.0,127.0,13.0,55.0,8.0,13.0,10.0,83.0,122.0,238.0,71.0,0.0,0.0,0.0,0.0,0.0,0.0,0.0,0.0,0.0,0.0,0.0,0.0,0.0,0.0,0.0,0.0,0.0,0.0,0.0,0.0,0.0,0.0,0.0,0.0,0.0,0.0,0.0,0.0,0.0,1.0,0.0,1.0,0.0,1.0,0.0,1.0,0.0,0.0,0.0,0.0,7.0,10.0,0.0,2.0,0.0,0.0,20.0,5.0,13.0,3.0,30.0,34.0,29.0,12.0,0.0,0.0,0.0,0.0,0.0,0.0,0.0,0.0,0.0,7.0,0.0,3.0,0.0,6.0,0.0,5.0,0.0,0.0,0.0,0.0,13.0,12.0,0.0,3.0,0.0,0.0,25.0,9.0,19.0,3.0,46.0,43.0,42.0,14.0
292,1.0,292.0,London_56,three,151,453,1092.0,70.0,2.0,173952.0,8.991888201795518,837.0,166.0,0.0,166.0,285.0,0.0,285.0,262.0,64.0,149.0,41.0,114.0,14.0,51.0,7.0,13.0,8.0,91.0,131.0,223.0,68.0,0.0,0.0,0.0,0.0,0.0,0.0,0.0,0.0,0.0,0.0,0.0,0.0,0.0,0.0,0.0,0.0,0.0,0.0,0.0,0.0,0.0,0.0,0.0,0.0,0.0,0.0,0.0,0.0,0.0,0.0,0.0,0.0,0.0,0.0,0.0,0.0,0.0,0.0,0.0,0.0,0.0,6.0,0.0,3.0,2.0,1.0,7.0,5.0,8.0,12.0,40.0,34.0,24.0,12.0,0.0,0.0,0.0,0.0,0.0,0.0,0.0,0.0,0.0,0.0,0.0,0.0,0.0,0.0,0.0,0.0,0.0,0.0,0.0,0.0,0.0,6.0,0.0,5.0,2.0,1.0,9.0,5.0,9.0,15.0,59.0,54.0,32.0,19.0
293,1.0,293.0,London_56,three,151,453,1092.0,70.0,2.0,129105.0,1.4719998138025403,738.0,39.0,0.0,39.0,66.0,0.0,66.0,285.0,56.0,154.0,49.0,103.0,15.0,55.0,6.0,15.0,15.0,72.0,134.0,232.0,86.0,0.0,0.0,0.0,0.0,0.0,0.0,0.0,0.0,0.0,0.0,0.0,0.0,0.0,0.0,0.0,0.0,0.0,0.0,0.0,0.0,0.0,0.0,0.0,0.0,0.0,0.0,0.0,0.0,0.0,0.0,0.0,0.0,0.0,0.0,0.0,0.0,0.0,0.0,0.0,0.0,1.0,1.0,0.0,1.0,0.0,1.0,7.0,2.0,2.0,3.0,8.0,4.0,9.0,2.0,0.0,0.0,0.0,0.0,0.0,0.0,0.0,0.0,0.0,0.0,0.0,0.0,0.0,0.0,0.0,0.0,0.0,0.0,0.0,0.0,1.0,1.0,0.0,2.0,0.0,1.0,10.0,2.0,2.0,4.0,9.0,6.0,12.0,4.0
294,1.0,294.0,London_56,three,151,453,1092.0,70.0,2.0,148584.0,7.628319477662444,781.0,121.0,2.0,119.0,241.0,19.0,222.0,66.0,68.0,156.0,48.0,103.0,15.0,41.0,6.0,16.0,14.0,81.0,134.0,224.0,89.0,0.0,0.0,0.0,0.0,0.0,0.0,0.0,0.0,0.0,0.0,0.0,0.0,0.0,0.0,0.0,0.0,0.0,0.0,0.0,0.0,0.0,0.0,0.0,0.0,0.0,0.0,0.0,0.0,0.0,0.0,0.0,0.0,1.0,1.0,0.0,1.0,0.0,0.0,0.0,0.0,1.0,11.0,0.0,2.0,0.0,0.0,9.0,15.0,2.0,9.0,21.0,32.0,21.0,10.0,0.0,0.0,0.0,0.0,0.0,0.0,0.0,0.0,0.0,0.0,0.0,0.0,2.0,6.0,0.0,1.0,0.0,0.0,0.0,0.0,1.0,16.0,0.0,3.0,0.0,0.0,12.0,18.0,3.0,10.0,29.0,46.0,28.0,16.0
295,1.0,295.0,London_56,three,151,453,1092.0,70.0,2.0,127293.0,2.284466932993382,734.0,93.0,0.0,93.0,159.0,0.0,159.0,241.0,81.0,143.0,53.0,91.0,8.0,53.0,7.0,17.0,8.0,82.0,138.0,225.0,87.0,0.0,0.0,0.0,0.0,0.0,0.0,0.0,0.0,0.0,0.0,0.0,0.0,0.0,0.0,0.0,0.0,0.0,0.0,0.0,0.0,0.0,0.0,0.0,0.0,0.0,0.0,0.0,0.0,0.0,0.0,0.0,0.0,0.0,0.0,0.0,0.0,0.0,0.0,0.0,0.0,1.0,7.0,0.0,2.0,0.0,0.0,6.0,9.0,6.0,7.0,18.0,25.0,16.0,13.0,0.0,0.0,0.0,0.0,0.0,0.0,0.0,0.0,0.0,0.0,0.0,0.0,0.0,0.0,0.0,0.0,0.0,0.0,0.0,0.0,1.0,8.0,0.0,2.0,0.0,0.0,8.0,11.0,6.0,8.0,26.0,37.0,21.0,20.0
296,1.0,296.0,London_56,three,151,453,1092.0,70.0,2.0,123669.0,4.052155906334519,726.0,13.0,1.0,12.0,32.0,11.0,21.0,159.0,74.0,144.0,39.0,113.0,6.0,56.0,7.0,14.0,9.0,84.0,138.0,222.0,94.0,0.0,0.0,0.0,0.0,0.0,0.0,0.0,0.0,0.0,0.0,0.0,0.0,0.0,0.0,0.0,0.0,0.0,0.0,0.0,0.0,0.0,0.0,0.0,0.0,0.0,0.0,0.0,0.0,0.0,0.0,0.0,0.0,1.0,1.0,0.0,1.0,0.0,0.0,0.0,0.0,1.0,0.0,0.0,0.0,0.0,0.0,0.0,0.0,0.0,0.0,1.0,3.0,2.0,2.0,0.0,0.0,0.0,0.0,0.0,0.0,0.0,0.0,0.0,0.0,0.0,0.0,4.0,10.0,0.0,5.0,0.0,0.0,0.0,0.0,1.0,0.0,0.0,0.0,0.0,0.0,0.0,0.0,0.0,0.0,2.0,7.0,3.0,2.0
297,1.0,297.0,London_56,three,151,453,1092.0,70.0,2.0,160362.0,7.476130641065538,807.0,70.0,0.0,70.0,119.0,0.0,119.0,32.0,74.0,150.0,40.0,111.0,8.0,48.0,7.0,15.0,6.0,88.0,133.0,226.0,82.0,0.0,0.0,0.0,0.0,0.0,0.0,0.0,0.0,0.0,0.0,0.0,0.0,0.0,0.0,0.0,0.0,0.0,0.0,0.0,0.0,0.0,0.0,0.0,0.0,0.0,0.0,0.0,0.0,0.0,0.0,0.0,0.0,0.0,0.0,0.0,0.0,0.0,0.0,0.0,0.0,0.0,0.0,0.0,1.0,0.0,0.0,6.0,8.0,2.0,6.0,10.0,15.0,11.0,8.0,0.0,0.0,0.0,0.0,0.0,0.0,0.0,0.0,0.0,0.0,0.0,0.0,0.0,0.0,0.0,0.0,0.0,0.0,0.0,0.0,0.0,0.0,0.0,1.0,0.0,0.0,10.0,11.0,2.0,8.0,13.0,23.0,13.0,14.0
298,1.0,298.0,London_56,three,151,453,1092.0,70.0,2.0,173952.0,3.53941986663267,837.0,47.0,0.0,47.0,79.0,0.0,79.0,119.0,78.0,141.0,43.0,110.0,10.0,49.0,8.0,14.0,10.0,84.0,138.0,221.0,80.0,0.0,0.0,0.0,0.0,0.0,0.0,0.0,0.0,0.0,0.0,0.0,0.0,0.0,0.0,0.0,0.0,0.0,0.0,0.0,0.0,0.0,0.0,0.0,0.0,0.0,0.0,0.0,0.0,0.0,0.0,0.0,0.0,0.0,0.0,0.0,0.0,0.0,0.0,0.0,0.0,2.0,0.0,0.0,0.0,0.0,0.0,4.0,1.0,5.0,0.0,6.0,11.0,7.0,2.0,0.0,0.0,0.0,0.0,0.0,0.0,0.0,0.0,0.0,0.0,0.0,0.0,0.0,0.0,0.0,0.0,0.0,0.0,0.0,0.0,2.0,0.0,0.0,0.0,0.0,0.0,5.0,1.0,8.0,0.0,8.0,18.0,8.0,3.0
299,1.0,299.0,London_56,three,151,453,1092.0,70.0,2.0,196149.0,4.077262378297746,886.0,115.0,2.0,113.0,203.0,18.0,185.0,79.0,79.0,132.0,44.0,112.0,12.0,54.0,7.0,13.0,10.0,83.0,135.0,225.0,85.0,0.0,0.0,0.0,0.0,0.0,0.0,0.0,0.0,0.0,0.0,0.0,0.0,0.0,0.0,0.0,0.0,0.0,0.0,0.0,0.0,0.0,0.0,0.0,0.0,0.0,0.0,0.0,0.0,0.0,0.0,0.0,0.0,0.0,0.0,1.0,1.0,0.0,0.0,0.0,0.0,1.0,8.0,0.0,4.0,1.0,0.0,6.0,4.0,4.0,12.0,19.0,25.0,15.0,9.0,0.0,0.0,0.0,0.0,0.0,0.0,0.0,0.0,0.0,0.0,0.0,0.0,0.0,0.0,5.0,1.0,0.0,0.0,0.0,0.0,1.0,10.0,0.0,6.0,1.0,0.0,7.0,4.0,5.0,19.0,27.0,34.0,17.0,11.0
300,1.0,300.0,London_56,three,151,453,1092.0,70.0,2.0,189354.0,5.31465405318886,871.0,122.0,1.0,121.0,224.0,10.0,214.0,203.0,61.0,144.0,58.0,111.0,13.0,49.0,7.0,10.0,9.0,90.0,125.0,229.0,79.0,0.0,0.0,0.0,0.0,0.0,0.0,0.0,0.0,0.0,0.0,0.0,0.0,0.0,0.0,0.0,0.0,0.0,0.0,0.0,0.0,0.0,0.0,0.0,0.0,0.0,0.0,0.0,0.0,0.0,0.0,0.0,0.0,0.0,0.0,0.0,0.0,1.0,0.0,0.0,0.0,2.0,11.0,0.0,1.0,2.0,1.0,10.0,1.0,2.0,9.0,30.0,22.0,19.0,9.0,0.0,0.0,0.0,0.0,0.0,0.0,0.0,0.0,0.0,0.0,0.0,0.0,0.0,0.0,0.0,0.0,10.0,0.0,0.0,0.0,3.0,16.0,0.0,1.0,2.0,1.0,15.0,1.0,2.0,15.0,48.0,28.0,22.0,13.0
301,1.0,301.0,London_56,three,151,453,1092.0,70.0,2.0,165798.0,3.8268964388407767,819.0,129.0,0.0,129.0,218.0,0.0,218.0,224.0,57.0,143.0,48.0,112.0,17.0,60.0,5.0,11.0,6.0,80.0,135.0,232.0,78.0,0.0,0.0,0.0,0.0,0.0,0.0,0.0,0.0,0.0,0.0,0.0,0.0,0.0,0.0,0.0,0.0,0.0,0.0,0.0,0.0,0.0,0.0,0.0,0.0,0.0,0.0,0.0,0.0,0.0,0.0,0.0,0.0,0.0,0.0,0.0,0.0,0.0,0.0,0.0,0.0,8.0,9.0,0.0,2.0,0.0,2.0,9.0,5.0,4.0,7.0,24.0,34.0,21.0,7.0,0.0,0.0,0.0,0.0,0.0,0.0,0.0,0.0,0.0,0.0,0.0,0.0,0.0,0.0,0.0,0.0,0.0,0.0,0.0,0.0,9.0,12.0,0.0,6.0,0.0,3.0,12.0,6.0,5.0,8.0,43.0,47.0,27.0,11.0
302,1.0,302.0,London_56,three,151,453,1092.0,70.0,2.0,155832.0,5.893703042063862,797.0,58.0,0.0,58.0,97.0,0.0,97.0,218.0,57.0,134.0,43.0,114.0,15.0,71.0,4.0,15.0,9.0,73.0,142.0,229.0,92.0,0.0,0.0,0.0,0.0,0.0,0.0,0.0,0.0,0.0,0.0,0.0,0.0,0.0,0.0,0.0,0.0,0.0,0.0,0.0,0.0,0.0,0.0,0.0,0.0,0.0,0.0,0.0,0.0,0.0,0.0,0.0,0.0,0.0,0.0,0.0,0.0,0.0,0.0,0.0,0.0,1.0,0.0,0.0,0.0,0.0,0.0,2.0,5.0,1.0,8.0,13.0,10.0,13.0,8.0,0.0,0.0,0.0,0.0,0.0,0.0,0.0,0.0,0.0,0.0,0.0,0.0,0.0,0.0,0.0,0.0,0.0,0.0,0.0,0.0,1.0,0.0,0.0,0.0,0.0,0.0,3.0,8.0,1.0,11.0,19.0,12.0,16.0,10.0
303,1.0,303.0,London_56,three,151,453,1092.0,70.0,2.0,171687.0,6.875326391775161,832.0,90.0,2.0,88.0,168.0,16.0,152.0,97.0,47.0,124.0,41.0,127.0,20.0,73.0,3.0,18.0,11.0,77.0,142.0,223.0,100.0,0.0,0.0,0.0,0.0,0.0,0.0,0.0,0.0,0.0,0.0,0.0,0.0,0.0,0.0,0.0,0.0,0.0,0.0,0.0,0.0,0.0,0.0,0.0,0.0,0.0,0.0,0.0,0.0,0.0,0.0,0.0,0.0,1.0,0.0,0.0,1.0,0.0,0.0,0.0,0.0,2.0,2.0,0.0,1.0,0.0,0.0,8.0,6.0,3.0,5.0,17.0,19.0,19.0,12.0,0.0,0.0,0.0,0.0,0.0,0.0,0.0,0.0,0.0,0.0,0.0,0.0,2.0,0.0,0.0,3.0,0.0,0.0,0.0,0.0,3.0,3.0,0.0,1.0,0.0,0.0,12.0,8.0,3.0,6.0,22.0,25.0,23.0,24.0
304,1.0,304.0,London_56,three,151,453,1092.0,70.0,2.0,166704.0,6.052615041844547,821.0,102.0,2.0,100.0,183.0,18.0,165.0,168.0,53.0,104.0,42.0,141.0,24.0,68.0,4.0,17.0,8.0,71.0,148.0,226.0,91.0,0.0,0.0,0.0,0.0,0.0,0.0,0.0,0.0,0.0,0.0,0.0,0.0,0.0,0.0,0.0,0.0,0.0,0.0,0.0,0.0,0.0,0.0,0.0,0.0,0.0,0.0,0.0,0.0,0.0,0.0,0.0,0.0,1.0,1.0,0.0,0.0,1.0,0.0,0.0,0.0,7.0,4.0,0.0,2.0,0.0,1.0,7.0,5.0,2.0,10.0,19.0,26.0,13.0,8.0,0.0,0.0,0.0,0.0,0.0,0.0,0.0,0.0,0.0,0.0,0.0,0.0,1.0,6.0,0.0,0.0,6.0,0.0,0.0,0.0,9.0,5.0,0.0,4.0,0.0,1.0,11.0,7.0,5.0,13.0,24.0,38.0,15.0,15.0
305,1.0,305.0,London_56,three,151,453,1092.0,70.0,2.0,157644.0,4.939074074849486,801.0,19.0,1.0,18.0,43.0,10.0,33.0,183.0,55.0,103.0,45.0,143.0,29.0,61.0,4.0,13.0,7.0,69.0,139.0,238.0,84.0,0.0,0.0,0.0,0.0,0.0,0.0,0.0,0.0,0.0,0.0,0.0,0.0,0.0,0.0,0.0,0.0,0.0,0.0,0.0,0.0,0.0,0.0,0.0,0.0,0.0,0.0,0.0,0.0,0.0,0.0,0.0,0.0,0.0,0.0,1.0,1.0,0.0,0.0,0.0,0.0,0.0,2.0,1.0,0.0,0.0,0.0,2.0,1.0,0.0,4.0,6.0,2.0,3.0,4.0,0.0,0.0,0.0,0.0,0.0,0.0,0.0,0.0,0.0,0.0,0.0,0.0,0.0,0.0,7.0,3.0,0.0,0.0,0.0,0.0,0.0,2.0,1.0,0.0,0.0,0.0,2.0,2.0,0.0,5.0,7.0,3.0,4.0,7.0
306,1.0,306.0,London_56,three,151,453,1092.0,70.0,2.0,191619.0,6.4523971430025995,876.0,115.0,0.0,115.0,203.0,0.0,203.0,43.0,59.0,100.0,43.0,149.0,23.0,60.0,4.0,15.0,6.0,69.0,141.0,237.0,87.0,0.0,0.0,0.0,0.0,0.0,0.0,0.0,0.0,0.0,0.0,0.0,0.0,0.0,0.0,0.0,0.0,0.0,0.0,0.0,0.0,0.0,0.0,0.0,0.0,0.0,0.0,0.0,0.0,0.0,0.0,0.0,0.0,0.0,0.0,0.0,0.0,0.0,0.0,0.0,0.0,2.0,8.0,2.0,1.0,0.0,0.0,9.0,4.0,0.0,13.0,28.0,23.0,20.0,14.0,0.0,0.0,0.0,0.0,0.0,0.0,0.0,0.0,0.0,0.0,0.0,0.0,0.0,0.0,0.0,0.0,0.0,0.0,0.0,0.0,2.0,16.0,2.0,1.0,0.0,0.0,10.0,5.0,0.0,15.0,40.0,37.0,26.0,22.0
307,1.0,307.0,London_56,three,151,453,1092.0,70.0,2.0,182559.0,5.6759704779833555,856.0,78.0,2.0,76.0,150.0,18.0,132.0,203.0,54.0,118.0,45.0,136.0,22.0,56.0,3.0,19.0,9.0,76.0,142.0,226.0,79.0,0.0,0.0,0.0,0.0,0.0,0.0,0.0,0.0,0.0,0.0,0.0,0.0,0.0,0.0,0.0,0.0,0.0,0.0,0.0,0.0,0.0,0.0,0.0,0.0,0.0,0.0,0.0,0.0,0.0,0.0,0.0,0.0,0.0,0.0,0.0,2.0,0.0,0.0,0.0,0.0,4.0,4.0,0.0,1.0,0.0,0.0,7.0,3.0,2.0,7.0,17.0,18.0,15.0,9.0,0.0,0.0,0.0,0.0,0.0,0.0,0.0,0.0,0.0,0.0,0.0,0.0,0.0,0.0,0.0,5.0,0.0,0.0,0.0,0.0,6.0,6.0,0.0,1.0,0.0,0.0,10.0,5.0,2.0,10.0,20.0,26.0,19.0,17.0
308,1.0,308.0,London_56,three,151,453,1092.0,70.0,2.0,189807.0,7.244140059221536,872.0,227.0,2.0,225.0,404.0,19.0,385.0,150.0,51.0,133.0,42.0,137.0,13.0,55.0,3.0,19.0,10.0,74.0,135.0,234.0,94.0,0.0,0.0,0.0,0.0,0.0,0.0,0.0,0.0,0.0,1.0,0.0,1.0,0.0,0.0,0.0,0.0,0.0,0.0,1.0,0.0,0.0,0.0,0.0,0.0,0.0,0.0,0.0,0.0,0.0,0.0,0.0,0.0,1.0,2.0,0.0,1.0,0.0,0.0,0.0,0.0,0.0,26.0,2.0,5.0,11.0,1.0,17.0,9.0,19.0,13.0,44.0,53.0,24.0,21.0,0.0,0.0,0.0,0.0,0.0,0.0,0.0,0.0,0.0,0.0,0.0,0.0,5.0,10.0,0.0,1.0,0.0,0.0,0.0,0.0,0.0,41.0,2.0,7.0,13.0,1.0,23.0,14.0,23.0,17.0,73.0,80.0,31.0,28.0
309,1.0,309.0,London_56,three,151,453,1092.0,70.0,2.0,111891.0,0.5260087200440466,700.0,40.0,2.0,38.0,85.0,20.0,65.0,400.0,54.0,164.0,26.0,103.0,19.0,63.0,5.0,19.0,11.0,73.0,157.0,212.0,62.0,0.0,0.0,0.0,0.0,0.0,0.0,0.0,0.0,0.0,0.0,0.0,0.0,0.0,0.0,0.0,0.0,0.0,0.0,0.0,0.0,0.0,0.0,0.0,0.0,0.0,0.0,0.0,0.0,0.0,0.0,0.0,0.0,0.0,0.0,2.0,2.0,0.0,0.0,0.0,0.0,0.0,0.0,0.0,0.0,0.0,0.0,2.0,4.0,0.0,2.0,3.0,9.0,5.0,4.0,0.0,0.0,0.0,0.0,0.0,0.0,0.0,0.0,0.0,0.0,0.0,0.0,0.0,0.0,17.0,10.0,0.0,0.0,0.0,0.0,0.0,0.0,0.0,0.0,0.0,0.0,3.0,5.0,0.0,3.0,7.0,10.0,6.0,5.0
310,1.0,310.0,London_56,three,151,453,1092.0,70.0,2.0,123216.0,4.184623195789754,725.0,69.0,0.0,69.0,123.0,0.0,123.0,85.0,36.0,154.0,31.0,116.0,21.0,70.0,5.0,20.0,8.0,83.0,139.0,223.0,67.0,0.0,0.0,0.0,0.0,0.0,0.0,0.0,0.0,0.0,0.0,0.0,0.0,0.0,0.0,0.0,0.0,0.0,0.0,0.0,0.0,0.0,0.0,0.0,0.0,0.0,0.0,0.0,0.0,0.0,0.0,0.0,0.0,0.0,0.0,0.0,0.0,0.0,0.0,0.0,0.0,0.0,1.0,1.0,0.0,0.0,1.0,8.0,5.0,3.0,4.0,10.0,18.0,16.0,4.0,0.0,0.0,0.0,0.0,0.0,0.0,0.0,0.0,0.0,0.0,0.0,0.0,0.0,0.0,0.0,0.0,0.0,0.0,0.0,0.0,0.0,1.0,1.0,0.0,0.0,2.0,13.0,8.0,6.0,5.0,11.0,27.0,22.0,4.0
311,1.0,311.0,London_56,three,151,453,1092.0,70.0,2.0,118686.0,3.8586842310614884,715.0,2.0,2.0,0.0,17.0,17.0,0.0,123.0,45.0,133.0,24.0,129.0,21.0,71.0,7.0,23.0,12.0,92.0,138.0,211.0,79.0,0.0,0.0,0.0,0.0,0.0,0.0,0.0,0.0,0.0,0.0,0.0,0.0,0.0,0.0,0.0,0.0,0.0,0.0,0.0,0.0,0.0,0.0,0.0,0.0,0.0,0.0,0.0,0.0,0.0,1.0,0.0,0.0,2.0,0.0,0.0,2.0,0.0,0.0,0.0,0.0,0.0,0.0,0.0,0.0,0.0,0.0,0.0,0.0,0.0,0.0,0.0,0.0,0.0,0.0,0.0,0.0,0.0,0.0,0.0,0.0,0.0,0.0,0.0,3.0,0.0,0.0,4.0,0.0,0.0,7.0,0.0,0.0,0.0,0.0,0.0,0.0,0.0,0.0,0.0,0.0,0.0,0.0,0.0,0.0,0.0,0.0,0.0,0.0
312,1.0,312.0,London_56,three,151,453,1092.0,70.0,2.0,158550.0,5.77953941328451,803.0,181.0,0.0,181.0,303.0,0.0,303.0,17.0,45.0,134.0,25.0,134.0,18.0,67.0,7.0,23.0,10.0,95.0,134.0,214.0,74.0,0.0,0.0,0.0,0.0,0.0,0.0,0.0,0.0,0.0,0.0,0.0,0.0,0.0,0.0,0.0,0.0,0.0,0.0,0.0,0.0,0.0,0.0,0.0,0.0,0.0,0.0,0.0,0.0,0.0,0.0,0.0,0.0,0.0,0.0,0.0,0.0,0.0,0.0,0.0,0.0,10.0,6.0,0.0,7.0,0.0,0.0,13.0,6.0,6.0,13.0,38.0,38.0,39.0,10.0,0.0,0.0,0.0,0.0,0.0,0.0,0.0,0.0,0.0,0.0,0.0,0.0,0.0,0.0,0.0,0.0,0.0,0.0,0.0,0.0,11.0,6.0,0.0,10.0,0.0,0.0,18.0,8.0,9.0,18.0,58.0,55.0,49.0,15.0
313,1.0,313.0,London_56,three,151,453,1092.0,70.0,2.0,111438.0,4.575286817271262,699.0,30.0,0.0,30.0,48.0,0.0,48.0,303.0,45.0,129.0,36.0,129.0,25.0,61.0,7.0,21.0,12.0,74.0,151.0,216.0,69.0,0.0,0.0,0.0,0.0,0.0,0.0,0.0,0.0,0.0,0.0,0.0,0.0,0.0,0.0,0.0,0.0,0.0,0.0,0.0,0.0,0.0,0.0,0.0,0.0,0.0,0.0,0.0,0.0,0.0,0.0,0.0,0.0,0.0,0.0,0.0,0.0,0.0,0.0,0.0,0.0,0.0,0.0,0.0,0.0,0.0,0.0,4.0,3.0,1.0,4.0,5.0,7.0,7.0,1.0,0.0,0.0,0.0,0.0,0.0,0.0,0.0,0.0,0.0,0.0,0.0,0.0,0.0,0.0,0.0,0.0,0.0,0.0,0.0,0.0,0.0,0.0,0.0,0.0,0.0,0.0,4.0,5.0,1.0,6.0,6.0,9.0,8.0,1.0
314,1.0,314.0,London_56,three,151,453,1092.0,70.0,2.0,131823.0,4.826120907440782,744.0,44.0,1.0,43.0,84.0,9.0,75.0,48.0,49.0,134.0,39.0,118.0,25.0,62.0,8.0,18.0,11.0,78.0,152.0,212.0,69.0,0.0,0.0,0.0,0.0,0.0,0.0,0.0,0.0,0.0,0.0,0.0,0.0,0.0,0.0,0.0,0.0,0.0,0.0,0.0,0.0,0.0,0.0,0.0,0.0,0.0,0.0,0.0,0.0,0.0,0.0,0.0,0.0,0.0,0.0,0.0,1.0,0.0,0.0,0.0,0.0,1.0,0.0,0.0,0.0,0.0,0.0,4.0,3.0,0.0,2.0,11.0,3.0,8.0,3.0,0.0,0.0,0.0,0.0,0.0,0.0,0.0,0.0,0.0,0.0,0.0,0.0,0.0,0.0,0.0,7.0,0.0,0.0,0.0,0.0,1.0,0.0,0.0,0.0,0.0,0.0,5.0,4.0,0.0,3.0,17.0,5.0,10.0,6.0
315,1.0,315.0,London_56,three,151,453,1092.0,70.0,2.0,146772.0,4.833411885425448,777.0,12.0,0.0,12.0,19.0,0.0,19.0,84.0,52.0,129.0,36.0,125.0,20.0,64.0,7.0,20.0,9.0,73.0,149.0,222.0,77.0,0.0,0.0,0.0,0.0,0.0,0.0,0.0,0.0,0.0,0.0,0.0,0.0,0.0,0.0,0.0,0.0,0.0,0.0,0.0,0.0,0.0,0.0,0.0,0.0,0.0,0.0,0.0,0.0,0.0,0.0,0.0,0.0,0.0,0.0,0.0,0.0,0.0,0.0,0.0,0.0,0.0,0.0,0.0,1.0,0.0,0.0,2.0,1.0,0.0,1.0,1.0,2.0,2.0,3.0,0.0,0.0,0.0,0.0,0.0,0.0,0.0,0.0,0.0,0.0,0.0,0.0,0.0,0.0,0.0,0.0,0.0,0.0,0.0,0.0,0.0,0.0,0.0,2.0,0.0,0.0,3.0,1.0,0.0,2.0,2.0,3.0,3.0,3.0
316,1.0,316.0,London_56,three,151,453,1092.0,70.0,2.0,179388.0,7.010986133012921,849.0,141.0,0.0,141.0,241.0,0.0,241.0,19.0,52.0,128.0,38.0,129.0,20.0,59.0,7.0,20.0,9.0,74.0,153.0,217.0,75.0,0.0,0.0,0.0,0.0,0.0,0.0,0.0,0.0,0.0,0.0,0.0,0.0,0.0,0.0,0.0,0.0,0.0,0.0,0.0,0.0,0.0,0.0,0.0,0.0,0.0,0.0,0.0,0.0,0.0,0.0,0.0,0.0,0.0,0.0,0.0,0.0,0.0,0.0,0.0,0.0,3.0,5.0,0.0,2.0,0.0,0.0,10.0,12.0,3.0,9.0,25.0,31.0,29.0,10.0,0.0,0.0,0.0,0.0,0.0,0.0,0.0,0.0,0.0,0.0,0.0,0.0,0.0,0.0,0.0,0.0,0.0,0.0,0.0,0.0,4.0,7.0,0.0,3.0,0.0,0.0,11.0,19.0,3.0,13.0,38.0,43.0,39.0,16.0
317,1.0,317.0,London_56,three,151,453,1092.0,70.0,2.0,151755.0,5.376344703137875,788.0,70.0,0.0,70.0,115.0,0.0,115.0,241.0,51.0,137.0,40.0,114.0,22.0,65.0,11.0,13.0,11.0,74.0,159.0,209.0,79.0,0.0,0.0,0.0,0.0,0.0,0.0,0.0,0.0,0.0,0.0,0.0,0.0,0.0,0.0,0.0,0.0,0.0,0.0,0.0,0.0,0.0,0.0,0.0,0.0,0.0,0.0,0.0,0.0,0.0,0.0,0.0,0.0,0.0,0.0,0.0,0.0,0.0,0.0,0.0,0.0,2.0,1.0,0.0,0.0,0.0,0.0,4.0,6.0,2.0,4.0,24.0,18.0,30.0,3.0,0.0,0.0,0.0,0.0,0.0,0.0,0.0,0.0,0.0,0.0,0.0,0.0,0.0,0.0,0.0,0.0,0.0,0.0,0.0,0.0,2.0,1.0,0.0,0.0,0.0,0.0,5.0,8.0,4.0,4.0,37.0,25.0,34.0,6.0
318,1.0,318.0,London_56,three,151,453,1092.0,70.0,2.0,159003.0,2.0454393522813916,804.0,80.0,2.0,78.0,150.0,17.0,133.0,115.0,53.0,146.0,41.0,102.0,25.0,62.0,11.0,13.0,11.0,74.0,154.0,214.0,82.0,0.0,0.0,0.0,0.0,0.0,0.0,0.0,0.0,0.0,0.0,0.0,0.0,0.0,0.0,0.0,0.0,0.0,0.0,0.0,0.0,0.0,0.0,0.0,0.0,0.0,0.0,0.0,0.0,0.0,0.0,0.0,0.0,1.0,1.0,0.0,2.0,0.0,0.0,0.0,0.0,0.0,3.0,0.0,3.0,0.0,0.0,3.0,11.0,5.0,3.0,13.0,18.0,13.0,2.0,0.0,0.0,0.0,0.0,0.0,0.0,0.0,0.0,0.0,0.0,0.0,0.0,3.0,6.0,0.0,10.0,0.0,0.0,0.0,0.0,0.0,4.0,0.0,4.0,0.0,0.0,4.0,16.0,6.0,4.0,22.0,26.0,16.0,4.0
319,1.0,319.0,London_56,three,151,453,1092.0,70.0,2.0,163533.0,4.68883626209572,814.0,136.0,2.0,134.0,271.0,20.0,251.0,150.0,64.0,142.0,36.0,99.0,24.0,62.0,11.0,15.0,5.0,73.0,165.0,210.0,76.0,0.0,0.0,0.0,0.0,0.0,0.0,0.0,0.0,0.0,0.0,0.0,0.0,0.0,0.0,0.0,0.0,0.0,0.0,0.0,0.0,0.0,0.0,0.0,0.0,0.0,0.0,0.0,0.0,0.0,0.0,0.0,0.0,2.0,2.0,0.0,2.0,0.0,0.0,0.0,0.0,4.0,12.0,0.0,2.0,0.0,0.0,9.0,7.0,1.0,13.0,24.0,30.0,17.0,7.0,0.0,0.0,0.0,0.0,0.0,0.0,0.0,0.0,0.0,0.0,0.0,0.0,13.0,12.0,0.0,4.0,0.0,0.0,0.0,0.0,6.0,16.0,0.0,2.0,0.0,0.0,9.0,14.0,1.0,18.0,41.0,52.0,22.0,10.0
320,1.0,320.0,London_56,three,151,453,1092.0,70.0,2.0,139524.0,2.4854234820231795,761.0,57.0,2.0,55.0,106.0,18.0,88.0,271.0,60.0,124.0,41.0,118.0,25.0,56.0,10.0,19.0,8.0,66.0,154.0,225.0,71.0,0.0,0.0,0.0,0.0,0.0,0.0,0.0,0.0,0.0,0.0,0.0,0.0,0.0,0.0,0.0,0.0,0.0,0.0,0.0,0.0,0.0,0.0,0.0,0.0,0.0,0.0,0.0,0.0,0.0,2.0,0.0,0.0,0.0,0.0,1.0,1.0,0.0,0.0,0.0,0.0,0.0,0.0,0.0,1.0,0.0,1.0,4.0,7.0,0.0,4.0,11.0,10.0,13.0,2.0,0.0,0.0,0.0,0.0,0.0,0.0,0.0,0.0,0.0,2.0,0.0,0.0,0.0,0.0,6.0,3.0,0.0,0.0,0.0,0.0,0.0,0.0,0.0,1.0,0.0,2.0,5.0,11.0,0.0,4.0,17.0,12.0,15.0,4.0
321,1.0,321.0,London_56,three,151,453,1092.0,70.0,2.0,155832.0,4.758177561685443,797.0,87.0,1.0,86.0,161.0,9.0,152.0,106.0,60.0,125.0,45.0,130.0,14.0,58.0,4.0,17.0,5.0,77.0,155.0,216.0,77.0,0.0,0.0,0.0,0.0,0.0,0.0,0.0,0.0,0.0,0.0,0.0,0.0,0.0,0.0,0.0,0.0,0.0,0.0,0.0,0.0,0.0,0.0,0.0,0.0,0.0,0.0,0.0,0.0,0.0,0.0,0.0,0.0,0.0,0.0,1.0,0.0,0.0,0.0,0.0,0.0,1.0,2.0,0.0,0.0,0.0,0.0,3.0,7.0,3.0,4.0,21.0,20.0,25.0,8.0,0.0,0.0,0.0,0.0,0.0,0.0,0.0,0.0,0.0,0.0,0.0,0.0,0.0,0.0,4.0,0.0,0.0,0.0,0.0,0.0,1.0,3.0,0.0,0.0,0.0,0.0,3.0,8.0,3.0,5.0,29.0,37.0,30.0,12.0
322,1.0,322.0,London_56,three,151,453,1092.0,70.0,2.0,157191.0,6.442133362870663,800.0,52.0,2.0,50.0,106.0,18.0,88.0,161.0,71.0,110.0,43.0,135.0,15.0,60.0,4.0,15.0,6.0,81.0,148.0,218.0,71.0,0.0,0.0,0.0,0.0,0.0,0.0,0.0,0.0,0.0,0.0,0.0,0.0,0.0,0.0,0.0,0.0,0.0,0.0,0.0,0.0,0.0,0.0,0.0,0.0,0.0,0.0,0.0,0.0,0.0,2.0,0.0,2.0,0.0,0.0,0.0,0.0,0.0,0.0,0.0,0.0,2.0,1.0,0.0,1.0,0.0,0.0,4.0,4.0,5.0,3.0,8.0,10.0,13.0,4.0,0.0,0.0,0.0,0.0,0.0,0.0,0.0,0.0,0.0,5.0,0.0,3.0,0.0,0.0,0.0,0.0,0.0,0.0,0.0,0.0,2.0,2.0,0.0,2.0,0.0,0.0,5.0,5.0,7.0,4.0,11.0,13.0,17.0,6.0
323,1.0,323.0,London_56,three,151,453,1092.0,70.0,2.0,175764.0,7.156066942960024,841.0,107.0,1.0,106.0,185.0,8.0,177.0,106.0,69.0,107.0,49.0,138.0,10.0,61.0,3.0,16.0,6.0,72.0,141.0,234.0,64.0,0.0,0.0,0.0,0.0,0.0,0.0,0.0,0.0,0.0,0.0,0.0,0.0,0.0,0.0,0.0,0.0,0.0,0.0,0.0,0.0,0.0,0.0,0.0,0.0,0.0,0.0,0.0,0.0,0.0,0.0,0.0,0.0,1.0,0.0,0.0,1.0,0.0,0.0,0.0,0.0,0.0,5.0,0.0,0.0,0.0,0.0,9.0,4.0,3.0,7.0,20.0,24.0,20.0,14.0,0.0,0.0,0.0,0.0,0.0,0.0,0.0,0.0,0.0,0.0,0.0,0.0,4.0,0.0,0.0,2.0,0.0,0.0,0.0,0.0,0.0,8.0,0.0,0.0,0.0,0.0,13.0,4.0,4.0,8.0,27.0,37.0,23.0,19.0
324,1.0,324.0,London_56,three,151,453,1092.0,70.0,2.0,162174.0,5.751776421442628,811.0,110.0,1.0,109.0,201.0,9.0,192.0,185.0,55.0,118.0,48.0,146.0,7.0,66.0,3.0,10.0,5.0,71.0,152.0,225.0,75.0,0.0,0.0,0.0,0.0,0.0,0.0,0.0,0.0,0.0,0.0,0.0,0.0,0.0,0.0,0.0,0.0,0.0,0.0,0.0,0.0,0.0,0.0,0.0,0.0,0.0,0.0,0.0,0.0,0.0,0.0,0.0,0.0,0.0,0.0,1.0,0.0,0.0,0.0,0.0,0.0,2.0,2.0,0.0,0.0,0.0,2.0,8.0,9.0,7.0,7.0,21.0,34.0,32.0,8.0,0.0,0.0,0.0,0.0,0.0,0.0,0.0,0.0,0.0,0.0,0.0,0.0,0.0,0.0,7.0,0.0,0.0,0.0,0.0,0.0,2.0,3.0,0.0,0.0,0.0,3.0,10.0,13.0,8.0,7.0,30.0,50.0,43.0,12.0
325,1.0,325.0,London_56,three,151,453,1092.0,70.0,2.0,148131.0,4.378050213679671,780.0,116.0,0.0,116.0,211.0,0.0,211.0,201.0,53.0,134.0,42.0,135.0,9.0,71.0,3.0,6.0,9.0,75.0,141.0,228.0,89.0,0.0,0.0,0.0,0.0,0.0,0.0,0.0,0.0,0.0,0.0,0.0,0.0,0.0,0.0,0.0,0.0,0.0,0.0,0.0,0.0,0.0,0.0,0.0,0.0,0.0,0.0,0.0,0.0,0.0,0.0,0.0,0.0,0.0,0.0,0.0,0.0,0.0,0.0,0.0,0.0,3.0,5.0,0.0,0.0,0.0,0.0,4.0,12.0,4.0,13.0,24.0,28.0,19.0,6.0,0.0,0.0,0.0,0.0,0.0,0.0,0.0,0.0,0.0,0.0,0.0,0.0,0.0,0.0,0.0,0.0,0.0,0.0,0.0,0.0,4.0,7.0,0.0,0.0,0.0,0.0,6.0,14.0,7.0,17.0,37.0,47.0,28.0,10.0
326,1.0,326.0,London_56,three,151,453,1092.0,70.0,2.0,131823.0,1.0099438172765076,744.0,68.0,2.0,66.0,131.0,18.0,113.0,211.0,66.0,129.0,33.0,132.0,10.0,73.0,3.0,7.0,15.0,74.0,148.0,216.0,93.0,0.0,0.0,0.0,0.0,0.0,0.0,0.0,0.0,0.0,0.0,0.0,0.0,0.0,0.0,0.0,0.0,0.0,0.0,0.0,0.0,0.0,0.0,0.0,0.0,0.0,0.0,0.0,0.0,0.0,0.0,0.0,0.0,0.0,1.0,1.0,1.0,0.0,0.0,0.0,0.0,0.0,2.0,0.0,2.0,0.0,0.0,5.0,7.0,6.0,6.0,15.0,23.0,23.0,7.0,0.0,0.0,0.0,0.0,0.0,0.0,0.0,0.0,0.0,0.0,0.0,0.0,0.0,5.0,8.0,3.0,0.0,0.0,0.0,0.0,0.0,4.0,0.0,3.0,0.0,0.0,6.0,9.0,8.0,7.0,20.0,27.0,29.0,8.0
327,1.0,327.0,London_56,three,151,453,1092.0,70.0,2.0,131370.0,2.7669960972853005,743.0,120.0,0.0,120.0,200.0,0.0,200.0,131.0,72.0,136.0,31.0,131.0,14.0,57.0,4.0,8.0,15.0,72.0,134.0,232.0,95.0,0.0,0.0,0.0,0.0,0.0,0.0,0.0,0.0,0.0,0.0,0.0,0.0,0.0,0.0,0.0,0.0,0.0,0.0,0.0,0.0,0.0,0.0,0.0,0.0,0.0,0.0,0.0,0.0,0.0,0.0,0.0,0.0,0.0,0.0,0.0,0.0,0.0,0.0,0.0,0.0,2.0,8.0,0.0,2.0,0.0,0.0,10.0,4.0,2.0,2.0,28.0,30.0,24.0,9.0,0.0,0.0,0.0,0.0,0.0,0.0,0.0,0.0,0.0,0.0,0.0,0.0,0.0,0.0,0.0,0.0,0.0,0.0,0.0,0.0,3.0,11.0,0.0,3.0,0.0,0.0,13.0,6.0,2.0,2.0,47.0,42.0,29.0,12.0
328,1.0,328.0,London_56,three,151,453,1092.0,70.0,2.0,109626.0,5.452872738707811,695.0,15.0,1.0,14.0,28.0,8.0,20.0,200.0,68.0,149.0,32.0,115.0,18.0,59.0,3.0,9.0,17.0,78.0,132.0,226.0,95.0,0.0,0.0,0.0,0.0,0.0,0.0,0.0,0.0,0.0,0.0,0.0,0.0,0.0,0.0,0.0,0.0,0.0,0.0,0.0,0.0,0.0,0.0,0.0,0.0,0.0,0.0,0.0,0.0,0.0,0.0,0.0,0.0,0.0,0.0,1.0,0.0,0.0,0.0,0.0,0.0,1.0,0.0,0.0,0.0,0.0,0.0,0.0,0.0,0.0,0.0,5.0,3.0,2.0,0.0,0.0,0.0,0.0,0.0,0.0,0.0,0.0,0.0,0.0,0.0,0.0,0.0,0.0,0.0,5.0,0.0,0.0,0.0,0.0,0.0,2.0,0.0,0.0,0.0,0.0,0.0,0.0,0.0,0.0,0.0,7.0,3.0,3.0,0.0
329,1.0,329.0,London_56,three,151,453,1092.0,70.0,2.0,139071.0,6.90110484091565,760.0,46.0,1.0,45.0,90.0,8.0,82.0,28.0,69.0,153.0,33.0,111.0,18.0,58.0,3.0,8.0,14.0,80.0,128.0,231.0,89.0,0.0,0.0,0.0,0.0,0.0,0.0,0.0,0.0,0.0,0.0,0.0,0.0,0.0,0.0,0.0,0.0,0.0,0.0,0.0,0.0,0.0,0.0,0.0,0.0,0.0,0.0,0.0,0.0,0.0,0.0,0.0,0.0,0.0,1.0,0.0,0.0,1.0,0.0,0.0,0.0,0.0,4.0,0.0,0.0,0.0,0.0,9.0,1.0,0.0,2.0,8.0,11.0,12.0,3.0,0.0,0.0,0.0,0.0,0.0,0.0,0.0,0.0,0.0,0.0,0.0,0.0,0.0,8.0,0.0,0.0,8.0,0.0,0.0,0.0,0.0,5.0,0.0,0.0,0.0,0.0,13.0,1.0,0.0,3.0,12.0,20.0,16.0,5.0
330,1.0,330.0,London_56,three,151,453,1092.0,70.0,2.0,155832.0,4.654475855641067,797.0,63.0,0.0,63.0,108.0,0.0,108.0,90.0,78.0,143.0,34.0,125.0,13.0,49.0,3.0,8.0,13.0,83.0,129.0,228.0,87.0,0.0,0.0,0.0,0.0,0.0,0.0,0.0,0.0,0.0,0.0,0.0,0.0,0.0,0.0,0.0,0.0,0.0,0.0,0.0,0.0,0.0,0.0,0.0,0.0,0.0,0.0,0.0,0.0,0.0,0.0,0.0,0.0,0.0,0.0,0.0,0.0,0.0,0.0,0.0,0.0,1.0,3.0,0.0,1.0,0.0,0.0,8.0,2.0,1.0,3.0,6.0,19.0,12.0,7.0,0.0,0.0,0.0,0.0,0.0,0.0,0.0,0.0,0.0,0.0,0.0,0.0,0.0,0.0,0.0,0.0,0.0,0.0,0.0,0.0,2.0,4.0,0.0,2.0,0.0,0.0,12.0,3.0,1.0,6.0,10.0,32.0,18.0,9.0
331,1.0,331.0,London_56,three,151,453,1092.0,70.0,2.0,172593.0,1.2380514279939234,834.0,80.0,2.0,78.0,151.0,18.0,133.0,108.0,91.0,131.0,36.0,122.0,13.0,48.0,2.0,10.0,15.0,81.0,125.0,232.0,84.0,0.0,0.0,0.0,0.0,0.0,0.0,0.0,0.0,0.0,0.0,0.0,0.0,0.0,0.0,0.0,0.0,0.0,0.0,0.0,0.0,0.0,0.0,0.0,0.0,0.0,0.0,0.0,0.0,0.0,0.0,0.0,0.0,0.0,1.0,1.0,0.0,0.0,0.0,0.0,0.0,1.0,5.0,0.0,1.0,0.0,0.0,10.0,5.0,1.0,5.0,10.0,16.0,17.0,7.0,0.0,0.0,0.0,0.0,0.0,0.0,0.0,0.0,0.0,0.0,0.0,0.0,0.0,6.0,6.0,0.0,0.0,0.0,0.0,0.0,1.0,7.0,0.0,2.0,0.0,0.0,14.0,6.0,1.0,8.0,11.0,24.0,22.0,8.0
332,1.0,332.0,London_56,three,151,453,1092.0,70.0,2.0,185277.0,6.9987037419341505,862.0,85.0,2.0,83.0,161.0,16.0,145.0,151.0,87.0,126.0,35.0,129.0,16.0,45.0,3.0,12.0,12.0,81.0,136.0,224.0,81.0,0.0,0.0,0.0,0.0,0.0,0.0,0.0,0.0,0.0,0.0,0.0,0.0,0.0,0.0,0.0,0.0,0.0,0.0,0.0,0.0,0.0,0.0,0.0,0.0,0.0,0.0,0.0,0.0,0.0,0.0,0.0,0.0,0.0,1.0,1.0,0.0,0.0,0.0,0.0,0.0,3.0,2.0,0.0,2.0,0.0,0.0,10.0,10.0,2.0,5.0,10.0,14.0,16.0,10.0,0.0,0.0,0.0,0.0,0.0,0.0,0.0,0.0,0.0,0.0,0.0,0.0,0.0,7.0,8.0,0.0,0.0,0.0,0.0,0.0,5.0,2.0,0.0,4.0,0.0,0.0,16.0,15.0,3.0,5.0,16.0,18.0,22.0,17.0
333,1.0,333.0,London_56,three,151,453,1092.0,70.0,2.0,198414.0,7.916109163779765,891.0,156.0,2.0,154.0,282.0,20.0,262.0,161.0,65.0,146.0,38.0,128.0,11.0,48.0,4.0,13.0,14.0,88.0,138.0,213.0,77.0,0.0,0.0,0.0,0.0,0.0,0.0,0.0,0.0,0.0,0.0,0.0,0.0,0.0,0.0,0.0,0.0,0.0,0.0,0.0,0.0,0.0,0.0,0.0,0.0,0.0,0.0,0.0,0.0,0.0,1.0,0.0,0.0,1.0,0.0,0.0,2.0,0.0,0.0,0.0,0.0,3.0,0.0,0.0,1.0,0.0,0.0,9.0,4.0,9.0,7.0,30.0,40.0,28.0,12.0,0.0,0.0,0.0,0.0,0.0,0.0,0.0,0.0,0.0,7.0,0.0,0.0,5.0,0.0,0.0,3.0,0.0,0.0,0.0,0.0,4.0,0.0,0.0,2.0,0.0,0.0,12.0,6.0,10.0,9.0,44.0,62.0,32.0,15.0
334,1.0,334.0,London_56,three,151,453,1092.0,70.0,2.0,173046.0,6.42944727698341,835.0,89.0,0.0,89.0,139.0,0.0,139.0,282.0,63.0,171.0,34.0,109.0,12.0,48.0,6.0,10.0,11.0,82.0,143.0,217.0,63.0,0.0,0.0,0.0,0.0,0.0,0.0,0.0,0.0,0.0,0.0,0.0,0.0,0.0,0.0,0.0,0.0,0.0,0.0,0.0,0.0,0.0,0.0,0.0,0.0,0.0,0.0,0.0,0.0,0.0,0.0,0.0,0.0,0.0,0.0,0.0,0.0,0.0,0.0,0.0,0.0,0.0,2.0,0.0,0.0,0.0,0.0,10.0,7.0,1.0,2.0,16.0,18.0,11.0,8.0,0.0,0.0,0.0,0.0,0.0,0.0,0.0,0.0,0.0,0.0,0.0,0.0,0.0,0.0,0.0,0.0,0.0,0.0,0.0,0.0,0.0,2.0,0.0,0.0,0.0,0.0,12.0,8.0,1.0,3.0,26.0,25.0,16.0,10.0
335,1.0,335.0,London_56,three,151,453,1092.0,70.0,2.0,169422.0,6.501960593275726,827.0,75.0,0.0,75.0,133.0,0.0,133.0,139.0,59.0,158.0,36.0,121.0,15.0,46.0,6.0,12.0,11.0,86.0,144.0,212.0,72.0,0.0,0.0,0.0,0.0,0.0,0.0,0.0,0.0,0.0,0.0,0.0,0.0,0.0,0.0,0.0,0.0,0.0,0.0,0.0,0.0,0.0,0.0,0.0,0.0,0.0,0.0,0.0,0.0,0.0,0.0,0.0,0.0,0.0,0.0,0.0,0.0,0.0,0.0,0.0,0.0,0.0,1.0,0.0,1.0,0.0,0.0,10.0,2.0,3.0,2.0,13.0,20.0,20.0,7.0,0.0,0.0,0.0,0.0,0.0,0.0,0.0,0.0,0.0,0.0,0.0,0.0,0.0,0.0,0.0,0.0,0.0,0.0,0.0,0.0,0.0,1.0,0.0,1.0,0.0,0.0,15.0,2.0,5.0,2.0,20.0,32.0,26.0,12.0
336,1.0,336.0,London_56,three,151,453,1092.0,70.0,2.0,169875.0,6.341760448180139,828.0,61.0,2.0,59.0,123.0,19.0,104.0,133.0,53.0,162.0,39.0,122.0,14.0,44.0,6.0,13.0,15.0,76.0,153.0,209.0,86.0,0.0,0.0,0.0,0.0,0.0,0.0,0.0,0.0,0.0,0.0,0.0,0.0,0.0,0.0,0.0,0.0,0.0,0.0,0.0,0.0,0.0,0.0,0.0,0.0,0.0,0.0,0.0,0.0,0.0,0.0,0.0,0.0,0.0,1.0,0.0,1.0,0.0,0.0,0.0,0.0,2.0,0.0,0.0,1.0,0.0,0.0,2.0,3.0,1.0,6.0,6.0,15.0,6.0,6.0,0.0,0.0,0.0,0.0,0.0,0.0,0.0,0.0,0.0,0.0,0.0,0.0,0.0,6.0,0.0,2.0,0.0,0.0,0.0,0.0,2.0,0.0,0.0,1.0,0.0,0.0,2.0,3.0,2.0,8.0,10.0,21.0,8.0,9.0
337,1.0,337.0,London_56,three,151,453,1092.0,70.0,2.0,176670.0,4.651644108816981,843.0,123.0,0.0,123.0,216.0,0.0,216.0,123.0,56.0,141.0,44.0,132.0,15.0,48.0,5.0,12.0,11.0,77.0,139.0,226.0,80.0,0.0,0.0,0.0,0.0,0.0,0.0,0.0,0.0,0.0,0.0,0.0,0.0,0.0,0.0,0.0,0.0,0.0,0.0,0.0,0.0,0.0,0.0,0.0,0.0,0.0,0.0,0.0,0.0,0.0,0.0,0.0,0.0,0.0,0.0,0.0,0.0,0.0,0.0,0.0,0.0,3.0,10.0,0.0,2.0,0.0,0.0,9.0,2.0,3.0,8.0,25.0,25.0,27.0,13.0,0.0,0.0,0.0,0.0,0.0,0.0,0.0,0.0,0.0,0.0,0.0,0.0,0.0,0.0,0.0,0.0,0.0,0.0,0.0,0.0,5.0,14.0,0.0,3.0,0.0,0.0,11.0,3.0,5.0,9.0,38.0,33.0,29.0,15.0
338,1.0,338.0,London_56,three,151,453,1092.0,70.0,2.0,154020.0,8.603504067286849,793.0,150.0,1.0,149.0,260.0,11.0,249.0,216.0,58.0,145.0,37.0,139.0,16.0,42.0,5.0,11.0,15.0,68.0,148.0,222.0,87.0,0.0,0.0,0.0,0.0,0.0,0.0,0.0,0.0,0.0,0.0,0.0,0.0,0.0,0.0,0.0,0.0,0.0,0.0,0.0,0.0,0.0,0.0,0.0,0.0,0.0,0.0,0.0,0.0,0.0,0.0,0.0,0.0,1.0,1.0,0.0,1.0,0.0,0.0,0.0,0.0,0.0,7.0,0.0,4.0,0.0,0.0,9.0,4.0,1.0,9.0,34.0,30.0,31.0,6.0,0.0,0.0,0.0,0.0,0.0,0.0,0.0,0.0,0.0,0.0,0.0,0.0,3.0,10.0,0.0,6.0,0.0,0.0,0.0,0.0,0.0,8.0,0.0,6.0,0.0,0.0,13.0,6.0,1.0,12.0,50.0,41.0,41.0,11.0
339,1.0,339.0,London_56,three,151,453,1092.0,70.0,2.0,109173.0,7.331133570056409,694.0,137.0,0.0,137.0,235.0,0.0,235.0,260.0,70.0,149.0,30.0,143.0,17.0,33.0,3.0,8.0,13.0,57.0,154.0,229.0,74.0,0.0,0.0,0.0,0.0,0.0,0.0,0.0,0.0,0.0,0.0,0.0,0.0,0.0,0.0,0.0,0.0,0.0,0.0,0.0,0.0,0.0,0.0,0.0,0.0,0.0,0.0,0.0,0.0,0.0,0.0,0.0,0.0,0.0,0.0,0.0,0.0,0.0,0.0,0.0,0.0,1.0,12.0,0.0,1.0,0.0,0.0,8.0,13.0,9.0,8.0,26.0,35.0,17.0,4.0,0.0,0.0,0.0,0.0,0.0,0.0,0.0,0.0,0.0,0.0,0.0,0.0,0.0,0.0,0.0,0.0,0.0,0.0,0.0,0.0,1.0,19.0,0.0,1.0,0.0,0.0,13.0,15.0,12.0,11.0,34.0,55.0,22.0,6.0
340,1.0,340.0,London_56,three,151,453,1092.0,70.0,2.0,72480.0,0.5072450581938028,613.0,19.0,0.0,19.0,35.0,0.0,35.0,235.0,76.0,151.0,30.0,130.0,18.0,36.0,3.0,9.0,10.0,55.0,167.0,221.0,80.0,0.0,0.0,0.0,0.0,0.0,0.0,0.0,0.0,0.0,0.0,0.0,0.0,0.0,0.0,0.0,0.0,0.0,0.0,0.0,0.0,0.0,0.0,0.0,0.0,0.0,0.0,0.0,0.0,0.0,0.0,0.0,0.0,0.0,0.0,0.0,0.0,0.0,0.0,0.0,0.0,0.0,0.0,0.0,0.0,0.0,0.0,0.0,2.0,0.0,2.0,3.0,2.0,3.0,3.0,0.0,0.0,0.0,0.0,0.0,0.0,0.0,0.0,0.0,0.0,0.0,0.0,0.0,0.0,0.0,0.0,0.0,0.0,0.0,0.0,0.0,0.0,0.0,0.0,0.0,0.0,0.0,3.0,0.0,2.0,5.0,3.0,4.0,4.0
341,1.0,341.0,London_56,three,151,453,1092.0,70.0,2.0,91506.0,4.28195886220783,655.0,2.0,2.0,0.0,18.0,18.0,0.0,35.0,65.0,150.0,32.0,134.0,20.0,39.0,3.0,10.0,11.0,60.0,169.0,213.0,82.0,0.0,0.0,0.0,0.0,0.0,0.0,0.0,0.0,0.0,0.0,0.0,0.0,0.0,0.0,0.0,0.0,0.0,0.0,0.0,0.0,0.0,0.0,0.0,0.0,0.0,0.0,0.0,0.0,0.0,0.0,0.0,0.0,0.0,0.0,1.0,0.0,0.0,0.0,0.0,0.0,0.0,0.0,0.0,0.0,0.0,0.0,0.0,0.0,0.0,0.0,0.0,0.0,0.0,0.0,0.0,0.0,0.0,0.0,0.0,0.0,0.0,0.0,0.0,0.0,0.0,0.0,0.0,0.0,7.0,0.0,0.0,0.0,0.0,0.0,0.0,0.0,0.0,0.0,0.0,0.0,0.0,0.0,0.0,0.0,0.0,0.0,0.0,0.0
342,1.0,342.0,London_56,three,151,453,1092.0,70.0,2.0,130011.0,7.597390226088464,740.0,82.0,1.0,81.0,170.0,10.0,160.0,18.0,69.0,149.0,33.0,139.0,18.0,31.0,3.0,11.0,12.0,61.0,160.0,220.0,86.0,0.0,0.0,0.0,0.0,0.0,0.0,0.0,0.0,0.0,0.0,0.0,0.0,0.0,0.0,0.0,0.0,0.0,0.0,0.0,0.0,0.0,0.0,0.0,0.0,0.0,0.0,0.0,0.0,0.0,0.0,0.0,0.0,0.0,0.0,0.0,0.0,1.0,0.0,0.0,0.0,3.0,5.0,0.0,0.0,0.0,0.0,5.0,8.0,1.0,7.0,14.0,20.0,16.0,13.0,0.0,0.0,0.0,0.0,0.0,0.0,0.0,0.0,0.0,0.0,0.0,0.0,0.0,0.0,0.0,0.0,5.0,0.0,0.0,0.0,4.0,8.0,0.0,0.0,0.0,0.0,11.0,11.0,1.0,8.0,25.0,38.0,21.0,24.0
343,1.0,343.0,London_56,three,151,453,1092.0,70.0,2.0,130464.0,5.802500098012388,741.0,53.0,0.0,53.0,94.0,0.0,94.0,170.0,78.0,143.0,32.0,120.0,21.0,48.0,5.0,6.0,14.0,66.0,146.0,227.0,85.0,0.0,0.0,0.0,0.0,0.0,0.0,0.0,0.0,0.0,0.0,0.0,0.0,0.0,0.0,0.0,0.0,0.0,0.0,0.0,0.0,0.0,0.0,0.0,0.0,0.0,0.0,0.0,0.0,0.0,0.0,0.0,0.0,0.0,0.0,0.0,0.0,0.0,0.0,0.0,0.0,2.0,1.0,0.0,1.0,0.0,0.0,6.0,4.0,0.0,8.0,12.0,19.0,12.0,6.0,0.0,0.0,0.0,0.0,0.0,0.0,0.0,0.0,0.0,0.0,0.0,0.0,0.0,0.0,0.0,0.0,0.0,0.0,0.0,0.0,3.0,2.0,0.0,1.0,0.0,0.0,8.0,6.0,0.0,11.0,15.0,30.0,15.0,11.0
344,1.0,344.0,London_56,three,151,453,1092.0,70.0,2.0,142242.0,6.146344879642129,767.0,13.0,0.0,13.0,18.0,0.0,18.0,94.0,75.0,158.0,35.0,118.0,17.0,38.0,5.0,7.0,16.0,70.0,150.0,217.0,85.0,0.0,0.0,0.0,0.0,0.0,0.0,0.0,0.0,0.0,0.0,0.0,0.0,0.0,0.0,0.0,0.0,0.0,0.0,0.0,0.0,0.0,0.0,0.0,0.0,0.0,0.0,0.0,0.0,0.0,0.0,0.0,0.0,0.0,0.0,0.0,0.0,0.0,0.0,0.0,0.0,0.0,0.0,0.0,0.0,0.0,0.0,2.0,1.0,0.0,0.0,4.0,2.0,4.0,1.0,0.0,0.0,0.0,0.0,0.0,0.0,0.0,0.0,0.0,0.0,0.0,0.0,0.0,0.0,0.0,0.0,0.0,0.0,0.0,0.0,0.0,0.0,0.0,0.0,0.0,0.0,3.0,1.0,0.0,0.0,6.0,2.0,4.0,1.0
345,1.0,345.0,London_56,three,151,453,1092.0,70.0,2.0,184371.0,5.763067692052573,860.0,23.0,2.0,21.0,50.0,16.0,34.0,18.0,75.0,162.0,36.0,114.0,17.0,37.0,5.0,7.0,16.0,69.0,155.0,213.0,85.0,0.0,0.0,0.0,0.0,0.0,0.0,0.0,0.0,0.0,0.0,0.0,0.0,0.0,0.0,0.0,0.0,0.0,0.0,0.0,0.0,0.0,0.0,0.0,0.0,0.0,0.0,0.0,0.0,0.0,0.0,0.0,0.0,0.0,0.0,0.0,1.0,0.0,0.0,0.0,0.0,0.0,0.0,0.0,0.0,0.0,0.0,2.0,4.0,1.0,1.0,4.0,4.0,4.0,1.0,0.0,0.0,0.0,0.0,0.0,0.0,0.0,0.0,0.0,0.0,0.0,0.0,0.0,0.0,0.0,1.0,0.0,0.0,0.0,0.0,0.0,0.0,0.0,0.0,0.0,0.0,2.0,4.0,1.0,1.0,7.0,5.0,6.0,2.0
346,1.0,346.0,London_56,three,151,453,1092.0,70.0,2.0,223782.0,6.074046686757356,947.0,202.0,2.0,200.0,356.0,18.0,338.0,50.0,68.0,164.0,34.0,120.0,16.0,39.0,2.0,10.0,14.0,60.0,153.0,226.0,80.0,0.0,0.0,0.0,0.0,0.0,0.0,0.0,0.0,0.0,0.0,0.0,0.0,0.0,0.0,0.0,0.0,0.0,0.0,0.0,0.0,0.0,0.0,0.0,0.0,0.0,0.0,0.0,0.0,0.0,0.0,0.0,0.0,0.0,0.0,0.0,1.0,1.0,0.0,0.0,0.0,3.0,14.0,0.0,5.0,0.0,2.0,9.0,13.0,3.0,20.0,30.0,59.0,24.0,17.0,0.0,0.0,0.0,0.0,0.0,0.0,0.0,0.0,0.0,0.0,0.0,0.0,0.0,0.0,0.0,1.0,8.0,0.0,0.0,0.0,6.0,23.0,0.0,5.0,0.0,2.0,12.0,16.0,3.0,25.0,43.0,82.0,27.0,27.0
347,1.0,347.0,London_56,three,151,453,1092.0,70.0,2.0,173952.0,2.242027952801436,837.0,155.0,1.0,154.0,283.0,10.0,273.0,356.0,74.0,141.0,41.0,117.0,12.0,46.0,6.0,16.0,9.0,86.0,132.0,226.0,74.0,0.0,0.0,0.0,0.0,0.0,0.0,0.0,0.0,0.0,0.0,0.0,0.0,0.0,0.0,0.0,0.0,0.0,0.0,0.0,0.0,0.0,0.0,0.0,0.0,0.0,0.0,0.0,0.0,0.0,0.0,0.0,0.0,0.0,0.0,1.0,0.0,0.0,0.0,0.0,0.0,1.0,5.0,0.0,1.0,1.0,1.0,8.0,6.0,4.0,17.0,32.0,47.0,29.0,17.0,0.0,0.0,0.0,0.0,0.0,0.0,0.0,0.0,0.0,0.0,0.0,0.0,0.0,0.0,9.0,0.0,0.0,0.0,0.0,0.0,1.0,8.0,0.0,1.0,1.0,1.0,10.0,9.0,4.0,24.0,44.0,67.0,39.0,28.0
348,1.0,348.0,London_56,three,151,453,1092.0,70.0,2.0,136806.0,1.9749025451019406,755.0,54.0,0.0,54.0,90.0,0.0,90.0,283.0,75.0,131.0,38.0,122.0,15.0,51.0,6.0,15.0,13.0,82.0,141.0,217.0,76.0,0.0,0.0,0.0,0.0,0.0,0.0,0.0,0.0,0.0,0.0,0.0,0.0,0.0,0.0,0.0,0.0,0.0,0.0,0.0,0.0,0.0,0.0,0.0,0.0,0.0,0.0,0.0,0.0,0.0,0.0,0.0,0.0,0.0,0.0,0.0,0.0,0.0,0.0,0.0,0.0,1.0,1.0,0.0,1.0,0.0,0.0,0.0,3.0,2.0,0.0,8.0,10.0,11.0,3.0,0.0,0.0,0.0,0.0,0.0,0.0,0.0,0.0,0.0,0.0,0.0,0.0,0.0,0.0,0.0,0.0,0.0,0.0,0.0,0.0,1.0,1.0,0.0,3.0,0.0,0.0,0.0,7.0,2.0,0.0,12.0,18.0,11.0,3.0
349,1.0,349.0,London_56,three,151,453,1092.0,70.0,2.0,156738.0,5.545594015158713,799.0,91.0,2.0,89.0,172.0,18.0,154.0,90.0,75.0,133.0,39.0,111.0,17.0,59.0,6.0,13.0,14.0,78.0,155.0,206.0,84.0,0.0,0.0,0.0,0.0,0.0,0.0,0.0,0.0,0.0,0.0,0.0,0.0,0.0,0.0,0.0,0.0,0.0,0.0,0.0,0.0,0.0,0.0,0.0,0.0,0.0,0.0,0.0,0.0,0.0,0.0,0.0,0.0,0.0,0.0,0.0,2.0,0.0,0.0,0.0,0.0,1.0,6.0,0.0,1.0,0.0,0.0,7.0,6.0,1.0,9.0,14.0,26.0,12.0,4.0,0.0,0.0,0.0,0.0,0.0,0.0,0.0,0.0,0.0,0.0,0.0,0.0,0.0,0.0,0.0,6.0,0.0,0.0,0.0,0.0,2.0,9.0,0.0,2.0,0.0,0.0,8.0,8.0,2.0,14.0,24.0,35.0,17.0,7.0
350,1.0,350.0,London_56,three,151,453,1092.0,70.0,2.0,152661.0,3.9888301719911397,790.0,15.0,2.0,13.0,39.0,19.0,20.0,172.0,79.0,125.0,37.0,128.0,15.0,47.0,7.0,15.0,11.0,84.0,148.0,210.0,84.0,0.0,0.0,0.0,0.0,0.0,0.0,0.0,0.0,0.0,0.0,0.0,0.0,0.0,0.0,0.0,0.0,0.0,0.0,0.0,0.0,0.0,0.0,0.0,0.0,0.0,0.0,0.0,0.0,0.0,0.0,0.0,0.0,1.0,2.0,0.0,1.0,0.0,0.0,0.0,0.0,0.0,0.0,0.0,0.0,0.0,0.0,0.0,1.0,0.0,0.0,1.0,4.0,4.0,0.0,0.0,0.0,0.0,0.0,0.0,0.0,0.0,0.0,0.0,0.0,0.0,0.0,4.0,11.0,0.0,5.0,0.0,0.0,0.0,0.0,0.0,0.0,0.0,0.0,0.0,0.0,0.0,2.0,0.0,0.0,1.0,6.0,4.0,0.0
351,1.0,351.0,London_56,three,151,453,1092.0,70.0,2.0,189807.0,2.3275429932400584,872.0,166.0,2.0,164.0,297.0,20.0,277.0,39.0,75.0,129.0,36.0,128.0,15.0,48.0,7.0,15.0,8.0,90.0,140.0,215.0,82.0,0.0,0.0,0.0,0.0,0.0,0.0,0.0,0.0,0.0,0.0,0.0,0.0,0.0,0.0,0.0,0.0,0.0,0.0,0.0,0.0,0.0,0.0,0.0,0.0,0.0,0.0,0.0,0.0,0.0,0.0,0.0,0.0,1.0,0.0,2.0,1.0,0.0,0.0,0.0,0.0,2.0,21.0,0.0,0.0,0.0,0.0,14.0,1.0,1.0,4.0,32.0,37.0,20.0,17.0,0.0,0.0,0.0,0.0,0.0,0.0,0.0,0.0,0.0,0.0,0.0,0.0,7.0,0.0,15.0,2.0,0.0,0.0,0.0,0.0,2.0,35.0,0.0,0.0,0.0,0.0,19.0,1.0,1.0,5.0,52.0,53.0,29.0,24.0
352,1.0,352.0,London_56,three,151,453,1092.0,70.0,2.0,154926.0,6.260883166920394,795.0,110.0,0.0,110.0,189.0,0.0,189.0,297.0,67.0,133.0,38.0,140.0,15.0,44.0,3.0,13.0,7.0,91.0,132.0,223.0,60.0,0.0,0.0,0.0,0.0,0.0,0.0,0.0,0.0,0.0,0.0,0.0,0.0,0.0,0.0,0.0,0.0,0.0,0.0,0.0,0.0,0.0,0.0,0.0,0.0,0.0,0.0,0.0,0.0,0.0,0.0,0.0,0.0,0.0,0.0,0.0,0.0,0.0,0.0,0.0,0.0,1.0,2.0,0.0,1.0,0.0,1.0,8.0,7.0,4.0,15.0,16.0,34.0,15.0,8.0,0.0,0.0,0.0,0.0,0.0,0.0,0.0,0.0,0.0,0.0,0.0,0.0,0.0,0.0,0.0,0.0,0.0,0.0,0.0,0.0,1.0,3.0,0.0,3.0,0.0,1.0,9.0,10.0,7.0,19.0,23.0,47.0,17.0,13.0
353,1.0,353.0,London_56,three,151,453,1092.0,70.0,2.0,140430.0,1.6124849766492844,763.0,6.0,2.0,4.0,24.0,17.0,7.0,189.0,73.0,137.0,34.0,146.0,13.0,41.0,3.0,6.0,6.0,89.0,138.0,220.0,70.0,0.0,0.0,0.0,0.0,0.0,0.0,0.0,0.0,0.0,0.0,0.0,0.0,0.0,0.0,0.0,0.0,0.0,0.0,0.0,0.0,0.0,0.0,0.0,0.0,0.0,0.0,0.0,0.0,0.0,0.0,0.0,0.0,1.0,0.0,0.0,2.0,0.0,0.0,0.0,0.0,0.0,0.0,0.0,0.0,0.0,0.0,2.0,0.0,0.0,1.0,0.0,2.0,0.0,0.0,0.0,0.0,0.0,0.0,0.0,0.0,0.0,0.0,0.0,0.0,0.0,0.0,2.0,0.0,0.0,6.0,0.0,0.0,0.0,0.0,0.0,0.0,0.0,0.0,0.0,0.0,4.0,0.0,0.0,1.0,0.0,3.0,0.0,0.0
354,1.0,354.0,London_56,three,151,453,1092.0,70.0,2.0,176670.0,5.643796652089804,843.0,64.0,0.0,64.0,116.0,0.0,116.0,24.0,70.0,133.0,35.0,153.0,12.0,41.0,3.0,6.0,5.0,92.0,125.0,231.0,64.0,0.0,0.0,0.0,0.0,0.0,0.0,0.0,0.0,0.0,0.0,0.0,0.0,0.0,0.0,0.0,0.0,0.0,0.0,0.0,0.0,0.0,0.0,0.0,0.0,0.0,0.0,0.0,0.0,0.0,0.0,0.0,0.0,0.0,0.0,0.0,0.0,0.0,0.0,0.0,0.0,0.0,2.0,0.0,0.0,0.0,1.0,5.0,3.0,1.0,4.0,10.0,18.0,10.0,6.0,0.0,0.0,0.0,0.0,0.0,0.0,0.0,0.0,0.0,0.0,0.0,0.0,0.0,0.0,0.0,0.0,0.0,0.0,0.0,0.0,0.0,2.0,0.0,0.0,0.0,1.0,6.0,4.0,1.0,5.0,13.0,27.0,13.0,8.0
355,1.0,355.0,London_56,three,151,453,1092.0,70.0,2.0,189807.0,6.808068090118468,872.0,182.0,0.0,182.0,299.0,0.0,299.0,116.0,64.0,150.0,39.0,138.0,11.0,39.0,3.0,9.0,10.0,86.0,117.0,240.0,66.0,0.0,0.0,0.0,0.0,0.0,0.0,0.0,0.0,0.0,0.0,0.0,0.0,0.0,0.0,0.0,0.0,0.0,0.0,0.0,0.0,0.0,0.0,0.0,0.0,0.0,0.0,0.0,0.0,0.0,0.0,0.0,0.0,0.0,0.0,0.0,0.0,0.0,0.0,0.0,0.0,4.0,9.0,1.0,1.0,0.0,0.0,15.0,11.0,1.0,8.0,34.0,41.0,40.0,10.0,0.0,0.0,0.0,0.0,0.0,0.0,0.0,0.0,0.0,0.0,0.0,0.0,0.0,0.0,0.0,0.0,0.0,0.0,0.0,0.0,5.0,14.0,1.0,1.0,0.0,0.0,17.0,14.0,2.0,8.0,50.0,54.0,48.0,15.0
356,1.0,356.0,London_56,three,151,453,1092.0,70.0,2.0,141336.0,5.854542917106301,765.0,54.0,1.0,53.0,102.0,9.0,93.0,299.0,70.0,156.0,32.0,136.0,11.0,35.0,2.0,11.0,11.0,76.0,128.0,238.0,81.0,0.0,0.0,0.0,0.0,0.0,0.0,0.0,0.0,0.0,0.0,0.0,0.0,0.0,0.0,0.0,0.0,0.0,0.0,0.0,0.0,0.0,0.0,0.0,0.0,0.0,0.0,0.0,0.0,0.0,0.0,0.0,0.0,0.0,0.0,0.0,0.0,0.0,0.0,0.0,0.0,1.0,0.0,0.0,1.0,0.0,0.0,13.0,2.0,1.0,1.0,3.0,20.0,4.0,3.0,0.0,0.0,0.0,0.0,0.0,0.0,0.0,0.0,0.0,0.0,0.0,0.0,0.0,0.0,0.0,0.0,0.0,0.0,0.0,0.0,1.0,0.0,0.0,2.0,0.0,0.0,22.0,2.0,1.0,2.0,4.0,31.0,5.0,7.0
357,1.0,357.0,London_56,three,151,453,1092.0,70.0,2.0,160815.0,7.595231054350734,808.0,101.0,0.0,101.0,174.0,0.0,174.0,102.0,69.0,148.0,37.0,137.0,11.0,36.0,4.0,11.0,9.0,76.0,139.0,229.0,80.0,0.0,0.0,0.0,0.0,0.0,0.0,0.0,0.0,0.0,0.0,0.0,0.0,0.0,0.0,0.0,0.0,0.0,0.0,0.0,0.0,0.0,0.0,0.0,0.0,0.0,0.0,0.0,0.0,0.0,0.0,0.0,0.0,0.0,0.0,0.0,0.0,0.0,0.0,0.0,0.0,0.0,3.0,0.0,0.0,0.0,0.0,7.0,3.0,7.0,6.0,26.0,25.0,26.0,9.0,0.0,0.0,0.0,0.0,0.0,0.0,0.0,0.0,0.0,0.0,0.0,0.0,0.0,0.0,0.0,0.0,0.0,0.0,0.0,0.0,0.0,4.0,0.0,0.0,0.0,0.0,7.0,3.0,9.0,10.0,41.0,31.0,37.0,13.0
358,1.0,358.0,London_56,three,151,453,1092.0,70.0,2.0,151302.0,8.023662195075303,787.0,170.0,0.0,170.0,284.0,0.0,284.0,174.0,77.0,132.0,31.0,151.0,13.0,37.0,2.0,10.0,10.0,68.0,153.0,222.0,83.0,0.0,0.0,0.0,0.0,0.0,0.0,0.0,0.0,0.0,0.0,0.0,0.0,0.0,0.0,0.0,0.0,0.0,0.0,0.0,0.0,0.0,0.0,0.0,0.0,0.0,0.0,0.0,0.0,0.0,0.0,0.0,0.0,0.0,0.0,0.0,0.0,0.0,0.0,0.0,0.0,2.0,1.0,1.0,0.0,0.0,1.0,15.0,4.0,7.0,5.0,34.0,34.0,31.0,7.0,0.0,0.0,0.0,0.0,0.0,0.0,0.0,0.0,0.0,0.0,0.0,0.0,0.0,0.0,0.0,0.0,0.0,0.0,0.0,0.0,2.0,1.0,1.0,0.0,0.0,4.0,18.0,5.0,7.0,7.0,47.0,46.0,38.0,10.0
359,1.0,359.0,London_56,three,151,453,1092.0,70.0,2.0,109173.0,3.830488368868828,694.0,15.0,0.0,15.0,22.0,0.0,22.0,284.0,86.0,150.0,32.0,120.0,15.0,38.0,1.0,11.0,16.0,79.0,174.0,184.0,80.0,0.0,0.0,0.0,0.0,0.0,0.0,0.0,0.0,0.0,0.0,0.0,0.0,0.0,0.0,0.0,0.0,0.0,0.0,0.0,0.0,0.0,0.0,0.0,0.0,0.0,0.0,0.0,0.0,0.0,0.0,0.0,0.0,0.0,0.0,0.0,0.0,0.0,0.0,0.0,0.0,0.0,1.0,0.0,0.0,0.0,0.0,0.0,0.0,0.0,0.0,3.0,4.0,3.0,4.0,0.0,0.0,0.0,0.0,0.0,0.0,0.0,0.0,0.0,0.0,0.0,0.0,0.0,0.0,0.0,0.0,0.0,0.0,0.0,0.0,0.0,1.0,0.0,0.0,0.0,0.0,0.0,0.0,0.0,0.0,7.0,5.0,4.0,6.0
360,1.0,360.0,London_56,three,151,453,1092.0,70.0,2.0,145413.0,7.147442598827183,774.0,42.0,2.0,40.0,81.0,17.0,64.0,22.0,84.0,150.0,32.0,122.0,14.0,39.0,1.0,11.0,17.0,80.0,173.0,183.0,81.0,0.0,0.0,0.0,0.0,0.0,0.0,0.0,0.0,0.0,0.0,0.0,0.0,0.0,0.0,0.0,0.0,0.0,0.0,0.0,0.0,0.0,0.0,0.0,0.0,0.0,0.0,0.0,0.0,0.0,0.0,0.0,0.0,0.0,1.0,0.0,1.0,0.0,0.0,0.0,0.0,0.0,0.0,0.0,0.0,0.0,0.0,2.0,4.0,2.0,5.0,9.0,8.0,9.0,2.0,0.0,0.0,0.0,0.0,0.0,0.0,0.0,0.0,0.0,0.0,0.0,0.0,0.0,8.0,0.0,1.0,0.0,0.0,0.0,0.0,0.0,0.0,0.0,0.0,0.0,0.0,2.0,4.0,2.0,7.0,11.0,11.0,12.0,4.0
361,1.0,361.0,London_56,three,151,453,1092.0,70.0,2.0,165345.0,5.830528698395938,818.0,37.0,2.0,35.0,82.0,20.0,62.0,81.0,77.0,147.0,36.0,131.0,14.0,38.0,1.0,9.0,12.0,86.0,155.0,200.0,73.0,0.0,0.0,0.0,0.0,0.0,0.0,0.0,0.0,0.0,0.0,0.0,0.0,0.0,0.0,0.0,0.0,0.0,0.0,0.0,0.0,0.0,0.0,0.0,0.0,0.0,0.0,0.0,0.0,0.0,0.0,0.0,0.0,1.0,2.0,0.0,2.0,0.0,0.0,0.0,0.0,0.0,0.0,0.0,1.0,0.0,0.0,4.0,4.0,1.0,5.0,10.0,7.0,11.0,3.0,0.0,0.0,0.0,0.0,0.0,0.0,0.0,0.0,0.0,0.0,0.0,0.0,2.0,17.0,0.0,9.0,0.0,0.0,0.0,0.0,0.0,0.0,0.0,2.0,0.0,0.0,6.0,6.0,1.0,6.0,17.0,10.0,15.0,4.0
362,1.0,362.0,London_56,three,151,453,1092.0,70.0,2.0,190713.0,7.131271357182413,874.0,105.0,2.0,103.0,197.0,18.0,179.0,82.0,82.0,146.0,35.0,132.0,11.0,36.0,1.0,10.0,6.0,83.0,153.0,211.0,67.0,0.0,0.0,0.0,0.0,0.0,0.0,0.0,0.0,0.0,0.0,0.0,0.0,0.0,0.0,0.0,0.0,0.0,0.0,0.0,0.0,0.0,0.0,0.0,0.0,0.0,0.0,0.0,0.0,0.0,0.0,0.0,0.0,0.0,0.0,1.0,0.0,0.0,0.0,0.0,0.0,3.0,1.0,0.0,0.0,0.0,1.0,10.0,6.0,1.0,5.0,12.0,25.0,23.0,7.0,0.0,0.0,0.0,0.0,0.0,0.0,0.0,0.0,0.0,0.0,0.0,0.0,0.0,0.0,2.0,0.0,0.0,0.0,0.0,0.0,3.0,2.0,0.0,0.0,0.0,2.0,14.0,8.0,1.0,8.0,17.0,40.0,29.0,9.0
363,1.0,363.0,London_56,three,151,453,1092.0,70.0,2.0,177576.0,8.053778108209372,845.0,133.0,1.0,132.0,223.0,9.0,214.0,197.0,83.0,119.0,34.0,145.0,14.0,46.0,2.0,10.0,3.0,73.0,149.0,228.0,59.0,0.0,0.0,0.0,0.0,0.0,0.0,0.0,0.0,0.0,0.0,0.0,0.0,0.0,0.0,0.0,0.0,0.0,0.0,0.0,0.0,0.0,0.0,0.0,0.0,0.0,0.0,0.0,0.0,0.0,0.0,0.0,0.0,0.0,0.0,1.0,0.0,1.0,0.0,0.0,0.0,4.0,6.0,0.0,0.0,0.0,0.0,11.0,9.0,3.0,11.0,30.0,29.0,25.0,8.0,0.0,0.0,0.0,0.0,0.0,0.0,0.0,0.0,0.0,0.0,0.0,0.0,0.0,0.0,2.0,0.0,2.0,0.0,0.0,0.0,5.0,8.0,0.0,0.0,0.0,0.0,14.0,11.0,3.0,15.0,43.0,39.0,33.0,12.0
364,1.0,364.0,London_56,three,151,453,1092.0,70.0,2.0,157644.0,7.289236147888005,801.0,98.0,2.0,96.0,179.0,18.0,161.0,223.0,82.0,125.0,35.0,139.0,17.0,42.0,3.0,10.0,3.0,66.0,148.0,236.0,60.0,0.0,0.0,0.0,0.0,0.0,0.0,0.0,0.0,0.0,0.0,0.0,0.0,0.0,0.0,0.0,0.0,0.0,0.0,0.0,0.0,0.0,0.0,0.0,0.0,0.0,0.0,0.0,0.0,0.0,2.0,0.0,0.0,0.0,0.0,0.0,0.0,0.0,0.0,0.0,0.0,5.0,5.0,0.0,0.0,0.0,0.0,6.0,5.0,5.0,7.0,19.0,27.0,9.0,5.0,0.0,0.0,0.0,0.0,0.0,0.0,0.0,0.0,0.0,11.0,0.0,0.0,0.0,0.0,0.0,0.0,0.0,0.0,0.0,0.0,5.0,6.0,0.0,0.0,0.0,0.0,8.0,7.0,8.0,8.0,30.0,42.0,11.0,8.0
365,1.0,365.0,London_56,three,151,453,1092.0,70.0,2.0,157191.0,3.124355897307396,800.0,131.0,1.0,130.0,223.0,8.0,215.0,179.0,59.0,139.0,29.0,147.0,17.0,46.0,4.0,12.0,9.0,59.0,148.0,237.0,80.0,0.0,0.0,0.0,0.0,0.0,0.0,0.0,0.0,0.0,0.0,0.0,0.0,0.0,0.0,0.0,0.0,0.0,0.0,0.0,0.0,0.0,0.0,0.0,0.0,0.0,0.0,0.0,0.0,0.0,0.0,0.0,0.0,0.0,0.0,0.0,1.0,0.0,0.0,0.0,0.0,8.0,4.0,0.0,0.0,1.0,0.0,12.0,8.0,5.0,9.0,18.0,31.0,23.0,9.0,0.0,0.0,0.0,0.0,0.0,0.0,0.0,0.0,0.0,0.0,0.0,0.0,0.0,0.0,0.0,2.0,0.0,0.0,0.0,0.0,11.0,6.0,0.0,0.0,1.0,0.0,15.0,11.0,7.0,11.0,30.0,44.0,29.0,12.0
366,1.0,366.0,London_56,three,151,453,1092.0,70.0,2.0,138618.0,6.666296863928437,759.0,74.0,1.0,73.0,133.0,9.0,124.0,223.0,62.0,140.0,29.0,141.0,21.0,42.0,1.0,17.0,11.0,74.0,143.0,225.0,87.0,0.0,0.0,0.0,0.0,0.0,0.0,0.0,0.0,0.0,0.0,0.0,0.0,0.0,0.0,0.0,0.0,0.0,0.0,0.0,0.0,0.0,0.0,0.0,0.0,0.0,0.0,0.0,0.0,0.0,0.0,0.0,0.0,0.0,0.0,1.0,0.0,0.0,0.0,0.0,0.0,2.0,4.0,0.0,3.0,1.0,0.0,5.0,7.0,1.0,3.0,13.0,17.0,19.0,6.0,0.0,0.0,0.0,0.0,0.0,0.0,0.0,0.0,0.0,0.0,0.0,0.0,0.0,0.0,6.0,0.0,0.0,0.0,0.0,0.0,3.0,6.0,0.0,4.0,1.0,0.0,6.0,9.0,2.0,5.0,20.0,26.0,22.0,10.0
367,1.0,367.0,London_56,three,151,453,1092.0,70.0,2.0,143148.0,6.710873196832836,769.0,70.0,0.0,70.0,123.0,0.0,123.0,133.0,57.0,134.0,33.0,149.0,17.0,45.0,2.0,16.0,9.0,74.0,140.0,230.0,94.0,0.0,0.0,0.0,0.0,0.0,0.0,0.0,0.0,0.0,0.0,0.0,0.0,0.0,0.0,0.0,0.0,0.0,0.0,0.0,0.0,0.0,0.0,0.0,0.0,0.0,0.0,0.0,0.0,0.0,0.0,0.0,0.0,0.0,0.0,0.0,0.0,0.0,0.0,0.0,0.0,1.0,1.0,0.0,0.0,0.0,1.0,2.0,7.0,3.0,6.0,9.0,20.0,13.0,3.0,0.0,0.0,0.0,0.0,0.0,0.0,0.0,0.0,0.0,0.0,0.0,0.0,0.0,0.0,0.0,0.0,0.0,0.0,0.0,0.0,1.0,1.0,0.0,0.0,0.0,1.0,3.0,8.0,3.0,8.0,13.0,25.0,15.0,5.0
368,1.0,368.0,London_56,three,151,453,1092.0,70.0,2.0,149490.0,6.661804493982345,783.0,6.0,2.0,4.0,24.0,18.0,6.0,123.0,58.0,137.0,38.0,144.0,18.0,40.0,3.0,15.0,10.0,74.0,142.0,227.0,90.0,0.0,0.0,0.0,0.0,0.0,0.0,0.0,0.0,0.0,0.0,0.0,0.0,0.0,0.0,0.0,0.0,0.0,0.0,0.0,0.0,0.0,0.0,0.0,0.0,0.0,0.0,0.0,0.0,0.0,1.0,0.0,0.0,0.0,1.0,1.0,1.0,0.0,0.0,0.0,0.0,0.0,0.0,0.0,0.0,0.0,0.0,2.0,0.0,0.0,0.0,1.0,1.0,0.0,1.0,0.0,0.0,0.0,0.0,0.0,0.0,0.0,0.0,0.0,3.0,0.0,0.0,0.0,6.0,5.0,4.0,0.0,0.0,0.0,0.0,0.0,0.0,0.0,0.0,0.0,0.0,2.0,0.0,0.0,0.0,1.0,1.0,0.0,2.0
369,1.0,369.0,London_56,three,151,453,1092.0,70.0,2.0,186183.0,6.891319009009749,864.0,101.0,0.0,101.0,160.0,0.0,160.0,24.0,57.0,139.0,39.0,149.0,15.0,35.0,3.0,16.0,9.0,77.0,140.0,227.0,90.0,0.0,0.0,0.0,0.0,0.0,0.0,0.0,0.0,0.0,0.0,0.0,0.0,0.0,0.0,0.0,0.0,0.0,0.0,0.0,0.0,0.0,0.0,0.0,0.0,0.0,0.0,0.0,0.0,0.0,0.0,0.0,0.0,0.0,0.0,0.0,0.0,0.0,0.0,0.0,0.0,2.0,3.0,0.0,0.0,0.0,0.0,6.0,7.0,2.0,9.0,17.0,23.0,19.0,10.0,0.0,0.0,0.0,0.0,0.0,0.0,0.0,0.0,0.0,0.0,0.0,0.0,0.0,0.0,0.0,0.0,0.0,0.0,0.0,0.0,2.0,4.0,0.0,0.0,0.0,0.0,8.0,9.0,2.0,9.0,25.0,31.0,22.0,12.0
370,1.0,370.0,London_56,three,151,453,1092.0,70.0,2.0,176217.0,3.342121402733028,842.0,123.0,1.0,122.0,218.0,8.0,210.0,160.0,64.0,117.0,49.0,134.0,16.0,54.0,3.0,16.0,11.0,69.0,140.0,233.0,82.0,0.0,0.0,0.0,0.0,0.0,0.0,0.0,0.0,0.0,0.0,0.0,0.0,0.0,0.0,0.0,0.0,0.0,0.0,0.0,0.0,0.0,0.0,0.0,0.0,0.0,0.0,0.0,0.0,0.0,0.0,0.0,0.0,0.0,0.0,1.0,1.0,0.0,0.0,0.0,0.0,2.0,4.0,0.0,2.0,0.0,0.0,11.0,13.0,4.0,6.0,28.0,25.0,12.0,7.0,0.0,0.0,0.0,0.0,0.0,0.0,0.0,0.0,0.0,0.0,0.0,0.0,0.0,0.0,4.0,2.0,0.0,0.0,0.0,0.0,2.0,5.0,0.0,5.0,0.0,0.0,13.0,16.0,4.0,10.0,40.0,41.0,16.0,10.0
371,1.0,371.0,London_56,three,151,453,1092.0,70.0,2.0,159456.0,4.570943689905107,805.0,130.0,1.0,129.0,215.0,8.0,207.0,218.0,72.0,118.0,45.0,131.0,18.0,49.0,2.0,18.0,10.0,72.0,148.0,223.0,71.0,0.0,0.0,0.0,0.0,0.0,0.0,0.0,0.0,0.0,0.0,0.0,0.0,0.0,0.0,0.0,0.0,0.0,0.0,0.0,0.0,0.0,0.0,0.0,0.0,0.0,0.0,0.0,0.0,0.0,0.0,0.0,0.0,0.0,0.0,0.0,0.0,1.0,0.0,0.0,0.0,3.0,8.0,0.0,1.0,0.0,0.0,2.0,15.0,1.0,5.0,17.0,28.0,29.0,10.0,0.0,0.0,0.0,0.0,0.0,0.0,0.0,0.0,0.0,0.0,0.0,0.0,0.0,0.0,0.0,0.0,8.0,0.0,0.0,0.0,3.0,13.0,0.0,1.0,0.0,0.0,2.0,20.0,1.0,6.0,28.0,39.0,37.0,16.0
372,1.0,372.0,London_56,three,151,453,1092.0,70.0,2.0,141336.0,5.48311661509797,765.0,108.0,0.0,108.0,203.0,0.0,203.0,215.0,56.0,131.0,43.0,118.0,21.0,64.0,4.0,16.0,11.0,62.0,165.0,215.0,78.0,0.0,0.0,0.0,0.0,0.0,0.0,0.0,0.0,0.0,0.0,0.0,0.0,0.0,0.0,0.0,0.0,0.0,0.0,0.0,0.0,0.0,0.0,0.0,0.0,0.0,0.0,0.0,0.0,0.0,0.0,0.0,0.0,0.0,0.0,0.0,0.0,0.0,0.0,0.0,0.0,0.0,3.0,0.0,4.0,0.0,2.0,8.0,12.0,5.0,16.0,23.0,20.0,29.0,14.0,0.0,0.0,0.0,0.0,0.0,0.0,0.0,0.0,0.0,0.0,0.0,0.0,0.0,0.0,0.0,0.0,0.0,0.0,0.0,0.0,0.0,5.0,0.0,5.0,0.0,2.0,10.0,18.0,5.0,19.0,40.0,32.0,36.0,22.0
373,1.0,373.0,London_56,three,151,453,1092.0,70.0,2.0,122310.0,5.934712509158999,723.0,5.0,2.0,3.0,26.0,18.0,8.0,203.0,58.0,129.0,46.0,128.0,27.0,48.0,4.0,13.0,13.0,62.0,146.0,232.0,83.0,0.0,0.0,0.0,0.0,0.0,0.0,0.0,0.0,0.0,0.0,0.0,0.0,0.0,0.0,0.0,0.0,0.0,0.0,0.0,0.0,0.0,0.0,0.0,0.0,0.0,0.0,0.0,0.0,0.0,0.0,0.0,0.0,0.0,1.0,1.0,1.0,0.0,0.0,0.0,0.0,0.0,0.0,0.0,0.0,0.0,0.0,0.0,0.0,0.0,0.0,2.0,0.0,1.0,0.0,0.0,0.0,0.0,0.0,0.0,0.0,0.0,0.0,0.0,0.0,0.0,0.0,0.0,4.0,6.0,1.0,0.0,0.0,0.0,0.0,0.0,0.0,0.0,0.0,0.0,0.0,0.0,0.0,0.0,0.0,6.0,0.0,2.0,0.0
374,1.0,374.0,London_56,three,151,453,1092.0,70.0,2.0,157191.0,6.124762209132314,800.0,132.0,2.0,130.0,235.0,16.0,219.0,26.0,58.0,136.0,45.0,125.0,26.0,46.0,4.0,13.0,12.0,66.0,139.0,236.0,71.0,0.0,0.0,0.0,0.0,0.0,0.0,0.0,0.0,0.0,0.0,0.0,0.0,0.0,0.0,0.0,0.0,0.0,0.0,0.0,0.0,0.0,0.0,0.0,0.0,0.0,0.0,0.0,0.0,0.0,0.0,0.0,0.0,0.0,1.0,1.0,0.0,0.0,0.0,0.0,0.0,1.0,3.0,0.0,2.0,0.0,0.0,6.0,7.0,5.0,13.0,29.0,38.0,12.0,12.0,0.0,0.0,0.0,0.0,0.0,0.0,0.0,0.0,0.0,0.0,0.0,0.0,0.0,7.0,7.0,0.0,0.0,0.0,0.0,0.0,1.0,4.0,0.0,2.0,0.0,0.0,7.0,7.0,7.0,17.0,40.0,51.0,15.0,18.0
375,1.0,375.0,London_56,three,151,453,1092.0,70.0,2.0,132729.0,2.834646970964968,746.0,67.0,2.0,65.0,144.0,20.0,124.0,235.0,55.0,128.0,48.0,138.0,24.0,43.0,5.0,12.0,7.0,66.0,154.0,226.0,65.0,0.0,0.0,0.0,0.0,0.0,0.0,0.0,0.0,0.0,0.0,0.0,0.0,0.0,0.0,0.0,0.0,0.0,0.0,0.0,0.0,0.0,0.0,0.0,0.0,0.0,0.0,0.0,0.0,0.0,1.0,0.0,0.0,1.0,0.0,0.0,2.0,0.0,0.0,0.0,0.0,0.0,1.0,0.0,0.0,0.0,0.0,2.0,2.0,2.0,8.0,12.0,11.0,13.0,6.0,0.0,0.0,0.0,0.0,0.0,0.0,0.0,0.0,0.0,4.0,0.0,0.0,8.0,0.0,0.0,10.0,0.0,0.0,0.0,0.0,0.0,1.0,0.0,0.0,0.0,0.0,2.0,4.0,4.0,10.0,20.0,21.0,15.0,8.0
376,1.0,376.0,London_56,three,151,453,1092.0,70.0,2.0,130464.0,7.636685252189636,741.0,56.0,0.0,56.0,101.0,0.0,101.0,144.0,50.0,138.0,47.0,132.0,17.0,50.0,6.0,13.0,8.0,69.0,164.0,212.0,69.0,0.0,0.0,0.0,0.0,0.0,0.0,0.0,0.0,0.0,0.0,0.0,0.0,0.0,0.0,0.0,0.0,0.0,0.0,0.0,0.0,0.0,0.0,0.0,0.0,0.0,0.0,0.0,0.0,0.0,0.0,0.0,0.0,0.0,0.0,0.0,0.0,0.0,0.0,0.0,0.0,4.0,1.0,0.0,2.0,0.0,0.0,6.0,5.0,5.0,5.0,12.0,16.0,16.0,6.0,0.0,0.0,0.0,0.0,0.0,0.0,0.0,0.0,0.0,0.0,0.0,0.0,0.0,0.0,0.0,0.0,0.0,0.0,0.0,0.0,4.0,1.0,0.0,5.0,0.0,0.0,10.0,7.0,6.0,6.0,22.0,22.0,25.0,11.0
377,1.0,377.0,London_56,three,151,453,1092.0,70.0,2.0,135447.0,6.28153593884781,752.0,78.0,0.0,78.0,137.0,0.0,137.0,101.0,51.0,126.0,48.0,150.0,16.0,49.0,4.0,9.0,6.0,76.0,167.0,204.0,68.0,0.0,0.0,0.0,0.0,0.0,0.0,0.0,0.0,0.0,0.0,0.0,0.0,0.0,0.0,0.0,0.0,0.0,0.0,0.0,0.0,0.0,0.0,0.0,0.0,0.0,0.0,0.0,0.0,0.0,0.0,0.0,0.0,0.0,0.0,0.0,0.0,0.0,0.0,0.0,0.0,3.0,2.0,0.0,4.0,0.0,0.0,2.0,3.0,0.0,9.0,8.0,19.0,15.0,10.0,0.0,0.0,0.0,0.0,0.0,0.0,0.0,0.0,0.0,0.0,0.0,0.0,0.0,0.0,0.0,0.0,0.0,0.0,0.0,0.0,5.0,3.0,0.0,6.0,0.0,0.0,3.0,3.0,0.0,14.0,16.0,26.0,21.0,15.0
378,1.0,378.0,London_56,three,151,453,1092.0,70.0,2.0,144507.0,8.548011992126703,772.0,155.0,2.0,153.0,280.0,19.0,261.0,137.0,52.0,132.0,56.0,146.0,13.0,38.0,4.0,12.0,10.0,76.0,182.0,185.0,76.0,0.0,0.0,0.0,0.0,0.0,0.0,0.0,0.0,0.0,0.0,0.0,0.0,0.0,0.0,0.0,0.0,0.0,0.0,0.0,0.0,0.0,0.0,0.0,0.0,0.0,0.0,0.0,0.0,0.0,0.0,0.0,0.0,0.0,1.0,0.0,1.0,0.0,0.0,0.0,0.0,3.0,4.0,0.0,0.0,0.0,1.0,4.0,9.0,7.0,10.0,21.0,34.0,30.0,9.0,0.0,0.0,0.0,0.0,0.0,0.0,0.0,0.0,0.0,0.0,0.0,0.0,0.0,8.0,0.0,1.0,0.0,0.0,0.0,0.0,4.0,5.0,0.0,0.0,0.0,2.0,7.0,18.0,8.0,13.0,31.0,49.0,41.0,11.0
379,1.0,379.0,London_56,three,151,453,1092.0,70.0,2.0,101019.0,5.5966607220470905,676.0,10.0,0.0,10.0,14.0,0.0,14.0,280.0,44.0,147.0,49.0,138.0,20.0,36.0,4.0,15.0,8.0,81.0,159.0,205.0,77.0,0.0,0.0,0.0,0.0,0.0,0.0,0.0,0.0,0.0,0.0,0.0,0.0,0.0,0.0,0.0,0.0,0.0,0.0,0.0,0.0,0.0,0.0,0.0,0.0,0.0,0.0,0.0,0.0,0.0,0.0,0.0,0.0,0.0,0.0,0.0,0.0,0.0,0.0,0.0,0.0,0.0,0.0,0.0,0.0,0.0,0.0,1.0,1.0,0.0,1.0,1.0,2.0,0.0,1.0,0.0,0.0,0.0,0.0,0.0,0.0,0.0,0.0,0.0,0.0,0.0,0.0,0.0,0.0,0.0,0.0,0.0,0.0,0.0,0.0,0.0,0.0,0.0,0.0,0.0,0.0,1.0,1.0,0.0,2.0,1.0,3.0,0.0,2.0
380,1.0,380.0,London_56,three,151,453,1092.0,70.0,2.0,130464.0,4.502609333023429,741.0,56.0,1.0,55.0,115.0,11.0,104.0,14.0,47.0,142.0,50.0,141.0,18.0,36.0,4.0,15.0,8.0,83.0,161.0,201.0,75.0,0.0,0.0,0.0,0.0,0.0,0.0,0.0,0.0,0.0,0.0,0.0,0.0,0.0,0.0,0.0,0.0,0.0,0.0,0.0,0.0,0.0,0.0,0.0,0.0,0.0,0.0,0.0,0.0,0.0,0.0,0.0,0.0,0.0,1.0,0.0,1.0,0.0,0.0,0.0,0.0,3.0,1.0,0.0,1.0,1.0,0.0,2.0,3.0,2.0,6.0,14.0,12.0,9.0,2.0,0.0,0.0,0.0,0.0,0.0,0.0,0.0,0.0,0.0,0.0,0.0,0.0,0.0,9.0,0.0,5.0,0.0,0.0,0.0,0.0,3.0,1.0,0.0,1.0,1.0,0.0,3.0,5.0,3.0,8.0,24.0,18.0,12.0,3.0
381,1.0,381.0,London_56,three,151,453,1092.0,70.0,2.0,141789.0,6.710261852946132,766.0,36.0,0.0,36.0,61.0,0.0,61.0,115.0,54.0,133.0,43.0,148.0,15.0,38.0,6.0,16.0,11.0,79.0,168.0,195.0,77.0,0.0,0.0,0.0,0.0,0.0,0.0,0.0,0.0,0.0,0.0,0.0,0.0,0.0,0.0,0.0,0.0,0.0,0.0,0.0,0.0,0.0,0.0,0.0,0.0,0.0,0.0,0.0,0.0,0.0,0.0,0.0,0.0,0.0,0.0,0.0,0.0,0.0,0.0,0.0,0.0,0.0,0.0,0.0,1.0,0.0,0.0,0.0,2.0,0.0,3.0,9.0,8.0,8.0,5.0,0.0,0.0,0.0,0.0,0.0,0.0,0.0,0.0,0.0,0.0,0.0,0.0,0.0,0.0,0.0,0.0,0.0,0.0,0.0,0.0,0.0,0.0,0.0,1.0,0.0,0.0,0.0,2.0,0.0,4.0,12.0,10.0,12.0,7.0
382,1.0,382.0,London_56,three,151,453,1092.0,70.0,2.0,171234.0,6.219302034936845,831.0,13.0,0.0,13.0,24.0,0.0,24.0,61.0,54.0,139.0,43.0,134.0,17.0,44.0,6.0,16.0,13.0,67.0,172.0,201.0,86.0,0.0,0.0,0.0,0.0,0.0,0.0,0.0,0.0,0.0,0.0,0.0,0.0,0.0,0.0,0.0,0.0,0.0,0.0,0.0,0.0,0.0,0.0,0.0,0.0,0.0,0.0,0.0,0.0,0.0,0.0,0.0,0.0,0.0,0.0,0.0,0.0,0.0,0.0,0.0,0.0,0.0,2.0,0.0,0.0,1.0,0.0,1.0,1.0,1.0,1.0,3.0,2.0,1.0,3.0,0.0,0.0,0.0,0.0,0.0,0.0,0.0,0.0,0.0,0.0,0.0,0.0,0.0,0.0,0.0,0.0,0.0,0.0,0.0,0.0,0.0,3.0,0.0,0.0,1.0,0.0,1.0,2.0,2.0,1.0,5.0,2.0,1.0,4.0
383,1.0,383.0,London_56,three,151,453,1092.0,70.0,2.0,210645.0,5.310554126277566,918.0,149.0,2.0,147.0,279.0,18.0,261.0,24.0,53.0,142.0,44.0,134.0,18.0,42.0,6.0,14.0,15.0,66.0,172.0,200.0,85.0,0.0,0.0,0.0,0.0,0.0,0.0,0.0,0.0,0.0,0.0,0.0,0.0,0.0,0.0,0.0,0.0,0.0,0.0,0.0,0.0,0.0,0.0,0.0,0.0,0.0,0.0,0.0,0.0,0.0,0.0,0.0,0.0,0.0,0.0,1.0,0.0,0.0,0.0,0.0,0.0,4.0,5.0,0.0,4.0,4.0,0.0,8.0,16.0,0.0,11.0,23.0,43.0,16.0,9.0,0.0,0.0,0.0,0.0,0.0,0.0,0.0,0.0,0.0,0.0,0.0,0.0,0.0,0.0,9.0,0.0,0.0,0.0,0.0,0.0,4.0,6.0,0.0,7.0,4.0,0.0,12.0,32.0,0.0,16.0,40.0,62.0,24.0,17.0
384,1.0,384.0,London_56,three,151,453,1092.0,70.0,2.0,181653.0,3.843772938940674,854.0,171.0,1.0,170.0,286.0,10.0,276.0,279.0,45.0,161.0,45.0,128.0,13.0,43.0,4.0,14.0,12.0,72.0,153.0,216.0,73.0,0.0,0.0,0.0,0.0,0.0,0.0,0.0,0.0,0.0,0.0,0.0,0.0,0.0,0.0,0.0,0.0,0.0,0.0,0.0,0.0,0.0,0.0,0.0,0.0,0.0,0.0,0.0,0.0,0.0,0.0,0.0,0.0,0.0,0.0,0.0,0.0,1.0,0.0,0.0,0.0,1.0,5.0,0.0,0.0,2.0,0.0,7.0,5.0,1.0,15.0,30.0,39.0,24.0,13.0,0.0,0.0,0.0,0.0,0.0,0.0,0.0,0.0,0.0,0.0,0.0,0.0,0.0,0.0,0.0,0.0,8.0,0.0,0.0,0.0,2.0,7.0,0.0,0.0,2.0,0.0,8.0,7.0,1.0,18.0,46.0,56.0,25.0,22.0
385,1.0,385.0,London_56,three,151,453,1092.0,70.0,2.0,138618.0,5.554469455033541,759.0,33.0,0.0,33.0,53.0,0.0,53.0,286.0,55.0,134.0,44.0,136.0,17.0,47.0,7.0,13.0,11.0,66.0,153.0,223.0,69.0,0.0,0.0,0.0,0.0,0.0,0.0,0.0,0.0,0.0,0.0,0.0,0.0,0.0,0.0,0.0,0.0,0.0,0.0,0.0,0.0,0.0,0.0,0.0,0.0,0.0,0.0,0.0,0.0,0.0,0.0,0.0,0.0,0.0,0.0,0.0,0.0,0.0,0.0,0.0,0.0,1.0,0.0,0.0,1.0,0.0,0.0,3.0,3.0,1.0,4.0,7.0,9.0,8.0,3.0,0.0,0.0,0.0,0.0,0.0,0.0,0.0,0.0,0.0,0.0,0.0,0.0,0.0,0.0,0.0,0.0,0.0,0.0,0.0,0.0,1.0,0.0,0.0,2.0,0.0,0.0,3.0,3.0,1.0,5.0,11.0,13.0,12.0,4.0
386,1.0,386.0,London_56,three,151,453,1092.0,70.0,2.0,170781.0,3.3644008487462997,830.0,105.0,0.0,105.0,182.0,0.0,182.0,53.0,56.0,132.0,47.0,139.0,12.0,49.0,5.0,13.0,14.0,63.0,156.0,220.0,77.0,0.0,0.0,0.0,0.0,0.0,0.0,0.0,0.0,0.0,0.0,0.0,0.0,0.0,0.0,0.0,0.0,0.0,0.0,0.0,0.0,0.0,0.0,0.0,0.0,0.0,0.0,0.0,0.0,0.0,0.0,0.0,0.0,0.0,0.0,0.0,0.0,0.0,0.0,0.0,0.0,0.0,2.0,0.0,0.0,2.0,0.0,5.0,7.0,6.0,4.0,17.0,28.0,21.0,8.0,0.0,0.0,0.0,0.0,0.0,0.0,0.0,0.0,0.0,0.0,0.0,0.0,0.0,0.0,0.0,0.0,0.0,0.0,0.0,0.0,0.0,3.0,0.0,0.0,3.0,0.0,6.0,8.0,8.0,5.0,26.0,40.0,25.0,14.0
387,1.0,387.0,London_56,three,151,453,1092.0,70.0,2.0,170328.0,7.320321944076568,829.0,129.0,2.0,127.0,232.0,16.0,216.0,182.0,64.0,143.0,44.0,135.0,14.0,39.0,6.0,8.0,14.0,62.0,145.0,232.0,82.0,0.0,0.0,0.0,0.0,0.0,0.0,0.0,0.0,0.0,0.0,0.0,0.0,0.0,0.0,0.0,0.0,0.0,0.0,0.0,0.0,0.0,0.0,0.0,0.0,0.0,0.0,0.0,0.0,0.0,0.0,0.0,0.0,0.0,0.0,0.0,1.0,0.0,0.0,0.0,0.0,3.0,1.0,0.0,1.0,1.0,0.0,11.0,13.0,1.0,3.0,19.0,36.0,24.0,15.0,0.0,0.0,0.0,0.0,0.0,0.0,0.0,0.0,0.0,0.0,0.0,0.0,0.0,0.0,0.0,4.0,0.0,0.0,0.0,0.0,3.0,1.0,0.0,1.0,1.0,0.0,14.0,18.0,2.0,4.0,29.0,55.0,29.0,26.0
388,1.0,388.0,London_56,three,151,453,1092.0,70.0,2.0,152661.0,5.9161750436760485,790.0,99.0,2.0,97.0,185.0,18.0,167.0,232.0,64.0,137.0,44.0,139.0,14.0,42.0,6.0,7.0,12.0,63.0,170.0,208.0,80.0,0.0,0.0,0.0,0.0,0.0,0.0,0.0,0.0,0.0,0.0,0.0,0.0,0.0,0.0,0.0,0.0,0.0,0.0,0.0,0.0,0.0,0.0,0.0,0.0,0.0,0.0,0.0,0.0,0.0,1.0,0.0,0.0,0.0,0.0,0.0,1.0,1.0,0.0,0.0,0.0,4.0,3.0,0.0,1.0,0.0,0.0,3.0,7.0,3.0,7.0,19.0,21.0,17.0,7.0,0.0,0.0,0.0,0.0,0.0,0.0,0.0,0.0,0.0,1.0,0.0,0.0,0.0,0.0,0.0,2.0,8.0,0.0,0.0,0.0,4.0,4.0,0.0,1.0,0.0,0.0,6.0,8.0,5.0,9.0,28.0,32.0,23.0,10.0
389,1.0,389.0,London_56,three,151,453,1092.0,70.0,2.0,147678.0,1.0214072479866445,779.0,48.0,1.0,47.0,89.0,10.0,79.0,185.0,67.0,136.0,44.0,132.0,18.0,40.0,7.0,9.0,13.0,62.0,171.0,207.0,82.0,0.0,0.0,0.0,0.0,0.0,0.0,0.0,0.0,0.0,0.0,0.0,0.0,0.0,0.0,0.0,0.0,0.0,0.0,0.0,0.0,0.0,0.0,0.0,0.0,0.0,0.0,0.0,0.0,0.0,0.0,0.0,0.0,0.0,0.0,1.0,0.0,0.0,0.0,0.0,0.0,1.0,3.0,0.0,0.0,0.0,0.0,0.0,3.0,2.0,1.0,3.0,12.0,11.0,4.0,0.0,0.0,0.0,0.0,0.0,0.0,0.0,0.0,0.0,0.0,0.0,0.0,0.0,0.0,9.0,0.0,0.0,0.0,0.0,0.0,1.0,5.0,0.0,0.0,0.0,0.0,0.0,4.0,3.0,1.0,5.0,17.0,14.0,5.0
390,1.0,390.0,London_56,three,151,453,1092.0,70.0,2.0,159909.0,5.456822578795254,806.0,2.0,0.0,2.0,6.0,0.0,6.0,89.0,63.0,120.0,44.0,139.0,21.0,42.0,7.0,17.0,12.0,65.0,162.0,214.0,90.0,0.0,0.0,0.0,0.0,0.0,0.0,0.0,0.0,0.0,0.0,0.0,0.0,0.0,0.0,0.0,0.0,0.0,0.0,0.0,0.0,0.0,0.0,0.0,0.0,0.0,0.0,0.0,0.0,0.0,0.0,0.0,0.0,0.0,0.0,0.0,0.0,0.0,0.0,0.0,0.0,0.0,0.0,0.0,1.0,0.0,0.0,0.0,0.0,0.0,0.0,1.0,0.0,2.0,0.0,0.0,0.0,0.0,0.0,0.0,0.0,0.0,0.0,0.0,0.0,0.0,0.0,0.0,0.0,0.0,0.0,0.0,0.0,0.0,0.0,0.0,0.0,0.0,4.0,0.0,0.0,0.0,0.0,0.0,0.0,1.0,0.0,3.0,0.0
391,1.0,391.0,London_56,three,151,453,1092.0,70.0,2.0,193431.0,9.22736122412607,880.0,165.0,2.0,163.0,314.0,18.0,296.0,6.0,65.0,118.0,44.0,137.0,21.0,44.0,7.0,17.0,12.0,66.0,163.0,212.0,91.0,0.0,0.0,0.0,0.0,0.0,0.0,0.0,0.0,0.0,0.0,0.0,0.0,0.0,0.0,0.0,0.0,0.0,0.0,0.0,0.0,0.0,0.0,0.0,0.0,0.0,0.0,0.0,0.0,0.0,0.0,0.0,0.0,1.0,0.0,0.0,1.0,0.0,0.0,0.0,0.0,0.0,18.0,0.0,5.0,1.0,2.0,4.0,11.0,0.0,17.0,44.0,31.0,20.0,10.0,0.0,0.0,0.0,0.0,0.0,0.0,0.0,0.0,0.0,0.0,0.0,0.0,4.0,0.0,0.0,3.0,0.0,0.0,0.0,0.0,0.0,31.0,0.0,7.0,1.0,3.0,6.0,16.0,0.0,21.0,69.0,38.0,28.0,15.0
392,1.0,392.0,London_56,three,151,453,1092.0,70.0,2.0,157191.0,5.491984799969941,800.0,108.0,2.0,106.0,205.0,19.0,186.0,314.0,57.0,142.0,41.0,121.0,18.0,49.0,5.0,20.0,7.0,66.0,171.0,209.0,65.0,0.0,0.0,0.0,0.0,0.0,0.0,0.0,0.0,0.0,0.0,0.0,0.0,0.0,0.0,0.0,0.0,0.0,0.0,0.0,0.0,0.0,0.0,0.0,0.0,0.0,0.0,0.0,0.0,0.0,0.0,0.0,0.0,1.0,2.0,0.0,1.0,0.0,0.0,0.0,0.0,0.0,6.0,0.0,1.0,0.0,0.0,7.0,5.0,3.0,15.0,15.0,26.0,21.0,10.0,0.0,0.0,0.0,0.0,0.0,0.0,0.0,0.0,0.0,0.0,0.0,0.0,4.0,13.0,0.0,4.0,0.0,0.0,0.0,0.0,0.0,9.0,0.0,1.0,0.0,0.0,10.0,8.0,5.0,18.0,23.0,39.0,25.0,14.0
393,1.0,393.0,London_56,three,151,453,1092.0,70.0,2.0,146319.0,5.784004715271294,776.0,165.0,2.0,163.0,287.0,20.0,267.0,205.0,55.0,141.0,32.0,129.0,19.0,53.0,4.0,20.0,4.0,63.0,170.0,216.0,68.0,0.0,0.0,0.0,0.0,0.0,0.0,0.0,0.0,0.0,0.0,0.0,0.0,0.0,0.0,0.0,0.0,0.0,0.0,0.0,0.0,0.0,0.0,0.0,0.0,0.0,0.0,0.0,0.0,0.0,0.0,0.0,0.0,0.0,0.0,2.0,2.0,0.0,0.0,0.0,0.0,4.0,5.0,0.0,0.0,2.0,0.0,4.0,11.0,3.0,9.0,19.0,53.0,30.0,14.0,0.0,0.0,0.0,0.0,0.0,0.0,0.0,0.0,0.0,0.0,0.0,0.0,0.0,0.0,17.0,8.0,0.0,0.0,0.0,0.0,4.0,8.0,0.0,0.0,2.0,0.0,6.0,16.0,4.0,10.0,27.0,68.0,38.0,21.0
394,1.0,394.0,London_56,three,151,453,1092.0,70.0,2.0,108267.0,3.7386654070578516,692.0,37.0,0.0,37.0,69.0,0.0,69.0,287.0,66.0,145.0,32.0,122.0,22.0,50.0,4.0,12.0,9.0,69.0,147.0,228.0,74.0,0.0,0.0,0.0,0.0,0.0,0.0,0.0,0.0,0.0,0.0,0.0,0.0,0.0,0.0,0.0,0.0,0.0,0.0,0.0,0.0,0.0,0.0,0.0,0.0,0.0,0.0,0.0,0.0,0.0,0.0,0.0,0.0,0.0,0.0,0.0,0.0,0.0,0.0,0.0,0.0,0.0,0.0,0.0,1.0,0.0,0.0,1.0,0.0,0.0,2.0,6.0,14.0,6.0,5.0,0.0,0.0,0.0,0.0,0.0,0.0,0.0,0.0,0.0,0.0,0.0,0.0,0.0,0.0,0.0,0.0,0.0,0.0,0.0,0.0,0.0,0.0,0.0,1.0,0.0,0.0,1.0,0.0,0.0,3.0,9.0,22.0,10.0,7.0
395,1.0,395.0,London_56,three,151,453,1092.0,70.0,2.0,119139.0,4.679669758304954,716.0,42.0,2.0,40.0,92.0,17.0,75.0,69.0,64.0,131.0,34.0,129.0,23.0,56.0,3.0,13.0,10.0,74.0,139.0,230.0,73.0,0.0,0.0,0.0,0.0,0.0,0.0,0.0,0.0,0.0,0.0,0.0,0.0,0.0,0.0,0.0,0.0,0.0,0.0,0.0,0.0,0.0,0.0,0.0,0.0,0.0,0.0,0.0,0.0,0.0,0.0,0.0,0.0,0.0,0.0,0.0,2.0,0.0,0.0,0.0,0.0,1.0,0.0,0.0,0.0,0.0,0.0,1.0,0.0,0.0,4.0,10.0,8.0,4.0,3.0,0.0,0.0,0.0,0.0,0.0,0.0,0.0,0.0,0.0,0.0,0.0,0.0,0.0,0.0,0.0,7.0,0.0,0.0,0.0,0.0,1.0,0.0,0.0,0.0,0.0,0.0,1.0,0.0,0.0,6.0,13.0,13.0,4.0,4.0
396,1.0,396.0,London_56,three,151,453,1092.0,70.0,2.0,144054.0,5.40389789827168,771.0,37.0,0.0,37.0,75.0,0.0,75.0,92.0,70.0,121.0,33.0,127.0,23.0,60.0,3.0,16.0,7.0,80.0,132.0,234.0,77.0,0.0,0.0,0.0,0.0,0.0,0.0,0.0,0.0,0.0,0.0,0.0,0.0,0.0,0.0,0.0,0.0,0.0,0.0,0.0,0.0,0.0,0.0,0.0,0.0,0.0,0.0,0.0,0.0,0.0,0.0,0.0,0.0,0.0,0.0,0.0,0.0,0.0,0.0,0.0,0.0,0.0,1.0,0.0,0.0,0.0,0.0,3.0,0.0,1.0,7.0,9.0,8.0,10.0,4.0,0.0,0.0,0.0,0.0,0.0,0.0,0.0,0.0,0.0,0.0,0.0,0.0,0.0,0.0,0.0,0.0,0.0,0.0,0.0,0.0,0.0,1.0,0.0,0.0,0.0,0.0,4.0,0.0,1.0,11.0,12.0,15.0,15.0,10.0
397,1.0,397.0,London_56,three,151,453,1092.0,70.0,2.0,171234.0,6.477393532171845,831.0,25.0,0.0,25.0,49.0,0.0,49.0,75.0,64.0,115.0,37.0,133.0,24.0,58.0,5.0,17.0,9.0,88.0,135.0,221.0,81.0,0.0,0.0,0.0,0.0,0.0,0.0,0.0,0.0,0.0,0.0,0.0,0.0,0.0,0.0,0.0,0.0,0.0,0.0,0.0,0.0,0.0,0.0,0.0,0.0,0.0,0.0,0.0,0.0,0.0,0.0,0.0,0.0,0.0,0.0,0.0,0.0,0.0,0.0,0.0,0.0,0.0,0.0,0.0,1.0,0.0,0.0,1.0,1.0,1.0,3.0,6.0,8.0,10.0,2.0,0.0,0.0,0.0,0.0,0.0,0.0,0.0,0.0,0.0,0.0,0.0,0.0,0.0,0.0,0.0,0.0,0.0,0.0,0.0,0.0,0.0,0.0,0.0,2.0,0.0,0.0,1.0,1.0,1.0,3.0,10.0,12.0,11.0,6.0
398,1.0,398.0,London_56,three,151,453,1092.0,70.0,2.0,201585.0,7.638323575723916,898.0,159.0,1.0,158.0,287.0,9.0,278.0,49.0,62.0,111.0,37.0,132.0,24.0,64.0,8.0,15.0,8.0,92.0,134.0,219.0,78.0,0.0,0.0,0.0,0.0,0.0,0.0,0.0,0.0,0.0,0.0,0.0,0.0,0.0,0.0,0.0,0.0,0.0,0.0,0.0,0.0,0.0,0.0,0.0,0.0,0.0,0.0,0.0,0.0,0.0,0.0,0.0,0.0,0.0,0.0,0.0,1.0,0.0,0.0,0.0,0.0,3.0,13.0,0.0,3.0,4.0,0.0,9.0,7.0,2.0,23.0,35.0,42.0,36.0,15.0,0.0,0.0,0.0,0.0,0.0,0.0,0.0,0.0,0.0,0.0,0.0,0.0,0.0,0.0,0.0,1.0,0.0,0.0,0.0,0.0,4.0,17.0,0.0,6.0,4.0,0.0,13.0,10.0,3.0,31.0,50.0,66.0,48.0,24.0
399,1.0,399.0,London_56,three,151,453,1092.0,70.0,2.0,168063.0,5.311346022877842,824.0,88.0,0.0,88.0,165.0,0.0,165.0,287.0,34.0,128.0,40.0,143.0,25.0,64.0,6.0,13.0,6.0,79.0,151.0,217.0,75.0,0.0,0.0,0.0,0.0,0.0,0.0,0.0,0.0,0.0,0.0,0.0,0.0,0.0,0.0,0.0,0.0,0.0,0.0,0.0,0.0,0.0,0.0,0.0,0.0,0.0,0.0,0.0,0.0,0.0,0.0,0.0,0.0,0.0,0.0,0.0,0.0,0.0,0.0,0.0,0.0,1.0,2.0,0.0,0.0,1.0,1.0,7.0,3.0,6.0,7.0,18.0,13.0,17.0,7.0,0.0,0.0,0.0,0.0,0.0,0.0,0.0,0.0,0.0,0.0,0.0,0.0,0.0,0.0,0.0,0.0,0.0,0.0,0.0,0.0,1.0,2.0,0.0,0.0,1.0,2.0,10.0,4.0,7.0,9.0,28.0,16.0,26.0,10.0
400,1.0,400.0,London_56,three,151,453,1092.0,70.0,2.0,153567.0,6.158564282115549,792.0,109.0,0.0,109.0,196.0,0.0,196.0,165.0,31.0,127.0,39.0,150.0,24.0,64.0,5.0,13.0,9.0,78.0,141.0,225.0,86.0,0.0,0.0,0.0,0.0,0.0,0.0,0.0,0.0,0.0,0.0,0.0,0.0,0.0,0.0,0.0,0.0,0.0,0.0,0.0,0.0,0.0,0.0,0.0,0.0,0.0,0.0,0.0,0.0,0.0,0.0,0.0,0.0,0.0,0.0,0.0,0.0,0.0,0.0,0.0,0.0,4.0,5.0,0.0,1.0,2.0,1.0,11.0,9.0,3.0,9.0,21.0,33.0,18.0,13.0,0.0,0.0,0.0,0.0,0.0,0.0,0.0,0.0,0.0,0.0,0.0,0.0,0.0,0.0,0.0,0.0,0.0,0.0,0.0,0.0,4.0,5.0,0.0,1.0,2.0,2.0,15.0,14.0,4.0,12.0,27.0,52.0,20.0,23.0
401,1.0,401.0,London_56,three,151,453,1092.0,70.0,2.0,128652.0,4.967997981701046,737.0,17.0,0.0,17.0,28.0,0.0,28.0,196.0,45.0,120.0,36.0,146.0,27.0,60.0,5.0,14.0,8.0,80.0,147.0,218.0,92.0,0.0,0.0,0.0,0.0,0.0,0.0,0.0,0.0,0.0,0.0,0.0,0.0,0.0,0.0,0.0,0.0,0.0,0.0,0.0,0.0,0.0,0.0,0.0,0.0,0.0,0.0,0.0,0.0,0.0,0.0,0.0,0.0,0.0,0.0,0.0,0.0,0.0,0.0,0.0,0.0,0.0,1.0,0.0,0.0,0.0,0.0,1.0,0.0,0.0,0.0,1.0,4.0,2.0,0.0,0.0,0.0,0.0,0.0,0.0,0.0,0.0,0.0,0.0,0.0,0.0,0.0,0.0,0.0,0.0,0.0,0.0,0.0,0.0,0.0,0.0,2.0,0.0,0.0,0.0,0.0,1.0,0.0,0.0,0.0,2.0,6.0,2.0,0.0
402,1.0,402.0,London_56,three,151,453,1092.0,70.0,2.0,156285.0,6.7158397156745195,798.0,138.0,2.0,136.0,251.0,17.0,234.0,28.0,46.0,124.0,35.0,139.0,26.0,62.0,5.0,16.0,8.0,85.0,149.0,211.0,94.0,0.0,0.0,0.0,0.0,0.0,0.0,0.0,0.0,0.0,0.0,0.0,0.0,0.0,0.0,0.0,0.0,0.0,0.0,0.0,0.0,0.0,0.0,0.0,0.0,0.0,0.0,0.0,0.0,0.0,1.0,0.0,0.0,1.0,0.0,0.0,2.0,0.0,0.0,0.0,0.0,5.0,14.0,0.0,0.0,1.0,0.0,14.0,11.0,6.0,14.0,31.0,31.0,29.0,9.0,0.0,0.0,0.0,0.0,0.0,0.0,0.0,0.0,0.0,3.0,0.0,0.0,3.0,0.0,0.0,9.0,0.0,0.0,0.0,0.0,7.0,20.0,0.0,0.0,1.0,0.0,18.0,15.0,10.0,19.0,43.0,46.0,38.0,12.0
403,1.0,403.0,London_56,three,151,453,1092.0,70.0,2.0,120498.0,2.7662676526233554,719.0,131.0,2.0,129.0,234.0,20.0,214.0,251.0,34.0,139.0,39.0,125.0,23.0,69.0,5.0,19.0,9.0,92.0,150.0,202.0,80.0,0.0,0.0,0.0,0.0,0.0,0.0,0.0,0.0,0.0,0.0,0.0,0.0,0.0,0.0,0.0,0.0,0.0,0.0,0.0,0.0,0.0,0.0,0.0,0.0,0.0,0.0,0.0,0.0,0.0,0.0,0.0,0.0,1.0,2.0,0.0,2.0,0.0,0.0,0.0,0.0,4.0,5.0,0.0,0.0,1.0,1.0,14.0,4.0,7.0,23.0,15.0,28.0,15.0,11.0,0.0,0.0,0.0,0.0,0.0,0.0,0.0,0.0,0.0,0.0,0.0,0.0,3.0,14.0,0.0,8.0,0.0,0.0,0.0,0.0,5.0,8.0,0.0,0.0,1.0,2.0,17.0,7.0,9.0,27.0,21.0,40.0,18.0,15.0
404,1.0,404.0,London_56,three,151,453,1092.0,70.0,2.0,96942.0,0.6923604612238705,667.0,48.0,2.0,46.0,97.0,18.0,79.0,234.0,51.0,140.0,29.0,112.0,21.0,73.0,6.0,21.0,4.0,97.0,127.0,225.0,60.0,0.0,0.0,0.0,0.0,0.0,0.0,0.0,0.0,0.0,0.0,0.0,0.0,0.0,0.0,0.0,0.0,0.0,0.0,0.0,0.0,0.0,0.0,0.0,0.0,0.0,0.0,0.0,0.0,0.0,2.0,0.0,0.0,0.0,0.0,1.0,1.0,0.0,0.0,0.0,0.0,0.0,1.0,0.0,0.0,1.0,0.0,8.0,5.0,1.0,5.0,7.0,12.0,10.0,4.0,0.0,0.0,0.0,0.0,0.0,0.0,0.0,0.0,0.0,6.0,0.0,0.0,0.0,0.0,6.0,3.0,0.0,0.0,0.0,0.0,0.0,1.0,0.0,0.0,1.0,0.0,9.0,7.0,1.0,7.0,11.0,16.0,12.0,6.0
405,1.0,405.0,London_56,three,151,453,1092.0,70.0,2.0,115515.0,2.923196056857705,708.0,50.0,1.0,49.0,92.0,9.0,83.0,97.0,49.0,138.0,34.0,123.0,16.0,72.0,2.0,19.0,6.0,86.0,133.0,228.0,65.0,0.0,0.0,0.0,0.0,0.0,0.0,0.0,0.0,0.0,0.0,0.0,0.0,0.0,0.0,0.0,0.0,0.0,0.0,0.0,0.0,0.0,0.0,0.0,0.0,0.0,0.0,0.0,0.0,0.0,0.0,0.0,0.0,0.0,0.0,1.0,0.0,1.0,0.0,0.0,0.0,0.0,0.0,0.0,0.0,2.0,0.0,5.0,2.0,3.0,3.0,16.0,7.0,11.0,4.0,0.0,0.0,0.0,0.0,0.0,0.0,0.0,0.0,0.0,0.0,0.0,0.0,0.0,0.0,4.0,0.0,3.0,0.0,0.0,0.0,0.0,0.0,0.0,0.0,2.0,0.0,5.0,4.0,4.0,4.0,24.0,10.0,13.0,6.0
406,1.0,406.0,London_56,three,151,453,1092.0,70.0,2.0,141336.0,1.2976795830763876,765.0,3.0,2.0,1.0,20.0,18.0,2.0,92.0,47.0,144.0,31.0,123.0,19.0,67.0,2.0,20.0,7.0,92.0,125.0,229.0,68.0,0.0,0.0,0.0,0.0,0.0,0.0,0.0,0.0,0.0,0.0,0.0,0.0,0.0,0.0,0.0,0.0,0.0,0.0,0.0,0.0,0.0,0.0,0.0,0.0,0.0,0.0,0.0,0.0,0.0,1.0,0.0,1.0,0.0,0.0,0.0,0.0,0.0,0.0,0.0,0.0,0.0,0.0,0.0,0.0,0.0,0.0,0.0,0.0,0.0,0.0,0.0,0.0,0.0,0.0,0.0,0.0,0.0,0.0,0.0,0.0,0.0,0.0,0.0,8.0,0.0,6.0,0.0,0.0,0.0,0.0,0.0,0.0,0.0,0.0,0.0,0.0,0.0,0.0,0.0,0.0,0.0,0.0,0.0,0.0,0.0,0.0,0.0,0.0
407,1.0,407.0,London_56,three,151,453,1092.0,70.0,2.0,182106.0,5.708239444065839,855.0,37.0,1.0,36.0,72.0,8.0,64.0,20.0,35.0,142.0,31.0,134.0,19.0,69.0,3.0,20.0,7.0,91.0,123.0,232.0,66.0,0.0,0.0,0.0,0.0,0.0,0.0,0.0,0.0,0.0,0.0,0.0,0.0,0.0,0.0,0.0,0.0,0.0,0.0,0.0,0.0,0.0,0.0,0.0,0.0,0.0,0.0,0.0,0.0,0.0,0.0,0.0,0.0,1.0,0.0,0.0,1.0,0.0,0.0,0.0,0.0,2.0,0.0,0.0,0.0,1.0,0.0,4.0,2.0,2.0,6.0,8.0,7.0,9.0,3.0,0.0,0.0,0.0,0.0,0.0,0.0,0.0,0.0,0.0,0.0,0.0,0.0,5.0,0.0,0.0,2.0,0.0,0.0,0.0,0.0,2.0,0.0,0.0,0.0,1.0,0.0,6.0,3.0,4.0,7.0,11.0,11.0,13.0,4.0
408,1.0,408.0,London_56,three,151,453,1092.0,70.0,2.0,213363.0,7.272348653059453,924.0,152.0,1.0,151.0,269.0,9.0,260.0,72.0,41.0,138.0,33.0,129.0,19.0,67.0,3.0,23.0,8.0,94.0,120.0,231.0,71.0,0.0,0.0,0.0,0.0,0.0,0.0,0.0,0.0,0.0,0.0,0.0,0.0,0.0,0.0,0.0,0.0,0.0,0.0,0.0,0.0,0.0,0.0,0.0,0.0,0.0,0.0,0.0,0.0,0.0,0.0,0.0,0.0,0.0,0.0,1.0,0.0,0.0,0.0,0.0,0.0,1.0,5.0,0.0,4.0,5.0,3.0,32.0,10.0,6.0,18.0,31.0,37.0,18.0,11.0,0.0,0.0,0.0,0.0,0.0,0.0,0.0,0.0,0.0,0.0,0.0,0.0,0.0,0.0,6.0,0.0,0.0,0.0,0.0,0.0,2.0,7.0,0.0,6.0,6.0,6.0,46.0,11.0,9.0,21.0,51.0,53.0,24.0,15.0
409,1.0,409.0,London_56,three,151,453,1092.0,70.0,2.0,193431.0,3.960375155787915,880.0,64.0,0.0,64.0,98.0,0.0,98.0,269.0,46.0,137.0,32.0,114.0,20.0,77.0,6.0,21.0,7.0,77.0,138.0,231.0,73.0,0.0,0.0,0.0,0.0,0.0,0.0,0.0,0.0,0.0,0.0,0.0,0.0,0.0,0.0,0.0,0.0,0.0,0.0,0.0,0.0,0.0,0.0,0.0,0.0,0.0,0.0,0.0,0.0,0.0,0.0,0.0,0.0,0.0,0.0,0.0,0.0,0.0,0.0,0.0,0.0,2.0,0.0,0.0,3.0,0.0,0.0,14.0,3.0,3.0,6.0,16.0,10.0,14.0,2.0,0.0,0.0,0.0,0.0,0.0,0.0,0.0,0.0,0.0,0.0,0.0,0.0,0.0,0.0,0.0,0.0,0.0,0.0,0.0,0.0,2.0,0.0,0.0,3.0,0.0,0.0,18.0,4.0,3.0,6.0,20.0,12.0,15.0,3.0
410,1.0,410.0,London_56,three,151,453,1092.0,70.0,2.0,219705.0,2.1008293167687953,938.0,155.0,2.0,153.0,279.0,18.0,261.0,98.0,40.0,129.0,34.0,110.0,23.0,89.0,9.0,19.0,10.0,84.0,136.0,223.0,83.0,0.0,0.0,0.0,0.0,0.0,0.0,0.0,0.0,0.0,0.0,0.0,0.0,0.0,0.0,0.0,0.0,0.0,0.0,0.0,0.0,0.0,0.0,0.0,0.0,0.0,0.0,0.0,0.0,0.0,1.0,0.0,1.0,0.0,1.0,1.0,2.0,0.0,0.0,0.0,0.0,2.0,8.0,1.0,3.0,1.0,0.0,16.0,9.0,9.0,9.0,29.0,28.0,32.0,14.0,0.0,0.0,0.0,0.0,0.0,0.0,0.0,0.0,0.0,4.0,0.0,2.0,0.0,8.0,7.0,5.0,0.0,0.0,0.0,0.0,2.0,10.0,2.0,4.0,1.0,0.0,25.0,12.0,16.0,11.0,47.0,36.0,41.0,22.0
411,1.0,411.0,London_56,three,151,453,1092.0,70.0,2.0,198867.0,5.97385028982535,892.0,130.0,0.0,130.0,222.0,0.0,222.0,279.0,44.0,137.0,24.0,122.0,27.0,68.0,7.0,24.0,12.0,83.0,149.0,209.0,90.0,0.0,0.0,0.0,0.0,0.0,0.0,0.0,0.0,0.0,0.0,0.0,0.0,0.0,0.0,0.0,0.0,0.0,0.0,0.0,0.0,0.0,0.0,0.0,0.0,0.0,0.0,0.0,0.0,0.0,0.0,0.0,0.0,0.0,0.0,0.0,0.0,0.0,0.0,0.0,0.0,4.0,6.0,0.0,2.0,1.0,0.0,6.0,11.0,4.0,19.0,15.0,34.0,20.0,13.0,0.0,0.0,0.0,0.0,0.0,0.0,0.0,0.0,0.0,0.0,0.0,0.0,0.0,0.0,0.0,0.0,0.0,0.0,0.0,0.0,4.0,7.0,0.0,2.0,1.0,0.0,8.0,15.0,5.0,25.0,19.0,46.0,27.0,20.0
412,1.0,412.0,London_56,three,151,453,1092.0,70.0,2.0,178482.0,5.625477480236441,847.0,52.0,1.0,51.0,101.0,8.0,93.0,222.0,49.0,120.0,38.0,117.0,30.0,69.0,7.0,23.0,11.0,93.0,147.0,202.0,80.0,0.0,0.0,0.0,0.0,0.0,0.0,0.0,0.0,0.0,0.0,0.0,0.0,0.0,0.0,0.0,0.0,0.0,0.0,0.0,0.0,0.0,0.0,0.0,0.0,0.0,0.0,0.0,0.0,0.0,0.0,0.0,0.0,0.0,0.0,1.0,0.0,0.0,0.0,0.0,0.0,1.0,1.0,0.0,0.0,0.0,0.0,5.0,3.0,0.0,1.0,11.0,10.0,8.0,4.0,0.0,0.0,0.0,0.0,0.0,0.0,0.0,0.0,0.0,0.0,0.0,0.0,0.0,0.0,4.0,0.0,0.0,0.0,0.0,0.0,1.0,3.0,0.0,0.0,0.0,0.0,6.0,4.0,0.0,1.0,16.0,17.0,10.0,7.0
413,1.0,413.0,London_56,three,151,453,1092.0,70.0,2.0,192072.0,6.394051094073802,877.0,143.0,1.0,142.0,262.0,8.0,254.0,101.0,57.0,113.0,37.0,114.0,30.0,70.0,7.0,25.0,7.0,95.0,147.0,204.0,76.0,0.0,0.0,0.0,0.0,0.0,0.0,0.0,0.0,0.0,0.0,0.0,0.0,0.0,0.0,0.0,0.0,0.0,0.0,0.0,0.0,0.0,0.0,0.0,0.0,0.0,0.0,0.0,0.0,0.0,1.0,0.0,0.0,1.0,0.0,0.0,0.0,1.0,0.0,0.0,0.0,4.0,6.0,0.0,1.0,1.0,1.0,7.0,6.0,4.0,10.0,19.0,23.0,17.0,15.0,0.0,0.0,0.0,0.0,0.0,0.0,0.0,0.0,0.0,4.0,0.0,0.0,2.0,0.0,0.0,0.0,8.0,0.0,0.0,0.0,4.0,9.0,0.0,1.0,1.0,1.0,8.0,9.0,4.0,14.0,28.0,35.0,24.0,25.0
414,1.0,414.0,London_56,three,151,453,1092.0,70.0,2.0,154926.0,5.578664100263268,795.0,162.0,0.0,162.0,273.0,0.0,273.0,262.0,66.0,106.0,33.0,111.0,33.0,81.0,2.0,21.0,10.0,81.0,142.0,220.0,75.0,0.0,0.0,0.0,0.0,0.0,0.0,0.0,0.0,0.0,0.0,0.0,0.0,0.0,0.0,0.0,0.0,0.0,0.0,0.0,0.0,0.0,0.0,0.0,0.0,0.0,0.0,0.0,0.0,0.0,0.0,0.0,0.0,0.0,0.0,0.0,0.0,0.0,0.0,0.0,0.0,4.0,28.0,0.0,4.0,1.0,0.0,11.0,4.0,1.0,11.0,31.0,37.0,33.0,9.0,0.0,0.0,0.0,0.0,0.0,0.0,0.0,0.0,0.0,0.0,0.0,0.0,0.0,0.0,0.0,0.0,0.0,0.0,0.0,0.0,4.0,35.0,0.0,5.0,1.0,0.0,15.0,4.0,1.0,17.0,46.0,52.0,43.0,11.0
415,1.0,415.0,London_56,three,151,453,1092.0,70.0,2.0,106455.0,0.6046236557886004,688.0,74.0,2.0,72.0,140.0,18.0,122.0,273.0,62.0,113.0,24.0,115.0,31.0,84.0,3.0,21.0,10.0,87.0,132.0,224.0,85.0,0.0,0.0,0.0,0.0,0.0,0.0,0.0,0.0,0.0,0.0,0.0,0.0,0.0,0.0,0.0,0.0,0.0,0.0,0.0,0.0,0.0,0.0,0.0,0.0,0.0,0.0,0.0,0.0,0.0,0.0,0.0,0.0,0.0,1.0,1.0,1.0,0.0,0.0,0.0,0.0,1.0,1.0,0.0,0.0,1.0,0.0,5.0,5.0,0.0,5.0,14.0,17.0,14.0,6.0,0.0,0.0,0.0,0.0,0.0,0.0,0.0,0.0,0.0,0.0,0.0,0.0,0.0,8.0,6.0,3.0,0.0,0.0,0.0,0.0,1.0,2.0,0.0,0.0,1.0,0.0,6.0,6.0,0.0,9.0,23.0,21.0,24.0,9.0
416,1.0,416.0,London_56,three,151,453,1092.0,70.0,2.0,98301.0,1.7100869282148778,670.0,101.0,2.0,99.0,169.0,16.0,153.0,140.0,58.0,110.0,26.0,121.0,27.0,83.0,4.0,24.0,11.0,94.0,120.0,228.0,97.0,0.0,0.0,0.0,0.0,0.0,0.0,0.0,0.0,0.0,0.0,0.0,0.0,0.0,0.0,0.0,0.0,0.0,0.0,0.0,0.0,0.0,0.0,0.0,0.0,0.0,0.0,0.0,0.0,0.0,0.0,0.0,0.0,1.0,1.0,1.0,2.0,0.0,0.0,0.0,0.0,2.0,6.0,0.0,0.0,0.0,2.0,9.0,1.0,2.0,11.0,21.0,20.0,26.0,6.0,0.0,0.0,0.0,0.0,0.0,0.0,0.0,0.0,0.0,0.0,0.0,0.0,3.0,4.0,5.0,7.0,0.0,0.0,0.0,0.0,3.0,8.0,0.0,0.0,0.0,3.0,15.0,1.0,2.0,14.0,25.0,28.0,31.0,6.0
417,1.0,417.0,London_56,three,151,453,1092.0,70.0,2.0,86976.0,0.6013994351960719,645.0,24.0,2.0,22.0,62.0,20.0,42.0,169.0,68.0,107.0,23.0,123.0,22.0,82.0,4.0,24.0,12.0,83.0,132.0,226.0,103.0,0.0,0.0,0.0,0.0,0.0,0.0,0.0,0.0,0.0,0.0,0.0,0.0,0.0,0.0,0.0,0.0,0.0,0.0,0.0,0.0,0.0,0.0,0.0,0.0,0.0,0.0,0.0,0.0,0.0,1.0,0.0,0.0,1.0,0.0,0.0,2.0,0.0,0.0,0.0,0.0,1.0,3.0,0.0,0.0,2.0,0.0,4.0,4.0,1.0,0.0,4.0,7.0,8.0,2.0,0.0,0.0,0.0,0.0,0.0,0.0,0.0,0.0,0.0,2.0,0.0,0.0,3.0,0.0,0.0,6.0,0.0,0.0,0.0,0.0,1.0,3.0,0.0,0.0,2.0,0.0,6.0,4.0,2.0,0.0,5.0,11.0,13.0,4.0
418,1.0,418.0,London_56,three,151,453,1092.0,70.0,2.0,105549.0,2.8640359970740974,686.0,33.0,0.0,33.0,57.0,0.0,57.0,62.0,75.0,107.0,26.0,121.0,20.0,81.0,4.0,19.0,10.0,86.0,132.0,225.0,101.0,0.0,0.0,0.0,0.0,0.0,0.0,0.0,0.0,0.0,0.0,0.0,0.0,0.0,0.0,0.0,0.0,0.0,0.0,0.0,0.0,0.0,0.0,0.0,0.0,0.0,0.0,0.0,0.0,0.0,0.0,0.0,0.0,0.0,0.0,0.0,0.0,0.0,0.0,0.0,0.0,1.0,1.0,0.0,0.0,0.0,1.0,2.0,3.0,5.0,3.0,12.0,6.0,12.0,4.0,0.0,0.0,0.0,0.0,0.0,0.0,0.0,0.0,0.0,0.0,0.0,0.0,0.0,0.0,0.0,0.0,0.0,0.0,0.0,0.0,1.0,1.0,0.0,0.0,0.0,1.0,2.0,3.0,6.0,3.0,18.0,8.0,15.0,6.0
419,1.0,419.0,London_56,three,151,453,1092.0,70.0,2.0,122763.0,2.19134466862306,724.0,54.0,0.0,54.0,99.0,0.0,99.0,57.0,73.0,112.0,33.0,113.0,22.0,78.0,5.0,17.0,11.0,82.0,134.0,226.0,99.0,0.0,0.0,0.0,0.0,0.0,0.0,0.0,0.0,0.0,0.0,0.0,0.0,0.0,0.0,0.0,0.0,0.0,0.0,0.0,0.0,0.0,0.0,0.0,0.0,0.0,0.0,0.0,0.0,0.0,0.0,0.0,0.0,0.0,0.0,0.0,0.0,0.0,0.0,0.0,0.0,2.0,2.0,0.0,0.0,0.0,0.0,7.0,5.0,0.0,4.0,8.0,16.0,12.0,3.0,0.0,0.0,0.0,0.0,0.0,0.0,0.0,0.0,0.0,0.0,0.0,0.0,0.0,0.0,0.0,0.0,0.0,0.0,0.0,0.0,2.0,4.0,0.0,0.0,0.0,0.0,10.0,5.0,0.0,4.0,12.0,25.0,17.0,4.0
420,1.0,420.0,London_56,three,151,453,1092.0,70.0,2.0,138618.0,2.289493205025792,759.0,38.0,2.0,36.0,81.0,19.0,62.0,99.0,68.0,116.0,33.0,114.0,21.0,79.0,6.0,16.0,10.0,74.0,139.0,230.0,92.0,0.0,0.0,0.0,0.0,0.0,0.0,0.0,0.0,0.0,0.0,0.0,0.0,0.0,0.0,0.0,0.0,0.0,0.0,0.0,0.0,0.0,0.0,0.0,0.0,0.0,0.0,0.0,0.0,0.0,0.0,0.0,0.0,1.0,1.0,0.0,1.0,0.0,0.0,0.0,0.0,0.0,1.0,0.0,0.0,0.0,0.0,9.0,3.0,5.0,0.0,6.0,8.0,5.0,5.0,0.0,0.0,0.0,0.0,0.0,0.0,0.0,0.0,0.0,0.0,0.0,0.0,2.0,7.0,0.0,6.0,0.0,0.0,0.0,0.0,0.0,1.0,0.0,0.0,0.0,0.0,12.0,7.0,8.0,0.0,10.0,13.0,6.0,8.0
421,1.0,421.0,London_56,three,151,453,1092.0,70.0,2.0,168516.0,6.263843863736838,825.0,117.0,0.0,117.0,190.0,0.0,190.0,81.0,72.0,108.0,41.0,109.0,17.0,80.0,8.0,18.0,7.0,75.0,144.0,227.0,80.0,0.0,0.0,0.0,0.0,0.0,0.0,0.0,0.0,0.0,0.0,0.0,0.0,0.0,0.0,0.0,0.0,0.0,0.0,0.0,0.0,0.0,0.0,0.0,0.0,0.0,0.0,0.0,0.0,0.0,0.0,0.0,0.0,0.0,0.0,0.0,0.0,0.0,0.0,0.0,0.0,4.0,12.0,0.0,0.0,1.0,0.0,6.0,2.0,1.0,15.0,19.0,22.0,20.0,8.0,0.0,0.0,0.0,0.0,0.0,0.0,0.0,0.0,0.0,0.0,0.0,0.0,0.0,0.0,0.0,0.0,0.0,0.0,0.0,0.0,4.0,18.0,0.0,0.0,1.0,0.0,9.0,4.0,3.0,16.0,32.0,29.0,25.0,12.0
422,1.0,422.0,London_56,three,151,453,1092.0,70.0,2.0,157191.0,5.676358330994844,800.0,45.0,1.0,44.0,91.0,11.0,80.0,190.0,61.0,115.0,35.0,107.0,20.0,89.0,8.0,18.0,8.0,64.0,159.0,222.0,70.0,0.0,0.0,0.0,0.0,0.0,0.0,0.0,0.0,0.0,0.0,0.0,0.0,0.0,0.0,0.0,0.0,0.0,0.0,0.0,0.0,0.0,0.0,0.0,0.0,0.0,0.0,0.0,0.0,0.0,0.0,0.0,0.0,1.0,1.0,0.0,1.0,0.0,0.0,0.0,0.0,1.0,0.0,0.0,0.0,0.0,0.0,2.0,4.0,1.0,1.0,7.0,16.0,5.0,5.0,0.0,0.0,0.0,0.0,0.0,0.0,0.0,0.0,0.0,0.0,0.0,0.0,10.0,10.0,0.0,4.0,0.0,0.0,0.0,0.0,1.0,0.0,0.0,0.0,0.0,0.0,2.0,6.0,1.0,1.0,12.0,20.0,6.0,7.0
423,1.0,423.0,London_56,three,151,453,1092.0,70.0,2.0,185277.0,2.8205987559631467,862.0,130.0,0.0,130.0,229.0,0.0,229.0,91.0,48.0,117.0,35.0,115.0,23.0,89.0,8.0,18.0,10.0,68.0,149.0,226.0,71.0,0.0,0.0,0.0,0.0,0.0,0.0,0.0,0.0,0.0,0.0,0.0,0.0,0.0,0.0,0.0,0.0,0.0,0.0,0.0,0.0,0.0,0.0,0.0,0.0,0.0,0.0,0.0,0.0,0.0,0.0,0.0,0.0,0.0,0.0,0.0,0.0,0.0,0.0,0.0,0.0,0.0,1.0,0.0,0.0,0.0,0.0,5.0,11.0,2.0,7.0,21.0,31.0,15.0,15.0,0.0,0.0,0.0,0.0,0.0,0.0,0.0,0.0,0.0,0.0,0.0,0.0,0.0,0.0,0.0,0.0,0.0,0.0,0.0,0.0,0.0,1.0,0.0,0.0,0.0,0.0,7.0,14.0,4.0,9.0,28.0,38.0,17.0,26.0
424,1.0,424.0,London_56,three,151,453,1092.0,70.0,2.0,169875.0,5.684617848135531,828.0,25.0,0.0,25.0,51.0,0.0,51.0,229.0,53.0,116.0,38.0,100.0,25.0,94.0,7.0,20.0,8.0,62.0,150.0,233.0,76.0,0.0,0.0,0.0,0.0,0.0,0.0,0.0,0.0,0.0,0.0,0.0,0.0,0.0,0.0,0.0,0.0,0.0,0.0,0.0,0.0,0.0,0.0,0.0,0.0,0.0,0.0,0.0,0.0,0.0,0.0,0.0,0.0,0.0,0.0,0.0,0.0,0.0,0.0,0.0,0.0,2.0,1.0,0.0,1.0,0.0,0.0,2.0,3.0,2.0,4.0,4.0,7.0,3.0,3.0,0.0,0.0,0.0,0.0,0.0,0.0,0.0,0.0,0.0,0.0,0.0,0.0,0.0,0.0,0.0,0.0,0.0,0.0,0.0,0.0,3.0,1.0,0.0,2.0,0.0,0.0,2.0,3.0,2.0,7.0,7.0,12.0,4.0,5.0
425,1.0,425.0,London_56,three,151,453,1092.0,70.0,2.0,204756.0,5.72350910725072,905.0,104.0,2.0,102.0,199.0,18.0,181.0,51.0,54.0,117.0,40.0,102.0,25.0,88.0,6.0,21.0,8.0,70.0,151.0,224.0,77.0,0.0,0.0,0.0,0.0,0.0,0.0,0.0,0.0,0.0,0.0,0.0,0.0,0.0,0.0,0.0,0.0,0.0,0.0,0.0,0.0,0.0,0.0,0.0,0.0,0.0,0.0,0.0,0.0,0.0,0.0,0.0,0.0,0.0,0.0,1.0,0.0,0.0,0.0,0.0,0.0,1.0,6.0,0.0,0.0,1.0,1.0,4.0,5.0,1.0,11.0,15.0,24.0,24.0,13.0,0.0,0.0,0.0,0.0,0.0,0.0,0.0,0.0,0.0,0.0,0.0,0.0,0.0,0.0,8.0,0.0,0.0,0.0,0.0,0.0,1.0,7.0,0.0,0.0,1.0,2.0,5.0,5.0,2.0,14.0,26.0,35.0,36.0,17.0
426,1.0,426.0,London_56,three,151,453,1092.0,70.0,2.0,196602.0,3.1637567430734634,887.0,126.0,1.0,125.0,217.0,10.0,207.0,199.0,52.0,104.0,43.0,114.0,27.0,84.0,8.0,21.0,11.0,83.0,129.0,230.0,80.0,0.0,0.0,0.0,0.0,0.0,0.0,0.0,0.0,0.0,0.0,0.0,0.0,0.0,0.0,0.0,0.0,0.0,0.0,0.0,0.0,0.0,0.0,0.0,0.0,0.0,0.0,0.0,0.0,0.0,0.0,0.0,0.0,0.0,0.0,0.0,0.0,1.0,0.0,0.0,0.0,6.0,0.0,0.0,1.0,3.0,0.0,12.0,7.0,1.0,13.0,17.0,38.0,16.0,14.0,0.0,0.0,0.0,0.0,0.0,0.0,0.0,0.0,0.0,0.0,0.0,0.0,0.0,0.0,0.0,0.0,9.0,0.0,0.0,0.0,6.0,0.0,0.0,1.0,3.0,0.0,17.0,8.0,1.0,16.0,29.0,52.0,24.0,23.0
427,1.0,427.0,London_56,three,151,453,1092.0,70.0,2.0,176670.0,2.662960027344525,843.0,67.0,0.0,67.0,120.0,0.0,120.0,217.0,55.0,120.0,50.0,105.0,24.0,71.0,6.0,22.0,10.0,79.0,137.0,227.0,81.0,0.0,0.0,0.0,0.0,0.0,0.0,0.0,0.0,0.0,0.0,0.0,0.0,0.0,0.0,0.0,0.0,0.0,0.0,0.0,0.0,0.0,0.0,0.0,0.0,0.0,0.0,0.0,0.0,0.0,0.0,0.0,0.0,0.0,0.0,0.0,0.0,0.0,0.0,0.0,0.0,2.0,2.0,0.0,2.0,1.0,0.0,9.0,7.0,4.0,5.0,16.0,17.0,14.0,9.0,0.0,0.0,0.0,0.0,0.0,0.0,0.0,0.0,0.0,0.0,0.0,0.0,0.0,0.0,0.0,0.0,0.0,0.0,0.0,0.0,2.0,3.0,0.0,3.0,1.0,0.0,9.0,11.0,5.0,5.0,24.0,22.0,16.0,13.0
428,1.0,428.0,London_56,three,151,453,1092.0,70.0,2.0,192072.0,6.981184576172382,877.0,167.0,0.0,167.0,271.0,0.0,271.0,120.0,61.0,124.0,50.0,93.0,27.0,74.0,4.0,20.0,8.0,89.0,125.0,231.0,80.0,0.0,0.0,0.0,0.0,0.0,0.0,0.0,0.0,0.0,0.0,0.0,0.0,0.0,0.0,0.0,0.0,0.0,0.0,0.0,0.0,0.0,0.0,0.0,0.0,0.0,0.0,0.0,0.0,0.0,0.0,0.0,0.0,0.0,0.0,0.0,0.0,0.0,0.0,0.0,0.0,0.0,18.0,0.0,2.0,0.0,1.0,9.0,5.0,1.0,13.0,29.0,39.0,23.0,8.0,0.0,0.0,0.0,0.0,0.0,0.0,0.0,0.0,0.0,0.0,0.0,0.0,0.0,0.0,0.0,0.0,0.0,0.0,0.0,0.0,0.0,25.0,0.0,2.0,0.0,2.0,12.0,5.0,1.0,14.0,42.0,59.0,26.0,11.0
429,1.0,429.0,London_56,three,151,453,1092.0,70.0,2.0,154926.0,6.392291121184826,795.0,179.0,2.0,177.0,336.0,16.0,320.0,271.0,64.0,136.0,37.0,86.0,28.0,77.0,8.0,17.0,11.0,77.0,154.0,211.0,85.0,0.0,0.0,0.0,0.0,0.0,0.0,0.0,0.0,0.0,0.0,0.0,0.0,0.0,0.0,0.0,0.0,0.0,0.0,0.0,0.0,0.0,0.0,0.0,0.0,0.0,0.0,0.0,0.0,0.0,0.0,1.0,0.0,1.0,0.0,0.0,1.0,0.0,0.0,0.0,0.0,0.0,0.0,0.0,2.0,0.0,0.0,8.0,5.0,7.0,6.0,30.0,44.0,25.0,13.0,0.0,0.0,0.0,0.0,0.0,0.0,0.0,0.0,0.0,0.0,1.0,0.0,4.0,0.0,0.0,1.0,0.0,0.0,0.0,0.0,0.0,0.0,0.0,5.0,0.0,0.0,13.0,8.0,9.0,8.0,51.0,64.0,32.0,20.0
430,1.0,430.0,London_56,three,151,453,1092.0,70.0,2.0,104643.0,0.4499164782464504,684.0,15.0,2.0,13.0,42.0,18.0,24.0,336.0,54.0,138.0,21.0,94.0,29.0,85.0,9.0,23.0,9.0,67.0,156.0,221.0,69.0,0.0,0.0,0.0,0.0,0.0,0.0,0.0,0.0,0.0,0.0,0.0,0.0,0.0,0.0,0.0,0.0,0.0,0.0,0.0,0.0,0.0,0.0,0.0,0.0,0.0,0.0,0.0,0.0,0.0,1.0,0.0,0.0,0.0,0.0,0.0,1.0,1.0,0.0,0.0,0.0,0.0,0.0,0.0,1.0,0.0,0.0,1.0,2.0,0.0,1.0,2.0,4.0,0.0,3.0,0.0,0.0,0.0,0.0,0.0,0.0,0.0,0.0,0.0,4.0,0.0,0.0,0.0,0.0,0.0,2.0,7.0,0.0,0.0,0.0,0.0,0.0,0.0,1.0,0.0,0.0,2.0,3.0,0.0,2.0,4.0,6.0,0.0,4.0
431,1.0,431.0,London_56,three,151,453,1092.0,70.0,2.0,131823.0,4.490873685106635,744.0,69.0,1.0,68.0,124.0,10.0,114.0,42.0,47.0,135.0,24.0,97.0,32.0,83.0,9.0,26.0,9.0,66.0,152.0,226.0,73.0,0.0,0.0,0.0,0.0,0.0,0.0,0.0,0.0,0.0,0.0,0.0,0.0,0.0,0.0,0.0,0.0,0.0,0.0,0.0,0.0,0.0,0.0,0.0,0.0,0.0,0.0,0.0,0.0,0.0,0.0,0.0,0.0,0.0,0.0,1.0,1.0,0.0,0.0,0.0,0.0,0.0,0.0,0.0,0.0,0.0,0.0,4.0,3.0,0.0,1.0,11.0,13.0,13.0,6.0,0.0,0.0,0.0,0.0,0.0,0.0,0.0,0.0,0.0,0.0,0.0,0.0,0.0,0.0,8.0,2.0,0.0,0.0,0.0,0.0,0.0,0.0,0.0,0.0,0.0,0.0,7.0,5.0,0.0,1.0,17.0,17.0,21.0,6.0
432,1.0,432.0,London_56,three,151,453,1092.0,70.0,2.0,136353.0,0.70560363214463,754.0,25.0,0.0,25.0,46.0,0.0,46.0,124.0,38.0,123.0,24.0,119.0,25.0,88.0,10.0,26.0,9.0,72.0,159.0,213.0,86.0,0.0,0.0,0.0,0.0,0.0,0.0,0.0,0.0,0.0,0.0,0.0,0.0,0.0,0.0,0.0,0.0,0.0,0.0,0.0,0.0,0.0,0.0,0.0,0.0,0.0,0.0,0.0,0.0,0.0,0.0,0.0,0.0,0.0,0.0,0.0,0.0,0.0,0.0,0.0,0.0,0.0,0.0,0.0,0.0,0.0,0.0,1.0,1.0,0.0,1.0,1.0,9.0,5.0,1.0,0.0,0.0,0.0,0.0,0.0,0.0,0.0,0.0,0.0,0.0,0.0,0.0,0.0,0.0,0.0,0.0,0.0,0.0,0.0,0.0,0.0,0.0,0.0,0.0,0.0,0.0,1.0,1.0,0.0,1.0,1.0,13.0,6.0,2.0
433,1.0,433.0,London_56,three,151,453,1092.0,70.0,2.0,163986.0,5.722058192361146,815.0,63.0,2.0,61.0,122.0,18.0,104.0,46.0,41.0,118.0,22.0,123.0,25.0,87.0,10.0,27.0,12.0,71.0,153.0,217.0,83.0,0.0,0.0,0.0,0.0,0.0,0.0,0.0,0.0,0.0,0.0,0.0,0.0,0.0,0.0,0.0,0.0,0.0,0.0,0.0,0.0,0.0,0.0,0.0,0.0,0.0,0.0,0.0,0.0,0.0,1.0,0.0,0.0,1.0,0.0,0.0,2.0,0.0,0.0,0.0,0.0,0.0,1.0,0.0,0.0,0.0,0.0,8.0,3.0,1.0,5.0,11.0,14.0,17.0,4.0,0.0,0.0,0.0,0.0,0.0,0.0,0.0,0.0,0.0,3.0,0.0,0.0,4.0,0.0,0.0,11.0,0.0,0.0,0.0,0.0,0.0,1.0,0.0,0.0,0.0,0.0,10.0,3.0,2.0,8.0,17.0,21.0,18.0,6.0
434,1.0,434.0,London_56,three,151,453,1092.0,70.0,2.0,171234.0,5.578595909290016,831.0,105.0,2.0,103.0,204.0,19.0,185.0,122.0,46.0,127.0,26.0,124.0,20.0,75.0,8.0,27.0,14.0,74.0,138.0,227.0,87.0,0.0,0.0,0.0,0.0,0.0,0.0,0.0,0.0,0.0,0.0,0.0,0.0,0.0,0.0,0.0,0.0,0.0,0.0,0.0,0.0,0.0,0.0,0.0,0.0,0.0,0.0,0.0,0.0,0.0,1.0,0.0,0.0,1.0,1.0,0.0,1.0,0.0,0.0,0.0,0.0,3.0,4.0,0.0,1.0,1.0,0.0,8.0,4.0,4.0,11.0,25.0,22.0,28.0,11.0,0.0,0.0,0.0,0.0,0.0,0.0,0.0,0.0,0.0,11.0,0.0,0.0,10.0,7.0,0.0,3.0,0.0,0.0,0.0,0.0,3.0,5.0,0.0,2.0,1.0,0.0,11.0,5.0,7.0,12.0,39.0,31.0,34.0,19.0
435,1.0,435.0,London_56,three,151,453,1092.0,70.0,2.0,159909.0,1.554656004998833,806.0,135.0,2.0,133.0,251.0,20.0,231.0,204.0,35.0,144.0,31.0,113.0,19.0,82.0,6.0,23.0,14.0,84.0,146.0,209.0,84.0,0.0,0.0,0.0,0.0,0.0,0.0,0.0,0.0,0.0,0.0,0.0,0.0,0.0,0.0,0.0,0.0,0.0,0.0,0.0,0.0,0.0,0.0,0.0,0.0,0.0,0.0,0.0,0.0,0.0,0.0,0.0,0.0,0.0,0.0,2.0,2.0,0.0,0.0,0.0,0.0,0.0,9.0,0.0,1.0,0.0,0.0,10.0,7.0,3.0,14.0,22.0,31.0,17.0,14.0,0.0,0.0,0.0,0.0,0.0,0.0,0.0,0.0,0.0,0.0,0.0,0.0,0.0,0.0,17.0,4.0,0.0,0.0,0.0,0.0,0.0,15.0,0.0,1.0,0.0,0.0,15.0,9.0,3.0,20.0,33.0,39.0,24.0,23.0
436,1.0,436.0,London_56,three,151,453,1092.0,70.0,2.0,133635.0,3.651940480340272,748.0,53.0,0.0,53.0,92.0,0.0,92.0,251.0,41.0,132.0,31.0,117.0,19.0,86.0,6.0,21.0,8.0,74.0,147.0,224.0,82.0,0.0,0.0,0.0,0.0,0.0,0.0,0.0,0.0,0.0,0.0,0.0,0.0,0.0,0.0,0.0,0.0,0.0,0.0,0.0,0.0,0.0,0.0,0.0,0.0,0.0,0.0,0.0,0.0,0.0,0.0,0.0,0.0,0.0,0.0,0.0,0.0,0.0,0.0,0.0,0.0,1.0,0.0,0.0,1.0,1.0,0.0,3.0,3.0,1.0,1.0,6.0,13.0,22.0,0.0,0.0,0.0,0.0,0.0,0.0,0.0,0.0,0.0,0.0,0.0,0.0,0.0,0.0,0.0,0.0,0.0,0.0,0.0,0.0,0.0,1.0,0.0,0.0,1.0,1.0,0.0,3.0,6.0,1.0,1.0,8.0,17.0,30.0,0.0
437,1.0,437.0,London_56,three,151,453,1092.0,70.0,2.0,144960.0,5.353820905089378,773.0,134.0,2.0,132.0,231.0,17.0,214.0,92.0,46.0,125.0,26.0,116.0,19.0,85.0,8.0,28.0,8.0,80.0,152.0,213.0,89.0,0.0,0.0,0.0,0.0,0.0,0.0,0.0,0.0,0.0,0.0,0.0,0.0,0.0,0.0,0.0,0.0,0.0,0.0,0.0,0.0,0.0,0.0,0.0,0.0,0.0,0.0,0.0,0.0,0.0,1.0,0.0,0.0,2.0,0.0,0.0,2.0,0.0,0.0,0.0,0.0,0.0,6.0,0.0,1.0,3.0,0.0,6.0,5.0,3.0,15.0,24.0,24.0,31.0,7.0,0.0,0.0,0.0,0.0,0.0,0.0,0.0,0.0,0.0,4.0,0.0,0.0,3.0,0.0,0.0,5.0,0.0,0.0,0.0,0.0,0.0,7.0,0.0,1.0,3.0,0.0,6.0,6.0,4.0,20.0,36.0,32.0,40.0,11.0
438,1.0,438.0,London_56,three,151,453,1092.0,70.0,2.0,118686.0,1.9478089651092887,715.0,58.0,0.0,58.0,98.0,0.0,98.0,231.0,53.0,130.0,20.0,121.0,15.0,77.0,9.0,28.0,9.0,78.0,153.0,213.0,94.0,0.0,0.0,0.0,0.0,0.0,0.0,0.0,0.0,0.0,0.0,0.0,0.0,0.0,0.0,0.0,0.0,0.0,0.0,0.0,0.0,0.0,0.0,0.0,0.0,0.0,0.0,0.0,0.0,0.0,0.0,0.0,0.0,0.0,0.0,0.0,0.0,0.0,0.0,0.0,0.0,2.0,1.0,0.0,1.0,0.0,0.0,6.0,6.0,2.0,3.0,11.0,11.0,11.0,1.0,0.0,0.0,0.0,0.0,0.0,0.0,0.0,0.0,0.0,0.0,0.0,0.0,0.0,0.0,0.0,0.0,0.0,0.0,0.0,0.0,2.0,2.0,0.0,1.0,0.0,0.0,6.0,11.0,2.0,3.0,17.0,18.0,14.0,2.0
439,1.0,439.0,London_56,three,151,453,1092.0,70.0,2.0,133635.0,0.7267212932929397,748.0,55.0,0.0,55.0,106.0,0.0,106.0,98.0,62.0,117.0,25.0,116.0,17.0,79.0,10.0,27.0,11.0,76.0,158.0,208.0,82.0,0.0,0.0,0.0,0.0,0.0,0.0,0.0,0.0,0.0,0.0,0.0,0.0,0.0,0.0,0.0,0.0,0.0,0.0,0.0,0.0,0.0,0.0,0.0,0.0,0.0,0.0,0.0,0.0,0.0,0.0,0.0,0.0,0.0,0.0,0.0,0.0,0.0,0.0,0.0,0.0,1.0,1.0,1.0,0.0,1.0,0.0,9.0,4.0,3.0,5.0,10.0,12.0,10.0,6.0,0.0,0.0,0.0,0.0,0.0,0.0,0.0,0.0,0.0,0.0,0.0,0.0,0.0,0.0,0.0,0.0,0.0,0.0,0.0,0.0,2.0,2.0,1.0,0.0,1.0,0.0,13.0,7.0,3.0,6.0,16.0,16.0,16.0,9.0
440,1.0,440.0,London_56,three,151,453,1092.0,70.0,2.0,145413.0,5.149343424011022,774.0,42.0,1.0,41.0,83.0,9.0,74.0,106.0,53.0,130.0,34.0,110.0,17.0,71.0,9.0,29.0,8.0,73.0,147.0,225.0,84.0,0.0,0.0,0.0,0.0,0.0,0.0,0.0,0.0,0.0,0.0,0.0,0.0,0.0,0.0,0.0,0.0,0.0,0.0,0.0,0.0,0.0,0.0,0.0,0.0,0.0,0.0,0.0,0.0,0.0,0.0,0.0,0.0,0.0,0.0,0.0,1.0,0.0,0.0,0.0,0.0,0.0,0.0,0.0,0.0,0.0,0.0,4.0,0.0,5.0,5.0,10.0,8.0,11.0,2.0,0.0,0.0,0.0,0.0,0.0,0.0,0.0,0.0,0.0,0.0,0.0,0.0,0.0,0.0,0.0,5.0,0.0,0.0,0.0,0.0,0.0,0.0,0.0,0.0,0.0,0.0,4.0,0.0,7.0,8.0,15.0,13.0,14.0,3.0
441,1.0,441.0,London_56,three,151,453,1092.0,70.0,2.0,165345.0,5.467287620995194,818.0,94.0,0.0,94.0,161.0,0.0,161.0,83.0,46.0,122.0,39.0,126.0,16.0,67.0,9.0,28.0,7.0,83.0,135.0,228.0,86.0,0.0,0.0,0.0,0.0,0.0,0.0,0.0,0.0,0.0,0.0,0.0,0.0,0.0,0.0,0.0,0.0,0.0,0.0,0.0,0.0,0.0,0.0,0.0,0.0,0.0,0.0,0.0,0.0,0.0,0.0,0.0,0.0,0.0,0.0,0.0,0.0,0.0,0.0,0.0,0.0,4.0,0.0,0.0,1.0,0.0,0.0,10.0,8.0,7.0,8.0,17.0,21.0,22.0,11.0,0.0,0.0,0.0,0.0,0.0,0.0,0.0,0.0,0.0,0.0,0.0,0.0,0.0,0.0,0.0,0.0,0.0,0.0,0.0,0.0,4.0,0.0,0.0,2.0,0.0,0.0,13.0,10.0,7.0,11.0,23.0,26.0,27.0,16.0
442,1.0,442.0,London_56,three,151,453,1092.0,70.0,2.0,161721.0,5.539785162080079,810.0,53.0,0.0,53.0,98.0,0.0,98.0,161.0,50.0,127.0,36.0,132.0,16.0,61.0,9.0,22.0,9.0,73.0,132.0,239.0,79.0,0.0,0.0,0.0,0.0,0.0,0.0,0.0,0.0,0.0,0.0,0.0,0.0,0.0,0.0,0.0,0.0,0.0,0.0,0.0,0.0,0.0,0.0,0.0,0.0,0.0,0.0,0.0,0.0,0.0,0.0,0.0,0.0,0.0,0.0,0.0,0.0,0.0,0.0,0.0,0.0,1.0,0.0,0.0,0.0,0.0,0.0,5.0,6.0,5.0,3.0,14.0,11.0,14.0,4.0,0.0,0.0,0.0,0.0,0.0,0.0,0.0,0.0,0.0,0.0,0.0,0.0,0.0,0.0,0.0,0.0,0.0,0.0,0.0,0.0,1.0,0.0,0.0,0.0,0.0,0.0,8.0,7.0,9.0,4.0,26.0,15.0,16.0,7.0
443,1.0,443.0,London_56,three,151,453,1092.0,70.0,2.0,175311.0,6.04623203817755,840.0,106.0,0.0,106.0,177.0,0.0,177.0,98.0,53.0,120.0,42.0,128.0,15.0,61.0,10.0,24.0,12.0,77.0,132.0,232.0,85.0,0.0,0.0,0.0,0.0,0.0,0.0,0.0,0.0,0.0,0.0,0.0,0.0,0.0,0.0,0.0,0.0,0.0,0.0,0.0,0.0,0.0,0.0,0.0,0.0,0.0,0.0,0.0,0.0,0.0,0.0,0.0,0.0,0.0,0.0,0.0,0.0,0.0,0.0,0.0,0.0,5.0,4.0,0.0,1.0,0.0,0.0,14.0,1.0,5.0,9.0,20.0,20.0,23.0,7.0,0.0,0.0,0.0,0.0,0.0,0.0,0.0,0.0,0.0,0.0,0.0,0.0,0.0,0.0,0.0,0.0,0.0,0.0,0.0,0.0,8.0,4.0,0.0,1.0,0.0,0.0,18.0,1.0,6.0,12.0,27.0,28.0,33.0,11.0
444,1.0,444.0,London_56,three,151,453,1092.0,70.0,2.0,155379.0,5.669664517976344,796.0,92.0,2.0,90.0,180.0,17.0,163.0,177.0,50.0,132.0,42.0,117.0,18.0,63.0,8.0,23.0,13.0,83.0,128.0,229.0,86.0,0.0,0.0,0.0,0.0,0.0,0.0,0.0,0.0,0.0,0.0,0.0,0.0,0.0,0.0,0.0,0.0,0.0,0.0,0.0,0.0,0.0,0.0,0.0,0.0,0.0,0.0,0.0,0.0,0.0,2.0,0.0,0.0,1.0,0.0,0.0,2.0,0.0,0.0,0.0,0.0,2.0,6.0,0.0,2.0,0.0,3.0,10.0,8.0,6.0,7.0,23.0,22.0,14.0,5.0,0.0,0.0,0.0,0.0,0.0,0.0,0.0,0.0,0.0,4.0,0.0,0.0,6.0,0.0,0.0,5.0,0.0,0.0,0.0,0.0,2.0,7.0,0.0,4.0,0.0,4.0,16.0,9.0,11.0,12.0,43.0,29.0,20.0,9.0
445,1.0,445.0,London_56,three,151,453,1092.0,70.0,2.0,144507.0,6.2763376059010625,772.0,102.0,2.0,100.0,185.0,20.0,165.0,180.0,50.0,133.0,40.0,111.0,22.0,65.0,10.0,22.0,16.0,81.0,135.0,221.0,94.0,0.0,0.0,0.0,0.0,0.0,0.0,0.0,0.0,0.0,0.0,0.0,0.0,0.0,0.0,0.0,0.0,0.0,0.0,0.0,0.0,0.0,0.0,0.0,0.0,0.0,0.0,0.0,0.0,0.0,0.0,0.0,0.0,1.0,2.0,0.0,2.0,0.0,0.0,0.0,0.0,5.0,0.0,0.0,4.0,0.0,0.0,12.0,9.0,6.0,7.0,19.0,26.0,20.0,8.0,0.0,0.0,0.0,0.0,0.0,0.0,0.0,0.0,0.0,0.0,0.0,0.0,2.0,11.0,0.0,9.0,0.0,0.0,0.0,0.0,6.0,0.0,0.0,7.0,0.0,0.0,19.0,12.0,9.0,9.0,27.0,33.0,29.0,11.0
446,1.0,446.0,London_56,three,151,453,1092.0,70.0,2.0,124575.0,4.392976650968194,728.0,61.0,2.0,59.0,124.0,18.0,106.0,185.0,51.0,113.0,38.0,124.0,21.0,73.0,9.0,24.0,14.0,83.0,140.0,216.0,89.0,0.0,0.0,0.0,0.0,0.0,0.0,0.0,0.0,0.0,0.0,0.0,0.0,0.0,0.0,0.0,0.0,0.0,0.0,0.0,0.0,0.0,0.0,0.0,0.0,0.0,0.0,0.0,0.0,0.0,0.0,0.0,0.0,0.0,0.0,1.0,1.0,0.0,0.0,0.0,0.0,5.0,0.0,0.0,1.0,0.0,0.0,5.0,3.0,6.0,9.0,7.0,17.0,10.0,4.0,0.0,0.0,0.0,0.0,0.0,0.0,0.0,0.0,0.0,0.0,0.0,0.0,0.0,0.0,7.0,5.0,0.0,0.0,0.0,0.0,6.0,0.0,0.0,2.0,0.0,0.0,5.0,3.0,7.0,11.0,13.0,28.0,13.0,7.0
447,1.0,447.0,London_56,three,151,453,1092.0,70.0,2.0,129558.0,5.020346025004983,739.0,78.0,1.0,77.0,138.0,9.0,129.0,124.0,52.0,129.0,34.0,122.0,18.0,74.0,4.0,20.0,13.0,82.0,132.0,226.0,90.0,0.0,0.0,0.0,0.0,0.0,0.0,0.0,0.0,0.0,0.0,0.0,0.0,0.0,0.0,0.0,0.0,0.0,0.0,0.0,0.0,0.0,0.0,0.0,0.0,0.0,0.0,0.0,0.0,0.0,0.0,0.0,0.0,0.0,0.0,1.0,0.0,1.0,0.0,0.0,0.0,0.0,0.0,0.0,3.0,0.0,0.0,7.0,6.0,4.0,7.0,14.0,19.0,23.0,4.0,0.0,0.0,0.0,0.0,0.0,0.0,0.0,0.0,0.0,0.0,0.0,0.0,0.0,0.0,5.0,0.0,2.0,0.0,0.0,0.0,0.0,0.0,0.0,4.0,0.0,0.0,10.0,6.0,5.0,8.0,18.0,28.0,26.0,9.0
448,1.0,448.0,London_56,three,151,453,1092.0,70.0,2.0,130917.0,5.70494736591354,742.0,96.0,2.0,94.0,187.0,18.0,169.0,138.0,53.0,135.0,36.0,105.0,19.0,76.0,6.0,23.0,11.0,77.0,136.0,229.0,87.0,0.0,0.0,0.0,0.0,0.0,0.0,0.0,0.0,0.0,0.0,0.0,0.0,0.0,0.0,0.0,0.0,0.0,0.0,0.0,0.0,0.0,0.0,0.0,0.0,0.0,0.0,0.0,0.0,0.0,1.0,0.0,1.0,0.0,0.0,0.0,0.0,0.0,0.0,0.0,0.0,3.0,4.0,0.0,5.0,0.0,0.0,15.0,4.0,7.0,9.0,16.0,26.0,21.0,8.0,0.0,0.0,0.0,0.0,0.0,0.0,0.0,0.0,0.0,9.0,0.0,4.0,0.0,0.0,0.0,0.0,0.0,0.0,0.0,0.0,3.0,5.0,0.0,9.0,0.0,0.0,20.0,4.0,10.0,11.0,24.0,44.0,26.0,14.0
449,1.0,449.0,London_56,three,151,453,1092.0,70.0,2.0,122763.0,5.3727741478942335,724.0,30.0,1.0,29.0,60.0,8.0,52.0,187.0,43.0,139.0,32.0,104.0,16.0,88.0,6.0,25.0,11.0,75.0,149.0,218.0,77.0,0.0,0.0,0.0,0.0,0.0,0.0,0.0,0.0,0.0,0.0,0.0,0.0,0.0,0.0,0.0,0.0,0.0,0.0,0.0,0.0,0.0,0.0,0.0,0.0,0.0,0.0,0.0,0.0,0.0,0.0,0.0,0.0,1.0,0.0,0.0,1.0,0.0,0.0,0.0,0.0,0.0,0.0,0.0,0.0,0.0,1.0,1.0,3.0,1.0,1.0,4.0,8.0,6.0,3.0,0.0,0.0,0.0,0.0,0.0,0.0,0.0,0.0,0.0,0.0,0.0,0.0,1.0,0.0,0.0,5.0,0.0,0.0,0.0,0.0,0.0,0.0,0.0,0.0,0.0,1.0,2.0,5.0,1.0,3.0,6.0,11.0,9.0,7.0
450,1.0,450.0,London_56,three,151,453,1092.0,70.0,2.0,150396.0,6.542836499866098,785.0,55.0,1.0,54.0,109.0,9.0,100.0,60.0,39.0,145.0,28.0,106.0,16.0,90.0,6.0,23.0,10.0,80.0,146.0,217.0,86.0,0.0,0.0,0.0,0.0,0.0,0.0,0.0,0.0,0.0,0.0,0.0,0.0,0.0,0.0,0.0,0.0,0.0,0.0,0.0,0.0,0.0,0.0,0.0,0.0,0.0,0.0,0.0,0.0,0.0,0.0,0.0,0.0,0.0,0.0,1.0,0.0,0.0,0.0,0.0,0.0,1.0,3.0,0.0,0.0,0.0,1.0,5.0,5.0,3.0,10.0,12.0,7.0,8.0,4.0,0.0,0.0,0.0,0.0,0.0,0.0,0.0,0.0,0.0,0.0,0.0,0.0,0.0,0.0,5.0,0.0,0.0,0.0,0.0,0.0,2.0,4.0,0.0,0.0,0.0,1.0,7.0,8.0,3.0,16.0,19.0,9.0,12.0,7.0
451,1.0,451.0,London_56,three,151,453,1092.0,70.0,2.0,167157.0,5.970560286659747,822.0,73.0,0.0,73.0,116.0,0.0,116.0,109.0,59.0,123.0,35.0,108.0,15.0,84.0,6.0,23.0,9.0,82.0,145.0,217.0,82.0,0.0,0.0,0.0,0.0,0.0,0.0,0.0,0.0,0.0,0.0,0.0,0.0,0.0,0.0,0.0,0.0,0.0,0.0,0.0,0.0,0.0,0.0,0.0,0.0,0.0,0.0,0.0,0.0,0.0,0.0,0.0,0.0,0.0,0.0,0.0,0.0,0.0,0.0,0.0,0.0,2.0,5.0,0.0,0.0,0.0,1.0,5.0,0.0,3.0,6.0,14.0,16.0,13.0,3.0,0.0,0.0,0.0,0.0,0.0,0.0,0.0,0.0,0.0,0.0,0.0,0.0,0.0,0.0,0.0,0.0,0.0,0.0,0.0,0.0,2.0,5.0,0.0,0.0,0.0,1.0,5.0,0.0,3.0,7.0,16.0,23.0,17.0,6.0
452,1.0,452.0,London_56,three,151,453,1092.0,70.0,2.0,171687.0,5.908587660174817,832.0,95.0,2.0,93.0,181.0,18.0,163.0,116.0,53.0,131.0,34.0,105.0,15.0,86.0,5.0,24.0,12.0,78.0,140.0,223.0,86.0,0.0,0.0,0.0,0.0,0.0,0.0,0.0,0.0,0.0,0.0,0.0,0.0,0.0,0.0,0.0,0.0,0.0,0.0,0.0,0.0,0.0,0.0,0.0,0.0,0.0,0.0,0.0,0.0,0.0,0.0,0.0,0.0,0.0,1.0,1.0,2.0,0.0,0.0,0.0,0.0,1.0,5.0,0.0,3.0,0.0,0.0,20.0,5.0,7.0,7.0,11.0,15.0,16.0,9.0,0.0,0.0,0.0,0.0,0.0,0.0,0.0,0.0,0.0,0.0,0.0,0.0,0.0,8.0,7.0,7.0,0.0,0.0,0.0,0.0,1.0,7.0,0.0,5.0,0.0,0.0,24.0,6.0,7.0,12.0,18.0,19.0,18.0,13.0
453,1.0,453.0,London_56,three,151,453,1092.0,70.0,2.0,161268.0,7.343541809823364,809.0,109.0,0.0,109.0,198.0,0.0,198.0,181.0,60.0,124.0,46.0,120.0,17.0,58.0,3.0,25.0,12.0,75.0,147.0,219.0,79.0,0.0,0.0,0.0,0.0,0.0,0.0,0.0,0.0,0.0,0.0,0.0,0.0,0.0,0.0,0.0,0.0,0.0,0.0,0.0,0.0,0.0,0.0,0.0,0.0,0.0,0.0,0.0,0.0,0.0,0.0,0.0,0.0,0.0,0.0,0.0,0.0,0.0,0.0,0.0,0.0,1.0,10.0,0.0,1.0,0.0,0.0,5.0,1.0,6.0,6.0,20.0,28.0,12.0,11.0,0.0,0.0,0.0,0.0,0.0,0.0,0.0,0.0,0.0,0.0,0.0,0.0,0.0,0.0,0.0,0.0,0.0,0.0,0.0,0.0,1.0,17.0,0.0,1.0,0.0,0.0,7.0,1.0,9.0,8.0,31.0,48.0,20.0,18.0
454,1.0,454.0,London_56,three,151,453,1092.0,70.0,2.0,148584.0,6.081631341017783,781.0,115.0,1.0,114.0,211.0,8.0,203.0,198.0,62.0,124.0,50.0,123.0,17.0,49.0,5.0,23.0,11.0,71.0,155.0,216.0,71.0,0.0,0.0,0.0,0.0,0.0,0.0,0.0,0.0,0.0,0.0,0.0,0.0,0.0,0.0,0.0,0.0,0.0,0.0,0.0,0.0,0.0,0.0,0.0,0.0,0.0,0.0,0.0,0.0,0.0,0.0,0.0,0.0,0.0,0.0,1.0,0.0,0.0,0.0,0.0,0.0,0.0,0.0,0.0,0.0,0.0,0.0,13.0,4.0,1.0,10.0,33.0,30.0,26.0,15.0,0.0,0.0,0.0,0.0,0.0,0.0,0.0,0.0,0.0,0.0,0.0,0.0,0.0,0.0,6.0,0.0,0.0,0.0,0.0,0.0,0.0,0.0,0.0,0.0,0.0,0.0,15.0,5.0,1.0,13.0,52.0,43.0,31.0,22.0
455,1.0,455.0,London_56,three,151,453,1092.0,70.0,2.0,129558.0,1.2846982101909816,739.0,8.0,1.0,7.0,19.0,8.0,11.0,211.0,55.0,135.0,47.0,132.0,18.0,43.0,7.0,16.0,12.0,73.0,155.0,213.0,84.0,0.0,0.0,0.0,0.0,0.0,0.0,0.0,0.0,0.0,0.0,0.0,0.0,0.0,0.0,0.0,0.0,0.0,0.0,0.0,0.0,0.0,0.0,0.0,0.0,0.0,0.0,0.0,0.0,0.0,0.0,0.0,0.0,1.0,0.0,0.0,0.0,1.0,0.0,0.0,0.0,0.0,0.0,0.0,0.0,0.0,0.0,0.0,1.0,0.0,0.0,1.0,2.0,1.0,1.0,0.0,0.0,0.0,0.0,0.0,0.0,0.0,0.0,0.0,0.0,0.0,0.0,3.0,0.0,0.0,0.0,8.0,0.0,0.0,0.0,0.0,0.0,0.0,0.0,0.0,0.0,0.0,2.0,0.0,0.0,1.0,3.0,1.0,2.0
456,1.0,456.0,London_56,three,151,453,1092.0,70.0,2.0,166251.0,7.00184222124517,820.0,135.0,0.0,135.0,226.0,0.0,226.0,19.0,54.0,137.0,49.0,136.0,18.0,36.0,7.0,16.0,10.0,78.0,146.0,219.0,86.0,0.0,0.0,0.0,0.0,0.0,0.0,0.0,0.0,0.0,0.0,0.0,0.0,0.0,0.0,0.0,0.0,0.0,0.0,0.0,0.0,0.0,0.0,0.0,0.0,0.0,0.0,0.0,0.0,0.0,0.0,0.0,0.0,0.0,0.0,0.0,0.0,0.0,0.0,0.0,0.0,3.0,0.0,0.0,3.0,0.0,0.0,4.0,8.0,4.0,7.0,31.0,34.0,21.0,11.0,0.0,0.0,0.0,0.0,0.0,0.0,0.0,0.0,0.0,0.0,0.0,0.0,0.0,0.0,0.0,0.0,0.0,0.0,0.0,0.0,3.0,0.0,0.0,7.0,0.0,0.0,5.0,12.0,7.0,9.0,45.0,48.0,28.0,14.0
457,1.0,457.0,London_56,three,151,453,1092.0,70.0,2.0,149037.0,6.495443589054048,782.0,78.0,2.0,76.0,154.0,18.0,136.0,226.0,72.0,123.0,49.0,122.0,15.0,53.0,4.0,15.0,14.0,80.0,149.0,210.0,79.0,0.0,0.0,0.0,0.0,0.0,0.0,0.0,0.0,0.0,0.0,0.0,0.0,0.0,0.0,0.0,0.0,0.0,0.0,0.0,0.0,0.0,0.0,0.0,0.0,0.0,0.0,0.0,0.0,0.0,0.0,0.0,0.0,0.0,1.0,1.0,0.0,0.0,0.0,0.0,0.0,1.0,0.0,0.0,2.0,0.0,0.0,3.0,7.0,0.0,10.0,16.0,15.0,19.0,6.0,0.0,0.0,0.0,0.0,0.0,0.0,0.0,0.0,0.0,0.0,0.0,0.0,0.0,3.0,7.0,0.0,0.0,0.0,0.0,0.0,1.0,0.0,0.0,4.0,0.0,0.0,3.0,10.0,0.0,11.0,30.0,19.0,26.0,7.0
458,1.0,458.0,London_56,three,151,453,1092.0,70.0,2.0,150396.0,6.252079078927636,785.0,19.0,2.0,17.0,47.0,16.0,31.0,154.0,68.0,129.0,48.0,115.0,11.0,58.0,6.0,18.0,13.0,72.0,138.0,230.0,69.0,0.0,0.0,0.0,0.0,0.0,0.0,0.0,0.0,0.0,0.0,0.0,0.0,0.0,0.0,0.0,0.0,0.0,0.0,0.0,0.0,0.0,0.0,0.0,0.0,0.0,0.0,0.0,0.0,0.0,0.0,0.0,0.0,0.0,1.0,1.0,1.0,0.0,0.0,0.0,0.0,0.0,0.0,0.0,1.0,0.0,0.0,1.0,4.0,0.0,2.0,4.0,3.0,2.0,1.0,0.0,0.0,0.0,0.0,0.0,0.0,0.0,0.0,0.0,0.0,0.0,0.0,0.0,4.0,7.0,4.0,0.0,0.0,0.0,0.0,0.0,0.0,0.0,2.0,0.0,0.0,1.0,7.0,0.0,3.0,6.0,4.0,2.0,1.0
459,1.0,459.0,London_56,three,151,453,1092.0,70.0,2.0,181653.0,2.8434413732029498,854.0,111.0,2.0,109.0,210.0,20.0,190.0,47.0,69.0,129.0,46.0,121.0,9.0,53.0,7.0,19.0,9.0,71.0,135.0,238.0,58.0,0.0,0.0,0.0,0.0,0.0,0.0,0.0,0.0,0.0,0.0,0.0,0.0,0.0,0.0,0.0,0.0,0.0,0.0,0.0,0.0,0.0,0.0,0.0,0.0,0.0,0.0,0.0,0.0,0.0,2.0,0.0,0.0,1.0,0.0,0.0,2.0,0.0,0.0,0.0,0.0,6.0,5.0,0.0,3.0,1.0,0.0,10.0,6.0,0.0,8.0,27.0,19.0,18.0,10.0,0.0,0.0,0.0,0.0,0.0,0.0,0.0,0.0,0.0,5.0,0.0,0.0,4.0,0.0,0.0,8.0,0.0,0.0,0.0,0.0,6.0,7.0,0.0,6.0,1.0,0.0,14.0,7.0,0.0,9.0,38.0,27.0,22.0,18.0
460,1.0,460.0,London_56,three,151,453,1092.0,70.0,2.0,173952.0,8.034761797636747,837.0,117.0,0.0,117.0,204.0,0.0,204.0,210.0,53.0,141.0,52.0,118.0,10.0,49.0,9.0,21.0,10.0,73.0,124.0,246.0,65.0,0.0,0.0,0.0,0.0,0.0,0.0,0.0,0.0,0.0,0.0,0.0,0.0,0.0,0.0,0.0,0.0,0.0,0.0,0.0,0.0,0.0,0.0,0.0,0.0,0.0,0.0,0.0,0.0,0.0,0.0,0.0,0.0,0.0,0.0,0.0,0.0,0.0,0.0,0.0,0.0,2.0,7.0,0.0,2.0,3.0,1.0,10.0,14.0,0.0,12.0,24.0,24.0,21.0,7.0,0.0,0.0,0.0,0.0,0.0,0.0,0.0,0.0,0.0,0.0,0.0,0.0,0.0,0.0,0.0,0.0,0.0,0.0,0.0,0.0,3.0,10.0,0.0,2.0,4.0,2.0,12.0,19.0,0.0,16.0,36.0,37.0,27.0,10.0
461,1.0,461.0,London_56,three,151,453,1092.0,70.0,2.0,156285.0,8.018034277949482,798.0,116.0,0.0,116.0,201.0,0.0,201.0,204.0,50.0,143.0,51.0,113.0,12.0,58.0,8.0,18.0,11.0,77.0,125.0,240.0,76.0,0.0,0.0,0.0,0.0,0.0,0.0,0.0,0.0,0.0,0.0,0.0,0.0,0.0,0.0,0.0,0.0,0.0,0.0,0.0,0.0,0.0,0.0,0.0,0.0,0.0,0.0,0.0,0.0,0.0,0.0,0.0,0.0,0.0,0.0,0.0,0.0,0.0,0.0,0.0,0.0,6.0,8.0,0.0,2.0,2.0,0.0,14.0,11.0,1.0,10.0,24.0,20.0,25.0,7.0,0.0,0.0,0.0,0.0,0.0,0.0,0.0,0.0,0.0,0.0,0.0,0.0,0.0,0.0,0.0,0.0,0.0,0.0,0.0,0.0,8.0,8.0,0.0,4.0,2.0,0.0,22.0,13.0,1.0,11.0,34.0,27.0,31.0,10.0
462,1.0,462.0,London_56,three,151,453,1092.0,70.0,2.0,143601.0,6.089540003798902,770.0,78.0,2.0,76.0,148.0,19.0,129.0,201.0,56.0,127.0,49.0,123.0,14.0,65.0,6.0,13.0,13.0,72.0,133.0,235.0,83.0,0.0,0.0,0.0,0.0,0.0,0.0,0.0,0.0,0.0,0.0,0.0,0.0,0.0,0.0,0.0,0.0,0.0,0.0,0.0,0.0,0.0,0.0,0.0,0.0,0.0,0.0,0.0,0.0,0.0,0.0,0.0,0.0,0.0,1.0,0.0,1.0,0.0,0.0,0.0,0.0,2.0,1.0,0.0,0.0,0.0,0.0,8.0,8.0,0.0,6.0,11.0,16.0,20.0,4.0,0.0,0.0,0.0,0.0,0.0,0.0,0.0,0.0,0.0,0.0,0.0,0.0,0.0,4.0,0.0,5.0,0.0,0.0,0.0,0.0,3.0,1.0,0.0,0.0,0.0,0.0,10.0,9.0,0.0,7.0,17.0,24.0,26.0,5.0
463,1.0,463.0,London_56,three,151,453,1092.0,70.0,2.0,143148.0,6.294682770036161,769.0,73.0,0.0,73.0,122.0,0.0,122.0,148.0,61.0,130.0,47.0,123.0,14.0,63.0,6.0,9.0,7.0,74.0,129.0,243.0,77.0,0.0,0.0,0.0,0.0,0.0,0.0,0.0,0.0,0.0,0.0,0.0,0.0,0.0,0.0,0.0,0.0,0.0,0.0,0.0,0.0,0.0,0.0,0.0,0.0,0.0,0.0,0.0,0.0,0.0,0.0,0.0,0.0,0.0,0.0,0.0,0.0,0.0,0.0,0.0,0.0,3.0,0.0,0.0,0.0,0.0,0.0,14.0,8.0,1.0,5.0,13.0,20.0,19.0,6.0,0.0,0.0,0.0,0.0,0.0,0.0,0.0,0.0,0.0,0.0,0.0,0.0,0.0,0.0,0.0,0.0,0.0,0.0,0.0,0.0,3.0,0.0,0.0,0.0,0.0,0.0,19.0,10.0,1.0,9.0,20.0,27.0,23.0,8.0
464,1.0,464.0,London_56,three,151,453,1092.0,70.0,2.0,144960.0,5.841635974124074,773.0,30.0,1.0,29.0,70.0,11.0,59.0,122.0,68.0,141.0,44.0,108.0,11.0,65.0,6.0,10.0,11.0,73.0,144.0,225.0,86.0,0.0,0.0,0.0,0.0,0.0,0.0,0.0,0.0,0.0,0.0,0.0,0.0,0.0,0.0,0.0,0.0,0.0,0.0,0.0,0.0,0.0,0.0,0.0,0.0,0.0,0.0,0.0,0.0,0.0,0.0,0.0,0.0,0.0,1.0,0.0,1.0,0.0,0.0,0.0,0.0,2.0,0.0,0.0,0.0,0.0,0.0,4.0,1.0,0.0,2.0,5.0,7.0,5.0,3.0,0.0,0.0,0.0,0.0,0.0,0.0,0.0,0.0,0.0,0.0,0.0,0.0,0.0,7.0,0.0,7.0,0.0,0.0,0.0,0.0,3.0,0.0,0.0,0.0,0.0,0.0,5.0,1.0,0.0,5.0,9.0,13.0,8.0,5.0
465,1.0,465.0,London_56,three,151,453,1092.0,70.0,2.0,169875.0,8.641187847126275,828.0,122.0,0.0,122.0,210.0,0.0,210.0,70.0,70.0,133.0,45.0,111.0,13.0,67.0,3.0,11.0,6.0,74.0,145.0,228.0,86.0,0.0,0.0,0.0,0.0,0.0,0.0,0.0,0.0,0.0,0.0,0.0,0.0,0.0,0.0,0.0,0.0,0.0,0.0,0.0,0.0,0.0,0.0,0.0,0.0,0.0,0.0,0.0,0.0,0.0,0.0,0.0,0.0,0.0,0.0,0.0,0.0,0.0,0.0,0.0,0.0,1.0,8.0,0.0,0.0,0.0,1.0,7.0,8.0,6.0,2.0,22.0,24.0,23.0,8.0,0.0,0.0,0.0,0.0,0.0,0.0,0.0,0.0,0.0,0.0,0.0,0.0,0.0,0.0,0.0,0.0,0.0,0.0,0.0,0.0,1.0,11.0,0.0,0.0,0.0,2.0,11.0,9.0,9.0,3.0,31.0,40.0,31.0,14.0
466,1.0,466.0,London_56,three,151,453,1092.0,70.0,2.0,152661.0,6.5472088400274515,790.0,120.0,0.0,120.0,205.0,0.0,205.0,210.0,58.0,134.0,46.0,105.0,13.0,76.0,3.0,18.0,9.0,69.0,159.0,216.0,85.0,0.0,0.0,0.0,0.0,0.0,0.0,0.0,0.0,0.0,0.0,0.0,0.0,0.0,0.0,0.0,0.0,0.0,0.0,0.0,0.0,0.0,0.0,0.0,0.0,0.0,0.0,0.0,0.0,0.0,0.0,0.0,0.0,0.0,0.0,0.0,0.0,0.0,0.0,0.0,0.0,0.0,9.0,0.0,1.0,0.0,0.0,10.0,15.0,2.0,5.0,20.0,28.0,18.0,12.0,0.0,0.0,0.0,0.0,0.0,0.0,0.0,0.0,0.0,0.0,0.0,0.0,0.0,0.0,0.0,0.0,0.0,0.0,0.0,0.0,0.0,13.0,0.0,3.0,0.0,0.0,12.0,17.0,3.0,5.0,32.0,42.0,21.0,19.0
467,1.0,467.0,London_56,three,151,453,1092.0,70.0,2.0,142242.0,6.31706098979339,767.0,43.0,2.0,41.0,94.0,18.0,76.0,205.0,63.0,118.0,51.0,109.0,17.0,79.0,3.0,13.0,8.0,69.0,165.0,211.0,70.0,0.0,0.0,0.0,0.0,0.0,0.0,0.0,0.0,0.0,0.0,0.0,0.0,0.0,0.0,0.0,0.0,0.0,0.0,0.0,0.0,0.0,0.0,0.0,0.0,0.0,0.0,0.0,0.0,0.0,0.0,0.0,0.0,0.0,0.0,1.0,0.0,0.0,0.0,0.0,0.0,0.0,0.0,0.0,0.0,0.0,0.0,5.0,3.0,2.0,4.0,10.0,7.0,10.0,4.0,0.0,0.0,0.0,0.0,0.0,0.0,0.0,0.0,0.0,0.0,0.0,0.0,0.0,0.0,5.0,0.0,0.0,0.0,0.0,0.0,0.0,0.0,0.0,0.0,0.0,0.0,6.0,6.0,2.0,5.0,16.0,10.0,13.0,6.0
468,1.0,468.0,London_56,three,151,453,1092.0,70.0,2.0,169875.0,6.120891446247697,828.0,124.0,1.0,123.0,210.0,10.0,200.0,94.0,63.0,133.0,53.0,108.0,14.0,65.0,2.0,15.0,7.0,76.0,160.0,210.0,69.0,0.0,0.0,0.0,0.0,0.0,0.0,0.0,0.0,0.0,0.0,0.0,0.0,0.0,0.0,0.0,0.0,0.0,0.0,0.0,0.0,0.0,0.0,0.0,0.0,0.0,0.0,0.0,0.0,0.0,0.0,0.0,0.0,0.0,0.0,0.0,0.0,1.0,0.0,0.0,0.0,0.0,4.0,0.0,2.0,3.0,0.0,11.0,6.0,4.0,11.0,26.0,36.0,23.0,10.0,0.0,0.0,0.0,0.0,0.0,0.0,0.0,0.0,0.0,0.0,0.0,0.0,0.0,0.0,0.0,0.0,6.0,0.0,0.0,0.0,0.0,4.0,0.0,4.0,3.0,0.0,12.0,7.0,9.0,13.0,38.0,56.0,27.0,14.0
469,1.0,469.0,London_56,three,151,453,1092.0,70.0,2.0,152208.0,5.3636543629691005,789.0,0.0,0.0,0.0,0.0,0.0,0.0,210.0,58.0,117.0,56.0,131.0,17.0,56.0,3.0,15.0,5.0,76.0,157.0,215.0,77.0,0.0,0.0,0.0,0.0,0.0,0.0,0.0,0.0,0.0,0.0,0.0,0.0,0.0,0.0,0.0,0.0,0.0,0.0,0.0,0.0,0.0,0.0,0.0,0.0,0.0,0.0,0.0,0.0,0.0,0.0,0.0,0.0,0.0,0.0,0.0,0.0,0.0,0.0,0.0,0.0,0.0,0.0,0.0,0.0,0.0,0.0,0.0,0.0,0.0,0.0,0.0,0.0,0.0,0.0,0.0,0.0,0.0,0.0,0.0,0.0,0.0,0.0,0.0,0.0,0.0,0.0,0.0,0.0,0.0,0.0,0.0,0.0,0.0,0.0,0.0,0.0,0.0,0.0,0.0,0.0,0.0,0.0,0.0,0.0,0.0,0.0,0.0,0.0
470,1.0,470.0,London_56,three,151,453,1092.0,70.0,2.0,202944.0,7.111446728929877,901.0,101.0,0.0,101.0,180.0,0.0,180.0,0.0,58.0,117.0,56.0,131.0,17.0,56.0,3.0,15.0,5.0,76.0,157.0,215.0,77.0,0.0,0.0,0.0,0.0,0.0,0.0,0.0,0.0,0.0,0.0,0.0,0.0,0.0,0.0,0.0,0.0,0.0,0.0,0.0,0.0,0.0,0.0,0.0,0.0,0.0,0.0,0.0,0.0,0.0,0.0,0.0,0.0,0.0,0.0,0.0,0.0,0.0,0.0,0.0,0.0,2.0,0.0,0.0,0.0,2.0,0.0,5.0,12.0,5.0,7.0,20.0,20.0,20.0,8.0,0.0,0.0,0.0,0.0,0.0,0.0,0.0,0.0,0.0,0.0,0.0,0.0,0.0,0.0,0.0,0.0,0.0,0.0,0.0,0.0,3.0,0.0,0.0,0.0,2.0,0.0,8.0,15.0,5.0,10.0,31.0,34.0,26.0,14.0
471,1.0,471.0,London_56,three,151,453,1092.0,70.0,2.0,202491.0,3.8929320219904184,900.0,130.0,2.0,128.0,230.0,16.0,214.0,180.0,75.0,108.0,57.0,127.0,21.0,47.0,3.0,15.0,5.0,82.0,154.0,212.0,77.0,0.0,0.0,0.0,0.0,0.0,0.0,0.0,0.0,0.0,0.0,0.0,0.0,0.0,0.0,0.0,0.0,0.0,0.0,0.0,0.0,0.0,0.0,0.0,0.0,0.0,0.0,0.0,0.0,0.0,0.0,0.0,0.0,0.0,0.0,0.0,1.0,0.0,0.0,0.0,0.0,4.0,7.0,0.0,4.0,0.0,0.0,7.0,7.0,2.0,6.0,27.0,26.0,13.0,10.0,0.0,0.0,0.0,0.0,0.0,0.0,0.0,0.0,0.0,0.0,0.0,0.0,0.0,0.0,0.0,4.0,0.0,0.0,0.0,0.0,5.0,8.0,0.0,7.0,0.0,0.0,8.0,9.0,4.0,8.0,43.0,39.0,15.0,16.0
472,1.0,472.0,London_56,three,151,453,1092.0,70.0,2.0,190260.0,3.188384055159986,873.0,119.0,2.0,117.0,218.0,18.0,200.0,230.0,65.0,133.0,59.0,119.0,19.0,41.0,5.0,12.0,8.0,83.0,144.0,218.0,76.0,0.0,0.0,0.0,0.0,0.0,0.0,0.0,0.0,0.0,0.0,0.0,0.0,0.0,0.0,0.0,0.0,0.0,0.0,0.0,0.0,0.0,0.0,0.0,0.0,0.0,0.0,0.0,0.0,0.0,1.0,0.0,0.0,0.0,0.0,0.0,1.0,1.0,0.0,0.0,0.0,7.0,3.0,0.0,2.0,1.0,0.0,11.0,5.0,1.0,11.0,25.0,20.0,22.0,10.0,0.0,0.0,0.0,0.0,0.0,0.0,0.0,0.0,0.0,6.0,0.0,0.0,0.0,0.0,0.0,1.0,6.0,0.0,0.0,0.0,8.0,4.0,0.0,3.0,1.0,0.0,15.0,8.0,1.0,15.0,36.0,31.0,27.0,13.0
473,1.0,473.0,London_56,three,151,453,1092.0,70.0,2.0,170781.0,7.837583060376346,830.0,165.0,1.0,164.0,283.0,10.0,273.0,218.0,66.0,118.0,64.0,125.0,12.0,49.0,5.0,14.0,10.0,73.0,137.0,233.0,71.0,0.0,0.0,0.0,0.0,0.0,0.0,0.0,0.0,0.0,0.0,0.0,0.0,0.0,0.0,0.0,0.0,0.0,0.0,0.0,0.0,0.0,0.0,0.0,0.0,0.0,0.0,0.0,0.0,0.0,0.0,0.0,0.0,0.0,0.0,1.0,0.0,0.0,0.0,0.0,0.0,5.0,6.0,0.0,1.0,1.0,0.0,11.0,9.0,4.0,5.0,29.0,34.0,19.0,15.0,0.0,0.0,0.0,0.0,0.0,0.0,0.0,0.0,0.0,0.0,0.0,0.0,0.0,0.0,9.0,0.0,0.0,0.0,0.0,0.0,5.0,8.0,0.0,1.0,1.0,0.0,14.0,14.0,5.0,5.0,41.0,53.0,23.0,24.0
474,1.0,474.0,London_56,three,151,453,1092.0,70.0,2.0,121857.0,5.180669907014817,722.0,54.0,0.0,54.0,97.0,0.0,97.0,283.0,55.0,127.0,61.0,127.0,20.0,42.0,6.0,15.0,8.0,77.0,162.0,206.0,71.0,0.0,0.0,0.0,0.0,0.0,0.0,0.0,0.0,0.0,0.0,0.0,0.0,0.0,0.0,0.0,0.0,0.0,0.0,0.0,0.0,0.0,0.0,0.0,0.0,0.0,0.0,0.0,0.0,0.0,0.0,0.0,0.0,0.0,0.0,0.0,0.0,0.0,0.0,0.0,0.0,0.0,1.0,0.0,0.0,0.0,0.0,3.0,3.0,0.0,5.0,11.0,13.0,5.0,10.0,0.0,0.0,0.0,0.0,0.0,0.0,0.0,0.0,0.0,0.0,0.0,0.0,0.0,0.0,0.0,0.0,0.0,0.0,0.0,0.0,0.0,2.0,0.0,0.0,0.0,0.0,4.0,4.0,0.0,9.0,15.0,17.0,7.0,16.0
475,1.0,475.0,London_56,three,151,453,1092.0,70.0,2.0,131823.0,5.710684361867607,744.0,24.0,2.0,22.0,53.0,18.0,35.0,97.0,55.0,124.0,61.0,125.0,21.0,44.0,7.0,16.0,10.0,83.0,174.0,186.0,80.0,0.0,0.0,0.0,0.0,0.0,0.0,0.0,0.0,0.0,0.0,0.0,0.0,0.0,0.0,0.0,0.0,0.0,0.0,0.0,0.0,0.0,0.0,0.0,0.0,0.0,0.0,0.0,0.0,0.0,1.0,0.0,0.0,1.0,0.0,0.0,2.0,0.0,0.0,0.0,0.0,0.0,0.0,0.0,1.0,0.0,0.0,1.0,0.0,1.0,1.0,2.0,3.0,4.0,5.0,0.0,0.0,0.0,0.0,0.0,0.0,0.0,0.0,0.0,1.0,0.0,0.0,5.0,0.0,0.0,6.0,0.0,0.0,0.0,0.0,0.0,0.0,0.0,3.0,0.0,0.0,1.0,0.0,1.0,1.0,2.0,4.0,8.0,9.0
476,1.0,476.0,London_56,three,151,453,1092.0,70.0,2.0,162174.0,7.866087722592056,811.0,143.0,2.0,141.0,258.0,19.0,239.0,53.0,56.0,130.0,57.0,131.0,15.0,43.0,6.0,15.0,12.0,85.0,154.0,202.0,78.0,0.0,0.0,0.0,0.0,0.0,0.0,0.0,0.0,0.0,0.0,0.0,0.0,0.0,0.0,0.0,0.0,0.0,0.0,0.0,0.0,0.0,0.0,0.0,0.0,0.0,0.0,0.0,0.0,0.0,1.0,0.0,0.0,1.0,1.0,0.0,1.0,0.0,0.0,0.0,0.0,3.0,8.0,0.0,3.0,0.0,0.0,16.0,5.0,13.0,10.0,27.0,47.0,11.0,12.0,0.0,0.0,0.0,0.0,0.0,0.0,0.0,0.0,0.0,6.0,0.0,0.0,8.0,5.0,0.0,3.0,0.0,0.0,0.0,0.0,3.0,14.0,0.0,3.0,0.0,0.0,18.0,7.0,18.0,13.0,43.0,62.0,14.0,16.0
477,1.0,477.0,London_56,three,151,453,1092.0,70.0,2.0,129105.0,6.7488552876748145,738.0,79.0,2.0,77.0,152.0,20.0,132.0,258.0,55.0,120.0,49.0,142.0,17.0,53.0,6.0,11.0,15.0,84.0,133.0,221.0,73.0,0.0,0.0,0.0,0.0,0.0,0.0,0.0,0.0,0.0,0.0,0.0,0.0,0.0,0.0,0.0,0.0,0.0,0.0,0.0,0.0,0.0,0.0,0.0,0.0,0.0,0.0,0.0,0.0,0.0,0.0,0.0,0.0,0.0,0.0,2.0,1.0,0.0,0.0,0.0,0.0,2.0,0.0,0.0,0.0,0.0,0.0,5.0,11.0,2.0,12.0,15.0,17.0,23.0,9.0,0.0,0.0,0.0,0.0,0.0,0.0,0.0,0.0,0.0,0.0,0.0,0.0,0.0,0.0,17.0,4.0,0.0,0.0,0.0,0.0,2.0,0.0,0.0,0.0,0.0,0.0,6.0,15.0,2.0,19.0,21.0,24.0,31.0,14.0
478,1.0,478.0,London_56,three,151,453,1092.0,70.0,2.0,115968.0,2.1042052530683577,709.0,101.0,0.0,101.0,177.0,0.0,177.0,152.0,54.0,125.0,41.0,144.0,20.0,49.0,6.0,14.0,14.0,85.0,123.0,231.0,78.0,0.0,0.0,0.0,0.0,0.0,0.0,0.0,0.0,0.0,0.0,0.0,0.0,0.0,0.0,0.0,0.0,0.0,0.0,0.0,0.0,0.0,0.0,0.0,0.0,0.0,0.0,0.0,0.0,0.0,0.0,0.0,0.0,0.0,0.0,0.0,0.0,0.0,0.0,0.0,0.0,2.0,4.0,0.0,0.0,1.0,1.0,13.0,6.0,2.0,2.0,19.0,19.0,13.0,14.0,0.0,0.0,0.0,0.0,0.0,0.0,0.0,0.0,0.0,0.0,0.0,0.0,0.0,0.0,0.0,0.0,0.0,0.0,0.0,0.0,3.0,7.0,0.0,0.0,2.0,1.0,21.0,6.0,2.0,4.0,29.0,28.0,16.0,22.0
479,1.0,479.0,London_56,three,151,453,1092.0,70.0,2.0,92412.0,2.514818673953414,657.0,37.0,2.0,35.0,76.0,17.0,59.0,177.0,59.0,137.0,38.0,140.0,18.0,41.0,6.0,14.0,13.0,71.0,146.0,223.0,83.0,0.0,0.0,0.0,0.0,0.0,0.0,0.0,0.0,0.0,0.0,0.0,0.0,0.0,0.0,0.0,0.0,0.0,0.0,0.0,0.0,0.0,0.0,0.0,0.0,0.0,0.0,0.0,0.0,0.0,0.0,0.0,0.0,0.0,0.0,0.0,2.0,0.0,0.0,0.0,0.0,0.0,1.0,0.0,1.0,0.0,1.0,4.0,2.0,1.0,4.0,6.0,7.0,6.0,1.0,0.0,0.0,0.0,0.0,0.0,0.0,0.0,0.0,0.0,0.0,0.0,0.0,0.0,0.0,0.0,12.0,0.0,0.0,0.0,0.0,0.0,1.0,0.0,1.0,0.0,2.0,4.0,2.0,1.0,5.0,8.0,12.0,7.0,2.0
480,1.0,480.0,London_56,three,151,453,1092.0,70.0,2.0,104190.0,3.2257606820203364,683.0,55.0,0.0,55.0,100.0,0.0,100.0,76.0,63.0,132.0,37.0,136.0,22.0,41.0,6.0,16.0,6.0,68.0,145.0,234.0,79.0,0.0,0.0,0.0,0.0,0.0,0.0,0.0,0.0,0.0,0.0,0.0,0.0,0.0,0.0,0.0,0.0,0.0,0.0,0.0,0.0,0.0,0.0,0.0,0.0,0.0,0.0,0.0,0.0,0.0,0.0,0.0,0.0,0.0,0.0,0.0,0.0,0.0,0.0,0.0,0.0,0.0,0.0,0.0,1.0,0.0,0.0,2.0,7.0,0.0,3.0,15.0,14.0,13.0,3.0,0.0,0.0,0.0,0.0,0.0,0.0,0.0,0.0,0.0,0.0,0.0,0.0,0.0,0.0,0.0,0.0,0.0,0.0,0.0,0.0,0.0,0.0,0.0,1.0,0.0,0.0,2.0,8.0,0.0,5.0,22.0,22.0,20.0,5.0
481,1.0,481.0,London_56,three,151,453,1092.0,70.0,2.0,107814.0,5.458070849068463,691.0,56.0,0.0,56.0,98.0,0.0,98.0,100.0,59.0,140.0,40.0,130.0,21.0,41.0,5.0,17.0,7.0,74.0,157.0,215.0,81.0,0.0,0.0,0.0,0.0,0.0,0.0,0.0,0.0,0.0,0.0,0.0,0.0,0.0,0.0,0.0,0.0,0.0,0.0,0.0,0.0,0.0,0.0,0.0,0.0,0.0,0.0,0.0,0.0,0.0,0.0,0.0,0.0,0.0,0.0,0.0,0.0,0.0,0.0,0.0,0.0,3.0,3.0,0.0,0.0,0.0,0.0,5.0,2.0,0.0,9.0,6.0,17.0,14.0,7.0,0.0,0.0,0.0,0.0,0.0,0.0,0.0,0.0,0.0,0.0,0.0,0.0,0.0,0.0,0.0,0.0,0.0,0.0,0.0,0.0,4.0,3.0,0.0,0.0,0.0,0.0,7.0,3.0,0.0,12.0,6.0,26.0,15.0,10.0
482,1.0,482.0,London_56,three,151,453,1092.0,70.0,2.0,116874.0,7.860436134040356,711.0,114.0,1.0,113.0,203.0,9.0,194.0,98.0,59.0,134.0,46.0,136.0,20.0,36.0,4.0,18.0,8.0,76.0,160.0,209.0,86.0,0.0,0.0,0.0,0.0,0.0,0.0,0.0,0.0,0.0,0.0,0.0,0.0,0.0,0.0,0.0,0.0,0.0,0.0,0.0,0.0,0.0,0.0,0.0,0.0,0.0,0.0,0.0,0.0,0.0,0.0,0.0,0.0,0.0,0.0,0.0,0.0,0.0,0.0,0.0,0.0,3.0,8.0,0.0,0.0,0.0,1.0,8.0,8.0,1.0,8.0,18.0,36.0,9.0,14.0,0.0,0.0,0.0,0.0,0.0,0.0,0.0,0.0,0.0,0.0,0.0,0.0,0.0,0.0,0.0,0.0,0.0,0.0,0.0,0.0,5.0,14.0,0.0,0.0,0.0,1.0,10.0,13.0,1.0,12.0,25.0,52.0,11.0,22.0
483,1.0,483.0,London_56,three,151,453,1092.0,70.0,2.0,105549.0,6.776011241599917,686.0,6.0,0.0,6.0,10.0,0.0,10.0,203.0,62.0,137.0,47.0,126.0,21.0,41.0,6.0,13.0,6.0,86.0,160.0,201.0,77.0,0.0,0.0,0.0,0.0,0.0,0.0,0.0,0.0,0.0,0.0,0.0,0.0,0.0,0.0,0.0,0.0,0.0,0.0,0.0,0.0,0.0,0.0,0.0,0.0,0.0,0.0,0.0,0.0,0.0,0.0,0.0,0.0,0.0,0.0,0.0,0.0,0.0,0.0,0.0,0.0,1.0,0.0,0.0,1.0,0.0,0.0,1.0,0.0,2.0,0.0,0.0,1.0,3.0,0.0,0.0,0.0,0.0,0.0,0.0,0.0,0.0,0.0,0.0,0.0,0.0,0.0,0.0,0.0,0.0,0.0,0.0,0.0,0.0,0.0,1.0,0.0,0.0,2.0,0.0,0.0,3.0,0.0,3.0,0.0,0.0,2.0,3.0,0.0
484,1.0,484.0,London_56,three,151,453,1092.0,70.0,2.0,141336.0,7.717696548905224,765.0,36.0,0.0,36.0,69.0,0.0,69.0,10.0,61.0,133.0,47.0,131.0,21.0,41.0,6.0,13.0,6.0,83.0,162.0,202.0,75.0,0.0,0.0,0.0,0.0,0.0,0.0,0.0,0.0,0.0,0.0,0.0,0.0,0.0,0.0,0.0,0.0,0.0,0.0,0.0,0.0,0.0,0.0,0.0,0.0,0.0,0.0,0.0,0.0,0.0,0.0,0.0,0.0,0.0,0.0,0.0,0.0,0.0,0.0,0.0,0.0,1.0,1.0,0.0,0.0,0.0,0.0,3.0,4.0,0.0,4.0,7.0,8.0,4.0,5.0,0.0,0.0,0.0,0.0,0.0,0.0,0.0,0.0,0.0,0.0,0.0,0.0,0.0,0.0,0.0,0.0,0.0,0.0,0.0,0.0,1.0,1.0,0.0,0.0,0.0,0.0,4.0,4.0,0.0,5.0,10.0,17.0,4.0,9.0
485,1.0,485.0,London_56,three,151,453,1092.0,70.0,2.0,171687.0,7.642284812871367,832.0,33.0,0.0,33.0,54.0,0.0,54.0,69.0,61.0,134.0,46.0,133.0,18.0,42.0,6.0,13.0,9.0,84.0,151.0,209.0,79.0,0.0,0.0,0.0,0.0,0.0,0.0,0.0,0.0,0.0,0.0,0.0,0.0,0.0,0.0,0.0,0.0,0.0,0.0,0.0,0.0,0.0,0.0,0.0,0.0,0.0,0.0,0.0,0.0,0.0,0.0,0.0,0.0,0.0,0.0,0.0,0.0,0.0,0.0,0.0,0.0,0.0,0.0,0.0,0.0,0.0,0.0,2.0,3.0,1.0,2.0,1.0,5.0,5.0,4.0,0.0,0.0,0.0,0.0,0.0,0.0,0.0,0.0,0.0,0.0,0.0,0.0,0.0,0.0,0.0,0.0,0.0,0.0,0.0,0.0,0.0,0.0,0.0,0.0,0.0,0.0,3.0,3.0,1.0,2.0,1.0,7.0,6.0,7.0
486,1.0,486.0,London_56,three,151,453,1092.0,70.0,2.0,200226.0,8.5914082149975,895.0,85.0,2.0,83.0,170.0,17.0,153.0,54.0,63.0,130.0,45.0,140.0,15.0,45.0,5.0,10.0,10.0,81.0,157.0,205.0,81.0,0.0,0.0,0.0,0.0,0.0,0.0,0.0,0.0,0.0,0.0,0.0,0.0,0.0,0.0,0.0,0.0,0.0,0.0,0.0,0.0,0.0,0.0,0.0,0.0,0.0,0.0,0.0,0.0,0.0,1.0,0.0,0.0,1.0,0.0,0.0,1.0,0.0,0.0,0.0,0.0,2.0,0.0,0.0,0.0,0.0,0.0,10.0,1.0,7.0,4.0,14.0,14.0,13.0,7.0,0.0,0.0,0.0,0.0,0.0,0.0,0.0,0.0,0.0,3.0,0.0,0.0,6.0,0.0,0.0,2.0,0.0,0.0,0.0,0.0,2.0,0.0,0.0,0.0,0.0,0.0,13.0,2.0,9.0,4.0,23.0,23.0,18.0,12.0
487,1.0,487.0,London_56,three,151,453,1092.0,70.0,2.0,205662.0,11.381014137063175,907.0,167.0,2.0,165.0,319.0,20.0,299.0,170.0,52.0,140.0,41.0,142.0,15.0,45.0,5.0,13.0,11.0,86.0,134.0,222.0,79.0,0.0,0.0,0.0,0.0,0.0,0.0,0.0,0.0,0.0,0.0,0.0,0.0,0.0,0.0,0.0,0.0,0.0,0.0,0.0,0.0,0.0,0.0,0.0,0.0,0.0,0.0,0.0,0.0,0.0,1.0,0.0,0.0,2.0,1.0,0.0,2.0,0.0,0.0,0.0,0.0,0.0,16.0,0.0,0.0,3.0,0.0,12.0,8.0,12.0,19.0,37.0,39.0,20.0,10.0,0.0,0.0,0.0,0.0,0.0,0.0,0.0,0.0,0.0,4.0,0.0,0.0,8.0,10.0,0.0,6.0,0.0,0.0,0.0,0.0,0.0,23.0,0.0,0.0,3.0,0.0,19.0,12.0,17.0,26.0,49.0,60.0,24.0,20.0
488,1.0,488.0,London_56,three,151,453,1092.0,70.0,2.0,172593.0,6.812119944021106,834.0,69.0,2.0,67.0,138.0,18.0,120.0,319.0,51.0,149.0,37.0,127.0,18.0,52.0,4.0,15.0,7.0,73.0,151.0,222.0,70.0,0.0,0.0,0.0,0.0,0.0,0.0,0.0,0.0,0.0,0.0,0.0,0.0,0.0,0.0,0.0,0.0,0.0,0.0,0.0,0.0,0.0,0.0,0.0,0.0,0.0,0.0,0.0,0.0,0.0,0.0,0.0,0.0,0.0,0.0,1.0,0.0,0.0,0.0,0.0,0.0,1.0,0.0,0.0,0.0,2.0,0.0,5.0,3.0,0.0,5.0,15.0,18.0,9.0,7.0,0.0,0.0,0.0,0.0,0.0,0.0,0.0,0.0,0.0,0.0,0.0,0.0,0.0,0.0,6.0,0.0,0.0,0.0,0.0,0.0,1.0,0.0,0.0,0.0,2.0,0.0,6.0,4.0,0.0,6.0,20.0,27.0,13.0,10.0
489,1.0,489.0,London_56,three,151,453,1092.0,70.0,2.0,183012.0,8.382662340067327,857.0,168.0,1.0,167.0,303.0,9.0,294.0,138.0,61.0,145.0,45.0,119.0,11.0,52.0,6.0,14.0,7.0,75.0,150.0,221.0,70.0,0.0,0.0,0.0,0.0,0.0,0.0,0.0,0.0,0.0,0.0,0.0,0.0,0.0,0.0,0.0,0.0,0.0,0.0,0.0,0.0,0.0,0.0,0.0,0.0,0.0,0.0,0.0,0.0,0.0,0.0,0.0,0.0,0.0,0.0,1.0,0.0,1.0,0.0,0.0,0.0,9.0,1.0,0.0,1.0,1.0,0.0,9.0,8.0,4.0,17.0,31.0,39.0,28.0,13.0,0.0,0.0,0.0,0.0,0.0,0.0,0.0,0.0,0.0,0.0,0.0,0.0,0.0,0.0,7.0,0.0,2.0,0.0,0.0,0.0,10.0,1.0,0.0,1.0,1.0,0.0,15.0,10.0,5.0,21.0,47.0,60.0,35.0,22.0
490,1.0,490.0,London_56,three,151,453,1092.0,70.0,2.0,140430.0,5.604216173756868,763.0,36.0,2.0,34.0,68.0,18.0,50.0,303.0,72.0,137.0,46.0,123.0,11.0,45.0,6.0,13.0,10.0,90.0,139.0,214.0,81.0,0.0,0.0,0.0,0.0,0.0,0.0,0.0,0.0,0.0,1.0,0.0,1.0,0.0,0.0,0.0,0.0,0.0,0.0,1.0,0.0,0.0,0.0,0.0,0.0,0.0,0.0,0.0,0.0,0.0,1.0,0.0,0.0,0.0,0.0,0.0,0.0,0.0,0.0,0.0,0.0,0.0,0.0,0.0,0.0,0.0,0.0,3.0,0.0,1.0,0.0,6.0,8.0,3.0,3.0,0.0,0.0,0.0,0.0,0.0,0.0,0.0,0.0,0.0,9.0,0.0,0.0,0.0,0.0,0.0,0.0,0.0,0.0,0.0,0.0,0.0,0.0,0.0,0.0,0.0,0.0,3.0,0.0,2.0,0.0,8.0,9.0,4.0,3.0
491,1.0,491.0,London_56,three,151,453,1092.0,70.0,2.0,171234.0,4.28252337500453,831.0,104.0,1.0,103.0,192.0,8.0,184.0,66.0,74.0,130.0,47.0,126.0,11.0,43.0,6.0,16.0,10.0,96.0,127.0,220.0,77.0,0.0,0.0,0.0,0.0,0.0,0.0,0.0,0.0,0.0,0.0,0.0,0.0,0.0,0.0,0.0,0.0,0.0,0.0,0.0,0.0,0.0,0.0,0.0,0.0,0.0,0.0,0.0,0.0,0.0,0.0,0.0,0.0,1.0,0.0,0.0,1.0,0.0,0.0,0.0,0.0,3.0,1.0,0.0,0.0,0.0,0.0,2.0,4.0,10.0,7.0,26.0,20.0,18.0,14.0,0.0,0.0,0.0,0.0,0.0,0.0,0.0,0.0,0.0,0.0,0.0,0.0,1.0,0.0,0.0,3.0,0.0,0.0,0.0,0.0,4.0,1.0,0.0,0.0,0.0,0.0,4.0,7.0,20.0,8.0,46.0,31.0,22.0,20.0
492,1.0,492.0,London_56,three,151,453,1092.0,70.0,2.0,161268.0,7.246854523662478,809.0,74.0,1.0,73.0,121.0,9.0,112.0,192.0,81.0,113.0,39.0,140.0,15.0,47.0,5.0,13.0,9.0,99.0,142.0,203.0,82.0,0.0,0.0,0.0,0.0,0.0,0.0,0.0,0.0,0.0,0.0,0.0,0.0,0.0,0.0,0.0,0.0,0.0,0.0,0.0,0.0,0.0,0.0,0.0,0.0,0.0,0.0,0.0,0.0,0.0,0.0,0.0,0.0,0.0,0.0,1.0,0.0,0.0,0.0,0.0,0.0,1.0,1.0,0.0,1.0,2.0,0.0,2.0,5.0,0.0,7.0,16.0,16.0,16.0,6.0,0.0,0.0,0.0,0.0,0.0,0.0,0.0,0.0,0.0,0.0,0.0,0.0,0.0,0.0,7.0,0.0,0.0,0.0,0.0,0.0,1.0,2.0,0.0,2.0,2.0,0.0,2.0,7.0,0.0,7.0,22.0,20.0,23.0,8.0
493,1.0,493.0,London_56,three,151,453,1092.0,70.0,2.0,174858.0,6.884870907757431,839.0,83.0,0.0,83.0,151.0,0.0,151.0,121.0,80.0,122.0,41.0,134.0,21.0,44.0,4.0,7.0,8.0,89.0,143.0,213.0,80.0,0.0,0.0,0.0,0.0,0.0,0.0,0.0,0.0,0.0,0.0,0.0,0.0,0.0,0.0,0.0,0.0,0.0,0.0,0.0,0.0,0.0,0.0,0.0,0.0,0.0,0.0,0.0,0.0,0.0,0.0,0.0,0.0,0.0,0.0,0.0,0.0,0.0,0.0,0.0,0.0,1.0,3.0,0.0,0.0,0.0,0.0,4.0,4.0,1.0,8.0,24.0,19.0,13.0,2.0,0.0,0.0,0.0,0.0,0.0,0.0,0.0,0.0,0.0,0.0,0.0,0.0,0.0,0.0,0.0,0.0,0.0,0.0,0.0,0.0,2.0,4.0,0.0,0.0,0.0,0.0,5.0,6.0,1.0,9.0,34.0,29.0,16.0,2.0
494,1.0,494.0,London_56,three,151,453,1092.0,70.0,2.0,182559.0,7.350124528165907,856.0,142.0,2.0,140.0,273.0,18.0,255.0,151.0,66.0,124.0,49.0,132.0,19.0,46.0,5.0,12.0,10.0,93.0,134.0,216.0,82.0,0.0,0.0,0.0,0.0,0.0,0.0,0.0,0.0,0.0,0.0,0.0,0.0,0.0,0.0,0.0,0.0,0.0,0.0,0.0,0.0,0.0,0.0,0.0,0.0,0.0,0.0,0.0,0.0,0.0,0.0,0.0,0.0,0.0,1.0,1.0,1.0,0.0,0.0,0.0,0.0,0.0,8.0,0.0,0.0,2.0,1.0,7.0,5.0,6.0,12.0,22.0,32.0,27.0,13.0,0.0,0.0,0.0,0.0,0.0,0.0,0.0,0.0,0.0,0.0,0.0,0.0,0.0,8.0,7.0,6.0,0.0,0.0,0.0,0.0,0.0,9.0,0.0,0.0,2.0,1.0,8.0,6.0,11.0,19.0,36.0,50.0,36.0,21.0
495,1.0,495.0,London_56,three,151,453,1092.0,70.0,2.0,157644.0,5.667041372973472,801.0,12.0,0.0,12.0,21.0,0.0,21.0,273.0,72.0,130.0,53.0,126.0,17.0,38.0,4.0,13.0,11.0,91.0,132.0,219.0,84.0,0.0,0.0,0.0,0.0,0.0,0.0,0.0,0.0,0.0,0.0,0.0,0.0,0.0,0.0,0.0,0.0,0.0,0.0,0.0,0.0,0.0,0.0,0.0,0.0,0.0,0.0,0.0,0.0,0.0,0.0,0.0,0.0,0.0,0.0,0.0,0.0,0.0,0.0,0.0,0.0,0.0,0.0,0.0,0.0,0.0,0.0,2.0,1.0,0.0,0.0,6.0,1.0,8.0,1.0,0.0,0.0,0.0,0.0,0.0,0.0,0.0,0.0,0.0,0.0,0.0,0.0,0.0,0.0,0.0,0.0,0.0,0.0,0.0,0.0,0.0,0.0,0.0,0.0,0.0,0.0,3.0,1.0,0.0,0.0,10.0,3.0,11.0,2.0
496,1.0,496.0,London_56,three,151,453,1092.0,70.0,2.0,201585.0,5.06257039681077,898.0,126.0,1.0,125.0,235.0,8.0,227.0,21.0,69.0,132.0,54.0,125.0,17.0,39.0,4.0,13.0,11.0,92.0,137.0,213.0,84.0,0.0,0.0,0.0,0.0,0.0,0.0,0.0,0.0,0.0,0.0,0.0,0.0,0.0,0.0,0.0,0.0,0.0,0.0,0.0,0.0,0.0,0.0,0.0,0.0,0.0,0.0,0.0,0.0,0.0,0.0,0.0,0.0,0.0,0.0,1.0,1.0,0.0,0.0,0.0,0.0,1.0,3.0,0.0,2.0,0.0,0.0,9.0,9.0,5.0,6.0,36.0,24.0,23.0,11.0,0.0,0.0,0.0,0.0,0.0,0.0,0.0,0.0,0.0,0.0,0.0,0.0,0.0,0.0,6.0,1.0,0.0,0.0,0.0,0.0,1.0,4.0,0.0,2.0,0.0,0.0,9.0,13.0,6.0,10.0,60.0,37.0,29.0,15.0
497,1.0,497.0,London_56,three,151,453,1092.0,70.0,2.0,182559.0,7.239146788138896,856.0,143.0,1.0,142.0,252.0,8.0,244.0,235.0,77.0,125.0,49.0,126.0,17.0,39.0,5.0,15.0,7.0,83.0,144.0,219.0,72.0,0.0,0.0,0.0,0.0,0.0,0.0,0.0,0.0,0.0,0.0,0.0,0.0,0.0,0.0,0.0,0.0,0.0,0.0,0.0,0.0,0.0,0.0,0.0,0.0,0.0,0.0,0.0,0.0,0.0,0.0,0.0,0.0,1.0,0.0,0.0,0.0,1.0,0.0,0.0,0.0,7.0,13.0,0.0,4.0,1.0,0.0,14.0,7.0,5.0,10.0,28.0,28.0,23.0,13.0,0.0,0.0,0.0,0.0,0.0,0.0,0.0,0.0,0.0,0.0,0.0,0.0,4.0,0.0,0.0,0.0,8.0,0.0,0.0,0.0,9.0,19.0,0.0,6.0,1.0,0.0,20.0,9.0,6.0,13.0,42.0,42.0,29.0,18.0
498,1.0,498.0,London_56,three,151,453,1092.0,70.0,2.0,148584.0,4.4569562040269375,781.0,70.0,0.0,70.0,119.0,0.0,119.0,252.0,64.0,140.0,42.0,119.0,15.0,50.0,6.0,17.0,5.0,86.0,163.0,199.0,63.0,0.0,0.0,0.0,0.0,0.0,0.0,0.0,0.0,0.0,0.0,0.0,0.0,0.0,0.0,0.0,0.0,0.0,0.0,0.0,0.0,0.0,0.0,0.0,0.0,0.0,0.0,0.0,0.0,0.0,0.0,0.0,0.0,0.0,0.0,0.0,0.0,0.0,0.0,0.0,0.0,1.0,0.0,0.0,2.0,0.0,0.0,4.0,2.0,4.0,4.0,9.0,21.0,13.0,8.0,0.0,0.0,0.0,0.0,0.0,0.0,0.0,0.0,0.0,0.0,0.0,0.0,0.0,0.0,0.0,0.0,0.0,0.0,0.0,0.0,1.0,0.0,0.0,3.0,0.0,0.0,4.0,4.0,5.0,5.0,16.0,29.0,16.0,12.0
499,1.0,499.0,London_56,three,151,453,1092.0,70.0,2.0,150396.0,7.595918332226574,785.0,147.0,2.0,145.0,276.0,18.0,258.0,119.0,64.0,130.0,46.0,132.0,17.0,45.0,5.0,14.0,6.0,84.0,150.0,213.0,67.0,0.0,0.0,0.0,0.0,0.0,0.0,0.0,0.0,0.0,0.0,0.0,0.0,0.0,0.0,0.0,0.0,0.0,0.0,0.0,0.0,0.0,0.0,0.0,0.0,0.0,0.0,0.0,0.0,0.0,0.0,0.0,0.0,0.0,1.0,1.0,0.0,0.0,0.0,0.0,0.0,8.0,21.0,0.0,7.0,2.0,0.0,6.0,7.0,11.0,10.0,33.0,29.0,17.0,5.0,0.0,0.0,0.0,0.0,0.0,0.0,0.0,0.0,0.0,0.0,0.0,0.0,0.0,9.0,7.0,0.0,0.0,0.0,0.0,0.0,10.0,35.0,0.0,11.0,2.0,0.0,9.0,8.0,14.0,12.0,47.0,51.0,21.0,6.0
500,1.0,500.0,London_56,three,151,453,1092.0,70.0,2.0,106002.0,3.260170463938266,687.0,8.0,2.0,6.0,27.0,16.0,11.0,276.0,78.0,130.0,39.0,119.0,18.0,50.0,3.0,16.0,7.0,79.0,134.0,233.0,82.0,0.0,0.0,0.0,0.0,0.0,0.0,0.0,0.0,0.0,0.0,0.0,0.0,0.0,0.0,0.0,0.0,0.0,0.0,0.0,0.0,0.0,0.0,0.0,0.0,0.0,0.0,0.0,0.0,0.0,0.0,0.0,0.0,0.0,1.0,1.0,2.0,0.0,0.0,0.0,0.0,0.0,0.0,0.0,0.0,0.0,0.0,2.0,0.0,1.0,1.0,0.0,0.0,0.0,0.0,0.0,0.0,0.0,0.0,0.0,0.0,0.0,0.0,0.0,0.0,0.0,0.0,0.0,8.0,5.0,9.0,0.0,0.0,0.0,0.0,0.0,0.0,0.0,0.0,0.0,0.0,2.0,0.0,1.0,1.0,0.0,0.0,0.0,0.0
501,1.0,501.0,London_56,three,151,453,1092.0,70.0,2.0,135447.0,6.664044736884534,752.0,131.0,2.0,129.0,230.0,20.0,210.0,27.0,70.0,125.0,41.0,129.0,19.0,50.0,3.0,16.0,7.0,82.0,125.0,239.0,77.0,0.0,0.0,0.0,0.0,0.0,0.0,0.0,0.0,0.0,0.0,0.0,0.0,0.0,0.0,0.0,0.0,0.0,0.0,0.0,0.0,0.0,0.0,0.0,0.0,0.0,0.0,0.0,0.0,0.0,1.0,0.0,0.0,1.0,0.0,0.0,2.0,0.0,0.0,0.0,0.0,3.0,7.0,0.0,4.0,1.0,0.0,14.0,7.0,4.0,10.0,26.0,33.0,19.0,9.0,0.0,0.0,0.0,0.0,0.0,0.0,0.0,0.0,0.0,4.0,0.0,0.0,3.0,0.0,0.0,7.0,0.0,0.0,0.0,0.0,3.0,7.0,0.0,5.0,1.0,0.0,18.0,10.0,5.0,13.0,41.0,51.0,25.0,15.0
502,1.0,502.0,London_56,three,151,453,1092.0,70.0,2.0,107361.0,5.083069369196892,690.0,23.0,0.0,23.0,42.0,0.0,42.0,230.0,59.0,143.0,42.0,120.0,21.0,44.0,5.0,19.0,11.0,78.0,127.0,237.0,76.0,0.0,0.0,0.0,0.0,0.0,0.0,0.0,0.0,0.0,0.0,0.0,0.0,0.0,0.0,0.0,0.0,0.0,0.0,0.0,0.0,0.0,0.0,0.0,0.0,0.0,0.0,0.0,0.0,0.0,0.0,0.0,0.0,0.0,0.0,0.0,0.0,0.0,0.0,0.0,0.0,1.0,1.0,0.0,1.0,1.0,0.0,3.0,1.0,3.0,0.0,8.0,6.0,6.0,1.0,0.0,0.0,0.0,0.0,0.0,0.0,0.0,0.0,0.0,0.0,0.0,0.0,0.0,0.0,0.0,0.0,0.0,0.0,0.0,0.0,1.0,3.0,0.0,2.0,1.0,0.0,4.0,1.0,4.0,0.0,9.0,7.0,8.0,1.0
503,1.0,503.0,London_56,three,151,453,1092.0,70.0,2.0,136353.0,7.126449909992516,754.0,68.0,0.0,68.0,115.0,0.0,115.0,42.0,59.0,154.0,42.0,117.0,20.0,42.0,4.0,15.0,13.0,75.0,116.0,249.0,75.0,0.0,0.0,0.0,0.0,0.0,0.0,0.0,0.0,0.0,0.0,0.0,0.0,0.0,0.0,0.0,0.0,0.0,0.0,0.0,0.0,0.0,0.0,0.0,0.0,0.0,0.0,0.0,0.0,0.0,0.0,0.0,0.0,0.0,0.0,0.0,0.0,0.0,0.0,0.0,0.0,1.0,3.0,0.0,0.0,0.0,1.0,8.0,4.0,6.0,5.0,10.0,16.0,11.0,7.0,0.0,0.0,0.0,0.0,0.0,0.0,0.0,0.0,0.0,0.0,0.0,0.0,0.0,0.0,0.0,0.0,0.0,0.0,0.0,0.0,2.0,4.0,0.0,0.0,0.0,1.0,11.0,6.0,6.0,6.0,12.0,20.0,12.0,12.0
504,1.0,504.0,London_56,three,151,453,1092.0,70.0,2.0,142242.0,7.381949962116778,767.0,71.0,2.0,69.0,136.0,19.0,117.0,115.0,62.0,142.0,42.0,123.0,24.0,41.0,5.0,14.0,16.0,75.0,136.0,226.0,74.0,0.0,0.0,0.0,0.0,0.0,0.0,0.0,0.0,0.0,0.0,0.0,0.0,0.0,0.0,0.0,0.0,0.0,0.0,0.0,0.0,0.0,0.0,0.0,0.0,0.0,0.0,0.0,0.0,0.0,0.0,0.0,0.0,0.0,1.0,0.0,1.0,0.0,0.0,0.0,0.0,1.0,5.0,0.0,0.0,1.0,0.0,11.0,1.0,6.0,3.0,9.0,19.0,17.0,6.0,0.0,0.0,0.0,0.0,0.0,0.0,0.0,0.0,0.0,0.0,0.0,0.0,0.0,6.0,0.0,5.0,0.0,0.0,0.0,0.0,1.0,5.0,0.0,0.0,2.0,0.0,16.0,2.0,8.0,5.0,13.0,29.0,20.0,10.0
505,1.0,505.0,London_56,three,151,453,1092.0,70.0,2.0,144054.0,7.520455118268728,771.0,50.0,0.0,50.0,90.0,0.0,90.0,136.0,63.0,132.0,37.0,139.0,22.0,46.0,4.0,10.0,13.0,73.0,144.0,223.0,62.0,0.0,0.0,0.0,0.0,0.0,0.0,0.0,0.0,0.0,0.0,0.0,0.0,0.0,0.0,0.0,0.0,0.0,0.0,0.0,0.0,0.0,0.0,0.0,0.0,0.0,0.0,0.0,0.0,0.0,0.0,0.0,0.0,0.0,0.0,0.0,0.0,0.0,0.0,0.0,0.0,0.0,1.0,0.0,0.0,0.0,0.0,4.0,5.0,1.0,4.0,6.0,14.0,7.0,5.0,0.0,0.0,0.0,0.0,0.0,0.0,0.0,0.0,0.0,0.0,0.0,0.0,0.0,0.0,0.0,0.0,0.0,0.0,0.0,0.0,0.0,1.0,0.0,0.0,0.0,0.0,9.0,6.0,2.0,7.0,7.0,21.0,8.0,8.0
506,1.0,506.0,London_56,three,151,453,1092.0,70.0,2.0,169422.0,7.4880370660685,827.0,31.0,1.0,30.0,66.0,11.0,55.0,90.0,59.0,144.0,36.0,129.0,20.0,48.0,5.0,12.0,11.0,76.0,147.0,219.0,63.0,0.0,0.0,0.0,0.0,0.0,0.0,0.0,0.0,0.0,0.0,0.0,0.0,0.0,0.0,0.0,0.0,0.0,0.0,0.0,0.0,0.0,0.0,0.0,0.0,0.0,0.0,0.0,0.0,0.0,0.0,0.0,0.0,1.0,1.0,0.0,1.0,0.0,0.0,0.0,0.0,0.0,3.0,0.0,0.0,0.0,0.0,3.0,4.0,0.0,0.0,1.0,8.0,8.0,1.0,0.0,0.0,0.0,0.0,0.0,0.0,0.0,0.0,0.0,0.0,0.0,0.0,5.0,6.0,0.0,3.0,0.0,0.0,0.0,0.0,0.0,4.0,0.0,0.0,0.0,0.0,4.0,4.0,0.0,0.0,1.0,11.0,9.0,2.0
507,1.0,507.0,London_56,three,151,453,1092.0,70.0,2.0,200679.0,8.344413629733026,896.0,170.0,0.0,170.0,298.0,0.0,298.0,66.0,58.0,137.0,39.0,139.0,20.0,43.0,5.0,12.0,10.0,72.0,144.0,227.0,61.0,0.0,0.0,0.0,0.0,0.0,0.0,0.0,0.0,0.0,0.0,0.0,0.0,0.0,0.0,0.0,0.0,0.0,0.0,0.0,0.0,0.0,0.0,0.0,0.0,0.0,0.0,0.0,0.0,0.0,0.0,0.0,0.0,0.0,0.0,0.0,0.0,0.0,0.0,0.0,0.0,4.0,25.0,0.0,2.0,0.0,1.0,13.0,11.0,9.0,15.0,40.0,32.0,25.0,14.0,0.0,0.0,0.0,0.0,0.0,0.0,0.0,0.0,0.0,0.0,0.0,0.0,0.0,0.0,0.0,0.0,0.0,0.0,0.0,0.0,4.0,44.0,0.0,3.0,0.0,1.0,17.0,14.0,11.0,20.0,66.0,51.0,31.0,22.0
508,1.0,508.0,London_56,three,151,453,1092.0,70.0,2.0,156285.0,6.715161189902574,798.0,93.0,0.0,93.0,150.0,0.0,150.0,298.0,55.0,140.0,39.0,129.0,24.0,43.0,8.0,15.0,13.0,62.0,160.0,218.0,64.0,0.0,0.0,0.0,0.0,0.0,0.0,0.0,0.0,0.0,0.0,0.0,0.0,0.0,0.0,0.0,0.0,0.0,0.0,0.0,0.0,0.0,0.0,0.0,0.0,0.0,0.0,0.0,0.0,0.0,0.0,0.0,0.0,0.0,0.0,0.0,0.0,0.0,0.0,0.0,0.0,0.0,3.0,0.0,0.0,0.0,0.0,2.0,2.0,3.0,4.0,19.0,14.0,19.0,9.0,0.0,0.0,0.0,0.0,0.0,0.0,0.0,0.0,0.0,0.0,0.0,0.0,0.0,0.0,0.0,0.0,0.0,0.0,0.0,0.0,0.0,3.0,0.0,0.0,0.0,0.0,2.0,2.0,4.0,4.0,23.0,20.0,23.0,10.0
509,1.0,509.0,London_56,three,151,453,1092.0,70.0,2.0,152208.0,6.676638383883983,789.0,91.0,2.0,89.0,161.0,18.0,143.0,150.0,60.0,135.0,32.0,132.0,26.0,51.0,5.0,12.0,11.0,61.0,151.0,230.0,65.0,0.0,0.0,0.0,0.0,0.0,0.0,0.0,0.0,0.0,0.0,0.0,0.0,0.0,0.0,0.0,0.0,0.0,0.0,0.0,0.0,0.0,0.0,0.0,0.0,0.0,0.0,0.0,0.0,0.0,0.0,0.0,0.0,0.0,0.0,1.0,0.0,0.0,0.0,0.0,0.0,3.0,0.0,0.0,2.0,3.0,0.0,12.0,10.0,3.0,10.0,21.0,22.0,13.0,4.0,0.0,0.0,0.0,0.0,0.0,0.0,0.0,0.0,0.0,0.0,0.0,0.0,0.0,0.0,8.0,0.0,0.0,0.0,0.0,0.0,3.0,0.0,0.0,3.0,3.0,0.0,14.0,16.0,4.0,13.0,28.0,27.0,16.0,5.0
510,1.0,510.0,London_56,three,151,453,1092.0,70.0,2.0,151302.0,6.709555053617805,787.0,91.0,1.0,90.0,157.0,10.0,147.0,161.0,73.0,120.0,39.0,153.0,22.0,34.0,5.0,7.0,12.0,78.0,142.0,221.0,70.0,0.0,0.0,0.0,0.0,0.0,0.0,0.0,0.0,0.0,0.0,0.0,0.0,0.0,0.0,0.0,0.0,0.0,0.0,0.0,0.0,0.0,0.0,0.0,0.0,0.0,0.0,0.0,0.0,0.0,0.0,0.0,0.0,0.0,0.0,0.0,0.0,1.0,0.0,0.0,0.0,3.0,2.0,0.0,1.0,0.0,0.0,6.0,4.0,1.0,9.0,14.0,22.0,24.0,8.0,0.0,0.0,0.0,0.0,0.0,0.0,0.0,0.0,0.0,0.0,0.0,0.0,0.0,0.0,0.0,0.0,8.0,0.0,0.0,0.0,3.0,4.0,0.0,1.0,0.0,0.0,6.0,4.0,1.0,12.0,17.0,32.0,30.0,11.0
511,1.0,511.0,London_56,three,151,453,1092.0,70.0,2.0,150849.0,3.2132652550935745,786.0,17.0,0.0,17.0,28.0,0.0,28.0,157.0,80.0,116.0,37.0,141.0,23.0,41.0,6.0,9.0,8.0,76.0,149.0,220.0,86.0,0.0,0.0,0.0,0.0,0.0,0.0,0.0,0.0,0.0,0.0,0.0,0.0,0.0,0.0,0.0,0.0,0.0,0.0,0.0,0.0,0.0,0.0,0.0,0.0,0.0,0.0,0.0,0.0,0.0,0.0,0.0,0.0,0.0,0.0,0.0,0.0,0.0,0.0,0.0,0.0,0.0,0.0,0.0,0.0,0.0,0.0,2.0,2.0,0.0,2.0,3.0,6.0,7.0,1.0,0.0,0.0,0.0,0.0,0.0,0.0,0.0,0.0,0.0,0.0,0.0,0.0,0.0,0.0,0.0,0.0,0.0,0.0,0.0,0.0,0.0,0.0,0.0,0.0,0.0,0.0,2.0,3.0,0.0,3.0,5.0,6.0,8.0,3.0
512,1.0,512.0,London_56,three,151,453,1092.0,70.0,2.0,189354.0,8.299127297941595,871.0,155.0,0.0,155.0,256.0,0.0,256.0,28.0,85.0,110.0,41.0,142.0,22.0,38.0,6.0,9.0,8.0,76.0,152.0,217.0,84.0,0.0,0.0,0.0,0.0,0.0,0.0,0.0,0.0,0.0,0.0,0.0,0.0,0.0,0.0,0.0,0.0,0.0,0.0,0.0,0.0,0.0,0.0,0.0,0.0,0.0,0.0,0.0,0.0,0.0,0.0,0.0,0.0,0.0,0.0,0.0,0.0,0.0,0.0,0.0,0.0,0.0,14.0,0.0,2.0,0.0,0.0,4.0,7.0,5.0,9.0,30.0,37.0,17.0,7.0,0.0,0.0,0.0,0.0,0.0,0.0,0.0,0.0,0.0,0.0,0.0,0.0,0.0,0.0,0.0,0.0,0.0,0.0,0.0,0.0,0.0,24.0,0.0,3.0,0.0,0.0,5.0,11.0,5.0,11.0,38.0,57.0,20.0,13.0
513,1.0,513.0,London_56,three,151,453,1092.0,70.0,2.0,163080.0,6.696982063818723,813.0,110.0,2.0,108.0,204.0,16.0,188.0,256.0,79.0,107.0,48.0,140.0,20.0,40.0,5.0,14.0,9.0,83.0,143.0,218.0,81.0,0.0,0.0,0.0,0.0,0.0,0.0,0.0,0.0,0.0,0.0,0.0,0.0,0.0,0.0,0.0,0.0,0.0,0.0,0.0,0.0,0.0,0.0,0.0,0.0,0.0,0.0,0.0,0.0,0.0,0.0,1.0,0.0,0.0,0.0,0.0,1.0,0.0,0.0,0.0,0.0,0.0,10.0,0.0,0.0,0.0,0.0,5.0,10.0,5.0,10.0,20.0,29.0,24.0,7.0,0.0,0.0,0.0,0.0,0.0,0.0,0.0,0.0,0.0,0.0,3.0,0.0,0.0,0.0,0.0,1.0,0.0,0.0,0.0,0.0,0.0,15.0,0.0,0.0,0.0,0.0,6.0,13.0,8.0,11.0,30.0,41.0,31.0,8.0
514,1.0,514.0,London_56,three,151,453,1092.0,70.0,2.0,156285.0,6.501322503667325,798.0,61.0,2.0,59.0,122.0,18.0,104.0,204.0,66.0,129.0,42.0,123.0,24.0,47.0,3.0,19.0,6.0,85.0,144.0,218.0,83.0,0.0,0.0,0.0,0.0,0.0,0.0,0.0,0.0,0.0,0.0,0.0,0.0,0.0,0.0,0.0,0.0,0.0,0.0,0.0,0.0,0.0,0.0,0.0,0.0,0.0,0.0,0.0,0.0,0.0,1.0,0.0,0.0,0.0,0.0,0.0,1.0,1.0,0.0,0.0,0.0,2.0,0.0,0.0,1.0,1.0,0.0,6.0,5.0,2.0,8.0,12.0,13.0,11.0,12.0,0.0,0.0,0.0,0.0,0.0,0.0,0.0,0.0,0.0,4.0,0.0,0.0,0.0,0.0,0.0,2.0,7.0,0.0,0.0,0.0,2.0,0.0,0.0,1.0,1.0,0.0,7.0,5.0,2.0,11.0,16.0,22.0,18.0,18.0
515,1.0,515.0,London_56,three,151,453,1092.0,70.0,2.0,165345.0,4.298537089023739,818.0,73.0,1.0,72.0,134.0,10.0,124.0,122.0,53.0,129.0,43.0,131.0,25.0,49.0,2.0,21.0,7.0,76.0,147.0,223.0,88.0,0.0,0.0,0.0,0.0,0.0,0.0,0.0,0.0,0.0,0.0,0.0,0.0,0.0,0.0,0.0,0.0,0.0,0.0,0.0,0.0,0.0,0.0,0.0,0.0,0.0,0.0,0.0,0.0,0.0,0.0,0.0,0.0,0.0,0.0,1.0,0.0,0.0,0.0,0.0,0.0,3.0,2.0,0.0,1.0,0.0,0.0,6.0,4.0,3.0,4.0,8.0,17.0,17.0,11.0,0.0,0.0,0.0,0.0,0.0,0.0,0.0,0.0,0.0,0.0,0.0,0.0,0.0,0.0,8.0,0.0,0.0,0.0,0.0,0.0,4.0,2.0,0.0,3.0,0.0,0.0,7.0,5.0,4.0,5.0,9.0,26.0,21.0,15.0
516,1.0,516.0,London_56,three,151,453,1092.0,70.0,2.0,166704.0,6.653280206024647,821.0,111.0,0.0,111.0,189.0,0.0,189.0,134.0,49.0,125.0,51.0,128.0,23.0,55.0,3.0,19.0,7.0,73.0,151.0,222.0,84.0,0.0,0.0,0.0,0.0,0.0,0.0,0.0,0.0,0.0,0.0,0.0,0.0,0.0,0.0,0.0,0.0,0.0,0.0,0.0,0.0,0.0,0.0,0.0,0.0,0.0,0.0,0.0,0.0,0.0,0.0,0.0,0.0,0.0,0.0,0.0,0.0,0.0,0.0,0.0,0.0,0.0,1.0,0.0,0.0,0.0,0.0,6.0,5.0,14.0,3.0,21.0,29.0,13.0,13.0,0.0,0.0,0.0,0.0,0.0,0.0,0.0,0.0,0.0,0.0,0.0,0.0,0.0,0.0,0.0,0.0,0.0,0.0,0.0,0.0,0.0,1.0,0.0,0.0,0.0,0.0,6.0,8.0,19.0,3.0,32.0,42.0,18.0,19.0
517,1.0,517.0,London_56,three,151,453,1092.0,70.0,2.0,149943.0,7.565857943147421,784.0,72.0,2.0,70.0,128.0,18.0,110.0,189.0,40.0,146.0,44.0,130.0,18.0,54.0,1.0,20.0,10.0,78.0,151.0,214.0,84.0,0.0,0.0,0.0,0.0,0.0,0.0,0.0,0.0,0.0,0.0,0.0,0.0,0.0,0.0,0.0,0.0,0.0,0.0,0.0,0.0,0.0,0.0,0.0,0.0,0.0,0.0,0.0,0.0,0.0,0.0,0.0,0.0,1.0,0.0,0.0,1.0,0.0,0.0,0.0,0.0,3.0,0.0,0.0,1.0,0.0,0.0,3.0,6.0,3.0,3.0,13.0,12.0,19.0,8.0,0.0,0.0,0.0,0.0,0.0,0.0,0.0,0.0,0.0,0.0,0.0,0.0,6.0,0.0,0.0,1.0,0.0,0.0,0.0,0.0,3.0,0.0,0.0,1.0,0.0,0.0,5.0,7.0,4.0,4.0,16.0,16.0,22.0,10.0
518,1.0,518.0,London_56,three,151,453,1092.0,70.0,2.0,155379.0,8.175091205630451,796.0,141.0,2.0,139.0,263.0,19.0,244.0,128.0,57.0,145.0,42.0,127.0,20.0,46.0,1.0,15.0,6.0,69.0,156.0,222.0,71.0,0.0,0.0,0.0,0.0,0.0,0.0,0.0,0.0,0.0,0.0,0.0,0.0,0.0,0.0,0.0,0.0,0.0,0.0,0.0,0.0,0.0,0.0,0.0,0.0,0.0,0.0,0.0,0.0,0.0,1.0,0.0,0.0,1.0,1.0,0.0,1.0,0.0,0.0,0.0,0.0,1.0,10.0,0.0,2.0,1.0,1.0,8.0,5.0,10.0,10.0,31.0,31.0,26.0,8.0,0.0,0.0,0.0,0.0,0.0,0.0,0.0,0.0,0.0,5.0,0.0,0.0,8.0,7.0,0.0,6.0,0.0,0.0,0.0,0.0,1.0,17.0,0.0,3.0,1.0,2.0,11.0,7.0,13.0,13.0,47.0,39.0,38.0,8.0
519,1.0,519.0,London_56,three,151,453,1092.0,70.0,2.0,126387.0,4.0587362293154,732.0,128.0,2.0,126.0,250.0,20.0,230.0,263.0,62.0,137.0,38.0,140.0,18.0,38.0,2.0,18.0,9.0,81.0,136.0,227.0,75.0,0.0,0.0,0.0,0.0,0.0,0.0,0.0,0.0,0.0,0.0,0.0,0.0,0.0,0.0,0.0,0.0,0.0,0.0,0.0,0.0,0.0,0.0,0.0,0.0,0.0,0.0,0.0,0.0,0.0,0.0,0.0,0.0,0.0,0.0,2.0,2.0,0.0,0.0,0.0,0.0,1.0,1.0,0.0,0.0,0.0,3.0,14.0,2.0,8.0,9.0,28.0,36.0,29.0,12.0,0.0,0.0,0.0,0.0,0.0,0.0,0.0,0.0,0.0,0.0,0.0,0.0,0.0,0.0,19.0,8.0,0.0,0.0,0.0,0.0,1.0,1.0,0.0,0.0,0.0,8.0,20.0,4.0,11.0,11.0,38.0,56.0,38.0,20.0
520,1.0,520.0,London_56,three,151,453,1092.0,70.0,2.0,93318.0,1.1940393699333072,659.0,7.0,0.0,7.0,11.0,0.0,11.0,250.0,58.0,156.0,29.0,145.0,19.0,38.0,0.0,8.0,11.0,80.0,133.0,229.0,86.0,0.0,0.0,0.0,0.0,0.0,0.0,0.0,0.0,0.0,0.0,0.0,0.0,0.0,0.0,0.0,0.0,0.0,0.0,0.0,0.0,0.0,0.0,0.0,0.0,0.0,0.0,0.0,0.0,0.0,0.0,0.0,0.0,0.0,0.0,0.0,0.0,0.0,0.0,0.0,0.0,0.0,0.0,0.0,0.0,0.0,0.0,0.0,1.0,0.0,1.0,0.0,2.0,2.0,2.0,0.0,0.0,0.0,0.0,0.0,0.0,0.0,0.0,0.0,0.0,0.0,0.0,0.0,0.0,0.0,0.0,0.0,0.0,0.0,0.0,0.0,0.0,0.0,0.0,0.0,0.0,0.0,1.0,0.0,2.0,0.0,2.0,4.0,3.0
521,1.0,521.0,London_56,three,151,453,1092.0,70.0,2.0,120951.0,2.9704904472455382,720.0,90.0,2.0,88.0,185.0,17.0,168.0,11.0,61.0,152.0,29.0,146.0,19.0,38.0,0.0,8.0,11.0,78.0,135.0,229.0,90.0,0.0,0.0,0.0,0.0,0.0,0.0,0.0,0.0,0.0,0.0,0.0,0.0,0.0,0.0,0.0,0.0,0.0,0.0,0.0,0.0,0.0,0.0,0.0,0.0,0.0,0.0,0.0,0.0,0.0,0.0,0.0,0.0,0.0,0.0,0.0,2.0,0.0,0.0,0.0,0.0,2.0,1.0,0.0,0.0,0.0,0.0,4.0,7.0,2.0,6.0,20.0,22.0,19.0,12.0,0.0,0.0,0.0,0.0,0.0,0.0,0.0,0.0,0.0,0.0,0.0,0.0,0.0,0.0,0.0,7.0,0.0,0.0,0.0,0.0,2.0,1.0,0.0,0.0,0.0,0.0,5.0,8.0,2.0,8.0,31.0,32.0,28.0,21.0
522,1.0,522.0,London_56,three,151,453,1092.0,70.0,2.0,115515.0,6.6483713230118155,708.0,3.0,0.0,3.0,6.0,0.0,6.0,185.0,58.0,144.0,29.0,151.0,22.0,37.0,1.0,11.0,12.0,81.0,132.0,228.0,95.0,0.0,0.0,0.0,0.0,0.0,0.0,0.0,0.0,0.0,0.0,0.0,0.0,0.0,0.0,0.0,0.0,0.0,0.0,0.0,0.0,0.0,0.0,0.0,0.0,0.0,0.0,0.0,0.0,0.0,0.0,0.0,0.0,0.0,0.0,0.0,0.0,0.0,0.0,0.0,0.0,0.0,0.0,0.0,0.0,0.0,0.0,2.0,0.0,0.0,1.0,0.0,1.0,0.0,0.0,0.0,0.0,0.0,0.0,0.0,0.0,0.0,0.0,0.0,0.0,0.0,0.0,0.0,0.0,0.0,0.0,0.0,0.0,0.0,0.0,0.0,0.0,0.0,0.0,0.0,0.0,2.0,0.0,0.0,1.0,0.0,2.0,0.0,0.0
523,1.0,523.0,London_56,three,151,453,1092.0,70.0,2.0,154926.0,5.828948555048555,795.0,93.0,0.0,93.0,171.0,0.0,171.0,6.0,59.0,148.0,29.0,146.0,22.0,37.0,1.0,11.0,12.0,81.0,132.0,228.0,97.0,0.0,0.0,0.0,0.0,0.0,0.0,0.0,0.0,0.0,0.0,0.0,0.0,0.0,0.0,0.0,0.0,0.0,0.0,0.0,0.0,0.0,0.0,0.0,0.0,0.0,0.0,0.0,0.0,0.0,0.0,0.0,0.0,0.0,0.0,0.0,0.0,0.0,0.0,0.0,0.0,3.0,2.0,0.0,1.0,0.0,0.0,15.0,4.0,4.0,10.0,14.0,30.0,20.0,10.0,0.0,0.0,0.0,0.0,0.0,0.0,0.0,0.0,0.0,0.0,0.0,0.0,0.0,0.0,0.0,0.0,0.0,0.0,0.0,0.0,3.0,4.0,0.0,1.0,0.0,0.0,22.0,5.0,4.0,15.0,20.0,46.0,30.0,19.0
524,1.0,524.0,London_56,three,151,453,1092.0,70.0,2.0,147225.0,1.7801857781596482,778.0,100.0,1.0,99.0,179.0,9.0,170.0,171.0,52.0,143.0,40.0,135.0,24.0,42.0,4.0,13.0,15.0,84.0,149.0,205.0,99.0,0.0,0.0,0.0,0.0,0.0,0.0,0.0,0.0,0.0,0.0,0.0,0.0,0.0,0.0,0.0,0.0,0.0,0.0,0.0,0.0,0.0,0.0,0.0,0.0,0.0,0.0,0.0,0.0,0.0,0.0,0.0,0.0,0.0,0.0,0.0,0.0,0.0,0.0,0.0,0.0,1.0,4.0,0.0,1.0,1.0,2.0,10.0,6.0,4.0,8.0,21.0,19.0,14.0,3.0,0.0,0.0,0.0,0.0,0.0,0.0,0.0,0.0,0.0,0.0,0.0,0.0,0.0,0.0,0.0,0.0,0.0,0.0,0.0,0.0,1.0,8.0,0.0,1.0,2.0,2.0,12.0,8.0,4.0,13.0,27.0,30.0,19.0,3.0
525,1.0,525.0,London_56,three,151,453,1092.0,70.0,2.0,143148.0,4.067665298003703,769.0,45.0,0.0,45.0,79.0,0.0,79.0,179.0,66.0,134.0,44.0,126.0,22.0,42.0,3.0,16.0,12.0,95.0,142.0,204.0,76.0,0.0,0.0,0.0,0.0,0.0,0.0,0.0,0.0,0.0,0.0,0.0,0.0,0.0,0.0,0.0,0.0,0.0,0.0,0.0,0.0,0.0,0.0,0.0,0.0,0.0,0.0,0.0,0.0,0.0,0.0,0.0,0.0,0.0,0.0,0.0,0.0,0.0,0.0,0.0,0.0,1.0,0.0,1.0,2.0,0.0,0.0,4.0,2.0,1.0,4.0,14.0,14.0,12.0,3.0,0.0,0.0,0.0,0.0,0.0,0.0,0.0,0.0,0.0,0.0,0.0,0.0,0.0,0.0,0.0,0.0,0.0,0.0,0.0,0.0,1.0,0.0,1.0,3.0,0.0,0.0,7.0,2.0,1.0,6.0,22.0,24.0,15.0,5.0
526,1.0,526.0,London_56,three,151,453,1092.0,70.0,2.0,164439.0,4.407741928007454,816.0,95.0,0.0,95.0,153.0,0.0,153.0,79.0,59.0,139.0,43.0,127.0,24.0,37.0,4.0,20.0,12.0,82.0,144.0,215.0,80.0,0.0,0.0,0.0,0.0,0.0,0.0,0.0,0.0,0.0,0.0,0.0,0.0,0.0,0.0,0.0,0.0,0.0,0.0,0.0,0.0,0.0,0.0,0.0,0.0,0.0,0.0,0.0,0.0,0.0,0.0,0.0,0.0,0.0,0.0,0.0,0.0,0.0,0.0,0.0,0.0,1.0,2.0,0.0,3.0,0.0,0.0,6.0,5.0,1.0,2.0,25.0,13.0,17.0,10.0,0.0,0.0,0.0,0.0,0.0,0.0,0.0,0.0,0.0,0.0,0.0,0.0,0.0,0.0,0.0,0.0,0.0,0.0,0.0,0.0,1.0,2.0,0.0,5.0,0.0,0.0,7.0,6.0,1.0,3.0,36.0,21.0,19.0,16.0
527,1.0,527.0,London_56,three,151,453,1092.0,70.0,2.0,161268.0,7.986334937158972,809.0,28.0,0.0,28.0,53.0,0.0,53.0,153.0,74.0,129.0,41.0,126.0,21.0,38.0,4.0,20.0,14.0,86.0,148.0,205.0,79.0,0.0,0.0,0.0,0.0,0.0,0.0,0.0,0.0,0.0,0.0,0.0,0.0,0.0,0.0,0.0,0.0,0.0,0.0,0.0,0.0,0.0,0.0,0.0,0.0,0.0,0.0,0.0,0.0,0.0,0.0,0.0,0.0,0.0,0.0,0.0,0.0,0.0,0.0,0.0,0.0,0.0,0.0,0.0,0.0,0.0,0.0,1.0,1.0,0.0,2.0,10.0,5.0,10.0,1.0,0.0,0.0,0.0,0.0,0.0,0.0,0.0,0.0,0.0,0.0,0.0,0.0,0.0,0.0,0.0,0.0,0.0,0.0,0.0,0.0,0.0,0.0,0.0,0.0,0.0,0.0,2.0,1.0,0.0,4.0,18.0,10.0,14.0,1.0
528,1.0,528.0,London_56,three,151,453,1092.0,70.0,2.0,195243.0,10.792450421955436,884.0,118.0,2.0,116.0,214.0,17.0,197.0,53.0,68.0,130.0,38.0,132.0,22.0,42.0,4.0,17.0,15.0,89.0,146.0,203.0,84.0,0.0,0.0,0.0,0.0,0.0,0.0,0.0,0.0,0.0,0.0,0.0,0.0,0.0,0.0,0.0,0.0,0.0,0.0,0.0,0.0,0.0,0.0,0.0,0.0,0.0,0.0,0.0,0.0,0.0,1.0,0.0,0.0,1.0,0.0,0.0,1.0,0.0,0.0,0.0,0.0,0.0,5.0,0.0,2.0,0.0,0.0,8.0,5.0,1.0,3.0,26.0,24.0,26.0,9.0,0.0,0.0,0.0,0.0,0.0,0.0,0.0,0.0,0.0,1.0,0.0,0.0,3.0,0.0,0.0,3.0,0.0,0.0,0.0,0.0,0.0,5.0,0.0,2.0,0.0,0.0,8.0,6.0,1.0,4.0,41.0,36.0,31.0,13.0
529,1.0,529.0,London_56,three,151,453,1092.0,70.0,2.0,201585.0,5.111040708608925,898.0,113.0,2.0,111.0,201.0,20.0,181.0,214.0,61.0,143.0,36.0,120.0,17.0,51.0,5.0,20.0,8.0,93.0,125.0,227.0,78.0,0.0,0.0,0.0,0.0,0.0,0.0,0.0,0.0,0.0,0.0,0.0,0.0,0.0,0.0,0.0,0.0,0.0,0.0,0.0,0.0,0.0,0.0,0.0,0.0,0.0,0.0,0.0,0.0,0.0,0.0,0.0,0.0,2.0,1.0,0.0,1.0,0.0,0.0,0.0,0.0,1.0,1.0,0.0,1.0,0.0,0.0,13.0,7.0,6.0,7.0,21.0,19.0,27.0,11.0,0.0,0.0,0.0,0.0,0.0,0.0,0.0,0.0,0.0,0.0,0.0,0.0,15.0,5.0,0.0,4.0,0.0,0.0,0.0,0.0,1.0,2.0,0.0,1.0,0.0,0.0,18.0,9.0,7.0,10.0,30.0,26.0,34.0,14.0
530,1.0,530.0,London_56,three,151,453,1092.0,70.0,2.0,197508.0,5.690864370204508,889.0,65.0,2.0,63.0,127.0,18.0,109.0,201.0,55.0,135.0,35.0,125.0,14.0,59.0,9.0,21.0,7.0,88.0,110.0,248.0,85.0,0.0,0.0,0.0,0.0,0.0,0.0,0.0,0.0,0.0,0.0,0.0,0.0,0.0,0.0,0.0,0.0,0.0,0.0,0.0,0.0,0.0,0.0,0.0,0.0,0.0,0.0,0.0,0.0,0.0,0.0,0.0,0.0,0.0,0.0,1.0,0.0,0.0,0.0,0.0,0.0,1.0,0.0,0.0,0.0,0.0,1.0,7.0,1.0,0.0,6.0,14.0,15.0,13.0,10.0,0.0,0.0,0.0,0.0,0.0,0.0,0.0,0.0,0.0,0.0,0.0,0.0,0.0,0.0,7.0,0.0,0.0,0.0,0.0,0.0,1.0,0.0,0.0,0.0,0.0,2.0,8.0,2.0,0.0,8.0,17.0,21.0,20.0,15.0
531,1.0,531.0,London_56,three,151,453,1092.0,70.0,2.0,217893.0,5.67089729802683,934.0,135.0,1.0,134.0,236.0,9.0,227.0,127.0,65.0,135.0,39.0,119.0,11.0,55.0,10.0,19.0,8.0,91.0,106.0,248.0,82.0,0.0,0.0,0.0,0.0,0.0,0.0,0.0,0.0,0.0,0.0,0.0,0.0,0.0,0.0,0.0,0.0,0.0,0.0,0.0,0.0,0.0,0.0,0.0,0.0,0.0,0.0,0.0,0.0,0.0,0.0,0.0,0.0,0.0,0.0,1.0,0.0,1.0,0.0,0.0,0.0,0.0,1.0,0.0,0.0,0.0,0.0,18.0,9.0,8.0,9.0,26.0,39.0,23.0,17.0,0.0,0.0,0.0,0.0,0.0,0.0,0.0,0.0,0.0,0.0,0.0,0.0,0.0,0.0,7.0,0.0,3.0,0.0,0.0,0.0,0.0,2.0,0.0,0.0,0.0,0.0,21.0,12.0,12.0,12.0,38.0,56.0,27.0,23.0
532,1.0,532.0,London_56,three,151,453,1092.0,70.0,2.0,193884.0,5.398701580706984,881.0,108.0,2.0,106.0,205.0,18.0,187.0,236.0,58.0,137.0,37.0,128.0,10.0,56.0,11.0,16.0,6.0,81.0,119.0,247.0,83.0,0.0,0.0,0.0,0.0,0.0,0.0,0.0,0.0,0.0,1.0,0.0,1.0,0.0,0.0,0.0,0.0,0.0,0.0,1.0,0.0,0.0,0.0,0.0,0.0,0.0,0.0,0.0,0.0,0.0,1.0,0.0,0.0,0.0,0.0,0.0,0.0,0.0,0.0,0.0,0.0,1.0,0.0,0.0,1.0,1.0,0.0,9.0,8.0,3.0,10.0,21.0,30.0,17.0,9.0,0.0,0.0,0.0,0.0,0.0,0.0,0.0,0.0,0.0,9.0,0.0,0.0,0.0,0.0,0.0,0.0,0.0,0.0,0.0,0.0,1.0,0.0,0.0,3.0,1.0,0.0,18.0,11.0,3.0,14.0,36.0,48.0,21.0,13.0
533,1.0,533.0,London_56,three,151,453,1092.0,70.0,2.0,183918.0,4.593716302886605,859.0,102.0,1.0,101.0,173.0,8.0,165.0,202.0,57.0,144.0,35.0,130.0,10.0,52.0,10.0,15.0,7.0,84.0,114.0,248.0,79.0,0.0,0.0,0.0,0.0,0.0,0.0,0.0,0.0,0.0,0.0,0.0,0.0,0.0,0.0,0.0,0.0,0.0,0.0,0.0,0.0,0.0,0.0,0.0,0.0,0.0,0.0,0.0,0.0,0.0,0.0,0.0,0.0,1.0,0.0,0.0,1.0,0.0,0.0,0.0,0.0,5.0,2.0,0.0,1.0,0.0,0.0,12.0,6.0,8.0,4.0,26.0,18.0,14.0,7.0,0.0,0.0,0.0,0.0,0.0,0.0,0.0,0.0,0.0,0.0,0.0,0.0,4.0,0.0,0.0,1.0,0.0,0.0,0.0,0.0,5.0,2.0,0.0,2.0,0.0,0.0,15.0,7.0,13.0,6.0,36.0,23.0,19.0,12.0
534,1.0,534.0,London_56,three,151,453,1092.0,70.0,2.0,181653.0,7.282989765983075,854.0,137.0,1.0,136.0,236.0,9.0,227.0,173.0,57.0,140.0,29.0,127.0,14.0,66.0,11.0,9.0,7.0,92.0,123.0,231.0,76.0,0.0,0.0,0.0,0.0,0.0,0.0,0.0,0.0,0.0,0.0,0.0,0.0,0.0,0.0,0.0,0.0,0.0,0.0,0.0,0.0,0.0,0.0,0.0,0.0,0.0,0.0,0.0,0.0,0.0,0.0,0.0,0.0,0.0,0.0,1.0,0.0,0.0,0.0,0.0,0.0,1.0,1.0,0.0,0.0,0.0,0.0,14.0,3.0,16.0,7.0,20.0,39.0,16.0,16.0,0.0,0.0,0.0,0.0,0.0,0.0,0.0,0.0,0.0,0.0,0.0,0.0,0.0,0.0,7.0,0.0,0.0,0.0,0.0,0.0,2.0,1.0,0.0,0.0,0.0,0.0,17.0,3.0,21.0,9.0,29.0,54.0,18.0,24.0
535,1.0,535.0,London_56,three,151,453,1092.0,70.0,2.0,155832.0,3.9288178109563887,797.0,215.0,0.0,215.0,366.0,0.0,366.0,236.0,57.0,126.0,40.0,126.0,15.0,71.0,8.0,10.0,10.0,99.0,119.0,225.0,72.0,0.0,0.0,0.0,0.0,0.0,0.0,0.0,0.0,0.0,0.0,0.0,0.0,0.0,0.0,0.0,0.0,0.0,0.0,0.0,0.0,0.0,0.0,0.0,0.0,0.0,0.0,0.0,0.0,0.0,0.0,0.0,0.0,0.0,0.0,0.0,0.0,0.0,0.0,0.0,0.0,1.0,8.0,0.0,5.0,7.0,0.0,27.0,6.0,31.0,5.0,46.0,39.0,44.0,10.0,0.0,0.0,0.0,0.0,0.0,0.0,0.0,0.0,0.0,0.0,0.0,0.0,0.0,0.0,0.0,0.0,0.0,0.0,0.0,0.0,1.0,13.0,0.0,9.0,8.0,0.0,41.0,7.0,40.0,5.0,70.0,58.0,52.0,11.0
536,1.0,536.0,London_56,three,151,453,1092.0,70.0,2.0,92412.0,0.6694112541154027,657.0,13.0,2.0,11.0,35.0,18.0,17.0,366.0,64.0,140.0,24.0,115.0,17.0,70.0,6.0,17.0,5.0,75.0,174.0,199.0,65.0,0.0,0.0,0.0,0.0,0.0,0.0,0.0,0.0,0.0,0.0,0.0,0.0,0.0,0.0,0.0,0.0,0.0,0.0,0.0,0.0,0.0,0.0,0.0,0.0,0.0,0.0,0.0,0.0,0.0,0.0,0.0,0.0,0.0,1.0,1.0,1.0,0.0,0.0,0.0,0.0,1.0,0.0,0.0,0.0,0.0,0.0,0.0,0.0,0.0,3.0,1.0,3.0,3.0,1.0,0.0,0.0,0.0,0.0,0.0,0.0,0.0,0.0,0.0,0.0,0.0,0.0,0.0,8.0,9.0,6.0,0.0,0.0,0.0,0.0,1.0,0.0,0.0,0.0,0.0,0.0,0.0,0.0,0.0,4.0,1.0,4.0,4.0,2.0
537,1.0,537.0,London_56,three,151,453,1092.0,70.0,2.0,121857.0,2.9925306728109717,722.0,0.0,0.0,0.0,0.0,0.0,0.0,35.0,68.0,135.0,28.0,123.0,18.0,58.0,6.0,17.0,7.0,79.0,158.0,209.0,64.0,0.0,0.0,0.0,0.0,0.0,0.0,0.0,0.0,0.0,0.0,0.0,0.0,0.0,0.0,0.0,0.0,0.0,0.0,0.0,0.0,0.0,0.0,0.0,0.0,0.0,0.0,0.0,0.0,0.0,0.0,0.0,0.0,0.0,0.0,0.0,0.0,0.0,0.0,0.0,0.0,0.0,0.0,0.0,0.0,0.0,0.0,0.0,0.0,0.0,0.0,0.0,0.0,0.0,0.0,0.0,0.0,0.0,0.0,0.0,0.0,0.0,0.0,0.0,0.0,0.0,0.0,0.0,0.0,0.0,0.0,0.0,0.0,0.0,0.0,0.0,0.0,0.0,0.0,0.0,0.0,0.0,0.0,0.0,0.0,0.0,0.0,0.0,0.0
538,1.0,538.0,London_56,three,151,453,1092.0,70.0,2.0,151755.0,4.755033755209297,788.0,22.0,1.0,21.0,47.0,8.0,39.0,0.0,68.0,135.0,28.0,123.0,18.0,58.0,6.0,17.0,7.0,79.0,158.0,209.0,64.0,0.0,0.0,0.0,0.0,0.0,0.0,0.0,0.0,0.0,0.0,0.0,0.0,0.0,0.0,0.0,0.0,0.0,0.0,0.0,0.0,0.0,0.0,0.0,0.0,0.0,0.0,0.0,0.0,0.0,0.0,0.0,0.0,0.0,0.0,1.0,0.0,0.0,0.0,0.0,0.0,1.0,0.0,0.0,0.0,0.0,1.0,0.0,1.0,0.0,1.0,5.0,2.0,1.0,3.0,0.0,0.0,0.0,0.0,0.0,0.0,0.0,0.0,0.0,0.0,0.0,0.0,0.0,0.0,6.0,0.0,0.0,0.0,0.0,0.0,1.0,0.0,0.0,0.0,0.0,1.0,0.0,2.0,0.0,2.0,8.0,5.0,2.0,3.0
539,1.0,539.0,London_56,three,151,453,1092.0,70.0,2.0,184824.0,4.572271282784641,861.0,166.0,1.0,165.0,290.0,8.0,282.0,47.0,64.0,135.0,27.0,129.0,21.0,56.0,6.0,15.0,6.0,87.0,155.0,205.0,63.0,0.0,0.0,0.0,0.0,0.0,0.0,0.0,0.0,0.0,0.0,0.0,0.0,0.0,0.0,0.0,0.0,0.0,0.0,0.0,0.0,0.0,0.0,0.0,0.0,0.0,0.0,0.0,0.0,0.0,0.0,0.0,0.0,1.0,0.0,0.0,0.0,1.0,0.0,0.0,0.0,4.0,1.0,0.0,0.0,0.0,0.0,8.0,9.0,3.0,13.0,29.0,39.0,24.0,14.0,0.0,0.0,0.0,0.0,0.0,0.0,0.0,0.0,0.0,0.0,0.0,0.0,3.0,0.0,0.0,0.0,7.0,0.0,0.0,0.0,4.0,1.0,0.0,0.0,0.0,0.0,9.0,13.0,4.0,21.0,41.0,63.0,35.0,24.0
540,1.0,540.0,London_56,three,151,453,1092.0,70.0,2.0,141336.0,5.709624799434096,765.0,28.0,0.0,28.0,49.0,0.0,49.0,290.0,55.0,132.0,44.0,122.0,23.0,56.0,6.0,15.0,8.0,100.0,138.0,207.0,65.0,0.0,0.0,0.0,0.0,0.0,0.0,0.0,0.0,0.0,0.0,0.0,0.0,0.0,0.0,0.0,0.0,0.0,0.0,0.0,0.0,0.0,0.0,0.0,0.0,0.0,0.0,0.0,0.0,0.0,0.0,0.0,0.0,0.0,0.0,0.0,0.0,0.0,0.0,0.0,0.0,0.0,1.0,0.0,1.0,0.0,0.0,1.0,3.0,0.0,4.0,7.0,5.0,7.0,2.0,0.0,0.0,0.0,0.0,0.0,0.0,0.0,0.0,0.0,0.0,0.0,0.0,0.0,0.0,0.0,0.0,0.0,0.0,0.0,0.0,0.0,2.0,0.0,1.0,0.0,0.0,1.0,4.0,0.0,4.0,10.0,8.0,7.0,5.0
541,1.0,541.0,London_56,three,151,453,1092.0,70.0,2.0,166251.0,6.8180605177767575,820.0,112.0,2.0,110.0,193.0,18.0,175.0,49.0,59.0,132.0,41.0,121.0,24.0,55.0,4.0,17.0,8.0,98.0,143.0,204.0,64.0,0.0,0.0,0.0,0.0,0.0,0.0,0.0,0.0,0.0,0.0,0.0,0.0,0.0,0.0,0.0,0.0,0.0,0.0,0.0,0.0,0.0,0.0,0.0,0.0,0.0,0.0,0.0,0.0,0.0,0.0,0.0,0.0,0.0,1.0,1.0,0.0,0.0,0.0,0.0,0.0,3.0,0.0,0.0,1.0,0.0,1.0,8.0,2.0,4.0,8.0,17.0,25.0,23.0,10.0,0.0,0.0,0.0,0.0,0.0,0.0,0.0,0.0,0.0,0.0,0.0,0.0,0.0,9.0,6.0,0.0,0.0,0.0,0.0,0.0,3.0,0.0,0.0,1.0,0.0,1.0,9.0,2.0,5.0,12.0,22.0,39.0,32.0,18.0
542,1.0,542.0,London_56,three,151,453,1092.0,70.0,2.0,153114.0,6.161730807740241,791.0,163.0,2.0,161.0,309.0,16.0,293.0,193.0,66.0,121.0,33.0,133.0,21.0,57.0,3.0,19.0,12.0,104.0,130.0,207.0,82.0,0.0,0.0,0.0,0.0,0.0,0.0,0.0,0.0,0.0,0.0,0.0,0.0,0.0,0.0,0.0,0.0,0.0,0.0,0.0,0.0,0.0,0.0,0.0,0.0,0.0,0.0,0.0,0.0,0.0,0.0,0.0,0.0,1.0,1.0,1.0,2.0,0.0,0.0,0.0,0.0,1.0,7.0,1.0,3.0,0.0,1.0,18.0,3.0,4.0,9.0,30.0,40.0,26.0,17.0,0.0,0.0,0.0,0.0,0.0,0.0,0.0,0.0,0.0,0.0,0.0,0.0,1.0,5.0,6.0,10.0,0.0,0.0,0.0,0.0,2.0,9.0,1.0,4.0,0.0,2.0,30.0,4.0,5.0,10.0,43.0,56.0,31.0,20.0
543,1.0,543.0,London_56,three,151,453,1092.0,70.0,2.0,115515.0,4.584713729098439,708.0,31.0,2.0,29.0,78.0,20.0,58.0,309.0,62.0,139.0,39.0,125.0,17.0,60.0,2.0,9.0,9.0,81.0,164.0,199.0,72.0,0.0,0.0,0.0,0.0,0.0,0.0,0.0,0.0,0.0,0.0,0.0,0.0,0.0,0.0,0.0,0.0,0.0,0.0,0.0,0.0,0.0,0.0,0.0,0.0,0.0,0.0,0.0,0.0,0.0,2.0,0.0,1.0,1.0,0.0,0.0,2.0,0.0,0.0,0.0,0.0,1.0,1.0,0.0,0.0,0.0,0.0,1.0,2.0,0.0,3.0,3.0,7.0,7.0,2.0,0.0,0.0,0.0,0.0,0.0,0.0,0.0,0.0,0.0,4.0,0.0,8.0,6.0,0.0,0.0,8.0,0.0,0.0,0.0,0.0,1.0,2.0,0.0,0.0,0.0,0.0,2.0,4.0,0.0,4.0,6.0,14.0,10.0,2.0
544,1.0,544.0,London_56,three,151,453,1092.0,70.0,2.0,133182.0,6.10581478336826,747.0,62.0,0.0,62.0,99.0,0.0,99.0,78.0,71.0,145.0,30.0,123.0,13.0,56.0,2.0,13.0,8.0,82.0,162.0,201.0,64.0,0.0,0.0,0.0,0.0,0.0,0.0,0.0,0.0,0.0,0.0,0.0,0.0,0.0,0.0,0.0,0.0,0.0,0.0,0.0,0.0,0.0,0.0,0.0,0.0,0.0,0.0,0.0,0.0,0.0,0.0,0.0,0.0,0.0,0.0,0.0,0.0,0.0,0.0,0.0,0.0,3.0,2.0,0.0,0.0,1.0,0.0,1.0,3.0,2.0,1.0,17.0,11.0,11.0,6.0,0.0,0.0,0.0,0.0,0.0,0.0,0.0,0.0,0.0,0.0,0.0,0.0,0.0,0.0,0.0,0.0,0.0,0.0,0.0,0.0,3.0,4.0,0.0,0.0,1.0,0.0,2.0,3.0,3.0,2.0,28.0,15.0,15.0,7.0
545,1.0,545.0,London_56,three,151,453,1092.0,70.0,2.0,141336.0,5.061212467961013,765.0,27.0,0.0,27.0,44.0,0.0,44.0,99.0,71.0,143.0,32.0,122.0,15.0,56.0,2.0,12.0,11.0,80.0,164.0,198.0,69.0,0.0,0.0,0.0,0.0,0.0,0.0,0.0,0.0,0.0,0.0,0.0,0.0,0.0,0.0,0.0,0.0,0.0,0.0,0.0,0.0,0.0,0.0,0.0,0.0,0.0,0.0,0.0,0.0,0.0,0.0,0.0,0.0,0.0,0.0,0.0,0.0,0.0,0.0,0.0,0.0,0.0,0.0,0.0,0.0,0.0,0.0,2.0,1.0,1.0,2.0,4.0,7.0,3.0,4.0,0.0,0.0,0.0,0.0,0.0,0.0,0.0,0.0,0.0,0.0,0.0,0.0,0.0,0.0,0.0,0.0,0.0,0.0,0.0,0.0,0.0,0.0,0.0,0.0,0.0,0.0,3.0,1.0,2.0,2.0,8.0,12.0,5.0,5.0
546,1.0,546.0,London_56,three,151,453,1092.0,70.0,2.0,168969.0,5.681168374139816,826.0,51.0,2.0,49.0,107.0,19.0,88.0,44.0,68.0,134.0,31.0,130.0,14.0,60.0,2.0,14.0,12.0,78.0,163.0,200.0,75.0,0.0,0.0,0.0,0.0,0.0,0.0,0.0,0.0,0.0,0.0,0.0,0.0,0.0,0.0,0.0,0.0,0.0,0.0,0.0,0.0,0.0,0.0,0.0,0.0,0.0,0.0,0.0,0.0,0.0,0.0,0.0,0.0,1.0,1.0,0.0,1.0,0.0,0.0,0.0,0.0,0.0,2.0,0.0,1.0,0.0,1.0,0.0,3.0,2.0,2.0,6.0,14.0,7.0,5.0,0.0,0.0,0.0,0.0,0.0,0.0,0.0,0.0,0.0,0.0,0.0,0.0,1.0,8.0,0.0,4.0,0.0,0.0,0.0,0.0,0.0,3.0,0.0,1.0,0.0,2.0,0.0,6.0,4.0,2.0,11.0,22.0,10.0,6.0
547,1.0,547.0,London_56,three,151,453,1092.0,70.0,2.0,184371.0,7.167514888569713,860.0,132.0,0.0,132.0,233.0,0.0,233.0,107.0,60.0,122.0,35.0,135.0,18.0,66.0,3.0,14.0,8.0,73.0,161.0,211.0,65.0,0.0,0.0,0.0,0.0,0.0,0.0,0.0,0.0,0.0,0.0,0.0,0.0,0.0,0.0,0.0,0.0,0.0,0.0,0.0,0.0,0.0,0.0,0.0,0.0,0.0,0.0,0.0,0.0,0.0,0.0,0.0,0.0,0.0,0.0,0.0,0.0,0.0,0.0,0.0,0.0,1.0,6.0,0.0,3.0,3.0,0.0,4.0,9.0,3.0,17.0,21.0,27.0,19.0,10.0,0.0,0.0,0.0,0.0,0.0,0.0,0.0,0.0,0.0,0.0,0.0,0.0,0.0,0.0,0.0,0.0,0.0,0.0,0.0,0.0,2.0,9.0,0.0,5.0,3.0,0.0,4.0,11.0,6.0,21.0,36.0,37.0,26.0,13.0
548,1.0,548.0,London_56,three,151,453,1092.0,70.0,2.0,157644.0,6.155130614060909,801.0,107.0,1.0,106.0,200.0,11.0,189.0,233.0,69.0,114.0,40.0,134.0,21.0,57.0,4.0,14.0,7.0,70.0,139.0,237.0,63.0,0.0,0.0,0.0,0.0,0.0,0.0,0.0,0.0,0.0,0.0,0.0,0.0,0.0,0.0,0.0,0.0,0.0,0.0,0.0,0.0,0.0,0.0,0.0,0.0,0.0,0.0,0.0,0.0,0.0,0.0,0.0,0.0,1.0,1.0,0.0,1.0,0.0,0.0,0.0,0.0,2.0,2.0,0.0,3.0,1.0,0.0,8.0,11.0,6.0,6.0,18.0,19.0,20.0,9.0,0.0,0.0,0.0,0.0,0.0,0.0,0.0,0.0,0.0,0.0,0.0,0.0,6.0,9.0,0.0,3.0,0.0,0.0,0.0,0.0,2.0,3.0,0.0,6.0,1.0,0.0,9.0,17.0,8.0,8.0,34.0,27.0,25.0,11.0
549,1.0,549.0,London_56,three,151,453,1092.0,70.0,2.0,140883.0,6.306969678960741,764.0,112.0,0.0,112.0,205.0,0.0,205.0,200.0,75.0,123.0,40.0,123.0,16.0,55.0,3.0,18.0,7.0,70.0,144.0,232.0,76.0,0.0,0.0,0.0,0.0,0.0,0.0,0.0,0.0,0.0,0.0,0.0,0.0,0.0,0.0,0.0,0.0,0.0,0.0,0.0,0.0,0.0,0.0,0.0,0.0,0.0,0.0,0.0,0.0,0.0,0.0,0.0,0.0,0.0,0.0,0.0,0.0,0.0,0.0,0.0,0.0,2.0,5.0,0.0,3.0,0.0,0.0,9.0,2.0,3.0,4.0,20.0,20.0,17.0,14.0,0.0,0.0,0.0,0.0,0.0,0.0,0.0,0.0,0.0,0.0,0.0,0.0,0.0,0.0,0.0,0.0,0.0,0.0,0.0,0.0,4.0,7.0,0.0,4.0,0.0,0.0,10.0,5.0,4.0,5.0,34.0,28.0,27.0,24.0
550,1.0,550.0,London_56,three,151,453,1092.0,70.0,2.0,117327.0,3.8581047412008047,712.0,66.0,0.0,66.0,114.0,0.0,114.0,205.0,80.0,122.0,40.0,117.0,11.0,60.0,3.0,20.0,8.0,82.0,137.0,226.0,76.0,0.0,0.0,0.0,0.0,0.0,0.0,0.0,0.0,0.0,0.0,0.0,0.0,0.0,0.0,0.0,0.0,0.0,0.0,0.0,0.0,0.0,0.0,0.0,0.0,0.0,0.0,0.0,0.0,0.0,0.0,0.0,0.0,0.0,0.0,0.0,0.0,0.0,0.0,0.0,0.0,2.0,1.0,0.0,2.0,0.0,0.0,3.0,7.0,5.0,7.0,10.0,15.0,13.0,10.0,0.0,0.0,0.0,0.0,0.0,0.0,0.0,0.0,0.0,0.0,0.0,0.0,0.0,0.0,0.0,0.0,0.0,0.0,0.0,0.0,3.0,1.0,0.0,5.0,0.0,0.0,5.0,10.0,5.0,7.0,13.0,24.0,15.0,22.0
551,1.0,551.0,London_56,three,151,453,1092.0,70.0,2.0,120045.0,2.2774496520869434,718.0,62.0,2.0,60.0,122.0,18.0,104.0,114.0,78.0,125.0,40.0,114.0,12.0,62.0,2.0,20.0,9.0,73.0,154.0,217.0,82.0,0.0,0.0,0.0,0.0,0.0,0.0,0.0,0.0,0.0,0.0,0.0,0.0,0.0,0.0,0.0,0.0,0.0,0.0,0.0,0.0,0.0,0.0,0.0,0.0,0.0,0.0,0.0,0.0,0.0,0.0,0.0,0.0,0.0,0.0,1.0,0.0,0.0,0.0,0.0,0.0,3.0,4.0,0.0,0.0,0.0,0.0,2.0,3.0,0.0,3.0,11.0,23.0,13.0,6.0,0.0,0.0,0.0,0.0,0.0,0.0,0.0,0.0,0.0,0.0,0.0,0.0,0.0,0.0,7.0,0.0,0.0,0.0,0.0,0.0,4.0,6.0,0.0,0.0,0.0,0.0,3.0,4.0,0.0,5.0,19.0,32.0,17.0,9.0
552,1.0,552.0,London_56,three,151,453,1092.0,70.0,2.0,128199.0,6.204910923726857,736.0,41.0,1.0,40.0,76.0,10.0,66.0,122.0,83.0,125.0,35.0,115.0,14.0,56.0,2.0,23.0,11.0,73.0,140.0,229.0,82.0,0.0,0.0,0.0,0.0,0.0,0.0,0.0,0.0,0.0,0.0,0.0,0.0,0.0,0.0,0.0,0.0,0.0,0.0,0.0,0.0,0.0,0.0,0.0,0.0,0.0,0.0,0.0,0.0,0.0,0.0,0.0,0.0,0.0,0.0,0.0,0.0,1.0,0.0,0.0,0.0,0.0,2.0,0.0,0.0,0.0,0.0,4.0,2.0,1.0,0.0,10.0,7.0,9.0,1.0,0.0,0.0,0.0,0.0,0.0,0.0,0.0,0.0,0.0,0.0,0.0,0.0,0.0,0.0,0.0,0.0,4.0,0.0,0.0,0.0,0.0,2.0,0.0,0.0,0.0,0.0,6.0,2.0,1.0,0.0,16.0,8.0,12.0,2.0
553,1.0,553.0,London_56,three,151,453,1092.0,70.0,2.0,151755.0,6.195947068277746,788.0,101.0,0.0,101.0,171.0,0.0,171.0,76.0,71.0,126.0,37.0,124.0,16.0,54.0,2.0,23.0,12.0,72.0,146.0,223.0,83.0,0.0,0.0,0.0,0.0,0.0,0.0,0.0,0.0,0.0,0.0,0.0,0.0,0.0,0.0,0.0,0.0,0.0,0.0,0.0,0.0,0.0,0.0,0.0,0.0,0.0,0.0,0.0,0.0,0.0,0.0,0.0,0.0,0.0,0.0,0.0,0.0,0.0,0.0,0.0,0.0,3.0,5.0,0.0,2.0,0.0,0.0,4.0,6.0,1.0,3.0,23.0,28.0,19.0,10.0,0.0,0.0,0.0,0.0,0.0,0.0,0.0,0.0,0.0,0.0,0.0,0.0,0.0,0.0,0.0,0.0,0.0,0.0,0.0,0.0,3.0,5.0,0.0,2.0,0.0,0.0,6.0,9.0,1.0,6.0,32.0,32.0,21.0,15.0
554,1.0,554.0,London_56,three,151,453,1092.0,70.0,2.0,145866.0,6.830269013997167,775.0,91.0,0.0,91.0,155.0,0.0,155.0,171.0,74.0,131.0,38.0,135.0,15.0,42.0,2.0,16.0,16.0,73.0,154.0,210.0,87.0,0.0,0.0,0.0,0.0,0.0,0.0,0.0,0.0,0.0,0.0,0.0,0.0,0.0,0.0,0.0,0.0,0.0,0.0,0.0,0.0,0.0,0.0,0.0,0.0,0.0,0.0,0.0,0.0,0.0,0.0,0.0,0.0,0.0,0.0,0.0,0.0,0.0,0.0,0.0,0.0,4.0,1.0,0.0,1.0,0.0,0.0,6.0,11.0,3.0,12.0,17.0,20.0,15.0,11.0,0.0,0.0,0.0,0.0,0.0,0.0,0.0,0.0,0.0,0.0,0.0,0.0,0.0,0.0,0.0,0.0,0.0,0.0,0.0,0.0,6.0,1.0,0.0,3.0,0.0,0.0,8.0,14.0,3.0,17.0,19.0,32.0,17.0,18.0
555,1.0,555.0,London_56,three,151,453,1092.0,70.0,2.0,144507.0,6.791155242361128,772.0,36.0,2.0,34.0,72.0,16.0,56.0,155.0,71.0,125.0,42.0,133.0,16.0,50.0,2.0,14.0,14.0,77.0,160.0,202.0,98.0,0.0,0.0,0.0,0.0,0.0,0.0,0.0,0.0,0.0,0.0,0.0,0.0,0.0,0.0,0.0,0.0,0.0,0.0,0.0,0.0,0.0,0.0,0.0,0.0,0.0,0.0,0.0,0.0,0.0,0.0,1.0,0.0,1.0,0.0,0.0,1.0,0.0,0.0,0.0,0.0,2.0,0.0,0.0,0.0,0.0,0.0,0.0,0.0,3.0,5.0,6.0,7.0,10.0,1.0,0.0,0.0,0.0,0.0,0.0,0.0,0.0,0.0,0.0,0.0,1.0,0.0,2.0,0.0,0.0,1.0,0.0,0.0,0.0,0.0,3.0,0.0,0.0,0.0,0.0,0.0,0.0,0.0,3.0,8.0,10.0,9.0,16.0,4.0
556,1.0,556.0,London_56,three,151,453,1092.0,70.0,2.0,170781.0,5.768997163046151,830.0,82.0,2.0,80.0,155.0,18.0,137.0,72.0,60.0,125.0,48.0,130.0,20.0,51.0,2.0,17.0,15.0,66.0,167.0,205.0,92.0,0.0,0.0,0.0,0.0,0.0,0.0,0.0,0.0,0.0,0.0,0.0,0.0,0.0,0.0,0.0,0.0,0.0,0.0,0.0,0.0,0.0,0.0,0.0,0.0,0.0,0.0,0.0,0.0,0.0,1.0,0.0,0.0,0.0,0.0,0.0,1.0,1.0,0.0,0.0,0.0,5.0,0.0,0.0,1.0,0.0,0.0,5.0,0.0,2.0,5.0,17.0,13.0,14.0,9.0,0.0,0.0,0.0,0.0,0.0,0.0,0.0,0.0,0.0,4.0,0.0,0.0,0.0,0.0,0.0,2.0,6.0,0.0,0.0,0.0,5.0,0.0,0.0,1.0,0.0,0.0,7.0,0.0,3.0,5.0,23.0,19.0,17.0,17.0
557,1.0,557.0,London_56,three,151,453,1092.0,70.0,2.0,172140.0,8.632158312946558,833.0,108.0,1.0,107.0,189.0,10.0,179.0,155.0,67.0,112.0,47.0,132.0,19.0,60.0,3.0,13.0,9.0,83.0,162.0,199.0,70.0,0.0,0.0,0.0,0.0,0.0,0.0,0.0,0.0,0.0,0.0,0.0,0.0,0.0,0.0,0.0,0.0,0.0,0.0,0.0,0.0,0.0,0.0,0.0,0.0,0.0,0.0,0.0,0.0,0.0,0.0,0.0,0.0,0.0,0.0,1.0,0.0,0.0,0.0,0.0,0.0,2.0,1.0,0.0,2.0,3.0,0.0,2.0,6.0,2.0,5.0,21.0,22.0,28.0,8.0,0.0,0.0,0.0,0.0,0.0,0.0,0.0,0.0,0.0,0.0,0.0,0.0,0.0,0.0,7.0,0.0,0.0,0.0,0.0,0.0,2.0,1.0,0.0,3.0,3.0,0.0,2.0,7.0,3.0,6.0,36.0,31.0,35.0,12.0
558,1.0,558.0,London_56,three,151,453,1092.0,70.0,2.0,163080.0,7.058334487956017,813.0,92.0,0.0,92.0,145.0,0.0,145.0,189.0,66.0,115.0,43.0,142.0,12.0,55.0,5.0,15.0,9.0,74.0,145.0,225.0,83.0,0.0,0.0,0.0,0.0,0.0,0.0,0.0,0.0,0.0,0.0,0.0,0.0,0.0,0.0,0.0,0.0,0.0,0.0,0.0,0.0,0.0,0.0,0.0,0.0,0.0,0.0,0.0,0.0,0.0,0.0,0.0,0.0,0.0,0.0,0.0,0.0,0.0,0.0,0.0,0.0,3.0,0.0,0.0,2.0,0.0,0.0,7.0,5.0,1.0,11.0,14.0,23.0,13.0,18.0,0.0,0.0,0.0,0.0,0.0,0.0,0.0,0.0,0.0,0.0,0.0,0.0,0.0,0.0,0.0,0.0,0.0,0.0,0.0,0.0,3.0,0.0,0.0,2.0,0.0,0.0,8.0,7.0,1.0,13.0,19.0,36.0,15.0,24.0
559,1.0,559.0,London_56,three,151,453,1092.0,70.0,2.0,163986.0,6.927398512139916,815.0,96.0,2.0,94.0,176.0,18.0,158.0,145.0,66.0,120.0,34.0,135.0,12.0,63.0,4.0,19.0,10.0,89.0,139.0,215.0,81.0,0.0,0.0,0.0,0.0,0.0,0.0,0.0,0.0,0.0,0.0,0.0,0.0,0.0,0.0,0.0,0.0,0.0,0.0,0.0,0.0,0.0,0.0,0.0,0.0,0.0,0.0,0.0,0.0,0.0,0.0,0.0,0.0,0.0,0.0,0.0,2.0,0.0,0.0,0.0,0.0,2.0,0.0,0.0,0.0,0.0,0.0,4.0,2.0,4.0,6.0,20.0,17.0,20.0,10.0,0.0,0.0,0.0,0.0,0.0,0.0,0.0,0.0,0.0,0.0,0.0,0.0,0.0,0.0,0.0,7.0,0.0,0.0,0.0,0.0,3.0,0.0,0.0,0.0,0.0,0.0,6.0,3.0,4.0,9.0,26.0,23.0,29.0,17.0
560,1.0,560.0,London_56,three,151,453,1092.0,70.0,2.0,156285.0,6.2352543831802905,798.0,148.0,2.0,146.0,273.0,19.0,254.0,176.0,66.0,117.0,36.0,150.0,10.0,54.0,3.0,17.0,9.0,83.0,125.0,236.0,98.0,0.0,0.0,0.0,0.0,0.0,0.0,0.0,0.0,0.0,0.0,0.0,0.0,0.0,0.0,0.0,0.0,0.0,0.0,0.0,0.0,0.0,0.0,0.0,0.0,0.0,0.0,0.0,0.0,0.0,1.0,0.0,0.0,1.0,1.0,0.0,1.0,0.0,0.0,0.0,0.0,1.0,4.0,0.0,1.0,0.0,0.0,26.0,3.0,7.0,6.0,27.0,36.0,19.0,12.0,0.0,0.0,0.0,0.0,0.0,0.0,0.0,0.0,0.0,9.0,0.0,0.0,6.0,6.0,0.0,3.0,0.0,0.0,0.0,0.0,1.0,4.0,0.0,2.0,0.0,0.0,33.0,5.0,9.0,9.0,44.0,51.0,21.0,19.0
561,1.0,561.0,London_56,three,151,453,1092.0,70.0,2.0,120951.0,4.524487799964845,720.0,39.0,2.0,37.0,82.0,20.0,62.0,273.0,45.0,137.0,33.0,136.0,12.0,69.0,4.0,17.0,9.0,76.0,128.0,240.0,81.0,0.0,0.0,0.0,0.0,0.0,0.0,0.0,0.0,0.0,0.0,0.0,0.0,0.0,0.0,0.0,0.0,0.0,0.0,0.0,0.0,0.0,0.0,0.0,0.0,0.0,0.0,0.0,0.0,0.0,0.0,0.0,0.0,1.0,0.0,2.0,2.0,0.0,0.0,0.0,0.0,1.0,0.0,0.0,0.0,0.0,0.0,5.0,2.0,1.0,0.0,7.0,7.0,5.0,1.0,0.0,0.0,0.0,0.0,0.0,0.0,0.0,0.0,0.0,0.0,0.0,0.0,6.0,0.0,15.0,5.0,0.0,0.0,0.0,0.0,1.0,0.0,0.0,0.0,0.0,0.0,5.0,2.0,1.0,0.0,11.0,10.0,6.0,1.0
562,1.0,562.0,London_56,three,151,453,1092.0,70.0,2.0,138618.0,5.485426715109497,759.0,67.0,0.0,67.0,115.0,0.0,115.0,82.0,44.0,137.0,37.0,143.0,15.0,62.0,4.0,11.0,8.0,74.0,117.0,254.0,77.0,0.0,0.0,0.0,0.0,0.0,0.0,0.0,0.0,0.0,0.0,0.0,0.0,0.0,0.0,0.0,0.0,0.0,0.0,0.0,0.0,0.0,0.0,0.0,0.0,0.0,0.0,0.0,0.0,0.0,0.0,0.0,0.0,0.0,0.0,0.0,0.0,0.0,0.0,0.0,0.0,1.0,1.0,0.0,0.0,0.0,0.0,4.0,3.0,4.0,6.0,12.0,20.0,16.0,10.0,0.0,0.0,0.0,0.0,0.0,0.0,0.0,0.0,0.0,0.0,0.0,0.0,0.0,0.0,0.0,0.0,0.0,0.0,0.0,0.0,1.0,1.0,0.0,0.0,0.0,0.0,5.0,4.0,6.0,9.0,20.0,25.0,21.0,15.0
563,1.0,563.0,London_56,three,151,453,1092.0,70.0,2.0,144507.0,3.296271692030132,772.0,76.0,2.0,74.0,142.0,17.0,125.0,115.0,47.0,135.0,39.0,136.0,19.0,66.0,3.0,8.0,8.0,73.0,112.0,260.0,75.0,0.0,0.0,0.0,0.0,0.0,0.0,0.0,0.0,0.0,0.0,0.0,0.0,0.0,0.0,0.0,0.0,0.0,0.0,0.0,0.0,0.0,0.0,0.0,0.0,0.0,0.0,0.0,0.0,0.0,1.0,0.0,0.0,2.0,0.0,0.0,2.0,0.0,0.0,0.0,0.0,1.0,0.0,0.0,0.0,0.0,0.0,12.0,4.0,0.0,9.0,18.0,13.0,14.0,6.0,0.0,0.0,0.0,0.0,0.0,0.0,0.0,0.0,0.0,2.0,0.0,0.0,5.0,0.0,0.0,9.0,0.0,0.0,0.0,0.0,2.0,0.0,0.0,0.0,0.0,0.0,15.0,4.0,0.0,15.0,22.0,18.0,20.0,9.0
564,1.0,564.0,London_56,three,151,453,1092.0,70.0,2.0,147678.0,5.622914110310376,779.0,18.0,0.0,18.0,26.0,0.0,26.0,142.0,39.0,136.0,44.0,138.0,20.0,63.0,5.0,8.0,5.0,85.0,115.0,248.0,70.0,0.0,0.0,0.0,0.0,0.0,0.0,0.0,0.0,0.0,0.0,0.0,0.0,0.0,0.0,0.0,0.0,0.0,0.0,0.0,0.0,0.0,0.0,0.0,0.0,0.0,0.0,0.0,0.0,0.0,0.0,0.0,0.0,0.0,0.0,0.0,0.0,0.0,0.0,0.0,0.0,0.0,0.0,0.0,0.0,0.0,0.0,3.0,1.0,0.0,1.0,7.0,1.0,6.0,1.0,0.0,0.0,0.0,0.0,0.0,0.0,0.0,0.0,0.0,0.0,0.0,0.0,0.0,0.0,0.0,0.0,0.0,0.0,0.0,0.0,0.0,0.0,0.0,0.0,0.0,0.0,5.0,1.0,0.0,1.0,10.0,1.0,7.0,2.0
565,1.0,565.0,London_56,three,151,453,1092.0,70.0,2.0,178029.0,6.374285517260432,846.0,82.0,0.0,82.0,153.0,0.0,153.0,26.0,33.0,135.0,42.0,145.0,20.0,65.0,5.0,8.0,5.0,80.0,122.0,246.0,72.0,0.0,0.0,0.0,0.0,0.0,0.0,0.0,0.0,0.0,0.0,0.0,0.0,0.0,0.0,0.0,0.0,0.0,0.0,0.0,0.0,0.0,0.0,0.0,0.0,0.0,0.0,0.0,0.0,0.0,0.0,0.0,0.0,0.0,0.0,0.0,0.0,0.0,0.0,0.0,0.0,1.0,4.0,0.0,0.0,0.0,0.0,10.0,5.0,5.0,6.0,19.0,18.0,18.0,8.0,0.0,0.0,0.0,0.0,0.0,0.0,0.0,0.0,0.0,0.0,0.0,0.0,0.0,0.0,0.0,0.0,0.0,0.0,0.0,0.0,1.0,5.0,0.0,0.0,0.0,0.0,11.0,7.0,7.0,13.0,33.0,30.0,19.0,13.0
566,1.0,566.0,London_56,three,151,453,1092.0,70.0,2.0,178029.0,4.14372889790684,846.0,157.0,1.0,156.0,273.0,9.0,264.0,153.0,43.0,135.0,34.0,151.0,17.0,57.0,5.0,11.0,7.0,79.0,122.0,245.0,68.0,0.0,0.0,0.0,0.0,0.0,0.0,0.0,0.0,0.0,0.0,0.0,0.0,0.0,0.0,0.0,0.0,0.0,0.0,0.0,0.0,0.0,0.0,0.0,0.0,0.0,0.0,0.0,0.0,0.0,0.0,0.0,0.0,0.0,0.0,0.0,0.0,0.0,0.0,0.0,0.0,5.0,15.0,0.0,0.0,0.0,0.0,20.0,4.0,11.0,15.0,35.0,27.0,23.0,16.0,0.0,0.0,0.0,0.0,0.0,0.0,0.0,0.0,0.0,0.0,0.0,0.0,0.0,0.0,0.0,0.0,0.0,0.0,0.0,0.0,7.0,18.0,0.0,0.0,0.0,0.0,28.0,4.0,13.0,17.0,53.0,38.0,30.0,21.0
567,1.0,567.0,London_56,three,151,453,1092.0,70.0,2.0,146772.0,7.463174645323306,777.0,149.0,0.0,149.0,250.0,0.0,250.0,273.0,44.0,130.0,41.0,152.0,11.0,54.0,6.0,15.0,6.0,86.0,131.0,230.0,71.0,0.0,0.0,0.0,0.0,0.0,0.0,0.0,0.0,0.0,0.0,0.0,0.0,0.0,0.0,0.0,0.0,0.0,0.0,0.0,0.0,0.0,0.0,0.0,0.0,0.0,0.0,0.0,0.0,0.0,0.0,0.0,0.0,0.0,0.0,0.0,0.0,0.0,0.0,0.0,0.0,2.0,6.0,0.0,2.0,0.0,1.0,14.0,6.0,6.0,9.0,23.0,35.0,33.0,13.0,0.0,0.0,0.0,0.0,0.0,0.0,0.0,0.0,0.0,0.0,0.0,0.0,0.0,0.0,0.0,0.0,0.0,0.0,0.0,0.0,2.0,7.0,0.0,2.0,0.0,3.0,16.0,9.0,7.0,12.0,38.0,48.0,40.0,18.0
568,1.0,568.0,London_56,three,151,453,1092.0,70.0,2.0,120045.0,5.169752634130418,718.0,18.0,0.0,18.0,31.0,0.0,31.0,250.0,55.0,131.0,41.0,140.0,14.0,47.0,7.0,18.0,9.0,75.0,136.0,233.0,69.0,0.0,0.0,0.0,0.0,0.0,0.0,0.0,0.0,0.0,0.0,0.0,0.0,0.0,0.0,0.0,0.0,0.0,0.0,0.0,0.0,0.0,0.0,0.0,0.0,0.0,0.0,0.0,0.0,0.0,0.0,0.0,0.0,0.0,0.0,0.0,0.0,0.0,0.0,0.0,0.0,0.0,0.0,0.0,0.0,0.0,0.0,2.0,1.0,0.0,1.0,3.0,2.0,4.0,1.0,0.0,0.0,0.0,0.0,0.0,0.0,0.0,0.0,0.0,0.0,0.0,0.0,0.0,0.0,0.0,0.0,0.0,0.0,0.0,0.0,0.0,0.0,0.0,0.0,0.0,0.0,3.0,2.0,0.0,1.0,4.0,4.0,5.0,2.0
569,1.0,569.0,London_56,three,151,453,1092.0,70.0,2.0,159456.0,6.540836612228304,805.0,65.0,0.0,65.0,124.0,0.0,124.0,31.0,53.0,133.0,41.0,134.0,11.0,56.0,7.0,18.0,10.0,80.0,136.0,227.0,68.0,0.0,0.0,0.0,0.0,0.0,0.0,0.0,0.0,0.0,0.0,0.0,0.0,0.0,0.0,0.0,0.0,0.0,0.0,0.0,0.0,0.0,0.0,0.0,0.0,0.0,0.0,0.0,0.0,0.0,0.0,0.0,0.0,0.0,0.0,0.0,0.0,0.0,0.0,0.0,0.0,2.0,1.0,0.0,0.0,0.0,0.0,6.0,1.0,6.0,2.0,12.0,23.0,6.0,5.0,0.0,0.0,0.0,0.0,0.0,0.0,0.0,0.0,0.0,0.0,0.0,0.0,0.0,0.0,0.0,0.0,0.0,0.0,0.0,0.0,2.0,1.0,0.0,0.0,0.0,0.0,9.0,1.0,7.0,4.0,17.0,39.0,8.0,9.0
570,1.0,570.0,London_56,three,151,453,1092.0,70.0,2.0,169422.0,7.137860564049333,827.0,93.0,2.0,91.0,170.0,17.0,153.0,124.0,51.0,132.0,43.0,123.0,12.0,66.0,6.0,20.0,11.0,79.0,150.0,213.0,73.0,0.0,0.0,0.0,0.0,0.0,0.0,0.0,0.0,0.0,0.0,0.0,0.0,0.0,0.0,0.0,0.0,0.0,0.0,0.0,0.0,0.0,0.0,0.0,0.0,0.0,0.0,0.0,0.0,0.0,1.0,0.0,0.0,1.0,0.0,0.0,2.0,0.0,0.0,0.0,0.0,4.0,4.0,0.0,0.0,0.0,0.0,10.0,4.0,1.0,10.0,15.0,26.0,18.0,3.0,0.0,0.0,0.0,0.0,0.0,0.0,0.0,0.0,0.0,2.0,0.0,0.0,6.0,0.0,0.0,6.0,0.0,0.0,0.0,0.0,6.0,4.0,0.0,0.0,0.0,0.0,16.0,4.0,3.0,16.0,28.0,36.0,24.0,3.0
571,1.0,571.0,London_56,three,151,453,1092.0,70.0,2.0,168969.0,7.108475707937032,826.0,97.0,2.0,95.0,175.0,20.0,155.0,170.0,50.0,122.0,40.0,136.0,10.0,68.0,8.0,19.0,11.0,72.0,149.0,221.0,72.0,0.0,0.0,0.0,0.0,0.0,0.0,0.0,0.0,0.0,0.0,0.0,0.0,0.0,0.0,0.0,0.0,0.0,0.0,0.0,0.0,0.0,0.0,0.0,0.0,0.0,0.0,0.0,0.0,0.0,1.0,0.0,0.0,2.0,1.0,0.0,2.0,0.0,0.0,0.0,0.0,2.0,3.0,1.0,2.0,0.0,0.0,13.0,6.0,1.0,9.0,19.0,20.0,25.0,12.0,0.0,0.0,0.0,0.0,0.0,0.0,0.0,0.0,0.0,2.0,0.0,0.0,10.0,10.0,0.0,4.0,0.0,0.0,0.0,0.0,2.0,5.0,1.0,3.0,0.0,0.0,14.0,7.0,1.0,9.0,24.0,28.0,32.0,17.0
572,1.0,572.0,London_56,three,151,453,1092.0,70.0,2.0,166251.0,6.922126884106547,820.0,14.0,2.0,12.0,37.0,18.0,19.0,175.0,59.0,114.0,35.0,132.0,17.0,70.0,9.0,17.0,11.0,77.0,147.0,218.0,64.0,0.0,0.0,0.0,0.0,0.0,0.0,0.0,0.0,0.0,0.0,0.0,0.0,0.0,0.0,0.0,0.0,0.0,0.0,0.0,0.0,0.0,0.0,0.0,0.0,0.0,0.0,0.0,0.0,0.0,2.0,0.0,0.0,0.0,0.0,1.0,1.0,0.0,0.0,0.0,0.0,0.0,0.0,0.0,0.0,0.0,0.0,1.0,0.0,0.0,0.0,3.0,2.0,3.0,2.0,0.0,0.0,0.0,0.0,0.0,0.0,0.0,0.0,0.0,3.0,0.0,0.0,0.0,0.0,8.0,4.0,0.0,0.0,0.0,0.0,0.0,0.0,0.0,0.0,0.0,0.0,1.0,0.0,0.0,0.0,3.0,3.0,3.0,3.0
573,1.0,573.0,London_56,three,151,453,1092.0,70.0,2.0,212910.0,9.60513085918501,923.0,166.0,1.0,165.0,278.0,9.0,269.0,37.0,62.0,122.0,37.0,135.0,11.0,65.0,4.0,17.0,9.0,77.0,147.0,220.0,58.0,0.0,0.0,0.0,0.0,0.0,0.0,0.0,0.0,0.0,0.0,0.0,0.0,0.0,0.0,0.0,0.0,0.0,0.0,0.0,0.0,0.0,0.0,0.0,0.0,0.0,0.0,0.0,0.0,0.0,0.0,0.0,0.0,0.0,0.0,1.0,0.0,1.0,0.0,0.0,0.0,1.0,26.0,0.0,3.0,0.0,0.0,6.0,6.0,2.0,6.0,34.0,44.0,22.0,16.0,0.0,0.0,0.0,0.0,0.0,0.0,0.0,0.0,0.0,0.0,0.0,0.0,0.0,0.0,3.0,0.0,5.0,0.0,0.0,0.0,1.0,37.0,0.0,4.0,0.0,0.0,9.0,8.0,2.0,9.0,58.0,57.0,27.0,23.0
574,1.0,574.0,London_56,three,151,453,1092.0,70.0,2.0,173046.0,7.691105930134654,835.0,122.0,2.0,120.0,223.0,18.0,205.0,278.0,58.0,155.0,35.0,102.0,11.0,71.0,3.0,18.0,13.0,83.0,133.0,224.0,55.0,0.0,0.0,0.0,0.0,0.0,0.0,0.0,0.0,0.0,1.0,0.0,1.0,0.0,0.0,0.0,0.0,0.0,0.0,1.0,0.0,0.0,0.0,0.0,0.0,0.0,0.0,0.0,0.0,0.0,1.0,0.0,1.0,0.0,0.0,0.0,0.0,0.0,0.0,0.0,0.0,4.0,6.0,0.0,1.0,0.0,0.0,12.0,4.0,4.0,12.0,27.0,24.0,24.0,10.0,0.0,0.0,0.0,0.0,0.0,0.0,0.0,0.0,0.0,2.0,0.0,7.0,0.0,0.0,0.0,0.0,0.0,0.0,0.0,0.0,4.0,10.0,0.0,1.0,0.0,0.0,16.0,4.0,7.0,15.0,41.0,34.0,33.0,16.0
575,1.0,575.0,London_56,three,151,453,1092.0,70.0,2.0,145413.0,5.766526271123439,774.0,126.0,1.0,125.0,234.0,8.0,226.0,219.0,48.0,145.0,40.0,104.0,18.0,81.0,3.0,14.0,14.0,72.0,137.0,230.0,72.0,0.0,0.0,0.0,0.0,0.0,0.0,0.0,0.0,0.0,0.0,0.0,0.0,0.0,0.0,0.0,0.0,0.0,0.0,0.0,0.0,0.0,0.0,0.0,0.0,0.0,0.0,0.0,0.0,0.0,0.0,0.0,0.0,1.0,0.0,0.0,1.0,0.0,0.0,0.0,0.0,6.0,21.0,0.0,4.0,0.0,0.0,12.0,10.0,4.0,11.0,24.0,27.0,15.0,14.0,0.0,0.0,0.0,0.0,0.0,0.0,0.0,0.0,0.0,0.0,0.0,0.0,3.0,0.0,0.0,2.0,0.0,0.0,0.0,0.0,8.0,29.0,0.0,8.0,0.0,0.0,14.0,14.0,5.0,17.0,38.0,45.0,19.0,21.0
576,1.0,576.0,London_56,three,151,453,1092.0,70.0,2.0,115515.0,4.136582851875573,708.0,21.0,1.0,20.0,43.0,9.0,34.0,234.0,51.0,133.0,33.0,123.0,21.0,77.0,2.0,13.0,11.0,76.0,143.0,223.0,77.0,0.0,0.0,0.0,0.0,0.0,0.0,0.0,0.0,0.0,0.0,0.0,0.0,0.0,0.0,0.0,0.0,0.0,0.0,0.0,0.0,0.0,0.0,0.0,0.0,0.0,0.0,0.0,0.0,0.0,0.0,0.0,0.0,0.0,0.0,1.0,0.0,0.0,0.0,0.0,0.0,1.0,0.0,0.0,0.0,0.0,0.0,0.0,0.0,0.0,0.0,5.0,6.0,5.0,2.0,0.0,0.0,0.0,0.0,0.0,0.0,0.0,0.0,0.0,0.0,0.0,0.0,0.0,0.0,6.0,0.0,0.0,0.0,0.0,0.0,1.0,0.0,0.0,0.0,0.0,0.0,0.0,0.0,0.0,0.0,7.0,9.0,8.0,3.0
577,1.0,577.0,London_56,three,151,453,1092.0,70.0,2.0,141789.0,5.526520292740315,766.0,97.0,0.0,97.0,170.0,0.0,170.0,43.0,43.0,131.0,31.0,132.0,23.0,77.0,2.0,14.0,9.0,74.0,142.0,228.0,77.0,0.0,0.0,0.0,0.0,0.0,0.0,0.0,0.0,0.0,0.0,0.0,0.0,0.0,0.0,0.0,0.0,0.0,0.0,0.0,0.0,0.0,0.0,0.0,0.0,0.0,0.0,0.0,0.0,0.0,0.0,0.0,0.0,0.0,0.0,0.0,0.0,0.0,0.0,0.0,0.0,0.0,4.0,0.0,1.0,0.0,0.0,9.0,9.0,8.0,4.0,19.0,24.0,12.0,7.0,0.0,0.0,0.0,0.0,0.0,0.0,0.0,0.0,0.0,0.0,0.0,0.0,0.0,0.0,0.0,0.0,0.0,0.0,0.0,0.0,0.0,6.0,0.0,1.0,0.0,0.0,12.0,16.0,11.0,7.0,28.0,40.0,12.0,14.0
578,1.0,578.0,London_56,three,151,453,1092.0,70.0,2.0,135900.0,6.070830010809004,753.0,86.0,2.0,84.0,156.0,18.0,138.0,170.0,41.0,128.0,29.0,138.0,23.0,80.0,0.0,14.0,10.0,80.0,143.0,220.0,85.0,0.0,0.0,0.0,0.0,0.0,0.0,0.0,0.0,0.0,0.0,0.0,0.0,0.0,0.0,0.0,0.0,0.0,0.0,0.0,0.0,0.0,0.0,0.0,0.0,0.0,0.0,0.0,0.0,0.0,1.0,0.0,0.0,0.0,1.0,1.0,1.0,0.0,0.0,0.0,0.0,2.0,8.0,0.0,0.0,0.0,0.0,3.0,7.0,2.0,7.0,17.0,13.0,14.0,7.0,0.0,0.0,0.0,0.0,0.0,0.0,0.0,0.0,0.0,6.0,0.0,0.0,0.0,8.0,9.0,5.0,0.0,0.0,0.0,0.0,2.0,11.0,0.0,0.0,0.0,0.0,3.0,8.0,2.0,8.0,22.0,20.0,17.0,11.0
579,1.0,579.0,London_56,three,151,453,1092.0,70.0,2.0,134088.0,4.41672199498862,749.0,118.0,0.0,118.0,209.0,0.0,209.0,156.0,51.0,131.0,42.0,130.0,20.0,65.0,0.0,14.0,10.0,80.0,144.0,219.0,91.0,0.0,0.0,0.0,0.0,0.0,0.0,0.0,0.0,0.0,0.0,0.0,0.0,0.0,0.0,0.0,0.0,0.0,0.0,0.0,0.0,0.0,0.0,0.0,0.0,0.0,0.0,0.0,0.0,0.0,0.0,0.0,0.0,0.0,0.0,0.0,0.0,0.0,0.0,0.0,0.0,3.0,11.0,0.0,0.0,1.0,0.0,4.0,3.0,5.0,8.0,17.0,30.0,16.0,15.0,0.0,0.0,0.0,0.0,0.0,0.0,0.0,0.0,0.0,0.0,0.0,0.0,0.0,0.0,0.0,0.0,0.0,0.0,0.0,0.0,4.0,18.0,0.0,0.0,1.0,0.0,6.0,5.0,6.0,9.0,25.0,47.0,24.0,18.0
580,1.0,580.0,London_56,three,151,453,1092.0,70.0,2.0,112797.0,1.9220674210228026,702.0,13.0,1.0,12.0,26.0,8.0,18.0,209.0,56.0,127.0,47.0,128.0,17.0,66.0,2.0,10.0,9.0,86.0,147.0,211.0,90.0,0.0,0.0,0.0,0.0,0.0,0.0,0.0,0.0,0.0,0.0,0.0,0.0,0.0,0.0,0.0,0.0,0.0,0.0,0.0,0.0,0.0,0.0,0.0,0.0,0.0,0.0,0.0,0.0,0.0,0.0,0.0,0.0,0.0,0.0,1.0,0.0,0.0,0.0,0.0,0.0,2.0,0.0,0.0,0.0,0.0,0.0,2.0,0.0,1.0,1.0,2.0,1.0,1.0,0.0,0.0,0.0,0.0,0.0,0.0,0.0,0.0,0.0,0.0,0.0,0.0,0.0,0.0,0.0,7.0,0.0,0.0,0.0,0.0,0.0,2.0,0.0,0.0,0.0,0.0,0.0,2.0,0.0,1.0,1.0,3.0,1.0,1.0,0.0
581,1.0,581.0,London_56,three,151,453,1092.0,70.0,2.0,147225.0,5.481716771610081,778.0,13.0,1.0,12.0,32.0,8.0,24.0,26.0,58.0,128.0,43.0,127.0,18.0,67.0,2.0,10.0,8.0,89.0,140.0,216.0,86.0,0.0,0.0,0.0,0.0,0.0,0.0,0.0,0.0,0.0,0.0,0.0,0.0,0.0,0.0,0.0,0.0,0.0,0.0,0.0,0.0,0.0,0.0,0.0,0.0,0.0,0.0,0.0,0.0,0.0,0.0,0.0,0.0,1.0,0.0,0.0,0.0,1.0,0.0,0.0,0.0,0.0,0.0,0.0,0.0,0.0,0.0,0.0,0.0,1.0,1.0,2.0,3.0,0.0,1.0,0.0,0.0,0.0,0.0,0.0,0.0,0.0,0.0,0.0,0.0,0.0,0.0,5.0,0.0,0.0,0.0,8.0,0.0,0.0,0.0,0.0,0.0,0.0,0.0,0.0,0.0,0.0,0.0,1.0,4.0,3.0,4.0,0.0,2.0
582,1.0,582.0,London_56,three,151,453,1092.0,70.0,2.0,179841.0,3.1838659131899476,850.0,86.0,0.0,86.0,148.0,0.0,148.0,32.0,59.0,130.0,45.0,127.0,18.0,63.0,1.0,10.0,7.0,98.0,129.0,219.0,88.0,0.0,0.0,0.0,0.0,0.0,0.0,0.0,0.0,0.0,0.0,0.0,0.0,0.0,0.0,0.0,0.0,0.0,0.0,0.0,0.0,0.0,0.0,0.0,0.0,0.0,0.0,0.0,0.0,0.0,0.0,0.0,0.0,0.0,0.0,0.0,0.0,0.0,0.0,0.0,0.0,5.0,4.0,0.0,0.0,0.0,0.0,9.0,1.0,2.0,7.0,18.0,26.0,14.0,7.0,0.0,0.0,0.0,0.0,0.0,0.0,0.0,0.0,0.0,0.0,0.0,0.0,0.0,0.0,0.0,0.0,0.0,0.0,0.0,0.0,5.0,9.0,0.0,0.0,0.0,0.0,12.0,1.0,3.0,10.0,24.0,36.0,17.0,9.0
583,1.0,583.0,London_56,three,151,453,1092.0,70.0,2.0,181653.0,6.321456835139543,854.0,133.0,2.0,131.0,244.0,18.0,226.0,148.0,54.0,135.0,45.0,115.0,19.0,68.0,1.0,16.0,10.0,94.0,136.0,213.0,87.0,0.0,0.0,0.0,0.0,0.0,0.0,0.0,0.0,0.0,0.0,0.0,0.0,0.0,0.0,0.0,0.0,0.0,0.0,0.0,0.0,0.0,0.0,0.0,0.0,0.0,0.0,0.0,0.0,0.0,0.0,0.0,0.0,0.0,1.0,1.0,0.0,0.0,0.0,0.0,0.0,5.0,14.0,0.0,0.0,0.0,0.0,10.0,6.0,6.0,16.0,25.0,30.0,23.0,12.0,0.0,0.0,0.0,0.0,0.0,0.0,0.0,0.0,0.0,0.0,0.0,0.0,0.0,6.0,4.0,0.0,0.0,0.0,0.0,0.0,7.0,20.0,0.0,0.0,0.0,0.0,12.0,7.0,7.0,21.0,44.0,43.0,29.0,23.0
584,1.0,584.0,London_56,three,151,453,1092.0,70.0,2.0,165345.0,6.466505859978497,818.0,136.0,2.0,134.0,242.0,16.0,226.0,244.0,44.0,143.0,35.0,136.0,16.0,68.0,2.0,9.0,7.0,94.0,133.0,219.0,74.0,0.0,0.0,0.0,0.0,0.0,0.0,0.0,0.0,0.0,0.0,0.0,0.0,0.0,0.0,0.0,0.0,0.0,0.0,0.0,0.0,0.0,0.0,0.0,0.0,0.0,0.0,0.0,0.0,0.0,0.0,0.0,0.0,0.0,1.0,1.0,2.0,0.0,0.0,0.0,0.0,6.0,2.0,0.0,1.0,0.0,0.0,12.0,6.0,3.0,18.0,25.0,29.0,34.0,13.0,0.0,0.0,0.0,0.0,0.0,0.0,0.0,0.0,0.0,0.0,0.0,0.0,0.0,6.0,5.0,7.0,0.0,0.0,0.0,0.0,8.0,3.0,0.0,1.0,0.0,0.0,16.0,7.0,3.0,23.0,36.0,44.0,43.0,17.0
585,1.0,585.0,London_56,three,151,453,1092.0,70.0,2.0,144960.0,5.243240615352988,773.0,45.0,2.0,43.0,97.0,20.0,77.0,242.0,57.0,130.0,35.0,143.0,19.0,55.0,5.0,9.0,6.0,84.0,121.0,242.0,65.0,0.0,0.0,0.0,0.0,0.0,0.0,0.0,0.0,0.0,0.0,0.0,0.0,0.0,0.0,0.0,0.0,0.0,0.0,0.0,0.0,0.0,0.0,0.0,0.0,0.0,0.0,0.0,0.0,0.0,2.0,0.0,0.0,1.0,0.0,0.0,2.0,0.0,0.0,0.0,0.0,3.0,0.0,0.0,1.0,0.0,0.0,7.0,3.0,1.0,4.0,7.0,14.0,6.0,8.0,0.0,0.0,0.0,0.0,0.0,0.0,0.0,0.0,0.0,4.0,0.0,0.0,7.0,0.0,0.0,9.0,0.0,0.0,0.0,0.0,3.0,0.0,0.0,1.0,0.0,0.0,11.0,4.0,1.0,5.0,10.0,24.0,10.0,11.0
586,1.0,586.0,London_56,three,151,453,1092.0,70.0,2.0,169422.0,6.7496495600789785,827.0,129.0,0.0,129.0,211.0,0.0,211.0,97.0,61.0,125.0,41.0,149.0,9.0,57.0,4.0,7.0,5.0,97.0,115.0,236.0,65.0,0.0,0.0,0.0,0.0,0.0,0.0,0.0,0.0,0.0,0.0,0.0,0.0,0.0,0.0,0.0,0.0,0.0,0.0,0.0,0.0,0.0,0.0,0.0,0.0,0.0,0.0,0.0,0.0,0.0,0.0,0.0,0.0,0.0,0.0,0.0,0.0,0.0,0.0,0.0,0.0,5.0,10.0,0.0,1.0,0.0,0.0,8.0,10.0,3.0,5.0,17.0,32.0,22.0,12.0,0.0,0.0,0.0,0.0,0.0,0.0,0.0,0.0,0.0,0.0,0.0,0.0,0.0,0.0,0.0,0.0,0.0,0.0,0.0,0.0,7.0,12.0,0.0,1.0,0.0,0.0,11.0,13.0,3.0,7.0,24.0,46.0,25.0,19.0
587,1.0,587.0,London_56,three,151,453,1092.0,70.0,2.0,152208.0,5.599749016109854,789.0,49.0,0.0,49.0,88.0,0.0,88.0,211.0,57.0,123.0,47.0,138.0,12.0,61.0,5.0,10.0,7.0,86.0,120.0,240.0,76.0,0.0,0.0,0.0,0.0,0.0,0.0,0.0,0.0,0.0,0.0,0.0,0.0,0.0,0.0,0.0,0.0,0.0,0.0,0.0,0.0,0.0,0.0,0.0,0.0,0.0,0.0,0.0,0.0,0.0,0.0,0.0,0.0,0.0,0.0,0.0,0.0,0.0,0.0,0.0,0.0,0.0,0.0,0.0,0.0,0.0,0.0,12.0,4.0,1.0,6.0,11.0,14.0,10.0,5.0,0.0,0.0,0.0,0.0,0.0,0.0,0.0,0.0,0.0,0.0,0.0,0.0,0.0,0.0,0.0,0.0,0.0,0.0,0.0,0.0,0.0,0.0,0.0,0.0,0.0,0.0,17.0,6.0,1.0,8.0,15.0,22.0,14.0,7.0
588,1.0,588.0,London_56,three,151,453,1092.0,70.0,2.0,165798.0,6.508962222840637,819.0,77.0,2.0,75.0,152.0,19.0,133.0,88.0,57.0,132.0,45.0,133.0,16.0,56.0,5.0,9.0,7.0,83.0,127.0,236.0,78.0,0.0,0.0,0.0,0.0,0.0,0.0,0.0,0.0,0.0,0.0,0.0,0.0,0.0,0.0,0.0,0.0,0.0,0.0,0.0,0.0,0.0,0.0,0.0,0.0,0.0,0.0,0.0,0.0,0.0,1.0,0.0,0.0,1.0,0.0,0.0,1.0,0.0,0.0,0.0,0.0,1.0,0.0,0.0,1.0,0.0,0.0,8.0,6.0,0.0,8.0,12.0,15.0,16.0,4.0,0.0,0.0,0.0,0.0,0.0,0.0,0.0,0.0,0.0,4.0,0.0,0.0,4.0,0.0,0.0,2.0,0.0,0.0,0.0,0.0,1.0,0.0,0.0,2.0,0.0,0.0,11.0,12.0,0.0,15.0,20.0,27.0,20.0,6.0
589,1.0,589.0,London_56,three,151,453,1092.0,70.0,2.0,160815.0,6.694006146863103,808.0,120.0,0.0,120.0,218.0,0.0,218.0,152.0,50.0,137.0,43.0,146.0,15.0,49.0,4.0,9.0,6.0,74.0,148.0,225.0,73.0,0.0,0.0,0.0,0.0,0.0,0.0,0.0,0.0,0.0,0.0,0.0,0.0,0.0,0.0,0.0,0.0,0.0,0.0,0.0,0.0,0.0,0.0,0.0,0.0,0.0,0.0,0.0,0.0,0.0,0.0,0.0,0.0,0.0,0.0,0.0,0.0,0.0,0.0,0.0,0.0,1.0,2.0,0.0,0.0,0.0,0.0,9.0,10.0,8.0,17.0,28.0,20.0,28.0,9.0,0.0,0.0,0.0,0.0,0.0,0.0,0.0,0.0,0.0,0.0,0.0,0.0,0.0,0.0,0.0,0.0,0.0,0.0,0.0,0.0,1.0,2.0,0.0,0.0,0.0,0.0,13.0,15.0,13.0,23.0,44.0,31.0,37.0,16.0
590,1.0,590.0,London_56,three,151,453,1092.0,70.0,2.0,137712.0,5.891238116193563,757.0,74.0,1.0,73.0,128.0,11.0,117.0,218.0,51.0,127.0,39.0,149.0,18.0,54.0,2.0,13.0,6.0,68.0,145.0,234.0,71.0,0.0,0.0,0.0,0.0,0.0,0.0,0.0,0.0,0.0,0.0,0.0,0.0,0.0,0.0,0.0,0.0,0.0,0.0,0.0,0.0,0.0,0.0,0.0,0.0,0.0,0.0,0.0,0.0,0.0,0.0,0.0,0.0,1.0,1.0,0.0,1.0,0.0,0.0,0.0,0.0,1.0,0.0,0.0,1.0,0.0,0.0,7.0,4.0,2.0,5.0,20.0,21.0,14.0,6.0,0.0,0.0,0.0,0.0,0.0,0.0,0.0,0.0,0.0,0.0,0.0,0.0,2.0,10.0,0.0,4.0,0.0,0.0,0.0,0.0,1.0,0.0,0.0,1.0,0.0,0.0,9.0,5.0,3.0,6.0,28.0,31.0,21.0,9.0
591,1.0,591.0,London_56,three,151,453,1092.0,70.0,2.0,130011.0,5.529954015742987,740.0,131.0,0.0,131.0,228.0,0.0,228.0,128.0,50.0,138.0,36.0,138.0,18.0,53.0,4.0,16.0,6.0,65.0,162.0,220.0,84.0,0.0,0.0,0.0,0.0,0.0,0.0,0.0,0.0,0.0,0.0,0.0,0.0,0.0,0.0,0.0,0.0,0.0,0.0,0.0,0.0,0.0,0.0,0.0,0.0,0.0,0.0,0.0,0.0,0.0,0.0,0.0,0.0,0.0,0.0,0.0,0.0,0.0,0.0,0.0,0.0,3.0,3.0,0.0,2.0,0.0,0.0,10.0,11.0,6.0,12.0,31.0,25.0,25.0,10.0,0.0,0.0,0.0,0.0,0.0,0.0,0.0,0.0,0.0,0.0,0.0,0.0,0.0,0.0,0.0,0.0,0.0,0.0,0.0,0.0,3.0,3.0,0.0,2.0,0.0,0.0,14.0,13.0,8.0,16.0,43.0,41.0,35.0,16.0
592,1.0,592.0,London_56,three,151,453,1092.0,70.0,2.0,89694.0,6.222412901930511,651.0,74.0,0.0,74.0,135.0,0.0,135.0,228.0,58.0,150.0,41.0,122.0,23.0,42.0,4.0,13.0,8.0,74.0,161.0,210.0,87.0,0.0,0.0,0.0,0.0,0.0,0.0,0.0,0.0,0.0,0.0,0.0,0.0,0.0,0.0,0.0,0.0,0.0,0.0,0.0,0.0,0.0,0.0,0.0,0.0,0.0,0.0,0.0,0.0,0.0,0.0,0.0,0.0,0.0,0.0,0.0,0.0,0.0,0.0,0.0,0.0,1.0,3.0,0.0,0.0,0.0,0.0,7.0,5.0,2.0,11.0,16.0,19.0,18.0,6.0,0.0,0.0,0.0,0.0,0.0,0.0,0.0,0.0,0.0,0.0,0.0,0.0,0.0,0.0,0.0,0.0,0.0,0.0,0.0,0.0,1.0,3.0,0.0,0.0,0.0,0.0,10.0,7.0,2.0,17.0,25.0,32.0,24.0,7.0
593,1.0,593.0,London_56,three,151,453,1092.0,70.0,2.0,76104.0,0.40025568287819624,621.0,70.0,2.0,68.0,136.0,18.0,118.0,135.0,66.0,155.0,34.0,126.0,21.0,36.0,7.0,8.0,7.0,74.0,161.0,211.0,94.0,0.0,0.0,0.0,0.0,0.0,0.0,0.0,0.0,0.0,0.0,0.0,0.0,0.0,0.0,0.0,0.0,0.0,0.0,0.0,0.0,0.0,0.0,0.0,0.0,0.0,0.0,0.0,0.0,0.0,0.0,0.0,0.0,0.0,0.0,1.0,1.0,0.0,0.0,0.0,0.0,2.0,1.0,0.0,0.0,0.0,0.0,6.0,0.0,0.0,11.0,14.0,9.0,11.0,10.0,0.0,0.0,0.0,0.0,0.0,0.0,0.0,0.0,0.0,0.0,0.0,0.0,0.0,0.0,6.0,1.0,0.0,0.0,0.0,0.0,2.0,2.0,0.0,0.0,0.0,0.0,7.0,0.0,0.0,16.0,21.0,12.0,14.0,15.0
594,1.0,594.0,London_56,three,151,453,1092.0,70.0,2.0,75198.0,0.42189452005550265,619.0,30.0,1.0,29.0,60.0,10.0,50.0,136.0,64.0,165.0,27.0,127.0,17.0,37.0,5.0,11.0,6.0,83.0,162.0,202.0,96.0,0.0,0.0,0.0,0.0,0.0,0.0,0.0,0.0,0.0,0.0,0.0,0.0,0.0,0.0,0.0,0.0,0.0,0.0,0.0,0.0,0.0,0.0,0.0,0.0,0.0,0.0,0.0,0.0,0.0,0.0,0.0,0.0,0.0,0.0,0.0,0.0,1.0,0.0,0.0,0.0,1.0,0.0,0.0,1.0,0.0,1.0,4.0,2.0,0.0,2.0,9.0,3.0,1.0,3.0,0.0,0.0,0.0,0.0,0.0,0.0,0.0,0.0,0.0,0.0,0.0,0.0,0.0,0.0,0.0,0.0,3.0,0.0,0.0,0.0,1.0,0.0,0.0,1.0,0.0,2.0,5.0,2.0,0.0,2.0,16.0,4.0,1.0,4.0
595,1.0,595.0,London_56,three,151,453,1092.0,70.0,2.0,94677.0,1.870235017966479,662.0,3.0,0.0,3.0,4.0,0.0,4.0,60.0,60.0,161.0,28.0,126.0,18.0,42.0,5.0,13.0,6.0,87.0,156.0,204.0,96.0,0.0,0.0,0.0,0.0,0.0,0.0,0.0,0.0,0.0,0.0,0.0,0.0,0.0,0.0,0.0,0.0,0.0,0.0,0.0,0.0,0.0,0.0,0.0,0.0,0.0,0.0,0.0,0.0,0.0,0.0,0.0,0.0,0.0,0.0,0.0,0.0,0.0,0.0,0.0,0.0,0.0,0.0,0.0,0.0,0.0,0.0,0.0,0.0,0.0,0.0,1.0,1.0,1.0,0.0,0.0,0.0,0.0,0.0,0.0,0.0,0.0,0.0,0.0,0.0,0.0,0.0,0.0,0.0,0.0,0.0,0.0,0.0,0.0,0.0,0.0,0.0,0.0,0.0,0.0,0.0,0.0,0.0,0.0,0.0,1.0,2.0,1.0,0.0
596,1.0,596.0,London_56,three,151,453,1092.0,70.0,2.0,139071.0,6.2335387310013175,760.0,54.0,0.0,54.0,97.0,0.0,97.0,4.0,60.0,162.0,28.0,124.0,18.0,42.0,5.0,14.0,6.0,86.0,158.0,203.0,96.0,0.0,0.0,0.0,0.0,0.0,0.0,0.0,0.0,0.0,0.0,0.0,0.0,0.0,0.0,0.0,0.0,0.0,0.0,0.0,0.0,0.0,0.0,0.0,0.0,0.0,0.0,0.0,0.0,0.0,0.0,0.0,0.0,0.0,0.0,0.0,0.0,0.0,0.0,0.0,0.0,1.0,3.0,0.0,0.0,2.0,0.0,2.0,3.0,1.0,8.0,10.0,10.0,12.0,5.0,0.0,0.0,0.0,0.0,0.0,0.0,0.0,0.0,0.0,0.0,0.0,0.0,0.0,0.0,0.0,0.0,0.0,0.0,0.0,0.0,1.0,5.0,0.0,0.0,2.0,0.0,4.0,5.0,2.0,12.0,17.0,15.0,14.0,7.0
597,1.0,597.0,London_56,three,151,453,1092.0,70.0,2.0,158550.0,5.545704897958785,803.0,22.0,2.0,20.0,46.0,16.0,30.0,97.0,62.0,152.0,31.0,125.0,19.0,45.0,4.0,15.0,7.0,83.0,160.0,203.0,96.0,0.0,0.0,0.0,0.0,0.0,0.0,0.0,0.0,0.0,0.0,0.0,0.0,0.0,0.0,0.0,0.0,0.0,0.0,0.0,0.0,0.0,0.0,0.0,0.0,0.0,0.0,0.0,0.0,0.0,0.0,0.0,0.0,1.0,0.0,0.0,1.0,0.0,0.0,0.0,0.0,0.0,0.0,0.0,0.0,0.0,0.0,1.0,0.0,0.0,2.0,7.0,1.0,4.0,1.0,0.0,0.0,0.0,0.0,0.0,0.0,0.0,0.0,0.0,0.0,0.0,0.0,2.0,0.0,0.0,2.0,0.0,0.0,0.0,0.0,0.0,0.0,0.0,0.0,0.0,0.0,1.0,0.0,0.0,2.0,9.0,1.0,5.0,1.0
598,1.0,598.0,London_56,three,151,453,1092.0,70.0,2.0,194337.0,7.1155539019964635,882.0,69.0,2.0,67.0,133.0,18.0,115.0,46.0,65.0,141.0,35.0,131.0,13.0,47.0,4.0,17.0,3.0,76.0,157.0,217.0,82.0,0.0,0.0,0.0,0.0,0.0,0.0,0.0,0.0,0.0,0.0,0.0,0.0,0.0,0.0,0.0,0.0,0.0,0.0,0.0,0.0,0.0,0.0,0.0,0.0,0.0,0.0,0.0,0.0,0.0,1.0,0.0,0.0,0.0,0.0,0.0,1.0,1.0,0.0,0.0,0.0,1.0,3.0,0.0,2.0,1.0,0.0,2.0,6.0,1.0,9.0,8.0,13.0,12.0,6.0,0.0,0.0,0.0,0.0,0.0,0.0,0.0,0.0,0.0,6.0,0.0,0.0,0.0,0.0,0.0,3.0,5.0,0.0,0.0,0.0,1.0,3.0,0.0,3.0,1.0,0.0,2.0,7.0,1.0,11.0,14.0,18.0,15.0,10.0
599,1.0,599.0,London_56,three,151,453,1092.0,70.0,2.0,208833.0,3.658466251101345,914.0,108.0,1.0,107.0,201.0,10.0,191.0,133.0,55.0,129.0,39.0,140.0,18.0,49.0,5.0,18.0,5.0,72.0,158.0,218.0,76.0,0.0,0.0,0.0,0.0,0.0,0.0,0.0,0.0,0.0,0.0,0.0,0.0,0.0,0.0,0.0,0.0,0.0,0.0,0.0,0.0,0.0,0.0,0.0,0.0,0.0,0.0,0.0,0.0,0.0,0.0,0.0,0.0,0.0,0.0,1.0,0.0,0.0,0.0,0.0,0.0,0.0,3.0,0.0,0.0,0.0,0.0,10.0,10.0,1.0,8.0,20.0,35.0,23.0,17.0,0.0,0.0,0.0,0.0,0.0,0.0,0.0,0.0,0.0,0.0,0.0,0.0,0.0,0.0,6.0,0.0,0.0,0.0,0.0,0.0,0.0,4.0,0.0,0.0,0.0,0.0,11.0,17.0,1.0,10.0,32.0,47.0,32.0,30.0
600,1.0,600.0,London_56,three,151,453,1092.0,70.0,2.0,208833.0,8.760470506735146,914.0,171.0,0.0,171.0,297.0,0.0,297.0,201.0,58.0,146.0,37.0,132.0,12.0,47.0,2.0,19.0,9.0,63.0,158.0,223.0,70.0,0.0,0.0,0.0,0.0,0.0,0.0,0.0,0.0,0.0,0.0,0.0,0.0,0.0,0.0,0.0,0.0,0.0,0.0,0.0,0.0,0.0,0.0,0.0,0.0,0.0,0.0,0.0,0.0,0.0,0.0,0.0,0.0,0.0,0.0,0.0,0.0,0.0,0.0,0.0,0.0,1.0,15.0,2.0,1.0,1.0,0.0,7.0,12.0,7.0,6.0,43.0,38.0,25.0,11.0,0.0,0.0,0.0,0.0,0.0,0.0,0.0,0.0,0.0,0.0,0.0,0.0,0.0,0.0,0.0,0.0,0.0,0.0,0.0,0.0,1.0,20.0,2.0,1.0,1.0,0.0,9.0,18.0,8.0,7.0,61.0,51.0,29.0,14.0
601,1.0,601.0,London_56,three,151,453,1092.0,70.0,2.0,166251.0,6.583720074035227,820.0,151.0,2.0,149.0,285.0,18.0,267.0,297.0,65.0,139.0,41.0,124.0,20.0,51.0,2.0,11.0,8.0,68.0,154.0,223.0,66.0,0.0,0.0,0.0,0.0,0.0,0.0,0.0,0.0,0.0,0.0,0.0,0.0,0.0,0.0,0.0,0.0,0.0,0.0,0.0,0.0,0.0,0.0,0.0,0.0,0.0,0.0,0.0,0.0,0.0,2.0,0.0,0.0,1.0,0.0,0.0,2.0,0.0,0.0,0.0,0.0,0.0,10.0,0.0,1.0,2.0,0.0,2.0,8.0,3.0,13.0,36.0,27.0,20.0,9.0,0.0,0.0,0.0,0.0,0.0,0.0,0.0,0.0,0.0,2.0,0.0,0.0,6.0,0.0,0.0,6.0,0.0,0.0,0.0,0.0,0.0,13.0,0.0,2.0,2.0,0.0,4.0,11.0,5.0,18.0,55.0,41.0,22.0,12.0
602,1.0,602.0,London_56,three,151,453,1092.0,70.0,2.0,140430.0,5.14502235641703,763.0,45.0,2.0,43.0,94.0,19.0,75.0,285.0,56.0,140.0,35.0,127.0,17.0,65.0,3.0,10.0,9.0,79.0,135.0,230.0,72.0,0.0,0.0,0.0,0.0,0.0,0.0,0.0,0.0,0.0,0.0,0.0,0.0,0.0,0.0,0.0,0.0,0.0,0.0,0.0,0.0,0.0,0.0,0.0,0.0,0.0,0.0,0.0,0.0,0.0,1.0,0.0,0.0,1.0,1.0,0.0,1.0,0.0,0.0,0.0,0.0,0.0,0.0,0.0,2.0,0.0,0.0,5.0,1.0,2.0,6.0,7.0,9.0,16.0,3.0,0.0,0.0,0.0,0.0,0.0,0.0,0.0,0.0,0.0,9.0,0.0,0.0,6.0,6.0,0.0,2.0,0.0,0.0,0.0,0.0,0.0,0.0,0.0,3.0,0.0,0.0,7.0,2.0,2.0,7.0,12.0,13.0,20.0,4.0
603,1.0,603.0,London_56,three,151,453,1092.0,70.0,2.0,163080.0,3.3386510349810123,813.0,66.0,2.0,64.0,135.0,20.0,115.0,94.0,49.0,134.0,39.0,128.0,19.0,69.0,3.0,12.0,6.0,89.0,133.0,225.0,71.0,0.0,0.0,0.0,0.0,0.0,0.0,0.0,0.0,0.0,0.0,0.0,0.0,0.0,0.0,0.0,0.0,0.0,0.0,0.0,0.0,0.0,0.0,0.0,0.0,0.0,0.0,0.0,0.0,0.0,0.0,0.0,0.0,1.0,0.0,2.0,2.0,0.0,0.0,0.0,0.0,1.0,0.0,0.0,0.0,2.0,0.0,7.0,3.0,0.0,5.0,10.0,17.0,13.0,5.0,0.0,0.0,0.0,0.0,0.0,0.0,0.0,0.0,0.0,0.0,0.0,0.0,2.0,0.0,15.0,5.0,0.0,0.0,0.0,0.0,1.0,0.0,0.0,0.0,3.0,0.0,9.0,3.0,0.0,7.0,13.0,26.0,17.0,8.0
604,1.0,604.0,London_56,three,151,453,1092.0,70.0,2.0,182106.0,3.5765578458085656,855.0,124.0,0.0,124.0,208.0,0.0,208.0,135.0,47.0,138.0,33.0,130.0,18.0,70.0,4.0,13.0,4.0,85.0,138.0,226.0,86.0,0.0,0.0,0.0,0.0,0.0,0.0,0.0,0.0,0.0,0.0,0.0,0.0,0.0,0.0,0.0,0.0,0.0,0.0,0.0,0.0,0.0,0.0,0.0,0.0,0.0,0.0,0.0,0.0,0.0,0.0,0.0,0.0,0.0,0.0,0.0,0.0,0.0,0.0,0.0,0.0,4.0,4.0,0.0,3.0,1.0,0.0,11.0,9.0,6.0,7.0,23.0,26.0,25.0,5.0,0.0,0.0,0.0,0.0,0.0,0.0,0.0,0.0,0.0,0.0,0.0,0.0,0.0,0.0,0.0,0.0,0.0,0.0,0.0,0.0,6.0,7.0,0.0,4.0,1.0,0.0,15.0,14.0,7.0,10.0,35.0,37.0,28.0,7.0
605,1.0,605.0,London_56,three,151,453,1092.0,70.0,2.0,167610.0,5.845579391811043,823.0,81.0,2.0,79.0,150.0,17.0,133.0,208.0,56.0,142.0,34.0,121.0,19.0,64.0,5.0,12.0,7.0,86.0,145.0,215.0,93.0,0.0,0.0,0.0,0.0,0.0,0.0,0.0,0.0,0.0,0.0,0.0,0.0,0.0,0.0,0.0,0.0,0.0,0.0,0.0,0.0,0.0,0.0,0.0,0.0,0.0,0.0,0.0,0.0,0.0,0.0,0.0,0.0,2.0,0.0,0.0,2.0,0.0,0.0,0.0,0.0,0.0,3.0,0.0,0.0,0.0,0.0,7.0,6.0,6.0,11.0,19.0,19.0,18.0,5.0,0.0,0.0,0.0,0.0,0.0,0.0,0.0,0.0,0.0,0.0,0.0,0.0,6.0,0.0,0.0,5.0,0.0,0.0,0.0,0.0,0.0,4.0,0.0,0.0,0.0,0.0,7.0,8.0,8.0,15.0,31.0,28.0,26.0,11.0
606,1.0,606.0,London_56,three,151,453,1092.0,70.0,2.0,176670.0,3.7287074238993227,843.0,104.0,0.0,104.0,176.0,0.0,176.0,150.0,47.0,137.0,42.0,133.0,16.0,57.0,6.0,15.0,8.0,98.0,117.0,230.0,85.0,0.0,0.0,0.0,0.0,0.0,0.0,0.0,0.0,0.0,0.0,0.0,0.0,0.0,0.0,0.0,0.0,0.0,0.0,0.0,0.0,0.0,0.0,0.0,0.0,0.0,0.0,0.0,0.0,0.0,0.0,0.0,0.0,0.0,0.0,0.0,0.0,0.0,0.0,0.0,0.0,0.0,2.0,0.0,2.0,1.0,1.0,8.0,4.0,2.0,6.0,25.0,22.0,20.0,6.0,0.0,0.0,0.0,0.0,0.0,0.0,0.0,0.0,0.0,0.0,0.0,0.0,0.0,0.0,0.0,0.0,0.0,0.0,0.0,0.0,0.0,2.0,0.0,2.0,1.0,1.0,11.0,5.0,2.0,8.0,40.0,30.0,26.0,11.0
607,1.0,607.0,London_56,three,151,453,1092.0,70.0,2.0,173952.0,1.5878327079117298,837.0,113.0,0.0,113.0,176.0,0.0,176.0,176.0,53.0,132.0,47.0,130.0,11.0,56.0,8.0,16.0,9.0,92.0,139.0,213.0,78.0,0.0,0.0,0.0,0.0,0.0,0.0,0.0,0.0,0.0,0.0,0.0,0.0,0.0,0.0,0.0,0.0,0.0,0.0,0.0,0.0,0.0,0.0,0.0,0.0,0.0,0.0,0.0,0.0,0.0,0.0,0.0,0.0,0.0,0.0,0.0,0.0,0.0,0.0,0.0,0.0,5.0,10.0,0.0,4.0,0.0,0.0,6.0,10.0,1.0,4.0,16.0,34.0,16.0,10.0,0.0,0.0,0.0,0.0,0.0,0.0,0.0,0.0,0.0,0.0,0.0,0.0,0.0,0.0,0.0,0.0,0.0,0.0,0.0,0.0,5.0,11.0,0.0,5.0,0.0,0.0,6.0,14.0,1.0,4.0,20.0,49.0,22.0,14.0
608,1.0,608.0,London_56,three,151,453,1092.0,70.0,2.0,164439.0,7.18801303813234,816.0,73.0,1.0,72.0,126.0,9.0,117.0,176.0,50.0,119.0,46.0,142.0,15.0,59.0,6.0,16.0,9.0,88.0,155.0,201.0,78.0,0.0,0.0,0.0,0.0,0.0,0.0,0.0,0.0,0.0,0.0,0.0,0.0,0.0,0.0,0.0,0.0,0.0,0.0,0.0,0.0,0.0,0.0,0.0,0.0,0.0,0.0,0.0,0.0,0.0,0.0,0.0,0.0,0.0,0.0,0.0,0.0,0.0,0.0,0.0,0.0,0.0,1.0,0.0,0.0,0.0,0.0,10.0,4.0,3.0,4.0,11.0,16.0,15.0,6.0,0.0,0.0,0.0,0.0,0.0,0.0,0.0,0.0,0.0,0.0,0.0,0.0,0.0,0.0,0.0,0.0,0.0,0.0,0.0,0.0,0.0,2.0,0.0,0.0,0.0,0.0,13.0,6.0,4.0,5.0,15.0,24.0,22.0,11.0
609,1.0,609.0,London_56,three,151,453,1092.0,70.0,2.0,174858.0,6.595121623016894,839.0,85.0,0.0,85.0,142.0,0.0,142.0,126.0,59.0,115.0,46.0,142.0,12.0,58.0,6.0,15.0,9.0,88.0,161.0,195.0,75.0,0.0,0.0,0.0,0.0,0.0,0.0,0.0,0.0,0.0,0.0,0.0,0.0,0.0,0.0,0.0,0.0,0.0,0.0,0.0,0.0,0.0,0.0,0.0,0.0,0.0,0.0,0.0,0.0,0.0,0.0,0.0,0.0,0.0,0.0,0.0,0.0,0.0,0.0,0.0,0.0,2.0,0.0,0.0,0.0,0.0,0.0,2.0,6.0,1.0,4.0,18.0,22.0,16.0,11.0,0.0,0.0,0.0,0.0,0.0,0.0,0.0,0.0,0.0,0.0,0.0,0.0,0.0,0.0,0.0,0.0,0.0,0.0,0.0,0.0,2.0,0.0,0.0,0.0,0.0,0.0,2.0,7.0,2.0,7.0,29.0,31.0,25.0,15.0
610,1.0,610.0,London_56,three,151,453,1092.0,70.0,2.0,168969.0,7.484975511208177,826.0,125.0,0.0,125.0,214.0,0.0,214.0,142.0,64.0,119.0,43.0,140.0,15.0,52.0,5.0,15.0,12.0,79.0,152.0,210.0,83.0,0.0,0.0,0.0,0.0,0.0,0.0,0.0,0.0,0.0,0.0,0.0,0.0,0.0,0.0,0.0,0.0,0.0,0.0,0.0,0.0,0.0,0.0,0.0,0.0,0.0,0.0,0.0,0.0,0.0,0.0,0.0,0.0,0.0,0.0,0.0,0.0,0.0,0.0,0.0,0.0,0.0,0.0,0.0,3.0,0.0,0.0,11.0,8.0,2.0,11.0,21.0,25.0,17.0,8.0,0.0,0.0,0.0,0.0,0.0,0.0,0.0,0.0,0.0,0.0,0.0,0.0,0.0,0.0,0.0,0.0,0.0,0.0,0.0,0.0,0.0,0.0,0.0,6.0,0.0,0.0,12.0,13.0,3.0,14.0,34.0,30.0,22.0,12.0
611,1.0,611.0,London_56,three,151,453,1092.0,70.0,2.0,134541.0,9.207325187977403,750.0,74.0,0.0,74.0,131.0,0.0,131.0,214.0,66.0,137.0,47.0,136.0,17.0,33.0,3.0,14.0,18.0,71.0,154.0,210.0,82.0,0.0,0.0,0.0,0.0,0.0,0.0,0.0,0.0,0.0,0.0,0.0,0.0,0.0,0.0,0.0,0.0,0.0,0.0,0.0,0.0,0.0,0.0,0.0,0.0,0.0,0.0,0.0,0.0,0.0,0.0,0.0,0.0,0.0,0.0,0.0,0.0,0.0,0.0,0.0,0.0,5.0,0.0,0.0,1.0,1.0,0.0,6.0,7.0,2.0,11.0,17.0,15.0,13.0,4.0,0.0,0.0,0.0,0.0,0.0,0.0,0.0,0.0,0.0,0.0,0.0,0.0,0.0,0.0,0.0,0.0,0.0,0.0,0.0,0.0,6.0,0.0,0.0,1.0,1.0,0.0,7.0,8.0,5.0,17.0,31.0,23.0,18.0,6.0
612,1.0,612.0,London_56,three,151,453,1092.0,70.0,2.0,130011.0,7.434944971930236,740.0,72.0,2.0,70.0,125.0,17.0,108.0,131.0,65.0,134.0,46.0,147.0,18.0,33.0,3.0,7.0,17.0,67.0,161.0,208.0,83.0,0.0,0.0,0.0,0.0,0.0,0.0,0.0,0.0,0.0,0.0,0.0,0.0,0.0,0.0,0.0,0.0,0.0,0.0,0.0,0.0,0.0,0.0,0.0,0.0,0.0,0.0,0.0,0.0,0.0,1.0,0.0,0.0,1.0,0.0,0.0,1.0,0.0,0.0,0.0,0.0,5.0,1.0,0.0,2.0,0.0,1.0,7.0,12.0,1.0,7.0,14.0,9.0,12.0,2.0,0.0,0.0,0.0,0.0,0.0,0.0,0.0,0.0,0.0,2.0,0.0,0.0,4.0,0.0,0.0,3.0,0.0,0.0,0.0,0.0,6.0,1.0,0.0,4.0,0.0,2.0,9.0,15.0,1.0,7.0,19.0,11.0,14.0,2.0
613,1.0,613.0,London_56,three,151,453,1092.0,70.0,2.0,126387.0,3.5205791126936674,732.0,125.0,2.0,123.0,236.0,20.0,216.0,125.0,63.0,140.0,37.0,153.0,12.0,38.0,1.0,9.0,14.0,57.0,172.0,210.0,79.0,0.0,0.0,0.0,0.0,0.0,0.0,0.0,0.0,0.0,0.0,0.0,0.0,0.0,0.0,0.0,0.0,0.0,0.0,0.0,0.0,0.0,0.0,0.0,0.0,0.0,0.0,0.0,0.0,0.0,0.0,0.0,0.0,1.0,1.0,0.0,2.0,0.0,0.0,0.0,0.0,0.0,4.0,1.0,2.0,3.0,0.0,3.0,11.0,5.0,3.0,23.0,22.0,22.0,9.0,0.0,0.0,0.0,0.0,0.0,0.0,0.0,0.0,0.0,0.0,0.0,0.0,9.0,10.0,0.0,7.0,0.0,0.0,0.0,0.0,0.0,6.0,3.0,4.0,3.0,0.0,5.0,20.0,9.0,4.0,33.0,31.0,31.0,16.0
614,1.0,614.0,London_56,three,151,453,1092.0,70.0,2.0,92412.0,3.9225808191113174,657.0,112.0,2.0,110.0,196.0,18.0,178.0,236.0,59.0,150.0,31.0,145.0,13.0,47.0,1.0,7.0,15.0,68.0,171.0,199.0,84.0,0.0,0.0,0.0,0.0,0.0,0.0,0.0,0.0,0.0,0.0,0.0,0.0,0.0,0.0,0.0,0.0,0.0,0.0,0.0,0.0,0.0,0.0,0.0,0.0,0.0,0.0,0.0,0.0,0.0,0.0,0.0,0.0,0.0,0.0,1.0,0.0,0.0,0.0,0.0,0.0,2.0,4.0,0.0,3.0,0.0,1.0,8.0,6.0,2.0,13.0,25.0,24.0,12.0,9.0,0.0,0.0,0.0,0.0,0.0,0.0,0.0,0.0,0.0,0.0,0.0,0.0,0.0,0.0,7.0,0.0,0.0,0.0,0.0,0.0,2.0,8.0,0.0,5.0,0.0,1.0,11.0,8.0,2.0,16.0,33.0,34.0,16.0,12.0
615,1.0,615.0,London_56,three,151,453,1092.0,70.0,2.0,75198.0,0.3716749232262373,619.0,7.0,1.0,6.0,20.0,9.0,11.0,196.0,64.0,138.0,30.0,149.0,13.0,53.0,1.0,5.0,12.0,66.0,168.0,207.0,88.0,0.0,0.0,0.0,0.0,0.0,0.0,0.0,0.0,0.0,0.0,0.0,0.0,0.0,0.0,0.0,0.0,0.0,0.0,0.0,0.0,0.0,0.0,0.0,0.0,0.0,0.0,0.0,0.0,0.0,0.0,0.0,0.0,0.0,0.0,1.0,0.0,1.0,0.0,0.0,0.0,0.0,1.0,0.0,0.0,0.0,0.0,0.0,0.0,0.0,1.0,2.0,2.0,2.0,2.0,0.0,0.0,0.0,0.0,0.0,0.0,0.0,0.0,0.0,0.0,0.0,0.0,0.0,0.0,2.0,0.0,2.0,0.0,0.0,0.0,0.0,4.0,0.0,0.0,0.0,0.0,0.0,0.0,0.0,1.0,2.0,2.0,2.0,3.0
616,1.0,616.0,London_56,three,151,453,1092.0,70.0,2.0,107814.0,2.714233312755823,691.0,2.0,2.0,0.0,18.0,18.0,0.0,20.0,68.0,137.0,27.0,146.0,13.0,56.0,1.0,5.0,10.0,64.0,166.0,213.0,85.0,0.0,0.0,0.0,0.0,0.0,0.0,0.0,0.0,0.0,1.0,0.0,1.0,0.0,0.0,0.0,0.0,0.0,0.0,1.0,0.0,0.0,0.0,0.0,0.0,0.0,0.0,0.0,0.0,0.0,1.0,0.0,0.0,0.0,0.0,0.0,0.0,0.0,0.0,0.0,0.0,0.0,0.0,0.0,0.0,0.0,0.0,0.0,0.0,0.0,0.0,0.0,0.0,0.0,0.0,0.0,0.0,0.0,0.0,0.0,0.0,0.0,0.0,0.0,9.0,0.0,0.0,0.0,0.0,0.0,0.0,0.0,0.0,0.0,0.0,0.0,0.0,0.0,0.0,0.0,0.0,0.0,0.0,0.0,0.0,0.0,0.0,0.0,0.0
617,1.0,617.0,London_56,three,151,453,1092.0,70.0,2.0,151755.0,1.9611165709793568,788.0,56.0,1.0,55.0,103.0,8.0,95.0,17.0,63.0,135.0,28.0,150.0,13.0,58.0,1.0,5.0,10.0,65.0,164.0,214.0,79.0,0.0,0.0,0.0,0.0,0.0,0.0,0.0,0.0,0.0,0.0,0.0,0.0,0.0,0.0,0.0,0.0,0.0,0.0,0.0,0.0,0.0,0.0,0.0,0.0,0.0,0.0,0.0,0.0,0.0,0.0,0.0,0.0,0.0,0.0,0.0,1.0,0.0,0.0,0.0,0.0,3.0,1.0,0.0,4.0,1.0,0.0,4.0,3.0,1.0,4.0,11.0,15.0,8.0,4.0,0.0,0.0,0.0,0.0,0.0,0.0,0.0,0.0,0.0,0.0,0.0,0.0,0.0,0.0,0.0,2.0,0.0,0.0,0.0,0.0,3.0,1.0,0.0,7.0,1.0,0.0,5.0,4.0,1.0,6.0,18.0,22.0,13.0,6.0
618,1.0,618.0,London_56,three,151,453,1092.0,70.0,2.0,169875.0,6.1308820568956435,828.0,57.0,1.0,56.0,103.0,9.0,94.0,103.0,63.0,132.0,29.0,153.0,14.0,54.0,2.0,6.0,11.0,65.0,155.0,222.0,82.0,0.0,0.0,0.0,0.0,0.0,0.0,0.0,0.0,0.0,0.0,0.0,0.0,0.0,0.0,0.0,0.0,0.0,0.0,0.0,0.0,0.0,0.0,0.0,0.0,0.0,0.0,0.0,0.0,0.0,0.0,0.0,0.0,0.0,0.0,1.0,0.0,0.0,0.0,0.0,0.0,2.0,0.0,0.0,1.0,1.0,0.0,6.0,4.0,2.0,5.0,18.0,10.0,15.0,1.0,0.0,0.0,0.0,0.0,0.0,0.0,0.0,0.0,0.0,0.0,0.0,0.0,0.0,0.0,8.0,0.0,0.0,0.0,0.0,0.0,2.0,0.0,0.0,1.0,1.0,0.0,7.0,5.0,2.0,6.0,30.0,12.0,20.0,1.0
619,1.0,619.0,London_56,three,151,453,1092.0,70.0,2.0,192978.0,5.698950476944447,879.0,44.0,0.0,44.0,71.0,0.0,71.0,103.0,57.0,135.0,29.0,147.0,15.0,56.0,3.0,11.0,12.0,76.0,153.0,212.0,86.0,0.0,0.0,0.0,0.0,0.0,0.0,0.0,0.0,0.0,0.0,0.0,0.0,0.0,0.0,0.0,0.0,0.0,0.0,0.0,0.0,0.0,0.0,0.0,0.0,0.0,0.0,0.0,0.0,0.0,0.0,0.0,0.0,0.0,0.0,0.0,0.0,0.0,0.0,0.0,0.0,1.0,6.0,0.0,0.0,0.0,0.0,2.0,2.0,2.0,2.0,7.0,9.0,12.0,6.0,0.0,0.0,0.0,0.0,0.0,0.0,0.0,0.0,0.0,0.0,0.0,0.0,0.0,0.0,0.0,0.0,0.0,0.0,0.0,0.0,1.0,8.0,0.0,0.0,0.0,0.0,3.0,2.0,3.0,2.0,9.0,15.0,15.0,8.0
620,1.0,620.0,London_56,three,151,453,1092.0,70.0,2.0,219705.0,8.202578540891409,938.0,156.0,2.0,154.0,290.0,18.0,272.0,71.0,50.0,141.0,32.0,152.0,11.0,53.0,3.0,11.0,17.0,76.0,145.0,215.0,87.0,0.0,0.0,0.0,0.0,0.0,0.0,0.0,0.0,0.0,0.0,0.0,0.0,0.0,0.0,0.0,0.0,0.0,0.0,0.0,0.0,0.0,0.0,0.0,0.0,0.0,0.0,0.0,0.0,0.0,0.0,0.0,0.0,0.0,1.0,1.0,1.0,0.0,0.0,0.0,0.0,1.0,5.0,0.0,1.0,6.0,2.0,16.0,5.0,2.0,14.0,23.0,42.0,17.0,17.0,0.0,0.0,0.0,0.0,0.0,0.0,0.0,0.0,0.0,0.0,0.0,0.0,0.0,5.0,7.0,2.0,0.0,0.0,0.0,0.0,1.0,7.0,0.0,2.0,6.0,3.0,18.0,6.0,2.0,17.0,37.0,60.0,21.0,21.0
621,1.0,621.0,London_56,three,151,453,1092.0,70.0,2.0,182559.0,6.677703405264765,856.0,144.0,0.0,144.0,235.0,0.0,235.0,290.0,44.0,166.0,36.0,142.0,9.0,42.0,5.0,9.0,11.0,82.0,148.0,212.0,81.0,0.0,0.0,0.0,0.0,0.0,0.0,0.0,0.0,0.0,0.0,0.0,0.0,0.0,0.0,0.0,0.0,0.0,0.0,0.0,0.0,0.0,0.0,0.0,0.0,0.0,0.0,0.0,0.0,0.0,0.0,0.0,0.0,0.0,0.0,0.0,0.0,0.0,0.0,0.0,0.0,7.0,4.0,0.0,1.0,1.0,0.0,15.0,13.0,5.0,7.0,21.0,31.0,31.0,17.0,0.0,0.0,0.0,0.0,0.0,0.0,0.0,0.0,0.0,0.0,0.0,0.0,0.0,0.0,0.0,0.0,0.0,0.0,0.0,0.0,9.0,5.0,0.0,2.0,1.0,0.0,18.0,17.0,6.0,10.0,32.0,45.0,43.0,30.0
622,1.0,622.0,London_56,three,151,453,1092.0,70.0,2.0,154020.0,7.509406456258148,793.0,139.0,1.0,138.0,241.0,8.0,233.0,235.0,52.0,158.0,43.0,134.0,13.0,36.0,5.0,12.0,12.0,76.0,154.0,211.0,95.0,0.0,0.0,0.0,0.0,0.0,0.0,0.0,0.0,0.0,0.0,0.0,0.0,0.0,0.0,0.0,0.0,0.0,0.0,0.0,0.0,0.0,0.0,0.0,0.0,0.0,0.0,0.0,0.0,0.0,0.0,0.0,0.0,0.0,0.0,1.0,1.0,0.0,0.0,0.0,0.0,2.0,0.0,0.0,1.0,1.0,0.0,4.0,8.0,5.0,5.0,20.0,26.0,31.0,6.0,0.0,0.0,0.0,0.0,0.0,0.0,0.0,0.0,0.0,0.0,0.0,0.0,0.0,0.0,6.0,1.0,0.0,0.0,0.0,0.0,2.0,0.0,0.0,1.0,1.0,0.0,8.0,10.0,6.0,9.0,28.0,35.0,41.0,8.0
623,1.0,623.0,London_56,three,151,453,1092.0,70.0,2.0,130917.0,7.599017797969282,742.0,93.0,1.0,92.0,164.0,8.0,156.0,241.0,50.0,137.0,43.0,150.0,21.0,34.0,5.0,13.0,13.0,78.0,145.0,217.0,95.0,0.0,0.0,0.0,0.0,0.0,0.0,0.0,0.0,0.0,0.0,0.0,0.0,0.0,0.0,0.0,0.0,0.0,0.0,0.0,0.0,0.0,0.0,0.0,0.0,0.0,0.0,0.0,0.0,0.0,0.0,0.0,0.0,1.0,0.0,0.0,0.0,1.0,0.0,0.0,0.0,1.0,7.0,0.0,3.0,1.0,0.0,7.0,3.0,1.0,18.0,11.0,16.0,15.0,8.0,0.0,0.0,0.0,0.0,0.0,0.0,0.0,0.0,0.0,0.0,0.0,0.0,2.0,0.0,0.0,0.0,6.0,0.0,0.0,0.0,1.0,7.0,0.0,3.0,1.0,0.0,8.0,4.0,1.0,22.0,16.0,24.0,16.0,10.0
624,1.0,624.0,London_56,three,151,453,1092.0,70.0,2.0,125481.0,6.445428573992103,730.0,41.0,0.0,41.0,60.0,0.0,60.0,164.0,58.0,129.0,58.0,148.0,14.0,27.0,4.0,15.0,13.0,79.0,146.0,215.0,96.0,0.0,0.0,0.0,0.0,0.0,0.0,0.0,0.0,0.0,0.0,0.0,0.0,0.0,0.0,0.0,0.0,0.0,0.0,0.0,0.0,0.0,0.0,0.0,0.0,0.0,0.0,0.0,0.0,0.0,0.0,0.0,0.0,0.0,0.0,0.0,0.0,0.0,0.0,0.0,0.0,1.0,0.0,0.0,0.0,0.0,0.0,0.0,1.0,2.0,8.0,7.0,11.0,10.0,4.0,0.0,0.0,0.0,0.0,0.0,0.0,0.0,0.0,0.0,0.0,0.0,0.0,0.0,0.0,0.0,0.0,0.0,0.0,0.0,0.0,1.0,0.0,0.0,0.0,0.0,0.0,0.0,1.0,2.0,9.0,9.0,14.0,10.0,6.0
625,1.0,625.0,London_56,three,151,453,1092.0,70.0,2.0,148584.0,6.666785349603742,781.0,66.0,2.0,64.0,131.0,18.0,113.0,60.0,63.0,122.0,56.0,148.0,14.0,31.0,4.0,15.0,12.0,81.0,147.0,213.0,97.0,0.0,0.0,0.0,0.0,0.0,0.0,0.0,0.0,0.0,0.0,0.0,0.0,0.0,0.0,0.0,0.0,0.0,0.0,0.0,0.0,0.0,0.0,0.0,0.0,0.0,0.0,0.0,0.0,0.0,0.0,0.0,0.0,0.0,1.0,1.0,0.0,0.0,0.0,0.0,0.0,0.0,1.0,0.0,1.0,1.0,0.0,3.0,5.0,2.0,4.0,11.0,13.0,8.0,6.0,0.0,0.0,0.0,0.0,0.0,0.0,0.0,0.0,0.0,0.0,0.0,0.0,0.0,5.0,5.0,0.0,0.0,0.0,0.0,0.0,0.0,1.0,0.0,1.0,1.0,0.0,5.0,6.0,4.0,9.0,17.0,20.0,12.0,12.0
626,1.0,626.0,London_56,three,151,453,1092.0,70.0,2.0,152661.0,7.304384797811508,790.0,74.0,2.0,72.0,147.0,16.0,131.0,131.0,74.0,131.0,49.0,135.0,13.0,34.0,3.0,14.0,8.0,98.0,136.0,211.0,86.0,0.0,0.0,0.0,0.0,0.0,0.0,0.0,0.0,0.0,0.0,0.0,0.0,0.0,0.0,0.0,0.0,0.0,0.0,0.0,0.0,0.0,0.0,0.0,0.0,0.0,0.0,0.0,0.0,0.0,0.0,0.0,0.0,0.0,1.0,1.0,1.0,0.0,0.0,0.0,0.0,4.0,2.0,0.0,1.0,0.0,0.0,9.0,3.0,3.0,9.0,16.0,13.0,9.0,8.0,0.0,0.0,0.0,0.0,0.0,0.0,0.0,0.0,0.0,0.0,0.0,0.0,0.0,6.0,7.0,4.0,0.0,0.0,0.0,0.0,4.0,3.0,0.0,1.0,0.0,0.0,16.0,3.0,3.0,11.0,26.0,19.0,13.0,13.0
627,1.0,627.0,London_56,three,151,453,1092.0,70.0,2.0,159003.0,7.21151553792879,804.0,81.0,2.0,79.0,155.0,20.0,135.0,147.0,50.0,143.0,55.0,143.0,10.0,34.0,3.0,15.0,11.0,87.0,124.0,231.0,89.0,0.0,0.0,0.0,0.0,0.0,0.0,0.0,0.0,0.0,0.0,0.0,0.0,0.0,0.0,0.0,0.0,0.0,0.0,0.0,0.0,0.0,0.0,0.0,0.0,0.0,0.0,0.0,0.0,0.0,1.0,0.0,0.0,1.0,0.0,0.0,2.0,0.0,0.0,0.0,0.0,6.0,1.0,0.0,1.0,2.0,1.0,1.0,3.0,9.0,1.0,15.0,23.0,18.0,12.0,0.0,0.0,0.0,0.0,0.0,0.0,0.0,0.0,0.0,5.0,0.0,0.0,5.0,0.0,0.0,7.0,0.0,0.0,0.0,0.0,9.0,1.0,0.0,1.0,2.0,1.0,1.0,6.0,14.0,1.0,22.0,35.0,25.0,19.0
628,1.0,628.0,London_56,three,151,453,1092.0,70.0,2.0,157191.0,5.135676322970539,800.0,116.0,0.0,116.0,211.0,0.0,211.0,155.0,55.0,134.0,55.0,149.0,10.0,38.0,1.0,11.0,10.0,91.0,122.0,230.0,76.0,0.0,0.0,0.0,0.0,0.0,0.0,0.0,0.0,0.0,0.0,0.0,0.0,0.0,0.0,0.0,0.0,0.0,0.0,0.0,0.0,0.0,0.0,0.0,0.0,0.0,0.0,0.0,0.0,0.0,0.0,0.0,0.0,0.0,0.0,0.0,0.0,0.0,0.0,0.0,0.0,0.0,5.0,0.0,2.0,2.0,0.0,16.0,3.0,5.0,6.0,23.0,30.0,26.0,8.0,0.0,0.0,0.0,0.0,0.0,0.0,0.0,0.0,0.0,0.0,0.0,0.0,0.0,0.0,0.0,0.0,0.0,0.0,0.0,0.0,0.0,6.0,0.0,2.0,2.0,0.0,20.0,3.0,7.0,7.0,32.0,47.0,32.0,14.0
629,1.0,629.0,London_56,three,151,453,1092.0,70.0,2.0,141789.0,2.2388257812708616,766.0,119.0,0.0,119.0,193.0,0.0,193.0,211.0,64.0,141.0,48.0,137.0,17.0,34.0,1.0,11.0,10.0,82.0,125.0,236.0,72.0,0.0,0.0,0.0,0.0,0.0,0.0,0.0,0.0,0.0,0.0,0.0,0.0,0.0,0.0,0.0,0.0,0.0,0.0,0.0,0.0,0.0,0.0,0.0,0.0,0.0,0.0,0.0,0.0,0.0,0.0,0.0,0.0,0.0,0.0,0.0,0.0,0.0,0.0,0.0,0.0,0.0,3.0,0.0,4.0,0.0,0.0,16.0,12.0,11.0,8.0,23.0,24.0,18.0,12.0,0.0,0.0,0.0,0.0,0.0,0.0,0.0,0.0,0.0,0.0,0.0,0.0,0.0,0.0,0.0,0.0,0.0,0.0,0.0,0.0,0.0,4.0,0.0,8.0,0.0,0.0,22.0,15.0,14.0,10.0,33.0,40.0,20.0,16.0
630,1.0,630.0,London_56,three,151,453,1092.0,70.0,2.0,122763.0,7.316044677048922,724.0,56.0,2.0,54.0,124.0,19.0,105.0,193.0,76.0,155.0,37.0,121.0,17.0,34.0,3.0,10.0,11.0,74.0,155.0,213.0,84.0,0.0,0.0,0.0,0.0,0.0,0.0,0.0,0.0,0.0,0.0,0.0,0.0,0.0,0.0,0.0,0.0,0.0,0.0,0.0,0.0,0.0,0.0,0.0,0.0,0.0,0.0,0.0,0.0,0.0,0.0,0.0,0.0,1.0,0.0,0.0,1.0,0.0,0.0,0.0,0.0,2.0,2.0,0.0,2.0,0.0,0.0,3.0,9.0,3.0,4.0,9.0,14.0,11.0,5.0,0.0,0.0,0.0,0.0,0.0,0.0,0.0,0.0,0.0,0.0,0.0,0.0,5.0,0.0,0.0,3.0,0.0,0.0,0.0,0.0,2.0,2.0,0.0,6.0,0.0,0.0,3.0,14.0,4.0,8.0,15.0,20.0,18.0,11.0
631,1.0,631.0,London_56,three,151,453,1092.0,70.0,2.0,130464.0,3.654640218243003,741.0,19.0,0.0,19.0,32.0,0.0,32.0,124.0,59.0,152.0,39.0,139.0,17.0,33.0,4.0,10.0,9.0,71.0,155.0,218.0,83.0,0.0,0.0,0.0,0.0,0.0,0.0,0.0,0.0,0.0,0.0,0.0,0.0,0.0,0.0,0.0,0.0,0.0,0.0,0.0,0.0,0.0,0.0,0.0,0.0,0.0,0.0,0.0,0.0,0.0,0.0,0.0,0.0,0.0,0.0,0.0,0.0,0.0,0.0,0.0,0.0,0.0,0.0,0.0,1.0,0.0,0.0,2.0,3.0,0.0,2.0,4.0,7.0,4.0,2.0,0.0,0.0,0.0,0.0,0.0,0.0,0.0,0.0,0.0,0.0,0.0,0.0,0.0,0.0,0.0,0.0,0.0,0.0,0.0,0.0,0.0,0.0,0.0,1.0,0.0,0.0,2.0,5.0,0.0,2.0,7.0,10.0,5.0,4.0
632,1.0,632.0,London_56,three,151,453,1092.0,70.0,2.0,154020.0,8.254264121875167,793.0,121.0,1.0,120.0,231.0,11.0,220.0,32.0,53.0,149.0,39.0,144.0,19.0,34.0,4.0,11.0,8.0,73.0,156.0,216.0,84.0,0.0,0.0,0.0,0.0,0.0,0.0,0.0,0.0,0.0,0.0,0.0,0.0,0.0,0.0,0.0,0.0,0.0,0.0,0.0,0.0,0.0,0.0,0.0,0.0,0.0,0.0,0.0,0.0,0.0,0.0,0.0,0.0,0.0,1.0,0.0,0.0,0.0,0.0,0.0,0.0,2.0,14.0,0.0,3.0,0.0,1.0,9.0,7.0,3.0,5.0,24.0,32.0,27.0,7.0,0.0,0.0,0.0,0.0,0.0,0.0,0.0,0.0,0.0,0.0,0.0,0.0,0.0,10.0,0.0,0.0,0.0,0.0,0.0,0.0,2.0,17.0,0.0,3.0,0.0,2.0,10.0,11.0,5.0,6.0,39.0,55.0,36.0,10.0
633,1.0,633.0,London_56,three,151,453,1092.0,70.0,2.0,134994.0,6.006134225986898,751.0,26.0,0.0,26.0,50.0,0.0,50.0,231.0,55.0,145.0,40.0,134.0,18.0,42.0,7.0,12.0,4.0,87.0,154.0,208.0,82.0,0.0,0.0,0.0,0.0,0.0,0.0,0.0,0.0,0.0,0.0,0.0,0.0,0.0,0.0,0.0,0.0,0.0,0.0,0.0,0.0,0.0,0.0,0.0,0.0,0.0,0.0,0.0,0.0,0.0,0.0,0.0,0.0,0.0,0.0,0.0,0.0,0.0,0.0,0.0,0.0,0.0,1.0,0.0,1.0,0.0,0.0,3.0,3.0,0.0,2.0,3.0,6.0,7.0,2.0,0.0,0.0,0.0,0.0,0.0,0.0,0.0,0.0,0.0,0.0,0.0,0.0,0.0,0.0,0.0,0.0,0.0,0.0,0.0,0.0,0.0,2.0,0.0,1.0,0.0,0.0,5.0,4.0,0.0,4.0,5.0,12.0,10.0,3.0
634,1.0,634.0,London_56,three,151,453,1092.0,70.0,2.0,159456.0,6.591312154196203,805.0,111.0,0.0,111.0,194.0,0.0,194.0,50.0,57.0,152.0,39.0,129.0,18.0,38.0,8.0,12.0,5.0,82.0,152.0,214.0,82.0,0.0,0.0,0.0,0.0,0.0,0.0,0.0,0.0,0.0,0.0,0.0,0.0,0.0,0.0,0.0,0.0,0.0,0.0,0.0,0.0,0.0,0.0,0.0,0.0,0.0,0.0,0.0,0.0,0.0,0.0,0.0,0.0,0.0,0.0,0.0,0.0,0.0,0.0,0.0,0.0,2.0,1.0,0.0,1.0,0.0,0.0,7.0,6.0,4.0,8.0,23.0,24.0,18.0,10.0,0.0,0.0,0.0,0.0,0.0,0.0,0.0,0.0,0.0,0.0,0.0,0.0,0.0,0.0,0.0,0.0,0.0,0.0,0.0,0.0,2.0,1.0,0.0,1.0,0.0,0.0,8.0,7.0,4.0,11.0,30.0,35.0,23.0,20.0
635,1.0,635.0,London_56,three,151,453,1092.0,70.0,2.0,136353.0,6.469462517183274,754.0,88.0,2.0,86.0,168.0,18.0,150.0,194.0,56.0,140.0,42.0,132.0,17.0,42.0,9.0,15.0,6.0,85.0,147.0,215.0,71.0,0.0,0.0,0.0,0.0,0.0,0.0,0.0,0.0,0.0,0.0,0.0,0.0,0.0,0.0,0.0,0.0,0.0,0.0,0.0,0.0,0.0,0.0,0.0,0.0,0.0,0.0,0.0,0.0,0.0,0.0,0.0,0.0,0.0,0.0,1.0,1.0,0.0,0.0,0.0,0.0,1.0,1.0,0.0,1.0,0.0,0.0,8.0,4.0,7.0,6.0,19.0,22.0,15.0,8.0,0.0,0.0,0.0,0.0,0.0,0.0,0.0,0.0,0.0,0.0,0.0,0.0,0.0,0.0,10.0,2.0,0.0,0.0,0.0,0.0,1.0,2.0,0.0,1.0,0.0,0.0,11.0,7.0,10.0,7.0,34.0,33.0,18.0,14.0
636,1.0,636.0,London_56,three,151,453,1092.0,70.0,2.0,139071.0,6.928392647765577,760.0,135.0,1.0,134.0,258.0,10.0,248.0,168.0,62.0,139.0,39.0,133.0,14.0,40.0,10.0,16.0,6.0,82.0,154.0,211.0,70.0,0.0,0.0,0.0,0.0,0.0,0.0,0.0,0.0,0.0,0.0,0.0,0.0,0.0,0.0,0.0,0.0,0.0,0.0,0.0,0.0,0.0,0.0,0.0,0.0,0.0,0.0,0.0,0.0,0.0,0.0,0.0,0.0,0.0,0.0,0.0,0.0,1.0,0.0,0.0,0.0,3.0,1.0,0.0,1.0,0.0,0.0,5.0,7.0,7.0,5.0,25.0,27.0,19.0,16.0,0.0,0.0,0.0,0.0,0.0,0.0,0.0,0.0,0.0,0.0,0.0,0.0,0.0,0.0,0.0,0.0,6.0,0.0,0.0,0.0,4.0,1.0,0.0,1.0,0.0,0.0,6.0,10.0,8.0,6.0,39.0,45.0,28.0,26.0
637,1.0,637.0,London_56,three,151,453,1092.0,70.0,2.0,119592.0,6.12899282714352,717.0,20.0,0.0,20.0,34.0,0.0,34.0,258.0,62.0,144.0,38.0,130.0,16.0,38.0,9.0,16.0,7.0,79.0,158.0,209.0,66.0,0.0,0.0,0.0,0.0,0.0,0.0,0.0,0.0,0.0,0.0,0.0,0.0,0.0,0.0,0.0,0.0,0.0,0.0,0.0,0.0,0.0,0.0,0.0,0.0,0.0,0.0,0.0,0.0,0.0,0.0,0.0,0.0,0.0,0.0,0.0,0.0,0.0,0.0,0.0,0.0,1.0,0.0,0.0,1.0,1.0,0.0,1.0,2.0,0.0,1.0,4.0,6.0,2.0,2.0,0.0,0.0,0.0,0.0,0.0,0.0,0.0,0.0,0.0,0.0,0.0,0.0,0.0,0.0,0.0,0.0,0.0,0.0,0.0,0.0,1.0,0.0,0.0,1.0,1.0,0.0,1.0,2.0,0.0,1.0,7.0,7.0,2.0,4.0
638,1.0,638.0,London_56,three,151,453,1092.0,70.0,2.0,144960.0,4.931079167407006,773.0,4.0,0.0,4.0,8.0,0.0,8.0,34.0,60.0,141.0,36.0,132.0,15.0,45.0,10.0,14.0,8.0,76.0,163.0,206.0,65.0,0.0,0.0,0.0,0.0,0.0,0.0,0.0,0.0,0.0,0.0,0.0,0.0,0.0,0.0,0.0,0.0,0.0,0.0,0.0,0.0,0.0,0.0,0.0,0.0,0.0,0.0,0.0,0.0,0.0,0.0,0.0,0.0,0.0,0.0,0.0,0.0,0.0,0.0,0.0,0.0,0.0,0.0,0.0,0.0,0.0,0.0,0.0,0.0,0.0,0.0,0.0,1.0,2.0,0.0,0.0,0.0,0.0,0.0,0.0,0.0,0.0,0.0,0.0,0.0,0.0,0.0,0.0,0.0,0.0,0.0,0.0,0.0,0.0,0.0,0.0,0.0,0.0,0.0,0.0,0.0,0.0,0.0,0.0,0.0,0.0,2.0,3.0,0.0
639,1.0,639.0,London_56,three,151,453,1092.0,70.0,2.0,193884.0,7.354973373934627,881.0,129.0,2.0,127.0,233.0,16.0,217.0,8.0,58.0,143.0,37.0,131.0,15.0,45.0,10.0,14.0,8.0,75.0,162.0,208.0,66.0,0.0,0.0,0.0,0.0,0.0,0.0,0.0,0.0,0.0,0.0,0.0,0.0,0.0,0.0,0.0,0.0,0.0,0.0,0.0,0.0,0.0,0.0,0.0,0.0,0.0,0.0,0.0,0.0,0.0,0.0,1.0,0.0,1.0,0.0,0.0,0.0,0.0,0.0,0.0,0.0,0.0,8.0,0.0,0.0,2.0,0.0,7.0,5.0,1.0,7.0,17.0,28.0,18.0,16.0,0.0,0.0,0.0,0.0,0.0,0.0,0.0,0.0,0.0,0.0,3.0,0.0,1.0,0.0,0.0,0.0,0.0,0.0,0.0,0.0,0.0,8.0,0.0,0.0,2.0,0.0,8.0,7.0,2.0,7.0,26.0,39.0,20.0,24.0
640,1.0,640.0,London_56,three,151,453,1092.0,70.0,2.0,179388.0,2.4651118759065866,849.0,114.0,2.0,112.0,200.0,18.0,182.0,233.0,69.0,139.0,31.0,138.0,13.0,43.0,9.0,11.0,5.0,72.0,155.0,221.0,72.0,0.0,0.0,0.0,0.0,0.0,0.0,0.0,0.0,0.0,0.0,0.0,0.0,0.0,0.0,0.0,0.0,0.0,0.0,0.0,0.0,0.0,0.0,0.0,0.0,0.0,0.0,0.0,0.0,0.0,1.0,0.0,0.0,0.0,0.0,0.0,0.0,1.0,0.0,0.0,0.0,0.0,2.0,0.0,2.0,0.0,0.0,10.0,5.0,2.0,10.0,24.0,28.0,19.0,6.0,0.0,0.0,0.0,0.0,0.0,0.0,0.0,0.0,0.0,8.0,0.0,0.0,0.0,0.0,0.0,0.0,6.0,0.0,0.0,0.0,0.0,4.0,0.0,2.0,0.0,0.0,10.0,8.0,4.0,12.0,36.0,37.0,24.0,9.0
641,1.0,641.0,London_56,three,151,453,1092.0,70.0,2.0,161721.0,5.68285100068897,810.0,46.0,1.0,45.0,87.0,10.0,77.0,200.0,66.0,132.0,36.0,129.0,16.0,47.0,13.0,14.0,6.0,74.0,157.0,216.0,82.0,0.0,0.0,0.0,0.0,0.0,0.0,0.0,0.0,0.0,0.0,0.0,0.0,0.0,0.0,0.0,0.0,0.0,0.0,0.0,0.0,0.0,0.0,0.0,0.0,0.0,0.0,0.0,0.0,0.0,0.0,0.0,0.0,0.0,0.0,1.0,0.0,0.0,0.0,0.0,0.0,0.0,0.0,0.0,0.0,0.0,0.0,0.0,5.0,1.0,5.0,6.0,11.0,2.0,6.0,0.0,0.0,0.0,0.0,0.0,0.0,0.0,0.0,0.0,0.0,0.0,0.0,0.0,0.0,10.0,0.0,0.0,0.0,0.0,0.0,0.0,0.0,0.0,0.0,0.0,0.0,0.0,6.0,1.0,6.0,8.0,14.0,3.0,10.0
642,1.0,642.0,London_56,three,151,453,1092.0,70.0,2.0,181653.0,3.923984103836119,854.0,140.0,0.0,140.0,246.0,0.0,246.0,87.0,56.0,144.0,34.0,131.0,14.0,45.0,12.0,17.0,8.0,73.0,159.0,213.0,87.0,0.0,0.0,0.0,0.0,0.0,0.0,0.0,0.0,0.0,0.0,0.0,0.0,0.0,0.0,0.0,0.0,0.0,0.0,0.0,0.0,0.0,0.0,0.0,0.0,0.0,0.0,0.0,0.0,0.0,0.0,0.0,0.0,0.0,0.0,0.0,0.0,0.0,0.0,0.0,0.0,2.0,1.0,0.0,1.0,1.0,0.0,3.0,9.0,7.0,10.0,26.0,39.0,30.0,9.0,0.0,0.0,0.0,0.0,0.0,0.0,0.0,0.0,0.0,0.0,0.0,0.0,0.0,0.0,0.0,0.0,0.0,0.0,0.0,0.0,2.0,3.0,0.0,1.0,1.0,0.0,3.0,11.0,8.0,14.0,38.0,59.0,42.0,15.0
643,1.0,643.0,London_56,three,151,453,1092.0,70.0,2.0,160815.0,5.10551705211401,808.0,139.0,2.0,137.0,253.0,18.0,235.0,246.0,60.0,148.0,38.0,118.0,16.0,54.0,7.0,12.0,10.0,64.0,159.0,220.0,75.0,0.0,0.0,0.0,0.0,0.0,0.0,0.0,0.0,0.0,0.0,0.0,0.0,0.0,0.0,0.0,0.0,0.0,0.0,0.0,0.0,0.0,0.0,0.0,0.0,0.0,0.0,0.0,0.0,0.0,0.0,0.0,0.0,1.0,0.0,0.0,1.0,0.0,0.0,0.0,0.0,10.0,1.0,0.0,0.0,1.0,0.0,7.0,12.0,2.0,16.0,31.0,33.0,35.0,10.0,0.0,0.0,0.0,0.0,0.0,0.0,0.0,0.0,0.0,0.0,0.0,0.0,5.0,0.0,0.0,6.0,0.0,0.0,0.0,0.0,11.0,1.0,0.0,0.0,1.0,0.0,10.0,17.0,3.0,22.0,44.0,47.0,45.0,13.0
644,1.0,644.0,London_56,three,151,453,1092.0,70.0,2.0,139524.0,5.789536326192319,761.0,49.0,2.0,47.0,101.0,19.0,82.0,253.0,58.0,131.0,43.0,140.0,13.0,50.0,4.0,14.0,10.0,76.0,154.0,213.0,81.0,0.0,0.0,0.0,0.0,0.0,0.0,0.0,0.0,0.0,0.0,0.0,0.0,0.0,0.0,0.0,0.0,0.0,0.0,0.0,0.0,0.0,0.0,0.0,0.0,0.0,0.0,0.0,0.0,0.0,1.0,0.0,0.0,1.0,1.0,0.0,1.0,0.0,0.0,0.0,0.0,1.0,2.0,0.0,1.0,0.0,0.0,1.0,5.0,2.0,2.0,8.0,13.0,6.0,8.0,0.0,0.0,0.0,0.0,0.0,0.0,0.0,0.0,0.0,7.0,0.0,0.0,5.0,7.0,0.0,3.0,0.0,0.0,0.0,0.0,1.0,2.0,0.0,3.0,0.0,0.0,1.0,8.0,2.0,3.0,13.0,17.0,8.0,11.0
645,1.0,645.0,London_56,three,151,453,1092.0,70.0,2.0,158550.0,6.8777299779467285,803.0,124.0,2.0,122.0,236.0,20.0,216.0,101.0,57.0,132.0,41.0,139.0,13.0,51.0,6.0,14.0,10.0,81.0,150.0,212.0,74.0,0.0,0.0,0.0,0.0,0.0,0.0,0.0,0.0,0.0,0.0,0.0,0.0,0.0,0.0,0.0,0.0,0.0,0.0,0.0,0.0,0.0,0.0,0.0,0.0,0.0,0.0,0.0,0.0,0.0,0.0,0.0,0.0,0.0,0.0,2.0,0.0,0.0,0.0,0.0,0.0,4.0,0.0,0.0,2.0,0.0,0.0,15.0,4.0,8.0,11.0,26.0,28.0,18.0,11.0,0.0,0.0,0.0,0.0,0.0,0.0,0.0,0.0,0.0,0.0,0.0,0.0,0.0,0.0,15.0,0.0,0.0,0.0,0.0,0.0,4.0,0.0,0.0,2.0,0.0,0.0,17.0,4.0,9.0,12.0,42.0,44.0,25.0,21.0
646,1.0,646.0,London_56,three,151,453,1092.0,70.0,2.0,134994.0,1.2507361718453467,751.0,43.0,0.0,43.0,72.0,0.0,72.0,236.0,68.0,133.0,22.0,138.0,12.0,60.0,7.0,13.0,9.0,85.0,133.0,226.0,65.0,0.0,0.0,0.0,0.0,0.0,0.0,0.0,0.0,0.0,0.0,0.0,0.0,0.0,0.0,0.0,0.0,0.0,0.0,0.0,0.0,0.0,0.0,0.0,0.0,0.0,0.0,0.0,0.0,0.0,0.0,0.0,0.0,0.0,0.0,0.0,0.0,0.0,0.0,0.0,0.0,1.0,0.0,0.0,0.0,0.0,0.0,3.0,1.0,2.0,5.0,8.0,7.0,7.0,4.0,0.0,0.0,0.0,0.0,0.0,0.0,0.0,0.0,0.0,0.0,0.0,0.0,0.0,0.0,0.0,0.0,0.0,0.0,0.0,0.0,1.0,0.0,0.0,0.0,0.0,0.0,3.0,1.0,2.0,7.0,12.0,11.0,7.0,5.0
647,1.0,647.0,London_56,three,151,453,1092.0,70.0,2.0,159003.0,5.530988547950983,804.0,23.0,2.0,21.0,53.0,17.0,36.0,72.0,65.0,136.0,24.0,137.0,11.0,61.0,6.0,13.0,12.0,83.0,133.0,225.0,73.0,0.0,0.0,0.0,0.0,0.0,0.0,0.0,0.0,0.0,0.0,0.0,0.0,0.0,0.0,0.0,0.0,0.0,0.0,0.0,0.0,0.0,0.0,0.0,0.0,0.0,0.0,0.0,0.0,0.0,1.0,0.0,0.0,1.0,0.0,0.0,2.0,0.0,0.0,0.0,0.0,2.0,2.0,0.0,1.0,0.0,0.0,3.0,0.0,1.0,2.0,3.0,6.0,9.0,2.0,0.0,0.0,0.0,0.0,0.0,0.0,0.0,0.0,0.0,2.0,0.0,0.0,1.0,0.0,0.0,7.0,0.0,0.0,0.0,0.0,3.0,4.0,0.0,1.0,0.0,0.0,4.0,0.0,1.0,3.0,5.0,10.0,12.0,3.0
648,1.0,648.0,London_56,three,151,453,1092.0,70.0,2.0,190260.0,7.5222268821671605,873.0,144.0,0.0,144.0,255.0,0.0,255.0,53.0,68.0,122.0,25.0,147.0,9.0,61.0,6.0,15.0,9.0,84.0,127.0,233.0,73.0,0.0,0.0,0.0,0.0,0.0,0.0,0.0,0.0,0.0,0.0,0.0,0.0,0.0,0.0,0.0,0.0,0.0,0.0,0.0,0.0,0.0,0.0,0.0,0.0,0.0,0.0,0.0,0.0,0.0,0.0,0.0,0.0,0.0,0.0,0.0,0.0,0.0,0.0,0.0,0.0,2.0,0.0,0.0,2.0,0.0,1.0,21.0,7.0,1.0,11.0,23.0,32.0,15.0,10.0,0.0,0.0,0.0,0.0,0.0,0.0,0.0,0.0,0.0,0.0,0.0,0.0,0.0,0.0,0.0,0.0,0.0,0.0,0.0,0.0,3.0,0.0,0.0,3.0,0.0,1.0,28.0,8.0,1.0,15.0,34.0,46.0,18.0,14.0
649,1.0,649.0,London_56,three,151,453,1092.0,70.0,2.0,169875.0,6.1718974485993385,828.0,104.0,0.0,104.0,178.0,0.0,178.0,255.0,62.0,150.0,26.0,131.0,9.0,55.0,6.0,14.0,5.0,69.0,143.0,236.0,71.0,0.0,0.0,0.0,0.0,0.0,0.0,0.0,0.0,0.0,0.0,0.0,0.0,0.0,0.0,0.0,0.0,0.0,0.0,0.0,0.0,0.0,0.0,0.0,0.0,0.0,0.0,0.0,0.0,0.0,0.0,0.0,0.0,0.0,0.0,0.0,0.0,0.0,0.0,0.0,0.0,5.0,1.0,0.0,1.0,0.0,0.0,7.0,12.0,6.0,16.0,16.0,21.0,15.0,12.0,0.0,0.0,0.0,0.0,0.0,0.0,0.0,0.0,0.0,0.0,0.0,0.0,0.0,0.0,0.0,0.0,0.0,0.0,0.0,0.0,6.0,1.0,0.0,2.0,0.0,0.0,7.0,15.0,11.0,21.0,22.0,32.0,19.0,17.0
650,1.0,650.0,London_56,three,151,453,1092.0,70.0,2.0,167610.0,6.163684336002916,823.0,98.0,1.0,97.0,170.0,9.0,161.0,178.0,51.0,140.0,30.0,141.0,7.0,62.0,5.0,17.0,15.0,66.0,152.0,220.0,95.0,0.0,0.0,0.0,0.0,0.0,0.0,0.0,0.0,0.0,0.0,0.0,0.0,0.0,0.0,0.0,0.0,0.0,0.0,0.0,0.0,0.0,0.0,0.0,0.0,0.0,0.0,0.0,0.0,0.0,0.0,0.0,0.0,0.0,0.0,0.0,0.0,0.0,0.0,0.0,0.0,0.0,1.0,0.0,1.0,0.0,0.0,4.0,6.0,2.0,3.0,18.0,19.0,21.0,9.0,0.0,0.0,0.0,0.0,0.0,0.0,0.0,0.0,0.0,0.0,0.0,0.0,0.0,0.0,0.0,0.0,0.0,0.0,0.0,0.0,0.0,1.0,0.0,1.0,0.0,0.0,4.0,7.0,2.0,4.0,26.0,27.0,31.0,15.0
651,1.0,651.0,London_56,three,151,453,1092.0,70.0,2.0,167610.0,8.02107345778495,823.0,64.0,0.0,64.0,101.0,0.0,101.0,170.0,51.0,138.0,40.0,137.0,9.0,58.0,5.0,15.0,15.0,59.0,158.0,221.0,87.0,0.0,0.0,0.0,0.0,0.0,0.0,0.0,0.0,0.0,0.0,0.0,0.0,0.0,0.0,0.0,0.0,0.0,0.0,0.0,0.0,0.0,0.0,0.0,0.0,0.0,0.0,0.0,0.0,0.0,0.0,0.0,0.0,0.0,0.0,0.0,0.0,0.0,0.0,0.0,0.0,1.0,0.0,0.0,1.0,0.0,2.0,3.0,5.0,3.0,2.0,17.0,11.0,15.0,7.0,0.0,0.0,0.0,0.0,0.0,0.0,0.0,0.0,0.0,0.0,0.0,0.0,0.0,0.0,0.0,0.0,0.0,0.0,0.0,0.0,1.0,0.0,0.0,1.0,0.0,4.0,4.0,6.0,4.0,2.0,24.0,14.0,18.0,11.0
652,1.0,652.0,London_56,three,151,453,1092.0,70.0,2.0,166251.0,4.5587540729902685,820.0,73.0,0.0,73.0,118.0,0.0,118.0,101.0,41.0,139.0,37.0,145.0,10.0,58.0,6.0,17.0,16.0,65.0,166.0,206.0,98.0,0.0,0.0,0.0,0.0,0.0,0.0,0.0,0.0,0.0,0.0,0.0,0.0,0.0,0.0,0.0,0.0,0.0,0.0,0.0,0.0,0.0,0.0,0.0,0.0,0.0,0.0,0.0,0.0,0.0,0.0,0.0,0.0,0.0,0.0,0.0,0.0,0.0,0.0,0.0,0.0,2.0,0.0,0.0,1.0,0.0,1.0,3.0,5.0,5.0,12.0,20.0,16.0,21.0,4.0,0.0,0.0,0.0,0.0,0.0,0.0,0.0,0.0,0.0,0.0,0.0,0.0,0.0,0.0,0.0,0.0,0.0,0.0,0.0,0.0,2.0,0.0,0.0,1.0,0.0,3.0,3.0,7.0,5.0,15.0,30.0,19.0,26.0,6.0
653,1.0,653.0,London_56,three,151,453,1092.0,70.0,2.0,180747.0,6.195591369643807,852.0,131.0,0.0,131.0,222.0,0.0,222.0,118.0,44.0,137.0,41.0,137.0,15.0,57.0,7.0,15.0,16.0,58.0,178.0,201.0,96.0,0.0,0.0,0.0,0.0,0.0,0.0,0.0,0.0,0.0,0.0,0.0,0.0,0.0,0.0,0.0,0.0,0.0,0.0,0.0,0.0,0.0,0.0,0.0,0.0,0.0,0.0,0.0,0.0,0.0,0.0,0.0,0.0,0.0,0.0,0.0,0.0,0.0,0.0,0.0,0.0,2.0,0.0,0.0,0.0,0.0,0.0,4.0,12.0,5.0,8.0,23.0,25.0,21.0,9.0,0.0,0.0,0.0,0.0,0.0,0.0,0.0,0.0,0.0,0.0,0.0,0.0,0.0,0.0,0.0,0.0,0.0,0.0,0.0,0.0,2.0,0.0,0.0,0.0,0.0,0.0,5.0,17.0,6.0,9.0,35.0,34.0,28.0,15.0
654,1.0,654.0,London_56,three,151,453,1092.0,70.0,2.0,156738.0,7.166323165874928,799.0,92.0,2.0,90.0,174.0,17.0,157.0,222.0,53.0,141.0,32.0,125.0,18.0,60.0,8.0,16.0,16.0,55.0,182.0,200.0,87.0,0.0,0.0,0.0,0.0,0.0,0.0,0.0,0.0,0.0,0.0,0.0,0.0,0.0,0.0,0.0,0.0,0.0,0.0,0.0,0.0,0.0,0.0,0.0,0.0,0.0,0.0,0.0,0.0,0.0,0.0,0.0,0.0,1.0,0.0,0.0,1.0,0.0,0.0,0.0,0.0,5.0,0.0,0.0,1.0,0.0,1.0,10.0,8.0,10.0,6.0,18.0,22.0,17.0,10.0,0.0,0.0,0.0,0.0,0.0,0.0,0.0,0.0,0.0,0.0,0.0,0.0,5.0,0.0,0.0,4.0,0.0,0.0,0.0,0.0,5.0,0.0,0.0,1.0,0.0,2.0,11.0,12.0,11.0,8.0,24.0,31.0,23.0,17.0
655,1.0,655.0,London_56,three,151,453,1092.0,70.0,2.0,159456.0,7.7662626607343554,805.0,83.0,2.0,81.0,172.0,20.0,152.0,174.0,65.0,120.0,36.0,139.0,18.0,52.0,8.0,15.0,7.0,62.0,172.0,212.0,83.0,0.0,0.0,0.0,0.0,0.0,0.0,0.0,0.0,0.0,0.0,0.0,0.0,0.0,0.0,0.0,0.0,0.0,0.0,0.0,0.0,0.0,0.0,0.0,0.0,0.0,0.0,0.0,0.0,0.0,1.0,0.0,0.0,1.0,1.0,0.0,2.0,0.0,0.0,0.0,0.0,3.0,3.0,0.0,0.0,0.0,0.0,3.0,4.0,0.0,6.0,19.0,16.0,18.0,5.0,0.0,0.0,0.0,0.0,0.0,0.0,0.0,0.0,0.0,2.0,0.0,0.0,7.0,10.0,0.0,7.0,0.0,0.0,0.0,0.0,4.0,3.0,0.0,0.0,0.0,0.0,4.0,5.0,0.0,8.0,28.0,29.0,23.0,8.0
656,1.0,656.0,London_56,three,151,453,1092.0,70.0,2.0,154020.0,2.8879778147675097,793.0,101.0,2.0,99.0,179.0,18.0,161.0,172.0,67.0,124.0,39.0,124.0,20.0,52.0,8.0,19.0,9.0,63.0,163.0,218.0,72.0,0.0,0.0,0.0,0.0,0.0,0.0,0.0,0.0,0.0,0.0,0.0,0.0,0.0,0.0,0.0,0.0,0.0,0.0,0.0,0.0,0.0,0.0,0.0,0.0,0.0,0.0,0.0,0.0,0.0,0.0,0.0,0.0,0.0,0.0,1.0,1.0,0.0,0.0,0.0,0.0,0.0,2.0,0.0,1.0,1.0,0.0,6.0,6.0,6.0,11.0,22.0,18.0,18.0,8.0,0.0,0.0,0.0,0.0,0.0,0.0,0.0,0.0,0.0,0.0,0.0,0.0,0.0,0.0,8.0,3.0,0.0,0.0,0.0,0.0,0.0,3.0,0.0,1.0,1.0,0.0,9.0,8.0,6.0,14.0,34.0,25.0,21.0,15.0
657,1.0,657.0,London_56,three,151,453,1092.0,70.0,2.0,144054.0,4.627998247276992,771.0,50.0,1.0,49.0,98.0,9.0,89.0,179.0,64.0,122.0,48.0,139.0,20.0,45.0,5.0,10.0,8.0,80.0,150.0,215.0,72.0,0.0,0.0,0.0,0.0,0.0,0.0,0.0,0.0,0.0,0.0,0.0,0.0,0.0,0.0,0.0,0.0,0.0,0.0,0.0,0.0,0.0,0.0,0.0,0.0,0.0,0.0,0.0,0.0,0.0,0.0,0.0,0.0,0.0,0.0,1.0,0.0,1.0,0.0,0.0,0.0,1.0,0.0,0.0,0.0,0.0,0.0,8.0,1.0,0.0,1.0,10.0,10.0,17.0,4.0,0.0,0.0,0.0,0.0,0.0,0.0,0.0,0.0,0.0,0.0,0.0,0.0,0.0,0.0,4.0,0.0,4.0,0.0,0.0,0.0,2.0,0.0,0.0,0.0,0.0,0.0,12.0,1.0,0.0,1.0,19.0,15.0,26.0,9.0
658,1.0,658.0,London_56,three,151,453,1092.0,70.0,2.0,160362.0,3.985599299892783,807.0,101.0,2.0,99.0,194.0,18.0,176.0,98.0,68.0,116.0,43.0,142.0,21.0,45.0,5.0,13.0,8.0,89.0,147.0,209.0,75.0,0.0,0.0,0.0,0.0,0.0,0.0,0.0,0.0,0.0,0.0,0.0,0.0,0.0,0.0,0.0,0.0,0.0,0.0,0.0,0.0,0.0,0.0,0.0,0.0,0.0,0.0,0.0,0.0,0.0,1.0,0.0,0.0,0.0,0.0,0.0,0.0,0.0,0.0,0.0,0.0,1.0,0.0,0.0,0.0,1.0,0.0,7.0,7.0,13.0,6.0,25.0,20.0,26.0,9.0,0.0,0.0,0.0,0.0,0.0,0.0,0.0,0.0,0.0,8.0,0.0,0.0,0.0,0.0,0.0,0.0,0.0,0.0,0.0,0.0,1.0,0.0,0.0,0.0,1.0,0.0,7.0,10.0,19.0,8.0,41.0,29.0,36.0,12.0
659,1.0,659.0,London_56,three,151,453,1092.0,70.0,2.0,157191.0,6.671259832102805,800.0,120.0,1.0,119.0,217.0,8.0,209.0,194.0,60.0,111.0,50.0,140.0,18.0,52.0,5.0,17.0,9.0,81.0,152.0,211.0,80.0,0.0,0.0,0.0,0.0,0.0,0.0,0.0,0.0,0.0,0.0,0.0,0.0,0.0,0.0,0.0,0.0,0.0,0.0,0.0,0.0,0.0,0.0,0.0,0.0,0.0,0.0,0.0,0.0,0.0,0.0,0.0,0.0,0.0,0.0,0.0,1.0,0.0,0.0,0.0,0.0,4.0,6.0,0.0,0.0,1.0,0.0,19.0,6.0,9.0,6.0,17.0,35.0,20.0,15.0,0.0,0.0,0.0,0.0,0.0,0.0,0.0,0.0,0.0,0.0,0.0,0.0,0.0,0.0,0.0,1.0,0.0,0.0,0.0,0.0,4.0,8.0,0.0,0.0,1.0,0.0,24.0,9.0,10.0,6.0,23.0,53.0,25.0,25.0
660,1.0,660.0,London_56,three,151,453,1092.0,70.0,2.0,142242.0,7.098422044888139,767.0,118.0,1.0,117.0,212.0,9.0,203.0,217.0,54.0,147.0,39.0,133.0,20.0,42.0,4.0,14.0,16.0,78.0,148.0,211.0,92.0,0.0,0.0,0.0,0.0,0.0,0.0,0.0,0.0,0.0,0.0,0.0,0.0,0.0,0.0,0.0,0.0,0.0,0.0,0.0,0.0,0.0,0.0,0.0,0.0,0.0,0.0,0.0,0.0,0.0,0.0,0.0,0.0,0.0,0.0,1.0,0.0,0.0,0.0,0.0,0.0,1.0,11.0,0.0,0.0,0.0,1.0,13.0,6.0,17.0,8.0,27.0,22.0,17.0,7.0,0.0,0.0,0.0,0.0,0.0,0.0,0.0,0.0,0.0,0.0,0.0,0.0,0.0,0.0,7.0,0.0,0.0,0.0,0.0,0.0,2.0,14.0,0.0,0.0,0.0,1.0,17.0,10.0,21.0,11.0,42.0,27.0,23.0,12.0
661,1.0,661.0,London_56,three,151,453,1092.0,70.0,2.0,132729.0,5.642605463042855,746.0,24.0,0.0,24.0,48.0,0.0,48.0,212.0,70.0,133.0,39.0,139.0,19.0,39.0,2.0,12.0,19.0,79.0,153.0,202.0,83.0,0.0,0.0,0.0,0.0,0.0,0.0,0.0,0.0,0.0,0.0,0.0,0.0,0.0,0.0,0.0,0.0,0.0,0.0,0.0,0.0,0.0,0.0,0.0,0.0,0.0,0.0,0.0,0.0,0.0,0.0,0.0,0.0,0.0,0.0,0.0,0.0,0.0,0.0,0.0,0.0,0.0,0.0,0.0,1.0,0.0,0.0,5.0,1.0,1.0,3.0,5.0,3.0,3.0,2.0,0.0,0.0,0.0,0.0,0.0,0.0,0.0,0.0,0.0,0.0,0.0,0.0,0.0,0.0,0.0,0.0,0.0,0.0,0.0,0.0,0.0,0.0,0.0,2.0,0.0,0.0,7.0,1.0,2.0,6.0,6.0,6.0,4.0,4.0
662,1.0,662.0,London_56,three,151,453,1092.0,70.0,2.0,156738.0,7.729207437951118,799.0,93.0,2.0,91.0,174.0,18.0,156.0,48.0,72.0,123.0,42.0,137.0,18.0,46.0,2.0,13.0,21.0,76.0,159.0,197.0,84.0,0.0,0.0,0.0,0.0,0.0,0.0,0.0,0.0,0.0,0.0,0.0,0.0,0.0,0.0,0.0,0.0,0.0,0.0,0.0,0.0,0.0,0.0,0.0,0.0,0.0,0.0,0.0,0.0,0.0,1.0,0.0,0.0,0.0,1.0,1.0,1.0,0.0,0.0,0.0,0.0,1.0,13.0,0.0,2.0,1.0,0.0,3.0,3.0,2.0,5.0,19.0,22.0,9.0,10.0,0.0,0.0,0.0,0.0,0.0,0.0,0.0,0.0,0.0,1.0,0.0,0.0,0.0,6.0,7.0,2.0,0.0,0.0,0.0,0.0,2.0,20.0,0.0,3.0,1.0,0.0,4.0,4.0,3.0,6.0,23.0,32.0,13.0,16.0
663,1.0,663.0,London_56,three,151,453,1092.0,70.0,2.0,145866.0,6.3866771617904305,775.0,11.0,0.0,11.0,17.0,0.0,17.0,174.0,67.0,139.0,41.0,135.0,15.0,42.0,4.0,10.0,20.0,81.0,165.0,187.0,83.0,0.0,0.0,0.0,0.0,0.0,0.0,0.0,0.0,0.0,0.0,0.0,0.0,0.0,0.0,0.0,0.0,0.0,0.0,0.0,0.0,0.0,0.0,0.0,0.0,0.0,0.0,0.0,0.0,0.0,0.0,0.0,0.0,0.0,0.0,0.0,0.0,0.0,0.0,0.0,0.0,0.0,1.0,0.0,0.0,0.0,0.0,0.0,1.0,0.0,5.0,5.0,3.0,2.0,0.0,0.0,0.0,0.0,0.0,0.0,0.0,0.0,0.0,0.0,0.0,0.0,0.0,0.0,0.0,0.0,0.0,0.0,0.0,0.0,0.0,0.0,2.0,0.0,0.0,0.0,0.0,0.0,2.0,0.0,5.0,7.0,4.0,2.0,0.0
664,1.0,664.0,London_56,three,151,453,1092.0,70.0,2.0,186636.0,7.059635996352881,865.0,109.0,1.0,108.0,199.0,8.0,191.0,17.0,69.0,139.0,41.0,131.0,15.0,43.0,4.0,11.0,20.0,86.0,160.0,187.0,85.0,0.0,0.0,0.0,0.0,0.0,0.0,0.0,0.0,0.0,0.0,0.0,0.0,0.0,0.0,0.0,0.0,0.0,0.0,0.0,0.0,0.0,0.0,0.0,0.0,0.0,0.0,0.0,0.0,0.0,0.0,0.0,0.0,0.0,0.0,1.0,0.0,0.0,0.0,0.0,0.0,7.0,14.0,0.0,1.0,1.0,0.0,1.0,3.0,5.0,10.0,21.0,26.0,12.0,9.0,0.0,0.0,0.0,0.0,0.0,0.0,0.0,0.0,0.0,0.0,0.0,0.0,0.0,0.0,6.0,0.0,0.0,0.0,0.0,0.0,9.0,20.0,0.0,2.0,1.0,0.0,1.0,4.0,5.0,14.0,32.0,39.0,14.0,14.0
665,1.0,665.0,London_56,three,151,453,1092.0,70.0,2.0,172140.0,8.118208679836243,833.0,157.0,1.0,156.0,283.0,8.0,275.0,199.0,66.0,143.0,38.0,127.0,18.0,45.0,5.0,11.0,15.0,79.0,170.0,189.0,83.0,0.0,0.0,0.0,0.0,0.0,0.0,0.0,0.0,0.0,0.0,0.0,0.0,0.0,0.0,0.0,0.0,0.0,0.0,0.0,0.0,0.0,0.0,0.0,0.0,0.0,0.0,0.0,0.0,0.0,0.0,0.0,0.0,1.0,0.0,0.0,0.0,1.0,0.0,0.0,0.0,4.0,1.0,0.0,3.0,0.0,0.0,1.0,13.0,8.0,7.0,23.0,47.0,19.0,15.0,0.0,0.0,0.0,0.0,0.0,0.0,0.0,0.0,0.0,0.0,0.0,0.0,4.0,0.0,0.0,0.0,7.0,0.0,0.0,0.0,4.0,2.0,0.0,3.0,0.0,0.0,2.0,21.0,11.0,11.0,38.0,72.0,23.0,23.0
666,1.0,666.0,London_56,three,151,453,1092.0,70.0,2.0,141789.0,6.151944630779326,766.0,53.0,0.0,53.0,90.0,0.0,90.0,283.0,76.0,138.0,35.0,119.0,20.0,50.0,5.0,10.0,10.0,82.0,151.0,210.0,79.0,0.0,0.0,0.0,0.0,0.0,0.0,0.0,0.0,0.0,0.0,0.0,0.0,0.0,0.0,0.0,0.0,0.0,0.0,0.0,0.0,0.0,0.0,0.0,0.0,0.0,0.0,0.0,0.0,0.0,0.0,0.0,0.0,0.0,0.0,0.0,0.0,0.0,0.0,0.0,0.0,0.0,0.0,0.0,0.0,0.0,0.0,2.0,2.0,0.0,5.0,10.0,12.0,12.0,5.0,0.0,0.0,0.0,0.0,0.0,0.0,0.0,0.0,0.0,0.0,0.0,0.0,0.0,0.0,0.0,0.0,0.0,0.0,0.0,0.0,0.0,0.0,0.0,0.0,0.0,0.0,3.0,2.0,0.0,7.0,17.0,21.0,13.0,8.0
667,1.0,667.0,London_56,three,151,453,1092.0,70.0,2.0,149490.0,7.346172308083624,783.0,148.0,2.0,146.0,281.0,18.0,263.0,90.0,83.0,125.0,43.0,123.0,19.0,44.0,7.0,9.0,10.0,81.0,163.0,199.0,76.0,0.0,0.0,0.0,0.0,0.0,0.0,0.0,0.0,0.0,0.0,0.0,0.0,0.0,0.0,0.0,0.0,0.0,0.0,0.0,0.0,0.0,0.0,0.0,0.0,0.0,0.0,0.0,0.0,0.0,0.0,0.0,0.0,0.0,1.0,1.0,0.0,0.0,0.0,0.0,0.0,3.0,5.0,0.0,3.0,1.0,0.0,10.0,4.0,9.0,8.0,24.0,41.0,21.0,10.0,0.0,0.0,0.0,0.0,0.0,0.0,0.0,0.0,0.0,0.0,0.0,0.0,0.0,9.0,6.0,0.0,0.0,0.0,0.0,0.0,3.0,7.0,0.0,5.0,1.0,0.0,14.0,5.0,11.0,11.0,42.0,59.0,28.0,18.0
668,1.0,668.0,London_56,three,151,453,1092.0,70.0,2.0,116874.0,5.682225209195167,711.0,24.0,2.0,22.0,50.0,16.0,34.0,281.0,85.0,125.0,41.0,134.0,18.0,33.0,5.0,12.0,11.0,73.0,141.0,228.0,72.0,0.0,0.0,0.0,0.0,0.0,0.0,0.0,0.0,0.0,0.0,0.0,0.0,0.0,0.0,0.0,0.0,0.0,0.0,0.0,0.0,0.0,0.0,0.0,0.0,0.0,0.0,0.0,0.0,0.0,0.0,0.0,0.0,0.0,0.0,1.0,2.0,0.0,0.0,0.0,0.0,0.0,0.0,0.0,0.0,0.0,0.0,0.0,0.0,1.0,2.0,2.0,5.0,1.0,1.0,0.0,0.0,0.0,0.0,0.0,0.0,0.0,0.0,0.0,0.0,0.0,0.0,0.0,0.0,6.0,4.0,0.0,0.0,0.0,0.0,0.0,0.0,0.0,0.0,0.0,0.0,0.0,0.0,2.0,3.0,3.0,7.0,1.0,2.0
669,1.0,669.0,London_56,three,151,453,1092.0,70.0,2.0,139977.0,5.5758962710388005,762.0,8.0,2.0,6.0,31.0,20.0,11.0,50.0,69.0,130.0,41.0,144.0,19.0,34.0,5.0,11.0,10.0,82.0,134.0,227.0,70.0,0.0,0.0,0.0,0.0,0.0,0.0,0.0,0.0,0.0,0.0,0.0,0.0,0.0,0.0,0.0,0.0,0.0,0.0,0.0,0.0,0.0,0.0,0.0,0.0,0.0,0.0,0.0,0.0,0.0,1.0,0.0,0.0,1.0,0.0,0.0,2.0,0.0,0.0,0.0,0.0,0.0,0.0,0.0,0.0,0.0,0.0,0.0,0.0,1.0,0.0,3.0,0.0,1.0,0.0,0.0,0.0,0.0,0.0,0.0,0.0,0.0,0.0,0.0,8.0,0.0,0.0,6.0,0.0,0.0,6.0,0.0,0.0,0.0,0.0,0.0,0.0,0.0,0.0,0.0,0.0,0.0,0.0,2.0,0.0,4.0,0.0,1.0,0.0
670,1.0,670.0,London_56,three,151,453,1092.0,70.0,2.0,170328.0,6.764954010024667,829.0,131.0,0.0,131.0,238.0,0.0,238.0,31.0,64.0,142.0,40.0,147.0,11.0,33.0,5.0,11.0,10.0,84.0,127.0,232.0,69.0,0.0,0.0,0.0,0.0,0.0,0.0,0.0,0.0,0.0,0.0,0.0,0.0,0.0,0.0,0.0,0.0,0.0,0.0,0.0,0.0,0.0,0.0,0.0,0.0,0.0,0.0,0.0,0.0,0.0,0.0,0.0,0.0,0.0,0.0,0.0,0.0,0.0,0.0,0.0,0.0,5.0,1.0,0.0,2.0,0.0,0.0,7.0,9.0,11.0,15.0,20.0,39.0,24.0,16.0,0.0,0.0,0.0,0.0,0.0,0.0,0.0,0.0,0.0,0.0,0.0,0.0,0.0,0.0,0.0,0.0,0.0,0.0,0.0,0.0,5.0,1.0,0.0,2.0,0.0,0.0,10.0,13.0,15.0,23.0,35.0,55.0,30.0,29.0
671,1.0,671.0,London_56,three,151,453,1092.0,70.0,2.0,155379.0,6.005701974034309,796.0,52.0,0.0,52.0,89.0,0.0,89.0,238.0,64.0,129.0,49.0,132.0,14.0,42.0,10.0,13.0,13.0,83.0,144.0,213.0,78.0,0.0,0.0,0.0,0.0,0.0,0.0,0.0,0.0,0.0,0.0,0.0,0.0,0.0,0.0,0.0,0.0,0.0,0.0,0.0,0.0,0.0,0.0,0.0,0.0,0.0,0.0,0.0,0.0,0.0,0.0,0.0,0.0,0.0,0.0,0.0,0.0,0.0,0.0,0.0,0.0,3.0,0.0,0.0,1.0,0.0,0.0,2.0,3.0,3.0,3.0,7.0,18.0,4.0,4.0,0.0,0.0,0.0,0.0,0.0,0.0,0.0,0.0,0.0,0.0,0.0,0.0,0.0,0.0,0.0,0.0,0.0,0.0,0.0,0.0,4.0,0.0,0.0,1.0,0.0,0.0,2.0,3.0,3.0,4.0,12.0,25.0,4.0,7.0
672,1.0,672.0,London_56,three,151,453,1092.0,70.0,2.0,167157.0,6.741361308842897,822.0,99.0,2.0,97.0,188.0,19.0,169.0,89.0,58.0,131.0,51.0,132.0,16.0,42.0,10.0,13.0,14.0,80.0,133.0,226.0,74.0,0.0,0.0,0.0,0.0,0.0,0.0,0.0,0.0,0.0,0.0,0.0,0.0,0.0,0.0,0.0,0.0,0.0,0.0,0.0,0.0,0.0,0.0,0.0,0.0,0.0,0.0,0.0,0.0,0.0,1.0,0.0,0.0,1.0,0.0,0.0,1.0,0.0,0.0,0.0,0.0,3.0,0.0,0.0,5.0,0.0,0.0,9.0,2.0,3.0,7.0,14.0,30.0,14.0,14.0,0.0,0.0,0.0,0.0,0.0,0.0,0.0,0.0,0.0,4.0,0.0,0.0,3.0,0.0,0.0,2.0,0.0,0.0,0.0,0.0,3.0,0.0,0.0,9.0,0.0,0.0,12.0,2.0,4.0,9.0,22.0,50.0,16.0,23.0
673,1.0,673.0,London_56,three,151,453,1092.0,70.0,2.0,154020.0,7.190323204733431,793.0,53.0,0.0,53.0,95.0,0.0,95.0,188.0,60.0,124.0,56.0,135.0,12.0,42.0,10.0,14.0,13.0,78.0,129.0,233.0,74.0,0.0,0.0,0.0,0.0,0.0,0.0,0.0,0.0,0.0,0.0,0.0,0.0,0.0,0.0,0.0,0.0,0.0,0.0,0.0,0.0,0.0,0.0,0.0,0.0,0.0,0.0,0.0,0.0,0.0,0.0,0.0,0.0,0.0,0.0,0.0,0.0,0.0,0.0,0.0,0.0,1.0,0.0,0.0,3.0,0.0,0.0,2.0,5.0,3.0,8.0,14.0,9.0,17.0,3.0,0.0,0.0,0.0,0.0,0.0,0.0,0.0,0.0,0.0,0.0,0.0,0.0,0.0,0.0,0.0,0.0,0.0,0.0,0.0,0.0,1.0,0.0,0.0,4.0,0.0,0.0,2.0,6.0,4.0,10.0,25.0,17.0,20.0,3.0
674,1.0,674.0,London_56,three,151,453,1092.0,70.0,2.0,163080.0,8.013065552804619,813.0,143.0,1.0,142.0,258.0,11.0,247.0,95.0,55.0,128.0,50.0,141.0,13.0,45.0,10.0,11.0,12.0,83.0,138.0,220.0,74.0,0.0,0.0,0.0,0.0,0.0,0.0,0.0,0.0,0.0,0.0,0.0,0.0,0.0,0.0,0.0,0.0,0.0,0.0,0.0,0.0,0.0,0.0,0.0,0.0,0.0,0.0,0.0,0.0,0.0,0.0,0.0,0.0,1.0,1.0,0.0,1.0,0.0,0.0,0.0,0.0,2.0,0.0,0.0,4.0,0.0,0.0,8.0,4.0,6.0,17.0,40.0,36.0,32.0,10.0,0.0,0.0,0.0,0.0,0.0,0.0,0.0,0.0,0.0,0.0,0.0,0.0,2.0,9.0,0.0,8.0,0.0,0.0,0.0,0.0,3.0,0.0,0.0,6.0,0.0,0.0,12.0,4.0,9.0,26.0,68.0,54.0,44.0,14.0
675,1.0,675.0,London_56,three,151,453,1092.0,70.0,2.0,129105.0,4.508900713175535,738.0,74.0,0.0,74.0,128.0,0.0,128.0,258.0,61.0,135.0,51.0,136.0,10.0,39.0,6.0,15.0,9.0,85.0,133.0,226.0,80.0,0.0,0.0,0.0,0.0,0.0,0.0,0.0,0.0,0.0,0.0,0.0,0.0,0.0,0.0,0.0,0.0,0.0,0.0,0.0,0.0,0.0,0.0,0.0,0.0,0.0,0.0,0.0,0.0,0.0,0.0,0.0,0.0,0.0,0.0,0.0,0.0,0.0,0.0,0.0,0.0,0.0,3.0,0.0,0.0,0.0,0.0,9.0,5.0,2.0,7.0,14.0,19.0,10.0,5.0,0.0,0.0,0.0,0.0,0.0,0.0,0.0,0.0,0.0,0.0,0.0,0.0,0.0,0.0,0.0,0.0,0.0,0.0,0.0,0.0,0.0,7.0,0.0,0.0,0.0,0.0,15.0,7.0,3.0,11.0,22.0,27.0,13.0,10.0
676,1.0,676.0,London_56,three,151,453,1092.0,70.0,2.0,128652.0,1.743516992777586,737.0,83.0,0.0,83.0,137.0,0.0,137.0,128.0,71.0,139.0,49.0,133.0,9.0,41.0,3.0,8.0,9.0,76.0,155.0,213.0,80.0,0.0,0.0,0.0,0.0,0.0,0.0,0.0,0.0,0.0,0.0,0.0,0.0,0.0,0.0,0.0,0.0,0.0,0.0,0.0,0.0,0.0,0.0,0.0,0.0,0.0,0.0,0.0,0.0,0.0,0.0,0.0,0.0,0.0,0.0,0.0,0.0,0.0,0.0,0.0,0.0,0.0,2.0,0.0,0.0,0.0,0.0,9.0,8.0,1.0,6.0,13.0,26.0,14.0,9.0,0.0,0.0,0.0,0.0,0.0,0.0,0.0,0.0,0.0,0.0,0.0,0.0,0.0,0.0,0.0,0.0,0.0,0.0,0.0,0.0,0.0,2.0,0.0,0.0,0.0,0.0,13.0,12.0,3.0,8.0,17.0,40.0,14.0,17.0
677,1.0,677.0,London_56,three,151,453,1092.0,70.0,2.0,124122.0,7.87999525712803,727.0,128.0,2.0,126.0,238.0,18.0,220.0,137.0,71.0,146.0,38.0,129.0,13.0,46.0,4.0,6.0,11.0,75.0,144.0,223.0,89.0,0.0,0.0,0.0,0.0,0.0,0.0,0.0,0.0,0.0,0.0,0.0,0.0,0.0,0.0,0.0,0.0,0.0,0.0,0.0,0.0,0.0,0.0,0.0,0.0,0.0,0.0,0.0,0.0,0.0,0.0,0.0,0.0,0.0,0.0,1.0,0.0,0.0,0.0,0.0,0.0,2.0,4.0,0.0,2.0,0.0,0.0,30.0,4.0,4.0,7.0,23.0,37.0,24.0,11.0,0.0,0.0,0.0,0.0,0.0,0.0,0.0,0.0,0.0,0.0,0.0,0.0,0.0,0.0,9.0,0.0,0.0,0.0,0.0,0.0,2.0,5.0,0.0,5.0,0.0,0.0,38.0,8.0,4.0,8.0,31.0,59.0,30.0,15.0
678,1.0,678.0,London_56,three,151,453,1092.0,70.0,2.0,96036.0,4.309028793592006,665.0,3.0,1.0,2.0,14.0,10.0,4.0,238.0,74.0,147.0,40.0,109.0,15.0,51.0,6.0,11.0,10.0,83.0,130.0,230.0,78.0,0.0,0.0,0.0,0.0,0.0,0.0,0.0,0.0,0.0,0.0,0.0,0.0,0.0,0.0,0.0,0.0,0.0,0.0,0.0,0.0,0.0,0.0,0.0,0.0,0.0,0.0,0.0,0.0,0.0,0.0,0.0,0.0,0.0,0.0,0.0,0.0,1.0,0.0,0.0,0.0,0.0,0.0,0.0,0.0,0.0,0.0,1.0,0.0,0.0,1.0,0.0,0.0,0.0,0.0,0.0,0.0,0.0,0.0,0.0,0.0,0.0,0.0,0.0,0.0,0.0,0.0,0.0,0.0,0.0,0.0,6.0,0.0,0.0,0.0,0.0,0.0,0.0,0.0,0.0,0.0,1.0,0.0,0.0,1.0,0.0,0.0,0.0,0.0
679,1.0,679.0,London_56,three,151,453,1092.0,70.0,2.0,130917.0,6.016178451944143,742.0,35.0,0.0,35.0,65.0,0.0,65.0,14.0,68.0,147.0,41.0,111.0,15.0,54.0,6.0,11.0,11.0,86.0,123.0,233.0,81.0,0.0,0.0,0.0,0.0,0.0,0.0,0.0,0.0,0.0,0.0,0.0,0.0,0.0,0.0,0.0,0.0,0.0,0.0,0.0,0.0,0.0,0.0,0.0,0.0,0.0,0.0,0.0,0.0,0.0,0.0,0.0,0.0,0.0,0.0,0.0,0.0,0.0,0.0,0.0,0.0,0.0,0.0,0.0,0.0,0.0,0.0,1.0,1.0,1.0,10.0,7.0,10.0,5.0,6.0,0.0,0.0,0.0,0.0,0.0,0.0,0.0,0.0,0.0,0.0,0.0,0.0,0.0,0.0,0.0,0.0,0.0,0.0,0.0,0.0,0.0,0.0,0.0,0.0,0.0,0.0,1.0,1.0,2.0,14.0,14.0,12.0,7.0,10.0
680,1.0,680.0,London_56,three,151,453,1092.0,70.0,2.0,155832.0,3.1483297618106008,797.0,27.0,0.0,27.0,46.0,0.0,46.0,65.0,65.0,152.0,42.0,116.0,12.0,51.0,8.0,7.0,10.0,80.0,134.0,229.0,80.0,0.0,0.0,0.0,0.0,0.0,0.0,0.0,0.0,0.0,0.0,0.0,0.0,0.0,0.0,0.0,0.0,0.0,0.0,0.0,0.0,0.0,0.0,0.0,0.0,0.0,0.0,0.0,0.0,0.0,0.0,0.0,0.0,0.0,0.0,0.0,0.0,0.0,0.0,0.0,0.0,0.0,3.0,0.0,0.0,1.0,0.0,6.0,1.0,0.0,2.0,6.0,7.0,6.0,2.0,0.0,0.0,0.0,0.0,0.0,0.0,0.0,0.0,0.0,0.0,0.0,0.0,0.0,0.0,0.0,0.0,0.0,0.0,0.0,0.0,0.0,5.0,0.0,0.0,1.0,0.0,7.0,1.0,0.0,2.0,11.0,9.0,8.0,2.0
681,1.0,681.0,London_56,three,151,453,1092.0,70.0,2.0,187089.0,4.382627003826201,866.0,134.0,2.0,132.0,238.0,16.0,222.0,46.0,69.0,141.0,42.0,124.0,14.0,47.0,9.0,7.0,9.0,84.0,136.0,224.0,79.0,0.0,0.0,0.0,0.0,0.0,0.0,0.0,0.0,0.0,0.0,0.0,0.0,0.0,0.0,0.0,0.0,0.0,0.0,0.0,0.0,0.0,0.0,0.0,0.0,0.0,0.0,0.0,0.0,0.0,0.0,0.0,0.0,0.0,0.0,0.0,1.0,0.0,0.0,0.0,0.0,2.0,1.0,0.0,2.0,0.0,0.0,8.0,13.0,0.0,19.0,27.0,28.0,18.0,7.0,0.0,0.0,0.0,0.0,0.0,0.0,0.0,0.0,0.0,0.0,0.0,0.0,0.0,0.0,0.0,4.0,0.0,0.0,0.0,0.0,2.0,1.0,0.0,2.0,0.0,0.0,8.0,17.0,0.0,29.0,41.0,40.0,27.0,11.0
682,1.0,682.0,London_56,three,151,453,1092.0,70.0,2.0,174405.0,7.055070047266781,838.0,73.0,2.0,71.0,145.0,18.0,127.0,238.0,72.0,123.0,42.0,134.0,17.0,52.0,8.0,5.0,6.0,69.0,151.0,227.0,73.0,0.0,0.0,0.0,0.0,0.0,0.0,0.0,0.0,0.0,0.0,0.0,0.0,0.0,0.0,0.0,0.0,0.0,0.0,0.0,0.0,0.0,0.0,0.0,0.0,0.0,0.0,0.0,0.0,0.0,1.0,0.0,0.0,0.0,0.0,0.0,1.0,1.0,0.0,0.0,0.0,4.0,1.0,0.0,1.0,0.0,0.0,18.0,8.0,1.0,11.0,8.0,17.0,13.0,4.0,0.0,0.0,0.0,0.0,0.0,0.0,0.0,0.0,0.0,1.0,0.0,0.0,0.0,0.0,0.0,1.0,8.0,0.0,0.0,0.0,4.0,1.0,0.0,1.0,0.0,0.0,25.0,9.0,1.0,13.0,11.0,27.0,16.0,10.0
683,1.0,683.0,London_56,three,151,453,1092.0,70.0,2.0,171687.0,7.302707112859935,832.0,85.0,1.0,84.0,147.0,10.0,137.0,145.0,65.0,109.0,40.0,155.0,21.0,52.0,7.0,4.0,6.0,70.0,143.0,234.0,73.0,0.0,0.0,0.0,0.0,0.0,0.0,0.0,0.0,0.0,0.0,0.0,0.0,0.0,0.0,0.0,0.0,0.0,0.0,0.0,0.0,0.0,0.0,0.0,0.0,0.0,0.0,0.0,0.0,0.0,0.0,0.0,0.0,0.0,0.0,1.0,0.0,0.0,0.0,0.0,0.0,1.0,1.0,0.0,3.0,0.0,0.0,3.0,2.0,1.0,7.0,16.0,19.0,22.0,8.0,0.0,0.0,0.0,0.0,0.0,0.0,0.0,0.0,0.0,0.0,0.0,0.0,0.0,0.0,6.0,0.0,0.0,0.0,0.0,0.0,1.0,1.0,0.0,6.0,0.0,0.0,4.0,3.0,1.0,10.0,27.0,23.0,26.0,12.0
684,1.0,684.0,London_56,three,151,453,1092.0,70.0,2.0,170781.0,6.514582643285394,830.0,99.0,0.0,99.0,164.0,0.0,164.0,147.0,73.0,119.0,37.0,150.0,14.0,47.0,7.0,6.0,5.0,76.0,130.0,242.0,68.0,0.0,0.0,0.0,0.0,0.0,0.0,0.0,0.0,0.0,0.0,0.0,0.0,0.0,0.0,0.0,0.0,0.0,0.0,0.0,0.0,0.0,0.0,0.0,0.0,0.0,0.0,0.0,0.0,0.0,0.0,0.0,0.0,0.0,0.0,0.0,0.0,0.0,0.0,0.0,0.0,2.0,1.0,0.0,1.0,0.0,1.0,8.0,9.0,0.0,12.0,14.0,19.0,20.0,4.0,0.0,0.0,0.0,0.0,0.0,0.0,0.0,0.0,0.0,0.0,0.0,0.0,0.0,0.0,0.0,0.0,0.0,0.0,0.0,0.0,2.0,1.0,0.0,1.0,0.0,1.0,9.0,11.0,0.0,15.0,23.0,24.0,26.0,4.0
685,1.0,685.0,London_56,three,151,453,1092.0,70.0,2.0,166251.0,7.7965109487995505,820.0,145.0,2.0,143.0,256.0,18.0,238.0,164.0,74.0,119.0,36.0,142.0,16.0,50.0,6.0,10.0,9.0,82.0,128.0,234.0,68.0,0.0,0.0,0.0,0.0,0.0,0.0,0.0,0.0,0.0,0.0,0.0,0.0,0.0,0.0,0.0,0.0,0.0,0.0,0.0,0.0,0.0,0.0,0.0,0.0,0.0,0.0,0.0,0.0,0.0,0.0,0.0,0.0,1.0,0.0,0.0,1.0,0.0,0.0,0.0,0.0,0.0,7.0,0.0,0.0,0.0,1.0,12.0,3.0,2.0,10.0,31.0,34.0,36.0,4.0,0.0,0.0,0.0,0.0,0.0,0.0,0.0,0.0,0.0,0.0,0.0,0.0,5.0,0.0,0.0,4.0,0.0,0.0,0.0,0.0,0.0,13.0,0.0,0.0,0.0,2.0,18.0,4.0,2.0,14.0,53.0,43.0,47.0,5.0
686,1.0,686.0,London_56,three,151,453,1092.0,70.0,2.0,139071.0,5.487774706911296,760.0,31.0,2.0,29.0,70.0,19.0,51.0,256.0,73.0,112.0,36.0,157.0,14.0,48.0,4.0,9.0,7.0,103.0,142.0,201.0,74.0,0.0,0.0,0.0,0.0,0.0,0.0,0.0,0.0,0.0,0.0,0.0,0.0,0.0,0.0,0.0,0.0,0.0,0.0,0.0,0.0,0.0,0.0,0.0,0.0,0.0,0.0,0.0,0.0,0.0,1.0,0.0,0.0,1.0,1.0,0.0,1.0,0.0,0.0,0.0,0.0,0.0,0.0,0.0,1.0,0.0,0.0,3.0,2.0,1.0,0.0,4.0,8.0,6.0,3.0,0.0,0.0,0.0,0.0,0.0,0.0,0.0,0.0,0.0,5.0,0.0,0.0,7.0,6.0,0.0,2.0,0.0,0.0,0.0,0.0,0.0,0.0,0.0,1.0,0.0,0.0,4.0,3.0,1.0,0.0,6.0,11.0,8.0,6.0
687,1.0,687.0,London_56,three,151,453,1092.0,70.0,2.0,168969.0,6.214252973906696,826.0,109.0,2.0,107.0,198.0,20.0,178.0,70.0,71.0,112.0,36.0,153.0,15.0,51.0,4.0,11.0,3.0,98.0,140.0,212.0,72.0,0.0,0.0,0.0,0.0,0.0,0.0,0.0,0.0,0.0,0.0,0.0,0.0,0.0,0.0,0.0,0.0,0.0,0.0,0.0,0.0,0.0,0.0,0.0,0.0,0.0,0.0,0.0,0.0,0.0,0.0,0.0,0.0,1.0,0.0,2.0,2.0,0.0,0.0,0.0,0.0,6.0,1.0,0.0,1.0,0.0,0.0,5.0,2.0,2.0,10.0,19.0,21.0,24.0,10.0,0.0,0.0,0.0,0.0,0.0,0.0,0.0,0.0,0.0,0.0,0.0,0.0,1.0,0.0,16.0,5.0,0.0,0.0,0.0,0.0,9.0,1.0,0.0,2.0,0.0,0.0,8.0,3.0,2.0,12.0,27.0,30.0,30.0,13.0
688,1.0,688.0,London_56,three,151,453,1092.0,70.0,2.0,160815.0,1.2587245861068368,808.0,123.0,0.0,123.0,219.0,0.0,219.0,198.0,78.0,112.0,36.0,143.0,17.0,58.0,2.0,7.0,2.0,85.0,149.0,217.0,69.0,0.0,0.0,0.0,0.0,0.0,0.0,0.0,0.0,0.0,0.0,0.0,0.0,0.0,0.0,0.0,0.0,0.0,0.0,0.0,0.0,0.0,0.0,0.0,0.0,0.0,0.0,0.0,0.0,0.0,0.0,0.0,0.0,0.0,0.0,0.0,0.0,0.0,0.0,0.0,0.0,3.0,3.0,0.0,3.0,0.0,0.0,7.0,5.0,2.0,9.0,21.0,30.0,23.0,11.0,0.0,0.0,0.0,0.0,0.0,0.0,0.0,0.0,0.0,0.0,0.0,0.0,0.0,0.0,0.0,0.0,0.0,0.0,0.0,0.0,5.0,3.0,0.0,5.0,0.0,0.0,12.0,6.0,2.0,14.0,32.0,46.0,29.0,15.0
689,1.0,689.0,London_56,three,151,453,1092.0,70.0,2.0,146772.0,1.476702293381095,777.0,41.0,2.0,39.0,82.0,17.0,65.0,219.0,64.0,141.0,40.0,133.0,14.0,51.0,4.0,6.0,3.0,88.0,135.0,227.0,79.0,0.0,0.0,0.0,0.0,0.0,0.0,0.0,0.0,0.0,0.0,0.0,0.0,0.0,0.0,0.0,0.0,0.0,0.0,0.0,0.0,0.0,0.0,0.0,0.0,0.0,0.0,0.0,0.0,0.0,1.0,0.0,0.0,2.0,0.0,0.0,2.0,0.0,0.0,0.0,0.0,2.0,0.0,0.0,2.0,0.0,0.0,8.0,0.0,0.0,4.0,9.0,8.0,6.0,3.0,0.0,0.0,0.0,0.0,0.0,0.0,0.0,0.0,0.0,2.0,0.0,0.0,6.0,0.0,0.0,6.0,0.0,0.0,0.0,0.0,3.0,0.0,0.0,4.0,0.0,0.0,14.0,0.0,0.0,5.0,12.0,11.0,9.0,5.0
690,1.0,690.0,London_56,three,151,453,1092.0,70.0,2.0,171687.0,4.054196272045374,832.0,99.0,0.0,99.0,171.0,0.0,171.0,82.0,59.0,146.0,45.0,134.0,11.0,46.0,5.0,7.0,4.0,87.0,132.0,230.0,80.0,0.0,0.0,0.0,0.0,0.0,0.0,0.0,0.0,0.0,0.0,0.0,0.0,0.0,0.0,0.0,0.0,0.0,0.0,0.0,0.0,0.0,0.0,0.0,0.0,0.0,0.0,0.0,0.0,0.0,0.0,0.0,0.0,0.0,0.0,0.0,0.0,0.0,0.0,0.0,0.0,2.0,0.0,0.0,1.0,0.0,0.0,13.0,3.0,7.0,9.0,20.0,28.0,17.0,12.0,0.0,0.0,0.0,0.0,0.0,0.0,0.0,0.0,0.0,0.0,0.0,0.0,0.0,0.0,0.0,0.0,0.0,0.0,0.0,0.0,2.0,0.0,0.0,1.0,0.0,0.0,17.0,6.0,8.0,11.0,32.0,44.0,22.0,18.0
691,1.0,691.0,London_56,three,151,453,1092.0,70.0,2.0,171234.0,1.8417400089092553,831.0,96.0,0.0,96.0,171.0,0.0,171.0,171.0,70.0,132.0,53.0,136.0,12.0,40.0,4.0,6.0,5.0,79.0,129.0,240.0,64.0,0.0,0.0,0.0,0.0,0.0,0.0,0.0,0.0,0.0,0.0,0.0,0.0,0.0,0.0,0.0,0.0,0.0,0.0,0.0,0.0,0.0,0.0,0.0,0.0,0.0,0.0,0.0,0.0,0.0,0.0,0.0,0.0,0.0,0.0,0.0,0.0,0.0,0.0,0.0,0.0,1.0,0.0,0.0,4.0,0.0,0.0,12.0,3.0,2.0,6.0,19.0,22.0,19.0,10.0,0.0,0.0,0.0,0.0,0.0,0.0,0.0,0.0,0.0,0.0,0.0,0.0,0.0,0.0,0.0,0.0,0.0,0.0,0.0,0.0,1.0,0.0,0.0,7.0,0.0,0.0,17.0,3.0,3.0,6.0,29.0,38.0,23.0,17.0
692,1.0,692.0,London_56,three,151,453,1092.0,70.0,2.0,161721.0,7.767901729326695,810.0,79.0,1.0,78.0,154.0,9.0,145.0,171.0,65.0,145.0,48.0,131.0,12.0,40.0,5.0,7.0,4.0,81.0,132.0,236.0,68.0,0.0,0.0,0.0,0.0,0.0,0.0,0.0,0.0,0.0,0.0,0.0,0.0,0.0,0.0,0.0,0.0,0.0,0.0,0.0,0.0,0.0,0.0,0.0,0.0,0.0,0.0,0.0,0.0,0.0,0.0,0.0,0.0,0.0,0.0,0.0,0.0,0.0,0.0,0.0,0.0,9.0,4.0,0.0,2.0,0.0,0.0,7.0,3.0,0.0,4.0,12.0,18.0,18.0,6.0,0.0,0.0,0.0,0.0,0.0,0.0,0.0,0.0,0.0,0.0,0.0,0.0,0.0,0.0,0.0,0.0,0.0,0.0,0.0,0.0,14.0,4.0,0.0,3.0,0.0,0.0,9.0,4.0,0.0,4.0,17.0,31.0,22.0,10.0
693,1.0,693.0,London_56,three,151,453,1092.0,70.0,2.0,171234.0,8.772546363063157,831.0,92.0,0.0,92.0,165.0,0.0,165.0,154.0,68.0,155.0,47.0,121.0,11.0,33.0,7.0,11.0,7.0,71.0,124.0,251.0,68.0,0.0,0.0,0.0,0.0,0.0,0.0,0.0,0.0,0.0,0.0,0.0,0.0,0.0,0.0,0.0,0.0,0.0,0.0,0.0,0.0,0.0,0.0,0.0,0.0,0.0,0.0,0.0,0.0,0.0,0.0,0.0,0.0,0.0,0.0,0.0,0.0,0.0,0.0,0.0,0.0,0.0,1.0,0.0,1.0,0.0,0.0,11.0,6.0,1.0,2.0,16.0,22.0,19.0,6.0,0.0,0.0,0.0,0.0,0.0,0.0,0.0,0.0,0.0,0.0,0.0,0.0,0.0,0.0,0.0,0.0,0.0,0.0,0.0,0.0,0.0,1.0,0.0,1.0,0.0,0.0,15.0,8.0,2.0,3.0,23.0,37.0,23.0,10.0
694,1.0,694.0,London_56,three,151,453,1092.0,70.0,2.0,163080.0,10.130150390323251,813.0,108.0,0.0,108.0,181.0,0.0,181.0,165.0,72.0,140.0,38.0,133.0,12.0,38.0,6.0,14.0,10.0,67.0,133.0,243.0,76.0,0.0,0.0,0.0,0.0,0.0,0.0,0.0,0.0,0.0,0.0,0.0,0.0,0.0,0.0,0.0,0.0,0.0,0.0,0.0,0.0,0.0,0.0,0.0,0.0,0.0,0.0,0.0,0.0,0.0,0.0,0.0,0.0,0.0,0.0,0.0,0.0,0.0,0.0,0.0,0.0,2.0,2.0,0.0,3.0,1.0,0.0,8.0,4.0,4.0,7.0,29.0,20.0,26.0,9.0,0.0,0.0,0.0,0.0,0.0,0.0,0.0,0.0,0.0,0.0,0.0,0.0,0.0,0.0,0.0,0.0,0.0,0.0,0.0,0.0,3.0,3.0,0.0,4.0,1.0,0.0,9.0,5.0,5.0,8.0,40.0,30.0,33.0,16.0
695,1.0,695.0,London_56,three,151,453,1092.0,70.0,2.0,154473.0,7.443368993699551,794.0,116.0,0.0,116.0,205.0,0.0,205.0,181.0,74.0,140.0,37.0,129.0,11.0,46.0,6.0,10.0,13.0,76.0,135.0,229.0,98.0,0.0,0.0,0.0,0.0,0.0,0.0,0.0,0.0,0.0,0.0,0.0,0.0,0.0,0.0,0.0,0.0,0.0,0.0,0.0,0.0,0.0,0.0,0.0,0.0,0.0,0.0,0.0,0.0,0.0,0.0,0.0,0.0,0.0,0.0,0.0,0.0,0.0,0.0,0.0,0.0,5.0,1.0,0.0,0.0,0.0,0.0,9.0,2.0,5.0,7.0,24.0,22.0,15.0,14.0,0.0,0.0,0.0,0.0,0.0,0.0,0.0,0.0,0.0,0.0,0.0,0.0,0.0,0.0,0.0,0.0,0.0,0.0,0.0,0.0,5.0,1.0,0.0,0.0,0.0,0.0,13.0,2.0,6.0,10.0,37.0,31.0,17.0,21.0
696,1.0,696.0,London_56,three,151,453,1092.0,70.0,2.0,133182.0,4.976053820922971,747.0,100.0,2.0,98.0,181.0,17.0,164.0,205.0,72.0,128.0,28.0,147.0,19.0,42.0,7.0,10.0,12.0,85.0,136.0,220.0,84.0,0.0,0.0,0.0,0.0,0.0,0.0,0.0,0.0,0.0,0.0,0.0,0.0,0.0,0.0,0.0,0.0,0.0,0.0,0.0,0.0,0.0,0.0,0.0,0.0,0.0,0.0,0.0,0.0,0.0,1.0,0.0,0.0,1.0,0.0,0.0,1.0,0.0,0.0,0.0,0.0,2.0,5.0,0.0,0.0,1.0,0.0,9.0,3.0,6.0,8.0,11.0,21.0,14.0,11.0,0.0,0.0,0.0,0.0,0.0,0.0,0.0,0.0,0.0,1.0,0.0,0.0,6.0,0.0,0.0,2.0,0.0,0.0,0.0,0.0,4.0,7.0,0.0,0.0,1.0,0.0,12.0,3.0,6.0,11.0,17.0,33.0,18.0,14.0
697,1.0,697.0,London_56,three,151,453,1092.0,70.0,2.0,128199.0,3.2667636796832085,736.0,28.0,2.0,26.0,73.0,20.0,53.0,181.0,60.0,134.0,37.0,148.0,18.0,38.0,7.0,11.0,13.0,85.0,123.0,232.0,83.0,0.0,0.0,0.0,0.0,0.0,0.0,0.0,0.0,0.0,0.0,0.0,0.0,0.0,0.0,0.0,0.0,0.0,0.0,0.0,0.0,0.0,0.0,0.0,0.0,0.0,0.0,0.0,0.0,0.0,1.0,0.0,0.0,1.0,1.0,0.0,2.0,0.0,0.0,0.0,0.0,0.0,0.0,0.0,0.0,0.0,0.0,3.0,1.0,0.0,1.0,6.0,5.0,7.0,2.0,0.0,0.0,0.0,0.0,0.0,0.0,0.0,0.0,0.0,1.0,0.0,0.0,8.0,10.0,0.0,8.0,0.0,0.0,0.0,0.0,0.0,0.0,0.0,0.0,0.0,0.0,6.0,1.0,0.0,1.0,9.0,10.0,10.0,3.0
698,1.0,698.0,London_56,three,151,453,1092.0,70.0,2.0,159456.0,8.599599858280271,805.0,41.0,2.0,39.0,86.0,18.0,68.0,73.0,55.0,136.0,39.0,150.0,20.0,35.0,7.0,11.0,13.0,91.0,115.0,234.0,77.0,0.0,0.0,0.0,0.0,0.0,0.0,0.0,0.0,0.0,0.0,0.0,0.0,0.0,0.0,0.0,0.0,0.0,0.0,0.0,0.0,0.0,0.0,0.0,0.0,0.0,0.0,0.0,0.0,0.0,0.0,0.0,0.0,0.0,0.0,1.0,1.0,0.0,0.0,0.0,0.0,0.0,0.0,0.0,0.0,1.0,0.0,4.0,1.0,0.0,1.0,10.0,6.0,9.0,2.0,0.0,0.0,0.0,0.0,0.0,0.0,0.0,0.0,0.0,0.0,0.0,0.0,0.0,0.0,5.0,1.0,0.0,0.0,0.0,0.0,0.0,0.0,0.0,0.0,1.0,0.0,6.0,1.0,0.0,1.0,17.0,6.0,10.0,3.0
699,1.0,699.0,London_56,three,151,453,1092.0,70.0,2.0,180747.0,12.702982564922422,852.0,94.0,1.0,93.0,172.0,9.0,163.0,86.0,60.0,137.0,45.0,143.0,16.0,38.0,6.0,8.0,9.0,95.0,116.0,233.0,70.0,0.0,0.0,0.0,0.0,0.0,0.0,0.0,0.0,0.0,0.0,0.0,0.0,0.0,0.0,0.0,0.0,0.0,0.0,0.0,0.0,0.0,0.0,0.0,0.0,0.0,0.0,0.0,0.0,0.0,0.0,0.0,0.0,0.0,0.0,1.0,0.0,1.0,0.0,0.0,0.0,3.0,1.0,0.0,1.0,0.0,0.0,11.0,4.0,3.0,6.0,19.0,17.0,19.0,7.0,0.0,0.0,0.0,0.0,0.0,0.0,0.0,0.0,0.0,0.0,0.0,0.0,0.0,0.0,6.0,0.0,1.0,0.0,0.0,0.0,4.0,2.0,0.0,2.0,0.0,0.0,18.0,5.0,4.0,7.0,32.0,25.0,22.0,14.0
700,1.0,700.0,London_56,three,151,453,1092.0,70.0,2.0,178029.0,7.186578741762787,846.0,137.0,2.0,135.0,241.0,18.0,223.0,172.0,60.0,138.0,45.0,132.0,15.0,45.0,6.0,12.0,9.0,92.0,133.0,219.0,68.0,0.0,0.0,0.0,0.0,0.0,0.0,0.0,0.0,0.0,1.0,0.0,1.0,0.0,0.0,0.0,0.0,0.0,0.0,1.0,0.0,0.0,0.0,0.0,0.0,0.0,0.0,0.0,0.0,0.0,1.0,0.0,0.0,0.0,0.0,0.0,0.0,0.0,0.0,0.0,0.0,1.0,6.0,0.0,0.0,3.0,0.0,22.0,10.0,5.0,9.0,28.0,33.0,28.0,12.0,0.0,0.0,0.0,0.0,0.0,0.0,0.0,0.0,0.0,9.0,0.0,0.0,0.0,0.0,0.0,0.0,0.0,0.0,0.0,0.0,1.0,6.0,0.0,0.0,3.0,0.0,28.0,11.0,7.0,13.0,46.0,44.0,38.0,21.0
701,1.0,701.0,London_56,three,151,453,1092.0,70.0,2.0,141336.0,6.801775733940303,765.0,87.0,1.0,86.0,153.0,8.0,145.0,239.0,66.0,135.0,44.0,135.0,10.0,48.0,6.0,9.0,10.0,82.0,125.0,236.0,65.0,0.0,0.0,0.0,0.0,0.0,0.0,0.0,0.0,0.0,0.0,0.0,0.0,0.0,0.0,0.0,0.0,0.0,0.0,0.0,0.0,0.0,0.0,0.0,0.0,0.0,0.0,0.0,0.0,0.0,0.0,0.0,0.0,1.0,0.0,0.0,1.0,0.0,0.0,0.0,0.0,1.0,3.0,0.0,0.0,2.0,0.0,6.0,11.0,3.0,5.0,17.0,21.0,15.0,7.0,0.0,0.0,0.0,0.0,0.0,0.0,0.0,0.0,0.0,0.0,0.0,0.0,3.0,0.0,0.0,3.0,0.0,0.0,0.0,0.0,1.0,4.0,0.0,0.0,3.0,0.0,8.0,14.0,6.0,7.0,25.0,33.0,18.0,11.0
702,1.0,702.0,London_56,three,151,453,1092.0,70.0,2.0,134541.0,6.754514439962804,750.0,53.0,1.0,52.0,96.0,9.0,87.0,153.0,64.0,140.0,43.0,132.0,14.0,44.0,4.0,12.0,12.0,71.0,139.0,231.0,71.0,0.0,0.0,0.0,0.0,0.0,0.0,0.0,0.0,0.0,0.0,0.0,0.0,0.0,0.0,0.0,0.0,0.0,0.0,0.0,0.0,0.0,0.0,0.0,0.0,0.0,0.0,0.0,0.0,0.0,0.0,0.0,0.0,0.0,0.0,1.0,0.0,0.0,0.0,0.0,0.0,0.0,0.0,0.0,1.0,1.0,0.0,4.0,8.0,1.0,5.0,11.0,8.0,10.0,6.0,0.0,0.0,0.0,0.0,0.0,0.0,0.0,0.0,0.0,0.0,0.0,0.0,0.0,0.0,7.0,0.0,0.0,0.0,0.0,0.0,0.0,0.0,0.0,1.0,1.0,0.0,4.0,15.0,1.0,6.0,16.0,14.0,13.0,9.0
703,1.0,703.0,London_56,three,151,453,1092.0,70.0,2.0,138165.0,7.914805916137993,758.0,105.0,0.0,105.0,176.0,0.0,176.0,96.0,60.0,138.0,47.0,133.0,17.0,42.0,3.0,13.0,12.0,70.0,135.0,236.0,75.0,0.0,0.0,0.0,0.0,0.0,0.0,0.0,0.0,0.0,0.0,0.0,0.0,0.0,0.0,0.0,0.0,0.0,0.0,0.0,0.0,0.0,0.0,0.0,0.0,0.0,0.0,0.0,0.0,0.0,0.0,0.0,0.0,0.0,0.0,0.0,0.0,0.0,0.0,0.0,0.0,3.0,1.0,0.0,2.0,0.0,0.0,9.0,5.0,7.0,3.0,15.0,24.0,22.0,4.0,0.0,0.0,0.0,0.0,0.0,0.0,0.0,0.0,0.0,0.0,0.0,0.0,0.0,0.0,0.0,0.0,0.0,0.0,0.0,0.0,4.0,1.0,0.0,2.0,0.0,0.0,14.0,7.0,10.0,4.0,20.0,36.0,27.0,7.0
704,1.0,704.0,London_56,three,151,453,1092.0,70.0,2.0,120498.0,7.914211242925376,719.0,119.0,2.0,117.0,226.0,18.0,208.0,176.0,68.0,134.0,42.0,125.0,19.0,47.0,4.0,14.0,11.0,67.0,151.0,224.0,69.0,0.0,0.0,0.0,0.0,0.0,0.0,0.0,0.0,0.0,0.0,0.0,0.0,0.0,0.0,0.0,0.0,0.0,0.0,0.0,0.0,0.0,0.0,0.0,0.0,0.0,0.0,0.0,0.0,0.0,1.0,0.0,0.0,0.0,0.0,1.0,1.0,0.0,0.0,0.0,0.0,2.0,8.0,0.0,1.0,2.0,0.0,13.0,5.0,2.0,12.0,31.0,30.0,19.0,10.0,0.0,0.0,0.0,0.0,0.0,0.0,0.0,0.0,0.0,5.0,0.0,0.0,0.0,0.0,8.0,6.0,0.0,0.0,0.0,0.0,2.0,10.0,0.0,1.0,2.0,0.0,18.0,8.0,2.0,14.0,49.0,44.0,25.0,17.0
705,1.0,705.0,London_56,three,151,453,1092.0,70.0,2.0,95130.0,5.893150037154555,663.0,37.0,0.0,37.0,63.0,0.0,63.0,226.0,68.0,153.0,24.0,125.0,26.0,42.0,4.0,11.0,15.0,66.0,155.0,217.0,80.0,0.0,0.0,0.0,0.0,0.0,0.0,0.0,0.0,0.0,0.0,0.0,0.0,0.0,0.0,0.0,0.0,0.0,0.0,0.0,0.0,0.0,0.0,0.0,0.0,0.0,0.0,0.0,0.0,0.0,0.0,0.0,0.0,0.0,0.0,0.0,0.0,0.0,0.0,0.0,0.0,0.0,1.0,0.0,1.0,0.0,0.0,3.0,7.0,1.0,6.0,8.0,6.0,7.0,4.0,0.0,0.0,0.0,0.0,0.0,0.0,0.0,0.0,0.0,0.0,0.0,0.0,0.0,0.0,0.0,0.0,0.0,0.0,0.0,0.0,0.0,1.0,0.0,1.0,0.0,0.0,4.0,12.0,2.0,8.0,10.0,7.0,8.0,4.0
706,1.0,706.0,London_56,three,151,453,1092.0,70.0,2.0,120498.0,7.3671193374320865,719.0,61.0,1.0,60.0,105.0,8.0,97.0,63.0,70.0,151.0,25.0,125.0,28.0,39.0,4.0,11.0,15.0,67.0,161.0,210.0,82.0,0.0,0.0,0.0,0.0,0.0,0.0,0.0,0.0,0.0,0.0,0.0,0.0,0.0,0.0,0.0,0.0,0.0,0.0,0.0,0.0,0.0,0.0,0.0,0.0,0.0,0.0,0.0,0.0,0.0,0.0,0.0,0.0,0.0,0.0,1.0,0.0,0.0,0.0,0.0,0.0,0.0,4.0,0.0,0.0,1.0,0.0,3.0,6.0,3.0,5.0,11.0,18.0,16.0,3.0,0.0,0.0,0.0,0.0,0.0,0.0,0.0,0.0,0.0,0.0,0.0,0.0,0.0,0.0,5.0,0.0,0.0,0.0,0.0,0.0,0.0,7.0,0.0,0.0,1.0,0.0,4.0,7.0,5.0,6.0,16.0,21.0,22.0,3.0
707,1.0,707.0,London_56,three,151,453,1092.0,70.0,2.0,126387.0,6.949465187266469,732.0,47.0,1.0,46.0,90.0,8.0,82.0,105.0,71.0,145.0,29.0,124.0,28.0,43.0,5.0,8.0,11.0,61.0,167.0,214.0,74.0,0.0,0.0,0.0,0.0,0.0,0.0,0.0,0.0,0.0,0.0,0.0,0.0,0.0,0.0,0.0,0.0,0.0,0.0,0.0,0.0,0.0,0.0,0.0,0.0,0.0,0.0,0.0,0.0,0.0,1.0,0.0,0.0,1.0,0.0,0.0,0.0,1.0,0.0,0.0,0.0,0.0,8.0,0.0,0.0,0.0,0.0,3.0,2.0,3.0,3.0,10.0,11.0,14.0,6.0,0.0,0.0,0.0,0.0,0.0,0.0,0.0,0.0,0.0,2.0,0.0,0.0,3.0,0.0,0.0,0.0,8.0,0.0,0.0,0.0,0.0,11.0,0.0,0.0,0.0,0.0,4.0,2.0,3.0,3.0,14.0,16.0,15.0,9.0
708,1.0,708.0,London_56,three,151,453,1092.0,70.0,2.0,142242.0,6.176469672936946,767.0,2.0,0.0,2.0,4.0,0.0,4.0,90.0,72.0,147.0,30.0,123.0,26.0,43.0,5.0,7.0,11.0,69.0,159.0,214.0,78.0,0.0,0.0,0.0,0.0,0.0,0.0,0.0,0.0,0.0,0.0,0.0,0.0,0.0,0.0,0.0,0.0,0.0,0.0,0.0,0.0,0.0,0.0,0.0,0.0,0.0,0.0,0.0,0.0,0.0,0.0,0.0,0.0,0.0,0.0,0.0,0.0,0.0,0.0,0.0,0.0,0.0,0.0,0.0,0.0,0.0,0.0,0.0,1.0,0.0,1.0,0.0,1.0,1.0,0.0,0.0,0.0,0.0,0.0,0.0,0.0,0.0,0.0,0.0,0.0,0.0,0.0,0.0,0.0,0.0,0.0,0.0,0.0,0.0,0.0,0.0,0.0,0.0,0.0,0.0,0.0,0.0,1.0,0.0,2.0,0.0,2.0,1.0,0.0
709,1.0,709.0,London_56,three,151,453,1092.0,70.0,2.0,187542.0,6.77523295301944,867.0,105.0,2.0,103.0,198.0,18.0,180.0,4.0,73.0,147.0,30.0,122.0,26.0,43.0,5.0,7.0,11.0,68.0,161.0,213.0,78.0,0.0,0.0,0.0,0.0,0.0,0.0,0.0,0.0,0.0,0.0,0.0,0.0,0.0,0.0,0.0,0.0,0.0,0.0,0.0,0.0,0.0,0.0,0.0,0.0,0.0,0.0,0.0,0.0,0.0,0.0,0.0,0.0,0.0,0.0,1.0,0.0,0.0,0.0,0.0,0.0,2.0,0.0,0.0,0.0,2.0,1.0,5.0,6.0,2.0,12.0,21.0,27.0,18.0,10.0,0.0,0.0,0.0,0.0,0.0,0.0,0.0,0.0,0.0,0.0,0.0,0.0,0.0,0.0,4.0,0.0,0.0,0.0,0.0,0.0,2.0,0.0,0.0,0.0,2.0,2.0,7.0,6.0,2.0,15.0,34.0,41.0,25.0,19.0
710,1.0,710.0,London_56,three,151,453,1092.0,70.0,2.0,183012.0,8.381764002609998,857.0,77.0,2.0,75.0,137.0,16.0,121.0,198.0,69.0,135.0,44.0,128.0,20.0,43.0,3.0,11.0,8.0,83.0,146.0,216.0,71.0,0.0,0.0,0.0,0.0,0.0,0.0,0.0,0.0,0.0,0.0,0.0,0.0,0.0,0.0,0.0,0.0,0.0,0.0,0.0,0.0,0.0,0.0,0.0,0.0,0.0,0.0,0.0,0.0,0.0,1.0,0.0,0.0,1.0,0.0,1.0,2.0,0.0,0.0,0.0,0.0,4.0,0.0,0.0,2.0,0.0,1.0,10.0,9.0,2.0,3.0,14.0,16.0,12.0,10.0,0.0,0.0,0.0,0.0,0.0,0.0,0.0,0.0,0.0,1.0,0.0,0.0,1.0,0.0,6.0,9.0,0.0,0.0,0.0,0.0,4.0,0.0,0.0,2.0,0.0,1.0,13.0,11.0,4.0,4.0,22.0,21.0,17.0,16.0
711,1.0,711.0,London_56,three,151,453,1092.0,70.0,2.0,194790.0,8.092325220815837,883.0,116.0,2.0,114.0,210.0,20.0,190.0,137.0,66.0,136.0,45.0,132.0,17.0,44.0,4.0,9.0,7.0,77.0,127.0,242.0,63.0,0.0,0.0,0.0,0.0,0.0,0.0,0.0,0.0,0.0,0.0,0.0,0.0,0.0,0.0,0.0,0.0,0.0,0.0,0.0,0.0,0.0,0.0,0.0,0.0,0.0,0.0,0.0,0.0,0.0,1.0,0.0,0.0,1.0,0.0,0.0,2.0,0.0,0.0,0.0,0.0,1.0,9.0,0.0,2.0,0.0,0.0,7.0,7.0,1.0,3.0,27.0,25.0,23.0,6.0,0.0,0.0,0.0,0.0,0.0,0.0,0.0,0.0,0.0,7.0,0.0,0.0,5.0,0.0,0.0,7.0,0.0,0.0,0.0,0.0,1.0,11.0,0.0,3.0,0.0,0.0,11.0,9.0,2.0,3.0,35.0,40.0,27.0,11.0
712,1.0,712.0,London_56,three,151,453,1092.0,70.0,2.0,183465.0,7.583320488221943,858.0,128.0,0.0,128.0,221.0,0.0,221.0,210.0,47.0,139.0,47.0,133.0,17.0,54.0,4.0,12.0,8.0,74.0,119.0,252.0,51.0,0.0,0.0,0.0,0.0,0.0,0.0,0.0,0.0,0.0,0.0,0.0,0.0,0.0,0.0,0.0,0.0,0.0,0.0,0.0,0.0,0.0,0.0,0.0,0.0,0.0,0.0,0.0,0.0,0.0,0.0,0.0,0.0,0.0,0.0,0.0,0.0,0.0,0.0,0.0,0.0,5.0,0.0,0.0,2.0,2.0,0.0,12.0,4.0,5.0,8.0,26.0,31.0,29.0,16.0,0.0,0.0,0.0,0.0,0.0,0.0,0.0,0.0,0.0,0.0,0.0,0.0,0.0,0.0,0.0,0.0,0.0,0.0,0.0,0.0,5.0,0.0,0.0,4.0,2.0,0.0,17.0,4.0,9.0,11.0,44.0,51.0,42.0,26.0
713,1.0,713.0,London_56,three,151,453,1092.0,70.0,2.0,173499.0,3.9713888787664473,836.0,117.0,0.0,117.0,201.0,0.0,201.0,221.0,62.0,130.0,46.0,133.0,17.0,50.0,2.0,13.0,13.0,83.0,127.0,230.0,62.0,0.0,0.0,0.0,0.0,0.0,0.0,0.0,0.0,0.0,0.0,0.0,0.0,0.0,0.0,0.0,0.0,0.0,0.0,0.0,0.0,0.0,0.0,0.0,0.0,0.0,0.0,0.0,0.0,0.0,0.0,0.0,0.0,0.0,0.0,0.0,0.0,0.0,0.0,0.0,0.0,3.0,5.0,0.0,0.0,1.0,0.0,12.0,9.0,7.0,5.0,21.0,26.0,32.0,7.0,0.0,0.0,0.0,0.0,0.0,0.0,0.0,0.0,0.0,0.0,0.0,0.0,0.0,0.0,0.0,0.0,0.0,0.0,0.0,0.0,7.0,7.0,0.0,0.0,1.0,0.0,14.0,15.0,8.0,7.0,34.0,35.0,39.0,8.0
714,1.0,714.0,London_56,three,151,453,1092.0,70.0,2.0,159456.0,1.9344857558608055,805.0,90.0,2.0,88.0,181.0,19.0,162.0,201.0,63.0,117.0,49.0,134.0,16.0,51.0,4.0,19.0,15.0,80.0,128.0,230.0,75.0,0.0,0.0,0.0,0.0,0.0,0.0,0.0,0.0,0.0,0.0,0.0,0.0,0.0,0.0,0.0,0.0,0.0,0.0,0.0,0.0,0.0,0.0,0.0,0.0,0.0,0.0,0.0,0.0,0.0,1.0,0.0,0.0,1.0,0.0,0.0,1.0,0.0,0.0,0.0,0.0,2.0,5.0,0.0,0.0,1.0,0.0,11.0,5.0,5.0,11.0,21.0,26.0,16.0,8.0,0.0,0.0,0.0,0.0,0.0,0.0,0.0,0.0,0.0,4.0,0.0,0.0,5.0,0.0,0.0,2.0,0.0,0.0,0.0,0.0,2.0,7.0,0.0,0.0,1.0,0.0,14.0,8.0,6.0,12.0,37.0,39.0,21.0,16.0
715,1.0,715.0,London_56,three,151,453,1092.0,70.0,2.0,153567.0,7.084623944014311,792.0,105.0,0.0,105.0,173.0,0.0,173.0,181.0,64.0,110.0,45.0,143.0,19.0,53.0,6.0,13.0,12.0,76.0,130.0,235.0,76.0,0.0,0.0,0.0,0.0,0.0,0.0,0.0,0.0,0.0,0.0,0.0,0.0,0.0,0.0,0.0,0.0,0.0,0.0,0.0,0.0,0.0,0.0,0.0,0.0,0.0,0.0,0.0,0.0,0.0,0.0,0.0,0.0,0.0,0.0,0.0,0.0,0.0,0.0,0.0,0.0,0.0,3.0,0.0,1.0,3.0,0.0,5.0,10.0,1.0,2.0,30.0,24.0,30.0,9.0,0.0,0.0,0.0,0.0,0.0,0.0,0.0,0.0,0.0,0.0,0.0,0.0,0.0,0.0,0.0,0.0,0.0,0.0,0.0,0.0,0.0,3.0,0.0,1.0,3.0,0.0,7.0,18.0,3.0,2.0,46.0,33.0,38.0,14.0
716,1.0,716.0,London_56,three,151,453,1092.0,70.0,2.0,156285.0,6.744511401746422,798.0,90.0,1.0,89.0,159.0,11.0,148.0,173.0,77.0,118.0,47.0,123.0,20.0,51.0,5.0,12.0,11.0,72.0,141.0,229.0,73.0,0.0,0.0,0.0,0.0,0.0,0.0,0.0,0.0,0.0,0.0,0.0,0.0,0.0,0.0,0.0,0.0,0.0,0.0,0.0,0.0,0.0,0.0,0.0,0.0,0.0,0.0,0.0,0.0,0.0,1.0,0.0,0.0,1.0,0.0,0.0,1.0,0.0,0.0,0.0,0.0,2.0,7.0,0.0,0.0,0.0,0.0,4.0,1.0,1.0,14.0,16.0,21.0,17.0,10.0,0.0,0.0,0.0,0.0,0.0,0.0,0.0,0.0,0.0,9.0,0.0,0.0,10.0,0.0,0.0,3.0,0.0,0.0,0.0,0.0,3.0,10.0,0.0,0.0,0.0,0.0,5.0,1.0,1.0,19.0,23.0,30.0,24.0,15.0
717,1.0,717.0,London_56,three,151,453,1092.0,70.0,2.0,146319.0,4.307822820730507,776.0,52.0,0.0,52.0,91.0,0.0,91.0,159.0,86.0,111.0,49.0,120.0,17.0,54.0,5.0,11.0,10.0,65.0,153.0,225.0,78.0,0.0,0.0,0.0,0.0,0.0,0.0,0.0,0.0,0.0,0.0,0.0,0.0,0.0,0.0,0.0,0.0,0.0,0.0,0.0,0.0,0.0,0.0,0.0,0.0,0.0,0.0,0.0,0.0,0.0,0.0,0.0,0.0,0.0,0.0,0.0,0.0,0.0,0.0,0.0,0.0,0.0,7.0,0.0,1.0,0.0,0.0,6.0,5.0,3.0,6.0,14.0,11.0,11.0,4.0,0.0,0.0,0.0,0.0,0.0,0.0,0.0,0.0,0.0,0.0,0.0,0.0,0.0,0.0,0.0,0.0,0.0,0.0,0.0,0.0,0.0,13.0,0.0,1.0,0.0,0.0,8.0,7.0,4.0,8.0,27.0,16.0,11.0,7.0
718,1.0,718.0,London_56,three,151,453,1092.0,70.0,2.0,161268.0,6.141100870911032,809.0,74.0,0.0,74.0,125.0,0.0,125.0,91.0,83.0,114.0,49.0,120.0,16.0,59.0,4.0,8.0,10.0,74.0,160.0,209.0,88.0,0.0,0.0,0.0,0.0,0.0,0.0,0.0,0.0,0.0,0.0,0.0,0.0,0.0,0.0,0.0,0.0,0.0,0.0,0.0,0.0,0.0,0.0,0.0,0.0,0.0,0.0,0.0,0.0,0.0,0.0,0.0,0.0,0.0,0.0,0.0,0.0,0.0,0.0,0.0,0.0,0.0,3.0,0.0,1.0,1.0,0.0,5.0,3.0,2.0,4.0,11.0,20.0,16.0,7.0,0.0,0.0,0.0,0.0,0.0,0.0,0.0,0.0,0.0,0.0,0.0,0.0,0.0,0.0,0.0,0.0,0.0,0.0,0.0,0.0,0.0,3.0,0.0,2.0,1.0,0.0,6.0,3.0,2.0,5.0,17.0,26.0,18.0,10.0
719,1.0,719.0,London_56,three,151,453,1092.0,70.0,2.0,164439.0,2.872419100254774,816.0,178.0,2.0,176.0,315.0,18.0,297.0,125.0,80.0,107.0,44.0,125.0,18.0,64.0,4.0,11.0,12.0,81.0,148.0,212.0,90.0,0.0,0.0,0.0,0.0,0.0,0.0,0.0,0.0,0.0,0.0,0.0,0.0,0.0,0.0,0.0,0.0,0.0,0.0,0.0,0.0,0.0,0.0,0.0,0.0,0.0,0.0,0.0,0.0,0.0,1.0,0.0,0.0,0.0,0.0,1.0,1.0,0.0,0.0,0.0,0.0,0.0,15.0,0.0,8.0,0.0,0.0,14.0,8.0,3.0,14.0,36.0,39.0,25.0,18.0,0.0,0.0,0.0,0.0,0.0,0.0,0.0,0.0,0.0,1.0,0.0,0.0,0.0,0.0,7.0,1.0,0.0,0.0,0.0,0.0,0.0,18.0,0.0,12.0,0.0,0.0,17.0,10.0,4.0,18.0,55.0,52.0,29.0,20.0
720,1.0,720.0,London_56,three,151,453,1092.0,70.0,2.0,111891.0,0.5620061121881008,700.0,3.0,1.0,2.0,13.0,10.0,3.0,315.0,64.0,109.0,43.0,130.0,16.0,66.0,9.0,16.0,11.0,70.0,164.0,208.0,70.0,0.0,0.0,0.0,0.0,0.0,0.0,0.0,0.0,0.0,0.0,0.0,0.0,0.0,0.0,0.0,0.0,0.0,0.0,0.0,0.0,0.0,0.0,0.0,0.0,0.0,0.0,0.0,0.0,0.0,0.0,0.0,0.0,0.0,0.0,0.0,0.0,1.0,0.0,0.0,0.0,0.0,0.0,0.0,0.0,0.0,0.0,0.0,1.0,0.0,0.0,0.0,1.0,0.0,1.0,0.0,0.0,0.0,0.0,0.0,0.0,0.0,0.0,0.0,0.0,0.0,0.0,0.0,0.0,0.0,0.0,8.0,0.0,0.0,0.0,0.0,0.0,0.0,0.0,0.0,0.0,0.0,1.0,0.0,0.0,0.0,1.0,0.0,2.0
721,1.0,721.0,London_56,three,151,453,1092.0,70.0,2.0,145866.0,6.632231739349663,775.0,88.0,0.0,88.0,155.0,0.0,155.0,13.0,60.0,108.0,44.0,134.0,16.0,66.0,9.0,16.0,11.0,72.0,162.0,208.0,69.0,0.0,0.0,0.0,0.0,0.0,0.0,0.0,0.0,0.0,0.0,0.0,0.0,0.0,0.0,0.0,0.0,0.0,0.0,0.0,0.0,0.0,0.0,0.0,0.0,0.0,0.0,0.0,0.0,0.0,0.0,0.0,0.0,0.0,0.0,0.0,0.0,0.0,0.0,0.0,0.0,2.0,0.0,0.0,1.0,1.0,0.0,6.0,5.0,4.0,7.0,13.0,13.0,19.0,9.0,0.0,0.0,0.0,0.0,0.0,0.0,0.0,0.0,0.0,0.0,0.0,0.0,0.0,0.0,0.0,0.0,0.0,0.0,0.0,0.0,2.0,0.0,0.0,1.0,1.0,0.0,8.0,5.0,6.0,9.0,17.0,17.0,20.0,11.0
722,1.0,722.0,London_56,three,151,453,1092.0,70.0,2.0,146319.0,2.4677671510726213,776.0,101.0,0.0,101.0,193.0,0.0,193.0,155.0,63.0,115.0,41.0,125.0,22.0,62.0,7.0,18.0,14.0,65.0,169.0,205.0,82.0,0.0,0.0,0.0,0.0,0.0,0.0,0.0,0.0,0.0,0.0,0.0,0.0,0.0,0.0,0.0,0.0,0.0,0.0,0.0,0.0,0.0,0.0,0.0,0.0,0.0,0.0,0.0,0.0,0.0,0.0,0.0,0.0,0.0,0.0,0.0,0.0,0.0,0.0,0.0,0.0,0.0,5.0,0.0,1.0,0.0,0.0,6.0,7.0,1.0,8.0,20.0,20.0,21.0,6.0,0.0,0.0,0.0,0.0,0.0,0.0,0.0,0.0,0.0,0.0,0.0,0.0,0.0,0.0,0.0,0.0,0.0,0.0,0.0,0.0,0.0,6.0,0.0,1.0,0.0,0.0,9.0,10.0,3.0,8.0,28.0,31.0,25.0,9.0
723,1.0,723.0,London_56,three,151,453,1092.0,70.0,2.0,134541.0,5.405192614998668,750.0,81.0,2.0,79.0,148.0,16.0,132.0,193.0,59.0,106.0,35.0,132.0,26.0,65.0,10.0,20.0,11.0,82.0,155.0,205.0,89.0,0.0,0.0,0.0,0.0,0.0,0.0,0.0,0.0,0.0,0.0,0.0,0.0,0.0,0.0,0.0,0.0,0.0,0.0,0.0,0.0,0.0,0.0,0.0,0.0,0.0,0.0,0.0,0.0,0.0,0.0,1.0,0.0,1.0,0.0,0.0,1.0,0.0,0.0,0.0,0.0,1.0,1.0,0.0,0.0,0.0,0.0,3.0,2.0,3.0,9.0,14.0,14.0,10.0,8.0,0.0,0.0,0.0,0.0,0.0,0.0,0.0,0.0,0.0,0.0,1.0,0.0,4.0,0.0,0.0,1.0,0.0,0.0,0.0,0.0,1.0,1.0,0.0,0.0,0.0,0.0,3.0,3.0,3.0,10.0,20.0,21.0,15.0,12.0
724,1.0,724.0,London_56,three,151,453,1092.0,70.0,2.0,138618.0,5.447582290042192,759.0,34.0,2.0,32.0,76.0,18.0,58.0,148.0,60.0,112.0,29.0,133.0,30.0,63.0,8.0,18.0,11.0,77.0,154.0,211.0,88.0,0.0,0.0,0.0,0.0,0.0,0.0,0.0,0.0,0.0,0.0,0.0,0.0,0.0,0.0,0.0,0.0,0.0,0.0,0.0,0.0,0.0,0.0,0.0,0.0,0.0,0.0,0.0,0.0,0.0,1.0,0.0,0.0,1.0,0.0,0.0,1.0,1.0,0.0,0.0,0.0,1.0,0.0,0.0,0.0,0.0,0.0,1.0,3.0,0.0,3.0,4.0,11.0,4.0,0.0,0.0,0.0,0.0,0.0,0.0,0.0,0.0,0.0,0.0,3.0,0.0,0.0,1.0,0.0,0.0,6.0,7.0,0.0,0.0,0.0,1.0,0.0,0.0,0.0,0.0,0.0,1.0,3.0,0.0,4.0,8.0,15.0,5.0,0.0
725,1.0,725.0,London_56,three,151,453,1092.0,70.0,2.0,166251.0,3.7559979180805385,820.0,89.0,1.0,88.0,158.0,10.0,148.0,76.0,52.0,126.0,26.0,132.0,31.0,61.0,8.0,17.0,12.0,76.0,141.0,224.0,88.0,0.0,0.0,0.0,0.0,0.0,0.0,0.0,0.0,0.0,0.0,0.0,0.0,0.0,0.0,0.0,0.0,0.0,0.0,0.0,0.0,0.0,0.0,0.0,0.0,0.0,0.0,0.0,0.0,0.0,0.0,0.0,0.0,0.0,0.0,1.0,1.0,0.0,0.0,0.0,0.0,3.0,0.0,0.0,0.0,0.0,0.0,9.0,6.0,2.0,6.0,15.0,16.0,16.0,5.0,0.0,0.0,0.0,0.0,0.0,0.0,0.0,0.0,0.0,0.0,0.0,0.0,0.0,0.0,6.0,2.0,0.0,0.0,0.0,0.0,4.0,0.0,0.0,0.0,0.0,0.0,11.0,7.0,3.0,8.0,22.0,24.0,20.0,8.0
726,1.0,726.0,London_56,three,151,453,1092.0,70.0,2.0,163986.0,3.9434587717987597,815.0,79.0,0.0,79.0,147.0,0.0,147.0,158.0,46.0,135.0,28.0,134.0,22.0,62.0,7.0,19.0,10.0,73.0,144.0,226.0,93.0,0.0,0.0,0.0,0.0,0.0,0.0,0.0,0.0,0.0,0.0,0.0,0.0,0.0,0.0,0.0,0.0,0.0,0.0,0.0,0.0,0.0,0.0,0.0,0.0,0.0,0.0,0.0,0.0,0.0,0.0,0.0,0.0,0.0,0.0,0.0,0.0,0.0,0.0,0.0,0.0,4.0,1.0,0.0,1.0,0.0,0.0,7.0,3.0,1.0,4.0,16.0,14.0,17.0,4.0,0.0,0.0,0.0,0.0,0.0,0.0,0.0,0.0,0.0,0.0,0.0,0.0,0.0,0.0,0.0,0.0,0.0,0.0,0.0,0.0,5.0,1.0,0.0,2.0,0.0,0.0,9.0,4.0,1.0,5.0,27.0,25.0,20.0,6.0
727,1.0,727.0,London_56,three,151,453,1092.0,70.0,2.0,167610.0,1.9375685681588948,823.0,96.0,2.0,94.0,185.0,18.0,167.0,147.0,55.0,118.0,35.0,138.0,19.0,62.0,4.0,22.0,13.0,81.0,130.0,229.0,83.0,0.0,0.0,0.0,0.0,0.0,0.0,0.0,0.0,0.0,0.0,0.0,0.0,0.0,0.0,0.0,0.0,0.0,0.0,0.0,0.0,0.0,0.0,0.0,0.0,0.0,0.0,0.0,0.0,0.0,1.0,0.0,0.0,0.0,0.0,0.0,2.0,0.0,0.0,0.0,0.0,3.0,0.0,0.0,2.0,0.0,0.0,5.0,9.0,5.0,4.0,26.0,20.0,26.0,8.0,0.0,0.0,0.0,0.0,0.0,0.0,0.0,0.0,0.0,3.0,0.0,0.0,0.0,0.0,0.0,7.0,0.0,0.0,0.0,0.0,4.0,0.0,0.0,4.0,0.0,0.0,5.0,17.0,9.0,4.0,43.0,27.0,37.0,12.0
728,1.0,728.0,London_56,three,151,453,1092.0,70.0,2.0,161721.0,5.361137190833688,810.0,91.0,2.0,89.0,164.0,19.0,145.0,185.0,49.0,130.0,33.0,149.0,18.0,46.0,5.0,23.0,13.0,69.0,142.0,229.0,92.0,0.0,0.0,0.0,0.0,0.0,0.0,0.0,0.0,0.0,0.0,0.0,0.0,0.0,0.0,0.0,0.0,0.0,0.0,0.0,0.0,0.0,0.0,0.0,0.0,0.0,0.0,0.0,0.0,0.0,1.0,0.0,0.0,1.0,1.0,0.0,1.0,0.0,0.0,0.0,0.0,4.0,0.0,0.0,0.0,0.0,1.0,2.0,5.0,4.0,5.0,21.0,17.0,17.0,6.0,0.0,0.0,0.0,0.0,0.0,0.0,0.0,0.0,0.0,4.0,0.0,0.0,6.0,7.0,0.0,5.0,0.0,0.0,0.0,0.0,4.0,0.0,0.0,0.0,0.0,2.0,2.0,6.0,4.0,6.0,34.0,21.0,23.0,9.0
729,1.0,729.0,London_56,three,151,453,1092.0,70.0,2.0,160815.0,5.528686647303402,808.0,80.0,2.0,78.0,148.0,20.0,128.0,164.0,44.0,130.0,29.0,154.0,17.0,54.0,5.0,20.0,10.0,78.0,147.0,218.0,84.0,0.0,0.0,0.0,0.0,0.0,0.0,0.0,0.0,0.0,0.0,0.0,0.0,0.0,0.0,0.0,0.0,0.0,0.0,0.0,0.0,0.0,0.0,0.0,0.0,0.0,0.0,0.0,0.0,0.0,1.0,0.0,0.0,1.0,0.0,2.0,1.0,0.0,0.0,0.0,0.0,2.0,0.0,0.0,3.0,0.0,0.0,5.0,2.0,6.0,6.0,17.0,18.0,11.0,7.0,0.0,0.0,0.0,0.0,0.0,0.0,0.0,0.0,0.0,1.0,0.0,0.0,7.0,0.0,17.0,6.0,0.0,0.0,0.0,0.0,2.0,0.0,0.0,4.0,0.0,0.0,6.0,3.0,6.0,8.0,24.0,27.0,14.0,9.0
730,1.0,730.0,London_56,three,151,453,1092.0,70.0,2.0,157644.0,4.2977333520539105,801.0,106.0,0.0,106.0,194.0,0.0,194.0,148.0,43.0,132.0,21.0,155.0,23.0,52.0,5.0,22.0,10.0,73.0,142.0,228.0,72.0,0.0,0.0,0.0,0.0,0.0,0.0,0.0,0.0,0.0,0.0,0.0,0.0,0.0,0.0,0.0,0.0,0.0,0.0,0.0,0.0,0.0,0.0,0.0,0.0,0.0,0.0,0.0,0.0,0.0,0.0,0.0,0.0,0.0,0.0,0.0,0.0,0.0,0.0,0.0,0.0,2.0,1.0,0.0,2.0,0.0,0.0,10.0,5.0,4.0,6.0,15.0,28.0,12.0,4.0,0.0,0.0,0.0,0.0,0.0,0.0,0.0,0.0,0.0,0.0,0.0,0.0,0.0,0.0,0.0,0.0,0.0,0.0,0.0,0.0,2.0,3.0,0.0,2.0,0.0,0.0,12.0,9.0,6.0,7.0,22.0,48.0,12.0,7.0
731,1.0,731.0,London_56,three,151,453,1092.0,70.0,2.0,148131.0,6.306472829077393,780.0,101.0,2.0,99.0,178.0,17.0,161.0,194.0,46.0,138.0,28.0,139.0,25.0,57.0,2.0,18.0,12.0,80.0,139.0,222.0,81.0,0.0,0.0,0.0,0.0,0.0,0.0,0.0,0.0,0.0,0.0,0.0,0.0,0.0,0.0,0.0,0.0,0.0,0.0,0.0,0.0,0.0,0.0,0.0,0.0,0.0,0.0,0.0,0.0,0.0,1.0,0.0,0.0,0.0,0.0,0.0,1.0,0.0,0.0,0.0,0.0,4.0,0.0,0.0,0.0,1.0,0.0,13.0,4.0,4.0,8.0,19.0,21.0,24.0,6.0,0.0,0.0,0.0,0.0,0.0,0.0,0.0,0.0,0.0,2.0,0.0,0.0,0.0,0.0,0.0,4.0,0.0,0.0,0.0,0.0,5.0,0.0,0.0,0.0,1.0,0.0,15.0,6.0,4.0,9.0,25.0,30.0,32.0,8.0
732,1.0,732.0,London_56,three,151,453,1092.0,70.0,2.0,143148.0,5.787309870123863,769.0,85.0,0.0,85.0,148.0,0.0,148.0,178.0,55.0,137.0,38.0,137.0,22.0,47.0,1.0,16.0,11.0,75.0,146.0,221.0,79.0,0.0,0.0,0.0,0.0,0.0,0.0,0.0,0.0,0.0,0.0,0.0,0.0,0.0,0.0,0.0,0.0,0.0,0.0,0.0,0.0,0.0,0.0,0.0,0.0,0.0,0.0,0.0,0.0,0.0,0.0,0.0,0.0,0.0,0.0,0.0,0.0,0.0,0.0,0.0,0.0,0.0,2.0,0.0,1.0,0.0,0.0,3.0,5.0,3.0,6.0,20.0,18.0,18.0,5.0,0.0,0.0,0.0,0.0,0.0,0.0,0.0,0.0,0.0,0.0,0.0,0.0,0.0,0.0,0.0,0.0,0.0,0.0,0.0,0.0,0.0,4.0,0.0,1.0,0.0,0.0,5.0,8.0,3.0,7.0,30.0,26.0,23.0,6.0
733,1.0,733.0,London_56,three,151,453,1092.0,70.0,2.0,144054.0,5.498943471349776,771.0,66.0,0.0,66.0,115.0,0.0,115.0,148.0,54.0,142.0,36.0,138.0,17.0,49.0,0.0,17.0,12.0,70.0,153.0,218.0,81.0,0.0,0.0,0.0,0.0,0.0,0.0,0.0,0.0,0.0,0.0,0.0,0.0,0.0,0.0,0.0,0.0,0.0,0.0,0.0,0.0,0.0,0.0,0.0,0.0,0.0,0.0,0.0,0.0,0.0,0.0,0.0,0.0,0.0,0.0,0.0,0.0,0.0,0.0,0.0,0.0,3.0,1.0,0.0,0.0,1.0,0.0,3.0,6.0,5.0,8.0,9.0,19.0,14.0,5.0,0.0,0.0,0.0,0.0,0.0,0.0,0.0,0.0,0.0,0.0,0.0,0.0,0.0,0.0,0.0,0.0,0.0,0.0,0.0,0.0,3.0,2.0,0.0,0.0,1.0,0.0,5.0,8.0,6.0,10.0,15.0,24.0,19.0,7.0
734,1.0,734.0,London_56,three,151,453,1092.0,70.0,2.0,146319.0,5.7067146841436625,776.0,65.0,1.0,64.0,119.0,9.0,110.0,115.0,55.0,141.0,30.0,142.0,17.0,53.0,0.0,15.0,12.0,73.0,160.0,208.0,80.0,0.0,0.0,0.0,0.0,0.0,0.0,0.0,0.0,0.0,0.0,0.0,0.0,0.0,0.0,0.0,0.0,0.0,0.0,0.0,0.0,0.0,0.0,0.0,0.0,0.0,0.0,0.0,0.0,0.0,0.0,0.0,0.0,0.0,0.0,0.0,0.0,0.0,0.0,0.0,0.0,2.0,2.0,0.0,1.0,1.0,0.0,3.0,3.0,3.0,7.0,15.0,9.0,13.0,3.0,0.0,0.0,0.0,0.0,0.0,0.0,0.0,0.0,0.0,0.0,0.0,0.0,0.0,0.0,0.0,0.0,0.0,0.0,0.0,0.0,2.0,2.0,0.0,2.0,1.0,0.0,6.0,4.0,4.0,10.0,23.0,12.0,16.0,5.0
735,1.0,735.0,London_56,three,151,453,1092.0,70.0,2.0,159003.0,7.772448641248047,804.0,74.0,0.0,74.0,131.0,0.0,131.0,119.0,57.0,134.0,36.0,139.0,15.0,54.0,0.0,18.0,14.0,60.0,160.0,219.0,72.0,0.0,0.0,0.0,0.0,0.0,0.0,0.0,0.0,0.0,0.0,0.0,0.0,0.0,0.0,0.0,0.0,0.0,0.0,0.0,0.0,0.0,0.0,0.0,0.0,0.0,0.0,0.0,0.0,0.0,0.0,0.0,0.0,0.0,0.0,0.0,0.0,0.0,0.0,0.0,0.0,2.0,2.0,0.0,1.0,0.0,0.0,3.0,9.0,1.0,3.0,18.0,16.0,18.0,11.0,0.0,0.0,0.0,0.0,0.0,0.0,0.0,0.0,0.0,0.0,0.0,0.0,0.0,0.0,0.0,0.0,0.0,0.0,0.0,0.0,3.0,3.0,0.0,1.0,0.0,0.0,4.0,13.0,3.0,4.0,32.0,23.0,22.0,17.0
736,1.0,736.0,London_56,three,151,453,1092.0,70.0,2.0,166251.0,1.9100699038244784,820.0,73.0,0.0,73.0,132.0,0.0,132.0,131.0,54.0,133.0,34.0,136.0,17.0,58.0,0.0,21.0,14.0,64.0,151.0,224.0,69.0,0.0,0.0,0.0,0.0,0.0,0.0,0.0,0.0,0.0,0.0,0.0,0.0,0.0,0.0,0.0,0.0,0.0,0.0,0.0,0.0,0.0,0.0,0.0,0.0,0.0,0.0,0.0,0.0,0.0,0.0,0.0,0.0,0.0,0.0,0.0,0.0,0.0,0.0,0.0,0.0,2.0,0.0,0.0,1.0,0.0,1.0,5.0,6.0,7.0,3.0,19.0,12.0,23.0,5.0,0.0,0.0,0.0,0.0,0.0,0.0,0.0,0.0,0.0,0.0,0.0,0.0,0.0,0.0,0.0,0.0,0.0,0.0,0.0,0.0,2.0,0.0,0.0,1.0,0.0,2.0,6.0,8.0,7.0,4.0,29.0,18.0,35.0,10.0
737,1.0,737.0,London_56,three,151,453,1092.0,70.0,2.0,171687.0,8.868249215651304,832.0,137.0,0.0,137.0,240.0,0.0,240.0,132.0,46.0,143.0,28.0,146.0,16.0,55.0,0.0,19.0,14.0,56.0,154.0,229.0,71.0,0.0,0.0,0.0,0.0,0.0,0.0,0.0,0.0,0.0,0.0,0.0,0.0,0.0,0.0,0.0,0.0,0.0,0.0,0.0,0.0,0.0,0.0,0.0,0.0,0.0,0.0,0.0,0.0,0.0,0.0,0.0,0.0,0.0,0.0,0.0,0.0,0.0,0.0,0.0,0.0,3.0,2.0,0.0,2.0,0.0,0.0,7.0,12.0,2.0,6.0,36.0,30.0,27.0,11.0,0.0,0.0,0.0,0.0,0.0,0.0,0.0,0.0,0.0,0.0,0.0,0.0,0.0,0.0,0.0,0.0,0.0,0.0,0.0,0.0,3.0,3.0,0.0,2.0,0.0,0.0,8.0,17.0,4.0,8.0,56.0,45.0,33.0,19.0
738,1.0,738.0,London_56,three,151,453,1092.0,70.0,2.0,146772.0,3.858082356862724,777.0,127.0,2.0,125.0,226.0,17.0,209.0,240.0,48.0,141.0,31.0,145.0,21.0,56.0,0.0,11.0,14.0,66.0,147.0,226.0,68.0,0.0,0.0,0.0,0.0,0.0,0.0,0.0,0.0,0.0,0.0,0.0,0.0,0.0,0.0,0.0,0.0,0.0,0.0,0.0,0.0,0.0,0.0,0.0,0.0,0.0,0.0,0.0,0.0,0.0,1.0,0.0,0.0,1.0,0.0,0.0,1.0,0.0,0.0,0.0,0.0,4.0,2.0,0.0,2.0,0.0,0.0,4.0,12.0,2.0,11.0,22.0,30.0,27.0,10.0,0.0,0.0,0.0,0.0,0.0,0.0,0.0,0.0,0.0,4.0,0.0,0.0,4.0,0.0,0.0,3.0,0.0,0.0,0.0,0.0,4.0,2.0,0.0,3.0,0.0,0.0,5.0,15.0,2.0,11.0,34.0,38.0,34.0,13.0
739,1.0,739.0,London_56,three,151,453,1092.0,70.0,2.0,129105.0,2.350801173131913,738.0,61.0,2.0,59.0,120.0,20.0,100.0,226.0,47.0,121.0,39.0,141.0,22.0,64.0,5.0,14.0,7.0,69.0,145.0,232.0,67.0,0.0,0.0,0.0,0.0,0.0,0.0,0.0,0.0,0.0,0.0,0.0,0.0,0.0,0.0,0.0,0.0,0.0,0.0,0.0,0.0,0.0,0.0,0.0,0.0,0.0,0.0,0.0,0.0,0.0,1.0,0.0,0.0,2.0,1.0,0.0,2.0,0.0,0.0,0.0,0.0,0.0,1.0,0.0,1.0,0.0,0.0,4.0,6.0,3.0,7.0,8.0,16.0,9.0,7.0,0.0,0.0,0.0,0.0,0.0,0.0,0.0,0.0,0.0,1.0,0.0,0.0,11.0,9.0,0.0,11.0,0.0,0.0,0.0,0.0,0.0,1.0,0.0,1.0,0.0,0.0,7.0,6.0,3.0,10.0,12.0,27.0,11.0,7.0
740,1.0,740.0,London_56,three,151,453,1092.0,70.0,2.0,142695.0,5.575772546697408,768.0,63.0,2.0,61.0,122.0,18.0,104.0,120.0,53.0,131.0,33.0,131.0,22.0,63.0,6.0,14.0,9.0,70.0,131.0,243.0,76.0,0.0,0.0,0.0,0.0,0.0,0.0,0.0,0.0,0.0,0.0,0.0,0.0,0.0,0.0,0.0,0.0,0.0,0.0,0.0,0.0,0.0,0.0,0.0,0.0,0.0,0.0,0.0,0.0,0.0,0.0,0.0,0.0,0.0,0.0,1.0,1.0,0.0,0.0,0.0,0.0,0.0,0.0,0.0,0.0,1.0,0.0,7.0,4.0,0.0,4.0,8.0,17.0,14.0,9.0,0.0,0.0,0.0,0.0,0.0,0.0,0.0,0.0,0.0,0.0,0.0,0.0,0.0,0.0,6.0,3.0,0.0,0.0,0.0,0.0,0.0,0.0,0.0,0.0,1.0,0.0,8.0,5.0,0.0,5.0,11.0,26.0,17.0,12.0
741,1.0,741.0,London_56,three,151,453,1092.0,70.0,2.0,149943.0,6.276264063082635,784.0,51.0,1.0,50.0,92.0,9.0,83.0,122.0,57.0,142.0,33.0,138.0,17.0,50.0,6.0,10.0,8.0,80.0,124.0,241.0,78.0,0.0,0.0,0.0,0.0,0.0,0.0,0.0,0.0,0.0,0.0,0.0,0.0,0.0,0.0,0.0,0.0,0.0,0.0,0.0,0.0,0.0,0.0,0.0,0.0,0.0,0.0,0.0,0.0,0.0,0.0,0.0,0.0,0.0,0.0,1.0,0.0,1.0,0.0,0.0,0.0,2.0,1.0,0.0,2.0,0.0,0.0,3.0,3.0,1.0,7.0,13.0,13.0,13.0,3.0,0.0,0.0,0.0,0.0,0.0,0.0,0.0,0.0,0.0,0.0,0.0,0.0,0.0,0.0,4.0,0.0,3.0,0.0,0.0,0.0,2.0,1.0,0.0,4.0,0.0,0.0,3.0,5.0,1.0,8.0,20.0,18.0,15.0,6.0
742,1.0,742.0,London_56,three,151,453,1092.0,70.0,2.0,164892.0,6.147356177680194,817.0,2.0,2.0,0.0,18.0,18.0,0.0,92.0,59.0,147.0,30.0,132.0,20.0,51.0,6.0,8.0,7.0,70.0,130.0,246.0,76.0,0.0,0.0,0.0,0.0,0.0,0.0,0.0,0.0,0.0,0.0,0.0,0.0,0.0,0.0,0.0,0.0,0.0,0.0,0.0,0.0,0.0,0.0,0.0,0.0,0.0,0.0,0.0,0.0,0.0,1.0,0.0,0.0,0.0,0.0,0.0,0.0,0.0,0.0,0.0,0.0,0.0,0.0,0.0,0.0,0.0,0.0,0.0,0.0,0.0,0.0,0.0,0.0,0.0,0.0,0.0,0.0,0.0,0.0,0.0,0.0,0.0,0.0,0.0,6.0,0.0,0.0,0.0,0.0,0.0,0.0,0.0,0.0,0.0,0.0,0.0,0.0,0.0,0.0,0.0,0.0,0.0,0.0,0.0,0.0,0.0,0.0,0.0,0.0
743,1.0,743.0,London_56,three,151,453,1092.0,70.0,2.0,207021.0,2.4932086151093245,910.0,174.0,1.0,173.0,304.0,8.0,296.0,18.0,51.0,142.0,31.0,141.0,20.0,54.0,6.0,8.0,7.0,71.0,125.0,250.0,73.0,0.0,0.0,0.0,0.0,0.0,0.0,0.0,0.0,0.0,0.0,0.0,0.0,0.0,0.0,0.0,0.0,0.0,0.0,0.0,0.0,0.0,0.0,0.0,0.0,0.0,0.0,0.0,0.0,0.0,0.0,0.0,0.0,1.0,0.0,0.0,1.0,0.0,0.0,0.0,0.0,1.0,3.0,2.0,6.0,0.0,0.0,18.0,16.0,7.0,6.0,31.0,40.0,21.0,15.0,0.0,0.0,0.0,0.0,0.0,0.0,0.0,0.0,0.0,0.0,0.0,0.0,5.0,0.0,0.0,2.0,0.0,0.0,0.0,0.0,1.0,4.0,2.0,10.0,0.0,0.0,26.0,25.0,8.0,9.0,45.0,59.0,25.0,24.0
744,1.0,744.0,London_56,three,151,453,1092.0,70.0,2.0,153567.0,6.916875642724335,792.0,95.0,1.0,94.0,181.0,9.0,172.0,304.0,50.0,151.0,31.0,134.0,15.0,59.0,3.0,10.0,7.0,81.0,135.0,230.0,75.0,0.0,0.0,0.0,0.0,0.0,0.0,0.0,0.0,0.0,0.0,0.0,0.0,0.0,0.0,0.0,0.0,0.0,0.0,0.0,0.0,0.0,0.0,0.0,0.0,0.0,0.0,0.0,0.0,0.0,0.0,0.0,0.0,0.0,0.0,1.0,0.0,0.0,0.0,0.0,0.0,5.0,0.0,0.0,0.0,0.0,1.0,14.0,4.0,3.0,11.0,23.0,15.0,20.0,5.0,0.0,0.0,0.0,0.0,0.0,0.0,0.0,0.0,0.0,0.0,0.0,0.0,0.0,0.0,8.0,0.0,0.0,0.0,0.0,0.0,6.0,0.0,0.0,0.0,0.0,2.0,20.0,6.0,5.0,12.0,32.0,21.0,26.0,9.0
745,1.0,745.0,London_56,three,151,453,1092.0,70.0,2.0,142695.0,7.9348644386045635,768.0,173.0,0.0,173.0,296.0,0.0,296.0,181.0,44.0,160.0,29.0,126.0,15.0,65.0,2.0,12.0,8.0,73.0,150.0,222.0,78.0,0.0,0.0,0.0,0.0,0.0,0.0,0.0,0.0,0.0,0.0,0.0,0.0,0.0,0.0,0.0,0.0,0.0,0.0,0.0,0.0,0.0,0.0,0.0,0.0,0.0,0.0,0.0,0.0,0.0,0.0,0.0,0.0,0.0,0.0,0.0,0.0,0.0,0.0,0.0,0.0,7.0,8.0,0.0,4.0,0.0,0.0,11.0,15.0,2.0,23.0,35.0,38.0,31.0,18.0,0.0,0.0,0.0,0.0,0.0,0.0,0.0,0.0,0.0,0.0,0.0,0.0,0.0,0.0,0.0,0.0,0.0,0.0,0.0,0.0,9.0,17.0,0.0,7.0,0.0,0.0,15.0,21.0,3.0,27.0,49.0,51.0,39.0,22.0
746,1.0,746.0,London_56,three,151,453,1092.0,70.0,2.0,90600.0,0.6412332449108362,653.0,9.0,2.0,7.0,29.0,18.0,11.0,296.0,46.0,170.0,38.0,111.0,18.0,56.0,4.0,10.0,10.0,75.0,145.0,223.0,78.0,0.0,0.0,0.0,0.0,0.0,0.0,0.0,0.0,0.0,0.0,0.0,0.0,0.0,0.0,0.0,0.0,0.0,0.0,0.0,0.0,0.0,0.0,0.0,0.0,0.0,0.0,0.0,0.0,0.0,0.0,0.0,0.0,0.0,0.0,1.0,2.0,0.0,0.0,0.0,0.0,0.0,0.0,0.0,0.0,0.0,0.0,0.0,0.0,0.0,0.0,1.0,1.0,2.0,0.0,0.0,0.0,0.0,0.0,0.0,0.0,0.0,0.0,0.0,0.0,0.0,0.0,0.0,0.0,7.0,9.0,0.0,0.0,0.0,0.0,0.0,0.0,0.0,0.0,0.0,0.0,0.0,0.0,0.0,0.0,1.0,2.0,2.0,0.0
747,1.0,747.0,London_56,three,151,453,1092.0,70.0,2.0,125028.0,1.5094957742840052,729.0,104.0,0.0,104.0,178.0,0.0,178.0,29.0,50.0,167.0,39.0,116.0,18.0,48.0,5.0,10.0,10.0,79.0,128.0,236.0,80.0,0.0,0.0,0.0,0.0,0.0,0.0,0.0,0.0,0.0,0.0,0.0,0.0,0.0,0.0,0.0,0.0,0.0,0.0,0.0,0.0,0.0,0.0,0.0,0.0,0.0,0.0,0.0,0.0,0.0,0.0,0.0,0.0,0.0,0.0,0.0,0.0,0.0,0.0,0.0,0.0,3.0,1.0,0.0,4.0,1.0,0.0,4.0,4.0,3.0,2.0,22.0,28.0,19.0,9.0,0.0,0.0,0.0,0.0,0.0,0.0,0.0,0.0,0.0,0.0,0.0,0.0,0.0,0.0,0.0,0.0,0.0,0.0,0.0,0.0,3.0,1.0,0.0,8.0,1.0,0.0,5.0,4.0,3.0,2.0,34.0,41.0,22.0,14.0
748,1.0,748.0,London_56,three,151,453,1092.0,70.0,2.0,104643.0,5.761981891933829,684.0,26.0,1.0,25.0,57.0,8.0,49.0,178.0,53.0,157.0,42.0,112.0,20.0,52.0,8.0,9.0,12.0,88.0,145.0,208.0,94.0,0.0,0.0,0.0,0.0,0.0,0.0,0.0,0.0,0.0,0.0,0.0,0.0,0.0,0.0,0.0,0.0,0.0,0.0,0.0,0.0,0.0,0.0,0.0,0.0,0.0,0.0,0.0,0.0,0.0,0.0,0.0,0.0,0.0,0.0,1.0,0.0,0.0,0.0,0.0,0.0,0.0,1.0,0.0,0.0,0.0,0.0,2.0,4.0,0.0,4.0,5.0,7.0,10.0,2.0,0.0,0.0,0.0,0.0,0.0,0.0,0.0,0.0,0.0,0.0,0.0,0.0,0.0,0.0,7.0,0.0,0.0,0.0,0.0,0.0,0.0,1.0,0.0,0.0,0.0,0.0,2.0,8.0,0.0,9.0,10.0,12.0,14.0,3.0
749,1.0,749.0,London_56,three,151,453,1092.0,70.0,2.0,132276.0,5.665072683244944,745.0,41.0,1.0,40.0,77.0,8.0,69.0,57.0,52.0,144.0,38.0,120.0,22.0,60.0,7.0,10.0,12.0,86.0,147.0,208.0,93.0,0.0,0.0,0.0,0.0,0.0,0.0,0.0,0.0,0.0,0.0,0.0,0.0,0.0,0.0,0.0,0.0,0.0,0.0,0.0,0.0,0.0,0.0,0.0,0.0,0.0,0.0,0.0,0.0,0.0,1.0,0.0,0.0,1.0,0.0,0.0,0.0,1.0,0.0,0.0,0.0,2.0,0.0,0.0,0.0,0.0,0.0,0.0,4.0,0.0,8.0,6.0,14.0,12.0,2.0,0.0,0.0,0.0,0.0,0.0,0.0,0.0,0.0,0.0,6.0,0.0,0.0,5.0,0.0,0.0,0.0,7.0,0.0,0.0,0.0,5.0,0.0,0.0,0.0,0.0,0.0,0.0,5.0,0.0,14.0,10.0,20.0,14.0,4.0
750,1.0,750.0,London_56,three,151,453,1092.0,70.0,2.0,154020.0,5.264770192094147,793.0,20.0,0.0,20.0,29.0,0.0,29.0,77.0,51.0,150.0,37.0,126.0,21.0,47.0,7.0,14.0,10.0,86.0,157.0,200.0,97.0,0.0,0.0,0.0,0.0,0.0,0.0,0.0,0.0,0.0,0.0,0.0,0.0,0.0,0.0,0.0,0.0,0.0,0.0,0.0,0.0,0.0,0.0,0.0,0.0,0.0,0.0,0.0,0.0,0.0,0.0,0.0,0.0,0.0,0.0,0.0,0.0,0.0,0.0,0.0,0.0,0.0,0.0,0.0,1.0,0.0,0.0,1.0,1.0,0.0,3.0,3.0,6.0,3.0,2.0,0.0,0.0,0.0,0.0,0.0,0.0,0.0,0.0,0.0,0.0,0.0,0.0,0.0,0.0,0.0,0.0,0.0,0.0,0.0,0.0,0.0,0.0,0.0,1.0,0.0,0.0,2.0,1.0,0.0,4.0,5.0,7.0,3.0,2.0
751,1.0,751.0,London_56,three,151,453,1092.0,70.0,2.0,191619.0,2.967964082956314,876.0,80.0,2.0,78.0,154.0,18.0,136.0,29.0,53.0,144.0,39.0,130.0,19.0,47.0,7.0,14.0,10.0,89.0,155.0,199.0,97.0,0.0,0.0,0.0,0.0,0.0,0.0,0.0,0.0,0.0,0.0,0.0,0.0,0.0,0.0,0.0,0.0,0.0,0.0,0.0,0.0,0.0,0.0,0.0,0.0,0.0,0.0,0.0,0.0,0.0,0.0,0.0,0.0,0.0,0.0,1.0,1.0,0.0,0.0,0.0,0.0,0.0,0.0,0.0,1.0,0.0,0.0,3.0,2.0,0.0,8.0,18.0,8.0,17.0,4.0,0.0,0.0,0.0,0.0,0.0,0.0,0.0,0.0,0.0,0.0,0.0,0.0,0.0,0.0,6.0,1.0,0.0,0.0,0.0,0.0,0.0,0.0,0.0,1.0,0.0,0.0,4.0,3.0,0.0,10.0,31.0,12.0,20.0,7.0
752,1.0,752.0,London_56,three,151,453,1092.0,70.0,2.0,199773.0,3.3726257546804845,894.0,138.0,2.0,136.0,268.0,16.0,252.0,154.0,49.0,150.0,33.0,145.0,15.0,44.0,4.0,13.0,7.0,83.0,151.0,212.0,79.0,0.0,0.0,0.0,0.0,0.0,0.0,0.0,0.0,0.0,0.0,0.0,0.0,0.0,0.0,0.0,0.0,0.0,0.0,0.0,0.0,0.0,0.0,0.0,0.0,0.0,0.0,0.0,0.0,0.0,1.0,0.0,0.0,0.0,0.0,1.0,2.0,0.0,0.0,0.0,0.0,4.0,7.0,0.0,0.0,1.0,0.0,6.0,7.0,2.0,15.0,27.0,29.0,18.0,12.0,0.0,0.0,0.0,0.0,0.0,0.0,0.0,0.0,0.0,3.0,0.0,0.0,0.0,0.0,4.0,7.0,0.0,0.0,0.0,0.0,4.0,10.0,0.0,0.0,1.0,0.0,11.0,9.0,2.0,22.0,50.0,46.0,24.0,18.0
753,1.0,753.0,London_56,three,151,453,1092.0,70.0,2.0,178935.0,6.250153450295329,848.0,135.0,2.0,133.0,239.0,20.0,219.0,268.0,50.0,149.0,33.0,138.0,16.0,47.0,6.0,14.0,6.0,84.0,143.0,220.0,76.0,0.0,0.0,0.0,0.0,0.0,0.0,0.0,0.0,0.0,0.0,0.0,0.0,0.0,0.0,0.0,0.0,0.0,0.0,0.0,0.0,0.0,0.0,0.0,0.0,0.0,0.0,0.0,0.0,0.0,2.0,0.0,0.0,1.0,0.0,0.0,2.0,0.0,0.0,0.0,0.0,0.0,5.0,0.0,0.0,0.0,0.0,9.0,4.0,2.0,13.0,23.0,33.0,32.0,11.0,0.0,0.0,0.0,0.0,0.0,0.0,0.0,0.0,0.0,2.0,0.0,0.0,6.0,0.0,0.0,6.0,0.0,0.0,0.0,0.0,0.0,6.0,0.0,0.0,0.0,0.0,9.0,5.0,2.0,18.0,35.0,47.0,41.0,14.0
754,1.0,754.0,London_56,three,151,453,1092.0,70.0,2.0,146319.0,5.2186083709821105,776.0,15.0,0.0,15.0,22.0,0.0,22.0,239.0,46.0,132.0,35.0,143.0,22.0,56.0,5.0,14.0,11.0,87.0,149.0,206.0,74.0,0.0,0.0,0.0,0.0,0.0,0.0,0.0,0.0,0.0,0.0,0.0,0.0,0.0,0.0,0.0,0.0,0.0,0.0,0.0,0.0,0.0,0.0,0.0,0.0,0.0,0.0,0.0,0.0,0.0,0.0,0.0,0.0,0.0,0.0,0.0,0.0,0.0,0.0,0.0,0.0,0.0,0.0,0.0,0.0,0.0,0.0,0.0,1.0,1.0,0.0,3.0,4.0,5.0,3.0,0.0,0.0,0.0,0.0,0.0,0.0,0.0,0.0,0.0,0.0,0.0,0.0,0.0,0.0,0.0,0.0,0.0,0.0,0.0,0.0,0.0,0.0,0.0,0.0,0.0,0.0,0.0,2.0,2.0,0.0,5.0,4.0,5.0,4.0
755,1.0,755.0,London_56,three,151,453,1092.0,70.0,2.0,183465.0,7.855801010038704,858.0,157.0,0.0,157.0,272.0,0.0,272.0,22.0,48.0,127.0,35.0,144.0,21.0,58.0,6.0,14.0,11.0,88.0,157.0,197.0,80.0,0.0,0.0,0.0,0.0,0.0,0.0,0.0,0.0,0.0,0.0,0.0,0.0,0.0,0.0,0.0,0.0,0.0,0.0,0.0,0.0,0.0,0.0,0.0,0.0,0.0,0.0,0.0,0.0,0.0,0.0,0.0,0.0,0.0,0.0,0.0,0.0,0.0,0.0,0.0,0.0,0.0,16.0,0.0,3.0,0.0,0.0,2.0,3.0,1.0,11.0,32.0,42.0,23.0,16.0,0.0,0.0,0.0,0.0,0.0,0.0,0.0,0.0,0.0,0.0,0.0,0.0,0.0,0.0,0.0,0.0,0.0,0.0,0.0,0.0,0.0,23.0,0.0,3.0,0.0,0.0,2.0,4.0,2.0,12.0,48.0,60.0,28.0,25.0
756,1.0,756.0,London_56,three,151,453,1092.0,70.0,2.0,142695.0,2.6960150599479675,768.0,103.0,2.0,101.0,186.0,19.0,167.0,272.0,58.0,135.0,29.0,136.0,27.0,49.0,6.0,13.0,14.0,92.0,165.0,182.0,84.0,0.0,0.0,0.0,0.0,0.0,0.0,0.0,0.0,0.0,0.0,0.0,0.0,0.0,0.0,0.0,0.0,0.0,0.0,0.0,0.0,0.0,0.0,0.0,0.0,0.0,0.0,0.0,0.0,0.0,1.0,0.0,0.0,1.0,0.0,0.0,1.0,0.0,0.0,0.0,0.0,2.0,3.0,0.0,0.0,0.0,0.0,5.0,7.0,6.0,12.0,17.0,19.0,27.0,7.0,0.0,0.0,0.0,0.0,0.0,0.0,0.0,0.0,0.0,4.0,0.0,0.0,6.0,0.0,0.0,2.0,0.0,0.0,0.0,0.0,4.0,5.0,0.0,0.0,0.0,0.0,9.0,9.0,8.0,13.0,25.0,27.0,38.0,9.0
757,1.0,757.0,London_56,three,151,453,1092.0,70.0,2.0,137259.0,7.4936101832427084,756.0,108.0,0.0,108.0,186.0,0.0,186.0,186.0,57.0,139.0,37.0,136.0,21.0,42.0,5.0,16.0,15.0,89.0,163.0,186.0,85.0,0.0,0.0,0.0,0.0,0.0,0.0,0.0,0.0,0.0,0.0,0.0,0.0,0.0,0.0,0.0,0.0,0.0,0.0,0.0,0.0,0.0,0.0,0.0,0.0,0.0,0.0,0.0,0.0,0.0,0.0,0.0,0.0,0.0,0.0,0.0,0.0,0.0,0.0,0.0,0.0,3.0,5.0,0.0,1.0,0.0,0.0,9.0,2.0,5.0,5.0,20.0,25.0,13.0,12.0,0.0,0.0,0.0,0.0,0.0,0.0,0.0,0.0,0.0,0.0,0.0,0.0,0.0,0.0,0.0,0.0,0.0,0.0,0.0,0.0,3.0,6.0,0.0,1.0,0.0,0.0,11.0,4.0,9.0,8.0,28.0,36.0,17.0,18.0
758,1.0,758.0,London_56,three,151,453,1092.0,70.0,2.0,126840.0,1.5718573508784175,733.0,62.0,1.0,61.0,118.0,11.0,107.0,186.0,70.0,146.0,35.0,120.0,20.0,47.0,4.0,11.0,15.0,79.0,166.0,193.0,86.0,0.0,0.0,0.0,0.0,0.0,0.0,0.0,0.0,0.0,0.0,0.0,0.0,0.0,0.0,0.0,0.0,0.0,0.0,0.0,0.0,0.0,0.0,0.0,0.0,0.0,0.0,0.0,0.0,0.0,1.0,0.0,0.0,1.0,0.0,0.0,1.0,0.0,0.0,0.0,0.0,3.0,3.0,0.0,4.0,1.0,0.0,3.0,3.0,2.0,9.0,11.0,15.0,19.0,10.0,0.0,0.0,0.0,0.0,0.0,0.0,0.0,0.0,0.0,2.0,0.0,0.0,8.0,0.0,0.0,4.0,0.0,0.0,0.0,0.0,5.0,3.0,0.0,6.0,1.0,0.0,3.0,3.0,2.0,11.0,16.0,18.0,25.0,13.0
759,1.0,759.0,London_56,three,151,453,1092.0,70.0,2.0,134994.0,6.894042641855776,751.0,48.0,0.0,48.0,84.0,0.0,84.0,118.0,69.0,136.0,40.0,126.0,24.0,45.0,3.0,10.0,17.0,74.0,160.0,202.0,84.0,0.0,0.0,0.0,0.0,0.0,0.0,0.0,0.0,0.0,0.0,0.0,0.0,0.0,0.0,0.0,0.0,0.0,0.0,0.0,0.0,0.0,0.0,0.0,0.0,0.0,0.0,0.0,0.0,0.0,0.0,0.0,0.0,0.0,0.0,0.0,0.0,0.0,0.0,0.0,0.0,0.0,2.0,0.0,1.0,0.0,0.0,3.0,5.0,1.0,3.0,8.0,7.0,6.0,6.0,0.0,0.0,0.0,0.0,0.0,0.0,0.0,0.0,0.0,0.0,0.0,0.0,0.0,0.0,0.0,0.0,0.0,0.0,0.0,0.0,0.0,2.0,0.0,1.0,0.0,0.0,3.0,5.0,1.0,4.0,15.0,13.0,9.0,13.0
760,1.0,760.0,London_56,three,151,453,1092.0,70.0,2.0,144507.0,7.015485734678805,772.0,9.0,0.0,9.0,13.0,0.0,13.0,84.0,72.0,132.0,48.0,123.0,20.0,46.0,3.0,9.0,18.0,75.0,157.0,203.0,81.0,0.0,0.0,0.0,0.0,0.0,0.0,0.0,0.0,0.0,0.0,0.0,0.0,0.0,0.0,0.0,0.0,0.0,0.0,0.0,0.0,0.0,0.0,0.0,0.0,0.0,0.0,0.0,0.0,0.0,0.0,0.0,0.0,0.0,0.0,0.0,0.0,0.0,0.0,0.0,0.0,0.0,0.0,0.0,1.0,0.0,0.0,1.0,1.0,0.0,1.0,1.0,3.0,2.0,2.0,0.0,0.0,0.0,0.0,0.0,0.0,0.0,0.0,0.0,0.0,0.0,0.0,0.0,0.0,0.0,0.0,0.0,0.0,0.0,0.0,0.0,0.0,0.0,1.0,0.0,0.0,1.0,1.0,0.0,2.0,1.0,5.0,2.0,2.0
761,1.0,761.0,London_56,three,151,453,1092.0,70.0,2.0,173952.0,8.43303411686793,837.0,161.0,2.0,159.0,302.0,18.0,284.0,13.0,75.0,127.0,50.0,121.0,20.0,46.0,4.0,10.0,19.0,73.0,158.0,203.0,82.0,0.0,0.0,0.0,0.0,0.0,0.0,0.0,0.0,0.0,0.0,0.0,0.0,0.0,0.0,0.0,0.0,0.0,0.0,0.0,0.0,0.0,0.0,0.0,0.0,0.0,0.0,0.0,0.0,0.0,0.0,0.0,0.0,0.0,0.0,1.0,1.0,0.0,0.0,0.0,0.0,5.0,21.0,0.0,0.0,0.0,0.0,10.0,8.0,5.0,13.0,31.0,41.0,29.0,12.0,0.0,0.0,0.0,0.0,0.0,0.0,0.0,0.0,0.0,0.0,0.0,0.0,0.0,0.0,9.0,3.0,0.0,0.0,0.0,0.0,5.0,32.0,0.0,0.0,0.0,0.0,11.0,10.0,6.0,16.0,52.0,63.0,38.0,18.0
762,1.0,762.0,London_56,three,151,453,1092.0,70.0,2.0,139524.0,6.086895111016929,761.0,92.0,1.0,91.0,168.0,10.0,158.0,302.0,71.0,147.0,42.0,121.0,15.0,39.0,4.0,14.0,14.0,84.0,152.0,203.0,61.0,0.0,0.0,0.0,0.0,0.0,0.0,0.0,0.0,0.0,0.0,0.0,0.0,0.0,0.0,0.0,0.0,0.0,0.0,0.0,0.0,0.0,0.0,0.0,0.0,0.0,0.0,0.0,0.0,0.0,0.0,0.0,0.0,0.0,0.0,0.0,0.0,1.0,0.0,0.0,0.0,1.0,2.0,0.0,2.0,0.0,0.0,5.0,6.0,6.0,2.0,16.0,20.0,17.0,11.0,0.0,0.0,0.0,0.0,0.0,0.0,0.0,0.0,0.0,0.0,0.0,0.0,0.0,0.0,0.0,0.0,7.0,0.0,0.0,0.0,1.0,2.0,0.0,3.0,0.0,0.0,8.0,7.0,8.0,4.0,30.0,24.0,24.0,13.0
763,1.0,763.0,London_56,three,151,453,1092.0,70.0,2.0,139524.0,6.044581391848624,761.0,134.0,0.0,134.0,242.0,0.0,242.0,168.0,65.0,140.0,43.0,123.0,18.0,47.0,5.0,12.0,14.0,76.0,148.0,215.0,65.0,0.0,0.0,0.0,0.0,0.0,0.0,0.0,0.0,0.0,0.0,0.0,0.0,0.0,0.0,0.0,0.0,0.0,0.0,0.0,0.0,0.0,0.0,0.0,0.0,0.0,0.0,0.0,0.0,0.0,0.0,0.0,0.0,0.0,0.0,0.0,0.0,0.0,0.0,0.0,0.0,2.0,18.0,0.0,0.0,0.0,0.0,2.0,12.0,3.0,12.0,23.0,36.0,21.0,10.0,0.0,0.0,0.0,0.0,0.0,0.0,0.0,0.0,0.0,0.0,0.0,0.0,0.0,0.0,0.0,0.0,0.0,0.0,0.0,0.0,2.0,30.0,0.0,0.0,0.0,0.0,2.0,15.0,3.0,13.0,39.0,51.0,27.0,15.0
764,1.0,764.0,London_56,three,151,453,1092.0,70.0,2.0,119592.0,3.968463738914579,717.0,8.0,0.0,8.0,14.0,0.0,14.0,242.0,67.0,140.0,33.0,133.0,19.0,47.0,3.0,11.0,14.0,59.0,170.0,210.0,82.0,0.0,0.0,0.0,0.0,0.0,0.0,0.0,0.0,0.0,0.0,0.0,0.0,0.0,0.0,0.0,0.0,0.0,0.0,0.0,0.0,0.0,0.0,0.0,0.0,0.0,0.0,0.0,0.0,0.0,0.0,0.0,0.0,0.0,0.0,0.0,0.0,0.0,0.0,0.0,0.0,0.0,0.0,0.0,0.0,0.0,0.0,3.0,0.0,0.0,1.0,2.0,2.0,2.0,1.0,0.0,0.0,0.0,0.0,0.0,0.0,0.0,0.0,0.0,0.0,0.0,0.0,0.0,0.0,0.0,0.0,0.0,0.0,0.0,0.0,0.0,0.0,0.0,0.0,0.0,0.0,3.0,0.0,0.0,2.0,2.0,3.0,3.0,2.0
765,1.0,765.0,London_56,three,151,453,1092.0,70.0,2.0,157191.0,5.690790883265436,800.0,48.0,2.0,46.0,94.0,16.0,78.0,14.0,69.0,139.0,31.0,134.0,18.0,48.0,3.0,11.0,14.0,59.0,172.0,208.0,83.0,0.0,0.0,0.0,0.0,0.0,0.0,0.0,0.0,0.0,0.0,0.0,0.0,0.0,0.0,0.0,0.0,0.0,0.0,0.0,0.0,0.0,0.0,0.0,0.0,0.0,0.0,0.0,0.0,0.0,0.0,0.0,0.0,1.0,0.0,0.0,1.0,0.0,0.0,0.0,0.0,1.0,4.0,0.0,1.0,0.0,0.0,1.0,7.0,2.0,4.0,6.0,8.0,14.0,4.0,0.0,0.0,0.0,0.0,0.0,0.0,0.0,0.0,0.0,0.0,0.0,0.0,1.0,0.0,0.0,4.0,0.0,0.0,0.0,0.0,1.0,4.0,0.0,2.0,0.0,0.0,2.0,10.0,2.0,6.0,9.0,13.0,19.0,9.0
766,1.0,766.0,London_56,three,151,453,1092.0,70.0,2.0,187089.0,3.3309488790109754,866.0,58.0,2.0,56.0,117.0,18.0,99.0,94.0,73.0,132.0,33.0,136.0,20.0,49.0,3.0,7.0,12.0,53.0,172.0,216.0,77.0,0.0,0.0,0.0,0.0,0.0,0.0,0.0,0.0,0.0,0.0,0.0,0.0,0.0,0.0,0.0,0.0,0.0,0.0,0.0,0.0,0.0,0.0,0.0,0.0,0.0,0.0,0.0,0.0,0.0,1.0,0.0,0.0,0.0,0.0,0.0,1.0,1.0,0.0,0.0,0.0,2.0,0.0,0.0,0.0,0.0,0.0,1.0,3.0,0.0,0.0,11.0,13.0,12.0,8.0,0.0,0.0,0.0,0.0,0.0,0.0,0.0,0.0,0.0,4.0,0.0,0.0,0.0,0.0,0.0,3.0,6.0,0.0,0.0,0.0,2.0,0.0,0.0,0.0,0.0,0.0,2.0,3.0,0.0,0.0,13.0,23.0,13.0,13.0
767,1.0,767.0,London_56,three,151,453,1092.0,70.0,2.0,208380.0,4.118359309155494,913.0,96.0,1.0,95.0,187.0,10.0,177.0,117.0,62.0,129.0,34.0,143.0,26.0,47.0,4.0,8.0,8.0,59.0,159.0,227.0,82.0,0.0,0.0,0.0,0.0,0.0,0.0,0.0,0.0,0.0,0.0,0.0,0.0,0.0,0.0,0.0,0.0,0.0,0.0,0.0,0.0,0.0,0.0,0.0,0.0,0.0,0.0,0.0,0.0,0.0,0.0,0.0,0.0,0.0,0.0,1.0,0.0,0.0,0.0,0.0,0.0,2.0,0.0,0.0,0.0,0.0,0.0,7.0,4.0,4.0,7.0,16.0,26.0,16.0,11.0,0.0,0.0,0.0,0.0,0.0,0.0,0.0,0.0,0.0,0.0,0.0,0.0,0.0,0.0,6.0,0.0,0.0,0.0,0.0,0.0,2.0,0.0,0.0,0.0,0.0,0.0,7.0,4.0,7.0,7.0,25.0,46.0,18.0,18.0
768,1.0,768.0,London_56,three,151,453,1092.0,70.0,2.0,207927.0,7.502554357983172,912.0,94.0,0.0,94.0,161.0,0.0,161.0,187.0,62.0,127.0,43.0,127.0,24.0,55.0,4.0,11.0,10.0,67.0,156.0,220.0,82.0,0.0,0.0,0.0,0.0,0.0,0.0,0.0,0.0,0.0,0.0,0.0,0.0,0.0,0.0,0.0,0.0,0.0,0.0,0.0,0.0,0.0,0.0,0.0,0.0,0.0,0.0,0.0,0.0,0.0,0.0,0.0,0.0,0.0,0.0,0.0,0.0,0.0,0.0,0.0,0.0,1.0,5.0,0.0,2.0,0.0,1.0,2.0,9.0,0.0,8.0,22.0,32.0,14.0,9.0,0.0,0.0,0.0,0.0,0.0,0.0,0.0,0.0,0.0,0.0,0.0,0.0,0.0,0.0,0.0,0.0,0.0,0.0,0.0,0.0,1.0,7.0,0.0,2.0,0.0,3.0,3.0,13.0,0.0,8.0,38.0,46.0,18.0,15.0
769,1.0,769.0,London_56,three,151,453,1092.0,70.0,2.0,212004.0,7.011647481936961,921.0,130.0,2.0,128.0,247.0,18.0,229.0,161.0,53.0,131.0,42.0,123.0,27.0,57.0,5.0,15.0,9.0,68.0,141.0,235.0,93.0,0.0,0.0,0.0,0.0,0.0,0.0,0.0,0.0,0.0,0.0,0.0,0.0,0.0,0.0,0.0,0.0,0.0,0.0,0.0,0.0,0.0,0.0,0.0,0.0,0.0,0.0,0.0,0.0,0.0,0.0,0.0,0.0,1.0,0.0,0.0,2.0,0.0,0.0,0.0,0.0,1.0,5.0,0.0,1.0,0.0,0.0,5.0,7.0,5.0,12.0,26.0,30.0,29.0,6.0,0.0,0.0,0.0,0.0,0.0,0.0,0.0,0.0,0.0,0.0,0.0,0.0,4.0,0.0,0.0,9.0,0.0,0.0,0.0,0.0,1.0,8.0,0.0,1.0,0.0,0.0,7.0,9.0,6.0,15.0,42.0,49.0,37.0,7.0
770,1.0,770.0,London_56,three,151,453,1092.0,70.0,2.0,190713.0,9.00299906078726,874.0,185.0,2.0,183.0,330.0,19.0,311.0,247.0,53.0,121.0,48.0,131.0,22.0,59.0,4.0,15.0,11.0,76.0,149.0,217.0,89.0,0.0,0.0,0.0,0.0,0.0,0.0,0.0,0.0,0.0,0.0,0.0,0.0,0.0,0.0,0.0,0.0,0.0,0.0,0.0,0.0,0.0,0.0,0.0,0.0,0.0,0.0,0.0,0.0,0.0,1.0,0.0,0.0,1.0,1.0,0.0,1.0,0.0,0.0,0.0,0.0,0.0,11.0,2.0,0.0,1.0,0.0,9.0,17.0,5.0,9.0,37.0,45.0,40.0,13.0,0.0,0.0,0.0,0.0,0.0,0.0,0.0,0.0,0.0,9.0,0.0,0.0,8.0,8.0,0.0,3.0,0.0,0.0,0.0,0.0,0.0,14.0,2.0,0.0,1.0,0.0,10.0,22.0,6.0,14.0,55.0,62.0,51.0,15.0
771,1.0,771.0,London_56,three,151,453,1092.0,70.0,2.0,130917.0,5.153289999812841,742.0,131.0,2.0,129.0,236.0,20.0,216.0,330.0,61.0,129.0,31.0,136.0,29.0,50.0,4.0,13.0,11.0,76.0,136.0,230.0,73.0,0.0,0.0,0.0,0.0,0.0,0.0,0.0,0.0,0.0,0.0,0.0,0.0,0.0,0.0,0.0,0.0,0.0,0.0,0.0,0.0,0.0,0.0,0.0,0.0,0.0,0.0,0.0,0.0,0.0,0.0,0.0,0.0,0.0,0.0,2.0,1.0,0.0,0.0,0.0,0.0,4.0,5.0,0.0,0.0,0.0,0.0,10.0,8.0,4.0,10.0,25.0,36.0,38.0,12.0,0.0,0.0,0.0,0.0,0.0,0.0,0.0,0.0,0.0,0.0,0.0,0.0,0.0,0.0,11.0,6.0,0.0,0.0,0.0,0.0,5.0,6.0,0.0,0.0,0.0,0.0,17.0,13.0,5.0,16.0,39.0,53.0,50.0,18.0
772,1.0,772.0,London_56,three,151,453,1092.0,70.0,2.0,101925.0,0.5139573127962649,678.0,74.0,0.0,74.0,122.0,0.0,122.0,236.0,57.0,113.0,40.0,141.0,27.0,55.0,4.0,16.0,6.0,87.0,126.0,234.0,73.0,0.0,0.0,0.0,0.0,0.0,0.0,0.0,0.0,0.0,0.0,0.0,0.0,0.0,0.0,0.0,0.0,0.0,0.0,0.0,0.0,0.0,0.0,0.0,0.0,0.0,0.0,0.0,0.0,0.0,0.0,0.0,0.0,0.0,0.0,0.0,0.0,0.0,0.0,0.0,0.0,3.0,0.0,0.0,1.0,0.0,0.0,8.0,3.0,3.0,4.0,13.0,18.0,14.0,5.0,0.0,0.0,0.0,0.0,0.0,0.0,0.0,0.0,0.0,0.0,0.0,0.0,0.0,0.0,0.0,0.0,0.0,0.0,0.0,0.0,3.0,0.0,0.0,1.0,0.0,0.0,13.0,4.0,5.0,7.0,22.0,25.0,18.0,7.0
773,1.0,773.0,London_56,three,151,453,1092.0,70.0,2.0,96942.0,0.5076342280954123,667.0,16.0,2.0,14.0,42.0,17.0,25.0,122.0,58.0,118.0,38.0,146.0,24.0,51.0,3.0,15.0,8.0,77.0,133.0,235.0,72.0,0.0,0.0,0.0,0.0,0.0,0.0,0.0,0.0,0.0,0.0,0.0,0.0,0.0,0.0,0.0,0.0,0.0,0.0,0.0,0.0,0.0,0.0,0.0,0.0,0.0,0.0,0.0,0.0,0.0,1.0,0.0,0.0,1.0,0.0,0.0,2.0,0.0,0.0,0.0,0.0,0.0,1.0,0.0,0.0,0.0,0.0,1.0,2.0,2.0,0.0,3.0,4.0,4.0,4.0,0.0,0.0,0.0,0.0,0.0,0.0,0.0,0.0,0.0,5.0,0.0,0.0,1.0,0.0,0.0,4.0,0.0,0.0,0.0,0.0,0.0,1.0,0.0,0.0,0.0,0.0,1.0,4.0,3.0,0.0,5.0,9.0,6.0,7.0
774,1.0,774.0,London_56,three,151,453,1092.0,70.0,2.0,119139.0,4.65951655106619,716.0,66.0,0.0,66.0,113.0,0.0,113.0,42.0,60.0,115.0,35.0,156.0,17.0,51.0,3.0,16.0,8.0,82.0,127.0,236.0,74.0,0.0,0.0,0.0,0.0,0.0,0.0,0.0,0.0,0.0,0.0,0.0,0.0,0.0,0.0,0.0,0.0,0.0,0.0,0.0,0.0,0.0,0.0,0.0,0.0,0.0,0.0,0.0,0.0,0.0,0.0,0.0,0.0,0.0,0.0,0.0,0.0,0.0,0.0,0.0,0.0,2.0,0.0,0.0,1.0,0.0,0.0,9.0,5.0,2.0,3.0,9.0,12.0,11.0,1.0,0.0,0.0,0.0,0.0,0.0,0.0,0.0,0.0,0.0,0.0,0.0,0.0,0.0,0.0,0.0,0.0,0.0,0.0,0.0,0.0,3.0,0.0,0.0,2.0,0.0,0.0,12.0,6.0,4.0,4.0,13.0,16.0,14.0,2.0
775,1.0,775.0,London_56,three,151,453,1092.0,70.0,2.0,120951.0,6.833192386198789,720.0,83.0,0.0,83.0,135.0,0.0,135.0,113.0,49.0,119.0,37.0,153.0,19.0,53.0,3.0,20.0,7.0,85.0,138.0,223.0,79.0,0.0,0.0,0.0,0.0,0.0,0.0,0.0,0.0,0.0,0.0,0.0,0.0,0.0,0.0,0.0,0.0,0.0,0.0,0.0,0.0,0.0,0.0,0.0,0.0,0.0,0.0,0.0,0.0,0.0,0.0,0.0,0.0,0.0,0.0,0.0,0.0,0.0,0.0,0.0,0.0,1.0,2.0,0.0,1.0,0.0,0.0,4.0,8.0,3.0,3.0,14.0,22.0,11.0,11.0,0.0,0.0,0.0,0.0,0.0,0.0,0.0,0.0,0.0,0.0,0.0,0.0,0.0,0.0,0.0,0.0,0.0,0.0,0.0,0.0,1.0,3.0,0.0,1.0,0.0,0.0,5.0,10.0,3.0,4.0,18.0,31.0,13.0,17.0
776,1.0,776.0,London_56,three,151,453,1092.0,70.0,2.0,118686.0,5.524853261187673,715.0,45.0,1.0,44.0,87.0,9.0,78.0,135.0,52.0,122.0,38.0,138.0,23.0,54.0,3.0,23.0,10.0,77.0,160.0,206.0,84.0,0.0,0.0,0.0,0.0,0.0,0.0,0.0,0.0,0.0,0.0,0.0,0.0,0.0,0.0,0.0,0.0,0.0,0.0,0.0,0.0,0.0,0.0,0.0,0.0,0.0,0.0,0.0,0.0,0.0,0.0,0.0,0.0,0.0,0.0,0.0,0.0,0.0,0.0,0.0,0.0,4.0,1.0,0.0,1.0,0.0,0.0,4.0,4.0,0.0,3.0,12.0,7.0,13.0,2.0,0.0,0.0,0.0,0.0,0.0,0.0,0.0,0.0,0.0,0.0,0.0,0.0,0.0,0.0,0.0,0.0,0.0,0.0,0.0,0.0,4.0,1.0,0.0,1.0,0.0,0.0,5.0,5.0,0.0,4.0,18.0,10.0,15.0,2.0
777,1.0,777.0,London_56,three,151,453,1092.0,70.0,2.0,134088.0,6.069799915887415,749.0,23.0,0.0,23.0,42.0,0.0,42.0,87.0,46.0,125.0,41.0,146.0,22.0,48.0,2.0,23.0,8.0,70.0,153.0,222.0,86.0,0.0,0.0,0.0,0.0,0.0,0.0,0.0,0.0,0.0,0.0,0.0,0.0,0.0,0.0,0.0,0.0,0.0,0.0,0.0,0.0,0.0,0.0,0.0,0.0,0.0,0.0,0.0,0.0,0.0,0.0,0.0,0.0,0.0,0.0,0.0,0.0,0.0,0.0,0.0,0.0,3.0,1.0,0.0,0.0,0.0,0.0,2.0,3.0,1.0,1.0,2.0,5.0,4.0,3.0,0.0,0.0,0.0,0.0,0.0,0.0,0.0,0.0,0.0,0.0,0.0,0.0,0.0,0.0,0.0,0.0,0.0,0.0,0.0,0.0,3.0,1.0,0.0,0.0,0.0,0.0,3.0,4.0,1.0,1.0,4.0,8.0,5.0,5.0
778,1.0,778.0,London_56,three,151,453,1092.0,70.0,2.0,163080.0,8.179549179971218,813.0,153.0,0.0,153.0,260.0,0.0,260.0,42.0,45.0,127.0,42.0,146.0,21.0,49.0,2.0,21.0,9.0,68.0,155.0,221.0,90.0,0.0,0.0,0.0,0.0,0.0,0.0,0.0,0.0,0.0,0.0,0.0,0.0,0.0,0.0,0.0,0.0,0.0,0.0,0.0,0.0,0.0,0.0,0.0,0.0,0.0,0.0,0.0,0.0,0.0,0.0,0.0,0.0,0.0,0.0,0.0,0.0,0.0,0.0,0.0,0.0,0.0,14.0,0.0,3.0,1.0,1.0,10.0,12.0,1.0,6.0,33.0,33.0,23.0,12.0,0.0,0.0,0.0,0.0,0.0,0.0,0.0,0.0,0.0,0.0,0.0,0.0,0.0,0.0,0.0,0.0,0.0,0.0,0.0,0.0,0.0,15.0,0.0,5.0,1.0,2.0,12.0,13.0,4.0,8.0,50.0,41.0,30.0,18.0
779,1.0,779.0,London_56,three,151,453,1092.0,70.0,2.0,135447.0,6.0901018609292805,752.0,47.0,0.0,47.0,78.0,0.0,78.0,260.0,45.0,132.0,46.0,139.0,22.0,46.0,1.0,22.0,11.0,74.0,153.0,215.0,96.0,0.0,0.0,0.0,0.0,0.0,0.0,0.0,0.0,0.0,0.0,0.0,0.0,0.0,0.0,0.0,0.0,0.0,0.0,0.0,0.0,0.0,0.0,0.0,0.0,0.0,0.0,0.0,0.0,0.0,0.0,0.0,0.0,0.0,0.0,0.0,0.0,0.0,0.0,0.0,0.0,4.0,1.0,1.0,0.0,0.0,0.0,2.0,4.0,0.0,1.0,5.0,9.0,12.0,4.0,0.0,0.0,0.0,0.0,0.0,0.0,0.0,0.0,0.0,0.0,0.0,0.0,0.0,0.0,0.0,0.0,0.0,0.0,0.0,0.0,4.0,1.0,1.0,0.0,0.0,0.0,2.0,5.0,0.0,2.0,8.0,13.0,15.0,5.0
780,1.0,780.0,London_56,three,151,453,1092.0,70.0,2.0,144054.0,6.175945078954101,771.0,18.0,2.0,16.0,43.0,17.0,26.0,78.0,50.0,124.0,48.0,130.0,23.0,55.0,1.0,22.0,11.0,75.0,155.0,212.0,92.0,0.0,0.0,0.0,0.0,0.0,0.0,0.0,0.0,0.0,0.0,0.0,0.0,0.0,0.0,0.0,0.0,0.0,0.0,0.0,0.0,0.0,0.0,0.0,0.0,0.0,0.0,0.0,0.0,0.0,0.0,0.0,0.0,1.0,0.0,0.0,1.0,0.0,0.0,0.0,0.0,0.0,0.0,0.0,0.0,0.0,0.0,3.0,0.0,1.0,0.0,2.0,5.0,3.0,2.0,0.0,0.0,0.0,0.0,0.0,0.0,0.0,0.0,0.0,0.0,0.0,0.0,2.0,0.0,0.0,3.0,0.0,0.0,0.0,0.0,0.0,0.0,0.0,0.0,0.0,0.0,4.0,0.0,1.0,0.0,3.0,8.0,4.0,3.0
781,1.0,781.0,London_56,three,151,453,1092.0,70.0,2.0,166251.0,4.101121615152806,820.0,33.0,2.0,31.0,75.0,20.0,55.0,43.0,52.0,133.0,49.0,123.0,17.0,55.0,2.0,22.0,6.0,71.0,155.0,221.0,87.0,0.0,0.0,0.0,0.0,0.0,0.0,0.0,0.0,0.0,0.0,0.0,0.0,0.0,0.0,0.0,0.0,0.0,0.0,0.0,0.0,0.0,0.0,0.0,0.0,0.0,0.0,0.0,0.0,0.0,0.0,0.0,0.0,1.0,1.0,0.0,2.0,0.0,0.0,0.0,0.0,0.0,0.0,0.0,1.0,0.0,0.0,2.0,3.0,2.0,0.0,5.0,8.0,4.0,3.0,0.0,0.0,0.0,0.0,0.0,0.0,0.0,0.0,0.0,0.0,0.0,0.0,6.0,10.0,0.0,12.0,0.0,0.0,0.0,0.0,0.0,0.0,0.0,1.0,0.0,0.0,5.0,3.0,2.0,0.0,7.0,12.0,4.0,3.0
782,1.0,782.0,London_56,three,151,453,1092.0,70.0,2.0,185277.0,8.006807438097894,862.0,271.0,2.0,269.0,507.0,18.0,489.0,75.0,49.0,128.0,42.0,130.0,15.0,63.0,2.0,24.0,7.0,84.0,134.0,228.0,84.0,0.0,0.0,0.0,0.0,0.0,0.0,0.0,0.0,0.0,46.0,1.0,27.0,3.0,15.0,0.0,0.0,0.0,0.0,0.0,46.0,0.0,0.0,0.0,0.0,0.0,0.0,0.0,0.0,0.0,2.0,0.0,0.0,0.0,0.0,1.0,0.0,0.0,0.0,0.0,0.0,3.0,20.0,0.0,2.0,11.0,0.0,12.0,10.0,2.0,14.0,44.0,61.0,24.0,9.0,0.0,0.0,0.0,0.0,0.0,0.0,0.0,0.0,0.0,7.0,0.0,0.0,0.0,0.0,7.0,0.0,0.0,0.0,0.0,0.0,5.0,32.0,0.0,3.0,11.0,0.0,17.0,13.0,2.0,18.0,67.0,91.0,30.0,13.0
783,1.0,783.0,London_56,three,151,453,1092.0,70.0,2.0,91053.0,0.4827519590035081,654.0,28.0,1.0,27.0,58.0,9.0,49.0,433.0,52.0,169.0,32.0,120.0,14.0,48.0,1.0,17.0,14.0,64.0,151.0,224.0,61.0,0.0,0.0,0.0,0.0,0.0,0.0,0.0,0.0,0.0,0.0,0.0,0.0,0.0,0.0,0.0,0.0,0.0,0.0,0.0,0.0,0.0,0.0,0.0,0.0,0.0,0.0,0.0,0.0,0.0,0.0,0.0,0.0,0.0,0.0,1.0,0.0,1.0,0.0,0.0,0.0,0.0,1.0,0.0,0.0,0.0,0.0,2.0,0.0,1.0,0.0,7.0,5.0,3.0,5.0,0.0,0.0,0.0,0.0,0.0,0.0,0.0,0.0,0.0,0.0,0.0,0.0,0.0,0.0,6.0,0.0,4.0,0.0,0.0,0.0,0.0,1.0,0.0,0.0,0.0,0.0,4.0,0.0,3.0,0.0,9.0,8.0,4.0,6.0
784,1.0,784.0,London_56,three,151,453,1092.0,70.0,2.0,118686.0,5.234731480013579,715.0,70.0,2.0,68.0,139.0,18.0,121.0,58.0,58.0,171.0,35.0,113.0,16.0,44.0,1.0,15.0,13.0,74.0,147.0,219.0,63.0,0.0,0.0,0.0,0.0,0.0,0.0,0.0,0.0,0.0,0.0,0.0,0.0,0.0,0.0,0.0,0.0,0.0,0.0,0.0,0.0,0.0,0.0,0.0,0.0,0.0,0.0,0.0,0.0,0.0,1.0,0.0,1.0,0.0,0.0,0.0,0.0,0.0,0.0,0.0,0.0,0.0,0.0,0.0,0.0,0.0,0.0,1.0,1.0,4.0,4.0,14.0,19.0,8.0,9.0,0.0,0.0,0.0,0.0,0.0,0.0,0.0,0.0,0.0,7.0,0.0,1.0,0.0,0.0,0.0,0.0,0.0,0.0,0.0,0.0,0.0,0.0,0.0,0.0,0.0,0.0,2.0,1.0,7.0,5.0,22.0,27.0,11.0,16.0
785,1.0,785.0,London_56,three,151,453,1092.0,70.0,2.0,118686.0,5.164923877920955,715.0,75.0,1.0,74.0,136.0,8.0,128.0,139.0,57.0,156.0,40.0,112.0,18.0,50.0,2.0,18.0,15.0,69.0,149.0,220.0,65.0,0.0,0.0,0.0,0.0,0.0,0.0,0.0,0.0,0.0,0.0,0.0,0.0,0.0,0.0,0.0,0.0,0.0,0.0,0.0,0.0,0.0,0.0,0.0,0.0,0.0,0.0,0.0,0.0,0.0,0.0,0.0,0.0,1.0,0.0,0.0,1.0,0.0,0.0,0.0,0.0,0.0,1.0,0.0,0.0,1.0,0.0,3.0,8.0,0.0,9.0,15.0,20.0,8.0,9.0,0.0,0.0,0.0,0.0,0.0,0.0,0.0,0.0,0.0,0.0,0.0,0.0,1.0,0.0,0.0,2.0,0.0,0.0,0.0,0.0,0.0,1.0,0.0,0.0,1.0,0.0,3.0,13.0,0.0,12.0,21.0,27.0,11.0,13.0
786,1.0,786.0,London_56,three,151,453,1092.0,70.0,2.0,126840.0,3.7475224719382823,733.0,1.0,1.0,0.0,9.0,9.0,0.0,136.0,56.0,148.0,37.0,115.0,24.0,54.0,2.0,17.0,12.0,68.0,143.0,230.0,68.0,0.0,0.0,0.0,0.0,0.0,0.0,0.0,0.0,0.0,0.0,0.0,0.0,0.0,0.0,0.0,0.0,0.0,0.0,0.0,0.0,0.0,0.0,0.0,0.0,0.0,0.0,0.0,0.0,0.0,0.0,0.0,0.0,0.0,0.0,1.0,0.0,0.0,0.0,0.0,0.0,0.0,0.0,0.0,0.0,0.0,0.0,0.0,0.0,0.0,0.0,0.0,0.0,0.0,0.0,0.0,0.0,0.0,0.0,0.0,0.0,0.0,0.0,0.0,0.0,0.0,0.0,0.0,0.0,5.0,0.0,0.0,0.0,0.0,0.0,0.0,0.0,0.0,0.0,0.0,0.0,0.0,0.0,0.0,0.0,0.0,0.0,0.0,0.0
787,1.0,787.0,London_56,three,151,453,1092.0,70.0,2.0,177123.0,5.7022384949959815,844.0,5.0,0.0,5.0,6.0,0.0,6.0,9.0,59.0,141.0,38.0,116.0,24.0,56.0,2.0,17.0,9.0,72.0,138.0,234.0,68.0,0.0,0.0,0.0,0.0,0.0,0.0,0.0,0.0,0.0,0.0,0.0,0.0,0.0,0.0,0.0,0.0,0.0,0.0,0.0,0.0,0.0,0.0,0.0,0.0,0.0,0.0,0.0,0.0,0.0,0.0,0.0,0.0,0.0,0.0,0.0,0.0,0.0,0.0,0.0,0.0,0.0,0.0,0.0,0.0,0.0,0.0,0.0,0.0,0.0,0.0,0.0,1.0,0.0,0.0,0.0,0.0,0.0,0.0,0.0,0.0,0.0,0.0,0.0,0.0,0.0,0.0,0.0,0.0,0.0,0.0,0.0,0.0,0.0,0.0,0.0,0.0,0.0,0.0,0.0,0.0,0.0,0.0,0.0,0.0,0.0,1.0,0.0,0.0
788,1.0,788.0,London_56,three,151,453,1092.0,70.0,2.0,227859.0,4.610615474637598,956.0,118.0,2.0,116.0,213.0,18.0,195.0,6.0,60.0,141.0,38.0,115.0,24.0,56.0,2.0,17.0,9.0,69.0,140.0,235.0,68.0,0.0,0.0,0.0,0.0,0.0,0.0,0.0,0.0,0.0,0.0,0.0,0.0,0.0,0.0,0.0,0.0,0.0,0.0,0.0,0.0,0.0,0.0,0.0,0.0,0.0,0.0,0.0,0.0,0.0,0.0,0.0,0.0,0.0,0.0,1.0,2.0,0.0,0.0,0.0,0.0,1.0,5.0,0.0,0.0,3.0,1.0,6.0,17.0,3.0,3.0,24.0,32.0,19.0,8.0,0.0,0.0,0.0,0.0,0.0,0.0,0.0,0.0,0.0,0.0,0.0,0.0,0.0,0.0,9.0,4.0,0.0,0.0,0.0,0.0,1.0,8.0,0.0,0.0,3.0,2.0,7.0,25.0,5.0,3.0,34.0,50.0,28.0,15.0
789,1.0,789.0,London_56,three,151,453,1092.0,70.0,2.0,224688.0,7.94908087188378,949.0,168.0,0.0,168.0,300.0,0.0,300.0,213.0,64.0,135.0,39.0,112.0,23.0,56.0,3.0,21.0,9.0,85.0,137.0,222.0,71.0,0.0,0.0,0.0,0.0,0.0,0.0,0.0,0.0,0.0,0.0,0.0,0.0,0.0,0.0,0.0,0.0,0.0,0.0,0.0,0.0,0.0,0.0,0.0,0.0,0.0,0.0,0.0,0.0,0.0,0.0,0.0,0.0,0.0,0.0,0.0,0.0,0.0,0.0,0.0,0.0,7.0,19.0,0.0,1.0,0.0,0.0,13.0,7.0,2.0,15.0,23.0,46.0,32.0,15.0,0.0,0.0,0.0,0.0,0.0,0.0,0.0,0.0,0.0,0.0,0.0,0.0,0.0,0.0,0.0,0.0,0.0,0.0,0.0,0.0,8.0,29.0,0.0,2.0,0.0,0.0,19.0,8.0,2.0,22.0,31.0,64.0,36.0,22.0
790,1.0,790.0,London_56,three,151,453,1092.0,70.0,2.0,184824.0,5.143806531094015,861.0,144.0,1.0,143.0,258.0,8.0,250.0,300.0,57.0,154.0,34.0,102.0,20.0,62.0,4.0,20.0,5.0,78.0,143.0,227.0,77.0,0.0,0.0,0.0,0.0,0.0,0.0,0.0,0.0,0.0,0.0,0.0,0.0,0.0,0.0,0.0,0.0,0.0,0.0,0.0,0.0,0.0,0.0,0.0,0.0,0.0,0.0,0.0,0.0,0.0,0.0,0.0,0.0,0.0,0.0,1.0,1.0,0.0,0.0,0.0,0.0,5.0,3.0,0.0,4.0,0.0,0.0,9.0,11.0,7.0,12.0,30.0,28.0,23.0,7.0,0.0,0.0,0.0,0.0,0.0,0.0,0.0,0.0,0.0,0.0,0.0,0.0,0.0,0.0,8.0,1.0,0.0,0.0,0.0,0.0,5.0,6.0,0.0,6.0,0.0,0.0,14.0,17.0,11.0,21.0,49.0,34.0,35.0,9.0
791,1.0,791.0,London_56,three,151,453,1092.0,70.0,2.0,164892.0,3.5763208880089223,817.0,88.0,1.0,87.0,179.0,8.0,171.0,258.0,55.0,139.0,34.0,110.0,26.0,71.0,5.0,13.0,8.0,68.0,153.0,224.0,101.0,0.0,0.0,0.0,0.0,0.0,0.0,0.0,0.0,0.0,0.0,0.0,0.0,0.0,0.0,0.0,0.0,0.0,0.0,0.0,0.0,0.0,0.0,0.0,0.0,0.0,0.0,0.0,0.0,0.0,1.0,0.0,0.0,1.0,0.0,0.0,0.0,1.0,0.0,0.0,0.0,3.0,2.0,0.0,0.0,0.0,0.0,3.0,3.0,0.0,9.0,18.0,22.0,11.0,7.0,0.0,0.0,0.0,0.0,0.0,0.0,0.0,0.0,0.0,6.0,0.0,0.0,4.0,0.0,0.0,0.0,7.0,0.0,0.0,0.0,5.0,2.0,0.0,0.0,0.0,0.0,5.0,5.0,0.0,16.0,30.0,34.0,13.0,13.0
792,1.0,792.0,London_56,three,151,453,1092.0,70.0,2.0,163533.0,6.66510104527697,814.0,113.0,0.0,113.0,192.0,0.0,192.0,179.0,65.0,129.0,37.0,109.0,32.0,61.0,7.0,13.0,9.0,71.0,164.0,209.0,96.0,0.0,0.0,0.0,0.0,0.0,0.0,0.0,0.0,0.0,0.0,0.0,0.0,0.0,0.0,0.0,0.0,0.0,0.0,0.0,0.0,0.0,0.0,0.0,0.0,0.0,0.0,0.0,0.0,0.0,0.0,0.0,0.0,0.0,0.0,0.0,0.0,0.0,0.0,0.0,0.0,2.0,1.0,0.0,0.0,1.0,0.0,7.0,6.0,8.0,1.0,22.0,25.0,16.0,9.0,0.0,0.0,0.0,0.0,0.0,0.0,0.0,0.0,0.0,0.0,0.0,0.0,0.0,0.0,0.0,0.0,0.0,0.0,0.0,0.0,2.0,1.0,0.0,0.0,1.0,0.0,9.0,10.0,12.0,1.0,36.0,40.0,19.0,13.0
793,1.0,793.0,London_56,three,151,453,1092.0,70.0,2.0,151302.0,5.376749268267304,787.0,102.0,2.0,100.0,195.0,18.0,177.0,192.0,63.0,126.0,48.0,93.0,35.0,69.0,5.0,14.0,11.0,71.0,142.0,229.0,101.0,0.0,0.0,0.0,0.0,0.0,0.0,0.0,0.0,0.0,0.0,0.0,0.0,0.0,0.0,0.0,0.0,0.0,0.0,0.0,0.0,0.0,0.0,0.0,0.0,0.0,0.0,0.0,0.0,0.0,0.0,0.0,0.0,0.0,0.0,1.0,0.0,0.0,0.0,0.0,0.0,4.0,2.0,0.0,1.0,0.0,1.0,4.0,2.0,8.0,8.0,18.0,25.0,23.0,8.0,0.0,0.0,0.0,0.0,0.0,0.0,0.0,0.0,0.0,0.0,0.0,0.0,0.0,0.0,6.0,0.0,0.0,0.0,0.0,0.0,5.0,2.0,0.0,1.0,0.0,2.0,5.0,2.0,12.0,11.0,29.0,34.0,31.0,10.0
794,1.0,794.0,London_56,three,151,453,1092.0,70.0,2.0,141789.0,5.454408334102482,766.0,121.0,2.0,119.0,207.0,16.0,191.0,195.0,72.0,110.0,51.0,99.0,34.0,67.0,4.0,16.0,8.0,77.0,132.0,236.0,90.0,0.0,0.0,0.0,0.0,0.0,0.0,0.0,0.0,0.0,0.0,0.0,0.0,0.0,0.0,0.0,0.0,0.0,0.0,0.0,0.0,0.0,0.0,0.0,0.0,0.0,0.0,0.0,0.0,0.0,0.0,0.0,0.0,0.0,0.0,1.0,2.0,0.0,0.0,0.0,0.0,2.0,14.0,0.0,1.0,0.0,0.0,6.0,6.0,3.0,10.0,29.0,23.0,11.0,6.0,0.0,0.0,0.0,0.0,0.0,0.0,0.0,0.0,0.0,0.0,0.0,0.0,0.0,0.0,5.0,7.0,0.0,0.0,0.0,0.0,2.0,20.0,0.0,1.0,0.0,0.0,9.0,10.0,3.0,13.0,41.0,34.0,14.0,8.0
795,1.0,795.0,London_56,three,151,453,1092.0,70.0,2.0,112797.0,3.194608112797141,702.0,8.0,2.0,6.0,29.0,20.0,9.0,207.0,57.0,102.0,53.0,108.0,38.0,73.0,4.0,18.0,8.0,83.0,118.0,244.0,94.0,0.0,0.0,0.0,0.0,0.0,0.0,0.0,0.0,0.0,0.0,0.0,0.0,0.0,0.0,0.0,0.0,0.0,0.0,0.0,0.0,0.0,0.0,0.0,0.0,0.0,0.0,0.0,0.0,0.0,2.0,0.0,1.0,1.0,0.0,0.0,2.0,0.0,0.0,0.0,0.0,0.0,0.0,0.0,0.0,0.0,0.0,0.0,0.0,0.0,1.0,1.0,2.0,2.0,1.0,0.0,0.0,0.0,0.0,0.0,0.0,0.0,0.0,0.0,9.0,0.0,6.0,4.0,0.0,0.0,4.0,0.0,0.0,0.0,0.0,0.0,0.0,0.0,0.0,0.0,0.0,0.0,0.0,0.0,1.0,1.0,2.0,2.0,1.0
796,1.0,796.0,London_56,three,151,453,1092.0,70.0,2.0,147678.0,2.481382317841053,779.0,50.0,0.0,50.0,72.0,0.0,72.0,29.0,54.0,103.0,51.0,116.0,33.0,72.0,5.0,19.0,7.0,84.0,119.0,243.0,87.0,0.0,0.0,0.0,0.0,0.0,0.0,0.0,0.0,0.0,0.0,0.0,0.0,0.0,0.0,0.0,0.0,0.0,0.0,0.0,0.0,0.0,0.0,0.0,0.0,0.0,0.0,0.0,0.0,0.0,0.0,0.0,0.0,0.0,0.0,0.0,0.0,0.0,0.0,0.0,0.0,3.0,1.0,0.0,1.0,1.0,1.0,1.0,5.0,2.0,5.0,10.0,11.0,12.0,4.0,0.0,0.0,0.0,0.0,0.0,0.0,0.0,0.0,0.0,0.0,0.0,0.0,0.0,0.0,0.0,0.0,0.0,0.0,0.0,0.0,3.0,1.0,0.0,1.0,1.0,2.0,1.0,5.0,2.0,7.0,13.0,12.0,14.0,6.0
797,1.0,797.0,London_56,three,151,453,1092.0,70.0,2.0,169422.0,3.1785523020662367,827.0,102.0,0.0,102.0,188.0,0.0,188.0,72.0,56.0,98.0,49.0,120.0,31.0,76.0,5.0,18.0,7.0,83.0,116.0,247.0,91.0,0.0,0.0,0.0,0.0,0.0,0.0,0.0,0.0,0.0,0.0,0.0,0.0,0.0,0.0,0.0,0.0,0.0,0.0,0.0,0.0,0.0,0.0,0.0,0.0,0.0,0.0,0.0,0.0,0.0,0.0,0.0,0.0,0.0,0.0,0.0,0.0,0.0,0.0,0.0,0.0,5.0,9.0,0.0,3.0,0.0,0.0,13.0,8.0,4.0,10.0,20.0,25.0,20.0,9.0,0.0,0.0,0.0,0.0,0.0,0.0,0.0,0.0,0.0,0.0,0.0,0.0,0.0,0.0,0.0,0.0,0.0,0.0,0.0,0.0,5.0,15.0,0.0,6.0,0.0,0.0,19.0,16.0,5.0,13.0,26.0,41.0,22.0,12.0
798,1.0,798.0,London_56,three,151,453,1092.0,70.0,2.0,159003.0,3.037326877936721,804.0,91.0,2.0,89.0,182.0,19.0,163.0,188.0,56.0,95.0,46.0,119.0,31.0,83.0,4.0,19.0,11.0,72.0,133.0,237.0,95.0,0.0,0.0,0.0,0.0,0.0,0.0,0.0,0.0,0.0,0.0,0.0,0.0,0.0,0.0,0.0,0.0,0.0,0.0,0.0,0.0,0.0,0.0,0.0,0.0,0.0,0.0,0.0,0.0,0.0,1.0,0.0,0.0,1.0,0.0,0.0,1.0,0.0,0.0,0.0,0.0,3.0,1.0,0.0,0.0,2.0,0.0,9.0,10.0,3.0,9.0,13.0,23.0,18.0,9.0,0.0,0.0,0.0,0.0,0.0,0.0,0.0,0.0,0.0,5.0,0.0,0.0,6.0,0.0,0.0,2.0,0.0,0.0,0.0,0.0,3.0,1.0,0.0,0.0,2.0,0.0,9.0,16.0,3.0,9.0,20.0,38.0,23.0,17.0
799,1.0,799.0,London_56,three,151,453,1092.0,70.0,2.0,158550.0,3.6136835482902825,803.0,114.0,0.0,114.0,195.0,0.0,195.0,182.0,63.0,98.0,46.0,112.0,27.0,81.0,2.0,24.0,9.0,73.0,137.0,234.0,84.0,0.0,0.0,0.0,0.0,0.0,0.0,0.0,0.0,0.0,0.0,0.0,0.0,0.0,0.0,0.0,0.0,0.0,0.0,0.0,0.0,0.0,0.0,0.0,0.0,0.0,0.0,0.0,0.0,0.0,0.0,0.0,0.0,0.0,0.0,0.0,0.0,0.0,0.0,0.0,0.0,1.0,10.0,0.0,0.0,0.0,0.0,7.0,3.0,2.0,12.0,19.0,25.0,15.0,13.0,0.0,0.0,0.0,0.0,0.0,0.0,0.0,0.0,0.0,0.0,0.0,0.0,0.0,0.0,0.0,0.0,0.0,0.0,0.0,0.0,1.0,15.0,0.0,0.0,0.0,0.0,11.0,4.0,2.0,15.0,33.0,35.0,19.0,22.0
800,1.0,800.0,London_56,three,151,453,1092.0,70.0,2.0,155832.0,5.1835995288565755,797.0,79.0,1.0,78.0,146.0,11.0,135.0,195.0,62.0,104.0,44.0,105.0,33.0,80.0,2.0,23.0,11.0,70.0,142.0,230.0,77.0,0.0,0.0,0.0,0.0,0.0,0.0,0.0,0.0,0.0,0.0,0.0,0.0,0.0,0.0,0.0,0.0,0.0,0.0,0.0,0.0,0.0,0.0,0.0,0.0,0.0,0.0,0.0,0.0,0.0,1.0,0.0,0.0,1.0,0.0,0.0,1.0,0.0,0.0,0.0,0.0,1.0,15.0,0.0,0.0,0.0,0.0,2.0,6.0,1.0,4.0,13.0,19.0,12.0,6.0,0.0,0.0,0.0,0.0,0.0,0.0,0.0,0.0,0.0,10.0,0.0,0.0,10.0,0.0,0.0,4.0,0.0,0.0,0.0,0.0,1.0,23.0,0.0,0.0,0.0,0.0,4.0,8.0,1.0,7.0,24.0,25.0,17.0,10.0
801,1.0,801.0,London_56,three,151,453,1092.0,70.0,2.0,157191.0,5.377639838028699,800.0,68.0,0.0,68.0,110.0,0.0,110.0,146.0,62.0,102.0,42.0,115.0,26.0,76.0,5.0,25.0,11.0,69.0,147.0,226.0,86.0,0.0,0.0,0.0,0.0,0.0,0.0,0.0,0.0,0.0,0.0,0.0,0.0,0.0,0.0,0.0,0.0,0.0,0.0,0.0,0.0,0.0,0.0,0.0,0.0,0.0,0.0,0.0,0.0,0.0,0.0,0.0,0.0,0.0,0.0,0.0,0.0,0.0,0.0,0.0,0.0,0.0,5.0,0.0,0.0,0.0,0.0,3.0,5.0,2.0,3.0,12.0,13.0,21.0,5.0,0.0,0.0,0.0,0.0,0.0,0.0,0.0,0.0,0.0,0.0,0.0,0.0,0.0,0.0,0.0,0.0,0.0,0.0,0.0,0.0,0.0,6.0,0.0,0.0,0.0,0.0,4.0,8.0,3.0,6.0,15.0,22.0,25.0,8.0
802,1.0,802.0,London_56,three,151,453,1092.0,70.0,2.0,162174.0,5.140295140910894,811.0,25.0,0.0,25.0,50.0,0.0,50.0,110.0,64.0,106.0,36.0,116.0,27.0,73.0,7.0,24.0,11.0,68.0,144.0,230.0,91.0,0.0,0.0,0.0,0.0,0.0,0.0,0.0,0.0,0.0,0.0,0.0,0.0,0.0,0.0,0.0,0.0,0.0,0.0,0.0,0.0,0.0,0.0,0.0,0.0,0.0,0.0,0.0,0.0,0.0,0.0,0.0,0.0,0.0,0.0,0.0,0.0,0.0,0.0,0.0,0.0,0.0,2.0,0.0,0.0,0.0,0.0,1.0,1.0,2.0,1.0,7.0,5.0,7.0,3.0,0.0,0.0,0.0,0.0,0.0,0.0,0.0,0.0,0.0,0.0,0.0,0.0,0.0,0.0,0.0,0.0,0.0,0.0,0.0,0.0,0.0,3.0,0.0,0.0,0.0,0.0,2.0,2.0,3.0,2.0,9.0,9.0,8.0,3.0
803,1.0,803.0,London_56,three,151,453,1092.0,70.0,2.0,188901.0,3.3086262261494994,870.0,132.0,2.0,130.0,248.0,18.0,230.0,50.0,68.0,97.0,32.0,122.0,28.0,74.0,8.0,24.0,11.0,67.0,152.0,223.0,87.0,0.0,0.0,0.0,0.0,0.0,0.0,0.0,0.0,0.0,0.0,0.0,0.0,0.0,0.0,0.0,0.0,0.0,0.0,0.0,0.0,0.0,0.0,0.0,0.0,0.0,0.0,0.0,0.0,0.0,0.0,0.0,0.0,0.0,0.0,1.0,0.0,0.0,0.0,0.0,0.0,1.0,19.0,0.0,2.0,2.0,0.0,15.0,9.0,4.0,10.0,29.0,36.0,29.0,11.0,0.0,0.0,0.0,0.0,0.0,0.0,0.0,0.0,0.0,0.0,0.0,0.0,0.0,0.0,6.0,0.0,0.0,0.0,0.0,0.0,1.0,39.0,0.0,3.0,2.0,0.0,20.0,12.0,5.0,13.0,38.0,50.0,34.0,19.0
804,1.0,804.0,London_56,three,151,453,1092.0,70.0,2.0,168969.0,1.9561789659783244,826.0,67.0,1.0,66.0,127.0,10.0,117.0,248.0,56.0,129.0,33.0,109.0,24.0,70.0,8.0,24.0,6.0,66.0,142.0,239.0,86.0,0.0,0.0,0.0,0.0,0.0,0.0,0.0,0.0,0.0,0.0,0.0,0.0,0.0,0.0,0.0,0.0,0.0,0.0,0.0,0.0,0.0,0.0,0.0,0.0,0.0,0.0,0.0,0.0,0.0,0.0,0.0,0.0,0.0,0.0,0.0,0.0,1.0,0.0,0.0,0.0,2.0,0.0,0.0,0.0,1.0,0.0,2.0,3.0,0.0,6.0,15.0,15.0,17.0,9.0,0.0,0.0,0.0,0.0,0.0,0.0,0.0,0.0,0.0,0.0,0.0,0.0,0.0,0.0,0.0,0.0,5.0,0.0,0.0,0.0,4.0,0.0,0.0,0.0,1.0,0.0,3.0,9.0,0.0,9.0,24.0,21.0,25.0,15.0
805,1.0,805.0,London_56,three,151,453,1092.0,70.0,2.0,171687.0,1.5988246547058225,832.0,115.0,0.0,115.0,205.0,0.0,205.0,127.0,55.0,117.0,31.0,114.0,26.0,76.0,9.0,25.0,4.0,71.0,139.0,239.0,90.0,0.0,0.0,0.0,0.0,0.0,0.0,0.0,0.0,0.0,0.0,0.0,0.0,0.0,0.0,0.0,0.0,0.0,0.0,0.0,0.0,0.0,0.0,0.0,0.0,0.0,0.0,0.0,0.0,0.0,0.0,0.0,0.0,0.0,0.0,0.0,0.0,0.0,0.0,0.0,0.0,2.0,1.0,0.0,2.0,0.0,0.0,9.0,12.0,6.0,3.0,25.0,17.0,28.0,8.0,0.0,0.0,0.0,0.0,0.0,0.0,0.0,0.0,0.0,0.0,0.0,0.0,0.0,0.0,0.0,0.0,0.0,0.0,0.0,0.0,3.0,1.0,0.0,2.0,0.0,0.0,12.0,18.0,6.0,4.0,41.0,26.0,33.0,13.0
806,1.0,806.0,London_56,three,151,453,1092.0,70.0,2.0,149943.0,2.757758724037558,784.0,165.0,0.0,165.0,291.0,0.0,291.0,205.0,37.0,129.0,32.0,107.0,29.0,89.0,9.0,21.0,7.0,77.0,159.0,210.0,99.0,0.0,0.0,0.0,0.0,0.0,0.0,0.0,0.0,0.0,0.0,0.0,0.0,0.0,0.0,0.0,0.0,0.0,0.0,0.0,0.0,0.0,0.0,0.0,0.0,0.0,0.0,0.0,0.0,0.0,0.0,0.0,0.0,0.0,0.0,0.0,0.0,0.0,0.0,0.0,0.0,3.0,9.0,0.0,2.0,1.0,0.0,5.0,7.0,9.0,5.0,38.0,32.0,37.0,6.0,0.0,0.0,0.0,0.0,0.0,0.0,0.0,0.0,0.0,0.0,0.0,0.0,0.0,0.0,0.0,0.0,0.0,0.0,0.0,0.0,3.0,12.0,0.0,2.0,1.0,0.0,6.0,10.0,10.0,6.0,61.0,49.0,50.0,9.0
807,1.0,807.0,London_56,three,151,453,1092.0,70.0,2.0,107361.0,0.6106809987686574,690.0,61.0,2.0,59.0,122.0,16.0,106.0,291.0,39.0,117.0,35.0,99.0,32.0,100.0,6.0,25.0,12.0,57.0,173.0,211.0,84.0,0.0,0.0,0.0,0.0,0.0,0.0,0.0,0.0,0.0,0.0,0.0,0.0,0.0,0.0,0.0,0.0,0.0,0.0,0.0,0.0,0.0,0.0,0.0,0.0,0.0,0.0,0.0,0.0,0.0,0.0,1.0,0.0,1.0,0.0,0.0,0.0,0.0,0.0,0.0,0.0,0.0,0.0,0.0,1.0,0.0,0.0,3.0,0.0,3.0,7.0,13.0,13.0,9.0,7.0,0.0,0.0,0.0,0.0,0.0,0.0,0.0,0.0,0.0,0.0,2.0,0.0,1.0,0.0,0.0,0.0,0.0,0.0,0.0,0.0,0.0,0.0,0.0,2.0,0.0,0.0,4.0,0.0,3.0,9.0,19.0,16.0,10.0,10.0
808,1.0,808.0,London_56,three,151,453,1092.0,70.0,2.0,112797.0,1.2727990876883268,702.0,16.0,2.0,14.0,40.0,18.0,22.0,122.0,44.0,105.0,33.0,111.0,31.0,97.0,6.0,26.0,8.0,51.0,174.0,220.0,86.0,0.0,0.0,0.0,0.0,0.0,0.0,0.0,0.0,0.0,0.0,0.0,0.0,0.0,0.0,0.0,0.0,0.0,0.0,0.0,0.0,0.0,0.0,0.0,0.0,0.0,0.0,0.0,0.0,0.0,1.0,0.0,0.0,1.0,0.0,0.0,1.0,1.0,0.0,0.0,0.0,0.0,0.0,0.0,0.0,0.0,0.0,0.0,1.0,0.0,3.0,3.0,4.0,4.0,2.0,0.0,0.0,0.0,0.0,0.0,0.0,0.0,0.0,0.0,1.0,0.0,0.0,1.0,0.0,0.0,2.0,7.0,0.0,0.0,0.0,0.0,0.0,0.0,0.0,0.0,0.0,0.0,1.0,0.0,5.0,6.0,4.0,5.0,4.0
809,1.0,809.0,London_56,three,151,453,1092.0,70.0,2.0,151755.0,5.632474693004042,788.0,40.0,1.0,39.0,76.0,10.0,66.0,40.0,35.0,107.0,30.0,119.0,32.0,98.0,6.0,26.0,9.0,58.0,160.0,226.0,84.0,0.0,0.0,0.0,0.0,0.0,0.0,0.0,0.0,0.0,0.0,0.0,0.0,0.0,0.0,0.0,0.0,0.0,0.0,0.0,0.0,0.0,0.0,0.0,0.0,0.0,0.0,0.0,0.0,0.0,0.0,0.0,0.0,0.0,0.0,1.0,0.0,0.0,0.0,0.0,0.0,1.0,1.0,0.0,0.0,0.0,0.0,2.0,3.0,1.0,6.0,7.0,9.0,8.0,5.0,0.0,0.0,0.0,0.0,0.0,0.0,0.0,0.0,0.0,0.0,0.0,0.0,0.0,0.0,5.0,0.0,0.0,0.0,0.0,0.0,1.0,1.0,0.0,0.0,0.0,0.0,2.0,4.0,1.0,7.0,8.0,12.0,11.0,9.0
810,1.0,810.0,London_56,three,151,453,1092.0,70.0,2.0,170781.0,4.993717439007014,830.0,151.0,0.0,151.0,253.0,0.0,253.0,76.0,40.0,112.0,25.0,129.0,25.0,89.0,4.0,29.0,10.0,60.0,163.0,220.0,84.0,0.0,0.0,0.0,0.0,0.0,0.0,0.0,0.0,0.0,0.0,0.0,0.0,0.0,0.0,0.0,0.0,0.0,0.0,0.0,0.0,0.0,0.0,0.0,0.0,0.0,0.0,0.0,0.0,0.0,0.0,0.0,0.0,0.0,0.0,0.0,0.0,0.0,0.0,0.0,0.0,1.0,6.0,0.0,6.0,0.0,0.0,13.0,13.0,7.0,16.0,31.0,32.0,39.0,6.0,0.0,0.0,0.0,0.0,0.0,0.0,0.0,0.0,0.0,0.0,0.0,0.0,0.0,0.0,0.0,0.0,0.0,0.0,0.0,0.0,1.0,9.0,0.0,11.0,0.0,0.0,19.0,16.0,10.0,21.0,40.0,46.0,53.0,8.0
811,1.0,811.0,London_56,three,151,453,1092.0,70.0,2.0,132729.0,4.954062740784138,746.0,36.0,2.0,34.0,74.0,18.0,56.0,253.0,44.0,116.0,32.0,110.0,25.0,93.0,6.0,27.0,14.0,60.0,169.0,210.0,81.0,0.0,0.0,0.0,0.0,0.0,0.0,0.0,0.0,0.0,0.0,0.0,0.0,0.0,0.0,0.0,0.0,0.0,0.0,0.0,0.0,0.0,0.0,0.0,0.0,0.0,0.0,0.0,0.0,0.0,0.0,0.0,0.0,1.0,0.0,0.0,2.0,0.0,0.0,0.0,0.0,0.0,1.0,0.0,0.0,0.0,0.0,6.0,2.0,0.0,3.0,5.0,9.0,9.0,4.0,0.0,0.0,0.0,0.0,0.0,0.0,0.0,0.0,0.0,0.0,0.0,0.0,4.0,0.0,0.0,9.0,0.0,0.0,0.0,0.0,0.0,1.0,0.0,0.0,0.0,0.0,7.0,4.0,0.0,4.0,8.0,11.0,12.0,5.0
812,1.0,812.0,London_56,three,151,453,1092.0,70.0,2.0,154473.0,3.3642941978760064,794.0,88.0,2.0,86.0,168.0,19.0,149.0,74.0,46.0,116.0,38.0,118.0,18.0,85.0,6.0,26.0,15.0,72.0,156.0,210.0,85.0,0.0,0.0,0.0,0.0,0.0,0.0,0.0,0.0,0.0,0.0,0.0,0.0,0.0,0.0,0.0,0.0,0.0,0.0,0.0,0.0,0.0,0.0,0.0,0.0,0.0,0.0,0.0,0.0,0.0,1.0,0.0,0.0,1.0,1.0,0.0,1.0,0.0,0.0,0.0,0.0,4.0,2.0,0.0,0.0,0.0,0.0,6.0,2.0,3.0,9.0,10.0,28.0,14.0,10.0,0.0,0.0,0.0,0.0,0.0,0.0,0.0,0.0,0.0,3.0,0.0,0.0,9.0,5.0,0.0,5.0,0.0,0.0,0.0,0.0,4.0,2.0,0.0,0.0,0.0,0.0,8.0,2.0,4.0,17.0,13.0,49.0,18.0,17.0
813,1.0,813.0,London_56,three,151,453,1092.0,70.0,2.0,149943.0,5.638520622625947,784.0,91.0,2.0,89.0,166.0,20.0,146.0,168.0,39.0,110.0,43.0,123.0,21.0,86.0,8.0,23.0,13.0,78.0,146.0,216.0,81.0,0.0,0.0,0.0,0.0,0.0,0.0,0.0,0.0,0.0,0.0,0.0,0.0,0.0,0.0,0.0,0.0,0.0,0.0,0.0,0.0,0.0,0.0,0.0,0.0,0.0,0.0,0.0,0.0,0.0,0.0,0.0,0.0,0.0,0.0,2.0,2.0,0.0,0.0,0.0,0.0,3.0,2.0,0.0,2.0,0.0,0.0,4.0,8.0,6.0,12.0,17.0,19.0,20.0,6.0,0.0,0.0,0.0,0.0,0.0,0.0,0.0,0.0,0.0,0.0,0.0,0.0,0.0,0.0,16.0,6.0,0.0,0.0,0.0,0.0,5.0,2.0,0.0,3.0,0.0,0.0,4.0,10.0,8.0,17.0,24.0,29.0,24.0,10.0
814,1.0,814.0,London_56,three,151,453,1092.0,70.0,2.0,149943.0,1.6310107437893748,784.0,90.0,0.0,90.0,153.0,0.0,153.0,166.0,39.0,110.0,29.0,136.0,21.0,89.0,7.0,22.0,13.0,91.0,139.0,210.0,80.0,0.0,0.0,0.0,0.0,0.0,0.0,0.0,0.0,0.0,0.0,0.0,0.0,0.0,0.0,0.0,0.0,0.0,0.0,0.0,0.0,0.0,0.0,0.0,0.0,0.0,0.0,0.0,0.0,0.0,0.0,0.0,0.0,0.0,0.0,0.0,0.0,0.0,0.0,0.0,0.0,4.0,4.0,0.0,2.0,0.0,0.0,8.0,6.0,7.0,2.0,20.0,26.0,12.0,8.0,0.0,0.0,0.0,0.0,0.0,0.0,0.0,0.0,0.0,0.0,0.0,0.0,0.0,0.0,0.0,0.0,0.0,0.0,0.0,0.0,4.0,4.0,0.0,2.0,0.0,0.0,8.0,8.0,9.0,3.0,28.0,34.0,17.0,16.0
815,1.0,815.0,London_56,three,151,453,1092.0,70.0,2.0,145866.0,2.5138722360134125,775.0,112.0,2.0,110.0,213.0,17.0,196.0,153.0,34.0,119.0,26.0,131.0,23.0,93.0,6.0,21.0,11.0,105.0,122.0,215.0,78.0,0.0,0.0,0.0,0.0,0.0,0.0,0.0,0.0,0.0,0.0,0.0,0.0,0.0,0.0,0.0,0.0,0.0,0.0,0.0,0.0,0.0,0.0,0.0,0.0,0.0,0.0,0.0,0.0,0.0,1.0,0.0,0.0,1.0,0.0,0.0,2.0,0.0,0.0,0.0,0.0,4.0,9.0,0.0,2.0,0.0,0.0,9.0,6.0,9.0,11.0,28.0,32.0,12.0,6.0,0.0,0.0,0.0,0.0,0.0,0.0,0.0,0.0,0.0,3.0,0.0,0.0,2.0,0.0,0.0,8.0,0.0,0.0,0.0,0.0,5.0,12.0,0.0,3.0,0.0,0.0,19.0,6.0,10.0,17.0,43.0,48.0,16.0,12.0
816,1.0,816.0,London_56,three,151,453,1092.0,70.0,2.0,124575.0,2.011361252050847,728.0,3.0,0.0,3.0,5.0,0.0,5.0,213.0,49.0,107.0,30.0,133.0,26.0,84.0,6.0,18.0,10.0,107.0,124.0,212.0,69.0,0.0,0.0,0.0,0.0,0.0,0.0,0.0,0.0,0.0,0.0,0.0,0.0,0.0,0.0,0.0,0.0,0.0,0.0,0.0,0.0,0.0,0.0,0.0,0.0,0.0,0.0,0.0,0.0,0.0,0.0,0.0,0.0,0.0,0.0,0.0,0.0,0.0,0.0,0.0,0.0,0.0,0.0,0.0,0.0,0.0,0.0,0.0,0.0,0.0,0.0,0.0,1.0,0.0,0.0,0.0,0.0,0.0,0.0,0.0,0.0,0.0,0.0,0.0,0.0,0.0,0.0,0.0,0.0,0.0,0.0,0.0,0.0,0.0,0.0,0.0,0.0,0.0,0.0,0.0,0.0,0.0,0.0,0.0,0.0,0.0,1.0,0.0,0.0
817,1.0,817.0,London_56,three,151,453,1092.0,70.0,2.0,161721.0,4.837460110895336,810.0,112.0,0.0,112.0,200.0,0.0,200.0,5.0,49.0,106.0,31.0,133.0,26.0,84.0,6.0,18.0,10.0,108.0,124.0,211.0,69.0,0.0,0.0,0.0,0.0,0.0,0.0,0.0,0.0,0.0,0.0,0.0,0.0,0.0,0.0,0.0,0.0,0.0,0.0,0.0,0.0,0.0,0.0,0.0,0.0,0.0,0.0,0.0,0.0,0.0,0.0,0.0,0.0,0.0,0.0,0.0,0.0,0.0,0.0,0.0,0.0,3.0,1.0,0.0,1.0,0.0,0.0,10.0,8.0,0.0,14.0,28.0,27.0,25.0,10.0,0.0,0.0,0.0,0.0,0.0,0.0,0.0,0.0,0.0,0.0,0.0,0.0,0.0,0.0,0.0,0.0,0.0,0.0,0.0,0.0,6.0,1.0,0.0,3.0,0.0,0.0,11.0,10.0,0.0,17.0,44.0,46.0,32.0,18.0
818,1.0,818.0,London_56,three,151,453,1092.0,70.0,2.0,154473.0,5.231322657782584,794.0,83.0,1.0,82.0,159.0,9.0,150.0,200.0,53.0,120.0,27.0,114.0,31.0,83.0,5.0,20.0,11.0,101.0,132.0,209.0,74.0,0.0,0.0,0.0,0.0,0.0,0.0,0.0,0.0,0.0,0.0,0.0,0.0,0.0,0.0,0.0,0.0,0.0,0.0,0.0,0.0,0.0,0.0,0.0,0.0,0.0,0.0,0.0,0.0,0.0,0.0,0.0,0.0,0.0,0.0,0.0,1.0,0.0,0.0,0.0,0.0,0.0,0.0,0.0,0.0,0.0,0.0,17.0,5.0,2.0,4.0,15.0,23.0,10.0,7.0,0.0,0.0,0.0,0.0,0.0,0.0,0.0,0.0,0.0,0.0,0.0,0.0,0.0,0.0,0.0,6.0,0.0,0.0,0.0,0.0,0.0,0.0,0.0,0.0,0.0,0.0,27.0,7.0,2.0,5.0,28.0,30.0,13.0,13.0
819,1.0,819.0,London_56,three,151,453,1092.0,70.0,2.0,154020.0,5.01621804619208,793.0,53.0,0.0,53.0,96.0,0.0,96.0,159.0,59.0,109.0,32.0,121.0,28.0,77.0,5.0,22.0,11.0,99.0,134.0,209.0,79.0,0.0,0.0,0.0,0.0,0.0,0.0,0.0,0.0,0.0,0.0,0.0,0.0,0.0,0.0,0.0,0.0,0.0,0.0,0.0,0.0,0.0,0.0,0.0,0.0,0.0,0.0,0.0,0.0,0.0,0.0,0.0,0.0,0.0,0.0,0.0,0.0,0.0,0.0,0.0,0.0,1.0,0.0,0.0,0.0,0.0,0.0,13.0,2.0,1.0,2.0,8.0,24.0,12.0,4.0,0.0,0.0,0.0,0.0,0.0,0.0,0.0,0.0,0.0,0.0,0.0,0.0,0.0,0.0,0.0,0.0,0.0,0.0,0.0,0.0,1.0,0.0,0.0,0.0,0.0,0.0,22.0,2.0,1.0,4.0,12.0,38.0,15.0,7.0
820,1.0,820.0,London_56,three,151,453,1092.0,70.0,2.0,169875.0,5.296477805823088,828.0,190.0,0.0,190.0,317.0,0.0,317.0,96.0,58.0,103.0,32.0,128.0,29.0,72.0,7.0,24.0,9.0,93.0,134.0,217.0,79.0,0.0,0.0,0.0,0.0,0.0,0.0,0.0,0.0,0.0,0.0,0.0,0.0,0.0,0.0,0.0,0.0,0.0,0.0,0.0,0.0,0.0,0.0,0.0,0.0,0.0,0.0,0.0,0.0,0.0,0.0,0.0,0.0,0.0,0.0,0.0,0.0,0.0,0.0,0.0,0.0,0.0,14.0,0.0,5.0,0.0,0.0,9.0,10.0,16.0,6.0,41.0,45.0,39.0,16.0,0.0,0.0,0.0,0.0,0.0,0.0,0.0,0.0,0.0,0.0,0.0,0.0,0.0,0.0,0.0,0.0,0.0,0.0,0.0,0.0,0.0,19.0,0.0,11.0,0.0,0.0,15.0,11.0,21.0,7.0,57.0,57.0,50.0,20.0
821,1.0,821.0,London_56,three,151,453,1092.0,70.0,2.0,118233.0,0.6444438640028238,714.0,43.0,0.0,43.0,73.0,0.0,73.0,317.0,46.0,116.0,32.0,116.0,26.0,77.0,12.0,28.0,8.0,73.0,159.0,213.0,60.0,0.0,0.0,0.0,0.0,0.0,0.0,0.0,0.0,0.0,0.0,0.0,0.0,0.0,0.0,0.0,0.0,0.0,0.0,0.0,0.0,0.0,0.0,0.0,0.0,0.0,0.0,0.0,0.0,0.0,0.0,0.0,0.0,0.0,0.0,0.0,0.0,0.0,0.0,0.0,0.0,0.0,0.0,0.0,0.0,0.0,0.0,1.0,5.0,0.0,2.0,10.0,4.0,4.0,1.0,0.0,0.0,0.0,0.0,0.0,0.0,0.0,0.0,0.0,0.0,0.0,0.0,0.0,0.0,0.0,0.0,0.0,0.0,0.0,0.0,0.0,0.0,0.0,0.0,0.0,0.0,1.0,8.0,0.0,4.0,17.0,5.0,7.0,1.0
822,1.0,822.0,London_56,three,151,453,1092.0,70.0,2.0,131823.0,1.973498207051307,744.0,2.0,2.0,0.0,17.0,17.0,0.0,73.0,48.0,103.0,31.0,121.0,28.0,82.0,12.0,28.0,8.0,74.0,157.0,214.0,60.0,0.0,0.0,0.0,0.0,0.0,0.0,0.0,0.0,0.0,0.0,0.0,0.0,0.0,0.0,0.0,0.0,0.0,0.0,0.0,0.0,0.0,0.0,0.0,0.0,0.0,0.0,0.0,0.0,0.0,1.0,0.0,0.0,1.0,0.0,0.0,2.0,0.0,0.0,0.0,0.0,0.0,0.0,0.0,0.0,0.0,0.0,0.0,0.0,0.0,0.0,0.0,0.0,0.0,0.0,0.0,0.0,0.0,0.0,0.0,0.0,0.0,0.0,0.0,4.0,0.0,0.0,4.0,0.0,0.0,4.0,0.0,0.0,0.0,0.0,0.0,0.0,0.0,0.0,0.0,0.0,0.0,0.0,0.0,0.0,0.0,0.0,0.0,0.0
823,1.0,823.0,London_56,three,151,453,1092.0,70.0,2.0,165345.0,6.12880589812994,818.0,102.0,2.0,100.0,196.0,20.0,176.0,17.0,43.0,108.0,32.0,127.0,24.0,79.0,12.0,28.0,6.0,76.0,154.0,217.0,55.0,0.0,0.0,0.0,0.0,0.0,0.0,0.0,0.0,0.0,0.0,0.0,0.0,0.0,0.0,0.0,0.0,0.0,0.0,0.0,0.0,0.0,0.0,0.0,0.0,0.0,0.0,0.0,0.0,0.0,1.0,0.0,0.0,2.0,1.0,0.0,2.0,0.0,0.0,0.0,0.0,0.0,7.0,0.0,0.0,0.0,0.0,3.0,11.0,11.0,4.0,15.0,28.0,21.0,4.0,0.0,0.0,0.0,0.0,0.0,0.0,0.0,0.0,0.0,6.0,0.0,0.0,12.0,10.0,0.0,5.0,0.0,0.0,0.0,0.0,0.0,13.0,0.0,0.0,0.0,0.0,4.0,12.0,17.0,5.0,23.0,39.0,27.0,4.0
824,1.0,824.0,London_56,three,151,453,1092.0,70.0,2.0,154926.0,2.716177994851023,795.0,166.0,2.0,164.0,299.0,18.0,281.0,196.0,48.0,134.0,21.0,115.0,25.0,73.0,12.0,25.0,9.0,69.0,139.0,236.0,56.0,0.0,0.0,0.0,0.0,0.0,0.0,0.0,0.0,0.0,0.0,0.0,0.0,0.0,0.0,0.0,0.0,0.0,0.0,0.0,0.0,0.0,0.0,0.0,0.0,0.0,0.0,0.0,0.0,0.0,0.0,0.0,0.0,0.0,0.0,1.0,1.0,0.0,0.0,0.0,0.0,0.0,15.0,0.0,5.0,5.0,0.0,10.0,13.0,7.0,11.0,39.0,46.0,29.0,9.0,0.0,0.0,0.0,0.0,0.0,0.0,0.0,0.0,0.0,0.0,0.0,0.0,0.0,0.0,8.0,4.0,0.0,0.0,0.0,0.0,0.0,21.0,0.0,5.0,5.0,0.0,14.0,20.0,7.0,15.0,58.0,66.0,33.0,13.0
825,1.0,825.0,London_56,three,151,453,1092.0,70.0,2.0,111891.0,4.084365549031645,700.0,33.0,1.0,32.0,65.0,9.0,56.0,299.0,50.0,155.0,24.0,97.0,24.0,72.0,6.0,25.0,6.0,77.0,145.0,225.0,66.0,0.0,0.0,0.0,0.0,0.0,0.0,0.0,0.0,0.0,0.0,0.0,0.0,0.0,0.0,0.0,0.0,0.0,0.0,0.0,0.0,0.0,0.0,0.0,0.0,0.0,0.0,0.0,0.0,0.0,0.0,0.0,0.0,0.0,0.0,1.0,0.0,1.0,0.0,0.0,0.0,1.0,0.0,0.0,0.0,0.0,0.0,0.0,3.0,0.0,1.0,6.0,9.0,5.0,8.0,0.0,0.0,0.0,0.0,0.0,0.0,0.0,0.0,0.0,0.0,0.0,0.0,0.0,0.0,6.0,0.0,4.0,0.0,0.0,0.0,1.0,0.0,0.0,0.0,0.0,0.0,0.0,3.0,0.0,2.0,9.0,16.0,6.0,14.0
826,1.0,826.0,London_56,three,151,453,1092.0,70.0,2.0,137259.0,4.4265045346692204,756.0,12.0,2.0,10.0,38.0,18.0,20.0,65.0,46.0,158.0,25.0,94.0,23.0,72.0,7.0,28.0,5.0,71.0,143.0,234.0,75.0,0.0,0.0,0.0,0.0,0.0,0.0,0.0,0.0,0.0,0.0,0.0,0.0,0.0,0.0,0.0,0.0,0.0,0.0,0.0,0.0,0.0,0.0,0.0,0.0,0.0,0.0,0.0,0.0,0.0,1.0,0.0,0.0,0.0,0.0,0.0,0.0,0.0,0.0,0.0,0.0,0.0,0.0,0.0,0.0,0.0,0.0,0.0,0.0,0.0,0.0,2.0,4.0,2.0,3.0,0.0,0.0,0.0,0.0,0.0,0.0,0.0,0.0,0.0,9.0,0.0,0.0,0.0,0.0,0.0,0.0,0.0,0.0,0.0,0.0,0.0,0.0,0.0,0.0,0.0,0.0,0.0,0.0,0.0,0.0,4.0,5.0,4.0,5.0
827,1.0,827.0,London_56,three,151,453,1092.0,70.0,2.0,173046.0,5.710311891976744,835.0,136.0,1.0,135.0,241.0,8.0,233.0,38.0,33.0,155.0,29.0,103.0,23.0,74.0,7.0,29.0,4.0,72.0,140.0,237.0,73.0,0.0,0.0,0.0,0.0,0.0,0.0,0.0,0.0,0.0,0.0,0.0,0.0,0.0,0.0,0.0,0.0,0.0,0.0,0.0,0.0,0.0,0.0,0.0,0.0,0.0,0.0,0.0,0.0,0.0,0.0,0.0,0.0,1.0,0.0,0.0,1.0,0.0,0.0,0.0,0.0,0.0,4.0,0.0,1.0,0.0,0.0,9.0,11.0,9.0,18.0,22.0,28.0,30.0,12.0,0.0,0.0,0.0,0.0,0.0,0.0,0.0,0.0,0.0,0.0,0.0,0.0,2.0,0.0,0.0,6.0,0.0,0.0,0.0,0.0,0.0,4.0,0.0,1.0,0.0,0.0,11.0,23.0,10.0,25.0,34.0,41.0,39.0,17.0
828,1.0,828.0,London_56,three,151,453,1092.0,70.0,2.0,141336.0,4.8036228199489415,765.0,2.0,1.0,1.0,11.0,9.0,2.0,241.0,46.0,147.0,19.0,104.0,20.0,82.0,5.0,30.0,10.0,83.0,148.0,212.0,86.0,0.0,0.0,0.0,0.0,0.0,0.0,0.0,0.0,0.0,0.0,0.0,0.0,0.0,0.0,0.0,0.0,0.0,0.0,0.0,0.0,0.0,0.0,0.0,0.0,0.0,0.0,0.0,0.0,0.0,0.0,0.0,0.0,0.0,0.0,1.0,0.0,0.0,0.0,0.0,0.0,0.0,0.0,0.0,0.0,0.0,0.0,0.0,0.0,0.0,0.0,0.0,1.0,0.0,0.0,0.0,0.0,0.0,0.0,0.0,0.0,0.0,0.0,0.0,0.0,0.0,0.0,0.0,0.0,7.0,0.0,0.0,0.0,0.0,0.0,0.0,0.0,0.0,0.0,0.0,0.0,0.0,0.0,0.0,0.0,0.0,1.0,0.0,0.0
829,1.0,829.0,London_56,three,151,453,1092.0,70.0,2.0,184371.0,3.1919152988120914,860.0,152.0,0.0,152.0,260.0,0.0,260.0,11.0,48.0,143.0,19.0,104.0,20.0,83.0,5.0,31.0,7.0,84.0,147.0,215.0,83.0,0.0,0.0,0.0,0.0,0.0,0.0,0.0,0.0,0.0,0.0,0.0,0.0,0.0,0.0,0.0,0.0,0.0,0.0,0.0,0.0,0.0,0.0,0.0,0.0,0.0,0.0,0.0,0.0,0.0,0.0,0.0,0.0,0.0,0.0,0.0,0.0,0.0,0.0,0.0,0.0,4.0,14.0,0.0,1.0,0.0,0.0,6.0,10.0,4.0,6.0,21.0,46.0,25.0,13.0,0.0,0.0,0.0,0.0,0.0,0.0,0.0,0.0,0.0,0.0,0.0,0.0,0.0,0.0,0.0,0.0,0.0,0.0,0.0,0.0,4.0,26.0,0.0,3.0,0.0,0.0,7.0,14.0,7.0,6.0,36.0,64.0,29.0,16.0
830,1.0,830.0,London_56,three,151,453,1092.0,70.0,2.0,154926.0,2.0107597978785634,795.0,91.0,2.0,89.0,170.0,18.0,152.0,260.0,59.0,131.0,23.0,107.0,18.0,85.0,7.0,23.0,12.0,86.0,123.0,232.0,80.0,0.0,0.0,0.0,0.0,0.0,0.0,0.0,0.0,0.0,0.0,0.0,0.0,0.0,0.0,0.0,0.0,0.0,0.0,0.0,0.0,0.0,0.0,0.0,0.0,0.0,0.0,0.0,0.0,0.0,1.0,0.0,0.0,0.0,0.0,1.0,1.0,0.0,0.0,0.0,0.0,0.0,0.0,0.0,3.0,2.0,1.0,5.0,3.0,4.0,4.0,15.0,21.0,17.0,4.0,0.0,0.0,0.0,0.0,0.0,0.0,0.0,0.0,0.0,4.0,0.0,0.0,0.0,0.0,8.0,3.0,0.0,0.0,0.0,0.0,0.0,0.0,0.0,5.0,2.0,1.0,8.0,4.0,6.0,4.0,24.0,30.0,19.0,6.0
831,1.0,831.0,London_56,three,151,453,1092.0,70.0,2.0,144507.0,5.051647349726409,772.0,59.0,0.0,59.0,100.0,0.0,100.0,170.0,63.0,128.0,23.0,124.0,19.0,63.0,7.0,26.0,10.0,91.0,105.0,247.0,86.0,0.0,0.0,0.0,0.0,0.0,0.0,0.0,0.0,0.0,0.0,0.0,0.0,0.0,0.0,0.0,0.0,0.0,0.0,0.0,0.0,0.0,0.0,0.0,0.0,0.0,0.0,0.0,0.0,0.0,0.0,0.0,0.0,0.0,0.0,0.0,0.0,0.0,0.0,0.0,0.0,0.0,1.0,0.0,1.0,2.0,0.0,2.0,3.0,0.0,0.0,13.0,12.0,18.0,5.0,0.0,0.0,0.0,0.0,0.0,0.0,0.0,0.0,0.0,0.0,0.0,0.0,0.0,0.0,0.0,0.0,0.0,0.0,0.0,0.0,0.0,1.0,0.0,2.0,2.0,0.0,5.0,3.0,0.0,0.0,21.0,20.0,24.0,9.0
832,1.0,832.0,London_56,three,151,453,1092.0,70.0,2.0,162174.0,5.224607816897333,811.0,141.0,1.0,140.0,240.0,8.0,232.0,100.0,61.0,128.0,30.0,126.0,20.0,58.0,4.0,26.0,9.0,80.0,117.0,247.0,87.0,0.0,0.0,0.0,0.0,0.0,0.0,0.0,0.0,0.0,0.0,0.0,0.0,0.0,0.0,0.0,0.0,0.0,0.0,0.0,0.0,0.0,0.0,0.0,0.0,0.0,0.0,0.0,0.0,0.0,0.0,0.0,0.0,0.0,0.0,1.0,0.0,0.0,0.0,0.0,0.0,4.0,6.0,0.0,0.0,1.0,0.0,8.0,11.0,1.0,7.0,28.0,24.0,19.0,10.0,0.0,0.0,0.0,0.0,0.0,0.0,0.0,0.0,0.0,0.0,0.0,0.0,0.0,0.0,5.0,0.0,0.0,0.0,0.0,0.0,5.0,7.0,0.0,0.0,1.0,0.0,11.0,13.0,1.0,9.0,44.0,37.0,26.0,13.0
833,1.0,833.0,London_56,three,151,453,1092.0,70.0,2.0,137259.0,5.333245896268636,756.0,50.0,1.0,49.0,87.0,8.0,79.0,240.0,59.0,136.0,43.0,114.0,21.0,57.0,2.0,21.0,10.0,83.0,132.0,228.0,84.0,0.0,0.0,0.0,0.0,0.0,0.0,0.0,0.0,0.0,0.0,0.0,0.0,0.0,0.0,0.0,0.0,0.0,0.0,0.0,0.0,0.0,0.0,0.0,0.0,0.0,0.0,0.0,0.0,0.0,1.0,0.0,0.0,1.0,0.0,0.0,0.0,1.0,0.0,0.0,0.0,0.0,0.0,0.0,0.0,2.0,0.0,1.0,1.0,0.0,1.0,13.0,13.0,12.0,3.0,0.0,0.0,0.0,0.0,0.0,0.0,0.0,0.0,0.0,8.0,0.0,0.0,6.0,0.0,0.0,0.0,8.0,0.0,0.0,0.0,0.0,0.0,0.0,0.0,2.0,0.0,1.0,1.0,0.0,1.0,18.0,18.0,12.0,3.0
834,1.0,834.0,London_56,three,151,453,1092.0,70.0,2.0,151302.0,2.830268445890397,787.0,7.0,0.0,7.0,11.0,0.0,11.0,87.0,54.0,145.0,42.0,116.0,20.0,53.0,2.0,21.0,16.0,89.0,139.0,209.0,80.0,0.0,0.0,0.0,0.0,0.0,0.0,0.0,0.0,0.0,0.0,0.0,0.0,0.0,0.0,0.0,0.0,0.0,0.0,0.0,0.0,0.0,0.0,0.0,0.0,0.0,0.0,0.0,0.0,0.0,0.0,0.0,0.0,0.0,0.0,0.0,0.0,0.0,0.0,0.0,0.0,0.0,0.0,0.0,0.0,0.0,0.0,0.0,0.0,1.0,1.0,1.0,1.0,1.0,1.0,0.0,0.0,0.0,0.0,0.0,0.0,0.0,0.0,0.0,0.0,0.0,0.0,0.0,0.0,0.0,0.0,0.0,0.0,0.0,0.0,0.0,0.0,0.0,0.0,0.0,0.0,0.0,0.0,1.0,1.0,1.0,2.0,1.0,1.0
835,1.0,835.0,London_56,three,151,453,1092.0,70.0,2.0,201132.0,7.295487513300031,897.0,171.0,2.0,169.0,310.0,18.0,292.0,11.0,53.0,144.0,41.0,117.0,20.0,55.0,2.0,21.0,16.0,91.0,141.0,205.0,80.0,0.0,0.0,0.0,0.0,0.0,0.0,0.0,0.0,0.0,0.0,0.0,0.0,0.0,0.0,0.0,0.0,0.0,0.0,0.0,0.0,0.0,0.0,0.0,0.0,0.0,0.0,0.0,0.0,0.0,1.0,0.0,0.0,0.0,0.0,1.0,1.0,0.0,0.0,0.0,0.0,1.0,4.0,0.0,7.0,1.0,0.0,6.0,8.0,9.0,13.0,35.0,43.0,35.0,13.0,0.0,0.0,0.0,0.0,0.0,0.0,0.0,0.0,0.0,1.0,0.0,0.0,0.0,0.0,8.0,3.0,0.0,0.0,0.0,0.0,1.0,5.0,0.0,9.0,1.0,0.0,7.0,13.0,11.0,17.0,54.0,61.0,49.0,19.0
836,1.0,836.0,London_56,three,151,453,1092.0,70.0,2.0,154020.0,4.942261327989399,793.0,83.0,2.0,81.0,162.0,16.0,146.0,310.0,60.0,143.0,35.0,114.0,14.0,60.0,3.0,24.0,12.0,95.0,137.0,209.0,75.0,0.0,0.0,0.0,0.0,0.0,0.0,0.0,0.0,0.0,0.0,0.0,0.0,0.0,0.0,0.0,0.0,0.0,0.0,0.0,0.0,0.0,0.0,0.0,0.0,0.0,0.0,0.0,0.0,0.0,1.0,0.0,0.0,1.0,0.0,1.0,2.0,0.0,0.0,0.0,0.0,3.0,2.0,0.0,3.0,0.0,1.0,6.0,6.0,3.0,7.0,15.0,21.0,23.0,6.0,0.0,0.0,0.0,0.0,0.0,0.0,0.0,0.0,0.0,1.0,0.0,0.0,3.0,0.0,7.0,6.0,0.0,0.0,0.0,0.0,3.0,3.0,0.0,4.0,0.0,1.0,9.0,7.0,3.0,11.0,26.0,35.0,29.0,9.0
837,1.0,837.0,London_56,three,151,453,1092.0,70.0,2.0,159003.0,5.459175541065633,804.0,43.0,2.0,41.0,93.0,20.0,73.0,162.0,69.0,132.0,36.0,116.0,12.0,60.0,4.0,24.0,8.0,90.0,123.0,232.0,70.0,0.0,0.0,0.0,0.0,0.0,0.0,0.0,0.0,0.0,0.0,0.0,0.0,0.0,0.0,0.0,0.0,0.0,0.0,0.0,0.0,0.0,0.0,0.0,0.0,0.0,0.0,0.0,0.0,0.0,1.0,0.0,1.0,1.0,0.0,0.0,1.0,0.0,0.0,0.0,0.0,0.0,0.0,0.0,0.0,0.0,0.0,5.0,4.0,1.0,4.0,8.0,6.0,8.0,3.0,0.0,0.0,0.0,0.0,0.0,0.0,0.0,0.0,0.0,5.0,0.0,8.0,1.0,0.0,0.0,5.0,0.0,0.0,0.0,0.0,0.0,0.0,0.0,0.0,0.0,0.0,7.0,4.0,2.0,5.0,12.0,8.0,10.0,7.0
838,1.0,838.0,London_56,three,151,453,1092.0,70.0,2.0,178935.0,7.868570087943226,848.0,191.0,0.0,191.0,331.0,0.0,331.0,93.0,63.0,139.0,34.0,130.0,4.0,59.0,1.0,23.0,8.0,82.0,118.0,245.0,74.0,0.0,0.0,0.0,0.0,0.0,0.0,0.0,0.0,0.0,0.0,0.0,0.0,0.0,0.0,0.0,0.0,0.0,0.0,0.0,0.0,0.0,0.0,0.0,0.0,0.0,0.0,0.0,0.0,0.0,0.0,0.0,0.0,0.0,0.0,0.0,0.0,0.0,0.0,0.0,0.0,2.0,9.0,0.0,1.0,1.0,0.0,12.0,4.0,2.0,11.0,31.0,38.0,34.0,13.0,0.0,0.0,0.0,0.0,0.0,0.0,0.0,0.0,0.0,0.0,0.0,0.0,0.0,0.0,0.0,0.0,0.0,0.0,0.0,0.0,2.0,12.0,0.0,1.0,1.0,0.0,16.0,7.0,2.0,14.0,45.0,51.0,42.0,20.0
839,1.0,839.0,London_56,three,151,453,1092.0,70.0,2.0,131370.0,3.552555649075657,743.0,40.0,0.0,40.0,67.0,0.0,67.0,331.0,69.0,117.0,32.0,131.0,11.0,68.0,4.0,21.0,3.0,66.0,144.0,240.0,58.0,0.0,0.0,0.0,0.0,0.0,0.0,0.0,0.0,0.0,0.0,0.0,0.0,0.0,0.0,0.0,0.0,0.0,0.0,0.0,0.0,0.0,0.0,0.0,0.0,0.0,0.0,0.0,0.0,0.0,0.0,0.0,0.0,0.0,0.0,0.0,0.0,0.0,0.0,0.0,0.0,0.0,0.0,0.0,0.0,0.0,0.0,0.0,4.0,1.0,3.0,8.0,6.0,5.0,6.0,0.0,0.0,0.0,0.0,0.0,0.0,0.0,0.0,0.0,0.0,0.0,0.0,0.0,0.0,0.0,0.0,0.0,0.0,0.0,0.0,0.0,0.0,0.0,0.0,0.0,0.0,0.0,6.0,1.0,4.0,13.0,9.0,6.0,6.0
840,1.0,840.0,London_56,three,151,453,1092.0,70.0,2.0,151302.0,5.018611373845488,787.0,78.0,2.0,76.0,142.0,19.0,123.0,67.0,69.0,124.0,36.0,124.0,9.0,68.0,4.0,19.0,6.0,68.0,155.0,224.0,67.0,0.0,0.0,0.0,0.0,0.0,0.0,0.0,0.0,0.0,0.0,0.0,0.0,0.0,0.0,0.0,0.0,0.0,0.0,0.0,0.0,0.0,0.0,0.0,0.0,0.0,0.0,0.0,0.0,0.0,1.0,0.0,0.0,1.0,0.0,0.0,1.0,0.0,0.0,0.0,0.0,1.0,2.0,0.0,0.0,0.0,0.0,1.0,3.0,0.0,13.0,14.0,19.0,9.0,10.0,0.0,0.0,0.0,0.0,0.0,0.0,0.0,0.0,0.0,5.0,0.0,0.0,5.0,0.0,0.0,7.0,0.0,0.0,0.0,0.0,1.0,4.0,0.0,0.0,0.0,0.0,1.0,4.0,0.0,14.0,19.0,26.0,13.0,16.0
841,1.0,841.0,London_56,three,151,453,1092.0,70.0,2.0,153114.0,5.469886143691838,791.0,102.0,0.0,102.0,169.0,0.0,169.0,142.0,47.0,131.0,35.0,128.0,13.0,76.0,6.0,17.0,4.0,69.0,148.0,232.0,72.0,0.0,0.0,0.0,0.0,0.0,0.0,0.0,0.0,0.0,0.0,0.0,0.0,0.0,0.0,0.0,0.0,0.0,0.0,0.0,0.0,0.0,0.0,0.0,0.0,0.0,0.0,0.0,0.0,0.0,0.0,0.0,0.0,0.0,0.0,0.0,0.0,0.0,0.0,0.0,0.0,10.0,4.0,0.0,5.0,0.0,0.0,7.0,11.0,2.0,15.0,19.0,19.0,15.0,7.0,0.0,0.0,0.0,0.0,0.0,0.0,0.0,0.0,0.0,0.0,0.0,0.0,0.0,0.0,0.0,0.0,0.0,0.0,0.0,0.0,14.0,5.0,0.0,10.0,0.0,0.0,9.0,18.0,2.0,19.0,26.0,31.0,21.0,14.0
842,1.0,842.0,London_56,three,151,453,1092.0,70.0,2.0,147225.0,5.1999180796556175,778.0,54.0,1.0,53.0,104.0,11.0,93.0,169.0,66.0,120.0,43.0,122.0,15.0,69.0,3.0,15.0,12.0,85.0,142.0,214.0,89.0,0.0,0.0,0.0,0.0,0.0,0.0,0.0,0.0,0.0,0.0,0.0,0.0,0.0,0.0,0.0,0.0,0.0,0.0,0.0,0.0,0.0,0.0,0.0,0.0,0.0,0.0,0.0,0.0,0.0,1.0,0.0,0.0,1.0,0.0,0.0,1.0,0.0,0.0,0.0,0.0,1.0,1.0,0.0,0.0,0.0,0.0,6.0,3.0,1.0,6.0,13.0,13.0,14.0,2.0,0.0,0.0,0.0,0.0,0.0,0.0,0.0,0.0,0.0,6.0,0.0,0.0,9.0,0.0,0.0,2.0,0.0,0.0,0.0,0.0,1.0,1.0,0.0,0.0,0.0,0.0,7.0,7.0,1.0,7.0,23.0,20.0,17.0,2.0
843,1.0,843.0,London_56,three,151,453,1092.0,70.0,2.0,160815.0,7.095241711940616,808.0,97.0,0.0,97.0,169.0,0.0,169.0,104.0,57.0,121.0,43.0,129.0,16.0,68.0,3.0,16.0,11.0,85.0,144.0,213.0,87.0,0.0,0.0,0.0,0.0,0.0,0.0,0.0,0.0,0.0,0.0,0.0,0.0,0.0,0.0,0.0,0.0,0.0,0.0,0.0,0.0,0.0,0.0,0.0,0.0,0.0,0.0,0.0,0.0,0.0,0.0,0.0,0.0,0.0,0.0,0.0,0.0,0.0,0.0,0.0,0.0,3.0,7.0,3.0,0.0,1.0,0.0,10.0,8.0,3.0,3.0,15.0,27.0,20.0,13.0,0.0,0.0,0.0,0.0,0.0,0.0,0.0,0.0,0.0,0.0,0.0,0.0,0.0,0.0,0.0,0.0,0.0,0.0,0.0,0.0,3.0,9.0,3.0,0.0,1.0,0.0,11.0,9.0,3.0,3.0,23.0,42.0,23.0,17.0
844,1.0,844.0,London_56,three,151,453,1092.0,70.0,2.0,161721.0,3.05006360122934,810.0,50.0,0.0,50.0,75.0,0.0,75.0,169.0,62.0,110.0,49.0,126.0,17.0,65.0,5.0,19.0,14.0,91.0,135.0,213.0,96.0,0.0,0.0,0.0,0.0,0.0,0.0,0.0,0.0,0.0,0.0,0.0,0.0,0.0,0.0,0.0,0.0,0.0,0.0,0.0,0.0,0.0,0.0,0.0,0.0,0.0,0.0,0.0,0.0,0.0,0.0,0.0,0.0,0.0,0.0,0.0,0.0,0.0,0.0,0.0,0.0,1.0,1.0,1.0,1.0,1.0,0.0,7.0,5.0,0.0,2.0,7.0,10.0,10.0,2.0,0.0,0.0,0.0,0.0,0.0,0.0,0.0,0.0,0.0,0.0,0.0,0.0,0.0,0.0,0.0,0.0,0.0,0.0,0.0,0.0,1.0,1.0,1.0,1.0,1.0,0.0,8.0,6.0,0.0,3.0,11.0,13.0,12.0,3.0
845,1.0,845.0,London_56,three,151,453,1092.0,70.0,2.0,177576.0,4.047565936110914,845.0,118.0,2.0,116.0,223.0,18.0,205.0,75.0,64.0,111.0,47.0,127.0,17.0,65.0,4.0,18.0,16.0,93.0,143.0,201.0,96.0,0.0,0.0,0.0,0.0,0.0,0.0,0.0,0.0,0.0,0.0,0.0,0.0,0.0,0.0,0.0,0.0,0.0,0.0,0.0,0.0,0.0,0.0,0.0,0.0,0.0,0.0,0.0,0.0,0.0,0.0,0.0,0.0,0.0,0.0,1.0,1.0,0.0,0.0,0.0,0.0,0.0,2.0,3.0,1.0,1.0,0.0,2.0,7.0,3.0,10.0,25.0,36.0,22.0,10.0,0.0,0.0,0.0,0.0,0.0,0.0,0.0,0.0,0.0,0.0,0.0,0.0,0.0,0.0,5.0,1.0,0.0,0.0,0.0,0.0,0.0,2.0,3.0,1.0,1.0,0.0,2.0,10.0,3.0,11.0,40.0,51.0,23.0,17.0
846,1.0,846.0,London_56,three,151,453,1092.0,70.0,2.0,164439.0,2.957774260081351,816.0,95.0,1.0,94.0,178.0,10.0,168.0,223.0,71.0,131.0,35.0,111.0,22.0,65.0,5.0,13.0,16.0,81.0,139.0,217.0,90.0,0.0,0.0,0.0,0.0,0.0,0.0,0.0,0.0,0.0,0.0,0.0,0.0,0.0,0.0,0.0,0.0,0.0,0.0,0.0,0.0,0.0,0.0,0.0,0.0,0.0,0.0,0.0,0.0,0.0,0.0,0.0,0.0,0.0,0.0,0.0,0.0,1.0,0.0,0.0,0.0,3.0,2.0,0.0,0.0,0.0,0.0,3.0,6.0,3.0,3.0,21.0,18.0,14.0,4.0,0.0,0.0,0.0,0.0,0.0,0.0,0.0,0.0,0.0,0.0,0.0,0.0,0.0,0.0,0.0,0.0,8.0,0.0,0.0,0.0,3.0,2.0,0.0,0.0,0.0,0.0,4.0,10.0,4.0,6.0,31.0,26.0,16.0,5.0
847,1.0,847.0,London_56,three,151,453,1092.0,70.0,2.0,160362.0,7.820332316216081,807.0,99.0,0.0,99.0,166.0,0.0,166.0,178.0,79.0,125.0,38.0,119.0,16.0,60.0,4.0,12.0,16.0,86.0,142.0,209.0,79.0,0.0,0.0,0.0,0.0,0.0,0.0,0.0,0.0,0.0,0.0,0.0,0.0,0.0,0.0,0.0,0.0,0.0,0.0,0.0,0.0,0.0,0.0,0.0,0.0,0.0,0.0,0.0,0.0,0.0,0.0,0.0,0.0,0.0,0.0,0.0,0.0,0.0,0.0,0.0,0.0,1.0,1.0,0.0,2.0,2.0,0.0,6.0,3.0,4.0,8.0,29.0,25.0,18.0,12.0,0.0,0.0,0.0,0.0,0.0,0.0,0.0,0.0,0.0,0.0,0.0,0.0,0.0,0.0,0.0,0.0,0.0,0.0,0.0,0.0,2.0,1.0,0.0,3.0,2.0,0.0,6.0,3.0,5.0,11.0,42.0,35.0,29.0,16.0
848,1.0,848.0,London_56,three,151,453,1092.0,70.0,2.0,160815.0,7.238638458773494,808.0,108.0,0.0,108.0,172.0,0.0,172.0,166.0,89.0,112.0,39.0,129.0,16.0,59.0,2.0,7.0,18.0,90.0,145.0,200.0,83.0,0.0,0.0,0.0,0.0,0.0,0.0,0.0,0.0,0.0,0.0,0.0,0.0,0.0,0.0,0.0,0.0,0.0,0.0,0.0,0.0,0.0,0.0,0.0,0.0,0.0,0.0,0.0,0.0,0.0,0.0,0.0,0.0,0.0,0.0,0.0,0.0,0.0,0.0,0.0,0.0,1.0,0.0,0.0,4.0,0.0,2.0,8.0,2.0,4.0,12.0,17.0,16.0,17.0,10.0,0.0,0.0,0.0,0.0,0.0,0.0,0.0,0.0,0.0,0.0,0.0,0.0,0.0,0.0,0.0,0.0,0.0,0.0,0.0,0.0,1.0,0.0,0.0,5.0,0.0,3.0,9.0,3.0,8.0,21.0,22.0,20.0,21.0,12.0
849,1.0,849.0,London_56,three,151,453,1092.0,70.0,2.0,151302.0,2.848995530977845,787.0,50.0,2.0,48.0,101.0,16.0,85.0,172.0,80.0,123.0,42.0,128.0,10.0,60.0,3.0,7.0,16.0,80.0,143.0,214.0,84.0,0.0,0.0,0.0,0.0,0.0,0.0,0.0,0.0,0.0,0.0,0.0,0.0,0.0,0.0,0.0,0.0,0.0,0.0,0.0,0.0,0.0,0.0,0.0,0.0,0.0,0.0,0.0,0.0,0.0,0.0,0.0,0.0,0.0,0.0,0.0,0.0,0.0,0.0,0.0,0.0,2.0,0.0,0.0,2.0,0.0,0.0,3.0,2.0,4.0,6.0,13.0,10.0,15.0,6.0,0.0,0.0,0.0,0.0,0.0,0.0,0.0,0.0,0.0,0.0,0.0,0.0,0.0,0.0,0.0,0.0,0.0,0.0,0.0,0.0,2.0,0.0,0.0,2.0,0.0,0.0,5.0,3.0,5.0,7.0,20.0,16.0,26.0,7.0
850,1.0,850.0,London_56,three,151,453,1092.0,70.0,2.0,162627.0,3.3165347590111196,812.0,106.0,2.0,104.0,199.0,18.0,181.0,101.0,75.0,120.0,45.0,134.0,9.0,61.0,3.0,6.0,15.0,78.0,140.0,220.0,81.0,0.0,0.0,0.0,0.0,0.0,0.0,0.0,0.0,0.0,0.0,0.0,0.0,0.0,0.0,0.0,0.0,0.0,0.0,0.0,0.0,0.0,0.0,0.0,0.0,0.0,0.0,0.0,0.0,0.0,1.0,0.0,0.0,0.0,0.0,0.0,1.0,1.0,0.0,0.0,0.0,2.0,0.0,0.0,4.0,3.0,0.0,3.0,11.0,1.0,12.0,12.0,28.0,18.0,13.0,0.0,0.0,0.0,0.0,0.0,0.0,0.0,0.0,0.0,2.0,0.0,0.0,0.0,0.0,0.0,3.0,5.0,0.0,0.0,0.0,2.0,0.0,0.0,7.0,3.0,0.0,5.0,13.0,1.0,14.0,18.0,41.0,23.0,23.0
851,1.0,851.0,London_56,three,151,453,1092.0,70.0,2.0,150849.0,6.15121043799445,786.0,40.0,1.0,39.0,77.0,10.0,67.0,199.0,70.0,122.0,49.0,134.0,17.0,49.0,5.0,7.0,15.0,87.0,140.0,211.0,81.0,0.0,0.0,0.0,0.0,0.0,0.0,0.0,0.0,0.0,0.0,0.0,0.0,0.0,0.0,0.0,0.0,0.0,0.0,0.0,0.0,0.0,0.0,0.0,0.0,0.0,0.0,0.0,0.0,0.0,0.0,0.0,0.0,0.0,0.0,1.0,0.0,0.0,0.0,0.0,0.0,0.0,1.0,0.0,0.0,0.0,0.0,0.0,1.0,0.0,1.0,7.0,6.0,7.0,3.0,0.0,0.0,0.0,0.0,0.0,0.0,0.0,0.0,0.0,0.0,0.0,0.0,0.0,0.0,7.0,0.0,0.0,0.0,0.0,0.0,0.0,1.0,0.0,0.0,0.0,0.0,0.0,1.0,0.0,1.0,10.0,9.0,9.0,6.0
852,1.0,852.0,London_56,three,151,453,1092.0,70.0,2.0,179388.0,6.55817811191082,849.0,86.0,0.0,86.0,148.0,0.0,148.0,77.0,69.0,130.0,51.0,127.0,14.0,47.0,6.0,9.0,10.0,78.0,145.0,220.0,87.0,0.0,0.0,0.0,0.0,0.0,0.0,0.0,0.0,0.0,0.0,0.0,0.0,0.0,0.0,0.0,0.0,0.0,0.0,0.0,0.0,0.0,0.0,0.0,0.0,0.0,0.0,0.0,0.0,0.0,0.0,0.0,0.0,0.0,0.0,0.0,0.0,0.0,0.0,0.0,0.0,0.0,0.0,0.0,0.0,2.0,0.0,4.0,5.0,2.0,10.0,13.0,22.0,15.0,9.0,0.0,0.0,0.0,0.0,0.0,0.0,0.0,0.0,0.0,0.0,0.0,0.0,0.0,0.0,0.0,0.0,0.0,0.0,0.0,0.0,0.0,0.0,0.0,0.0,3.0,0.0,5.0,7.0,3.0,13.0,24.0,31.0,21.0,15.0
853,1.0,853.0,London_56,three,151,453,1092.0,70.0,2.0,186183.0,3.4732653871178627,864.0,103.0,2.0,101.0,198.0,18.0,180.0,148.0,61.0,138.0,55.0,135.0,15.0,35.0,5.0,9.0,9.0,81.0,148.0,215.0,82.0,0.0,0.0,0.0,0.0,0.0,0.0,0.0,0.0,0.0,0.0,0.0,0.0,0.0,0.0,0.0,0.0,0.0,0.0,0.0,0.0,0.0,0.0,0.0,0.0,0.0,0.0,0.0,0.0,0.0,0.0,0.0,0.0,1.0,0.0,0.0,1.0,0.0,0.0,0.0,0.0,0.0,8.0,0.0,4.0,1.0,0.0,6.0,13.0,1.0,6.0,20.0,25.0,19.0,11.0,0.0,0.0,0.0,0.0,0.0,0.0,0.0,0.0,0.0,0.0,0.0,0.0,2.0,0.0,0.0,1.0,0.0,0.0,0.0,0.0,0.0,12.0,0.0,6.0,1.0,0.0,9.0,19.0,1.0,8.0,28.0,40.0,22.0,14.0
854,1.0,854.0,London_56,three,151,453,1092.0,70.0,2.0,178029.0,4.798075926024467,846.0,159.0,2.0,157.0,281.0,19.0,262.0,198.0,50.0,135.0,53.0,138.0,13.0,48.0,4.0,12.0,7.0,73.0,157.0,216.0,81.0,0.0,0.0,0.0,0.0,0.0,0.0,0.0,0.0,0.0,0.0,0.0,0.0,0.0,0.0,0.0,0.0,0.0,0.0,0.0,0.0,0.0,0.0,0.0,0.0,0.0,0.0,0.0,0.0,0.0,1.0,0.0,0.0,1.0,1.0,0.0,1.0,0.0,0.0,0.0,0.0,4.0,8.0,0.0,3.0,2.0,0.0,6.0,6.0,3.0,11.0,28.0,43.0,24.0,18.0,0.0,0.0,0.0,0.0,0.0,0.0,0.0,0.0,0.0,6.0,0.0,0.0,9.0,8.0,0.0,3.0,0.0,0.0,0.0,0.0,6.0,9.0,0.0,4.0,2.0,0.0,9.0,7.0,6.0,16.0,42.0,63.0,30.0,29.0
855,1.0,855.0,London_56,three,151,453,1092.0,70.0,2.0,144507.0,3.1182434619404376,772.0,52.0,2.0,50.0,109.0,20.0,89.0,281.0,48.0,146.0,40.0,134.0,15.0,57.0,2.0,11.0,10.0,59.0,152.0,232.0,66.0,0.0,0.0,0.0,0.0,0.0,0.0,0.0,0.0,0.0,0.0,0.0,0.0,0.0,0.0,0.0,0.0,0.0,0.0,0.0,0.0,0.0,0.0,0.0,0.0,0.0,0.0,0.0,0.0,0.0,0.0,0.0,0.0,0.0,0.0,2.0,1.0,0.0,0.0,0.0,0.0,0.0,1.0,0.0,1.0,0.0,1.0,2.0,9.0,2.0,7.0,13.0,7.0,12.0,1.0,0.0,0.0,0.0,0.0,0.0,0.0,0.0,0.0,0.0,0.0,0.0,0.0,0.0,0.0,16.0,2.0,0.0,0.0,0.0,0.0,0.0,1.0,0.0,2.0,0.0,3.0,3.0,15.0,4.0,10.0,21.0,10.0,18.0,3.0
856,1.0,856.0,London_56,three,151,453,1092.0,70.0,2.0,149943.0,2.894739743322134,784.0,78.0,0.0,78.0,134.0,0.0,134.0,109.0,46.0,156.0,34.0,138.0,16.0,53.0,0.0,10.0,8.0,64.0,143.0,238.0,61.0,0.0,0.0,0.0,0.0,0.0,0.0,0.0,0.0,0.0,0.0,0.0,0.0,0.0,0.0,0.0,0.0,0.0,0.0,0.0,0.0,0.0,0.0,0.0,0.0,0.0,0.0,0.0,0.0,0.0,0.0,0.0,0.0,0.0,0.0,0.0,0.0,0.0,0.0,0.0,0.0,3.0,0.0,0.0,0.0,0.0,0.0,3.0,5.0,0.0,6.0,10.0,24.0,18.0,7.0,0.0,0.0,0.0,0.0,0.0,0.0,0.0,0.0,0.0,0.0,0.0,0.0,0.0,0.0,0.0,0.0,0.0,0.0,0.0,0.0,4.0,0.0,0.0,0.0,0.0,0.0,3.0,11.0,0.0,7.0,16.0,35.0,23.0,10.0
857,1.0,857.0,London_56,three,151,453,1092.0,70.0,2.0,140430.0,2.212726105004549,763.0,130.0,2.0,128.0,232.0,17.0,215.0,134.0,47.0,136.0,39.0,145.0,15.0,62.0,0.0,9.0,9.0,69.0,137.0,238.0,73.0,0.0,0.0,0.0,0.0,0.0,0.0,0.0,0.0,0.0,0.0,0.0,0.0,0.0,0.0,0.0,0.0,0.0,0.0,0.0,0.0,0.0,0.0,0.0,0.0,0.0,0.0,0.0,0.0,0.0,0.0,0.0,0.0,1.0,0.0,0.0,2.0,0.0,0.0,0.0,0.0,3.0,0.0,0.0,0.0,0.0,0.0,20.0,4.0,5.0,8.0,20.0,30.0,19.0,11.0,0.0,0.0,0.0,0.0,0.0,0.0,0.0,0.0,0.0,0.0,0.0,0.0,2.0,0.0,0.0,8.0,0.0,0.0,0.0,0.0,3.0,0.0,0.0,0.0,0.0,0.0,25.0,7.0,6.0,9.0,30.0,41.0,24.0,17.0
858,1.0,858.0,London_56,three,151,453,1092.0,70.0,2.0,111891.0,6.748915801756084,700.0,121.0,0.0,121.0,194.0,0.0,194.0,232.0,60.0,157.0,42.0,121.0,14.0,50.0,1.0,8.0,7.0,74.0,148.0,224.0,74.0,0.0,0.0,0.0,0.0,0.0,0.0,0.0,0.0,0.0,0.0,0.0,0.0,0.0,0.0,0.0,0.0,0.0,0.0,0.0,0.0,0.0,0.0,0.0,0.0,0.0,0.0,0.0,0.0,0.0,0.0,0.0,0.0,0.0,0.0,0.0,0.0,0.0,0.0,0.0,0.0,3.0,0.0,0.0,0.0,0.0,0.0,12.0,3.0,6.0,8.0,27.0,28.0,17.0,9.0,0.0,0.0,0.0,0.0,0.0,0.0,0.0,0.0,0.0,0.0,0.0,0.0,0.0,0.0,0.0,0.0,0.0,0.0,0.0,0.0,3.0,0.0,0.0,0.0,0.0,0.0,15.0,5.0,8.0,11.0,41.0,41.0,22.0,12.0
859,1.0,859.0,London_56,three,151,453,1092.0,70.0,2.0,91053.0,5.97397560114041,654.0,32.0,0.0,32.0,57.0,0.0,57.0,194.0,61.0,175.0,38.0,109.0,15.0,43.0,1.0,11.0,10.0,60.0,158.0,225.0,83.0,0.0,0.0,0.0,0.0,0.0,0.0,0.0,0.0,0.0,0.0,0.0,0.0,0.0,0.0,0.0,0.0,0.0,0.0,0.0,0.0,0.0,0.0,0.0,0.0,0.0,0.0,0.0,0.0,0.0,0.0,0.0,0.0,0.0,0.0,0.0,0.0,0.0,0.0,0.0,0.0,0.0,0.0,0.0,1.0,0.0,0.0,4.0,5.0,0.0,5.0,6.0,5.0,7.0,0.0,0.0,0.0,0.0,0.0,0.0,0.0,0.0,0.0,0.0,0.0,0.0,0.0,0.0,0.0,0.0,0.0,0.0,0.0,0.0,0.0,0.0,0.0,0.0,2.0,0.0,0.0,5.0,5.0,0.0,8.0,7.0,6.0,8.0,0.0
860,1.0,860.0,London_56,three,151,453,1092.0,70.0,2.0,113250.0,6.064361829310656,703.0,29.0,1.0,28.0,58.0,9.0,49.0,57.0,63.0,172.0,38.0,111.0,14.0,43.0,1.0,11.0,10.0,60.0,161.0,222.0,86.0,0.0,0.0,0.0,0.0,0.0,0.0,0.0,0.0,0.0,0.0,0.0,0.0,0.0,0.0,0.0,0.0,0.0,0.0,0.0,0.0,0.0,0.0,0.0,0.0,0.0,0.0,0.0,0.0,0.0,0.0,0.0,0.0,0.0,0.0,0.0,0.0,0.0,0.0,0.0,0.0,0.0,0.0,0.0,0.0,1.0,0.0,0.0,2.0,0.0,1.0,5.0,7.0,7.0,2.0,0.0,0.0,0.0,0.0,0.0,0.0,0.0,0.0,0.0,0.0,0.0,0.0,0.0,0.0,0.0,0.0,0.0,0.0,0.0,0.0,0.0,0.0,0.0,0.0,1.0,0.0,0.0,2.0,0.0,1.0,6.0,10.0,10.0,3.0
861,1.0,861.0,London_56,three,151,453,1092.0,70.0,2.0,137259.0,7.677430030889809,756.0,63.0,0.0,63.0,114.0,0.0,114.0,58.0,65.0,168.0,41.0,114.0,13.0,41.0,1.0,10.0,12.0,70.0,163.0,208.0,84.0,0.0,0.0,0.0,0.0,0.0,0.0,0.0,0.0,0.0,0.0,0.0,0.0,0.0,0.0,0.0,0.0,0.0,0.0,0.0,0.0,0.0,0.0,0.0,0.0,0.0,0.0,0.0,0.0,0.0,0.0,0.0,0.0,0.0,0.0,0.0,0.0,0.0,0.0,0.0,0.0,7.0,0.0,0.0,0.0,1.0,0.0,6.0,3.0,0.0,4.0,11.0,19.0,9.0,3.0,0.0,0.0,0.0,0.0,0.0,0.0,0.0,0.0,0.0,0.0,0.0,0.0,0.0,0.0,0.0,0.0,0.0,0.0,0.0,0.0,10.0,0.0,0.0,0.0,1.0,0.0,10.0,6.0,0.0,5.0,17.0,35.0,10.0,8.0
862,1.0,862.0,London_56,three,151,453,1092.0,70.0,2.0,146319.0,1.9652008418925107,776.0,42.0,0.0,42.0,74.0,0.0,74.0,114.0,59.0,166.0,39.0,123.0,15.0,40.0,0.0,11.0,13.0,62.0,166.0,212.0,89.0,0.0,0.0,0.0,0.0,0.0,0.0,0.0,0.0,0.0,0.0,0.0,0.0,0.0,0.0,0.0,0.0,0.0,0.0,0.0,0.0,0.0,0.0,0.0,0.0,0.0,0.0,0.0,0.0,0.0,0.0,0.0,0.0,0.0,0.0,0.0,0.0,0.0,0.0,0.0,0.0,0.0,1.0,0.0,0.0,1.0,0.0,3.0,1.0,0.0,2.0,9.0,11.0,9.0,5.0,0.0,0.0,0.0,0.0,0.0,0.0,0.0,0.0,0.0,0.0,0.0,0.0,0.0,0.0,0.0,0.0,0.0,0.0,0.0,0.0,0.0,1.0,0.0,0.0,1.0,0.0,5.0,1.0,0.0,5.0,18.0,16.0,13.0,7.0
863,1.0,863.0,London_56,three,151,453,1092.0,70.0,2.0,183465.0,6.902552159968764,858.0,17.0,0.0,17.0,29.0,0.0,29.0,74.0,63.0,155.0,36.0,134.0,15.0,40.0,0.0,10.0,14.0,69.0,160.0,210.0,89.0,0.0,0.0,0.0,0.0,0.0,0.0,0.0,0.0,0.0,0.0,0.0,0.0,0.0,0.0,0.0,0.0,0.0,0.0,0.0,0.0,0.0,0.0,0.0,0.0,0.0,0.0,0.0,0.0,0.0,0.0,0.0,0.0,0.0,0.0,0.0,0.0,0.0,0.0,0.0,0.0,0.0,0.0,0.0,0.0,0.0,0.0,1.0,0.0,0.0,2.0,4.0,2.0,3.0,2.0,0.0,0.0,0.0,0.0,0.0,0.0,0.0,0.0,0.0,0.0,0.0,0.0,0.0,0.0,0.0,0.0,0.0,0.0,0.0,0.0,0.0,0.0,0.0,0.0,0.0,0.0,1.0,0.0,0.0,3.0,5.0,3.0,3.0,3.0
864,1.0,864.0,London_56,three,151,453,1092.0,70.0,2.0,232389.0,8.472721604630351,966.0,100.0,2.0,98.0,185.0,17.0,168.0,29.0,62.0,154.0,42.0,127.0,16.0,42.0,0.0,10.0,13.0,68.0,161.0,211.0,90.0,0.0,0.0,0.0,0.0,0.0,0.0,0.0,0.0,0.0,0.0,0.0,0.0,0.0,0.0,0.0,0.0,0.0,0.0,0.0,0.0,0.0,0.0,0.0,0.0,0.0,0.0,0.0,0.0,0.0,1.0,0.0,0.0,1.0,0.0,0.0,1.0,0.0,0.0,0.0,0.0,6.0,0.0,0.0,0.0,0.0,1.0,8.0,3.0,2.0,9.0,16.0,25.0,16.0,17.0,0.0,0.0,0.0,0.0,0.0,0.0,0.0,0.0,0.0,2.0,0.0,0.0,3.0,0.0,0.0,1.0,0.0,0.0,0.0,0.0,7.0,0.0,0.0,0.0,0.0,2.0,9.0,4.0,3.0,11.0,21.0,35.0,21.0,27.0
865,1.0,865.0,London_56,three,151,453,1092.0,70.0,2.0,240996.0,11.166369379032403,985.0,177.0,2.0,175.0,305.0,20.0,285.0,185.0,62.0,135.0,50.0,122.0,15.0,59.0,0.0,10.0,13.0,70.0,146.0,224.0,81.0,0.0,0.0,0.0,0.0,0.0,0.0,0.0,0.0,0.0,0.0,0.0,0.0,0.0,0.0,0.0,0.0,0.0,0.0,0.0,0.0,0.0,0.0,0.0,0.0,0.0,0.0,0.0,0.0,0.0,1.0,0.0,0.0,2.0,1.0,0.0,2.0,0.0,0.0,0.0,0.0,6.0,2.0,0.0,0.0,0.0,2.0,7.0,15.0,12.0,14.0,35.0,33.0,30.0,9.0,0.0,0.0,0.0,0.0,0.0,0.0,0.0,0.0,0.0,3.0,0.0,0.0,10.0,10.0,0.0,6.0,0.0,0.0,0.0,0.0,7.0,4.0,0.0,0.0,0.0,6.0,8.0,23.0,14.0,20.0,51.0,43.0,41.0,11.0
866,1.0,866.0,London_56,three,151,453,1092.0,70.0,2.0,197961.0,7.974907378666103,890.0,66.0,2.0,64.0,142.0,18.0,124.0,305.0,53.0,122.0,51.0,114.0,15.0,80.0,0.0,18.0,5.0,79.0,149.0,220.0,71.0,0.0,0.0,0.0,0.0,0.0,0.0,0.0,0.0,0.0,0.0,0.0,0.0,0.0,0.0,0.0,0.0,0.0,0.0,0.0,0.0,0.0,0.0,0.0,0.0,0.0,0.0,0.0,0.0,0.0,0.0,0.0,0.0,0.0,0.0,1.0,0.0,0.0,0.0,0.0,0.0,0.0,1.0,0.0,1.0,0.0,0.0,4.0,4.0,3.0,8.0,16.0,15.0,13.0,6.0,0.0,0.0,0.0,0.0,0.0,0.0,0.0,0.0,0.0,0.0,0.0,0.0,0.0,0.0,7.0,0.0,0.0,0.0,0.0,0.0,0.0,1.0,0.0,1.0,0.0,0.0,4.0,5.0,4.0,9.0,29.0,26.0,16.0,8.0
867,1.0,867.0,London_56,three,151,453,1092.0,70.0,2.0,206568.0,4.377034214325249,909.0,120.0,1.0,119.0,214.0,9.0,205.0,142.0,65.0,118.0,55.0,122.0,13.0,63.0,1.0,16.0,5.0,74.0,141.0,233.0,61.0,0.0,0.0,0.0,0.0,0.0,0.0,0.0,0.0,0.0,0.0,0.0,0.0,0.0,0.0,0.0,0.0,0.0,0.0,0.0,0.0,0.0,0.0,0.0,0.0,0.0,0.0,0.0,0.0,0.0,0.0,0.0,0.0,0.0,0.0,1.0,0.0,1.0,0.0,0.0,0.0,2.0,1.0,0.0,0.0,0.0,1.0,4.0,6.0,2.0,12.0,19.0,26.0,26.0,11.0,0.0,0.0,0.0,0.0,0.0,0.0,0.0,0.0,0.0,0.0,0.0,0.0,0.0,0.0,6.0,0.0,2.0,0.0,0.0,0.0,2.0,1.0,0.0,0.0,0.0,2.0,6.0,9.0,3.0,16.0,29.0,41.0,29.0,18.0
868,1.0,868.0,London_56,three,151,453,1092.0,70.0,2.0,188448.0,9.57630508299917,869.0,150.0,2.0,148.0,283.0,18.0,265.0,214.0,66.0,120.0,53.0,124.0,16.0,57.0,3.0,14.0,10.0,83.0,129.0,231.0,77.0,0.0,0.0,0.0,0.0,0.0,0.0,0.0,0.0,0.0,1.0,0.0,1.0,0.0,0.0,0.0,0.0,0.0,0.0,1.0,0.0,0.0,0.0,0.0,0.0,0.0,0.0,0.0,0.0,0.0,1.0,0.0,1.0,0.0,0.0,0.0,0.0,0.0,0.0,0.0,0.0,3.0,7.0,2.0,2.0,0.0,0.0,12.0,8.0,16.0,14.0,24.0,41.0,29.0,11.0,0.0,0.0,0.0,0.0,0.0,0.0,0.0,0.0,0.0,6.0,0.0,3.0,0.0,0.0,0.0,0.0,0.0,0.0,0.0,0.0,3.0,11.0,2.0,3.0,0.0,0.0,16.0,11.0,23.0,19.0,35.0,59.0,34.0,13.0
869,1.0,869.0,London_56,three,151,453,1092.0,70.0,2.0,156285.0,7.094476255122572,798.0,145.0,1.0,144.0,257.0,8.0,249.0,280.0,57.0,117.0,55.0,140.0,17.0,53.0,1.0,13.0,14.0,81.0,129.0,229.0,80.0,0.0,0.0,0.0,0.0,0.0,0.0,0.0,0.0,0.0,0.0,0.0,0.0,0.0,0.0,0.0,0.0,0.0,0.0,0.0,0.0,0.0,0.0,0.0,0.0,0.0,0.0,0.0,0.0,0.0,0.0,0.0,0.0,0.0,0.0,0.0,1.0,0.0,0.0,0.0,0.0,3.0,1.0,0.0,2.0,1.0,0.0,12.0,10.0,7.0,9.0,28.0,33.0,29.0,11.0,0.0,0.0,0.0,0.0,0.0,0.0,0.0,0.0,0.0,0.0,0.0,0.0,0.0,0.0,0.0,4.0,0.0,0.0,0.0,0.0,3.0,2.0,0.0,4.0,1.0,0.0,13.0,13.0,7.0,17.0,44.0,55.0,35.0,16.0
870,1.0,870.0,London_56,three,151,453,1092.0,70.0,2.0,120951.0,4.9123099450953305,720.0,91.0,1.0,90.0,160.0,9.0,151.0,257.0,47.0,152.0,39.0,130.0,22.0,53.0,2.0,8.0,14.0,74.0,140.0,225.0,68.0,0.0,0.0,0.0,0.0,0.0,0.0,0.0,0.0,0.0,0.0,0.0,0.0,0.0,0.0,0.0,0.0,0.0,0.0,0.0,0.0,0.0,0.0,0.0,0.0,0.0,0.0,0.0,0.0,0.0,0.0,0.0,0.0,0.0,0.0,1.0,0.0,0.0,0.0,0.0,0.0,0.0,0.0,0.0,2.0,0.0,1.0,8.0,1.0,4.0,7.0,19.0,18.0,17.0,6.0,0.0,0.0,0.0,0.0,0.0,0.0,0.0,0.0,0.0,0.0,0.0,0.0,0.0,0.0,7.0,0.0,0.0,0.0,0.0,0.0,0.0,0.0,0.0,3.0,0.0,2.0,10.0,2.0,5.0,8.0,27.0,25.0,22.0,9.0
871,1.0,871.0,London_56,three,151,453,1092.0,70.0,2.0,107814.0,5.791517768055201,691.0,52.0,0.0,52.0,90.0,0.0,90.0,160.0,46.0,136.0,37.0,145.0,22.0,57.0,2.0,8.0,10.0,75.0,144.0,224.0,75.0,0.0,0.0,0.0,0.0,0.0,0.0,0.0,0.0,0.0,0.0,0.0,0.0,0.0,0.0,0.0,0.0,0.0,0.0,0.0,0.0,0.0,0.0,0.0,0.0,0.0,0.0,0.0,0.0,0.0,0.0,0.0,0.0,0.0,0.0,0.0,0.0,0.0,0.0,0.0,0.0,1.0,0.0,0.0,0.0,0.0,0.0,3.0,3.0,4.0,2.0,5.0,15.0,13.0,3.0,0.0,0.0,0.0,0.0,0.0,0.0,0.0,0.0,0.0,0.0,0.0,0.0,0.0,0.0,0.0,0.0,0.0,0.0,0.0,0.0,1.0,0.0,0.0,0.0,0.0,0.0,4.0,5.0,7.0,3.0,6.0,23.0,18.0,4.0
872,1.0,872.0,London_56,three,151,453,1092.0,70.0,2.0,113703.0,5.219556254334748,704.0,20.0,2.0,18.0,44.0,18.0,26.0,90.0,45.0,131.0,38.0,149.0,21.0,58.0,3.0,8.0,11.0,74.0,153.0,215.0,75.0,0.0,0.0,0.0,0.0,0.0,0.0,0.0,0.0,0.0,0.0,0.0,0.0,0.0,0.0,0.0,0.0,0.0,0.0,0.0,0.0,0.0,0.0,0.0,0.0,0.0,0.0,0.0,0.0,0.0,1.0,0.0,0.0,0.0,0.0,1.0,2.0,0.0,0.0,0.0,0.0,0.0,0.0,0.0,0.0,0.0,0.0,1.0,1.0,0.0,2.0,6.0,5.0,1.0,0.0,0.0,0.0,0.0,0.0,0.0,0.0,0.0,0.0,0.0,4.0,0.0,0.0,0.0,0.0,8.0,3.0,0.0,0.0,0.0,0.0,0.0,0.0,0.0,0.0,0.0,0.0,2.0,1.0,0.0,3.0,8.0,6.0,1.0,0.0
873,1.0,873.0,London_56,three,151,453,1092.0,70.0,2.0,136353.0,2.670614694710821,754.0,59.0,0.0,59.0,98.0,0.0,98.0,44.0,44.0,132.0,37.0,162.0,21.0,46.0,3.0,8.0,11.0,69.0,152.0,221.0,76.0,0.0,0.0,0.0,0.0,0.0,0.0,0.0,0.0,0.0,0.0,0.0,0.0,0.0,0.0,0.0,0.0,0.0,0.0,0.0,0.0,0.0,0.0,0.0,0.0,0.0,0.0,0.0,0.0,0.0,0.0,0.0,0.0,0.0,0.0,0.0,0.0,0.0,0.0,0.0,0.0,1.0,0.0,0.0,0.0,0.0,0.0,7.0,3.0,2.0,10.0,11.0,7.0,11.0,2.0,0.0,0.0,0.0,0.0,0.0,0.0,0.0,0.0,0.0,0.0,0.0,0.0,0.0,0.0,0.0,0.0,0.0,0.0,0.0,0.0,1.0,0.0,0.0,0.0,0.0,0.0,8.0,4.0,2.0,12.0,17.0,8.0,15.0,2.0
874,1.0,874.0,London_56,three,151,453,1092.0,70.0,2.0,142242.0,3.065390163566917,767.0,71.0,1.0,70.0,128.0,8.0,120.0,98.0,50.0,122.0,42.0,158.0,22.0,47.0,3.0,9.0,12.0,71.0,158.0,212.0,81.0,0.0,0.0,0.0,0.0,0.0,0.0,0.0,0.0,0.0,0.0,0.0,0.0,0.0,0.0,0.0,0.0,0.0,0.0,0.0,0.0,0.0,0.0,0.0,0.0,0.0,0.0,0.0,0.0,0.0,0.0,0.0,0.0,0.0,0.0,1.0,0.0,0.0,0.0,0.0,0.0,2.0,1.0,0.0,2.0,0.0,0.0,10.0,0.0,6.0,8.0,13.0,13.0,15.0,4.0,0.0,0.0,0.0,0.0,0.0,0.0,0.0,0.0,0.0,0.0,0.0,0.0,0.0,0.0,7.0,0.0,0.0,0.0,0.0,0.0,2.0,1.0,0.0,2.0,0.0,0.0,12.0,0.0,8.0,9.0,17.0,16.0,18.0,7.0
875,1.0,875.0,London_56,three,151,453,1092.0,70.0,2.0,146319.0,5.182906934991479,776.0,131.0,1.0,130.0,255.0,8.0,247.0,128.0,39.0,134.0,38.0,149.0,22.0,58.0,2.0,11.0,8.0,73.0,162.0,210.0,81.0,0.0,0.0,0.0,0.0,0.0,0.0,0.0,0.0,0.0,0.0,0.0,0.0,0.0,0.0,0.0,0.0,0.0,0.0,0.0,0.0,0.0,0.0,0.0,0.0,0.0,0.0,0.0,0.0,0.0,1.0,0.0,0.0,1.0,0.0,0.0,0.0,1.0,0.0,0.0,0.0,3.0,0.0,0.0,2.0,1.0,0.0,8.0,14.0,9.0,15.0,29.0,29.0,32.0,14.0,0.0,0.0,0.0,0.0,0.0,0.0,0.0,0.0,0.0,5.0,0.0,0.0,7.0,0.0,0.0,0.0,8.0,0.0,0.0,0.0,4.0,0.0,0.0,4.0,1.0,0.0,9.0,20.0,14.0,21.0,51.0,40.0,42.0,22.0
876,1.0,876.0,London_56,three,151,453,1092.0,70.0,2.0,115968.0,5.25175571674481,709.0,71.0,0.0,71.0,129.0,0.0,129.0,255.0,51.0,122.0,42.0,146.0,24.0,53.0,4.0,11.0,12.0,55.0,158.0,228.0,83.0,0.0,0.0,0.0,0.0,0.0,0.0,0.0,0.0,0.0,0.0,0.0,0.0,0.0,0.0,0.0,0.0,0.0,0.0,0.0,0.0,0.0,0.0,0.0,0.0,0.0,0.0,0.0,0.0,0.0,0.0,0.0,0.0,0.0,0.0,0.0,0.0,0.0,0.0,0.0,0.0,2.0,1.0,0.0,2.0,0.0,0.0,7.0,3.0,7.0,7.0,17.0,13.0,18.0,4.0,0.0,0.0,0.0,0.0,0.0,0.0,0.0,0.0,0.0,0.0,0.0,0.0,0.0,0.0,0.0,0.0,0.0,0.0,0.0,0.0,3.0,1.0,0.0,6.0,0.0,0.0,7.0,3.0,9.0,11.0,26.0,21.0,24.0,6.0
877,1.0,877.0,London_56,three,151,453,1092.0,70.0,2.0,109173.0,4.351762996986508,694.0,8.0,2.0,6.0,30.0,18.0,12.0,129.0,49.0,134.0,41.0,134.0,24.0,54.0,5.0,12.0,15.0,70.0,157.0,211.0,87.0,0.0,0.0,0.0,0.0,0.0,0.0,0.0,0.0,0.0,0.0,0.0,0.0,0.0,0.0,0.0,0.0,0.0,0.0,0.0,0.0,0.0,0.0,0.0,0.0,0.0,0.0,0.0,0.0,0.0,0.0,0.0,0.0,0.0,0.0,1.0,0.0,0.0,0.0,0.0,0.0,0.0,0.0,0.0,0.0,0.0,0.0,0.0,1.0,0.0,0.0,1.0,4.0,1.0,2.0,0.0,0.0,0.0,0.0,0.0,0.0,0.0,0.0,0.0,0.0,0.0,0.0,0.0,0.0,5.0,0.0,0.0,0.0,0.0,0.0,0.0,0.0,0.0,0.0,0.0,0.0,0.0,1.0,0.0,0.0,2.0,5.0,1.0,4.0
878,1.0,878.0,London_56,three,151,453,1092.0,70.0,2.0,149490.0,0.4749528947286308,783.0,63.0,2.0,61.0,119.0,16.0,103.0,30.0,47.0,135.0,37.0,138.0,22.0,53.0,5.0,16.0,13.0,71.0,149.0,220.0,78.0,0.0,0.0,0.0,0.0,0.0,0.0,0.0,0.0,0.0,0.0,0.0,0.0,0.0,0.0,0.0,0.0,0.0,0.0,0.0,0.0,0.0,0.0,0.0,0.0,0.0,0.0,0.0,0.0,0.0,1.0,0.0,0.0,1.0,0.0,1.0,2.0,0.0,0.0,0.0,0.0,5.0,1.0,0.0,3.0,0.0,0.0,3.0,1.0,3.0,6.0,11.0,11.0,14.0,6.0,0.0,0.0,0.0,0.0,0.0,0.0,0.0,0.0,0.0,4.0,0.0,0.0,1.0,0.0,7.0,8.0,0.0,0.0,0.0,0.0,6.0,1.0,0.0,5.0,0.0,0.0,4.0,1.0,3.0,7.0,16.0,21.0,19.0,9.0
879,1.0,879.0,London_56,three,151,453,1092.0,70.0,2.0,158097.0,6.793167780153453,802.0,101.0,2.0,99.0,197.0,20.0,177.0,119.0,37.0,121.0,41.0,150.0,20.0,61.0,6.0,17.0,12.0,71.0,161.0,209.0,74.0,0.0,0.0,0.0,0.0,0.0,0.0,0.0,0.0,0.0,0.0,0.0,0.0,0.0,0.0,0.0,0.0,0.0,0.0,0.0,0.0,0.0,0.0,0.0,0.0,0.0,0.0,0.0,0.0,0.0,1.0,0.0,1.0,1.0,0.0,0.0,2.0,0.0,0.0,0.0,0.0,4.0,4.0,0.0,1.0,0.0,0.0,9.0,6.0,2.0,12.0,23.0,23.0,21.0,9.0,0.0,0.0,0.0,0.0,0.0,0.0,0.0,0.0,0.0,8.0,0.0,2.0,4.0,0.0,0.0,6.0,0.0,0.0,0.0,0.0,4.0,6.0,0.0,2.0,0.0,0.0,11.0,7.0,3.0,14.0,36.0,32.0,31.0,15.0
880,1.0,880.0,London_56,three,151,453,1092.0,70.0,2.0,159456.0,6.920542064122856,805.0,78.0,0.0,78.0,138.0,0.0,138.0,197.0,36.0,127.0,40.0,157.0,11.0,61.0,4.0,17.0,12.0,78.0,163.0,200.0,78.0,0.0,0.0,0.0,0.0,0.0,0.0,0.0,0.0,0.0,0.0,0.0,0.0,0.0,0.0,0.0,0.0,0.0,0.0,0.0,0.0,0.0,0.0,0.0,0.0,0.0,0.0,0.0,0.0,0.0,0.0,0.0,0.0,0.0,0.0,0.0,0.0,0.0,0.0,0.0,0.0,1.0,4.0,0.0,0.0,0.0,0.0,7.0,6.0,6.0,6.0,20.0,13.0,23.0,5.0,0.0,0.0,0.0,0.0,0.0,0.0,0.0,0.0,0.0,0.0,0.0,0.0,0.0,0.0,0.0,0.0,0.0,0.0,0.0,0.0,3.0,4.0,0.0,0.0,0.0,0.0,8.0,11.0,6.0,10.0,31.0,18.0,28.0,8.0
881,1.0,881.0,London_56,three,151,453,1092.0,70.0,2.0,159909.0,6.4197588209062815,806.0,110.0,0.0,110.0,193.0,0.0,193.0,138.0,48.0,135.0,49.0,126.0,11.0,61.0,3.0,20.0,13.0,84.0,162.0,194.0,77.0,0.0,0.0,0.0,0.0,0.0,0.0,0.0,0.0,0.0,0.0,0.0,0.0,0.0,0.0,0.0,0.0,0.0,0.0,0.0,0.0,0.0,0.0,0.0,0.0,0.0,0.0,0.0,0.0,0.0,0.0,0.0,0.0,0.0,0.0,0.0,0.0,0.0,0.0,0.0,0.0,0.0,0.0,0.0,1.0,0.0,0.0,7.0,5.0,9.0,4.0,25.0,26.0,20.0,13.0,0.0,0.0,0.0,0.0,0.0,0.0,0.0,0.0,0.0,0.0,0.0,0.0,0.0,0.0,0.0,0.0,0.0,0.0,0.0,0.0,0.0,0.0,0.0,1.0,0.0,0.0,9.0,8.0,18.0,4.0,36.0,42.0,24.0,21.0
882,1.0,882.0,London_56,three,151,453,1092.0,70.0,2.0,146772.0,5.104187911842018,777.0,2.0,2.0,0.0,19.0,19.0,0.0,193.0,35.0,153.0,40.0,121.0,16.0,67.0,4.0,17.0,7.0,80.0,175.0,191.0,80.0,0.0,0.0,0.0,0.0,0.0,0.0,0.0,0.0,0.0,0.0,0.0,0.0,0.0,0.0,0.0,0.0,0.0,0.0,0.0,0.0,0.0,0.0,0.0,0.0,0.0,0.0,0.0,0.0,0.0,1.0,0.0,0.0,1.0,0.0,0.0,1.0,0.0,0.0,0.0,0.0,0.0,0.0,0.0,0.0,0.0,0.0,0.0,0.0,0.0,0.0,0.0,0.0,0.0,0.0,0.0,0.0,0.0,0.0,0.0,0.0,0.0,0.0,0.0,1.0,0.0,0.0,6.0,0.0,0.0,3.0,0.0,0.0,0.0,0.0,0.0,0.0,0.0,0.0,0.0,0.0,0.0,0.0,0.0,0.0,0.0,0.0,0.0,0.0
883,1.0,883.0,London_56,three,151,453,1092.0,70.0,2.0,192072.0,6.968213331885636,877.0,128.0,0.0,128.0,222.0,0.0,222.0,19.0,28.0,149.0,42.0,129.0,16.0,67.0,5.0,17.0,6.0,81.0,164.0,202.0,73.0,0.0,0.0,0.0,0.0,0.0,0.0,0.0,0.0,0.0,0.0,0.0,0.0,0.0,0.0,0.0,0.0,0.0,0.0,0.0,0.0,0.0,0.0,0.0,0.0,0.0,0.0,0.0,0.0,0.0,0.0,0.0,0.0,0.0,0.0,0.0,0.0,0.0,0.0,0.0,0.0,3.0,0.0,0.0,3.0,0.0,0.0,6.0,10.0,3.0,12.0,25.0,31.0,17.0,17.0,0.0,0.0,0.0,0.0,0.0,0.0,0.0,0.0,0.0,0.0,0.0,0.0,0.0,0.0,0.0,0.0,0.0,0.0,0.0,0.0,3.0,0.0,0.0,5.0,0.0,0.0,10.0,18.0,3.0,14.0,41.0,41.0,23.0,28.0
884,1.0,884.0,London_56,three,151,453,1092.0,70.0,2.0,182106.0,6.617819289676845,855.0,157.0,1.0,156.0,257.0,11.0,246.0,222.0,34.0,134.0,43.0,139.0,17.0,69.0,5.0,12.0,8.0,88.0,161.0,196.0,83.0,0.0,0.0,0.0,0.0,0.0,0.0,0.0,0.0,0.0,0.0,0.0,0.0,0.0,0.0,0.0,0.0,0.0,0.0,0.0,0.0,0.0,0.0,0.0,0.0,0.0,0.0,0.0,0.0,0.0,1.0,0.0,0.0,1.0,0.0,0.0,1.0,0.0,0.0,0.0,0.0,1.0,5.0,0.0,0.0,0.0,0.0,6.0,4.0,5.0,6.0,33.0,25.0,26.0,11.0,0.0,0.0,0.0,0.0,0.0,0.0,0.0,0.0,0.0,8.0,0.0,0.0,7.0,0.0,0.0,2.0,0.0,0.0,0.0,0.0,1.0,5.0,0.0,0.0,0.0,0.0,9.0,4.0,7.0,10.0,47.0,32.0,34.0,14.0
885,1.0,885.0,London_56,three,151,453,1092.0,70.0,2.0,151302.0,4.8121721860952675,787.0,38.0,0.0,38.0,67.0,0.0,67.0,257.0,44.0,132.0,36.0,140.0,16.0,69.0,4.0,12.0,12.0,90.0,167.0,184.0,84.0,0.0,0.0,0.0,0.0,0.0,0.0,0.0,0.0,0.0,0.0,0.0,0.0,0.0,0.0,0.0,0.0,0.0,0.0,0.0,0.0,0.0,0.0,0.0,0.0,0.0,0.0,0.0,0.0,0.0,0.0,0.0,0.0,0.0,0.0,0.0,0.0,0.0,0.0,0.0,0.0,1.0,1.0,0.0,0.0,0.0,0.0,3.0,1.0,0.0,2.0,4.0,9.0,9.0,3.0,0.0,0.0,0.0,0.0,0.0,0.0,0.0,0.0,0.0,0.0,0.0,0.0,0.0,0.0,0.0,0.0,0.0,0.0,0.0,0.0,1.0,2.0,0.0,0.0,0.0,0.0,4.0,2.0,0.0,3.0,5.0,14.0,12.0,6.0
886,1.0,886.0,London_56,three,151,453,1092.0,70.0,2.0,170328.0,2.973334465175867,829.0,118.0,0.0,118.0,203.0,0.0,203.0,67.0,41.0,134.0,32.0,153.0,11.0,71.0,2.0,9.0,12.0,93.0,164.0,184.0,88.0,0.0,0.0,0.0,0.0,0.0,0.0,0.0,0.0,0.0,0.0,0.0,0.0,0.0,0.0,0.0,0.0,0.0,0.0,0.0,0.0,0.0,0.0,0.0,0.0,0.0,0.0,0.0,0.0,0.0,0.0,0.0,0.0,0.0,0.0,0.0,0.0,0.0,0.0,0.0,0.0,4.0,5.0,0.0,1.0,1.0,0.0,5.0,4.0,3.0,7.0,20.0,30.0,31.0,10.0,0.0,0.0,0.0,0.0,0.0,0.0,0.0,0.0,0.0,0.0,0.0,0.0,0.0,0.0,0.0,0.0,0.0,0.0,0.0,0.0,4.0,8.0,0.0,1.0,1.0,0.0,7.0,5.0,3.0,7.0,31.0,47.0,39.0,12.0
887,1.0,887.0,London_56,three,151,453,1092.0,70.0,2.0,151755.0,5.860673156101257,788.0,71.0,2.0,69.0,135.0,18.0,117.0,203.0,49.0,121.0,36.0,151.0,11.0,74.0,1.0,10.0,15.0,70.0,166.0,202.0,95.0,0.0,0.0,0.0,0.0,0.0,0.0,0.0,0.0,0.0,0.0,0.0,0.0,0.0,0.0,0.0,0.0,0.0,0.0,0.0,0.0,0.0,0.0,0.0,0.0,0.0,0.0,0.0,0.0,0.0,0.0,0.0,0.0,0.0,0.0,1.0,1.0,0.0,0.0,0.0,0.0,1.0,0.0,0.0,4.0,0.0,0.0,2.0,2.0,4.0,4.0,15.0,10.0,10.0,10.0,0.0,0.0,0.0,0.0,0.0,0.0,0.0,0.0,0.0,0.0,0.0,0.0,0.0,0.0,9.0,1.0,0.0,0.0,0.0,0.0,1.0,0.0,0.0,4.0,0.0,0.0,5.0,3.0,6.0,4.0,21.0,15.0,13.0,17.0
888,1.0,888.0,London_56,three,151,453,1092.0,70.0,2.0,164439.0,5.9626454859972,816.0,84.0,1.0,83.0,154.0,10.0,144.0,135.0,59.0,113.0,43.0,147.0,13.0,66.0,1.0,11.0,14.0,74.0,149.0,216.0,89.0,0.0,0.0,0.0,0.0,0.0,0.0,0.0,0.0,0.0,0.0,0.0,0.0,0.0,0.0,0.0,0.0,0.0,0.0,0.0,0.0,0.0,0.0,0.0,0.0,0.0,0.0,0.0,0.0,0.0,0.0,0.0,0.0,0.0,0.0,0.0,0.0,1.0,0.0,0.0,0.0,1.0,0.0,0.0,1.0,0.0,0.0,6.0,10.0,7.0,4.0,17.0,22.0,18.0,8.0,0.0,0.0,0.0,0.0,0.0,0.0,0.0,0.0,0.0,0.0,0.0,0.0,0.0,0.0,0.0,0.0,7.0,0.0,0.0,0.0,1.0,0.0,0.0,1.0,0.0,0.0,6.0,16.0,7.0,8.0,28.0,28.0,22.0,12.0
889,1.0,889.0,London_56,three,151,453,1092.0,70.0,2.0,168969.0,7.452666902914643,826.0,104.0,0.0,104.0,191.0,0.0,191.0,154.0,47.0,109.0,44.0,150.0,17.0,69.0,2.0,15.0,9.0,77.0,144.0,223.0,80.0,0.0,0.0,0.0,0.0,0.0,0.0,0.0,0.0,0.0,0.0,0.0,0.0,0.0,0.0,0.0,0.0,0.0,0.0,0.0,0.0,0.0,0.0,0.0,0.0,0.0,0.0,0.0,0.0,0.0,0.0,0.0,0.0,0.0,0.0,0.0,0.0,0.0,0.0,0.0,0.0,0.0,1.0,0.0,0.0,0.0,0.0,9.0,10.0,1.0,9.0,21.0,19.0,28.0,7.0,0.0,0.0,0.0,0.0,0.0,0.0,0.0,0.0,0.0,0.0,0.0,0.0,0.0,0.0,0.0,0.0,0.0,0.0,0.0,0.0,0.0,2.0,0.0,0.0,0.0,0.0,12.0,14.0,1.0,15.0,34.0,27.0,41.0,8.0
890,1.0,890.0,London_56,three,151,453,1092.0,70.0,2.0,159003.0,8.517649321816862,804.0,137.0,0.0,137.0,242.0,0.0,242.0,191.0,39.0,120.0,32.0,144.0,15.0,83.0,3.0,17.0,11.0,70.0,157.0,215.0,82.0,0.0,0.0,0.0,0.0,0.0,0.0,0.0,0.0,0.0,0.0,0.0,0.0,0.0,0.0,0.0,0.0,0.0,0.0,0.0,0.0,0.0,0.0,0.0,0.0,0.0,0.0,0.0,0.0,0.0,0.0,0.0,0.0,0.0,0.0,0.0,0.0,0.0,0.0,0.0,0.0,0.0,1.0,0.0,3.0,0.0,1.0,11.0,11.0,13.0,8.0,29.0,31.0,25.0,14.0,0.0,0.0,0.0,0.0,0.0,0.0,0.0,0.0,0.0,0.0,0.0,0.0,0.0,0.0,0.0,0.0,0.0,0.0,0.0,0.0,0.0,2.0,0.0,4.0,0.0,1.0,16.0,16.0,20.0,8.0,47.0,44.0,27.0,17.0
891,1.0,891.0,London_56,three,151,453,1092.0,70.0,2.0,115968.0,5.772035642992705,709.0,101.0,2.0,99.0,186.0,16.0,170.0,242.0,51.0,116.0,37.0,127.0,24.0,77.0,5.0,16.0,8.0,63.0,167.0,215.0,74.0,0.0,0.0,0.0,0.0,0.0,0.0,0.0,0.0,0.0,0.0,0.0,0.0,0.0,0.0,0.0,0.0,0.0,0.0,0.0,0.0,0.0,0.0,0.0,0.0,0.0,0.0,0.0,0.0,0.0,0.0,1.0,0.0,1.0,0.0,0.0,1.0,0.0,0.0,0.0,0.0,2.0,3.0,0.0,1.0,0.0,0.0,7.0,7.0,3.0,2.0,13.0,24.0,18.0,10.0,0.0,0.0,0.0,0.0,0.0,0.0,0.0,0.0,0.0,0.0,2.0,0.0,4.0,0.0,0.0,1.0,0.0,0.0,0.0,0.0,3.0,4.0,0.0,1.0,0.0,0.0,12.0,10.0,4.0,4.0,19.0,34.0,24.0,12.0
892,1.0,892.0,London_56,three,151,453,1092.0,70.0,2.0,90600.0,0.5227709612809122,653.0,9.0,2.0,7.0,30.0,18.0,12.0,186.0,58.0,122.0,31.0,109.0,27.0,84.0,2.0,20.0,9.0,65.0,166.0,213.0,71.0,0.0,0.0,0.0,0.0,0.0,0.0,0.0,0.0,0.0,0.0,0.0,0.0,0.0,0.0,0.0,0.0,0.0,0.0,0.0,0.0,0.0,0.0,0.0,0.0,0.0,0.0,0.0,0.0,0.0,1.0,0.0,0.0,0.0,0.0,0.0,1.0,1.0,0.0,0.0,0.0,0.0,0.0,0.0,0.0,0.0,0.0,0.0,1.0,0.0,0.0,2.0,3.0,1.0,0.0,0.0,0.0,0.0,0.0,0.0,0.0,0.0,0.0,0.0,5.0,0.0,0.0,0.0,0.0,0.0,1.0,4.0,0.0,0.0,0.0,0.0,0.0,0.0,0.0,0.0,0.0,0.0,1.0,0.0,0.0,2.0,5.0,1.0,0.0
893,1.0,893.0,London_56,three,151,453,1092.0,70.0,2.0,123216.0,5.204398979898542,725.0,26.0,1.0,25.0,54.0,10.0,44.0,30.0,58.0,118.0,30.0,111.0,28.0,85.0,2.0,21.0,10.0,64.0,158.0,221.0,70.0,0.0,0.0,0.0,0.0,0.0,0.0,0.0,0.0,0.0,0.0,0.0,0.0,0.0,0.0,0.0,0.0,0.0,0.0,0.0,0.0,0.0,0.0,0.0,0.0,0.0,0.0,0.0,0.0,0.0,0.0,0.0,0.0,0.0,0.0,1.0,1.0,0.0,0.0,0.0,0.0,0.0,1.0,0.0,0.0,0.0,0.0,0.0,0.0,0.0,2.0,0.0,7.0,4.0,3.0,0.0,0.0,0.0,0.0,0.0,0.0,0.0,0.0,0.0,0.0,0.0,0.0,0.0,0.0,10.0,3.0,0.0,0.0,0.0,0.0,0.0,2.0,0.0,0.0,0.0,0.0,0.0,0.0,0.0,3.0,0.0,9.0,6.0,5.0
894,1.0,894.0,London_56,three,151,453,1092.0,70.0,2.0,153567.0,7.583302129991353,792.0,163.0,0.0,163.0,275.0,0.0,275.0,54.0,58.0,122.0,31.0,118.0,24.0,77.0,2.0,21.0,11.0,72.0,160.0,210.0,65.0,0.0,0.0,0.0,0.0,0.0,0.0,0.0,0.0,0.0,0.0,0.0,0.0,0.0,0.0,0.0,0.0,0.0,0.0,0.0,0.0,0.0,0.0,0.0,0.0,0.0,0.0,0.0,0.0,0.0,0.0,0.0,0.0,0.0,0.0,0.0,0.0,0.0,0.0,0.0,0.0,5.0,9.0,0.0,3.0,0.0,1.0,15.0,7.0,3.0,10.0,30.0,46.0,36.0,17.0,0.0,0.0,0.0,0.0,0.0,0.0,0.0,0.0,0.0,0.0,0.0,0.0,0.0,0.0,0.0,0.0,0.0,0.0,0.0,0.0,6.0,14.0,0.0,4.0,0.0,2.0,17.0,9.0,3.0,15.0,52.0,61.0,49.0,21.0
895,1.0,895.0,London_56,three,151,453,1092.0,70.0,2.0,114156.0,5.419129852671176,705.0,40.0,2.0,38.0,84.0,18.0,66.0,275.0,53.0,118.0,33.0,129.0,25.0,66.0,5.0,24.0,16.0,72.0,170.0,195.0,88.0,0.0,0.0,0.0,0.0,0.0,0.0,0.0,0.0,0.0,0.0,0.0,0.0,0.0,0.0,0.0,0.0,0.0,0.0,0.0,0.0,0.0,0.0,0.0,0.0,0.0,0.0,0.0,0.0,0.0,1.0,0.0,0.0,1.0,0.0,0.0,2.0,0.0,0.0,0.0,0.0,0.0,0.0,0.0,0.0,0.0,0.0,1.0,7.0,1.0,3.0,3.0,13.0,8.0,4.0,0.0,0.0,0.0,0.0,0.0,0.0,0.0,0.0,0.0,1.0,0.0,0.0,2.0,0.0,0.0,11.0,0.0,0.0,0.0,0.0,0.0,0.0,0.0,0.0,0.0,0.0,1.0,9.0,1.0,4.0,5.0,18.0,11.0,7.0
896,1.0,896.0,London_56,three,151,453,1092.0,70.0,2.0,130464.0,2.3473840611986816,741.0,33.0,2.0,31.0,75.0,19.0,56.0,84.0,56.0,128.0,38.0,128.0,15.0,58.0,5.0,25.0,15.0,76.0,167.0,195.0,99.0,0.0,0.0,0.0,0.0,0.0,0.0,0.0,0.0,0.0,0.0,0.0,0.0,0.0,0.0,0.0,0.0,0.0,0.0,0.0,0.0,0.0,0.0,0.0,0.0,0.0,0.0,0.0,0.0,0.0,1.0,0.0,0.0,1.0,1.0,0.0,1.0,0.0,0.0,0.0,0.0,2.0,2.0,0.0,1.0,0.0,0.0,2.0,2.0,1.0,6.0,10.0,7.0,10.0,1.0,0.0,0.0,0.0,0.0,0.0,0.0,0.0,0.0,0.0,2.0,0.0,0.0,5.0,6.0,0.0,3.0,0.0,0.0,0.0,0.0,3.0,3.0,0.0,1.0,0.0,0.0,2.0,3.0,1.0,8.0,15.0,12.0,14.0,1.0
897,1.0,897.0,London_56,three,151,453,1092.0,70.0,2.0,159456.0,3.2608440802432597,805.0,4.0,2.0,2.0,23.0,20.0,3.0,75.0,52.0,130.0,35.0,132.0,18.0,53.0,5.0,28.0,13.0,79.0,155.0,206.0,97.0,0.0,0.0,0.0,0.0,0.0,0.0,0.0,0.0,0.0,0.0,0.0,0.0,0.0,0.0,0.0,0.0,0.0,0.0,0.0,0.0,0.0,0.0,0.0,0.0,0.0,0.0,0.0,0.0,0.0,0.0,0.0,0.0,0.0,0.0,2.0,1.0,0.0,0.0,0.0,0.0,0.0,0.0,0.0,0.0,0.0,0.0,0.0,0.0,0.0,0.0,0.0,0.0,0.0,0.0,0.0,0.0,0.0,0.0,0.0,0.0,0.0,0.0,0.0,0.0,0.0,0.0,0.0,0.0,18.0,2.0,0.0,0.0,0.0,0.0,0.0,0.0,0.0,0.0,0.0,0.0,0.0,0.0,0.0,0.0,0.0,0.0,0.0,0.0
898,1.0,898.0,London_56,three,151,453,1092.0,70.0,2.0,203397.0,4.594425747171044,902.0,113.0,0.0,113.0,196.0,0.0,196.0,23.0,49.0,133.0,31.0,135.0,19.0,53.0,5.0,28.0,9.0,83.0,141.0,220.0,91.0,0.0,0.0,0.0,0.0,0.0,0.0,0.0,0.0,0.0,0.0,0.0,0.0,0.0,0.0,0.0,0.0,0.0,0.0,0.0,0.0,0.0,0.0,0.0,0.0,0.0,0.0,0.0,0.0,0.0,0.0,0.0,0.0,0.0,0.0,0.0,0.0,0.0,0.0,0.0,0.0,0.0,6.0,0.0,1.0,0.0,0.0,7.0,4.0,3.0,9.0,20.0,23.0,22.0,11.0,0.0,0.0,0.0,0.0,0.0,0.0,0.0,0.0,0.0,0.0,0.0,0.0,0.0,0.0,0.0,0.0,0.0,0.0,0.0,0.0,0.0,7.0,0.0,1.0,0.0,0.0,10.0,6.0,4.0,11.0,28.0,38.0,28.0,14.0
899,1.0,899.0,London_56,three,151,453,1092.0,70.0,2.0,205209.0,3.7736352421343327,906.0,175.0,2.0,173.0,298.0,17.0,281.0,196.0,60.0,134.0,32.0,118.0,14.0,62.0,4.0,29.0,13.0,71.0,158.0,211.0,101.0,0.0,0.0,0.0,0.0,0.0,0.0,0.0,0.0,0.0,0.0,0.0,0.0,0.0,0.0,0.0,0.0,0.0,0.0,0.0,0.0,0.0,0.0,0.0,0.0,0.0,0.0,0.0,0.0,0.0,0.0,0.0,0.0,2.0,0.0,0.0,2.0,0.0,0.0,0.0,0.0,0.0,10.0,0.0,3.0,0.0,0.0,7.0,7.0,6.0,19.0,39.0,36.0,24.0,9.0,0.0,0.0,0.0,0.0,0.0,0.0,0.0,0.0,0.0,0.0,0.0,0.0,2.0,0.0,0.0,5.0,0.0,0.0,0.0,0.0,0.0,16.0,0.0,5.0,0.0,0.0,8.0,8.0,7.0,21.0,53.0,52.0,31.0,13.0
900,1.0,900.0,London_56,three,151,453,1092.0,70.0,2.0,167610.0,3.169390494003892,823.0,32.0,0.0,32.0,51.0,0.0,51.0,298.0,73.0,143.0,24.0,111.0,8.0,59.0,4.0,31.0,10.0,73.0,172.0,198.0,88.0,0.0,0.0,0.0,0.0,0.0,0.0,0.0,0.0,0.0,0.0,0.0,0.0,0.0,0.0,0.0,0.0,0.0,0.0,0.0,0.0,0.0,0.0,0.0,0.0,0.0,0.0,0.0,0.0,0.0,0.0,0.0,0.0,0.0,0.0,0.0,0.0,0.0,0.0,0.0,0.0,3.0,2.0,0.0,0.0,0.0,0.0,3.0,2.0,1.0,2.0,4.0,18.0,6.0,7.0,0.0,0.0,0.0,0.0,0.0,0.0,0.0,0.0,0.0,0.0,0.0,0.0,0.0,0.0,0.0,0.0,0.0,0.0,0.0,0.0,3.0,3.0,0.0,0.0,0.0,0.0,3.0,2.0,1.0,3.0,4.0,27.0,6.0,10.0
901,1.0,901.0,London_56,three,151,453,1092.0,70.0,2.0,204756.0,3.863236127886921,905.0,67.0,0.0,67.0,110.0,0.0,110.0,51.0,73.0,141.0,27.0,106.0,10.0,60.0,4.0,32.0,12.0,70.0,167.0,204.0,90.0,0.0,0.0,0.0,0.0,0.0,0.0,0.0,0.0,0.0,0.0,0.0,0.0,0.0,0.0,0.0,0.0,0.0,0.0,0.0,0.0,0.0,0.0,0.0,0.0,0.0,0.0,0.0,0.0,0.0,0.0,0.0,0.0,0.0,0.0,0.0,0.0,0.0,0.0,0.0,0.0,1.0,1.0,0.0,1.0,1.0,0.0,3.0,5.0,7.0,3.0,14.0,14.0,11.0,9.0,0.0,0.0,0.0,0.0,0.0,0.0,0.0,0.0,0.0,0.0,0.0,0.0,0.0,0.0,0.0,0.0,0.0,0.0,0.0,0.0,1.0,2.0,0.0,1.0,3.0,0.0,3.0,9.0,9.0,3.0,20.0,20.0,15.0,15.0
902,1.0,902.0,London_56,three,151,453,1092.0,70.0,2.0,218799.0,5.84962988877669,936.0,170.0,1.0,169.0,312.0,9.0,303.0,110.0,73.0,138.0,28.0,107.0,16.0,60.0,4.0,27.0,14.0,80.0,156.0,203.0,93.0,0.0,0.0,0.0,0.0,0.0,0.0,0.0,0.0,0.0,0.0,0.0,0.0,0.0,0.0,0.0,0.0,0.0,0.0,0.0,0.0,0.0,0.0,0.0,0.0,0.0,0.0,0.0,0.0,0.0,0.0,0.0,0.0,0.0,0.0,0.0,0.0,0.0,0.0,0.0,0.0,1.0,6.0,0.0,7.0,0.0,1.0,7.0,5.0,2.0,3.0,36.0,33.0,28.0,12.0,0.0,0.0,0.0,0.0,0.0,0.0,0.0,0.0,0.0,0.0,0.0,0.0,0.0,0.0,0.0,0.0,0.0,0.0,0.0,0.0,2.0,6.0,0.0,13.0,0.0,1.0,8.0,5.0,3.0,3.0,56.0,50.0,34.0,17.0
903,1.0,903.0,London_56,three,151,453,1092.0,70.0,2.0,179841.0,3.336353181861341,850.0,144.0,0.0,144.0,229.0,0.0,229.0,312.0,72.0,127.0,40.0,104.0,17.0,67.0,3.0,23.0,8.0,80.0,140.0,225.0,58.0,0.0,0.0,0.0,0.0,0.0,0.0,0.0,0.0,0.0,0.0,0.0,0.0,0.0,0.0,0.0,0.0,0.0,0.0,0.0,0.0,0.0,0.0,0.0,0.0,0.0,0.0,0.0,0.0,0.0,0.0,0.0,0.0,0.0,0.0,0.0,0.0,0.0,0.0,0.0,0.0,2.0,4.0,0.0,0.0,2.0,0.0,8.0,3.0,8.0,7.0,39.0,32.0,34.0,9.0,0.0,0.0,0.0,0.0,0.0,0.0,0.0,0.0,0.0,0.0,0.0,0.0,0.0,0.0,0.0,0.0,0.0,0.0,0.0,0.0,2.0,5.0,0.0,0.0,2.0,0.0,10.0,6.0,12.0,9.0,53.0,45.0,39.0,13.0
904,1.0,904.0,London_56,three,151,453,1092.0,70.0,2.0,144054.0,6.506869869772345,771.0,90.0,0.0,90.0,149.0,0.0,149.0,229.0,74.0,130.0,47.0,112.0,13.0,57.0,3.0,17.0,10.0,76.0,156.0,211.0,69.0,0.0,0.0,0.0,0.0,0.0,0.0,0.0,0.0,0.0,0.0,0.0,0.0,0.0,0.0,0.0,0.0,0.0,0.0,0.0,0.0,0.0,0.0,0.0,0.0,0.0,0.0,0.0,0.0,0.0,0.0,0.0,0.0,0.0,0.0,0.0,0.0,0.0,0.0,0.0,0.0,0.0,3.0,0.0,0.0,0.0,0.0,1.0,8.0,1.0,6.0,14.0,23.0,14.0,7.0,0.0,0.0,0.0,0.0,0.0,0.0,0.0,0.0,0.0,0.0,0.0,0.0,0.0,0.0,0.0,0.0,0.0,0.0,0.0,0.0,0.0,4.0,0.0,0.0,0.0,0.0,2.0,12.0,1.0,7.0,21.0,35.0,20.0,9.0
905,1.0,905.0,London_56,three,151,453,1092.0,70.0,2.0,144054.0,6.407092702109367,771.0,32.0,0.0,32.0,51.0,0.0,51.0,149.0,69.0,136.0,48.0,105.0,15.0,58.0,4.0,18.0,12.0,75.0,154.0,212.0,82.0,0.0,0.0,0.0,0.0,0.0,0.0,0.0,0.0,0.0,0.0,0.0,0.0,0.0,0.0,0.0,0.0,0.0,0.0,0.0,0.0,0.0,0.0,0.0,0.0,0.0,0.0,0.0,0.0,0.0,0.0,0.0,0.0,0.0,0.0,0.0,0.0,0.0,0.0,0.0,0.0,0.0,0.0,0.0,1.0,0.0,0.0,3.0,1.0,2.0,3.0,9.0,8.0,9.0,3.0,0.0,0.0,0.0,0.0,0.0,0.0,0.0,0.0,0.0,0.0,0.0,0.0,0.0,0.0,0.0,0.0,0.0,0.0,0.0,0.0,0.0,0.0,0.0,1.0,0.0,0.0,3.0,1.0,2.0,3.0,10.0,11.0,10.0,5.0
906,1.0,906.0,London_56,three,151,453,1092.0,70.0,2.0,172593.0,6.898282907903194,834.0,73.0,2.0,71.0,136.0,17.0,119.0,51.0,71.0,137.0,51.0,105.0,15.0,52.0,4.0,18.0,12.0,77.0,150.0,214.0,86.0,0.0,0.0,0.0,0.0,0.0,0.0,0.0,0.0,0.0,0.0,0.0,0.0,0.0,0.0,0.0,0.0,0.0,0.0,0.0,0.0,0.0,0.0,0.0,0.0,0.0,0.0,0.0,0.0,0.0,0.0,0.0,0.0,1.0,0.0,0.0,0.0,0.0,0.0,0.0,0.0,0.0,0.0,0.0,0.0,0.0,0.0,5.0,2.0,4.0,12.0,17.0,16.0,14.0,7.0,0.0,0.0,0.0,0.0,0.0,0.0,0.0,0.0,0.0,0.0,0.0,0.0,7.0,0.0,0.0,0.0,0.0,0.0,0.0,0.0,0.0,0.0,0.0,0.0,0.0,0.0,7.0,2.0,6.0,15.0,27.0,24.0,21.0,9.0
907,1.0,907.0,London_56,three,151,453,1092.0,70.0,2.0,187995.0,11.500897321850061,868.0,236.0,2.0,234.0,438.0,20.0,418.0,136.0,59.0,149.0,48.0,111.0,15.0,49.0,5.0,17.0,8.0,70.0,156.0,219.0,82.0,0.0,0.0,0.0,0.0,0.0,0.0,0.0,0.0,0.0,1.0,0.0,1.0,0.0,0.0,0.0,0.0,0.0,0.0,1.0,0.0,0.0,0.0,0.0,0.0,0.0,0.0,0.0,0.0,0.0,2.0,0.0,0.0,2.0,0.0,0.0,2.0,0.0,0.0,0.0,0.0,2.0,20.0,0.0,4.0,31.0,1.0,9.0,6.0,23.0,20.0,48.0,49.0,31.0,16.0,0.0,0.0,0.0,0.0,0.0,0.0,0.0,0.0,0.0,9.0,0.0,0.0,10.0,0.0,0.0,3.0,0.0,0.0,0.0,0.0,2.0,27.0,0.0,6.0,35.0,2.0,10.0,6.0,30.0,25.0,74.0,73.0,35.0,29.0
908,1.0,908.0,London_56,three,151,453,1092.0,70.0,2.0,108267.0,2.4226278280839324,692.0,6.0,2.0,4.0,26.0,18.0,8.0,436.0,63.0,153.0,41.0,124.0,9.0,48.0,5.0,10.0,8.0,69.0,153.0,223.0,50.0,0.0,0.0,0.0,0.0,0.0,0.0,0.0,0.0,0.0,0.0,0.0,0.0,0.0,0.0,0.0,0.0,0.0,0.0,0.0,0.0,0.0,0.0,0.0,0.0,0.0,0.0,0.0,0.0,0.0,2.0,0.0,0.0,0.0,0.0,1.0,1.0,0.0,0.0,0.0,0.0,0.0,0.0,0.0,0.0,0.0,0.0,0.0,0.0,0.0,0.0,0.0,2.0,0.0,0.0,0.0,0.0,0.0,0.0,0.0,0.0,0.0,0.0,0.0,2.0,0.0,0.0,0.0,0.0,5.0,1.0,0.0,0.0,0.0,0.0,0.0,0.0,0.0,0.0,0.0,0.0,0.0,0.0,0.0,0.0,0.0,3.0,0.0,0.0
909,1.0,909.0,London_56,three,151,453,1092.0,70.0,2.0,136806.0,3.0575366178527474,755.0,17.0,1.0,16.0,34.0,9.0,25.0,26.0,61.0,160.0,38.0,127.0,8.0,45.0,4.0,10.0,5.0,73.0,149.0,226.0,47.0,0.0,0.0,0.0,0.0,0.0,0.0,0.0,0.0,0.0,0.0,0.0,0.0,0.0,0.0,0.0,0.0,0.0,0.0,0.0,0.0,0.0,0.0,0.0,0.0,0.0,0.0,0.0,0.0,0.0,0.0,0.0,0.0,0.0,0.0,1.0,0.0,0.0,0.0,0.0,0.0,0.0,0.0,0.0,0.0,0.0,0.0,0.0,2.0,0.0,1.0,1.0,4.0,1.0,2.0,0.0,0.0,0.0,0.0,0.0,0.0,0.0,0.0,0.0,0.0,0.0,0.0,0.0,0.0,1.0,0.0,0.0,0.0,0.0,0.0,0.0,0.0,0.0,0.0,0.0,0.0,0.0,2.0,0.0,1.0,1.0,4.0,1.0,4.0
910,1.0,910.0,London_56,three,151,453,1092.0,70.0,2.0,164439.0,2.3337005358189344,816.0,106.0,2.0,104.0,187.0,18.0,169.0,34.0,59.0,161.0,38.0,130.0,9.0,41.0,4.0,11.0,5.0,75.0,142.0,231.0,47.0,0.0,0.0,0.0,0.0,0.0,0.0,0.0,0.0,0.0,0.0,0.0,0.0,0.0,0.0,0.0,0.0,0.0,0.0,0.0,0.0,0.0,0.0,0.0,0.0,0.0,0.0,0.0,0.0,0.0,1.0,0.0,0.0,0.0,0.0,0.0,0.0,0.0,0.0,0.0,0.0,1.0,1.0,0.0,2.0,0.0,0.0,13.0,6.0,0.0,6.0,14.0,22.0,17.0,5.0,0.0,0.0,0.0,0.0,0.0,0.0,0.0,0.0,0.0,7.0,0.0,0.0,0.0,0.0,0.0,0.0,0.0,0.0,0.0,0.0,1.0,1.0,0.0,3.0,0.0,0.0,20.0,7.0,0.0,7.0,25.0,32.0,19.0,7.0
911,1.0,911.0,London_56,three,151,453,1092.0,70.0,2.0,155832.0,3.69027023203671,797.0,108.0,1.0,107.0,200.0,8.0,192.0,187.0,52.0,146.0,41.0,152.0,5.0,41.0,3.0,13.0,6.0,60.0,167.0,220.0,58.0,0.0,0.0,0.0,0.0,0.0,0.0,0.0,0.0,0.0,0.0,0.0,0.0,0.0,0.0,0.0,0.0,0.0,0.0,0.0,0.0,0.0,0.0,0.0,0.0,0.0,0.0,0.0,0.0,0.0,0.0,0.0,0.0,0.0,0.0,0.0,1.0,0.0,0.0,0.0,0.0,3.0,2.0,0.0,2.0,0.0,0.0,5.0,8.0,1.0,9.0,26.0,29.0,17.0,15.0,0.0,0.0,0.0,0.0,0.0,0.0,0.0,0.0,0.0,0.0,0.0,0.0,0.0,0.0,0.0,5.0,0.0,0.0,0.0,0.0,4.0,2.0,0.0,3.0,0.0,0.0,9.0,12.0,2.0,13.0,43.0,43.0,26.0,24.0
912,1.0,912.0,London_56,three,151,453,1092.0,70.0,2.0,138165.0,0.9057737728580832,758.0,99.0,1.0,98.0,185.0,9.0,176.0,200.0,56.0,144.0,32.0,152.0,13.0,41.0,1.0,14.0,9.0,76.0,158.0,210.0,55.0,0.0,0.0,0.0,0.0,0.0,0.0,0.0,0.0,0.0,0.0,0.0,0.0,0.0,0.0,0.0,0.0,0.0,0.0,0.0,0.0,0.0,0.0,0.0,0.0,0.0,0.0,0.0,0.0,0.0,0.0,0.0,0.0,0.0,0.0,1.0,0.0,0.0,0.0,0.0,0.0,2.0,1.0,0.0,0.0,0.0,0.0,3.0,6.0,4.0,10.0,21.0,23.0,12.0,13.0,0.0,0.0,0.0,0.0,0.0,0.0,0.0,0.0,0.0,0.0,0.0,0.0,0.0,0.0,6.0,0.0,0.0,0.0,0.0,0.0,2.0,1.0,0.0,0.0,0.0,0.0,3.0,9.0,4.0,15.0,34.0,29.0,13.0,23.0
913,1.0,913.0,London_56,three,151,453,1092.0,70.0,2.0,130464.0,6.75760584557429,741.0,114.0,0.0,114.0,198.0,0.0,198.0,185.0,47.0,159.0,39.0,131.0,12.0,45.0,2.0,18.0,11.0,82.0,153.0,207.0,68.0,0.0,0.0,0.0,0.0,0.0,0.0,0.0,0.0,0.0,0.0,0.0,0.0,0.0,0.0,0.0,0.0,0.0,0.0,0.0,0.0,0.0,0.0,0.0,0.0,0.0,0.0,0.0,0.0,0.0,0.0,0.0,0.0,0.0,0.0,0.0,0.0,0.0,0.0,0.0,0.0,0.0,0.0,1.0,0.0,0.0,1.0,10.0,6.0,2.0,15.0,21.0,28.0,18.0,7.0,0.0,0.0,0.0,0.0,0.0,0.0,0.0,0.0,0.0,0.0,0.0,0.0,0.0,0.0,0.0,0.0,0.0,0.0,0.0,0.0,0.0,0.0,1.0,0.0,0.0,3.0,15.0,8.0,3.0,20.0,26.0,43.0,22.0,12.0
914,1.0,914.0,London_56,three,151,453,1092.0,70.0,2.0,102831.0,6.912706920877099,680.0,16.0,2.0,14.0,42.0,18.0,24.0,198.0,39.0,171.0,47.0,116.0,15.0,47.0,2.0,16.0,12.0,75.0,146.0,220.0,79.0,0.0,0.0,0.0,0.0,0.0,0.0,0.0,0.0,0.0,0.0,0.0,0.0,0.0,0.0,0.0,0.0,0.0,0.0,0.0,0.0,0.0,0.0,0.0,0.0,0.0,0.0,0.0,0.0,0.0,0.0,0.0,0.0,0.0,0.0,1.0,1.0,0.0,0.0,0.0,0.0,0.0,0.0,0.0,1.0,0.0,0.0,3.0,1.0,0.0,2.0,4.0,3.0,2.0,3.0,0.0,0.0,0.0,0.0,0.0,0.0,0.0,0.0,0.0,0.0,0.0,0.0,0.0,0.0,7.0,5.0,0.0,0.0,0.0,0.0,0.0,0.0,0.0,1.0,0.0,0.0,3.0,1.0,0.0,3.0,4.0,7.0,2.0,4.0
915,1.0,915.0,London_56,three,151,453,1092.0,70.0,2.0,132729.0,7.453412026632577,746.0,84.0,0.0,84.0,142.0,0.0,142.0,42.0,40.0,162.0,49.0,124.0,15.0,46.0,3.0,14.0,11.0,77.0,142.0,223.0,85.0,0.0,0.0,0.0,0.0,0.0,0.0,0.0,0.0,0.0,0.0,0.0,0.0,0.0,0.0,0.0,0.0,0.0,0.0,0.0,0.0,0.0,0.0,0.0,0.0,0.0,0.0,0.0,0.0,0.0,0.0,0.0,0.0,0.0,0.0,0.0,0.0,0.0,0.0,0.0,0.0,2.0,2.0,0.0,1.0,0.0,0.0,10.0,2.0,4.0,7.0,14.0,20.0,15.0,8.0,0.0,0.0,0.0,0.0,0.0,0.0,0.0,0.0,0.0,0.0,0.0,0.0,0.0,0.0,0.0,0.0,0.0,0.0,0.0,0.0,2.0,2.0,0.0,1.0,0.0,0.0,13.0,5.0,8.0,8.0,23.0,32.0,19.0,9.0
916,1.0,916.0,London_56,three,151,453,1092.0,70.0,2.0,131370.0,7.074981396086514,743.0,62.0,1.0,61.0,106.0,8.0,98.0,142.0,51.0,157.0,39.0,132.0,18.0,43.0,3.0,10.0,10.0,79.0,148.0,216.0,94.0,0.0,0.0,0.0,0.0,0.0,0.0,0.0,0.0,0.0,0.0,0.0,0.0,0.0,0.0,0.0,0.0,0.0,0.0,0.0,0.0,0.0,0.0,0.0,0.0,0.0,0.0,0.0,0.0,0.0,0.0,0.0,0.0,0.0,0.0,1.0,1.0,0.0,0.0,0.0,0.0,0.0,1.0,0.0,0.0,0.0,0.0,9.0,5.0,3.0,1.0,13.0,17.0,12.0,6.0,0.0,0.0,0.0,0.0,0.0,0.0,0.0,0.0,0.0,0.0,0.0,0.0,0.0,0.0,7.0,1.0,0.0,0.0,0.0,0.0,0.0,2.0,0.0,0.0,0.0,0.0,9.0,8.0,3.0,1.0,20.0,22.0,16.0,9.0
917,1.0,917.0,London_56,three,151,453,1092.0,70.0,2.0,140430.0,7.423669363837689,763.0,90.0,1.0,89.0,166.0,8.0,158.0,106.0,48.0,152.0,36.0,140.0,18.0,46.0,3.0,10.0,9.0,79.0,153.0,212.0,93.0,0.0,0.0,0.0,0.0,0.0,0.0,0.0,0.0,0.0,0.0,0.0,0.0,0.0,0.0,0.0,0.0,0.0,0.0,0.0,0.0,0.0,0.0,0.0,0.0,0.0,0.0,0.0,0.0,0.0,0.0,0.0,0.0,0.0,0.0,0.0,0.0,1.0,0.0,0.0,0.0,2.0,0.0,0.0,0.0,0.0,0.0,3.0,6.0,1.0,11.0,20.0,28.0,26.0,4.0,0.0,0.0,0.0,0.0,0.0,0.0,0.0,0.0,0.0,0.0,0.0,0.0,0.0,0.0,0.0,0.0,8.0,0.0,0.0,0.0,2.0,0.0,0.0,0.0,0.0,0.0,3.0,9.0,1.0,11.0,30.0,45.0,32.0,7.0
918,1.0,918.0,London_56,three,151,453,1092.0,70.0,2.0,140430.0,7.178058333694935,763.0,85.0,0.0,85.0,140.0,0.0,140.0,166.0,61.0,156.0,40.0,125.0,14.0,42.0,2.0,13.0,8.0,82.0,135.0,228.0,89.0,0.0,0.0,0.0,0.0,0.0,0.0,0.0,0.0,0.0,0.0,0.0,0.0,0.0,0.0,0.0,0.0,0.0,0.0,0.0,0.0,0.0,0.0,0.0,0.0,0.0,0.0,0.0,0.0,0.0,0.0,0.0,0.0,0.0,0.0,0.0,0.0,0.0,0.0,0.0,0.0,1.0,2.0,0.0,2.0,0.0,0.0,13.0,8.0,3.0,7.0,16.0,22.0,12.0,14.0,0.0,0.0,0.0,0.0,0.0,0.0,0.0,0.0,0.0,0.0,0.0,0.0,0.0,0.0,0.0,0.0,0.0,0.0,0.0,0.0,1.0,3.0,0.0,2.0,0.0,0.0,15.0,11.0,5.0,8.0,22.0,32.0,15.0,21.0
919,1.0,919.0,London_56,three,151,453,1092.0,70.0,2.0,127746.0,6.821768245194107,735.0,9.0,2.0,7.0,29.0,18.0,11.0,140.0,68.0,162.0,38.0,129.0,11.0,33.0,1.0,11.0,9.0,83.0,146.0,215.0,86.0,0.0,0.0,0.0,0.0,0.0,0.0,0.0,0.0,0.0,0.0,0.0,0.0,0.0,0.0,0.0,0.0,0.0,0.0,0.0,0.0,0.0,0.0,0.0,0.0,0.0,0.0,0.0,0.0,0.0,1.0,0.0,0.0,0.0,0.0,1.0,0.0,0.0,0.0,0.0,0.0,0.0,0.0,0.0,1.0,0.0,0.0,0.0,0.0,0.0,0.0,1.0,2.0,2.0,2.0,0.0,0.0,0.0,0.0,0.0,0.0,0.0,0.0,0.0,7.0,0.0,0.0,0.0,0.0,6.0,0.0,0.0,0.0,0.0,0.0,0.0,0.0,0.0,1.0,0.0,0.0,0.0,0.0,0.0,0.0,1.0,3.0,2.0,2.0
920,1.0,920.0,London_56,three,151,453,1092.0,70.0,2.0,158550.0,5.806199606973678,803.0,39.0,2.0,37.0,73.0,16.0,57.0,29.0,65.0,159.0,40.0,131.0,12.0,32.0,1.0,13.0,10.0,85.0,138.0,220.0,77.0,0.0,0.0,0.0,0.0,0.0,0.0,0.0,0.0,0.0,0.0,0.0,0.0,0.0,0.0,0.0,0.0,0.0,0.0,0.0,0.0,0.0,0.0,0.0,0.0,0.0,0.0,0.0,0.0,0.0,1.0,0.0,0.0,0.0,0.0,1.0,1.0,0.0,0.0,0.0,0.0,3.0,0.0,0.0,0.0,0.0,0.0,0.0,2.0,2.0,5.0,10.0,5.0,9.0,2.0,0.0,0.0,0.0,0.0,0.0,0.0,0.0,0.0,0.0,8.0,0.0,0.0,0.0,0.0,5.0,3.0,0.0,0.0,0.0,0.0,3.0,0.0,0.0,0.0,0.0,0.0,0.0,2.0,2.0,6.0,12.0,5.0,11.0,2.0
921,1.0,921.0,London_56,three,151,453,1092.0,70.0,2.0,178029.0,7.377705620136112,846.0,138.0,2.0,136.0,254.0,20.0,234.0,73.0,57.0,149.0,42.0,142.0,14.0,33.0,0.0,16.0,8.0,85.0,143.0,217.0,69.0,0.0,0.0,0.0,0.0,0.0,0.0,0.0,0.0,0.0,0.0,0.0,0.0,0.0,0.0,0.0,0.0,0.0,0.0,0.0,0.0,0.0,0.0,0.0,0.0,0.0,0.0,0.0,0.0,0.0,1.0,0.0,1.0,1.0,0.0,0.0,2.0,0.0,0.0,0.0,0.0,10.0,1.0,1.0,3.0,0.0,1.0,14.0,3.0,7.0,10.0,34.0,30.0,28.0,11.0,0.0,0.0,0.0,0.0,0.0,0.0,0.0,0.0,0.0,7.0,0.0,8.0,4.0,0.0,0.0,5.0,0.0,0.0,0.0,0.0,11.0,1.0,1.0,5.0,0.0,2.0,18.0,4.0,11.0,13.0,49.0,40.0,37.0,14.0
922,1.0,922.0,London_56,three,151,453,1092.0,70.0,2.0,148131.0,4.967014341149479,780.0,143.0,0.0,143.0,245.0,0.0,245.0,254.0,49.0,169.0,33.0,135.0,16.0,35.0,1.0,15.0,6.0,94.0,138.0,215.0,72.0,0.0,0.0,0.0,0.0,0.0,0.0,0.0,0.0,0.0,0.0,0.0,0.0,0.0,0.0,0.0,0.0,0.0,0.0,0.0,0.0,0.0,0.0,0.0,0.0,0.0,0.0,0.0,0.0,0.0,0.0,0.0,0.0,0.0,0.0,0.0,0.0,0.0,0.0,0.0,0.0,8.0,1.0,0.0,2.0,0.0,0.0,11.0,14.0,2.0,12.0,26.0,26.0,34.0,8.0,0.0,0.0,0.0,0.0,0.0,0.0,0.0,0.0,0.0,0.0,0.0,0.0,0.0,0.0,0.0,0.0,0.0,0.0,0.0,0.0,10.0,1.0,0.0,2.0,0.0,0.0,16.0,18.0,2.0,17.0,38.0,36.0,43.0,10.0
923,1.0,923.0,London_56,three,151,453,1092.0,70.0,2.0,121404.0,3.731535386759788,721.0,85.0,0.0,85.0,155.0,0.0,155.0,245.0,52.0,175.0,37.0,117.0,12.0,41.0,4.0,15.0,8.0,99.0,147.0,199.0,75.0,0.0,0.0,0.0,0.0,0.0,0.0,0.0,0.0,0.0,0.0,0.0,0.0,0.0,0.0,0.0,0.0,0.0,0.0,0.0,0.0,0.0,0.0,0.0,0.0,0.0,0.0,0.0,0.0,0.0,0.0,0.0,0.0,0.0,0.0,0.0,0.0,0.0,0.0,0.0,0.0,3.0,4.0,0.0,3.0,0.0,0.0,7.0,3.0,7.0,7.0,16.0,22.0,22.0,5.0,0.0,0.0,0.0,0.0,0.0,0.0,0.0,0.0,0.0,0.0,0.0,0.0,0.0,0.0,0.0,0.0,0.0,0.0,0.0,0.0,4.0,6.0,0.0,5.0,0.0,0.0,8.0,4.0,8.0,9.0,25.0,35.0,27.0,9.0
924,1.0,924.0,London_56,three,151,453,1092.0,70.0,2.0,121857.0,5.959968036971986,722.0,24.0,2.0,22.0,57.0,19.0,38.0,155.0,48.0,157.0,40.0,129.0,11.0,46.0,4.0,18.0,11.0,101.0,136.0,205.0,77.0,0.0,0.0,0.0,0.0,0.0,0.0,0.0,0.0,0.0,0.0,0.0,0.0,0.0,0.0,0.0,0.0,0.0,0.0,0.0,0.0,0.0,0.0,0.0,0.0,0.0,0.0,0.0,0.0,0.0,0.0,0.0,0.0,1.0,0.0,0.0,1.0,0.0,0.0,0.0,0.0,0.0,0.0,0.0,0.0,0.0,0.0,1.0,0.0,0.0,1.0,8.0,3.0,6.0,3.0,0.0,0.0,0.0,0.0,0.0,0.0,0.0,0.0,0.0,0.0,0.0,0.0,4.0,0.0,0.0,4.0,0.0,0.0,0.0,0.0,0.0,0.0,0.0,0.0,0.0,0.0,1.0,0.0,0.0,1.0,12.0,4.0,8.0,4.0
925,1.0,925.0,London_56,three,151,453,1092.0,70.0,2.0,160815.0,6.825698531232774,808.0,51.0,0.0,51.0,92.0,0.0,92.0,57.0,44.0,148.0,45.0,133.0,12.0,49.0,3.0,19.0,6.0,103.0,134.0,210.0,76.0,0.0,0.0,0.0,0.0,0.0,0.0,0.0,0.0,0.0,0.0,0.0,0.0,0.0,0.0,0.0,0.0,0.0,0.0,0.0,0.0,0.0,0.0,0.0,0.0,0.0,0.0,0.0,0.0,0.0,0.0,0.0,0.0,0.0,0.0,0.0,0.0,0.0,0.0,0.0,0.0,1.0,0.0,0.0,2.0,0.0,0.0,3.0,2.0,2.0,7.0,11.0,13.0,14.0,3.0,0.0,0.0,0.0,0.0,0.0,0.0,0.0,0.0,0.0,0.0,0.0,0.0,0.0,0.0,0.0,0.0,0.0,0.0,0.0,0.0,2.0,0.0,0.0,2.0,0.0,0.0,6.0,2.0,3.0,10.0,17.0,15.0,16.0,5.0
926,1.0,926.0,London_56,three,151,453,1092.0,70.0,2.0,176217.0,6.379437300842255,842.0,57.0,1.0,56.0,101.0,11.0,90.0,92.0,49.0,136.0,46.0,136.0,15.0,51.0,3.0,17.0,10.0,95.0,138.0,210.0,80.0,0.0,0.0,0.0,0.0,0.0,0.0,0.0,0.0,0.0,0.0,0.0,0.0,0.0,0.0,0.0,0.0,0.0,0.0,0.0,0.0,0.0,0.0,0.0,0.0,0.0,0.0,0.0,0.0,0.0,1.0,0.0,0.0,1.0,0.0,0.0,1.0,0.0,0.0,0.0,0.0,2.0,2.0,0.0,0.0,0.0,0.0,3.0,4.0,0.0,7.0,9.0,12.0,18.0,5.0,0.0,0.0,0.0,0.0,0.0,0.0,0.0,0.0,0.0,9.0,0.0,0.0,6.0,0.0,0.0,1.0,0.0,0.0,0.0,0.0,3.0,2.0,0.0,0.0,0.0,0.0,5.0,5.0,0.0,9.0,13.0,23.0,20.0,6.0
927,1.0,927.0,London_56,three,151,453,1092.0,70.0,2.0,195243.0,7.232214031275362,884.0,99.0,0.0,99.0,162.0,0.0,162.0,101.0,53.0,131.0,44.0,140.0,14.0,49.0,3.0,19.0,10.0,88.0,143.0,212.0,84.0,0.0,0.0,0.0,0.0,0.0,0.0,0.0,0.0,0.0,0.0,0.0,0.0,0.0,0.0,0.0,0.0,0.0,0.0,0.0,0.0,0.0,0.0,0.0,0.0,0.0,0.0,0.0,0.0,0.0,0.0,0.0,0.0,0.0,0.0,0.0,0.0,0.0,0.0,0.0,0.0,4.0,8.0,0.0,2.0,0.0,0.0,6.0,10.0,6.0,7.0,24.0,27.0,20.0,10.0,0.0,0.0,0.0,0.0,0.0,0.0,0.0,0.0,0.0,0.0,0.0,0.0,0.0,0.0,0.0,0.0,0.0,0.0,0.0,0.0,4.0,13.0,0.0,2.0,0.0,0.0,8.0,10.0,7.0,8.0,38.0,38.0,30.0,14.0
928,1.0,928.0,London_56,three,151,453,1092.0,70.0,2.0,196602.0,5.1349125117994845,887.0,158.0,0.0,158.0,293.0,0.0,293.0,162.0,52.0,143.0,38.0,139.0,16.0,43.0,5.0,17.0,13.0,71.0,162.0,207.0,83.0,0.0,0.0,0.0,0.0,0.0,0.0,0.0,0.0,0.0,0.0,0.0,0.0,0.0,0.0,0.0,0.0,0.0,0.0,0.0,0.0,0.0,0.0,0.0,0.0,0.0,0.0,0.0,0.0,0.0,0.0,0.0,0.0,0.0,0.0,0.0,0.0,0.0,0.0,0.0,0.0,2.0,16.0,0.0,5.0,0.0,0.0,3.0,13.0,15.0,9.0,25.0,47.0,25.0,11.0,0.0,0.0,0.0,0.0,0.0,0.0,0.0,0.0,0.0,0.0,0.0,0.0,0.0,0.0,0.0,0.0,0.0,0.0,0.0,0.0,4.0,22.0,0.0,9.0,0.0,0.0,5.0,17.0,20.0,12.0,39.0,72.0,30.0,14.0
929,1.0,929.0,London_56,three,151,453,1092.0,70.0,2.0,162627.0,6.884200177621096,812.0,49.0,2.0,47.0,105.0,18.0,87.0,293.0,52.0,157.0,45.0,126.0,17.0,37.0,5.0,14.0,11.0,73.0,169.0,200.0,73.0,0.0,0.0,0.0,0.0,0.0,0.0,0.0,0.0,0.0,0.0,0.0,0.0,0.0,0.0,0.0,0.0,0.0,0.0,0.0,0.0,0.0,0.0,0.0,0.0,0.0,0.0,0.0,0.0,0.0,0.0,0.0,0.0,0.0,0.0,1.0,1.0,0.0,0.0,0.0,0.0,0.0,0.0,0.0,0.0,0.0,0.0,6.0,3.0,0.0,2.0,11.0,13.0,14.0,3.0,0.0,0.0,0.0,0.0,0.0,0.0,0.0,0.0,0.0,0.0,0.0,0.0,0.0,0.0,7.0,1.0,0.0,0.0,0.0,0.0,0.0,0.0,0.0,0.0,0.0,0.0,9.0,5.0,0.0,3.0,18.0,19.0,19.0,3.0
930,1.0,930.0,London_56,three,151,453,1092.0,70.0,2.0,182559.0,7.1893005687743425,856.0,137.0,1.0,136.0,248.0,10.0,238.0,105.0,57.0,141.0,43.0,136.0,16.0,37.0,7.0,16.0,10.0,77.0,166.0,200.0,70.0,0.0,0.0,0.0,0.0,0.0,0.0,0.0,0.0,0.0,0.0,0.0,0.0,0.0,0.0,0.0,0.0,0.0,0.0,0.0,0.0,0.0,0.0,0.0,0.0,0.0,0.0,0.0,0.0,0.0,0.0,0.0,0.0,0.0,0.0,0.0,0.0,1.0,0.0,0.0,0.0,3.0,4.0,0.0,2.0,0.0,0.0,8.0,10.0,7.0,7.0,23.0,34.0,24.0,9.0,0.0,0.0,0.0,0.0,0.0,0.0,0.0,0.0,0.0,0.0,0.0,0.0,0.0,0.0,0.0,0.0,9.0,0.0,0.0,0.0,3.0,4.0,0.0,2.0,0.0,0.0,9.0,14.0,8.0,13.0,36.0,49.0,31.0,13.0
931,1.0,931.0,London_56,three,151,453,1092.0,70.0,2.0,164439.0,8.264459127094597,816.0,175.0,0.0,175.0,292.0,0.0,292.0,248.0,62.0,128.0,40.0,140.0,19.0,37.0,5.0,22.0,8.0,82.0,162.0,201.0,75.0,0.0,0.0,0.0,0.0,0.0,0.0,0.0,0.0,0.0,0.0,0.0,0.0,0.0,0.0,0.0,0.0,0.0,0.0,0.0,0.0,0.0,0.0,0.0,0.0,0.0,0.0,0.0,0.0,0.0,0.0,0.0,0.0,0.0,0.0,0.0,0.0,0.0,0.0,0.0,0.0,3.0,20.0,0.0,0.0,0.0,1.0,2.0,4.0,4.0,4.0,37.0,34.0,30.0,10.0,0.0,0.0,0.0,0.0,0.0,0.0,0.0,0.0,0.0,0.0,0.0,0.0,0.0,0.0,0.0,0.0,0.0,0.0,0.0,0.0,3.0,26.0,0.0,0.0,0.0,1.0,2.0,6.0,4.0,5.0,59.0,48.0,40.0,15.0
932,1.0,932.0,London_56,three,151,453,1092.0,70.0,2.0,114156.0,5.532121961936355,705.0,8.0,0.0,8.0,16.0,0.0,16.0,292.0,59.0,147.0,35.0,132.0,21.0,37.0,8.0,14.0,10.0,83.0,158.0,202.0,84.0,0.0,0.0,0.0,0.0,0.0,0.0,0.0,0.0,0.0,0.0,0.0,0.0,0.0,0.0,0.0,0.0,0.0,0.0,0.0,0.0,0.0,0.0,0.0,0.0,0.0,0.0,0.0,0.0,0.0,0.0,0.0,0.0,0.0,0.0,0.0,0.0,0.0,0.0,0.0,0.0,0.0,0.0,0.0,0.0,0.0,0.0,0.0,0.0,1.0,0.0,1.0,0.0,0.0,1.0,0.0,0.0,0.0,0.0,0.0,0.0,0.0,0.0,0.0,0.0,0.0,0.0,0.0,0.0,0.0,0.0,0.0,0.0,0.0,0.0,0.0,0.0,0.0,0.0,0.0,0.0,0.0,0.0,2.0,0.0,2.0,0.0,0.0,1.0
933,1.0,933.0,London_56,three,151,453,1092.0,70.0,2.0,141789.0,6.340097244363278,766.0,108.0,2.0,106.0,222.0,16.0,206.0,16.0,62.0,146.0,32.0,135.0,21.0,35.0,8.0,14.0,10.0,83.0,162.0,198.0,86.0,0.0,0.0,0.0,0.0,0.0,0.0,0.0,0.0,0.0,0.0,0.0,0.0,0.0,0.0,0.0,0.0,0.0,0.0,0.0,0.0,0.0,0.0,0.0,0.0,0.0,0.0,0.0,0.0,0.0,0.0,1.0,0.0,1.0,0.0,0.0,1.0,0.0,0.0,0.0,0.0,0.0,2.0,0.0,0.0,0.0,0.0,6.0,10.0,1.0,5.0,22.0,14.0,26.0,12.0,0.0,0.0,0.0,0.0,0.0,0.0,0.0,0.0,0.0,0.0,1.0,0.0,1.0,0.0,0.0,1.0,0.0,0.0,0.0,0.0,0.0,6.0,0.0,0.0,0.0,0.0,7.0,15.0,2.0,7.0,36.0,21.0,38.0,21.0
934,1.0,934.0,London_56,three,151,453,1092.0,70.0,2.0,132729.0,7.218688036315143,746.0,40.0,2.0,38.0,87.0,18.0,69.0,222.0,66.0,123.0,38.0,144.0,16.0,43.0,5.0,18.0,11.0,63.0,168.0,211.0,89.0,0.0,0.0,0.0,0.0,0.0,0.0,0.0,0.0,0.0,0.0,0.0,0.0,0.0,0.0,0.0,0.0,0.0,0.0,0.0,0.0,0.0,0.0,0.0,0.0,0.0,0.0,0.0,0.0,0.0,1.0,0.0,0.0,0.0,0.0,0.0,1.0,1.0,0.0,0.0,0.0,0.0,3.0,0.0,0.0,0.0,0.0,5.0,2.0,0.0,9.0,8.0,7.0,8.0,5.0,0.0,0.0,0.0,0.0,0.0,0.0,0.0,0.0,0.0,6.0,0.0,0.0,0.0,0.0,0.0,4.0,7.0,0.0,0.0,0.0,0.0,3.0,0.0,0.0,0.0,0.0,5.0,3.0,0.0,10.0,13.0,10.0,12.0,9.0
935,1.0,935.0,London_56,three,151,453,1092.0,70.0,2.0,143148.0,8.069049734156579,769.0,129.0,1.0,128.0,222.0,10.0,212.0,87.0,65.0,123.0,34.0,144.0,20.0,46.0,6.0,15.0,11.0,68.0,167.0,207.0,89.0,0.0,0.0,0.0,0.0,0.0,0.0,0.0,0.0,0.0,0.0,0.0,0.0,0.0,0.0,0.0,0.0,0.0,0.0,0.0,0.0,0.0,0.0,0.0,0.0,0.0,0.0,0.0,0.0,0.0,0.0,0.0,0.0,0.0,0.0,1.0,0.0,0.0,0.0,0.0,0.0,2.0,4.0,0.0,2.0,0.0,1.0,9.0,7.0,11.0,7.0,27.0,28.0,27.0,7.0,0.0,0.0,0.0,0.0,0.0,0.0,0.0,0.0,0.0,0.0,0.0,0.0,0.0,0.0,5.0,0.0,0.0,0.0,0.0,0.0,3.0,6.0,0.0,2.0,0.0,3.0,13.0,7.0,15.0,8.0,42.0,39.0,34.0,11.0
936,1.0,936.0,London_56,three,151,453,1092.0,70.0,2.0,126387.0,2.284389545209706,732.0,1.0,0.0,1.0,2.0,0.0,2.0,222.0,66.0,136.0,39.0,143.0,11.0,43.0,5.0,10.0,10.0,73.0,147.0,223.0,83.0,0.0,0.0,0.0,0.0,0.0,0.0,0.0,0.0,0.0,0.0,0.0,0.0,0.0,0.0,0.0,0.0,0.0,0.0,0.0,0.0,0.0,0.0,0.0,0.0,0.0,0.0,0.0,0.0,0.0,0.0,0.0,0.0,0.0,0.0,0.0,0.0,0.0,0.0,0.0,0.0,0.0,0.0,0.0,0.0,0.0,0.0,0.0,0.0,0.0,0.0,1.0,0.0,1.0,0.0,0.0,0.0,0.0,0.0,0.0,0.0,0.0,0.0,0.0,0.0,0.0,0.0,0.0,0.0,0.0,0.0,0.0,0.0,0.0,0.0,0.0,0.0,0.0,0.0,0.0,0.0,0.0,0.0,0.0,0.0,2.0,0.0,1.0,0.0
937,1.0,937.0,London_56,three,151,453,1092.0,70.0,2.0,168969.0,3.607266933657229,826.0,116.0,2.0,114.0,221.0,18.0,203.0,2.0,67.0,136.0,39.0,144.0,11.0,41.0,5.0,10.0,10.0,71.0,147.0,225.0,83.0,0.0,0.0,0.0,0.0,0.0,0.0,0.0,0.0,0.0,0.0,0.0,0.0,0.0,0.0,0.0,0.0,0.0,0.0,0.0,0.0,0.0,0.0,0.0,0.0,0.0,0.0,0.0,0.0,0.0,0.0,0.0,0.0,1.0,0.0,0.0,1.0,0.0,0.0,0.0,0.0,1.0,4.0,0.0,4.0,1.0,0.0,6.0,7.0,4.0,8.0,30.0,19.0,25.0,4.0,0.0,0.0,0.0,0.0,0.0,0.0,0.0,0.0,0.0,0.0,0.0,0.0,7.0,0.0,0.0,2.0,0.0,0.0,0.0,0.0,1.0,8.0,0.0,5.0,1.0,0.0,7.0,11.0,6.0,10.0,50.0,28.0,30.0,7.0
938,1.0,938.0,London_56,three,151,453,1092.0,70.0,2.0,156738.0,3.097077345009893,799.0,36.0,2.0,34.0,73.0,19.0,54.0,221.0,62.0,147.0,30.0,149.0,9.0,36.0,5.0,15.0,8.0,83.0,135.0,227.0,72.0,0.0,0.0,0.0,0.0,0.0,0.0,0.0,0.0,0.0,0.0,0.0,0.0,0.0,0.0,0.0,0.0,0.0,0.0,0.0,0.0,0.0,0.0,0.0,0.0,0.0,0.0,0.0,0.0,0.0,2.0,0.0,0.0,2.0,0.0,0.0,1.0,0.0,0.0,0.0,0.0,0.0,0.0,0.0,0.0,0.0,0.0,1.0,2.0,1.0,4.0,6.0,8.0,6.0,5.0,0.0,0.0,0.0,0.0,0.0,0.0,0.0,0.0,0.0,10.0,0.0,0.0,9.0,0.0,0.0,2.0,0.0,0.0,0.0,0.0,0.0,0.0,0.0,0.0,0.0,0.0,1.0,2.0,2.0,5.0,9.0,10.0,8.0,6.0
939,1.0,939.0,London_56,three,151,453,1092.0,70.0,2.0,179841.0,6.45063658291474,850.0,80.0,2.0,78.0,151.0,20.0,131.0,73.0,55.0,155.0,28.0,150.0,9.0,37.0,4.0,15.0,7.0,81.0,135.0,230.0,66.0,0.0,0.0,0.0,0.0,0.0,0.0,0.0,0.0,0.0,0.0,0.0,0.0,0.0,0.0,0.0,0.0,0.0,0.0,0.0,0.0,0.0,0.0,0.0,0.0,0.0,0.0,0.0,0.0,0.0,0.0,0.0,0.0,0.0,0.0,2.0,2.0,0.0,0.0,0.0,0.0,0.0,4.0,0.0,0.0,0.0,0.0,6.0,4.0,8.0,3.0,27.0,13.0,17.0,7.0,0.0,0.0,0.0,0.0,0.0,0.0,0.0,0.0,0.0,0.0,0.0,0.0,0.0,0.0,16.0,9.0,0.0,0.0,0.0,0.0,0.0,6.0,0.0,0.0,0.0,0.0,7.0,5.0,9.0,4.0,38.0,20.0,20.0,10.0
940,1.0,940.0,London_56,three,151,453,1092.0,70.0,2.0,172593.0,7.387707374989986,834.0,136.0,0.0,136.0,245.0,0.0,245.0,151.0,59.0,151.0,29.0,138.0,13.0,43.0,4.0,16.0,5.0,79.0,135.0,234.0,58.0,0.0,0.0,0.0,0.0,0.0,0.0,0.0,0.0,0.0,0.0,0.0,0.0,0.0,0.0,0.0,0.0,0.0,0.0,0.0,0.0,0.0,0.0,0.0,0.0,0.0,0.0,0.0,0.0,0.0,0.0,0.0,0.0,0.0,0.0,0.0,0.0,0.0,0.0,0.0,0.0,0.0,4.0,0.0,4.0,1.0,0.0,11.0,9.0,5.0,10.0,29.0,29.0,21.0,9.0,0.0,0.0,0.0,0.0,0.0,0.0,0.0,0.0,0.0,0.0,0.0,0.0,0.0,0.0,0.0,0.0,0.0,0.0,0.0,0.0,0.0,4.0,0.0,5.0,1.0,0.0,15.0,14.0,10.0,11.0,42.0,41.0,26.0,15.0
941,1.0,941.0,London_56,three,151,453,1092.0,70.0,2.0,151755.0,5.266314207110554,788.0,24.0,2.0,22.0,53.0,17.0,36.0,245.0,73.0,140.0,37.0,129.0,13.0,43.0,4.0,14.0,6.0,74.0,147.0,226.0,55.0,0.0,0.0,0.0,0.0,0.0,0.0,0.0,0.0,0.0,0.0,0.0,0.0,0.0,0.0,0.0,0.0,0.0,0.0,0.0,0.0,0.0,0.0,0.0,0.0,0.0,0.0,0.0,0.0,0.0,0.0,0.0,0.0,0.0,0.0,0.0,2.0,0.0,0.0,0.0,0.0,0.0,2.0,0.0,1.0,0.0,0.0,2.0,3.0,2.0,2.0,6.0,8.0,4.0,3.0,0.0,0.0,0.0,0.0,0.0,0.0,0.0,0.0,0.0,0.0,0.0,0.0,0.0,0.0,0.0,7.0,0.0,0.0,0.0,0.0,0.0,3.0,0.0,1.0,0.0,0.0,2.0,4.0,3.0,2.0,10.0,10.0,5.0,4.0
942,1.0,942.0,London_56,three,151,453,1092.0,70.0,2.0,185277.0,4.753105931915343,862.0,206.0,0.0,206.0,376.0,0.0,376.0,53.0,77.0,135.0,37.0,130.0,12.0,46.0,4.0,12.0,1.0,78.0,143.0,231.0,53.0,0.0,0.0,0.0,0.0,0.0,0.0,0.0,0.0,0.0,0.0,0.0,0.0,0.0,0.0,0.0,0.0,0.0,0.0,0.0,0.0,0.0,0.0,0.0,0.0,0.0,0.0,0.0,0.0,0.0,0.0,0.0,0.0,0.0,0.0,0.0,0.0,0.0,0.0,0.0,0.0,2.0,18.0,0.0,3.0,3.0,1.0,13.0,8.0,3.0,12.0,43.0,39.0,30.0,11.0,0.0,0.0,0.0,0.0,0.0,0.0,0.0,0.0,0.0,0.0,0.0,0.0,0.0,0.0,0.0,0.0,0.0,0.0,0.0,0.0,4.0,29.0,0.0,5.0,3.0,1.0,18.0,13.0,4.0,17.0,64.0,59.0,40.0,14.0
943,1.0,943.0,London_56,three,151,453,1092.0,70.0,2.0,130011.0,6.383199878968298,740.0,59.0,0.0,59.0,95.0,0.0,95.0,376.0,49.0,151.0,44.0,140.0,11.0,42.0,3.0,13.0,7.0,68.0,156.0,222.0,55.0,0.0,0.0,0.0,0.0,0.0,0.0,0.0,0.0,0.0,0.0,0.0,0.0,0.0,0.0,0.0,0.0,0.0,0.0,0.0,0.0,0.0,0.0,0.0,0.0,0.0,0.0,0.0,0.0,0.0,0.0,0.0,0.0,0.0,0.0,0.0,0.0,0.0,0.0,0.0,0.0,0.0,1.0,0.0,0.0,0.0,0.0,4.0,3.0,0.0,9.0,10.0,10.0,11.0,3.0,0.0,0.0,0.0,0.0,0.0,0.0,0.0,0.0,0.0,0.0,0.0,0.0,0.0,0.0,0.0,0.0,0.0,0.0,0.0,0.0,0.0,1.0,0.0,0.0,0.0,0.0,5.0,3.0,0.0,15.0,14.0,14.0,12.0,4.0
944,1.0,944.0,London_56,three,151,453,1092.0,70.0,2.0,134541.0,5.55740337818861,750.0,37.0,1.0,36.0,71.0,9.0,62.0,95.0,55.0,146.0,43.0,140.0,13.0,40.0,4.0,12.0,8.0,67.0,156.0,222.0,63.0,0.0,0.0,0.0,0.0,0.0,0.0,0.0,0.0,0.0,0.0,0.0,0.0,0.0,0.0,0.0,0.0,0.0,0.0,0.0,0.0,0.0,0.0,0.0,0.0,0.0,0.0,0.0,0.0,0.0,0.0,0.0,0.0,0.0,0.0,0.0,1.0,0.0,0.0,0.0,0.0,0.0,0.0,0.0,0.0,0.0,0.0,2.0,1.0,0.0,3.0,4.0,7.0,11.0,1.0,0.0,0.0,0.0,0.0,0.0,0.0,0.0,0.0,0.0,0.0,0.0,0.0,0.0,0.0,0.0,1.0,0.0,0.0,0.0,0.0,0.0,0.0,0.0,0.0,0.0,0.0,4.0,2.0,0.0,6.0,5.0,8.0,15.0,1.0
945,1.0,945.0,London_56,three,151,453,1092.0,70.0,2.0,152661.0,7.288526300340891,790.0,133.0,0.0,133.0,222.0,0.0,222.0,71.0,49.0,145.0,39.0,148.0,13.0,44.0,2.0,13.0,11.0,74.0,138.0,230.0,65.0,0.0,0.0,0.0,0.0,0.0,0.0,0.0,0.0,0.0,0.0,0.0,0.0,0.0,0.0,0.0,0.0,0.0,0.0,0.0,0.0,0.0,0.0,0.0,0.0,0.0,0.0,0.0,0.0,0.0,0.0,0.0,0.0,0.0,0.0,0.0,0.0,0.0,0.0,0.0,0.0,4.0,2.0,0.0,2.0,1.0,0.0,10.0,5.0,3.0,8.0,29.0,38.0,24.0,15.0,0.0,0.0,0.0,0.0,0.0,0.0,0.0,0.0,0.0,0.0,0.0,0.0,0.0,0.0,0.0,0.0,0.0,0.0,0.0,0.0,6.0,2.0,0.0,3.0,1.0,0.0,16.0,8.0,5.0,11.0,43.0,57.0,25.0,20.0
946,1.0,946.0,London_56,three,151,453,1092.0,70.0,2.0,128199.0,7.312915353104472,736.0,18.0,0.0,18.0,34.0,0.0,34.0,222.0,42.0,156.0,40.0,137.0,10.0,50.0,2.0,16.0,12.0,83.0,134.0,224.0,75.0,0.0,0.0,0.0,0.0,0.0,0.0,0.0,0.0,0.0,0.0,0.0,0.0,0.0,0.0,0.0,0.0,0.0,0.0,0.0,0.0,0.0,0.0,0.0,0.0,0.0,0.0,0.0,0.0,0.0,0.0,0.0,0.0,0.0,0.0,0.0,0.0,0.0,0.0,0.0,0.0,0.0,0.0,0.0,1.0,0.0,0.0,0.0,3.0,2.0,1.0,1.0,5.0,4.0,1.0,0.0,0.0,0.0,0.0,0.0,0.0,0.0,0.0,0.0,0.0,0.0,0.0,0.0,0.0,0.0,0.0,0.0,0.0,0.0,0.0,0.0,0.0,0.0,2.0,0.0,0.0,0.0,3.0,2.0,1.0,4.0,6.0,4.0,4.0
947,1.0,947.0,London_56,three,151,453,1092.0,70.0,2.0,163080.0,8.792195678222924,813.0,119.0,0.0,119.0,201.0,0.0,201.0,34.0,47.0,149.0,41.0,137.0,10.0,52.0,2.0,15.0,12.0,80.0,145.0,216.0,76.0,0.0,0.0,0.0,0.0,0.0,0.0,0.0,0.0,0.0,0.0,0.0,0.0,0.0,0.0,0.0,0.0,0.0,0.0,0.0,0.0,0.0,0.0,0.0,0.0,0.0,0.0,0.0,0.0,0.0,0.0,0.0,0.0,0.0,0.0,0.0,0.0,0.0,0.0,0.0,0.0,6.0,3.0,0.0,1.0,0.0,0.0,3.0,5.0,9.0,10.0,17.0,32.0,20.0,10.0,0.0,0.0,0.0,0.0,0.0,0.0,0.0,0.0,0.0,0.0,0.0,0.0,0.0,0.0,0.0,0.0,0.0,0.0,0.0,0.0,6.0,3.0,0.0,2.0,0.0,0.0,5.0,8.0,13.0,16.0,26.0,41.0,23.0,17.0
948,1.0,948.0,London_56,three,151,453,1092.0,70.0,2.0,149037.0,7.388612905982882,782.0,89.0,2.0,87.0,170.0,17.0,153.0,201.0,51.0,144.0,37.0,142.0,15.0,43.0,4.0,17.0,13.0,76.0,150.0,214.0,78.0,0.0,0.0,0.0,0.0,0.0,0.0,0.0,0.0,0.0,0.0,0.0,0.0,0.0,0.0,0.0,0.0,0.0,0.0,0.0,0.0,0.0,0.0,0.0,0.0,0.0,0.0,0.0,0.0,0.0,0.0,0.0,0.0,1.0,0.0,0.0,1.0,0.0,0.0,0.0,0.0,2.0,3.0,0.0,1.0,0.0,0.0,10.0,3.0,2.0,11.0,15.0,22.0,16.0,6.0,0.0,0.0,0.0,0.0,0.0,0.0,0.0,0.0,0.0,0.0,0.0,0.0,5.0,0.0,0.0,1.0,0.0,0.0,0.0,0.0,2.0,4.0,0.0,1.0,0.0,0.0,12.0,4.0,5.0,14.0,19.0,34.0,24.0,11.0
949,1.0,949.0,London_56,three,151,453,1092.0,70.0,2.0,143148.0,9.634022249374539,769.0,73.0,2.0,71.0,140.0,20.0,120.0,170.0,45.0,151.0,37.0,148.0,12.0,41.0,2.0,17.0,14.0,85.0,128.0,226.0,66.0,0.0,0.0,0.0,0.0,0.0,0.0,0.0,0.0,0.0,0.0,0.0,0.0,0.0,0.0,0.0,0.0,0.0,0.0,0.0,0.0,0.0,0.0,0.0,0.0,0.0,0.0,0.0,0.0,0.0,2.0,0.0,0.0,2.0,0.0,0.0,2.0,0.0,0.0,0.0,0.0,1.0,2.0,0.0,0.0,0.0,0.0,5.0,2.0,0.0,6.0,11.0,26.0,10.0,11.0,0.0,0.0,0.0,0.0,0.0,0.0,0.0,0.0,0.0,9.0,0.0,0.0,15.0,0.0,0.0,5.0,0.0,0.0,0.0,0.0,1.0,3.0,0.0,0.0,0.0,0.0,6.0,2.0,0.0,7.0,18.0,37.0,18.0,15.0
950,1.0,950.0,London_56,three,151,453,1092.0,70.0,2.0,157191.0,8.56500807357952,800.0,35.0,2.0,33.0,76.0,18.0,58.0,140.0,47.0,134.0,37.0,159.0,12.0,42.0,3.0,19.0,13.0,93.0,126.0,221.0,62.0,0.0,0.0,0.0,0.0,0.0,0.0,0.0,0.0,0.0,0.0,0.0,0.0,0.0,0.0,0.0,0.0,0.0,0.0,0.0,0.0,0.0,0.0,0.0,0.0,0.0,0.0,0.0,0.0,0.0,0.0,0.0,0.0,0.0,0.0,1.0,0.0,0.0,0.0,0.0,0.0,0.0,1.0,0.0,0.0,0.0,0.0,1.0,3.0,1.0,2.0,8.0,9.0,7.0,4.0,0.0,0.0,0.0,0.0,0.0,0.0,0.0,0.0,0.0,0.0,0.0,0.0,0.0,0.0,8.0,0.0,0.0,0.0,0.0,0.0,0.0,2.0,0.0,0.0,0.0,0.0,1.0,3.0,1.0,2.0,11.0,15.0,11.0,7.0
951,1.0,951.0,London_56,three,151,453,1092.0,70.0,2.0,181200.0,8.776378726121038,853.0,127.0,1.0,126.0,221.0,9.0,212.0,76.0,56.0,131.0,38.0,147.0,15.0,48.0,2.0,16.0,5.0,100.0,126.0,222.0,52.0,0.0,0.0,0.0,0.0,0.0,0.0,0.0,0.0,0.0,0.0,0.0,0.0,0.0,0.0,0.0,0.0,0.0,0.0,0.0,0.0,0.0,0.0,0.0,0.0,0.0,0.0,0.0,0.0,0.0,0.0,0.0,0.0,0.0,0.0,1.0,0.0,1.0,0.0,0.0,0.0,0.0,0.0,0.0,1.0,3.0,0.0,14.0,3.0,5.0,4.0,21.0,34.0,31.0,9.0,0.0,0.0,0.0,0.0,0.0,0.0,0.0,0.0,0.0,0.0,0.0,0.0,0.0,0.0,4.0,0.0,2.0,0.0,0.0,0.0,0.0,0.0,0.0,1.0,3.0,0.0,16.0,5.0,6.0,5.0,31.0,50.0,42.0,11.0
952,1.0,952.0,London_56,three,151,453,1092.0,70.0,2.0,162627.0,7.920739443972707,812.0,107.0,2.0,105.0,196.0,18.0,178.0,221.0,70.0,116.0,41.0,142.0,18.0,49.0,3.0,14.0,9.0,86.0,122.0,236.0,48.0,0.0,0.0,0.0,0.0,0.0,0.0,0.0,0.0,0.0,1.0,0.0,1.0,0.0,0.0,0.0,0.0,0.0,0.0,1.0,0.0,0.0,0.0,0.0,0.0,0.0,0.0,0.0,0.0,0.0,1.0,0.0,1.0,0.0,0.0,0.0,0.0,0.0,0.0,0.0,0.0,1.0,2.0,0.0,1.0,1.0,1.0,9.0,7.0,0.0,11.0,23.0,26.0,16.0,9.0,0.0,0.0,0.0,0.0,0.0,0.0,0.0,0.0,0.0,6.0,0.0,3.0,0.0,0.0,0.0,0.0,0.0,0.0,0.0,0.0,2.0,3.0,0.0,2.0,2.0,1.0,10.0,9.0,0.0,15.0,34.0,38.0,22.0,12.0
953,1.0,953.0,London_56,three,151,453,1092.0,70.0,2.0,153114.0,7.293285054154694,791.0,57.0,1.0,56.0,104.0,8.0,96.0,192.0,65.0,108.0,45.0,144.0,21.0,52.0,2.0,16.0,9.0,88.0,121.0,235.0,57.0,0.0,0.0,0.0,0.0,0.0,0.0,0.0,0.0,0.0,0.0,0.0,0.0,0.0,0.0,0.0,0.0,0.0,0.0,0.0,0.0,0.0,0.0,0.0,0.0,0.0,0.0,0.0,0.0,0.0,0.0,0.0,0.0,1.0,0.0,0.0,1.0,0.0,0.0,0.0,0.0,1.0,4.0,0.0,0.0,1.0,0.0,5.0,9.0,3.0,3.0,12.0,15.0,14.0,2.0,0.0,0.0,0.0,0.0,0.0,0.0,0.0,0.0,0.0,0.0,0.0,0.0,2.0,0.0,0.0,1.0,0.0,0.0,0.0,0.0,1.0,5.0,0.0,0.0,2.0,0.0,7.0,15.0,4.0,4.0,18.0,23.0,15.0,3.0
954,1.0,954.0,London_56,three,151,453,1092.0,70.0,2.0,171687.0,6.811273229774088,832.0,94.0,1.0,93.0,158.0,9.0,149.0,104.0,65.0,100.0,46.0,148.0,19.0,57.0,3.0,15.0,9.0,91.0,134.0,219.0,66.0,0.0,0.0,0.0,0.0,0.0,0.0,0.0,0.0,0.0,0.0,0.0,0.0,0.0,0.0,0.0,0.0,0.0,0.0,0.0,0.0,0.0,0.0,0.0,0.0,0.0,0.0,0.0,0.0,0.0,0.0,0.0,0.0,0.0,0.0,1.0,0.0,0.0,0.0,0.0,0.0,1.0,1.0,0.0,3.0,0.0,0.0,8.0,3.0,2.0,6.0,16.0,26.0,14.0,6.0,0.0,0.0,0.0,0.0,0.0,0.0,0.0,0.0,0.0,0.0,0.0,0.0,0.0,0.0,8.0,0.0,0.0,0.0,0.0,0.0,2.0,1.0,0.0,3.0,0.0,0.0,14.0,4.0,2.0,6.0,22.0,38.0,20.0,7.0
955,1.0,955.0,London_56,three,151,453,1092.0,70.0,2.0,168516.0,6.326173353008926,825.0,86.0,0.0,86.0,153.0,0.0,153.0,158.0,81.0,103.0,44.0,144.0,17.0,49.0,3.0,12.0,10.0,102.0,135.0,206.0,73.0,0.0,0.0,0.0,0.0,0.0,0.0,0.0,0.0,0.0,0.0,0.0,0.0,0.0,0.0,0.0,0.0,0.0,0.0,0.0,0.0,0.0,0.0,0.0,0.0,0.0,0.0,0.0,0.0,0.0,0.0,0.0,0.0,0.0,0.0,0.0,0.0,0.0,0.0,0.0,0.0,1.0,2.0,0.0,0.0,0.0,1.0,7.0,2.0,3.0,5.0,17.0,14.0,17.0,10.0,0.0,0.0,0.0,0.0,0.0,0.0,0.0,0.0,0.0,0.0,0.0,0.0,0.0,0.0,0.0,0.0,0.0,0.0,0.0,0.0,1.0,3.0,0.0,0.0,0.0,1.0,11.0,2.0,4.0,7.0,24.0,24.0,19.0,15.0
956,1.0,956.0,London_56,three,151,453,1092.0,70.0,2.0,177123.0,1.6157810748554766,844.0,88.0,2.0,86.0,177.0,18.0,159.0,153.0,77.0,113.0,31.0,146.0,21.0,48.0,3.0,14.0,14.0,102.0,140.0,197.0,78.0,0.0,0.0,0.0,0.0,0.0,0.0,0.0,0.0,0.0,0.0,0.0,0.0,0.0,0.0,0.0,0.0,0.0,0.0,0.0,0.0,0.0,0.0,0.0,0.0,0.0,0.0,0.0,0.0,0.0,0.0,0.0,0.0,0.0,0.0,1.0,1.0,0.0,0.0,0.0,0.0,4.0,1.0,0.0,1.0,0.0,0.0,2.0,11.0,3.0,6.0,18.0,22.0,9.0,6.0,0.0,0.0,0.0,0.0,0.0,0.0,0.0,0.0,0.0,0.0,0.0,0.0,0.0,0.0,6.0,2.0,0.0,0.0,0.0,0.0,6.0,1.0,0.0,1.0,0.0,0.0,3.0,17.0,4.0,7.0,25.0,37.0,12.0,10.0
957,1.0,957.0,London_56,three,151,453,1092.0,70.0,2.0,172140.0,4.7983291912823915,833.0,85.0,0.0,85.0,153.0,0.0,153.0,177.0,70.0,138.0,36.0,129.0,19.0,42.0,4.0,15.0,13.0,93.0,137.0,210.0,72.0,0.0,0.0,0.0,0.0,0.0,0.0,0.0,0.0,0.0,0.0,0.0,0.0,0.0,0.0,0.0,0.0,0.0,0.0,0.0,0.0,0.0,0.0,0.0,0.0,0.0,0.0,0.0,0.0,0.0,0.0,0.0,0.0,0.0,0.0,0.0,0.0,0.0,0.0,0.0,0.0,1.0,1.0,0.0,1.0,0.0,0.0,9.0,4.0,2.0,7.0,17.0,20.0,10.0,11.0,0.0,0.0,0.0,0.0,0.0,0.0,0.0,0.0,0.0,0.0,0.0,0.0,0.0,0.0,0.0,0.0,0.0,0.0,0.0,0.0,2.0,1.0,0.0,1.0,0.0,0.0,10.0,5.0,3.0,10.0,29.0,30.0,14.0,17.0
958,1.0,958.0,London_56,three,151,453,1092.0,70.0,2.0,165798.0,2.103815930429846,819.0,64.0,1.0,63.0,120.0,8.0,112.0,153.0,73.0,139.0,30.0,142.0,21.0,30.0,2.0,16.0,12.0,84.0,139.0,218.0,83.0,0.0,0.0,0.0,0.0,0.0,0.0,0.0,0.0,0.0,0.0,0.0,0.0,0.0,0.0,0.0,0.0,0.0,0.0,0.0,0.0,0.0,0.0,0.0,0.0,0.0,0.0,0.0,0.0,0.0,0.0,0.0,0.0,0.0,0.0,1.0,1.0,0.0,0.0,0.0,0.0,0.0,3.0,0.0,0.0,1.0,0.0,5.0,4.0,4.0,7.0,18.0,12.0,16.0,3.0,0.0,0.0,0.0,0.0,0.0,0.0,0.0,0.0,0.0,0.0,0.0,0.0,0.0,0.0,6.0,1.0,0.0,0.0,0.0,0.0,0.0,5.0,0.0,0.0,1.0,0.0,6.0,4.0,4.0,11.0,33.0,16.0,23.0,5.0
959,1.0,959.0,London_56,three,151,453,1092.0,70.0,2.0,174405.0,9.285134296864271,838.0,107.0,1.0,106.0,196.0,8.0,188.0,120.0,69.0,145.0,30.0,137.0,21.0,34.0,2.0,15.0,8.0,85.0,130.0,230.0,84.0,0.0,0.0,0.0,0.0,0.0,0.0,0.0,0.0,0.0,0.0,0.0,0.0,0.0,0.0,0.0,0.0,0.0,0.0,0.0,0.0,0.0,0.0,0.0,0.0,0.0,0.0,0.0,0.0,0.0,0.0,0.0,0.0,1.0,0.0,0.0,0.0,1.0,0.0,0.0,0.0,0.0,3.0,0.0,0.0,3.0,0.0,5.0,4.0,1.0,8.0,21.0,24.0,23.0,7.0,0.0,0.0,0.0,0.0,0.0,0.0,0.0,0.0,0.0,0.0,0.0,0.0,6.0,0.0,0.0,0.0,8.0,0.0,0.0,0.0,0.0,4.0,0.0,0.0,3.0,0.0,7.0,5.0,3.0,11.0,32.0,36.0,34.0,11.0
960,1.0,960.0,London_56,three,151,453,1092.0,70.0,2.0,159456.0,9.071290411055088,805.0,184.0,0.0,184.0,328.0,0.0,328.0,196.0,76.0,121.0,35.0,145.0,23.0,34.0,4.0,15.0,7.0,86.0,134.0,226.0,84.0,0.0,0.0,0.0,0.0,0.0,0.0,0.0,0.0,0.0,0.0,0.0,0.0,0.0,0.0,0.0,0.0,0.0,0.0,0.0,0.0,0.0,0.0,0.0,0.0,0.0,0.0,0.0,0.0,0.0,0.0,0.0,0.0,0.0,0.0,0.0,0.0,0.0,0.0,0.0,0.0,2.0,22.0,0.0,5.0,0.0,0.0,25.0,8.0,1.0,16.0,35.0,38.0,22.0,16.0,0.0,0.0,0.0,0.0,0.0,0.0,0.0,0.0,0.0,0.0,0.0,0.0,0.0,0.0,0.0,0.0,0.0,0.0,0.0,0.0,2.0,39.0,0.0,12.0,0.0,0.0,32.0,10.0,1.0,25.0,54.0,66.0,24.0,27.0
961,1.0,961.0,London_56,three,151,453,1092.0,70.0,2.0,101925.0,2.973517157137394,678.0,95.0,2.0,93.0,167.0,18.0,149.0,328.0,66.0,139.0,41.0,133.0,21.0,38.0,2.0,13.0,7.0,90.0,132.0,224.0,71.0,0.0,0.0,0.0,0.0,0.0,0.0,0.0,0.0,0.0,0.0,0.0,0.0,0.0,0.0,0.0,0.0,0.0,0.0,0.0,0.0,0.0,0.0,0.0,0.0,0.0,0.0,0.0,0.0,0.0,1.0,0.0,0.0,0.0,0.0,1.0,1.0,0.0,0.0,0.0,0.0,1.0,3.0,0.0,1.0,0.0,0.0,16.0,6.0,1.0,7.0,25.0,13.0,17.0,13.0,0.0,0.0,0.0,0.0,0.0,0.0,0.0,0.0,0.0,3.0,0.0,0.0,0.0,0.0,3.0,2.0,0.0,0.0,0.0,0.0,1.0,3.0,0.0,1.0,0.0,0.0,22.0,6.0,1.0,8.0,37.0,21.0,24.0,23.0
962,1.0,962.0,London_56,three,151,453,1092.0,70.0,2.0,87429.0,0.6459095040336251,646.0,44.0,2.0,42.0,90.0,16.0,74.0,167.0,65.0,146.0,38.0,126.0,20.0,44.0,3.0,11.0,8.0,91.0,128.0,226.0,74.0,0.0,0.0,0.0,0.0,0.0,0.0,0.0,0.0,0.0,0.0,0.0,0.0,0.0,0.0,0.0,0.0,0.0,0.0,0.0,0.0,0.0,0.0,0.0,0.0,0.0,0.0,0.0,0.0,0.0,1.0,0.0,0.0,1.0,0.0,1.0,2.0,0.0,0.0,0.0,0.0,2.0,0.0,0.0,0.0,0.0,0.0,13.0,7.0,0.0,4.0,15.0,2.0,12.0,3.0,0.0,0.0,0.0,0.0,0.0,0.0,0.0,0.0,0.0,6.0,0.0,0.0,4.0,0.0,7.0,6.0,0.0,0.0,0.0,0.0,2.0,0.0,0.0,0.0,0.0,0.0,18.0,10.0,0.0,4.0,29.0,4.0,18.0,3.0
963,1.0,963.0,London_56,three,151,453,1092.0,70.0,2.0,101925.0,5.996941185090691,678.0,28.0,2.0,26.0,63.0,20.0,43.0,90.0,61.0,136.0,34.0,139.0,19.0,49.0,4.0,11.0,9.0,90.0,127.0,227.0,77.0,0.0,0.0,0.0,0.0,0.0,0.0,0.0,0.0,0.0,0.0,0.0,0.0,0.0,0.0,0.0,0.0,0.0,0.0,0.0,0.0,0.0,0.0,0.0,0.0,0.0,0.0,0.0,0.0,0.0,1.0,0.0,0.0,1.0,0.0,0.0,2.0,0.0,0.0,0.0,0.0,1.0,0.0,0.0,0.0,0.0,0.0,3.0,3.0,0.0,0.0,6.0,6.0,4.0,1.0,0.0,0.0,0.0,0.0,0.0,0.0,0.0,0.0,0.0,1.0,0.0,0.0,5.0,0.0,0.0,6.0,0.0,0.0,0.0,0.0,2.0,0.0,0.0,0.0,0.0,0.0,5.0,3.0,0.0,0.0,7.0,8.0,5.0,1.0
964,1.0,964.0,London_56,three,151,453,1092.0,70.0,2.0,119592.0,6.665228848811239,717.0,32.0,0.0,32.0,59.0,0.0,59.0,63.0,60.0,140.0,35.0,135.0,15.0,52.0,4.0,12.0,8.0,99.0,117.0,229.0,81.0,0.0,0.0,0.0,0.0,0.0,0.0,0.0,0.0,0.0,0.0,0.0,0.0,0.0,0.0,0.0,0.0,0.0,0.0,0.0,0.0,0.0,0.0,0.0,0.0,0.0,0.0,0.0,0.0,0.0,0.0,0.0,0.0,0.0,0.0,0.0,0.0,0.0,0.0,0.0,0.0,1.0,0.0,0.0,0.0,0.0,0.0,6.0,0.0,2.0,1.0,8.0,3.0,6.0,1.0,0.0,0.0,0.0,0.0,0.0,0.0,0.0,0.0,0.0,0.0,0.0,0.0,0.0,0.0,0.0,0.0,0.0,0.0,0.0,0.0,1.0,0.0,0.0,0.0,0.0,0.0,9.0,0.0,2.0,1.0,13.0,3.0,8.0,1.0
965,1.0,965.0,London_56,three,151,453,1092.0,70.0,2.0,143148.0,5.254979686345905,769.0,92.0,0.0,92.0,159.0,0.0,159.0,59.0,60.0,144.0,33.0,140.0,11.0,51.0,2.0,12.0,11.0,97.0,119.0,226.0,82.0,0.0,0.0,0.0,0.0,0.0,0.0,0.0,0.0,0.0,0.0,0.0,0.0,0.0,0.0,0.0,0.0,0.0,0.0,0.0,0.0,0.0,0.0,0.0,0.0,0.0,0.0,0.0,0.0,0.0,0.0,0.0,0.0,0.0,0.0,0.0,0.0,0.0,0.0,0.0,0.0,0.0,0.0,0.0,2.0,0.0,0.0,15.0,5.0,6.0,6.0,21.0,23.0,11.0,12.0,0.0,0.0,0.0,0.0,0.0,0.0,0.0,0.0,0.0,0.0,0.0,0.0,0.0,0.0,0.0,0.0,0.0,0.0,0.0,0.0,0.0,0.0,0.0,2.0,0.0,0.0,22.0,6.0,6.0,8.0,37.0,29.0,13.0,17.0
966,1.0,966.0,London_56,three,151,453,1092.0,70.0,2.0,137259.0,5.376260856166482,756.0,26.0,2.0,24.0,68.0,19.0,49.0,159.0,52.0,133.0,36.0,151.0,10.0,60.0,2.0,9.0,15.0,91.0,130.0,217.0,78.0,0.0,0.0,0.0,0.0,0.0,0.0,0.0,0.0,0.0,0.0,0.0,0.0,0.0,0.0,0.0,0.0,0.0,0.0,0.0,0.0,0.0,0.0,0.0,0.0,0.0,0.0,0.0,0.0,0.0,1.0,0.0,0.0,1.0,0.0,0.0,1.0,0.0,0.0,0.0,0.0,0.0,0.0,0.0,0.0,0.0,0.0,3.0,3.0,0.0,3.0,5.0,6.0,5.0,1.0,0.0,0.0,0.0,0.0,0.0,0.0,0.0,0.0,0.0,3.0,0.0,0.0,5.0,0.0,0.0,4.0,0.0,0.0,0.0,0.0,0.0,0.0,0.0,0.0,0.0,0.0,5.0,6.0,0.0,4.0,10.0,9.0,8.0,1.0
967,1.0,967.0,London_56,three,151,453,1092.0,70.0,2.0,166704.0,3.994592271745205,821.0,198.0,0.0,198.0,345.0,0.0,345.0,68.0,47.0,136.0,36.0,153.0,8.0,61.0,3.0,9.0,15.0,90.0,136.0,212.0,61.0,0.0,0.0,0.0,0.0,0.0,0.0,0.0,0.0,0.0,0.0,0.0,0.0,0.0,0.0,0.0,0.0,0.0,0.0,0.0,0.0,0.0,0.0,0.0,0.0,0.0,0.0,0.0,0.0,0.0,0.0,0.0,0.0,0.0,0.0,0.0,0.0,0.0,0.0,0.0,0.0,4.0,21.0,0.0,5.0,0.0,0.0,6.0,6.0,9.0,14.0,47.0,38.0,28.0,10.0,0.0,0.0,0.0,0.0,0.0,0.0,0.0,0.0,0.0,0.0,0.0,0.0,0.0,0.0,0.0,0.0,0.0,0.0,0.0,0.0,4.0,30.0,0.0,7.0,0.0,0.0,8.0,7.0,10.0,17.0,70.0,54.0,36.0,14.0
968,1.0,968.0,London_56,three,151,453,1092.0,70.0,2.0,126840.0,4.949480887968093,733.0,32.0,1.0,31.0,64.0,11.0,53.0,345.0,53.0,140.0,48.0,136.0,6.0,49.0,3.0,18.0,9.0,69.0,159.0,216.0,64.0,0.0,0.0,0.0,0.0,0.0,0.0,0.0,0.0,0.0,0.0,0.0,0.0,0.0,0.0,0.0,0.0,0.0,0.0,0.0,0.0,0.0,0.0,0.0,0.0,0.0,0.0,0.0,0.0,0.0,1.0,0.0,0.0,1.0,0.0,0.0,1.0,0.0,0.0,0.0,0.0,1.0,0.0,0.0,0.0,0.0,0.0,0.0,0.0,1.0,0.0,4.0,10.0,7.0,2.0,0.0,0.0,0.0,0.0,0.0,0.0,0.0,0.0,0.0,5.0,0.0,0.0,6.0,0.0,0.0,3.0,0.0,0.0,0.0,0.0,1.0,0.0,0.0,0.0,0.0,0.0,0.0,0.0,4.0,0.0,6.0,12.0,11.0,2.0
969,1.0,969.0,London_56,three,151,453,1092.0,70.0,2.0,159456.0,7.505878455936909,805.0,54.0,0.0,54.0,93.0,0.0,93.0,64.0,58.0,143.0,47.0,128.0,7.0,49.0,3.0,18.0,10.0,64.0,165.0,214.0,69.0,0.0,0.0,0.0,0.0,0.0,0.0,0.0,0.0,0.0,0.0,0.0,0.0,0.0,0.0,0.0,0.0,0.0,0.0,0.0,0.0,0.0,0.0,0.0,0.0,0.0,0.0,0.0,0.0,0.0,0.0,0.0,0.0,0.0,0.0,0.0,0.0,0.0,0.0,0.0,0.0,2.0,1.0,0.0,1.0,0.0,0.0,2.0,6.0,0.0,5.0,9.0,16.0,11.0,8.0,0.0,0.0,0.0,0.0,0.0,0.0,0.0,0.0,0.0,0.0,0.0,0.0,0.0,0.0,0.0,0.0,0.0,0.0,0.0,0.0,2.0,1.0,0.0,2.0,0.0,0.0,2.0,8.0,0.0,5.0,11.0,26.0,15.0,11.0
970,1.0,970.0,London_56,three,151,453,1092.0,70.0,2.0,173952.0,8.498521280940622,837.0,21.0,0.0,21.0,36.0,0.0,36.0,93.0,66.0,143.0,51.0,119.0,10.0,43.0,3.0,18.0,13.0,54.0,167.0,219.0,74.0,0.0,0.0,0.0,0.0,0.0,0.0,0.0,0.0,0.0,0.0,0.0,0.0,0.0,0.0,0.0,0.0,0.0,0.0,0.0,0.0,0.0,0.0,0.0,0.0,0.0,0.0,0.0,0.0,0.0,0.0,0.0,0.0,0.0,0.0,0.0,0.0,0.0,0.0,0.0,0.0,2.0,1.0,0.0,0.0,0.0,0.0,0.0,1.0,0.0,3.0,5.0,4.0,6.0,1.0,0.0,0.0,0.0,0.0,0.0,0.0,0.0,0.0,0.0,0.0,0.0,0.0,0.0,0.0,0.0,0.0,0.0,0.0,0.0,0.0,4.0,1.0,0.0,0.0,0.0,0.0,0.0,1.0,0.0,3.0,8.0,5.0,11.0,1.0
971,1.0,971.0,London_56,three,151,453,1092.0,70.0,2.0,201132.0,9.985582003835589,897.0,100.0,2.0,98.0,189.0,18.0,171.0,36.0,70.0,140.0,49.0,123.0,10.0,41.0,3.0,17.0,13.0,59.0,169.0,212.0,76.0,0.0,0.0,0.0,0.0,0.0,0.0,0.0,0.0,0.0,0.0,0.0,0.0,0.0,0.0,0.0,0.0,0.0,0.0,0.0,0.0,0.0,0.0,0.0,0.0,0.0,0.0,0.0,0.0,0.0,1.0,0.0,0.0,0.0,0.0,1.0,1.0,0.0,0.0,0.0,0.0,5.0,0.0,0.0,2.0,0.0,0.0,7.0,5.0,1.0,9.0,12.0,29.0,17.0,9.0,0.0,0.0,0.0,0.0,0.0,0.0,0.0,0.0,0.0,2.0,0.0,0.0,0.0,0.0,5.0,2.0,0.0,0.0,0.0,0.0,5.0,0.0,0.0,2.0,0.0,0.0,8.0,8.0,1.0,12.0,17.0,39.0,26.0,12.0
972,1.0,972.0,London_56,three,151,453,1092.0,70.0,2.0,202038.0,5.043293711729348,899.0,153.0,1.0,152.0,262.0,10.0,252.0,189.0,64.0,140.0,52.0,125.0,14.0,41.0,4.0,13.0,17.0,57.0,161.0,218.0,81.0,0.0,0.0,0.0,0.0,0.0,0.0,0.0,0.0,0.0,0.0,0.0,0.0,0.0,0.0,0.0,0.0,0.0,0.0,0.0,0.0,0.0,0.0,0.0,0.0,0.0,0.0,0.0,0.0,0.0,0.0,0.0,0.0,0.0,0.0,0.0,0.0,0.0,0.0,0.0,0.0,2.0,0.0,0.0,1.0,0.0,0.0,3.0,4.0,6.0,8.0,36.0,33.0,30.0,12.0,0.0,0.0,0.0,0.0,0.0,0.0,0.0,0.0,0.0,0.0,0.0,0.0,0.0,0.0,0.0,0.0,0.0,0.0,0.0,0.0,2.0,0.0,0.0,3.0,0.0,0.0,3.0,6.0,8.0,9.0,52.0,49.0,37.0,20.0
973,1.0,973.0,London_56,three,151,453,1092.0,70.0,2.0,173952.0,6.719721250236034,837.0,125.0,0.0,125.0,216.0,0.0,216.0,262.0,65.0,152.0,50.0,118.0,14.0,39.0,6.0,9.0,12.0,57.0,175.0,209.0,80.0,0.0,0.0,0.0,0.0,0.0,0.0,0.0,0.0,0.0,0.0,0.0,0.0,0.0,0.0,0.0,0.0,0.0,0.0,0.0,0.0,0.0,0.0,0.0,0.0,0.0,0.0,0.0,0.0,0.0,0.0,0.0,0.0,0.0,0.0,0.0,0.0,0.0,0.0,0.0,0.0,1.0,1.0,0.0,1.0,2.0,0.0,0.0,12.0,7.0,7.0,26.0,25.0,22.0,13.0,0.0,0.0,0.0,0.0,0.0,0.0,0.0,0.0,0.0,0.0,0.0,0.0,0.0,0.0,0.0,0.0,0.0,0.0,0.0,0.0,1.0,2.0,0.0,1.0,2.0,0.0,0.0,19.0,8.0,10.0,31.0,37.0,30.0,24.0
974,1.0,974.0,London_56,three,151,453,1092.0,70.0,2.0,152661.0,6.831207731738687,790.0,136.0,0.0,136.0,225.0,0.0,225.0,216.0,69.0,148.0,42.0,124.0,18.0,37.0,7.0,8.0,11.0,63.0,173.0,206.0,95.0,0.0,0.0,0.0,0.0,0.0,0.0,0.0,0.0,0.0,0.0,0.0,0.0,0.0,0.0,0.0,0.0,0.0,0.0,0.0,0.0,0.0,0.0,0.0,0.0,0.0,0.0,0.0,0.0,0.0,0.0,0.0,0.0,0.0,0.0,0.0,0.0,0.0,0.0,0.0,0.0,1.0,12.0,0.0,0.0,0.0,0.0,5.0,9.0,6.0,13.0,33.0,22.0,34.0,5.0,0.0,0.0,0.0,0.0,0.0,0.0,0.0,0.0,0.0,0.0,0.0,0.0,0.0,0.0,0.0,0.0,0.0,0.0,0.0,0.0,1.0,16.0,0.0,0.0,0.0,0.0,6.0,15.0,8.0,16.0,53.0,30.0,44.0,7.0
975,1.0,975.0,London_56,three,151,453,1092.0,70.0,2.0,125934.0,7.092012378852814,731.0,76.0,2.0,74.0,139.0,16.0,123.0,225.0,74.0,138.0,41.0,134.0,11.0,44.0,3.0,8.0,15.0,72.0,198.0,168.0,109.0,0.0,0.0,0.0,0.0,0.0,0.0,0.0,0.0,0.0,0.0,0.0,0.0,0.0,0.0,0.0,0.0,0.0,0.0,0.0,0.0,0.0,0.0,0.0,0.0,0.0,0.0,0.0,0.0,0.0,0.0,1.0,0.0,1.0,0.0,0.0,1.0,0.0,0.0,0.0,0.0,2.0,2.0,0.0,0.0,0.0,0.0,3.0,3.0,2.0,10.0,22.0,17.0,18.0,7.0,0.0,0.0,0.0,0.0,0.0,0.0,0.0,0.0,0.0,0.0,2.0,0.0,2.0,0.0,0.0,4.0,0.0,0.0,0.0,0.0,2.0,2.0,0.0,0.0,0.0,0.0,3.0,3.0,2.0,13.0,30.0,25.0,23.0,13.0
976,1.0,976.0,London_56,three,151,453,1092.0,70.0,2.0,120498.0,4.901890158187598,719.0,13.0,2.0,11.0,35.0,18.0,17.0,139.0,72.0,129.0,45.0,138.0,13.0,42.0,5.0,9.0,16.0,60.0,189.0,188.0,104.0,0.0,0.0,0.0,0.0,0.0,0.0,0.0,0.0,0.0,0.0,0.0,0.0,0.0,0.0,0.0,0.0,0.0,0.0,0.0,0.0,0.0,0.0,0.0,0.0,0.0,0.0,0.0,0.0,0.0,1.0,0.0,0.0,0.0,0.0,0.0,1.0,1.0,0.0,0.0,0.0,0.0,1.0,0.0,0.0,0.0,0.0,1.0,0.0,0.0,0.0,1.0,6.0,2.0,2.0,0.0,0.0,0.0,0.0,0.0,0.0,0.0,0.0,0.0,6.0,0.0,0.0,0.0,0.0,0.0,3.0,6.0,0.0,0.0,0.0,0.0,1.0,0.0,0.0,0.0,0.0,1.0,0.0,0.0,0.0,2.0,7.0,3.0,2.0
977,1.0,977.0,London_56,three,151,453,1092.0,70.0,2.0,146319.0,7.401326931081712,776.0,110.0,1.0,109.0,196.0,10.0,186.0,35.0,61.0,124.0,47.0,145.0,14.0,46.0,5.0,11.0,12.0,61.0,183.0,197.0,102.0,0.0,0.0,0.0,0.0,0.0,0.0,0.0,0.0,0.0,0.0,0.0,0.0,0.0,0.0,0.0,0.0,0.0,0.0,0.0,0.0,0.0,0.0,0.0,0.0,0.0,0.0,0.0,0.0,0.0,0.0,0.0,0.0,0.0,0.0,1.0,1.0,0.0,0.0,0.0,0.0,0.0,2.0,0.0,3.0,0.0,0.0,5.0,6.0,4.0,16.0,24.0,31.0,25.0,5.0,0.0,0.0,0.0,0.0,0.0,0.0,0.0,0.0,0.0,0.0,0.0,0.0,0.0,0.0,10.0,1.0,0.0,0.0,0.0,0.0,0.0,2.0,0.0,6.0,0.0,0.0,6.0,7.0,6.0,20.0,40.0,45.0,31.0,8.0
978,1.0,978.0,London_56,three,151,453,1092.0,70.0,2.0,123669.0,7.275949199683964,726.0,96.0,0.0,96.0,157.0,0.0,157.0,196.0,64.0,148.0,45.0,132.0,11.0,40.0,2.0,11.0,12.0,71.0,177.0,193.0,95.0,0.0,0.0,0.0,0.0,0.0,0.0,0.0,0.0,0.0,0.0,0.0,0.0,0.0,0.0,0.0,0.0,0.0,0.0,0.0,0.0,0.0,0.0,0.0,0.0,0.0,0.0,0.0,0.0,0.0,0.0,0.0,0.0,0.0,0.0,0.0,0.0,0.0,0.0,0.0,0.0,2.0,5.0,0.0,1.0,1.0,1.0,8.0,4.0,3.0,15.0,9.0,20.0,25.0,9.0,0.0,0.0,0.0,0.0,0.0,0.0,0.0,0.0,0.0,0.0,0.0,0.0,0.0,0.0,0.0,0.0,0.0,0.0,0.0,0.0,3.0,6.0,0.0,1.0,2.0,4.0,12.0,6.0,3.0,15.0,12.0,27.0,40.0,16.0
979,1.0,979.0,London_56,three,151,453,1092.0,70.0,2.0,109626.0,9.063368203118443,695.0,45.0,2.0,43.0,94.0,18.0,76.0,157.0,63.0,158.0,41.0,127.0,13.0,41.0,2.0,8.0,12.0,63.0,179.0,199.0,96.0,0.0,0.0,0.0,0.0,0.0,0.0,0.0,0.0,0.0,0.0,0.0,0.0,0.0,0.0,0.0,0.0,0.0,0.0,0.0,0.0,0.0,0.0,0.0,0.0,0.0,0.0,0.0,0.0,0.0,1.0,0.0,0.0,1.0,0.0,0.0,2.0,0.0,0.0,0.0,0.0,1.0,0.0,0.0,0.0,0.0,0.0,4.0,4.0,2.0,6.0,11.0,12.0,9.0,4.0,0.0,0.0,0.0,0.0,0.0,0.0,0.0,0.0,0.0,3.0,0.0,0.0,1.0,0.0,0.0,4.0,0.0,0.0,0.0,0.0,1.0,0.0,0.0,0.0,0.0,0.0,4.0,4.0,3.0,9.0,17.0,17.0,10.0,7.0
980,1.0,980.0,London_56,three,151,453,1092.0,70.0,2.0,130464.0,3.7454966166988015,741.0,68.0,2.0,66.0,126.0,19.0,107.0,94.0,58.0,159.0,43.0,127.0,15.0,38.0,4.0,9.0,12.0,68.0,167.0,206.0,91.0,0.0,0.0,0.0,0.0,0.0,0.0,0.0,0.0,0.0,0.0,0.0,0.0,0.0,0.0,0.0,0.0,0.0,0.0,0.0,0.0,0.0,0.0,0.0,0.0,0.0,0.0,0.0,0.0,0.0,1.0,0.0,0.0,2.0,0.0,0.0,1.0,0.0,0.0,0.0,0.0,3.0,1.0,0.0,0.0,0.0,0.0,1.0,1.0,4.0,8.0,11.0,13.0,11.0,6.0,0.0,0.0,0.0,0.0,0.0,0.0,0.0,0.0,0.0,1.0,0.0,0.0,10.0,0.0,0.0,2.0,0.0,0.0,0.0,0.0,3.0,1.0,0.0,0.0,0.0,0.0,1.0,1.0,5.0,10.0,18.0,16.0,13.0,9.0
981,1.0,981.0,London_56,three,151,453,1092.0,70.0,2.0,146772.0,1.679547336883843,777.0,66.0,2.0,64.0,120.0,20.0,100.0,126.0,57.0,152.0,43.0,136.0,14.0,36.0,4.0,11.0,11.0,58.0,157.0,227.0,85.0,0.0,0.0,0.0,0.0,0.0,0.0,0.0,0.0,0.0,0.0,0.0,0.0,0.0,0.0,0.0,0.0,0.0,0.0,0.0,0.0,0.0,0.0,0.0,0.0,0.0,0.0,0.0,0.0,0.0,0.0,0.0,0.0,0.0,0.0,2.0,1.0,0.0,0.0,0.0,0.0,0.0,0.0,0.0,0.0,0.0,0.0,1.0,2.0,0.0,2.0,15.0,15.0,12.0,6.0,0.0,0.0,0.0,0.0,0.0,0.0,0.0,0.0,0.0,0.0,0.0,0.0,0.0,0.0,17.0,2.0,0.0,0.0,0.0,0.0,0.0,0.0,0.0,0.0,0.0,0.0,1.0,2.0,0.0,3.0,21.0,21.0,14.0,7.0
982,1.0,982.0,London_56,three,151,453,1092.0,70.0,2.0,167157.0,3.9646487520076334,822.0,35.0,0.0,35.0,69.0,0.0,69.0,120.0,56.0,151.0,42.0,132.0,15.0,42.0,4.0,11.0,6.0,65.0,136.0,246.0,77.0,0.0,0.0,0.0,0.0,0.0,0.0,0.0,0.0,0.0,0.0,0.0,0.0,0.0,0.0,0.0,0.0,0.0,0.0,0.0,0.0,0.0,0.0,0.0,0.0,0.0,0.0,0.0,0.0,0.0,0.0,0.0,0.0,0.0,0.0,0.0,0.0,0.0,0.0,0.0,0.0,0.0,2.0,0.0,0.0,1.0,0.0,2.0,1.0,0.0,3.0,7.0,9.0,14.0,2.0,0.0,0.0,0.0,0.0,0.0,0.0,0.0,0.0,0.0,0.0,0.0,0.0,0.0,0.0,0.0,0.0,0.0,0.0,0.0,0.0,0.0,4.0,0.0,0.0,1.0,0.0,2.0,3.0,0.0,4.0,13.0,11.0,23.0,4.0
983,1.0,983.0,London_56,three,151,453,1092.0,70.0,2.0,195243.0,4.324376184027642,884.0,110.0,2.0,108.0,201.0,17.0,184.0,69.0,55.0,144.0,42.0,138.0,14.0,42.0,5.0,13.0,7.0,72.0,138.0,236.0,78.0,0.0,0.0,0.0,0.0,0.0,0.0,0.0,0.0,0.0,0.0,0.0,0.0,0.0,0.0,0.0,0.0,0.0,0.0,0.0,0.0,0.0,0.0,0.0,0.0,0.0,0.0,0.0,0.0,0.0,0.0,0.0,0.0,1.0,0.0,0.0,2.0,0.0,0.0,0.0,0.0,0.0,3.0,0.0,1.0,0.0,1.0,2.0,3.0,5.0,11.0,22.0,21.0,28.0,6.0,0.0,0.0,0.0,0.0,0.0,0.0,0.0,0.0,0.0,0.0,0.0,0.0,2.0,0.0,0.0,5.0,0.0,0.0,0.0,0.0,0.0,3.0,0.0,1.0,0.0,1.0,2.0,4.0,8.0,16.0,31.0,32.0,41.0,10.0
984,1.0,984.0,London_56,three,151,453,1092.0,70.0,2.0,193884.0,6.7038383381441236,881.0,76.0,0.0,76.0,126.0,0.0,126.0,201.0,64.0,134.0,42.0,131.0,16.0,42.0,7.0,17.0,7.0,76.0,128.0,242.0,66.0,0.0,0.0,0.0,0.0,0.0,0.0,0.0,0.0,0.0,0.0,0.0,0.0,0.0,0.0,0.0,0.0,0.0,0.0,0.0,0.0,0.0,0.0,0.0,0.0,0.0,0.0,0.0,0.0,0.0,0.0,0.0,0.0,0.0,0.0,0.0,0.0,0.0,0.0,0.0,0.0,0.0,1.0,0.0,0.0,0.0,0.0,4.0,7.0,2.0,8.0,25.0,16.0,16.0,7.0,0.0,0.0,0.0,0.0,0.0,0.0,0.0,0.0,0.0,0.0,0.0,0.0,0.0,0.0,0.0,0.0,0.0,0.0,0.0,0.0,0.0,1.0,0.0,0.0,0.0,0.0,4.0,8.0,2.0,11.0,39.0,23.0,27.0,9.0
985,1.0,985.0,London_56,three,151,453,1092.0,70.0,2.0,204756.0,4.116142109036446,905.0,104.0,0.0,104.0,172.0,0.0,172.0,126.0,59.0,117.0,48.0,132.0,18.0,55.0,8.0,16.0,6.0,71.0,133.0,243.0,69.0,0.0,0.0,0.0,0.0,0.0,0.0,0.0,0.0,0.0,0.0,0.0,0.0,0.0,0.0,0.0,0.0,0.0,0.0,0.0,0.0,0.0,0.0,0.0,0.0,0.0,0.0,0.0,0.0,0.0,0.0,0.0,0.0,0.0,0.0,0.0,0.0,0.0,0.0,0.0,0.0,1.0,1.0,0.0,3.0,0.0,0.0,11.0,6.0,1.0,10.0,27.0,17.0,23.0,11.0,0.0,0.0,0.0,0.0,0.0,0.0,0.0,0.0,0.0,0.0,0.0,0.0,0.0,0.0,0.0,0.0,0.0,0.0,0.0,0.0,1.0,1.0,0.0,3.0,0.0,0.0,15.0,10.0,1.0,14.0,43.0,22.0,31.0,17.0
986,1.0,986.0,London_56,three,151,453,1092.0,70.0,2.0,195696.0,7.469280387740582,885.0,141.0,1.0,140.0,250.0,9.0,241.0,172.0,60.0,107.0,51.0,138.0,20.0,55.0,7.0,15.0,9.0,67.0,146.0,231.0,60.0,0.0,0.0,0.0,0.0,0.0,0.0,0.0,0.0,0.0,0.0,0.0,0.0,0.0,0.0,0.0,0.0,0.0,0.0,0.0,0.0,0.0,0.0,0.0,0.0,0.0,0.0,0.0,0.0,0.0,0.0,0.0,0.0,0.0,0.0,0.0,0.0,0.0,0.0,0.0,0.0,2.0,3.0,0.0,3.0,0.0,0.0,10.0,9.0,7.0,9.0,33.0,28.0,30.0,9.0,0.0,0.0,0.0,0.0,0.0,0.0,0.0,0.0,0.0,0.0,0.0,0.0,0.0,0.0,0.0,0.0,0.0,0.0,0.0,0.0,2.0,4.0,0.0,6.0,0.0,0.0,13.0,11.0,8.0,13.0,53.0,39.0,40.0,14.0
987,1.0,987.0,London_56,three,151,453,1092.0,70.0,2.0,167157.0,8.156666567083448,822.0,141.0,0.0,141.0,236.0,0.0,236.0,250.0,52.0,142.0,41.0,114.0,20.0,57.0,9.0,18.0,12.0,73.0,123.0,245.0,67.0,0.0,0.0,0.0,0.0,0.0,0.0,0.0,0.0,0.0,0.0,0.0,0.0,0.0,0.0,0.0,0.0,0.0,0.0,0.0,0.0,0.0,0.0,0.0,0.0,0.0,0.0,0.0,0.0,0.0,0.0,0.0,0.0,0.0,0.0,0.0,0.0,0.0,0.0,0.0,0.0,3.0,6.0,0.0,1.0,0.0,0.0,13.0,11.0,5.0,6.0,29.0,38.0,24.0,14.0,0.0,0.0,0.0,0.0,0.0,0.0,0.0,0.0,0.0,0.0,0.0,0.0,0.0,0.0,0.0,0.0,0.0,0.0,0.0,0.0,5.0,7.0,0.0,1.0,0.0,0.0,14.0,17.0,6.0,7.0,44.0,48.0,26.0,24.0
988,1.0,988.0,London_56,three,151,453,1092.0,70.0,2.0,142242.0,4.786562959197909,767.0,107.0,0.0,107.0,189.0,0.0,189.0,236.0,67.0,133.0,46.0,118.0,12.0,58.0,7.0,12.0,16.0,67.0,123.0,247.0,76.0,0.0,0.0,0.0,0.0,0.0,0.0,0.0,0.0,0.0,0.0,0.0,0.0,0.0,0.0,0.0,0.0,0.0,0.0,0.0,0.0,0.0,0.0,0.0,0.0,0.0,0.0,0.0,0.0,0.0,0.0,0.0,0.0,0.0,0.0,0.0,0.0,0.0,0.0,0.0,0.0,1.0,4.0,0.0,2.0,0.0,0.0,10.0,13.0,4.0,6.0,20.0,22.0,21.0,4.0,0.0,0.0,0.0,0.0,0.0,0.0,0.0,0.0,0.0,0.0,0.0,0.0,0.0,0.0,0.0,0.0,0.0,0.0,0.0,0.0,1.0,4.0,0.0,3.0,0.0,0.0,12.0,20.0,4.0,9.0,31.0,33.0,21.0,8.0
989,1.0,989.0,London_56,three,151,453,1092.0,70.0,2.0,127293.0,5.022420875262469,734.0,1.0,0.0,1.0,3.0,0.0,3.0,189.0,61.0,146.0,45.0,116.0,10.0,53.0,6.0,16.0,14.0,71.0,134.0,234.0,87.0,0.0,0.0,0.0,0.0,0.0,0.0,0.0,0.0,0.0,0.0,0.0,0.0,0.0,0.0,0.0,0.0,0.0,0.0,0.0,0.0,0.0,0.0,0.0,0.0,0.0,0.0,0.0,0.0,0.0,0.0,0.0,0.0,0.0,0.0,0.0,0.0,0.0,0.0,0.0,0.0,0.0,0.0,0.0,0.0,0.0,0.0,0.0,0.0,0.0,0.0,0.0,0.0,0.0,0.0,0.0,0.0,0.0,0.0,0.0,0.0,0.0,0.0,0.0,0.0,0.0,0.0,0.0,0.0,0.0,0.0,0.0,0.0,0.0,0.0,0.0,0.0,0.0,0.0,0.0,0.0,0.0,0.0,0.0,0.0,0.0,0.0,0.0,0.0
990,1.0,990.0,London_56,three,151,453,1092.0,70.0,2.0,165345.0,7.0475823800079525,818.0,146.0,2.0,144.0,254.0,17.0,237.0,3.0,61.0,146.0,45.0,115.0,10.0,54.0,6.0,16.0,14.0,68.0,137.0,234.0,87.0,0.0,0.0,0.0,0.0,0.0,0.0,0.0,0.0,0.0,0.0,0.0,0.0,0.0,0.0,0.0,0.0,0.0,0.0,0.0,0.0,0.0,0.0,0.0,0.0,0.0,0.0,0.0,0.0,0.0,0.0,0.0,0.0,1.0,0.0,0.0,1.0,0.0,0.0,0.0,0.0,3.0,8.0,0.0,4.0,1.0,0.0,14.0,5.0,2.0,5.0,26.0,31.0,16.0,8.0,0.0,0.0,0.0,0.0,0.0,0.0,0.0,0.0,0.0,0.0,0.0,0.0,7.0,0.0,0.0,3.0,0.0,0.0,0.0,0.0,3.0,8.0,0.0,5.0,1.0,0.0,19.0,7.0,2.0,8.0,37.0,44.0,17.0,13.0
991,1.0,991.0,London_56,three,151,453,1092.0,70.0,2.0,125481.0,6.156991702970117,730.0,12.0,2.0,10.0,38.0,20.0,18.0,254.0,72.0,112.0,52.0,127.0,19.0,46.0,7.0,18.0,12.0,71.0,143.0,227.0,74.0,0.0,0.0,0.0,0.0,0.0,0.0,0.0,0.0,0.0,0.0,0.0,0.0,0.0,0.0,0.0,0.0,0.0,0.0,0.0,0.0,0.0,0.0,0.0,0.0,0.0,0.0,0.0,0.0,0.0,1.0,0.0,0.0,2.0,0.0,0.0,1.0,0.0,0.0,0.0,0.0,0.0,0.0,0.0,0.0,0.0,0.0,3.0,1.0,0.0,0.0,2.0,3.0,3.0,0.0,0.0,0.0,0.0,0.0,0.0,0.0,0.0,0.0,0.0,6.0,0.0,0.0,9.0,0.0,0.0,3.0,0.0,0.0,0.0,0.0,0.0,0.0,0.0,0.0,0.0,0.0,4.0,2.0,0.0,0.0,4.0,4.0,4.0,0.0
992,1.0,992.0,London_56,three,151,453,1092.0,70.0,2.0,162174.0,7.763596344739199,811.0,33.0,2.0,31.0,78.0,18.0,60.0,38.0,62.0,116.0,49.0,130.0,19.0,49.0,8.0,20.0,11.0,74.0,131.0,237.0,73.0,0.0,0.0,0.0,0.0,0.0,0.0,0.0,0.0,0.0,0.0,0.0,0.0,0.0,0.0,0.0,0.0,0.0,0.0,0.0,0.0,0.0,0.0,0.0,0.0,0.0,0.0,0.0,0.0,0.0,0.0,0.0,0.0,0.0,0.0,1.0,0.0,0.0,0.0,0.0,0.0,0.0,1.0,0.0,0.0,0.0,0.0,2.0,6.0,0.0,3.0,7.0,9.0,11.0,1.0,0.0,0.0,0.0,0.0,0.0,0.0,0.0,0.0,0.0,0.0,0.0,0.0,0.0,0.0,6.0,0.0,0.0,0.0,0.0,0.0,0.0,1.0,0.0,0.0,0.0,0.0,4.0,12.0,0.0,4.0,10.0,16.0,16.0,1.0
993,1.0,993.0,London_56,three,151,453,1092.0,70.0,2.0,182559.0,6.361817074939609,856.0,147.0,1.0,146.0,265.0,9.0,256.0,78.0,63.0,117.0,43.0,144.0,12.0,48.0,6.0,20.0,7.0,82.0,119.0,245.0,71.0,0.0,0.0,0.0,0.0,0.0,0.0,0.0,0.0,0.0,0.0,0.0,0.0,0.0,0.0,0.0,0.0,0.0,0.0,0.0,0.0,0.0,0.0,0.0,0.0,0.0,0.0,0.0,0.0,0.0,0.0,0.0,0.0,0.0,0.0,1.0,0.0,0.0,0.0,0.0,0.0,1.0,13.0,0.0,0.0,0.0,0.0,12.0,5.0,2.0,5.0,31.0,32.0,23.0,21.0,0.0,0.0,0.0,0.0,0.0,0.0,0.0,0.0,0.0,0.0,0.0,0.0,0.0,0.0,3.0,0.0,0.0,0.0,0.0,0.0,1.0,20.0,0.0,0.0,0.0,0.0,19.0,9.0,3.0,8.0,50.0,53.0,30.0,33.0
994,1.0,994.0,London_56,three,151,453,1092.0,70.0,2.0,158097.0,8.19233906827867,802.0,150.0,2.0,148.0,271.0,18.0,253.0,265.0,72.0,129.0,49.0,119.0,19.0,45.0,6.0,14.0,9.0,75.0,122.0,247.0,63.0,0.0,0.0,0.0,0.0,0.0,0.0,0.0,0.0,0.0,1.0,0.0,1.0,0.0,0.0,0.0,0.0,0.0,0.0,1.0,0.0,0.0,0.0,0.0,0.0,0.0,0.0,0.0,0.0,0.0,1.0,0.0,0.0,0.0,0.0,0.0,0.0,0.0,0.0,0.0,0.0,0.0,13.0,0.0,2.0,0.0,0.0,11.0,11.0,1.0,16.0,35.0,35.0,18.0,15.0,0.0,0.0,0.0,0.0,0.0,0.0,0.0,0.0,0.0,9.0,0.0,0.0,0.0,0.0,0.0,0.0,0.0,0.0,0.0,0.0,0.0,18.0,0.0,2.0,0.0,0.0,16.0,15.0,1.0,20.0,52.0,52.0,23.0,21.0
995,1.0,995.0,London_56,three,151,453,1092.0,70.0,2.0,121404.0,4.558020176831633,721.0,19.0,1.0,18.0,42.0,8.0,34.0,266.0,76.0,117.0,43.0,122.0,24.0,50.0,3.0,18.0,11.0,82.0,134.0,226.0,80.0,0.0,0.0,0.0,0.0,0.0,0.0,0.0,0.0,0.0,0.0,0.0,0.0,0.0,0.0,0.0,0.0,0.0,0.0,0.0,0.0,0.0,0.0,0.0,0.0,0.0,0.0,0.0,0.0,0.0,0.0,0.0,0.0,1.0,0.0,0.0,1.0,0.0,0.0,0.0,0.0,0.0,0.0,0.0,0.0,0.0,0.0,4.0,2.0,0.0,0.0,3.0,1.0,1.0,1.0,0.0,0.0,0.0,0.0,0.0,0.0,0.0,0.0,0.0,0.0,0.0,0.0,2.0,0.0,0.0,2.0,0.0,0.0,0.0,0.0,0.0,0.0,0.0,0.0,0.0,0.0,6.0,3.0,0.0,0.0,5.0,2.0,1.0,2.0
996,1.0,996.0,London_56,three,151,453,1092.0,70.0,2.0,143148.0,6.632726173847914,769.0,110.0,1.0,109.0,211.0,9.0,202.0,42.0,70.0,120.0,42.0,124.0,21.0,53.0,3.0,20.0,11.0,86.0,125.0,231.0,83.0,0.0,0.0,0.0,0.0,0.0,0.0,0.0,0.0,0.0,0.0,0.0,0.0,0.0,0.0,0.0,0.0,0.0,0.0,0.0,0.0,0.0,0.0,0.0,0.0,0.0,0.0,0.0,0.0,0.0,0.0,0.0,0.0,0.0,0.0,1.0,0.0,0.0,0.0,0.0,0.0,0.0,6.0,0.0,0.0,1.0,1.0,11.0,4.0,7.0,9.0,24.0,25.0,20.0,9.0,0.0,0.0,0.0,0.0,0.0,0.0,0.0,0.0,0.0,0.0,0.0,0.0,0.0,0.0,6.0,0.0,0.0,0.0,0.0,0.0,0.0,7.0,0.0,0.0,1.0,2.0,16.0,8.0,10.0,12.0,38.0,41.0,25.0,16.0
997,1.0,997.0,London_56,three,151,453,1092.0,70.0,2.0,121857.0,2.4507911689579487,722.0,51.0,0.0,51.0,86.0,0.0,86.0,211.0,74.0,110.0,43.0,148.0,16.0,45.0,4.0,13.0,10.0,81.0,131.0,231.0,84.0,0.0,0.0,0.0,0.0,0.0,0.0,0.0,0.0,0.0,0.0,0.0,0.0,0.0,0.0,0.0,0.0,0.0,0.0,0.0,0.0,0.0,0.0,0.0,0.0,0.0,0.0,0.0,0.0,0.0,0.0,0.0,0.0,0.0,0.0,0.0,0.0,0.0,0.0,0.0,0.0,1.0,0.0,0.0,0.0,0.0,0.0,4.0,2.0,2.0,8.0,13.0,9.0,6.0,6.0,0.0,0.0,0.0,0.0,0.0,0.0,0.0,0.0,0.0,0.0,0.0,0.0,0.0,0.0,0.0,0.0,0.0,0.0,0.0,0.0,1.0,0.0,0.0,0.0,0.0,0.0,5.0,3.0,2.0,11.0,21.0,10.0,7.0,9.0
998,1.0,998.0,London_56,three,151,453,1092.0,70.0,2.0,137712.0,6.704337838105857,757.0,86.0,2.0,84.0,163.0,18.0,145.0,86.0,70.0,111.0,45.0,154.0,17.0,36.0,6.0,14.0,11.0,74.0,136.0,232.0,85.0,0.0,0.0,0.0,0.0,0.0,0.0,0.0,0.0,0.0,0.0,0.0,0.0,0.0,0.0,0.0,0.0,0.0,0.0,0.0,0.0,0.0,0.0,0.0,0.0,0.0,0.0,0.0,0.0,0.0,0.0,0.0,0.0,0.0,0.0,1.0,1.0,0.0,0.0,0.0,0.0,3.0,9.0,0.0,0.0,0.0,0.0,4.0,5.0,2.0,8.0,17.0,15.0,21.0,6.0,0.0,0.0,0.0,0.0,0.0,0.0,0.0,0.0,0.0,0.0,0.0,0.0,0.0,0.0,8.0,1.0,0.0,0.0,0.0,0.0,3.0,13.0,0.0,0.0,0.0,0.0,4.0,5.0,3.0,11.0,27.0,22.0,22.0,10.0
999,1.0,999.0,London_56,three,151,453,1092.0,70.0,2.0,140430.0,7.165508426725864,763.0,63.0,0.0,63.0,111.0,0.0,111.0,163.0,60.0,121.0,48.0,147.0,16.0,43.0,4.0,14.0,12.0,88.0,123.0,230.0,73.0,0.0,0.0,0.0,0.0,0.0,0.0,0.0,0.0,0.0,0.0,0.0,0.0,0.0,0.0,0.0,0.0,0.0,0.0,0.0,0.0,0.0,0.0,0.0,0.0,0.0,0.0,0.0,0.0,0.0,0.0,0.0,0.0,0.0,0.0,0.0,0.0,0.0,0.0,0.0,0.0,3.0,1.0,0.0,3.0,0.0,0.0,13.0,3.0,0.0,8.0,11.0,16.0,14.0,3.0,0.0,0.0,0.0,0.0,0.0,0.0,0.0,0.0,0.0,0.0,0.0,0.0,0.0,0.0,0.0,0.0,0.0,0.0,0.0,0.0,4.0,2.0,0.0,4.0,0.0,0.0,20.0,5.0,0.0,9.0,20.0,21.0,18.0,4.0
1000,1.0,1000.0,London_56,three,151,453,1092.0,70.0,2.0,143601.0,7.747568449005485,770.0,102.0,1.0,101.0,176.0,8.0,168.0,111.0,53.0,129.0,56.0,146.0,16.0,38.0,4.0,11.0,11.0,85.0,125.0,232.0,72.0,0.0,0.0,0.0,0.0,0.0,0.0,0.0,0.0,0.0,0.0,0.0,0.0,0.0,0.0,0.0,0.0,0.0,0.0,0.0,0.0,0.0,0.0,0.0,0.0,0.0,0.0,0.0,0.0,0.0,0.0,0.0,0.0,0.0,0.0,1.0,0.0,0.0,0.0,0.0,0.0,3.0,6.0,0.0,1.0,0.0,0.0,10.0,8.0,1.0,10.0,16.0,27.0,9.0,8.0,0.0,0.0,0.0,0.0,0.0,0.0,0.0,0.0,0.0,0.0,0.0,0.0,0.0,0.0,8.0,0.0,0.0,0.0,0.0,0.0,4.0,8.0,0.0,2.0,0.0,0.0,13.0,11.0,2.0,13.0,24.0,36.0,12.0,11.0
1001,1.0,1001.0,London_56,three,151,453,1092.0,70.0,2.0,137712.0,5.931448569986969,757.0,37.0,1.0,36.0,79.0,8.0,71.0,176.0,51.0,135.0,49.0,149.0,17.0,40.0,4.0,8.0,3.0,85.0,131.0,234.0,71.0,0.0,0.0,0.0,0.0,0.0,0.0,0.0,0.0,0.0,0.0,0.0,0.0,0.0,0.0,0.0,0.0,0.0,0.0,0.0,0.0,0.0,0.0,0.0,0.0,0.0,0.0,0.0,0.0,0.0,0.0,0.0,0.0,1.0,0.0,0.0,0.0,1.0,0.0,0.0,0.0,0.0,0.0,0.0,0.0,1.0,0.0,7.0,7.0,1.0,4.0,7.0,4.0,10.0,2.0,0.0,0.0,0.0,0.0,0.0,0.0,0.0,0.0,0.0,0.0,0.0,0.0,6.0,0.0,0.0,0.0,5.0,0.0,0.0,0.0,0.0,0.0,0.0,0.0,1.0,0.0,14.0,10.0,1.0,5.0,12.0,5.0,16.0,4.0
1002,1.0,1002.0,London_56,three,151,453,1092.0,70.0,2.0,155832.0,6.86477904394269,797.0,31.0,0.0,31.0,56.0,0.0,56.0,79.0,48.0,132.0,50.0,164.0,16.0,31.0,3.0,9.0,6.0,78.0,140.0,229.0,68.0,0.0,0.0,0.0,0.0,0.0,0.0,0.0,0.0,0.0,0.0,0.0,0.0,0.0,0.0,0.0,0.0,0.0,0.0,0.0,0.0,0.0,0.0,0.0,0.0,0.0,0.0,0.0,0.0,0.0,0.0,0.0,0.0,0.0,0.0,0.0,0.0,0.0,0.0,0.0,0.0,0.0,0.0,0.0,1.0,0.0,1.0,2.0,2.0,1.0,4.0,3.0,5.0,7.0,7.0,0.0,0.0,0.0,0.0,0.0,0.0,0.0,0.0,0.0,0.0,0.0,0.0,0.0,0.0,0.0,0.0,0.0,0.0,0.0,0.0,0.0,0.0,0.0,2.0,0.0,1.0,3.0,2.0,1.0,4.0,6.0,6.0,9.0,12.0
1003,1.0,1003.0,London_56,three,151,453,1092.0,70.0,2.0,178482.0,8.909936474636197,847.0,167.0,2.0,165.0,311.0,18.0,293.0,56.0,48.0,132.0,50.0,158.0,17.0,33.0,4.0,11.0,6.0,74.0,151.0,222.0,68.0,0.0,0.0,0.0,0.0,0.0,0.0,0.0,0.0,0.0,0.0,0.0,0.0,0.0,0.0,0.0,0.0,0.0,0.0,0.0,0.0,0.0,0.0,0.0,0.0,0.0,0.0,0.0,0.0,0.0,1.0,0.0,0.0,0.0,0.0,1.0,1.0,0.0,0.0,0.0,0.0,8.0,14.0,0.0,1.0,1.0,0.0,17.0,14.0,4.0,11.0,32.0,34.0,39.0,9.0,0.0,0.0,0.0,0.0,0.0,0.0,0.0,0.0,0.0,5.0,0.0,0.0,0.0,0.0,5.0,4.0,0.0,0.0,0.0,0.0,11.0,18.0,0.0,1.0,2.0,0.0,23.0,19.0,5.0,13.0,55.0,53.0,51.0,11.0
1004,1.0,1004.0,London_56,three,151,453,1092.0,70.0,2.0,146319.0,5.678577926009893,776.0,103.0,2.0,101.0,200.0,16.0,184.0,311.0,49.0,139.0,34.0,150.0,20.0,44.0,3.0,14.0,8.0,60.0,166.0,219.0,68.0,0.0,0.0,0.0,0.0,0.0,0.0,0.0,0.0,0.0,0.0,0.0,0.0,0.0,0.0,0.0,0.0,0.0,0.0,0.0,0.0,0.0,0.0,0.0,0.0,0.0,0.0,0.0,0.0,0.0,1.0,0.0,0.0,0.0,0.0,1.0,2.0,0.0,0.0,0.0,0.0,2.0,0.0,0.0,0.0,0.0,0.0,5.0,9.0,1.0,6.0,21.0,26.0,18.0,5.0,0.0,0.0,0.0,0.0,0.0,0.0,0.0,0.0,0.0,2.0,0.0,0.0,0.0,0.0,3.0,6.0,0.0,0.0,0.0,0.0,2.0,0.0,0.0,0.0,0.0,0.0,6.0,12.0,1.0,9.0,33.0,40.0,25.0,7.0
1005,1.0,1005.0,London_56,three,151,453,1092.0,70.0,2.0,133182.0,7.219126202631742,747.0,42.0,2.0,40.0,90.0,20.0,70.0,200.0,42.0,150.0,38.0,152.0,12.0,44.0,1.0,14.0,7.0,60.0,152.0,234.0,63.0,0.0,0.0,0.0,0.0,0.0,0.0,0.0,0.0,0.0,1.0,0.0,0.0,0.0,0.0,0.0,1.0,0.0,0.0,1.0,0.0,0.0,0.0,0.0,0.0,0.0,0.0,0.0,0.0,0.0,1.0,0.0,0.0,1.0,0.0,0.0,2.0,0.0,0.0,0.0,0.0,0.0,1.0,0.0,0.0,0.0,0.0,4.0,1.0,1.0,1.0,10.0,6.0,11.0,5.0,0.0,0.0,0.0,0.0,0.0,0.0,0.0,0.0,0.0,2.0,0.0,0.0,6.0,0.0,0.0,5.0,0.0,0.0,0.0,0.0,0.0,1.0,0.0,0.0,0.0,0.0,6.0,1.0,1.0,2.0,19.0,7.0,14.0,6.0
1006,1.0,1006.0,London_56,three,151,453,1092.0,70.0,2.0,157644.0,5.696133865043521,801.0,101.0,0.0,101.0,170.0,0.0,170.0,86.0,42.0,144.0,42.0,154.0,14.0,42.0,1.0,14.0,7.0,82.0,148.0,216.0,60.0,0.0,0.0,0.0,0.0,0.0,0.0,0.0,0.0,0.0,0.0,0.0,0.0,0.0,0.0,0.0,0.0,0.0,0.0,0.0,0.0,0.0,0.0,0.0,0.0,0.0,0.0,0.0,0.0,0.0,0.0,0.0,0.0,0.0,0.0,0.0,0.0,0.0,0.0,0.0,0.0,2.0,3.0,0.0,0.0,0.0,0.0,4.0,4.0,5.0,4.0,20.0,24.0,16.0,8.0,0.0,0.0,0.0,0.0,0.0,0.0,0.0,0.0,0.0,0.0,0.0,0.0,0.0,0.0,0.0,0.0,0.0,0.0,0.0,0.0,2.0,3.0,0.0,0.0,0.0,0.0,4.0,4.0,10.0,4.0,33.0,32.0,22.0,15.0
1007,1.0,1007.0,London_56,three,151,453,1092.0,70.0,2.0,142695.0,6.90994635084644,768.0,93.0,0.0,93.0,156.0,0.0,156.0,170.0,53.0,115.0,44.0,151.0,20.0,52.0,1.0,17.0,8.0,73.0,147.0,225.0,60.0,0.0,0.0,0.0,0.0,0.0,0.0,0.0,0.0,0.0,0.0,0.0,0.0,0.0,0.0,0.0,0.0,0.0,0.0,0.0,0.0,0.0,0.0,0.0,0.0,0.0,0.0,0.0,0.0,0.0,0.0,0.0,0.0,0.0,0.0,0.0,0.0,0.0,0.0,0.0,0.0,2.0,1.0,0.0,0.0,1.0,0.0,4.0,2.0,3.0,5.0,21.0,23.0,23.0,5.0,0.0,0.0,0.0,0.0,0.0,0.0,0.0,0.0,0.0,0.0,0.0,0.0,0.0,0.0,0.0,0.0,0.0,0.0,0.0,0.0,2.0,2.0,0.0,0.0,1.0,0.0,6.0,4.0,4.0,8.0,26.0,34.0,33.0,8.0
1008,1.0,1008.0,London_56,three,151,453,1092.0,70.0,2.0,139071.0,5.534776734188199,760.0,29.0,2.0,27.0,73.0,19.0,54.0,156.0,53.0,129.0,49.0,144.0,14.0,47.0,2.0,15.0,10.0,79.0,167.0,197.0,58.0,0.0,0.0,0.0,0.0,0.0,0.0,0.0,0.0,0.0,0.0,0.0,0.0,0.0,0.0,0.0,0.0,0.0,0.0,0.0,0.0,0.0,0.0,0.0,0.0,0.0,0.0,0.0,0.0,0.0,1.0,0.0,0.0,1.0,0.0,0.0,1.0,0.0,0.0,0.0,0.0,1.0,0.0,0.0,1.0,0.0,0.0,1.0,1.0,0.0,0.0,7.0,5.0,9.0,3.0,0.0,0.0,0.0,0.0,0.0,0.0,0.0,0.0,0.0,1.0,0.0,0.0,6.0,0.0,0.0,2.0,0.0,0.0,0.0,0.0,1.0,0.0,0.0,2.0,0.0,0.0,2.0,2.0,0.0,0.0,11.0,6.0,15.0,7.0
1009,1.0,1009.0,London_56,three,151,453,1092.0,70.0,2.0,170328.0,7.030090608168393,829.0,81.0,0.0,81.0,146.0,0.0,146.0,73.0,45.0,128.0,47.0,150.0,17.0,49.0,3.0,14.0,7.0,85.0,143.0,218.0,55.0,0.0,0.0,0.0,0.0,0.0,0.0,0.0,0.0,0.0,0.0,0.0,0.0,0.0,0.0,0.0,0.0,0.0,0.0,0.0,0.0,0.0,0.0,0.0,0.0,0.0,0.0,0.0,0.0,0.0,0.0,0.0,0.0,0.0,0.0,0.0,0.0,0.0,0.0,0.0,0.0,2.0,0.0,0.0,2.0,0.0,0.0,8.0,1.0,1.0,9.0,15.0,16.0,13.0,10.0,0.0,0.0,0.0,0.0,0.0,0.0,0.0,0.0,0.0,0.0,0.0,0.0,0.0,0.0,0.0,0.0,0.0,0.0,0.0,0.0,2.0,0.0,0.0,2.0,0.0,0.0,9.0,2.0,1.0,11.0,24.0,29.0,16.0,17.0
1010,1.0,1010.0,London_56,three,151,453,1092.0,70.0,2.0,178935.0,6.56025293469429,848.0,111.0,1.0,110.0,203.0,11.0,192.0,146.0,48.0,136.0,52.0,139.0,15.0,48.0,2.0,13.0,8.0,93.0,149.0,203.0,58.0,0.0,0.0,0.0,0.0,0.0,0.0,0.0,0.0,0.0,0.0,0.0,0.0,0.0,0.0,0.0,0.0,0.0,0.0,0.0,0.0,0.0,0.0,0.0,0.0,0.0,0.0,0.0,0.0,0.0,1.0,0.0,0.0,1.0,0.0,0.0,1.0,0.0,0.0,0.0,0.0,1.0,0.0,0.0,0.0,0.0,0.0,7.0,5.0,3.0,9.0,24.0,24.0,23.0,9.0,0.0,0.0,0.0,0.0,0.0,0.0,0.0,0.0,0.0,4.0,0.0,0.0,8.0,0.0,0.0,4.0,0.0,0.0,0.0,0.0,1.0,0.0,0.0,0.0,0.0,0.0,8.0,5.0,4.0,13.0,35.0,39.0,27.0,14.0
1011,1.0,1011.0,London_56,three,151,453,1092.0,70.0,2.0,176670.0,6.382623036857694,843.0,72.0,0.0,72.0,119.0,0.0,119.0,203.0,56.0,123.0,40.0,166.0,11.0,46.0,3.0,8.0,12.0,82.0,167.0,192.0,65.0,0.0,0.0,0.0,0.0,0.0,0.0,0.0,0.0,0.0,0.0,0.0,0.0,0.0,0.0,0.0,0.0,0.0,0.0,0.0,0.0,0.0,0.0,0.0,0.0,0.0,0.0,0.0,0.0,0.0,0.0,0.0,0.0,0.0,0.0,0.0,0.0,0.0,0.0,0.0,0.0,1.0,0.0,0.0,0.0,0.0,0.0,6.0,1.0,2.0,5.0,12.0,19.0,15.0,5.0,0.0,0.0,0.0,0.0,0.0,0.0,0.0,0.0,0.0,0.0,0.0,0.0,0.0,0.0,0.0,0.0,0.0,0.0,0.0,0.0,1.0,0.0,0.0,0.0,0.0,0.0,7.0,1.0,3.0,8.0,19.0,25.0,23.0,5.0
1012,1.0,1012.0,London_56,three,151,453,1092.0,70.0,2.0,178029.0,7.158367284107953,846.0,133.0,0.0,133.0,220.0,0.0,220.0,119.0,56.0,122.0,41.0,156.0,9.0,56.0,3.0,10.0,16.0,89.0,156.0,192.0,65.0,0.0,0.0,0.0,0.0,0.0,0.0,0.0,0.0,0.0,0.0,0.0,0.0,0.0,0.0,0.0,0.0,0.0,0.0,0.0,0.0,0.0,0.0,0.0,0.0,0.0,0.0,0.0,0.0,0.0,0.0,0.0,0.0,0.0,0.0,0.0,0.0,0.0,0.0,0.0,0.0,2.0,3.0,0.0,1.0,0.0,0.0,4.0,8.0,7.0,5.0,27.0,41.0,16.0,15.0,0.0,0.0,0.0,0.0,0.0,0.0,0.0,0.0,0.0,0.0,0.0,0.0,0.0,0.0,0.0,0.0,0.0,0.0,0.0,0.0,2.0,3.0,0.0,2.0,0.0,0.0,4.0,10.0,8.0,6.0,41.0,69.0,21.0,25.0
1013,1.0,1013.0,London_56,three,151,453,1092.0,70.0,2.0,145866.0,6.9903008649125695,775.0,29.0,2.0,27.0,65.0,18.0,47.0,220.0,60.0,130.0,39.0,141.0,12.0,51.0,4.0,16.0,15.0,77.0,149.0,212.0,65.0,0.0,0.0,0.0,0.0,0.0,0.0,0.0,0.0,0.0,0.0,0.0,0.0,0.0,0.0,0.0,0.0,0.0,0.0,0.0,0.0,0.0,0.0,0.0,0.0,0.0,0.0,0.0,0.0,0.0,0.0,0.0,0.0,0.0,0.0,1.0,1.0,0.0,0.0,0.0,0.0,2.0,0.0,0.0,1.0,0.0,0.0,2.0,1.0,0.0,3.0,1.0,6.0,7.0,3.0,0.0,0.0,0.0,0.0,0.0,0.0,0.0,0.0,0.0,0.0,0.0,0.0,0.0,0.0,5.0,2.0,0.0,0.0,0.0,0.0,3.0,0.0,0.0,2.0,0.0,0.0,3.0,1.0,0.0,3.0,2.0,11.0,9.0,5.0
1014,1.0,1014.0,London_56,three,151,453,1092.0,70.0,2.0,187995.0,8.028639221098274,868.0,127.0,1.0,126.0,234.0,10.0,224.0,65.0,56.0,120.0,43.0,151.0,12.0,50.0,4.0,17.0,10.0,85.0,149.0,209.0,61.0,0.0,0.0,0.0,0.0,0.0,0.0,0.0,0.0,0.0,0.0,0.0,0.0,0.0,0.0,0.0,0.0,0.0,0.0,0.0,0.0,0.0,0.0,0.0,0.0,0.0,0.0,0.0,0.0,0.0,0.0,0.0,0.0,0.0,0.0,0.0,0.0,1.0,0.0,0.0,0.0,0.0,1.0,0.0,0.0,0.0,1.0,10.0,4.0,7.0,10.0,23.0,25.0,17.0,10.0,0.0,0.0,0.0,0.0,0.0,0.0,0.0,0.0,0.0,0.0,0.0,0.0,0.0,0.0,0.0,0.0,8.0,0.0,0.0,0.0,0.0,1.0,0.0,0.0,0.0,3.0,16.0,4.0,8.0,11.0,36.0,40.0,23.0,15.0
1015,1.0,1015.0,London_56,three,151,453,1092.0,70.0,2.0,166251.0,5.480428822804242,820.0,44.0,0.0,44.0,72.0,0.0,72.0,234.0,62.0,116.0,39.0,151.0,9.0,55.0,3.0,18.0,10.0,78.0,143.0,222.0,71.0,0.0,0.0,0.0,0.0,0.0,0.0,0.0,0.0,0.0,0.0,0.0,0.0,0.0,0.0,0.0,0.0,0.0,0.0,0.0,0.0,0.0,0.0,0.0,0.0,0.0,0.0,0.0,0.0,0.0,0.0,0.0,0.0,0.0,0.0,0.0,0.0,0.0,0.0,0.0,0.0,1.0,1.0,0.0,2.0,0.0,0.0,1.0,6.0,1.0,7.0,8.0,12.0,6.0,5.0,0.0,0.0,0.0,0.0,0.0,0.0,0.0,0.0,0.0,0.0,0.0,0.0,0.0,0.0,0.0,0.0,0.0,0.0,0.0,0.0,1.0,1.0,0.0,4.0,0.0,0.0,1.0,8.0,1.0,9.0,11.0,20.0,7.0,6.0
1016,1.0,1016.0,London_56,three,151,453,1092.0,70.0,2.0,187542.0,5.822478646878153,867.0,111.0,0.0,111.0,174.0,0.0,174.0,72.0,58.0,113.0,34.0,162.0,9.0,55.0,3.0,19.0,9.0,65.0,149.0,230.0,72.0,0.0,0.0,0.0,0.0,0.0,0.0,0.0,0.0,0.0,0.0,0.0,0.0,0.0,0.0,0.0,0.0,0.0,0.0,0.0,0.0,0.0,0.0,0.0,0.0,0.0,0.0,0.0,0.0,0.0,0.0,0.0,0.0,0.0,0.0,0.0,0.0,0.0,0.0,0.0,0.0,5.0,0.0,0.0,3.0,0.0,0.0,9.0,12.0,4.0,9.0,14.0,28.0,23.0,7.0,0.0,0.0,0.0,0.0,0.0,0.0,0.0,0.0,0.0,0.0,0.0,0.0,0.0,0.0,0.0,0.0,0.0,0.0,0.0,0.0,6.0,0.0,0.0,4.0,0.0,0.0,10.0,15.0,5.0,12.0,22.0,33.0,26.0,10.0
1017,1.0,1017.0,London_56,three,151,453,1092.0,70.0,2.0,173952.0,6.819421235006303,837.0,155.0,2.0,153.0,291.0,16.0,275.0,174.0,68.0,113.0,37.0,158.0,7.0,52.0,2.0,16.0,11.0,69.0,149.0,224.0,73.0,0.0,0.0,0.0,0.0,0.0,0.0,0.0,0.0,0.0,0.0,0.0,0.0,0.0,0.0,0.0,0.0,0.0,0.0,0.0,0.0,0.0,0.0,0.0,0.0,0.0,0.0,0.0,0.0,0.0,0.0,0.0,0.0,1.0,0.0,0.0,1.0,0.0,0.0,0.0,0.0,5.0,4.0,0.0,5.0,0.0,0.0,24.0,9.0,9.0,14.0,34.0,32.0,21.0,14.0,0.0,0.0,0.0,0.0,0.0,0.0,0.0,0.0,0.0,0.0,0.0,0.0,2.0,0.0,0.0,1.0,0.0,0.0,0.0,0.0,6.0,7.0,0.0,8.0,0.0,0.0,37.0,14.0,15.0,17.0,51.0,47.0,27.0,20.0
1018,1.0,1018.0,London_56,three,151,453,1092.0,70.0,2.0,134541.0,4.945168524980545,750.0,34.0,2.0,32.0,73.0,18.0,55.0,291.0,69.0,120.0,38.0,149.0,10.0,50.0,2.0,15.0,13.0,75.0,130.0,235.0,67.0,0.0,0.0,0.0,0.0,0.0,0.0,0.0,0.0,0.0,0.0,0.0,0.0,0.0,0.0,0.0,0.0,0.0,0.0,0.0,0.0,0.0,0.0,0.0,0.0,0.0,0.0,0.0,0.0,0.0,1.0,0.0,0.0,1.0,0.0,0.0,0.0,1.0,0.0,0.0,0.0,2.0,0.0,0.0,0.0,0.0,0.0,4.0,8.0,2.0,2.0,4.0,8.0,5.0,3.0,0.0,0.0,0.0,0.0,0.0,0.0,0.0,0.0,0.0,7.0,0.0,0.0,1.0,0.0,0.0,0.0,7.0,0.0,0.0,0.0,3.0,0.0,0.0,0.0,0.0,0.0,4.0,9.0,3.0,2.0,5.0,11.0,7.0,3.0
1019,1.0,1019.0,London_56,three,151,453,1092.0,70.0,2.0,148584.0,5.426977275405079,781.0,93.0,1.0,92.0,165.0,10.0,155.0,73.0,63.0,128.0,34.0,148.0,10.0,55.0,2.0,13.0,12.0,77.0,127.0,237.0,70.0,0.0,0.0,0.0,0.0,0.0,0.0,0.0,0.0,0.0,0.0,0.0,0.0,0.0,0.0,0.0,0.0,0.0,0.0,0.0,0.0,0.0,0.0,0.0,0.0,0.0,0.0,0.0,0.0,0.0,0.0,0.0,0.0,0.0,0.0,1.0,1.0,0.0,0.0,0.0,0.0,2.0,2.0,0.0,1.0,0.0,0.0,6.0,5.0,3.0,6.0,12.0,22.0,11.0,7.0,0.0,0.0,0.0,0.0,0.0,0.0,0.0,0.0,0.0,0.0,0.0,0.0,0.0,0.0,9.0,1.0,0.0,0.0,0.0,0.0,2.0,4.0,0.0,2.0,0.0,0.0,6.0,6.0,5.0,7.0,15.0,31.0,15.0,15.0
1020,1.0,1020.0,London_56,three,151,453,1092.0,70.0,2.0,140430.0,5.181598352268338,763.0,154.0,0.0,154.0,268.0,0.0,268.0,165.0,59.0,125.0,32.0,153.0,11.0,54.0,6.0,13.0,12.0,80.0,132.0,229.0,78.0,0.0,0.0,0.0,0.0,0.0,0.0,0.0,0.0,0.0,0.0,0.0,0.0,0.0,0.0,0.0,0.0,0.0,0.0,0.0,0.0,0.0,0.0,0.0,0.0,0.0,0.0,0.0,0.0,0.0,0.0,0.0,0.0,0.0,0.0,0.0,0.0,0.0,0.0,0.0,0.0,4.0,9.0,0.0,3.0,1.0,0.0,6.0,7.0,9.0,11.0,22.0,30.0,32.0,11.0,0.0,0.0,0.0,0.0,0.0,0.0,0.0,0.0,0.0,0.0,0.0,0.0,0.0,0.0,0.0,0.0,0.0,0.0,0.0,0.0,4.0,11.0,0.0,5.0,1.0,0.0,10.0,7.0,12.0,16.0,37.0,47.0,39.0,18.0
1021,1.0,1021.0,London_56,three,151,453,1092.0,70.0,2.0,103284.0,3.444000687915832,681.0,2.0,2.0,0.0,18.0,18.0,0.0,268.0,63.0,122.0,31.0,151.0,12.0,58.0,5.0,11.0,13.0,88.0,115.0,237.0,76.0,0.0,0.0,0.0,0.0,0.0,0.0,0.0,0.0,0.0,0.0,0.0,0.0,0.0,0.0,0.0,0.0,0.0,0.0,0.0,0.0,0.0,0.0,0.0,0.0,0.0,0.0,0.0,0.0,0.0,1.0,0.0,0.0,1.0,0.0,0.0,2.0,0.0,0.0,0.0,0.0,0.0,0.0,0.0,0.0,0.0,0.0,0.0,0.0,0.0,0.0,0.0,0.0,0.0,0.0,0.0,0.0,0.0,0.0,0.0,0.0,0.0,0.0,0.0,4.0,0.0,0.0,3.0,0.0,0.0,9.0,0.0,0.0,0.0,0.0,0.0,0.0,0.0,0.0,0.0,0.0,0.0,0.0,0.0,0.0,0.0,0.0,0.0,0.0
1022,1.0,1022.0,London_56,three,151,453,1092.0,70.0,2.0,131370.0,4.617714840918779,743.0,88.0,2.0,86.0,173.0,19.0,154.0,18.0,61.0,130.0,32.0,155.0,9.0,50.0,5.0,11.0,13.0,93.0,106.0,241.0,78.0,0.0,0.0,0.0,0.0,0.0,0.0,0.0,0.0,0.0,0.0,0.0,0.0,0.0,0.0,0.0,0.0,0.0,0.0,0.0,0.0,0.0,0.0,0.0,0.0,0.0,0.0,0.0,0.0,0.0,2.0,0.0,0.0,2.0,0.0,0.0,0.0,0.0,0.0,0.0,0.0,2.0,2.0,0.0,3.0,0.0,0.0,8.0,10.0,3.0,6.0,15.0,26.0,17.0,13.0,0.0,0.0,0.0,0.0,0.0,0.0,0.0,0.0,0.0,9.0,0.0,0.0,13.0,0.0,0.0,0.0,0.0,0.0,0.0,0.0,2.0,2.0,0.0,4.0,0.0,0.0,9.0,14.0,4.0,7.0,22.0,43.0,20.0,22.0
1023,1.0,1023.0,London_56,three,151,453,1092.0,70.0,2.0,130011.0,5.405775328632444,740.0,102.0,2.0,100.0,208.0,20.0,188.0,173.0,63.0,128.0,36.0,148.0,15.0,44.0,6.0,13.0,10.0,87.0,118.0,238.0,82.0,0.0,0.0,0.0,0.0,0.0,0.0,0.0,0.0,0.0,0.0,0.0,0.0,0.0,0.0,0.0,0.0,0.0,0.0,0.0,0.0,0.0,0.0,0.0,0.0,0.0,0.0,0.0,0.0,0.0,0.0,0.0,0.0,0.0,0.0,2.0,2.0,0.0,0.0,0.0,0.0,4.0,10.0,0.0,2.0,0.0,0.0,8.0,3.0,3.0,11.0,17.0,29.0,13.0,9.0,0.0,0.0,0.0,0.0,0.0,0.0,0.0,0.0,0.0,0.0,0.0,0.0,0.0,0.0,15.0,6.0,0.0,0.0,0.0,0.0,4.0,14.0,0.0,6.0,0.0,0.0,10.0,5.0,4.0,12.0,25.0,42.0,23.0,15.0
1024,1.0,1024.0,London_56,three,151,453,1092.0,70.0,2.0,119592.0,3.6022231369279325,717.0,7.0,0.0,7.0,11.0,0.0,11.0,208.0,66.0,112.0,37.0,135.0,18.0,58.0,7.0,20.0,6.0,87.0,128.0,232.0,68.0,0.0,0.0,0.0,0.0,0.0,0.0,0.0,0.0,0.0,0.0,0.0,0.0,0.0,0.0,0.0,0.0,0.0,0.0,0.0,0.0,0.0,0.0,0.0,0.0,0.0,0.0,0.0,0.0,0.0,0.0,0.0,0.0,0.0,0.0,0.0,0.0,0.0,0.0,0.0,0.0,0.0,0.0,0.0,0.0,0.0,0.0,0.0,0.0,0.0,0.0,0.0,4.0,0.0,2.0,0.0,0.0,0.0,0.0,0.0,0.0,0.0,0.0,0.0,0.0,0.0,0.0,0.0,0.0,0.0,0.0,0.0,0.0,0.0,0.0,0.0,0.0,0.0,0.0,0.0,0.0,0.0,0.0,0.0,0.0,0.0,6.0,0.0,2.0
1025,1.0,1025.0,London_56,three,151,453,1092.0,70.0,2.0,160815.0,4.9615509188733995,808.0,55.0,2.0,53.0,116.0,17.0,99.0,11.0,64.0,114.0,37.0,133.0,18.0,59.0,7.0,21.0,6.0,86.0,129.0,232.0,70.0,0.0,0.0,0.0,0.0,0.0,0.0,0.0,0.0,0.0,0.0,0.0,0.0,0.0,0.0,0.0,0.0,0.0,0.0,0.0,0.0,0.0,0.0,0.0,0.0,0.0,0.0,0.0,0.0,0.0,1.0,0.0,0.0,2.0,0.0,0.0,2.0,0.0,0.0,0.0,0.0,0.0,3.0,0.0,0.0,0.0,0.0,4.0,1.0,0.0,4.0,12.0,12.0,9.0,4.0,0.0,0.0,0.0,0.0,0.0,0.0,0.0,0.0,0.0,4.0,0.0,0.0,4.0,0.0,0.0,7.0,0.0,0.0,0.0,0.0,0.0,3.0,0.0,0.0,0.0,0.0,4.0,1.0,0.0,4.0,23.0,19.0,11.0,4.0
1026,1.0,1026.0,London_56,three,151,453,1092.0,70.0,2.0,179841.0,5.844873810186982,850.0,78.0,0.0,78.0,146.0,0.0,146.0,116.0,53.0,116.0,38.0,140.0,17.0,59.0,8.0,22.0,7.0,87.0,124.0,235.0,80.0,0.0,0.0,0.0,0.0,0.0,0.0,0.0,0.0,0.0,0.0,0.0,0.0,0.0,0.0,0.0,0.0,0.0,0.0,0.0,0.0,0.0,0.0,0.0,0.0,0.0,0.0,0.0,0.0,0.0,0.0,0.0,0.0,0.0,0.0,0.0,0.0,0.0,0.0,0.0,0.0,1.0,6.0,0.0,1.0,0.0,0.0,8.0,7.0,3.0,9.0,14.0,26.0,20.0,5.0,0.0,0.0,0.0,0.0,0.0,0.0,0.0,0.0,0.0,0.0,0.0,0.0,0.0,0.0,0.0,0.0,0.0,0.0,0.0,0.0,2.0,12.0,0.0,1.0,0.0,0.0,10.0,8.0,4.0,11.0,21.0,39.0,22.0,12.0
1027,1.0,1027.0,London_56,three,151,453,1092.0,70.0,2.0,187995.0,1.2122158771380782,868.0,162.0,0.0,162.0,266.0,0.0,266.0,146.0,52.0,122.0,37.0,141.0,20.0,54.0,7.0,20.0,6.0,82.0,135.0,230.0,80.0,0.0,0.0,0.0,0.0,0.0,0.0,0.0,0.0,0.0,0.0,0.0,0.0,0.0,0.0,0.0,0.0,0.0,0.0,0.0,0.0,0.0,0.0,0.0,0.0,0.0,0.0,0.0,0.0,0.0,0.0,0.0,0.0,0.0,0.0,0.0,0.0,0.0,0.0,0.0,0.0,2.0,7.0,0.0,3.0,0.0,1.0,9.0,9.0,6.0,10.0,27.0,37.0,30.0,20.0,0.0,0.0,0.0,0.0,0.0,0.0,0.0,0.0,0.0,0.0,0.0,0.0,0.0,0.0,0.0,0.0,0.0,0.0,0.0,0.0,2.0,10.0,0.0,6.0,0.0,2.0,12.0,9.0,6.0,13.0,35.0,53.0,37.0,28.0
1028,1.0,1028.0,London_56,three,151,453,1092.0,70.0,2.0,149490.0,4.845667794812471,783.0,80.0,1.0,79.0,145.0,9.0,136.0,266.0,51.0,133.0,38.0,126.0,23.0,49.0,7.0,26.0,7.0,76.0,144.0,226.0,73.0,0.0,0.0,0.0,0.0,0.0,0.0,0.0,0.0,0.0,0.0,0.0,0.0,0.0,0.0,0.0,0.0,0.0,0.0,0.0,0.0,0.0,0.0,0.0,0.0,0.0,0.0,0.0,0.0,0.0,0.0,0.0,0.0,0.0,0.0,0.0,0.0,0.0,0.0,0.0,0.0,1.0,1.0,0.0,0.0,0.0,0.0,6.0,5.0,2.0,6.0,13.0,15.0,10.0,6.0,0.0,0.0,0.0,0.0,0.0,0.0,0.0,0.0,0.0,0.0,0.0,0.0,0.0,0.0,0.0,0.0,0.0,0.0,0.0,0.0,1.0,1.0,0.0,0.0,0.0,0.0,7.0,8.0,2.0,6.0,19.0,24.0,14.0,9.0
1029,1.0,1029.0,London_56,three,151,453,1092.0,70.0,2.0,147678.0,6.280051551759243,779.0,91.0,0.0,91.0,157.0,0.0,157.0,145.0,51.0,131.0,41.0,116.0,19.0,58.0,9.0,28.0,7.0,80.0,140.0,226.0,80.0,0.0,0.0,0.0,0.0,0.0,0.0,0.0,0.0,0.0,0.0,0.0,0.0,0.0,0.0,0.0,0.0,0.0,0.0,0.0,0.0,0.0,0.0,0.0,0.0,0.0,0.0,0.0,0.0,0.0,0.0,0.0,0.0,0.0,0.0,0.0,0.0,0.0,0.0,0.0,0.0,3.0,5.0,0.0,1.0,0.0,1.0,4.0,4.0,2.0,4.0,21.0,20.0,18.0,7.0,0.0,0.0,0.0,0.0,0.0,0.0,0.0,0.0,0.0,0.0,0.0,0.0,0.0,0.0,0.0,0.0,0.0,0.0,0.0,0.0,3.0,6.0,0.0,1.0,0.0,2.0,4.0,4.0,4.0,6.0,32.0,32.0,21.0,12.0
1030,1.0,1030.0,London_56,three,151,453,1092.0,70.0,2.0,142242.0,5.985155132133514,767.0,57.0,0.0,57.0,101.0,0.0,101.0,157.0,51.0,128.0,37.0,130.0,18.0,53.0,9.0,27.0,5.0,76.0,145.0,227.0,92.0,0.0,0.0,0.0,0.0,0.0,0.0,0.0,0.0,0.0,0.0,0.0,0.0,0.0,0.0,0.0,0.0,0.0,0.0,0.0,0.0,0.0,0.0,0.0,0.0,0.0,0.0,0.0,0.0,0.0,0.0,0.0,0.0,0.0,0.0,0.0,0.0,0.0,0.0,0.0,0.0,3.0,1.0,0.0,0.0,0.0,0.0,5.0,2.0,0.0,5.0,12.0,14.0,10.0,3.0,0.0,0.0,0.0,0.0,0.0,0.0,0.0,0.0,0.0,0.0,0.0,0.0,0.0,0.0,0.0,0.0,0.0,0.0,0.0,0.0,3.0,1.0,0.0,0.0,0.0,0.0,7.0,2.0,0.0,6.0,22.0,24.0,15.0,5.0
1031,1.0,1031.0,London_56,three,151,453,1092.0,70.0,2.0,163533.0,4.4574870727956295,814.0,53.0,0.0,53.0,100.0,0.0,100.0,101.0,47.0,121.0,43.0,136.0,16.0,54.0,9.0,27.0,9.0,83.0,138.0,223.0,98.0,0.0,0.0,0.0,0.0,0.0,0.0,0.0,0.0,0.0,0.0,0.0,0.0,0.0,0.0,0.0,0.0,0.0,0.0,0.0,0.0,0.0,0.0,0.0,0.0,0.0,0.0,0.0,0.0,0.0,0.0,0.0,0.0,0.0,0.0,0.0,0.0,0.0,0.0,0.0,0.0,5.0,1.0,0.0,2.0,0.0,0.0,4.0,5.0,3.0,4.0,8.0,17.0,16.0,1.0,0.0,0.0,0.0,0.0,0.0,0.0,0.0,0.0,0.0,0.0,0.0,0.0,0.0,0.0,0.0,0.0,0.0,0.0,0.0,0.0,7.0,1.0,0.0,2.0,0.0,0.0,6.0,7.0,4.0,7.0,13.0,24.0,22.0,1.0
1032,1.0,1032.0,London_56,three,151,453,1092.0,70.0,2.0,178935.0,3.3895991388708353,848.0,149.0,2.0,147.0,266.0,17.0,249.0,100.0,52.0,122.0,32.0,143.0,17.0,52.0,10.0,25.0,9.0,84.0,136.0,224.0,106.0,0.0,0.0,0.0,0.0,0.0,0.0,0.0,0.0,0.0,0.0,0.0,0.0,0.0,0.0,0.0,0.0,0.0,0.0,0.0,0.0,0.0,0.0,0.0,0.0,0.0,0.0,0.0,0.0,0.0,1.0,0.0,0.0,1.0,0.0,0.0,2.0,0.0,0.0,0.0,0.0,1.0,5.0,2.0,2.0,0.0,1.0,7.0,7.0,3.0,12.0,31.0,40.0,25.0,11.0,0.0,0.0,0.0,0.0,0.0,0.0,0.0,0.0,0.0,4.0,0.0,0.0,4.0,0.0,0.0,4.0,0.0,0.0,0.0,0.0,1.0,5.0,2.0,4.0,0.0,2.0,10.0,7.0,3.0,14.0,45.0,50.0,31.0,14.0
1033,1.0,1033.0,London_56,three,151,453,1092.0,70.0,2.0,143601.0,6.737222784198821,770.0,59.0,2.0,57.0,123.0,20.0,103.0,266.0,50.0,113.0,40.0,144.0,19.0,57.0,10.0,20.0,12.0,76.0,140.0,225.0,91.0,0.0,0.0,0.0,0.0,0.0,0.0,0.0,0.0,0.0,0.0,0.0,0.0,0.0,0.0,0.0,0.0,0.0,0.0,0.0,0.0,0.0,0.0,0.0,0.0,0.0,0.0,0.0,0.0,0.0,2.0,0.0,0.0,2.0,0.0,0.0,2.0,0.0,0.0,0.0,0.0,1.0,2.0,0.0,0.0,0.0,1.0,8.0,3.0,1.0,6.0,11.0,13.0,9.0,9.0,0.0,0.0,0.0,0.0,0.0,0.0,0.0,0.0,0.0,11.0,0.0,0.0,15.0,0.0,0.0,8.0,0.0,0.0,0.0,0.0,2.0,3.0,0.0,0.0,0.0,1.0,11.0,6.0,1.0,8.0,15.0,22.0,14.0,15.0
1034,1.0,1034.0,London_56,three,151,453,1092.0,70.0,2.0,151302.0,7.891508636064827,787.0,143.0,2.0,141.0,253.0,18.0,235.0,123.0,53.0,108.0,35.0,152.0,18.0,58.0,10.0,19.0,13.0,70.0,137.0,233.0,90.0,0.0,0.0,0.0,0.0,0.0,0.0,0.0,0.0,0.0,0.0,0.0,0.0,0.0,0.0,0.0,0.0,0.0,0.0,0.0,0.0,0.0,0.0,0.0,0.0,0.0,0.0,0.0,0.0,0.0,0.0,0.0,0.0,0.0,0.0,1.0,0.0,0.0,0.0,0.0,0.0,0.0,13.0,0.0,1.0,1.0,0.0,17.0,7.0,10.0,7.0,26.0,24.0,28.0,12.0,0.0,0.0,0.0,0.0,0.0,0.0,0.0,0.0,0.0,0.0,0.0,0.0,0.0,0.0,9.0,0.0,0.0,0.0,0.0,0.0,0.0,21.0,0.0,1.0,1.0,0.0,21.0,11.0,15.0,8.0,37.0,37.0,35.0,19.0
1035,1.0,1035.0,London_56,three,151,453,1092.0,70.0,2.0,117780.0,5.286915872711688,713.0,30.0,1.0,29.0,64.0,9.0,55.0,253.0,57.0,129.0,36.0,137.0,20.0,58.0,5.0,11.0,14.0,68.0,147.0,224.0,78.0,0.0,0.0,0.0,0.0,0.0,0.0,0.0,0.0,0.0,0.0,0.0,0.0,0.0,0.0,0.0,0.0,0.0,0.0,0.0,0.0,0.0,0.0,0.0,0.0,0.0,0.0,0.0,0.0,0.0,0.0,0.0,0.0,0.0,0.0,1.0,0.0,1.0,0.0,0.0,0.0,0.0,0.0,0.0,0.0,0.0,0.0,4.0,2.0,1.0,2.0,6.0,10.0,3.0,2.0,0.0,0.0,0.0,0.0,0.0,0.0,0.0,0.0,0.0,0.0,0.0,0.0,0.0,0.0,4.0,0.0,1.0,0.0,0.0,0.0,0.0,0.0,0.0,0.0,0.0,0.0,5.0,2.0,1.0,4.0,10.0,15.0,3.0,3.0
1036,1.0,1036.0,London_56,three,151,453,1092.0,70.0,2.0,144960.0,7.018643665127456,773.0,107.0,2.0,105.0,217.0,18.0,199.0,64.0,61.0,125.0,43.0,133.0,20.0,55.0,5.0,11.0,14.0,63.0,149.0,227.0,75.0,0.0,0.0,0.0,0.0,0.0,0.0,0.0,0.0,0.0,1.0,0.0,1.0,0.0,0.0,0.0,0.0,0.0,0.0,1.0,0.0,0.0,0.0,0.0,0.0,0.0,0.0,0.0,0.0,0.0,1.0,0.0,0.0,0.0,0.0,0.0,0.0,0.0,0.0,0.0,0.0,3.0,1.0,0.0,2.0,1.0,0.0,10.0,4.0,4.0,3.0,27.0,17.0,22.0,5.0,0.0,0.0,0.0,0.0,0.0,0.0,0.0,0.0,0.0,9.0,0.0,0.0,0.0,0.0,0.0,0.0,0.0,0.0,0.0,0.0,5.0,2.0,0.0,4.0,1.0,0.0,13.0,7.0,5.0,5.0,48.0,27.0,31.0,6.0
1037,1.0,1037.0,London_56,three,151,453,1092.0,70.0,2.0,139977.0,2.8095738259144127,762.0,62.0,1.0,61.0,112.0,8.0,104.0,214.0,59.0,141.0,34.0,130.0,26.0,49.0,2.0,12.0,14.0,74.0,156.0,209.0,72.0,0.0,0.0,0.0,0.0,0.0,0.0,0.0,0.0,0.0,0.0,0.0,0.0,0.0,0.0,0.0,0.0,0.0,0.0,0.0,0.0,0.0,0.0,0.0,0.0,0.0,0.0,0.0,0.0,0.0,0.0,0.0,0.0,0.0,0.0,0.0,1.0,0.0,0.0,0.0,0.0,2.0,0.0,0.0,0.0,0.0,0.0,1.0,6.0,4.0,5.0,9.0,14.0,11.0,8.0,0.0,0.0,0.0,0.0,0.0,0.0,0.0,0.0,0.0,0.0,0.0,0.0,0.0,0.0,0.0,3.0,0.0,0.0,0.0,0.0,3.0,0.0,0.0,0.0,0.0,0.0,2.0,7.0,5.0,8.0,16.0,22.0,12.0,13.0
1038,1.0,1038.0,London_56,three,151,453,1092.0,70.0,2.0,145866.0,6.609323731157929,775.0,80.0,1.0,79.0,152.0,9.0,143.0,112.0,57.0,144.0,30.0,132.0,28.0,48.0,2.0,12.0,12.0,75.0,150.0,216.0,81.0,0.0,0.0,0.0,0.0,0.0,0.0,0.0,0.0,0.0,0.0,0.0,0.0,0.0,0.0,0.0,0.0,0.0,0.0,0.0,0.0,0.0,0.0,0.0,0.0,0.0,0.0,0.0,0.0,0.0,0.0,0.0,0.0,1.0,0.0,1.0,0.0,0.0,0.0,0.0,0.0,1.0,6.0,0.0,2.0,1.0,0.0,7.0,5.0,2.0,11.0,31.0,13.0,14.0,12.0,0.0,0.0,0.0,0.0,0.0,0.0,0.0,0.0,0.0,0.0,0.0,0.0,1.0,0.0,7.0,0.0,0.0,0.0,0.0,0.0,1.0,8.0,0.0,4.0,1.0,0.0,10.0,7.0,3.0,16.0,50.0,18.0,21.0,19.0
1039,1.0,1039.0,London_56,three,151,453,1092.0,70.0,2.0,151302.0,1.749569954816252,787.0,7.0,0.0,7.0,13.0,0.0,13.0,152.0,58.0,138.0,35.0,133.0,24.0,48.0,0.0,17.0,14.0,70.0,154.0,215.0,86.0,0.0,0.0,0.0,0.0,0.0,0.0,0.0,0.0,0.0,0.0,0.0,0.0,0.0,0.0,0.0,0.0,0.0,0.0,0.0,0.0,0.0,0.0,0.0,0.0,0.0,0.0,0.0,0.0,0.0,0.0,0.0,0.0,0.0,0.0,0.0,0.0,0.0,0.0,0.0,0.0,0.0,0.0,0.0,0.0,0.0,0.0,1.0,1.0,0.0,2.0,1.0,3.0,1.0,2.0,0.0,0.0,0.0,0.0,0.0,0.0,0.0,0.0,0.0,0.0,0.0,0.0,0.0,0.0,0.0,0.0,0.0,0.0,0.0,0.0,0.0,0.0,0.0,0.0,0.0,0.0,1.0,2.0,0.0,2.0,2.0,4.0,1.0,3.0
1040,1.0,1040.0,London_56,three,151,453,1092.0,70.0,2.0,192978.0,7.777743802871555,879.0,130.0,2.0,128.0,241.0,18.0,223.0,13.0,59.0,132.0,37.0,137.0,24.0,49.0,0.0,15.0,14.0,74.0,157.0,208.0,85.0,0.0,0.0,0.0,0.0,0.0,0.0,0.0,0.0,0.0,0.0,0.0,0.0,0.0,0.0,0.0,0.0,0.0,0.0,0.0,0.0,0.0,0.0,0.0,0.0,0.0,0.0,0.0,0.0,0.0,0.0,0.0,0.0,0.0,0.0,1.0,0.0,0.0,0.0,0.0,0.0,2.0,1.0,0.0,4.0,0.0,0.0,6.0,9.0,3.0,2.0,29.0,30.0,25.0,7.0,0.0,0.0,0.0,0.0,0.0,0.0,0.0,0.0,0.0,0.0,0.0,0.0,0.0,0.0,7.0,0.0,0.0,0.0,0.0,0.0,2.0,1.0,0.0,5.0,0.0,0.0,7.0,11.0,4.0,2.0,44.0,42.0,28.0,10.0
1041,1.0,1041.0,London_56,three,151,453,1092.0,70.0,2.0,168063.0,8.624554621055722,824.0,84.0,0.0,84.0,140.0,0.0,140.0,241.0,58.0,127.0,42.0,131.0,20.0,60.0,2.0,13.0,12.0,71.0,151.0,219.0,85.0,0.0,0.0,0.0,0.0,0.0,0.0,0.0,0.0,0.0,0.0,0.0,0.0,0.0,0.0,0.0,0.0,0.0,0.0,0.0,0.0,0.0,0.0,0.0,0.0,0.0,0.0,0.0,0.0,0.0,0.0,0.0,0.0,0.0,0.0,0.0,0.0,0.0,0.0,0.0,0.0,1.0,4.0,0.0,0.0,0.0,0.0,5.0,7.0,4.0,4.0,17.0,20.0,20.0,10.0,0.0,0.0,0.0,0.0,0.0,0.0,0.0,0.0,0.0,0.0,0.0,0.0,0.0,0.0,0.0,0.0,0.0,0.0,0.0,0.0,1.0,4.0,0.0,0.0,0.0,0.0,6.0,10.0,4.0,6.0,23.0,23.0,25.0,16.0
1042,1.0,1042.0,London_56,three,151,453,1092.0,70.0,2.0,172140.0,8.88435310125351,833.0,104.0,1.0,103.0,187.0,8.0,179.0,140.0,58.0,124.0,44.0,129.0,23.0,60.0,2.0,13.0,15.0,59.0,152.0,227.0,86.0,0.0,0.0,0.0,0.0,0.0,0.0,0.0,0.0,0.0,0.0,0.0,0.0,0.0,0.0,0.0,0.0,0.0,0.0,0.0,0.0,0.0,0.0,0.0,0.0,0.0,0.0,0.0,0.0,0.0,0.0,0.0,0.0,0.0,0.0,1.0,0.0,0.0,0.0,0.0,0.0,0.0,3.0,0.0,0.0,0.0,0.0,10.0,9.0,2.0,4.0,15.0,21.0,22.0,10.0,0.0,0.0,0.0,0.0,0.0,0.0,0.0,0.0,0.0,0.0,0.0,0.0,0.0,0.0,6.0,0.0,0.0,0.0,0.0,0.0,0.0,5.0,0.0,0.0,0.0,0.0,14.0,13.0,2.0,4.0,19.0,35.0,26.0,14.0
1043,1.0,1043.0,London_56,three,151,453,1092.0,70.0,2.0,161268.0,8.299011478200555,809.0,124.0,1.0,123.0,226.0,8.0,218.0,187.0,64.0,118.0,39.0,134.0,23.0,65.0,0.0,10.0,18.0,64.0,123.0,248.0,79.0,0.0,0.0,0.0,0.0,0.0,0.0,0.0,0.0,0.0,0.0,0.0,0.0,0.0,0.0,0.0,0.0,0.0,0.0,0.0,0.0,0.0,0.0,0.0,0.0,0.0,0.0,0.0,0.0,0.0,1.0,0.0,0.0,1.0,0.0,0.0,0.0,1.0,0.0,0.0,0.0,2.0,10.0,0.0,2.0,0.0,0.0,10.0,16.0,6.0,5.0,29.0,30.0,21.0,12.0,0.0,0.0,0.0,0.0,0.0,0.0,0.0,0.0,0.0,2.0,0.0,0.0,5.0,0.0,0.0,0.0,8.0,0.0,0.0,0.0,2.0,14.0,0.0,3.0,0.0,0.0,13.0,18.0,7.0,8.0,44.0,49.0,31.0,21.0
1044,1.0,1044.0,London_56,three,151,453,1092.0,70.0,2.0,135447.0,5.529201770666987,752.0,52.0,0.0,52.0,88.0,0.0,88.0,226.0,75.0,112.0,42.0,118.0,27.0,67.0,2.0,10.0,20.0,67.0,119.0,247.0,96.0,0.0,0.0,0.0,0.0,0.0,0.0,0.0,0.0,0.0,0.0,0.0,0.0,0.0,0.0,0.0,0.0,0.0,0.0,0.0,0.0,0.0,0.0,0.0,0.0,0.0,0.0,0.0,0.0,0.0,0.0,0.0,0.0,0.0,0.0,0.0,0.0,0.0,0.0,0.0,0.0,1.0,2.0,0.0,0.0,0.0,0.0,11.0,2.0,2.0,10.0,9.0,15.0,13.0,5.0,0.0,0.0,0.0,0.0,0.0,0.0,0.0,0.0,0.0,0.0,0.0,0.0,0.0,0.0,0.0,0.0,0.0,0.0,0.0,0.0,1.0,2.0,0.0,0.0,0.0,0.0,15.0,2.0,3.0,13.0,15.0,22.0,19.0,6.0
1045,1.0,1045.0,London_56,three,151,453,1092.0,70.0,2.0,150396.0,3.421850305981934,785.0,133.0,2.0,131.0,249.0,18.0,231.0,88.0,68.0,118.0,41.0,118.0,25.0,71.0,2.0,10.0,23.0,69.0,130.0,231.0,100.0,0.0,0.0,0.0,0.0,0.0,0.0,0.0,0.0,0.0,0.0,0.0,0.0,0.0,0.0,0.0,0.0,0.0,0.0,0.0,0.0,0.0,0.0,0.0,0.0,0.0,0.0,0.0,0.0,0.0,0.0,0.0,0.0,0.0,0.0,1.0,1.0,0.0,0.0,0.0,0.0,0.0,17.0,0.0,1.0,0.0,1.0,6.0,16.0,7.0,12.0,23.0,31.0,10.0,13.0,0.0,0.0,0.0,0.0,0.0,0.0,0.0,0.0,0.0,0.0,0.0,0.0,0.0,0.0,5.0,2.0,0.0,0.0,0.0,0.0,0.0,26.0,0.0,3.0,0.0,2.0,6.0,25.0,10.0,15.0,35.0,46.0,11.0,22.0
1046,1.0,1046.0,London_56,three,151,453,1092.0,70.0,2.0,125934.0,5.114905260968953,731.0,78.0,2.0,76.0,136.0,16.0,120.0,249.0,71.0,122.0,40.0,121.0,23.0,64.0,0.0,12.0,13.0,74.0,135.0,231.0,74.0,0.0,0.0,0.0,0.0,0.0,0.0,0.0,0.0,0.0,0.0,0.0,0.0,0.0,0.0,0.0,0.0,0.0,0.0,0.0,0.0,0.0,0.0,0.0,0.0,0.0,0.0,0.0,0.0,0.0,1.0,0.0,0.0,0.0,0.0,1.0,2.0,0.0,0.0,0.0,0.0,0.0,4.0,0.0,1.0,0.0,0.0,7.0,3.0,3.0,6.0,17.0,13.0,11.0,6.0,0.0,0.0,0.0,0.0,0.0,0.0,0.0,0.0,0.0,3.0,0.0,0.0,0.0,0.0,6.0,8.0,0.0,0.0,0.0,0.0,0.0,4.0,0.0,1.0,0.0,0.0,9.0,4.0,3.0,7.0,21.0,17.0,12.0,7.0
1047,1.0,1047.0,London_56,three,151,453,1092.0,70.0,2.0,118686.0,4.539058307185769,715.0,6.0,2.0,4.0,27.0,20.0,7.0,136.0,66.0,124.0,34.0,140.0,17.0,57.0,2.0,13.0,8.0,68.0,136.0,241.0,73.0,0.0,0.0,0.0,0.0,0.0,0.0,0.0,0.0,0.0,0.0,0.0,0.0,0.0,0.0,0.0,0.0,0.0,0.0,0.0,0.0,0.0,0.0,0.0,0.0,0.0,0.0,0.0,0.0,0.0,0.0,0.0,0.0,0.0,0.0,0.0,1.0,0.0,0.0,0.0,0.0,0.0,0.0,0.0,1.0,0.0,0.0,0.0,0.0,0.0,1.0,1.0,0.0,0.0,0.0,0.0,0.0,0.0,0.0,0.0,0.0,0.0,0.0,0.0,0.0,0.0,0.0,0.0,0.0,0.0,3.0,0.0,0.0,0.0,0.0,0.0,0.0,0.0,1.0,0.0,0.0,0.0,0.0,0.0,1.0,2.0,0.0,0.0,0.0
1048,1.0,1048.0,London_56,three,151,453,1092.0,70.0,2.0,156738.0,6.647193798329681,799.0,136.0,0.0,136.0,232.0,0.0,232.0,27.0,62.0,118.0,36.0,143.0,17.0,60.0,2.0,15.0,7.0,69.0,126.0,251.0,68.0,0.0,0.0,0.0,0.0,0.0,0.0,0.0,0.0,0.0,0.0,0.0,0.0,0.0,0.0,0.0,0.0,0.0,0.0,0.0,0.0,0.0,0.0,0.0,0.0,0.0,0.0,0.0,0.0,0.0,0.0,0.0,0.0,0.0,0.0,0.0,0.0,0.0,0.0,0.0,0.0,1.0,13.0,0.0,1.0,0.0,0.0,14.0,13.0,8.0,22.0,22.0,33.0,18.0,17.0,0.0,0.0,0.0,0.0,0.0,0.0,0.0,0.0,0.0,0.0,0.0,0.0,0.0,0.0,0.0,0.0,0.0,0.0,0.0,0.0,1.0,19.0,0.0,2.0,0.0,0.0,19.0,14.0,12.0,30.0,29.0,54.0,22.0,25.0
1049,1.0,1049.0,London_56,three,151,453,1092.0,70.0,2.0,131370.0,5.031902406830341,743.0,53.0,0.0,53.0,103.0,0.0,103.0,232.0,67.0,107.0,41.0,149.0,17.0,58.0,0.0,14.0,8.0,69.0,137.0,239.0,74.0,0.0,0.0,0.0,0.0,0.0,0.0,0.0,0.0,0.0,0.0,0.0,0.0,0.0,0.0,0.0,0.0,0.0,0.0,0.0,0.0,0.0,0.0,0.0,0.0,0.0,0.0,0.0,0.0,0.0,0.0,0.0,0.0,0.0,0.0,0.0,0.0,0.0,0.0,0.0,0.0,3.0,0.0,0.0,1.0,0.0,0.0,8.0,1.0,4.0,6.0,12.0,13.0,10.0,2.0,0.0,0.0,0.0,0.0,0.0,0.0,0.0,0.0,0.0,0.0,0.0,0.0,0.0,0.0,0.0,0.0,0.0,0.0,0.0,0.0,3.0,0.0,0.0,1.0,0.0,0.0,11.0,2.0,5.0,6.0,22.0,21.0,14.0,3.0
1050,1.0,1050.0,London_56,three,151,453,1092.0,70.0,2.0,142242.0,3.135942401830107,767.0,11.0,2.0,9.0,36.0,19.0,17.0,103.0,65.0,116.0,40.0,151.0,16.0,52.0,0.0,13.0,10.0,68.0,148.0,227.0,76.0,0.0,0.0,0.0,0.0,0.0,0.0,0.0,0.0,0.0,0.0,0.0,0.0,0.0,0.0,0.0,0.0,0.0,0.0,0.0,0.0,0.0,0.0,0.0,0.0,0.0,0.0,0.0,0.0,0.0,1.0,0.0,0.0,1.0,0.0,0.0,1.0,0.0,0.0,0.0,0.0,2.0,1.0,0.0,0.0,0.0,0.0,1.0,3.0,0.0,0.0,2.0,1.0,4.0,0.0,0.0,0.0,0.0,0.0,0.0,0.0,0.0,0.0,0.0,1.0,0.0,0.0,2.0,0.0,0.0,3.0,0.0,0.0,0.0,0.0,2.0,1.0,0.0,0.0,0.0,0.0,3.0,5.0,0.0,0.0,3.0,1.0,5.0,0.0
1051,1.0,1051.0,London_56,three,151,453,1092.0,70.0,2.0,179388.0,3.51058952184394,849.0,143.0,0.0,143.0,242.0,0.0,242.0,36.0,59.0,114.0,40.0,161.0,15.0,50.0,0.0,14.0,7.0,69.0,145.0,232.0,68.0,0.0,0.0,0.0,0.0,0.0,0.0,0.0,0.0,0.0,0.0,0.0,0.0,0.0,0.0,0.0,0.0,0.0,0.0,0.0,0.0,0.0,0.0,0.0,0.0,0.0,0.0,0.0,0.0,0.0,0.0,0.0,0.0,0.0,0.0,0.0,0.0,0.0,0.0,0.0,0.0,1.0,3.0,0.0,2.0,1.0,0.0,17.0,6.0,10.0,9.0,27.0,33.0,18.0,17.0,0.0,0.0,0.0,0.0,0.0,0.0,0.0,0.0,0.0,0.0,0.0,0.0,0.0,0.0,0.0,0.0,0.0,0.0,0.0,0.0,1.0,4.0,0.0,2.0,1.0,0.0,19.0,8.0,12.0,10.0,48.0,48.0,21.0,24.0
1052,1.0,1052.0,London_56,three,151,453,1092.0,70.0,2.0,153567.0,3.182480412069708,792.0,134.0,1.0,133.0,241.0,11.0,230.0,242.0,62.0,110.0,43.0,152.0,16.0,51.0,2.0,17.0,10.0,78.0,157.0,208.0,70.0,0.0,0.0,0.0,0.0,0.0,0.0,0.0,0.0,0.0,0.0,0.0,0.0,0.0,0.0,0.0,0.0,0.0,0.0,0.0,0.0,0.0,0.0,0.0,0.0,0.0,0.0,0.0,0.0,0.0,1.0,0.0,0.0,1.0,0.0,0.0,1.0,0.0,0.0,0.0,0.0,3.0,13.0,3.0,6.0,1.0,0.0,14.0,12.0,5.0,6.0,18.0,33.0,19.0,8.0,0.0,0.0,0.0,0.0,0.0,0.0,0.0,0.0,0.0,5.0,0.0,0.0,4.0,0.0,0.0,3.0,0.0,0.0,0.0,0.0,3.0,20.0,3.0,8.0,1.0,0.0,15.0,19.0,6.0,7.0,24.0,47.0,21.0,11.0
1053,1.0,1053.0,London_56,three,151,453,1092.0,70.0,2.0,130011.0,2.0125313042663038,740.0,0.0,0.0,0.0,0.0,0.0,0.0,241.0,66.0,117.0,37.0,153.0,15.0,48.0,4.0,13.0,9.0,68.0,155.0,221.0,67.0,0.0,0.0,0.0,0.0,0.0,0.0,0.0,0.0,0.0,0.0,0.0,0.0,0.0,0.0,0.0,0.0,0.0,0.0,0.0,0.0,0.0,0.0,0.0,0.0,0.0,0.0,0.0,0.0,0.0,0.0,0.0,0.0,0.0,0.0,0.0,0.0,0.0,0.0,0.0,0.0,0.0,0.0,0.0,0.0,0.0,0.0,0.0,0.0,0.0,0.0,0.0,0.0,0.0,0.0,0.0,0.0,0.0,0.0,0.0,0.0,0.0,0.0,0.0,0.0,0.0,0.0,0.0,0.0,0.0,0.0,0.0,0.0,0.0,0.0,0.0,0.0,0.0,0.0,0.0,0.0,0.0,0.0,0.0,0.0,0.0,0.0,0.0,0.0
1054,1.0,1054.0,London_56,three,151,453,1092.0,70.0,2.0,178935.0,5.355363513343036,848.0,35.0,0.0,35.0,60.0,0.0,60.0,0.0,66.0,117.0,37.0,153.0,15.0,48.0,4.0,13.0,9.0,68.0,155.0,221.0,67.0,0.0,0.0,0.0,0.0,0.0,0.0,0.0,0.0,0.0,0.0,0.0,0.0,0.0,0.0,0.0,0.0,0.0,0.0,0.0,0.0,0.0,0.0,0.0,0.0,0.0,0.0,0.0,0.0,0.0,0.0,0.0,0.0,0.0,0.0,0.0,0.0,0.0,0.0,0.0,0.0,0.0,0.0,0.0,0.0,1.0,0.0,2.0,4.0,2.0,2.0,3.0,8.0,5.0,2.0,0.0,0.0,0.0,0.0,0.0,0.0,0.0,0.0,0.0,0.0,0.0,0.0,0.0,0.0,0.0,0.0,0.0,0.0,0.0,0.0,0.0,0.0,0.0,0.0,1.0,0.0,4.0,5.0,3.0,2.0,3.0,15.0,5.0,2.0
1055,1.0,1055.0,London_56,three,151,453,1092.0,70.0,2.0,215628.0,4.097966516856104,929.0,133.0,2.0,131.0,244.0,18.0,226.0,60.0,69.0,112.0,39.0,150.0,14.0,52.0,4.0,13.0,9.0,71.0,157.0,216.0,69.0,0.0,0.0,0.0,0.0,0.0,0.0,0.0,0.0,0.0,0.0,0.0,0.0,0.0,0.0,0.0,0.0,0.0,0.0,0.0,0.0,0.0,0.0,0.0,0.0,0.0,0.0,0.0,0.0,0.0,1.0,0.0,0.0,0.0,0.0,1.0,1.0,0.0,0.0,0.0,0.0,3.0,2.0,2.0,1.0,2.0,0.0,12.0,7.0,6.0,10.0,19.0,29.0,17.0,12.0,0.0,0.0,0.0,0.0,0.0,0.0,0.0,0.0,0.0,1.0,0.0,0.0,0.0,0.0,6.0,3.0,0.0,0.0,0.0,0.0,3.0,2.0,2.0,2.0,2.0,0.0,15.0,10.0,7.0,11.0,29.0,45.0,19.0,23.0
1056,1.0,1056.0,London_56,three,151,453,1092.0,70.0,2.0,191619.0,6.080984862986952,876.0,129.0,1.0,128.0,236.0,10.0,226.0,244.0,55.0,119.0,41.0,146.0,14.0,60.0,9.0,9.0,8.0,81.0,147.0,217.0,66.0,0.0,0.0,0.0,0.0,0.0,0.0,0.0,0.0,0.0,0.0,0.0,0.0,0.0,0.0,0.0,0.0,0.0,0.0,0.0,0.0,0.0,0.0,0.0,0.0,0.0,0.0,0.0,0.0,0.0,0.0,0.0,0.0,0.0,0.0,0.0,0.0,1.0,0.0,0.0,0.0,1.0,3.0,0.0,1.0,1.0,0.0,14.0,7.0,9.0,7.0,25.0,39.0,29.0,9.0,0.0,0.0,0.0,0.0,0.0,0.0,0.0,0.0,0.0,0.0,0.0,0.0,0.0,0.0,0.0,0.0,7.0,0.0,0.0,0.0,1.0,4.0,0.0,1.0,1.0,0.0,17.0,10.0,10.0,10.0,36.0,63.0,35.0,16.0
1057,1.0,1057.0,London_56,three,151,453,1092.0,70.0,2.0,175311.0,7.396471561864018,840.0,106.0,0.0,106.0,177.0,0.0,177.0,236.0,59.0,117.0,48.0,135.0,14.0,59.0,9.0,12.0,11.0,93.0,140.0,209.0,61.0,0.0,0.0,0.0,0.0,0.0,0.0,0.0,0.0,0.0,0.0,0.0,0.0,0.0,0.0,0.0,0.0,0.0,0.0,0.0,0.0,0.0,0.0,0.0,0.0,0.0,0.0,0.0,0.0,0.0,0.0,0.0,0.0,0.0,0.0,0.0,0.0,0.0,0.0,0.0,0.0,1.0,6.0,0.0,4.0,1.0,1.0,13.0,7.0,9.0,4.0,21.0,31.0,19.0,11.0,0.0,0.0,0.0,0.0,0.0,0.0,0.0,0.0,0.0,0.0,0.0,0.0,0.0,0.0,0.0,0.0,0.0,0.0,0.0,0.0,1.0,7.0,0.0,10.0,1.0,3.0,15.0,9.0,12.0,4.0,32.0,42.0,26.0,19.0
1058,1.0,1058.0,London_56,three,151,453,1092.0,70.0,2.0,160362.0,5.13506045518443,807.0,46.0,0.0,46.0,74.0,0.0,74.0,177.0,71.0,114.0,47.0,127.0,18.0,58.0,7.0,11.0,8.0,98.0,151.0,196.0,69.0,0.0,0.0,0.0,0.0,0.0,0.0,0.0,0.0,0.0,0.0,0.0,0.0,0.0,0.0,0.0,0.0,0.0,0.0,0.0,0.0,0.0,0.0,0.0,0.0,0.0,0.0,0.0,0.0,0.0,0.0,0.0,0.0,0.0,0.0,0.0,0.0,0.0,0.0,0.0,0.0,0.0,0.0,0.0,1.0,0.0,0.0,2.0,2.0,1.0,2.0,9.0,15.0,14.0,4.0,0.0,0.0,0.0,0.0,0.0,0.0,0.0,0.0,0.0,0.0,0.0,0.0,0.0,0.0,0.0,0.0,0.0,0.0,0.0,0.0,0.0,0.0,0.0,1.0,0.0,0.0,2.0,2.0,1.0,3.0,13.0,20.0,16.0,6.0
1059,1.0,1059.0,London_56,three,151,453,1092.0,70.0,2.0,176670.0,3.153311976697296,843.0,131.0,2.0,129.0,236.0,16.0,220.0,74.0,77.0,111.0,52.0,120.0,19.0,58.0,6.0,10.0,9.0,86.0,150.0,208.0,75.0,0.0,0.0,0.0,0.0,0.0,0.0,0.0,0.0,0.0,0.0,0.0,0.0,0.0,0.0,0.0,0.0,0.0,0.0,0.0,0.0,0.0,0.0,0.0,0.0,0.0,0.0,0.0,0.0,0.0,0.0,0.0,0.0,0.0,0.0,0.0,1.0,0.0,0.0,0.0,0.0,0.0,5.0,0.0,2.0,1.0,0.0,4.0,2.0,2.0,4.0,30.0,32.0,16.0,10.0,0.0,0.0,0.0,0.0,0.0,0.0,0.0,0.0,0.0,0.0,0.0,0.0,0.0,0.0,0.0,3.0,0.0,0.0,0.0,0.0,0.0,7.0,0.0,4.0,1.0,0.0,6.0,3.0,2.0,4.0,46.0,48.0,24.0,11.0
1060,1.0,1060.0,London_56,three,151,453,1092.0,70.0,2.0,156285.0,7.546860241796821,798.0,196.0,2.0,194.0,370.0,18.0,352.0,236.0,66.0,120.0,46.0,117.0,21.0,62.0,7.0,14.0,8.0,79.0,148.0,218.0,78.0,0.0,0.0,0.0,0.0,0.0,0.0,0.0,0.0,0.0,0.0,0.0,0.0,0.0,0.0,0.0,0.0,0.0,0.0,0.0,0.0,0.0,0.0,0.0,0.0,0.0,0.0,0.0,0.0,0.0,1.0,0.0,0.0,0.0,0.0,0.0,0.0,1.0,0.0,0.0,0.0,2.0,27.0,0.0,3.0,3.0,0.0,14.0,5.0,18.0,6.0,34.0,49.0,14.0,13.0,0.0,0.0,0.0,0.0,0.0,0.0,0.0,0.0,0.0,8.0,0.0,0.0,0.0,0.0,0.0,0.0,8.0,0.0,0.0,0.0,3.0,46.0,0.0,6.0,3.0,0.0,20.0,6.0,26.0,8.0,56.0,79.0,21.0,23.0
1061,1.0,1061.0,London_56,three,151,453,1092.0,70.0,2.0,99660.0,0.5922989789396524,673.0,17.0,1.0,16.0,35.0,10.0,25.0,370.0,42.0,148.0,33.0,122.0,27.0,62.0,6.0,13.0,14.0,83.0,162.0,194.0,83.0,0.0,0.0,0.0,0.0,0.0,0.0,0.0,0.0,0.0,0.0,0.0,0.0,0.0,0.0,0.0,0.0,0.0,0.0,0.0,0.0,0.0,0.0,0.0,0.0,0.0,0.0,0.0,0.0,0.0,0.0,0.0,0.0,0.0,0.0,1.0,1.0,0.0,0.0,0.0,0.0,0.0,0.0,0.0,0.0,0.0,0.0,0.0,5.0,0.0,3.0,3.0,4.0,4.0,1.0,0.0,0.0,0.0,0.0,0.0,0.0,0.0,0.0,0.0,0.0,0.0,0.0,0.0,0.0,6.0,2.0,0.0,0.0,0.0,0.0,0.0,0.0,0.0,0.0,0.0,0.0,0.0,8.0,0.0,3.0,4.0,4.0,5.0,1.0
1062,1.0,1062.0,London_56,three,151,453,1092.0,70.0,2.0,132276.0,2.1810765457339585,745.0,3.0,0.0,3.0,5.0,0.0,5.0,35.0,39.0,155.0,32.0,124.0,25.0,58.0,7.0,13.0,12.0,87.0,163.0,191.0,79.0,0.0,0.0,0.0,0.0,0.0,0.0,0.0,0.0,0.0,0.0,0.0,0.0,0.0,0.0,0.0,0.0,0.0,0.0,0.0,0.0,0.0,0.0,0.0,0.0,0.0,0.0,0.0,0.0,0.0,0.0,0.0,0.0,0.0,0.0,0.0,0.0,0.0,0.0,0.0,0.0,0.0,0.0,0.0,0.0,0.0,0.0,0.0,1.0,1.0,0.0,0.0,1.0,0.0,0.0,0.0,0.0,0.0,0.0,0.0,0.0,0.0,0.0,0.0,0.0,0.0,0.0,0.0,0.0,0.0,0.0,0.0,0.0,0.0,0.0,0.0,0.0,0.0,0.0,0.0,0.0,0.0,1.0,1.0,0.0,0.0,1.0,0.0,0.0
1063,1.0,1063.0,London_56,three,151,453,1092.0,70.0,2.0,169875.0,6.108596246689558,828.0,81.0,2.0,79.0,164.0,18.0,146.0,5.0,41.0,152.0,33.0,123.0,25.0,59.0,7.0,13.0,12.0,88.0,162.0,191.0,78.0,0.0,0.0,0.0,0.0,0.0,0.0,0.0,0.0,0.0,0.0,0.0,0.0,0.0,0.0,0.0,0.0,0.0,0.0,0.0,0.0,0.0,0.0,0.0,0.0,0.0,0.0,0.0,0.0,0.0,0.0,0.0,0.0,1.0,0.0,0.0,1.0,0.0,0.0,0.0,0.0,1.0,4.0,0.0,0.0,2.0,0.0,6.0,4.0,2.0,3.0,16.0,19.0,15.0,9.0,0.0,0.0,0.0,0.0,0.0,0.0,0.0,0.0,0.0,0.0,0.0,0.0,5.0,0.0,0.0,2.0,0.0,0.0,0.0,0.0,1.0,6.0,0.0,0.0,2.0,0.0,9.0,6.0,3.0,5.0,23.0,31.0,23.0,13.0
1064,1.0,1064.0,London_56,three,151,453,1092.0,70.0,2.0,167157.0,4.959284550976008,822.0,61.0,2.0,59.0,116.0,19.0,97.0,164.0,42.0,135.0,43.0,133.0,23.0,56.0,7.0,14.0,12.0,90.0,147.0,204.0,94.0,0.0,0.0,0.0,0.0,0.0,0.0,0.0,0.0,0.0,0.0,0.0,0.0,0.0,0.0,0.0,0.0,0.0,0.0,0.0,0.0,0.0,0.0,0.0,0.0,0.0,0.0,0.0,0.0,0.0,1.0,0.0,0.0,2.0,0.0,0.0,0.0,0.0,0.0,0.0,0.0,1.0,1.0,0.0,1.0,1.0,0.0,2.0,4.0,2.0,6.0,12.0,14.0,20.0,4.0,0.0,0.0,0.0,0.0,0.0,0.0,0.0,0.0,0.0,6.0,0.0,0.0,10.0,0.0,0.0,0.0,0.0,0.0,0.0,0.0,1.0,2.0,0.0,1.0,1.0,0.0,2.0,6.0,3.0,9.0,18.0,16.0,24.0,7.0
1065,1.0,1065.0,London_56,three,151,453,1092.0,70.0,2.0,178029.0,1.6852206168696284,846.0,126.0,2.0,124.0,240.0,20.0,220.0,116.0,31.0,135.0,41.0,141.0,26.0,63.0,7.0,9.0,16.0,73.0,146.0,218.0,94.0,0.0,0.0,0.0,0.0,0.0,0.0,0.0,0.0,0.0,0.0,0.0,0.0,0.0,0.0,0.0,0.0,0.0,0.0,0.0,0.0,0.0,0.0,0.0,0.0,0.0,0.0,0.0,0.0,0.0,0.0,0.0,0.0,0.0,0.0,2.0,2.0,0.0,0.0,0.0,0.0,1.0,5.0,0.0,2.0,0.0,0.0,16.0,6.0,1.0,16.0,27.0,26.0,21.0,9.0,0.0,0.0,0.0,0.0,0.0,0.0,0.0,0.0,0.0,0.0,0.0,0.0,0.0,0.0,16.0,5.0,0.0,0.0,0.0,0.0,2.0,6.0,0.0,3.0,0.0,0.0,20.0,7.0,2.0,24.0,42.0,38.0,30.0,14.0
1066,1.0,1066.0,London_56,three,151,453,1092.0,70.0,2.0,153114.0,5.79038789588958,791.0,141.0,0.0,141.0,235.0,0.0,235.0,240.0,36.0,128.0,30.0,146.0,24.0,69.0,5.0,15.0,11.0,73.0,136.0,233.0,95.0,0.0,0.0,0.0,0.0,0.0,0.0,0.0,0.0,0.0,0.0,0.0,0.0,0.0,0.0,0.0,0.0,0.0,0.0,0.0,0.0,0.0,0.0,0.0,0.0,0.0,0.0,0.0,0.0,0.0,0.0,0.0,0.0,0.0,0.0,0.0,0.0,0.0,0.0,0.0,0.0,1.0,6.0,0.0,1.0,0.0,0.0,12.0,13.0,0.0,5.0,27.0,33.0,23.0,7.0,0.0,0.0,0.0,0.0,0.0,0.0,0.0,0.0,0.0,0.0,0.0,0.0,0.0,0.0,0.0,0.0,0.0,0.0,0.0,0.0,1.0,8.0,0.0,2.0,0.0,0.0,18.0,18.0,0.0,7.0,39.0,40.0,34.0,11.0
1067,1.0,1067.0,London_56,three,151,453,1092.0,70.0,2.0,130917.0,5.843594925943762,742.0,89.0,2.0,87.0,180.0,17.0,163.0,235.0,41.0,131.0,34.0,147.0,20.0,64.0,4.0,12.0,11.0,69.0,170.0,203.0,118.0,0.0,0.0,0.0,0.0,0.0,0.0,0.0,0.0,0.0,0.0,0.0,0.0,0.0,0.0,0.0,0.0,0.0,0.0,0.0,0.0,0.0,0.0,0.0,0.0,0.0,0.0,0.0,0.0,0.0,0.0,0.0,0.0,0.0,0.0,0.0,1.0,0.0,0.0,0.0,0.0,2.0,3.0,0.0,1.0,2.0,0.0,4.0,5.0,1.0,8.0,16.0,13.0,14.0,8.0,0.0,0.0,0.0,0.0,0.0,0.0,0.0,0.0,0.0,0.0,0.0,0.0,0.0,0.0,0.0,4.0,0.0,0.0,0.0,0.0,2.0,8.0,0.0,1.0,2.0,0.0,5.0,8.0,1.0,12.0,26.0,18.0,20.0,13.0
1068,1.0,1068.0,London_56,three,151,453,1092.0,70.0,2.0,130011.0,6.063812541775405,740.0,77.0,0.0,77.0,129.0,0.0,129.0,180.0,54.0,117.0,25.0,166.0,20.0,53.0,3.0,15.0,8.0,79.0,152.0,214.0,107.0,0.0,0.0,0.0,0.0,0.0,0.0,0.0,0.0,0.0,0.0,0.0,0.0,0.0,0.0,0.0,0.0,0.0,0.0,0.0,0.0,0.0,0.0,0.0,0.0,0.0,0.0,0.0,0.0,0.0,0.0,0.0,0.0,0.0,0.0,0.0,0.0,0.0,0.0,0.0,0.0,1.0,2.0,0.0,0.0,1.0,0.0,5.0,2.0,1.0,5.0,21.0,18.0,14.0,9.0,0.0,0.0,0.0,0.0,0.0,0.0,0.0,0.0,0.0,0.0,0.0,0.0,0.0,0.0,0.0,0.0,0.0,0.0,0.0,0.0,1.0,3.0,0.0,0.0,1.0,0.0,6.0,3.0,1.0,7.0,30.0,24.0,19.0,13.0
1069,1.0,1069.0,London_56,three,151,453,1092.0,70.0,2.0,131823.0,7.176339836791158,744.0,80.0,0.0,80.0,141.0,0.0,141.0,129.0,52.0,110.0,27.0,176.0,24.0,49.0,4.0,11.0,10.0,79.0,159.0,205.0,107.0,0.0,0.0,0.0,0.0,0.0,0.0,0.0,0.0,0.0,0.0,0.0,0.0,0.0,0.0,0.0,0.0,0.0,0.0,0.0,0.0,0.0,0.0,0.0,0.0,0.0,0.0,0.0,0.0,0.0,0.0,0.0,0.0,0.0,0.0,0.0,0.0,0.0,0.0,0.0,0.0,1.0,1.0,0.0,1.0,2.0,0.0,7.0,3.0,1.0,2.0,10.0,24.0,20.0,4.0,0.0,0.0,0.0,0.0,0.0,0.0,0.0,0.0,0.0,0.0,0.0,0.0,0.0,0.0,0.0,0.0,0.0,0.0,0.0,0.0,1.0,1.0,0.0,1.0,2.0,0.0,12.0,5.0,1.0,2.0,17.0,32.0,27.0,5.0
1070,1.0,1070.0,London_56,three,151,453,1092.0,70.0,2.0,134541.0,4.8275576792657375,750.0,10.0,1.0,9.0,23.0,9.0,14.0,141.0,58.0,129.0,33.0,153.0,21.0,48.0,2.0,9.0,12.0,65.0,164.0,212.0,103.0,0.0,0.0,0.0,0.0,0.0,0.0,0.0,0.0,0.0,0.0,0.0,0.0,0.0,0.0,0.0,0.0,0.0,0.0,0.0,0.0,0.0,0.0,0.0,0.0,0.0,0.0,0.0,0.0,0.0,0.0,0.0,0.0,0.0,0.0,0.0,0.0,0.0,0.0,0.0,0.0,1.0,0.0,0.0,0.0,0.0,0.0,1.0,0.0,0.0,0.0,1.0,1.0,1.0,0.0,0.0,0.0,0.0,0.0,0.0,0.0,0.0,0.0,0.0,0.0,0.0,0.0,0.0,0.0,0.0,0.0,0.0,0.0,0.0,0.0,1.0,0.0,0.0,0.0,0.0,0.0,2.0,0.0,0.0,0.0,1.0,2.0,1.0,0.0
1071,1.0,1071.0,London_56,three,151,453,1092.0,70.0,2.0,167157.0,4.9421954257413745,822.0,35.0,0.0,35.0,52.0,0.0,52.0,23.0,60.0,127.0,33.0,154.0,20.0,48.0,2.0,9.0,12.0,68.0,163.0,210.0,97.0,0.0,0.0,0.0,0.0,0.0,0.0,0.0,0.0,0.0,0.0,0.0,0.0,0.0,0.0,0.0,0.0,0.0,0.0,0.0,0.0,0.0,0.0,0.0,0.0,0.0,0.0,0.0,0.0,0.0,0.0,0.0,0.0,0.0,0.0,0.0,0.0,0.0,0.0,0.0,0.0,4.0,0.0,0.0,4.0,0.0,0.0,2.0,1.0,0.0,3.0,4.0,6.0,9.0,3.0,0.0,0.0,0.0,0.0,0.0,0.0,0.0,0.0,0.0,0.0,0.0,0.0,0.0,0.0,0.0,0.0,0.0,0.0,0.0,0.0,4.0,0.0,0.0,6.0,0.0,0.0,2.0,1.0,0.0,3.0,7.0,8.0,14.0,3.0
1072,1.0,1072.0,London_56,three,151,453,1092.0,70.0,2.0,186183.0,4.914077186025679,864.0,80.0,0.0,80.0,139.0,0.0,139.0,52.0,61.0,127.0,36.0,147.0,20.0,49.0,3.0,10.0,13.0,68.0,149.0,223.0,93.0,0.0,0.0,0.0,0.0,0.0,0.0,0.0,0.0,0.0,0.0,0.0,0.0,0.0,0.0,0.0,0.0,0.0,0.0,0.0,0.0,0.0,0.0,0.0,0.0,0.0,0.0,0.0,0.0,0.0,0.0,0.0,0.0,0.0,0.0,0.0,0.0,0.0,0.0,0.0,0.0,5.0,3.0,0.0,1.0,0.0,1.0,5.0,4.0,2.0,5.0,7.0,15.0,16.0,5.0,0.0,0.0,0.0,0.0,0.0,0.0,0.0,0.0,0.0,0.0,0.0,0.0,0.0,0.0,0.0,0.0,0.0,0.0,0.0,0.0,6.0,3.0,0.0,3.0,0.0,2.0,10.0,6.0,2.0,6.0,11.0,24.0,20.0,9.0
1073,1.0,1073.0,London_56,three,151,453,1092.0,70.0,2.0,183465.0,6.218406624626368,858.0,229.0,0.0,229.0,412.0,0.0,412.0,139.0,66.0,135.0,32.0,143.0,15.0,49.0,4.0,9.0,17.0,66.0,156.0,214.0,96.0,0.0,0.0,0.0,0.0,0.0,0.0,0.0,0.0,0.0,0.0,0.0,0.0,0.0,0.0,0.0,0.0,0.0,0.0,0.0,0.0,0.0,0.0,0.0,0.0,0.0,0.0,0.0,0.0,0.0,0.0,0.0,0.0,0.0,0.0,0.0,0.0,0.0,0.0,0.0,0.0,0.0,23.0,0.0,1.0,0.0,0.0,5.0,3.0,1.0,11.0,35.0,44.0,26.0,15.0,0.0,0.0,0.0,0.0,0.0,0.0,0.0,0.0,0.0,0.0,0.0,0.0,0.0,0.0,0.0,0.0,0.0,0.0,0.0,0.0,0.0,29.0,0.0,1.0,0.0,0.0,6.0,3.0,1.0,15.0,50.0,70.0,32.0,28.0
1074,1.0,1074.0,London_56,three,151,453,1092.0,70.0,2.0,111891.0,2.1188198146410286,700.0,82.0,2.0,80.0,162.0,17.0,145.0,412.0,59.0,153.0,33.0,135.0,9.0,50.0,6.0,8.0,10.0,81.0,145.0,217.0,60.0,0.0,0.0,0.0,0.0,0.0,0.0,0.0,0.0,0.0,0.0,0.0,0.0,0.0,0.0,0.0,0.0,0.0,0.0,0.0,0.0,0.0,0.0,0.0,0.0,0.0,0.0,0.0,0.0,0.0,0.0,0.0,0.0,1.0,0.0,0.0,1.0,0.0,0.0,0.0,0.0,3.0,0.0,0.0,1.0,0.0,0.0,9.0,6.0,2.0,8.0,10.0,21.0,10.0,13.0,0.0,0.0,0.0,0.0,0.0,0.0,0.0,0.0,0.0,0.0,0.0,0.0,7.0,0.0,0.0,4.0,0.0,0.0,0.0,0.0,4.0,0.0,0.0,2.0,0.0,0.0,12.0,9.0,2.0,11.0,20.0,30.0,14.0,19.0
1075,1.0,1075.0,London_56,three,151,453,1092.0,70.0,2.0,93771.0,3.7848896691575646,660.0,25.0,2.0,23.0,63.0,20.0,43.0,162.0,53.0,160.0,36.0,133.0,12.0,44.0,8.0,7.0,9.0,78.0,144.0,222.0,71.0,0.0,0.0,0.0,0.0,0.0,0.0,0.0,0.0,0.0,0.0,0.0,0.0,0.0,0.0,0.0,0.0,0.0,0.0,0.0,0.0,0.0,0.0,0.0,0.0,0.0,0.0,0.0,0.0,0.0,2.0,0.0,0.0,2.0,0.0,0.0,2.0,0.0,0.0,0.0,0.0,0.0,0.0,0.0,0.0,0.0,0.0,1.0,1.0,1.0,1.0,3.0,5.0,4.0,1.0,0.0,0.0,0.0,0.0,0.0,0.0,0.0,0.0,0.0,6.0,0.0,0.0,13.0,0.0,0.0,5.0,0.0,0.0,0.0,0.0,0.0,0.0,0.0,0.0,0.0,0.0,1.0,1.0,2.0,3.0,5.0,7.0,5.0,1.0
1076,1.0,1076.0,London_56,three,151,453,1092.0,70.0,2.0,112797.0,3.0089954640716314,702.0,110.0,2.0,108.0,200.0,18.0,182.0,63.0,55.0,156.0,32.0,130.0,13.0,52.0,8.0,7.0,7.0,82.0,135.0,229.0,69.0,0.0,0.0,0.0,0.0,0.0,0.0,0.0,0.0,0.0,0.0,0.0,0.0,0.0,0.0,0.0,0.0,0.0,0.0,0.0,0.0,0.0,0.0,0.0,0.0,0.0,0.0,0.0,0.0,0.0,0.0,0.0,0.0,0.0,0.0,1.0,0.0,0.0,0.0,0.0,0.0,2.0,3.0,0.0,1.0,0.0,0.0,20.0,3.0,8.0,4.0,20.0,25.0,19.0,12.0,0.0,0.0,0.0,0.0,0.0,0.0,0.0,0.0,0.0,0.0,0.0,0.0,0.0,0.0,6.0,0.0,0.0,0.0,0.0,0.0,2.0,3.0,0.0,2.0,0.0,0.0,28.0,3.0,15.0,5.0,30.0,34.0,23.0,20.0
1077,1.0,1077.0,London_56,three,151,453,1092.0,70.0,2.0,91959.0,4.13931629108265,656.0,16.0,1.0,15.0,36.0,9.0,27.0,200.0,58.0,162.0,36.0,122.0,7.0,45.0,8.0,15.0,7.0,77.0,136.0,233.0,78.0,0.0,0.0,0.0,0.0,0.0,0.0,0.0,0.0,0.0,0.0,0.0,0.0,0.0,0.0,0.0,0.0,0.0,0.0,0.0,0.0,0.0,0.0,0.0,0.0,0.0,0.0,0.0,0.0,0.0,0.0,0.0,0.0,0.0,0.0,1.0,0.0,1.0,0.0,0.0,0.0,0.0,0.0,0.0,0.0,0.0,0.0,3.0,1.0,0.0,1.0,2.0,1.0,4.0,0.0,0.0,0.0,0.0,0.0,0.0,0.0,0.0,0.0,0.0,0.0,0.0,0.0,0.0,0.0,5.0,0.0,6.0,0.0,0.0,0.0,0.0,0.0,0.0,0.0,0.0,0.0,4.0,1.0,0.0,1.0,4.0,1.0,6.0,0.0
1078,1.0,1078.0,London_56,three,151,453,1092.0,70.0,2.0,122310.0,3.684015949256718,723.0,27.0,2.0,25.0,59.0,18.0,41.0,36.0,61.0,160.0,37.0,116.0,9.0,46.0,9.0,15.0,9.0,74.0,134.0,236.0,80.0,0.0,0.0,0.0,0.0,0.0,0.0,0.0,0.0,0.0,0.0,0.0,0.0,0.0,0.0,0.0,0.0,0.0,0.0,0.0,0.0,0.0,0.0,0.0,0.0,0.0,0.0,0.0,0.0,0.0,1.0,0.0,0.0,0.0,0.0,0.0,0.0,0.0,0.0,0.0,0.0,0.0,0.0,0.0,0.0,0.0,0.0,1.0,2.0,1.0,3.0,2.0,4.0,4.0,3.0,0.0,0.0,0.0,0.0,0.0,0.0,0.0,0.0,0.0,2.0,0.0,0.0,0.0,0.0,0.0,0.0,0.0,0.0,0.0,0.0,0.0,0.0,0.0,0.0,0.0,0.0,2.0,2.0,1.0,4.0,2.0,5.0,5.0,4.0
1079,1.0,1079.0,London_56,three,151,453,1092.0,70.0,2.0,147678.0,5.801464167889208,779.0,8.0,1.0,7.0,16.0,8.0,8.0,59.0,49.0,154.0,35.0,128.0,11.0,51.0,8.0,17.0,9.0,75.0,137.0,232.0,76.0,0.0,0.0,0.0,0.0,0.0,0.0,0.0,0.0,0.0,0.0,0.0,0.0,0.0,0.0,0.0,0.0,0.0,0.0,0.0,0.0,0.0,0.0,0.0,0.0,0.0,0.0,0.0,0.0,0.0,0.0,0.0,0.0,0.0,0.0,0.0,1.0,0.0,0.0,0.0,0.0,0.0,0.0,0.0,0.0,0.0,0.0,2.0,0.0,0.0,1.0,3.0,0.0,3.0,0.0,0.0,0.0,0.0,0.0,0.0,0.0,0.0,0.0,0.0,0.0,0.0,0.0,0.0,0.0,0.0,6.0,0.0,0.0,0.0,0.0,0.0,0.0,0.0,0.0,0.0,0.0,2.0,0.0,0.0,2.0,4.0,0.0,3.0,0.0
1080,1.0,1080.0,London_56,three,151,453,1092.0,70.0,2.0,189807.0,7.873500133864582,872.0,161.0,1.0,160.0,295.0,9.0,286.0,16.0,43.0,162.0,34.0,128.0,11.0,50.0,8.0,17.0,9.0,77.0,136.0,231.0,76.0,0.0,0.0,0.0,0.0,0.0,0.0,0.0,0.0,0.0,0.0,0.0,0.0,0.0,0.0,0.0,0.0,0.0,0.0,0.0,0.0,0.0,0.0,0.0,0.0,0.0,0.0,0.0,0.0,0.0,0.0,0.0,0.0,1.0,0.0,1.0,0.0,0.0,0.0,0.0,0.0,2.0,0.0,0.0,2.0,0.0,0.0,16.0,9.0,12.0,18.0,27.0,38.0,24.0,10.0,0.0,0.0,0.0,0.0,0.0,0.0,0.0,0.0,0.0,0.0,0.0,0.0,1.0,0.0,6.0,0.0,0.0,0.0,0.0,0.0,2.0,0.0,0.0,5.0,0.0,0.0,25.0,16.0,16.0,26.0,41.0,54.0,33.0,18.0
1081,1.0,1081.0,London_56,three,151,453,1092.0,70.0,2.0,166704.0,5.299384163692594,821.0,69.0,0.0,69.0,121.0,0.0,121.0,295.0,41.0,131.0,32.0,157.0,16.0,53.0,10.0,13.0,9.0,82.0,137.0,225.0,74.0,0.0,0.0,0.0,0.0,0.0,0.0,0.0,0.0,0.0,0.0,0.0,0.0,0.0,0.0,0.0,0.0,0.0,0.0,0.0,0.0,0.0,0.0,0.0,0.0,0.0,0.0,0.0,0.0,0.0,0.0,0.0,0.0,0.0,0.0,0.0,0.0,0.0,0.0,0.0,0.0,3.0,5.0,0.0,0.0,0.0,0.0,7.0,5.0,1.0,9.0,14.0,9.0,9.0,3.0,0.0,0.0,0.0,0.0,0.0,0.0,0.0,0.0,0.0,0.0,0.0,0.0,0.0,0.0,0.0,0.0,0.0,0.0,0.0,0.0,3.0,8.0,0.0,0.0,0.0,0.0,11.0,8.0,1.0,12.0,24.0,12.0,11.0,4.0
1082,1.0,1082.0,London_56,three,151,453,1092.0,70.0,2.0,187542.0,7.187652652151883,867.0,41.0,2.0,39.0,77.0,18.0,59.0,121.0,46.0,119.0,30.0,162.0,16.0,54.0,11.0,15.0,7.0,78.0,135.0,233.0,76.0,0.0,0.0,0.0,0.0,0.0,0.0,0.0,0.0,0.0,0.0,0.0,0.0,0.0,0.0,0.0,0.0,0.0,0.0,0.0,0.0,0.0,0.0,0.0,0.0,0.0,0.0,0.0,0.0,0.0,1.0,0.0,1.0,0.0,0.0,1.0,2.0,0.0,0.0,0.0,0.0,1.0,0.0,0.0,0.0,0.0,0.0,4.0,3.0,3.0,3.0,7.0,8.0,9.0,3.0,0.0,0.0,0.0,0.0,0.0,0.0,0.0,0.0,0.0,7.0,0.0,1.0,0.0,0.0,5.0,7.0,0.0,0.0,0.0,0.0,1.0,0.0,0.0,0.0,0.0,0.0,5.0,5.0,5.0,3.0,10.0,12.0,10.0,6.0
1083,1.0,1083.0,London_56,three,151,453,1092.0,70.0,2.0,211551.0,2.3258130908943713,920.0,189.0,0.0,189.0,320.0,0.0,320.0,77.0,49.0,112.0,35.0,171.0,12.0,47.0,9.0,18.0,7.0,71.0,134.0,241.0,81.0,0.0,0.0,0.0,0.0,0.0,0.0,0.0,0.0,0.0,0.0,0.0,0.0,0.0,0.0,0.0,0.0,0.0,0.0,0.0,0.0,0.0,0.0,0.0,0.0,0.0,0.0,0.0,0.0,0.0,0.0,0.0,0.0,0.0,0.0,0.0,0.0,0.0,0.0,0.0,0.0,1.0,20.0,0.0,2.0,1.0,0.0,22.0,7.0,2.0,22.0,36.0,45.0,25.0,10.0,0.0,0.0,0.0,0.0,0.0,0.0,0.0,0.0,0.0,0.0,0.0,0.0,0.0,0.0,0.0,0.0,0.0,0.0,0.0,0.0,1.0,28.0,0.0,2.0,1.0,0.0,26.0,9.0,2.0,25.0,59.0,63.0,32.0,16.0
1084,1.0,1084.0,London_56,three,151,453,1092.0,70.0,2.0,157191.0,7.030456352978945,800.0,97.0,1.0,96.0,172.0,8.0,164.0,320.0,51.0,137.0,36.0,146.0,14.0,48.0,10.0,11.0,5.0,67.0,151.0,230.0,82.0,0.0,0.0,0.0,0.0,0.0,0.0,0.0,0.0,0.0,0.0,0.0,0.0,0.0,0.0,0.0,0.0,0.0,0.0,0.0,0.0,0.0,0.0,0.0,0.0,0.0,0.0,0.0,0.0,0.0,0.0,0.0,0.0,1.0,0.0,1.0,1.0,0.0,0.0,0.0,0.0,2.0,1.0,0.0,0.0,1.0,0.0,4.0,10.0,1.0,10.0,17.0,12.0,17.0,4.0,0.0,0.0,0.0,0.0,0.0,0.0,0.0,0.0,0.0,0.0,0.0,0.0,1.0,0.0,1.0,2.0,0.0,0.0,0.0,0.0,2.0,1.0,0.0,0.0,1.0,0.0,6.0,12.0,1.0,14.0,27.0,17.0,20.0,7.0
1085,1.0,1085.0,London_56,three,151,453,1092.0,70.0,2.0,147678.0,6.298463238868862,779.0,22.0,1.0,21.0,46.0,8.0,38.0,172.0,61.0,104.0,34.0,166.0,15.0,53.0,7.0,13.0,8.0,73.0,147.0,225.0,87.0,0.0,0.0,0.0,0.0,0.0,0.0,0.0,0.0,0.0,0.0,0.0,0.0,0.0,0.0,0.0,0.0,0.0,0.0,0.0,0.0,0.0,0.0,0.0,0.0,0.0,0.0,0.0,0.0,0.0,1.0,0.0,0.0,1.0,0.0,0.0,0.0,1.0,0.0,0.0,0.0,0.0,1.0,0.0,0.0,0.0,0.0,0.0,1.0,1.0,3.0,4.0,6.0,5.0,1.0,0.0,0.0,0.0,0.0,0.0,0.0,0.0,0.0,0.0,7.0,0.0,0.0,5.0,0.0,0.0,0.0,8.0,0.0,0.0,0.0,0.0,2.0,0.0,0.0,0.0,0.0,0.0,1.0,3.0,4.0,6.0,6.0,7.0,2.0
1086,1.0,1086.0,London_56,three,151,453,1092.0,70.0,2.0,178935.0,6.681060865987092,848.0,102.0,0.0,102.0,185.0,0.0,185.0,46.0,65.0,108.0,37.0,158.0,14.0,51.0,6.0,14.0,8.0,70.0,155.0,220.0,90.0,0.0,0.0,0.0,0.0,0.0,0.0,0.0,0.0,0.0,0.0,0.0,0.0,0.0,0.0,0.0,0.0,0.0,0.0,0.0,0.0,0.0,0.0,0.0,0.0,0.0,0.0,0.0,0.0,0.0,0.0,0.0,0.0,0.0,0.0,0.0,0.0,0.0,0.0,0.0,0.0,4.0,3.0,0.0,1.0,0.0,0.0,4.0,6.0,7.0,18.0,16.0,23.0,23.0,10.0,0.0,0.0,0.0,0.0,0.0,0.0,0.0,0.0,0.0,0.0,0.0,0.0,0.0,0.0,0.0,0.0,0.0,0.0,0.0,0.0,4.0,4.0,0.0,1.0,0.0,0.0,4.0,6.0,9.0,25.0,29.0,40.0,30.0,19.0
1087,1.0,1087.0,London_56,three,151,453,1092.0,70.0,2.0,176670.0,4.934121140744537,843.0,163.0,2.0,161.0,297.0,18.0,279.0,185.0,72.0,94.0,48.0,153.0,15.0,50.0,7.0,14.0,8.0,64.0,166.0,215.0,81.0,0.0,0.0,0.0,0.0,0.0,0.0,0.0,0.0,0.0,0.0,0.0,0.0,0.0,0.0,0.0,0.0,0.0,0.0,0.0,0.0,0.0,0.0,0.0,0.0,0.0,0.0,0.0,0.0,0.0,1.0,0.0,0.0,0.0,0.0,1.0,1.0,0.0,0.0,0.0,0.0,1.0,16.0,0.0,2.0,0.0,2.0,6.0,13.0,7.0,15.0,29.0,40.0,18.0,10.0,0.0,0.0,0.0,0.0,0.0,0.0,0.0,0.0,0.0,3.0,0.0,0.0,0.0,0.0,4.0,5.0,0.0,0.0,0.0,0.0,1.0,24.0,0.0,2.0,0.0,3.0,8.0,17.0,9.0,15.0,49.0,56.0,20.0,16.0
1088,1.0,1088.0,London_56,three,151,453,1092.0,70.0,2.0,139977.0,2.7573887589387596,762.0,102.0,2.0,100.0,188.0,16.0,172.0,297.0,55.0,117.0,48.0,136.0,15.0,57.0,7.0,18.0,8.0,70.0,168.0,207.0,66.0,0.0,0.0,0.0,0.0,0.0,0.0,0.0,0.0,0.0,0.0,0.0,0.0,0.0,0.0,0.0,0.0,0.0,0.0,0.0,0.0,0.0,0.0,0.0,0.0,0.0,0.0,0.0,0.0,0.0,1.0,0.0,0.0,1.0,0.0,1.0,2.0,0.0,0.0,0.0,0.0,1.0,0.0,0.0,0.0,0.0,0.0,8.0,6.0,2.0,15.0,16.0,28.0,25.0,11.0,0.0,0.0,0.0,0.0,0.0,0.0,0.0,0.0,0.0,5.0,0.0,0.0,3.0,0.0,5.0,4.0,0.0,0.0,0.0,0.0,1.0,0.0,0.0,0.0,0.0,0.0,11.0,7.0,3.0,25.0,24.0,41.0,32.0,18.0
1089,1.0,1089.0,London_56,three,151,453,1092.0,70.0,2.0,126840.0,2.0107226320542395,733.0,43.0,2.0,41.0,91.0,20.0,71.0,188.0,52.0,132.0,34.0,135.0,16.0,60.0,4.0,20.0,8.0,75.0,162.0,208.0,64.0,0.0,0.0,0.0,0.0,0.0,0.0,0.0,0.0,0.0,1.0,0.0,0.0,0.0,0.0,0.0,1.0,0.0,0.0,1.0,0.0,0.0,0.0,0.0,0.0,0.0,0.0,0.0,0.0,0.0,0.0,0.0,0.0,1.0,0.0,0.0,2.0,0.0,0.0,0.0,0.0,4.0,0.0,0.0,1.0,0.0,0.0,0.0,6.0,0.0,4.0,5.0,9.0,5.0,2.0,0.0,0.0,0.0,0.0,0.0,0.0,0.0,0.0,0.0,0.0,0.0,0.0,2.0,0.0,0.0,5.0,0.0,0.0,0.0,0.0,4.0,0.0,0.0,1.0,0.0,0.0,0.0,7.0,0.0,5.0,7.0,12.0,7.0,3.0
1090,1.0,1090.0,London_56,three,151,453,1092.0,70.0,2.0,146772.0,5.267266843933612,777.0,0.0,0.0,0.0,0.0,0.0,0.0,84.0,58.0,136.0,28.0,126.0,16.0,62.0,5.0,22.0,9.0,71.0,149.0,224.0,69.0,0.0,0.0,0.0,0.0,0.0,0.0,0.0,0.0,0.0,0.0,0.0,0.0,0.0,0.0,0.0,0.0,0.0,0.0,0.0,0.0,0.0,0.0,0.0,0.0,0.0,0.0,0.0,0.0,0.0,0.0,0.0,0.0,0.0,0.0,0.0,0.0,0.0,0.0,0.0,0.0,0.0,0.0,0.0,0.0,0.0,0.0,0.0,0.0,0.0,0.0,0.0,0.0,0.0,0.0,0.0,0.0,0.0,0.0,0.0,0.0,0.0,0.0,0.0,0.0,0.0,0.0,0.0,0.0,0.0,0.0,0.0,0.0,0.0,0.0,0.0,0.0,0.0,0.0,0.0,0.0,0.0,0.0,0.0,0.0,0.0,0.0,0.0,0.0
1091,1.0,1091.0,London_56,three,151,453,1092.0,70.0,2.0,192525.0,4.146376668009907,878.0,149.0,0.0,149.0,255.0,0.0,255.0,0.0,58.0,136.0,28.0,126.0,16.0,62.0,5.0,22.0,9.0,71.0,149.0,224.0,69.0,0.0,0.0,0.0,0.0,0.0,0.0,0.0,0.0,0.0,0.0,0.0,0.0,0.0,0.0,0.0,0.0,0.0,0.0,0.0,0.0,0.0,0.0,0.0,0.0,0.0,0.0,0.0,0.0,0.0,0.0,0.0,0.0,0.0,0.0,0.0,0.0,0.0,0.0,0.0,0.0,10.0,0.0,1.0,2.0,0.0,0.0,8.0,5.0,9.0,7.0,29.0,32.0,28.0,11.0,0.0,0.0,0.0,0.0,0.0,0.0,0.0,0.0,0.0,0.0,0.0,0.0,0.0,0.0,0.0,0.0,0.0,0.0,0.0,0.0,12.0,0.0,1.0,2.0,0.0,0.0,11.0,8.0,12.0,9.0,45.0,50.0,38.0,16.0
1092,1.0,1092.0,London_56,three,151,453,1092.0,70.0,2.0,156285.0,8.499232169706374,798.0,112.0,2.0,110.0,208.0,19.0,189.0,255.0,62.0,144.0,27.0,109.0,14.0,74.0,5.0,18.0,10.0,78.0,148.0,217.0,70.0,0.0,0.0,0.0,0.0,0.0,0.0,0.0,0.0,0.0,0.0,0.0,0.0,0.0,0.0,0.0,0.0,0.0,0.0,0.0,0.0,0.0,0.0,0.0,0.0,0.0,0.0,0.0,0.0,0.0,1.0,0.0,0.0,1.0,0.0,0.0,1.0,0.0,0.0,0.0,0.0,3.0,4.0,1.0,1.0,0.0,0.0,10.0,7.0,3.0,9.0,28.0,26.0,29.0,8.0,0.0,0.0,0.0,0.0,0.0,0.0,0.0,0.0,0.0,1.0,0.0,0.0,7.0,0.0,0.0,4.0,0.0,0.0,0.0,0.0,4.0,6.0,1.0,1.0,0.0,0.0,11.0,11.0,5.0,12.0,49.0,40.0,38.0,13.0
1093,1.0,1093.0,London_56,three,151,453,1092.0,70.0,2.0,147225.0,4.813151793088764,778.0,125.0,0.0,125.0,211.0,0.0,211.0,208.0,55.0,135.0,32.0,113.0,10.0,77.0,7.0,24.0,10.0,84.0,146.0,213.0,66.0,0.0,0.0,0.0,0.0,0.0,0.0,0.0,0.0,0.0,0.0,0.0,0.0,0.0,0.0,0.0,0.0,0.0,0.0,0.0,0.0,0.0,0.0,0.0,0.0,0.0,0.0,0.0,0.0,0.0,0.0,0.0,0.0,0.0,0.0,0.0,0.0,0.0,0.0,0.0,0.0,2.0,4.0,0.0,0.0,0.0,0.0,6.0,3.0,3.0,12.0,25.0,27.0,23.0,17.0,0.0,0.0,0.0,0.0,0.0,0.0,0.0,0.0,0.0,0.0,0.0,0.0,0.0,0.0,0.0,0.0,0.0,0.0,0.0,0.0,2.0,4.0,0.0,0.0,0.0,0.0,7.0,4.0,3.0,15.0,40.0,35.0,28.0,28.0
1094,1.0,1094.0,London_56,three,151,453,1092.0,70.0,2.0,125481.0,0.99264768185094,730.0,1.0,1.0,0.0,11.0,11.0,0.0,211.0,65.0,109.0,36.0,124.0,11.0,81.0,5.0,22.0,10.0,80.0,141.0,222.0,76.0,0.0,0.0,0.0,0.0,0.0,0.0,0.0,0.0,0.0,1.0,0.0,0.0,0.0,0.0,0.0,1.0,0.0,0.0,1.0,0.0,0.0,0.0,0.0,0.0,0.0,0.0,0.0,0.0,0.0,0.0,0.0,0.0,1.0,0.0,0.0,1.0,0.0,0.0,0.0,0.0,0.0,0.0,0.0,0.0,0.0,0.0,0.0,0.0,0.0,0.0,0.0,0.0,0.0,0.0,0.0,0.0,0.0,0.0,0.0,0.0,0.0,0.0,0.0,0.0,0.0,0.0,7.0,0.0,0.0,1.0,0.0,0.0,0.0,0.0,0.0,0.0,0.0,0.0,0.0,0.0,0.0,0.0,0.0,0.0,0.0,0.0,0.0,0.0
1095,1.0,1095.0,London_56,three,151,453,1092.0,70.0,2.0,166251.0,6.3834213968366385,820.0,112.0,0.0,112.0,187.0,0.0,187.0,8.0,62.0,111.0,37.0,126.0,10.0,80.0,5.0,22.0,8.0,81.0,139.0,225.0,76.0,0.0,0.0,0.0,0.0,0.0,0.0,0.0,0.0,0.0,0.0,0.0,0.0,0.0,0.0,0.0,0.0,0.0,0.0,0.0,0.0,0.0,0.0,0.0,0.0,0.0,0.0,0.0,0.0,0.0,0.0,0.0,0.0,0.0,0.0,0.0,0.0,0.0,0.0,0.0,0.0,0.0,7.0,0.0,0.0,0.0,0.0,5.0,4.0,4.0,6.0,18.0,27.0,19.0,7.0,0.0,0.0,0.0,0.0,0.0,0.0,0.0,0.0,0.0,0.0,0.0,0.0,0.0,0.0,0.0,0.0,0.0,0.0,0.0,0.0,0.0,7.0,0.0,0.0,0.0,0.0,5.0,6.0,5.0,7.0,28.0,36.0,24.0,10.0
1096,1.0,1096.0,London_56,three,151,453,1092.0,70.0,2.0,155379.0,5.5376415266655385,796.0,99.0,0.0,99.0,171.0,0.0,171.0,187.0,57.0,105.0,40.0,129.0,13.0,81.0,4.0,24.0,11.0,81.0,144.0,217.0,74.0,0.0,0.0,0.0,0.0,0.0,0.0,0.0,0.0,0.0,0.0,0.0,0.0,0.0,0.0,0.0,0.0,0.0,0.0,0.0,0.0,0.0,0.0,0.0,0.0,0.0,0.0,0.0,0.0,0.0,0.0,0.0,0.0,0.0,0.0,0.0,0.0,0.0,0.0,0.0,0.0,2.0,3.0,0.0,0.0,2.0,0.0,6.0,9.0,5.0,4.0,20.0,23.0,14.0,8.0,0.0,0.0,0.0,0.0,0.0,0.0,0.0,0.0,0.0,0.0,0.0,0.0,0.0,0.0,0.0,0.0,0.0,0.0,0.0,0.0,2.0,4.0,0.0,0.0,2.0,0.0,9.0,9.0,9.0,4.0,27.0,36.0,18.0,13.0
1097,1.0,1097.0,London_56,three,151,453,1092.0,70.0,2.0,137712.0,3.067681504879147,757.0,47.0,2.0,45.0,101.0,18.0,83.0,171.0,52.0,120.0,37.0,123.0,18.0,76.0,5.0,22.0,14.0,87.0,145.0,207.0,88.0,0.0,0.0,0.0,0.0,0.0,0.0,0.0,0.0,0.0,0.0,0.0,0.0,0.0,0.0,0.0,0.0,0.0,0.0,0.0,0.0,0.0,0.0,0.0,0.0,0.0,0.0,0.0,0.0,0.0,0.0,0.0,0.0,0.0,0.0,1.0,0.0,0.0,0.0,0.0,0.0,6.0,0.0,2.0,0.0,1.0,0.0,4.0,5.0,2.0,6.0,8.0,10.0,10.0,1.0,0.0,0.0,0.0,0.0,0.0,0.0,0.0,0.0,0.0,0.0,0.0,0.0,0.0,0.0,8.0,0.0,0.0,0.0,0.0,0.0,8.0,0.0,2.0,0.0,2.0,0.0,4.0,8.0,3.0,7.0,13.0,15.0,12.0,2.0
1098,1.0,1098.0,London_56,three,151,453,1092.0,70.0,2.0,148584.0,0.8915362469851971,781.0,96.0,1.0,95.0,169.0,10.0,159.0,101.0,52.0,122.0,41.0,129.0,18.0,66.0,7.0,18.0,17.0,85.0,135.0,216.0,94.0,0.0,0.0,0.0,0.0,0.0,0.0,0.0,0.0,0.0,0.0,0.0,0.0,0.0,0.0,0.0,0.0,0.0,0.0,0.0,0.0,0.0,0.0,0.0,0.0,0.0,0.0,0.0,0.0,0.0,0.0,0.0,0.0,0.0,0.0,0.0,0.0,1.0,0.0,0.0,0.0,4.0,2.0,1.0,0.0,1.0,0.0,4.0,6.0,4.0,6.0,16.0,26.0,17.0,16.0,0.0,0.0,0.0,0.0,0.0,0.0,0.0,0.0,0.0,0.0,0.0,0.0,0.0,0.0,0.0,0.0,8.0,0.0,0.0,0.0,4.0,2.0,1.0,0.0,1.0,0.0,4.0,7.0,5.0,7.0,24.0,37.0,24.0,29.0
1099,1.0,1099.0,London_56,three,151,453,1092.0,70.0,2.0,143148.0,3.9529379880987108,769.0,103.0,0.0,103.0,168.0,0.0,168.0,169.0,52.0,129.0,45.0,120.0,18.0,66.0,6.0,17.0,18.0,83.0,139.0,213.0,95.0,0.0,0.0,0.0,0.0,0.0,0.0,0.0,0.0,0.0,0.0,0.0,0.0,0.0,0.0,0.0,0.0,0.0,0.0,0.0,0.0,0.0,0.0,0.0,0.0,0.0,0.0,0.0,0.0,0.0,0.0,0.0,0.0,0.0,0.0,0.0,0.0,0.0,0.0,0.0,0.0,3.0,2.0,0.0,0.0,2.0,1.0,4.0,6.0,5.0,8.0,16.0,27.0,20.0,9.0,0.0,0.0,0.0,0.0,0.0,0.0,0.0,0.0,0.0,0.0,0.0,0.0,0.0,0.0,0.0,0.0,0.0,0.0,0.0,0.0,4.0,2.0,0.0,0.0,2.0,3.0,6.0,8.0,5.0,8.0,26.0,41.0,28.0,15.0
1100,1.0,1100.0,London_56,three,151,453,1092.0,70.0,2.0,120951.0,5.537265962921083,720.0,6.0,0.0,6.0,9.0,0.0,9.0,168.0,46.0,147.0,44.0,117.0,19.0,60.0,7.0,13.0,19.0,75.0,135.0,224.0,104.0,0.0,0.0,0.0,0.0,0.0,0.0,0.0,0.0,0.0,0.0,0.0,0.0,0.0,0.0,0.0,0.0,0.0,0.0,0.0,0.0,0.0,0.0,0.0,0.0,0.0,0.0,0.0,0.0,0.0,0.0,0.0,0.0,0.0,0.0,0.0,0.0,0.0,0.0,0.0,0.0,0.0,0.0,0.0,0.0,0.0,0.0,0.0,1.0,0.0,1.0,2.0,2.0,4.0,0.0,0.0,0.0,0.0,0.0,0.0,0.0,0.0,0.0,0.0,0.0,0.0,0.0,0.0,0.0,0.0,0.0,0.0,0.0,0.0,0.0,0.0,0.0,0.0,0.0,0.0,0.0,0.0,2.0,0.0,1.0,2.0,4.0,5.0,0.0
1101,1.0,1101.0,London_56,three,151,453,1092.0,70.0,2.0,158550.0,2.4446708890609443,803.0,132.0,2.0,130.0,240.0,16.0,224.0,9.0,44.0,148.0,45.0,117.0,19.0,61.0,6.0,13.0,19.0,75.0,135.0,224.0,103.0,0.0,0.0,0.0,0.0,0.0,0.0,0.0,0.0,0.0,0.0,0.0,0.0,0.0,0.0,0.0,0.0,0.0,0.0,0.0,0.0,0.0,0.0,0.0,0.0,0.0,0.0,0.0,0.0,0.0,0.0,0.0,0.0,1.0,0.0,0.0,1.0,0.0,0.0,0.0,0.0,1.0,1.0,0.0,3.0,2.0,0.0,4.0,8.0,6.0,6.0,27.0,33.0,16.0,16.0,0.0,0.0,0.0,0.0,0.0,0.0,0.0,0.0,0.0,0.0,0.0,0.0,5.0,0.0,0.0,2.0,0.0,0.0,0.0,0.0,1.0,1.0,0.0,4.0,3.0,0.0,4.0,12.0,10.0,8.0,42.0,47.0,20.0,22.0
1102,1.0,1102.0,London_56,three,151,453,1092.0,70.0,2.0,131823.0,3.818894509691745,744.0,102.0,2.0,100.0,191.0,18.0,173.0,240.0,56.0,130.0,44.0,121.0,22.0,59.0,8.0,13.0,18.0,69.0,153.0,213.0,82.0,0.0,0.0,0.0,0.0,0.0,0.0,0.0,0.0,0.0,0.0,0.0,0.0,0.0,0.0,0.0,0.0,0.0,0.0,0.0,0.0,0.0,0.0,0.0,0.0,0.0,0.0,0.0,0.0,0.0,1.0,0.0,0.0,0.0,0.0,0.0,1.0,1.0,0.0,0.0,0.0,2.0,1.0,1.0,1.0,1.0,0.0,9.0,7.0,3.0,4.0,17.0,21.0,11.0,8.0,0.0,0.0,0.0,0.0,0.0,0.0,0.0,0.0,0.0,4.0,0.0,0.0,0.0,0.0,0.0,2.0,6.0,0.0,0.0,0.0,3.0,1.0,1.0,1.0,1.0,0.0,12.0,10.0,3.0,5.0,24.0,34.0,12.0,12.0
1103,1.0,1103.0,London_56,three,151,453,1092.0,70.0,2.0,122310.0,2.2466835360974073,723.0,54.0,1.0,53.0,99.0,10.0,89.0,191.0,55.0,115.0,50.0,133.0,20.0,70.0,5.0,5.0,17.0,71.0,164.0,201.0,82.0,0.0,0.0,0.0,0.0,0.0,0.0,0.0,0.0,0.0,0.0,0.0,0.0,0.0,0.0,0.0,0.0,0.0,0.0,0.0,0.0,0.0,0.0,0.0,0.0,0.0,0.0,0.0,0.0,0.0,0.0,0.0,0.0,0.0,0.0,1.0,1.0,0.0,0.0,0.0,0.0,0.0,0.0,0.0,0.0,0.0,0.0,3.0,5.0,1.0,4.0,8.0,10.0,10.0,6.0,0.0,0.0,0.0,0.0,0.0,0.0,0.0,0.0,0.0,0.0,0.0,0.0,0.0,0.0,9.0,3.0,0.0,0.0,0.0,0.0,0.0,0.0,0.0,0.0,0.0,0.0,4.0,5.0,2.0,6.0,12.0,20.0,12.0,9.0
1104,1.0,1104.0,London_56,three,151,453,1092.0,70.0,2.0,143601.0,1.1774906627833843,770.0,43.0,0.0,43.0,79.0,0.0,79.0,99.0,56.0,111.0,52.0,147.0,16.0,59.0,6.0,6.0,18.0,75.0,150.0,210.0,83.0,0.0,0.0,0.0,0.0,0.0,0.0,0.0,0.0,0.0,0.0,0.0,0.0,0.0,0.0,0.0,0.0,0.0,0.0,0.0,0.0,0.0,0.0,0.0,0.0,0.0,0.0,0.0,0.0,0.0,0.0,0.0,0.0,0.0,0.0,0.0,0.0,0.0,0.0,0.0,0.0,1.0,2.0,0.0,1.0,0.0,0.0,5.0,6.0,1.0,7.0,6.0,11.0,7.0,6.0,0.0,0.0,0.0,0.0,0.0,0.0,0.0,0.0,0.0,0.0,0.0,0.0,0.0,0.0,0.0,0.0,0.0,0.0,0.0,0.0,2.0,3.0,0.0,2.0,0.0,0.0,6.0,6.0,1.0,11.0,11.0,19.0,9.0,10.0
1105,1.0,1105.0,London_56,three,151,453,1092.0,70.0,2.0,160362.0,7.575037970207632,807.0,146.0,2.0,144.0,276.0,18.0,258.0,79.0,55.0,108.0,48.0,146.0,19.0,63.0,6.0,8.0,15.0,75.0,146.0,217.0,79.0,0.0,0.0,0.0,0.0,0.0,0.0,0.0,0.0,0.0,0.0,0.0,0.0,0.0,0.0,0.0,0.0,0.0,0.0,0.0,0.0,0.0,0.0,0.0,0.0,0.0,0.0,0.0,0.0,0.0,0.0,0.0,0.0,1.0,0.0,0.0,1.0,0.0,0.0,0.0,0.0,1.0,15.0,0.0,5.0,7.0,1.0,5.0,11.0,2.0,5.0,25.0,32.0,21.0,12.0,0.0,0.0,0.0,0.0,0.0,0.0,0.0,0.0,0.0,0.0,0.0,0.0,5.0,0.0,0.0,3.0,0.0,0.0,0.0,0.0,1.0,22.0,0.0,7.0,7.0,2.0,6.0,13.0,2.0,6.0,39.0,47.0,30.0,18.0
1106,1.0,1106.0,London_56,three,151,453,1092.0,70.0,2.0,137712.0,6.540274021215737,757.0,7.0,2.0,5.0,29.0,19.0,10.0,276.0,51.0,121.0,46.0,150.0,13.0,50.0,6.0,16.0,9.0,77.0,160.0,207.0,66.0,0.0,0.0,0.0,0.0,0.0,0.0,0.0,0.0,0.0,0.0,0.0,0.0,0.0,0.0,0.0,0.0,0.0,0.0,0.0,0.0,0.0,0.0,0.0,0.0,0.0,0.0,0.0,0.0,0.0,2.0,0.0,0.0,2.0,0.0,0.0,1.0,0.0,0.0,0.0,0.0,0.0,0.0,0.0,0.0,1.0,0.0,0.0,0.0,0.0,0.0,1.0,1.0,0.0,0.0,0.0,0.0,0.0,0.0,0.0,0.0,0.0,0.0,0.0,8.0,0.0,0.0,11.0,0.0,0.0,4.0,0.0,0.0,0.0,0.0,0.0,0.0,0.0,0.0,1.0,0.0,0.0,0.0,0.0,0.0,3.0,1.0,0.0,0.0
1107,1.0,1107.0,London_56,three,151,453,1092.0,70.0,2.0,178029.0,6.658590761944652,846.0,52.0,2.0,50.0,101.0,20.0,81.0,29.0,50.0,120.0,48.0,149.0,15.0,49.0,6.0,16.0,7.0,70.0,156.0,220.0,59.0,0.0,0.0,0.0,0.0,0.0,0.0,0.0,0.0,0.0,0.0,0.0,0.0,0.0,0.0,0.0,0.0,0.0,0.0,0.0,0.0,0.0,0.0,0.0,0.0,0.0,0.0,0.0,0.0,0.0,0.0,0.0,0.0,0.0,0.0,2.0,2.0,0.0,0.0,0.0,0.0,2.0,0.0,0.0,0.0,0.0,0.0,2.0,4.0,2.0,4.0,8.0,10.0,16.0,3.0,0.0,0.0,0.0,0.0,0.0,0.0,0.0,0.0,0.0,0.0,0.0,0.0,0.0,0.0,13.0,6.0,0.0,0.0,0.0,0.0,3.0,0.0,0.0,0.0,0.0,0.0,2.0,5.0,3.0,4.0,13.0,14.0,21.0,4.0
1108,1.0,1108.0,London_56,three,151,453,1092.0,70.0,2.0,197961.0,3.3857290111482143,890.0,71.0,0.0,71.0,118.0,0.0,118.0,101.0,38.0,130.0,28.0,159.0,18.0,56.0,7.0,17.0,9.0,74.0,138.0,232.0,64.0,0.0,0.0,0.0,0.0,0.0,0.0,0.0,0.0,0.0,0.0,0.0,0.0,0.0,0.0,0.0,0.0,0.0,0.0,0.0,0.0,0.0,0.0,0.0,0.0,0.0,0.0,0.0,0.0,0.0,0.0,0.0,0.0,0.0,0.0,0.0,0.0,0.0,0.0,0.0,0.0,1.0,1.0,0.0,0.0,1.0,0.0,5.0,6.0,0.0,6.0,12.0,17.0,11.0,4.0,0.0,0.0,0.0,0.0,0.0,0.0,0.0,0.0,0.0,0.0,0.0,0.0,0.0,0.0,0.0,0.0,0.0,0.0,0.0,0.0,1.0,1.0,0.0,0.0,1.0,0.0,7.0,9.0,0.0,9.0,22.0,25.0,13.0,6.0
1109,1.0,1109.0,London_56,three,151,453,1092.0,70.0,2.0,214269.0,4.373601374682039,926.0,158.0,2.0,156.0,290.0,17.0,273.0,118.0,37.0,126.0,28.0,167.0,19.0,55.0,6.0,15.0,8.0,76.0,154.0,215.0,66.0,0.0,0.0,0.0,0.0,0.0,0.0,0.0,0.0,0.0,0.0,0.0,0.0,0.0,0.0,0.0,0.0,0.0,0.0,0.0,0.0,0.0,0.0,0.0,0.0,0.0,0.0,0.0,0.0,0.0,0.0,0.0,0.0,0.0,0.0,0.0,2.0,0.0,0.0,0.0,0.0,5.0,2.0,0.0,2.0,1.0,0.0,15.0,10.0,8.0,16.0,35.0,36.0,34.0,9.0,0.0,0.0,0.0,0.0,0.0,0.0,0.0,0.0,0.0,0.0,0.0,0.0,0.0,0.0,0.0,11.0,0.0,0.0,0.0,0.0,5.0,5.0,0.0,2.0,1.0,0.0,19.0,13.0,11.0,22.0,58.0,55.0,48.0,16.0
1110,1.0,1110.0,London_56,three,151,453,1092.0,70.0,2.0,174405.0,5.042981327045709,838.0,211.0,0.0,211.0,361.0,0.0,361.0,290.0,43.0,117.0,33.0,168.0,24.0,45.0,8.0,15.0,6.0,81.0,150.0,216.0,65.0,0.0,0.0,0.0,0.0,0.0,0.0,0.0,0.0,0.0,0.0,0.0,0.0,0.0,0.0,0.0,0.0,0.0,0.0,0.0,0.0,0.0,0.0,0.0,0.0,0.0,0.0,0.0,0.0,0.0,0.0,0.0,0.0,0.0,0.0,0.0,0.0,0.0,0.0,0.0,0.0,5.0,20.0,0.0,5.0,17.0,0.0,7.0,5.0,6.0,8.0,36.0,50.0,30.0,13.0,0.0,0.0,0.0,0.0,0.0,0.0,0.0,0.0,0.0,0.0,0.0,0.0,0.0,0.0,0.0,0.0,0.0,0.0,0.0,0.0,5.0,30.0,0.0,8.0,18.0,0.0,7.0,7.0,6.0,9.0,53.0,80.0,35.0,20.0
1111,1.0,1111.0,London_56,three,151,453,1092.0,70.0,2.0,108267.0,3.156216167844832,692.0,34.0,0.0,34.0,62.0,0.0,62.0,361.0,59.0,136.0,43.0,132.0,20.0,45.0,6.0,12.0,14.0,81.0,128.0,230.0,63.0,0.0,0.0,0.0,0.0,0.0,0.0,0.0,0.0,0.0,0.0,0.0,0.0,0.0,0.0,0.0,0.0,0.0,0.0,0.0,0.0,0.0,0.0,0.0,0.0,0.0,0.0,0.0,0.0,0.0,0.0,0.0,0.0,0.0,0.0,0.0,0.0,0.0,0.0,0.0,0.0,1.0,0.0,0.0,0.0,1.0,0.0,3.0,1.0,0.0,3.0,5.0,11.0,11.0,3.0,0.0,0.0,0.0,0.0,0.0,0.0,0.0,0.0,0.0,0.0,0.0,0.0,0.0,0.0,0.0,0.0,0.0,0.0,0.0,0.0,1.0,0.0,0.0,0.0,1.0,0.0,4.0,1.0,0.0,7.0,7.0,16.0,14.0,5.0
1112,1.0,1112.0,London_56,three,151,453,1092.0,70.0,2.0,121857.0,4.983884556218982,722.0,57.0,1.0,56.0,104.0,9.0,95.0,62.0,65.0,131.0,45.0,134.0,22.0,37.0,6.0,13.0,15.0,86.0,117.0,235.0,72.0,0.0,0.0,0.0,0.0,0.0,0.0,0.0,0.0,0.0,0.0,0.0,0.0,0.0,0.0,0.0,0.0,0.0,0.0,0.0,0.0,0.0,0.0,0.0,0.0,0.0,0.0,0.0,0.0,0.0,0.0,0.0,0.0,0.0,0.0,0.0,0.0,0.0,0.0,0.0,0.0,0.0,0.0,0.0,0.0,0.0,0.0,10.0,0.0,1.0,4.0,4.0,18.0,10.0,3.0,0.0,0.0,0.0,0.0,0.0,0.0,0.0,0.0,0.0,0.0,0.0,0.0,0.0,0.0,0.0,0.0,0.0,0.0,0.0,0.0,0.0,0.0,0.0,0.0,0.0,0.0,14.0,0.0,1.0,5.0,4.0,28.0,15.0,3.0
1113,1.0,1113.0,London_56,three,151,453,1092.0,70.0,2.0,141336.0,7.315291129983962,765.0,30.0,0.0,30.0,50.0,0.0,50.0,104.0,65.0,123.0,44.0,137.0,18.0,43.0,8.0,15.0,15.0,80.0,125.0,233.0,83.0,0.0,0.0,0.0,0.0,0.0,0.0,0.0,0.0,0.0,0.0,0.0,0.0,0.0,0.0,0.0,0.0,0.0,0.0,0.0,0.0,0.0,0.0,0.0,0.0,0.0,0.0,0.0,0.0,0.0,0.0,0.0,0.0,0.0,0.0,0.0,0.0,0.0,0.0,0.0,0.0,0.0,2.0,0.0,0.0,0.0,0.0,2.0,0.0,1.0,2.0,5.0,6.0,7.0,6.0,0.0,0.0,0.0,0.0,0.0,0.0,0.0,0.0,0.0,0.0,0.0,0.0,0.0,0.0,0.0,0.0,0.0,0.0,0.0,0.0,0.0,3.0,0.0,0.0,0.0,0.0,2.0,0.0,1.0,4.0,6.0,8.0,10.0,9.0
1114,1.0,1114.0,London_56,three,151,453,1092.0,70.0,2.0,165798.0,6.654728133697063,819.0,121.0,0.0,121.0,200.0,0.0,200.0,50.0,64.0,130.0,37.0,139.0,19.0,42.0,8.0,14.0,15.0,87.0,120.0,231.0,88.0,0.0,0.0,0.0,0.0,0.0,0.0,0.0,0.0,0.0,0.0,0.0,0.0,0.0,0.0,0.0,0.0,0.0,0.0,0.0,0.0,0.0,0.0,0.0,0.0,0.0,0.0,0.0,0.0,0.0,0.0,0.0,0.0,0.0,0.0,0.0,0.0,0.0,0.0,0.0,0.0,0.0,4.0,0.0,1.0,1.0,0.0,7.0,3.0,1.0,7.0,23.0,23.0,26.0,5.0,0.0,0.0,0.0,0.0,0.0,0.0,0.0,0.0,0.0,0.0,0.0,0.0,0.0,0.0,0.0,0.0,0.0,0.0,0.0,0.0,0.0,6.0,0.0,1.0,1.0,0.0,9.0,3.0,1.0,11.0,37.0,36.0,33.0,5.0
1115,1.0,1115.0,London_56,three,151,453,1092.0,70.0,2.0,144960.0,4.516877538058907,773.0,88.0,0.0,88.0,163.0,0.0,163.0,200.0,59.0,132.0,37.0,140.0,20.0,41.0,8.0,16.0,16.0,87.0,125.0,225.0,89.0,0.0,0.0,0.0,0.0,0.0,0.0,0.0,0.0,0.0,0.0,0.0,0.0,0.0,0.0,0.0,0.0,0.0,0.0,0.0,0.0,0.0,0.0,0.0,0.0,0.0,0.0,0.0,0.0,0.0,0.0,0.0,0.0,0.0,0.0,0.0,0.0,0.0,0.0,0.0,0.0,1.0,0.0,0.0,1.0,0.0,0.0,11.0,6.0,0.0,6.0,14.0,25.0,19.0,7.0,0.0,0.0,0.0,0.0,0.0,0.0,0.0,0.0,0.0,0.0,0.0,0.0,0.0,0.0,0.0,0.0,0.0,0.0,0.0,0.0,1.0,0.0,0.0,1.0,0.0,0.0,14.0,10.0,0.0,8.0,27.0,41.0,24.0,10.0
1116,1.0,1116.0,London_56,three,151,453,1092.0,70.0,2.0,138618.0,2.8009184929542243,759.0,43.0,2.0,41.0,91.0,17.0,74.0,163.0,63.0,128.0,32.0,141.0,22.0,45.0,7.0,15.0,13.0,92.0,132.0,216.0,88.0,0.0,0.0,0.0,0.0,0.0,0.0,0.0,0.0,0.0,0.0,0.0,0.0,0.0,0.0,0.0,0.0,0.0,0.0,0.0,0.0,0.0,0.0,0.0,0.0,0.0,0.0,0.0,0.0,0.0,1.0,0.0,0.0,1.0,0.0,0.0,1.0,0.0,0.0,0.0,0.0,2.0,0.0,0.0,0.0,0.0,0.0,3.0,1.0,0.0,5.0,11.0,9.0,7.0,2.0,0.0,0.0,0.0,0.0,0.0,0.0,0.0,0.0,0.0,6.0,0.0,0.0,4.0,0.0,0.0,5.0,0.0,0.0,0.0,0.0,3.0,0.0,0.0,0.0,0.0,0.0,4.0,2.0,0.0,5.0,18.0,12.0,8.0,4.0
1117,1.0,1117.0,London_56,three,151,453,1092.0,70.0,2.0,160362.0,4.8460342939943075,807.0,93.0,2.0,91.0,169.0,20.0,149.0,91.0,70.0,131.0,38.0,136.0,18.0,37.0,7.0,16.0,12.0,92.0,133.0,216.0,76.0,0.0,0.0,0.0,0.0,0.0,0.0,0.0,0.0,0.0,1.0,0.0,1.0,0.0,0.0,0.0,0.0,0.0,0.0,1.0,0.0,0.0,0.0,0.0,0.0,0.0,0.0,0.0,0.0,0.0,2.0,0.0,0.0,2.0,0.0,0.0,2.0,0.0,0.0,0.0,0.0,1.0,0.0,0.0,2.0,0.0,0.0,3.0,3.0,3.0,11.0,20.0,21.0,11.0,7.0,0.0,0.0,0.0,0.0,0.0,0.0,0.0,0.0,0.0,11.0,0.0,0.0,14.0,0.0,0.0,9.0,0.0,0.0,0.0,0.0,2.0,0.0,0.0,2.0,0.0,0.0,3.0,3.0,4.0,13.0,26.0,28.0,12.0,10.0
1118,1.0,1118.0,London_56,three,151,453,1092.0,70.0,2.0,159456.0,8.331730210222304,805.0,52.0,2.0,50.0,113.0,18.0,95.0,168.0,71.0,135.0,35.0,136.0,16.0,43.0,7.0,10.0,14.0,90.0,137.0,212.0,76.0,0.0,0.0,0.0,0.0,0.0,0.0,0.0,0.0,0.0,0.0,0.0,0.0,0.0,0.0,0.0,0.0,0.0,0.0,0.0,0.0,0.0,0.0,0.0,0.0,0.0,0.0,0.0,0.0,0.0,0.0,0.0,0.0,0.0,0.0,1.0,0.0,0.0,0.0,0.0,0.0,1.0,0.0,0.0,0.0,0.0,0.0,2.0,4.0,1.0,6.0,9.0,11.0,11.0,7.0,0.0,0.0,0.0,0.0,0.0,0.0,0.0,0.0,0.0,0.0,0.0,0.0,0.0,0.0,8.0,0.0,0.0,0.0,0.0,0.0,2.0,0.0,0.0,0.0,0.0,0.0,3.0,5.0,1.0,11.0,19.0,17.0,14.0,11.0
1119,1.0,1119.0,London_56,three,151,453,1092.0,70.0,2.0,180294.0,5.721918641123921,851.0,167.0,1.0,166.0,277.0,9.0,268.0,113.0,71.0,134.0,40.0,145.0,11.0,39.0,4.0,9.0,11.0,89.0,140.0,213.0,70.0,0.0,0.0,0.0,0.0,0.0,0.0,0.0,0.0,0.0,0.0,0.0,0.0,0.0,0.0,0.0,0.0,0.0,0.0,0.0,0.0,0.0,0.0,0.0,0.0,0.0,0.0,0.0,0.0,0.0,0.0,0.0,0.0,0.0,0.0,1.0,0.0,1.0,0.0,0.0,0.0,0.0,4.0,0.0,0.0,0.0,0.0,12.0,8.0,9.0,22.0,35.0,27.0,34.0,8.0,0.0,0.0,0.0,0.0,0.0,0.0,0.0,0.0,0.0,0.0,0.0,0.0,0.0,0.0,7.0,0.0,7.0,0.0,0.0,0.0,0.0,4.0,0.0,0.0,0.0,0.0,13.0,9.0,12.0,31.0,51.0,34.0,41.0,9.0
1120,1.0,1120.0,London_56,three,151,453,1092.0,70.0,2.0,142695.0,6.448972017038614,768.0,11.0,2.0,9.0,33.0,18.0,15.0,277.0,63.0,159.0,40.0,138.0,9.0,33.0,5.0,6.0,10.0,93.0,135.0,215.0,65.0,0.0,0.0,0.0,0.0,0.0,0.0,0.0,0.0,0.0,0.0,0.0,0.0,0.0,0.0,0.0,0.0,0.0,0.0,0.0,0.0,0.0,0.0,0.0,0.0,0.0,0.0,0.0,0.0,0.0,1.0,0.0,0.0,0.0,0.0,0.0,0.0,0.0,0.0,0.0,0.0,0.0,0.0,0.0,0.0,0.0,0.0,3.0,0.0,0.0,1.0,2.0,1.0,0.0,1.0,0.0,0.0,0.0,0.0,0.0,0.0,0.0,0.0,0.0,9.0,0.0,0.0,0.0,0.0,0.0,0.0,0.0,0.0,0.0,0.0,0.0,0.0,0.0,0.0,0.0,0.0,5.0,0.0,0.0,1.0,3.0,2.0,0.0,1.0
1121,1.0,1121.0,London_56,three,151,453,1092.0,70.0,2.0,181653.0,3.8410677150823176,854.0,124.0,1.0,123.0,217.0,8.0,209.0,33.0,57.0,155.0,47.0,140.0,12.0,32.0,5.0,5.0,11.0,91.0,139.0,212.0,59.0,0.0,0.0,0.0,0.0,0.0,0.0,0.0,0.0,0.0,0.0,0.0,0.0,0.0,0.0,0.0,0.0,0.0,0.0,0.0,0.0,0.0,0.0,0.0,0.0,0.0,0.0,0.0,0.0,0.0,0.0,0.0,0.0,0.0,0.0,0.0,1.0,0.0,0.0,0.0,0.0,3.0,1.0,0.0,2.0,0.0,0.0,5.0,7.0,3.0,9.0,29.0,27.0,27.0,13.0,0.0,0.0,0.0,0.0,0.0,0.0,0.0,0.0,0.0,0.0,0.0,0.0,0.0,0.0,0.0,7.0,0.0,0.0,0.0,0.0,3.0,2.0,0.0,3.0,0.0,0.0,5.0,10.0,3.0,12.0,42.0,35.0,38.0,19.0
1122,1.0,1122.0,London_56,three,151,453,1092.0,70.0,2.0,165798.0,4.541354041080922,819.0,99.0,1.0,98.0,179.0,9.0,170.0,217.0,55.0,157.0,46.0,116.0,16.0,45.0,5.0,13.0,8.0,96.0,128.0,221.0,70.0,0.0,0.0,0.0,0.0,0.0,0.0,0.0,0.0,0.0,0.0,0.0,0.0,0.0,0.0,0.0,0.0,0.0,0.0,0.0,0.0,0.0,0.0,0.0,0.0,0.0,0.0,0.0,0.0,0.0,0.0,0.0,0.0,0.0,0.0,1.0,0.0,0.0,0.0,0.0,0.0,2.0,1.0,0.0,0.0,1.0,0.0,12.0,8.0,4.0,14.0,20.0,19.0,20.0,7.0,0.0,0.0,0.0,0.0,0.0,0.0,0.0,0.0,0.0,0.0,0.0,0.0,0.0,0.0,6.0,0.0,0.0,0.0,0.0,0.0,2.0,1.0,0.0,0.0,1.0,0.0,17.0,11.0,5.0,16.0,32.0,23.0,26.0,9.0
1123,1.0,1123.0,London_56,three,151,453,1092.0,70.0,2.0,156285.0,6.678812988102436,798.0,108.0,0.0,108.0,192.0,0.0,192.0,179.0,64.0,141.0,44.0,121.0,20.0,49.0,1.0,13.0,9.0,78.0,148.0,218.0,69.0,0.0,0.0,0.0,0.0,0.0,0.0,0.0,0.0,0.0,0.0,0.0,0.0,0.0,0.0,0.0,0.0,0.0,0.0,0.0,0.0,0.0,0.0,0.0,0.0,0.0,0.0,0.0,0.0,0.0,0.0,0.0,0.0,0.0,0.0,0.0,0.0,0.0,0.0,0.0,0.0,4.0,8.0,0.0,6.0,1.0,0.0,9.0,1.0,1.0,13.0,20.0,27.0,14.0,12.0,0.0,0.0,0.0,0.0,0.0,0.0,0.0,0.0,0.0,0.0,0.0,0.0,0.0,0.0,0.0,0.0,0.0,0.0,0.0,0.0,4.0,10.0,0.0,7.0,1.0,0.0,12.0,2.0,2.0,16.0,33.0,38.0,20.0,15.0
1124,1.0,1124.0,London_56,three,151,453,1092.0,70.0,2.0,139977.0,6.113599210977554,762.0,48.0,2.0,46.0,94.0,18.0,76.0,192.0,76.0,141.0,40.0,115.0,17.0,49.0,1.0,14.0,12.0,77.0,137.0,227.0,69.0,0.0,0.0,0.0,0.0,0.0,0.0,0.0,0.0,0.0,0.0,0.0,0.0,0.0,0.0,0.0,0.0,0.0,0.0,0.0,0.0,0.0,0.0,0.0,0.0,0.0,0.0,0.0,0.0,0.0,2.0,0.0,1.0,0.0,0.0,1.0,2.0,0.0,0.0,0.0,0.0,1.0,4.0,0.0,0.0,1.0,0.0,2.0,4.0,1.0,4.0,15.0,10.0,13.0,3.0,0.0,0.0,0.0,0.0,0.0,0.0,0.0,0.0,0.0,9.0,0.0,5.0,0.0,0.0,7.0,4.0,0.0,0.0,0.0,0.0,1.0,8.0,0.0,0.0,1.0,0.0,2.0,5.0,2.0,4.0,25.0,12.0,17.0,6.0
1125,1.0,1125.0,London_56,three,151,453,1092.0,70.0,2.0,160362.0,3.76988006522879,807.0,121.0,0.0,121.0,214.0,0.0,214.0,94.0,70.0,145.0,43.0,131.0,17.0,34.0,1.0,12.0,13.0,79.0,142.0,219.0,77.0,0.0,0.0,0.0,0.0,0.0,0.0,0.0,0.0,0.0,0.0,0.0,0.0,0.0,0.0,0.0,0.0,0.0,0.0,0.0,0.0,0.0,0.0,0.0,0.0,0.0,0.0,0.0,0.0,0.0,0.0,0.0,0.0,0.0,0.0,0.0,0.0,0.0,0.0,0.0,0.0,1.0,10.0,0.0,1.0,1.0,0.0,5.0,7.0,5.0,7.0,19.0,29.0,18.0,11.0,0.0,0.0,0.0,0.0,0.0,0.0,0.0,0.0,0.0,0.0,0.0,0.0,0.0,0.0,0.0,0.0,0.0,0.0,0.0,0.0,1.0,16.0,0.0,1.0,1.0,0.0,6.0,9.0,8.0,9.0,28.0,45.0,19.0,19.0
1126,1.0,1126.0,London_56,three,151,453,1092.0,70.0,2.0,147225.0,8.70711746904999,778.0,71.0,1.0,70.0,131.0,8.0,123.0,214.0,76.0,155.0,47.0,110.0,18.0,35.0,1.0,11.0,16.0,74.0,139.0,224.0,83.0,0.0,0.0,0.0,0.0,0.0,0.0,0.0,0.0,0.0,0.0,0.0,0.0,0.0,0.0,0.0,0.0,0.0,0.0,0.0,0.0,0.0,0.0,0.0,0.0,0.0,0.0,0.0,0.0,0.0,0.0,0.0,0.0,0.0,0.0,1.0,0.0,0.0,0.0,0.0,0.0,0.0,3.0,0.0,0.0,0.0,0.0,1.0,7.0,0.0,7.0,11.0,17.0,12.0,4.0,0.0,0.0,0.0,0.0,0.0,0.0,0.0,0.0,0.0,0.0,0.0,0.0,0.0,0.0,7.0,0.0,0.0,0.0,0.0,0.0,0.0,4.0,0.0,0.0,0.0,0.0,1.0,11.0,0.0,9.0,21.0,22.0,15.0,9.0
1127,1.0,1127.0,London_56,three,151,453,1092.0,70.0,2.0,149490.0,5.652140736114234,783.0,113.0,1.0,112.0,203.0,8.0,195.0,131.0,75.0,151.0,42.0,117.0,17.0,38.0,1.0,12.0,11.0,69.0,149.0,224.0,77.0,0.0,0.0,0.0,0.0,0.0,0.0,0.0,0.0,0.0,0.0,0.0,0.0,0.0,0.0,0.0,0.0,0.0,0.0,0.0,0.0,0.0,0.0,0.0,0.0,0.0,0.0,0.0,0.0,0.0,0.0,0.0,0.0,1.0,0.0,0.0,0.0,1.0,0.0,0.0,0.0,8.0,11.0,0.0,4.0,0.0,0.0,14.0,2.0,4.0,10.0,21.0,23.0,22.0,8.0,0.0,0.0,0.0,0.0,0.0,0.0,0.0,0.0,0.0,0.0,0.0,0.0,6.0,0.0,0.0,0.0,7.0,0.0,0.0,0.0,8.0,14.0,0.0,6.0,0.0,0.0,22.0,2.0,5.0,13.0,33.0,36.0,28.0,14.0
1128,1.0,1128.0,London_56,three,151,453,1092.0,70.0,2.0,124122.0,8.218754454981536,727.0,17.0,0.0,17.0,29.0,0.0,29.0,203.0,70.0,158.0,43.0,112.0,14.0,32.0,4.0,20.0,17.0,69.0,144.0,223.0,84.0,0.0,0.0,0.0,0.0,0.0,0.0,0.0,0.0,0.0,0.0,0.0,0.0,0.0,0.0,0.0,0.0,0.0,0.0,0.0,0.0,0.0,0.0,0.0,0.0,0.0,0.0,0.0,0.0,0.0,0.0,0.0,0.0,0.0,0.0,0.0,0.0,0.0,0.0,0.0,0.0,1.0,1.0,0.0,0.0,0.0,0.0,1.0,1.0,1.0,0.0,3.0,4.0,4.0,0.0,0.0,0.0,0.0,0.0,0.0,0.0,0.0,0.0,0.0,0.0,0.0,0.0,0.0,0.0,0.0,0.0,0.0,0.0,0.0,0.0,1.0,2.0,0.0,0.0,0.0,0.0,1.0,1.0,2.0,0.0,4.0,5.0,5.0,0.0
1129,1.0,1129.0,London_56,three,151,453,1092.0,70.0,2.0,159909.0,7.301714659202844,806.0,91.0,2.0,89.0,162.0,18.0,144.0,29.0,66.0,153.0,45.0,115.0,16.0,33.0,4.0,21.0,19.0,72.0,149.0,213.0,83.0,0.0,0.0,0.0,0.0,0.0,0.0,0.0,0.0,0.0,0.0,0.0,0.0,0.0,0.0,0.0,0.0,0.0,0.0,0.0,0.0,0.0,0.0,0.0,0.0,0.0,0.0,0.0,0.0,0.0,1.0,0.0,0.0,0.0,0.0,1.0,1.0,0.0,0.0,0.0,0.0,1.0,0.0,0.0,2.0,0.0,0.0,4.0,10.0,2.0,8.0,20.0,22.0,22.0,5.0,0.0,0.0,0.0,0.0,0.0,0.0,0.0,0.0,0.0,1.0,0.0,0.0,0.0,0.0,5.0,2.0,0.0,0.0,0.0,0.0,1.0,0.0,0.0,2.0,0.0,0.0,5.0,13.0,2.0,9.0,32.0,30.0,25.0,6.0
1130,1.0,1130.0,London_56,three,151,453,1092.0,70.0,2.0,150396.0,10.36035277089104,785.0,74.0,2.0,72.0,137.0,16.0,121.0,162.0,68.0,155.0,44.0,118.0,11.0,31.0,6.0,20.0,14.0,67.0,152.0,220.0,78.0,0.0,0.0,0.0,0.0,0.0,0.0,0.0,0.0,0.0,0.0,0.0,0.0,0.0,0.0,0.0,0.0,0.0,0.0,0.0,0.0,0.0,0.0,0.0,0.0,0.0,0.0,0.0,0.0,0.0,1.0,0.0,0.0,0.0,0.0,1.0,2.0,0.0,0.0,0.0,0.0,0.0,1.0,0.0,3.0,1.0,0.0,5.0,5.0,0.0,12.0,22.0,18.0,21.0,6.0,0.0,0.0,0.0,0.0,0.0,0.0,0.0,0.0,0.0,4.0,0.0,0.0,0.0,0.0,6.0,6.0,0.0,0.0,0.0,0.0,0.0,1.0,0.0,5.0,1.0,0.0,6.0,6.0,0.0,18.0,32.0,27.0,25.0,10.0
1131,1.0,1131.0,London_56,three,151,453,1092.0,70.0,2.0,155379.0,7.949455211870372,796.0,101.0,2.0,99.0,180.0,20.0,160.0,137.0,64.0,148.0,45.0,116.0,13.0,39.0,7.0,21.0,14.0,72.0,141.0,226.0,74.0,0.0,0.0,0.0,0.0,0.0,0.0,0.0,0.0,0.0,1.0,0.0,0.0,0.0,0.0,0.0,1.0,0.0,0.0,1.0,0.0,0.0,0.0,0.0,0.0,0.0,0.0,0.0,0.0,0.0,1.0,0.0,0.0,1.0,0.0,0.0,2.0,0.0,0.0,0.0,0.0,0.0,1.0,0.0,1.0,0.0,0.0,8.0,4.0,1.0,8.0,17.0,19.0,19.0,7.0,0.0,0.0,0.0,0.0,0.0,0.0,0.0,0.0,0.0,3.0,0.0,0.0,4.0,0.0,0.0,7.0,0.0,0.0,0.0,0.0,0.0,1.0,0.0,1.0,0.0,0.0,12.0,8.0,1.0,12.0,26.0,27.0,25.0,12.0
1132,1.0,1132.0,London_56,three,151,453,1092.0,70.0,2.0,153114.0,3.9082916071638465,791.0,130.0,0.0,130.0,236.0,0.0,236.0,178.0,56.0,143.0,45.0,116.0,11.0,51.0,6.0,25.0,12.0,74.0,136.0,231.0,73.0,0.0,0.0,0.0,0.0,0.0,0.0,0.0,0.0,0.0,0.0,0.0,0.0,0.0,0.0,0.0,0.0,0.0,0.0,0.0,0.0,0.0,0.0,0.0,0.0,0.0,0.0,0.0,0.0,0.0,0.0,0.0,0.0,0.0,0.0,0.0,0.0,0.0,0.0,0.0,0.0,0.0,2.0,0.0,1.0,0.0,1.0,10.0,7.0,2.0,9.0,28.0,25.0,25.0,9.0,0.0,0.0,0.0,0.0,0.0,0.0,0.0,0.0,0.0,0.0,0.0,0.0,0.0,0.0,0.0,0.0,0.0,0.0,0.0,0.0,0.0,2.0,0.0,2.0,0.0,2.0,12.0,9.0,2.0,13.0,45.0,35.0,39.0,12.0
1133,1.0,1133.0,London_56,three,151,453,1092.0,70.0,2.0,132276.0,4.666467153932899,745.0,64.0,0.0,64.0,115.0,0.0,115.0,236.0,56.0,148.0,37.0,134.0,7.0,50.0,6.0,15.0,10.0,73.0,133.0,237.0,71.0,0.0,0.0,0.0,0.0,0.0,0.0,0.0,0.0,0.0,0.0,0.0,0.0,0.0,0.0,0.0,0.0,0.0,0.0,0.0,0.0,0.0,0.0,0.0,0.0,0.0,0.0,0.0,0.0,0.0,0.0,0.0,0.0,0.0,0.0,0.0,0.0,0.0,0.0,0.0,0.0,0.0,1.0,0.0,0.0,0.0,0.0,4.0,4.0,0.0,5.0,8.0,13.0,11.0,2.0,0.0,0.0,0.0,0.0,0.0,0.0,0.0,0.0,0.0,0.0,0.0,0.0,0.0,0.0,0.0,0.0,0.0,0.0,0.0,0.0,0.0,2.0,0.0,0.0,0.0,0.0,5.0,6.0,0.0,5.0,11.0,22.0,14.0,2.0
1134,1.0,1134.0,London_56,three,151,453,1092.0,70.0,2.0,142242.0,4.309763933066279,767.0,13.0,2.0,11.0,41.0,19.0,22.0,115.0,54.0,139.0,33.0,141.0,8.0,54.0,8.0,16.0,15.0,78.0,130.0,230.0,85.0,0.0,0.0,0.0,0.0,0.0,0.0,0.0,0.0,0.0,0.0,0.0,0.0,0.0,0.0,0.0,0.0,0.0,0.0,0.0,0.0,0.0,0.0,0.0,0.0,0.0,0.0,0.0,0.0,0.0,1.0,0.0,0.0,1.0,0.0,0.0,0.0,0.0,0.0,0.0,0.0,0.0,0.0,0.0,0.0,0.0,0.0,0.0,0.0,2.0,0.0,2.0,4.0,4.0,0.0,0.0,0.0,0.0,0.0,0.0,0.0,0.0,0.0,0.0,5.0,0.0,0.0,8.0,0.0,0.0,0.0,0.0,0.0,0.0,0.0,0.0,0.0,0.0,0.0,0.0,0.0,0.0,0.0,2.0,0.0,3.0,7.0,5.0,0.0
1135,1.0,1135.0,London_56,three,151,453,1092.0,70.0,2.0,185730.0,3.5145307928323746,863.0,100.0,0.0,100.0,183.0,0.0,183.0,41.0,54.0,122.0,35.0,154.0,7.0,57.0,8.0,16.0,13.0,77.0,127.0,236.0,77.0,0.0,0.0,0.0,0.0,0.0,0.0,0.0,0.0,0.0,0.0,0.0,0.0,0.0,0.0,0.0,0.0,0.0,0.0,0.0,0.0,0.0,0.0,0.0,0.0,0.0,0.0,0.0,0.0,0.0,0.0,0.0,0.0,0.0,0.0,0.0,0.0,0.0,0.0,0.0,0.0,3.0,1.0,0.0,0.0,1.0,0.0,7.0,6.0,1.0,5.0,19.0,24.0,26.0,8.0,0.0,0.0,0.0,0.0,0.0,0.0,0.0,0.0,0.0,0.0,0.0,0.0,0.0,0.0,0.0,0.0,0.0,0.0,0.0,0.0,4.0,2.0,0.0,0.0,1.0,0.0,9.0,8.0,3.0,7.0,31.0,32.0,34.0,16.0
1136,1.0,1136.0,London_56,three,151,453,1092.0,70.0,2.0,184824.0,6.581968194805086,861.0,71.0,1.0,70.0,131.0,11.0,120.0,183.0,53.0,130.0,35.0,152.0,11.0,44.0,7.0,21.0,19.0,72.0,124.0,238.0,84.0,0.0,0.0,0.0,0.0,0.0,0.0,0.0,0.0,0.0,1.0,0.0,0.0,0.0,0.0,0.0,1.0,0.0,0.0,1.0,0.0,0.0,0.0,0.0,0.0,0.0,0.0,0.0,0.0,0.0,0.0,0.0,0.0,1.0,0.0,0.0,1.0,0.0,0.0,0.0,0.0,0.0,0.0,0.0,1.0,0.0,0.0,7.0,5.0,1.0,5.0,15.0,17.0,10.0,6.0,0.0,0.0,0.0,0.0,0.0,0.0,0.0,0.0,0.0,0.0,0.0,0.0,4.0,0.0,0.0,2.0,0.0,0.0,0.0,0.0,0.0,0.0,0.0,1.0,0.0,0.0,9.0,6.0,1.0,8.0,22.0,32.0,14.0,11.0
1137,1.0,1137.0,London_56,three,151,453,1092.0,70.0,2.0,190260.0,11.88440383784473,873.0,177.0,0.0,177.0,302.0,0.0,302.0,124.0,59.0,132.0,31.0,153.0,14.0,41.0,5.0,18.0,16.0,68.0,116.0,253.0,72.0,0.0,0.0,0.0,0.0,0.0,0.0,0.0,0.0,0.0,0.0,0.0,0.0,0.0,0.0,0.0,0.0,0.0,0.0,0.0,0.0,0.0,0.0,0.0,0.0,0.0,0.0,0.0,0.0,0.0,0.0,0.0,0.0,0.0,0.0,0.0,0.0,0.0,0.0,0.0,0.0,3.0,12.0,0.0,1.0,0.0,1.0,18.0,9.0,7.0,8.0,36.0,36.0,31.0,12.0,0.0,0.0,0.0,0.0,0.0,0.0,0.0,0.0,0.0,0.0,0.0,0.0,0.0,0.0,0.0,0.0,0.0,0.0,0.0,0.0,6.0,17.0,0.0,2.0,0.0,2.0,23.0,11.0,8.0,9.0,64.0,51.0,38.0,16.0
1138,1.0,1138.0,London_56,three,151,453,1092.0,70.0,2.0,144054.0,3.8904663040302694,771.0,40.0,0.0,40.0,75.0,0.0,75.0,302.0,58.0,141.0,34.0,133.0,12.0,50.0,6.0,19.0,9.0,82.0,130.0,232.0,62.0,0.0,0.0,0.0,0.0,0.0,0.0,0.0,0.0,0.0,0.0,0.0,0.0,0.0,0.0,0.0,0.0,0.0,0.0,0.0,0.0,0.0,0.0,0.0,0.0,0.0,0.0,0.0,0.0,0.0,0.0,0.0,0.0,0.0,0.0,0.0,0.0,0.0,0.0,0.0,0.0,1.0,0.0,0.0,0.0,0.0,0.0,4.0,3.0,1.0,3.0,5.0,10.0,9.0,2.0,0.0,0.0,0.0,0.0,0.0,0.0,0.0,0.0,0.0,0.0,0.0,0.0,0.0,0.0,0.0,0.0,0.0,0.0,0.0,0.0,2.0,0.0,0.0,0.0,0.0,0.0,5.0,3.0,1.0,4.0,9.0,18.0,14.0,4.0
1139,1.0,1139.0,London_56,three,151,453,1092.0,70.0,2.0,165798.0,6.721293906215578,819.0,73.0,2.0,71.0,140.0,18.0,122.0,75.0,50.0,139.0,39.0,133.0,15.0,50.0,6.0,21.0,9.0,75.0,132.0,237.0,63.0,0.0,0.0,0.0,0.0,0.0,0.0,0.0,0.0,0.0,0.0,0.0,0.0,0.0,0.0,0.0,0.0,0.0,0.0,0.0,0.0,0.0,0.0,0.0,0.0,0.0,0.0,0.0,0.0,0.0,1.0,0.0,0.0,0.0,0.0,1.0,1.0,0.0,0.0,0.0,0.0,1.0,0.0,0.0,0.0,0.0,0.0,3.0,2.0,2.0,4.0,12.0,17.0,16.0,4.0,0.0,0.0,0.0,0.0,0.0,0.0,0.0,0.0,0.0,2.0,0.0,0.0,0.0,0.0,6.0,2.0,0.0,0.0,0.0,0.0,1.0,0.0,0.0,0.0,0.0,0.0,7.0,3.0,2.0,6.0,14.0,31.0,18.0,5.0
1140,1.0,1140.0,London_56,three,151,453,1092.0,70.0,2.0,168063.0,9.914675297681242,824.0,100.0,1.0,99.0,185.0,10.0,175.0,140.0,53.0,135.0,39.0,147.0,17.0,38.0,3.0,21.0,10.0,78.0,129.0,236.0,71.0,0.0,0.0,0.0,0.0,0.0,0.0,0.0,0.0,0.0,0.0,0.0,0.0,0.0,0.0,0.0,0.0,0.0,0.0,0.0,0.0,0.0,0.0,0.0,0.0,0.0,0.0,0.0,0.0,0.0,0.0,0.0,0.0,0.0,0.0,0.0,0.0,1.0,0.0,0.0,0.0,4.0,1.0,0.0,1.0,1.0,0.0,10.0,8.0,0.0,6.0,15.0,22.0,14.0,7.0,0.0,0.0,0.0,0.0,0.0,0.0,0.0,0.0,0.0,0.0,0.0,0.0,0.0,0.0,0.0,0.0,8.0,0.0,0.0,0.0,4.0,1.0,0.0,1.0,2.0,0.0,13.0,12.0,0.0,8.0,24.0,36.0,20.0,10.0
1141,1.0,1141.0,London_56,three,151,453,1092.0,70.0,2.0,159003.0,3.240423351060599,804.0,178.0,0.0,178.0,297.0,0.0,297.0,185.0,59.0,135.0,39.0,141.0,16.0,43.0,3.0,17.0,8.0,73.0,131.0,241.0,72.0,0.0,0.0,0.0,0.0,0.0,0.0,0.0,0.0,0.0,0.0,0.0,0.0,0.0,0.0,0.0,0.0,0.0,0.0,0.0,0.0,0.0,0.0,0.0,0.0,0.0,0.0,0.0,0.0,0.0,0.0,0.0,0.0,0.0,0.0,0.0,0.0,0.0,0.0,0.0,0.0,4.0,5.0,0.0,4.0,4.0,0.0,16.0,10.0,4.0,10.0,25.0,45.0,23.0,12.0,0.0,0.0,0.0,0.0,0.0,0.0,0.0,0.0,0.0,0.0,0.0,0.0,0.0,0.0,0.0,0.0,0.0,0.0,0.0,0.0,5.0,7.0,0.0,9.0,4.0,0.0,24.0,12.0,4.0,14.0,41.0,66.0,27.0,19.0
1142,1.0,1142.0,London_56,three,151,453,1092.0,70.0,2.0,110079.0,6.585677505005151,696.0,20.0,0.0,20.0,35.0,0.0,35.0,297.0,53.0,139.0,33.0,150.0,13.0,46.0,3.0,16.0,12.0,65.0,161.0,215.0,75.0,0.0,0.0,0.0,0.0,0.0,0.0,0.0,0.0,0.0,0.0,0.0,0.0,0.0,0.0,0.0,0.0,0.0,0.0,0.0,0.0,0.0,0.0,0.0,0.0,0.0,0.0,0.0,0.0,0.0,0.0,0.0,0.0,0.0,0.0,0.0,0.0,0.0,0.0,0.0,0.0,0.0,0.0,0.0,0.0,0.0,0.0,0.0,1.0,0.0,2.0,3.0,3.0,3.0,1.0,0.0,0.0,0.0,0.0,0.0,0.0,0.0,0.0,0.0,0.0,0.0,0.0,0.0,0.0,0.0,0.0,0.0,0.0,0.0,0.0,0.0,0.0,0.0,0.0,0.0,0.0,0.0,2.0,0.0,3.0,3.0,7.0,3.0,3.0
1143,1.0,1143.0,London_56,three,151,453,1092.0,70.0,2.0,141336.0,6.014532444998622,765.0,80.0,2.0,78.0,164.0,16.0,148.0,35.0,56.0,139.0,31.0,141.0,14.0,52.0,3.0,17.0,12.0,62.0,159.0,220.0,80.0,0.0,0.0,0.0,0.0,0.0,0.0,0.0,0.0,0.0,0.0,0.0,0.0,0.0,0.0,0.0,0.0,0.0,0.0,0.0,0.0,0.0,0.0,0.0,0.0,0.0,0.0,0.0,0.0,0.0,0.0,1.0,0.0,1.0,0.0,0.0,1.0,0.0,0.0,0.0,0.0,2.0,1.0,0.0,0.0,2.0,0.0,8.0,2.0,3.0,5.0,13.0,18.0,17.0,9.0,0.0,0.0,0.0,0.0,0.0,0.0,0.0,0.0,0.0,0.0,2.0,0.0,2.0,0.0,0.0,3.0,0.0,0.0,0.0,0.0,2.0,3.0,0.0,0.0,2.0,0.0,8.0,3.0,6.0,5.0,19.0,32.0,22.0,15.0
1144,1.0,1144.0,London_56,three,151,453,1092.0,70.0,2.0,143148.0,8.685139635112137,769.0,54.0,2.0,52.0,101.0,18.0,83.0,164.0,51.0,144.0,35.0,142.0,10.0,52.0,4.0,15.0,10.0,73.0,153.0,217.0,82.0,0.0,0.0,0.0,0.0,0.0,0.0,0.0,0.0,0.0,1.0,0.0,1.0,0.0,0.0,0.0,0.0,0.0,0.0,1.0,0.0,0.0,0.0,0.0,0.0,0.0,0.0,0.0,0.0,0.0,1.0,0.0,0.0,0.0,0.0,0.0,1.0,1.0,0.0,0.0,0.0,1.0,0.0,0.0,0.0,0.0,0.0,8.0,2.0,0.0,4.0,15.0,8.0,9.0,6.0,0.0,0.0,0.0,0.0,0.0,0.0,0.0,0.0,0.0,4.0,0.0,0.0,0.0,0.0,0.0,3.0,7.0,0.0,0.0,0.0,1.0,0.0,0.0,0.0,0.0,0.0,10.0,3.0,0.0,6.0,20.0,10.0,12.0,8.0
1145,1.0,1145.0,London_56,three,151,453,1092.0,70.0,2.0,152661.0,9.001431620214134,790.0,59.0,1.0,58.0,117.0,10.0,107.0,100.0,52.0,136.0,34.0,147.0,11.0,49.0,4.0,20.0,9.0,80.0,144.0,220.0,70.0,0.0,0.0,0.0,0.0,0.0,0.0,0.0,0.0,0.0,0.0,0.0,0.0,0.0,0.0,0.0,0.0,0.0,0.0,0.0,0.0,0.0,0.0,0.0,0.0,0.0,0.0,0.0,0.0,0.0,0.0,0.0,0.0,0.0,0.0,1.0,1.0,0.0,0.0,0.0,0.0,0.0,1.0,0.0,2.0,0.0,0.0,10.0,4.0,2.0,3.0,11.0,16.0,13.0,5.0,0.0,0.0,0.0,0.0,0.0,0.0,0.0,0.0,0.0,0.0,0.0,0.0,0.0,0.0,8.0,1.0,0.0,0.0,0.0,0.0,0.0,2.0,0.0,3.0,0.0,0.0,14.0,7.0,2.0,6.0,19.0,24.0,15.0,7.0
1146,1.0,1146.0,London_56,three,151,453,1092.0,70.0,2.0,164892.0,6.552066371310502,817.0,90.0,0.0,90.0,150.0,0.0,150.0,117.0,52.0,137.0,38.0,143.0,12.0,46.0,4.0,21.0,7.0,86.0,128.0,232.0,70.0,0.0,0.0,0.0,0.0,0.0,0.0,0.0,0.0,0.0,0.0,0.0,0.0,0.0,0.0,0.0,0.0,0.0,0.0,0.0,0.0,0.0,0.0,0.0,0.0,0.0,0.0,0.0,0.0,0.0,0.0,0.0,0.0,0.0,0.0,0.0,0.0,0.0,0.0,0.0,0.0,0.0,5.0,0.0,0.0,1.0,0.0,14.0,6.0,3.0,8.0,11.0,29.0,14.0,8.0,0.0,0.0,0.0,0.0,0.0,0.0,0.0,0.0,0.0,0.0,0.0,0.0,0.0,0.0,0.0,0.0,0.0,0.0,0.0,0.0,0.0,7.0,0.0,0.0,1.0,0.0,18.0,10.0,5.0,10.0,16.0,36.0,14.0,14.0
1147,1.0,1147.0,London_56,three,151,453,1092.0,70.0,2.0,171687.0,3.097877459600568,832.0,108.0,2.0,106.0,197.0,18.0,179.0,150.0,58.0,150.0,36.0,129.0,9.0,51.0,4.0,16.0,8.0,86.0,122.0,237.0,66.0,0.0,0.0,0.0,0.0,0.0,0.0,0.0,0.0,0.0,0.0,0.0,0.0,0.0,0.0,0.0,0.0,0.0,0.0,0.0,0.0,0.0,0.0,0.0,0.0,0.0,0.0,0.0,0.0,0.0,1.0,0.0,0.0,1.0,0.0,0.0,1.0,0.0,0.0,0.0,0.0,0.0,5.0,0.0,1.0,4.0,0.0,20.0,7.0,2.0,6.0,17.0,25.0,17.0,8.0,0.0,0.0,0.0,0.0,0.0,0.0,0.0,0.0,0.0,4.0,0.0,0.0,4.0,0.0,0.0,3.0,0.0,0.0,0.0,0.0,0.0,6.0,0.0,2.0,4.0,0.0,27.0,9.0,3.0,7.0,23.0,38.0,22.0,16.0
1148,1.0,1148.0,London_56,three,151,453,1092.0,70.0,2.0,149943.0,5.562807509675622,784.0,125.0,2.0,123.0,233.0,19.0,214.0,197.0,63.0,137.0,32.0,132.0,16.0,50.0,7.0,16.0,7.0,77.0,125.0,244.0,70.0,0.0,0.0,0.0,0.0,0.0,0.0,0.0,0.0,0.0,0.0,0.0,0.0,0.0,0.0,0.0,0.0,0.0,0.0,0.0,0.0,0.0,0.0,0.0,0.0,0.0,0.0,0.0,0.0,0.0,2.0,0.0,0.0,2.0,0.0,0.0,0.0,0.0,0.0,0.0,0.0,6.0,5.0,0.0,0.0,0.0,0.0,15.0,8.0,8.0,12.0,26.0,22.0,33.0,9.0,0.0,0.0,0.0,0.0,0.0,0.0,0.0,0.0,0.0,13.0,0.0,0.0,15.0,0.0,0.0,0.0,0.0,0.0,0.0,0.0,6.0,7.0,0.0,0.0,0.0,0.0,17.0,13.0,9.0,13.0,37.0,34.0,40.0,18.0
1149,1.0,1149.0,London_56,three,151,453,1092.0,70.0,2.0,120498.0,5.656454162672162,719.0,62.0,2.0,60.0,132.0,20.0,112.0,233.0,60.0,151.0,34.0,116.0,20.0,52.0,5.0,15.0,6.0,71.0,132.0,244.0,64.0,0.0,0.0,0.0,0.0,0.0,0.0,0.0,0.0,0.0,0.0,0.0,0.0,0.0,0.0,0.0,0.0,0.0,0.0,0.0,0.0,0.0,0.0,0.0,0.0,0.0,0.0,0.0,0.0,0.0,0.0,0.0,0.0,1.0,0.0,2.0,2.0,0.0,0.0,0.0,0.0,3.0,1.0,0.0,1.0,1.0,0.0,12.0,5.0,6.0,5.0,12.0,12.0,8.0,4.0,0.0,0.0,0.0,0.0,0.0,0.0,0.0,0.0,0.0,0.0,0.0,0.0,3.0,0.0,15.0,8.0,0.0,0.0,0.0,0.0,4.0,1.0,0.0,1.0,1.0,0.0,20.0,9.0,12.0,6.0,16.0,21.0,9.0,8.0
1150,1.0,1150.0,London_56,three,151,453,1092.0,70.0,2.0,135900.0,2.47605240624398,753.0,30.0,0.0,30.0,53.0,0.0,53.0,132.0,66.0,137.0,26.0,130.0,20.0,58.0,2.0,14.0,6.0,80.0,128.0,239.0,68.0,0.0,0.0,0.0,0.0,0.0,0.0,0.0,0.0,0.0,0.0,0.0,0.0,0.0,0.0,0.0,0.0,0.0,0.0,0.0,0.0,0.0,0.0,0.0,0.0,0.0,0.0,0.0,0.0,0.0,0.0,0.0,0.0,0.0,0.0,0.0,0.0,0.0,0.0,0.0,0.0,1.0,0.0,0.0,0.0,0.0,0.0,4.0,5.0,0.0,4.0,3.0,5.0,3.0,4.0,0.0,0.0,0.0,0.0,0.0,0.0,0.0,0.0,0.0,0.0,0.0,0.0,0.0,0.0,0.0,0.0,0.0,0.0,0.0,0.0,2.0,0.0,0.0,0.0,0.0,0.0,5.0,5.0,0.0,6.0,5.0,6.0,4.0,7.0
1151,1.0,1151.0,London_56,three,151,453,1092.0,70.0,2.0,162627.0,4.205828918144107,812.0,115.0,2.0,113.0,212.0,17.0,195.0,53.0,69.0,130.0,28.0,132.0,19.0,58.0,2.0,15.0,8.0,75.0,132.0,238.0,73.0,0.0,0.0,0.0,0.0,0.0,0.0,0.0,0.0,0.0,0.0,0.0,0.0,0.0,0.0,0.0,0.0,0.0,0.0,0.0,0.0,0.0,0.0,0.0,0.0,0.0,0.0,0.0,0.0,0.0,0.0,0.0,0.0,1.0,0.0,0.0,2.0,0.0,0.0,0.0,0.0,4.0,5.0,0.0,1.0,1.0,1.0,12.0,12.0,3.0,5.0,32.0,23.0,18.0,8.0,0.0,0.0,0.0,0.0,0.0,0.0,0.0,0.0,0.0,0.0,0.0,0.0,3.0,0.0,0.0,6.0,0.0,0.0,0.0,0.0,5.0,8.0,0.0,1.0,1.0,2.0,17.0,13.0,3.0,8.0,47.0,32.0,22.0,14.0
1152,1.0,1152.0,London_56,three,151,453,1092.0,70.0,2.0,140883.0,8.251151712145656,764.0,66.0,0.0,66.0,115.0,0.0,115.0,212.0,46.0,133.0,30.0,155.0,16.0,56.0,2.0,15.0,11.0,76.0,126.0,240.0,70.0,0.0,0.0,0.0,0.0,0.0,0.0,0.0,0.0,0.0,0.0,0.0,0.0,0.0,0.0,0.0,0.0,0.0,0.0,0.0,0.0,0.0,0.0,0.0,0.0,0.0,0.0,0.0,0.0,0.0,0.0,0.0,0.0,0.0,0.0,0.0,0.0,0.0,0.0,0.0,0.0,2.0,0.0,0.0,0.0,1.0,0.0,6.0,1.0,3.0,5.0,15.0,19.0,18.0,7.0,0.0,0.0,0.0,0.0,0.0,0.0,0.0,0.0,0.0,0.0,0.0,0.0,0.0,0.0,0.0,0.0,0.0,0.0,0.0,0.0,4.0,0.0,0.0,0.0,1.0,0.0,10.0,1.0,4.0,7.0,26.0,27.0,22.0,9.0
1153,1.0,1153.0,London_56,three,151,453,1092.0,70.0,2.0,146772.0,8.3629742981866,777.0,103.0,0.0,103.0,172.0,0.0,172.0,115.0,48.0,127.0,36.0,152.0,16.0,55.0,3.0,16.0,11.0,78.0,139.0,225.0,63.0,0.0,0.0,0.0,0.0,0.0,0.0,0.0,0.0,0.0,0.0,0.0,0.0,0.0,0.0,0.0,0.0,0.0,0.0,0.0,0.0,0.0,0.0,0.0,0.0,0.0,0.0,0.0,0.0,0.0,0.0,0.0,0.0,0.0,0.0,0.0,0.0,0.0,0.0,0.0,0.0,3.0,3.0,1.0,3.0,0.0,1.0,8.0,1.0,5.0,11.0,19.0,21.0,12.0,13.0,0.0,0.0,0.0,0.0,0.0,0.0,0.0,0.0,0.0,0.0,0.0,0.0,0.0,0.0,0.0,0.0,0.0,0.0,0.0,0.0,3.0,4.0,1.0,5.0,0.0,1.0,10.0,1.0,5.0,15.0,25.0,29.0,17.0,15.0
1154,1.0,1154.0,London_56,three,151,453,1092.0,70.0,2.0,149490.0,9.247612491250038,783.0,81.0,1.0,80.0,148.0,9.0,139.0,172.0,54.0,124.0,39.0,145.0,18.0,51.0,3.0,19.0,17.0,85.0,139.0,212.0,75.0,0.0,0.0,0.0,0.0,0.0,0.0,0.0,0.0,0.0,0.0,0.0,0.0,0.0,0.0,0.0,0.0,0.0,0.0,0.0,0.0,0.0,0.0,0.0,0.0,0.0,0.0,0.0,0.0,0.0,0.0,0.0,0.0,0.0,0.0,0.0,0.0,0.0,0.0,0.0,0.0,5.0,5.0,0.0,0.0,0.0,0.0,7.0,10.0,1.0,3.0,23.0,14.0,15.0,9.0,0.0,0.0,0.0,0.0,0.0,0.0,0.0,0.0,0.0,0.0,0.0,0.0,0.0,0.0,0.0,0.0,0.0,0.0,0.0,0.0,7.0,7.0,0.0,0.0,0.0,0.0,8.0,12.0,2.0,4.0,30.0,23.0,17.0,13.0
1155,1.0,1155.0,London_56,three,151,453,1092.0,70.0,2.0,145413.0,3.6525441869162023,774.0,0.0,0.0,0.0,0.0,0.0,0.0,148.0,71.0,127.0,32.0,146.0,15.0,42.0,3.0,17.0,15.0,89.0,140.0,209.0,78.0,0.0,0.0,0.0,0.0,0.0,0.0,0.0,0.0,0.0,0.0,0.0,0.0,0.0,0.0,0.0,0.0,0.0,0.0,0.0,0.0,0.0,0.0,0.0,0.0,0.0,0.0,0.0,0.0,0.0,0.0,0.0,0.0,0.0,0.0,0.0,0.0,0.0,0.0,0.0,0.0,0.0,0.0,0.0,0.0,0.0,0.0,0.0,0.0,0.0,0.0,0.0,0.0,0.0,0.0,0.0,0.0,0.0,0.0,0.0,0.0,0.0,0.0,0.0,0.0,0.0,0.0,0.0,0.0,0.0,0.0,0.0,0.0,0.0,0.0,0.0,0.0,0.0,0.0,0.0,0.0,0.0,0.0,0.0,0.0,0.0,0.0,0.0,0.0
1156,1.0,1156.0,London_56,three,151,453,1092.0,70.0,2.0,182106.0,4.300169653259218,855.0,165.0,0.0,165.0,293.0,0.0,293.0,0.0,71.0,127.0,32.0,146.0,15.0,42.0,3.0,17.0,15.0,89.0,140.0,209.0,78.0,0.0,0.0,0.0,0.0,0.0,0.0,0.0,0.0,0.0,0.0,0.0,0.0,0.0,0.0,0.0,0.0,0.0,0.0,0.0,0.0,0.0,0.0,0.0,0.0,0.0,0.0,0.0,0.0,0.0,0.0,0.0,0.0,0.0,0.0,0.0,0.0,0.0,0.0,0.0,0.0,2.0,8.0,0.0,3.0,2.0,1.0,9.0,5.0,7.0,4.0,27.0,44.0,40.0,8.0,0.0,0.0,0.0,0.0,0.0,0.0,0.0,0.0,0.0,0.0,0.0,0.0,0.0,0.0,0.0,0.0,0.0,0.0,0.0,0.0,2.0,10.0,0.0,4.0,2.0,2.0,9.0,7.0,12.0,5.0,40.0,64.0,46.0,10.0
1157,1.0,1157.0,London_56,three,151,453,1092.0,70.0,2.0,129558.0,6.311486825812608,739.0,92.0,0.0,92.0,165.0,0.0,165.0,293.0,53.0,136.0,35.0,144.0,16.0,54.0,4.0,11.0,19.0,70.0,163.0,201.0,74.0,0.0,0.0,0.0,0.0,0.0,0.0,0.0,0.0,0.0,0.0,0.0,0.0,0.0,0.0,0.0,0.0,0.0,0.0,0.0,0.0,0.0,0.0,0.0,0.0,0.0,0.0,0.0,0.0,0.0,0.0,0.0,0.0,0.0,0.0,0.0,0.0,0.0,0.0,0.0,0.0,5.0,7.0,0.0,1.0,1.0,0.0,5.0,3.0,7.0,7.0,19.0,21.0,22.0,8.0,0.0,0.0,0.0,0.0,0.0,0.0,0.0,0.0,0.0,0.0,0.0,0.0,0.0,0.0,0.0,0.0,0.0,0.0,0.0,0.0,5.0,11.0,0.0,1.0,1.0,0.0,7.0,4.0,9.0,8.0,29.0,30.0,26.0,15.0
1158,1.0,1158.0,London_56,three,151,453,1092.0,70.0,2.0,109173.0,5.746288938913494,694.0,36.0,2.0,34.0,71.0,17.0,54.0,165.0,64.0,125.0,41.0,142.0,11.0,54.0,4.0,12.0,17.0,70.0,172.0,194.0,80.0,0.0,0.0,0.0,0.0,0.0,0.0,0.0,0.0,0.0,1.0,0.0,1.0,0.0,0.0,0.0,0.0,0.0,0.0,1.0,0.0,0.0,0.0,0.0,0.0,0.0,0.0,0.0,0.0,0.0,0.0,0.0,0.0,1.0,0.0,0.0,2.0,0.0,0.0,0.0,0.0,0.0,2.0,0.0,0.0,1.0,0.0,3.0,1.0,3.0,5.0,10.0,6.0,11.0,1.0,0.0,0.0,0.0,0.0,0.0,0.0,0.0,0.0,0.0,0.0,0.0,0.0,5.0,0.0,0.0,6.0,0.0,0.0,0.0,0.0,0.0,3.0,0.0,0.0,1.0,0.0,3.0,2.0,4.0,8.0,16.0,12.0,11.0,1.0
1159,1.0,1159.0,London_56,three,151,453,1092.0,70.0,2.0,115515.0,1.2665796619839966,708.0,91.0,2.0,89.0,175.0,20.0,155.0,70.0,63.0,130.0,43.0,141.0,8.0,51.0,5.0,12.0,14.0,73.0,160.0,206.0,78.0,0.0,0.0,0.0,0.0,0.0,0.0,0.0,0.0,0.0,1.0,0.0,1.0,0.0,0.0,0.0,0.0,0.0,0.0,1.0,0.0,0.0,0.0,0.0,0.0,0.0,0.0,0.0,0.0,0.0,2.0,0.0,0.0,2.0,0.0,0.0,2.0,0.0,0.0,0.0,0.0,1.0,3.0,0.0,0.0,1.0,0.0,8.0,2.0,3.0,8.0,13.0,17.0,13.0,7.0,0.0,0.0,0.0,0.0,0.0,0.0,0.0,0.0,0.0,9.0,0.0,0.0,12.0,0.0,0.0,6.0,0.0,0.0,0.0,0.0,1.0,3.0,0.0,0.0,1.0,0.0,14.0,2.0,3.0,12.0,21.0,29.0,17.0,10.0
1160,1.0,1160.0,London_56,three,151,453,1092.0,70.0,2.0,87429.0,4.612769891973585,646.0,142.0,2.0,140.0,258.0,18.0,240.0,171.0,56.0,139.0,33.0,143.0,9.0,57.0,6.0,10.0,14.0,75.0,167.0,197.0,86.0,0.0,0.0,0.0,0.0,0.0,0.0,0.0,0.0,0.0,0.0,0.0,0.0,0.0,0.0,0.0,0.0,0.0,0.0,0.0,0.0,0.0,0.0,0.0,0.0,0.0,0.0,0.0,0.0,0.0,0.0,0.0,0.0,0.0,0.0,1.0,0.0,0.0,0.0,0.0,0.0,6.0,13.0,1.0,3.0,0.0,1.0,13.0,7.0,20.0,10.0,30.0,33.0,22.0,18.0,0.0,0.0,0.0,0.0,0.0,0.0,0.0,0.0,0.0,0.0,0.0,0.0,0.0,0.0,7.0,0.0,0.0,0.0,0.0,0.0,6.0,17.0,1.0,5.0,0.0,4.0,20.0,11.0,29.0,12.0,42.0,49.0,25.0,29.0
1161,1.0,1161.0,London_56,three,151,453,1092.0,70.0,2.0,26274.0,0.1357157751917839,511.0,51.0,1.0,50.0,101.0,9.0,92.0,258.0,55.0,143.0,29.0,143.0,16.0,55.0,3.0,9.0,11.0,66.0,174.0,202.0,74.0,0.0,0.0,0.0,0.0,0.0,0.0,0.0,0.0,0.0,0.0,0.0,0.0,0.0,0.0,0.0,0.0,0.0,0.0,0.0,0.0,0.0,0.0,0.0,0.0,0.0,0.0,0.0,0.0,0.0,0.0,0.0,0.0,0.0,0.0,1.0,0.0,1.0,0.0,0.0,0.0,0.0,1.0,0.0,0.0,0.0,0.0,4.0,5.0,4.0,4.0,10.0,8.0,11.0,3.0,0.0,0.0,0.0,0.0,0.0,0.0,0.0,0.0,0.0,0.0,0.0,0.0,0.0,0.0,2.0,0.0,2.0,0.0,0.0,0.0,0.0,1.0,0.0,0.0,0.0,0.0,8.0,9.0,6.0,5.0,13.0,13.0,16.0,7.0
