,logged,day,location,model name,avg daily demand,inventory size,test days,init days,gurobi status,nvars,calc time,ncons,num patients,num SCD patients,num Other patients,num units requested,num units requested SCD,num units requested Other,num supplied products,num O- in inventory,num O+ in inventory,num A- in inventory,num A+ in inventory,num B- in inventory,num B+ in inventory,num AB- in inventory,num AB+ in inventory,num Fya-Fyb- in inventory,num Fya+Fyb- in inventory,num Fya-Fyb+ in inventory,num Fya+Fyb+ in inventory,num R0 in inventory,num outdates,num outdates O-,num outdates O+,num outdates A-,num outdates A+,num outdates B-,num outdates B+,num outdates AB-,num outdates AB+,num shortages,num shortages O-,num shortages O+,num shortages A-,num shortages A+,num shortages B-,num shortages B+,num shortages AB-,num shortages AB+,num shortages SCD,num shortages Other,num mismatched patients SCD A,num mismatched patients SCD B,num mismatched patients SCD D,num mismatched patients SCD C,num mismatched patients SCD c,num mismatched patients SCD E,num mismatched patients SCD e,num mismatched patients SCD K,num mismatched patients SCD k,num mismatched patients SCD Fya,num mismatched patients SCD Fyb,num mismatched patients SCD Jka,num mismatched patients SCD Jkb,num mismatched patients SCD M,num mismatched patients SCD N,num mismatched patients SCD S,num mismatched patients SCD s,num mismatched patients Other A,num mismatched patients Other B,num mismatched patients Other D,num mismatched patients Other C,num mismatched patients Other c,num mismatched patients Other E,num mismatched patients Other e,num mismatched patients Other K,num mismatched patients Other k,num mismatched patients Other Fya,num mismatched patients Other Fyb,num mismatched patients Other Jka,num mismatched patients Other Jkb,num mismatched patients Other M,num mismatched patients Other N,num mismatched patients Other S,num mismatched patients Other s,num mismatched units SCD A,num mismatched units SCD B,num mismatched units SCD D,num mismatched units SCD C,num mismatched units SCD c,num mismatched units SCD E,num mismatched units SCD e,num mismatched units SCD K,num mismatched units SCD k,num mismatched units SCD Fya,num mismatched units SCD Fyb,num mismatched units SCD Jka,num mismatched units SCD Jkb,num mismatched units SCD M,num mismatched units SCD N,num mismatched units SCD S,num mismatched units SCD s,num mismatched units Other A,num mismatched units Other B,num mismatched units Other D,num mismatched units Other C,num mismatched units Other c,num mismatched units Other E,num mismatched units Other e,num mismatched units Other K,num mismatched units Other k,num mismatched units Other Fya,num mismatched units Other Fyb,num mismatched units Other Jka,num mismatched units Other Jkb,num mismatched units Other M,num mismatched units Other N,num mismatched units Other S,num mismatched units Other s
0,1.0,0.0,London_32,FIFO,151,453,1092.0,70.0,2.0,177123.0,0.5361549709923565,844.0,145.0,2.0,143.0,253.0,20.0,233.0,453.0,57.0,162.0,34.0,138.0,15.0,39.0,0.0,8.0,13.0,53.0,154.0,233.0,49.0,0.0,0.0,0.0,0.0,0.0,0.0,0.0,0.0,0.0,0.0,0.0,0.0,0.0,0.0,0.0,0.0,0.0,0.0,0.0,0.0,0.0,0.0,0.0,0.0,0.0,0.0,0.0,0.0,0.0,1.0,0.0,1.0,0.0,1.0,0.0,2.0,0.0,0.0,0.0,0.0,2.0,3.0,1.0,2.0,0.0,1.0,10.0,13.0,6.0,9.0,32.0,35.0,24.0,10.0,0.0,0.0,0.0,0.0,0.0,0.0,0.0,0.0,0.0,4.0,0.0,7.0,0.0,7.0,0.0,8.0,0.0,0.0,0.0,0.0,2.0,4.0,1.0,2.0,0.0,1.0,11.0,18.0,7.0,11.0,46.0,49.0,31.0,13.0
1,1.0,1.0,London_32,FIFO,151,453,1092.0,70.0,2.0,145866.0,0.5165624236688018,775.0,97.0,2.0,95.0,189.0,17.0,172.0,253.0,78.0,178.0,38.0,104.0,11.0,42.0,0.0,2.0,14.0,62.0,148.0,229.0,51.0,0.0,0.0,0.0,0.0,0.0,0.0,0.0,0.0,0.0,0.0,0.0,0.0,0.0,0.0,0.0,0.0,0.0,0.0,0.0,0.0,0.0,0.0,0.0,0.0,0.0,0.0,0.0,0.0,0.0,0.0,0.0,0.0,0.0,0.0,2.0,2.0,0.0,0.0,0.0,0.0,2.0,2.0,0.0,2.0,0.0,0.0,6.0,8.0,3.0,4.0,20.0,22.0,20.0,10.0,0.0,0.0,0.0,0.0,0.0,0.0,0.0,0.0,0.0,0.0,0.0,0.0,0.0,0.0,15.0,7.0,0.0,0.0,0.0,0.0,2.0,3.0,0.0,3.0,0.0,0.0,9.0,10.0,3.0,4.0,30.0,35.0,26.0,18.0
2,1.0,2.0,London_32,FIFO,151,453,1092.0,70.0,2.0,133635.0,0.5770453498698771,748.0,99.0,0.0,99.0,173.0,0.0,173.0,189.0,87.0,161.0,39.0,98.0,16.0,46.0,1.0,5.0,6.0,69.0,156.0,222.0,45.0,0.0,0.0,0.0,0.0,0.0,0.0,0.0,0.0,0.0,0.0,0.0,0.0,0.0,0.0,0.0,0.0,0.0,0.0,0.0,0.0,0.0,0.0,0.0,0.0,0.0,0.0,0.0,0.0,0.0,0.0,0.0,0.0,0.0,0.0,0.0,0.0,0.0,0.0,0.0,0.0,5.0,1.0,0.0,0.0,0.0,0.0,6.0,10.0,6.0,6.0,16.0,19.0,20.0,7.0,0.0,0.0,0.0,0.0,0.0,0.0,0.0,0.0,0.0,0.0,0.0,0.0,0.0,0.0,0.0,0.0,0.0,0.0,0.0,0.0,8.0,1.0,0.0,0.0,0.0,0.0,10.0,12.0,10.0,8.0,27.0,26.0,31.0,13.0
3,1.0,3.0,London_32,FIFO,151,453,1092.0,70.0,2.0,123669.0,0.6645460692234337,726.0,53.0,0.0,53.0,91.0,0.0,91.0,173.0,98.0,165.0,44.0,85.0,15.0,43.0,1.0,2.0,10.0,85.0,143.0,215.0,48.0,0.0,0.0,0.0,0.0,0.0,0.0,0.0,0.0,0.0,0.0,0.0,0.0,0.0,0.0,0.0,0.0,0.0,0.0,0.0,0.0,0.0,0.0,0.0,0.0,0.0,0.0,0.0,0.0,0.0,0.0,0.0,0.0,0.0,0.0,0.0,0.0,0.0,0.0,0.0,0.0,0.0,2.0,0.0,2.0,0.0,0.0,6.0,3.0,3.0,3.0,8.0,13.0,11.0,5.0,0.0,0.0,0.0,0.0,0.0,0.0,0.0,0.0,0.0,0.0,0.0,0.0,0.0,0.0,0.0,0.0,0.0,0.0,0.0,0.0,0.0,4.0,0.0,2.0,0.0,0.0,7.0,4.0,3.0,4.0,10.0,17.0,18.0,7.0
4,1.0,4.0,London_32,FIFO,151,453,1092.0,70.0,2.0,137712.0,0.813443792052567,757.0,61.0,0.0,61.0,114.0,0.0,114.0,91.0,110.0,154.0,45.0,77.0,14.0,50.0,0.0,3.0,10.0,89.0,147.0,207.0,53.0,0.0,0.0,0.0,0.0,0.0,0.0,0.0,0.0,0.0,0.0,0.0,0.0,0.0,0.0,0.0,0.0,0.0,0.0,0.0,0.0,0.0,0.0,0.0,0.0,0.0,0.0,0.0,0.0,0.0,0.0,0.0,0.0,0.0,0.0,0.0,0.0,0.0,0.0,0.0,0.0,3.0,5.0,0.0,3.0,0.0,1.0,5.0,2.0,4.0,2.0,14.0,21.0,11.0,9.0,0.0,0.0,0.0,0.0,0.0,0.0,0.0,0.0,0.0,0.0,0.0,0.0,0.0,0.0,0.0,0.0,0.0,0.0,0.0,0.0,3.0,5.0,0.0,3.0,0.0,2.0,6.0,3.0,4.0,3.0,20.0,32.0,13.0,13.0
5,1.0,5.0,London_32,FIFO,151,453,1092.0,70.0,2.0,145413.0,0.8204641388729215,774.0,92.0,2.0,90.0,187.0,19.0,168.0,114.0,120.0,176.0,50.0,58.0,13.0,36.0,0.0,0.0,11.0,95.0,138.0,209.0,52.0,0.0,0.0,0.0,0.0,0.0,0.0,0.0,0.0,0.0,0.0,0.0,0.0,0.0,0.0,0.0,0.0,0.0,0.0,0.0,0.0,0.0,0.0,0.0,0.0,0.0,0.0,0.0,0.0,0.0,2.0,0.0,0.0,2.0,0.0,1.0,0.0,1.0,0.0,0.0,0.0,0.0,2.0,3.0,0.0,0.0,0.0,2.0,4.0,8.0,7.0,22.0,19.0,12.0,12.0,0.0,0.0,0.0,0.0,0.0,0.0,0.0,0.0,0.0,7.0,0.0,0.0,8.0,0.0,8.0,0.0,5.0,0.0,0.0,0.0,0.0,2.0,5.0,0.0,0.0,0.0,4.0,5.0,13.0,11.0,30.0,34.0,15.0,18.0
6,1.0,6.0,London_32,FIFO,151,453,1092.0,70.0,2.0,129558.0,0.7134492499753833,739.0,26.0,0.0,26.0,50.0,0.0,50.0,187.0,124.0,201.0,37.0,47.0,4.0,36.0,0.0,4.0,8.0,75.0,140.0,230.0,50.0,0.0,0.0,0.0,0.0,0.0,0.0,0.0,0.0,0.0,0.0,0.0,0.0,0.0,0.0,0.0,0.0,0.0,0.0,0.0,0.0,0.0,0.0,0.0,0.0,0.0,0.0,0.0,0.0,0.0,0.0,0.0,0.0,0.0,0.0,0.0,0.0,0.0,0.0,0.0,0.0,1.0,0.0,0.0,1.0,0.0,0.0,1.0,2.0,2.0,4.0,7.0,5.0,3.0,4.0,0.0,0.0,0.0,0.0,0.0,0.0,0.0,0.0,0.0,0.0,0.0,0.0,0.0,0.0,0.0,0.0,0.0,0.0,0.0,0.0,1.0,0.0,0.0,1.0,0.0,0.0,3.0,4.0,2.0,8.0,10.0,10.0,5.0,5.0
7,1.0,7.0,London_32,FIFO,151,453,1092.0,70.0,2.0,159456.0,0.939550566021353,805.0,102.0,0.0,102.0,169.0,0.0,169.0,50.0,133.0,198.0,39.0,38.0,5.0,38.0,1.0,1.0,7.0,79.0,149.0,218.0,45.0,0.0,0.0,0.0,0.0,0.0,0.0,0.0,0.0,0.0,0.0,0.0,0.0,0.0,0.0,0.0,0.0,0.0,0.0,0.0,0.0,0.0,0.0,0.0,0.0,0.0,0.0,0.0,0.0,0.0,0.0,0.0,0.0,0.0,0.0,0.0,0.0,0.0,0.0,0.0,0.0,1.0,0.0,0.0,1.0,6.0,0.0,5.0,7.0,5.0,8.0,19.0,27.0,11.0,5.0,0.0,0.0,0.0,0.0,0.0,0.0,0.0,0.0,0.0,0.0,0.0,0.0,0.0,0.0,0.0,0.0,0.0,0.0,0.0,0.0,1.0,0.0,0.0,1.0,6.0,0.0,7.0,11.0,5.0,12.0,25.0,39.0,13.0,6.0
8,1.0,8.0,London_32,FIFO,151,453,1092.0,70.0,2.0,143601.0,0.8123060138896108,770.0,145.0,2.0,143.0,272.0,16.0,256.0,169.0,148.0,199.0,8.0,44.0,10.0,41.0,0.0,3.0,13.0,81.0,141.0,218.0,49.0,0.0,0.0,0.0,0.0,0.0,0.0,0.0,0.0,0.0,0.0,0.0,0.0,0.0,0.0,0.0,0.0,0.0,0.0,0.0,0.0,0.0,0.0,0.0,0.0,0.0,0.0,0.0,0.0,0.0,0.0,0.0,0.0,0.0,1.0,0.0,1.0,0.0,0.0,0.0,0.0,5.0,7.0,0.0,1.0,1.0,0.0,23.0,9.0,2.0,18.0,26.0,33.0,22.0,12.0,0.0,0.0,0.0,0.0,0.0,0.0,0.0,0.0,0.0,0.0,0.0,0.0,0.0,5.0,0.0,2.0,0.0,0.0,0.0,0.0,6.0,10.0,0.0,2.0,1.0,0.0,27.0,13.0,4.0,25.0,36.0,49.0,27.0,19.0
9,1.0,9.0,London_32,FIFO,151,453,1092.0,70.0,2.0,118686.0,0.5513193318620324,715.0,2.0,0.0,2.0,8.0,0.0,8.0,272.0,145.0,145.0,24.0,78.0,15.0,38.0,2.0,6.0,11.0,75.0,146.0,221.0,51.0,0.0,0.0,0.0,0.0,0.0,0.0,0.0,0.0,0.0,0.0,0.0,0.0,0.0,0.0,0.0,0.0,0.0,0.0,0.0,0.0,0.0,0.0,0.0,0.0,0.0,0.0,0.0,0.0,0.0,0.0,0.0,0.0,0.0,0.0,0.0,0.0,0.0,0.0,0.0,0.0,0.0,0.0,0.0,0.0,0.0,0.0,1.0,0.0,0.0,0.0,2.0,0.0,1.0,0.0,0.0,0.0,0.0,0.0,0.0,0.0,0.0,0.0,0.0,0.0,0.0,0.0,0.0,0.0,0.0,0.0,0.0,0.0,0.0,0.0,0.0,0.0,0.0,0.0,0.0,0.0,2.0,0.0,0.0,0.0,7.0,0.0,1.0,0.0
10,1.0,10.0,London_32,FIFO,151,453,1092.0,70.0,2.0,149943.0,0.7793004671111703,784.0,106.0,2.0,104.0,196.0,19.0,177.0,8.0,147.0,144.0,25.0,74.0,15.0,40.0,2.0,6.0,11.0,72.0,145.0,225.0,53.0,0.0,0.0,0.0,0.0,0.0,0.0,0.0,0.0,0.0,0.0,0.0,0.0,0.0,0.0,0.0,0.0,0.0,0.0,0.0,0.0,0.0,0.0,0.0,0.0,0.0,0.0,0.0,0.0,0.0,0.0,0.0,0.0,0.0,1.0,0.0,2.0,0.0,0.0,0.0,0.0,0.0,1.0,0.0,3.0,1.0,1.0,20.0,13.0,2.0,7.0,20.0,20.0,21.0,13.0,0.0,0.0,0.0,0.0,0.0,0.0,0.0,0.0,0.0,0.0,0.0,0.0,0.0,5.0,0.0,10.0,0.0,0.0,0.0,0.0,0.0,1.0,0.0,5.0,1.0,1.0,23.0,15.0,2.0,10.0,34.0,29.0,27.0,21.0
11,1.0,11.0,London_32,FIFO,151,453,1092.0,70.0,2.0,136806.0,0.5885480232536793,755.0,62.0,1.0,61.0,120.0,9.0,111.0,196.0,157.0,155.0,20.0,60.0,14.0,40.0,0.0,7.0,9.0,84.0,140.0,220.0,43.0,0.0,0.0,0.0,0.0,0.0,0.0,0.0,0.0,0.0,0.0,0.0,0.0,0.0,0.0,0.0,0.0,0.0,0.0,0.0,0.0,0.0,0.0,0.0,0.0,0.0,0.0,0.0,0.0,0.0,0.0,0.0,0.0,0.0,0.0,0.0,0.0,0.0,0.0,0.0,0.0,5.0,1.0,1.0,2.0,1.0,1.0,8.0,3.0,3.0,3.0,12.0,12.0,17.0,3.0,0.0,0.0,0.0,0.0,0.0,0.0,0.0,0.0,0.0,0.0,0.0,0.0,0.0,0.0,0.0,0.0,0.0,0.0,0.0,0.0,6.0,2.0,1.0,4.0,1.0,1.0,10.0,5.0,3.0,3.0,18.0,18.0,19.0,5.0
12,1.0,12.0,London_32,FIFO,151,453,1092.0,70.0,2.0,143148.0,1.002516598906368,769.0,27.0,2.0,25.0,58.0,16.0,42.0,120.0,169.0,151.0,10.0,61.0,16.0,45.0,0.0,1.0,4.0,83.0,149.0,217.0,36.0,0.0,0.0,0.0,0.0,0.0,0.0,0.0,0.0,0.0,0.0,0.0,0.0,0.0,0.0,0.0,0.0,0.0,0.0,0.0,0.0,0.0,0.0,0.0,0.0,0.0,0.0,0.0,0.0,0.0,1.0,0.0,0.0,0.0,1.0,0.0,2.0,0.0,0.0,0.0,0.0,2.0,1.0,1.0,0.0,0.0,0.0,3.0,2.0,2.0,1.0,7.0,4.0,10.0,4.0,0.0,0.0,0.0,0.0,0.0,0.0,0.0,0.0,0.0,1.0,0.0,0.0,0.0,7.0,0.0,9.0,0.0,0.0,0.0,0.0,2.0,2.0,1.0,0.0,0.0,0.0,4.0,2.0,2.0,1.0,8.0,6.0,14.0,6.0
13,1.0,13.0,London_32,FIFO,151,453,1092.0,70.0,2.0,181653.0,1.0262954533100128,854.0,148.0,0.0,148.0,238.0,0.0,238.0,58.0,173.0,159.0,7.0,59.0,11.0,41.0,1.0,2.0,5.0,80.0,144.0,224.0,41.0,0.0,0.0,0.0,0.0,0.0,0.0,0.0,0.0,0.0,0.0,0.0,0.0,0.0,0.0,0.0,0.0,0.0,0.0,0.0,0.0,0.0,0.0,0.0,0.0,0.0,0.0,0.0,0.0,0.0,0.0,0.0,0.0,0.0,0.0,0.0,0.0,0.0,0.0,0.0,0.0,0.0,6.0,2.0,0.0,2.0,0.0,21.0,6.0,6.0,16.0,26.0,36.0,31.0,7.0,0.0,0.0,0.0,0.0,0.0,0.0,0.0,0.0,0.0,0.0,0.0,0.0,0.0,0.0,0.0,0.0,0.0,0.0,0.0,0.0,0.0,8.0,2.0,0.0,3.0,0.0,28.0,6.0,8.0,16.0,38.0,51.0,41.0,8.0
14,1.0,14.0,London_32,FIFO,151,453,1092.0,70.0,2.0,148584.0,0.6190037517808378,781.0,20.0,0.0,20.0,37.0,0.0,37.0,238.0,191.0,126.0,18.0,57.0,18.0,37.0,2.0,4.0,6.0,79.0,147.0,221.0,27.0,0.0,0.0,0.0,0.0,0.0,0.0,0.0,0.0,0.0,0.0,0.0,0.0,0.0,0.0,0.0,0.0,0.0,0.0,0.0,0.0,0.0,0.0,0.0,0.0,0.0,0.0,0.0,0.0,0.0,0.0,0.0,0.0,0.0,0.0,0.0,0.0,0.0,0.0,0.0,0.0,0.0,0.0,1.0,0.0,0.0,0.0,3.0,1.0,1.0,4.0,2.0,6.0,4.0,3.0,0.0,0.0,0.0,0.0,0.0,0.0,0.0,0.0,0.0,0.0,0.0,0.0,0.0,0.0,0.0,0.0,0.0,0.0,0.0,0.0,0.0,0.0,1.0,0.0,0.0,0.0,6.0,2.0,1.0,5.0,2.0,11.0,4.0,6.0
15,1.0,15.0,London_32,FIFO,151,453,1092.0,70.0,2.0,181200.0,1.189979457296431,853.0,199.0,2.0,197.0,366.0,19.0,347.0,37.0,188.0,121.0,19.0,62.0,19.0,38.0,2.0,4.0,6.0,85.0,151.0,211.0,29.0,0.0,0.0,0.0,0.0,0.0,0.0,0.0,0.0,0.0,0.0,0.0,0.0,0.0,0.0,0.0,0.0,0.0,0.0,0.0,0.0,0.0,0.0,0.0,0.0,0.0,0.0,0.0,0.0,0.0,1.0,0.0,0.0,0.0,0.0,1.0,1.0,0.0,0.0,0.0,0.0,3.0,0.0,4.0,2.0,4.0,1.0,13.0,6.0,10.0,13.0,40.0,46.0,26.0,19.0,0.0,0.0,0.0,0.0,0.0,0.0,0.0,0.0,0.0,3.0,0.0,0.0,0.0,0.0,7.0,6.0,0.0,0.0,0.0,0.0,5.0,0.0,5.0,4.0,5.0,3.0,21.0,7.0,14.0,19.0,56.0,67.0,31.0,27.0
16,1.0,16.0,London_32,FIFO,151,453,1092.0,70.0,2.0,128199.0,0.5510425921529531,736.0,19.0,0.0,19.0,34.0,0.0,34.0,366.0,127.0,138.0,19.0,105.0,14.0,35.0,0.0,15.0,11.0,76.0,156.0,210.0,58.0,0.0,0.0,0.0,0.0,0.0,0.0,0.0,0.0,0.0,0.0,0.0,0.0,0.0,0.0,0.0,0.0,0.0,0.0,0.0,0.0,0.0,0.0,0.0,0.0,0.0,0.0,0.0,0.0,0.0,0.0,0.0,0.0,0.0,0.0,0.0,0.0,0.0,0.0,0.0,0.0,1.0,0.0,0.0,1.0,0.0,0.0,0.0,1.0,0.0,2.0,3.0,6.0,5.0,2.0,0.0,0.0,0.0,0.0,0.0,0.0,0.0,0.0,0.0,0.0,0.0,0.0,0.0,0.0,0.0,0.0,0.0,0.0,0.0,0.0,2.0,0.0,0.0,2.0,0.0,0.0,0.0,2.0,0.0,2.0,4.0,8.0,6.0,3.0
17,1.0,17.0,London_32,FIFO,151,453,1092.0,70.0,2.0,154020.0,0.5412557618692517,793.0,89.0,0.0,89.0,155.0,0.0,155.0,34.0,131.0,131.0,17.0,107.0,14.0,37.0,1.0,15.0,11.0,74.0,163.0,205.0,58.0,0.0,0.0,0.0,0.0,0.0,0.0,0.0,0.0,0.0,0.0,0.0,0.0,0.0,0.0,0.0,0.0,0.0,0.0,0.0,0.0,0.0,0.0,0.0,0.0,0.0,0.0,0.0,0.0,0.0,0.0,0.0,0.0,0.0,0.0,0.0,0.0,0.0,0.0,0.0,0.0,3.0,1.0,0.0,0.0,1.0,0.0,0.0,10.0,2.0,12.0,13.0,25.0,10.0,6.0,0.0,0.0,0.0,0.0,0.0,0.0,0.0,0.0,0.0,0.0,0.0,0.0,0.0,0.0,0.0,0.0,0.0,0.0,0.0,0.0,5.0,3.0,0.0,0.0,1.0,0.0,0.0,11.0,2.0,14.0,17.0,39.0,13.0,7.0
18,1.0,18.0,London_32,FIFO,151,453,1092.0,70.0,2.0,147225.0,0.571481617167592,778.0,31.0,2.0,29.0,67.0,18.0,49.0,155.0,136.0,130.0,11.0,106.0,18.0,40.0,3.0,9.0,13.0,76.0,167.0,197.0,71.0,0.0,0.0,0.0,0.0,0.0,0.0,0.0,0.0,0.0,0.0,0.0,0.0,0.0,0.0,0.0,0.0,0.0,0.0,0.0,0.0,0.0,0.0,0.0,0.0,0.0,0.0,0.0,0.0,0.0,0.0,1.0,0.0,0.0,0.0,1.0,1.0,0.0,0.0,0.0,0.0,1.0,0.0,0.0,1.0,0.0,1.0,1.0,4.0,2.0,2.0,7.0,9.0,6.0,3.0,0.0,0.0,0.0,0.0,0.0,0.0,0.0,0.0,0.0,0.0,2.0,0.0,0.0,0.0,5.0,5.0,0.0,0.0,0.0,0.0,3.0,0.0,0.0,1.0,0.0,2.0,1.0,5.0,2.0,3.0,9.0,11.0,8.0,5.0
19,1.0,19.0,London_32,FIFO,151,453,1092.0,70.0,2.0,171234.0,0.8617518469691277,831.0,206.0,2.0,204.0,377.0,20.0,357.0,67.0,138.0,131.0,19.0,100.0,14.0,39.0,3.0,9.0,11.0,69.0,173.0,200.0,62.0,0.0,0.0,0.0,0.0,0.0,0.0,0.0,0.0,0.0,0.0,0.0,0.0,0.0,0.0,0.0,0.0,0.0,0.0,0.0,0.0,0.0,0.0,0.0,0.0,0.0,0.0,0.0,0.0,0.0,0.0,0.0,0.0,0.0,0.0,1.0,0.0,0.0,0.0,0.0,0.0,3.0,17.0,0.0,2.0,7.0,0.0,3.0,11.0,3.0,13.0,40.0,42.0,27.0,14.0,0.0,0.0,0.0,0.0,0.0,0.0,0.0,0.0,0.0,0.0,0.0,0.0,0.0,0.0,8.0,0.0,0.0,0.0,0.0,0.0,4.0,25.0,0.0,4.0,8.0,0.0,4.0,16.0,5.0,15.0,61.0,69.0,35.0,24.0
20,1.0,20.0,London_32,FIFO,151,453,1092.0,70.0,2.0,106002.0,0.4290334698744118,687.0,12.0,0.0,12.0,21.0,0.0,21.0,377.0,113.0,142.0,26.0,103.0,10.0,53.0,1.0,5.0,10.0,61.0,164.0,218.0,59.0,0.0,0.0,0.0,0.0,0.0,0.0,0.0,0.0,0.0,0.0,0.0,0.0,0.0,0.0,0.0,0.0,0.0,0.0,0.0,0.0,0.0,0.0,0.0,0.0,0.0,0.0,0.0,0.0,0.0,0.0,0.0,0.0,0.0,0.0,0.0,0.0,0.0,0.0,0.0,0.0,0.0,0.0,0.0,0.0,0.0,0.0,1.0,1.0,0.0,1.0,2.0,5.0,1.0,0.0,0.0,0.0,0.0,0.0,0.0,0.0,0.0,0.0,0.0,0.0,0.0,0.0,0.0,0.0,0.0,0.0,0.0,0.0,0.0,0.0,0.0,0.0,0.0,0.0,0.0,0.0,1.0,2.0,0.0,2.0,2.0,8.0,1.0,0.0
21,1.0,21.0,London_32,FIFO,151,453,1092.0,70.0,2.0,142242.0,0.5779992821626365,767.0,114.0,0.0,114.0,193.0,0.0,193.0,21.0,107.0,142.0,25.0,108.0,12.0,53.0,1.0,5.0,10.0,60.0,169.0,214.0,62.0,0.0,0.0,0.0,0.0,0.0,0.0,0.0,0.0,0.0,0.0,0.0,0.0,0.0,0.0,0.0,0.0,0.0,0.0,0.0,0.0,0.0,0.0,0.0,0.0,0.0,0.0,0.0,0.0,0.0,0.0,0.0,0.0,0.0,0.0,0.0,0.0,0.0,0.0,0.0,0.0,1.0,3.0,0.0,1.0,0.0,0.0,11.0,7.0,11.0,9.0,28.0,24.0,21.0,11.0,0.0,0.0,0.0,0.0,0.0,0.0,0.0,0.0,0.0,0.0,0.0,0.0,0.0,0.0,0.0,0.0,0.0,0.0,0.0,0.0,2.0,4.0,0.0,2.0,0.0,0.0,13.0,10.0,15.0,12.0,41.0,33.0,29.0,15.0
22,1.0,22.0,London_32,FIFO,151,453,1092.0,70.0,2.0,127293.0,0.5637989458627999,734.0,0.0,0.0,0.0,0.0,0.0,0.0,193.0,113.0,146.0,26.0,102.0,15.0,47.0,0.0,4.0,15.0,63.0,179.0,196.0,69.0,0.0,0.0,0.0,0.0,0.0,0.0,0.0,0.0,0.0,0.0,0.0,0.0,0.0,0.0,0.0,0.0,0.0,0.0,0.0,0.0,0.0,0.0,0.0,0.0,0.0,0.0,0.0,0.0,0.0,0.0,0.0,0.0,0.0,0.0,0.0,0.0,0.0,0.0,0.0,0.0,0.0,0.0,0.0,0.0,0.0,0.0,0.0,0.0,0.0,0.0,0.0,0.0,0.0,0.0,0.0,0.0,0.0,0.0,0.0,0.0,0.0,0.0,0.0,0.0,0.0,0.0,0.0,0.0,0.0,0.0,0.0,0.0,0.0,0.0,0.0,0.0,0.0,0.0,0.0,0.0,0.0,0.0,0.0,0.0,0.0,0.0,0.0,0.0
23,1.0,23.0,London_32,FIFO,151,453,1092.0,70.0,2.0,173952.0,0.7074608136899769,837.0,121.0,2.0,119.0,223.0,17.0,206.0,0.0,113.0,146.0,26.0,102.0,15.0,47.0,0.0,4.0,15.0,63.0,179.0,196.0,69.0,0.0,0.0,0.0,0.0,0.0,0.0,0.0,0.0,0.0,0.0,0.0,0.0,0.0,0.0,0.0,0.0,0.0,0.0,0.0,0.0,0.0,0.0,0.0,0.0,0.0,0.0,0.0,0.0,0.0,0.0,1.0,0.0,1.0,0.0,0.0,2.0,0.0,0.0,0.0,0.0,3.0,2.0,1.0,1.0,0.0,1.0,8.0,8.0,6.0,13.0,28.0,21.0,30.0,12.0,0.0,0.0,0.0,0.0,0.0,0.0,0.0,0.0,0.0,0.0,4.0,0.0,4.0,0.0,0.0,9.0,0.0,0.0,0.0,0.0,3.0,3.0,1.0,1.0,0.0,1.0,9.0,10.0,11.0,17.0,47.0,29.0,37.0,18.0
24,1.0,24.0,London_32,FIFO,151,453,1092.0,70.0,2.0,163533.0,0.5967263258062303,814.0,28.0,0.0,28.0,42.0,0.0,42.0,223.0,114.0,154.0,16.0,103.0,11.0,44.0,3.0,8.0,13.0,59.0,177.0,204.0,62.0,0.0,0.0,0.0,0.0,0.0,0.0,0.0,0.0,0.0,0.0,0.0,0.0,0.0,0.0,0.0,0.0,0.0,0.0,0.0,0.0,0.0,0.0,0.0,0.0,0.0,0.0,0.0,0.0,0.0,0.0,0.0,0.0,0.0,0.0,0.0,0.0,0.0,0.0,0.0,0.0,0.0,2.0,0.0,1.0,0.0,0.0,4.0,2.0,2.0,4.0,2.0,1.0,7.0,2.0,0.0,0.0,0.0,0.0,0.0,0.0,0.0,0.0,0.0,0.0,0.0,0.0,0.0,0.0,0.0,0.0,0.0,0.0,0.0,0.0,0.0,2.0,0.0,3.0,0.0,0.0,4.0,3.0,2.0,5.0,2.0,1.0,9.0,2.0
25,1.0,25.0,London_32,FIFO,151,453,1092.0,70.0,2.0,199320.0,0.73281309613958,893.0,93.0,2.0,91.0,165.0,19.0,146.0,42.0,117.0,151.0,17.0,96.0,15.0,45.0,4.0,8.0,15.0,61.0,165.0,212.0,66.0,0.0,0.0,0.0,0.0,0.0,0.0,0.0,0.0,0.0,0.0,0.0,0.0,0.0,0.0,0.0,0.0,0.0,0.0,0.0,0.0,0.0,0.0,0.0,0.0,0.0,0.0,0.0,0.0,0.0,0.0,1.0,0.0,1.0,2.0,0.0,1.0,0.0,0.0,0.0,0.0,7.0,4.0,0.0,4.0,0.0,0.0,7.0,8.0,5.0,17.0,14.0,18.0,22.0,8.0,0.0,0.0,0.0,0.0,0.0,0.0,0.0,0.0,0.0,0.0,8.0,0.0,7.0,17.0,0.0,2.0,0.0,0.0,0.0,0.0,10.0,5.0,0.0,7.0,0.0,0.0,10.0,11.0,8.0,19.0,16.0,24.0,30.0,10.0
26,1.0,26.0,London_32,FIFO,151,453,1092.0,70.0,2.0,198414.0,0.7560277357697487,891.0,109.0,2.0,107.0,207.0,19.0,188.0,165.0,123.0,142.0,23.0,89.0,13.0,54.0,3.0,6.0,13.0,72.0,170.0,198.0,60.0,0.0,0.0,0.0,0.0,0.0,0.0,0.0,0.0,0.0,0.0,0.0,0.0,0.0,0.0,0.0,0.0,0.0,0.0,0.0,0.0,0.0,0.0,0.0,0.0,0.0,0.0,0.0,0.0,0.0,0.0,0.0,0.0,0.0,0.0,0.0,1.0,0.0,0.0,0.0,0.0,4.0,10.0,0.0,0.0,0.0,0.0,8.0,9.0,4.0,15.0,17.0,29.0,21.0,12.0,0.0,0.0,0.0,0.0,0.0,0.0,0.0,0.0,0.0,0.0,0.0,0.0,0.0,0.0,0.0,2.0,0.0,0.0,0.0,0.0,4.0,16.0,0.0,0.0,0.0,0.0,10.0,14.0,4.0,20.0,23.0,37.0,27.0,18.0
27,1.0,27.0,London_32,FIFO,151,453,1092.0,70.0,2.0,189807.0,0.8070427132770419,872.0,134.0,0.0,134.0,224.0,0.0,224.0,207.0,121.0,139.0,28.0,84.0,20.0,52.0,3.0,6.0,6.0,65.0,173.0,209.0,53.0,0.0,0.0,0.0,0.0,0.0,0.0,0.0,0.0,0.0,0.0,0.0,0.0,0.0,0.0,0.0,0.0,0.0,0.0,0.0,0.0,0.0,0.0,0.0,0.0,0.0,0.0,0.0,0.0,0.0,0.0,0.0,0.0,0.0,0.0,0.0,0.0,0.0,0.0,0.0,0.0,4.0,10.0,2.0,2.0,2.0,1.0,9.0,10.0,5.0,11.0,31.0,33.0,25.0,15.0,0.0,0.0,0.0,0.0,0.0,0.0,0.0,0.0,0.0,0.0,0.0,0.0,0.0,0.0,0.0,0.0,0.0,0.0,0.0,0.0,5.0,12.0,2.0,2.0,3.0,2.0,9.0,16.0,7.0,13.0,44.0,42.0,36.0,20.0
28,1.0,28.0,London_32,FIFO,151,453,1092.0,70.0,2.0,172593.0,0.7303447257727385,834.0,82.0,2.0,80.0,170.0,19.0,151.0,224.0,144.0,119.0,32.0,81.0,23.0,47.0,1.0,6.0,7.0,75.0,174.0,197.0,51.0,0.0,0.0,0.0,0.0,0.0,0.0,0.0,0.0,0.0,0.0,0.0,0.0,0.0,0.0,0.0,0.0,0.0,0.0,0.0,0.0,0.0,0.0,0.0,0.0,0.0,0.0,0.0,0.0,0.0,0.0,0.0,0.0,0.0,0.0,1.0,0.0,0.0,0.0,0.0,0.0,2.0,1.0,4.0,2.0,0.0,0.0,9.0,7.0,7.0,11.0,18.0,18.0,16.0,7.0,0.0,0.0,0.0,0.0,0.0,0.0,0.0,0.0,0.0,0.0,0.0,0.0,0.0,0.0,9.0,0.0,0.0,0.0,0.0,0.0,2.0,2.0,6.0,4.0,0.0,0.0,12.0,9.0,8.0,18.0,32.0,30.0,20.0,11.0
29,1.0,29.0,London_32,FIFO,151,453,1092.0,70.0,2.0,183918.0,0.8944295439869165,859.0,122.0,0.0,122.0,204.0,0.0,204.0,170.0,156.0,117.0,29.0,69.0,22.0,52.0,2.0,6.0,6.0,80.0,167.0,200.0,42.0,0.0,0.0,0.0,0.0,0.0,0.0,0.0,0.0,0.0,0.0,0.0,0.0,0.0,0.0,0.0,0.0,0.0,0.0,0.0,0.0,0.0,0.0,0.0,0.0,0.0,0.0,0.0,0.0,0.0,0.0,0.0,0.0,0.0,0.0,0.0,0.0,0.0,0.0,0.0,0.0,3.0,7.0,0.0,4.0,12.0,0.0,3.0,11.0,4.0,10.0,20.0,28.0,20.0,10.0,0.0,0.0,0.0,0.0,0.0,0.0,0.0,0.0,0.0,0.0,0.0,0.0,0.0,0.0,0.0,0.0,0.0,0.0,0.0,0.0,3.0,8.0,0.0,10.0,13.0,0.0,5.0,14.0,6.0,13.0,31.0,39.0,24.0,17.0
30,1.0,30.0,London_32,FIFO,151,453,1092.0,70.0,2.0,160362.0,0.8517966638319194,807.0,130.0,2.0,128.0,228.0,18.0,210.0,204.0,178.0,121.0,16.0,56.0,27.0,49.0,0.0,6.0,7.0,85.0,160.0,201.0,48.0,0.0,0.0,0.0,0.0,0.0,0.0,0.0,0.0,0.0,0.0,0.0,0.0,0.0,0.0,0.0,0.0,0.0,0.0,0.0,0.0,0.0,0.0,0.0,0.0,0.0,0.0,0.0,0.0,0.0,0.0,0.0,0.0,1.0,1.0,0.0,1.0,2.0,0.0,0.0,0.0,4.0,10.0,4.0,1.0,0.0,0.0,10.0,11.0,10.0,5.0,29.0,28.0,25.0,4.0,0.0,0.0,0.0,0.0,0.0,0.0,0.0,0.0,0.0,0.0,0.0,0.0,8.0,8.0,0.0,6.0,18.0,0.0,0.0,0.0,5.0,11.0,4.0,2.0,0.0,0.0,14.0,12.0,13.0,7.0,45.0,37.0,33.0,7.0
31,1.0,31.0,London_32,FIFO,151,453,1092.0,70.0,2.0,137259.0,0.6741789756342769,756.0,58.0,0.0,58.0,103.0,0.0,103.0,228.0,198.0,95.0,16.0,64.0,27.0,46.0,0.0,7.0,7.0,71.0,153.0,222.0,41.0,0.0,0.0,0.0,0.0,0.0,0.0,0.0,0.0,0.0,0.0,0.0,0.0,0.0,0.0,0.0,0.0,0.0,0.0,0.0,0.0,0.0,0.0,0.0,0.0,0.0,0.0,0.0,0.0,0.0,0.0,0.0,0.0,0.0,0.0,0.0,0.0,0.0,0.0,0.0,0.0,2.0,1.0,0.0,1.0,0.0,2.0,5.0,6.0,5.0,8.0,8.0,16.0,13.0,4.0,0.0,0.0,0.0,0.0,0.0,0.0,0.0,0.0,0.0,0.0,0.0,0.0,0.0,0.0,0.0,0.0,0.0,0.0,0.0,0.0,2.0,2.0,0.0,2.0,0.0,3.0,7.0,7.0,7.0,11.0,11.0,27.0,18.0,7.0
32,1.0,32.0,London_32,FIFO,151,453,1092.0,70.0,2.0,154473.0,0.9523794511333108,794.0,113.0,2.0,111.0,222.0,18.0,204.0,103.0,201.0,94.0,15.0,70.0,27.0,40.0,0.0,6.0,5.0,77.0,157.0,214.0,49.0,0.0,0.0,0.0,0.0,0.0,0.0,0.0,0.0,0.0,0.0,0.0,0.0,0.0,0.0,0.0,0.0,0.0,0.0,0.0,0.0,0.0,0.0,0.0,0.0,0.0,0.0,0.0,0.0,0.0,0.0,0.0,0.0,0.0,0.0,1.0,1.0,0.0,0.0,0.0,0.0,6.0,7.0,0.0,0.0,2.0,0.0,8.0,13.0,5.0,13.0,23.0,30.0,27.0,6.0,0.0,0.0,0.0,0.0,0.0,0.0,0.0,0.0,0.0,0.0,0.0,0.0,0.0,0.0,5.0,4.0,0.0,0.0,0.0,0.0,9.0,8.0,0.0,0.0,2.0,0.0,13.0,16.0,8.0,14.0,35.0,45.0,35.0,7.0
33,1.0,33.0,London_32,FIFO,151,453,1092.0,70.0,2.0,140430.0,0.7979747401550412,763.0,77.0,0.0,77.0,127.0,0.0,127.0,222.0,220.0,100.0,11.0,55.0,22.0,37.0,4.0,4.0,7.0,78.0,152.0,216.0,33.0,0.0,0.0,0.0,0.0,0.0,0.0,0.0,0.0,0.0,0.0,0.0,0.0,0.0,0.0,0.0,0.0,0.0,0.0,0.0,0.0,0.0,0.0,0.0,0.0,0.0,0.0,0.0,0.0,0.0,0.0,0.0,0.0,0.0,0.0,0.0,0.0,0.0,0.0,0.0,0.0,3.0,2.0,0.0,1.0,0.0,0.0,9.0,6.0,5.0,10.0,14.0,13.0,11.0,8.0,0.0,0.0,0.0,0.0,0.0,0.0,0.0,0.0,0.0,0.0,0.0,0.0,0.0,0.0,0.0,0.0,0.0,0.0,0.0,0.0,5.0,2.0,0.0,1.0,0.0,0.0,12.0,10.0,6.0,13.0,16.0,19.0,15.0,10.0
34,1.0,34.0,London_32,FIFO,151,453,1092.0,70.0,2.0,136806.0,0.890576443169266,755.0,0.0,0.0,0.0,0.0,0.0,0.0,127.0,227.0,111.0,7.0,41.0,21.0,37.0,5.0,4.0,7.0,89.0,161.0,196.0,46.0,0.0,0.0,0.0,0.0,0.0,0.0,0.0,0.0,0.0,0.0,0.0,0.0,0.0,0.0,0.0,0.0,0.0,0.0,0.0,0.0,0.0,0.0,0.0,0.0,0.0,0.0,0.0,0.0,0.0,0.0,0.0,0.0,0.0,0.0,0.0,0.0,0.0,0.0,0.0,0.0,0.0,0.0,0.0,0.0,0.0,0.0,0.0,0.0,0.0,0.0,0.0,0.0,0.0,0.0,0.0,0.0,0.0,0.0,0.0,0.0,0.0,0.0,0.0,0.0,0.0,0.0,0.0,0.0,0.0,0.0,0.0,0.0,0.0,0.0,0.0,0.0,0.0,0.0,0.0,0.0,0.0,0.0,0.0,0.0,0.0,0.0,0.0,0.0
35,1.0,35.0,London_32,FIFO,151,453,1092.0,70.0,2.0,178482.0,1.101947225164622,847.0,156.0,0.0,156.0,274.0,0.0,274.0,0.0,227.0,111.0,7.0,41.0,21.0,37.0,5.0,4.0,7.0,89.0,161.0,196.0,46.0,0.0,0.0,0.0,0.0,0.0,0.0,0.0,0.0,0.0,0.0,0.0,0.0,0.0,0.0,0.0,0.0,0.0,0.0,0.0,0.0,0.0,0.0,0.0,0.0,0.0,0.0,0.0,0.0,0.0,0.0,0.0,0.0,0.0,0.0,0.0,0.0,0.0,0.0,0.0,0.0,1.0,18.0,0.0,0.0,0.0,0.0,3.0,6.0,8.0,13.0,33.0,42.0,20.0,10.0,0.0,0.0,0.0,0.0,0.0,0.0,0.0,0.0,0.0,0.0,0.0,0.0,0.0,0.0,0.0,0.0,0.0,0.0,0.0,0.0,1.0,24.0,0.0,0.0,0.0,0.0,3.0,7.0,12.0,13.0,58.0,62.0,25.0,17.0
36,1.0,36.0,London_32,FIFO,151,453,1092.0,70.0,2.0,141789.0,0.640459262765944,766.0,7.0,2.0,5.0,26.0,18.0,8.0,274.0,171.0,108.0,22.0,70.0,29.0,45.0,1.0,7.0,9.0,82.0,172.0,190.0,50.0,0.0,0.0,0.0,0.0,0.0,0.0,0.0,0.0,0.0,0.0,0.0,0.0,0.0,0.0,0.0,0.0,0.0,0.0,0.0,0.0,0.0,0.0,0.0,0.0,0.0,0.0,0.0,0.0,0.0,0.0,1.0,0.0,1.0,0.0,0.0,1.0,0.0,0.0,0.0,0.0,0.0,0.0,0.0,0.0,0.0,0.0,1.0,0.0,0.0,0.0,1.0,1.0,3.0,0.0,0.0,0.0,0.0,0.0,0.0,0.0,0.0,0.0,0.0,0.0,3.0,0.0,6.0,0.0,0.0,2.0,0.0,0.0,0.0,0.0,0.0,0.0,0.0,0.0,0.0,0.0,1.0,0.0,0.0,0.0,3.0,1.0,4.0,0.0
37,1.0,37.0,London_32,FIFO,151,453,1092.0,70.0,2.0,168516.0,0.742802863009274,825.0,142.0,2.0,140.0,263.0,17.0,246.0,26.0,171.0,114.0,22.0,75.0,24.0,39.0,1.0,7.0,8.0,80.0,172.0,193.0,50.0,0.0,0.0,0.0,0.0,0.0,0.0,0.0,0.0,0.0,0.0,0.0,0.0,0.0,0.0,0.0,0.0,0.0,0.0,0.0,0.0,0.0,0.0,0.0,0.0,0.0,0.0,0.0,0.0,0.0,0.0,0.0,0.0,1.0,1.0,0.0,1.0,0.0,0.0,0.0,0.0,1.0,4.0,0.0,5.0,7.0,0.0,7.0,9.0,7.0,21.0,32.0,27.0,21.0,8.0,0.0,0.0,0.0,0.0,0.0,0.0,0.0,0.0,0.0,0.0,0.0,0.0,5.0,4.0,0.0,2.0,0.0,0.0,0.0,0.0,2.0,6.0,0.0,9.0,7.0,0.0,10.0,10.0,9.0,30.0,49.0,44.0,29.0,15.0
38,1.0,38.0,London_32,FIFO,151,453,1092.0,70.0,2.0,139071.0,0.8283798191696405,760.0,122.0,0.0,122.0,214.0,0.0,214.0,263.0,198.0,98.0,12.0,68.0,19.0,50.0,2.0,6.0,6.0,77.0,171.0,199.0,43.0,0.0,0.0,0.0,0.0,0.0,0.0,0.0,0.0,0.0,0.0,0.0,0.0,0.0,0.0,0.0,0.0,0.0,0.0,0.0,0.0,0.0,0.0,0.0,0.0,0.0,0.0,0.0,0.0,0.0,0.0,0.0,0.0,0.0,0.0,0.0,0.0,0.0,0.0,0.0,0.0,6.0,4.0,0.0,3.0,5.0,0.0,8.0,14.0,2.0,10.0,18.0,30.0,25.0,10.0,0.0,0.0,0.0,0.0,0.0,0.0,0.0,0.0,0.0,0.0,0.0,0.0,0.0,0.0,0.0,0.0,0.0,0.0,0.0,0.0,6.0,6.0,0.0,4.0,5.0,0.0,9.0,19.0,2.0,13.0,26.0,42.0,33.0,12.0
39,1.0,39.0,London_32,FIFO,151,453,1092.0,70.0,2.0,109626.0,0.5646476508118212,695.0,77.0,0.0,77.0,133.0,0.0,133.0,214.0,206.0,87.0,26.0,65.0,23.0,42.0,1.0,3.0,18.0,83.0,167.0,185.0,39.0,0.0,0.0,0.0,0.0,0.0,0.0,0.0,0.0,0.0,0.0,0.0,0.0,0.0,0.0,0.0,0.0,0.0,0.0,0.0,0.0,0.0,0.0,0.0,0.0,0.0,0.0,0.0,0.0,0.0,0.0,0.0,0.0,0.0,0.0,0.0,0.0,0.0,0.0,0.0,0.0,0.0,5.0,0.0,3.0,3.0,0.0,4.0,7.0,7.0,12.0,9.0,25.0,15.0,3.0,0.0,0.0,0.0,0.0,0.0,0.0,0.0,0.0,0.0,0.0,0.0,0.0,0.0,0.0,0.0,0.0,0.0,0.0,0.0,0.0,0.0,6.0,0.0,5.0,3.0,0.0,4.0,13.0,10.0,15.0,16.0,37.0,22.0,5.0
40,1.0,40.0,London_32,FIFO,151,453,1092.0,70.0,2.0,101472.0,0.5719497799873352,677.0,14.0,2.0,12.0,39.0,17.0,22.0,133.0,214.0,80.0,27.0,46.0,27.0,51.0,2.0,6.0,12.0,79.0,168.0,194.0,31.0,0.0,0.0,0.0,0.0,0.0,0.0,0.0,0.0,0.0,0.0,0.0,0.0,0.0,0.0,0.0,0.0,0.0,0.0,0.0,0.0,0.0,0.0,0.0,0.0,0.0,0.0,0.0,0.0,0.0,0.0,0.0,0.0,0.0,0.0,1.0,0.0,0.0,0.0,0.0,0.0,0.0,0.0,0.0,0.0,0.0,0.0,0.0,3.0,2.0,0.0,0.0,4.0,2.0,4.0,0.0,0.0,0.0,0.0,0.0,0.0,0.0,0.0,0.0,0.0,0.0,0.0,0.0,0.0,4.0,0.0,0.0,0.0,0.0,0.0,0.0,0.0,0.0,0.0,0.0,0.0,0.0,6.0,4.0,0.0,0.0,5.0,6.0,5.0
41,1.0,41.0,London_32,FIFO,151,453,1092.0,70.0,2.0,134088.0,0.7555380640551448,749.0,58.0,1.0,57.0,110.0,8.0,102.0,39.0,219.0,84.0,28.0,46.0,21.0,49.0,1.0,5.0,10.0,84.0,156.0,203.0,26.0,0.0,0.0,0.0,0.0,0.0,0.0,0.0,0.0,0.0,0.0,0.0,0.0,0.0,0.0,0.0,0.0,0.0,0.0,0.0,0.0,0.0,0.0,0.0,0.0,0.0,0.0,0.0,0.0,0.0,0.0,0.0,0.0,0.0,0.0,0.0,0.0,0.0,0.0,0.0,0.0,5.0,4.0,2.0,0.0,1.0,0.0,9.0,3.0,4.0,8.0,9.0,16.0,15.0,6.0,0.0,0.0,0.0,0.0,0.0,0.0,0.0,0.0,0.0,0.0,0.0,0.0,0.0,0.0,0.0,0.0,0.0,0.0,0.0,0.0,5.0,6.0,2.0,0.0,1.0,0.0,12.0,3.0,5.0,13.0,12.0,25.0,20.0,9.0
42,1.0,42.0,London_32,FIFO,151,453,1092.0,70.0,2.0,137259.0,0.7785185561515391,756.0,79.0,1.0,78.0,147.0,11.0,136.0,110.0,219.0,83.0,29.0,50.0,22.0,47.0,0.0,3.0,8.0,87.0,155.0,203.0,29.0,0.0,0.0,0.0,0.0,0.0,0.0,0.0,0.0,0.0,0.0,0.0,0.0,0.0,0.0,0.0,0.0,0.0,0.0,0.0,0.0,0.0,0.0,0.0,0.0,0.0,0.0,0.0,0.0,0.0,0.0,1.0,0.0,1.0,0.0,0.0,0.0,0.0,0.0,0.0,0.0,1.0,6.0,1.0,1.0,2.0,0.0,6.0,3.0,4.0,4.0,12.0,25.0,21.0,11.0,0.0,0.0,0.0,0.0,0.0,0.0,0.0,0.0,0.0,0.0,3.0,0.0,9.0,0.0,0.0,0.0,0.0,0.0,0.0,0.0,1.0,6.0,1.0,3.0,2.0,0.0,10.0,3.0,4.0,5.0,20.0,35.0,27.0,15.0
43,1.0,43.0,London_32,FIFO,151,453,1092.0,70.0,2.0,142242.0,0.9206173121929169,767.0,63.0,0.0,63.0,108.0,0.0,108.0,147.0,227.0,98.0,22.0,36.0,21.0,42.0,1.0,6.0,10.0,84.0,163.0,196.0,24.0,0.0,0.0,0.0,0.0,0.0,0.0,0.0,0.0,0.0,0.0,0.0,0.0,0.0,0.0,0.0,0.0,0.0,0.0,0.0,0.0,0.0,0.0,0.0,0.0,0.0,0.0,0.0,0.0,0.0,0.0,0.0,0.0,0.0,0.0,0.0,0.0,0.0,0.0,0.0,0.0,1.0,5.0,1.0,2.0,7.0,0.0,1.0,2.0,1.0,4.0,8.0,14.0,10.0,10.0,0.0,0.0,0.0,0.0,0.0,0.0,0.0,0.0,0.0,0.0,0.0,0.0,0.0,0.0,0.0,0.0,0.0,0.0,0.0,0.0,3.0,8.0,2.0,4.0,7.0,0.0,2.0,5.0,1.0,8.0,12.0,22.0,14.0,17.0
44,1.0,44.0,London_32,FIFO,151,453,1092.0,70.0,2.0,154020.0,0.8658023648895323,793.0,55.0,0.0,55.0,94.0,0.0,94.0,108.0,229.0,95.0,15.0,33.0,26.0,48.0,3.0,4.0,8.0,76.0,156.0,213.0,36.0,0.0,0.0,0.0,0.0,0.0,0.0,0.0,0.0,0.0,0.0,0.0,0.0,0.0,0.0,0.0,0.0,0.0,0.0,0.0,0.0,0.0,0.0,0.0,0.0,0.0,0.0,0.0,0.0,0.0,0.0,0.0,0.0,0.0,0.0,0.0,0.0,0.0,0.0,0.0,0.0,0.0,5.0,0.0,1.0,3.0,0.0,7.0,5.0,4.0,14.0,10.0,21.0,13.0,12.0,0.0,0.0,0.0,0.0,0.0,0.0,0.0,0.0,0.0,0.0,0.0,0.0,0.0,0.0,0.0,0.0,0.0,0.0,0.0,0.0,0.0,7.0,0.0,1.0,3.0,0.0,9.0,6.0,6.0,17.0,19.0,26.0,20.0,15.0
45,1.0,45.0,London_32,FIFO,151,453,1092.0,70.0,2.0,167610.0,1.1170979966409504,823.0,34.0,2.0,32.0,71.0,18.0,53.0,94.0,237.0,92.0,5.0,30.0,27.0,53.0,4.0,5.0,12.0,81.0,157.0,203.0,34.0,0.0,0.0,0.0,0.0,0.0,0.0,0.0,0.0,0.0,0.0,0.0,0.0,0.0,0.0,0.0,0.0,0.0,0.0,0.0,0.0,0.0,0.0,0.0,0.0,0.0,0.0,0.0,0.0,0.0,0.0,0.0,0.0,1.0,0.0,0.0,1.0,0.0,0.0,0.0,0.0,2.0,4.0,1.0,0.0,1.0,0.0,2.0,5.0,5.0,6.0,9.0,2.0,16.0,3.0,0.0,0.0,0.0,0.0,0.0,0.0,0.0,0.0,0.0,0.0,0.0,0.0,6.0,0.0,0.0,3.0,0.0,0.0,0.0,0.0,2.0,5.0,1.0,0.0,1.0,0.0,3.0,6.0,6.0,8.0,10.0,4.0,19.0,7.0
46,1.0,46.0,London_32,FIFO,151,453,1092.0,70.0,2.0,207927.0,1.0737369819544256,912.0,136.0,2.0,134.0,246.0,16.0,230.0,71.0,244.0,108.0,5.0,22.0,24.0,42.0,4.0,4.0,10.0,71.0,157.0,215.0,34.0,0.0,0.0,0.0,0.0,0.0,0.0,0.0,0.0,0.0,0.0,0.0,0.0,0.0,0.0,0.0,0.0,0.0,0.0,0.0,0.0,0.0,0.0,0.0,0.0,0.0,0.0,0.0,0.0,0.0,1.0,0.0,0.0,1.0,0.0,1.0,1.0,0.0,0.0,0.0,0.0,3.0,13.0,3.0,0.0,2.0,0.0,7.0,8.0,7.0,7.0,26.0,32.0,15.0,10.0,0.0,0.0,0.0,0.0,0.0,0.0,0.0,0.0,0.0,4.0,0.0,0.0,6.0,0.0,7.0,1.0,0.0,0.0,0.0,0.0,3.0,17.0,3.0,0.0,2.0,0.0,7.0,12.0,8.0,9.0,43.0,40.0,17.0,17.0
47,1.0,47.0,London_32,FIFO,151,453,1092.0,70.0,2.0,189354.0,0.8214442310854793,871.0,100.0,0.0,100.0,170.0,0.0,170.0,246.0,199.0,95.0,14.0,79.0,20.0,40.0,1.0,5.0,10.0,64.0,173.0,206.0,43.0,0.0,0.0,0.0,0.0,0.0,0.0,0.0,0.0,0.0,0.0,0.0,0.0,0.0,0.0,0.0,0.0,0.0,0.0,0.0,0.0,0.0,0.0,0.0,0.0,0.0,0.0,0.0,0.0,0.0,0.0,0.0,0.0,0.0,0.0,0.0,0.0,0.0,0.0,0.0,0.0,2.0,4.0,0.0,5.0,0.0,0.0,2.0,10.0,5.0,16.0,16.0,31.0,20.0,8.0,0.0,0.0,0.0,0.0,0.0,0.0,0.0,0.0,0.0,0.0,0.0,0.0,0.0,0.0,0.0,0.0,0.0,0.0,0.0,0.0,2.0,6.0,0.0,6.0,0.0,0.0,2.0,13.0,7.0,22.0,23.0,47.0,26.0,12.0
48,1.0,48.0,London_32,FIFO,151,453,1092.0,70.0,2.0,192525.0,1.2131191142834723,878.0,120.0,1.0,119.0,219.0,11.0,208.0,170.0,217.0,80.0,21.0,68.0,22.0,43.0,0.0,2.0,7.0,67.0,160.0,219.0,37.0,0.0,0.0,0.0,0.0,0.0,0.0,0.0,0.0,0.0,0.0,0.0,0.0,0.0,0.0,0.0,0.0,0.0,0.0,0.0,0.0,0.0,0.0,0.0,0.0,0.0,0.0,0.0,0.0,0.0,0.0,0.0,0.0,1.0,0.0,1.0,1.0,0.0,0.0,0.0,0.0,1.0,3.0,0.0,6.0,4.0,1.0,21.0,12.0,2.0,8.0,21.0,26.0,24.0,10.0,0.0,0.0,0.0,0.0,0.0,0.0,0.0,0.0,0.0,0.0,0.0,0.0,8.0,0.0,9.0,2.0,0.0,0.0,0.0,0.0,1.0,4.0,0.0,8.0,6.0,2.0,26.0,15.0,3.0,9.0,29.0,45.0,32.0,14.0
49,1.0,49.0,London_32,FIFO,151,453,1092.0,70.0,2.0,178935.0,0.9038671031594276,848.0,95.0,0.0,95.0,150.0,0.0,150.0,219.0,232.0,83.0,12.0,75.0,19.0,27.0,1.0,4.0,5.0,74.0,162.0,212.0,22.0,0.0,0.0,0.0,0.0,0.0,0.0,0.0,0.0,0.0,0.0,0.0,0.0,0.0,0.0,0.0,0.0,0.0,0.0,0.0,0.0,0.0,0.0,0.0,0.0,0.0,0.0,0.0,0.0,0.0,0.0,0.0,0.0,0.0,0.0,0.0,0.0,0.0,0.0,0.0,0.0,4.0,4.0,0.0,2.0,1.0,0.0,7.0,4.0,11.0,2.0,21.0,16.0,21.0,6.0,0.0,0.0,0.0,0.0,0.0,0.0,0.0,0.0,0.0,0.0,0.0,0.0,0.0,0.0,0.0,0.0,0.0,0.0,0.0,0.0,5.0,5.0,0.0,2.0,1.0,0.0,8.0,6.0,17.0,2.0,26.0,21.0,26.0,7.0
50,1.0,50.0,London_32,FIFO,151,453,1092.0,70.0,2.0,172140.0,0.9996527968905866,833.0,127.0,0.0,127.0,214.0,0.0,214.0,150.0,240.0,83.0,10.0,65.0,21.0,27.0,2.0,5.0,6.0,79.0,157.0,211.0,25.0,0.0,0.0,0.0,0.0,0.0,0.0,0.0,0.0,0.0,0.0,0.0,0.0,0.0,0.0,0.0,0.0,0.0,0.0,0.0,0.0,0.0,0.0,0.0,0.0,0.0,0.0,0.0,0.0,0.0,0.0,0.0,0.0,0.0,0.0,0.0,0.0,0.0,0.0,0.0,0.0,0.0,17.0,5.0,0.0,2.0,1.0,12.0,3.0,2.0,7.0,21.0,37.0,19.0,16.0,0.0,0.0,0.0,0.0,0.0,0.0,0.0,0.0,0.0,0.0,0.0,0.0,0.0,0.0,0.0,0.0,0.0,0.0,0.0,0.0,0.0,22.0,5.0,0.0,2.0,2.0,17.0,4.0,2.0,9.0,32.0,49.0,26.0,23.0
51,1.0,51.0,London_32,FIFO,151,453,1092.0,70.0,2.0,146772.0,0.9019314958713949,777.0,74.0,1.0,73.0,130.0,9.0,121.0,214.0,243.0,91.0,14.0,59.0,15.0,26.0,0.0,5.0,1.0,72.0,165.0,215.0,23.0,0.0,0.0,0.0,0.0,0.0,0.0,0.0,0.0,0.0,0.0,0.0,0.0,0.0,0.0,0.0,0.0,0.0,0.0,0.0,0.0,0.0,0.0,0.0,0.0,0.0,0.0,0.0,0.0,0.0,0.0,0.0,0.0,1.0,0.0,0.0,0.0,0.0,0.0,0.0,0.0,1.0,2.0,0.0,4.0,0.0,0.0,11.0,7.0,2.0,12.0,18.0,18.0,12.0,6.0,0.0,0.0,0.0,0.0,0.0,0.0,0.0,0.0,0.0,0.0,0.0,0.0,7.0,0.0,0.0,0.0,0.0,0.0,0.0,0.0,1.0,4.0,0.0,6.0,0.0,0.0,16.0,11.0,2.0,16.0,29.0,22.0,19.0,9.0
52,1.0,52.0,London_32,FIFO,151,453,1092.0,70.0,2.0,147225.0,0.9633089988492429,778.0,77.0,2.0,75.0,138.0,18.0,120.0,130.0,249.0,85.0,6.0,63.0,18.0,30.0,0.0,2.0,5.0,70.0,155.0,223.0,35.0,0.0,0.0,0.0,0.0,0.0,0.0,0.0,0.0,0.0,0.0,0.0,0.0,0.0,0.0,0.0,0.0,0.0,0.0,0.0,0.0,0.0,0.0,0.0,0.0,0.0,0.0,0.0,0.0,0.0,2.0,0.0,0.0,0.0,1.0,1.0,2.0,0.0,0.0,0.0,0.0,1.0,5.0,0.0,0.0,2.0,0.0,3.0,7.0,5.0,3.0,12.0,17.0,14.0,7.0,0.0,0.0,0.0,0.0,0.0,0.0,0.0,0.0,0.0,10.0,0.0,0.0,0.0,5.0,8.0,8.0,0.0,0.0,0.0,0.0,1.0,6.0,0.0,0.0,2.0,0.0,4.0,8.0,7.0,3.0,18.0,19.0,17.0,10.0
53,1.0,53.0,London_32,FIFO,151,453,1092.0,70.0,2.0,142695.0,1.0125833540223539,768.0,93.0,2.0,91.0,173.0,18.0,155.0,138.0,257.0,87.0,8.0,58.0,12.0,29.0,1.0,1.0,8.0,60.0,173.0,212.0,32.0,0.0,0.0,0.0,0.0,0.0,0.0,0.0,0.0,0.0,0.0,0.0,0.0,0.0,0.0,0.0,0.0,0.0,0.0,0.0,0.0,0.0,0.0,0.0,0.0,0.0,0.0,0.0,0.0,0.0,0.0,0.0,0.0,0.0,0.0,1.0,2.0,0.0,0.0,0.0,0.0,1.0,5.0,0.0,2.0,4.0,0.0,16.0,7.0,9.0,9.0,14.0,22.0,16.0,9.0,0.0,0.0,0.0,0.0,0.0,0.0,0.0,0.0,0.0,0.0,0.0,0.0,0.0,0.0,8.0,7.0,0.0,0.0,0.0,0.0,1.0,7.0,0.0,3.0,4.0,0.0,21.0,10.0,13.0,13.0,20.0,34.0,22.0,17.0
54,1.0,54.0,London_32,FIFO,151,453,1092.0,70.0,2.0,133635.0,0.9698789841495454,748.0,90.0,2.0,88.0,155.0,14.0,141.0,173.0,271.0,77.0,11.0,51.0,10.0,31.0,0.0,2.0,5.0,66.0,168.0,214.0,26.0,0.0,0.0,0.0,0.0,0.0,0.0,0.0,0.0,0.0,0.0,0.0,0.0,0.0,0.0,0.0,0.0,0.0,0.0,0.0,0.0,0.0,0.0,0.0,0.0,0.0,0.0,0.0,0.0,0.0,2.0,0.0,0.0,0.0,0.0,0.0,1.0,1.0,0.0,0.0,0.0,1.0,5.0,2.0,5.0,4.0,0.0,6.0,4.0,5.0,6.0,25.0,21.0,18.0,4.0,0.0,0.0,0.0,0.0,0.0,0.0,0.0,0.0,0.0,6.0,0.0,0.0,0.0,0.0,0.0,2.0,5.0,0.0,0.0,0.0,1.0,6.0,2.0,7.0,4.0,0.0,7.0,5.0,7.0,9.0,35.0,27.0,23.0,9.0
55,1.0,55.0,London_32,FIFO,151,453,1092.0,70.0,2.0,137259.0,0.859859811142087,756.0,56.0,0.0,56.0,99.0,0.0,99.0,155.0,288.0,90.0,8.0,40.0,7.0,14.0,0.0,6.0,4.0,61.0,182.0,206.0,19.0,0.0,0.0,0.0,0.0,0.0,0.0,0.0,0.0,0.0,0.0,0.0,0.0,0.0,0.0,0.0,0.0,0.0,0.0,0.0,0.0,0.0,0.0,0.0,0.0,0.0,0.0,0.0,0.0,0.0,0.0,0.0,0.0,0.0,0.0,0.0,0.0,0.0,0.0,0.0,0.0,3.0,3.0,0.0,1.0,2.0,0.0,1.0,7.0,7.0,2.0,11.0,10.0,12.0,5.0,0.0,0.0,0.0,0.0,0.0,0.0,0.0,0.0,0.0,0.0,0.0,0.0,0.0,0.0,0.0,0.0,0.0,0.0,0.0,0.0,4.0,6.0,0.0,2.0,2.0,0.0,2.0,9.0,12.0,2.0,15.0,18.0,18.0,9.0
56,1.0,56.0,London_32,FIFO,151,453,1092.0,70.0,2.0,146772.0,1.1756306178867817,777.0,74.0,0.0,74.0,128.0,0.0,128.0,99.0,295.0,102.0,6.0,24.0,7.0,12.0,1.0,6.0,4.0,64.0,175.0,210.0,20.0,0.0,0.0,0.0,0.0,0.0,0.0,0.0,0.0,0.0,0.0,0.0,0.0,0.0,0.0,0.0,0.0,0.0,0.0,0.0,0.0,0.0,0.0,0.0,0.0,0.0,0.0,0.0,0.0,0.0,0.0,0.0,0.0,0.0,0.0,0.0,0.0,0.0,0.0,0.0,0.0,2.0,0.0,0.0,0.0,0.0,0.0,11.0,5.0,6.0,5.0,6.0,19.0,10.0,7.0,0.0,0.0,0.0,0.0,0.0,0.0,0.0,0.0,0.0,0.0,0.0,0.0,0.0,0.0,0.0,0.0,0.0,0.0,0.0,0.0,2.0,0.0,0.0,0.0,0.0,0.0,13.0,7.0,9.0,8.0,10.0,24.0,11.0,9.0
57,1.0,57.0,London_32,FIFO,151,453,1092.0,70.0,2.0,149490.0,1.194403185043484,783.0,94.0,0.0,94.0,171.0,0.0,171.0,128.0,296.0,76.0,7.0,41.0,5.0,22.0,2.0,4.0,2.0,61.0,170.0,220.0,18.0,0.0,0.0,0.0,0.0,0.0,0.0,0.0,0.0,0.0,0.0,0.0,0.0,0.0,0.0,0.0,0.0,0.0,0.0,0.0,0.0,0.0,0.0,0.0,0.0,0.0,0.0,0.0,0.0,0.0,0.0,0.0,0.0,0.0,0.0,0.0,0.0,0.0,0.0,0.0,0.0,12.0,0.0,0.0,3.0,0.0,0.0,7.0,12.0,14.0,1.0,6.0,24.0,21.0,9.0,0.0,0.0,0.0,0.0,0.0,0.0,0.0,0.0,0.0,0.0,0.0,0.0,0.0,0.0,0.0,0.0,0.0,0.0,0.0,0.0,16.0,0.0,0.0,5.0,0.0,0.0,8.0,18.0,18.0,1.0,11.0,34.0,30.0,12.0
58,1.0,58.0,London_32,FIFO,151,453,1092.0,70.0,2.0,145413.0,0.8753907890059054,774.0,59.0,2.0,57.0,119.0,17.0,102.0,171.0,297.0,62.0,15.0,43.0,15.0,14.0,2.0,5.0,3.0,59.0,163.0,228.0,26.0,0.0,0.0,0.0,0.0,0.0,0.0,0.0,0.0,0.0,0.0,0.0,0.0,0.0,0.0,0.0,0.0,0.0,0.0,0.0,0.0,0.0,0.0,0.0,0.0,0.0,0.0,0.0,0.0,0.0,1.0,0.0,0.0,1.0,0.0,1.0,1.0,0.0,0.0,0.0,0.0,6.0,1.0,1.0,0.0,2.0,0.0,7.0,6.0,4.0,5.0,10.0,12.0,10.0,10.0,0.0,0.0,0.0,0.0,0.0,0.0,0.0,0.0,0.0,6.0,0.0,0.0,7.0,0.0,6.0,6.0,0.0,0.0,0.0,0.0,9.0,2.0,1.0,0.0,4.0,0.0,9.0,11.0,4.0,7.0,16.0,19.0,14.0,14.0
59,1.0,59.0,London_32,FIFO,151,453,1092.0,70.0,2.0,159003.0,1.076881810091436,804.0,41.0,0.0,41.0,66.0,0.0,66.0,119.0,296.0,64.0,15.0,45.0,9.0,16.0,3.0,5.0,2.0,65.0,174.0,212.0,22.0,0.0,0.0,0.0,0.0,0.0,0.0,0.0,0.0,0.0,0.0,0.0,0.0,0.0,0.0,0.0,0.0,0.0,0.0,0.0,0.0,0.0,0.0,0.0,0.0,0.0,0.0,0.0,0.0,0.0,0.0,0.0,0.0,0.0,0.0,0.0,0.0,0.0,0.0,0.0,0.0,0.0,4.0,0.0,1.0,0.0,1.0,2.0,10.0,0.0,9.0,7.0,11.0,11.0,6.0,0.0,0.0,0.0,0.0,0.0,0.0,0.0,0.0,0.0,0.0,0.0,0.0,0.0,0.0,0.0,0.0,0.0,0.0,0.0,0.0,0.0,5.0,0.0,1.0,0.0,2.0,2.0,11.0,0.0,12.0,12.0,17.0,13.0,8.0
60,1.0,60.0,London_32,FIFO,151,453,1092.0,70.0,2.0,182559.0,1.215225770138204,856.0,183.0,2.0,181.0,331.0,21.0,310.0,66.0,299.0,63.0,17.0,38.0,8.0,19.0,3.0,6.0,4.0,65.0,170.0,214.0,26.0,0.0,0.0,0.0,0.0,0.0,0.0,0.0,0.0,0.0,0.0,0.0,0.0,0.0,0.0,0.0,0.0,0.0,0.0,0.0,0.0,0.0,0.0,0.0,0.0,0.0,0.0,0.0,0.0,0.0,0.0,0.0,0.0,0.0,0.0,1.0,0.0,0.0,0.0,0.0,0.0,4.0,23.0,0.0,3.0,6.0,1.0,11.0,18.0,1.0,6.0,28.0,49.0,19.0,17.0,0.0,0.0,0.0,0.0,0.0,0.0,0.0,0.0,0.0,0.0,0.0,0.0,0.0,0.0,6.0,0.0,0.0,0.0,0.0,0.0,4.0,34.0,0.0,3.0,7.0,4.0,14.0,24.0,1.0,8.0,44.0,71.0,29.0,24.0
61,1.0,61.0,London_32,FIFO,151,453,1092.0,70.0,2.0,132276.0,0.569319608155638,745.0,125.0,0.0,125.0,211.0,0.0,211.0,331.0,161.0,128.0,24.0,102.0,4.0,28.0,0.0,6.0,6.0,73.0,135.0,239.0,43.0,0.0,0.0,0.0,0.0,0.0,0.0,0.0,0.0,0.0,0.0,0.0,0.0,0.0,0.0,0.0,0.0,0.0,0.0,0.0,0.0,0.0,0.0,0.0,0.0,0.0,0.0,0.0,0.0,0.0,0.0,0.0,0.0,0.0,0.0,0.0,0.0,0.0,0.0,0.0,0.0,3.0,0.0,0.0,0.0,0.0,1.0,16.0,14.0,3.0,14.0,16.0,26.0,20.0,7.0,0.0,0.0,0.0,0.0,0.0,0.0,0.0,0.0,0.0,0.0,0.0,0.0,0.0,0.0,0.0,0.0,0.0,0.0,0.0,0.0,4.0,0.0,0.0,0.0,0.0,1.0,21.0,18.0,3.0,24.0,23.0,32.0,26.0,10.0
62,1.0,62.0,London_32,FIFO,151,453,1092.0,70.0,2.0,111891.0,0.5857359152287245,700.0,8.0,2.0,6.0,30.0,18.0,12.0,211.0,169.0,125.0,23.0,95.0,4.0,26.0,1.0,10.0,9.0,75.0,144.0,225.0,58.0,0.0,0.0,0.0,0.0,0.0,0.0,0.0,0.0,0.0,0.0,0.0,0.0,0.0,0.0,0.0,0.0,0.0,0.0,0.0,0.0,0.0,0.0,0.0,0.0,0.0,0.0,0.0,0.0,0.0,0.0,0.0,0.0,0.0,1.0,0.0,1.0,0.0,0.0,0.0,0.0,1.0,0.0,0.0,0.0,0.0,0.0,1.0,0.0,0.0,2.0,1.0,1.0,2.0,0.0,0.0,0.0,0.0,0.0,0.0,0.0,0.0,0.0,0.0,0.0,0.0,0.0,0.0,10.0,0.0,2.0,0.0,0.0,0.0,0.0,1.0,0.0,0.0,0.0,0.0,0.0,1.0,0.0,0.0,4.0,2.0,1.0,4.0,0.0
63,1.0,63.0,London_32,FIFO,151,453,1092.0,70.0,2.0,151302.0,0.6338829752057791,787.0,95.0,0.0,95.0,171.0,0.0,171.0,30.0,167.0,118.0,26.0,100.0,4.0,27.0,1.0,10.0,6.0,78.0,136.0,233.0,56.0,0.0,0.0,0.0,0.0,0.0,0.0,0.0,0.0,0.0,0.0,0.0,0.0,0.0,0.0,0.0,0.0,0.0,0.0,0.0,0.0,0.0,0.0,0.0,0.0,0.0,0.0,0.0,0.0,0.0,0.0,0.0,0.0,0.0,0.0,0.0,0.0,0.0,0.0,0.0,0.0,7.0,1.0,0.0,2.0,0.0,0.0,10.0,6.0,0.0,14.0,28.0,19.0,22.0,5.0,0.0,0.0,0.0,0.0,0.0,0.0,0.0,0.0,0.0,0.0,0.0,0.0,0.0,0.0,0.0,0.0,0.0,0.0,0.0,0.0,10.0,1.0,0.0,3.0,0.0,0.0,12.0,8.0,0.0,19.0,44.0,24.0,33.0,6.0
64,1.0,64.0,London_32,FIFO,151,453,1092.0,70.0,2.0,138165.0,0.7263816096819937,758.0,79.0,0.0,79.0,140.0,0.0,140.0,171.0,173.0,123.0,29.0,90.0,2.0,26.0,1.0,9.0,8.0,64.0,164.0,217.0,66.0,0.0,0.0,0.0,0.0,0.0,0.0,0.0,0.0,0.0,0.0,0.0,0.0,0.0,0.0,0.0,0.0,0.0,0.0,0.0,0.0,0.0,0.0,0.0,0.0,0.0,0.0,0.0,0.0,0.0,0.0,0.0,0.0,0.0,0.0,0.0,0.0,0.0,0.0,0.0,0.0,1.0,3.0,0.0,1.0,1.0,0.0,5.0,8.0,6.0,9.0,14.0,22.0,15.0,6.0,0.0,0.0,0.0,0.0,0.0,0.0,0.0,0.0,0.0,0.0,0.0,0.0,0.0,0.0,0.0,0.0,0.0,0.0,0.0,0.0,1.0,4.0,0.0,1.0,1.0,0.0,8.0,11.0,8.0,12.0,22.0,36.0,16.0,13.0
65,1.0,65.0,London_32,FIFO,151,453,1092.0,70.0,2.0,130917.0,0.8170196460559964,742.0,26.0,2.0,24.0,56.0,17.0,39.0,140.0,179.0,120.0,32.0,87.0,2.0,26.0,0.0,7.0,7.0,68.0,158.0,220.0,64.0,0.0,0.0,0.0,0.0,0.0,0.0,0.0,0.0,0.0,0.0,0.0,0.0,0.0,0.0,0.0,0.0,0.0,0.0,0.0,0.0,0.0,0.0,0.0,0.0,0.0,0.0,0.0,0.0,0.0,1.0,0.0,0.0,2.0,1.0,0.0,1.0,0.0,0.0,0.0,0.0,3.0,1.0,0.0,0.0,0.0,0.0,1.0,2.0,1.0,3.0,6.0,7.0,5.0,3.0,0.0,0.0,0.0,0.0,0.0,0.0,0.0,0.0,0.0,2.0,0.0,0.0,14.0,7.0,0.0,4.0,0.0,0.0,0.0,0.0,4.0,1.0,0.0,0.0,0.0,0.0,1.0,3.0,2.0,3.0,8.0,11.0,5.0,5.0
66,1.0,66.0,London_32,FIFO,151,453,1092.0,70.0,2.0,153567.0,0.9270232142880559,792.0,92.0,2.0,90.0,175.0,17.0,158.0,56.0,183.0,120.0,32.0,99.0,1.0,11.0,0.0,7.0,6.0,75.0,151.0,221.0,60.0,0.0,0.0,0.0,0.0,0.0,0.0,0.0,0.0,0.0,0.0,0.0,0.0,0.0,0.0,0.0,0.0,0.0,0.0,0.0,0.0,0.0,0.0,0.0,0.0,0.0,0.0,0.0,0.0,0.0,0.0,0.0,0.0,1.0,0.0,0.0,2.0,0.0,0.0,0.0,0.0,6.0,2.0,0.0,1.0,2.0,0.0,10.0,4.0,6.0,7.0,16.0,21.0,16.0,9.0,0.0,0.0,0.0,0.0,0.0,0.0,0.0,0.0,0.0,0.0,0.0,0.0,3.0,0.0,0.0,8.0,0.0,0.0,0.0,0.0,6.0,2.0,0.0,1.0,2.0,0.0,15.0,5.0,7.0,9.0,25.0,34.0,19.0,16.0
67,1.0,67.0,London_32,FIFO,151,453,1092.0,70.0,2.0,137712.0,0.8436743225902319,757.0,95.0,2.0,93.0,178.0,17.0,161.0,175.0,197.0,116.0,49.0,59.0,3.0,17.0,1.0,11.0,8.0,68.0,142.0,235.0,54.0,0.0,0.0,0.0,0.0,0.0,0.0,0.0,0.0,0.0,0.0,0.0,0.0,0.0,0.0,0.0,0.0,0.0,0.0,0.0,0.0,0.0,0.0,0.0,0.0,0.0,0.0,0.0,0.0,0.0,2.0,0.0,0.0,2.0,1.0,1.0,0.0,2.0,0.0,0.0,0.0,6.0,9.0,0.0,0.0,8.0,1.0,12.0,5.0,2.0,14.0,16.0,29.0,16.0,13.0,0.0,0.0,0.0,0.0,0.0,0.0,0.0,0.0,0.0,4.0,0.0,0.0,6.0,8.0,6.0,0.0,16.0,0.0,0.0,0.0,6.0,13.0,0.0,0.0,8.0,2.0,15.0,7.0,3.0,18.0,23.0,43.0,23.0,20.0
68,1.0,68.0,London_32,FIFO,151,453,1092.0,70.0,2.0,125934.0,0.8033439530991018,731.0,83.0,1.0,82.0,141.0,7.0,134.0,178.0,207.0,96.0,54.0,57.0,8.0,21.0,0.0,10.0,6.0,73.0,145.0,229.0,26.0,0.0,0.0,0.0,0.0,0.0,0.0,0.0,0.0,0.0,0.0,0.0,0.0,0.0,0.0,0.0,0.0,0.0,0.0,0.0,0.0,0.0,0.0,0.0,0.0,0.0,0.0,0.0,0.0,0.0,0.0,0.0,0.0,0.0,0.0,0.0,0.0,0.0,0.0,0.0,0.0,5.0,2.0,0.0,3.0,1.0,0.0,6.0,6.0,1.0,15.0,12.0,22.0,11.0,5.0,0.0,0.0,0.0,0.0,0.0,0.0,0.0,0.0,0.0,0.0,0.0,0.0,0.0,0.0,0.0,0.0,0.0,0.0,0.0,0.0,6.0,3.0,0.0,6.0,1.0,0.0,7.0,8.0,1.0,20.0,14.0,34.0,14.0,6.0
69,1.0,69.0,London_32,FIFO,151,453,1092.0,70.0,2.0,122310.0,0.6889658733271062,723.0,113.0,0.0,113.0,196.0,0.0,196.0,141.0,223.0,89.0,53.0,45.0,16.0,19.0,0.0,8.0,5.0,76.0,154.0,218.0,25.0,0.0,0.0,0.0,0.0,0.0,0.0,0.0,0.0,0.0,0.0,0.0,0.0,0.0,0.0,0.0,0.0,0.0,0.0,0.0,0.0,0.0,0.0,0.0,0.0,0.0,0.0,0.0,0.0,0.0,0.0,0.0,0.0,0.0,0.0,0.0,0.0,0.0,0.0,0.0,0.0,0.0,8.0,0.0,3.0,5.0,1.0,7.0,10.0,3.0,5.0,22.0,25.0,16.0,11.0,0.0,0.0,0.0,0.0,0.0,0.0,0.0,0.0,0.0,0.0,0.0,0.0,0.0,0.0,0.0,0.0,0.0,0.0,0.0,0.0,0.0,11.0,0.0,7.0,5.0,1.0,8.0,12.0,5.0,5.0,34.0,35.0,20.0,18.0
70,1.0,70.0,London_32,FIFO,151,453,1092.0,70.0,2.0,104643.0,0.6717104292474687,684.0,26.0,0.0,26.0,49.0,0.0,49.0,196.0,239.0,94.0,30.0,52.0,10.0,18.0,3.0,7.0,6.0,75.0,143.0,229.0,27.0,0.0,0.0,0.0,0.0,0.0,0.0,0.0,0.0,0.0,0.0,0.0,0.0,0.0,0.0,0.0,0.0,0.0,0.0,0.0,0.0,0.0,0.0,0.0,0.0,0.0,0.0,0.0,0.0,0.0,0.0,0.0,0.0,0.0,0.0,0.0,0.0,0.0,0.0,0.0,0.0,1.0,0.0,0.0,0.0,0.0,1.0,1.0,4.0,0.0,9.0,4.0,10.0,4.0,2.0,0.0,0.0,0.0,0.0,0.0,0.0,0.0,0.0,0.0,0.0,0.0,0.0,0.0,0.0,0.0,0.0,0.0,0.0,0.0,0.0,3.0,0.0,0.0,0.0,0.0,2.0,1.0,8.0,0.0,14.0,5.0,14.0,6.0,6.0
71,1.0,71.0,London_32,FIFO,151,453,1092.0,70.0,2.0,138618.0,0.7255235938355327,759.0,20.0,0.0,20.0,37.0,0.0,37.0,49.0,240.0,104.0,28.0,41.0,7.0,21.0,3.0,9.0,7.0,78.0,144.0,224.0,30.0,0.0,0.0,0.0,0.0,0.0,0.0,0.0,0.0,0.0,0.0,0.0,0.0,0.0,0.0,0.0,0.0,0.0,0.0,0.0,0.0,0.0,0.0,0.0,0.0,0.0,0.0,0.0,0.0,0.0,0.0,0.0,0.0,0.0,0.0,0.0,0.0,0.0,0.0,0.0,0.0,1.0,0.0,0.0,0.0,0.0,0.0,1.0,3.0,2.0,1.0,0.0,4.0,5.0,2.0,0.0,0.0,0.0,0.0,0.0,0.0,0.0,0.0,0.0,0.0,0.0,0.0,0.0,0.0,0.0,0.0,0.0,0.0,0.0,0.0,2.0,0.0,0.0,0.0,0.0,0.0,1.0,4.0,2.0,1.0,0.0,7.0,6.0,5.0
72,1.0,72.0,London_32,FIFO,151,453,1092.0,70.0,2.0,173499.0,0.8585953689180315,836.0,46.0,0.0,46.0,75.0,0.0,75.0,37.0,237.0,109.0,25.0,40.0,7.0,22.0,3.0,10.0,6.0,81.0,146.0,220.0,32.0,0.0,0.0,0.0,0.0,0.0,0.0,0.0,0.0,0.0,0.0,0.0,0.0,0.0,0.0,0.0,0.0,0.0,0.0,0.0,0.0,0.0,0.0,0.0,0.0,0.0,0.0,0.0,0.0,0.0,0.0,0.0,0.0,0.0,0.0,0.0,0.0,0.0,0.0,0.0,0.0,0.0,0.0,0.0,0.0,0.0,0.0,4.0,2.0,2.0,3.0,9.0,8.0,9.0,0.0,0.0,0.0,0.0,0.0,0.0,0.0,0.0,0.0,0.0,0.0,0.0,0.0,0.0,0.0,0.0,0.0,0.0,0.0,0.0,0.0,0.0,0.0,0.0,0.0,0.0,0.0,6.0,2.0,2.0,3.0,13.0,9.0,9.0,0.0
73,1.0,73.0,London_32,FIFO,151,453,1092.0,70.0,2.0,212457.0,1.106791795231402,922.0,36.0,3.0,33.0,88.0,28.0,60.0,75.0,239.0,116.0,25.0,35.0,8.0,21.0,2.0,7.0,8.0,80.0,155.0,210.0,39.0,0.0,0.0,0.0,0.0,0.0,0.0,0.0,0.0,0.0,0.0,0.0,0.0,0.0,0.0,0.0,0.0,0.0,0.0,0.0,0.0,0.0,0.0,0.0,0.0,0.0,0.0,0.0,0.0,0.0,1.0,0.0,0.0,0.0,1.0,1.0,2.0,0.0,0.0,0.0,0.0,3.0,0.0,1.0,1.0,0.0,0.0,5.0,1.0,2.0,4.0,6.0,11.0,7.0,4.0,0.0,0.0,0.0,0.0,0.0,0.0,0.0,0.0,0.0,5.0,0.0,0.0,0.0,5.0,7.0,8.0,0.0,0.0,0.0,0.0,4.0,0.0,1.0,1.0,0.0,0.0,6.0,2.0,2.0,6.0,11.0,13.0,7.0,7.0
74,1.0,74.0,London_32,FIFO,151,453,1092.0,70.0,2.0,248244.0,1.4318928979337215,1001.0,202.0,0.0,202.0,357.0,0.0,357.0,88.0,245.0,114.0,28.0,32.0,3.0,23.0,1.0,7.0,9.0,68.0,153.0,223.0,40.0,0.0,0.0,0.0,0.0,0.0,0.0,0.0,0.0,0.0,0.0,0.0,0.0,0.0,0.0,0.0,0.0,0.0,0.0,0.0,0.0,0.0,0.0,0.0,0.0,0.0,0.0,0.0,0.0,0.0,0.0,0.0,0.0,0.0,0.0,0.0,0.0,0.0,0.0,0.0,0.0,1.0,23.0,0.0,5.0,8.0,0.0,6.0,16.0,4.0,8.0,33.0,54.0,13.0,22.0,0.0,0.0,0.0,0.0,0.0,0.0,0.0,0.0,0.0,0.0,0.0,0.0,0.0,0.0,0.0,0.0,0.0,0.0,0.0,0.0,1.0,33.0,0.0,7.0,8.0,0.0,6.0,19.0,4.0,14.0,50.0,81.0,15.0,32.0
75,1.0,75.0,London_32,FIFO,151,453,1092.0,70.0,2.0,205662.0,0.7625806429423392,907.0,69.0,1.0,68.0,119.0,9.0,110.0,357.0,147.0,135.0,27.0,97.0,7.0,35.0,1.0,4.0,4.0,70.0,148.0,231.0,46.0,0.0,0.0,0.0,0.0,0.0,0.0,0.0,0.0,0.0,0.0,0.0,0.0,0.0,0.0,0.0,0.0,0.0,0.0,0.0,0.0,0.0,0.0,0.0,0.0,0.0,0.0,0.0,0.0,0.0,1.0,0.0,1.0,0.0,1.0,0.0,1.0,0.0,0.0,0.0,0.0,3.0,2.0,0.0,0.0,1.0,0.0,3.0,7.0,3.0,4.0,16.0,16.0,16.0,4.0,0.0,0.0,0.0,0.0,0.0,0.0,0.0,0.0,0.0,6.0,0.0,2.0,0.0,7.0,0.0,4.0,0.0,0.0,0.0,0.0,5.0,3.0,0.0,0.0,1.0,0.0,5.0,11.0,6.0,5.0,26.0,20.0,20.0,4.0
76,1.0,76.0,London_32,FIFO,151,453,1092.0,70.0,2.0,215628.0,1.0554237430915236,929.0,186.0,2.0,184.0,329.0,18.0,311.0,119.0,155.0,129.0,19.0,94.0,11.0,42.0,1.0,2.0,5.0,88.0,137.0,223.0,44.0,0.0,0.0,0.0,0.0,0.0,0.0,0.0,0.0,0.0,0.0,0.0,0.0,0.0,0.0,0.0,0.0,0.0,0.0,0.0,0.0,0.0,0.0,0.0,0.0,0.0,0.0,0.0,0.0,0.0,1.0,0.0,0.0,0.0,0.0,0.0,1.0,0.0,0.0,0.0,0.0,5.0,18.0,13.0,0.0,19.0,0.0,24.0,11.0,4.0,6.0,28.0,38.0,20.0,10.0,0.0,0.0,0.0,0.0,0.0,0.0,0.0,0.0,0.0,3.0,0.0,0.0,0.0,0.0,0.0,1.0,0.0,0.0,0.0,0.0,5.0,25.0,14.0,0.0,21.0,0.0,35.0,14.0,6.0,7.0,35.0,58.0,23.0,15.0
77,1.0,77.0,London_32,FIFO,151,453,1092.0,70.0,2.0,157644.0,0.7918757703155279,801.0,113.0,0.0,113.0,197.0,0.0,197.0,329.0,158.0,134.0,22.0,104.0,8.0,20.0,3.0,4.0,5.0,87.0,145.0,216.0,38.0,0.0,0.0,0.0,0.0,0.0,0.0,0.0,0.0,0.0,0.0,0.0,0.0,0.0,0.0,0.0,0.0,0.0,0.0,0.0,0.0,0.0,0.0,0.0,0.0,0.0,0.0,0.0,0.0,0.0,0.0,0.0,0.0,0.0,0.0,0.0,0.0,0.0,0.0,0.0,0.0,1.0,0.0,0.0,3.0,0.0,1.0,12.0,4.0,6.0,8.0,25.0,36.0,19.0,16.0,0.0,0.0,0.0,0.0,0.0,0.0,0.0,0.0,0.0,0.0,0.0,0.0,0.0,0.0,0.0,0.0,0.0,0.0,0.0,0.0,1.0,0.0,0.0,4.0,0.0,2.0,15.0,4.0,8.0,11.0,36.0,50.0,26.0,27.0
78,1.0,78.0,London_32,FIFO,151,453,1092.0,70.0,2.0,152661.0,0.8899598233401775,790.0,109.0,1.0,108.0,197.0,10.0,187.0,197.0,172.0,136.0,18.0,80.0,13.0,27.0,1.0,6.0,9.0,86.0,143.0,215.0,46.0,0.0,0.0,0.0,0.0,0.0,0.0,0.0,0.0,0.0,0.0,0.0,0.0,0.0,0.0,0.0,0.0,0.0,0.0,0.0,0.0,0.0,0.0,0.0,0.0,0.0,0.0,0.0,0.0,0.0,0.0,0.0,0.0,1.0,0.0,0.0,1.0,0.0,0.0,0.0,0.0,1.0,3.0,0.0,0.0,1.0,0.0,14.0,3.0,4.0,9.0,20.0,28.0,18.0,9.0,0.0,0.0,0.0,0.0,0.0,0.0,0.0,0.0,0.0,0.0,0.0,0.0,6.0,0.0,0.0,3.0,0.0,0.0,0.0,0.0,1.0,3.0,0.0,0.0,1.0,0.0,18.0,4.0,5.0,13.0,32.0,42.0,21.0,13.0
79,1.0,79.0,London_32,FIFO,151,453,1092.0,70.0,2.0,134994.0,0.7038978450000286,751.0,76.0,1.0,75.0,138.0,10.0,128.0,197.0,192.0,136.0,20.0,70.0,9.0,21.0,1.0,4.0,5.0,90.0,139.0,219.0,38.0,0.0,0.0,0.0,0.0,0.0,0.0,0.0,0.0,0.0,0.0,0.0,0.0,0.0,0.0,0.0,0.0,0.0,0.0,0.0,0.0,0.0,0.0,0.0,0.0,0.0,0.0,0.0,0.0,0.0,1.0,0.0,0.0,1.0,0.0,0.0,0.0,0.0,0.0,0.0,0.0,3.0,7.0,1.0,1.0,4.0,0.0,8.0,9.0,5.0,1.0,10.0,16.0,17.0,6.0,0.0,0.0,0.0,0.0,0.0,0.0,0.0,0.0,0.0,6.0,0.0,0.0,8.0,0.0,0.0,0.0,0.0,0.0,0.0,0.0,3.0,11.0,1.0,2.0,4.0,0.0,11.0,12.0,8.0,1.0,16.0,21.0,21.0,10.0
80,1.0,80.0,London_32,FIFO,151,453,1092.0,70.0,2.0,139071.0,0.72080138605088,760.0,82.0,0.0,82.0,151.0,0.0,151.0,138.0,198.0,150.0,8.0,65.0,3.0,22.0,2.0,5.0,2.0,83.0,159.0,209.0,33.0,0.0,0.0,0.0,0.0,0.0,0.0,0.0,0.0,0.0,0.0,0.0,0.0,0.0,0.0,0.0,0.0,0.0,0.0,0.0,0.0,0.0,0.0,0.0,0.0,0.0,0.0,0.0,0.0,0.0,0.0,0.0,0.0,0.0,0.0,0.0,0.0,0.0,0.0,0.0,0.0,2.0,0.0,0.0,1.0,2.0,0.0,7.0,10.0,1.0,6.0,17.0,24.0,17.0,7.0,0.0,0.0,0.0,0.0,0.0,0.0,0.0,0.0,0.0,0.0,0.0,0.0,0.0,0.0,0.0,0.0,0.0,0.0,0.0,0.0,3.0,0.0,0.0,2.0,2.0,0.0,8.0,13.0,2.0,8.0,31.0,31.0,21.0,10.0
81,1.0,81.0,London_32,FIFO,151,453,1092.0,70.0,2.0,144960.0,0.8722235700115561,773.0,50.0,0.0,50.0,84.0,0.0,84.0,151.0,210.0,154.0,10.0,56.0,2.0,15.0,1.0,5.0,2.0,88.0,157.0,206.0,44.0,0.0,0.0,0.0,0.0,0.0,0.0,0.0,0.0,0.0,0.0,0.0,0.0,0.0,0.0,0.0,0.0,0.0,0.0,0.0,0.0,0.0,0.0,0.0,0.0,0.0,0.0,0.0,0.0,0.0,0.0,0.0,0.0,0.0,0.0,0.0,0.0,0.0,0.0,0.0,0.0,1.0,1.0,0.0,0.0,0.0,0.0,7.0,1.0,0.0,10.0,5.0,8.0,11.0,5.0,0.0,0.0,0.0,0.0,0.0,0.0,0.0,0.0,0.0,0.0,0.0,0.0,0.0,0.0,0.0,0.0,0.0,0.0,0.0,0.0,2.0,2.0,0.0,0.0,0.0,0.0,8.0,2.0,0.0,15.0,8.0,13.0,13.0,8.0
82,1.0,82.0,London_32,FIFO,151,453,1092.0,70.0,2.0,162174.0,0.8316425550729036,811.0,64.0,2.0,62.0,123.0,19.0,104.0,84.0,219.0,154.0,10.0,48.0,4.0,16.0,0.0,2.0,5.0,89.0,141.0,218.0,39.0,0.0,0.0,0.0,0.0,0.0,0.0,0.0,0.0,0.0,0.0,0.0,0.0,0.0,0.0,0.0,0.0,0.0,0.0,0.0,0.0,0.0,0.0,0.0,0.0,0.0,0.0,0.0,0.0,0.0,1.0,0.0,0.0,0.0,1.0,0.0,1.0,0.0,0.0,0.0,0.0,2.0,3.0,4.0,0.0,0.0,0.0,7.0,1.0,6.0,6.0,17.0,16.0,8.0,4.0,0.0,0.0,0.0,0.0,0.0,0.0,0.0,0.0,0.0,1.0,0.0,0.0,0.0,6.0,0.0,5.0,0.0,0.0,0.0,0.0,3.0,3.0,5.0,0.0,0.0,0.0,7.0,1.0,7.0,6.0,24.0,22.0,9.0,7.0
83,1.0,83.0,London_32,FIFO,151,453,1092.0,70.0,2.0,176670.0,1.1357172532007098,843.0,87.0,2.0,85.0,165.0,17.0,148.0,123.0,211.0,154.0,22.0,42.0,4.0,15.0,0.0,5.0,1.0,90.0,127.0,235.0,33.0,0.0,0.0,0.0,0.0,0.0,0.0,0.0,0.0,0.0,0.0,0.0,0.0,0.0,0.0,0.0,0.0,0.0,0.0,0.0,0.0,0.0,0.0,0.0,0.0,0.0,0.0,0.0,0.0,0.0,2.0,0.0,0.0,2.0,1.0,0.0,2.0,0.0,0.0,0.0,0.0,3.0,0.0,3.0,0.0,3.0,0.0,12.0,8.0,2.0,7.0,18.0,26.0,19.0,4.0,0.0,0.0,0.0,0.0,0.0,0.0,0.0,0.0,0.0,4.0,0.0,0.0,8.0,3.0,0.0,8.0,0.0,0.0,0.0,0.0,4.0,0.0,3.0,0.0,4.0,0.0,17.0,15.0,3.0,9.0,24.0,34.0,24.0,6.0
84,1.0,84.0,London_32,FIFO,151,453,1092.0,70.0,2.0,178029.0,1.0949657983146608,846.0,144.0,0.0,144.0,243.0,0.0,243.0,165.0,199.0,156.0,12.0,64.0,7.0,8.0,0.0,7.0,4.0,91.0,136.0,222.0,36.0,0.0,0.0,0.0,0.0,0.0,0.0,0.0,0.0,0.0,0.0,0.0,0.0,0.0,0.0,0.0,0.0,0.0,0.0,0.0,0.0,0.0,0.0,0.0,0.0,0.0,0.0,0.0,0.0,0.0,0.0,0.0,0.0,0.0,0.0,0.0,0.0,0.0,0.0,0.0,0.0,2.0,1.0,1.0,0.0,2.0,2.0,12.0,8.0,6.0,12.0,32.0,23.0,24.0,10.0,0.0,0.0,0.0,0.0,0.0,0.0,0.0,0.0,0.0,0.0,0.0,0.0,0.0,0.0,0.0,0.0,0.0,0.0,0.0,0.0,3.0,1.0,1.0,0.0,2.0,2.0,17.0,11.0,6.0,16.0,50.0,34.0,29.0,13.0
85,1.0,85.0,London_32,FIFO,151,453,1092.0,70.0,2.0,146319.0,0.714085805695504,776.0,22.0,2.0,20.0,47.0,18.0,29.0,243.0,211.0,109.0,18.0,93.0,4.0,14.0,2.0,2.0,5.0,90.0,142.0,216.0,29.0,0.0,0.0,0.0,0.0,0.0,0.0,0.0,0.0,0.0,0.0,0.0,0.0,0.0,0.0,0.0,0.0,0.0,0.0,0.0,0.0,0.0,0.0,0.0,0.0,0.0,0.0,0.0,0.0,0.0,0.0,0.0,0.0,1.0,1.0,0.0,1.0,0.0,0.0,0.0,0.0,0.0,2.0,0.0,0.0,0.0,0.0,3.0,2.0,1.0,3.0,0.0,5.0,0.0,2.0,0.0,0.0,0.0,0.0,0.0,0.0,0.0,0.0,0.0,0.0,0.0,0.0,7.0,5.0,0.0,2.0,0.0,0.0,0.0,0.0,0.0,2.0,0.0,0.0,0.0,0.0,3.0,2.0,1.0,4.0,0.0,7.0,0.0,3.0
86,1.0,86.0,London_32,FIFO,151,453,1092.0,70.0,2.0,170781.0,0.8625433589331806,830.0,156.0,0.0,156.0,262.0,0.0,262.0,47.0,207.0,116.0,13.0,93.0,5.0,15.0,2.0,2.0,3.0,78.0,147.0,225.0,23.0,0.0,0.0,0.0,0.0,0.0,0.0,0.0,0.0,0.0,0.0,0.0,0.0,0.0,0.0,0.0,0.0,0.0,0.0,0.0,0.0,0.0,0.0,0.0,0.0,0.0,0.0,0.0,0.0,0.0,0.0,0.0,0.0,0.0,0.0,0.0,0.0,0.0,0.0,0.0,0.0,16.0,0.0,2.0,5.0,2.0,0.0,7.0,9.0,15.0,14.0,32.0,36.0,23.0,14.0,0.0,0.0,0.0,0.0,0.0,0.0,0.0,0.0,0.0,0.0,0.0,0.0,0.0,0.0,0.0,0.0,0.0,0.0,0.0,0.0,19.0,0.0,3.0,6.0,2.0,0.0,10.0,11.0,22.0,21.0,45.0,52.0,27.0,20.0
87,1.0,87.0,London_32,FIFO,151,453,1092.0,70.0,2.0,126840.0,0.6773524908348918,733.0,102.0,2.0,100.0,180.0,17.0,163.0,262.0,223.0,100.0,19.0,67.0,7.0,28.0,3.0,6.0,9.0,70.0,157.0,217.0,31.0,0.0,0.0,0.0,0.0,0.0,0.0,0.0,0.0,0.0,0.0,0.0,0.0,0.0,0.0,0.0,0.0,0.0,0.0,0.0,0.0,0.0,0.0,0.0,0.0,0.0,0.0,0.0,0.0,0.0,0.0,0.0,0.0,1.0,1.0,0.0,1.0,1.0,0.0,0.0,0.0,0.0,1.0,0.0,2.0,0.0,0.0,8.0,13.0,11.0,15.0,15.0,29.0,22.0,18.0,0.0,0.0,0.0,0.0,0.0,0.0,0.0,0.0,0.0,0.0,0.0,0.0,1.0,8.0,0.0,3.0,8.0,0.0,0.0,0.0,0.0,1.0,0.0,2.0,0.0,0.0,9.0,19.0,15.0,18.0,22.0,42.0,25.0,25.0
88,1.0,88.0,London_32,FIFO,151,453,1092.0,70.0,2.0,110532.0,0.7643137569539249,697.0,35.0,0.0,35.0,61.0,0.0,61.0,180.0,238.0,94.0,11.0,60.0,5.0,36.0,1.0,8.0,7.0,69.0,150.0,227.0,31.0,0.0,0.0,0.0,0.0,0.0,0.0,0.0,0.0,0.0,0.0,0.0,0.0,0.0,0.0,0.0,0.0,0.0,0.0,0.0,0.0,0.0,0.0,0.0,0.0,0.0,0.0,0.0,0.0,0.0,0.0,0.0,0.0,0.0,0.0,0.0,0.0,0.0,0.0,0.0,0.0,2.0,0.0,0.0,0.0,0.0,0.0,3.0,3.0,0.0,4.0,5.0,6.0,6.0,1.0,0.0,0.0,0.0,0.0,0.0,0.0,0.0,0.0,0.0,0.0,0.0,0.0,0.0,0.0,0.0,0.0,0.0,0.0,0.0,0.0,2.0,0.0,0.0,0.0,0.0,0.0,3.0,4.0,0.0,5.0,8.0,10.0,8.0,1.0
89,1.0,89.0,London_32,FIFO,151,453,1092.0,70.0,2.0,125934.0,0.9476684359833598,731.0,75.0,1.0,74.0,145.0,8.0,137.0,61.0,241.0,91.0,15.0,49.0,7.0,39.0,1.0,10.0,6.0,67.0,166.0,214.0,39.0,0.0,0.0,0.0,0.0,0.0,0.0,0.0,0.0,0.0,0.0,0.0,0.0,0.0,0.0,0.0,0.0,0.0,0.0,0.0,0.0,0.0,0.0,0.0,0.0,0.0,0.0,0.0,0.0,0.0,0.0,0.0,0.0,1.0,0.0,0.0,1.0,0.0,0.0,0.0,0.0,1.0,2.0,3.0,0.0,0.0,0.0,2.0,10.0,0.0,6.0,14.0,14.0,15.0,8.0,0.0,0.0,0.0,0.0,0.0,0.0,0.0,0.0,0.0,0.0,0.0,0.0,1.0,0.0,0.0,4.0,0.0,0.0,0.0,0.0,1.0,2.0,3.0,0.0,0.0,0.0,3.0,15.0,0.0,9.0,20.0,25.0,18.0,16.0
90,1.0,90.0,London_32,FIFO,151,453,1092.0,70.0,2.0,128652.0,0.7772633377462626,737.0,64.0,2.0,62.0,122.0,18.0,104.0,145.0,243.0,95.0,13.0,39.0,8.0,40.0,1.0,14.0,8.0,72.0,154.0,219.0,43.0,0.0,0.0,0.0,0.0,0.0,0.0,0.0,0.0,0.0,0.0,0.0,0.0,0.0,0.0,0.0,0.0,0.0,0.0,0.0,0.0,0.0,0.0,0.0,0.0,0.0,0.0,0.0,0.0,0.0,0.0,1.0,0.0,1.0,0.0,1.0,2.0,0.0,0.0,0.0,0.0,1.0,0.0,0.0,1.0,0.0,0.0,6.0,1.0,2.0,8.0,11.0,21.0,11.0,6.0,0.0,0.0,0.0,0.0,0.0,0.0,0.0,0.0,0.0,0.0,4.0,0.0,2.0,0.0,7.0,10.0,0.0,0.0,0.0,0.0,1.0,0.0,0.0,2.0,0.0,0.0,9.0,1.0,3.0,12.0,16.0,35.0,12.0,10.0
91,1.0,91.0,London_32,FIFO,151,453,1092.0,70.0,2.0,135900.0,0.8202042221091688,753.0,95.0,1.0,94.0,172.0,11.0,161.0,122.0,252.0,87.0,14.0,45.0,6.0,33.0,2.0,14.0,8.0,72.0,158.0,215.0,28.0,0.0,0.0,0.0,0.0,0.0,0.0,0.0,0.0,0.0,0.0,0.0,0.0,0.0,0.0,0.0,0.0,0.0,0.0,0.0,0.0,0.0,0.0,0.0,0.0,0.0,0.0,0.0,0.0,0.0,1.0,0.0,0.0,1.0,0.0,0.0,1.0,0.0,0.0,0.0,0.0,6.0,1.0,1.0,2.0,1.0,1.0,20.0,7.0,3.0,12.0,22.0,12.0,22.0,9.0,0.0,0.0,0.0,0.0,0.0,0.0,0.0,0.0,0.0,6.0,0.0,0.0,9.0,0.0,0.0,5.0,0.0,0.0,0.0,0.0,7.0,1.0,1.0,4.0,1.0,2.0,27.0,9.0,3.0,19.0,31.0,15.0,25.0,12.0
92,1.0,92.0,London_32,FIFO,151,453,1092.0,70.0,2.0,124575.0,0.724565691780299,728.0,19.0,0.0,19.0,38.0,0.0,38.0,172.0,256.0,89.0,14.0,48.0,4.0,30.0,3.0,9.0,5.0,73.0,164.0,211.0,32.0,0.0,0.0,0.0,0.0,0.0,0.0,0.0,0.0,0.0,0.0,0.0,0.0,0.0,0.0,0.0,0.0,0.0,0.0,0.0,0.0,0.0,0.0,0.0,0.0,0.0,0.0,0.0,0.0,0.0,0.0,0.0,0.0,0.0,0.0,0.0,0.0,0.0,0.0,0.0,0.0,1.0,2.0,0.0,0.0,0.0,0.0,1.0,1.0,1.0,5.0,5.0,1.0,6.0,1.0,0.0,0.0,0.0,0.0,0.0,0.0,0.0,0.0,0.0,0.0,0.0,0.0,0.0,0.0,0.0,0.0,0.0,0.0,0.0,0.0,1.0,3.0,0.0,0.0,0.0,0.0,2.0,1.0,1.0,8.0,10.0,2.0,10.0,1.0
93,1.0,93.0,London_32,FIFO,151,453,1092.0,70.0,2.0,149943.0,0.8870097906328738,784.0,80.0,2.0,78.0,161.0,18.0,143.0,38.0,258.0,78.0,14.0,55.0,5.0,32.0,3.0,8.0,4.0,74.0,169.0,206.0,32.0,0.0,0.0,0.0,0.0,0.0,0.0,0.0,0.0,0.0,0.0,0.0,0.0,0.0,0.0,0.0,0.0,0.0,0.0,0.0,0.0,0.0,0.0,0.0,0.0,0.0,0.0,0.0,0.0,0.0,1.0,0.0,0.0,0.0,0.0,0.0,2.0,0.0,0.0,0.0,0.0,4.0,5.0,0.0,2.0,12.0,0.0,6.0,9.0,2.0,14.0,12.0,23.0,16.0,11.0,0.0,0.0,0.0,0.0,0.0,0.0,0.0,0.0,0.0,4.0,0.0,0.0,0.0,0.0,0.0,7.0,0.0,0.0,0.0,0.0,4.0,7.0,0.0,3.0,13.0,0.0,12.0,15.0,5.0,21.0,20.0,31.0,26.0,18.0
94,1.0,94.0,London_32,FIFO,151,453,1092.0,70.0,2.0,144054.0,0.9047390189953148,771.0,105.0,1.0,104.0,205.0,10.0,195.0,161.0,262.0,99.0,10.0,39.0,6.0,31.0,2.0,4.0,7.0,69.0,142.0,235.0,34.0,0.0,0.0,0.0,0.0,0.0,0.0,0.0,0.0,0.0,0.0,0.0,0.0,0.0,0.0,0.0,0.0,0.0,0.0,0.0,0.0,0.0,0.0,0.0,0.0,0.0,0.0,0.0,0.0,0.0,0.0,0.0,0.0,0.0,0.0,0.0,1.0,0.0,0.0,0.0,0.0,2.0,4.0,3.0,3.0,4.0,0.0,8.0,4.0,5.0,27.0,28.0,23.0,14.0,8.0,0.0,0.0,0.0,0.0,0.0,0.0,0.0,0.0,0.0,0.0,0.0,0.0,0.0,0.0,0.0,3.0,0.0,0.0,0.0,0.0,3.0,6.0,3.0,5.0,4.0,0.0,12.0,7.0,7.0,39.0,47.0,41.0,21.0,12.0
95,1.0,95.0,London_32,FIFO,151,453,1092.0,70.0,2.0,124122.0,1.0180709371343255,727.0,65.0,2.0,63.0,126.0,16.0,110.0,205.0,259.0,70.0,26.0,50.0,16.0,24.0,3.0,5.0,5.0,77.0,140.0,231.0,24.0,0.0,0.0,0.0,0.0,0.0,0.0,0.0,0.0,0.0,0.0,0.0,0.0,0.0,0.0,0.0,0.0,0.0,0.0,0.0,0.0,0.0,0.0,0.0,0.0,0.0,0.0,0.0,0.0,0.0,1.0,0.0,0.0,1.0,1.0,0.0,1.0,0.0,0.0,0.0,0.0,5.0,6.0,0.0,0.0,0.0,0.0,9.0,10.0,3.0,13.0,9.0,18.0,12.0,10.0,0.0,0.0,0.0,0.0,0.0,0.0,0.0,0.0,0.0,3.0,0.0,0.0,6.0,6.0,0.0,1.0,0.0,0.0,0.0,0.0,9.0,9.0,0.0,0.0,0.0,0.0,12.0,13.0,4.0,21.0,14.0,29.0,14.0,16.0
96,1.0,96.0,London_32,FIFO,151,453,1092.0,70.0,2.0,140430.0,1.0227635148912668,763.0,110.0,0.0,110.0,183.0,0.0,183.0,126.0,271.0,66.0,37.0,48.0,10.0,17.0,1.0,3.0,6.0,77.0,140.0,230.0,23.0,0.0,0.0,0.0,0.0,0.0,0.0,0.0,0.0,0.0,0.0,0.0,0.0,0.0,0.0,0.0,0.0,0.0,0.0,0.0,0.0,0.0,0.0,0.0,0.0,0.0,0.0,0.0,0.0,0.0,0.0,0.0,0.0,0.0,0.0,0.0,0.0,0.0,0.0,0.0,0.0,3.0,0.0,0.0,4.0,1.0,1.0,5.0,1.0,2.0,13.0,20.0,28.0,20.0,11.0,0.0,0.0,0.0,0.0,0.0,0.0,0.0,0.0,0.0,0.0,0.0,0.0,0.0,0.0,0.0,0.0,0.0,0.0,0.0,0.0,3.0,0.0,0.0,6.0,1.0,1.0,6.0,3.0,6.0,19.0,32.0,35.0,24.0,16.0
97,1.0,97.0,London_32,FIFO,151,453,1092.0,70.0,2.0,132729.0,0.8603914841078222,746.0,102.0,0.0,102.0,169.0,0.0,169.0,183.0,282.0,62.0,13.0,58.0,14.0,20.0,1.0,3.0,3.0,75.0,150.0,225.0,29.0,0.0,0.0,0.0,0.0,0.0,0.0,0.0,0.0,0.0,0.0,0.0,0.0,0.0,0.0,0.0,0.0,0.0,0.0,0.0,0.0,0.0,0.0,0.0,0.0,0.0,0.0,0.0,0.0,0.0,0.0,0.0,0.0,0.0,0.0,0.0,0.0,0.0,0.0,0.0,0.0,2.0,13.0,0.0,1.0,2.0,0.0,5.0,2.0,2.0,12.0,19.0,25.0,14.0,7.0,0.0,0.0,0.0,0.0,0.0,0.0,0.0,0.0,0.0,0.0,0.0,0.0,0.0,0.0,0.0,0.0,0.0,0.0,0.0,0.0,3.0,18.0,0.0,2.0,2.0,0.0,7.0,3.0,3.0,20.0,30.0,38.0,18.0,13.0
98,1.0,98.0,London_32,FIFO,151,453,1092.0,70.0,2.0,127746.0,1.0475486009381711,735.0,24.0,2.0,22.0,58.0,18.0,40.0,169.0,288.0,64.0,12.0,49.0,13.0,21.0,2.0,4.0,8.0,75.0,137.0,233.0,22.0,0.0,0.0,0.0,0.0,0.0,0.0,0.0,0.0,0.0,0.0,0.0,0.0,0.0,0.0,0.0,0.0,0.0,0.0,0.0,0.0,0.0,0.0,0.0,0.0,0.0,0.0,0.0,0.0,0.0,0.0,0.0,0.0,0.0,0.0,2.0,2.0,0.0,0.0,0.0,0.0,0.0,3.0,0.0,0.0,0.0,0.0,3.0,2.0,4.0,5.0,4.0,2.0,6.0,2.0,0.0,0.0,0.0,0.0,0.0,0.0,0.0,0.0,0.0,0.0,0.0,0.0,0.0,0.0,15.0,4.0,0.0,0.0,0.0,0.0,0.0,3.0,0.0,0.0,0.0,0.0,4.0,2.0,4.0,5.0,6.0,3.0,10.0,3.0
99,1.0,99.0,London_32,FIFO,151,453,1092.0,70.0,2.0,156738.0,0.9007705133408308,799.0,31.0,0.0,31.0,50.0,0.0,50.0,58.0,282.0,72.0,5.0,41.0,13.0,29.0,4.0,7.0,5.0,75.0,135.0,238.0,21.0,0.0,0.0,0.0,0.0,0.0,0.0,0.0,0.0,0.0,0.0,0.0,0.0,0.0,0.0,0.0,0.0,0.0,0.0,0.0,0.0,0.0,0.0,0.0,0.0,0.0,0.0,0.0,0.0,0.0,0.0,0.0,0.0,0.0,0.0,0.0,0.0,0.0,0.0,0.0,0.0,3.0,0.0,0.0,0.0,0.0,1.0,2.0,7.0,0.0,4.0,5.0,6.0,5.0,2.0,0.0,0.0,0.0,0.0,0.0,0.0,0.0,0.0,0.0,0.0,0.0,0.0,0.0,0.0,0.0,0.0,0.0,0.0,0.0,0.0,4.0,0.0,0.0,0.0,0.0,1.0,2.0,10.0,0.0,4.0,8.0,10.0,8.0,3.0
100,1.0,100.0,London_32,FIFO,151,453,1092.0,70.0,2.0,181200.0,1.24494573706761,853.0,57.0,0.0,57.0,96.0,0.0,96.0,50.0,277.0,84.0,6.0,41.0,11.0,26.0,3.0,5.0,6.0,74.0,148.0,225.0,28.0,0.0,0.0,0.0,0.0,0.0,0.0,0.0,0.0,0.0,0.0,0.0,0.0,0.0,0.0,0.0,0.0,0.0,0.0,0.0,0.0,0.0,0.0,0.0,0.0,0.0,0.0,0.0,0.0,0.0,0.0,0.0,0.0,0.0,0.0,0.0,0.0,0.0,0.0,0.0,0.0,4.0,6.0,0.0,2.0,1.0,0.0,5.0,4.0,6.0,14.0,11.0,15.0,15.0,6.0,0.0,0.0,0.0,0.0,0.0,0.0,0.0,0.0,0.0,0.0,0.0,0.0,0.0,0.0,0.0,0.0,0.0,0.0,0.0,0.0,4.0,6.0,0.0,3.0,1.0,0.0,6.0,5.0,7.0,20.0,16.0,18.0,19.0,8.0
101,1.0,101.0,London_32,FIFO,151,453,1092.0,70.0,2.0,202038.0,1.609928477089852,899.0,105.0,0.0,105.0,175.0,0.0,175.0,96.0,276.0,97.0,4.0,29.0,12.0,26.0,3.0,6.0,7.0,72.0,139.0,235.0,26.0,0.0,0.0,0.0,0.0,0.0,0.0,0.0,0.0,0.0,0.0,0.0,0.0,0.0,0.0,0.0,0.0,0.0,0.0,0.0,0.0,0.0,0.0,0.0,0.0,0.0,0.0,0.0,0.0,0.0,0.0,0.0,0.0,0.0,0.0,0.0,0.0,0.0,0.0,0.0,0.0,1.0,16.0,0.0,0.0,3.0,0.0,13.0,3.0,11.0,6.0,21.0,27.0,9.0,12.0,0.0,0.0,0.0,0.0,0.0,0.0,0.0,0.0,0.0,0.0,0.0,0.0,0.0,0.0,0.0,0.0,0.0,0.0,0.0,0.0,2.0,22.0,0.0,0.0,4.0,0.0,17.0,4.0,12.0,7.0,31.0,41.0,12.0,18.0
102,1.0,102.0,London_32,FIFO,151,453,1092.0,70.0,2.0,197961.0,1.1086759348399937,890.0,133.0,1.0,132.0,230.0,9.0,221.0,175.0,279.0,63.0,16.0,46.0,14.0,24.0,4.0,7.0,1.0,73.0,148.0,231.0,18.0,0.0,0.0,0.0,0.0,0.0,0.0,0.0,0.0,0.0,0.0,0.0,0.0,0.0,0.0,0.0,0.0,0.0,0.0,0.0,0.0,0.0,0.0,0.0,0.0,0.0,0.0,0.0,0.0,0.0,0.0,0.0,0.0,0.0,0.0,1.0,0.0,0.0,0.0,0.0,0.0,3.0,10.0,0.0,0.0,1.0,0.0,17.0,3.0,2.0,15.0,13.0,35.0,14.0,6.0,0.0,0.0,0.0,0.0,0.0,0.0,0.0,0.0,0.0,0.0,0.0,0.0,0.0,0.0,5.0,0.0,0.0,0.0,0.0,0.0,3.0,12.0,0.0,0.0,1.0,0.0,23.0,5.0,2.0,23.0,18.0,47.0,16.0,11.0
103,1.0,103.0,London_32,FIFO,151,453,1092.0,70.0,2.0,180747.0,1.233362992759794,852.0,155.0,2.0,153.0,293.0,18.0,275.0,230.0,223.0,86.0,20.0,73.0,15.0,24.0,6.0,6.0,5.0,68.0,156.0,224.0,24.0,0.0,0.0,0.0,0.0,0.0,0.0,0.0,0.0,0.0,0.0,0.0,0.0,0.0,0.0,0.0,0.0,0.0,0.0,0.0,0.0,0.0,0.0,0.0,0.0,0.0,0.0,0.0,0.0,0.0,1.0,0.0,0.0,1.0,1.0,1.0,1.0,0.0,0.0,0.0,0.0,2.0,23.0,0.0,2.0,2.0,0.0,14.0,7.0,4.0,29.0,36.0,26.0,16.0,9.0,0.0,0.0,0.0,0.0,0.0,0.0,0.0,0.0,0.0,3.0,0.0,0.0,5.0,8.0,4.0,4.0,0.0,0.0,0.0,0.0,2.0,35.0,0.0,3.0,3.0,0.0,21.0,10.0,5.0,39.0,52.0,32.0,19.0,12.0
104,1.0,104.0,London_32,FIFO,151,453,1092.0,70.0,2.0,150849.0,0.6993739940226078,786.0,83.0,2.0,81.0,158.0,15.0,143.0,293.0,172.0,101.0,27.0,74.0,24.0,36.0,9.0,10.0,2.0,76.0,154.0,221.0,28.0,0.0,0.0,0.0,0.0,0.0,0.0,0.0,0.0,0.0,0.0,0.0,0.0,0.0,0.0,0.0,0.0,0.0,0.0,0.0,0.0,0.0,0.0,0.0,0.0,0.0,0.0,0.0,0.0,0.0,1.0,0.0,0.0,1.0,1.0,1.0,1.0,0.0,0.0,0.0,0.0,2.0,2.0,0.0,1.0,0.0,0.0,3.0,3.0,6.0,9.0,10.0,16.0,14.0,11.0,0.0,0.0,0.0,0.0,0.0,0.0,0.0,0.0,0.0,1.0,0.0,0.0,5.0,8.0,5.0,5.0,0.0,0.0,0.0,0.0,2.0,2.0,0.0,1.0,0.0,0.0,4.0,3.0,8.0,13.0,17.0,23.0,15.0,15.0
105,1.0,105.0,London_32,FIFO,151,453,1092.0,70.0,2.0,152208.0,0.7124577318318188,789.0,35.0,0.0,35.0,61.0,0.0,61.0,158.0,173.0,111.0,25.0,74.0,19.0,32.0,8.0,11.0,7.0,74.0,163.0,209.0,29.0,0.0,0.0,0.0,0.0,0.0,0.0,0.0,0.0,0.0,0.0,0.0,0.0,0.0,0.0,0.0,0.0,0.0,0.0,0.0,0.0,0.0,0.0,0.0,0.0,0.0,0.0,0.0,0.0,0.0,0.0,0.0,0.0,0.0,0.0,0.0,0.0,0.0,0.0,0.0,0.0,0.0,1.0,0.0,0.0,0.0,0.0,2.0,7.0,1.0,4.0,7.0,9.0,5.0,4.0,0.0,0.0,0.0,0.0,0.0,0.0,0.0,0.0,0.0,0.0,0.0,0.0,0.0,0.0,0.0,0.0,0.0,0.0,0.0,0.0,0.0,1.0,0.0,0.0,0.0,0.0,5.0,13.0,1.0,5.0,11.0,13.0,7.0,6.0
106,1.0,106.0,London_32,FIFO,151,453,1092.0,70.0,2.0,178482.0,0.8864065781235695,847.0,105.0,1.0,104.0,186.0,10.0,176.0,61.0,186.0,107.0,24.0,72.0,18.0,29.0,8.0,9.0,7.0,76.0,164.0,206.0,32.0,0.0,0.0,0.0,0.0,0.0,0.0,0.0,0.0,0.0,0.0,0.0,0.0,0.0,0.0,0.0,0.0,0.0,0.0,0.0,0.0,0.0,0.0,0.0,0.0,0.0,0.0,0.0,0.0,0.0,1.0,0.0,0.0,1.0,0.0,0.0,1.0,0.0,0.0,0.0,0.0,1.0,5.0,2.0,0.0,1.0,0.0,12.0,6.0,4.0,5.0,20.0,23.0,12.0,10.0,0.0,0.0,0.0,0.0,0.0,0.0,0.0,0.0,0.0,8.0,0.0,0.0,6.0,0.0,0.0,6.0,0.0,0.0,0.0,0.0,1.0,7.0,2.0,0.0,1.0,0.0,20.0,10.0,7.0,8.0,26.0,35.0,17.0,21.0
107,1.0,107.0,London_32,FIFO,151,453,1092.0,70.0,2.0,164439.0,0.8651936370879412,816.0,100.0,0.0,100.0,168.0,0.0,168.0,186.0,200.0,100.0,18.0,77.0,17.0,29.0,3.0,9.0,8.0,74.0,174.0,197.0,39.0,0.0,0.0,0.0,0.0,0.0,0.0,0.0,0.0,0.0,0.0,0.0,0.0,0.0,0.0,0.0,0.0,0.0,0.0,0.0,0.0,0.0,0.0,0.0,0.0,0.0,0.0,0.0,0.0,0.0,0.0,0.0,0.0,0.0,0.0,0.0,0.0,0.0,0.0,0.0,0.0,0.0,4.0,0.0,1.0,0.0,0.0,4.0,5.0,6.0,16.0,18.0,26.0,19.0,6.0,0.0,0.0,0.0,0.0,0.0,0.0,0.0,0.0,0.0,0.0,0.0,0.0,0.0,0.0,0.0,0.0,0.0,0.0,0.0,0.0,0.0,4.0,0.0,1.0,0.0,0.0,5.0,7.0,6.0,26.0,28.0,36.0,22.0,9.0
108,1.0,108.0,London_32,FIFO,151,453,1092.0,70.0,2.0,159909.0,0.8562165661714971,806.0,79.0,3.0,76.0,155.0,25.0,130.0,168.0,212.0,117.0,13.0,51.0,17.0,32.0,3.0,8.0,8.0,69.0,174.0,202.0,38.0,0.0,0.0,0.0,0.0,0.0,0.0,0.0,0.0,0.0,0.0,0.0,0.0,0.0,0.0,0.0,0.0,0.0,0.0,0.0,0.0,0.0,0.0,0.0,0.0,0.0,0.0,0.0,0.0,0.0,1.0,0.0,0.0,1.0,0.0,1.0,1.0,0.0,0.0,0.0,0.0,5.0,1.0,0.0,0.0,1.0,0.0,12.0,3.0,2.0,7.0,13.0,16.0,22.0,8.0,0.0,0.0,0.0,0.0,0.0,0.0,0.0,0.0,0.0,5.0,0.0,0.0,3.0,0.0,5.0,2.0,0.0,0.0,0.0,0.0,5.0,1.0,0.0,0.0,1.0,0.0,16.0,6.0,3.0,9.0,21.0,25.0,32.0,13.0
109,1.0,109.0,London_32,FIFO,151,453,1092.0,70.0,2.0,163080.0,0.9813975519500673,813.0,163.0,1.0,162.0,299.0,9.0,290.0,155.0,212.0,112.0,13.0,71.0,14.0,22.0,3.0,6.0,10.0,80.0,168.0,195.0,38.0,0.0,0.0,0.0,0.0,0.0,0.0,0.0,0.0,0.0,0.0,0.0,0.0,0.0,0.0,0.0,0.0,0.0,0.0,0.0,0.0,0.0,0.0,0.0,0.0,0.0,0.0,0.0,0.0,0.0,1.0,0.0,0.0,0.0,0.0,0.0,0.0,1.0,0.0,0.0,0.0,2.0,19.0,5.0,0.0,12.0,0.0,8.0,7.0,5.0,12.0,35.0,34.0,32.0,11.0,0.0,0.0,0.0,0.0,0.0,0.0,0.0,0.0,0.0,5.0,0.0,0.0,0.0,0.0,0.0,0.0,7.0,0.0,0.0,0.0,2.0,28.0,5.0,0.0,15.0,0.0,8.0,7.0,6.0,16.0,59.0,46.0,42.0,15.0
110,1.0,110.0,London_32,FIFO,151,453,1092.0,70.0,2.0,122310.0,0.6816845731809735,723.0,85.0,0.0,85.0,137.0,0.0,137.0,299.0,189.0,110.0,24.0,94.0,9.0,20.0,0.0,7.0,14.0,68.0,164.0,207.0,43.0,0.0,0.0,0.0,0.0,0.0,0.0,0.0,0.0,0.0,0.0,0.0,0.0,0.0,0.0,0.0,0.0,0.0,0.0,0.0,0.0,0.0,0.0,0.0,0.0,0.0,0.0,0.0,0.0,0.0,0.0,0.0,0.0,0.0,0.0,0.0,0.0,0.0,0.0,0.0,0.0,3.0,0.0,0.0,1.0,0.0,0.0,7.0,7.0,7.0,13.0,13.0,21.0,19.0,8.0,0.0,0.0,0.0,0.0,0.0,0.0,0.0,0.0,0.0,0.0,0.0,0.0,0.0,0.0,0.0,0.0,0.0,0.0,0.0,0.0,4.0,0.0,0.0,1.0,0.0,0.0,9.0,9.0,7.0,15.0,20.0,26.0,26.0,10.0
111,1.0,111.0,London_32,FIFO,151,453,1092.0,70.0,2.0,110985.0,0.7854889407753944,698.0,24.0,2.0,22.0,54.0,17.0,37.0,137.0,196.0,118.0,16.0,94.0,8.0,17.0,0.0,4.0,14.0,80.0,158.0,201.0,59.0,0.0,0.0,0.0,0.0,0.0,0.0,0.0,0.0,0.0,0.0,0.0,0.0,0.0,0.0,0.0,0.0,0.0,0.0,0.0,0.0,0.0,0.0,0.0,0.0,0.0,0.0,0.0,0.0,0.0,0.0,0.0,0.0,1.0,0.0,2.0,0.0,0.0,0.0,0.0,0.0,0.0,0.0,0.0,0.0,0.0,0.0,5.0,4.0,2.0,1.0,5.0,3.0,3.0,0.0,0.0,0.0,0.0,0.0,0.0,0.0,0.0,0.0,0.0,0.0,0.0,0.0,3.0,0.0,13.0,0.0,0.0,0.0,0.0,0.0,0.0,0.0,0.0,0.0,0.0,0.0,8.0,5.0,3.0,1.0,7.0,6.0,4.0,0.0
112,1.0,112.0,London_32,FIFO,151,453,1092.0,70.0,2.0,137712.0,0.7343715978786349,757.0,70.0,0.0,70.0,124.0,0.0,124.0,54.0,198.0,118.0,16.0,97.0,8.0,11.0,0.0,5.0,13.0,87.0,147.0,206.0,47.0,0.0,0.0,0.0,0.0,0.0,0.0,0.0,0.0,0.0,0.0,0.0,0.0,0.0,0.0,0.0,0.0,0.0,0.0,0.0,0.0,0.0,0.0,0.0,0.0,0.0,0.0,0.0,0.0,0.0,0.0,0.0,0.0,0.0,0.0,0.0,0.0,0.0,0.0,0.0,0.0,0.0,0.0,1.0,1.0,0.0,0.0,9.0,3.0,8.0,9.0,7.0,25.0,14.0,10.0,0.0,0.0,0.0,0.0,0.0,0.0,0.0,0.0,0.0,0.0,0.0,0.0,0.0,0.0,0.0,0.0,0.0,0.0,0.0,0.0,0.0,0.0,1.0,1.0,0.0,0.0,12.0,3.0,13.0,13.0,12.0,39.0,20.0,14.0
113,1.0,113.0,London_32,FIFO,151,453,1092.0,70.0,2.0,146772.0,0.7723036371171474,777.0,23.0,0.0,23.0,41.0,0.0,41.0,124.0,207.0,120.0,18.0,91.0,5.0,11.0,0.0,1.0,12.0,84.0,148.0,209.0,51.0,0.0,0.0,0.0,0.0,0.0,0.0,0.0,0.0,0.0,0.0,0.0,0.0,0.0,0.0,0.0,0.0,0.0,0.0,0.0,0.0,0.0,0.0,0.0,0.0,0.0,0.0,0.0,0.0,0.0,0.0,0.0,0.0,0.0,0.0,0.0,0.0,0.0,0.0,0.0,0.0,0.0,2.0,0.0,0.0,0.0,0.0,1.0,0.0,1.0,6.0,4.0,4.0,9.0,1.0,0.0,0.0,0.0,0.0,0.0,0.0,0.0,0.0,0.0,0.0,0.0,0.0,0.0,0.0,0.0,0.0,0.0,0.0,0.0,0.0,0.0,3.0,0.0,0.0,0.0,0.0,2.0,0.0,2.0,7.0,7.0,4.0,11.0,2.0
114,1.0,114.0,London_32,FIFO,151,453,1092.0,70.0,2.0,172593.0,0.9849004629068077,834.0,141.0,0.0,141.0,242.0,0.0,242.0,41.0,212.0,113.0,18.0,91.0,7.0,11.0,0.0,1.0,12.0,87.0,146.0,208.0,49.0,0.0,0.0,0.0,0.0,0.0,0.0,0.0,0.0,0.0,0.0,0.0,0.0,0.0,0.0,0.0,0.0,0.0,0.0,0.0,0.0,0.0,0.0,0.0,0.0,0.0,0.0,0.0,0.0,0.0,0.0,0.0,0.0,0.0,0.0,0.0,0.0,0.0,0.0,0.0,0.0,1.0,9.0,0.0,1.0,5.0,0.0,33.0,4.0,19.0,3.0,29.0,32.0,19.0,8.0,0.0,0.0,0.0,0.0,0.0,0.0,0.0,0.0,0.0,0.0,0.0,0.0,0.0,0.0,0.0,0.0,0.0,0.0,0.0,0.0,1.0,11.0,0.0,1.0,5.0,0.0,38.0,7.0,28.0,4.0,44.0,53.0,23.0,12.0
115,1.0,115.0,London_32,FIFO,151,453,1092.0,70.0,2.0,149037.0,0.9015426272526383,782.0,61.0,3.0,58.0,123.0,28.0,95.0,242.0,218.0,124.0,13.0,55.0,9.0,24.0,0.0,10.0,12.0,85.0,150.0,206.0,44.0,0.0,0.0,0.0,0.0,0.0,0.0,0.0,0.0,0.0,0.0,0.0,0.0,0.0,0.0,0.0,0.0,0.0,0.0,0.0,0.0,0.0,0.0,0.0,0.0,0.0,0.0,0.0,0.0,0.0,1.0,0.0,0.0,0.0,1.0,1.0,2.0,0.0,0.0,0.0,0.0,2.0,1.0,1.0,1.0,2.0,0.0,10.0,2.0,4.0,6.0,10.0,12.0,16.0,5.0,0.0,0.0,0.0,0.0,0.0,0.0,0.0,0.0,0.0,3.0,0.0,0.0,0.0,7.0,4.0,5.0,0.0,0.0,0.0,0.0,2.0,2.0,1.0,1.0,3.0,0.0,13.0,2.0,7.0,9.0,16.0,15.0,19.0,9.0
116,1.0,116.0,London_32,FIFO,151,453,1092.0,70.0,2.0,164439.0,0.9661538871005177,816.0,152.0,0.0,152.0,260.0,0.0,260.0,123.0,218.0,133.0,18.0,38.0,4.0,37.0,1.0,4.0,9.0,73.0,146.0,225.0,44.0,0.0,0.0,0.0,0.0,0.0,0.0,0.0,0.0,0.0,0.0,0.0,0.0,0.0,0.0,0.0,0.0,0.0,0.0,0.0,0.0,0.0,0.0,0.0,0.0,0.0,0.0,0.0,0.0,0.0,0.0,0.0,0.0,0.0,0.0,0.0,0.0,0.0,0.0,0.0,0.0,2.0,21.0,0.0,1.0,3.0,0.0,7.0,5.0,4.0,2.0,26.0,27.0,14.0,13.0,0.0,0.0,0.0,0.0,0.0,0.0,0.0,0.0,0.0,0.0,0.0,0.0,0.0,0.0,0.0,0.0,0.0,0.0,0.0,0.0,2.0,34.0,0.0,1.0,3.0,0.0,7.0,6.0,5.0,3.0,37.0,40.0,17.0,15.0
117,1.0,117.0,London_32,FIFO,151,453,1092.0,70.0,2.0,128199.0,0.6743297330103815,736.0,1.0,1.0,0.0,9.0,9.0,0.0,260.0,207.0,103.0,17.0,74.0,11.0,32.0,1.0,8.0,6.0,84.0,149.0,214.0,36.0,0.0,0.0,0.0,0.0,0.0,0.0,0.0,0.0,0.0,0.0,0.0,0.0,0.0,0.0,0.0,0.0,0.0,0.0,0.0,0.0,0.0,0.0,0.0,0.0,0.0,0.0,0.0,0.0,0.0,0.0,0.0,0.0,0.0,1.0,0.0,1.0,0.0,0.0,0.0,0.0,0.0,0.0,0.0,0.0,0.0,0.0,0.0,0.0,0.0,0.0,0.0,0.0,0.0,0.0,0.0,0.0,0.0,0.0,0.0,0.0,0.0,0.0,0.0,0.0,0.0,0.0,0.0,9.0,0.0,4.0,0.0,0.0,0.0,0.0,0.0,0.0,0.0,0.0,0.0,0.0,0.0,0.0,0.0,0.0,0.0,0.0,0.0,0.0
118,1.0,118.0,London_32,FIFO,151,453,1092.0,70.0,2.0,170781.0,0.974206006154418,830.0,145.0,2.0,143.0,255.0,18.0,237.0,9.0,204.0,104.0,17.0,72.0,12.0,33.0,1.0,10.0,5.0,85.0,145.0,218.0,37.0,0.0,0.0,0.0,0.0,0.0,0.0,0.0,0.0,0.0,0.0,0.0,0.0,0.0,0.0,0.0,0.0,0.0,0.0,0.0,0.0,0.0,0.0,0.0,0.0,0.0,0.0,0.0,0.0,0.0,1.0,0.0,0.0,0.0,0.0,0.0,2.0,0.0,0.0,0.0,0.0,1.0,4.0,1.0,0.0,5.0,1.0,29.0,8.0,21.0,10.0,33.0,34.0,27.0,10.0,0.0,0.0,0.0,0.0,0.0,0.0,0.0,0.0,0.0,6.0,0.0,0.0,0.0,0.0,0.0,5.0,0.0,0.0,0.0,0.0,1.0,5.0,1.0,0.0,5.0,1.0,46.0,12.0,26.0,11.0,48.0,52.0,34.0,13.0
119,1.0,119.0,London_32,FIFO,151,453,1092.0,70.0,2.0,141789.0,0.6906781918369234,766.0,48.0,0.0,48.0,90.0,0.0,90.0,255.0,203.0,117.0,24.0,66.0,5.0,30.0,1.0,7.0,2.0,84.0,168.0,199.0,39.0,0.0,0.0,0.0,0.0,0.0,0.0,0.0,0.0,0.0,0.0,0.0,0.0,0.0,0.0,0.0,0.0,0.0,0.0,0.0,0.0,0.0,0.0,0.0,0.0,0.0,0.0,0.0,0.0,0.0,0.0,0.0,0.0,0.0,0.0,0.0,0.0,0.0,0.0,0.0,0.0,1.0,0.0,2.0,0.0,0.0,0.0,6.0,1.0,4.0,6.0,6.0,17.0,9.0,2.0,0.0,0.0,0.0,0.0,0.0,0.0,0.0,0.0,0.0,0.0,0.0,0.0,0.0,0.0,0.0,0.0,0.0,0.0,0.0,0.0,1.0,0.0,2.0,0.0,0.0,0.0,9.0,1.0,6.0,10.0,9.0,29.0,11.0,4.0
120,1.0,120.0,London_32,FIFO,151,453,1092.0,70.0,2.0,167610.0,0.7573951720260084,823.0,34.0,1.0,33.0,64.0,10.0,54.0,90.0,212.0,124.0,22.0,59.0,3.0,30.0,0.0,3.0,4.0,83.0,167.0,199.0,42.0,0.0,0.0,0.0,0.0,0.0,0.0,0.0,0.0,0.0,0.0,0.0,0.0,0.0,0.0,0.0,0.0,0.0,0.0,0.0,0.0,0.0,0.0,0.0,0.0,0.0,0.0,0.0,0.0,0.0,0.0,0.0,0.0,1.0,0.0,0.0,0.0,0.0,0.0,0.0,0.0,1.0,0.0,0.0,0.0,0.0,0.0,5.0,2.0,2.0,2.0,5.0,7.0,8.0,2.0,0.0,0.0,0.0,0.0,0.0,0.0,0.0,0.0,0.0,0.0,0.0,0.0,6.0,0.0,0.0,0.0,0.0,0.0,0.0,0.0,1.0,0.0,0.0,0.0,0.0,0.0,5.0,3.0,3.0,2.0,7.0,9.0,11.0,2.0
121,1.0,121.0,London_32,FIFO,151,453,1092.0,70.0,2.0,205662.0,1.1929086348973215,907.0,112.0,1.0,111.0,204.0,10.0,194.0,64.0,214.0,118.0,17.0,65.0,5.0,29.0,1.0,4.0,3.0,87.0,156.0,207.0,41.0,0.0,0.0,0.0,0.0,0.0,0.0,0.0,0.0,0.0,0.0,0.0,0.0,0.0,0.0,0.0,0.0,0.0,0.0,0.0,0.0,0.0,0.0,0.0,0.0,0.0,0.0,0.0,0.0,0.0,1.0,0.0,0.0,1.0,0.0,0.0,0.0,0.0,0.0,0.0,0.0,5.0,7.0,5.0,1.0,4.0,0.0,17.0,7.0,3.0,9.0,26.0,27.0,19.0,3.0,0.0,0.0,0.0,0.0,0.0,0.0,0.0,0.0,0.0,4.0,0.0,0.0,5.0,0.0,0.0,0.0,0.0,0.0,0.0,0.0,7.0,9.0,5.0,2.0,4.0,0.0,18.0,12.0,3.0,12.0,42.0,44.0,26.0,5.0
122,1.0,122.0,London_32,FIFO,151,453,1092.0,70.0,2.0,202038.0,1.2700118040665984,899.0,158.0,0.0,158.0,257.0,0.0,257.0,204.0,241.0,106.0,24.0,64.0,7.0,8.0,1.0,2.0,3.0,88.0,158.0,204.0,34.0,0.0,0.0,0.0,0.0,0.0,0.0,0.0,0.0,0.0,0.0,0.0,0.0,0.0,0.0,0.0,0.0,0.0,0.0,0.0,0.0,0.0,0.0,0.0,0.0,0.0,0.0,0.0,0.0,0.0,0.0,0.0,0.0,0.0,0.0,0.0,0.0,0.0,0.0,0.0,0.0,1.0,8.0,0.0,2.0,1.0,0.0,4.0,0.0,0.0,19.0,39.0,38.0,28.0,12.0,0.0,0.0,0.0,0.0,0.0,0.0,0.0,0.0,0.0,0.0,0.0,0.0,0.0,0.0,0.0,0.0,0.0,0.0,0.0,0.0,1.0,11.0,0.0,2.0,1.0,0.0,4.0,0.0,0.0,27.0,52.0,59.0,32.0,17.0
123,1.0,123.0,London_32,FIFO,151,453,1092.0,70.0,2.0,172593.0,0.8025735430419445,834.0,91.0,0.0,91.0,160.0,0.0,160.0,257.0,228.0,88.0,19.0,83.0,6.0,23.0,3.0,3.0,9.0,63.0,147.0,234.0,41.0,0.0,0.0,0.0,0.0,0.0,0.0,0.0,0.0,0.0,0.0,0.0,0.0,0.0,0.0,0.0,0.0,0.0,0.0,0.0,0.0,0.0,0.0,0.0,0.0,0.0,0.0,0.0,0.0,0.0,0.0,0.0,0.0,0.0,0.0,0.0,0.0,0.0,0.0,0.0,0.0,1.0,10.0,1.0,2.0,0.0,0.0,4.0,14.0,1.0,7.0,11.0,26.0,15.0,9.0,0.0,0.0,0.0,0.0,0.0,0.0,0.0,0.0,0.0,0.0,0.0,0.0,0.0,0.0,0.0,0.0,0.0,0.0,0.0,0.0,1.0,12.0,1.0,3.0,0.0,0.0,6.0,24.0,2.0,10.0,19.0,40.0,21.0,12.0
124,1.0,124.0,London_32,FIFO,151,453,1092.0,70.0,2.0,179388.0,0.9502951558679342,849.0,90.0,2.0,88.0,176.0,19.0,157.0,160.0,236.0,87.0,31.0,60.0,7.0,26.0,0.0,6.0,13.0,75.0,142.0,223.0,40.0,0.0,0.0,0.0,0.0,0.0,0.0,0.0,0.0,0.0,0.0,0.0,0.0,0.0,0.0,0.0,0.0,0.0,0.0,0.0,0.0,0.0,0.0,0.0,0.0,0.0,0.0,0.0,0.0,0.0,1.0,0.0,0.0,0.0,1.0,0.0,2.0,0.0,0.0,0.0,0.0,4.0,4.0,0.0,5.0,0.0,1.0,10.0,9.0,5.0,9.0,22.0,23.0,20.0,6.0,0.0,0.0,0.0,0.0,0.0,0.0,0.0,0.0,0.0,1.0,0.0,0.0,0.0,7.0,0.0,7.0,0.0,0.0,0.0,0.0,4.0,4.0,0.0,7.0,0.0,2.0,14.0,11.0,6.0,12.0,38.0,35.0,26.0,10.0
125,1.0,125.0,London_32,FIFO,151,453,1092.0,70.0,2.0,171687.0,0.8972494089975953,832.0,55.0,2.0,53.0,104.0,17.0,87.0,176.0,250.0,82.0,25.0,58.0,6.0,23.0,0.0,9.0,9.0,78.0,139.0,227.0,23.0,0.0,0.0,0.0,0.0,0.0,0.0,0.0,0.0,0.0,0.0,0.0,0.0,0.0,0.0,0.0,0.0,0.0,0.0,0.0,0.0,0.0,0.0,0.0,0.0,0.0,0.0,0.0,0.0,0.0,2.0,0.0,0.0,2.0,1.0,0.0,2.0,0.0,0.0,0.0,0.0,2.0,2.0,0.0,1.0,2.0,0.0,8.0,6.0,2.0,7.0,14.0,8.0,20.0,2.0,0.0,0.0,0.0,0.0,0.0,0.0,0.0,0.0,0.0,7.0,0.0,0.0,7.0,6.0,0.0,2.0,0.0,0.0,0.0,0.0,3.0,3.0,0.0,1.0,3.0,0.0,10.0,9.0,2.0,12.0,20.0,10.0,24.0,3.0
126,1.0,126.0,London_32,FIFO,151,453,1092.0,70.0,2.0,188448.0,1.221205902285874,869.0,179.0,0.0,179.0,296.0,0.0,296.0,104.0,258.0,91.0,21.0,58.0,3.0,14.0,1.0,7.0,9.0,76.0,140.0,228.0,26.0,0.0,0.0,0.0,0.0,0.0,0.0,0.0,0.0,0.0,0.0,0.0,0.0,0.0,0.0,0.0,0.0,0.0,0.0,0.0,0.0,0.0,0.0,0.0,0.0,0.0,0.0,0.0,0.0,0.0,0.0,0.0,0.0,0.0,0.0,0.0,0.0,0.0,0.0,0.0,0.0,2.0,1.0,1.0,6.0,4.0,0.0,4.0,4.0,12.0,13.0,36.0,44.0,25.0,7.0,0.0,0.0,0.0,0.0,0.0,0.0,0.0,0.0,0.0,0.0,0.0,0.0,0.0,0.0,0.0,0.0,0.0,0.0,0.0,0.0,2.0,1.0,1.0,8.0,4.0,0.0,6.0,5.0,18.0,16.0,52.0,59.0,30.0,13.0
127,1.0,127.0,London_32,FIFO,151,453,1092.0,70.0,2.0,137712.0,0.6621435396373272,757.0,66.0,2.0,64.0,134.0,18.0,116.0,296.0,199.0,107.0,21.0,87.0,10.0,19.0,2.0,8.0,10.0,74.0,144.0,225.0,40.0,0.0,0.0,0.0,0.0,0.0,0.0,0.0,0.0,0.0,0.0,0.0,0.0,0.0,0.0,0.0,0.0,0.0,0.0,0.0,0.0,0.0,0.0,0.0,0.0,0.0,0.0,0.0,0.0,0.0,0.0,1.0,0.0,1.0,1.0,0.0,1.0,0.0,0.0,0.0,0.0,3.0,3.0,0.0,0.0,0.0,0.0,5.0,5.0,7.0,6.0,18.0,12.0,12.0,6.0,0.0,0.0,0.0,0.0,0.0,0.0,0.0,0.0,0.0,0.0,3.0,0.0,4.0,6.0,0.0,4.0,0.0,0.0,0.0,0.0,5.0,4.0,0.0,0.0,0.0,0.0,6.0,6.0,10.0,11.0,27.0,18.0,18.0,10.0
128,1.0,128.0,London_32,FIFO,151,453,1092.0,70.0,2.0,140430.0,0.6438118778169155,763.0,39.0,0.0,39.0,69.0,0.0,69.0,134.0,207.0,92.0,18.0,86.0,13.0,28.0,3.0,6.0,8.0,71.0,157.0,217.0,32.0,0.0,0.0,0.0,0.0,0.0,0.0,0.0,0.0,0.0,0.0,0.0,0.0,0.0,0.0,0.0,0.0,0.0,0.0,0.0,0.0,0.0,0.0,0.0,0.0,0.0,0.0,0.0,0.0,0.0,0.0,0.0,0.0,0.0,0.0,0.0,0.0,0.0,0.0,0.0,0.0,0.0,3.0,1.0,0.0,0.0,0.0,4.0,1.0,1.0,2.0,6.0,5.0,7.0,1.0,0.0,0.0,0.0,0.0,0.0,0.0,0.0,0.0,0.0,0.0,0.0,0.0,0.0,0.0,0.0,0.0,0.0,0.0,0.0,0.0,0.0,4.0,1.0,0.0,0.0,0.0,5.0,3.0,1.0,3.0,7.0,7.0,7.0,1.0
129,1.0,129.0,London_32,FIFO,151,453,1092.0,70.0,2.0,156285.0,0.868934394326061,798.0,157.0,2.0,155.0,271.0,17.0,254.0,69.0,205.0,90.0,23.0,79.0,10.0,36.0,3.0,7.0,8.0,77.0,149.0,219.0,33.0,0.0,0.0,0.0,0.0,0.0,0.0,0.0,0.0,0.0,0.0,0.0,0.0,0.0,0.0,0.0,0.0,0.0,0.0,0.0,0.0,0.0,0.0,0.0,0.0,0.0,0.0,0.0,0.0,0.0,0.0,0.0,0.0,0.0,1.0,0.0,0.0,1.0,0.0,0.0,0.0,1.0,7.0,0.0,1.0,1.0,3.0,14.0,4.0,3.0,12.0,22.0,35.0,24.0,7.0,0.0,0.0,0.0,0.0,0.0,0.0,0.0,0.0,0.0,0.0,0.0,0.0,0.0,8.0,0.0,0.0,3.0,0.0,0.0,0.0,1.0,9.0,0.0,1.0,1.0,5.0,19.0,5.0,4.0,13.0,33.0,48.0,32.0,10.0
130,1.0,130.0,London_32,FIFO,151,453,1092.0,70.0,2.0,110985.0,0.6011094199493527,698.0,90.0,0.0,90.0,154.0,0.0,154.0,271.0,189.0,100.0,16.0,79.0,15.0,47.0,3.0,4.0,10.0,82.0,148.0,213.0,34.0,0.0,0.0,0.0,0.0,0.0,0.0,0.0,0.0,0.0,0.0,0.0,0.0,0.0,0.0,0.0,0.0,0.0,0.0,0.0,0.0,0.0,0.0,0.0,0.0,0.0,0.0,0.0,0.0,0.0,0.0,0.0,0.0,0.0,0.0,0.0,0.0,0.0,0.0,0.0,0.0,2.0,5.0,0.0,5.0,0.0,0.0,14.0,8.0,8.0,5.0,18.0,23.0,17.0,6.0,0.0,0.0,0.0,0.0,0.0,0.0,0.0,0.0,0.0,0.0,0.0,0.0,0.0,0.0,0.0,0.0,0.0,0.0,0.0,0.0,2.0,6.0,0.0,9.0,0.0,0.0,22.0,11.0,8.0,6.0,27.0,30.0,20.0,7.0
131,1.0,131.0,London_32,FIFO,151,453,1092.0,70.0,2.0,101019.0,0.6433331822045147,676.0,42.0,1.0,41.0,76.0,8.0,68.0,154.0,207.0,103.0,21.0,55.0,15.0,49.0,0.0,3.0,7.0,78.0,171.0,197.0,36.0,0.0,0.0,0.0,0.0,0.0,0.0,0.0,0.0,0.0,0.0,0.0,0.0,0.0,0.0,0.0,0.0,0.0,0.0,0.0,0.0,0.0,0.0,0.0,0.0,0.0,0.0,0.0,0.0,0.0,0.0,0.0,0.0,0.0,0.0,0.0,1.0,0.0,0.0,0.0,0.0,2.0,1.0,0.0,1.0,0.0,0.0,1.0,0.0,1.0,3.0,9.0,14.0,8.0,2.0,0.0,0.0,0.0,0.0,0.0,0.0,0.0,0.0,0.0,0.0,0.0,0.0,0.0,0.0,0.0,3.0,0.0,0.0,0.0,0.0,2.0,2.0,0.0,1.0,0.0,0.0,2.0,0.0,2.0,4.0,13.0,21.0,11.0,4.0
132,1.0,132.0,London_32,FIFO,151,453,1092.0,70.0,2.0,116421.0,0.6319447881542146,710.0,24.0,2.0,22.0,60.0,18.0,42.0,76.0,210.0,100.0,17.0,62.0,15.0,43.0,1.0,5.0,6.0,81.0,172.0,194.0,39.0,0.0,0.0,0.0,0.0,0.0,0.0,0.0,0.0,0.0,0.0,0.0,0.0,0.0,0.0,0.0,0.0,0.0,0.0,0.0,0.0,0.0,0.0,0.0,0.0,0.0,0.0,0.0,0.0,0.0,0.0,1.0,0.0,1.0,0.0,1.0,2.0,0.0,0.0,0.0,0.0,1.0,1.0,0.0,1.0,0.0,0.0,2.0,2.0,0.0,3.0,5.0,6.0,7.0,1.0,0.0,0.0,0.0,0.0,0.0,0.0,0.0,0.0,0.0,0.0,1.0,0.0,2.0,0.0,5.0,7.0,0.0,0.0,0.0,0.0,2.0,1.0,0.0,1.0,0.0,0.0,3.0,4.0,0.0,4.0,7.0,10.0,9.0,3.0
133,1.0,133.0,London_32,FIFO,151,453,1092.0,70.0,2.0,144507.0,0.8284050477668643,772.0,55.0,1.0,54.0,104.0,11.0,93.0,60.0,216.0,113.0,19.0,56.0,9.0,33.0,2.0,5.0,4.0,78.0,177.0,194.0,32.0,0.0,0.0,0.0,0.0,0.0,0.0,0.0,0.0,0.0,0.0,0.0,0.0,0.0,0.0,0.0,0.0,0.0,0.0,0.0,0.0,0.0,0.0,0.0,0.0,0.0,0.0,0.0,0.0,0.0,1.0,0.0,0.0,1.0,0.0,0.0,1.0,0.0,0.0,0.0,0.0,3.0,2.0,2.0,1.0,1.0,0.0,4.0,6.0,6.0,6.0,18.0,10.0,18.0,4.0,0.0,0.0,0.0,0.0,0.0,0.0,0.0,0.0,0.0,8.0,0.0,0.0,9.0,0.0,0.0,7.0,0.0,0.0,0.0,0.0,3.0,3.0,2.0,2.0,1.0,0.0,5.0,8.0,7.0,7.0,30.0,14.0,24.0,5.0
134,1.0,134.0,London_32,FIFO,151,453,1092.0,70.0,2.0,161721.0,0.9949458818882704,810.0,103.0,0.0,103.0,176.0,0.0,176.0,104.0,228.0,123.0,25.0,41.0,1.0,30.0,2.0,3.0,4.0,75.0,181.0,193.0,37.0,0.0,0.0,0.0,0.0,0.0,0.0,0.0,0.0,0.0,0.0,0.0,0.0,0.0,0.0,0.0,0.0,0.0,0.0,0.0,0.0,0.0,0.0,0.0,0.0,0.0,0.0,0.0,0.0,0.0,0.0,0.0,0.0,0.0,0.0,0.0,0.0,0.0,0.0,0.0,0.0,2.0,7.0,0.0,2.0,4.0,1.0,6.0,11.0,7.0,9.0,20.0,24.0,11.0,7.0,0.0,0.0,0.0,0.0,0.0,0.0,0.0,0.0,0.0,0.0,0.0,0.0,0.0,0.0,0.0,0.0,0.0,0.0,0.0,0.0,4.0,8.0,0.0,3.0,4.0,3.0,7.0,18.0,11.0,9.0,26.0,30.0,15.0,9.0
135,1.0,135.0,London_32,FIFO,151,453,1092.0,70.0,2.0,163533.0,0.9852189151570201,814.0,77.0,2.0,75.0,149.0,18.0,131.0,176.0,242.0,127.0,7.0,45.0,3.0,25.0,1.0,3.0,5.0,72.0,174.0,202.0,31.0,0.0,0.0,0.0,0.0,0.0,0.0,0.0,0.0,0.0,0.0,0.0,0.0,0.0,0.0,0.0,0.0,0.0,0.0,0.0,0.0,0.0,0.0,0.0,0.0,0.0,0.0,0.0,0.0,0.0,1.0,0.0,0.0,0.0,0.0,0.0,1.0,0.0,0.0,0.0,0.0,5.0,0.0,0.0,1.0,8.0,0.0,10.0,8.0,8.0,3.0,18.0,16.0,16.0,5.0,0.0,0.0,0.0,0.0,0.0,0.0,0.0,0.0,0.0,1.0,0.0,0.0,0.0,0.0,0.0,3.0,0.0,0.0,0.0,0.0,5.0,0.0,0.0,2.0,9.0,0.0,12.0,10.0,11.0,3.0,29.0,23.0,20.0,6.0
136,1.0,136.0,London_32,FIFO,151,453,1092.0,70.0,2.0,170781.0,1.028174924198538,830.0,78.0,1.0,77.0,132.0,10.0,122.0,149.0,242.0,120.0,11.0,44.0,5.0,25.0,2.0,4.0,5.0,78.0,149.0,221.0,41.0,0.0,0.0,0.0,0.0,0.0,0.0,0.0,0.0,0.0,0.0,0.0,0.0,0.0,0.0,0.0,0.0,0.0,0.0,0.0,0.0,0.0,0.0,0.0,0.0,0.0,0.0,0.0,0.0,0.0,1.0,0.0,0.0,0.0,0.0,0.0,1.0,0.0,0.0,0.0,0.0,7.0,1.0,0.0,2.0,3.0,0.0,9.0,7.0,7.0,12.0,21.0,15.0,18.0,5.0,0.0,0.0,0.0,0.0,0.0,0.0,0.0,0.0,0.0,6.0,0.0,0.0,0.0,0.0,0.0,3.0,0.0,0.0,0.0,0.0,8.0,2.0,0.0,4.0,4.0,0.0,11.0,10.0,8.0,15.0,27.0,19.0,24.0,8.0
137,1.0,137.0,London_32,FIFO,151,453,1092.0,70.0,2.0,176670.0,1.144683236721903,843.0,96.0,2.0,94.0,174.0,16.0,158.0,132.0,251.0,125.0,13.0,36.0,4.0,17.0,1.0,6.0,7.0,73.0,156.0,217.0,44.0,0.0,0.0,0.0,0.0,0.0,0.0,0.0,0.0,0.0,0.0,0.0,0.0,0.0,0.0,0.0,0.0,0.0,0.0,0.0,0.0,0.0,0.0,0.0,0.0,0.0,0.0,0.0,0.0,0.0,1.0,0.0,0.0,1.0,1.0,0.0,1.0,0.0,0.0,0.0,0.0,0.0,3.0,3.0,0.0,6.0,0.0,8.0,10.0,7.0,14.0,14.0,31.0,20.0,4.0,0.0,0.0,0.0,0.0,0.0,0.0,0.0,0.0,0.0,4.0,0.0,0.0,3.0,5.0,0.0,1.0,0.0,0.0,0.0,0.0,0.0,3.0,3.0,0.0,6.0,0.0,11.0,11.0,9.0,16.0,22.0,46.0,25.0,6.0
138,1.0,138.0,London_32,FIFO,151,453,1092.0,70.0,2.0,169422.0,1.1045649461448193,827.0,98.0,0.0,98.0,173.0,0.0,173.0,174.0,261.0,106.0,13.0,54.0,2.0,15.0,1.0,1.0,8.0,68.0,145.0,232.0,39.0,0.0,0.0,0.0,0.0,0.0,0.0,0.0,0.0,0.0,0.0,0.0,0.0,0.0,0.0,0.0,0.0,0.0,0.0,0.0,0.0,0.0,0.0,0.0,0.0,0.0,0.0,0.0,0.0,0.0,0.0,0.0,0.0,0.0,0.0,0.0,0.0,0.0,0.0,0.0,0.0,2.0,2.0,0.0,0.0,2.0,0.0,12.0,14.0,4.0,16.0,21.0,19.0,14.0,10.0,0.0,0.0,0.0,0.0,0.0,0.0,0.0,0.0,0.0,0.0,0.0,0.0,0.0,0.0,0.0,0.0,0.0,0.0,0.0,0.0,2.0,2.0,0.0,0.0,2.0,0.0,17.0,20.0,4.0,19.0,36.0,31.0,17.0,14.0
139,1.0,139.0,London_32,FIFO,151,453,1092.0,70.0,2.0,171234.0,1.1914547341875732,831.0,84.0,0.0,84.0,148.0,0.0,148.0,173.0,258.0,116.0,5.0,55.0,2.0,14.0,0.0,3.0,10.0,67.0,158.0,218.0,43.0,0.0,0.0,0.0,0.0,0.0,0.0,0.0,0.0,0.0,0.0,0.0,0.0,0.0,0.0,0.0,0.0,0.0,0.0,0.0,0.0,0.0,0.0,0.0,0.0,0.0,0.0,0.0,0.0,0.0,0.0,0.0,0.0,0.0,0.0,0.0,0.0,0.0,0.0,0.0,0.0,1.0,7.0,3.0,0.0,0.0,0.0,12.0,5.0,8.0,3.0,17.0,13.0,12.0,7.0,0.0,0.0,0.0,0.0,0.0,0.0,0.0,0.0,0.0,0.0,0.0,0.0,0.0,0.0,0.0,0.0,0.0,0.0,0.0,0.0,1.0,8.0,3.0,0.0,0.0,0.0,18.0,6.0,9.0,3.0,29.0,16.0,20.0,10.0
140,1.0,140.0,London_32,FIFO,151,453,1092.0,70.0,2.0,171234.0,1.1332927332259715,831.0,135.0,2.0,133.0,251.0,18.0,233.0,148.0,262.0,114.0,12.0,44.0,7.0,12.0,0.0,2.0,7.0,70.0,164.0,212.0,33.0,0.0,0.0,0.0,0.0,0.0,0.0,0.0,0.0,0.0,0.0,0.0,0.0,0.0,0.0,0.0,0.0,0.0,0.0,0.0,0.0,0.0,0.0,0.0,0.0,0.0,0.0,0.0,0.0,0.0,0.0,0.0,0.0,0.0,0.0,2.0,0.0,0.0,0.0,0.0,0.0,0.0,16.0,1.0,0.0,4.0,0.0,13.0,4.0,8.0,6.0,24.0,39.0,16.0,15.0,0.0,0.0,0.0,0.0,0.0,0.0,0.0,0.0,0.0,0.0,0.0,0.0,0.0,0.0,16.0,0.0,0.0,0.0,0.0,0.0,0.0,23.0,1.0,0.0,4.0,0.0,16.0,4.0,10.0,7.0,37.0,60.0,18.0,27.0
141,1.0,141.0,London_32,FIFO,151,453,1092.0,70.0,2.0,142242.0,0.8321772958151996,767.0,131.0,0.0,131.0,224.0,0.0,224.0,251.0,243.0,93.0,17.0,64.0,3.0,25.0,4.0,4.0,8.0,65.0,155.0,225.0,35.0,0.0,0.0,0.0,0.0,0.0,0.0,0.0,0.0,0.0,0.0,0.0,0.0,0.0,0.0,0.0,0.0,0.0,0.0,0.0,0.0,0.0,0.0,0.0,0.0,0.0,0.0,0.0,0.0,0.0,0.0,0.0,0.0,0.0,0.0,0.0,0.0,0.0,0.0,0.0,0.0,2.0,11.0,13.0,0.0,1.0,0.0,6.0,7.0,6.0,11.0,31.0,34.0,22.0,10.0,0.0,0.0,0.0,0.0,0.0,0.0,0.0,0.0,0.0,0.0,0.0,0.0,0.0,0.0,0.0,0.0,0.0,0.0,0.0,0.0,2.0,14.0,16.0,0.0,1.0,0.0,6.0,11.0,6.0,14.0,49.0,52.0,26.0,13.0
142,1.0,142.0,London_32,FIFO,151,453,1092.0,70.0,2.0,118686.0,0.7257421049289405,715.0,18.0,0.0,18.0,34.0,0.0,34.0,224.0,251.0,88.0,17.0,66.0,8.0,20.0,0.0,3.0,8.0,67.0,154.0,224.0,32.0,0.0,0.0,0.0,0.0,0.0,0.0,0.0,0.0,0.0,0.0,0.0,0.0,0.0,0.0,0.0,0.0,0.0,0.0,0.0,0.0,0.0,0.0,0.0,0.0,0.0,0.0,0.0,0.0,0.0,0.0,0.0,0.0,0.0,0.0,0.0,0.0,0.0,0.0,0.0,0.0,0.0,0.0,0.0,0.0,0.0,0.0,0.0,2.0,1.0,2.0,8.0,4.0,4.0,1.0,0.0,0.0,0.0,0.0,0.0,0.0,0.0,0.0,0.0,0.0,0.0,0.0,0.0,0.0,0.0,0.0,0.0,0.0,0.0,0.0,0.0,0.0,0.0,0.0,0.0,0.0,0.0,2.0,2.0,2.0,11.0,7.0,5.0,4.0
143,1.0,143.0,London_32,FIFO,151,453,1092.0,70.0,2.0,149037.0,0.9621009356342256,782.0,139.0,0.0,139.0,218.0,0.0,218.0,34.0,254.0,84.0,18.0,64.0,7.0,23.0,0.0,3.0,8.0,65.0,156.0,224.0,32.0,0.0,0.0,0.0,0.0,0.0,0.0,0.0,0.0,0.0,0.0,0.0,0.0,0.0,0.0,0.0,0.0,0.0,0.0,0.0,0.0,0.0,0.0,0.0,0.0,0.0,0.0,0.0,0.0,0.0,0.0,0.0,0.0,0.0,0.0,0.0,0.0,0.0,0.0,0.0,0.0,2.0,13.0,0.0,1.0,10.0,0.0,2.0,8.0,4.0,16.0,25.0,24.0,21.0,9.0,0.0,0.0,0.0,0.0,0.0,0.0,0.0,0.0,0.0,0.0,0.0,0.0,0.0,0.0,0.0,0.0,0.0,0.0,0.0,0.0,2.0,14.0,0.0,1.0,10.0,0.0,3.0,8.0,5.0,20.0,33.0,32.0,24.0,10.0
144,1.0,144.0,London_32,FIFO,151,453,1092.0,70.0,2.0,110985.0,0.632573879789561,698.0,9.0,1.0,8.0,22.0,9.0,13.0,218.0,255.0,81.0,23.0,58.0,9.0,23.0,1.0,3.0,7.0,81.0,160.0,205.0,34.0,0.0,0.0,0.0,0.0,0.0,0.0,0.0,0.0,0.0,0.0,0.0,0.0,0.0,0.0,0.0,0.0,0.0,0.0,0.0,0.0,0.0,0.0,0.0,0.0,0.0,0.0,0.0,0.0,0.0,0.0,0.0,0.0,0.0,0.0,1.0,0.0,0.0,0.0,0.0,0.0,0.0,1.0,0.0,0.0,0.0,0.0,2.0,0.0,1.0,0.0,0.0,4.0,2.0,1.0,0.0,0.0,0.0,0.0,0.0,0.0,0.0,0.0,0.0,0.0,0.0,0.0,0.0,0.0,7.0,0.0,0.0,0.0,0.0,0.0,0.0,1.0,0.0,0.0,0.0,0.0,3.0,0.0,2.0,0.0,0.0,4.0,2.0,2.0
145,1.0,145.0,London_32,FIFO,151,453,1092.0,70.0,2.0,145413.0,1.1207441980950534,774.0,87.0,2.0,85.0,160.0,18.0,142.0,22.0,256.0,76.0,25.0,60.0,9.0,23.0,1.0,3.0,6.0,86.0,152.0,209.0,33.0,0.0,0.0,0.0,0.0,0.0,0.0,0.0,0.0,0.0,0.0,0.0,0.0,0.0,0.0,0.0,0.0,0.0,0.0,0.0,0.0,0.0,0.0,0.0,0.0,0.0,0.0,0.0,0.0,0.0,1.0,0.0,0.0,1.0,1.0,1.0,1.0,0.0,0.0,0.0,0.0,2.0,10.0,3.0,1.0,0.0,0.0,6.0,5.0,12.0,11.0,15.0,18.0,21.0,7.0,0.0,0.0,0.0,0.0,0.0,0.0,0.0,0.0,0.0,4.0,0.0,0.0,4.0,8.0,6.0,5.0,0.0,0.0,0.0,0.0,2.0,14.0,3.0,1.0,0.0,0.0,9.0,5.0,15.0,13.0,24.0,24.0,25.0,12.0
146,1.0,146.0,London_32,FIFO,151,453,1092.0,70.0,2.0,137259.0,0.7537769698537886,756.0,77.0,2.0,75.0,150.0,15.0,135.0,160.0,256.0,74.0,23.0,52.0,14.0,30.0,2.0,2.0,10.0,71.0,153.0,219.0,28.0,0.0,0.0,0.0,0.0,0.0,0.0,0.0,0.0,0.0,0.0,0.0,0.0,0.0,0.0,0.0,0.0,0.0,0.0,0.0,0.0,0.0,0.0,0.0,0.0,0.0,0.0,0.0,0.0,0.0,2.0,0.0,0.0,1.0,1.0,1.0,2.0,0.0,0.0,0.0,0.0,0.0,0.0,1.0,2.0,0.0,0.0,5.0,3.0,10.0,8.0,20.0,17.0,12.0,8.0,0.0,0.0,0.0,0.0,0.0,0.0,0.0,0.0,0.0,7.0,0.0,0.0,1.0,5.0,4.0,6.0,0.0,0.0,0.0,0.0,0.0,0.0,1.0,4.0,0.0,0.0,7.0,5.0,17.0,11.0,35.0,24.0,15.0,13.0
147,1.0,147.0,London_32,FIFO,151,453,1092.0,70.0,2.0,140430.0,0.9874324379488826,763.0,51.0,0.0,51.0,96.0,0.0,96.0,150.0,255.0,96.0,26.0,37.0,9.0,27.0,0.0,3.0,7.0,76.0,162.0,208.0,29.0,0.0,0.0,0.0,0.0,0.0,0.0,0.0,0.0,0.0,0.0,0.0,0.0,0.0,0.0,0.0,0.0,0.0,0.0,0.0,0.0,0.0,0.0,0.0,0.0,0.0,0.0,0.0,0.0,0.0,0.0,0.0,0.0,0.0,0.0,0.0,0.0,0.0,0.0,0.0,0.0,3.0,3.0,2.0,1.0,1.0,0.0,4.0,0.0,2.0,7.0,11.0,15.0,13.0,5.0,0.0,0.0,0.0,0.0,0.0,0.0,0.0,0.0,0.0,0.0,0.0,0.0,0.0,0.0,0.0,0.0,0.0,0.0,0.0,0.0,5.0,4.0,2.0,2.0,1.0,0.0,5.0,0.0,2.0,9.0,18.0,23.0,20.0,9.0
148,1.0,148.0,London_32,FIFO,151,453,1092.0,70.0,2.0,160362.0,1.0101982662454247,807.0,146.0,1.0,145.0,262.0,10.0,252.0,96.0,258.0,101.0,22.0,26.0,13.0,32.0,0.0,1.0,7.0,71.0,159.0,216.0,31.0,0.0,0.0,0.0,0.0,0.0,0.0,0.0,0.0,0.0,0.0,0.0,0.0,0.0,0.0,0.0,0.0,0.0,0.0,0.0,0.0,0.0,0.0,0.0,0.0,0.0,0.0,0.0,0.0,0.0,1.0,0.0,0.0,1.0,0.0,0.0,1.0,0.0,0.0,0.0,0.0,2.0,8.0,4.0,3.0,6.0,0.0,2.0,9.0,1.0,14.0,26.0,29.0,13.0,7.0,0.0,0.0,0.0,0.0,0.0,0.0,0.0,0.0,0.0,3.0,0.0,0.0,4.0,0.0,0.0,5.0,0.0,0.0,0.0,0.0,2.0,13.0,6.0,3.0,8.0,0.0,2.0,11.0,1.0,18.0,36.0,40.0,16.0,13.0
149,1.0,149.0,London_32,FIFO,151,453,1092.0,70.0,2.0,126840.0,0.6347489613108337,733.0,13.0,0.0,13.0,18.0,0.0,18.0,262.0,219.0,98.0,24.0,79.0,3.0,25.0,0.0,5.0,8.0,78.0,150.0,217.0,32.0,0.0,0.0,0.0,0.0,0.0,0.0,0.0,0.0,0.0,0.0,0.0,0.0,0.0,0.0,0.0,0.0,0.0,0.0,0.0,0.0,0.0,0.0,0.0,0.0,0.0,0.0,0.0,0.0,0.0,0.0,0.0,0.0,0.0,0.0,0.0,0.0,0.0,0.0,0.0,0.0,1.0,0.0,0.0,0.0,0.0,0.0,1.0,0.0,0.0,1.0,1.0,3.0,3.0,3.0,0.0,0.0,0.0,0.0,0.0,0.0,0.0,0.0,0.0,0.0,0.0,0.0,0.0,0.0,0.0,0.0,0.0,0.0,0.0,0.0,1.0,0.0,0.0,0.0,0.0,0.0,2.0,0.0,0.0,1.0,2.0,3.0,4.0,3.0
150,1.0,150.0,London_32,FIFO,151,453,1092.0,70.0,2.0,161268.0,0.9335101707838476,809.0,26.0,3.0,23.0,66.0,25.0,41.0,18.0,222.0,95.0,24.0,77.0,3.0,27.0,0.0,5.0,9.0,76.0,147.0,221.0,31.0,0.0,0.0,0.0,0.0,0.0,0.0,0.0,0.0,0.0,0.0,0.0,0.0,0.0,0.0,0.0,0.0,0.0,0.0,0.0,0.0,0.0,0.0,0.0,0.0,0.0,0.0,0.0,0.0,0.0,1.0,0.0,0.0,1.0,0.0,1.0,1.0,0.0,0.0,0.0,0.0,1.0,0.0,0.0,1.0,0.0,0.0,2.0,0.0,1.0,4.0,5.0,4.0,6.0,2.0,0.0,0.0,0.0,0.0,0.0,0.0,0.0,0.0,0.0,4.0,0.0,0.0,4.0,0.0,5.0,2.0,0.0,0.0,0.0,0.0,2.0,0.0,0.0,2.0,0.0,0.0,3.0,0.0,1.0,6.0,7.0,5.0,8.0,3.0
151,1.0,151.0,London_32,FIFO,151,453,1092.0,70.0,2.0,210645.0,1.2514316393062472,918.0,158.0,1.0,157.0,278.0,9.0,269.0,66.0,224.0,96.0,26.0,79.0,1.0,21.0,0.0,6.0,2.0,80.0,143.0,228.0,25.0,0.0,0.0,0.0,0.0,0.0,0.0,0.0,0.0,0.0,0.0,0.0,0.0,0.0,0.0,0.0,0.0,0.0,0.0,0.0,0.0,0.0,0.0,0.0,0.0,0.0,0.0,0.0,0.0,0.0,0.0,0.0,0.0,0.0,0.0,0.0,0.0,1.0,0.0,0.0,0.0,5.0,12.0,1.0,3.0,9.0,1.0,19.0,9.0,11.0,12.0,27.0,48.0,21.0,13.0,0.0,0.0,0.0,0.0,0.0,0.0,0.0,0.0,0.0,0.0,0.0,0.0,0.0,0.0,0.0,0.0,5.0,0.0,0.0,0.0,5.0,16.0,2.0,4.0,10.0,1.0,21.0,15.0,16.0,17.0,38.0,76.0,27.0,16.0
152,1.0,152.0,London_32,FIFO,151,453,1092.0,70.0,2.0,173952.0,0.8261586208827794,837.0,87.0,0.0,87.0,145.0,0.0,145.0,278.0,209.0,109.0,26.0,76.0,7.0,15.0,3.0,8.0,4.0,75.0,135.0,239.0,42.0,0.0,0.0,0.0,0.0,0.0,0.0,0.0,0.0,0.0,0.0,0.0,0.0,0.0,0.0,0.0,0.0,0.0,0.0,0.0,0.0,0.0,0.0,0.0,0.0,0.0,0.0,0.0,0.0,0.0,0.0,0.0,0.0,0.0,0.0,0.0,0.0,0.0,0.0,0.0,0.0,1.0,4.0,1.0,4.0,0.0,0.0,9.0,6.0,4.0,9.0,16.0,20.0,15.0,6.0,0.0,0.0,0.0,0.0,0.0,0.0,0.0,0.0,0.0,0.0,0.0,0.0,0.0,0.0,0.0,0.0,0.0,0.0,0.0,0.0,1.0,6.0,1.0,6.0,0.0,0.0,11.0,9.0,5.0,10.0,23.0,26.0,21.0,7.0
153,1.0,153.0,London_32,FIFO,151,453,1092.0,70.0,2.0,174858.0,1.0257133152335882,839.0,110.0,2.0,108.0,195.0,17.0,178.0,145.0,223.0,103.0,24.0,61.0,10.0,25.0,1.0,6.0,5.0,85.0,142.0,221.0,39.0,0.0,0.0,0.0,0.0,0.0,0.0,0.0,0.0,0.0,0.0,0.0,0.0,0.0,0.0,0.0,0.0,0.0,0.0,0.0,0.0,0.0,0.0,0.0,0.0,0.0,0.0,0.0,0.0,0.0,1.0,0.0,0.0,1.0,0.0,2.0,1.0,0.0,0.0,0.0,0.0,6.0,0.0,0.0,0.0,8.0,0.0,21.0,1.0,5.0,9.0,20.0,23.0,15.0,13.0,0.0,0.0,0.0,0.0,0.0,0.0,0.0,0.0,0.0,3.0,0.0,0.0,5.0,0.0,11.0,3.0,0.0,0.0,0.0,0.0,8.0,0.0,0.0,0.0,9.0,0.0,34.0,2.0,6.0,13.0,33.0,30.0,21.0,17.0
154,1.0,154.0,London_32,FIFO,151,453,1092.0,70.0,2.0,160815.0,0.9873372758738697,808.0,150.0,0.0,150.0,268.0,0.0,268.0,195.0,244.0,89.0,20.0,63.0,10.0,24.0,0.0,3.0,9.0,82.0,161.0,201.0,31.0,0.0,0.0,0.0,0.0,0.0,0.0,0.0,0.0,0.0,0.0,0.0,0.0,0.0,0.0,0.0,0.0,0.0,0.0,0.0,0.0,0.0,0.0,0.0,0.0,0.0,0.0,0.0,0.0,0.0,0.0,0.0,0.0,0.0,0.0,0.0,0.0,0.0,0.0,0.0,0.0,3.0,16.0,0.0,1.0,5.0,0.0,3.0,4.0,8.0,9.0,25.0,35.0,14.0,7.0,0.0,0.0,0.0,0.0,0.0,0.0,0.0,0.0,0.0,0.0,0.0,0.0,0.0,0.0,0.0,0.0,0.0,0.0,0.0,0.0,3.0,21.0,0.0,1.0,5.0,0.0,4.0,4.0,10.0,14.0,40.0,47.0,17.0,8.0
155,1.0,155.0,London_32,FIFO,151,453,1092.0,70.0,2.0,121404.0,0.5665951417759061,721.0,34.0,0.0,34.0,61.0,0.0,61.0,268.0,195.0,98.0,27.0,80.0,9.0,38.0,2.0,4.0,11.0,86.0,146.0,210.0,31.0,0.0,0.0,0.0,0.0,0.0,0.0,0.0,0.0,0.0,0.0,0.0,0.0,0.0,0.0,0.0,0.0,0.0,0.0,0.0,0.0,0.0,0.0,0.0,0.0,0.0,0.0,0.0,0.0,0.0,0.0,0.0,0.0,0.0,0.0,0.0,0.0,0.0,0.0,0.0,0.0,0.0,1.0,0.0,1.0,0.0,1.0,4.0,2.0,2.0,4.0,4.0,7.0,9.0,3.0,0.0,0.0,0.0,0.0,0.0,0.0,0.0,0.0,0.0,0.0,0.0,0.0,0.0,0.0,0.0,0.0,0.0,0.0,0.0,0.0,0.0,1.0,0.0,1.0,0.0,2.0,4.0,2.0,3.0,8.0,7.0,10.0,11.0,5.0
156,1.0,156.0,London_32,FIFO,151,453,1092.0,70.0,2.0,141789.0,0.7004350149072707,766.0,54.0,0.0,54.0,90.0,0.0,90.0,61.0,205.0,102.0,21.0,73.0,9.0,40.0,0.0,3.0,12.0,91.0,148.0,202.0,36.0,0.0,0.0,0.0,0.0,0.0,0.0,0.0,0.0,0.0,0.0,0.0,0.0,0.0,0.0,0.0,0.0,0.0,0.0,0.0,0.0,0.0,0.0,0.0,0.0,0.0,0.0,0.0,0.0,0.0,0.0,0.0,0.0,0.0,0.0,0.0,0.0,0.0,0.0,0.0,0.0,1.0,2.0,0.0,0.0,0.0,0.0,4.0,2.0,1.0,6.0,14.0,15.0,9.0,7.0,0.0,0.0,0.0,0.0,0.0,0.0,0.0,0.0,0.0,0.0,0.0,0.0,0.0,0.0,0.0,0.0,0.0,0.0,0.0,0.0,1.0,3.0,0.0,0.0,0.0,0.0,4.0,3.0,1.0,9.0,22.0,25.0,14.0,12.0
157,1.0,157.0,London_32,FIFO,151,453,1092.0,70.0,2.0,163533.0,0.9350365032441914,814.0,122.0,3.0,119.0,221.0,28.0,193.0,90.0,217.0,104.0,24.0,56.0,9.0,40.0,0.0,3.0,10.0,90.0,149.0,204.0,36.0,0.0,0.0,0.0,0.0,0.0,0.0,0.0,0.0,0.0,0.0,0.0,0.0,0.0,0.0,0.0,0.0,0.0,0.0,0.0,0.0,0.0,0.0,0.0,0.0,0.0,0.0,0.0,0.0,0.0,1.0,0.0,0.0,0.0,1.0,1.0,1.0,0.0,0.0,0.0,0.0,0.0,8.0,1.0,2.0,1.0,1.0,14.0,4.0,5.0,13.0,21.0,21.0,10.0,7.0,0.0,0.0,0.0,0.0,0.0,0.0,0.0,0.0,0.0,1.0,0.0,0.0,0.0,10.0,5.0,3.0,0.0,0.0,0.0,0.0,0.0,11.0,1.0,2.0,2.0,2.0,16.0,4.0,5.0,20.0,38.0,27.0,15.0,10.0
158,1.0,158.0,London_32,FIFO,151,453,1092.0,70.0,2.0,149490.0,0.7464568261057138,783.0,54.0,0.0,54.0,92.0,0.0,92.0,221.0,214.0,91.0,25.0,67.0,5.0,42.0,0.0,9.0,10.0,92.0,141.0,210.0,32.0,0.0,0.0,0.0,0.0,0.0,0.0,0.0,0.0,0.0,0.0,0.0,0.0,0.0,0.0,0.0,0.0,0.0,0.0,0.0,0.0,0.0,0.0,0.0,0.0,0.0,0.0,0.0,0.0,0.0,0.0,0.0,0.0,0.0,0.0,0.0,0.0,0.0,0.0,0.0,0.0,0.0,0.0,0.0,0.0,0.0,1.0,2.0,2.0,0.0,8.0,13.0,11.0,9.0,5.0,0.0,0.0,0.0,0.0,0.0,0.0,0.0,0.0,0.0,0.0,0.0,0.0,0.0,0.0,0.0,0.0,0.0,0.0,0.0,0.0,0.0,0.0,0.0,0.0,0.0,2.0,3.0,2.0,0.0,10.0,23.0,17.0,12.0,11.0
159,1.0,159.0,London_32,FIFO,151,453,1092.0,70.0,2.0,174858.0,0.9586393279023468,839.0,108.0,1.0,107.0,190.0,9.0,181.0,92.0,219.0,102.0,24.0,52.0,5.0,45.0,1.0,5.0,12.0,86.0,157.0,198.0,39.0,0.0,0.0,0.0,0.0,0.0,0.0,0.0,0.0,0.0,0.0,0.0,0.0,0.0,0.0,0.0,0.0,0.0,0.0,0.0,0.0,0.0,0.0,0.0,0.0,0.0,0.0,0.0,0.0,0.0,0.0,0.0,0.0,0.0,1.0,0.0,1.0,0.0,0.0,0.0,0.0,1.0,0.0,0.0,0.0,0.0,0.0,5.0,6.0,4.0,18.0,22.0,25.0,12.0,3.0,0.0,0.0,0.0,0.0,0.0,0.0,0.0,0.0,0.0,0.0,0.0,0.0,0.0,8.0,0.0,3.0,0.0,0.0,0.0,0.0,2.0,0.0,0.0,0.0,0.0,0.0,9.0,10.0,9.0,21.0,34.0,36.0,17.0,4.0
160,1.0,160.0,London_32,FIFO,151,453,1092.0,70.0,2.0,166251.0,0.8752087648026645,820.0,65.0,2.0,63.0,135.0,18.0,117.0,190.0,229.0,88.0,19.0,61.0,12.0,41.0,0.0,3.0,9.0,84.0,158.0,202.0,36.0,0.0,0.0,0.0,0.0,0.0,0.0,0.0,0.0,0.0,0.0,0.0,0.0,0.0,0.0,0.0,0.0,0.0,0.0,0.0,0.0,0.0,0.0,0.0,0.0,0.0,0.0,0.0,0.0,0.0,1.0,0.0,0.0,0.0,0.0,0.0,2.0,0.0,0.0,0.0,0.0,1.0,0.0,1.0,0.0,0.0,0.0,2.0,6.0,6.0,6.0,15.0,14.0,14.0,9.0,0.0,0.0,0.0,0.0,0.0,0.0,0.0,0.0,0.0,4.0,0.0,0.0,0.0,0.0,0.0,6.0,0.0,0.0,0.0,0.0,1.0,0.0,1.0,0.0,0.0,0.0,2.0,7.0,9.0,8.0,25.0,25.0,22.0,18.0
161,1.0,161.0,London_32,FIFO,151,453,1092.0,70.0,2.0,170781.0,0.8599138758145273,830.0,86.0,0.0,86.0,148.0,0.0,148.0,135.0,241.0,72.0,17.0,73.0,6.0,41.0,0.0,3.0,4.0,81.0,155.0,213.0,27.0,0.0,0.0,0.0,0.0,0.0,0.0,0.0,0.0,0.0,0.0,0.0,0.0,0.0,0.0,0.0,0.0,0.0,0.0,0.0,0.0,0.0,0.0,0.0,0.0,0.0,0.0,0.0,0.0,0.0,0.0,0.0,0.0,0.0,0.0,0.0,0.0,0.0,0.0,0.0,0.0,3.0,5.0,2.0,1.0,3.0,1.0,7.0,9.0,3.0,12.0,15.0,21.0,20.0,8.0,0.0,0.0,0.0,0.0,0.0,0.0,0.0,0.0,0.0,0.0,0.0,0.0,0.0,0.0,0.0,0.0,0.0,0.0,0.0,0.0,5.0,6.0,2.0,2.0,3.0,2.0,9.0,12.0,5.0,15.0,22.0,30.0,25.0,11.0
162,1.0,162.0,London_32,FIFO,151,453,1092.0,70.0,2.0,175764.0,0.9955524960532784,841.0,104.0,1.0,103.0,182.0,10.0,172.0,148.0,256.0,65.0,12.0,58.0,4.0,52.0,0.0,6.0,4.0,77.0,152.0,220.0,28.0,0.0,0.0,0.0,0.0,0.0,0.0,0.0,0.0,0.0,0.0,0.0,0.0,0.0,0.0,0.0,0.0,0.0,0.0,0.0,0.0,0.0,0.0,0.0,0.0,0.0,0.0,0.0,0.0,0.0,0.0,0.0,0.0,1.0,0.0,0.0,1.0,0.0,0.0,0.0,0.0,3.0,5.0,3.0,0.0,2.0,1.0,7.0,10.0,3.0,8.0,22.0,22.0,17.0,12.0,0.0,0.0,0.0,0.0,0.0,0.0,0.0,0.0,0.0,0.0,0.0,0.0,6.0,0.0,0.0,3.0,0.0,0.0,0.0,0.0,4.0,8.0,3.0,0.0,3.0,2.0,9.0,15.0,4.0,9.0,30.0,31.0,22.0,17.0
163,1.0,163.0,London_32,FIFO,151,453,1092.0,70.0,2.0,161721.0,0.8601390989497304,810.0,122.0,1.0,121.0,212.0,10.0,202.0,182.0,254.0,63.0,17.0,62.0,4.0,50.0,1.0,2.0,6.0,79.0,143.0,225.0,38.0,0.0,0.0,0.0,0.0,0.0,0.0,0.0,0.0,0.0,0.0,0.0,0.0,0.0,0.0,0.0,0.0,0.0,0.0,0.0,0.0,0.0,0.0,0.0,0.0,0.0,0.0,0.0,0.0,0.0,1.0,0.0,0.0,1.0,0.0,0.0,0.0,0.0,0.0,0.0,0.0,4.0,1.0,0.0,1.0,0.0,1.0,20.0,10.0,9.0,2.0,29.0,21.0,32.0,14.0,0.0,0.0,0.0,0.0,0.0,0.0,0.0,0.0,0.0,4.0,0.0,0.0,7.0,0.0,0.0,0.0,0.0,0.0,0.0,0.0,5.0,1.0,0.0,2.0,0.0,2.0,23.0,15.0,12.0,2.0,44.0,26.0,40.0,22.0
164,1.0,164.0,London_32,FIFO,151,453,1092.0,70.0,2.0,145413.0,0.6458739088848233,774.0,39.0,0.0,39.0,60.0,0.0,60.0,212.0,257.0,71.0,17.0,71.0,7.0,26.0,1.0,3.0,4.0,86.0,139.0,224.0,25.0,0.0,0.0,0.0,0.0,0.0,0.0,0.0,0.0,0.0,0.0,0.0,0.0,0.0,0.0,0.0,0.0,0.0,0.0,0.0,0.0,0.0,0.0,0.0,0.0,0.0,0.0,0.0,0.0,0.0,0.0,0.0,0.0,0.0,0.0,0.0,0.0,0.0,0.0,0.0,0.0,0.0,1.0,3.0,0.0,0.0,0.0,1.0,1.0,2.0,2.0,8.0,10.0,5.0,5.0,0.0,0.0,0.0,0.0,0.0,0.0,0.0,0.0,0.0,0.0,0.0,0.0,0.0,0.0,0.0,0.0,0.0,0.0,0.0,0.0,0.0,1.0,4.0,0.0,0.0,0.0,1.0,2.0,2.0,2.0,8.0,14.0,7.0,7.0
165,1.0,165.0,London_32,FIFO,151,453,1092.0,70.0,2.0,163080.0,0.9592521409504116,813.0,126.0,0.0,126.0,212.0,0.0,212.0,60.0,262.0,67.0,15.0,84.0,8.0,15.0,1.0,1.0,5.0,91.0,149.0,208.0,29.0,0.0,0.0,0.0,0.0,0.0,0.0,0.0,0.0,0.0,0.0,0.0,0.0,0.0,0.0,0.0,0.0,0.0,0.0,0.0,0.0,0.0,0.0,0.0,0.0,0.0,0.0,0.0,0.0,0.0,0.0,0.0,0.0,0.0,0.0,0.0,0.0,0.0,0.0,0.0,0.0,3.0,10.0,3.0,2.0,1.0,0.0,6.0,13.0,9.0,9.0,23.0,30.0,16.0,7.0,0.0,0.0,0.0,0.0,0.0,0.0,0.0,0.0,0.0,0.0,0.0,0.0,0.0,0.0,0.0,0.0,0.0,0.0,0.0,0.0,5.0,10.0,3.0,3.0,1.0,0.0,7.0,20.0,12.0,10.0,32.0,43.0,19.0,11.0
166,1.0,166.0,London_32,FIFO,151,453,1092.0,70.0,2.0,136353.0,0.8829495031386614,754.0,79.0,2.0,77.0,145.0,19.0,126.0,212.0,255.0,92.0,19.0,67.0,3.0,16.0,0.0,1.0,7.0,86.0,139.0,221.0,31.0,0.0,0.0,0.0,0.0,0.0,0.0,0.0,0.0,0.0,0.0,0.0,0.0,0.0,0.0,0.0,0.0,0.0,0.0,0.0,0.0,0.0,0.0,0.0,0.0,0.0,0.0,0.0,0.0,0.0,0.0,0.0,0.0,0.0,1.0,0.0,1.0,0.0,0.0,0.0,0.0,2.0,4.0,1.0,3.0,1.0,0.0,11.0,7.0,7.0,5.0,13.0,17.0,18.0,8.0,0.0,0.0,0.0,0.0,0.0,0.0,0.0,0.0,0.0,0.0,0.0,0.0,0.0,8.0,0.0,2.0,0.0,0.0,0.0,0.0,2.0,8.0,1.0,3.0,1.0,0.0,12.0,10.0,9.0,7.0,19.0,25.0,20.0,14.0
167,1.0,167.0,London_32,FIFO,151,453,1092.0,70.0,2.0,137259.0,0.8569136378355324,756.0,46.0,2.0,44.0,97.0,17.0,80.0,145.0,245.0,97.0,13.0,80.0,2.0,13.0,0.0,3.0,5.0,94.0,143.0,211.0,35.0,0.0,0.0,0.0,0.0,0.0,0.0,0.0,0.0,0.0,0.0,0.0,0.0,0.0,0.0,0.0,0.0,0.0,0.0,0.0,0.0,0.0,0.0,0.0,0.0,0.0,0.0,0.0,0.0,0.0,2.0,0.0,0.0,2.0,1.0,0.0,2.0,0.0,0.0,0.0,0.0,1.0,1.0,0.0,1.0,2.0,0.0,9.0,0.0,5.0,9.0,4.0,12.0,12.0,5.0,0.0,0.0,0.0,0.0,0.0,0.0,0.0,0.0,0.0,2.0,0.0,0.0,3.0,5.0,0.0,6.0,0.0,0.0,0.0,0.0,1.0,2.0,0.0,2.0,4.0,0.0,13.0,0.0,6.0,12.0,6.0,19.0,16.0,9.0
168,1.0,168.0,London_32,FIFO,151,453,1092.0,70.0,2.0,154926.0,1.2626876994036138,795.0,127.0,0.0,127.0,224.0,0.0,224.0,97.0,242.0,102.0,20.0,80.0,2.0,4.0,1.0,2.0,2.0,93.0,154.0,204.0,36.0,0.0,0.0,0.0,0.0,0.0,0.0,0.0,0.0,0.0,0.0,0.0,0.0,0.0,0.0,0.0,0.0,0.0,0.0,0.0,0.0,0.0,0.0,0.0,0.0,0.0,0.0,0.0,0.0,0.0,0.0,0.0,0.0,0.0,0.0,0.0,0.0,0.0,0.0,0.0,0.0,2.0,4.0,0.0,6.0,11.0,0.0,7.0,6.0,5.0,7.0,26.0,32.0,26.0,9.0,0.0,0.0,0.0,0.0,0.0,0.0,0.0,0.0,0.0,0.0,0.0,0.0,0.0,0.0,0.0,0.0,0.0,0.0,0.0,0.0,2.0,4.0,0.0,9.0,12.0,0.0,10.0,6.0,9.0,9.0,42.0,51.0,28.0,13.0
169,1.0,169.0,London_32,FIFO,151,453,1092.0,70.0,2.0,132729.0,0.9591566720046103,746.0,9.0,2.0,7.0,26.0,18.0,8.0,224.0,251.0,94.0,11.0,72.0,5.0,15.0,1.0,4.0,3.0,87.0,143.0,220.0,37.0,0.0,0.0,0.0,0.0,0.0,0.0,0.0,0.0,0.0,0.0,0.0,0.0,0.0,0.0,0.0,0.0,0.0,0.0,0.0,0.0,0.0,0.0,0.0,0.0,0.0,0.0,0.0,0.0,0.0,0.0,0.0,0.0,1.0,1.0,0.0,1.0,0.0,0.0,0.0,0.0,0.0,1.0,0.0,0.0,0.0,0.0,0.0,0.0,2.0,0.0,2.0,1.0,0.0,1.0,0.0,0.0,0.0,0.0,0.0,0.0,0.0,0.0,0.0,0.0,0.0,0.0,4.0,6.0,0.0,4.0,0.0,0.0,0.0,0.0,0.0,1.0,0.0,0.0,0.0,0.0,0.0,0.0,2.0,0.0,2.0,1.0,0.0,2.0
170,1.0,170.0,London_32,FIFO,151,453,1092.0,70.0,2.0,165345.0,1.1904526287689805,818.0,109.0,0.0,109.0,195.0,0.0,195.0,26.0,245.0,101.0,8.0,75.0,5.0,14.0,1.0,4.0,1.0,78.0,139.0,235.0,36.0,0.0,0.0,0.0,0.0,0.0,0.0,0.0,0.0,0.0,0.0,0.0,0.0,0.0,0.0,0.0,0.0,0.0,0.0,0.0,0.0,0.0,0.0,0.0,0.0,0.0,0.0,0.0,0.0,0.0,0.0,0.0,0.0,0.0,0.0,0.0,0.0,0.0,0.0,0.0,0.0,5.0,3.0,2.0,0.0,0.0,0.0,14.0,10.0,11.0,11.0,16.0,30.0,23.0,9.0,0.0,0.0,0.0,0.0,0.0,0.0,0.0,0.0,0.0,0.0,0.0,0.0,0.0,0.0,0.0,0.0,0.0,0.0,0.0,0.0,7.0,4.0,2.0,0.0,0.0,0.0,20.0,11.0,18.0,13.0,21.0,40.0,27.0,14.0
171,1.0,171.0,London_32,FIFO,151,453,1092.0,70.0,2.0,154926.0,0.882320892997086,795.0,99.0,2.0,97.0,186.0,17.0,169.0,195.0,252.0,99.0,11.0,61.0,4.0,20.0,2.0,4.0,7.0,76.0,137.0,233.0,29.0,0.0,0.0,0.0,0.0,0.0,0.0,0.0,0.0,0.0,0.0,0.0,0.0,0.0,0.0,0.0,0.0,0.0,0.0,0.0,0.0,0.0,0.0,0.0,0.0,0.0,0.0,0.0,0.0,0.0,0.0,0.0,0.0,1.0,1.0,0.0,1.0,1.0,0.0,0.0,0.0,2.0,6.0,1.0,0.0,0.0,0.0,17.0,8.0,16.0,9.0,9.0,24.0,13.0,10.0,0.0,0.0,0.0,0.0,0.0,0.0,0.0,0.0,0.0,0.0,0.0,0.0,1.0,9.0,0.0,3.0,6.0,0.0,0.0,0.0,3.0,8.0,1.0,0.0,0.0,0.0,26.0,12.0,21.0,10.0,11.0,38.0,20.0,15.0
172,1.0,172.0,London_32,FIFO,151,453,1092.0,70.0,2.0,148131.0,0.9696443513967097,780.0,78.0,0.0,78.0,142.0,0.0,142.0,186.0,255.0,93.0,20.0,52.0,7.0,20.0,0.0,6.0,3.0,88.0,135.0,227.0,24.0,0.0,0.0,0.0,0.0,0.0,0.0,0.0,0.0,0.0,0.0,0.0,0.0,0.0,0.0,0.0,0.0,0.0,0.0,0.0,0.0,0.0,0.0,0.0,0.0,0.0,0.0,0.0,0.0,0.0,0.0,0.0,0.0,0.0,0.0,0.0,0.0,0.0,0.0,0.0,0.0,6.0,8.0,4.0,1.0,2.0,0.0,8.0,7.0,4.0,6.0,16.0,12.0,13.0,11.0,0.0,0.0,0.0,0.0,0.0,0.0,0.0,0.0,0.0,0.0,0.0,0.0,0.0,0.0,0.0,0.0,0.0,0.0,0.0,0.0,8.0,11.0,4.0,1.0,2.0,0.0,10.0,9.0,5.0,7.0,24.0,16.0,20.0,16.0
173,1.0,173.0,London_32,FIFO,151,453,1092.0,70.0,2.0,153114.0,1.3047285308130085,791.0,118.0,1.0,117.0,215.0,8.0,207.0,142.0,274.0,87.0,8.0,41.0,11.0,25.0,0.0,7.0,6.0,84.0,140.0,223.0,37.0,0.0,0.0,0.0,0.0,0.0,0.0,0.0,0.0,0.0,0.0,0.0,0.0,0.0,0.0,0.0,0.0,0.0,0.0,0.0,0.0,0.0,0.0,0.0,0.0,0.0,0.0,0.0,0.0,0.0,0.0,0.0,0.0,1.0,0.0,0.0,1.0,0.0,0.0,0.0,0.0,2.0,5.0,0.0,1.0,3.0,0.0,9.0,6.0,8.0,9.0,22.0,33.0,12.0,12.0,0.0,0.0,0.0,0.0,0.0,0.0,0.0,0.0,0.0,0.0,0.0,0.0,6.0,0.0,0.0,5.0,0.0,0.0,0.0,0.0,3.0,7.0,0.0,3.0,3.0,0.0,14.0,7.0,10.0,10.0,35.0,45.0,19.0,21.0
174,1.0,174.0,London_32,FIFO,151,453,1092.0,70.0,2.0,135447.0,0.9691816680133343,752.0,33.0,2.0,31.0,73.0,18.0,55.0,215.0,260.0,71.0,10.0,70.0,6.0,25.0,2.0,9.0,1.0,85.0,151.0,216.0,31.0,0.0,0.0,0.0,0.0,0.0,0.0,0.0,0.0,0.0,0.0,0.0,0.0,0.0,0.0,0.0,0.0,0.0,0.0,0.0,0.0,0.0,0.0,0.0,0.0,0.0,0.0,0.0,0.0,0.0,1.0,1.0,0.0,1.0,0.0,1.0,2.0,0.0,0.0,0.0,0.0,0.0,2.0,1.0,0.0,0.0,0.0,4.0,2.0,2.0,8.0,3.0,8.0,5.0,6.0,0.0,0.0,0.0,0.0,0.0,0.0,0.0,0.0,0.0,4.0,7.0,0.0,2.0,0.0,7.0,11.0,0.0,0.0,0.0,0.0,0.0,2.0,1.0,0.0,0.0,0.0,5.0,2.0,3.0,9.0,4.0,11.0,5.0,9.0
175,1.0,175.0,London_32,FIFO,151,453,1092.0,70.0,2.0,152208.0,0.8495260393247008,789.0,148.0,1.0,147.0,268.0,11.0,257.0,73.0,262.0,84.0,11.0,71.0,1.0,16.0,2.0,6.0,2.0,96.0,138.0,217.0,33.0,0.0,0.0,0.0,0.0,0.0,0.0,0.0,0.0,0.0,0.0,0.0,0.0,0.0,0.0,0.0,0.0,0.0,0.0,0.0,0.0,0.0,0.0,0.0,0.0,0.0,0.0,0.0,0.0,0.0,1.0,0.0,0.0,0.0,0.0,0.0,1.0,0.0,0.0,0.0,0.0,1.0,3.0,0.0,1.0,2.0,0.0,16.0,2.0,4.0,11.0,26.0,33.0,12.0,10.0,0.0,0.0,0.0,0.0,0.0,0.0,0.0,0.0,0.0,2.0,0.0,0.0,0.0,0.0,0.0,4.0,0.0,0.0,0.0,0.0,1.0,5.0,0.0,1.0,2.0,0.0,20.0,2.0,4.0,13.0,42.0,51.0,16.0,15.0
176,1.0,176.0,London_32,FIFO,151,453,1092.0,70.0,2.0,127293.0,0.6950152269564569,734.0,10.0,0.0,10.0,18.0,0.0,18.0,268.0,223.0,98.0,20.0,65.0,2.0,32.0,2.0,11.0,4.0,81.0,141.0,227.0,24.0,0.0,0.0,0.0,0.0,0.0,0.0,0.0,0.0,0.0,0.0,0.0,0.0,0.0,0.0,0.0,0.0,0.0,0.0,0.0,0.0,0.0,0.0,0.0,0.0,0.0,0.0,0.0,0.0,0.0,0.0,0.0,0.0,0.0,0.0,0.0,0.0,0.0,0.0,0.0,0.0,0.0,0.0,0.0,0.0,0.0,0.0,1.0,1.0,2.0,0.0,5.0,3.0,2.0,0.0,0.0,0.0,0.0,0.0,0.0,0.0,0.0,0.0,0.0,0.0,0.0,0.0,0.0,0.0,0.0,0.0,0.0,0.0,0.0,0.0,0.0,0.0,0.0,0.0,0.0,0.0,1.0,1.0,2.0,0.0,6.0,5.0,4.0,0.0
177,1.0,177.0,London_32,FIFO,151,453,1092.0,70.0,2.0,168063.0,0.8776056910865009,824.0,7.0,2.0,5.0,29.0,18.0,11.0,18.0,224.0,98.0,17.0,67.0,1.0,34.0,3.0,9.0,4.0,77.0,147.0,225.0,27.0,0.0,0.0,0.0,0.0,0.0,0.0,0.0,0.0,0.0,0.0,0.0,0.0,0.0,0.0,0.0,0.0,0.0,0.0,0.0,0.0,0.0,0.0,0.0,0.0,0.0,0.0,0.0,0.0,0.0,1.0,0.0,0.0,0.0,0.0,0.0,2.0,0.0,0.0,0.0,0.0,1.0,0.0,0.0,1.0,0.0,0.0,0.0,1.0,1.0,0.0,1.0,1.0,0.0,0.0,0.0,0.0,0.0,0.0,0.0,0.0,0.0,0.0,0.0,4.0,0.0,0.0,0.0,0.0,0.0,7.0,0.0,0.0,0.0,0.0,1.0,0.0,0.0,2.0,0.0,0.0,0.0,4.0,1.0,0.0,1.0,2.0,0.0,0.0
178,1.0,178.0,London_32,FIFO,151,453,1092.0,70.0,2.0,210645.0,1.164566685911268,918.0,183.0,1.0,182.0,319.0,10.0,309.0,29.0,216.0,104.0,14.0,75.0,2.0,29.0,4.0,9.0,4.0,80.0,140.0,229.0,28.0,0.0,0.0,0.0,0.0,0.0,0.0,0.0,0.0,0.0,0.0,0.0,0.0,0.0,0.0,0.0,0.0,0.0,0.0,0.0,0.0,0.0,0.0,0.0,0.0,0.0,0.0,0.0,0.0,0.0,1.0,0.0,0.0,0.0,0.0,0.0,1.0,0.0,0.0,0.0,0.0,5.0,2.0,1.0,3.0,4.0,0.0,24.0,8.0,2.0,11.0,29.0,46.0,14.0,14.0,0.0,0.0,0.0,0.0,0.0,0.0,0.0,0.0,0.0,1.0,0.0,0.0,0.0,0.0,0.0,2.0,0.0,0.0,0.0,0.0,5.0,3.0,1.0,6.0,6.0,0.0,30.0,10.0,3.0,17.0,41.0,65.0,17.0,18.0
179,1.0,179.0,London_32,FIFO,151,453,1092.0,70.0,2.0,164439.0,0.7117035891860723,816.0,149.0,2.0,147.0,276.0,16.0,260.0,319.0,177.0,119.0,19.0,100.0,7.0,23.0,3.0,5.0,6.0,82.0,142.0,223.0,37.0,0.0,0.0,0.0,0.0,0.0,0.0,0.0,0.0,0.0,0.0,0.0,0.0,0.0,0.0,0.0,0.0,0.0,0.0,0.0,0.0,0.0,0.0,0.0,0.0,0.0,0.0,0.0,0.0,0.0,1.0,0.0,0.0,1.0,1.0,0.0,2.0,0.0,0.0,0.0,0.0,2.0,12.0,7.0,3.0,3.0,1.0,18.0,8.0,7.0,21.0,39.0,37.0,25.0,6.0,0.0,0.0,0.0,0.0,0.0,0.0,0.0,0.0,0.0,2.0,0.0,0.0,3.0,6.0,0.0,6.0,0.0,0.0,0.0,0.0,3.0,21.0,9.0,5.0,3.0,2.0,23.0,11.0,9.0,24.0,57.0,52.0,33.0,6.0
180,1.0,180.0,London_32,FIFO,151,453,1092.0,70.0,2.0,127746.0,0.5982491089962423,735.0,14.0,0.0,14.0,21.0,0.0,21.0,276.0,201.0,121.0,19.0,78.0,12.0,18.0,1.0,3.0,8.0,77.0,141.0,227.0,45.0,0.0,0.0,0.0,0.0,0.0,0.0,0.0,0.0,0.0,0.0,0.0,0.0,0.0,0.0,0.0,0.0,0.0,0.0,0.0,0.0,0.0,0.0,0.0,0.0,0.0,0.0,0.0,0.0,0.0,0.0,0.0,0.0,0.0,0.0,0.0,0.0,0.0,0.0,0.0,0.0,0.0,0.0,0.0,0.0,0.0,0.0,3.0,1.0,1.0,1.0,5.0,1.0,4.0,0.0,0.0,0.0,0.0,0.0,0.0,0.0,0.0,0.0,0.0,0.0,0.0,0.0,0.0,0.0,0.0,0.0,0.0,0.0,0.0,0.0,0.0,0.0,0.0,0.0,0.0,0.0,5.0,2.0,2.0,1.0,6.0,2.0,4.0,0.0
181,1.0,181.0,London_32,FIFO,151,453,1092.0,70.0,2.0,154473.0,0.7554146340116858,794.0,72.0,0.0,72.0,125.0,0.0,125.0,21.0,198.0,125.0,23.0,73.0,12.0,20.0,0.0,2.0,8.0,78.0,146.0,221.0,45.0,0.0,0.0,0.0,0.0,0.0,0.0,0.0,0.0,0.0,0.0,0.0,0.0,0.0,0.0,0.0,0.0,0.0,0.0,0.0,0.0,0.0,0.0,0.0,0.0,0.0,0.0,0.0,0.0,0.0,0.0,0.0,0.0,0.0,0.0,0.0,0.0,0.0,0.0,0.0,0.0,1.0,2.0,0.0,0.0,0.0,0.0,8.0,4.0,2.0,7.0,10.0,18.0,17.0,6.0,0.0,0.0,0.0,0.0,0.0,0.0,0.0,0.0,0.0,0.0,0.0,0.0,0.0,0.0,0.0,0.0,0.0,0.0,0.0,0.0,1.0,3.0,0.0,0.0,0.0,0.0,12.0,4.0,4.0,8.0,15.0,24.0,19.0,8.0
182,1.0,182.0,London_32,FIFO,151,453,1092.0,70.0,2.0,160362.0,1.0457772463560104,807.0,139.0,2.0,137.0,238.0,18.0,220.0,125.0,208.0,129.0,22.0,66.0,10.0,13.0,1.0,4.0,11.0,81.0,155.0,206.0,60.0,0.0,0.0,0.0,0.0,0.0,0.0,0.0,0.0,0.0,0.0,0.0,0.0,0.0,0.0,0.0,0.0,0.0,0.0,0.0,0.0,0.0,0.0,0.0,0.0,0.0,0.0,0.0,0.0,0.0,0.0,0.0,0.0,0.0,0.0,2.0,0.0,0.0,0.0,0.0,0.0,0.0,2.0,3.0,2.0,2.0,0.0,10.0,3.0,6.0,8.0,26.0,32.0,25.0,13.0,0.0,0.0,0.0,0.0,0.0,0.0,0.0,0.0,0.0,0.0,0.0,0.0,0.0,0.0,14.0,0.0,0.0,0.0,0.0,0.0,0.0,2.0,3.0,2.0,2.0,0.0,13.0,4.0,7.0,10.0,37.0,40.0,29.0,21.0
183,1.0,183.0,London_32,FIFO,151,453,1092.0,70.0,2.0,132729.0,0.7761122789233923,746.0,66.0,0.0,66.0,112.0,0.0,112.0,238.0,227.0,109.0,24.0,64.0,7.0,20.0,1.0,1.0,7.0,84.0,147.0,215.0,41.0,0.0,0.0,0.0,0.0,0.0,0.0,0.0,0.0,0.0,0.0,0.0,0.0,0.0,0.0,0.0,0.0,0.0,0.0,0.0,0.0,0.0,0.0,0.0,0.0,0.0,0.0,0.0,0.0,0.0,0.0,0.0,0.0,0.0,0.0,0.0,0.0,0.0,0.0,0.0,0.0,4.0,4.0,0.0,1.0,1.0,0.0,7.0,2.0,2.0,10.0,12.0,20.0,23.0,6.0,0.0,0.0,0.0,0.0,0.0,0.0,0.0,0.0,0.0,0.0,0.0,0.0,0.0,0.0,0.0,0.0,0.0,0.0,0.0,0.0,4.0,5.0,0.0,1.0,1.0,0.0,8.0,3.0,6.0,13.0,18.0,25.0,33.0,8.0
184,1.0,184.0,London_32,FIFO,151,453,1092.0,70.0,2.0,132276.0,0.8268948649056256,745.0,127.0,0.0,127.0,222.0,0.0,222.0,112.0,228.0,106.0,23.0,66.0,11.0,17.0,1.0,1.0,5.0,86.0,147.0,215.0,45.0,0.0,0.0,0.0,0.0,0.0,0.0,0.0,0.0,0.0,0.0,0.0,0.0,0.0,0.0,0.0,0.0,0.0,0.0,0.0,0.0,0.0,0.0,0.0,0.0,0.0,0.0,0.0,0.0,0.0,0.0,0.0,0.0,0.0,0.0,0.0,0.0,0.0,0.0,0.0,0.0,1.0,2.0,1.0,1.0,1.0,0.0,6.0,10.0,7.0,10.0,28.0,21.0,21.0,8.0,0.0,0.0,0.0,0.0,0.0,0.0,0.0,0.0,0.0,0.0,0.0,0.0,0.0,0.0,0.0,0.0,0.0,0.0,0.0,0.0,1.0,3.0,1.0,2.0,1.0,0.0,9.0,13.0,8.0,12.0,46.0,33.0,28.0,14.0
185,1.0,185.0,London_32,FIFO,151,453,1092.0,70.0,2.0,99207.0,0.5610652691684663,672.0,3.0,0.0,3.0,5.0,0.0,5.0,222.0,248.0,102.0,18.0,56.0,3.0,23.0,1.0,2.0,7.0,81.0,147.0,218.0,28.0,0.0,0.0,0.0,0.0,0.0,0.0,0.0,0.0,0.0,0.0,0.0,0.0,0.0,0.0,0.0,0.0,0.0,0.0,0.0,0.0,0.0,0.0,0.0,0.0,0.0,0.0,0.0,0.0,0.0,0.0,0.0,0.0,0.0,0.0,0.0,0.0,0.0,0.0,0.0,0.0,0.0,0.0,0.0,0.0,0.0,0.0,0.0,0.0,0.0,0.0,2.0,0.0,0.0,1.0,0.0,0.0,0.0,0.0,0.0,0.0,0.0,0.0,0.0,0.0,0.0,0.0,0.0,0.0,0.0,0.0,0.0,0.0,0.0,0.0,0.0,0.0,0.0,0.0,0.0,0.0,0.0,0.0,0.0,0.0,3.0,0.0,0.0,1.0
186,1.0,186.0,London_32,FIFO,151,453,1092.0,70.0,2.0,133182.0,0.7672477914020419,747.0,12.0,1.0,11.0,25.0,9.0,16.0,5.0,248.0,98.0,19.0,58.0,3.0,24.0,1.0,2.0,7.0,81.0,149.0,216.0,28.0,0.0,0.0,0.0,0.0,0.0,0.0,0.0,0.0,0.0,0.0,0.0,0.0,0.0,0.0,0.0,0.0,0.0,0.0,0.0,0.0,0.0,0.0,0.0,0.0,0.0,0.0,0.0,0.0,0.0,0.0,0.0,0.0,0.0,0.0,1.0,0.0,0.0,0.0,0.0,0.0,1.0,0.0,0.0,0.0,0.0,0.0,1.0,0.0,1.0,2.0,1.0,2.0,2.0,1.0,0.0,0.0,0.0,0.0,0.0,0.0,0.0,0.0,0.0,0.0,0.0,0.0,0.0,0.0,6.0,0.0,0.0,0.0,0.0,0.0,1.0,0.0,0.0,0.0,0.0,0.0,1.0,0.0,1.0,2.0,1.0,2.0,2.0,1.0
187,1.0,187.0,London_32,FIFO,151,453,1092.0,70.0,2.0,171234.0,1.3052810290828347,831.0,206.0,2.0,204.0,363.0,18.0,345.0,25.0,249.0,95.0,16.0,65.0,3.0,22.0,1.0,2.0,7.0,84.0,141.0,221.0,26.0,0.0,0.0,0.0,0.0,0.0,0.0,0.0,0.0,0.0,0.0,0.0,0.0,0.0,0.0,0.0,0.0,0.0,0.0,0.0,0.0,0.0,0.0,0.0,0.0,0.0,0.0,0.0,0.0,0.0,0.0,0.0,0.0,1.0,1.0,1.0,2.0,0.0,0.0,0.0,0.0,1.0,27.0,0.0,6.0,2.0,0.0,12.0,8.0,3.0,8.0,37.0,40.0,8.0,18.0,0.0,0.0,0.0,0.0,0.0,0.0,0.0,0.0,0.0,0.0,0.0,0.0,7.0,9.0,6.0,11.0,0.0,0.0,0.0,0.0,1.0,38.0,0.0,11.0,2.0,0.0,13.0,9.0,4.0,12.0,59.0,58.0,9.0,23.0
188,1.0,188.0,London_32,FIFO,151,453,1092.0,70.0,2.0,106002.0,0.5148729011416435,687.0,48.0,2.0,46.0,94.0,15.0,79.0,363.0,132.0,133.0,31.0,119.0,6.0,26.0,1.0,5.0,5.0,77.0,141.0,230.0,43.0,0.0,0.0,0.0,0.0,0.0,0.0,0.0,0.0,0.0,0.0,0.0,0.0,0.0,0.0,0.0,0.0,0.0,0.0,0.0,0.0,0.0,0.0,0.0,0.0,0.0,0.0,0.0,0.0,0.0,1.0,0.0,0.0,0.0,1.0,1.0,2.0,0.0,0.0,0.0,0.0,0.0,1.0,0.0,0.0,0.0,0.0,5.0,3.0,1.0,2.0,9.0,12.0,8.0,3.0,0.0,0.0,0.0,0.0,0.0,0.0,0.0,0.0,0.0,4.0,0.0,0.0,0.0,6.0,5.0,9.0,0.0,0.0,0.0,0.0,0.0,1.0,0.0,0.0,0.0,0.0,11.0,5.0,1.0,2.0,14.0,18.0,11.0,6.0
189,1.0,189.0,London_32,FIFO,151,453,1092.0,70.0,2.0,123216.0,0.5924090831540525,725.0,30.0,0.0,30.0,49.0,0.0,49.0,94.0,131.0,141.0,27.0,124.0,1.0,22.0,1.0,6.0,6.0,81.0,142.0,224.0,46.0,0.0,0.0,0.0,0.0,0.0,0.0,0.0,0.0,0.0,0.0,0.0,0.0,0.0,0.0,0.0,0.0,0.0,0.0,0.0,0.0,0.0,0.0,0.0,0.0,0.0,0.0,0.0,0.0,0.0,0.0,0.0,0.0,0.0,0.0,0.0,0.0,0.0,0.0,0.0,0.0,0.0,0.0,0.0,0.0,0.0,0.0,3.0,2.0,0.0,0.0,6.0,7.0,6.0,3.0,0.0,0.0,0.0,0.0,0.0,0.0,0.0,0.0,0.0,0.0,0.0,0.0,0.0,0.0,0.0,0.0,0.0,0.0,0.0,0.0,0.0,0.0,0.0,0.0,0.0,0.0,7.0,3.0,0.0,0.0,9.0,11.0,8.0,3.0
190,1.0,190.0,London_32,FIFO,151,453,1092.0,70.0,2.0,151302.0,0.6510327896103263,787.0,35.0,1.0,34.0,67.0,10.0,57.0,49.0,136.0,135.0,30.0,122.0,1.0,20.0,2.0,7.0,7.0,80.0,150.0,216.0,47.0,0.0,0.0,0.0,0.0,0.0,0.0,0.0,0.0,0.0,0.0,0.0,0.0,0.0,0.0,0.0,0.0,0.0,0.0,0.0,0.0,0.0,0.0,0.0,0.0,0.0,0.0,0.0,0.0,0.0,1.0,0.0,0.0,1.0,0.0,0.0,1.0,0.0,0.0,0.0,0.0,1.0,2.0,1.0,0.0,0.0,0.0,2.0,1.0,2.0,4.0,3.0,9.0,1.0,4.0,0.0,0.0,0.0,0.0,0.0,0.0,0.0,0.0,0.0,1.0,0.0,0.0,5.0,0.0,0.0,6.0,0.0,0.0,0.0,0.0,1.0,2.0,2.0,0.0,0.0,0.0,3.0,2.0,3.0,5.0,4.0,13.0,1.0,5.0
191,1.0,191.0,London_32,FIFO,151,453,1092.0,70.0,2.0,180294.0,0.6428242609836161,851.0,22.0,0.0,22.0,34.0,0.0,34.0,67.0,143.0,128.0,38.0,118.0,1.0,19.0,2.0,4.0,5.0,77.0,148.0,223.0,47.0,0.0,0.0,0.0,0.0,0.0,0.0,0.0,0.0,0.0,0.0,0.0,0.0,0.0,0.0,0.0,0.0,0.0,0.0,0.0,0.0,0.0,0.0,0.0,0.0,0.0,0.0,0.0,0.0,0.0,0.0,0.0,0.0,0.0,0.0,0.0,0.0,0.0,0.0,0.0,0.0,1.0,0.0,0.0,0.0,0.0,0.0,2.0,2.0,2.0,1.0,4.0,3.0,4.0,1.0,0.0,0.0,0.0,0.0,0.0,0.0,0.0,0.0,0.0,0.0,0.0,0.0,0.0,0.0,0.0,0.0,0.0,0.0,0.0,0.0,1.0,0.0,0.0,0.0,0.0,0.0,3.0,3.0,3.0,1.0,6.0,6.0,5.0,2.0
192,1.0,192.0,London_32,FIFO,151,453,1092.0,70.0,2.0,221517.0,1.03090815898031,942.0,122.0,3.0,119.0,228.0,25.0,203.0,34.0,144.0,128.0,37.0,118.0,1.0,19.0,2.0,4.0,4.0,72.0,154.0,223.0,53.0,0.0,0.0,0.0,0.0,0.0,0.0,0.0,0.0,0.0,0.0,0.0,0.0,0.0,0.0,0.0,0.0,0.0,0.0,0.0,0.0,0.0,0.0,0.0,0.0,0.0,0.0,0.0,0.0,0.0,1.0,0.0,0.0,1.0,0.0,1.0,1.0,0.0,0.0,0.0,0.0,3.0,9.0,3.0,0.0,0.0,1.0,16.0,9.0,8.0,2.0,16.0,24.0,26.0,5.0,0.0,0.0,0.0,0.0,0.0,0.0,0.0,0.0,0.0,2.0,0.0,0.0,1.0,0.0,7.0,4.0,0.0,0.0,0.0,0.0,3.0,16.0,3.0,0.0,0.0,2.0,20.0,12.0,10.0,3.0,20.0,35.0,31.0,6.0
193,1.0,193.0,London_32,FIFO,151,453,1092.0,70.0,2.0,211098.0,0.9765315731056035,919.0,160.0,1.0,159.0,282.0,9.0,273.0,228.0,147.0,134.0,51.0,82.0,5.0,32.0,0.0,2.0,8.0,74.0,138.0,233.0,53.0,0.0,0.0,0.0,0.0,0.0,0.0,0.0,0.0,0.0,0.0,0.0,0.0,0.0,0.0,0.0,0.0,0.0,0.0,0.0,0.0,0.0,0.0,0.0,0.0,0.0,0.0,0.0,0.0,0.0,1.0,0.0,0.0,0.0,0.0,0.0,0.0,1.0,0.0,0.0,0.0,4.0,5.0,7.0,2.0,4.0,0.0,7.0,7.0,8.0,13.0,26.0,41.0,20.0,15.0,0.0,0.0,0.0,0.0,0.0,0.0,0.0,0.0,0.0,6.0,0.0,0.0,0.0,0.0,0.0,0.0,7.0,0.0,0.0,0.0,4.0,7.0,8.0,2.0,4.0,0.0,10.0,10.0,11.0,15.0,39.0,60.0,26.0,21.0
194,1.0,194.0,London_32,FIFO,151,453,1092.0,70.0,2.0,181200.0,0.8445346388034523,853.0,91.0,0.0,91.0,158.0,0.0,158.0,282.0,170.0,137.0,39.0,73.0,6.0,24.0,0.0,4.0,4.0,63.0,144.0,242.0,31.0,0.0,0.0,0.0,0.0,0.0,0.0,0.0,0.0,0.0,0.0,0.0,0.0,0.0,0.0,0.0,0.0,0.0,0.0,0.0,0.0,0.0,0.0,0.0,0.0,0.0,0.0,0.0,0.0,0.0,0.0,0.0,0.0,0.0,0.0,0.0,0.0,0.0,0.0,0.0,0.0,0.0,3.0,3.0,0.0,2.0,0.0,15.0,10.0,1.0,10.0,10.0,25.0,11.0,9.0,0.0,0.0,0.0,0.0,0.0,0.0,0.0,0.0,0.0,0.0,0.0,0.0,0.0,0.0,0.0,0.0,0.0,0.0,0.0,0.0,0.0,6.0,3.0,0.0,2.0,0.0,15.0,15.0,1.0,13.0,13.0,36.0,13.0,12.0
195,1.0,195.0,London_32,FIFO,151,453,1092.0,70.0,2.0,177123.0,0.9084986178204417,844.0,133.0,2.0,131.0,242.0,17.0,225.0,158.0,172.0,152.0,44.0,48.0,6.0,29.0,2.0,0.0,10.0,65.0,162.0,216.0,45.0,0.0,0.0,0.0,0.0,0.0,0.0,0.0,0.0,0.0,0.0,0.0,0.0,0.0,0.0,0.0,0.0,0.0,0.0,0.0,0.0,0.0,0.0,0.0,0.0,0.0,0.0,0.0,0.0,0.0,0.0,0.0,0.0,0.0,0.0,2.0,1.0,0.0,0.0,0.0,0.0,2.0,13.0,6.0,1.0,8.0,0.0,4.0,7.0,17.0,11.0,22.0,34.0,18.0,11.0,0.0,0.0,0.0,0.0,0.0,0.0,0.0,0.0,0.0,0.0,0.0,0.0,0.0,0.0,16.0,1.0,0.0,0.0,0.0,0.0,2.0,18.0,6.0,2.0,9.0,0.0,6.0,11.0,20.0,15.0,31.0,55.0,21.0,14.0
196,1.0,196.0,London_32,FIFO,151,453,1092.0,70.0,2.0,155832.0,0.7274761511944234,797.0,91.0,0.0,91.0,152.0,0.0,152.0,242.0,189.0,146.0,17.0,71.0,7.0,16.0,2.0,5.0,8.0,73.0,159.0,213.0,36.0,0.0,0.0,0.0,0.0,0.0,0.0,0.0,0.0,0.0,0.0,0.0,0.0,0.0,0.0,0.0,0.0,0.0,0.0,0.0,0.0,0.0,0.0,0.0,0.0,0.0,0.0,0.0,0.0,0.0,0.0,0.0,0.0,0.0,0.0,0.0,0.0,0.0,0.0,0.0,0.0,2.0,3.0,0.0,0.0,0.0,0.0,6.0,12.0,6.0,13.0,22.0,21.0,20.0,10.0,0.0,0.0,0.0,0.0,0.0,0.0,0.0,0.0,0.0,0.0,0.0,0.0,0.0,0.0,0.0,0.0,0.0,0.0,0.0,0.0,2.0,4.0,0.0,0.0,0.0,0.0,6.0,21.0,8.0,17.0,30.0,27.0,26.0,14.0
197,1.0,197.0,London_32,FIFO,151,453,1092.0,70.0,2.0,159003.0,0.8736527310684323,804.0,76.0,0.0,76.0,128.0,0.0,128.0,152.0,206.0,140.0,14.0,71.0,10.0,9.0,1.0,2.0,9.0,73.0,157.0,214.0,39.0,0.0,0.0,0.0,0.0,0.0,0.0,0.0,0.0,0.0,0.0,0.0,0.0,0.0,0.0,0.0,0.0,0.0,0.0,0.0,0.0,0.0,0.0,0.0,0.0,0.0,0.0,0.0,0.0,0.0,0.0,0.0,0.0,0.0,0.0,0.0,0.0,0.0,0.0,0.0,0.0,1.0,9.0,1.0,0.0,3.0,0.0,5.0,9.0,2.0,13.0,10.0,21.0,19.0,5.0,0.0,0.0,0.0,0.0,0.0,0.0,0.0,0.0,0.0,0.0,0.0,0.0,0.0,0.0,0.0,0.0,0.0,0.0,0.0,0.0,1.0,16.0,1.0,0.0,3.0,0.0,7.0,13.0,2.0,15.0,14.0,32.0,22.0,8.0
198,1.0,198.0,London_32,FIFO,151,453,1092.0,70.0,2.0,166251.0,0.9098885068669915,820.0,108.0,0.0,108.0,192.0,0.0,192.0,128.0,212.0,156.0,11.0,57.0,4.0,7.0,0.0,6.0,14.0,85.0,144.0,210.0,49.0,0.0,0.0,0.0,0.0,0.0,0.0,0.0,0.0,0.0,0.0,0.0,0.0,0.0,0.0,0.0,0.0,0.0,0.0,0.0,0.0,0.0,0.0,0.0,0.0,0.0,0.0,0.0,0.0,0.0,0.0,0.0,0.0,0.0,0.0,0.0,0.0,0.0,0.0,0.0,0.0,2.0,11.0,4.0,2.0,2.0,1.0,14.0,6.0,8.0,1.0,16.0,29.0,12.0,5.0,0.0,0.0,0.0,0.0,0.0,0.0,0.0,0.0,0.0,0.0,0.0,0.0,0.0,0.0,0.0,0.0,0.0,0.0,0.0,0.0,2.0,12.0,5.0,2.0,3.0,1.0,22.0,11.0,12.0,1.0,24.0,48.0,14.0,11.0
199,1.0,199.0,London_32,FIFO,151,453,1092.0,70.0,2.0,148584.0,0.8269840138964355,781.0,111.0,3.0,108.0,225.0,28.0,197.0,192.0,214.0,137.0,21.0,58.0,2.0,16.0,0.0,5.0,6.0,80.0,160.0,207.0,39.0,0.0,0.0,0.0,0.0,0.0,0.0,0.0,0.0,0.0,0.0,0.0,0.0,0.0,0.0,0.0,0.0,0.0,0.0,0.0,0.0,0.0,0.0,0.0,0.0,0.0,0.0,0.0,0.0,0.0,0.0,0.0,0.0,0.0,1.0,1.0,1.0,0.0,0.0,0.0,0.0,2.0,5.0,0.0,4.0,1.0,1.0,9.0,7.0,3.0,3.0,24.0,22.0,21.0,12.0,0.0,0.0,0.0,0.0,0.0,0.0,0.0,0.0,0.0,0.0,0.0,0.0,0.0,7.0,8.0,3.0,0.0,0.0,0.0,0.0,2.0,7.0,0.0,5.0,1.0,2.0,11.0,9.0,3.0,4.0,42.0,30.0,27.0,20.0
200,1.0,200.0,London_32,FIFO,151,453,1092.0,70.0,2.0,128652.0,0.7272493941709399,737.0,29.0,0.0,29.0,50.0,0.0,50.0,225.0,199.0,130.0,14.0,75.0,5.0,20.0,4.0,6.0,4.0,84.0,155.0,210.0,34.0,0.0,0.0,0.0,0.0,0.0,0.0,0.0,0.0,0.0,0.0,0.0,0.0,0.0,0.0,0.0,0.0,0.0,0.0,0.0,0.0,0.0,0.0,0.0,0.0,0.0,0.0,0.0,0.0,0.0,0.0,0.0,0.0,0.0,0.0,0.0,0.0,0.0,0.0,0.0,0.0,3.0,0.0,0.0,1.0,0.0,0.0,1.0,0.0,2.0,5.0,5.0,5.0,9.0,4.0,0.0,0.0,0.0,0.0,0.0,0.0,0.0,0.0,0.0,0.0,0.0,0.0,0.0,0.0,0.0,0.0,0.0,0.0,0.0,0.0,4.0,0.0,0.0,1.0,0.0,0.0,1.0,0.0,5.0,7.0,6.0,9.0,10.0,5.0
201,1.0,201.0,London_32,FIFO,151,453,1092.0,70.0,2.0,155379.0,0.7568948022089899,796.0,11.0,1.0,10.0,30.0,9.0,21.0,50.0,204.0,124.0,16.0,81.0,5.0,18.0,3.0,2.0,4.0,78.0,157.0,214.0,36.0,0.0,0.0,0.0,0.0,0.0,0.0,0.0,0.0,0.0,0.0,0.0,0.0,0.0,0.0,0.0,0.0,0.0,0.0,0.0,0.0,0.0,0.0,0.0,0.0,0.0,0.0,0.0,0.0,0.0,0.0,0.0,0.0,0.0,1.0,0.0,1.0,0.0,0.0,0.0,0.0,1.0,0.0,0.0,0.0,0.0,0.0,0.0,1.0,1.0,2.0,2.0,1.0,3.0,3.0,0.0,0.0,0.0,0.0,0.0,0.0,0.0,0.0,0.0,0.0,0.0,0.0,0.0,6.0,0.0,3.0,0.0,0.0,0.0,0.0,1.0,0.0,0.0,0.0,0.0,0.0,0.0,1.0,1.0,4.0,5.0,2.0,4.0,7.0
202,1.0,202.0,London_32,FIFO,151,453,1092.0,70.0,2.0,185277.0,0.9705621660687029,862.0,161.0,2.0,159.0,277.0,18.0,259.0,30.0,205.0,117.0,14.0,85.0,6.0,21.0,3.0,2.0,4.0,78.0,149.0,222.0,32.0,0.0,0.0,0.0,0.0,0.0,0.0,0.0,0.0,0.0,0.0,0.0,0.0,0.0,0.0,0.0,0.0,0.0,0.0,0.0,0.0,0.0,0.0,0.0,0.0,0.0,0.0,0.0,0.0,0.0,0.0,0.0,0.0,0.0,0.0,0.0,0.0,0.0,0.0,0.0,0.0,5.0,2.0,8.0,1.0,8.0,0.0,18.0,8.0,4.0,14.0,28.0,32.0,30.0,8.0,0.0,0.0,0.0,0.0,0.0,0.0,0.0,0.0,0.0,0.0,0.0,0.0,0.0,0.0,0.0,0.0,0.0,0.0,0.0,0.0,6.0,3.0,9.0,1.0,8.0,0.0,26.0,8.0,5.0,16.0,41.0,42.0,40.0,11.0
203,1.0,203.0,London_32,FIFO,151,453,1092.0,70.0,2.0,149943.0,0.702760755084455,784.0,107.0,0.0,107.0,188.0,0.0,188.0,277.0,208.0,113.0,22.0,81.0,5.0,19.0,3.0,2.0,5.0,69.0,155.0,224.0,33.0,0.0,0.0,0.0,0.0,0.0,0.0,0.0,0.0,0.0,0.0,0.0,0.0,0.0,0.0,0.0,0.0,0.0,0.0,0.0,0.0,0.0,0.0,0.0,0.0,0.0,0.0,0.0,0.0,0.0,0.0,0.0,0.0,0.0,0.0,0.0,0.0,0.0,0.0,0.0,0.0,0.0,3.0,0.0,1.0,0.0,0.0,5.0,6.0,9.0,12.0,19.0,27.0,15.0,7.0,0.0,0.0,0.0,0.0,0.0,0.0,0.0,0.0,0.0,0.0,0.0,0.0,0.0,0.0,0.0,0.0,0.0,0.0,0.0,0.0,0.0,5.0,0.0,1.0,0.0,0.0,6.0,8.0,12.0,15.0,29.0,38.0,18.0,12.0
204,1.0,204.0,London_32,FIFO,151,453,1092.0,70.0,2.0,143601.0,0.8076804643496871,770.0,84.0,1.0,83.0,156.0,10.0,146.0,188.0,207.0,114.0,18.0,83.0,8.0,16.0,3.0,4.0,8.0,68.0,151.0,226.0,46.0,0.0,0.0,0.0,0.0,0.0,0.0,0.0,0.0,0.0,0.0,0.0,0.0,0.0,0.0,0.0,0.0,0.0,0.0,0.0,0.0,0.0,0.0,0.0,0.0,0.0,0.0,0.0,0.0,0.0,0.0,0.0,0.0,1.0,0.0,0.0,1.0,0.0,0.0,0.0,0.0,3.0,6.0,1.0,3.0,0.0,0.0,8.0,6.0,2.0,3.0,26.0,17.0,25.0,7.0,0.0,0.0,0.0,0.0,0.0,0.0,0.0,0.0,0.0,0.0,0.0,0.0,3.0,0.0,0.0,6.0,0.0,0.0,0.0,0.0,3.0,9.0,1.0,4.0,0.0,0.0,14.0,8.0,2.0,4.0,40.0,22.0,32.0,11.0
205,1.0,205.0,London_32,FIFO,151,453,1092.0,70.0,2.0,144054.0,0.9950689631514251,771.0,89.0,1.0,88.0,167.0,10.0,157.0,156.0,228.0,106.0,10.0,63.0,10.0,25.0,4.0,7.0,11.0,78.0,162.0,202.0,52.0,0.0,0.0,0.0,0.0,0.0,0.0,0.0,0.0,0.0,0.0,0.0,0.0,0.0,0.0,0.0,0.0,0.0,0.0,0.0,0.0,0.0,0.0,0.0,0.0,0.0,0.0,0.0,0.0,0.0,1.0,0.0,0.0,1.0,0.0,0.0,0.0,0.0,0.0,0.0,0.0,3.0,7.0,4.0,2.0,0.0,0.0,12.0,8.0,4.0,10.0,12.0,30.0,15.0,9.0,0.0,0.0,0.0,0.0,0.0,0.0,0.0,0.0,0.0,4.0,0.0,0.0,4.0,0.0,0.0,0.0,0.0,0.0,0.0,0.0,3.0,13.0,4.0,2.0,0.0,0.0,17.0,12.0,5.0,15.0,17.0,39.0,22.0,13.0
206,1.0,206.0,London_32,FIFO,151,453,1092.0,70.0,2.0,140430.0,0.8454529368318617,763.0,66.0,0.0,66.0,114.0,0.0,114.0,167.0,230.0,100.0,17.0,46.0,12.0,30.0,4.0,14.0,9.0,77.0,159.0,208.0,43.0,0.0,0.0,0.0,0.0,0.0,0.0,0.0,0.0,0.0,0.0,0.0,0.0,0.0,0.0,0.0,0.0,0.0,0.0,0.0,0.0,0.0,0.0,0.0,0.0,0.0,0.0,0.0,0.0,0.0,0.0,0.0,0.0,0.0,0.0,0.0,0.0,0.0,0.0,0.0,0.0,6.0,6.0,1.0,1.0,0.0,0.0,3.0,4.0,2.0,5.0,19.0,20.0,18.0,3.0,0.0,0.0,0.0,0.0,0.0,0.0,0.0,0.0,0.0,0.0,0.0,0.0,0.0,0.0,0.0,0.0,0.0,0.0,0.0,0.0,7.0,9.0,1.0,2.0,0.0,0.0,4.0,6.0,2.0,9.0,31.0,32.0,26.0,7.0
207,1.0,207.0,London_32,FIFO,151,453,1092.0,70.0,2.0,149490.0,0.8529029060155153,783.0,109.0,0.0,109.0,180.0,0.0,180.0,114.0,235.0,96.0,18.0,37.0,10.0,41.0,5.0,11.0,10.0,78.0,162.0,203.0,40.0,0.0,0.0,0.0,0.0,0.0,0.0,0.0,0.0,0.0,0.0,0.0,0.0,0.0,0.0,0.0,0.0,0.0,0.0,0.0,0.0,0.0,0.0,0.0,0.0,0.0,0.0,0.0,0.0,0.0,0.0,0.0,0.0,0.0,0.0,0.0,0.0,0.0,0.0,0.0,0.0,0.0,15.0,1.0,0.0,9.0,0.0,6.0,0.0,10.0,7.0,25.0,26.0,22.0,6.0,0.0,0.0,0.0,0.0,0.0,0.0,0.0,0.0,0.0,0.0,0.0,0.0,0.0,0.0,0.0,0.0,0.0,0.0,0.0,0.0,0.0,19.0,1.0,0.0,11.0,0.0,7.0,0.0,14.0,8.0,38.0,36.0,26.0,7.0
208,1.0,208.0,London_32,FIFO,151,453,1092.0,70.0,2.0,135900.0,0.7293828460387886,753.0,12.0,2.0,10.0,34.0,19.0,15.0,180.0,254.0,64.0,15.0,45.0,11.0,46.0,5.0,13.0,5.0,70.0,159.0,219.0,28.0,0.0,0.0,0.0,0.0,0.0,0.0,0.0,0.0,0.0,0.0,0.0,0.0,0.0,0.0,0.0,0.0,0.0,0.0,0.0,0.0,0.0,0.0,0.0,0.0,0.0,0.0,0.0,0.0,0.0,2.0,0.0,0.0,1.0,1.0,0.0,2.0,0.0,0.0,0.0,0.0,0.0,0.0,0.0,0.0,0.0,0.0,1.0,2.0,0.0,0.0,5.0,2.0,2.0,0.0,0.0,0.0,0.0,0.0,0.0,0.0,0.0,0.0,0.0,11.0,0.0,0.0,2.0,7.0,0.0,7.0,0.0,0.0,0.0,0.0,0.0,0.0,0.0,0.0,0.0,0.0,1.0,3.0,0.0,0.0,6.0,3.0,2.0,0.0
209,1.0,209.0,London_32,FIFO,151,453,1092.0,70.0,2.0,171687.0,1.000192207749933,832.0,121.0,2.0,119.0,217.0,17.0,200.0,34.0,256.0,76.0,16.0,46.0,2.0,41.0,3.0,13.0,5.0,70.0,158.0,220.0,21.0,0.0,0.0,0.0,0.0,0.0,0.0,0.0,0.0,0.0,0.0,0.0,0.0,0.0,0.0,0.0,0.0,0.0,0.0,0.0,0.0,0.0,0.0,0.0,0.0,0.0,0.0,0.0,0.0,0.0,1.0,0.0,0.0,2.0,1.0,0.0,2.0,0.0,0.0,0.0,0.0,1.0,12.0,2.0,0.0,3.0,0.0,5.0,6.0,3.0,3.0,18.0,26.0,17.0,8.0,0.0,0.0,0.0,0.0,0.0,0.0,0.0,0.0,0.0,2.0,0.0,0.0,7.0,6.0,0.0,5.0,0.0,0.0,0.0,0.0,1.0,15.0,2.0,0.0,3.0,0.0,6.0,7.0,3.0,3.0,27.0,34.0,20.0,11.0
210,1.0,210.0,London_32,FIFO,151,453,1092.0,70.0,2.0,154926.0,0.8675089441239834,795.0,79.0,0.0,79.0,144.0,0.0,144.0,217.0,234.0,91.0,12.0,51.0,4.0,46.0,3.0,12.0,4.0,72.0,157.0,220.0,26.0,0.0,0.0,0.0,0.0,0.0,0.0,0.0,0.0,0.0,0.0,0.0,0.0,0.0,0.0,0.0,0.0,0.0,0.0,0.0,0.0,0.0,0.0,0.0,0.0,0.0,0.0,0.0,0.0,0.0,0.0,0.0,0.0,0.0,0.0,0.0,0.0,0.0,0.0,0.0,0.0,3.0,2.0,2.0,1.0,0.0,0.0,13.0,4.0,2.0,10.0,10.0,20.0,23.0,10.0,0.0,0.0,0.0,0.0,0.0,0.0,0.0,0.0,0.0,0.0,0.0,0.0,0.0,0.0,0.0,0.0,0.0,0.0,0.0,0.0,3.0,3.0,2.0,1.0,0.0,0.0,15.0,4.0,2.0,15.0,17.0,39.0,29.0,11.0
211,1.0,211.0,London_32,FIFO,151,453,1092.0,70.0,2.0,160362.0,0.8456896422430873,807.0,93.0,2.0,91.0,172.0,18.0,154.0,144.0,233.0,108.0,12.0,36.0,7.0,45.0,5.0,7.0,5.0,84.0,162.0,202.0,33.0,0.0,0.0,0.0,0.0,0.0,0.0,0.0,0.0,0.0,0.0,0.0,0.0,0.0,0.0,0.0,0.0,0.0,0.0,0.0,0.0,0.0,0.0,0.0,0.0,0.0,0.0,0.0,0.0,0.0,0.0,0.0,0.0,0.0,1.0,0.0,1.0,0.0,0.0,0.0,0.0,2.0,2.0,0.0,1.0,1.0,1.0,8.0,6.0,0.0,15.0,20.0,25.0,16.0,15.0,0.0,0.0,0.0,0.0,0.0,0.0,0.0,0.0,0.0,0.0,0.0,0.0,0.0,7.0,0.0,2.0,0.0,0.0,0.0,0.0,3.0,3.0,0.0,1.0,1.0,3.0,13.0,9.0,0.0,23.0,30.0,39.0,22.0,25.0
212,1.0,212.0,London_32,FIFO,151,453,1092.0,70.0,2.0,149490.0,0.9130019498988986,783.0,114.0,0.0,114.0,207.0,0.0,207.0,172.0,228.0,113.0,10.0,46.0,5.0,46.0,3.0,2.0,7.0,68.0,173.0,205.0,42.0,0.0,0.0,0.0,0.0,0.0,0.0,0.0,0.0,0.0,0.0,0.0,0.0,0.0,0.0,0.0,0.0,0.0,0.0,0.0,0.0,0.0,0.0,0.0,0.0,0.0,0.0,0.0,0.0,0.0,0.0,0.0,0.0,0.0,0.0,0.0,0.0,0.0,0.0,0.0,0.0,3.0,1.0,0.0,4.0,5.0,1.0,4.0,5.0,1.0,7.0,20.0,25.0,15.0,11.0,0.0,0.0,0.0,0.0,0.0,0.0,0.0,0.0,0.0,0.0,0.0,0.0,0.0,0.0,0.0,0.0,0.0,0.0,0.0,0.0,3.0,1.0,0.0,6.0,5.0,2.0,4.0,7.0,2.0,8.0,32.0,39.0,17.0,16.0
213,1.0,213.0,London_32,FIFO,151,453,1092.0,70.0,2.0,131823.0,0.9154042461887002,744.0,39.0,2.0,37.0,84.0,17.0,67.0,207.0,248.0,89.0,10.0,58.0,11.0,31.0,1.0,5.0,3.0,72.0,154.0,224.0,24.0,0.0,0.0,0.0,0.0,0.0,0.0,0.0,0.0,0.0,0.0,0.0,0.0,0.0,0.0,0.0,0.0,0.0,0.0,0.0,0.0,0.0,0.0,0.0,0.0,0.0,0.0,0.0,0.0,0.0,0.0,0.0,0.0,1.0,1.0,0.0,1.0,1.0,0.0,0.0,0.0,0.0,1.0,0.0,2.0,0.0,0.0,2.0,2.0,1.0,3.0,7.0,10.0,9.0,6.0,0.0,0.0,0.0,0.0,0.0,0.0,0.0,0.0,0.0,0.0,0.0,0.0,6.0,6.0,0.0,4.0,9.0,0.0,0.0,0.0,0.0,1.0,0.0,4.0,0.0,0.0,3.0,2.0,2.0,3.0,11.0,17.0,11.0,9.0
214,1.0,214.0,London_32,FIFO,151,453,1092.0,70.0,2.0,147678.0,0.8672075648792088,779.0,140.0,0.0,140.0,247.0,0.0,247.0,84.0,253.0,88.0,12.0,51.0,14.0,31.0,2.0,2.0,4.0,64.0,149.0,236.0,26.0,0.0,0.0,0.0,0.0,0.0,0.0,0.0,0.0,0.0,0.0,0.0,0.0,0.0,0.0,0.0,0.0,0.0,0.0,0.0,0.0,0.0,0.0,0.0,0.0,0.0,0.0,0.0,0.0,0.0,0.0,0.0,0.0,0.0,0.0,0.0,0.0,0.0,0.0,0.0,0.0,1.0,5.0,0.0,2.0,10.0,0.0,7.0,10.0,5.0,8.0,20.0,31.0,24.0,12.0,0.0,0.0,0.0,0.0,0.0,0.0,0.0,0.0,0.0,0.0,0.0,0.0,0.0,0.0,0.0,0.0,0.0,0.0,0.0,0.0,2.0,6.0,0.0,3.0,11.0,0.0,11.0,16.0,5.0,8.0,31.0,45.0,27.0,21.0
215,1.0,215.0,London_32,FIFO,151,453,1092.0,70.0,2.0,128199.0,0.7454128148965538,736.0,32.0,1.0,31.0,66.0,8.0,58.0,247.0,225.0,94.0,16.0,67.0,14.0,31.0,2.0,4.0,9.0,65.0,151.0,228.0,44.0,0.0,0.0,0.0,0.0,0.0,0.0,0.0,0.0,0.0,0.0,0.0,0.0,0.0,0.0,0.0,0.0,0.0,0.0,0.0,0.0,0.0,0.0,0.0,0.0,0.0,0.0,0.0,0.0,0.0,0.0,0.0,0.0,0.0,0.0,0.0,1.0,0.0,0.0,0.0,0.0,2.0,2.0,0.0,1.0,0.0,0.0,1.0,4.0,0.0,1.0,3.0,11.0,8.0,2.0,0.0,0.0,0.0,0.0,0.0,0.0,0.0,0.0,0.0,0.0,0.0,0.0,0.0,0.0,0.0,1.0,0.0,0.0,0.0,0.0,2.0,3.0,0.0,1.0,0.0,0.0,1.0,5.0,0.0,1.0,6.0,15.0,11.0,2.0
216,1.0,216.0,London_32,FIFO,151,453,1092.0,70.0,2.0,148584.0,0.8422432881779969,781.0,67.0,2.0,65.0,140.0,18.0,122.0,66.0,224.0,106.0,19.0,61.0,12.0,28.0,0.0,3.0,8.0,67.0,153.0,225.0,52.0,0.0,0.0,0.0,0.0,0.0,0.0,0.0,0.0,0.0,0.0,0.0,0.0,0.0,0.0,0.0,0.0,0.0,0.0,0.0,0.0,0.0,0.0,0.0,0.0,0.0,0.0,0.0,0.0,0.0,1.0,1.0,0.0,1.0,0.0,1.0,2.0,0.0,0.0,0.0,0.0,3.0,2.0,0.0,3.0,1.0,0.0,7.0,10.0,4.0,6.0,8.0,15.0,14.0,7.0,0.0,0.0,0.0,0.0,0.0,0.0,0.0,0.0,0.0,6.0,4.0,0.0,1.0,0.0,4.0,7.0,0.0,0.0,0.0,0.0,3.0,3.0,0.0,5.0,1.0,0.0,9.0,19.0,5.0,9.0,14.0,22.0,15.0,10.0
217,1.0,217.0,London_32,FIFO,151,453,1092.0,70.0,2.0,159909.0,0.9586641718633473,806.0,122.0,1.0,121.0,222.0,11.0,211.0,140.0,239.0,119.0,21.0,53.0,5.0,13.0,0.0,3.0,10.0,63.0,158.0,222.0,41.0,0.0,0.0,0.0,0.0,0.0,0.0,0.0,0.0,0.0,0.0,0.0,0.0,0.0,0.0,0.0,0.0,0.0,0.0,0.0,0.0,0.0,0.0,0.0,0.0,0.0,0.0,0.0,0.0,0.0,0.0,0.0,0.0,0.0,0.0,0.0,1.0,0.0,0.0,0.0,0.0,5.0,1.0,0.0,1.0,5.0,0.0,6.0,15.0,9.0,7.0,30.0,30.0,28.0,9.0,0.0,0.0,0.0,0.0,0.0,0.0,0.0,0.0,0.0,0.0,0.0,0.0,0.0,0.0,0.0,2.0,0.0,0.0,0.0,0.0,5.0,1.0,0.0,2.0,7.0,0.0,7.0,19.0,12.0,8.0,41.0,48.0,34.0,15.0
218,1.0,218.0,London_32,FIFO,151,453,1092.0,70.0,2.0,139977.0,0.8640352496877313,762.0,17.0,0.0,17.0,30.0,0.0,30.0,222.0,249.0,101.0,15.0,61.0,6.0,17.0,1.0,3.0,7.0,62.0,145.0,239.0,32.0,0.0,0.0,0.0,0.0,0.0,0.0,0.0,0.0,0.0,0.0,0.0,0.0,0.0,0.0,0.0,0.0,0.0,0.0,0.0,0.0,0.0,0.0,0.0,0.0,0.0,0.0,0.0,0.0,0.0,0.0,0.0,0.0,0.0,0.0,0.0,0.0,0.0,0.0,0.0,0.0,1.0,0.0,0.0,0.0,0.0,0.0,3.0,1.0,1.0,1.0,2.0,4.0,3.0,2.0,0.0,0.0,0.0,0.0,0.0,0.0,0.0,0.0,0.0,0.0,0.0,0.0,0.0,0.0,0.0,0.0,0.0,0.0,0.0,0.0,1.0,0.0,0.0,0.0,0.0,0.0,5.0,2.0,1.0,1.0,3.0,5.0,3.0,3.0
219,1.0,219.0,London_32,FIFO,151,453,1092.0,70.0,2.0,174858.0,1.4914354118518531,839.0,132.0,2.0,130.0,236.0,18.0,218.0,30.0,247.0,102.0,9.0,70.0,6.0,16.0,0.0,3.0,9.0,64.0,150.0,230.0,38.0,0.0,0.0,0.0,0.0,0.0,0.0,0.0,0.0,0.0,0.0,0.0,0.0,0.0,0.0,0.0,0.0,0.0,0.0,0.0,0.0,0.0,0.0,0.0,0.0,0.0,0.0,0.0,0.0,0.0,0.0,0.0,0.0,0.0,0.0,0.0,1.0,0.0,0.0,0.0,0.0,4.0,9.0,0.0,2.0,0.0,0.0,16.0,5.0,23.0,11.0,26.0,24.0,22.0,9.0,0.0,0.0,0.0,0.0,0.0,0.0,0.0,0.0,0.0,0.0,0.0,0.0,0.0,0.0,0.0,7.0,0.0,0.0,0.0,0.0,4.0,11.0,0.0,2.0,0.0,0.0,19.0,6.0,33.0,14.0,42.0,35.0,28.0,14.0
220,1.0,220.0,London_32,FIFO,151,453,1092.0,70.0,2.0,151302.0,0.7880413751117885,787.0,109.0,1.0,108.0,183.0,10.0,173.0,236.0,248.0,96.0,13.0,69.0,4.0,16.0,3.0,4.0,3.0,63.0,131.0,256.0,32.0,0.0,0.0,0.0,0.0,0.0,0.0,0.0,0.0,0.0,0.0,0.0,0.0,0.0,0.0,0.0,0.0,0.0,0.0,0.0,0.0,0.0,0.0,0.0,0.0,0.0,0.0,0.0,0.0,0.0,0.0,0.0,0.0,0.0,0.0,0.0,1.0,0.0,0.0,0.0,0.0,5.0,2.0,4.0,3.0,3.0,1.0,20.0,13.0,4.0,9.0,20.0,30.0,9.0,9.0,0.0,0.0,0.0,0.0,0.0,0.0,0.0,0.0,0.0,0.0,0.0,0.0,0.0,0.0,0.0,1.0,0.0,0.0,0.0,0.0,6.0,2.0,4.0,6.0,3.0,1.0,29.0,19.0,5.0,10.0,28.0,45.0,11.0,11.0
221,1.0,221.0,London_32,FIFO,151,453,1092.0,70.0,2.0,143601.0,0.7885065041482449,770.0,84.0,2.0,82.0,142.0,16.0,126.0,183.0,267.0,80.0,11.0,62.0,6.0,18.0,4.0,5.0,3.0,61.0,143.0,246.0,23.0,0.0,0.0,0.0,0.0,0.0,0.0,0.0,0.0,0.0,0.0,0.0,0.0,0.0,0.0,0.0,0.0,0.0,0.0,0.0,0.0,0.0,0.0,0.0,0.0,0.0,0.0,0.0,0.0,0.0,1.0,0.0,0.0,1.0,1.0,0.0,2.0,0.0,0.0,0.0,0.0,0.0,5.0,1.0,1.0,0.0,0.0,6.0,10.0,3.0,9.0,19.0,22.0,19.0,6.0,0.0,0.0,0.0,0.0,0.0,0.0,0.0,0.0,0.0,2.0,0.0,0.0,3.0,7.0,0.0,4.0,0.0,0.0,0.0,0.0,0.0,6.0,2.0,1.0,0.0,0.0,7.0,14.0,4.0,13.0,21.0,29.0,22.0,7.0
222,1.0,222.0,London_32,FIFO,151,453,1092.0,70.0,2.0,154926.0,0.8477506469935179,795.0,29.0,0.0,29.0,47.0,0.0,47.0,142.0,260.0,99.0,11.0,53.0,8.0,19.0,2.0,1.0,3.0,66.0,146.0,238.0,25.0,0.0,0.0,0.0,0.0,0.0,0.0,0.0,0.0,0.0,0.0,0.0,0.0,0.0,0.0,0.0,0.0,0.0,0.0,0.0,0.0,0.0,0.0,0.0,0.0,0.0,0.0,0.0,0.0,0.0,0.0,0.0,0.0,0.0,0.0,0.0,0.0,0.0,0.0,0.0,0.0,0.0,5.0,0.0,0.0,1.0,0.0,2.0,3.0,0.0,2.0,8.0,6.0,8.0,2.0,0.0,0.0,0.0,0.0,0.0,0.0,0.0,0.0,0.0,0.0,0.0,0.0,0.0,0.0,0.0,0.0,0.0,0.0,0.0,0.0,0.0,5.0,0.0,0.0,1.0,0.0,2.0,5.0,0.0,2.0,11.0,9.0,9.0,3.0
223,1.0,223.0,London_32,FIFO,151,453,1092.0,70.0,2.0,184824.0,1.1291487789712846,861.0,112.0,0.0,112.0,195.0,0.0,195.0,47.0,267.0,105.0,9.0,49.0,8.0,12.0,1.0,2.0,3.0,62.0,142.0,246.0,26.0,0.0,0.0,0.0,0.0,0.0,0.0,0.0,0.0,0.0,0.0,0.0,0.0,0.0,0.0,0.0,0.0,0.0,0.0,0.0,0.0,0.0,0.0,0.0,0.0,0.0,0.0,0.0,0.0,0.0,0.0,0.0,0.0,0.0,0.0,0.0,0.0,0.0,0.0,0.0,0.0,2.0,11.0,2.0,5.0,3.0,0.0,9.0,8.0,8.0,14.0,21.0,27.0,20.0,12.0,0.0,0.0,0.0,0.0,0.0,0.0,0.0,0.0,0.0,0.0,0.0,0.0,0.0,0.0,0.0,0.0,0.0,0.0,0.0,0.0,2.0,17.0,2.0,5.0,3.0,0.0,12.0,10.0,13.0,19.0,31.0,36.0,26.0,19.0
224,1.0,224.0,London_32,FIFO,151,453,1092.0,70.0,2.0,178029.0,1.0973049700260162,846.0,122.0,2.0,120.0,220.0,18.0,202.0,195.0,261.0,83.0,10.0,64.0,9.0,22.0,0.0,4.0,1.0,63.0,145.0,244.0,25.0,0.0,0.0,0.0,0.0,0.0,0.0,0.0,0.0,0.0,0.0,0.0,0.0,0.0,0.0,0.0,0.0,0.0,0.0,0.0,0.0,0.0,0.0,0.0,0.0,0.0,0.0,0.0,0.0,0.0,0.0,0.0,0.0,0.0,0.0,2.0,1.0,0.0,0.0,0.0,0.0,5.0,9.0,3.0,5.0,2.0,1.0,7.0,6.0,3.0,8.0,23.0,24.0,22.0,10.0,0.0,0.0,0.0,0.0,0.0,0.0,0.0,0.0,0.0,0.0,0.0,0.0,0.0,0.0,15.0,2.0,0.0,0.0,0.0,0.0,5.0,13.0,3.0,7.0,2.0,2.0,8.0,11.0,4.0,10.0,30.0,33.0,30.0,18.0
225,1.0,225.0,London_32,FIFO,151,453,1092.0,70.0,2.0,161721.0,0.9485116899013519,810.0,64.0,0.0,64.0,107.0,0.0,107.0,220.0,250.0,90.0,17.0,72.0,6.0,14.0,0.0,4.0,7.0,79.0,135.0,232.0,29.0,0.0,0.0,0.0,0.0,0.0,0.0,0.0,0.0,0.0,0.0,0.0,0.0,0.0,0.0,0.0,0.0,0.0,0.0,0.0,0.0,0.0,0.0,0.0,0.0,0.0,0.0,0.0,0.0,0.0,0.0,0.0,0.0,0.0,0.0,0.0,0.0,0.0,0.0,0.0,0.0,2.0,3.0,0.0,0.0,0.0,0.0,7.0,3.0,2.0,10.0,9.0,22.0,10.0,1.0,0.0,0.0,0.0,0.0,0.0,0.0,0.0,0.0,0.0,0.0,0.0,0.0,0.0,0.0,0.0,0.0,0.0,0.0,0.0,0.0,2.0,4.0,0.0,0.0,0.0,0.0,8.0,3.0,4.0,12.0,13.0,33.0,10.0,1.0
226,1.0,226.0,London_32,FIFO,151,453,1092.0,70.0,2.0,164439.0,1.0433719400316477,816.0,95.0,0.0,95.0,153.0,0.0,153.0,107.0,252.0,90.0,17.0,73.0,3.0,10.0,1.0,7.0,10.0,79.0,150.0,214.0,33.0,0.0,0.0,0.0,0.0,0.0,0.0,0.0,0.0,0.0,0.0,0.0,0.0,0.0,0.0,0.0,0.0,0.0,0.0,0.0,0.0,0.0,0.0,0.0,0.0,0.0,0.0,0.0,0.0,0.0,0.0,0.0,0.0,0.0,0.0,0.0,0.0,0.0,0.0,0.0,0.0,4.0,11.0,3.0,0.0,2.0,0.0,8.0,5.0,3.0,15.0,15.0,17.0,20.0,6.0,0.0,0.0,0.0,0.0,0.0,0.0,0.0,0.0,0.0,0.0,0.0,0.0,0.0,0.0,0.0,0.0,0.0,0.0,0.0,0.0,6.0,12.0,3.0,0.0,2.0,0.0,9.0,5.0,3.0,19.0,20.0,23.0,23.0,7.0
227,1.0,227.0,London_32,FIFO,151,453,1092.0,70.0,2.0,158550.0,1.3342689839191735,803.0,140.0,0.0,140.0,229.0,0.0,229.0,153.0,251.0,103.0,17.0,57.0,4.0,16.0,4.0,1.0,10.0,67.0,151.0,225.0,33.0,0.0,0.0,0.0,0.0,0.0,0.0,0.0,0.0,0.0,0.0,0.0,0.0,0.0,0.0,0.0,0.0,0.0,0.0,0.0,0.0,0.0,0.0,0.0,0.0,0.0,0.0,0.0,0.0,0.0,0.0,0.0,0.0,0.0,0.0,0.0,0.0,0.0,0.0,0.0,0.0,3.0,10.0,2.0,1.0,3.0,0.0,6.0,7.0,4.0,9.0,19.0,32.0,10.0,21.0,0.0,0.0,0.0,0.0,0.0,0.0,0.0,0.0,0.0,0.0,0.0,0.0,0.0,0.0,0.0,0.0,0.0,0.0,0.0,0.0,4.0,15.0,2.0,1.0,3.0,0.0,9.0,9.0,4.0,10.0,28.0,43.0,10.0,29.0
228,1.0,228.0,London_32,FIFO,151,453,1092.0,70.0,2.0,134541.0,0.7771468050777912,750.0,75.0,1.0,74.0,135.0,9.0,126.0,229.0,242.0,88.0,13.0,75.0,9.0,18.0,2.0,6.0,4.0,61.0,142.0,246.0,38.0,0.0,0.0,0.0,0.0,0.0,0.0,0.0,0.0,0.0,0.0,0.0,0.0,0.0,0.0,0.0,0.0,0.0,0.0,0.0,0.0,0.0,0.0,0.0,0.0,0.0,0.0,0.0,0.0,0.0,0.0,0.0,0.0,0.0,0.0,1.0,0.0,0.0,0.0,0.0,0.0,0.0,8.0,0.0,0.0,2.0,0.0,8.0,7.0,1.0,7.0,17.0,22.0,7.0,3.0,0.0,0.0,0.0,0.0,0.0,0.0,0.0,0.0,0.0,0.0,0.0,0.0,0.0,0.0,5.0,0.0,0.0,0.0,0.0,0.0,0.0,9.0,0.0,0.0,2.0,0.0,13.0,9.0,1.0,9.0,24.0,32.0,10.0,4.0
229,1.0,229.0,London_32,FIFO,151,453,1092.0,70.0,2.0,147678.0,0.8309928998351097,779.0,63.0,2.0,61.0,122.0,18.0,104.0,135.0,248.0,92.0,6.0,63.0,10.0,25.0,2.0,7.0,4.0,73.0,152.0,224.0,33.0,0.0,0.0,0.0,0.0,0.0,0.0,0.0,0.0,0.0,0.0,0.0,0.0,0.0,0.0,0.0,0.0,0.0,0.0,0.0,0.0,0.0,0.0,0.0,0.0,0.0,0.0,0.0,0.0,0.0,1.0,0.0,0.0,1.0,1.0,1.0,2.0,0.0,0.0,0.0,0.0,1.0,9.0,0.0,1.0,1.0,0.0,12.0,5.0,12.0,12.0,10.0,21.0,14.0,6.0,0.0,0.0,0.0,0.0,0.0,0.0,0.0,0.0,0.0,1.0,0.0,0.0,6.0,7.0,7.0,8.0,0.0,0.0,0.0,0.0,2.0,13.0,0.0,1.0,1.0,0.0,15.0,7.0,17.0,13.0,17.0,28.0,15.0,14.0
230,1.0,230.0,London_32,FIFO,151,453,1092.0,70.0,2.0,159456.0,0.8885822198353708,805.0,50.0,2.0,48.0,94.0,15.0,79.0,122.0,250.0,103.0,13.0,42.0,8.0,25.0,2.0,10.0,3.0,70.0,137.0,243.0,33.0,0.0,0.0,0.0,0.0,0.0,0.0,0.0,0.0,0.0,0.0,0.0,0.0,0.0,0.0,0.0,0.0,0.0,0.0,0.0,0.0,0.0,0.0,0.0,0.0,0.0,0.0,0.0,0.0,0.0,2.0,0.0,0.0,1.0,1.0,1.0,2.0,0.0,0.0,0.0,0.0,2.0,5.0,0.0,0.0,1.0,0.0,9.0,5.0,2.0,2.0,9.0,16.0,16.0,2.0,0.0,0.0,0.0,0.0,0.0,0.0,0.0,0.0,0.0,7.0,0.0,0.0,2.0,5.0,2.0,4.0,0.0,0.0,0.0,0.0,2.0,9.0,0.0,0.0,1.0,0.0,13.0,6.0,3.0,2.0,10.0,25.0,25.0,3.0
231,1.0,231.0,London_32,FIFO,151,453,1092.0,70.0,2.0,175311.0,1.2089115078561008,840.0,104.0,0.0,104.0,175.0,0.0,175.0,94.0,259.0,105.0,19.0,38.0,3.0,14.0,3.0,12.0,4.0,65.0,140.0,244.0,32.0,0.0,0.0,0.0,0.0,0.0,0.0,0.0,0.0,0.0,0.0,0.0,0.0,0.0,0.0,0.0,0.0,0.0,0.0,0.0,0.0,0.0,0.0,0.0,0.0,0.0,0.0,0.0,0.0,0.0,0.0,0.0,0.0,0.0,0.0,0.0,0.0,0.0,0.0,0.0,0.0,2.0,19.0,1.0,0.0,4.0,0.0,9.0,6.0,8.0,4.0,15.0,23.0,22.0,11.0,0.0,0.0,0.0,0.0,0.0,0.0,0.0,0.0,0.0,0.0,0.0,0.0,0.0,0.0,0.0,0.0,0.0,0.0,0.0,0.0,2.0,21.0,1.0,0.0,4.0,0.0,14.0,7.0,9.0,5.0,23.0,32.0,26.0,19.0
232,1.0,232.0,London_32,FIFO,151,453,1092.0,70.0,2.0,175311.0,0.9819423179142177,840.0,51.0,1.0,50.0,92.0,10.0,82.0,175.0,262.0,86.0,18.0,50.0,4.0,13.0,3.0,17.0,6.0,62.0,146.0,239.0,37.0,0.0,0.0,0.0,0.0,0.0,0.0,0.0,0.0,0.0,0.0,0.0,0.0,0.0,0.0,0.0,0.0,0.0,0.0,0.0,0.0,0.0,0.0,0.0,0.0,0.0,0.0,0.0,0.0,0.0,1.0,0.0,0.0,1.0,0.0,0.0,1.0,0.0,0.0,0.0,0.0,3.0,1.0,1.0,2.0,1.0,0.0,4.0,8.0,5.0,6.0,8.0,13.0,8.0,3.0,0.0,0.0,0.0,0.0,0.0,0.0,0.0,0.0,0.0,4.0,0.0,0.0,6.0,0.0,0.0,3.0,0.0,0.0,0.0,0.0,4.0,2.0,1.0,4.0,1.0,0.0,5.0,14.0,9.0,8.0,13.0,16.0,10.0,5.0
233,1.0,233.0,London_32,FIFO,151,453,1092.0,70.0,2.0,192072.0,1.2989647067151964,877.0,105.0,0.0,105.0,192.0,0.0,192.0,92.0,271.0,91.0,9.0,56.0,0.0,10.0,1.0,15.0,6.0,64.0,151.0,232.0,33.0,0.0,0.0,0.0,0.0,0.0,0.0,0.0,0.0,0.0,0.0,0.0,0.0,0.0,0.0,0.0,0.0,0.0,0.0,0.0,0.0,0.0,0.0,0.0,0.0,0.0,0.0,0.0,0.0,0.0,0.0,0.0,0.0,0.0,0.0,0.0,0.0,0.0,0.0,0.0,0.0,0.0,5.0,1.0,1.0,6.0,0.0,14.0,5.0,12.0,9.0,21.0,27.0,24.0,4.0,0.0,0.0,0.0,0.0,0.0,0.0,0.0,0.0,0.0,0.0,0.0,0.0,0.0,0.0,0.0,0.0,0.0,0.0,0.0,0.0,0.0,6.0,1.0,2.0,6.0,0.0,21.0,8.0,19.0,10.0,37.0,41.0,34.0,5.0
234,1.0,234.0,London_32,FIFO,151,453,1092.0,70.0,2.0,182559.0,1.5443645208142698,856.0,168.0,3.0,165.0,305.0,25.0,280.0,192.0,278.0,80.0,11.0,53.0,4.0,17.0,1.0,9.0,3.0,71.0,145.0,234.0,27.0,0.0,0.0,0.0,0.0,0.0,0.0,0.0,0.0,0.0,0.0,0.0,0.0,0.0,0.0,0.0,0.0,0.0,0.0,0.0,0.0,0.0,0.0,0.0,0.0,0.0,0.0,0.0,0.0,0.0,0.0,0.0,0.0,0.0,0.0,1.0,0.0,0.0,0.0,0.0,0.0,2.0,10.0,0.0,0.0,1.0,0.0,4.0,8.0,16.0,16.0,32.0,41.0,17.0,20.0,0.0,0.0,0.0,0.0,0.0,0.0,0.0,0.0,0.0,0.0,0.0,0.0,0.0,0.0,5.0,0.0,0.0,0.0,0.0,0.0,4.0,13.0,0.0,0.0,1.0,0.0,5.0,11.0,18.0,16.0,46.0,59.0,20.0,29.0
235,1.0,235.0,London_32,FIFO,151,453,1092.0,70.0,2.0,132729.0,0.7942752903327346,746.0,136.0,1.0,135.0,248.0,9.0,239.0,305.0,184.0,115.0,19.0,89.0,12.0,28.0,3.0,3.0,7.0,69.0,145.0,232.0,27.0,0.0,0.0,0.0,0.0,0.0,0.0,0.0,0.0,0.0,0.0,0.0,0.0,0.0,0.0,0.0,0.0,0.0,0.0,0.0,0.0,0.0,0.0,0.0,0.0,0.0,0.0,0.0,0.0,0.0,0.0,0.0,0.0,0.0,0.0,0.0,0.0,1.0,0.0,0.0,0.0,3.0,4.0,0.0,2.0,7.0,0.0,25.0,10.0,9.0,10.0,22.0,40.0,18.0,9.0,0.0,0.0,0.0,0.0,0.0,0.0,0.0,0.0,0.0,0.0,0.0,0.0,0.0,0.0,0.0,0.0,6.0,0.0,0.0,0.0,3.0,6.0,0.0,2.0,8.0,0.0,35.0,13.0,12.0,12.0,32.0,56.0,21.0,12.0
236,1.0,236.0,London_32,FIFO,151,453,1092.0,70.0,2.0,95583.0,0.6339984540827572,664.0,14.0,0.0,14.0,24.0,0.0,24.0,248.0,199.0,100.0,16.0,99.0,9.0,23.0,0.0,7.0,9.0,73.0,151.0,220.0,40.0,0.0,0.0,0.0,0.0,0.0,0.0,0.0,0.0,0.0,0.0,0.0,0.0,0.0,0.0,0.0,0.0,0.0,0.0,0.0,0.0,0.0,0.0,0.0,0.0,0.0,0.0,0.0,0.0,0.0,0.0,0.0,0.0,0.0,0.0,0.0,0.0,0.0,0.0,0.0,0.0,0.0,0.0,0.0,0.0,0.0,0.0,0.0,2.0,1.0,0.0,2.0,3.0,2.0,1.0,0.0,0.0,0.0,0.0,0.0,0.0,0.0,0.0,0.0,0.0,0.0,0.0,0.0,0.0,0.0,0.0,0.0,0.0,0.0,0.0,0.0,0.0,0.0,0.0,0.0,0.0,0.0,4.0,1.0,0.0,3.0,4.0,3.0,2.0
237,1.0,237.0,London_32,FIFO,151,453,1092.0,70.0,2.0,125934.0,0.7624267470091581,731.0,7.0,2.0,5.0,25.0,17.0,8.0,24.0,201.0,93.0,17.0,100.0,10.0,23.0,0.0,9.0,11.0,70.0,150.0,222.0,44.0,0.0,0.0,0.0,0.0,0.0,0.0,0.0,0.0,0.0,0.0,0.0,0.0,0.0,0.0,0.0,0.0,0.0,0.0,0.0,0.0,0.0,0.0,0.0,0.0,0.0,0.0,0.0,0.0,0.0,0.0,0.0,0.0,1.0,0.0,2.0,1.0,0.0,0.0,0.0,0.0,0.0,0.0,0.0,0.0,0.0,0.0,0.0,0.0,0.0,0.0,0.0,1.0,0.0,0.0,0.0,0.0,0.0,0.0,0.0,0.0,0.0,0.0,0.0,0.0,0.0,0.0,8.0,0.0,11.0,6.0,0.0,0.0,0.0,0.0,0.0,0.0,0.0,0.0,0.0,0.0,0.0,0.0,0.0,0.0,0.0,2.0,0.0,0.0
238,1.0,238.0,London_32,FIFO,151,453,1092.0,70.0,2.0,161721.0,0.9770345538854599,810.0,140.0,0.0,140.0,234.0,0.0,234.0,25.0,207.0,88.0,18.0,105.0,8.0,18.0,0.0,9.0,10.0,73.0,144.0,226.0,41.0,0.0,0.0,0.0,0.0,0.0,0.0,0.0,0.0,0.0,0.0,0.0,0.0,0.0,0.0,0.0,0.0,0.0,0.0,0.0,0.0,0.0,0.0,0.0,0.0,0.0,0.0,0.0,0.0,0.0,0.0,0.0,0.0,0.0,0.0,0.0,0.0,0.0,0.0,0.0,0.0,2.0,2.0,5.0,1.0,8.0,0.0,16.0,8.0,5.0,7.0,19.0,34.0,27.0,13.0,0.0,0.0,0.0,0.0,0.0,0.0,0.0,0.0,0.0,0.0,0.0,0.0,0.0,0.0,0.0,0.0,0.0,0.0,0.0,0.0,2.0,2.0,5.0,1.0,9.0,0.0,18.0,11.0,8.0,9.0,22.0,47.0,34.0,17.0
239,1.0,239.0,London_32,FIFO,151,453,1092.0,70.0,2.0,127746.0,0.8915540156885982,735.0,74.0,0.0,74.0,118.0,0.0,118.0,234.0,194.0,96.0,24.0,108.0,6.0,13.0,1.0,11.0,13.0,73.0,150.0,217.0,44.0,0.0,0.0,0.0,0.0,0.0,0.0,0.0,0.0,0.0,0.0,0.0,0.0,0.0,0.0,0.0,0.0,0.0,0.0,0.0,0.0,0.0,0.0,0.0,0.0,0.0,0.0,0.0,0.0,0.0,0.0,0.0,0.0,0.0,0.0,0.0,0.0,0.0,0.0,0.0,0.0,3.0,1.0,0.0,3.0,0.0,0.0,6.0,3.0,4.0,11.0,12.0,24.0,12.0,8.0,0.0,0.0,0.0,0.0,0.0,0.0,0.0,0.0,0.0,0.0,0.0,0.0,0.0,0.0,0.0,0.0,0.0,0.0,0.0,0.0,3.0,1.0,0.0,4.0,0.0,0.0,6.0,4.0,5.0,15.0,21.0,33.0,17.0,15.0
240,1.0,240.0,London_32,FIFO,151,453,1092.0,70.0,2.0,132729.0,0.8632673020474613,746.0,97.0,0.0,97.0,172.0,0.0,172.0,118.0,189.0,102.0,23.0,103.0,4.0,21.0,2.0,9.0,13.0,66.0,157.0,217.0,49.0,0.0,0.0,0.0,0.0,0.0,0.0,0.0,0.0,0.0,0.0,0.0,0.0,0.0,0.0,0.0,0.0,0.0,0.0,0.0,0.0,0.0,0.0,0.0,0.0,0.0,0.0,0.0,0.0,0.0,0.0,0.0,0.0,0.0,0.0,0.0,0.0,0.0,0.0,0.0,0.0,4.0,3.0,0.0,2.0,1.0,1.0,9.0,5.0,3.0,13.0,20.0,27.0,17.0,12.0,0.0,0.0,0.0,0.0,0.0,0.0,0.0,0.0,0.0,0.0,0.0,0.0,0.0,0.0,0.0,0.0,0.0,0.0,0.0,0.0,6.0,4.0,0.0,3.0,1.0,3.0,13.0,8.0,4.0,16.0,29.0,40.0,21.0,17.0
241,1.0,241.0,London_32,FIFO,151,453,1092.0,70.0,2.0,122763.0,0.6927554840222001,724.0,25.0,3.0,22.0,66.0,28.0,38.0,172.0,206.0,101.0,29.0,84.0,3.0,20.0,2.0,8.0,13.0,65.0,155.0,220.0,50.0,0.0,0.0,0.0,0.0,0.0,0.0,0.0,0.0,0.0,0.0,0.0,0.0,0.0,0.0,0.0,0.0,0.0,0.0,0.0,0.0,0.0,0.0,0.0,0.0,0.0,0.0,0.0,0.0,0.0,1.0,1.0,0.0,1.0,0.0,1.0,1.0,0.0,0.0,0.0,0.0,0.0,0.0,1.0,0.0,0.0,0.0,4.0,1.0,3.0,2.0,4.0,5.0,2.0,5.0,0.0,0.0,0.0,0.0,0.0,0.0,0.0,0.0,0.0,2.0,2.0,0.0,1.0,0.0,5.0,4.0,0.0,0.0,0.0,0.0,0.0,0.0,1.0,0.0,0.0,0.0,4.0,1.0,4.0,2.0,4.0,9.0,2.0,7.0
242,1.0,242.0,London_32,FIFO,151,453,1092.0,70.0,2.0,150849.0,0.7989268219098449,786.0,70.0,0.0,70.0,115.0,0.0,115.0,66.0,194.0,108.0,30.0,88.0,0.0,22.0,1.0,10.0,8.0,53.0,164.0,228.0,42.0,0.0,0.0,0.0,0.0,0.0,0.0,0.0,0.0,0.0,0.0,0.0,0.0,0.0,0.0,0.0,0.0,0.0,0.0,0.0,0.0,0.0,0.0,0.0,0.0,0.0,0.0,0.0,0.0,0.0,0.0,0.0,0.0,0.0,0.0,0.0,0.0,0.0,0.0,0.0,0.0,1.0,0.0,1.0,0.0,3.0,0.0,2.0,3.0,9.0,8.0,10.0,22.0,6.0,7.0,0.0,0.0,0.0,0.0,0.0,0.0,0.0,0.0,0.0,0.0,0.0,0.0,0.0,0.0,0.0,0.0,0.0,0.0,0.0,0.0,1.0,0.0,1.0,0.0,3.0,0.0,4.0,4.0,10.0,12.0,17.0,30.0,7.0,11.0
243,1.0,243.0,London_32,FIFO,151,453,1092.0,70.0,2.0,151302.0,0.7850807411596179,787.0,122.0,1.0,121.0,229.0,9.0,220.0,115.0,201.0,117.0,16.0,89.0,3.0,21.0,0.0,6.0,9.0,66.0,160.0,218.0,35.0,0.0,0.0,0.0,0.0,0.0,0.0,0.0,0.0,0.0,0.0,0.0,0.0,0.0,0.0,0.0,0.0,0.0,0.0,0.0,0.0,0.0,0.0,0.0,0.0,0.0,0.0,0.0,0.0,0.0,0.0,0.0,0.0,0.0,1.0,0.0,1.0,0.0,0.0,0.0,0.0,4.0,11.0,1.0,1.0,4.0,0.0,7.0,7.0,5.0,10.0,22.0,33.0,16.0,9.0,0.0,0.0,0.0,0.0,0.0,0.0,0.0,0.0,0.0,0.0,0.0,0.0,0.0,6.0,0.0,3.0,0.0,0.0,0.0,0.0,4.0,15.0,1.0,2.0,4.0,0.0,8.0,9.0,7.0,13.0,32.0,48.0,24.0,12.0
244,1.0,244.0,London_32,FIFO,151,453,1092.0,70.0,2.0,139977.0,0.7439752826467156,762.0,61.0,2.0,59.0,120.0,18.0,102.0,229.0,185.0,115.0,24.0,84.0,11.0,30.0,1.0,3.0,8.0,76.0,149.0,220.0,29.0,0.0,0.0,0.0,0.0,0.0,0.0,0.0,0.0,0.0,0.0,0.0,0.0,0.0,0.0,0.0,0.0,0.0,0.0,0.0,0.0,0.0,0.0,0.0,0.0,0.0,0.0,0.0,0.0,0.0,0.0,0.0,0.0,0.0,0.0,0.0,2.0,0.0,0.0,0.0,0.0,1.0,0.0,0.0,1.0,0.0,0.0,8.0,7.0,4.0,6.0,9.0,14.0,10.0,5.0,0.0,0.0,0.0,0.0,0.0,0.0,0.0,0.0,0.0,0.0,0.0,0.0,0.0,0.0,0.0,5.0,0.0,0.0,0.0,0.0,1.0,0.0,0.0,1.0,0.0,0.0,12.0,14.0,4.0,8.0,22.0,21.0,12.0,6.0
245,1.0,245.0,London_32,FIFO,151,453,1092.0,70.0,2.0,146319.0,0.826299169100821,776.0,51.0,0.0,51.0,91.0,0.0,91.0,120.0,187.0,115.0,27.0,74.0,9.0,32.0,3.0,6.0,9.0,77.0,141.0,226.0,27.0,0.0,0.0,0.0,0.0,0.0,0.0,0.0,0.0,0.0,0.0,0.0,0.0,0.0,0.0,0.0,0.0,0.0,0.0,0.0,0.0,0.0,0.0,0.0,0.0,0.0,0.0,0.0,0.0,0.0,0.0,0.0,0.0,0.0,0.0,0.0,0.0,0.0,0.0,0.0,0.0,0.0,1.0,0.0,0.0,0.0,1.0,9.0,0.0,5.0,4.0,13.0,12.0,7.0,5.0,0.0,0.0,0.0,0.0,0.0,0.0,0.0,0.0,0.0,0.0,0.0,0.0,0.0,0.0,0.0,0.0,0.0,0.0,0.0,0.0,0.0,1.0,0.0,0.0,0.0,2.0,10.0,0.0,8.0,4.0,20.0,17.0,7.0,11.0
246,1.0,246.0,London_32,FIFO,151,453,1092.0,70.0,2.0,167157.0,0.9413180192932487,822.0,130.0,1.0,129.0,227.0,10.0,217.0,91.0,198.0,108.0,34.0,71.0,11.0,26.0,2.0,3.0,6.0,82.0,142.0,223.0,30.0,0.0,0.0,0.0,0.0,0.0,0.0,0.0,0.0,0.0,0.0,0.0,0.0,0.0,0.0,0.0,0.0,0.0,0.0,0.0,0.0,0.0,0.0,0.0,0.0,0.0,0.0,0.0,0.0,0.0,0.0,0.0,0.0,1.0,0.0,0.0,1.0,0.0,0.0,0.0,0.0,3.0,4.0,2.0,1.0,11.0,0.0,16.0,7.0,5.0,8.0,27.0,31.0,17.0,14.0,0.0,0.0,0.0,0.0,0.0,0.0,0.0,0.0,0.0,0.0,0.0,0.0,6.0,0.0,0.0,5.0,0.0,0.0,0.0,0.0,3.0,6.0,2.0,1.0,12.0,0.0,20.0,9.0,6.0,11.0,48.0,44.0,20.0,26.0
247,1.0,247.0,London_32,FIFO,151,453,1092.0,70.0,2.0,145866.0,0.7024800418876112,775.0,40.0,1.0,39.0,71.0,10.0,61.0,227.0,199.0,118.0,22.0,78.0,13.0,21.0,1.0,1.0,10.0,67.0,152.0,224.0,36.0,0.0,0.0,0.0,0.0,0.0,0.0,0.0,0.0,0.0,0.0,0.0,0.0,0.0,0.0,0.0,0.0,0.0,0.0,0.0,0.0,0.0,0.0,0.0,0.0,0.0,0.0,0.0,0.0,0.0,1.0,0.0,0.0,1.0,0.0,0.0,0.0,0.0,0.0,0.0,0.0,2.0,2.0,0.0,3.0,0.0,0.0,3.0,4.0,0.0,5.0,8.0,11.0,8.0,7.0,0.0,0.0,0.0,0.0,0.0,0.0,0.0,0.0,0.0,4.0,0.0,0.0,6.0,0.0,0.0,0.0,0.0,0.0,0.0,0.0,2.0,4.0,0.0,4.0,0.0,0.0,3.0,4.0,0.0,6.0,10.0,14.0,9.0,13.0
248,1.0,248.0,London_32,FIFO,151,453,1092.0,70.0,2.0,174405.0,0.9227796252816916,838.0,61.0,0.0,61.0,107.0,0.0,107.0,71.0,204.0,125.0,22.0,72.0,10.0,18.0,2.0,0.0,11.0,71.0,149.0,222.0,34.0,0.0,0.0,0.0,0.0,0.0,0.0,0.0,0.0,0.0,0.0,0.0,0.0,0.0,0.0,0.0,0.0,0.0,0.0,0.0,0.0,0.0,0.0,0.0,0.0,0.0,0.0,0.0,0.0,0.0,0.0,0.0,0.0,0.0,0.0,0.0,0.0,0.0,0.0,0.0,0.0,2.0,2.0,0.0,1.0,0.0,0.0,4.0,7.0,2.0,11.0,14.0,16.0,17.0,2.0,0.0,0.0,0.0,0.0,0.0,0.0,0.0,0.0,0.0,0.0,0.0,0.0,0.0,0.0,0.0,0.0,0.0,0.0,0.0,0.0,2.0,3.0,0.0,1.0,0.0,0.0,5.0,10.0,2.0,18.0,22.0,21.0,25.0,2.0
249,1.0,249.0,London_32,FIFO,151,453,1092.0,70.0,2.0,186183.0,1.0777617353014648,864.0,112.0,0.0,112.0,193.0,0.0,193.0,107.0,212.0,126.0,16.0,64.0,15.0,19.0,0.0,1.0,9.0,75.0,157.0,212.0,40.0,0.0,0.0,0.0,0.0,0.0,0.0,0.0,0.0,0.0,0.0,0.0,0.0,0.0,0.0,0.0,0.0,0.0,0.0,0.0,0.0,0.0,0.0,0.0,0.0,0.0,0.0,0.0,0.0,0.0,0.0,0.0,0.0,0.0,0.0,0.0,0.0,0.0,0.0,0.0,0.0,4.0,4.0,1.0,0.0,2.0,1.0,10.0,6.0,3.0,7.0,14.0,22.0,25.0,9.0,0.0,0.0,0.0,0.0,0.0,0.0,0.0,0.0,0.0,0.0,0.0,0.0,0.0,0.0,0.0,0.0,0.0,0.0,0.0,0.0,6.0,4.0,1.0,0.0,2.0,1.0,11.0,7.0,4.0,9.0,18.0,31.0,33.0,11.0
250,1.0,250.0,London_32,FIFO,151,453,1092.0,70.0,2.0,174405.0,1.0465748580172658,838.0,84.0,2.0,82.0,168.0,19.0,149.0,193.0,204.0,106.0,23.0,85.0,9.0,16.0,2.0,8.0,7.0,68.0,156.0,222.0,37.0,0.0,0.0,0.0,0.0,0.0,0.0,0.0,0.0,0.0,0.0,0.0,0.0,0.0,0.0,0.0,0.0,0.0,0.0,0.0,0.0,0.0,0.0,0.0,0.0,0.0,0.0,0.0,0.0,0.0,2.0,0.0,0.0,0.0,1.0,0.0,2.0,0.0,0.0,0.0,0.0,0.0,4.0,2.0,0.0,0.0,0.0,7.0,5.0,5.0,7.0,20.0,19.0,18.0,8.0,0.0,0.0,0.0,0.0,0.0,0.0,0.0,0.0,0.0,5.0,0.0,0.0,0.0,9.0,0.0,8.0,0.0,0.0,0.0,0.0,0.0,7.0,3.0,0.0,0.0,0.0,8.0,9.0,5.0,7.0,37.0,30.0,24.0,14.0
251,1.0,251.0,London_32,FIFO,151,453,1092.0,70.0,2.0,181200.0,0.9061083947308362,853.0,110.0,2.0,108.0,198.0,17.0,181.0,168.0,216.0,109.0,28.0,67.0,6.0,19.0,2.0,6.0,7.0,74.0,149.0,223.0,42.0,0.0,0.0,0.0,0.0,0.0,0.0,0.0,0.0,0.0,0.0,0.0,0.0,0.0,0.0,0.0,0.0,0.0,0.0,0.0,0.0,0.0,0.0,0.0,0.0,0.0,0.0,0.0,0.0,0.0,1.0,0.0,0.0,2.0,0.0,0.0,2.0,0.0,0.0,0.0,0.0,1.0,10.0,10.0,0.0,3.0,1.0,4.0,7.0,1.0,7.0,26.0,23.0,17.0,6.0,0.0,0.0,0.0,0.0,0.0,0.0,0.0,0.0,0.0,6.0,0.0,0.0,11.0,0.0,0.0,10.0,0.0,0.0,0.0,0.0,1.0,17.0,12.0,0.0,3.0,1.0,4.0,8.0,1.0,8.0,40.0,34.0,18.0,7.0
252,1.0,252.0,London_32,FIFO,151,453,1092.0,70.0,2.0,171234.0,0.872840712312609,831.0,134.0,0.0,134.0,215.0,0.0,215.0,198.0,232.0,112.0,24.0,54.0,5.0,22.0,1.0,3.0,12.0,71.0,144.0,226.0,49.0,0.0,0.0,0.0,0.0,0.0,0.0,0.0,0.0,0.0,0.0,0.0,0.0,0.0,0.0,0.0,0.0,0.0,0.0,0.0,0.0,0.0,0.0,0.0,0.0,0.0,0.0,0.0,0.0,0.0,0.0,0.0,0.0,0.0,0.0,0.0,0.0,0.0,0.0,0.0,0.0,4.0,5.0,0.0,1.0,3.0,1.0,11.0,7.0,8.0,17.0,25.0,24.0,23.0,8.0,0.0,0.0,0.0,0.0,0.0,0.0,0.0,0.0,0.0,0.0,0.0,0.0,0.0,0.0,0.0,0.0,0.0,0.0,0.0,0.0,4.0,7.0,0.0,1.0,3.0,1.0,14.0,11.0,8.0,26.0,34.0,31.0,27.0,11.0
253,1.0,253.0,London_32,FIFO,151,453,1092.0,70.0,2.0,149490.0,0.9774333569221199,783.0,122.0,2.0,120.0,232.0,18.0,214.0,215.0,249.0,105.0,21.0,43.0,4.0,27.0,0.0,4.0,8.0,78.0,148.0,219.0,30.0,0.0,0.0,0.0,0.0,0.0,0.0,0.0,0.0,0.0,0.0,0.0,0.0,0.0,0.0,0.0,0.0,0.0,0.0,0.0,0.0,0.0,0.0,0.0,0.0,0.0,0.0,0.0,0.0,0.0,0.0,0.0,0.0,0.0,1.0,0.0,1.0,0.0,0.0,0.0,0.0,2.0,0.0,1.0,1.0,11.0,0.0,1.0,8.0,15.0,15.0,24.0,25.0,14.0,5.0,0.0,0.0,0.0,0.0,0.0,0.0,0.0,0.0,0.0,0.0,0.0,0.0,0.0,7.0,0.0,3.0,0.0,0.0,0.0,0.0,2.0,0.0,1.0,1.0,11.0,0.0,2.0,9.0,18.0,17.0,35.0,35.0,16.0,8.0
254,1.0,254.0,London_32,FIFO,151,453,1092.0,70.0,2.0,131370.0,0.7405264801345766,743.0,74.0,0.0,74.0,133.0,0.0,133.0,232.0,242.0,87.0,20.0,63.0,10.0,26.0,1.0,4.0,6.0,64.0,135.0,248.0,41.0,0.0,0.0,0.0,0.0,0.0,0.0,0.0,0.0,0.0,0.0,0.0,0.0,0.0,0.0,0.0,0.0,0.0,0.0,0.0,0.0,0.0,0.0,0.0,0.0,0.0,0.0,0.0,0.0,0.0,0.0,0.0,0.0,0.0,0.0,0.0,0.0,0.0,0.0,0.0,0.0,1.0,8.0,2.0,0.0,0.0,0.0,2.0,3.0,7.0,7.0,13.0,16.0,13.0,7.0,0.0,0.0,0.0,0.0,0.0,0.0,0.0,0.0,0.0,0.0,0.0,0.0,0.0,0.0,0.0,0.0,0.0,0.0,0.0,0.0,1.0,12.0,2.0,0.0,0.0,0.0,3.0,4.0,10.0,10.0,23.0,18.0,17.0,8.0
255,1.0,255.0,London_32,FIFO,151,453,1092.0,70.0,2.0,135447.0,0.7979909060522914,752.0,13.0,2.0,11.0,34.0,17.0,17.0,133.0,259.0,88.0,11.0,50.0,12.0,29.0,1.0,3.0,8.0,67.0,149.0,229.0,44.0,0.0,0.0,0.0,0.0,0.0,0.0,0.0,0.0,0.0,0.0,0.0,0.0,0.0,0.0,0.0,0.0,0.0,0.0,0.0,0.0,0.0,0.0,0.0,0.0,0.0,0.0,0.0,0.0,0.0,0.0,0.0,0.0,1.0,1.0,0.0,1.0,1.0,0.0,0.0,0.0,0.0,2.0,0.0,0.0,0.0,0.0,0.0,2.0,1.0,0.0,2.0,5.0,1.0,0.0,0.0,0.0,0.0,0.0,0.0,0.0,0.0,0.0,0.0,0.0,0.0,0.0,3.0,7.0,0.0,2.0,7.0,0.0,0.0,0.0,0.0,3.0,0.0,0.0,0.0,0.0,0.0,2.0,2.0,0.0,2.0,8.0,1.0,0.0
256,1.0,256.0,London_32,FIFO,151,453,1092.0,70.0,2.0,170781.0,0.9806344080716372,830.0,56.0,0.0,56.0,90.0,0.0,90.0,34.0,259.0,91.0,10.0,46.0,12.0,31.0,1.0,3.0,5.0,69.0,148.0,231.0,33.0,0.0,0.0,0.0,0.0,0.0,0.0,0.0,0.0,0.0,0.0,0.0,0.0,0.0,0.0,0.0,0.0,0.0,0.0,0.0,0.0,0.0,0.0,0.0,0.0,0.0,0.0,0.0,0.0,0.0,0.0,0.0,0.0,0.0,0.0,0.0,0.0,0.0,0.0,0.0,0.0,1.0,4.0,2.0,0.0,0.0,0.0,4.0,2.0,2.0,7.0,12.0,11.0,17.0,3.0,0.0,0.0,0.0,0.0,0.0,0.0,0.0,0.0,0.0,0.0,0.0,0.0,0.0,0.0,0.0,0.0,0.0,0.0,0.0,0.0,1.0,5.0,2.0,0.0,0.0,0.0,5.0,2.0,3.0,8.0,17.0,14.0,22.0,6.0
257,1.0,257.0,London_32,FIFO,151,453,1092.0,70.0,2.0,185730.0,1.1583348899148405,863.0,109.0,1.0,108.0,197.0,8.0,189.0,90.0,259.0,114.0,8.0,37.0,13.0,21.0,0.0,1.0,7.0,59.0,152.0,235.0,27.0,0.0,0.0,0.0,0.0,0.0,0.0,0.0,0.0,0.0,0.0,0.0,0.0,0.0,0.0,0.0,0.0,0.0,0.0,0.0,0.0,0.0,0.0,0.0,0.0,0.0,0.0,0.0,0.0,0.0,0.0,0.0,0.0,1.0,0.0,0.0,1.0,0.0,0.0,0.0,0.0,1.0,3.0,9.0,0.0,6.0,0.0,8.0,8.0,1.0,12.0,15.0,26.0,17.0,9.0,0.0,0.0,0.0,0.0,0.0,0.0,0.0,0.0,0.0,0.0,0.0,0.0,7.0,0.0,0.0,1.0,0.0,0.0,0.0,0.0,1.0,5.0,11.0,0.0,6.0,0.0,11.0,13.0,1.0,17.0,23.0,33.0,22.0,14.0
258,1.0,258.0,London_32,FIFO,151,453,1092.0,70.0,2.0,187995.0,1.2614186108112335,868.0,95.0,2.0,93.0,160.0,18.0,142.0,197.0,259.0,90.0,14.0,54.0,9.0,21.0,1.0,5.0,6.0,83.0,136.0,228.0,27.0,0.0,0.0,0.0,0.0,0.0,0.0,0.0,0.0,0.0,0.0,0.0,0.0,0.0,0.0,0.0,0.0,0.0,0.0,0.0,0.0,0.0,0.0,0.0,0.0,0.0,0.0,0.0,0.0,0.0,1.0,1.0,0.0,1.0,0.0,1.0,2.0,0.0,0.0,0.0,0.0,3.0,6.0,1.0,0.0,4.0,0.0,14.0,3.0,9.0,9.0,15.0,23.0,16.0,9.0,0.0,0.0,0.0,0.0,0.0,0.0,0.0,0.0,0.0,6.0,3.0,0.0,4.0,0.0,5.0,6.0,0.0,0.0,0.0,0.0,3.0,10.0,1.0,0.0,4.0,0.0,21.0,4.0,13.0,13.0,17.0,27.0,20.0,10.0
259,1.0,259.0,London_32,FIFO,151,453,1092.0,70.0,2.0,183465.0,1.4107758379541337,858.0,162.0,1.0,161.0,291.0,11.0,280.0,160.0,267.0,110.0,20.0,41.0,1.0,10.0,0.0,4.0,4.0,77.0,138.0,234.0,23.0,0.0,0.0,0.0,0.0,0.0,0.0,0.0,0.0,0.0,0.0,0.0,0.0,0.0,0.0,0.0,0.0,0.0,0.0,0.0,0.0,0.0,0.0,0.0,0.0,0.0,0.0,0.0,0.0,0.0,0.0,0.0,0.0,0.0,0.0,0.0,1.0,0.0,0.0,0.0,0.0,9.0,21.0,0.0,4.0,3.0,0.0,10.0,5.0,5.0,13.0,31.0,35.0,23.0,13.0,0.0,0.0,0.0,0.0,0.0,0.0,0.0,0.0,0.0,0.0,0.0,0.0,0.0,0.0,0.0,7.0,0.0,0.0,0.0,0.0,10.0,28.0,0.0,7.0,3.0,0.0,12.0,7.0,7.0,16.0,50.0,55.0,29.0,25.0
260,1.0,260.0,London_32,FIFO,151,453,1092.0,70.0,2.0,145413.0,0.7907852078787982,774.0,110.0,0.0,110.0,182.0,0.0,182.0,291.0,200.0,107.0,25.0,82.0,9.0,22.0,1.0,7.0,5.0,69.0,148.0,231.0,39.0,0.0,0.0,0.0,0.0,0.0,0.0,0.0,0.0,0.0,0.0,0.0,0.0,0.0,0.0,0.0,0.0,0.0,0.0,0.0,0.0,0.0,0.0,0.0,0.0,0.0,0.0,0.0,0.0,0.0,0.0,0.0,0.0,0.0,0.0,0.0,0.0,0.0,0.0,0.0,0.0,2.0,3.0,0.0,1.0,2.0,0.0,8.0,4.0,3.0,11.0,20.0,20.0,27.0,8.0,0.0,0.0,0.0,0.0,0.0,0.0,0.0,0.0,0.0,0.0,0.0,0.0,0.0,0.0,0.0,0.0,0.0,0.0,0.0,0.0,3.0,3.0,0.0,2.0,2.0,0.0,11.0,5.0,4.0,13.0,35.0,34.0,33.0,14.0
261,1.0,261.0,London_32,FIFO,151,453,1092.0,70.0,2.0,122763.0,0.6571613410487771,724.0,59.0,2.0,57.0,116.0,18.0,98.0,182.0,205.0,119.0,28.0,55.0,8.0,26.0,1.0,11.0,8.0,79.0,153.0,213.0,39.0,0.0,0.0,0.0,0.0,0.0,0.0,0.0,0.0,0.0,0.0,0.0,0.0,0.0,0.0,0.0,0.0,0.0,0.0,0.0,0.0,0.0,0.0,0.0,0.0,0.0,0.0,0.0,0.0,0.0,1.0,0.0,0.0,0.0,0.0,0.0,2.0,0.0,0.0,0.0,0.0,1.0,1.0,1.0,2.0,0.0,0.0,1.0,4.0,3.0,6.0,11.0,17.0,9.0,6.0,0.0,0.0,0.0,0.0,0.0,0.0,0.0,0.0,0.0,1.0,0.0,0.0,0.0,0.0,0.0,10.0,0.0,0.0,0.0,0.0,2.0,2.0,1.0,2.0,0.0,0.0,1.0,7.0,4.0,7.0,14.0,26.0,11.0,11.0
262,1.0,262.0,London_32,FIFO,151,453,1092.0,70.0,2.0,126387.0,0.6993806068785489,732.0,91.0,1.0,90.0,177.0,10.0,167.0,116.0,206.0,129.0,27.0,53.0,6.0,19.0,2.0,11.0,12.0,92.0,132.0,217.0,51.0,0.0,0.0,0.0,0.0,0.0,0.0,0.0,0.0,0.0,0.0,0.0,0.0,0.0,0.0,0.0,0.0,0.0,0.0,0.0,0.0,0.0,0.0,0.0,0.0,0.0,0.0,0.0,0.0,0.0,1.0,0.0,0.0,0.0,0.0,0.0,1.0,0.0,0.0,0.0,0.0,5.0,6.0,0.0,1.0,5.0,0.0,13.0,6.0,7.0,8.0,16.0,22.0,16.0,8.0,0.0,0.0,0.0,0.0,0.0,0.0,0.0,0.0,0.0,6.0,0.0,0.0,0.0,0.0,0.0,1.0,0.0,0.0,0.0,0.0,7.0,7.0,0.0,2.0,5.0,0.0,20.0,6.0,8.0,10.0,28.0,24.0,21.0,13.0
263,1.0,263.0,London_32,FIFO,151,453,1092.0,70.0,2.0,119139.0,0.9433185011148453,716.0,36.0,2.0,34.0,76.0,16.0,60.0,177.0,223.0,126.0,26.0,47.0,8.0,12.0,2.0,9.0,8.0,86.0,142.0,217.0,44.0,0.0,0.0,0.0,0.0,0.0,0.0,0.0,0.0,0.0,0.0,0.0,0.0,0.0,0.0,0.0,0.0,0.0,0.0,0.0,0.0,0.0,0.0,0.0,0.0,0.0,0.0,0.0,0.0,0.0,1.0,0.0,0.0,1.0,1.0,0.0,1.0,0.0,0.0,0.0,0.0,0.0,2.0,1.0,0.0,0.0,0.0,3.0,3.0,0.0,4.0,9.0,4.0,10.0,1.0,0.0,0.0,0.0,0.0,0.0,0.0,0.0,0.0,0.0,1.0,0.0,0.0,2.0,7.0,0.0,3.0,0.0,0.0,0.0,0.0,0.0,3.0,2.0,0.0,0.0,0.0,3.0,4.0,0.0,5.0,13.0,6.0,15.0,1.0
264,1.0,264.0,London_32,FIFO,151,453,1092.0,70.0,2.0,140430.0,1.1308225323446095,763.0,112.0,0.0,112.0,188.0,0.0,188.0,76.0,231.0,120.0,17.0,54.0,10.0,10.0,2.0,9.0,6.0,88.0,135.0,224.0,40.0,0.0,0.0,0.0,0.0,0.0,0.0,0.0,0.0,0.0,0.0,0.0,0.0,0.0,0.0,0.0,0.0,0.0,0.0,0.0,0.0,0.0,0.0,0.0,0.0,0.0,0.0,0.0,0.0,0.0,0.0,0.0,0.0,0.0,0.0,0.0,0.0,0.0,0.0,0.0,0.0,0.0,4.0,0.0,0.0,8.0,1.0,7.0,9.0,5.0,9.0,26.0,26.0,26.0,8.0,0.0,0.0,0.0,0.0,0.0,0.0,0.0,0.0,0.0,0.0,0.0,0.0,0.0,0.0,0.0,0.0,0.0,0.0,0.0,0.0,0.0,6.0,0.0,0.0,9.0,2.0,7.0,13.0,6.0,12.0,51.0,33.0,35.0,12.0
265,1.0,265.0,London_32,FIFO,151,453,1092.0,70.0,2.0,127293.0,1.0270750490017235,734.0,12.0,0.0,12.0,24.0,0.0,24.0,188.0,240.0,111.0,21.0,60.0,4.0,13.0,1.0,3.0,9.0,77.0,129.0,238.0,41.0,0.0,0.0,0.0,0.0,0.0,0.0,0.0,0.0,0.0,0.0,0.0,0.0,0.0,0.0,0.0,0.0,0.0,0.0,0.0,0.0,0.0,0.0,0.0,0.0,0.0,0.0,0.0,0.0,0.0,0.0,0.0,0.0,0.0,0.0,0.0,0.0,0.0,0.0,0.0,0.0,0.0,0.0,1.0,0.0,0.0,0.0,2.0,0.0,1.0,4.0,4.0,3.0,1.0,0.0,0.0,0.0,0.0,0.0,0.0,0.0,0.0,0.0,0.0,0.0,0.0,0.0,0.0,0.0,0.0,0.0,0.0,0.0,0.0,0.0,0.0,0.0,1.0,0.0,0.0,0.0,2.0,0.0,1.0,5.0,7.0,4.0,3.0,0.0
266,1.0,266.0,London_32,FIFO,151,453,1092.0,70.0,2.0,163533.0,1.4571757456287742,814.0,150.0,2.0,148.0,264.0,18.0,246.0,24.0,243.0,113.0,22.0,56.0,5.0,10.0,0.0,4.0,9.0,80.0,130.0,234.0,42.0,0.0,0.0,0.0,0.0,0.0,0.0,0.0,0.0,0.0,0.0,0.0,0.0,0.0,0.0,0.0,0.0,0.0,0.0,0.0,0.0,0.0,0.0,0.0,0.0,0.0,0.0,0.0,0.0,0.0,0.0,0.0,0.0,0.0,0.0,2.0,0.0,0.0,0.0,0.0,0.0,1.0,11.0,0.0,1.0,6.0,0.0,28.0,7.0,6.0,17.0,28.0,26.0,31.0,16.0,0.0,0.0,0.0,0.0,0.0,0.0,0.0,0.0,0.0,0.0,0.0,0.0,0.0,0.0,14.0,0.0,0.0,0.0,0.0,0.0,1.0,13.0,0.0,1.0,6.0,0.0,33.0,9.0,7.0,18.0,36.0,35.0,36.0,18.0
267,1.0,267.0,London_32,FIFO,151,453,1092.0,70.0,2.0,130011.0,0.9520247490145266,740.0,26.0,0.0,26.0,41.0,0.0,41.0,264.0,219.0,105.0,25.0,67.0,5.0,27.0,2.0,3.0,6.0,69.0,141.0,237.0,38.0,0.0,0.0,0.0,0.0,0.0,0.0,0.0,0.0,0.0,0.0,0.0,0.0,0.0,0.0,0.0,0.0,0.0,0.0,0.0,0.0,0.0,0.0,0.0,0.0,0.0,0.0,0.0,0.0,0.0,0.0,0.0,0.0,0.0,0.0,0.0,0.0,0.0,0.0,0.0,0.0,0.0,3.0,0.0,0.0,0.0,0.0,5.0,2.0,1.0,4.0,6.0,6.0,6.0,4.0,0.0,0.0,0.0,0.0,0.0,0.0,0.0,0.0,0.0,0.0,0.0,0.0,0.0,0.0,0.0,0.0,0.0,0.0,0.0,0.0,0.0,4.0,0.0,0.0,0.0,0.0,9.0,3.0,1.0,4.0,8.0,6.0,9.0,5.0
268,1.0,268.0,London_32,FIFO,151,453,1092.0,70.0,2.0,157644.0,1.025563099887222,801.0,57.0,0.0,57.0,101.0,0.0,101.0,41.0,216.0,102.0,28.0,68.0,5.0,32.0,1.0,1.0,7.0,73.0,153.0,220.0,40.0,0.0,0.0,0.0,0.0,0.0,0.0,0.0,0.0,0.0,0.0,0.0,0.0,0.0,0.0,0.0,0.0,0.0,0.0,0.0,0.0,0.0,0.0,0.0,0.0,0.0,0.0,0.0,0.0,0.0,0.0,0.0,0.0,0.0,0.0,0.0,0.0,0.0,0.0,0.0,0.0,0.0,3.0,0.0,0.0,1.0,0.0,8.0,10.0,4.0,6.0,13.0,18.0,16.0,3.0,0.0,0.0,0.0,0.0,0.0,0.0,0.0,0.0,0.0,0.0,0.0,0.0,0.0,0.0,0.0,0.0,0.0,0.0,0.0,0.0,0.0,5.0,0.0,0.0,1.0,0.0,10.0,16.0,5.0,8.0,22.0,26.0,23.0,6.0
269,1.0,269.0,London_32,FIFO,151,453,1092.0,70.0,2.0,168969.0,1.3005728628486395,826.0,77.0,0.0,77.0,130.0,0.0,130.0,101.0,232.0,101.0,23.0,59.0,4.0,34.0,0.0,0.0,7.0,71.0,159.0,216.0,48.0,0.0,0.0,0.0,0.0,0.0,0.0,0.0,0.0,0.0,0.0,0.0,0.0,0.0,0.0,0.0,0.0,0.0,0.0,0.0,0.0,0.0,0.0,0.0,0.0,0.0,0.0,0.0,0.0,0.0,0.0,0.0,0.0,0.0,0.0,0.0,0.0,0.0,0.0,0.0,0.0,4.0,4.0,0.0,1.0,1.0,0.0,4.0,6.0,6.0,9.0,7.0,17.0,12.0,10.0,0.0,0.0,0.0,0.0,0.0,0.0,0.0,0.0,0.0,0.0,0.0,0.0,0.0,0.0,0.0,0.0,0.0,0.0,0.0,0.0,6.0,4.0,0.0,1.0,1.0,0.0,6.0,6.0,8.0,15.0,10.0,24.0,13.0,14.0
270,1.0,270.0,London_32,FIFO,151,453,1092.0,70.0,2.0,177123.0,1.4705975009128451,844.0,156.0,1.0,155.0,279.0,9.0,270.0,130.0,236.0,116.0,22.0,32.0,7.0,40.0,0.0,0.0,5.0,69.0,156.0,223.0,43.0,0.0,0.0,0.0,0.0,0.0,0.0,0.0,0.0,0.0,0.0,0.0,0.0,0.0,0.0,0.0,0.0,0.0,0.0,0.0,0.0,0.0,0.0,0.0,0.0,0.0,0.0,0.0,0.0,0.0,0.0,0.0,0.0,0.0,0.0,1.0,0.0,0.0,0.0,0.0,0.0,0.0,8.0,0.0,3.0,1.0,0.0,17.0,9.0,6.0,4.0,37.0,37.0,29.0,17.0,0.0,0.0,0.0,0.0,0.0,0.0,0.0,0.0,0.0,0.0,0.0,0.0,0.0,0.0,4.0,0.0,0.0,0.0,0.0,0.0,0.0,10.0,0.0,6.0,1.0,0.0,25.0,12.0,6.0,5.0,57.0,51.0,34.0,28.0
271,1.0,271.0,London_32,FIFO,151,453,1092.0,70.0,2.0,144960.0,0.9263082090765238,773.0,90.0,2.0,88.0,160.0,18.0,142.0,279.0,200.0,97.0,24.0,72.0,5.0,47.0,1.0,7.0,12.0,68.0,156.0,217.0,42.0,0.0,0.0,0.0,0.0,0.0,0.0,0.0,0.0,0.0,0.0,0.0,0.0,0.0,0.0,0.0,0.0,0.0,0.0,0.0,0.0,0.0,0.0,0.0,0.0,0.0,0.0,0.0,0.0,0.0,1.0,0.0,0.0,1.0,1.0,1.0,2.0,0.0,0.0,0.0,0.0,0.0,9.0,0.0,0.0,1.0,0.0,8.0,9.0,2.0,4.0,16.0,15.0,13.0,8.0,0.0,0.0,0.0,0.0,0.0,0.0,0.0,0.0,0.0,1.0,0.0,0.0,4.0,9.0,8.0,7.0,0.0,0.0,0.0,0.0,0.0,11.0,0.0,0.0,1.0,0.0,9.0,14.0,2.0,6.0,22.0,19.0,19.0,11.0
272,1.0,272.0,London_32,FIFO,151,453,1092.0,70.0,2.0,149037.0,0.8808873859234154,782.0,43.0,2.0,41.0,85.0,15.0,70.0,160.0,207.0,86.0,28.0,62.0,11.0,50.0,0.0,9.0,16.0,73.0,154.0,210.0,45.0,0.0,0.0,0.0,0.0,0.0,0.0,0.0,0.0,0.0,0.0,0.0,0.0,0.0,0.0,0.0,0.0,0.0,0.0,0.0,0.0,0.0,0.0,0.0,0.0,0.0,0.0,0.0,0.0,0.0,0.0,0.0,0.0,1.0,1.0,1.0,1.0,0.0,0.0,0.0,0.0,1.0,0.0,0.0,0.0,0.0,0.0,3.0,1.0,1.0,3.0,10.0,11.0,9.0,4.0,0.0,0.0,0.0,0.0,0.0,0.0,0.0,0.0,0.0,0.0,0.0,0.0,3.0,5.0,4.0,1.0,0.0,0.0,0.0,0.0,1.0,0.0,0.0,0.0,0.0,0.0,4.0,2.0,2.0,3.0,12.0,17.0,16.0,9.0
273,1.0,273.0,London_32,FIFO,151,453,1092.0,70.0,2.0,171234.0,1.1330805830657482,831.0,53.0,0.0,53.0,91.0,0.0,91.0,85.0,215.0,96.0,29.0,59.0,11.0,35.0,1.0,7.0,15.0,81.0,156.0,201.0,48.0,0.0,0.0,0.0,0.0,0.0,0.0,0.0,0.0,0.0,0.0,0.0,0.0,0.0,0.0,0.0,0.0,0.0,0.0,0.0,0.0,0.0,0.0,0.0,0.0,0.0,0.0,0.0,0.0,0.0,0.0,0.0,0.0,0.0,0.0,0.0,0.0,0.0,0.0,0.0,0.0,4.0,0.0,1.0,1.0,0.0,1.0,8.0,5.0,2.0,6.0,8.0,16.0,11.0,6.0,0.0,0.0,0.0,0.0,0.0,0.0,0.0,0.0,0.0,0.0,0.0,0.0,0.0,0.0,0.0,0.0,0.0,0.0,0.0,0.0,4.0,0.0,1.0,1.0,0.0,2.0,11.0,7.0,4.0,10.0,14.0,20.0,17.0,9.0
274,1.0,274.0,London_32,FIFO,151,453,1092.0,70.0,2.0,196602.0,1.2362093073315918,887.0,148.0,1.0,147.0,243.0,10.0,233.0,91.0,220.0,92.0,29.0,56.0,9.0,39.0,1.0,7.0,14.0,77.0,164.0,198.0,44.0,0.0,0.0,0.0,0.0,0.0,0.0,0.0,0.0,0.0,0.0,0.0,0.0,0.0,0.0,0.0,0.0,0.0,0.0,0.0,0.0,0.0,0.0,0.0,0.0,0.0,0.0,0.0,0.0,0.0,1.0,0.0,0.0,1.0,0.0,0.0,1.0,0.0,0.0,0.0,0.0,1.0,12.0,1.0,0.0,9.0,0.0,5.0,2.0,8.0,2.0,27.0,42.0,11.0,8.0,0.0,0.0,0.0,0.0,0.0,0.0,0.0,0.0,0.0,4.0,0.0,0.0,6.0,0.0,0.0,5.0,0.0,0.0,0.0,0.0,1.0,17.0,1.0,0.0,9.0,0.0,5.0,2.0,11.0,4.0,36.0,57.0,12.0,12.0
275,1.0,275.0,London_32,FIFO,151,453,1092.0,70.0,2.0,167610.0,0.904005107935518,823.0,102.0,0.0,102.0,181.0,0.0,181.0,243.0,217.0,98.0,19.0,62.0,9.0,44.0,1.0,3.0,8.0,72.0,164.0,209.0,33.0,0.0,0.0,0.0,0.0,0.0,0.0,0.0,0.0,0.0,0.0,0.0,0.0,0.0,0.0,0.0,0.0,0.0,0.0,0.0,0.0,0.0,0.0,0.0,0.0,0.0,0.0,0.0,0.0,0.0,0.0,0.0,0.0,0.0,0.0,0.0,0.0,0.0,0.0,0.0,0.0,5.0,0.0,0.0,3.0,0.0,0.0,8.0,4.0,4.0,22.0,23.0,19.0,19.0,11.0,0.0,0.0,0.0,0.0,0.0,0.0,0.0,0.0,0.0,0.0,0.0,0.0,0.0,0.0,0.0,0.0,0.0,0.0,0.0,0.0,6.0,0.0,0.0,5.0,0.0,0.0,8.0,6.0,8.0,29.0,36.0,23.0,21.0,20.0
276,1.0,276.0,London_32,FIFO,151,453,1092.0,70.0,2.0,149943.0,1.180022438056767,784.0,107.0,3.0,104.0,204.0,25.0,179.0,181.0,236.0,106.0,12.0,44.0,12.0,40.0,0.0,3.0,13.0,64.0,154.0,222.0,35.0,0.0,0.0,0.0,0.0,0.0,0.0,0.0,0.0,0.0,0.0,0.0,0.0,0.0,0.0,0.0,0.0,0.0,0.0,0.0,0.0,0.0,0.0,0.0,0.0,0.0,0.0,0.0,0.0,0.0,1.0,0.0,0.0,1.0,0.0,1.0,1.0,0.0,0.0,0.0,0.0,6.0,0.0,0.0,1.0,1.0,0.0,13.0,8.0,3.0,18.0,28.0,18.0,22.0,7.0,0.0,0.0,0.0,0.0,0.0,0.0,0.0,0.0,0.0,4.0,0.0,0.0,5.0,0.0,4.0,2.0,0.0,0.0,0.0,0.0,8.0,0.0,0.0,2.0,1.0,0.0,17.0,11.0,5.0,27.0,45.0,28.0,29.0,9.0
277,1.0,277.0,London_32,FIFO,151,453,1092.0,70.0,2.0,126387.0,0.9368487079627812,732.0,97.0,1.0,96.0,170.0,9.0,161.0,204.0,239.0,85.0,20.0,63.0,9.0,35.0,1.0,1.0,9.0,72.0,150.0,222.0,26.0,0.0,0.0,0.0,0.0,0.0,0.0,0.0,0.0,0.0,0.0,0.0,0.0,0.0,0.0,0.0,0.0,0.0,0.0,0.0,0.0,0.0,0.0,0.0,0.0,0.0,0.0,0.0,0.0,0.0,1.0,0.0,0.0,0.0,0.0,0.0,0.0,1.0,0.0,0.0,0.0,6.0,0.0,2.0,4.0,7.0,0.0,7.0,3.0,7.0,14.0,15.0,24.0,14.0,8.0,0.0,0.0,0.0,0.0,0.0,0.0,0.0,0.0,0.0,9.0,0.0,0.0,0.0,0.0,0.0,0.0,8.0,0.0,0.0,0.0,7.0,0.0,3.0,7.0,7.0,0.0,10.0,3.0,10.0,20.0,30.0,33.0,18.0,10.0
278,1.0,278.0,London_32,FIFO,151,453,1092.0,70.0,2.0,108720.0,0.9365158947184682,693.0,79.0,0.0,79.0,136.0,0.0,136.0,170.0,265.0,94.0,9.0,48.0,5.0,25.0,1.0,6.0,13.0,72.0,156.0,212.0,28.0,0.0,0.0,0.0,0.0,0.0,0.0,0.0,0.0,0.0,0.0,0.0,0.0,0.0,0.0,0.0,0.0,0.0,0.0,0.0,0.0,0.0,0.0,0.0,0.0,0.0,0.0,0.0,0.0,0.0,0.0,0.0,0.0,0.0,0.0,0.0,0.0,0.0,0.0,0.0,0.0,3.0,4.0,1.0,4.0,2.0,1.0,3.0,10.0,1.0,4.0,8.0,22.0,10.0,7.0,0.0,0.0,0.0,0.0,0.0,0.0,0.0,0.0,0.0,0.0,0.0,0.0,0.0,0.0,0.0,0.0,0.0,0.0,0.0,0.0,3.0,5.0,1.0,5.0,2.0,2.0,3.0,17.0,2.0,5.0,10.0,32.0,11.0,11.0
279,1.0,279.0,London_32,FIFO,151,453,1092.0,70.0,2.0,110079.0,1.0507832779549062,696.0,13.0,2.0,11.0,35.0,17.0,18.0,136.0,264.0,97.0,12.0,33.0,1.0,34.0,0.0,12.0,10.0,72.0,162.0,209.0,31.0,0.0,0.0,0.0,0.0,0.0,0.0,0.0,0.0,0.0,0.0,0.0,0.0,0.0,0.0,0.0,0.0,0.0,0.0,0.0,0.0,0.0,0.0,0.0,0.0,0.0,0.0,0.0,0.0,0.0,0.0,0.0,0.0,1.0,0.0,2.0,1.0,0.0,0.0,0.0,0.0,2.0,0.0,0.0,0.0,0.0,0.0,1.0,0.0,1.0,0.0,0.0,1.0,2.0,0.0,0.0,0.0,0.0,0.0,0.0,0.0,0.0,0.0,0.0,0.0,0.0,0.0,2.0,0.0,13.0,6.0,0.0,0.0,0.0,0.0,2.0,0.0,0.0,0.0,0.0,0.0,1.0,0.0,1.0,0.0,0.0,1.0,2.0,0.0
280,1.0,280.0,London_32,FIFO,151,453,1092.0,70.0,2.0,144507.0,1.2147405571304262,772.0,118.0,0.0,118.0,203.0,0.0,203.0,35.0,267.0,96.0,13.0,34.0,3.0,27.0,2.0,11.0,8.0,74.0,155.0,216.0,23.0,0.0,0.0,0.0,0.0,0.0,0.0,0.0,0.0,0.0,0.0,0.0,0.0,0.0,0.0,0.0,0.0,0.0,0.0,0.0,0.0,0.0,0.0,0.0,0.0,0.0,0.0,0.0,0.0,0.0,0.0,0.0,0.0,0.0,0.0,0.0,0.0,0.0,0.0,0.0,0.0,7.0,2.0,2.0,1.0,2.0,0.0,7.0,7.0,9.0,14.0,22.0,30.0,30.0,11.0,0.0,0.0,0.0,0.0,0.0,0.0,0.0,0.0,0.0,0.0,0.0,0.0,0.0,0.0,0.0,0.0,0.0,0.0,0.0,0.0,8.0,2.0,2.0,1.0,2.0,0.0,11.0,9.0,11.0,19.0,32.0,45.0,35.0,16.0
281,1.0,281.0,London_32,FIFO,151,453,1092.0,70.0,2.0,133635.0,0.9114318997599185,748.0,42.0,0.0,42.0,77.0,0.0,77.0,203.0,264.0,75.0,12.0,69.0,4.0,16.0,5.0,8.0,7.0,76.0,145.0,225.0,26.0,0.0,0.0,0.0,0.0,0.0,0.0,0.0,0.0,0.0,0.0,0.0,0.0,0.0,0.0,0.0,0.0,0.0,0.0,0.0,0.0,0.0,0.0,0.0,0.0,0.0,0.0,0.0,0.0,0.0,0.0,0.0,0.0,0.0,0.0,0.0,0.0,0.0,0.0,0.0,0.0,3.0,4.0,0.0,0.0,0.0,0.0,7.0,1.0,7.0,4.0,8.0,12.0,10.0,4.0,0.0,0.0,0.0,0.0,0.0,0.0,0.0,0.0,0.0,0.0,0.0,0.0,0.0,0.0,0.0,0.0,0.0,0.0,0.0,0.0,4.0,5.0,0.0,0.0,0.0,0.0,9.0,1.0,8.0,6.0,15.0,15.0,16.0,5.0
282,1.0,282.0,London_32,FIFO,151,453,1092.0,70.0,2.0,160815.0,0.9490821352228522,808.0,51.0,0.0,51.0,92.0,0.0,92.0,77.0,270.0,66.0,16.0,68.0,4.0,17.0,4.0,8.0,7.0,71.0,152.0,223.0,32.0,0.0,0.0,0.0,0.0,0.0,0.0,0.0,0.0,0.0,0.0,0.0,0.0,0.0,0.0,0.0,0.0,0.0,0.0,0.0,0.0,0.0,0.0,0.0,0.0,0.0,0.0,0.0,0.0,0.0,0.0,0.0,0.0,0.0,0.0,0.0,0.0,0.0,0.0,0.0,0.0,3.0,6.0,0.0,1.0,1.0,1.0,5.0,2.0,5.0,4.0,11.0,9.0,13.0,2.0,0.0,0.0,0.0,0.0,0.0,0.0,0.0,0.0,0.0,0.0,0.0,0.0,0.0,0.0,0.0,0.0,0.0,0.0,0.0,0.0,4.0,7.0,0.0,1.0,1.0,2.0,9.0,2.0,8.0,5.0,16.0,12.0,20.0,2.0
283,1.0,283.0,London_32,FIFO,151,453,1092.0,70.0,2.0,179841.0,1.3353856732137501,850.0,63.0,3.0,60.0,135.0,28.0,107.0,92.0,278.0,74.0,14.0,56.0,2.0,17.0,4.0,8.0,6.0,80.0,165.0,202.0,30.0,0.0,0.0,0.0,0.0,0.0,0.0,0.0,0.0,0.0,0.0,0.0,0.0,0.0,0.0,0.0,0.0,0.0,0.0,0.0,0.0,0.0,0.0,0.0,0.0,0.0,0.0,0.0,0.0,0.0,1.0,1.0,0.0,1.0,0.0,1.0,2.0,0.0,0.0,0.0,0.0,2.0,5.0,1.0,1.0,2.0,0.0,7.0,8.0,9.0,7.0,9.0,18.0,10.0,7.0,0.0,0.0,0.0,0.0,0.0,0.0,0.0,0.0,0.0,2.0,1.0,0.0,2.0,0.0,7.0,3.0,0.0,0.0,0.0,0.0,2.0,6.0,1.0,1.0,4.0,0.0,8.0,11.0,14.0,8.0,16.0,29.0,15.0,9.0
284,1.0,284.0,London_32,FIFO,151,453,1092.0,70.0,2.0,187995.0,1.3267353922128677,868.0,100.0,0.0,100.0,161.0,0.0,161.0,135.0,276.0,82.0,15.0,57.0,2.0,11.0,4.0,6.0,4.0,77.0,155.0,217.0,30.0,0.0,0.0,0.0,0.0,0.0,0.0,0.0,0.0,0.0,0.0,0.0,0.0,0.0,0.0,0.0,0.0,0.0,0.0,0.0,0.0,0.0,0.0,0.0,0.0,0.0,0.0,0.0,0.0,0.0,0.0,0.0,0.0,0.0,0.0,0.0,0.0,0.0,0.0,0.0,0.0,0.0,7.0,0.0,0.0,1.0,0.0,10.0,4.0,3.0,5.0,14.0,36.0,11.0,10.0,0.0,0.0,0.0,0.0,0.0,0.0,0.0,0.0,0.0,0.0,0.0,0.0,0.0,0.0,0.0,0.0,0.0,0.0,0.0,0.0,0.0,9.0,0.0,0.0,1.0,0.0,12.0,5.0,4.0,6.0,16.0,45.0,13.0,13.0
285,1.0,285.0,London_32,FIFO,151,453,1092.0,70.0,2.0,180294.0,1.3177479137666523,851.0,136.0,1.0,135.0,244.0,9.0,235.0,161.0,286.0,72.0,8.0,51.0,6.0,23.0,2.0,5.0,3.0,78.0,163.0,209.0,23.0,0.0,0.0,0.0,0.0,0.0,0.0,0.0,0.0,0.0,0.0,0.0,0.0,0.0,0.0,0.0,0.0,0.0,0.0,0.0,0.0,0.0,0.0,0.0,0.0,0.0,0.0,0.0,0.0,0.0,0.0,0.0,0.0,0.0,1.0,0.0,0.0,0.0,0.0,0.0,0.0,0.0,13.0,2.0,8.0,1.0,0.0,9.0,14.0,8.0,9.0,28.0,32.0,11.0,16.0,0.0,0.0,0.0,0.0,0.0,0.0,0.0,0.0,0.0,0.0,0.0,0.0,0.0,7.0,0.0,0.0,0.0,0.0,0.0,0.0,0.0,19.0,2.0,13.0,1.0,0.0,11.0,18.0,10.0,13.0,42.0,50.0,15.0,24.0
286,1.0,286.0,London_32,FIFO,151,453,1092.0,70.0,2.0,155832.0,1.0527163660153747,797.0,70.0,2.0,68.0,142.0,18.0,124.0,244.0,236.0,86.0,12.0,71.0,7.0,32.0,4.0,5.0,10.0,73.0,161.0,209.0,37.0,0.0,0.0,0.0,0.0,0.0,0.0,0.0,0.0,0.0,0.0,0.0,0.0,0.0,0.0,0.0,0.0,0.0,0.0,0.0,0.0,0.0,0.0,0.0,0.0,0.0,0.0,0.0,0.0,0.0,1.0,0.0,0.0,0.0,0.0,0.0,2.0,0.0,0.0,0.0,0.0,5.0,3.0,0.0,1.0,0.0,0.0,5.0,5.0,1.0,8.0,13.0,17.0,17.0,6.0,0.0,0.0,0.0,0.0,0.0,0.0,0.0,0.0,0.0,5.0,0.0,0.0,0.0,0.0,0.0,3.0,0.0,0.0,0.0,0.0,5.0,4.0,0.0,2.0,0.0,0.0,6.0,6.0,1.0,13.0,22.0,27.0,23.0,10.0
287,1.0,287.0,London_32,FIFO,151,453,1092.0,70.0,2.0,165345.0,1.0153600950725377,818.0,133.0,0.0,133.0,226.0,0.0,226.0,142.0,237.0,87.0,16.0,62.0,3.0,35.0,5.0,8.0,3.0,72.0,166.0,212.0,38.0,0.0,0.0,0.0,0.0,0.0,0.0,0.0,0.0,0.0,0.0,0.0,0.0,0.0,0.0,0.0,0.0,0.0,0.0,0.0,0.0,0.0,0.0,0.0,0.0,0.0,0.0,0.0,0.0,0.0,0.0,0.0,0.0,0.0,0.0,0.0,0.0,0.0,0.0,0.0,0.0,1.0,9.0,0.0,3.0,8.0,0.0,13.0,3.0,5.0,1.0,22.0,30.0,19.0,9.0,0.0,0.0,0.0,0.0,0.0,0.0,0.0,0.0,0.0,0.0,0.0,0.0,0.0,0.0,0.0,0.0,0.0,0.0,0.0,0.0,1.0,13.0,0.0,4.0,8.0,0.0,15.0,4.0,6.0,1.0,36.0,43.0,23.0,12.0
288,1.0,288.0,London_32,FIFO,151,453,1092.0,70.0,2.0,141336.0,0.9628778332844377,765.0,131.0,1.0,130.0,231.0,10.0,221.0,226.0,227.0,77.0,23.0,70.0,5.0,42.0,3.0,6.0,4.0,72.0,153.0,224.0,24.0,0.0,0.0,0.0,0.0,0.0,0.0,0.0,0.0,0.0,0.0,0.0,0.0,0.0,0.0,0.0,0.0,0.0,0.0,0.0,0.0,0.0,0.0,0.0,0.0,0.0,0.0,0.0,0.0,0.0,0.0,0.0,0.0,0.0,0.0,0.0,0.0,0.0,0.0,0.0,0.0,4.0,2.0,0.0,3.0,3.0,0.0,7.0,18.0,2.0,15.0,19.0,32.0,32.0,9.0,0.0,0.0,0.0,0.0,0.0,0.0,0.0,0.0,0.0,0.0,0.0,0.0,0.0,0.0,0.0,0.0,0.0,0.0,0.0,0.0,4.0,2.0,0.0,5.0,4.0,0.0,15.0,28.0,3.0,18.0,24.0,52.0,44.0,12.0
289,1.0,289.0,London_32,FIFO,151,453,1092.0,70.0,2.0,105549.0,0.7339448221027851,686.0,13.0,1.0,12.0,29.0,10.0,19.0,231.0,228.0,81.0,22.0,71.0,10.0,37.0,2.0,2.0,8.0,70.0,163.0,212.0,39.0,0.0,0.0,0.0,0.0,0.0,0.0,0.0,0.0,0.0,0.0,0.0,0.0,0.0,0.0,0.0,0.0,0.0,0.0,0.0,0.0,0.0,0.0,0.0,0.0,0.0,0.0,0.0,0.0,0.0,1.0,0.0,0.0,1.0,0.0,0.0,0.0,0.0,0.0,0.0,0.0,1.0,0.0,0.0,0.0,0.0,0.0,0.0,1.0,0.0,1.0,2.0,4.0,4.0,1.0,0.0,0.0,0.0,0.0,0.0,0.0,0.0,0.0,0.0,2.0,0.0,0.0,5.0,0.0,0.0,0.0,0.0,0.0,0.0,0.0,2.0,0.0,0.0,0.0,0.0,0.0,0.0,1.0,0.0,1.0,3.0,5.0,4.0,1.0
290,1.0,290.0,London_32,FIFO,151,453,1092.0,70.0,2.0,135447.0,0.9000989347696304,752.0,0.0,0.0,0.0,0.0,0.0,0.0,29.0,232.0,87.0,19.0,73.0,8.0,30.0,2.0,2.0,8.0,65.0,166.0,214.0,37.0,0.0,0.0,0.0,0.0,0.0,0.0,0.0,0.0,0.0,0.0,0.0,0.0,0.0,0.0,0.0,0.0,0.0,0.0,0.0,0.0,0.0,0.0,0.0,0.0,0.0,0.0,0.0,0.0,0.0,0.0,0.0,0.0,0.0,0.0,0.0,0.0,0.0,0.0,0.0,0.0,0.0,0.0,0.0,0.0,0.0,0.0,0.0,0.0,0.0,0.0,0.0,0.0,0.0,0.0,0.0,0.0,0.0,0.0,0.0,0.0,0.0,0.0,0.0,0.0,0.0,0.0,0.0,0.0,0.0,0.0,0.0,0.0,0.0,0.0,0.0,0.0,0.0,0.0,0.0,0.0,0.0,0.0,0.0,0.0,0.0,0.0,0.0,0.0
291,1.0,291.0,London_32,FIFO,151,453,1092.0,70.0,2.0,178935.0,1.4921681103296578,848.0,128.0,0.0,128.0,219.0,0.0,219.0,0.0,232.0,87.0,19.0,73.0,8.0,30.0,2.0,2.0,8.0,65.0,166.0,214.0,37.0,0.0,0.0,0.0,0.0,0.0,0.0,0.0,0.0,0.0,0.0,0.0,0.0,0.0,0.0,0.0,0.0,0.0,0.0,0.0,0.0,0.0,0.0,0.0,0.0,0.0,0.0,0.0,0.0,0.0,0.0,0.0,0.0,0.0,0.0,0.0,0.0,0.0,0.0,0.0,0.0,7.0,7.0,0.0,3.0,0.0,0.0,10.0,13.0,9.0,4.0,25.0,28.0,8.0,5.0,0.0,0.0,0.0,0.0,0.0,0.0,0.0,0.0,0.0,0.0,0.0,0.0,0.0,0.0,0.0,0.0,0.0,0.0,0.0,0.0,8.0,12.0,0.0,3.0,0.0,0.0,13.0,19.0,15.0,4.0,34.0,41.0,10.0,6.0
292,1.0,292.0,London_32,FIFO,151,453,1092.0,70.0,2.0,159909.0,1.071064403746277,806.0,121.0,2.0,119.0,224.0,19.0,205.0,219.0,226.0,94.0,10.0,68.0,14.0,36.0,2.0,3.0,7.0,85.0,151.0,210.0,22.0,0.0,0.0,0.0,0.0,0.0,0.0,0.0,0.0,0.0,0.0,0.0,0.0,0.0,0.0,0.0,0.0,0.0,0.0,0.0,0.0,0.0,0.0,0.0,0.0,0.0,0.0,0.0,0.0,0.0,2.0,0.0,0.0,1.0,1.0,0.0,2.0,0.0,0.0,0.0,0.0,8.0,3.0,1.0,3.0,3.0,1.0,15.0,5.0,4.0,4.0,27.0,26.0,26.0,7.0,0.0,0.0,0.0,0.0,0.0,0.0,0.0,0.0,0.0,10.0,0.0,0.0,2.0,9.0,0.0,9.0,0.0,0.0,0.0,0.0,8.0,4.0,1.0,5.0,4.0,2.0,20.0,7.0,7.0,8.0,42.0,43.0,35.0,10.0
293,1.0,293.0,London_32,FIFO,151,453,1092.0,70.0,2.0,137259.0,1.2123892679810524,756.0,62.0,2.0,60.0,126.0,17.0,109.0,224.0,234.0,90.0,17.0,64.0,3.0,36.0,4.0,5.0,8.0,85.0,143.0,217.0,33.0,0.0,0.0,0.0,0.0,0.0,0.0,0.0,0.0,0.0,0.0,0.0,0.0,0.0,0.0,0.0,0.0,0.0,0.0,0.0,0.0,0.0,0.0,0.0,0.0,0.0,0.0,0.0,0.0,0.0,2.0,0.0,0.0,2.0,0.0,0.0,2.0,0.0,0.0,0.0,0.0,2.0,3.0,0.0,2.0,0.0,0.0,11.0,1.0,8.0,5.0,11.0,13.0,13.0,2.0,0.0,0.0,0.0,0.0,0.0,0.0,0.0,0.0,0.0,9.0,0.0,0.0,12.0,0.0,0.0,9.0,0.0,0.0,0.0,0.0,3.0,5.0,0.0,4.0,0.0,0.0,14.0,1.0,12.0,8.0,17.0,25.0,19.0,3.0
294,1.0,294.0,London_32,FIFO,151,453,1092.0,70.0,2.0,139977.0,0.9842752022668719,762.0,135.0,0.0,135.0,225.0,0.0,225.0,126.0,242.0,98.0,29.0,54.0,2.0,24.0,3.0,1.0,9.0,87.0,139.0,218.0,34.0,0.0,0.0,0.0,0.0,0.0,0.0,0.0,0.0,0.0,0.0,0.0,0.0,0.0,0.0,0.0,0.0,0.0,0.0,0.0,0.0,0.0,0.0,0.0,0.0,0.0,0.0,0.0,0.0,0.0,0.0,0.0,0.0,0.0,0.0,0.0,0.0,0.0,0.0,0.0,0.0,0.0,15.0,0.0,2.0,0.0,0.0,21.0,10.0,10.0,7.0,22.0,23.0,20.0,10.0,0.0,0.0,0.0,0.0,0.0,0.0,0.0,0.0,0.0,0.0,0.0,0.0,0.0,0.0,0.0,0.0,0.0,0.0,0.0,0.0,0.0,18.0,0.0,3.0,0.0,0.0,28.0,11.0,15.0,10.0,36.0,34.0,23.0,12.0
295,1.0,295.0,London_32,FIFO,151,453,1092.0,70.0,2.0,117327.0,0.927024653647095,712.0,3.0,2.0,1.0,20.0,18.0,2.0,225.0,235.0,81.0,21.0,77.0,5.0,27.0,3.0,4.0,10.0,79.0,155.0,209.0,22.0,0.0,0.0,0.0,0.0,0.0,0.0,0.0,0.0,0.0,0.0,0.0,0.0,0.0,0.0,0.0,0.0,0.0,0.0,0.0,0.0,0.0,0.0,0.0,0.0,0.0,0.0,0.0,0.0,0.0,0.0,0.0,0.0,1.0,1.0,0.0,1.0,0.0,0.0,0.0,0.0,0.0,0.0,0.0,0.0,0.0,0.0,0.0,1.0,0.0,0.0,1.0,0.0,1.0,0.0,0.0,0.0,0.0,0.0,0.0,0.0,0.0,0.0,0.0,0.0,0.0,0.0,4.0,7.0,0.0,6.0,0.0,0.0,0.0,0.0,0.0,0.0,0.0,0.0,0.0,0.0,0.0,1.0,0.0,0.0,1.0,0.0,1.0,0.0
296,1.0,296.0,London_32,FIFO,151,453,1092.0,70.0,2.0,164892.0,1.0336439348757267,817.0,82.0,0.0,82.0,144.0,0.0,144.0,20.0,231.0,85.0,15.0,80.0,7.0,28.0,3.0,4.0,8.0,74.0,155.0,216.0,21.0,0.0,0.0,0.0,0.0,0.0,0.0,0.0,0.0,0.0,0.0,0.0,0.0,0.0,0.0,0.0,0.0,0.0,0.0,0.0,0.0,0.0,0.0,0.0,0.0,0.0,0.0,0.0,0.0,0.0,0.0,0.0,0.0,0.0,0.0,0.0,0.0,0.0,0.0,0.0,0.0,2.0,4.0,0.0,1.0,0.0,1.0,8.0,6.0,12.0,12.0,19.0,22.0,19.0,14.0,0.0,0.0,0.0,0.0,0.0,0.0,0.0,0.0,0.0,0.0,0.0,0.0,0.0,0.0,0.0,0.0,0.0,0.0,0.0,0.0,2.0,5.0,0.0,1.0,0.0,1.0,10.0,7.0,15.0,16.0,31.0,31.0,26.0,17.0
297,1.0,297.0,London_32,FIFO,151,453,1092.0,70.0,2.0,163986.0,1.1096229199320078,815.0,112.0,2.0,110.0,220.0,17.0,203.0,144.0,233.0,93.0,19.0,61.0,7.0,28.0,4.0,8.0,12.0,72.0,154.0,215.0,29.0,0.0,0.0,0.0,0.0,0.0,0.0,0.0,0.0,0.0,0.0,0.0,0.0,0.0,0.0,0.0,0.0,0.0,0.0,0.0,0.0,0.0,0.0,0.0,0.0,0.0,0.0,0.0,0.0,0.0,0.0,0.0,0.0,0.0,0.0,0.0,1.0,1.0,0.0,0.0,0.0,1.0,9.0,0.0,2.0,0.0,0.0,11.0,6.0,16.0,5.0,26.0,26.0,26.0,8.0,0.0,0.0,0.0,0.0,0.0,0.0,0.0,0.0,0.0,0.0,0.0,0.0,0.0,0.0,0.0,2.0,8.0,0.0,0.0,0.0,1.0,12.0,0.0,2.0,0.0,0.0,14.0,8.0,26.0,7.0,40.0,37.0,32.0,12.0
298,1.0,298.0,London_32,FIFO,151,453,1092.0,70.0,2.0,149943.0,0.7521741390228271,784.0,78.0,0.0,78.0,138.0,0.0,138.0,220.0,232.0,88.0,23.0,62.0,8.0,28.0,4.0,8.0,7.0,67.0,152.0,227.0,33.0,0.0,0.0,0.0,0.0,0.0,0.0,0.0,0.0,0.0,0.0,0.0,0.0,0.0,0.0,0.0,0.0,0.0,0.0,0.0,0.0,0.0,0.0,0.0,0.0,0.0,0.0,0.0,0.0,0.0,0.0,0.0,0.0,0.0,0.0,0.0,0.0,0.0,0.0,0.0,0.0,3.0,8.0,3.0,1.0,0.0,0.0,4.0,8.0,4.0,7.0,19.0,20.0,17.0,8.0,0.0,0.0,0.0,0.0,0.0,0.0,0.0,0.0,0.0,0.0,0.0,0.0,0.0,0.0,0.0,0.0,0.0,0.0,0.0,0.0,3.0,12.0,3.0,1.0,0.0,0.0,5.0,12.0,6.0,9.0,28.0,29.0,20.0,17.0
299,1.0,299.0,London_32,FIFO,151,453,1092.0,70.0,2.0,154020.0,0.9591442882083356,793.0,45.0,1.0,44.0,84.0,8.0,76.0,138.0,234.0,84.0,22.0,58.0,12.0,33.0,2.0,8.0,9.0,79.0,150.0,215.0,37.0,0.0,0.0,0.0,0.0,0.0,0.0,0.0,0.0,0.0,0.0,0.0,0.0,0.0,0.0,0.0,0.0,0.0,0.0,0.0,0.0,0.0,0.0,0.0,0.0,0.0,0.0,0.0,0.0,0.0,1.0,0.0,0.0,1.0,0.0,0.0,1.0,0.0,0.0,0.0,0.0,1.0,1.0,0.0,0.0,0.0,0.0,2.0,4.0,2.0,5.0,11.0,10.0,11.0,6.0,0.0,0.0,0.0,0.0,0.0,0.0,0.0,0.0,0.0,1.0,0.0,0.0,7.0,0.0,0.0,2.0,0.0,0.0,0.0,0.0,1.0,1.0,0.0,0.0,0.0,0.0,3.0,5.0,3.0,7.0,19.0,12.0,15.0,14.0
300,1.0,300.0,London_32,FIFO,151,453,1092.0,70.0,2.0,163533.0,1.183233364019543,814.0,125.0,2.0,123.0,229.0,18.0,211.0,84.0,236.0,96.0,14.0,57.0,11.0,31.0,2.0,6.0,8.0,73.0,151.0,221.0,45.0,0.0,0.0,0.0,0.0,0.0,0.0,0.0,0.0,0.0,0.0,0.0,0.0,0.0,0.0,0.0,0.0,0.0,0.0,0.0,0.0,0.0,0.0,0.0,0.0,0.0,0.0,0.0,0.0,0.0,0.0,1.0,0.0,1.0,0.0,1.0,2.0,0.0,0.0,0.0,0.0,1.0,8.0,0.0,3.0,6.0,0.0,20.0,8.0,6.0,14.0,21.0,24.0,11.0,13.0,0.0,0.0,0.0,0.0,0.0,0.0,0.0,0.0,0.0,0.0,2.0,0.0,1.0,0.0,6.0,5.0,0.0,0.0,0.0,0.0,1.0,12.0,0.0,3.0,7.0,0.0,26.0,10.0,7.0,19.0,29.0,35.0,16.0,20.0
301,1.0,301.0,London_32,FIFO,151,453,1092.0,70.0,2.0,143601.0,1.103868991136551,770.0,95.0,1.0,94.0,169.0,11.0,158.0,229.0,250.0,90.0,11.0,74.0,5.0,17.0,1.0,5.0,8.0,63.0,166.0,216.0,19.0,0.0,0.0,0.0,0.0,0.0,0.0,0.0,0.0,0.0,0.0,0.0,0.0,0.0,0.0,0.0,0.0,0.0,0.0,0.0,0.0,0.0,0.0,0.0,0.0,0.0,0.0,0.0,0.0,0.0,1.0,0.0,0.0,1.0,0.0,0.0,1.0,0.0,0.0,0.0,0.0,5.0,6.0,0.0,0.0,1.0,0.0,4.0,5.0,5.0,5.0,13.0,27.0,14.0,6.0,0.0,0.0,0.0,0.0,0.0,0.0,0.0,0.0,0.0,2.0,0.0,0.0,3.0,0.0,0.0,6.0,0.0,0.0,0.0,0.0,6.0,8.0,0.0,0.0,1.0,0.0,5.0,7.0,6.0,6.0,20.0,36.0,17.0,9.0
302,1.0,302.0,London_32,FIFO,151,453,1092.0,70.0,2.0,139071.0,1.0260744830593467,760.0,112.0,0.0,112.0,196.0,0.0,196.0,169.0,235.0,113.0,11.0,53.0,6.0,29.0,1.0,5.0,11.0,66.0,149.0,227.0,37.0,0.0,0.0,0.0,0.0,0.0,0.0,0.0,0.0,0.0,0.0,0.0,0.0,0.0,0.0,0.0,0.0,0.0,0.0,0.0,0.0,0.0,0.0,0.0,0.0,0.0,0.0,0.0,0.0,0.0,0.0,0.0,0.0,0.0,0.0,0.0,0.0,0.0,0.0,0.0,0.0,4.0,8.0,0.0,0.0,1.0,0.0,9.0,4.0,4.0,15.0,15.0,22.0,20.0,7.0,0.0,0.0,0.0,0.0,0.0,0.0,0.0,0.0,0.0,0.0,0.0,0.0,0.0,0.0,0.0,0.0,0.0,0.0,0.0,0.0,4.0,13.0,0.0,0.0,1.0,0.0,11.0,6.0,6.0,19.0,24.0,38.0,27.0,10.0
303,1.0,303.0,London_32,FIFO,151,453,1092.0,70.0,2.0,115968.0,1.0706686158664525,709.0,2.0,2.0,0.0,18.0,18.0,0.0,196.0,260.0,79.0,18.0,52.0,10.0,31.0,1.0,2.0,6.0,77.0,142.0,228.0,33.0,0.0,0.0,0.0,0.0,0.0,0.0,0.0,0.0,0.0,0.0,0.0,0.0,0.0,0.0,0.0,0.0,0.0,0.0,0.0,0.0,0.0,0.0,0.0,0.0,0.0,0.0,0.0,0.0,0.0,1.0,0.0,0.0,0.0,0.0,0.0,2.0,0.0,0.0,0.0,0.0,0.0,0.0,0.0,0.0,0.0,0.0,0.0,0.0,0.0,0.0,0.0,0.0,0.0,0.0,0.0,0.0,0.0,0.0,0.0,0.0,0.0,0.0,0.0,2.0,0.0,0.0,0.0,0.0,0.0,8.0,0.0,0.0,0.0,0.0,0.0,0.0,0.0,0.0,0.0,0.0,0.0,0.0,0.0,0.0,0.0,0.0,0.0,0.0
304,1.0,304.0,London_32,FIFO,151,453,1092.0,70.0,2.0,155379.0,1.2459410559386015,796.0,79.0,1.0,78.0,148.0,10.0,138.0,18.0,255.0,88.0,20.0,54.0,9.0,23.0,1.0,3.0,5.0,76.0,134.0,238.0,33.0,0.0,0.0,0.0,0.0,0.0,0.0,0.0,0.0,0.0,0.0,0.0,0.0,0.0,0.0,0.0,0.0,0.0,0.0,0.0,0.0,0.0,0.0,0.0,0.0,0.0,0.0,0.0,0.0,0.0,1.0,0.0,0.0,0.0,0.0,0.0,1.0,0.0,0.0,0.0,0.0,2.0,5.0,0.0,3.0,3.0,0.0,10.0,5.0,6.0,9.0,12.0,17.0,20.0,6.0,0.0,0.0,0.0,0.0,0.0,0.0,0.0,0.0,0.0,7.0,0.0,0.0,0.0,0.0,0.0,3.0,0.0,0.0,0.0,0.0,2.0,6.0,0.0,5.0,3.0,0.0,15.0,6.0,7.0,11.0,18.0,23.0,25.0,7.0
305,1.0,305.0,London_32,FIFO,151,453,1092.0,70.0,2.0,166251.0,1.2904754988849163,820.0,98.0,2.0,96.0,191.0,16.0,175.0,148.0,269.0,99.0,23.0,50.0,2.0,5.0,0.0,5.0,9.0,64.0,141.0,239.0,37.0,0.0,0.0,0.0,0.0,0.0,0.0,0.0,0.0,0.0,0.0,0.0,0.0,0.0,0.0,0.0,0.0,0.0,0.0,0.0,0.0,0.0,0.0,0.0,0.0,0.0,0.0,0.0,0.0,0.0,0.0,0.0,0.0,0.0,1.0,0.0,1.0,0.0,0.0,0.0,0.0,5.0,6.0,0.0,1.0,3.0,1.0,10.0,5.0,5.0,9.0,19.0,21.0,25.0,6.0,0.0,0.0,0.0,0.0,0.0,0.0,0.0,0.0,0.0,0.0,0.0,0.0,0.0,6.0,0.0,5.0,0.0,0.0,0.0,0.0,8.0,7.0,0.0,2.0,3.0,2.0,13.0,7.0,7.0,13.0,26.0,37.0,32.0,8.0
306,1.0,306.0,London_32,FIFO,151,453,1092.0,70.0,2.0,173952.0,1.1284632878378034,837.0,42.0,0.0,42.0,83.0,0.0,83.0,191.0,276.0,82.0,10.0,55.0,3.0,14.0,1.0,12.0,7.0,66.0,142.0,238.0,28.0,0.0,0.0,0.0,0.0,0.0,0.0,0.0,0.0,0.0,0.0,0.0,0.0,0.0,0.0,0.0,0.0,0.0,0.0,0.0,0.0,0.0,0.0,0.0,0.0,0.0,0.0,0.0,0.0,0.0,0.0,0.0,0.0,0.0,0.0,0.0,0.0,0.0,0.0,0.0,0.0,1.0,4.0,0.0,0.0,0.0,0.0,5.0,5.0,5.0,4.0,7.0,8.0,8.0,4.0,0.0,0.0,0.0,0.0,0.0,0.0,0.0,0.0,0.0,0.0,0.0,0.0,0.0,0.0,0.0,0.0,0.0,0.0,0.0,0.0,1.0,6.0,0.0,0.0,0.0,0.0,7.0,8.0,9.0,5.0,10.0,13.0,13.0,9.0
307,1.0,307.0,London_32,FIFO,151,453,1092.0,70.0,2.0,197961.0,1.8831767342053354,890.0,150.0,0.0,150.0,249.0,0.0,249.0,83.0,283.0,88.0,14.0,38.0,3.0,14.0,1.0,12.0,9.0,71.0,129.0,244.0,27.0,0.0,0.0,0.0,0.0,0.0,0.0,0.0,0.0,0.0,0.0,0.0,0.0,0.0,0.0,0.0,0.0,0.0,0.0,0.0,0.0,0.0,0.0,0.0,0.0,0.0,0.0,0.0,0.0,0.0,0.0,0.0,0.0,0.0,0.0,0.0,0.0,0.0,0.0,0.0,0.0,1.0,13.0,0.0,0.0,4.0,0.0,6.0,19.0,11.0,5.0,33.0,33.0,22.0,17.0,0.0,0.0,0.0,0.0,0.0,0.0,0.0,0.0,0.0,0.0,0.0,0.0,0.0,0.0,0.0,0.0,0.0,0.0,0.0,0.0,1.0,19.0,0.0,0.0,4.0,0.0,7.0,22.0,17.0,8.0,56.0,48.0,25.0,24.0
308,1.0,308.0,London_32,FIFO,151,453,1092.0,70.0,2.0,164439.0,1.022087387740612,816.0,116.0,2.0,114.0,214.0,18.0,196.0,249.0,234.0,90.0,17.0,77.0,6.0,14.0,1.0,14.0,10.0,74.0,132.0,237.0,30.0,0.0,0.0,0.0,0.0,0.0,0.0,0.0,0.0,0.0,0.0,0.0,0.0,0.0,0.0,0.0,0.0,0.0,0.0,0.0,0.0,0.0,0.0,0.0,0.0,0.0,0.0,0.0,0.0,0.0,0.0,0.0,0.0,0.0,0.0,2.0,1.0,0.0,0.0,0.0,0.0,1.0,6.0,13.0,0.0,2.0,0.0,23.0,2.0,4.0,12.0,18.0,27.0,21.0,11.0,0.0,0.0,0.0,0.0,0.0,0.0,0.0,0.0,0.0,0.0,0.0,0.0,0.0,0.0,15.0,4.0,0.0,0.0,0.0,0.0,1.0,7.0,14.0,0.0,2.0,0.0,32.0,2.0,4.0,14.0,28.0,35.0,28.0,16.0
309,1.0,309.0,London_32,FIFO,151,453,1092.0,70.0,2.0,140430.0,0.8647294421680272,763.0,33.0,0.0,33.0,62.0,0.0,62.0,214.0,237.0,90.0,16.0,65.0,9.0,26.0,0.0,10.0,2.0,73.0,146.0,232.0,23.0,0.0,0.0,0.0,0.0,0.0,0.0,0.0,0.0,0.0,0.0,0.0,0.0,0.0,0.0,0.0,0.0,0.0,0.0,0.0,0.0,0.0,0.0,0.0,0.0,0.0,0.0,0.0,0.0,0.0,0.0,0.0,0.0,0.0,0.0,0.0,0.0,0.0,0.0,0.0,0.0,3.0,0.0,0.0,2.0,0.0,0.0,4.0,2.0,1.0,7.0,7.0,6.0,9.0,3.0,0.0,0.0,0.0,0.0,0.0,0.0,0.0,0.0,0.0,0.0,0.0,0.0,0.0,0.0,0.0,0.0,0.0,0.0,0.0,0.0,3.0,0.0,0.0,3.0,0.0,0.0,6.0,4.0,2.0,10.0,12.0,10.0,14.0,4.0
310,1.0,310.0,London_32,FIFO,151,453,1092.0,70.0,2.0,160362.0,0.9704158119857311,807.0,100.0,0.0,100.0,191.0,0.0,191.0,62.0,246.0,93.0,8.0,64.0,9.0,24.0,0.0,9.0,2.0,78.0,152.0,221.0,29.0,0.0,0.0,0.0,0.0,0.0,0.0,0.0,0.0,0.0,0.0,0.0,0.0,0.0,0.0,0.0,0.0,0.0,0.0,0.0,0.0,0.0,0.0,0.0,0.0,0.0,0.0,0.0,0.0,0.0,0.0,0.0,0.0,0.0,0.0,0.0,0.0,0.0,0.0,0.0,0.0,8.0,2.0,0.0,1.0,0.0,0.0,7.0,5.0,3.0,17.0,19.0,28.0,13.0,12.0,0.0,0.0,0.0,0.0,0.0,0.0,0.0,0.0,0.0,0.0,0.0,0.0,0.0,0.0,0.0,0.0,0.0,0.0,0.0,0.0,12.0,3.0,0.0,2.0,0.0,0.0,16.0,8.0,4.0,27.0,28.0,48.0,19.0,22.0
311,1.0,311.0,London_32,FIFO,151,453,1092.0,70.0,2.0,148131.0,0.9578188890591264,780.0,61.0,0.0,61.0,104.0,0.0,104.0,191.0,254.0,98.0,17.0,54.0,10.0,20.0,0.0,0.0,6.0,90.0,134.0,223.0,29.0,0.0,0.0,0.0,0.0,0.0,0.0,0.0,0.0,0.0,0.0,0.0,0.0,0.0,0.0,0.0,0.0,0.0,0.0,0.0,0.0,0.0,0.0,0.0,0.0,0.0,0.0,0.0,0.0,0.0,0.0,0.0,0.0,0.0,0.0,0.0,0.0,0.0,0.0,0.0,0.0,1.0,5.0,0.0,1.0,0.0,0.0,8.0,4.0,2.0,8.0,12.0,9.0,7.0,4.0,0.0,0.0,0.0,0.0,0.0,0.0,0.0,0.0,0.0,0.0,0.0,0.0,0.0,0.0,0.0,0.0,0.0,0.0,0.0,0.0,1.0,6.0,0.0,1.0,0.0,0.0,11.0,5.0,2.0,14.0,19.0,14.0,9.0,6.0
312,1.0,312.0,London_32,FIFO,151,453,1092.0,70.0,2.0,152661.0,1.5128097520209849,790.0,118.0,1.0,117.0,214.0,9.0,205.0,104.0,258.0,100.0,14.0,41.0,11.0,25.0,0.0,4.0,7.0,83.0,141.0,222.0,35.0,0.0,0.0,0.0,0.0,0.0,0.0,0.0,0.0,0.0,0.0,0.0,0.0,0.0,0.0,0.0,0.0,0.0,0.0,0.0,0.0,0.0,0.0,0.0,0.0,0.0,0.0,0.0,0.0,0.0,0.0,0.0,0.0,0.0,0.0,1.0,0.0,0.0,0.0,0.0,0.0,4.0,1.0,3.0,0.0,7.0,1.0,8.0,8.0,2.0,16.0,24.0,27.0,24.0,11.0,0.0,0.0,0.0,0.0,0.0,0.0,0.0,0.0,0.0,0.0,0.0,0.0,0.0,0.0,5.0,0.0,0.0,0.0,0.0,0.0,4.0,1.0,3.0,0.0,7.0,1.0,9.0,13.0,3.0,21.0,37.0,38.0,29.0,15.0
313,1.0,313.0,London_32,FIFO,151,453,1092.0,70.0,2.0,135447.0,1.376067514065653,752.0,120.0,2.0,118.0,236.0,18.0,218.0,214.0,267.0,77.0,16.0,67.0,8.0,15.0,0.0,3.0,9.0,72.0,138.0,234.0,41.0,0.0,0.0,0.0,0.0,0.0,0.0,0.0,0.0,0.0,0.0,0.0,0.0,0.0,0.0,0.0,0.0,0.0,0.0,0.0,0.0,0.0,0.0,0.0,0.0,0.0,0.0,0.0,0.0,0.0,1.0,0.0,0.0,1.0,1.0,1.0,1.0,0.0,0.0,0.0,0.0,1.0,16.0,0.0,4.0,12.0,1.0,15.0,2.0,2.0,7.0,16.0,33.0,9.0,7.0,0.0,0.0,0.0,0.0,0.0,0.0,0.0,0.0,0.0,6.0,0.0,0.0,3.0,6.0,6.0,4.0,0.0,0.0,0.0,0.0,1.0,27.0,0.0,6.0,13.0,1.0,20.0,3.0,3.0,7.0,29.0,50.0,11.0,11.0
314,1.0,314.0,London_32,FIFO,151,453,1092.0,70.0,2.0,108720.0,1.0823340001516044,693.0,16.0,2.0,14.0,39.0,15.0,24.0,236.0,245.0,86.0,19.0,72.0,7.0,16.0,1.0,7.0,10.0,84.0,138.0,221.0,34.0,0.0,0.0,0.0,0.0,0.0,0.0,0.0,0.0,0.0,0.0,0.0,0.0,0.0,0.0,0.0,0.0,0.0,0.0,0.0,0.0,0.0,0.0,0.0,0.0,0.0,0.0,0.0,0.0,0.0,1.0,0.0,0.0,0.0,1.0,1.0,2.0,0.0,0.0,0.0,0.0,1.0,0.0,0.0,0.0,0.0,0.0,6.0,1.0,0.0,2.0,1.0,6.0,4.0,5.0,0.0,0.0,0.0,0.0,0.0,0.0,0.0,0.0,0.0,3.0,0.0,0.0,0.0,4.0,6.0,4.0,0.0,0.0,0.0,0.0,1.0,0.0,0.0,0.0,0.0,0.0,9.0,1.0,0.0,2.0,1.0,11.0,4.0,9.0
315,1.0,315.0,London_32,FIFO,151,453,1092.0,70.0,2.0,143601.0,0.9284125627018511,770.0,66.0,0.0,66.0,113.0,0.0,113.0,39.0,243.0,86.0,23.0,80.0,4.0,9.0,1.0,7.0,11.0,83.0,131.0,228.0,31.0,0.0,0.0,0.0,0.0,0.0,0.0,0.0,0.0,0.0,0.0,0.0,0.0,0.0,0.0,0.0,0.0,0.0,0.0,0.0,0.0,0.0,0.0,0.0,0.0,0.0,0.0,0.0,0.0,0.0,0.0,0.0,0.0,0.0,0.0,0.0,0.0,0.0,0.0,0.0,0.0,1.0,3.0,0.0,0.0,0.0,0.0,5.0,3.0,4.0,7.0,10.0,21.0,14.0,7.0,0.0,0.0,0.0,0.0,0.0,0.0,0.0,0.0,0.0,0.0,0.0,0.0,0.0,0.0,0.0,0.0,0.0,0.0,0.0,0.0,1.0,7.0,0.0,0.0,0.0,0.0,6.0,3.0,5.0,8.0,20.0,29.0,17.0,11.0
316,1.0,316.0,London_32,FIFO,151,453,1092.0,70.0,2.0,149490.0,1.107798766810447,783.0,85.0,1.0,84.0,170.0,10.0,160.0,113.0,251.0,78.0,29.0,77.0,2.0,4.0,2.0,10.0,11.0,84.0,137.0,221.0,33.0,0.0,0.0,0.0,0.0,0.0,0.0,0.0,0.0,0.0,0.0,0.0,0.0,0.0,0.0,0.0,0.0,0.0,0.0,0.0,0.0,0.0,0.0,0.0,0.0,0.0,0.0,0.0,0.0,0.0,0.0,0.0,0.0,0.0,0.0,0.0,1.0,0.0,0.0,0.0,0.0,2.0,0.0,0.0,2.0,0.0,0.0,9.0,7.0,7.0,7.0,14.0,21.0,20.0,8.0,0.0,0.0,0.0,0.0,0.0,0.0,0.0,0.0,0.0,0.0,0.0,0.0,0.0,0.0,0.0,5.0,0.0,0.0,0.0,0.0,2.0,0.0,0.0,3.0,0.0,0.0,14.0,13.0,11.0,10.0,21.0,32.0,28.0,12.0
317,1.0,317.0,London_32,FIFO,151,453,1092.0,70.0,2.0,151302.0,0.9616847923025489,787.0,54.0,0.0,54.0,91.0,0.0,91.0,170.0,251.0,83.0,18.0,72.0,4.0,17.0,3.0,5.0,9.0,89.0,138.0,217.0,36.0,0.0,0.0,0.0,0.0,0.0,0.0,0.0,0.0,0.0,0.0,0.0,0.0,0.0,0.0,0.0,0.0,0.0,0.0,0.0,0.0,0.0,0.0,0.0,0.0,0.0,0.0,0.0,0.0,0.0,0.0,0.0,0.0,0.0,0.0,0.0,0.0,0.0,0.0,0.0,0.0,1.0,5.0,0.0,0.0,0.0,0.0,5.0,2.0,3.0,6.0,11.0,8.0,13.0,2.0,0.0,0.0,0.0,0.0,0.0,0.0,0.0,0.0,0.0,0.0,0.0,0.0,0.0,0.0,0.0,0.0,0.0,0.0,0.0,0.0,1.0,6.0,0.0,0.0,0.0,0.0,5.0,2.0,5.0,9.0,16.0,11.0,18.0,2.0
318,1.0,318.0,London_32,FIFO,151,453,1092.0,70.0,2.0,160815.0,0.9093739511445165,808.0,80.0,3.0,77.0,159.0,25.0,134.0,91.0,261.0,67.0,15.0,76.0,8.0,19.0,2.0,5.0,7.0,83.0,140.0,223.0,36.0,0.0,0.0,0.0,0.0,0.0,0.0,0.0,0.0,0.0,0.0,0.0,0.0,0.0,0.0,0.0,0.0,0.0,0.0,0.0,0.0,0.0,0.0,0.0,0.0,0.0,0.0,0.0,0.0,0.0,1.0,0.0,0.0,1.0,0.0,1.0,1.0,0.0,0.0,0.0,0.0,3.0,2.0,0.0,1.0,0.0,0.0,11.0,5.0,9.0,11.0,13.0,19.0,18.0,7.0,0.0,0.0,0.0,0.0,0.0,0.0,0.0,0.0,0.0,3.0,0.0,0.0,4.0,0.0,5.0,1.0,0.0,0.0,0.0,0.0,5.0,5.0,0.0,3.0,0.0,0.0,14.0,8.0,15.0,20.0,21.0,26.0,27.0,14.0
319,1.0,319.0,London_32,FIFO,151,453,1092.0,70.0,2.0,163986.0,1.1592806950211525,815.0,111.0,1.0,110.0,202.0,9.0,193.0,159.0,252.0,72.0,18.0,73.0,7.0,20.0,4.0,7.0,3.0,85.0,127.0,238.0,23.0,0.0,0.0,0.0,0.0,0.0,0.0,0.0,0.0,0.0,0.0,0.0,0.0,0.0,0.0,0.0,0.0,0.0,0.0,0.0,0.0,0.0,0.0,0.0,0.0,0.0,0.0,0.0,0.0,0.0,0.0,0.0,0.0,0.0,0.0,0.0,0.0,1.0,0.0,0.0,0.0,2.0,3.0,1.0,0.0,7.0,0.0,6.0,14.0,9.0,16.0,20.0,22.0,16.0,10.0,0.0,0.0,0.0,0.0,0.0,0.0,0.0,0.0,0.0,0.0,0.0,0.0,0.0,0.0,0.0,0.0,7.0,0.0,0.0,0.0,2.0,6.0,1.0,0.0,8.0,0.0,8.0,20.0,11.0,22.0,33.0,35.0,19.0,14.0
320,1.0,320.0,London_32,FIFO,151,453,1092.0,70.0,2.0,148131.0,1.0781504809856415,780.0,88.0,0.0,88.0,154.0,0.0,154.0,202.0,258.0,80.0,23.0,51.0,4.0,24.0,5.0,8.0,2.0,90.0,124.0,237.0,25.0,0.0,0.0,0.0,0.0,0.0,0.0,0.0,0.0,0.0,0.0,0.0,0.0,0.0,0.0,0.0,0.0,0.0,0.0,0.0,0.0,0.0,0.0,0.0,0.0,0.0,0.0,0.0,0.0,0.0,0.0,0.0,0.0,0.0,0.0,0.0,0.0,0.0,0.0,0.0,0.0,6.0,2.0,0.0,0.0,1.0,0.0,6.0,5.0,5.0,18.0,23.0,17.0,25.0,12.0,0.0,0.0,0.0,0.0,0.0,0.0,0.0,0.0,0.0,0.0,0.0,0.0,0.0,0.0,0.0,0.0,0.0,0.0,0.0,0.0,8.0,4.0,0.0,0.0,1.0,0.0,7.0,8.0,7.0,23.0,39.0,24.0,34.0,22.0
321,1.0,321.0,London_32,FIFO,151,453,1092.0,70.0,2.0,149037.0,1.2812033402733505,782.0,91.0,2.0,89.0,171.0,17.0,154.0,154.0,265.0,64.0,18.0,61.0,7.0,31.0,3.0,4.0,2.0,92.0,131.0,228.0,33.0,0.0,0.0,0.0,0.0,0.0,0.0,0.0,0.0,0.0,0.0,0.0,0.0,0.0,0.0,0.0,0.0,0.0,0.0,0.0,0.0,0.0,0.0,0.0,0.0,0.0,0.0,0.0,0.0,0.0,1.0,0.0,0.0,1.0,0.0,2.0,1.0,0.0,0.0,0.0,0.0,3.0,5.0,0.0,3.0,5.0,1.0,18.0,3.0,5.0,8.0,16.0,22.0,22.0,6.0,0.0,0.0,0.0,0.0,0.0,0.0,0.0,0.0,0.0,2.0,0.0,0.0,6.0,0.0,13.0,3.0,0.0,0.0,0.0,0.0,4.0,8.0,0.0,4.0,5.0,2.0,21.0,4.0,7.0,9.0,25.0,30.0,29.0,6.0
322,1.0,322.0,London_32,FIFO,151,453,1092.0,70.0,2.0,144507.0,0.9999277768656611,772.0,101.0,0.0,101.0,179.0,0.0,179.0,171.0,259.0,67.0,24.0,66.0,11.0,21.0,0.0,5.0,5.0,93.0,142.0,213.0,28.0,0.0,0.0,0.0,0.0,0.0,0.0,0.0,0.0,0.0,0.0,0.0,0.0,0.0,0.0,0.0,0.0,0.0,0.0,0.0,0.0,0.0,0.0,0.0,0.0,0.0,0.0,0.0,0.0,0.0,0.0,0.0,0.0,0.0,0.0,0.0,0.0,0.0,0.0,0.0,0.0,3.0,10.0,1.0,3.0,0.0,0.0,9.0,7.0,2.0,9.0,17.0,20.0,21.0,8.0,0.0,0.0,0.0,0.0,0.0,0.0,0.0,0.0,0.0,0.0,0.0,0.0,0.0,0.0,0.0,0.0,0.0,0.0,0.0,0.0,3.0,14.0,1.0,6.0,0.0,0.0,12.0,9.0,2.0,11.0,29.0,27.0,29.0,15.0
323,1.0,323.0,London_32,FIFO,151,453,1092.0,70.0,2.0,129558.0,0.9540304648689926,739.0,2.0,0.0,2.0,2.0,0.0,2.0,179.0,267.0,90.0,8.0,51.0,9.0,23.0,1.0,4.0,6.0,103.0,133.0,211.0,31.0,0.0,0.0,0.0,0.0,0.0,0.0,0.0,0.0,0.0,0.0,0.0,0.0,0.0,0.0,0.0,0.0,0.0,0.0,0.0,0.0,0.0,0.0,0.0,0.0,0.0,0.0,0.0,0.0,0.0,0.0,0.0,0.0,0.0,0.0,0.0,0.0,0.0,0.0,0.0,0.0,0.0,0.0,0.0,0.0,0.0,0.0,0.0,0.0,0.0,0.0,0.0,0.0,1.0,0.0,0.0,0.0,0.0,0.0,0.0,0.0,0.0,0.0,0.0,0.0,0.0,0.0,0.0,0.0,0.0,0.0,0.0,0.0,0.0,0.0,0.0,0.0,0.0,0.0,0.0,0.0,0.0,0.0,0.0,0.0,0.0,0.0,1.0,0.0
324,1.0,324.0,London_32,FIFO,151,453,1092.0,70.0,2.0,178029.0,1.3998521440662444,846.0,76.0,0.0,76.0,123.0,0.0,123.0,2.0,267.0,90.0,7.0,52.0,9.0,23.0,1.0,4.0,6.0,102.0,132.0,213.0,31.0,0.0,0.0,0.0,0.0,0.0,0.0,0.0,0.0,0.0,0.0,0.0,0.0,0.0,0.0,0.0,0.0,0.0,0.0,0.0,0.0,0.0,0.0,0.0,0.0,0.0,0.0,0.0,0.0,0.0,0.0,0.0,0.0,0.0,0.0,0.0,0.0,0.0,0.0,0.0,0.0,1.0,0.0,3.0,1.0,0.0,0.0,11.0,2.0,7.0,9.0,16.0,14.0,25.0,4.0,0.0,0.0,0.0,0.0,0.0,0.0,0.0,0.0,0.0,0.0,0.0,0.0,0.0,0.0,0.0,0.0,0.0,0.0,0.0,0.0,1.0,0.0,4.0,3.0,0.0,0.0,17.0,2.0,7.0,10.0,25.0,21.0,35.0,7.0
325,1.0,325.0,London_32,FIFO,151,453,1092.0,70.0,2.0,178482.0,1.5760731268674135,847.0,141.0,3.0,138.0,268.0,28.0,240.0,123.0,272.0,98.0,10.0,35.0,7.0,30.0,1.0,0.0,6.0,95.0,150.0,202.0,36.0,0.0,0.0,0.0,0.0,0.0,0.0,0.0,0.0,0.0,0.0,0.0,0.0,0.0,0.0,0.0,0.0,0.0,0.0,0.0,0.0,0.0,0.0,0.0,0.0,0.0,0.0,0.0,0.0,0.0,1.0,0.0,0.0,0.0,0.0,1.0,1.0,0.0,0.0,0.0,0.0,1.0,0.0,0.0,2.0,6.0,0.0,7.0,1.0,0.0,17.0,32.0,28.0,21.0,5.0,0.0,0.0,0.0,0.0,0.0,0.0,0.0,0.0,0.0,4.0,0.0,0.0,0.0,0.0,5.0,2.0,0.0,0.0,0.0,0.0,1.0,0.0,0.0,2.0,6.0,0.0,9.0,1.0,0.0,27.0,49.0,42.0,25.0,7.0
326,1.0,326.0,London_32,FIFO,151,453,1092.0,70.0,2.0,156738.0,0.9468027739785612,799.0,104.0,0.0,104.0,172.0,0.0,172.0,268.0,210.0,117.0,13.0,62.0,7.0,39.0,2.0,3.0,7.0,81.0,151.0,214.0,45.0,0.0,0.0,0.0,0.0,0.0,0.0,0.0,0.0,0.0,0.0,0.0,0.0,0.0,0.0,0.0,0.0,0.0,0.0,0.0,0.0,0.0,0.0,0.0,0.0,0.0,0.0,0.0,0.0,0.0,0.0,0.0,0.0,0.0,0.0,0.0,0.0,0.0,0.0,0.0,0.0,8.0,3.0,0.0,2.0,0.0,0.0,6.0,9.0,5.0,7.0,21.0,26.0,12.0,11.0,0.0,0.0,0.0,0.0,0.0,0.0,0.0,0.0,0.0,0.0,0.0,0.0,0.0,0.0,0.0,0.0,0.0,0.0,0.0,0.0,9.0,4.0,0.0,3.0,0.0,0.0,8.0,10.0,6.0,8.0,29.0,34.0,13.0,19.0
327,1.0,327.0,London_32,FIFO,151,453,1092.0,70.0,2.0,146772.0,0.8511895188130438,777.0,82.0,1.0,81.0,149.0,9.0,140.0,172.0,233.0,109.0,14.0,54.0,6.0,35.0,1.0,1.0,12.0,87.0,144.0,210.0,50.0,0.0,0.0,0.0,0.0,0.0,0.0,0.0,0.0,0.0,0.0,0.0,0.0,0.0,0.0,0.0,0.0,0.0,0.0,0.0,0.0,0.0,0.0,0.0,0.0,0.0,0.0,0.0,0.0,0.0,0.0,0.0,0.0,0.0,1.0,0.0,1.0,0.0,0.0,0.0,0.0,3.0,3.0,0.0,0.0,2.0,0.0,14.0,7.0,8.0,7.0,18.0,11.0,17.0,7.0,0.0,0.0,0.0,0.0,0.0,0.0,0.0,0.0,0.0,0.0,0.0,0.0,0.0,6.0,0.0,2.0,0.0,0.0,0.0,0.0,4.0,3.0,0.0,0.0,2.0,0.0,20.0,9.0,10.0,10.0,27.0,17.0,18.0,12.0
328,1.0,328.0,London_32,FIFO,151,453,1092.0,70.0,2.0,137259.0,1.2546352175995708,756.0,91.0,2.0,89.0,162.0,18.0,144.0,149.0,247.0,112.0,11.0,45.0,5.0,31.0,0.0,2.0,19.0,82.0,145.0,207.0,44.0,0.0,0.0,0.0,0.0,0.0,0.0,0.0,0.0,0.0,0.0,0.0,0.0,0.0,0.0,0.0,0.0,0.0,0.0,0.0,0.0,0.0,0.0,0.0,0.0,0.0,0.0,0.0,0.0,0.0,1.0,0.0,0.0,0.0,0.0,0.0,2.0,0.0,0.0,0.0,0.0,1.0,1.0,6.0,2.0,0.0,1.0,5.0,6.0,6.0,7.0,20.0,25.0,16.0,9.0,0.0,0.0,0.0,0.0,0.0,0.0,0.0,0.0,0.0,4.0,0.0,0.0,0.0,0.0,0.0,3.0,0.0,0.0,0.0,0.0,1.0,1.0,7.0,3.0,0.0,1.0,8.0,8.0,6.0,7.0,31.0,37.0,21.0,10.0
329,1.0,329.0,London_32,FIFO,151,453,1092.0,70.0,2.0,134088.0,0.8995237811468542,749.0,0.0,0.0,0.0,0.0,0.0,0.0,162.0,256.0,101.0,11.0,61.0,4.0,13.0,3.0,4.0,10.0,89.0,155.0,199.0,35.0,0.0,0.0,0.0,0.0,0.0,0.0,0.0,0.0,0.0,0.0,0.0,0.0,0.0,0.0,0.0,0.0,0.0,0.0,0.0,0.0,0.0,0.0,0.0,0.0,0.0,0.0,0.0,0.0,0.0,0.0,0.0,0.0,0.0,0.0,0.0,0.0,0.0,0.0,0.0,0.0,0.0,0.0,0.0,0.0,0.0,0.0,0.0,0.0,0.0,0.0,0.0,0.0,0.0,0.0,0.0,0.0,0.0,0.0,0.0,0.0,0.0,0.0,0.0,0.0,0.0,0.0,0.0,0.0,0.0,0.0,0.0,0.0,0.0,0.0,0.0,0.0,0.0,0.0,0.0,0.0,0.0,0.0,0.0,0.0,0.0,0.0,0.0,0.0
330,1.0,330.0,London_32,FIFO,151,453,1092.0,70.0,2.0,180747.0,1.4700531051494181,852.0,153.0,1.0,152.0,273.0,10.0,263.0,0.0,256.0,101.0,11.0,61.0,4.0,13.0,3.0,4.0,10.0,89.0,155.0,199.0,35.0,0.0,0.0,0.0,0.0,0.0,0.0,0.0,0.0,0.0,0.0,0.0,0.0,0.0,0.0,0.0,0.0,0.0,0.0,0.0,0.0,0.0,0.0,0.0,0.0,0.0,0.0,0.0,0.0,0.0,0.0,0.0,0.0,0.0,0.0,0.0,0.0,0.0,0.0,0.0,0.0,1.0,8.0,0.0,3.0,4.0,1.0,3.0,2.0,8.0,5.0,35.0,35.0,20.0,13.0,0.0,0.0,0.0,0.0,0.0,0.0,0.0,0.0,0.0,0.0,0.0,0.0,0.0,0.0,0.0,0.0,0.0,0.0,0.0,0.0,1.0,10.0,0.0,6.0,4.0,2.0,3.0,2.0,12.0,5.0,48.0,49.0,23.0,18.0
331,1.0,331.0,London_32,FIFO,151,453,1092.0,70.0,2.0,151302.0,0.9079667879268527,787.0,44.0,1.0,43.0,80.0,10.0,70.0,273.0,211.0,109.0,27.0,80.0,4.0,18.0,1.0,3.0,10.0,74.0,166.0,203.0,38.0,0.0,0.0,0.0,0.0,0.0,0.0,0.0,0.0,0.0,0.0,0.0,0.0,0.0,0.0,0.0,0.0,0.0,0.0,0.0,0.0,0.0,0.0,0.0,0.0,0.0,0.0,0.0,0.0,0.0,1.0,0.0,0.0,1.0,0.0,0.0,0.0,0.0,0.0,0.0,0.0,0.0,2.0,1.0,0.0,0.0,0.0,1.0,2.0,0.0,4.0,9.0,11.0,12.0,2.0,0.0,0.0,0.0,0.0,0.0,0.0,0.0,0.0,0.0,4.0,0.0,0.0,4.0,0.0,0.0,0.0,0.0,0.0,0.0,0.0,0.0,2.0,1.0,0.0,0.0,0.0,1.0,3.0,0.0,7.0,14.0,15.0,14.0,4.0
332,1.0,332.0,London_32,FIFO,151,453,1092.0,70.0,2.0,173499.0,1.1111330981366336,836.0,139.0,0.0,139.0,254.0,0.0,254.0,80.0,213.0,113.0,23.0,75.0,3.0,21.0,1.0,4.0,8.0,75.0,160.0,210.0,41.0,0.0,0.0,0.0,0.0,0.0,0.0,0.0,0.0,0.0,0.0,0.0,0.0,0.0,0.0,0.0,0.0,0.0,0.0,0.0,0.0,0.0,0.0,0.0,0.0,0.0,0.0,0.0,0.0,0.0,0.0,0.0,0.0,0.0,0.0,0.0,0.0,0.0,0.0,0.0,0.0,8.0,12.0,0.0,1.0,1.0,0.0,11.0,16.0,8.0,16.0,24.0,41.0,18.0,21.0,0.0,0.0,0.0,0.0,0.0,0.0,0.0,0.0,0.0,0.0,0.0,0.0,0.0,0.0,0.0,0.0,0.0,0.0,0.0,0.0,10.0,16.0,0.0,1.0,1.0,0.0,16.0,22.0,10.0,23.0,44.0,64.0,24.0,24.0
333,1.0,333.0,London_32,FIFO,151,453,1092.0,70.0,2.0,151755.0,0.8322947463020682,788.0,29.0,0.0,29.0,54.0,0.0,54.0,254.0,220.0,103.0,16.0,78.0,5.0,27.0,0.0,4.0,7.0,73.0,161.0,212.0,36.0,0.0,0.0,0.0,0.0,0.0,0.0,0.0,0.0,0.0,0.0,0.0,0.0,0.0,0.0,0.0,0.0,0.0,0.0,0.0,0.0,0.0,0.0,0.0,0.0,0.0,0.0,0.0,0.0,0.0,0.0,0.0,0.0,0.0,0.0,0.0,0.0,0.0,0.0,0.0,0.0,3.0,0.0,0.0,0.0,0.0,0.0,1.0,2.0,2.0,7.0,4.0,7.0,9.0,5.0,0.0,0.0,0.0,0.0,0.0,0.0,0.0,0.0,0.0,0.0,0.0,0.0,0.0,0.0,0.0,0.0,0.0,0.0,0.0,0.0,3.0,0.0,0.0,0.0,0.0,0.0,1.0,3.0,3.0,10.0,5.0,10.0,14.0,8.0
334,1.0,334.0,London_32,FIFO,151,453,1092.0,70.0,2.0,189807.0,1.1800681469030678,872.0,101.0,2.0,99.0,182.0,19.0,163.0,54.0,218.0,113.0,15.0,69.0,7.0,25.0,0.0,6.0,9.0,75.0,155.0,214.0,38.0,0.0,0.0,0.0,0.0,0.0,0.0,0.0,0.0,0.0,0.0,0.0,0.0,0.0,0.0,0.0,0.0,0.0,0.0,0.0,0.0,0.0,0.0,0.0,0.0,0.0,0.0,0.0,0.0,0.0,2.0,0.0,0.0,0.0,1.0,0.0,2.0,0.0,0.0,0.0,0.0,1.0,0.0,1.0,1.0,1.0,0.0,9.0,8.0,10.0,15.0,17.0,23.0,21.0,8.0,0.0,0.0,0.0,0.0,0.0,0.0,0.0,0.0,0.0,3.0,0.0,0.0,0.0,9.0,0.0,12.0,0.0,0.0,0.0,0.0,1.0,0.0,1.0,1.0,1.0,0.0,12.0,14.0,16.0,20.0,20.0,31.0,27.0,11.0
335,1.0,335.0,London_32,FIFO,151,453,1092.0,70.0,2.0,189354.0,1.2373729548417032,871.0,121.0,2.0,119.0,213.0,17.0,196.0,182.0,223.0,123.0,11.0,70.0,4.0,22.0,0.0,0.0,6.0,71.0,147.0,229.0,34.0,0.0,0.0,0.0,0.0,0.0,0.0,0.0,0.0,0.0,0.0,0.0,0.0,0.0,0.0,0.0,0.0,0.0,0.0,0.0,0.0,0.0,0.0,0.0,0.0,0.0,0.0,0.0,0.0,0.0,1.0,0.0,0.0,2.0,0.0,0.0,2.0,0.0,0.0,0.0,0.0,4.0,6.0,0.0,2.0,4.0,1.0,14.0,4.0,11.0,14.0,20.0,32.0,14.0,9.0,0.0,0.0,0.0,0.0,0.0,0.0,0.0,0.0,0.0,1.0,0.0,0.0,5.0,0.0,0.0,10.0,0.0,0.0,0.0,0.0,6.0,9.0,0.0,4.0,4.0,2.0,20.0,4.0,12.0,22.0,35.0,43.0,21.0,13.0
336,1.0,336.0,London_32,FIFO,151,453,1092.0,70.0,2.0,165798.0,1.3816332099959254,819.0,101.0,0.0,101.0,169.0,0.0,169.0,213.0,224.0,122.0,16.0,63.0,5.0,18.0,2.0,3.0,5.0,69.0,152.0,227.0,34.0,0.0,0.0,0.0,0.0,0.0,0.0,0.0,0.0,0.0,0.0,0.0,0.0,0.0,0.0,0.0,0.0,0.0,0.0,0.0,0.0,0.0,0.0,0.0,0.0,0.0,0.0,0.0,0.0,0.0,0.0,0.0,0.0,0.0,0.0,0.0,0.0,0.0,0.0,0.0,0.0,5.0,4.0,0.0,0.0,1.0,0.0,7.0,19.0,8.0,15.0,21.0,29.0,11.0,10.0,0.0,0.0,0.0,0.0,0.0,0.0,0.0,0.0,0.0,0.0,0.0,0.0,0.0,0.0,0.0,0.0,0.0,0.0,0.0,0.0,6.0,6.0,0.0,0.0,1.0,0.0,7.0,27.0,9.0,21.0,33.0,42.0,15.0,14.0
337,1.0,337.0,London_32,FIFO,151,453,1092.0,70.0,2.0,157191.0,1.0957322251051664,800.0,40.0,2.0,38.0,79.0,18.0,61.0,169.0,246.0,125.0,10.0,60.0,0.0,10.0,0.0,2.0,8.0,64.0,152.0,229.0,44.0,0.0,0.0,0.0,0.0,0.0,0.0,0.0,0.0,0.0,0.0,0.0,0.0,0.0,0.0,0.0,0.0,0.0,0.0,0.0,0.0,0.0,0.0,0.0,0.0,0.0,0.0,0.0,0.0,0.0,0.0,0.0,0.0,1.0,1.0,0.0,1.0,0.0,0.0,0.0,0.0,1.0,3.0,1.0,0.0,1.0,0.0,8.0,4.0,1.0,4.0,6.0,7.0,4.0,4.0,0.0,0.0,0.0,0.0,0.0,0.0,0.0,0.0,0.0,0.0,0.0,0.0,4.0,7.0,0.0,4.0,0.0,0.0,0.0,0.0,1.0,4.0,1.0,0.0,1.0,0.0,9.0,7.0,1.0,5.0,7.0,9.0,6.0,5.0
338,1.0,338.0,London_32,FIFO,151,453,1092.0,70.0,2.0,173499.0,1.3770980560220778,836.0,89.0,0.0,89.0,153.0,0.0,153.0,79.0,249.0,125.0,12.0,58.0,1.0,7.0,0.0,1.0,7.0,62.0,158.0,226.0,37.0,0.0,0.0,0.0,0.0,0.0,0.0,0.0,0.0,0.0,0.0,0.0,0.0,0.0,0.0,0.0,0.0,0.0,0.0,0.0,0.0,0.0,0.0,0.0,0.0,0.0,0.0,0.0,0.0,0.0,0.0,0.0,0.0,0.0,0.0,0.0,0.0,0.0,0.0,0.0,0.0,2.0,10.0,2.0,0.0,3.0,1.0,11.0,5.0,2.0,13.0,22.0,15.0,15.0,7.0,0.0,0.0,0.0,0.0,0.0,0.0,0.0,0.0,0.0,0.0,0.0,0.0,0.0,0.0,0.0,0.0,0.0,0.0,0.0,0.0,2.0,13.0,2.0,0.0,3.0,2.0,14.0,7.0,2.0,18.0,37.0,23.0,19.0,13.0
339,1.0,339.0,London_32,FIFO,151,453,1092.0,70.0,2.0,174858.0,1.3308305921964347,839.0,164.0,2.0,162.0,302.0,17.0,285.0,153.0,261.0,110.0,7.0,53.0,6.0,8.0,2.0,6.0,13.0,62.0,162.0,216.0,46.0,0.0,0.0,0.0,0.0,0.0,0.0,0.0,0.0,0.0,0.0,0.0,0.0,0.0,0.0,0.0,0.0,0.0,0.0,0.0,0.0,0.0,0.0,0.0,0.0,0.0,0.0,0.0,0.0,0.0,0.0,0.0,0.0,0.0,0.0,0.0,1.0,1.0,0.0,0.0,0.0,1.0,9.0,1.0,1.0,0.0,1.0,14.0,6.0,9.0,20.0,34.0,41.0,16.0,7.0,0.0,0.0,0.0,0.0,0.0,0.0,0.0,0.0,0.0,0.0,0.0,0.0,0.0,0.0,0.0,2.0,9.0,0.0,0.0,0.0,2.0,16.0,1.0,2.0,0.0,2.0,20.0,8.0,9.0,30.0,51.0,57.0,18.0,10.0
340,1.0,340.0,London_32,FIFO,151,453,1092.0,70.0,2.0,136806.0,0.7238274859264493,755.0,84.0,0.0,84.0,144.0,0.0,144.0,302.0,189.0,121.0,24.0,82.0,5.0,22.0,5.0,5.0,7.0,67.0,143.0,236.0,41.0,0.0,0.0,0.0,0.0,0.0,0.0,0.0,0.0,0.0,0.0,0.0,0.0,0.0,0.0,0.0,0.0,0.0,0.0,0.0,0.0,0.0,0.0,0.0,0.0,0.0,0.0,0.0,0.0,0.0,0.0,0.0,0.0,0.0,0.0,0.0,0.0,0.0,0.0,0.0,0.0,7.0,7.0,1.0,2.0,0.0,0.0,14.0,4.0,3.0,6.0,11.0,23.0,11.0,6.0,0.0,0.0,0.0,0.0,0.0,0.0,0.0,0.0,0.0,0.0,0.0,0.0,0.0,0.0,0.0,0.0,0.0,0.0,0.0,0.0,9.0,10.0,1.0,4.0,0.0,0.0,24.0,4.0,6.0,7.0,16.0,37.0,16.0,10.0
341,1.0,341.0,London_32,FIFO,151,453,1092.0,70.0,2.0,129558.0,0.6914524431340396,739.0,90.0,1.0,89.0,173.0,8.0,165.0,144.0,197.0,119.0,29.0,70.0,4.0,28.0,4.0,2.0,7.0,74.0,151.0,221.0,42.0,0.0,0.0,0.0,0.0,0.0,0.0,0.0,0.0,0.0,0.0,0.0,0.0,0.0,0.0,0.0,0.0,0.0,0.0,0.0,0.0,0.0,0.0,0.0,0.0,0.0,0.0,0.0,0.0,0.0,0.0,0.0,0.0,1.0,0.0,0.0,1.0,0.0,0.0,0.0,0.0,2.0,10.0,1.0,3.0,1.0,0.0,9.0,6.0,2.0,6.0,11.0,27.0,16.0,11.0,0.0,0.0,0.0,0.0,0.0,0.0,0.0,0.0,0.0,0.0,0.0,0.0,6.0,0.0,0.0,4.0,0.0,0.0,0.0,0.0,2.0,19.0,1.0,4.0,1.0,0.0,12.0,7.0,3.0,6.0,17.0,45.0,22.0,17.0
342,1.0,342.0,London_32,FIFO,151,453,1092.0,70.0,2.0,123669.0,1.052975108847022,726.0,15.0,2.0,13.0,40.0,18.0,22.0,173.0,208.0,133.0,31.0,43.0,4.0,24.0,4.0,6.0,5.0,85.0,135.0,228.0,46.0,0.0,0.0,0.0,0.0,0.0,0.0,0.0,0.0,0.0,0.0,0.0,0.0,0.0,0.0,0.0,0.0,0.0,0.0,0.0,0.0,0.0,0.0,0.0,0.0,0.0,0.0,0.0,0.0,0.0,1.0,1.0,0.0,1.0,0.0,1.0,2.0,0.0,0.0,0.0,0.0,0.0,0.0,0.0,0.0,0.0,0.0,1.0,2.0,1.0,0.0,0.0,3.0,2.0,1.0,0.0,0.0,0.0,0.0,0.0,0.0,0.0,0.0,0.0,8.0,2.0,0.0,5.0,0.0,5.0,8.0,0.0,0.0,0.0,0.0,0.0,0.0,0.0,0.0,0.0,0.0,2.0,3.0,2.0,0.0,0.0,4.0,2.0,2.0
343,1.0,343.0,London_32,FIFO,151,453,1092.0,70.0,2.0,149037.0,1.2627125573344529,782.0,82.0,1.0,81.0,148.0,11.0,137.0,40.0,212.0,139.0,30.0,48.0,1.0,13.0,4.0,6.0,6.0,80.0,142.0,225.0,43.0,0.0,0.0,0.0,0.0,0.0,0.0,0.0,0.0,0.0,0.0,0.0,0.0,0.0,0.0,0.0,0.0,0.0,0.0,0.0,0.0,0.0,0.0,0.0,0.0,0.0,0.0,0.0,0.0,0.0,0.0,0.0,0.0,1.0,0.0,0.0,1.0,0.0,0.0,0.0,0.0,1.0,7.0,1.0,1.0,1.0,0.0,13.0,5.0,6.0,8.0,21.0,13.0,20.0,2.0,0.0,0.0,0.0,0.0,0.0,0.0,0.0,0.0,0.0,0.0,0.0,0.0,1.0,0.0,0.0,3.0,0.0,0.0,0.0,0.0,1.0,9.0,1.0,1.0,1.0,0.0,14.0,6.0,7.0,9.0,32.0,19.0,25.0,2.0
344,1.0,344.0,London_32,FIFO,151,453,1092.0,70.0,2.0,148584.0,1.012450445909053,781.0,67.0,0.0,67.0,121.0,0.0,121.0,148.0,208.0,137.0,16.0,53.0,4.0,26.0,4.0,5.0,1.0,74.0,139.0,239.0,42.0,0.0,0.0,0.0,0.0,0.0,0.0,0.0,0.0,0.0,0.0,0.0,0.0,0.0,0.0,0.0,0.0,0.0,0.0,0.0,0.0,0.0,0.0,0.0,0.0,0.0,0.0,0.0,0.0,0.0,0.0,0.0,0.0,0.0,0.0,0.0,0.0,0.0,0.0,0.0,0.0,0.0,0.0,4.0,0.0,1.0,0.0,6.0,8.0,6.0,9.0,13.0,19.0,7.0,7.0,0.0,0.0,0.0,0.0,0.0,0.0,0.0,0.0,0.0,0.0,0.0,0.0,0.0,0.0,0.0,0.0,0.0,0.0,0.0,0.0,0.0,0.0,5.0,0.0,2.0,0.0,8.0,12.0,7.0,12.0,18.0,33.0,9.0,15.0
345,1.0,345.0,London_32,FIFO,151,453,1092.0,70.0,2.0,165798.0,1.2443318706937134,819.0,135.0,2.0,133.0,243.0,18.0,225.0,121.0,207.0,140.0,21.0,41.0,3.0,30.0,4.0,7.0,4.0,72.0,155.0,222.0,52.0,0.0,0.0,0.0,0.0,0.0,0.0,0.0,0.0,0.0,0.0,0.0,0.0,0.0,0.0,0.0,0.0,0.0,0.0,0.0,0.0,0.0,0.0,0.0,0.0,0.0,0.0,0.0,0.0,0.0,1.0,0.0,0.0,0.0,0.0,0.0,2.0,0.0,0.0,0.0,0.0,1.0,15.0,3.0,0.0,5.0,0.0,4.0,6.0,6.0,6.0,13.0,31.0,19.0,6.0,0.0,0.0,0.0,0.0,0.0,0.0,0.0,0.0,0.0,2.0,0.0,0.0,0.0,0.0,0.0,8.0,0.0,0.0,0.0,0.0,1.0,22.0,3.0,0.0,5.0,0.0,7.0,10.0,10.0,7.0,20.0,46.0,23.0,8.0
346,1.0,346.0,London_32,FIFO,151,453,1092.0,70.0,2.0,142242.0,1.0253284499049187,767.0,1.0,1.0,0.0,10.0,10.0,0.0,243.0,216.0,131.0,17.0,59.0,4.0,18.0,3.0,5.0,9.0,74.0,140.0,230.0,36.0,0.0,0.0,0.0,0.0,0.0,0.0,0.0,0.0,0.0,0.0,0.0,0.0,0.0,0.0,0.0,0.0,0.0,0.0,0.0,0.0,0.0,0.0,0.0,0.0,0.0,0.0,0.0,0.0,0.0,0.0,0.0,0.0,0.0,0.0,0.0,1.0,0.0,0.0,0.0,0.0,0.0,0.0,0.0,0.0,0.0,0.0,0.0,0.0,0.0,0.0,0.0,0.0,0.0,0.0,0.0,0.0,0.0,0.0,0.0,0.0,0.0,0.0,0.0,0.0,0.0,0.0,0.0,0.0,0.0,4.0,0.0,0.0,0.0,0.0,0.0,0.0,0.0,0.0,0.0,0.0,0.0,0.0,0.0,0.0,0.0,0.0,0.0,0.0
347,1.0,347.0,London_32,FIFO,151,453,1092.0,70.0,2.0,190713.0,1.014598992653191,874.0,52.0,2.0,50.0,96.0,16.0,80.0,10.0,220.0,136.0,17.0,60.0,2.0,10.0,3.0,5.0,8.0,77.0,135.0,233.0,36.0,0.0,0.0,0.0,0.0,0.0,0.0,0.0,0.0,0.0,0.0,0.0,0.0,0.0,0.0,0.0,0.0,0.0,0.0,0.0,0.0,0.0,0.0,0.0,0.0,0.0,0.0,0.0,0.0,0.0,1.0,0.0,0.0,0.0,1.0,0.0,2.0,0.0,0.0,0.0,0.0,1.0,1.0,0.0,1.0,2.0,1.0,7.0,3.0,3.0,5.0,7.0,15.0,7.0,6.0,0.0,0.0,0.0,0.0,0.0,0.0,0.0,0.0,0.0,2.0,0.0,0.0,0.0,7.0,0.0,4.0,0.0,0.0,0.0,0.0,1.0,1.0,0.0,1.0,3.0,1.0,8.0,5.0,5.0,6.0,11.0,24.0,9.0,9.0
348,1.0,348.0,London_32,FIFO,151,453,1092.0,70.0,2.0,221064.0,1.5300699076615274,941.0,137.0,0.0,137.0,227.0,0.0,227.0,96.0,218.0,139.0,23.0,52.0,4.0,9.0,2.0,6.0,5.0,83.0,132.0,233.0,36.0,0.0,0.0,0.0,0.0,0.0,0.0,0.0,0.0,0.0,0.0,0.0,0.0,0.0,0.0,0.0,0.0,0.0,0.0,0.0,0.0,0.0,0.0,0.0,0.0,0.0,0.0,0.0,0.0,0.0,0.0,0.0,0.0,0.0,0.0,0.0,0.0,0.0,0.0,0.0,0.0,2.0,2.0,0.0,0.0,4.0,1.0,19.0,4.0,3.0,6.0,24.0,25.0,22.0,7.0,0.0,0.0,0.0,0.0,0.0,0.0,0.0,0.0,0.0,0.0,0.0,0.0,0.0,0.0,0.0,0.0,0.0,0.0,0.0,0.0,2.0,3.0,0.0,0.0,4.0,2.0,22.0,5.0,3.0,6.0,30.0,40.0,29.0,10.0
349,1.0,349.0,London_32,FIFO,151,453,1092.0,70.0,2.0,202944.0,1.3175761001184583,901.0,118.0,0.0,118.0,209.0,0.0,209.0,227.0,224.0,109.0,21.0,71.0,6.0,18.0,1.0,3.0,9.0,94.0,136.0,214.0,39.0,0.0,0.0,0.0,0.0,0.0,0.0,0.0,0.0,0.0,0.0,0.0,0.0,0.0,0.0,0.0,0.0,0.0,0.0,0.0,0.0,0.0,0.0,0.0,0.0,0.0,0.0,0.0,0.0,0.0,0.0,0.0,0.0,0.0,0.0,0.0,0.0,0.0,0.0,0.0,0.0,6.0,2.0,3.0,3.0,0.0,0.0,13.0,7.0,11.0,11.0,30.0,31.0,31.0,10.0,0.0,0.0,0.0,0.0,0.0,0.0,0.0,0.0,0.0,0.0,0.0,0.0,0.0,0.0,0.0,0.0,0.0,0.0,0.0,0.0,7.0,3.0,4.0,6.0,0.0,0.0,20.0,11.0,13.0,12.0,50.0,48.0,43.0,15.0
350,1.0,350.0,London_32,FIFO,151,453,1092.0,70.0,2.0,183918.0,1.439641922712326,859.0,129.0,2.0,127.0,255.0,18.0,237.0,209.0,224.0,117.0,14.0,54.0,9.0,29.0,2.0,4.0,8.0,82.0,145.0,218.0,44.0,0.0,0.0,0.0,0.0,0.0,0.0,0.0,0.0,0.0,0.0,0.0,0.0,0.0,0.0,0.0,0.0,0.0,0.0,0.0,0.0,0.0,0.0,0.0,0.0,0.0,0.0,0.0,0.0,0.0,0.0,0.0,0.0,0.0,0.0,2.0,0.0,0.0,0.0,0.0,0.0,3.0,1.0,0.0,0.0,18.0,1.0,14.0,11.0,2.0,10.0,22.0,25.0,11.0,9.0,0.0,0.0,0.0,0.0,0.0,0.0,0.0,0.0,0.0,0.0,0.0,0.0,0.0,0.0,15.0,0.0,0.0,0.0,0.0,0.0,4.0,2.0,0.0,0.0,20.0,1.0,23.0,17.0,3.0,16.0,36.0,34.0,17.0,14.0
351,1.0,351.0,London_32,FIFO,151,453,1092.0,70.0,2.0,152208.0,1.2057355982251465,789.0,132.0,0.0,132.0,226.0,0.0,226.0,255.0,225.0,88.0,25.0,72.0,8.0,29.0,0.0,6.0,3.0,83.0,140.0,227.0,35.0,0.0,0.0,0.0,0.0,0.0,0.0,0.0,0.0,0.0,0.0,0.0,0.0,0.0,0.0,0.0,0.0,0.0,0.0,0.0,0.0,0.0,0.0,0.0,0.0,0.0,0.0,0.0,0.0,0.0,0.0,0.0,0.0,0.0,0.0,0.0,0.0,0.0,0.0,0.0,0.0,3.0,1.0,0.0,3.0,4.0,0.0,10.0,16.0,6.0,8.0,27.0,26.0,12.0,7.0,0.0,0.0,0.0,0.0,0.0,0.0,0.0,0.0,0.0,0.0,0.0,0.0,0.0,0.0,0.0,0.0,0.0,0.0,0.0,0.0,6.0,1.0,0.0,5.0,4.0,0.0,14.0,22.0,6.0,11.0,38.0,33.0,17.0,11.0
352,1.0,352.0,London_32,FIFO,151,453,1092.0,70.0,2.0,124122.0,0.9079846511594951,727.0,3.0,0.0,3.0,7.0,0.0,7.0,226.0,229.0,91.0,16.0,60.0,13.0,37.0,0.0,7.0,8.0,84.0,153.0,208.0,27.0,0.0,0.0,0.0,0.0,0.0,0.0,0.0,0.0,0.0,0.0,0.0,0.0,0.0,0.0,0.0,0.0,0.0,0.0,0.0,0.0,0.0,0.0,0.0,0.0,0.0,0.0,0.0,0.0,0.0,0.0,0.0,0.0,0.0,0.0,0.0,0.0,0.0,0.0,0.0,0.0,0.0,0.0,0.0,0.0,0.0,0.0,0.0,1.0,0.0,1.0,1.0,1.0,2.0,0.0,0.0,0.0,0.0,0.0,0.0,0.0,0.0,0.0,0.0,0.0,0.0,0.0,0.0,0.0,0.0,0.0,0.0,0.0,0.0,0.0,0.0,0.0,0.0,0.0,0.0,0.0,0.0,1.0,0.0,1.0,3.0,2.0,2.0,0.0
353,1.0,353.0,London_32,FIFO,151,453,1092.0,70.0,2.0,160815.0,1.2791954157873988,808.0,134.0,0.0,134.0,219.0,0.0,219.0,7.0,228.0,87.0,17.0,64.0,13.0,37.0,0.0,7.0,8.0,83.0,155.0,207.0,27.0,0.0,0.0,0.0,0.0,0.0,0.0,0.0,0.0,0.0,0.0,0.0,0.0,0.0,0.0,0.0,0.0,0.0,0.0,0.0,0.0,0.0,0.0,0.0,0.0,0.0,0.0,0.0,0.0,0.0,0.0,0.0,0.0,0.0,0.0,0.0,0.0,0.0,0.0,0.0,0.0,0.0,12.0,0.0,2.0,1.0,0.0,5.0,13.0,11.0,9.0,33.0,26.0,21.0,12.0,0.0,0.0,0.0,0.0,0.0,0.0,0.0,0.0,0.0,0.0,0.0,0.0,0.0,0.0,0.0,0.0,0.0,0.0,0.0,0.0,0.0,18.0,0.0,2.0,2.0,0.0,6.0,17.0,12.0,10.0,45.0,36.0,27.0,17.0
354,1.0,354.0,London_32,FIFO,151,453,1092.0,70.0,2.0,133635.0,1.133274949155748,748.0,145.0,1.0,144.0,266.0,9.0,257.0,219.0,230.0,88.0,15.0,66.0,17.0,29.0,1.0,7.0,6.0,86.0,141.0,220.0,40.0,0.0,0.0,0.0,0.0,0.0,0.0,0.0,0.0,0.0,0.0,0.0,0.0,0.0,0.0,0.0,0.0,0.0,0.0,0.0,0.0,0.0,0.0,0.0,0.0,0.0,0.0,0.0,0.0,0.0,0.0,0.0,0.0,0.0,0.0,1.0,0.0,0.0,0.0,0.0,0.0,3.0,9.0,0.0,0.0,16.0,0.0,13.0,8.0,3.0,11.0,29.0,31.0,33.0,6.0,0.0,0.0,0.0,0.0,0.0,0.0,0.0,0.0,0.0,0.0,0.0,0.0,0.0,0.0,8.0,0.0,0.0,0.0,0.0,0.0,4.0,10.0,0.0,0.0,21.0,0.0,18.0,11.0,4.0,14.0,47.0,43.0,41.0,8.0
355,1.0,355.0,London_32,FIFO,151,453,1092.0,70.0,2.0,100566.0,0.7688891468569636,675.0,21.0,2.0,19.0,50.0,18.0,32.0,266.0,199.0,110.0,26.0,77.0,13.0,22.0,0.0,6.0,9.0,78.0,142.0,224.0,32.0,0.0,0.0,0.0,0.0,0.0,0.0,0.0,0.0,0.0,1.0,0.0,0.0,0.0,1.0,0.0,0.0,0.0,0.0,1.0,0.0,0.0,0.0,0.0,0.0,0.0,0.0,0.0,0.0,0.0,1.0,0.0,0.0,2.0,0.0,1.0,0.0,0.0,0.0,0.0,0.0,1.0,0.0,0.0,0.0,0.0,1.0,1.0,2.0,1.0,3.0,7.0,2.0,7.0,1.0,0.0,0.0,0.0,0.0,0.0,0.0,0.0,0.0,0.0,2.0,0.0,0.0,4.0,0.0,7.0,0.0,0.0,0.0,0.0,0.0,1.0,0.0,0.0,0.0,0.0,2.0,1.0,3.0,2.0,3.0,10.0,3.0,8.0,2.0
356,1.0,356.0,London_32,FIFO,151,453,1092.0,70.0,2.0,126840.0,0.6573589597828686,733.0,15.0,2.0,13.0,36.0,15.0,21.0,44.0,197.0,115.0,23.0,74.0,14.0,25.0,0.0,5.0,6.0,80.0,136.0,231.0,30.0,0.0,0.0,0.0,0.0,0.0,0.0,0.0,0.0,0.0,0.0,0.0,0.0,0.0,0.0,0.0,0.0,0.0,0.0,0.0,0.0,0.0,0.0,0.0,0.0,0.0,0.0,0.0,0.0,0.0,0.0,0.0,0.0,1.0,1.0,1.0,2.0,0.0,0.0,0.0,0.0,0.0,0.0,0.0,0.0,0.0,0.0,1.0,0.0,0.0,1.0,1.0,0.0,3.0,0.0,0.0,0.0,0.0,0.0,0.0,0.0,0.0,0.0,0.0,0.0,0.0,0.0,3.0,7.0,5.0,9.0,0.0,0.0,0.0,0.0,0.0,0.0,0.0,0.0,0.0,0.0,1.0,0.0,0.0,1.0,1.0,0.0,3.0,0.0
357,1.0,357.0,London_32,FIFO,151,453,1092.0,70.0,2.0,156285.0,1.0883062733337283,798.0,20.0,0.0,20.0,34.0,0.0,34.0,36.0,199.0,122.0,25.0,75.0,5.0,22.0,0.0,5.0,6.0,83.0,125.0,239.0,30.0,0.0,0.0,0.0,0.0,0.0,0.0,0.0,0.0,0.0,0.0,0.0,0.0,0.0,0.0,0.0,0.0,0.0,0.0,0.0,0.0,0.0,0.0,0.0,0.0,0.0,0.0,0.0,0.0,0.0,0.0,0.0,0.0,0.0,0.0,0.0,0.0,0.0,0.0,0.0,0.0,0.0,0.0,2.0,0.0,0.0,0.0,4.0,3.0,2.0,2.0,6.0,4.0,7.0,0.0,0.0,0.0,0.0,0.0,0.0,0.0,0.0,0.0,0.0,0.0,0.0,0.0,0.0,0.0,0.0,0.0,0.0,0.0,0.0,0.0,0.0,0.0,3.0,0.0,0.0,0.0,6.0,3.0,4.0,2.0,12.0,6.0,11.0,0.0
358,1.0,358.0,London_32,FIFO,151,453,1092.0,70.0,2.0,189807.0,1.135086549911648,872.0,178.0,1.0,177.0,307.0,10.0,297.0,34.0,200.0,127.0,25.0,69.0,5.0,23.0,0.0,4.0,6.0,84.0,131.0,232.0,33.0,0.0,0.0,0.0,0.0,0.0,0.0,0.0,0.0,0.0,0.0,0.0,0.0,0.0,0.0,0.0,0.0,0.0,0.0,0.0,0.0,0.0,0.0,0.0,0.0,0.0,0.0,0.0,0.0,0.0,0.0,0.0,0.0,1.0,0.0,0.0,1.0,0.0,0.0,0.0,0.0,0.0,5.0,15.0,3.0,6.0,0.0,16.0,11.0,7.0,8.0,32.0,41.0,32.0,18.0,0.0,0.0,0.0,0.0,0.0,0.0,0.0,0.0,0.0,0.0,0.0,0.0,1.0,0.0,0.0,9.0,0.0,0.0,0.0,0.0,0.0,6.0,16.0,5.0,6.0,0.0,21.0,14.0,8.0,11.0,42.0,51.0,41.0,26.0
359,1.0,359.0,London_32,FIFO,151,453,1092.0,70.0,2.0,154926.0,0.804136629216373,795.0,15.0,0.0,15.0,25.0,0.0,25.0,307.0,195.0,108.0,25.0,88.0,9.0,24.0,1.0,3.0,8.0,79.0,145.0,221.0,30.0,0.0,0.0,0.0,0.0,0.0,0.0,0.0,0.0,0.0,0.0,0.0,0.0,0.0,0.0,0.0,0.0,0.0,0.0,0.0,0.0,0.0,0.0,0.0,0.0,0.0,0.0,0.0,0.0,0.0,0.0,0.0,0.0,0.0,0.0,0.0,0.0,0.0,0.0,0.0,0.0,0.0,1.0,0.0,1.0,0.0,0.0,2.0,0.0,3.0,1.0,3.0,6.0,2.0,4.0,0.0,0.0,0.0,0.0,0.0,0.0,0.0,0.0,0.0,0.0,0.0,0.0,0.0,0.0,0.0,0.0,0.0,0.0,0.0,0.0,0.0,2.0,0.0,1.0,0.0,0.0,2.0,0.0,3.0,2.0,5.0,9.0,3.0,10.0
360,1.0,360.0,London_32,FIFO,151,453,1092.0,70.0,2.0,192072.0,0.9326893417164683,877.0,167.0,3.0,164.0,304.0,25.0,279.0,25.0,194.0,104.0,25.0,90.0,10.0,25.0,2.0,3.0,8.0,79.0,144.0,222.0,31.0,0.0,0.0,0.0,0.0,0.0,0.0,0.0,0.0,0.0,0.0,0.0,0.0,0.0,0.0,0.0,0.0,0.0,0.0,0.0,0.0,0.0,0.0,0.0,0.0,0.0,0.0,0.0,0.0,0.0,1.0,0.0,0.0,1.0,0.0,1.0,1.0,0.0,0.0,0.0,0.0,2.0,5.0,0.0,6.0,2.0,1.0,25.0,7.0,7.0,6.0,24.0,33.0,13.0,8.0,0.0,0.0,0.0,0.0,0.0,0.0,0.0,0.0,0.0,1.0,0.0,0.0,6.0,0.0,4.0,3.0,0.0,0.0,0.0,0.0,5.0,7.0,0.0,8.0,2.0,2.0,37.0,9.0,8.0,8.0,36.0,47.0,18.0,13.0
361,1.0,361.0,London_32,FIFO,151,453,1092.0,70.0,2.0,150849.0,0.817037639208138,786.0,21.0,1.0,20.0,43.0,9.0,34.0,304.0,189.0,105.0,19.0,93.0,5.0,34.0,0.0,8.0,8.0,84.0,140.0,221.0,38.0,0.0,0.0,0.0,0.0,0.0,0.0,0.0,0.0,0.0,0.0,0.0,0.0,0.0,0.0,0.0,0.0,0.0,0.0,0.0,0.0,0.0,0.0,0.0,0.0,0.0,0.0,0.0,0.0,0.0,1.0,0.0,0.0,0.0,0.0,0.0,0.0,1.0,0.0,0.0,0.0,0.0,0.0,0.0,0.0,0.0,0.0,2.0,1.0,1.0,1.0,5.0,5.0,3.0,2.0,0.0,0.0,0.0,0.0,0.0,0.0,0.0,0.0,0.0,1.0,0.0,0.0,0.0,0.0,0.0,0.0,9.0,0.0,0.0,0.0,0.0,0.0,0.0,0.0,0.0,0.0,3.0,2.0,2.0,1.0,7.0,6.0,5.0,3.0
362,1.0,362.0,London_32,FIFO,151,453,1092.0,70.0,2.0,189354.0,1.0463545103557408,871.0,118.0,0.0,118.0,195.0,0.0,195.0,43.0,196.0,98.0,24.0,93.0,0.0,32.0,2.0,8.0,6.0,93.0,134.0,220.0,31.0,0.0,0.0,0.0,0.0,0.0,0.0,0.0,0.0,0.0,0.0,0.0,0.0,0.0,0.0,0.0,0.0,0.0,0.0,0.0,0.0,0.0,0.0,0.0,0.0,0.0,0.0,0.0,0.0,0.0,0.0,0.0,0.0,0.0,0.0,0.0,0.0,0.0,0.0,0.0,0.0,3.0,6.0,0.0,1.0,1.0,0.0,9.0,4.0,15.0,18.0,22.0,25.0,25.0,10.0,0.0,0.0,0.0,0.0,0.0,0.0,0.0,0.0,0.0,0.0,0.0,0.0,0.0,0.0,0.0,0.0,0.0,0.0,0.0,0.0,4.0,6.0,0.0,1.0,1.0,0.0,10.0,4.0,17.0,25.0,37.0,34.0,34.0,11.0
363,1.0,363.0,London_32,FIFO,151,453,1092.0,70.0,2.0,180294.0,0.9778411639854312,851.0,80.0,2.0,78.0,152.0,17.0,135.0,195.0,198.0,97.0,12.0,84.0,8.0,48.0,3.0,3.0,8.0,79.0,146.0,220.0,47.0,0.0,0.0,0.0,0.0,0.0,0.0,0.0,0.0,0.0,0.0,0.0,0.0,0.0,0.0,0.0,0.0,0.0,0.0,0.0,0.0,0.0,0.0,0.0,0.0,0.0,0.0,0.0,0.0,0.0,0.0,0.0,0.0,1.0,0.0,2.0,1.0,0.0,0.0,0.0,0.0,3.0,7.0,3.0,3.0,0.0,0.0,3.0,11.0,1.0,9.0,16.0,13.0,13.0,9.0,0.0,0.0,0.0,0.0,0.0,0.0,0.0,0.0,0.0,0.0,0.0,0.0,5.0,0.0,8.0,4.0,0.0,0.0,0.0,0.0,4.0,12.0,3.0,4.0,0.0,0.0,3.0,18.0,1.0,10.0,23.0,19.0,16.0,14.0
364,1.0,364.0,London_32,FIFO,151,453,1092.0,70.0,2.0,174858.0,1.0630265418440104,839.0,147.0,0.0,147.0,257.0,0.0,257.0,152.0,201.0,102.0,13.0,87.0,3.0,40.0,3.0,4.0,10.0,76.0,134.0,233.0,56.0,0.0,0.0,0.0,0.0,0.0,0.0,0.0,0.0,0.0,0.0,0.0,0.0,0.0,0.0,0.0,0.0,0.0,0.0,0.0,0.0,0.0,0.0,0.0,0.0,0.0,0.0,0.0,0.0,0.0,0.0,0.0,0.0,0.0,0.0,0.0,0.0,0.0,0.0,0.0,0.0,0.0,18.0,0.0,2.0,3.0,0.0,11.0,2.0,7.0,5.0,23.0,26.0,17.0,8.0,0.0,0.0,0.0,0.0,0.0,0.0,0.0,0.0,0.0,0.0,0.0,0.0,0.0,0.0,0.0,0.0,0.0,0.0,0.0,0.0,0.0,30.0,0.0,2.0,3.0,0.0,13.0,2.0,9.0,7.0,34.0,40.0,23.0,10.0
365,1.0,365.0,London_32,FIFO,151,453,1092.0,70.0,2.0,145866.0,0.7795796161517501,775.0,116.0,0.0,116.0,203.0,0.0,203.0,257.0,192.0,93.0,17.0,94.0,7.0,42.0,3.0,5.0,8.0,77.0,139.0,229.0,39.0,0.0,0.0,0.0,0.0,0.0,0.0,0.0,0.0,0.0,0.0,0.0,0.0,0.0,0.0,0.0,0.0,0.0,0.0,0.0,0.0,0.0,0.0,0.0,0.0,0.0,0.0,0.0,0.0,0.0,0.0,0.0,0.0,0.0,0.0,0.0,0.0,0.0,0.0,0.0,0.0,2.0,6.0,1.0,3.0,0.0,0.0,14.0,10.0,5.0,15.0,20.0,30.0,15.0,9.0,0.0,0.0,0.0,0.0,0.0,0.0,0.0,0.0,0.0,0.0,0.0,0.0,0.0,0.0,0.0,0.0,0.0,0.0,0.0,0.0,3.0,9.0,1.0,4.0,0.0,0.0,18.0,13.0,9.0,19.0,26.0,40.0,19.0,11.0
366,1.0,366.0,London_32,FIFO,151,453,1092.0,70.0,2.0,123669.0,0.7742705410346389,726.0,39.0,0.0,39.0,69.0,0.0,69.0,203.0,198.0,96.0,23.0,70.0,10.0,51.0,1.0,4.0,10.0,67.0,161.0,215.0,28.0,0.0,0.0,0.0,0.0,0.0,0.0,0.0,0.0,0.0,0.0,0.0,0.0,0.0,0.0,0.0,0.0,0.0,0.0,0.0,0.0,0.0,0.0,0.0,0.0,0.0,0.0,0.0,0.0,0.0,0.0,0.0,0.0,0.0,0.0,0.0,0.0,0.0,0.0,0.0,0.0,0.0,2.0,1.0,0.0,0.0,0.0,5.0,8.0,2.0,6.0,10.0,11.0,8.0,5.0,0.0,0.0,0.0,0.0,0.0,0.0,0.0,0.0,0.0,0.0,0.0,0.0,0.0,0.0,0.0,0.0,0.0,0.0,0.0,0.0,0.0,2.0,1.0,0.0,0.0,0.0,7.0,12.0,2.0,8.0,15.0,19.0,14.0,6.0
367,1.0,367.0,London_32,FIFO,151,453,1092.0,70.0,2.0,141789.0,0.9908346491865814,766.0,18.0,3.0,15.0,52.0,28.0,24.0,69.0,199.0,101.0,21.0,70.0,10.0,48.0,0.0,4.0,11.0,74.0,147.0,221.0,33.0,0.0,0.0,0.0,0.0,0.0,0.0,0.0,0.0,0.0,0.0,0.0,0.0,0.0,0.0,0.0,0.0,0.0,0.0,0.0,0.0,0.0,0.0,0.0,0.0,0.0,0.0,0.0,0.0,0.0,1.0,1.0,0.0,1.0,0.0,1.0,2.0,0.0,0.0,0.0,0.0,1.0,0.0,0.0,0.0,1.0,0.0,2.0,1.0,2.0,2.0,3.0,4.0,2.0,0.0,0.0,0.0,0.0,0.0,0.0,0.0,0.0,0.0,0.0,6.0,7.0,0.0,1.0,0.0,5.0,2.0,0.0,0.0,0.0,0.0,1.0,0.0,0.0,0.0,2.0,0.0,3.0,2.0,2.0,3.0,4.0,7.0,2.0,0.0
368,1.0,368.0,London_32,FIFO,151,453,1092.0,70.0,2.0,170781.0,0.957768470980227,830.0,178.0,0.0,178.0,299.0,0.0,299.0,52.0,200.0,108.0,18.0,69.0,2.0,54.0,0.0,2.0,7.0,77.0,148.0,221.0,33.0,0.0,0.0,0.0,0.0,0.0,0.0,0.0,0.0,0.0,0.0,0.0,0.0,0.0,0.0,0.0,0.0,0.0,0.0,0.0,0.0,0.0,0.0,0.0,0.0,0.0,0.0,0.0,0.0,0.0,0.0,0.0,0.0,0.0,0.0,0.0,0.0,0.0,0.0,0.0,0.0,0.0,20.0,5.0,1.0,0.0,0.0,4.0,8.0,5.0,17.0,30.0,45.0,20.0,11.0,0.0,0.0,0.0,0.0,0.0,0.0,0.0,0.0,0.0,0.0,0.0,0.0,0.0,0.0,0.0,0.0,0.0,0.0,0.0,0.0,0.0,28.0,6.0,2.0,0.0,0.0,6.0,10.0,6.0,21.0,42.0,59.0,26.0,14.0
369,1.0,369.0,London_32,FIFO,151,453,1092.0,70.0,2.0,124575.0,0.6454223901964724,728.0,60.0,1.0,59.0,114.0,9.0,105.0,299.0,168.0,128.0,19.0,85.0,4.0,46.0,0.0,3.0,8.0,71.0,152.0,222.0,39.0,0.0,0.0,0.0,0.0,0.0,0.0,0.0,0.0,0.0,0.0,0.0,0.0,0.0,0.0,0.0,0.0,0.0,0.0,0.0,0.0,0.0,0.0,0.0,0.0,0.0,0.0,0.0,0.0,0.0,0.0,0.0,0.0,0.0,1.0,0.0,1.0,0.0,0.0,0.0,0.0,0.0,3.0,1.0,0.0,0.0,0.0,3.0,5.0,6.0,0.0,15.0,11.0,14.0,2.0,0.0,0.0,0.0,0.0,0.0,0.0,0.0,0.0,0.0,0.0,0.0,0.0,0.0,6.0,0.0,4.0,0.0,0.0,0.0,0.0,0.0,4.0,1.0,0.0,0.0,0.0,3.0,7.0,9.0,0.0,20.0,19.0,19.0,3.0
370,1.0,370.0,London_32,FIFO,151,453,1092.0,70.0,2.0,134541.0,0.8553406479768455,750.0,23.0,2.0,21.0,60.0,18.0,42.0,114.0,181.0,124.0,10.0,81.0,6.0,47.0,2.0,2.0,8.0,66.0,162.0,217.0,42.0,0.0,0.0,0.0,0.0,0.0,0.0,0.0,0.0,0.0,0.0,0.0,0.0,0.0,0.0,0.0,0.0,0.0,0.0,0.0,0.0,0.0,0.0,0.0,0.0,0.0,0.0,0.0,0.0,0.0,1.0,0.0,0.0,0.0,0.0,0.0,2.0,0.0,0.0,0.0,0.0,0.0,0.0,0.0,0.0,0.0,0.0,1.0,2.0,2.0,1.0,6.0,6.0,11.0,3.0,0.0,0.0,0.0,0.0,0.0,0.0,0.0,0.0,0.0,2.0,0.0,0.0,0.0,0.0,0.0,8.0,0.0,0.0,0.0,0.0,0.0,0.0,0.0,0.0,0.0,0.0,1.0,4.0,3.0,2.0,8.0,11.0,15.0,5.0
371,1.0,371.0,London_32,FIFO,151,453,1092.0,70.0,2.0,164892.0,1.277492324821651,817.0,161.0,0.0,161.0,304.0,0.0,304.0,60.0,181.0,130.0,5.0,90.0,4.0,39.0,0.0,4.0,5.0,72.0,159.0,217.0,36.0,0.0,0.0,0.0,0.0,0.0,0.0,0.0,0.0,0.0,0.0,0.0,0.0,0.0,0.0,0.0,0.0,0.0,0.0,0.0,0.0,0.0,0.0,0.0,0.0,0.0,0.0,0.0,0.0,0.0,0.0,0.0,0.0,0.0,0.0,0.0,0.0,0.0,0.0,0.0,0.0,1.0,13.0,3.0,0.0,2.0,0.0,10.0,8.0,13.0,7.0,31.0,37.0,22.0,11.0,0.0,0.0,0.0,0.0,0.0,0.0,0.0,0.0,0.0,0.0,0.0,0.0,0.0,0.0,0.0,0.0,0.0,0.0,0.0,0.0,1.0,19.0,4.0,0.0,2.0,0.0,12.0,17.0,15.0,7.0,52.0,56.0,27.0,16.0
372,1.0,372.0,London_32,FIFO,151,453,1092.0,70.0,2.0,120951.0,0.8210125924088061,720.0,48.0,1.0,47.0,98.0,10.0,88.0,304.0,184.0,100.0,20.0,96.0,12.0,31.0,3.0,7.0,7.0,78.0,136.0,232.0,39.0,0.0,0.0,0.0,0.0,0.0,0.0,0.0,0.0,0.0,0.0,0.0,0.0,0.0,0.0,0.0,0.0,0.0,0.0,0.0,0.0,0.0,0.0,0.0,0.0,0.0,0.0,0.0,0.0,0.0,0.0,0.0,0.0,1.0,0.0,0.0,1.0,0.0,0.0,0.0,0.0,3.0,2.0,0.0,0.0,0.0,0.0,12.0,4.0,2.0,3.0,5.0,18.0,8.0,6.0,0.0,0.0,0.0,0.0,0.0,0.0,0.0,0.0,0.0,0.0,0.0,0.0,4.0,0.0,0.0,3.0,0.0,0.0,0.0,0.0,5.0,3.0,0.0,0.0,0.0,0.0,20.0,5.0,3.0,4.0,10.0,27.0,10.0,10.0
373,1.0,373.0,London_32,FIFO,151,453,1092.0,70.0,2.0,136353.0,1.012157020624727,754.0,33.0,1.0,32.0,66.0,10.0,56.0,98.0,183.0,97.0,21.0,97.0,11.0,32.0,5.0,7.0,5.0,79.0,132.0,237.0,41.0,0.0,0.0,0.0,0.0,0.0,0.0,0.0,0.0,0.0,0.0,0.0,0.0,0.0,0.0,0.0,0.0,0.0,0.0,0.0,0.0,0.0,0.0,0.0,0.0,0.0,0.0,0.0,0.0,0.0,1.0,0.0,0.0,1.0,0.0,0.0,0.0,0.0,0.0,0.0,0.0,0.0,0.0,0.0,0.0,0.0,0.0,2.0,2.0,1.0,5.0,2.0,8.0,9.0,5.0,0.0,0.0,0.0,0.0,0.0,0.0,0.0,0.0,0.0,4.0,0.0,0.0,8.0,0.0,0.0,0.0,0.0,0.0,0.0,0.0,0.0,0.0,0.0,0.0,0.0,0.0,2.0,3.0,2.0,6.0,2.0,12.0,13.0,9.0
374,1.0,374.0,London_32,FIFO,151,453,1092.0,70.0,2.0,159003.0,1.1469327108934522,804.0,121.0,0.0,121.0,198.0,0.0,198.0,66.0,187.0,98.0,22.0,102.0,6.0,27.0,5.0,6.0,4.0,77.0,137.0,235.0,42.0,0.0,0.0,0.0,0.0,0.0,0.0,0.0,0.0,0.0,0.0,0.0,0.0,0.0,0.0,0.0,0.0,0.0,0.0,0.0,0.0,0.0,0.0,0.0,0.0,0.0,0.0,0.0,0.0,0.0,0.0,0.0,0.0,0.0,0.0,0.0,0.0,0.0,0.0,0.0,0.0,3.0,4.0,0.0,2.0,1.0,0.0,9.0,5.0,5.0,16.0,24.0,35.0,19.0,13.0,0.0,0.0,0.0,0.0,0.0,0.0,0.0,0.0,0.0,0.0,0.0,0.0,0.0,0.0,0.0,0.0,0.0,0.0,0.0,0.0,3.0,5.0,0.0,2.0,1.0,0.0,11.0,6.0,7.0,23.0,35.0,51.0,23.0,17.0
375,1.0,375.0,London_32,FIFO,151,453,1092.0,70.0,2.0,138618.0,0.8367177629843354,759.0,89.0,0.0,89.0,154.0,0.0,154.0,198.0,195.0,102.0,30.0,77.0,8.0,31.0,4.0,6.0,8.0,72.0,157.0,216.0,41.0,0.0,0.0,0.0,0.0,0.0,0.0,0.0,0.0,0.0,0.0,0.0,0.0,0.0,0.0,0.0,0.0,0.0,0.0,0.0,0.0,0.0,0.0,0.0,0.0,0.0,0.0,0.0,0.0,0.0,0.0,0.0,0.0,0.0,0.0,0.0,0.0,0.0,0.0,0.0,0.0,2.0,7.0,0.0,0.0,1.0,0.0,12.0,8.0,0.0,10.0,10.0,20.0,20.0,10.0,0.0,0.0,0.0,0.0,0.0,0.0,0.0,0.0,0.0,0.0,0.0,0.0,0.0,0.0,0.0,0.0,0.0,0.0,0.0,0.0,4.0,8.0,0.0,0.0,1.0,0.0,16.0,10.0,0.0,15.0,12.0,31.0,24.0,17.0
376,1.0,376.0,London_32,FIFO,151,453,1092.0,70.0,2.0,129105.0,0.8415519851259887,738.0,69.0,2.0,67.0,130.0,19.0,111.0,154.0,203.0,133.0,28.0,48.0,7.0,29.0,1.0,4.0,10.0,70.0,166.0,207.0,51.0,0.0,0.0,0.0,0.0,0.0,0.0,0.0,0.0,0.0,0.0,0.0,0.0,0.0,0.0,0.0,0.0,0.0,0.0,0.0,0.0,0.0,0.0,0.0,0.0,0.0,0.0,0.0,0.0,0.0,2.0,0.0,0.0,0.0,1.0,0.0,2.0,0.0,0.0,0.0,0.0,2.0,2.0,2.0,0.0,0.0,0.0,0.0,7.0,2.0,9.0,13.0,17.0,15.0,4.0,0.0,0.0,0.0,0.0,0.0,0.0,0.0,0.0,0.0,6.0,0.0,0.0,0.0,7.0,0.0,7.0,0.0,0.0,0.0,0.0,2.0,4.0,3.0,0.0,0.0,0.0,0.0,12.0,2.0,10.0,19.0,22.0,18.0,5.0
377,1.0,377.0,London_32,FIFO,151,453,1092.0,70.0,2.0,132729.0,0.9061692310497165,746.0,51.0,2.0,49.0,106.0,17.0,89.0,130.0,202.0,135.0,25.0,52.0,5.0,31.0,1.0,2.0,6.0,77.0,156.0,214.0,51.0,0.0,0.0,0.0,0.0,0.0,0.0,0.0,0.0,0.0,0.0,0.0,0.0,0.0,0.0,0.0,0.0,0.0,0.0,0.0,0.0,0.0,0.0,0.0,0.0,0.0,0.0,0.0,0.0,0.0,2.0,0.0,0.0,2.0,0.0,0.0,2.0,0.0,0.0,0.0,0.0,3.0,2.0,0.0,0.0,1.0,0.0,6.0,1.0,6.0,4.0,6.0,11.0,12.0,5.0,0.0,0.0,0.0,0.0,0.0,0.0,0.0,0.0,0.0,9.0,0.0,0.0,9.0,0.0,0.0,9.0,0.0,0.0,0.0,0.0,4.0,2.0,0.0,0.0,2.0,0.0,7.0,2.0,6.0,6.0,7.0,17.0,15.0,10.0
378,1.0,378.0,London_32,FIFO,151,453,1092.0,70.0,2.0,144960.0,0.8842659071087837,773.0,30.0,0.0,30.0,53.0,0.0,53.0,106.0,206.0,120.0,24.0,58.0,9.0,31.0,1.0,4.0,7.0,72.0,157.0,217.0,62.0,0.0,0.0,0.0,0.0,0.0,0.0,0.0,0.0,0.0,0.0,0.0,0.0,0.0,0.0,0.0,0.0,0.0,0.0,0.0,0.0,0.0,0.0,0.0,0.0,0.0,0.0,0.0,0.0,0.0,0.0,0.0,0.0,0.0,0.0,0.0,0.0,0.0,0.0,0.0,0.0,0.0,0.0,0.0,0.0,0.0,0.0,5.0,0.0,2.0,8.0,8.0,6.0,8.0,2.0,0.0,0.0,0.0,0.0,0.0,0.0,0.0,0.0,0.0,0.0,0.0,0.0,0.0,0.0,0.0,0.0,0.0,0.0,0.0,0.0,0.0,0.0,0.0,0.0,0.0,0.0,8.0,0.0,2.0,10.0,14.0,13.0,13.0,3.0
379,1.0,379.0,London_32,FIFO,151,453,1092.0,70.0,2.0,166251.0,1.2300860276445746,820.0,166.0,2.0,164.0,313.0,18.0,295.0,53.0,209.0,125.0,24.0,51.0,9.0,31.0,1.0,3.0,7.0,73.0,155.0,218.0,56.0,0.0,0.0,0.0,0.0,0.0,0.0,0.0,0.0,0.0,0.0,0.0,0.0,0.0,0.0,0.0,0.0,0.0,0.0,0.0,0.0,0.0,0.0,0.0,0.0,0.0,0.0,0.0,0.0,0.0,0.0,0.0,0.0,0.0,1.0,0.0,1.0,0.0,0.0,0.0,0.0,3.0,12.0,1.0,3.0,14.0,0.0,6.0,7.0,2.0,10.0,43.0,36.0,23.0,14.0,0.0,0.0,0.0,0.0,0.0,0.0,0.0,0.0,0.0,0.0,0.0,0.0,0.0,4.0,0.0,1.0,0.0,0.0,0.0,0.0,4.0,16.0,1.0,3.0,14.0,0.0,8.0,10.0,2.0,12.0,63.0,56.0,29.0,20.0
380,1.0,380.0,London_32,FIFO,151,453,1092.0,70.0,2.0,121404.0,0.7345646512694657,721.0,113.0,0.0,113.0,205.0,0.0,205.0,313.0,176.0,101.0,25.0,114.0,3.0,24.0,4.0,6.0,3.0,72.0,156.0,222.0,41.0,0.0,0.0,0.0,0.0,0.0,0.0,0.0,0.0,0.0,0.0,0.0,0.0,0.0,0.0,0.0,0.0,0.0,0.0,0.0,0.0,0.0,0.0,0.0,0.0,0.0,0.0,0.0,0.0,0.0,0.0,0.0,0.0,0.0,0.0,0.0,0.0,0.0,0.0,0.0,0.0,1.0,2.0,1.0,2.0,0.0,0.0,12.0,5.0,19.0,6.0,27.0,31.0,17.0,8.0,0.0,0.0,0.0,0.0,0.0,0.0,0.0,0.0,0.0,0.0,0.0,0.0,0.0,0.0,0.0,0.0,0.0,0.0,0.0,0.0,1.0,4.0,2.0,3.0,0.0,0.0,16.0,5.0,25.0,7.0,46.0,46.0,19.0,11.0
381,1.0,381.0,London_32,FIFO,151,453,1092.0,70.0,2.0,106908.0,0.6933565721847117,689.0,5.0,2.0,3.0,23.0,17.0,6.0,205.0,195.0,104.0,25.0,92.0,6.0,27.0,1.0,3.0,11.0,69.0,157.0,216.0,46.0,0.0,0.0,0.0,0.0,0.0,0.0,0.0,0.0,0.0,0.0,0.0,0.0,0.0,0.0,0.0,0.0,0.0,0.0,0.0,0.0,0.0,0.0,0.0,0.0,0.0,0.0,0.0,0.0,0.0,0.0,0.0,0.0,1.0,0.0,0.0,1.0,1.0,0.0,0.0,0.0,0.0,0.0,0.0,0.0,0.0,0.0,2.0,0.0,0.0,1.0,0.0,1.0,1.0,0.0,0.0,0.0,0.0,0.0,0.0,0.0,0.0,0.0,0.0,0.0,0.0,0.0,2.0,0.0,0.0,3.0,8.0,0.0,0.0,0.0,0.0,0.0,0.0,0.0,0.0,0.0,2.0,0.0,0.0,1.0,0.0,2.0,1.0,0.0
382,1.0,382.0,London_32,FIFO,151,453,1092.0,70.0,2.0,145413.0,0.9872080157510936,774.0,75.0,0.0,75.0,128.0,0.0,128.0,23.0,194.0,103.0,25.0,91.0,6.0,29.0,1.0,4.0,9.0,74.0,148.0,222.0,42.0,0.0,0.0,0.0,0.0,0.0,0.0,0.0,0.0,0.0,0.0,0.0,0.0,0.0,0.0,0.0,0.0,0.0,0.0,0.0,0.0,0.0,0.0,0.0,0.0,0.0,0.0,0.0,0.0,0.0,0.0,0.0,0.0,0.0,0.0,0.0,0.0,0.0,0.0,0.0,0.0,4.0,2.0,1.0,1.0,0.0,0.0,10.0,3.0,7.0,7.0,18.0,18.0,21.0,8.0,0.0,0.0,0.0,0.0,0.0,0.0,0.0,0.0,0.0,0.0,0.0,0.0,0.0,0.0,0.0,0.0,0.0,0.0,0.0,0.0,4.0,2.0,1.0,1.0,0.0,0.0,10.0,3.0,8.0,8.0,26.0,23.0,27.0,11.0
383,1.0,383.0,London_32,FIFO,151,453,1092.0,70.0,2.0,154020.0,0.8231591787189245,793.0,1.0,1.0,0.0,8.0,8.0,0.0,128.0,203.0,106.0,25.0,76.0,8.0,29.0,0.0,6.0,12.0,84.0,150.0,207.0,41.0,0.0,0.0,0.0,0.0,0.0,0.0,0.0,0.0,0.0,0.0,0.0,0.0,0.0,0.0,0.0,0.0,0.0,0.0,0.0,0.0,0.0,0.0,0.0,0.0,0.0,0.0,0.0,0.0,0.0,0.0,0.0,0.0,1.0,0.0,0.0,1.0,0.0,0.0,0.0,0.0,0.0,0.0,0.0,0.0,0.0,0.0,0.0,0.0,0.0,0.0,0.0,0.0,0.0,0.0,0.0,0.0,0.0,0.0,0.0,0.0,0.0,0.0,0.0,0.0,0.0,0.0,6.0,0.0,0.0,2.0,0.0,0.0,0.0,0.0,0.0,0.0,0.0,0.0,0.0,0.0,0.0,0.0,0.0,0.0,0.0,0.0,0.0,0.0
384,1.0,384.0,London_32,FIFO,151,453,1092.0,70.0,2.0,202038.0,1.3094866699539125,899.0,183.0,2.0,181.0,331.0,18.0,313.0,8.0,204.0,111.0,25.0,78.0,7.0,22.0,0.0,6.0,10.0,86.0,146.0,211.0,40.0,0.0,0.0,0.0,0.0,0.0,0.0,0.0,0.0,0.0,0.0,0.0,0.0,0.0,0.0,0.0,0.0,0.0,0.0,0.0,0.0,0.0,0.0,0.0,0.0,0.0,0.0,0.0,0.0,0.0,0.0,0.0,0.0,0.0,0.0,1.0,0.0,0.0,0.0,0.0,0.0,2.0,10.0,3.0,6.0,5.0,1.0,12.0,7.0,0.0,13.0,33.0,43.0,33.0,7.0,0.0,0.0,0.0,0.0,0.0,0.0,0.0,0.0,0.0,0.0,0.0,0.0,0.0,0.0,7.0,0.0,0.0,0.0,0.0,0.0,3.0,13.0,3.0,7.0,5.0,1.0,17.0,9.0,0.0,17.0,52.0,62.0,42.0,14.0
385,1.0,385.0,London_32,FIFO,151,453,1092.0,70.0,2.0,155832.0,0.7630866928957403,797.0,45.0,1.0,44.0,83.0,11.0,72.0,331.0,168.0,113.0,25.0,90.0,7.0,34.0,4.0,12.0,5.0,75.0,165.0,208.0,53.0,0.0,0.0,0.0,0.0,0.0,0.0,0.0,0.0,0.0,0.0,0.0,0.0,0.0,0.0,0.0,0.0,0.0,0.0,0.0,0.0,0.0,0.0,0.0,0.0,0.0,0.0,0.0,0.0,0.0,1.0,0.0,0.0,1.0,0.0,0.0,1.0,0.0,0.0,0.0,0.0,0.0,1.0,0.0,0.0,1.0,0.0,3.0,3.0,5.0,4.0,10.0,10.0,12.0,4.0,0.0,0.0,0.0,0.0,0.0,0.0,0.0,0.0,0.0,4.0,0.0,0.0,7.0,0.0,0.0,5.0,0.0,0.0,0.0,0.0,0.0,1.0,0.0,0.0,2.0,0.0,4.0,4.0,7.0,6.0,14.0,15.0,14.0,8.0
386,1.0,386.0,London_32,FIFO,151,453,1092.0,70.0,2.0,183012.0,0.811905587092042,857.0,114.0,0.0,114.0,180.0,0.0,180.0,83.0,180.0,102.0,26.0,101.0,2.0,31.0,3.0,8.0,4.0,72.0,163.0,214.0,48.0,0.0,0.0,0.0,0.0,0.0,0.0,0.0,0.0,0.0,0.0,0.0,0.0,0.0,0.0,0.0,0.0,0.0,0.0,0.0,0.0,0.0,0.0,0.0,0.0,0.0,0.0,0.0,0.0,0.0,0.0,0.0,0.0,0.0,0.0,0.0,0.0,0.0,0.0,0.0,0.0,1.0,1.0,0.0,0.0,0.0,0.0,8.0,7.0,5.0,6.0,13.0,27.0,20.0,6.0,0.0,0.0,0.0,0.0,0.0,0.0,0.0,0.0,0.0,0.0,0.0,0.0,0.0,0.0,0.0,0.0,0.0,0.0,0.0,0.0,1.0,2.0,0.0,0.0,0.0,0.0,9.0,9.0,7.0,9.0,17.0,38.0,25.0,10.0
387,1.0,387.0,London_32,FIFO,151,453,1092.0,70.0,2.0,168969.0,0.8523401720449328,826.0,95.0,2.0,93.0,171.0,18.0,153.0,180.0,195.0,105.0,27.0,82.0,5.0,33.0,2.0,4.0,5.0,79.0,160.0,209.0,51.0,0.0,0.0,0.0,0.0,0.0,0.0,0.0,0.0,0.0,0.0,0.0,0.0,0.0,0.0,0.0,0.0,0.0,0.0,0.0,0.0,0.0,0.0,0.0,0.0,0.0,0.0,0.0,0.0,0.0,0.0,0.0,0.0,0.0,0.0,0.0,2.0,0.0,0.0,0.0,0.0,2.0,3.0,0.0,1.0,0.0,0.0,7.0,3.0,7.0,6.0,18.0,21.0,16.0,6.0,0.0,0.0,0.0,0.0,0.0,0.0,0.0,0.0,0.0,0.0,0.0,0.0,0.0,0.0,0.0,5.0,0.0,0.0,0.0,0.0,3.0,3.0,0.0,2.0,0.0,0.0,7.0,3.0,14.0,6.0,26.0,28.0,20.0,8.0
388,1.0,388.0,London_32,FIFO,151,453,1092.0,70.0,2.0,168516.0,0.9072810960933566,825.0,36.0,1.0,35.0,74.0,10.0,64.0,171.0,204.0,114.0,21.0,69.0,7.0,28.0,4.0,6.0,8.0,80.0,149.0,216.0,52.0,0.0,0.0,0.0,0.0,0.0,0.0,0.0,0.0,0.0,0.0,0.0,0.0,0.0,0.0,0.0,0.0,0.0,0.0,0.0,0.0,0.0,0.0,0.0,0.0,0.0,0.0,0.0,0.0,0.0,0.0,0.0,0.0,0.0,0.0,0.0,1.0,0.0,0.0,0.0,0.0,1.0,1.0,0.0,1.0,0.0,0.0,5.0,0.0,0.0,4.0,8.0,13.0,6.0,3.0,0.0,0.0,0.0,0.0,0.0,0.0,0.0,0.0,0.0,0.0,0.0,0.0,0.0,0.0,0.0,6.0,0.0,0.0,0.0,0.0,1.0,2.0,0.0,3.0,0.0,0.0,9.0,0.0,0.0,5.0,9.0,18.0,6.0,6.0
389,1.0,389.0,London_32,FIFO,151,453,1092.0,70.0,2.0,183918.0,1.14081893209368,859.0,126.0,2.0,124.0,218.0,16.0,202.0,74.0,205.0,120.0,20.0,73.0,6.0,18.0,4.0,7.0,8.0,88.0,148.0,209.0,51.0,0.0,0.0,0.0,0.0,0.0,0.0,0.0,0.0,0.0,0.0,0.0,0.0,0.0,0.0,0.0,0.0,0.0,0.0,0.0,0.0,0.0,0.0,0.0,0.0,0.0,0.0,0.0,0.0,0.0,1.0,0.0,0.0,1.0,1.0,0.0,2.0,0.0,0.0,0.0,0.0,2.0,12.0,0.0,0.0,20.0,0.0,11.0,5.0,9.0,9.0,27.0,21.0,24.0,6.0,0.0,0.0,0.0,0.0,0.0,0.0,0.0,0.0,0.0,4.0,0.0,0.0,4.0,7.0,0.0,9.0,0.0,0.0,0.0,0.0,2.0,19.0,0.0,0.0,21.0,0.0,16.0,7.0,13.0,12.0,41.0,28.0,29.0,6.0
390,1.0,390.0,London_32,FIFO,151,453,1092.0,70.0,2.0,173499.0,1.271598368883133,836.0,142.0,0.0,142.0,238.0,0.0,238.0,218.0,219.0,107.0,25.0,69.0,4.0,18.0,1.0,10.0,14.0,80.0,154.0,205.0,40.0,0.0,0.0,0.0,0.0,0.0,0.0,0.0,0.0,0.0,0.0,0.0,0.0,0.0,0.0,0.0,0.0,0.0,0.0,0.0,0.0,0.0,0.0,0.0,0.0,0.0,0.0,0.0,0.0,0.0,0.0,0.0,0.0,0.0,0.0,0.0,0.0,0.0,0.0,0.0,0.0,3.0,7.0,9.0,4.0,4.0,0.0,18.0,11.0,8.0,14.0,29.0,35.0,23.0,6.0,0.0,0.0,0.0,0.0,0.0,0.0,0.0,0.0,0.0,0.0,0.0,0.0,0.0,0.0,0.0,0.0,0.0,0.0,0.0,0.0,3.0,8.0,9.0,5.0,4.0,0.0,19.0,14.0,11.0,19.0,44.0,50.0,26.0,7.0
391,1.0,391.0,London_32,FIFO,151,453,1092.0,70.0,2.0,151302.0,0.9941875329241157,787.0,56.0,0.0,56.0,91.0,0.0,91.0,238.0,243.0,87.0,6.0,79.0,4.0,26.0,1.0,7.0,6.0,81.0,154.0,212.0,29.0,0.0,0.0,0.0,0.0,0.0,0.0,0.0,0.0,0.0,0.0,0.0,0.0,0.0,0.0,0.0,0.0,0.0,0.0,0.0,0.0,0.0,0.0,0.0,0.0,0.0,0.0,0.0,0.0,0.0,0.0,0.0,0.0,0.0,0.0,0.0,0.0,0.0,0.0,0.0,0.0,1.0,1.0,0.0,0.0,0.0,0.0,4.0,2.0,4.0,2.0,6.0,14.0,11.0,7.0,0.0,0.0,0.0,0.0,0.0,0.0,0.0,0.0,0.0,0.0,0.0,0.0,0.0,0.0,0.0,0.0,0.0,0.0,0.0,0.0,1.0,2.0,0.0,0.0,0.0,0.0,6.0,2.0,5.0,3.0,6.0,23.0,12.0,9.0
392,1.0,392.0,London_32,FIFO,151,453,1092.0,70.0,2.0,159003.0,1.0195375033654273,804.0,107.0,2.0,105.0,200.0,18.0,182.0,91.0,246.0,77.0,10.0,86.0,1.0,24.0,3.0,6.0,6.0,88.0,151.0,208.0,32.0,0.0,0.0,0.0,0.0,0.0,0.0,0.0,0.0,0.0,0.0,0.0,0.0,0.0,0.0,0.0,0.0,0.0,0.0,0.0,0.0,0.0,0.0,0.0,0.0,0.0,0.0,0.0,0.0,0.0,0.0,0.0,0.0,0.0,0.0,2.0,2.0,0.0,0.0,0.0,0.0,7.0,2.0,2.0,4.0,0.0,0.0,15.0,3.0,8.0,4.0,17.0,28.0,16.0,13.0,0.0,0.0,0.0,0.0,0.0,0.0,0.0,0.0,0.0,0.0,0.0,0.0,0.0,0.0,12.0,7.0,0.0,0.0,0.0,0.0,9.0,4.0,3.0,6.0,0.0,0.0,23.0,3.0,11.0,5.0,27.0,41.0,21.0,18.0
393,1.0,393.0,London_32,FIFO,151,453,1092.0,70.0,2.0,142242.0,0.9408679851330817,767.0,71.0,0.0,71.0,126.0,0.0,126.0,200.0,244.0,89.0,13.0,82.0,5.0,18.0,0.0,2.0,8.0,79.0,157.0,209.0,31.0,0.0,0.0,0.0,0.0,0.0,0.0,0.0,0.0,0.0,0.0,0.0,0.0,0.0,0.0,0.0,0.0,0.0,0.0,0.0,0.0,0.0,0.0,0.0,0.0,0.0,0.0,0.0,0.0,0.0,0.0,0.0,0.0,0.0,0.0,0.0,0.0,0.0,0.0,0.0,0.0,2.0,6.0,0.0,3.0,0.0,0.0,11.0,5.0,3.0,8.0,10.0,17.0,10.0,6.0,0.0,0.0,0.0,0.0,0.0,0.0,0.0,0.0,0.0,0.0,0.0,0.0,0.0,0.0,0.0,0.0,0.0,0.0,0.0,0.0,2.0,10.0,0.0,4.0,0.0,0.0,13.0,7.0,4.0,9.0,15.0,28.0,11.0,11.0
394,1.0,394.0,London_32,FIFO,151,453,1092.0,70.0,2.0,145866.0,1.4382557990029454,775.0,69.0,0.0,69.0,123.0,0.0,123.0,126.0,255.0,94.0,13.0,63.0,7.0,17.0,0.0,4.0,3.0,74.0,171.0,205.0,33.0,0.0,0.0,0.0,0.0,0.0,0.0,0.0,0.0,0.0,0.0,0.0,0.0,0.0,0.0,0.0,0.0,0.0,0.0,0.0,0.0,0.0,0.0,0.0,0.0,0.0,0.0,0.0,0.0,0.0,0.0,0.0,0.0,0.0,0.0,0.0,0.0,0.0,0.0,0.0,0.0,2.0,2.0,2.0,0.0,1.0,0.0,7.0,6.0,4.0,12.0,10.0,17.0,18.0,4.0,0.0,0.0,0.0,0.0,0.0,0.0,0.0,0.0,0.0,0.0,0.0,0.0,0.0,0.0,0.0,0.0,0.0,0.0,0.0,0.0,2.0,2.0,3.0,0.0,1.0,0.0,9.0,9.0,6.0,17.0,15.0,24.0,23.0,7.0
395,1.0,395.0,London_32,FIFO,151,453,1092.0,70.0,2.0,146772.0,1.0471591991372406,777.0,108.0,0.0,108.0,181.0,0.0,181.0,123.0,263.0,103.0,7.0,40.0,9.0,25.0,1.0,5.0,3.0,85.0,163.0,202.0,28.0,0.0,0.0,0.0,0.0,0.0,0.0,0.0,0.0,0.0,0.0,0.0,0.0,0.0,0.0,0.0,0.0,0.0,0.0,0.0,0.0,0.0,0.0,0.0,0.0,0.0,0.0,0.0,0.0,0.0,0.0,0.0,0.0,0.0,0.0,0.0,0.0,0.0,0.0,0.0,0.0,1.0,4.0,2.0,1.0,8.0,0.0,6.0,2.0,9.0,10.0,25.0,22.0,14.0,6.0,0.0,0.0,0.0,0.0,0.0,0.0,0.0,0.0,0.0,0.0,0.0,0.0,0.0,0.0,0.0,0.0,0.0,0.0,0.0,0.0,1.0,4.0,2.0,1.0,8.0,0.0,7.0,2.0,9.0,13.0,36.0,31.0,20.0,8.0
396,1.0,396.0,London_32,FIFO,151,453,1092.0,70.0,2.0,136353.0,0.9932080321013927,754.0,99.0,1.0,98.0,184.0,9.0,175.0,181.0,261.0,94.0,13.0,43.0,9.0,27.0,2.0,4.0,3.0,83.0,161.0,206.0,29.0,0.0,0.0,0.0,0.0,0.0,0.0,0.0,0.0,0.0,0.0,0.0,0.0,0.0,0.0,0.0,0.0,0.0,0.0,0.0,0.0,0.0,0.0,0.0,0.0,0.0,0.0,0.0,0.0,0.0,0.0,0.0,0.0,0.0,0.0,1.0,0.0,0.0,0.0,0.0,0.0,3.0,0.0,1.0,2.0,1.0,0.0,9.0,4.0,5.0,4.0,25.0,27.0,13.0,8.0,0.0,0.0,0.0,0.0,0.0,0.0,0.0,0.0,0.0,0.0,0.0,0.0,0.0,0.0,8.0,0.0,0.0,0.0,0.0,0.0,4.0,0.0,1.0,2.0,1.0,0.0,11.0,5.0,6.0,5.0,35.0,43.0,18.0,10.0
397,1.0,397.0,London_32,FIFO,151,453,1092.0,70.0,2.0,121857.0,1.1200379678048193,722.0,75.0,2.0,73.0,152.0,18.0,134.0,184.0,264.0,85.0,9.0,46.0,13.0,28.0,4.0,4.0,4.0,86.0,149.0,214.0,23.0,0.0,0.0,0.0,0.0,0.0,0.0,0.0,0.0,0.0,1.0,0.0,0.0,0.0,1.0,0.0,0.0,0.0,0.0,1.0,0.0,0.0,0.0,0.0,0.0,0.0,0.0,0.0,0.0,0.0,1.0,0.0,0.0,1.0,0.0,1.0,1.0,0.0,0.0,0.0,0.0,0.0,5.0,2.0,2.0,2.0,1.0,11.0,3.0,9.0,9.0,12.0,16.0,17.0,5.0,0.0,0.0,0.0,0.0,0.0,0.0,0.0,0.0,0.0,5.0,0.0,0.0,6.0,0.0,5.0,2.0,0.0,0.0,0.0,0.0,0.0,6.0,2.0,2.0,2.0,2.0,18.0,3.0,13.0,14.0,23.0,29.0,19.0,10.0
398,1.0,398.0,London_32,FIFO,151,453,1092.0,70.0,2.0,117780.0,0.8036563801579177,713.0,50.0,2.0,48.0,94.0,15.0,79.0,149.0,271.0,65.0,11.0,51.0,11.0,35.0,4.0,5.0,0.0,81.0,170.0,202.0,31.0,0.0,0.0,0.0,0.0,0.0,0.0,0.0,0.0,0.0,0.0,0.0,0.0,0.0,0.0,0.0,0.0,0.0,0.0,0.0,0.0,0.0,0.0,0.0,0.0,0.0,0.0,0.0,0.0,0.0,0.0,0.0,0.0,1.0,1.0,1.0,2.0,0.0,0.0,0.0,0.0,1.0,5.0,0.0,0.0,0.0,0.0,6.0,5.0,4.0,2.0,5.0,13.0,11.0,7.0,0.0,0.0,0.0,0.0,0.0,0.0,0.0,0.0,0.0,0.0,0.0,0.0,6.0,7.0,5.0,3.0,0.0,0.0,0.0,0.0,2.0,5.0,0.0,0.0,0.0,0.0,10.0,6.0,5.0,2.0,5.0,15.0,14.0,12.0
399,1.0,399.0,London_32,FIFO,151,453,1092.0,70.0,2.0,127293.0,0.9046527701430023,734.0,18.0,0.0,18.0,31.0,0.0,31.0,94.0,279.0,67.0,14.0,50.0,14.0,21.0,4.0,4.0,1.0,72.0,165.0,215.0,27.0,0.0,0.0,0.0,0.0,0.0,0.0,0.0,0.0,0.0,0.0,0.0,0.0,0.0,0.0,0.0,0.0,0.0,0.0,0.0,0.0,0.0,0.0,0.0,0.0,0.0,0.0,0.0,0.0,0.0,0.0,0.0,0.0,0.0,0.0,0.0,0.0,0.0,0.0,0.0,0.0,0.0,1.0,0.0,0.0,0.0,0.0,2.0,1.0,1.0,2.0,1.0,2.0,3.0,0.0,0.0,0.0,0.0,0.0,0.0,0.0,0.0,0.0,0.0,0.0,0.0,0.0,0.0,0.0,0.0,0.0,0.0,0.0,0.0,0.0,0.0,1.0,0.0,0.0,0.0,0.0,2.0,1.0,1.0,2.0,1.0,2.0,5.0,0.0
400,1.0,400.0,London_32,FIFO,151,453,1092.0,70.0,2.0,154020.0,1.2422396917827427,793.0,171.0,1.0,170.0,302.0,10.0,292.0,31.0,280.0,72.0,16.0,49.0,11.0,18.0,4.0,3.0,2.0,72.0,171.0,208.0,34.0,0.0,0.0,0.0,0.0,0.0,0.0,0.0,0.0,0.0,0.0,0.0,0.0,0.0,0.0,0.0,0.0,0.0,0.0,0.0,0.0,0.0,0.0,0.0,0.0,0.0,0.0,0.0,0.0,0.0,0.0,0.0,0.0,0.0,0.0,0.0,1.0,0.0,0.0,0.0,0.0,1.0,21.0,0.0,4.0,10.0,0.0,5.0,7.0,1.0,14.0,37.0,38.0,19.0,5.0,0.0,0.0,0.0,0.0,0.0,0.0,0.0,0.0,0.0,0.0,0.0,0.0,0.0,0.0,0.0,2.0,0.0,0.0,0.0,0.0,1.0,28.0,0.0,6.0,10.0,0.0,5.0,7.0,2.0,19.0,56.0,56.0,24.0,6.0
401,1.0,401.0,London_32,FIFO,151,453,1092.0,70.0,2.0,98754.0,0.4957523080520332,671.0,6.0,0.0,6.0,14.0,0.0,14.0,302.0,195.0,114.0,23.0,86.0,5.0,19.0,0.0,11.0,4.0,66.0,164.0,219.0,41.0,0.0,0.0,0.0,0.0,0.0,0.0,0.0,0.0,0.0,0.0,0.0,0.0,0.0,0.0,0.0,0.0,0.0,0.0,0.0,0.0,0.0,0.0,0.0,0.0,0.0,0.0,0.0,0.0,0.0,0.0,0.0,0.0,0.0,0.0,0.0,0.0,0.0,0.0,0.0,0.0,0.0,0.0,0.0,0.0,0.0,0.0,0.0,1.0,0.0,0.0,3.0,3.0,1.0,1.0,0.0,0.0,0.0,0.0,0.0,0.0,0.0,0.0,0.0,0.0,0.0,0.0,0.0,0.0,0.0,0.0,0.0,0.0,0.0,0.0,0.0,0.0,0.0,0.0,0.0,0.0,0.0,3.0,0.0,0.0,7.0,7.0,2.0,1.0
402,1.0,402.0,London_32,FIFO,151,453,1092.0,70.0,2.0,142242.0,0.8167686280794442,767.0,48.0,3.0,45.0,102.0,25.0,77.0,14.0,195.0,114.0,23.0,84.0,5.0,21.0,0.0,11.0,3.0,68.0,158.0,224.0,40.0,0.0,0.0,0.0,0.0,0.0,0.0,0.0,0.0,0.0,0.0,0.0,0.0,0.0,0.0,0.0,0.0,0.0,0.0,0.0,0.0,0.0,0.0,0.0,0.0,0.0,0.0,0.0,0.0,0.0,1.0,0.0,0.0,1.0,0.0,1.0,1.0,0.0,0.0,0.0,0.0,2.0,0.0,3.0,1.0,0.0,0.0,5.0,1.0,4.0,6.0,5.0,7.0,8.0,3.0,0.0,0.0,0.0,0.0,0.0,0.0,0.0,0.0,0.0,4.0,0.0,0.0,4.0,0.0,6.0,4.0,0.0,0.0,0.0,0.0,2.0,0.0,4.0,1.0,0.0,0.0,7.0,1.0,5.0,8.0,10.0,11.0,9.0,5.0
403,1.0,403.0,London_32,FIFO,151,453,1092.0,70.0,2.0,164892.0,1.1851070933043957,817.0,42.0,1.0,41.0,84.0,9.0,75.0,102.0,196.0,122.0,25.0,78.0,3.0,21.0,0.0,8.0,3.0,74.0,152.0,224.0,34.0,0.0,0.0,0.0,0.0,0.0,0.0,0.0,0.0,0.0,0.0,0.0,0.0,0.0,0.0,0.0,0.0,0.0,0.0,0.0,0.0,0.0,0.0,0.0,0.0,0.0,0.0,0.0,0.0,0.0,1.0,0.0,0.0,0.0,0.0,0.0,0.0,1.0,0.0,0.0,0.0,0.0,3.0,1.0,0.0,3.0,0.0,4.0,4.0,3.0,1.0,8.0,8.0,10.0,3.0,0.0,0.0,0.0,0.0,0.0,0.0,0.0,0.0,0.0,1.0,0.0,0.0,0.0,0.0,0.0,0.0,8.0,0.0,0.0,0.0,0.0,6.0,1.0,0.0,3.0,0.0,4.0,5.0,5.0,1.0,12.0,11.0,11.0,6.0
404,1.0,404.0,London_32,FIFO,151,453,1092.0,70.0,2.0,186636.0,1.1552444589324296,865.0,113.0,0.0,113.0,182.0,0.0,182.0,84.0,187.0,127.0,27.0,80.0,2.0,20.0,1.0,9.0,2.0,77.0,148.0,226.0,43.0,0.0,0.0,0.0,0.0,0.0,0.0,0.0,0.0,0.0,0.0,0.0,0.0,0.0,0.0,0.0,0.0,0.0,0.0,0.0,0.0,0.0,0.0,0.0,0.0,0.0,0.0,0.0,0.0,0.0,0.0,0.0,0.0,0.0,0.0,0.0,0.0,0.0,0.0,0.0,0.0,1.0,2.0,0.0,1.0,2.0,0.0,12.0,8.0,3.0,3.0,29.0,17.0,22.0,8.0,0.0,0.0,0.0,0.0,0.0,0.0,0.0,0.0,0.0,0.0,0.0,0.0,0.0,0.0,0.0,0.0,0.0,0.0,0.0,0.0,1.0,2.0,0.0,2.0,2.0,0.0,14.0,10.0,3.0,5.0,41.0,22.0,30.0,9.0
405,1.0,405.0,London_32,FIFO,151,453,1092.0,70.0,2.0,183012.0,1.7505615139380097,857.0,195.0,2.0,193.0,345.0,17.0,328.0,182.0,200.0,123.0,23.0,61.0,6.0,33.0,0.0,7.0,8.0,66.0,172.0,207.0,49.0,0.0,0.0,0.0,0.0,0.0,0.0,0.0,0.0,0.0,0.0,0.0,0.0,0.0,0.0,0.0,0.0,0.0,0.0,0.0,0.0,0.0,0.0,0.0,0.0,0.0,0.0,0.0,0.0,0.0,0.0,0.0,0.0,0.0,0.0,2.0,0.0,0.0,0.0,0.0,0.0,0.0,8.0,0.0,0.0,6.0,1.0,6.0,15.0,1.0,14.0,50.0,34.0,26.0,9.0,0.0,0.0,0.0,0.0,0.0,0.0,0.0,0.0,0.0,0.0,0.0,0.0,0.0,0.0,13.0,0.0,0.0,0.0,0.0,0.0,0.0,9.0,0.0,0.0,6.0,1.0,12.0,18.0,1.0,17.0,79.0,58.0,32.0,16.0
406,1.0,406.0,London_32,FIFO,151,453,1092.0,70.0,2.0,134994.0,0.7000867859460413,751.0,22.0,0.0,22.0,36.0,0.0,36.0,345.0,162.0,122.0,23.0,93.0,11.0,29.0,2.0,11.0,3.0,85.0,161.0,204.0,45.0,0.0,0.0,0.0,0.0,0.0,0.0,0.0,0.0,0.0,0.0,0.0,0.0,0.0,0.0,0.0,0.0,0.0,0.0,0.0,0.0,0.0,0.0,0.0,0.0,0.0,0.0,0.0,0.0,0.0,0.0,0.0,0.0,0.0,0.0,0.0,0.0,0.0,0.0,0.0,0.0,0.0,0.0,0.0,0.0,0.0,0.0,5.0,2.0,0.0,1.0,4.0,10.0,6.0,2.0,0.0,0.0,0.0,0.0,0.0,0.0,0.0,0.0,0.0,0.0,0.0,0.0,0.0,0.0,0.0,0.0,0.0,0.0,0.0,0.0,0.0,0.0,0.0,0.0,0.0,0.0,5.0,2.0,0.0,1.0,5.0,14.0,8.0,4.0
407,1.0,407.0,London_32,FIFO,151,453,1092.0,70.0,2.0,161721.0,0.801435143686831,810.0,2.0,0.0,2.0,4.0,0.0,4.0,36.0,166.0,124.0,22.0,88.0,10.0,30.0,2.0,11.0,5.0,86.0,161.0,201.0,49.0,0.0,0.0,0.0,0.0,0.0,0.0,0.0,0.0,0.0,0.0,0.0,0.0,0.0,0.0,0.0,0.0,0.0,0.0,0.0,0.0,0.0,0.0,0.0,0.0,0.0,0.0,0.0,0.0,0.0,0.0,0.0,0.0,0.0,0.0,0.0,0.0,0.0,0.0,0.0,0.0,0.0,0.0,0.0,0.0,0.0,0.0,0.0,0.0,0.0,0.0,0.0,0.0,0.0,0.0,0.0,0.0,0.0,0.0,0.0,0.0,0.0,0.0,0.0,0.0,0.0,0.0,0.0,0.0,0.0,0.0,0.0,0.0,0.0,0.0,0.0,0.0,0.0,0.0,0.0,0.0,0.0,0.0,0.0,0.0,0.0,0.0,0.0,0.0
408,1.0,408.0,London_32,FIFO,151,453,1092.0,70.0,2.0,202491.0,1.168092087842524,900.0,163.0,0.0,163.0,294.0,0.0,294.0,4.0,166.0,123.0,20.0,89.0,10.0,32.0,2.0,11.0,5.0,85.0,163.0,200.0,50.0,0.0,0.0,0.0,0.0,0.0,0.0,0.0,0.0,0.0,0.0,0.0,0.0,0.0,0.0,0.0,0.0,0.0,0.0,0.0,0.0,0.0,0.0,0.0,0.0,0.0,0.0,0.0,0.0,0.0,0.0,0.0,0.0,0.0,0.0,0.0,0.0,0.0,0.0,0.0,0.0,1.0,26.0,13.0,2.0,11.0,2.0,13.0,4.0,1.0,8.0,31.0,38.0,18.0,10.0,0.0,0.0,0.0,0.0,0.0,0.0,0.0,0.0,0.0,0.0,0.0,0.0,0.0,0.0,0.0,0.0,0.0,0.0,0.0,0.0,2.0,37.0,14.0,2.0,11.0,2.0,18.0,8.0,1.0,13.0,52.0,61.0,25.0,12.0
409,1.0,409.0,London_32,FIFO,151,453,1092.0,70.0,2.0,168969.0,0.8501077201217413,826.0,108.0,3.0,105.0,211.0,28.0,183.0,294.0,197.0,101.0,31.0,65.0,10.0,41.0,2.0,6.0,3.0,71.0,161.0,218.0,38.0,0.0,0.0,0.0,0.0,0.0,0.0,0.0,0.0,0.0,0.0,0.0,0.0,0.0,0.0,0.0,0.0,0.0,0.0,0.0,0.0,0.0,0.0,0.0,0.0,0.0,0.0,0.0,0.0,0.0,0.0,1.0,0.0,1.0,0.0,1.0,2.0,0.0,0.0,0.0,0.0,4.0,8.0,1.0,1.0,0.0,0.0,26.0,4.0,1.0,7.0,22.0,22.0,19.0,12.0,0.0,0.0,0.0,0.0,0.0,0.0,0.0,0.0,0.0,0.0,5.0,0.0,3.0,0.0,6.0,7.0,0.0,0.0,0.0,0.0,4.0,11.0,2.0,2.0,0.0,0.0,35.0,7.0,1.0,10.0,31.0,30.0,24.0,16.0
410,1.0,410.0,London_32,FIFO,151,453,1092.0,70.0,2.0,156738.0,0.9468541648238897,799.0,91.0,0.0,91.0,163.0,0.0,163.0,211.0,207.0,72.0,35.0,67.0,3.0,62.0,0.0,7.0,5.0,77.0,159.0,212.0,43.0,0.0,0.0,0.0,0.0,0.0,0.0,0.0,0.0,0.0,0.0,0.0,0.0,0.0,0.0,0.0,0.0,0.0,0.0,0.0,0.0,0.0,0.0,0.0,0.0,0.0,0.0,0.0,0.0,0.0,0.0,0.0,0.0,0.0,0.0,0.0,0.0,0.0,0.0,0.0,0.0,1.0,0.0,0.0,1.0,4.0,0.0,6.0,6.0,7.0,8.0,23.0,28.0,17.0,12.0,0.0,0.0,0.0,0.0,0.0,0.0,0.0,0.0,0.0,0.0,0.0,0.0,0.0,0.0,0.0,0.0,0.0,0.0,0.0,0.0,1.0,0.0,0.0,1.0,4.0,0.0,10.0,8.0,8.0,8.0,41.0,45.0,22.0,15.0
411,1.0,411.0,London_32,FIFO,151,453,1092.0,70.0,2.0,158097.0,0.8306565610691905,802.0,69.0,1.0,68.0,118.0,9.0,109.0,163.0,226.0,60.0,27.0,66.0,3.0,68.0,0.0,3.0,6.0,66.0,168.0,213.0,39.0,0.0,0.0,0.0,0.0,0.0,0.0,0.0,0.0,0.0,0.0,0.0,0.0,0.0,0.0,0.0,0.0,0.0,0.0,0.0,0.0,0.0,0.0,0.0,0.0,0.0,0.0,0.0,0.0,0.0,0.0,0.0,0.0,0.0,1.0,0.0,1.0,0.0,0.0,0.0,0.0,3.0,2.0,1.0,0.0,0.0,0.0,2.0,8.0,9.0,6.0,14.0,20.0,10.0,5.0,0.0,0.0,0.0,0.0,0.0,0.0,0.0,0.0,0.0,0.0,0.0,0.0,0.0,6.0,0.0,2.0,0.0,0.0,0.0,0.0,3.0,2.0,1.0,0.0,0.0,0.0,2.0,11.0,15.0,6.0,21.0,28.0,13.0,9.0
412,1.0,412.0,London_32,FIFO,151,453,1092.0,70.0,2.0,172593.0,1.1106958999298513,834.0,133.0,2.0,131.0,228.0,18.0,210.0,118.0,233.0,68.0,22.0,60.0,4.0,65.0,0.0,1.0,4.0,67.0,165.0,217.0,47.0,0.0,0.0,0.0,0.0,0.0,0.0,0.0,0.0,0.0,0.0,0.0,0.0,0.0,0.0,0.0,0.0,0.0,0.0,0.0,0.0,0.0,0.0,0.0,0.0,0.0,0.0,0.0,0.0,0.0,0.0,0.0,0.0,0.0,0.0,0.0,1.0,0.0,0.0,0.0,0.0,3.0,10.0,0.0,0.0,0.0,0.0,12.0,7.0,6.0,3.0,24.0,29.0,12.0,8.0,0.0,0.0,0.0,0.0,0.0,0.0,0.0,0.0,0.0,0.0,0.0,0.0,0.0,0.0,0.0,6.0,0.0,0.0,0.0,0.0,5.0,16.0,0.0,0.0,0.0,0.0,15.0,11.0,9.0,3.0,35.0,42.0,16.0,12.0
413,1.0,413.0,London_32,FIFO,151,453,1092.0,70.0,2.0,145866.0,0.8060816437937319,775.0,19.0,0.0,19.0,32.0,0.0,32.0,228.0,213.0,79.0,11.0,73.0,6.0,67.0,0.0,4.0,4.0,77.0,150.0,222.0,49.0,0.0,0.0,0.0,0.0,0.0,0.0,0.0,0.0,0.0,0.0,0.0,0.0,0.0,0.0,0.0,0.0,0.0,0.0,0.0,0.0,0.0,0.0,0.0,0.0,0.0,0.0,0.0,0.0,0.0,0.0,0.0,0.0,0.0,0.0,0.0,0.0,0.0,0.0,0.0,0.0,1.0,0.0,0.0,0.0,0.0,0.0,2.0,1.0,1.0,1.0,4.0,3.0,4.0,4.0,0.0,0.0,0.0,0.0,0.0,0.0,0.0,0.0,0.0,0.0,0.0,0.0,0.0,0.0,0.0,0.0,0.0,0.0,0.0,0.0,1.0,0.0,0.0,0.0,0.0,0.0,2.0,2.0,1.0,1.0,6.0,6.0,6.0,6.0
414,1.0,414.0,London_32,FIFO,151,453,1092.0,70.0,2.0,190260.0,1.0265305559150875,873.0,141.0,1.0,140.0,256.0,10.0,246.0,32.0,216.0,89.0,10.0,61.0,7.0,66.0,0.0,4.0,6.0,80.0,147.0,220.0,49.0,0.0,0.0,0.0,0.0,0.0,0.0,0.0,0.0,0.0,0.0,0.0,0.0,0.0,0.0,0.0,0.0,0.0,0.0,0.0,0.0,0.0,0.0,0.0,0.0,0.0,0.0,0.0,0.0,0.0,0.0,0.0,0.0,0.0,0.0,0.0,0.0,0.0,0.0,0.0,0.0,3.0,2.0,0.0,1.0,0.0,0.0,6.0,6.0,6.0,8.0,18.0,33.0,23.0,13.0,0.0,0.0,0.0,0.0,0.0,0.0,0.0,0.0,0.0,0.0,0.0,0.0,0.0,0.0,0.0,0.0,0.0,0.0,0.0,0.0,3.0,2.0,0.0,2.0,0.0,0.0,10.0,8.0,7.0,9.0,26.0,49.0,29.0,21.0
415,1.0,415.0,London_32,FIFO,151,453,1092.0,70.0,2.0,166251.0,0.8995033050887287,820.0,36.0,1.0,35.0,74.0,10.0,64.0,256.0,187.0,100.0,18.0,69.0,11.0,61.0,1.0,6.0,4.0,77.0,146.0,226.0,49.0,0.0,0.0,0.0,0.0,0.0,0.0,0.0,0.0,0.0,0.0,0.0,0.0,0.0,0.0,0.0,0.0,0.0,0.0,0.0,0.0,0.0,0.0,0.0,0.0,0.0,0.0,0.0,0.0,0.0,0.0,0.0,0.0,1.0,0.0,0.0,0.0,0.0,0.0,0.0,0.0,0.0,0.0,0.0,0.0,0.0,0.0,5.0,3.0,4.0,6.0,6.0,7.0,9.0,3.0,0.0,0.0,0.0,0.0,0.0,0.0,0.0,0.0,0.0,0.0,0.0,0.0,6.0,0.0,0.0,0.0,0.0,0.0,0.0,0.0,0.0,0.0,0.0,0.0,0.0,0.0,6.0,4.0,6.0,8.0,11.0,12.0,12.0,5.0
416,1.0,416.0,London_32,FIFO,151,453,1092.0,70.0,2.0,186183.0,1.0858586318790913,864.0,154.0,0.0,154.0,259.0,0.0,259.0,74.0,193.0,100.0,21.0,72.0,8.0,53.0,0.0,6.0,3.0,73.0,148.0,229.0,52.0,0.0,0.0,0.0,0.0,0.0,0.0,0.0,0.0,0.0,0.0,0.0,0.0,0.0,0.0,0.0,0.0,0.0,0.0,0.0,0.0,0.0,0.0,0.0,0.0,0.0,0.0,0.0,0.0,0.0,0.0,0.0,0.0,0.0,0.0,0.0,0.0,0.0,0.0,0.0,0.0,0.0,21.0,11.0,1.0,4.0,0.0,5.0,12.0,7.0,20.0,22.0,48.0,21.0,13.0,0.0,0.0,0.0,0.0,0.0,0.0,0.0,0.0,0.0,0.0,0.0,0.0,0.0,0.0,0.0,0.0,0.0,0.0,0.0,0.0,0.0,29.0,12.0,2.0,5.0,0.0,5.0,16.0,11.0,31.0,33.0,61.0,27.0,22.0
417,1.0,417.0,London_32,FIFO,151,453,1092.0,70.0,2.0,159909.0,0.8330190870910883,806.0,47.0,0.0,47.0,80.0,0.0,80.0,259.0,187.0,98.0,19.0,66.0,18.0,61.0,1.0,3.0,3.0,87.0,144.0,219.0,34.0,0.0,0.0,0.0,0.0,0.0,0.0,0.0,0.0,0.0,0.0,0.0,0.0,0.0,0.0,0.0,0.0,0.0,0.0,0.0,0.0,0.0,0.0,0.0,0.0,0.0,0.0,0.0,0.0,0.0,0.0,0.0,0.0,0.0,0.0,0.0,0.0,0.0,0.0,0.0,0.0,1.0,0.0,0.0,2.0,1.0,0.0,8.0,3.0,2.0,12.0,9.0,12.0,13.0,3.0,0.0,0.0,0.0,0.0,0.0,0.0,0.0,0.0,0.0,0.0,0.0,0.0,0.0,0.0,0.0,0.0,0.0,0.0,0.0,0.0,1.0,0.0,0.0,3.0,1.0,0.0,12.0,4.0,4.0,13.0,11.0,16.0,15.0,3.0
418,1.0,418.0,London_32,FIFO,151,453,1092.0,70.0,2.0,186636.0,1.0533954710699618,865.0,109.0,2.0,107.0,210.0,19.0,191.0,80.0,196.0,110.0,21.0,51.0,16.0,55.0,0.0,4.0,5.0,97.0,135.0,216.0,42.0,0.0,0.0,0.0,0.0,0.0,0.0,0.0,0.0,0.0,0.0,0.0,0.0,0.0,0.0,0.0,0.0,0.0,0.0,0.0,0.0,0.0,0.0,0.0,0.0,0.0,0.0,0.0,0.0,0.0,2.0,0.0,0.0,0.0,1.0,0.0,2.0,0.0,0.0,0.0,0.0,6.0,1.0,1.0,1.0,5.0,0.0,17.0,7.0,4.0,6.0,27.0,23.0,20.0,8.0,0.0,0.0,0.0,0.0,0.0,0.0,0.0,0.0,0.0,11.0,0.0,0.0,0.0,9.0,0.0,10.0,0.0,0.0,0.0,0.0,10.0,1.0,1.0,3.0,6.0,0.0,20.0,10.0,6.0,6.0,40.0,37.0,23.0,11.0
419,1.0,419.0,London_32,FIFO,151,453,1092.0,70.0,2.0,173952.0,1.4538755747489631,837.0,77.0,2.0,75.0,144.0,17.0,127.0,210.0,213.0,117.0,11.0,62.0,5.0,41.0,2.0,2.0,4.0,83.0,142.0,224.0,33.0,0.0,0.0,0.0,0.0,0.0,0.0,0.0,0.0,0.0,0.0,0.0,0.0,0.0,0.0,0.0,0.0,0.0,0.0,0.0,0.0,0.0,0.0,0.0,0.0,0.0,0.0,0.0,0.0,0.0,2.0,0.0,0.0,2.0,0.0,0.0,2.0,0.0,0.0,0.0,0.0,2.0,0.0,0.0,0.0,0.0,0.0,8.0,6.0,4.0,15.0,11.0,17.0,13.0,8.0,0.0,0.0,0.0,0.0,0.0,0.0,0.0,0.0,0.0,9.0,0.0,0.0,10.0,0.0,0.0,4.0,0.0,0.0,0.0,0.0,2.0,0.0,0.0,0.0,0.0,0.0,9.0,8.0,5.0,19.0,16.0,25.0,17.0,13.0
420,1.0,420.0,London_32,FIFO,151,453,1092.0,70.0,2.0,175764.0,1.1740241069346666,841.0,132.0,0.0,132.0,231.0,0.0,231.0,144.0,218.0,125.0,15.0,53.0,8.0,30.0,1.0,3.0,5.0,78.0,153.0,217.0,34.0,0.0,0.0,0.0,0.0,0.0,0.0,0.0,0.0,0.0,0.0,0.0,0.0,0.0,0.0,0.0,0.0,0.0,0.0,0.0,0.0,0.0,0.0,0.0,0.0,0.0,0.0,0.0,0.0,0.0,0.0,0.0,0.0,0.0,0.0,0.0,0.0,0.0,0.0,0.0,0.0,1.0,3.0,0.0,1.0,9.0,0.0,5.0,6.0,18.0,16.0,16.0,29.0,20.0,11.0,0.0,0.0,0.0,0.0,0.0,0.0,0.0,0.0,0.0,0.0,0.0,0.0,0.0,0.0,0.0,0.0,0.0,0.0,0.0,0.0,1.0,6.0,0.0,2.0,9.0,0.0,5.0,10.0,27.0,18.0,22.0,45.0,25.0,19.0
421,1.0,421.0,London_32,FIFO,151,453,1092.0,70.0,2.0,150396.0,0.8545717443339527,785.0,119.0,2.0,117.0,224.0,18.0,206.0,231.0,227.0,90.0,16.0,62.0,15.0,37.0,0.0,6.0,4.0,83.0,142.0,224.0,26.0,0.0,0.0,0.0,0.0,0.0,0.0,0.0,0.0,0.0,0.0,0.0,0.0,0.0,0.0,0.0,0.0,0.0,0.0,0.0,0.0,0.0,0.0,0.0,0.0,0.0,0.0,0.0,0.0,0.0,0.0,1.0,0.0,0.0,1.0,0.0,1.0,0.0,0.0,0.0,0.0,2.0,5.0,0.0,0.0,6.0,1.0,22.0,4.0,12.0,17.0,24.0,31.0,20.0,9.0,0.0,0.0,0.0,0.0,0.0,0.0,0.0,0.0,0.0,0.0,4.0,0.0,0.0,7.0,0.0,5.0,0.0,0.0,0.0,0.0,2.0,5.0,0.0,0.0,6.0,1.0,31.0,5.0,16.0,26.0,34.0,42.0,25.0,12.0
422,1.0,422.0,London_32,FIFO,151,453,1092.0,70.0,2.0,137259.0,0.8232993590645492,756.0,34.0,0.0,34.0,59.0,0.0,59.0,224.0,235.0,82.0,20.0,56.0,14.0,43.0,0.0,3.0,6.0,78.0,141.0,228.0,27.0,0.0,0.0,0.0,0.0,0.0,0.0,0.0,0.0,0.0,0.0,0.0,0.0,0.0,0.0,0.0,0.0,0.0,0.0,0.0,0.0,0.0,0.0,0.0,0.0,0.0,0.0,0.0,0.0,0.0,0.0,0.0,0.0,0.0,0.0,0.0,0.0,0.0,0.0,0.0,0.0,0.0,2.0,0.0,0.0,0.0,0.0,4.0,1.0,2.0,4.0,5.0,5.0,4.0,2.0,0.0,0.0,0.0,0.0,0.0,0.0,0.0,0.0,0.0,0.0,0.0,0.0,0.0,0.0,0.0,0.0,0.0,0.0,0.0,0.0,0.0,2.0,0.0,0.0,0.0,0.0,4.0,2.0,3.0,4.0,9.0,6.0,4.0,2.0
423,1.0,423.0,London_32,FIFO,151,453,1092.0,70.0,2.0,147678.0,1.0722533059306443,779.0,133.0,2.0,131.0,249.0,17.0,232.0,59.0,241.0,90.0,17.0,40.0,16.0,45.0,1.0,3.0,6.0,78.0,144.0,225.0,31.0,0.0,0.0,0.0,0.0,0.0,0.0,0.0,0.0,0.0,0.0,0.0,0.0,0.0,0.0,0.0,0.0,0.0,0.0,0.0,0.0,0.0,0.0,0.0,0.0,0.0,0.0,0.0,0.0,0.0,0.0,0.0,0.0,0.0,0.0,0.0,1.0,1.0,0.0,0.0,0.0,3.0,7.0,0.0,4.0,2.0,0.0,12.0,3.0,2.0,13.0,30.0,27.0,27.0,13.0,0.0,0.0,0.0,0.0,0.0,0.0,0.0,0.0,0.0,0.0,0.0,0.0,0.0,0.0,0.0,4.0,7.0,0.0,0.0,0.0,3.0,9.0,0.0,6.0,2.0,0.0,17.0,3.0,2.0,16.0,49.0,40.0,33.0,18.0
424,1.0,424.0,London_32,FIFO,151,453,1092.0,70.0,2.0,128652.0,0.809859779663384,737.0,112.0,0.0,112.0,181.0,0.0,181.0,249.0,213.0,87.0,12.0,78.0,18.0,42.0,0.0,3.0,2.0,78.0,130.0,243.0,29.0,0.0,0.0,0.0,0.0,0.0,0.0,0.0,0.0,0.0,0.0,0.0,0.0,0.0,0.0,0.0,0.0,0.0,0.0,0.0,0.0,0.0,0.0,0.0,0.0,0.0,0.0,0.0,0.0,0.0,0.0,0.0,0.0,0.0,0.0,0.0,0.0,0.0,0.0,0.0,0.0,2.0,4.0,1.0,3.0,4.0,0.0,18.0,8.0,3.0,12.0,25.0,25.0,19.0,10.0,0.0,0.0,0.0,0.0,0.0,0.0,0.0,0.0,0.0,0.0,0.0,0.0,0.0,0.0,0.0,0.0,0.0,0.0,0.0,0.0,2.0,5.0,1.0,4.0,4.0,0.0,21.0,11.0,4.0,18.0,36.0,34.0,25.0,15.0
425,1.0,425.0,London_32,FIFO,151,453,1092.0,70.0,2.0,110532.0,0.7290343977510929,697.0,1.0,1.0,0.0,8.0,8.0,0.0,181.0,217.0,102.0,13.0,59.0,20.0,38.0,1.0,3.0,6.0,79.0,137.0,231.0,42.0,0.0,0.0,0.0,0.0,0.0,0.0,0.0,0.0,0.0,0.0,0.0,0.0,0.0,0.0,0.0,0.0,0.0,0.0,0.0,0.0,0.0,0.0,0.0,0.0,0.0,0.0,0.0,0.0,0.0,0.0,0.0,0.0,1.0,0.0,0.0,1.0,0.0,0.0,0.0,0.0,0.0,0.0,0.0,0.0,0.0,0.0,0.0,0.0,0.0,0.0,0.0,0.0,0.0,0.0,0.0,0.0,0.0,0.0,0.0,0.0,0.0,0.0,0.0,0.0,0.0,0.0,3.0,0.0,0.0,2.0,0.0,0.0,0.0,0.0,0.0,0.0,0.0,0.0,0.0,0.0,0.0,0.0,0.0,0.0,0.0,0.0,0.0,0.0
426,1.0,426.0,London_32,FIFO,151,453,1092.0,70.0,2.0,149490.0,1.0347810476087034,783.0,50.0,2.0,48.0,108.0,18.0,90.0,8.0,218.0,106.0,13.0,61.0,20.0,30.0,2.0,3.0,6.0,79.0,131.0,237.0,42.0,0.0,0.0,0.0,0.0,0.0,0.0,0.0,0.0,0.0,0.0,0.0,0.0,0.0,0.0,0.0,0.0,0.0,0.0,0.0,0.0,0.0,0.0,0.0,0.0,0.0,0.0,0.0,0.0,0.0,1.0,1.0,0.0,1.0,0.0,1.0,2.0,0.0,0.0,0.0,0.0,1.0,1.0,0.0,2.0,3.0,1.0,9.0,7.0,3.0,10.0,9.0,7.0,12.0,5.0,0.0,0.0,0.0,0.0,0.0,0.0,0.0,0.0,0.0,6.0,3.0,0.0,1.0,0.0,7.0,4.0,0.0,0.0,0.0,0.0,3.0,2.0,0.0,2.0,4.0,2.0,15.0,11.0,4.0,14.0,13.0,11.0,17.0,7.0
427,1.0,427.0,London_32,FIFO,151,453,1092.0,70.0,2.0,163986.0,1.0046591046266258,815.0,85.0,1.0,84.0,156.0,11.0,145.0,108.0,228.0,119.0,15.0,59.0,12.0,20.0,0.0,0.0,6.0,76.0,148.0,223.0,43.0,0.0,0.0,0.0,0.0,0.0,0.0,0.0,0.0,0.0,0.0,0.0,0.0,0.0,0.0,0.0,0.0,0.0,0.0,0.0,0.0,0.0,0.0,0.0,0.0,0.0,0.0,0.0,0.0,0.0,1.0,0.0,0.0,1.0,0.0,0.0,1.0,0.0,0.0,0.0,0.0,2.0,5.0,0.0,0.0,2.0,0.0,6.0,1.0,7.0,9.0,20.0,20.0,18.0,10.0,0.0,0.0,0.0,0.0,0.0,0.0,0.0,0.0,0.0,7.0,0.0,0.0,3.0,0.0,0.0,6.0,0.0,0.0,0.0,0.0,2.0,7.0,0.0,0.0,2.0,0.0,10.0,3.0,9.0,14.0,27.0,28.0,27.0,17.0
428,1.0,428.0,London_32,FIFO,151,453,1092.0,70.0,2.0,165345.0,1.079835289157927,818.0,105.0,0.0,105.0,190.0,0.0,190.0,156.0,241.0,114.0,15.0,67.0,6.0,7.0,0.0,3.0,6.0,79.0,147.0,221.0,46.0,0.0,0.0,0.0,0.0,0.0,0.0,0.0,0.0,0.0,0.0,0.0,0.0,0.0,0.0,0.0,0.0,0.0,0.0,0.0,0.0,0.0,0.0,0.0,0.0,0.0,0.0,0.0,0.0,0.0,0.0,0.0,0.0,0.0,0.0,0.0,0.0,0.0,0.0,0.0,0.0,2.0,13.0,2.0,1.0,1.0,0.0,11.0,8.0,3.0,5.0,13.0,34.0,23.0,12.0,0.0,0.0,0.0,0.0,0.0,0.0,0.0,0.0,0.0,0.0,0.0,0.0,0.0,0.0,0.0,0.0,0.0,0.0,0.0,0.0,3.0,17.0,2.0,1.0,1.0,0.0,16.0,11.0,5.0,7.0,19.0,46.0,28.0,16.0
429,1.0,429.0,London_32,FIFO,151,453,1092.0,70.0,2.0,150396.0,0.9446319700218737,785.0,33.0,2.0,31.0,69.0,18.0,51.0,190.0,250.0,92.0,17.0,74.0,3.0,12.0,1.0,4.0,9.0,77.0,159.0,208.0,20.0,0.0,0.0,0.0,0.0,0.0,0.0,0.0,0.0,0.0,0.0,0.0,0.0,0.0,0.0,0.0,0.0,0.0,0.0,0.0,0.0,0.0,0.0,0.0,0.0,0.0,0.0,0.0,0.0,0.0,1.0,0.0,0.0,0.0,0.0,0.0,2.0,0.0,0.0,0.0,0.0,3.0,1.0,0.0,1.0,2.0,0.0,3.0,1.0,1.0,2.0,5.0,5.0,9.0,3.0,0.0,0.0,0.0,0.0,0.0,0.0,0.0,0.0,0.0,1.0,0.0,0.0,0.0,0.0,0.0,8.0,0.0,0.0,0.0,0.0,4.0,1.0,0.0,1.0,2.0,0.0,4.0,1.0,1.0,3.0,8.0,6.0,12.0,3.0
430,1.0,430.0,London_32,FIFO,151,453,1092.0,70.0,2.0,184371.0,1.5676120962016284,860.0,163.0,1.0,162.0,274.0,10.0,264.0,69.0,251.0,88.0,19.0,82.0,0.0,5.0,3.0,5.0,8.0,83.0,156.0,206.0,25.0,0.0,0.0,0.0,0.0,0.0,0.0,0.0,0.0,0.0,0.0,0.0,0.0,0.0,0.0,0.0,0.0,0.0,0.0,0.0,0.0,0.0,0.0,0.0,0.0,0.0,0.0,0.0,0.0,0.0,0.0,0.0,0.0,0.0,0.0,0.0,0.0,0.0,0.0,0.0,0.0,1.0,16.0,2.0,3.0,14.0,3.0,15.0,5.0,7.0,3.0,40.0,24.0,23.0,8.0,0.0,0.0,0.0,0.0,0.0,0.0,0.0,0.0,0.0,0.0,0.0,0.0,0.0,0.0,0.0,0.0,0.0,0.0,0.0,0.0,2.0,18.0,2.0,4.0,17.0,4.0,19.0,7.0,10.0,4.0,59.0,39.0,24.0,12.0
431,1.0,431.0,London_32,FIFO,151,453,1092.0,70.0,2.0,153114.0,0.7769517819397151,791.0,69.0,2.0,67.0,128.0,16.0,112.0,274.0,211.0,106.0,16.0,72.0,6.0,27.0,2.0,13.0,5.0,86.0,144.0,218.0,40.0,0.0,0.0,0.0,0.0,0.0,0.0,0.0,0.0,0.0,0.0,0.0,0.0,0.0,0.0,0.0,0.0,0.0,0.0,0.0,0.0,0.0,0.0,0.0,0.0,0.0,0.0,0.0,0.0,0.0,1.0,0.0,0.0,1.0,1.0,0.0,2.0,0.0,0.0,0.0,0.0,3.0,1.0,0.0,1.0,0.0,0.0,9.0,12.0,4.0,3.0,10.0,18.0,12.0,4.0,0.0,0.0,0.0,0.0,0.0,0.0,0.0,0.0,0.0,4.0,0.0,0.0,2.0,4.0,0.0,7.0,0.0,0.0,0.0,0.0,4.0,3.0,0.0,1.0,0.0,0.0,13.0,14.0,4.0,5.0,19.0,24.0,16.0,4.0
432,1.0,432.0,London_32,FIFO,151,453,1092.0,70.0,2.0,150396.0,1.1580937318503857,785.0,120.0,0.0,120.0,208.0,0.0,208.0,128.0,211.0,115.0,16.0,66.0,6.0,20.0,4.0,15.0,2.0,71.0,159.0,221.0,42.0,0.0,0.0,0.0,0.0,0.0,0.0,0.0,0.0,0.0,0.0,0.0,0.0,0.0,0.0,0.0,0.0,0.0,0.0,0.0,0.0,0.0,0.0,0.0,0.0,0.0,0.0,0.0,0.0,0.0,0.0,0.0,0.0,0.0,0.0,0.0,0.0,0.0,0.0,0.0,0.0,10.0,2.0,0.0,3.0,5.0,0.0,14.0,8.0,8.0,7.0,17.0,27.0,14.0,7.0,0.0,0.0,0.0,0.0,0.0,0.0,0.0,0.0,0.0,0.0,0.0,0.0,0.0,0.0,0.0,0.0,0.0,0.0,0.0,0.0,12.0,3.0,0.0,4.0,6.0,0.0,20.0,10.0,10.0,8.0,31.0,38.0,19.0,10.0
433,1.0,433.0,London_32,FIFO,151,453,1092.0,70.0,2.0,118686.0,0.7681673606857657,715.0,16.0,0.0,16.0,30.0,0.0,30.0,208.0,221.0,99.0,17.0,60.0,7.0,30.0,3.0,16.0,1.0,72.0,175.0,205.0,25.0,0.0,0.0,0.0,0.0,0.0,0.0,0.0,0.0,0.0,0.0,0.0,0.0,0.0,0.0,0.0,0.0,0.0,0.0,0.0,0.0,0.0,0.0,0.0,0.0,0.0,0.0,0.0,0.0,0.0,0.0,0.0,0.0,0.0,0.0,0.0,0.0,0.0,0.0,0.0,0.0,0.0,0.0,0.0,0.0,0.0,1.0,2.0,2.0,1.0,2.0,6.0,5.0,7.0,0.0,0.0,0.0,0.0,0.0,0.0,0.0,0.0,0.0,0.0,0.0,0.0,0.0,0.0,0.0,0.0,0.0,0.0,0.0,0.0,0.0,0.0,0.0,0.0,0.0,0.0,3.0,4.0,2.0,2.0,3.0,10.0,9.0,10.0,0.0
434,1.0,434.0,London_32,FIFO,151,453,1092.0,70.0,2.0,154473.0,1.1049449937418103,794.0,102.0,2.0,100.0,197.0,18.0,179.0,30.0,223.0,100.0,18.0,61.0,7.0,27.0,3.0,14.0,3.0,73.0,181.0,196.0,27.0,0.0,0.0,0.0,0.0,0.0,0.0,0.0,0.0,0.0,0.0,0.0,0.0,0.0,0.0,0.0,0.0,0.0,0.0,0.0,0.0,0.0,0.0,0.0,0.0,0.0,0.0,0.0,0.0,0.0,0.0,0.0,0.0,0.0,0.0,2.0,2.0,0.0,0.0,0.0,0.0,5.0,2.0,1.0,0.0,0.0,1.0,8.0,3.0,4.0,10.0,17.0,20.0,22.0,10.0,0.0,0.0,0.0,0.0,0.0,0.0,0.0,0.0,0.0,0.0,0.0,0.0,0.0,0.0,12.0,4.0,0.0,0.0,0.0,0.0,6.0,2.0,1.0,0.0,0.0,2.0,11.0,6.0,4.0,13.0,26.0,28.0,29.0,16.0
435,1.0,435.0,London_32,FIFO,151,453,1092.0,70.0,2.0,145413.0,1.076160206925124,774.0,103.0,0.0,103.0,163.0,0.0,163.0,197.0,227.0,89.0,20.0,57.0,11.0,33.0,7.0,9.0,2.0,79.0,161.0,211.0,23.0,0.0,0.0,0.0,0.0,0.0,0.0,0.0,0.0,0.0,0.0,0.0,0.0,0.0,0.0,0.0,0.0,0.0,0.0,0.0,0.0,0.0,0.0,0.0,0.0,0.0,0.0,0.0,0.0,0.0,0.0,0.0,0.0,0.0,0.0,0.0,0.0,0.0,0.0,0.0,0.0,5.0,0.0,0.0,2.0,3.0,0.0,6.0,10.0,1.0,16.0,20.0,22.0,15.0,4.0,0.0,0.0,0.0,0.0,0.0,0.0,0.0,0.0,0.0,0.0,0.0,0.0,0.0,0.0,0.0,0.0,0.0,0.0,0.0,0.0,6.0,0.0,0.0,3.0,4.0,0.0,9.0,12.0,1.0,21.0,26.0,33.0,18.0,9.0
436,1.0,436.0,London_32,FIFO,151,453,1092.0,70.0,2.0,141789.0,1.001310481224209,766.0,92.0,0.0,92.0,162.0,0.0,162.0,163.0,238.0,96.0,13.0,47.0,14.0,30.0,6.0,9.0,3.0,75.0,143.0,232.0,28.0,0.0,0.0,0.0,0.0,0.0,0.0,0.0,0.0,0.0,0.0,0.0,0.0,0.0,0.0,0.0,0.0,0.0,0.0,0.0,0.0,0.0,0.0,0.0,0.0,0.0,0.0,0.0,0.0,0.0,0.0,0.0,0.0,0.0,0.0,0.0,0.0,0.0,0.0,0.0,0.0,1.0,1.0,0.0,0.0,1.0,0.0,17.0,6.0,6.0,12.0,22.0,21.0,18.0,4.0,0.0,0.0,0.0,0.0,0.0,0.0,0.0,0.0,0.0,0.0,0.0,0.0,0.0,0.0,0.0,0.0,0.0,0.0,0.0,0.0,1.0,1.0,0.0,0.0,1.0,0.0,20.0,10.0,9.0,17.0,29.0,30.0,23.0,6.0
437,1.0,437.0,London_32,FIFO,151,453,1092.0,70.0,2.0,135447.0,0.9577127187512815,752.0,58.0,0.0,58.0,99.0,0.0,99.0,162.0,251.0,73.0,10.0,53.0,15.0,37.0,3.0,11.0,4.0,81.0,147.0,221.0,31.0,0.0,0.0,0.0,0.0,0.0,0.0,0.0,0.0,0.0,0.0,0.0,0.0,0.0,0.0,0.0,0.0,0.0,0.0,0.0,0.0,0.0,0.0,0.0,0.0,0.0,0.0,0.0,0.0,0.0,0.0,0.0,0.0,0.0,0.0,0.0,0.0,0.0,0.0,0.0,0.0,3.0,3.0,0.0,0.0,0.0,0.0,7.0,3.0,1.0,6.0,10.0,13.0,13.0,8.0,0.0,0.0,0.0,0.0,0.0,0.0,0.0,0.0,0.0,0.0,0.0,0.0,0.0,0.0,0.0,0.0,0.0,0.0,0.0,0.0,3.0,3.0,0.0,0.0,0.0,0.0,7.0,3.0,1.0,10.0,18.0,19.0,15.0,13.0
438,1.0,438.0,London_32,FIFO,151,453,1092.0,70.0,2.0,145866.0,1.0588834178633988,775.0,21.0,1.0,20.0,41.0,9.0,32.0,99.0,266.0,66.0,8.0,46.0,17.0,30.0,4.0,16.0,7.0,77.0,159.0,210.0,33.0,0.0,0.0,0.0,0.0,0.0,0.0,0.0,0.0,0.0,0.0,0.0,0.0,0.0,0.0,0.0,0.0,0.0,0.0,0.0,0.0,0.0,0.0,0.0,0.0,0.0,0.0,0.0,0.0,0.0,0.0,0.0,0.0,0.0,0.0,1.0,0.0,0.0,0.0,0.0,0.0,1.0,0.0,2.0,0.0,0.0,0.0,1.0,1.0,1.0,3.0,5.0,2.0,5.0,2.0,0.0,0.0,0.0,0.0,0.0,0.0,0.0,0.0,0.0,0.0,0.0,0.0,0.0,0.0,7.0,0.0,0.0,0.0,0.0,0.0,1.0,0.0,2.0,0.0,0.0,0.0,2.0,1.0,1.0,4.0,8.0,3.0,9.0,2.0
439,1.0,439.0,London_32,FIFO,151,453,1092.0,70.0,2.0,168969.0,1.364782044198364,826.0,91.0,2.0,89.0,178.0,18.0,160.0,41.0,268.0,62.0,9.0,47.0,18.0,30.0,4.0,15.0,7.0,77.0,159.0,210.0,28.0,0.0,0.0,0.0,0.0,0.0,0.0,0.0,0.0,0.0,1.0,0.0,0.0,0.0,1.0,0.0,0.0,0.0,0.0,1.0,0.0,0.0,0.0,0.0,0.0,0.0,0.0,0.0,0.0,0.0,1.0,0.0,0.0,1.0,0.0,1.0,1.0,0.0,0.0,0.0,0.0,1.0,0.0,0.0,1.0,2.0,0.0,13.0,6.0,6.0,9.0,23.0,21.0,24.0,7.0,0.0,0.0,0.0,0.0,0.0,0.0,0.0,0.0,0.0,2.0,0.0,0.0,4.0,0.0,6.0,1.0,0.0,0.0,0.0,0.0,1.0,0.0,0.0,1.0,2.0,0.0,18.0,10.0,7.0,10.0,34.0,33.0,35.0,15.0
440,1.0,440.0,London_32,FIFO,151,453,1092.0,70.0,2.0,167610.0,1.0629907422699034,823.0,121.0,2.0,119.0,219.0,15.0,204.0,173.0,261.0,65.0,10.0,45.0,20.0,33.0,5.0,14.0,3.0,85.0,146.0,219.0,23.0,0.0,0.0,0.0,0.0,0.0,0.0,0.0,0.0,0.0,0.0,0.0,0.0,0.0,0.0,0.0,0.0,0.0,0.0,0.0,0.0,0.0,0.0,0.0,0.0,0.0,0.0,0.0,0.0,0.0,1.0,0.0,0.0,1.0,1.0,1.0,2.0,0.0,0.0,0.0,0.0,3.0,7.0,0.0,7.0,7.0,1.0,15.0,2.0,4.0,9.0,18.0,24.0,15.0,10.0,0.0,0.0,0.0,0.0,0.0,0.0,0.0,0.0,0.0,1.0,0.0,0.0,6.0,6.0,6.0,9.0,0.0,0.0,0.0,0.0,5.0,7.0,0.0,11.0,7.0,1.0,21.0,3.0,4.0,10.0,26.0,35.0,19.0,13.0
441,1.0,441.0,London_32,FIFO,151,453,1092.0,70.0,2.0,139977.0,0.8601561053656042,762.0,97.0,0.0,97.0,165.0,0.0,165.0,219.0,226.0,74.0,15.0,81.0,18.0,21.0,5.0,13.0,4.0,95.0,131.0,223.0,25.0,0.0,0.0,0.0,0.0,0.0,0.0,0.0,0.0,0.0,0.0,0.0,0.0,0.0,0.0,0.0,0.0,0.0,0.0,0.0,0.0,0.0,0.0,0.0,0.0,0.0,0.0,0.0,0.0,0.0,0.0,0.0,0.0,0.0,0.0,0.0,0.0,0.0,0.0,0.0,0.0,4.0,4.0,0.0,1.0,2.0,0.0,11.0,11.0,12.0,11.0,19.0,15.0,21.0,7.0,0.0,0.0,0.0,0.0,0.0,0.0,0.0,0.0,0.0,0.0,0.0,0.0,0.0,0.0,0.0,0.0,0.0,0.0,0.0,0.0,5.0,5.0,0.0,1.0,2.0,0.0,15.0,13.0,19.0,12.0,30.0,26.0,27.0,13.0
442,1.0,442.0,London_32,FIFO,151,453,1092.0,70.0,2.0,136806.0,1.0751827447675169,755.0,112.0,1.0,111.0,202.0,10.0,192.0,165.0,232.0,98.0,13.0,60.0,19.0,20.0,2.0,9.0,4.0,102.0,145.0,202.0,40.0,0.0,0.0,0.0,0.0,0.0,0.0,0.0,0.0,0.0,0.0,0.0,0.0,0.0,0.0,0.0,0.0,0.0,0.0,0.0,0.0,0.0,0.0,0.0,0.0,0.0,0.0,0.0,0.0,0.0,1.0,0.0,0.0,1.0,0.0,0.0,1.0,0.0,0.0,0.0,0.0,2.0,8.0,0.0,2.0,8.0,0.0,11.0,11.0,5.0,10.0,17.0,28.0,17.0,10.0,0.0,0.0,0.0,0.0,0.0,0.0,0.0,0.0,0.0,3.0,0.0,0.0,4.0,0.0,0.0,7.0,0.0,0.0,0.0,0.0,2.0,11.0,0.0,4.0,9.0,0.0,13.0,15.0,5.0,15.0,25.0,41.0,21.0,16.0
443,1.0,443.0,London_32,FIFO,151,453,1092.0,70.0,2.0,128652.0,0.8402003422379494,737.0,0.0,0.0,0.0,0.0,0.0,0.0,202.0,237.0,103.0,16.0,62.0,11.0,24.0,0.0,0.0,4.0,85.0,143.0,221.0,38.0,0.0,0.0,0.0,0.0,0.0,0.0,0.0,0.0,0.0,0.0,0.0,0.0,0.0,0.0,0.0,0.0,0.0,0.0,0.0,0.0,0.0,0.0,0.0,0.0,0.0,0.0,0.0,0.0,0.0,0.0,0.0,0.0,0.0,0.0,0.0,0.0,0.0,0.0,0.0,0.0,0.0,0.0,0.0,0.0,0.0,0.0,0.0,0.0,0.0,0.0,0.0,0.0,0.0,0.0,0.0,0.0,0.0,0.0,0.0,0.0,0.0,0.0,0.0,0.0,0.0,0.0,0.0,0.0,0.0,0.0,0.0,0.0,0.0,0.0,0.0,0.0,0.0,0.0,0.0,0.0,0.0,0.0,0.0,0.0,0.0,0.0,0.0,0.0
444,1.0,444.0,London_32,FIFO,151,453,1092.0,70.0,2.0,185277.0,1.4025262692011893,862.0,80.0,3.0,77.0,158.0,25.0,133.0,0.0,237.0,103.0,16.0,62.0,11.0,24.0,0.0,0.0,4.0,85.0,143.0,221.0,38.0,0.0,0.0,0.0,0.0,0.0,0.0,0.0,0.0,0.0,0.0,0.0,0.0,0.0,0.0,0.0,0.0,0.0,0.0,0.0,0.0,0.0,0.0,0.0,0.0,0.0,0.0,0.0,0.0,0.0,1.0,0.0,0.0,1.0,0.0,1.0,1.0,0.0,0.0,0.0,0.0,8.0,2.0,0.0,1.0,0.0,0.0,5.0,4.0,6.0,7.0,18.0,11.0,11.0,4.0,0.0,0.0,0.0,0.0,0.0,0.0,0.0,0.0,0.0,6.0,0.0,0.0,3.0,0.0,5.0,1.0,0.0,0.0,0.0,0.0,10.0,3.0,0.0,1.0,0.0,0.0,5.0,5.0,6.0,10.0,31.0,15.0,15.0,6.0
445,1.0,445.0,London_32,FIFO,151,453,1092.0,70.0,2.0,194337.0,1.409380054101348,882.0,82.0,1.0,81.0,134.0,9.0,125.0,158.0,245.0,99.0,24.0,52.0,11.0,20.0,1.0,1.0,2.0,86.0,142.0,223.0,26.0,0.0,0.0,0.0,0.0,0.0,0.0,0.0,0.0,0.0,0.0,0.0,0.0,0.0,0.0,0.0,0.0,0.0,0.0,0.0,0.0,0.0,0.0,0.0,0.0,0.0,0.0,0.0,0.0,0.0,1.0,0.0,0.0,0.0,0.0,0.0,0.0,1.0,0.0,0.0,0.0,0.0,2.0,0.0,3.0,5.0,0.0,7.0,8.0,6.0,8.0,17.0,16.0,17.0,5.0,0.0,0.0,0.0,0.0,0.0,0.0,0.0,0.0,0.0,4.0,0.0,0.0,0.0,0.0,0.0,0.0,7.0,0.0,0.0,0.0,0.0,3.0,0.0,4.0,7.0,0.0,9.0,10.0,9.0,11.0,21.0,24.0,24.0,7.0
446,1.0,446.0,London_32,FIFO,151,453,1092.0,70.0,2.0,197508.0,1.9345867559313774,889.0,112.0,0.0,112.0,200.0,0.0,200.0,134.0,250.0,118.0,24.0,32.0,3.0,22.0,2.0,2.0,4.0,88.0,145.0,216.0,23.0,0.0,0.0,0.0,0.0,0.0,0.0,0.0,0.0,0.0,0.0,0.0,0.0,0.0,0.0,0.0,0.0,0.0,0.0,0.0,0.0,0.0,0.0,0.0,0.0,0.0,0.0,0.0,0.0,0.0,0.0,0.0,0.0,0.0,0.0,0.0,0.0,0.0,0.0,0.0,0.0,2.0,0.0,0.0,2.0,6.0,0.0,5.0,12.0,11.0,9.0,17.0,28.0,23.0,7.0,0.0,0.0,0.0,0.0,0.0,0.0,0.0,0.0,0.0,0.0,0.0,0.0,0.0,0.0,0.0,0.0,0.0,0.0,0.0,0.0,3.0,0.0,0.0,3.0,8.0,0.0,5.0,16.0,19.0,12.0,25.0,43.0,28.0,13.0
447,1.0,447.0,London_32,FIFO,151,453,1092.0,70.0,2.0,185730.0,1.273420796263963,863.0,111.0,2.0,109.0,201.0,17.0,184.0,200.0,263.0,81.0,15.0,58.0,3.0,20.0,2.0,11.0,3.0,83.0,142.0,225.0,20.0,0.0,0.0,0.0,0.0,0.0,0.0,0.0,0.0,0.0,0.0,0.0,0.0,0.0,0.0,0.0,0.0,0.0,0.0,0.0,0.0,0.0,0.0,0.0,0.0,0.0,0.0,0.0,0.0,0.0,1.0,0.0,0.0,1.0,0.0,2.0,1.0,0.0,0.0,0.0,0.0,2.0,6.0,0.0,0.0,3.0,0.0,15.0,6.0,3.0,10.0,21.0,32.0,13.0,12.0,0.0,0.0,0.0,0.0,0.0,0.0,0.0,0.0,0.0,3.0,0.0,0.0,6.0,0.0,10.0,5.0,0.0,0.0,0.0,0.0,2.0,7.0,0.0,0.0,3.0,0.0,21.0,11.0,3.0,13.0,29.0,41.0,15.0,17.0
448,1.0,448.0,London_32,FIFO,151,453,1092.0,70.0,2.0,169422.0,1.367899585980922,827.0,128.0,0.0,128.0,227.0,0.0,227.0,201.0,275.0,77.0,14.0,56.0,1.0,17.0,2.0,11.0,4.0,85.0,137.0,227.0,30.0,0.0,0.0,0.0,0.0,0.0,0.0,0.0,0.0,0.0,0.0,0.0,0.0,0.0,0.0,0.0,0.0,0.0,0.0,0.0,0.0,0.0,0.0,0.0,0.0,0.0,0.0,0.0,0.0,0.0,0.0,0.0,0.0,0.0,0.0,0.0,0.0,0.0,0.0,0.0,0.0,2.0,15.0,0.0,3.0,1.0,0.0,19.0,6.0,8.0,10.0,24.0,33.0,18.0,14.0,0.0,0.0,0.0,0.0,0.0,0.0,0.0,0.0,0.0,0.0,0.0,0.0,0.0,0.0,0.0,0.0,0.0,0.0,0.0,0.0,2.0,24.0,0.0,3.0,1.0,0.0,23.0,7.0,9.0,14.0,34.0,53.0,23.0,22.0
449,1.0,449.0,London_32,FIFO,151,453,1092.0,70.0,2.0,143148.0,1.0279735741205513,769.0,116.0,0.0,116.0,202.0,0.0,202.0,227.0,246.0,84.0,17.0,72.0,8.0,14.0,6.0,6.0,3.0,95.0,147.0,208.0,37.0,0.0,0.0,0.0,0.0,0.0,0.0,0.0,0.0,0.0,0.0,0.0,0.0,0.0,0.0,0.0,0.0,0.0,0.0,0.0,0.0,0.0,0.0,0.0,0.0,0.0,0.0,0.0,0.0,0.0,0.0,0.0,0.0,0.0,0.0,0.0,0.0,0.0,0.0,0.0,0.0,1.0,5.0,2.0,0.0,4.0,0.0,10.0,2.0,8.0,8.0,20.0,22.0,23.0,10.0,0.0,0.0,0.0,0.0,0.0,0.0,0.0,0.0,0.0,0.0,0.0,0.0,0.0,0.0,0.0,0.0,0.0,0.0,0.0,0.0,1.0,10.0,2.0,0.0,5.0,0.0,16.0,2.0,12.0,11.0,30.0,31.0,26.0,17.0
450,1.0,450.0,London_32,FIFO,151,453,1092.0,70.0,2.0,125934.0,0.8857999960891902,731.0,101.0,0.0,101.0,174.0,0.0,174.0,202.0,250.0,94.0,13.0,48.0,11.0,31.0,2.0,4.0,7.0,87.0,146.0,213.0,32.0,0.0,0.0,0.0,0.0,0.0,0.0,0.0,0.0,0.0,0.0,0.0,0.0,0.0,0.0,0.0,0.0,0.0,0.0,0.0,0.0,0.0,0.0,0.0,0.0,0.0,0.0,0.0,0.0,0.0,0.0,0.0,0.0,0.0,0.0,0.0,0.0,0.0,0.0,0.0,0.0,5.0,8.0,0.0,2.0,4.0,0.0,5.0,8.0,5.0,10.0,23.0,14.0,22.0,3.0,0.0,0.0,0.0,0.0,0.0,0.0,0.0,0.0,0.0,0.0,0.0,0.0,0.0,0.0,0.0,0.0,0.0,0.0,0.0,0.0,5.0,10.0,0.0,3.0,4.0,0.0,5.0,11.0,6.0,14.0,35.0,24.0,29.0,6.0
451,1.0,451.0,London_32,FIFO,151,453,1092.0,70.0,2.0,110532.0,0.8357197572477162,697.0,16.0,3.0,13.0,48.0,28.0,20.0,174.0,258.0,87.0,15.0,49.0,13.0,26.0,0.0,5.0,6.0,85.0,163.0,199.0,25.0,0.0,0.0,0.0,0.0,0.0,0.0,0.0,0.0,0.0,0.0,0.0,0.0,0.0,0.0,0.0,0.0,0.0,0.0,0.0,0.0,0.0,0.0,0.0,0.0,0.0,0.0,0.0,0.0,0.0,1.0,0.0,0.0,1.0,0.0,1.0,2.0,0.0,0.0,0.0,0.0,1.0,1.0,0.0,0.0,0.0,0.0,0.0,1.0,1.0,1.0,0.0,5.0,1.0,0.0,0.0,0.0,0.0,0.0,0.0,0.0,0.0,0.0,0.0,4.0,0.0,0.0,1.0,0.0,8.0,4.0,0.0,0.0,0.0,0.0,1.0,2.0,0.0,0.0,0.0,0.0,0.0,1.0,1.0,1.0,0.0,6.0,2.0,0.0
452,1.0,452.0,London_32,FIFO,151,453,1092.0,70.0,2.0,136353.0,0.8703551511280239,754.0,81.0,0.0,81.0,142.0,0.0,142.0,48.0,258.0,93.0,11.0,50.0,3.0,33.0,1.0,4.0,4.0,79.0,171.0,199.0,23.0,0.0,0.0,0.0,0.0,0.0,0.0,0.0,0.0,0.0,0.0,0.0,0.0,0.0,0.0,0.0,0.0,0.0,0.0,0.0,0.0,0.0,0.0,0.0,0.0,0.0,0.0,0.0,0.0,0.0,0.0,0.0,0.0,0.0,0.0,0.0,0.0,0.0,0.0,0.0,0.0,4.0,13.0,9.0,2.0,3.0,0.0,5.0,3.0,5.0,10.0,19.0,18.0,20.0,11.0,0.0,0.0,0.0,0.0,0.0,0.0,0.0,0.0,0.0,0.0,0.0,0.0,0.0,0.0,0.0,0.0,0.0,0.0,0.0,0.0,5.0,18.0,9.0,2.0,4.0,0.0,8.0,4.0,7.0,13.0,33.0,22.0,29.0,18.0
453,1.0,453.0,London_32,FIFO,151,453,1092.0,70.0,2.0,139977.0,0.9057070799171925,762.0,81.0,1.0,80.0,142.0,9.0,133.0,142.0,267.0,90.0,6.0,52.0,4.0,32.0,1.0,1.0,7.0,69.0,157.0,220.0,30.0,0.0,0.0,0.0,0.0,0.0,0.0,0.0,0.0,0.0,0.0,0.0,0.0,0.0,0.0,0.0,0.0,0.0,0.0,0.0,0.0,0.0,0.0,0.0,0.0,0.0,0.0,0.0,0.0,0.0,0.0,0.0,0.0,0.0,1.0,0.0,1.0,0.0,0.0,0.0,0.0,0.0,3.0,0.0,1.0,5.0,0.0,2.0,7.0,9.0,8.0,14.0,15.0,17.0,6.0,0.0,0.0,0.0,0.0,0.0,0.0,0.0,0.0,0.0,0.0,0.0,0.0,0.0,5.0,0.0,4.0,0.0,0.0,0.0,0.0,0.0,3.0,0.0,3.0,5.0,0.0,2.0,10.0,12.0,9.0,23.0,22.0,21.0,9.0
454,1.0,454.0,London_32,FIFO,151,453,1092.0,70.0,2.0,135900.0,0.9960491638630629,753.0,53.0,2.0,51.0,120.0,18.0,102.0,142.0,263.0,92.0,12.0,45.0,7.0,32.0,0.0,2.0,6.0,76.0,155.0,216.0,28.0,0.0,0.0,0.0,0.0,0.0,0.0,0.0,0.0,0.0,0.0,0.0,0.0,0.0,0.0,0.0,0.0,0.0,0.0,0.0,0.0,0.0,0.0,0.0,0.0,0.0,0.0,0.0,0.0,0.0,1.0,0.0,0.0,0.0,0.0,0.0,2.0,0.0,0.0,0.0,0.0,5.0,5.0,1.0,3.0,0.0,0.0,5.0,4.0,6.0,6.0,12.0,11.0,15.0,3.0,0.0,0.0,0.0,0.0,0.0,0.0,0.0,0.0,0.0,2.0,0.0,0.0,0.0,0.0,0.0,8.0,0.0,0.0,0.0,0.0,6.0,9.0,1.0,4.0,0.0,0.0,7.0,7.0,9.0,13.0,21.0,20.0,21.0,4.0
455,1.0,455.0,London_32,FIFO,151,453,1092.0,70.0,2.0,150849.0,0.9024799540638924,786.0,90.0,0.0,90.0,151.0,0.0,151.0,120.0,259.0,88.0,18.0,54.0,4.0,24.0,2.0,4.0,5.0,72.0,155.0,221.0,20.0,0.0,0.0,0.0,0.0,0.0,0.0,0.0,0.0,0.0,0.0,0.0,0.0,0.0,0.0,0.0,0.0,0.0,0.0,0.0,0.0,0.0,0.0,0.0,0.0,0.0,0.0,0.0,0.0,0.0,0.0,0.0,0.0,0.0,0.0,0.0,0.0,0.0,0.0,0.0,0.0,5.0,7.0,3.0,3.0,1.0,0.0,8.0,10.0,4.0,5.0,12.0,23.0,21.0,8.0,0.0,0.0,0.0,0.0,0.0,0.0,0.0,0.0,0.0,0.0,0.0,0.0,0.0,0.0,0.0,0.0,0.0,0.0,0.0,0.0,5.0,8.0,3.0,5.0,1.0,0.0,10.0,13.0,6.0,6.0,16.0,35.0,28.0,9.0
456,1.0,456.0,London_32,FIFO,151,453,1092.0,70.0,2.0,153114.0,1.1476034806109965,791.0,62.0,1.0,61.0,111.0,10.0,101.0,151.0,272.0,76.0,11.0,65.0,5.0,20.0,1.0,3.0,4.0,76.0,163.0,210.0,22.0,0.0,0.0,0.0,0.0,0.0,0.0,0.0,0.0,0.0,0.0,0.0,0.0,0.0,0.0,0.0,0.0,0.0,0.0,0.0,0.0,0.0,0.0,0.0,0.0,0.0,0.0,0.0,0.0,0.0,0.0,0.0,0.0,1.0,0.0,0.0,1.0,0.0,0.0,0.0,0.0,3.0,1.0,1.0,0.0,2.0,0.0,7.0,8.0,5.0,11.0,15.0,13.0,15.0,5.0,0.0,0.0,0.0,0.0,0.0,0.0,0.0,0.0,0.0,0.0,0.0,0.0,5.0,0.0,0.0,1.0,0.0,0.0,0.0,0.0,3.0,2.0,1.0,0.0,2.0,0.0,11.0,13.0,5.0,16.0,19.0,18.0,22.0,10.0
457,1.0,457.0,London_32,FIFO,151,453,1092.0,70.0,2.0,162627.0,1.1490373839624226,812.0,70.0,1.0,69.0,132.0,10.0,122.0,111.0,286.0,81.0,12.0,44.0,4.0,21.0,0.0,5.0,3.0,82.0,167.0,201.0,18.0,0.0,0.0,0.0,0.0,0.0,0.0,0.0,0.0,0.0,0.0,0.0,0.0,0.0,0.0,0.0,0.0,0.0,0.0,0.0,0.0,0.0,0.0,0.0,0.0,0.0,0.0,0.0,0.0,0.0,1.0,0.0,0.0,1.0,0.0,0.0,0.0,0.0,0.0,0.0,0.0,5.0,8.0,5.0,0.0,7.0,1.0,6.0,12.0,1.0,9.0,8.0,21.0,8.0,8.0,0.0,0.0,0.0,0.0,0.0,0.0,0.0,0.0,0.0,1.0,0.0,0.0,1.0,0.0,0.0,0.0,0.0,0.0,0.0,0.0,6.0,11.0,5.0,0.0,8.0,1.0,6.0,18.0,1.0,13.0,10.0,36.0,11.0,11.0
458,1.0,458.0,London_32,FIFO,151,453,1092.0,70.0,2.0,166704.0,1.0857184091582894,821.0,111.0,0.0,111.0,205.0,0.0,205.0,132.0,295.0,75.0,10.0,44.0,2.0,22.0,1.0,4.0,3.0,68.0,157.0,225.0,19.0,0.0,0.0,0.0,0.0,0.0,0.0,0.0,0.0,0.0,0.0,0.0,0.0,0.0,0.0,0.0,0.0,0.0,0.0,0.0,0.0,0.0,0.0,0.0,0.0,0.0,0.0,0.0,0.0,0.0,0.0,0.0,0.0,0.0,0.0,0.0,0.0,0.0,0.0,0.0,0.0,0.0,4.0,7.0,0.0,3.0,0.0,15.0,6.0,7.0,16.0,23.0,26.0,25.0,9.0,0.0,0.0,0.0,0.0,0.0,0.0,0.0,0.0,0.0,0.0,0.0,0.0,0.0,0.0,0.0,0.0,0.0,0.0,0.0,0.0,0.0,5.0,9.0,0.0,3.0,0.0,22.0,8.0,10.0,23.0,34.0,37.0,35.0,14.0
459,1.0,459.0,London_32,FIFO,151,453,1092.0,70.0,2.0,157191.0,1.3154543908312917,800.0,125.0,0.0,125.0,232.0,0.0,232.0,205.0,268.0,73.0,13.0,63.0,5.0,25.0,0.0,6.0,5.0,82.0,136.0,230.0,28.0,0.0,0.0,0.0,0.0,0.0,0.0,0.0,0.0,0.0,0.0,0.0,0.0,0.0,0.0,0.0,0.0,0.0,0.0,0.0,0.0,0.0,0.0,0.0,0.0,0.0,0.0,0.0,0.0,0.0,0.0,0.0,0.0,0.0,0.0,0.0,0.0,0.0,0.0,0.0,0.0,4.0,6.0,2.0,2.0,4.0,0.0,19.0,8.0,6.0,15.0,22.0,33.0,11.0,9.0,0.0,0.0,0.0,0.0,0.0,0.0,0.0,0.0,0.0,0.0,0.0,0.0,0.0,0.0,0.0,0.0,0.0,0.0,0.0,0.0,5.0,9.0,2.0,2.0,4.0,0.0,25.0,10.0,6.0,24.0,38.0,47.0,13.0,18.0
460,1.0,460.0,London_32,FIFO,151,453,1092.0,70.0,2.0,133182.0,0.9543047929182649,747.0,32.0,2.0,30.0,72.0,19.0,53.0,232.0,233.0,92.0,20.0,76.0,8.0,19.0,1.0,4.0,7.0,80.0,149.0,217.0,32.0,0.0,0.0,0.0,0.0,0.0,0.0,0.0,0.0,0.0,0.0,0.0,0.0,0.0,0.0,0.0,0.0,0.0,0.0,0.0,0.0,0.0,0.0,0.0,0.0,0.0,0.0,0.0,0.0,0.0,2.0,0.0,0.0,0.0,1.0,0.0,2.0,0.0,0.0,0.0,0.0,5.0,0.0,0.0,3.0,0.0,1.0,3.0,4.0,0.0,5.0,5.0,9.0,2.0,2.0,0.0,0.0,0.0,0.0,0.0,0.0,0.0,0.0,0.0,5.0,0.0,0.0,0.0,7.0,0.0,6.0,0.0,0.0,0.0,0.0,9.0,0.0,0.0,6.0,0.0,2.0,3.0,5.0,0.0,9.0,7.0,14.0,2.0,4.0
461,1.0,461.0,London_32,FIFO,151,453,1092.0,70.0,2.0,161721.0,1.4380270172841847,810.0,81.0,2.0,79.0,152.0,17.0,135.0,72.0,234.0,96.0,15.0,76.0,6.0,21.0,1.0,4.0,3.0,77.0,153.0,220.0,32.0,0.0,0.0,0.0,0.0,0.0,0.0,0.0,0.0,0.0,0.0,0.0,0.0,0.0,0.0,0.0,0.0,0.0,0.0,0.0,0.0,0.0,0.0,0.0,0.0,0.0,0.0,0.0,0.0,0.0,2.0,0.0,0.0,2.0,0.0,0.0,1.0,0.0,0.0,0.0,0.0,3.0,0.0,0.0,2.0,0.0,0.0,8.0,7.0,2.0,13.0,18.0,21.0,17.0,9.0,0.0,0.0,0.0,0.0,0.0,0.0,0.0,0.0,0.0,6.0,0.0,0.0,7.0,0.0,0.0,5.0,0.0,0.0,0.0,0.0,4.0,0.0,0.0,5.0,0.0,0.0,10.0,11.0,3.0,16.0,24.0,31.0,22.0,16.0
462,1.0,462.0,London_32,FIFO,151,453,1092.0,70.0,2.0,163986.0,1.1358261401765049,815.0,144.0,0.0,144.0,240.0,0.0,240.0,152.0,242.0,113.0,17.0,53.0,8.0,14.0,1.0,5.0,5.0,70.0,142.0,236.0,24.0,0.0,0.0,0.0,0.0,0.0,0.0,0.0,0.0,0.0,0.0,0.0,0.0,0.0,0.0,0.0,0.0,0.0,0.0,0.0,0.0,0.0,0.0,0.0,0.0,0.0,0.0,0.0,0.0,0.0,0.0,0.0,0.0,0.0,0.0,0.0,0.0,0.0,0.0,0.0,0.0,1.0,0.0,1.0,3.0,0.0,0.0,11.0,13.0,7.0,12.0,30.0,31.0,24.0,12.0,0.0,0.0,0.0,0.0,0.0,0.0,0.0,0.0,0.0,0.0,0.0,0.0,0.0,0.0,0.0,0.0,0.0,0.0,0.0,0.0,2.0,0.0,1.0,5.0,0.0,0.0,12.0,14.0,10.0,13.0,42.0,44.0,29.0,15.0
463,1.0,463.0,London_32,FIFO,151,453,1092.0,70.0,2.0,123669.0,0.7929605008102953,726.0,35.0,2.0,33.0,67.0,18.0,49.0,240.0,236.0,88.0,12.0,81.0,11.0,21.0,1.0,3.0,3.0,68.0,148.0,234.0,26.0,0.0,0.0,0.0,0.0,0.0,0.0,0.0,0.0,0.0,0.0,0.0,0.0,0.0,0.0,0.0,0.0,0.0,0.0,0.0,0.0,0.0,0.0,0.0,0.0,0.0,0.0,0.0,0.0,0.0,0.0,0.0,0.0,1.0,1.0,0.0,1.0,0.0,0.0,0.0,0.0,3.0,1.0,0.0,1.0,0.0,0.0,2.0,1.0,1.0,7.0,4.0,7.0,5.0,4.0,0.0,0.0,0.0,0.0,0.0,0.0,0.0,0.0,0.0,0.0,0.0,0.0,5.0,8.0,0.0,2.0,0.0,0.0,0.0,0.0,3.0,2.0,0.0,1.0,0.0,0.0,3.0,2.0,2.0,7.0,6.0,11.0,7.0,6.0
464,1.0,464.0,London_32,FIFO,151,453,1092.0,70.0,2.0,140883.0,1.0902151558548212,764.0,139.0,0.0,139.0,240.0,0.0,240.0,67.0,231.0,103.0,6.0,77.0,11.0,24.0,0.0,1.0,3.0,63.0,152.0,235.0,28.0,0.0,0.0,0.0,0.0,0.0,0.0,0.0,0.0,0.0,0.0,0.0,0.0,0.0,0.0,0.0,0.0,0.0,0.0,0.0,0.0,0.0,0.0,0.0,0.0,0.0,0.0,0.0,0.0,0.0,0.0,0.0,0.0,0.0,0.0,0.0,0.0,0.0,0.0,0.0,0.0,0.0,7.0,9.0,2.0,0.0,0.0,7.0,9.0,7.0,13.0,25.0,31.0,31.0,10.0,0.0,0.0,0.0,0.0,0.0,0.0,0.0,0.0,0.0,0.0,0.0,0.0,0.0,0.0,0.0,0.0,0.0,0.0,0.0,0.0,0.0,12.0,12.0,3.0,0.0,0.0,8.0,12.0,10.0,14.0,41.0,39.0,40.0,14.0
465,1.0,465.0,London_32,FIFO,151,453,1092.0,70.0,2.0,110985.0,1.111986200325191,698.0,13.0,2.0,11.0,36.0,17.0,19.0,240.0,224.0,105.0,13.0,65.0,21.0,16.0,4.0,5.0,4.0,62.0,166.0,221.0,33.0,0.0,0.0,0.0,0.0,0.0,0.0,0.0,0.0,0.0,0.0,0.0,0.0,0.0,0.0,0.0,0.0,0.0,0.0,0.0,0.0,0.0,0.0,0.0,0.0,0.0,0.0,0.0,0.0,0.0,0.0,0.0,0.0,1.0,0.0,0.0,1.0,1.0,0.0,0.0,0.0,1.0,0.0,0.0,0.0,0.0,0.0,3.0,1.0,0.0,3.0,1.0,3.0,3.0,0.0,0.0,0.0,0.0,0.0,0.0,0.0,0.0,0.0,0.0,0.0,0.0,0.0,5.0,0.0,0.0,2.0,9.0,0.0,0.0,0.0,1.0,0.0,0.0,0.0,0.0,0.0,3.0,3.0,0.0,5.0,2.0,5.0,4.0,0.0
466,1.0,466.0,London_32,FIFO,151,453,1092.0,70.0,2.0,141789.0,0.9216788578778505,766.0,4.0,0.0,4.0,7.0,0.0,7.0,36.0,228.0,105.0,7.0,66.0,22.0,16.0,4.0,5.0,3.0,64.0,156.0,230.0,34.0,0.0,0.0,0.0,0.0,0.0,0.0,0.0,0.0,0.0,0.0,0.0,0.0,0.0,0.0,0.0,0.0,0.0,0.0,0.0,0.0,0.0,0.0,0.0,0.0,0.0,0.0,0.0,0.0,0.0,0.0,0.0,0.0,0.0,0.0,0.0,0.0,0.0,0.0,0.0,0.0,0.0,0.0,0.0,0.0,0.0,0.0,0.0,1.0,0.0,0.0,1.0,0.0,0.0,0.0,0.0,0.0,0.0,0.0,0.0,0.0,0.0,0.0,0.0,0.0,0.0,0.0,0.0,0.0,0.0,0.0,0.0,0.0,0.0,0.0,0.0,0.0,0.0,0.0,0.0,0.0,0.0,2.0,0.0,0.0,1.0,0.0,0.0,0.0
467,1.0,467.0,London_32,FIFO,151,453,1092.0,70.0,2.0,188448.0,1.1806281181052327,869.0,151.0,1.0,150.0,268.0,8.0,260.0,7.0,228.0,104.0,9.0,69.0,22.0,12.0,4.0,5.0,3.0,64.0,157.0,229.0,34.0,0.0,0.0,0.0,0.0,0.0,0.0,0.0,0.0,0.0,0.0,0.0,0.0,0.0,0.0,0.0,0.0,0.0,0.0,0.0,0.0,0.0,0.0,0.0,0.0,0.0,0.0,0.0,0.0,0.0,0.0,0.0,0.0,0.0,0.0,0.0,1.0,0.0,0.0,0.0,0.0,3.0,11.0,0.0,4.0,8.0,0.0,12.0,11.0,10.0,22.0,28.0,31.0,23.0,13.0,0.0,0.0,0.0,0.0,0.0,0.0,0.0,0.0,0.0,0.0,0.0,0.0,0.0,0.0,0.0,1.0,0.0,0.0,0.0,0.0,3.0,14.0,0.0,6.0,9.0,0.0,15.0,11.0,12.0,25.0,42.0,46.0,33.0,18.0
468,1.0,468.0,London_32,FIFO,151,453,1092.0,70.0,2.0,157644.0,1.0811800826340914,801.0,113.0,2.0,111.0,203.0,18.0,185.0,268.0,218.0,98.0,15.0,85.0,7.0,24.0,1.0,5.0,3.0,62.0,167.0,221.0,29.0,0.0,0.0,0.0,0.0,0.0,0.0,0.0,0.0,0.0,0.0,0.0,0.0,0.0,0.0,0.0,0.0,0.0,0.0,0.0,0.0,0.0,0.0,0.0,0.0,0.0,0.0,0.0,0.0,0.0,1.0,1.0,0.0,1.0,0.0,1.0,2.0,0.0,0.0,0.0,0.0,8.0,4.0,1.0,2.0,2.0,0.0,8.0,15.0,7.0,6.0,21.0,27.0,24.0,9.0,0.0,0.0,0.0,0.0,0.0,0.0,0.0,0.0,0.0,3.0,6.0,0.0,6.0,0.0,7.0,7.0,0.0,0.0,0.0,0.0,10.0,5.0,1.0,2.0,2.0,0.0,12.0,22.0,10.0,9.0,28.0,38.0,30.0,12.0
469,1.0,469.0,London_32,FIFO,151,453,1092.0,70.0,2.0,144960.0,1.2278697220608592,773.0,60.0,1.0,59.0,117.0,11.0,106.0,203.0,226.0,99.0,15.0,80.0,8.0,20.0,1.0,4.0,5.0,71.0,173.0,204.0,30.0,0.0,0.0,0.0,0.0,0.0,0.0,0.0,0.0,0.0,0.0,0.0,0.0,0.0,0.0,0.0,0.0,0.0,0.0,0.0,0.0,0.0,0.0,0.0,0.0,0.0,0.0,0.0,0.0,0.0,1.0,0.0,0.0,1.0,0.0,0.0,1.0,0.0,0.0,0.0,0.0,0.0,0.0,0.0,2.0,0.0,0.0,2.0,6.0,9.0,3.0,18.0,13.0,18.0,5.0,0.0,0.0,0.0,0.0,0.0,0.0,0.0,0.0,0.0,3.0,0.0,0.0,5.0,0.0,0.0,7.0,0.0,0.0,0.0,0.0,0.0,0.0,0.0,3.0,0.0,0.0,2.0,9.0,11.0,3.0,29.0,20.0,23.0,9.0
470,1.0,470.0,London_32,FIFO,151,453,1092.0,70.0,2.0,154926.0,0.9282941692508757,795.0,67.0,0.0,67.0,119.0,0.0,119.0,117.0,228.0,106.0,16.0,84.0,1.0,16.0,1.0,1.0,4.0,70.0,172.0,207.0,46.0,0.0,0.0,0.0,0.0,0.0,0.0,0.0,0.0,0.0,0.0,0.0,0.0,0.0,0.0,0.0,0.0,0.0,0.0,0.0,0.0,0.0,0.0,0.0,0.0,0.0,0.0,0.0,0.0,0.0,0.0,0.0,0.0,0.0,0.0,0.0,0.0,0.0,0.0,0.0,0.0,4.0,3.0,1.0,1.0,2.0,0.0,8.0,3.0,4.0,9.0,14.0,17.0,17.0,1.0,0.0,0.0,0.0,0.0,0.0,0.0,0.0,0.0,0.0,0.0,0.0,0.0,0.0,0.0,0.0,0.0,0.0,0.0,0.0,0.0,4.0,4.0,1.0,3.0,2.0,0.0,12.0,7.0,5.0,12.0,23.0,23.0,25.0,2.0
471,1.0,471.0,London_32,FIFO,151,453,1092.0,70.0,2.0,165345.0,1.3313283678144217,818.0,109.0,2.0,107.0,208.0,18.0,190.0,119.0,234.0,104.0,14.0,71.0,5.0,23.0,1.0,1.0,6.0,78.0,168.0,201.0,57.0,0.0,0.0,0.0,0.0,0.0,0.0,0.0,0.0,0.0,0.0,0.0,0.0,0.0,0.0,0.0,0.0,0.0,0.0,0.0,0.0,0.0,0.0,0.0,0.0,0.0,0.0,0.0,0.0,0.0,0.0,0.0,0.0,0.0,0.0,0.0,0.0,0.0,0.0,0.0,0.0,3.0,11.0,12.0,0.0,1.0,0.0,8.0,5.0,10.0,11.0,28.0,23.0,29.0,7.0,0.0,0.0,0.0,0.0,0.0,0.0,0.0,0.0,0.0,0.0,0.0,0.0,0.0,0.0,0.0,0.0,0.0,0.0,0.0,0.0,3.0,16.0,15.0,0.0,1.0,0.0,10.0,6.0,11.0,13.0,43.0,34.0,36.0,11.0
472,1.0,472.0,London_32,FIFO,151,453,1092.0,70.0,2.0,156285.0,0.9361682701855898,798.0,95.0,1.0,94.0,173.0,10.0,163.0,208.0,235.0,100.0,13.0,71.0,6.0,21.0,1.0,6.0,5.0,84.0,143.0,221.0,49.0,0.0,0.0,0.0,0.0,0.0,0.0,0.0,0.0,0.0,0.0,0.0,0.0,0.0,0.0,0.0,0.0,0.0,0.0,0.0,0.0,0.0,0.0,0.0,0.0,0.0,0.0,0.0,0.0,0.0,0.0,0.0,0.0,0.0,0.0,0.0,1.0,0.0,0.0,0.0,0.0,1.0,9.0,0.0,0.0,0.0,0.0,13.0,7.0,10.0,5.0,19.0,23.0,24.0,8.0,0.0,0.0,0.0,0.0,0.0,0.0,0.0,0.0,0.0,0.0,0.0,0.0,0.0,0.0,0.0,3.0,0.0,0.0,0.0,0.0,1.0,18.0,0.0,0.0,0.0,0.0,21.0,9.0,12.0,5.0,26.0,30.0,33.0,11.0
473,1.0,473.0,London_32,FIFO,151,453,1092.0,70.0,2.0,148131.0,1.1551375277340412,780.0,102.0,2.0,100.0,186.0,16.0,170.0,173.0,236.0,125.0,10.0,56.0,3.0,18.0,0.0,5.0,3.0,84.0,152.0,214.0,40.0,0.0,0.0,0.0,0.0,0.0,0.0,0.0,0.0,0.0,0.0,0.0,0.0,0.0,0.0,0.0,0.0,0.0,0.0,0.0,0.0,0.0,0.0,0.0,0.0,0.0,0.0,0.0,0.0,0.0,0.0,0.0,0.0,0.0,1.0,0.0,1.0,0.0,0.0,0.0,0.0,0.0,6.0,2.0,2.0,0.0,0.0,16.0,6.0,19.0,3.0,24.0,26.0,18.0,8.0,0.0,0.0,0.0,0.0,0.0,0.0,0.0,0.0,0.0,0.0,0.0,0.0,0.0,7.0,0.0,2.0,0.0,0.0,0.0,0.0,0.0,7.0,2.0,3.0,0.0,0.0,19.0,8.0,27.0,3.0,32.0,35.0,20.0,10.0
474,1.0,474.0,London_32,FIFO,151,453,1092.0,70.0,2.0,141789.0,1.0043481108732522,766.0,15.0,0.0,15.0,25.0,0.0,25.0,186.0,239.0,120.0,9.0,55.0,6.0,17.0,1.0,6.0,3.0,93.0,150.0,207.0,52.0,0.0,0.0,0.0,0.0,0.0,0.0,0.0,0.0,0.0,0.0,0.0,0.0,0.0,0.0,0.0,0.0,0.0,0.0,0.0,0.0,0.0,0.0,0.0,0.0,0.0,0.0,0.0,0.0,0.0,0.0,0.0,0.0,0.0,0.0,0.0,0.0,0.0,0.0,0.0,0.0,0.0,3.0,0.0,0.0,0.0,0.0,1.0,0.0,0.0,1.0,4.0,1.0,5.0,0.0,0.0,0.0,0.0,0.0,0.0,0.0,0.0,0.0,0.0,0.0,0.0,0.0,0.0,0.0,0.0,0.0,0.0,0.0,0.0,0.0,0.0,5.0,0.0,0.0,0.0,0.0,2.0,0.0,0.0,1.0,6.0,2.0,7.0,0.0
475,1.0,475.0,London_32,FIFO,151,453,1092.0,70.0,2.0,174405.0,1.3325164183042943,838.0,135.0,0.0,135.0,226.0,0.0,226.0,25.0,244.0,112.0,11.0,54.0,7.0,18.0,1.0,6.0,3.0,96.0,151.0,203.0,49.0,0.0,0.0,0.0,0.0,0.0,0.0,0.0,0.0,0.0,0.0,0.0,0.0,0.0,0.0,0.0,0.0,0.0,0.0,0.0,0.0,0.0,0.0,0.0,0.0,0.0,0.0,0.0,0.0,0.0,0.0,0.0,0.0,0.0,0.0,0.0,0.0,0.0,0.0,0.0,0.0,2.0,0.0,0.0,0.0,0.0,0.0,11.0,5.0,10.0,10.0,31.0,23.0,19.0,11.0,0.0,0.0,0.0,0.0,0.0,0.0,0.0,0.0,0.0,0.0,0.0,0.0,0.0,0.0,0.0,0.0,0.0,0.0,0.0,0.0,2.0,0.0,0.0,0.0,0.0,0.0,15.0,6.0,13.0,14.0,42.0,29.0,23.0,22.0
476,1.0,476.0,London_32,FIFO,151,453,1092.0,70.0,2.0,149490.0,1.1762268580496311,783.0,125.0,2.0,123.0,220.0,18.0,202.0,226.0,245.0,97.0,13.0,67.0,6.0,20.0,0.0,5.0,5.0,89.0,160.0,199.0,29.0,0.0,0.0,0.0,0.0,0.0,0.0,0.0,0.0,0.0,0.0,0.0,0.0,0.0,0.0,0.0,0.0,0.0,0.0,0.0,0.0,0.0,0.0,0.0,0.0,0.0,0.0,0.0,0.0,0.0,0.0,0.0,0.0,0.0,0.0,2.0,1.0,0.0,0.0,0.0,0.0,10.0,3.0,0.0,2.0,2.0,0.0,20.0,7.0,7.0,14.0,30.0,23.0,26.0,11.0,0.0,0.0,0.0,0.0,0.0,0.0,0.0,0.0,0.0,0.0,0.0,0.0,0.0,0.0,15.0,1.0,0.0,0.0,0.0,0.0,12.0,4.0,0.0,3.0,2.0,0.0,26.0,7.0,9.0,21.0,49.0,33.0,35.0,19.0
477,1.0,477.0,London_32,FIFO,151,453,1092.0,70.0,2.0,134088.0,1.0426516733132303,749.0,8.0,0.0,8.0,12.0,0.0,12.0,220.0,240.0,92.0,16.0,74.0,3.0,22.0,2.0,4.0,5.0,92.0,154.0,202.0,37.0,0.0,0.0,0.0,0.0,0.0,0.0,0.0,0.0,0.0,0.0,0.0,0.0,0.0,0.0,0.0,0.0,0.0,0.0,0.0,0.0,0.0,0.0,0.0,0.0,0.0,0.0,0.0,0.0,0.0,0.0,0.0,0.0,0.0,0.0,0.0,0.0,0.0,0.0,0.0,0.0,0.0,0.0,0.0,1.0,0.0,1.0,0.0,2.0,0.0,2.0,2.0,2.0,3.0,1.0,0.0,0.0,0.0,0.0,0.0,0.0,0.0,0.0,0.0,0.0,0.0,0.0,0.0,0.0,0.0,0.0,0.0,0.0,0.0,0.0,0.0,0.0,0.0,1.0,0.0,2.0,0.0,3.0,0.0,3.0,2.0,4.0,3.0,1.0
478,1.0,478.0,London_32,FIFO,151,453,1092.0,70.0,2.0,169875.0,1.4587957537733018,828.0,122.0,0.0,122.0,204.0,0.0,204.0,12.0,242.0,92.0,16.0,73.0,3.0,20.0,2.0,5.0,5.0,93.0,155.0,200.0,38.0,0.0,0.0,0.0,0.0,0.0,0.0,0.0,0.0,0.0,0.0,0.0,0.0,0.0,0.0,0.0,0.0,0.0,0.0,0.0,0.0,0.0,0.0,0.0,0.0,0.0,0.0,0.0,0.0,0.0,0.0,0.0,0.0,0.0,0.0,0.0,0.0,0.0,0.0,0.0,0.0,0.0,1.0,3.0,2.0,11.0,0.0,9.0,7.0,6.0,11.0,17.0,30.0,22.0,13.0,0.0,0.0,0.0,0.0,0.0,0.0,0.0,0.0,0.0,0.0,0.0,0.0,0.0,0.0,0.0,0.0,0.0,0.0,0.0,0.0,0.0,1.0,5.0,2.0,11.0,0.0,13.0,8.0,9.0,15.0,28.0,39.0,31.0,20.0
479,1.0,479.0,London_32,FIFO,151,453,1092.0,70.0,2.0,162627.0,1.1949559319764376,812.0,127.0,0.0,127.0,216.0,0.0,216.0,204.0,250.0,96.0,14.0,64.0,8.0,14.0,1.0,6.0,6.0,80.0,163.0,204.0,28.0,0.0,0.0,0.0,0.0,0.0,0.0,0.0,0.0,0.0,0.0,0.0,0.0,0.0,0.0,0.0,0.0,0.0,0.0,0.0,0.0,0.0,0.0,0.0,0.0,0.0,0.0,0.0,0.0,0.0,0.0,0.0,0.0,0.0,0.0,0.0,0.0,0.0,0.0,0.0,0.0,0.0,14.0,3.0,4.0,11.0,0.0,12.0,14.0,4.0,11.0,25.0,33.0,27.0,7.0,0.0,0.0,0.0,0.0,0.0,0.0,0.0,0.0,0.0,0.0,0.0,0.0,0.0,0.0,0.0,0.0,0.0,0.0,0.0,0.0,0.0,17.0,3.0,5.0,12.0,0.0,16.0,23.0,5.0,15.0,34.0,44.0,34.0,9.0
480,1.0,480.0,London_32,FIFO,151,453,1092.0,70.0,2.0,144960.0,1.1485727312974632,773.0,25.0,1.0,24.0,54.0,9.0,45.0,216.0,271.0,78.0,15.0,59.0,5.0,19.0,0.0,6.0,3.0,94.0,141.0,215.0,27.0,0.0,0.0,0.0,0.0,0.0,0.0,0.0,0.0,0.0,0.0,0.0,0.0,0.0,0.0,0.0,0.0,0.0,0.0,0.0,0.0,0.0,0.0,0.0,0.0,0.0,0.0,0.0,0.0,0.0,0.0,0.0,0.0,0.0,0.0,1.0,0.0,0.0,0.0,0.0,0.0,2.0,2.0,0.0,0.0,0.0,0.0,3.0,2.0,2.0,6.0,2.0,9.0,6.0,1.0,0.0,0.0,0.0,0.0,0.0,0.0,0.0,0.0,0.0,0.0,0.0,0.0,0.0,0.0,8.0,0.0,0.0,0.0,0.0,0.0,3.0,3.0,0.0,0.0,0.0,0.0,5.0,2.0,2.0,11.0,3.0,12.0,11.0,1.0
481,1.0,481.0,London_32,FIFO,151,453,1092.0,70.0,2.0,175764.0,1.6100466279312968,841.0,65.0,2.0,63.0,131.0,18.0,113.0,54.0,277.0,72.0,16.0,55.0,6.0,23.0,0.0,4.0,3.0,98.0,138.0,214.0,28.0,0.0,0.0,0.0,0.0,0.0,0.0,0.0,0.0,0.0,1.0,0.0,0.0,0.0,1.0,0.0,0.0,0.0,0.0,1.0,0.0,0.0,0.0,0.0,0.0,0.0,0.0,0.0,0.0,0.0,1.0,0.0,0.0,1.0,0.0,1.0,1.0,0.0,0.0,0.0,0.0,3.0,3.0,2.0,2.0,0.0,0.0,7.0,5.0,3.0,12.0,10.0,14.0,11.0,5.0,0.0,0.0,0.0,0.0,0.0,0.0,0.0,0.0,0.0,3.0,0.0,0.0,2.0,0.0,6.0,1.0,0.0,0.0,0.0,0.0,4.0,3.0,2.0,3.0,0.0,0.0,10.0,5.0,4.0,18.0,13.0,19.0,14.0,6.0
482,1.0,482.0,London_32,FIFO,151,453,1092.0,70.0,2.0,193884.0,1.5904520000331104,881.0,120.0,2.0,118.0,223.0,15.0,208.0,124.0,294.0,67.0,13.0,43.0,14.0,20.0,0.0,2.0,5.0,99.0,130.0,219.0,26.0,0.0,0.0,0.0,0.0,0.0,0.0,0.0,0.0,0.0,0.0,0.0,0.0,0.0,0.0,0.0,0.0,0.0,0.0,0.0,0.0,0.0,0.0,0.0,0.0,0.0,0.0,0.0,0.0,0.0,0.0,0.0,0.0,1.0,1.0,1.0,2.0,0.0,0.0,0.0,0.0,1.0,10.0,0.0,2.0,5.0,0.0,11.0,5.0,3.0,9.0,18.0,23.0,17.0,8.0,0.0,0.0,0.0,0.0,0.0,0.0,0.0,0.0,0.0,0.0,0.0,0.0,3.0,8.0,5.0,8.0,0.0,0.0,0.0,0.0,1.0,18.0,0.0,5.0,6.0,0.0,12.0,8.0,3.0,10.0,26.0,35.0,26.0,14.0
483,1.0,483.0,London_32,FIFO,151,453,1092.0,70.0,2.0,174858.0,1.1978907929733396,839.0,92.0,0.0,92.0,170.0,0.0,170.0,223.0,265.0,86.0,10.0,70.0,5.0,14.0,0.0,3.0,3.0,86.0,153.0,211.0,30.0,0.0,0.0,0.0,0.0,0.0,0.0,0.0,0.0,0.0,0.0,0.0,0.0,0.0,0.0,0.0,0.0,0.0,0.0,0.0,0.0,0.0,0.0,0.0,0.0,0.0,0.0,0.0,0.0,0.0,0.0,0.0,0.0,0.0,0.0,0.0,0.0,0.0,0.0,0.0,0.0,1.0,2.0,1.0,6.0,2.0,0.0,16.0,13.0,11.0,7.0,22.0,18.0,24.0,7.0,0.0,0.0,0.0,0.0,0.0,0.0,0.0,0.0,0.0,0.0,0.0,0.0,0.0,0.0,0.0,0.0,0.0,0.0,0.0,0.0,1.0,2.0,1.0,7.0,2.0,0.0,18.0,20.0,15.0,13.0,36.0,23.0,33.0,12.0
484,1.0,484.0,London_32,FIFO,151,453,1092.0,70.0,2.0,155379.0,1.0664348108693957,796.0,68.0,1.0,67.0,124.0,10.0,114.0,170.0,273.0,75.0,15.0,74.0,3.0,10.0,1.0,2.0,4.0,75.0,154.0,220.0,37.0,0.0,0.0,0.0,0.0,0.0,0.0,0.0,0.0,0.0,0.0,0.0,0.0,0.0,0.0,0.0,0.0,0.0,0.0,0.0,0.0,0.0,0.0,0.0,0.0,0.0,0.0,0.0,0.0,0.0,1.0,0.0,0.0,0.0,0.0,0.0,1.0,0.0,0.0,0.0,0.0,1.0,2.0,0.0,2.0,0.0,0.0,5.0,5.0,3.0,8.0,16.0,14.0,15.0,6.0,0.0,0.0,0.0,0.0,0.0,0.0,0.0,0.0,0.0,1.0,0.0,0.0,0.0,0.0,0.0,5.0,0.0,0.0,0.0,0.0,1.0,3.0,0.0,3.0,0.0,0.0,6.0,6.0,3.0,11.0,24.0,19.0,20.0,11.0
485,1.0,485.0,London_32,FIFO,151,453,1092.0,70.0,2.0,155379.0,1.0425679017789662,796.0,130.0,0.0,130.0,217.0,0.0,217.0,124.0,274.0,68.0,22.0,69.0,7.0,11.0,1.0,1.0,6.0,85.0,158.0,204.0,37.0,0.0,0.0,0.0,0.0,0.0,0.0,0.0,0.0,0.0,0.0,0.0,0.0,0.0,0.0,0.0,0.0,0.0,0.0,0.0,0.0,0.0,0.0,0.0,0.0,0.0,0.0,0.0,0.0,0.0,0.0,0.0,0.0,0.0,0.0,0.0,0.0,0.0,0.0,0.0,0.0,2.0,17.0,0.0,4.0,6.0,0.0,3.0,8.0,15.0,7.0,30.0,24.0,11.0,10.0,0.0,0.0,0.0,0.0,0.0,0.0,0.0,0.0,0.0,0.0,0.0,0.0,0.0,0.0,0.0,0.0,0.0,0.0,0.0,0.0,3.0,24.0,0.0,5.0,6.0,0.0,3.0,11.0,16.0,9.0,36.0,36.0,12.0,15.0
486,1.0,486.0,London_32,FIFO,151,453,1092.0,70.0,2.0,125028.0,0.8432929697446525,729.0,127.0,3.0,124.0,252.0,25.0,227.0,217.0,271.0,71.0,14.0,71.0,5.0,19.0,0.0,2.0,5.0,77.0,168.0,203.0,27.0,0.0,0.0,0.0,0.0,0.0,0.0,0.0,0.0,0.0,0.0,0.0,0.0,0.0,0.0,0.0,0.0,0.0,0.0,0.0,0.0,0.0,0.0,0.0,0.0,0.0,0.0,0.0,0.0,0.0,0.0,0.0,0.0,0.0,0.0,1.0,1.0,0.0,0.0,0.0,0.0,1.0,14.0,0.0,3.0,0.0,0.0,19.0,1.0,0.0,4.0,25.0,23.0,17.0,8.0,0.0,0.0,0.0,0.0,0.0,0.0,0.0,0.0,0.0,0.0,0.0,0.0,0.0,0.0,2.0,4.0,0.0,0.0,0.0,0.0,1.0,20.0,0.0,6.0,0.0,0.0,26.0,1.0,0.0,8.0,46.0,34.0,20.0,18.0
487,1.0,487.0,London_32,FIFO,151,453,1092.0,70.0,2.0,98301.0,0.5420122081413865,670.0,79.0,1.0,78.0,144.0,9.0,135.0,252.0,233.0,100.0,21.0,70.0,8.0,16.0,1.0,4.0,3.0,77.0,162.0,211.0,21.0,0.0,0.0,0.0,0.0,0.0,0.0,0.0,0.0,0.0,0.0,0.0,0.0,0.0,0.0,0.0,0.0,0.0,0.0,0.0,0.0,0.0,0.0,0.0,0.0,0.0,0.0,0.0,0.0,0.0,1.0,0.0,0.0,0.0,0.0,0.0,0.0,1.0,0.0,0.0,0.0,5.0,2.0,0.0,3.0,0.0,1.0,12.0,5.0,3.0,7.0,13.0,22.0,13.0,12.0,0.0,0.0,0.0,0.0,0.0,0.0,0.0,0.0,0.0,1.0,0.0,0.0,0.0,0.0,0.0,0.0,9.0,0.0,0.0,0.0,6.0,4.0,0.0,4.0,0.0,2.0,19.0,5.0,4.0,11.0,19.0,31.0,14.0,18.0
488,1.0,488.0,London_32,FIFO,151,453,1092.0,70.0,2.0,99660.0,0.8209488890133798,673.0,25.0,0.0,25.0,39.0,0.0,39.0,144.0,239.0,114.0,26.0,55.0,2.0,12.0,3.0,2.0,2.0,84.0,164.0,203.0,26.0,0.0,0.0,0.0,0.0,0.0,0.0,0.0,0.0,0.0,0.0,0.0,0.0,0.0,0.0,0.0,0.0,0.0,0.0,0.0,0.0,0.0,0.0,0.0,0.0,0.0,0.0,0.0,0.0,0.0,0.0,0.0,0.0,0.0,0.0,0.0,0.0,0.0,0.0,0.0,0.0,0.0,0.0,1.0,2.0,1.0,0.0,3.0,1.0,3.0,2.0,6.0,2.0,5.0,2.0,0.0,0.0,0.0,0.0,0.0,0.0,0.0,0.0,0.0,0.0,0.0,0.0,0.0,0.0,0.0,0.0,0.0,0.0,0.0,0.0,0.0,0.0,1.0,3.0,1.0,0.0,3.0,1.0,3.0,2.0,9.0,2.0,5.0,2.0
489,1.0,489.0,London_32,FIFO,151,453,1092.0,70.0,2.0,131823.0,1.0138446348719299,744.0,58.0,2.0,56.0,116.0,17.0,99.0,39.0,241.0,111.0,19.0,61.0,2.0,17.0,0.0,2.0,2.0,81.0,167.0,203.0,28.0,0.0,0.0,0.0,0.0,0.0,0.0,0.0,0.0,0.0,0.0,0.0,0.0,0.0,0.0,0.0,0.0,0.0,0.0,0.0,0.0,0.0,0.0,0.0,0.0,0.0,0.0,0.0,0.0,0.0,0.0,0.0,0.0,1.0,0.0,2.0,1.0,0.0,0.0,0.0,0.0,2.0,0.0,1.0,0.0,0.0,0.0,16.0,3.0,7.0,4.0,6.0,14.0,14.0,4.0,0.0,0.0,0.0,0.0,0.0,0.0,0.0,0.0,0.0,0.0,0.0,0.0,1.0,0.0,12.0,1.0,0.0,0.0,0.0,0.0,2.0,0.0,2.0,0.0,0.0,0.0,22.0,4.0,10.0,4.0,12.0,17.0,20.0,4.0
490,1.0,490.0,London_32,FIFO,151,453,1092.0,70.0,2.0,142242.0,1.0113655640743673,767.0,0.0,0.0,0.0,0.0,0.0,0.0,116.0,240.0,114.0,26.0,51.0,0.0,16.0,3.0,3.0,7.0,87.0,148.0,211.0,25.0,0.0,0.0,0.0,0.0,0.0,0.0,0.0,0.0,0.0,0.0,0.0,0.0,0.0,0.0,0.0,0.0,0.0,0.0,0.0,0.0,0.0,0.0,0.0,0.0,0.0,0.0,0.0,0.0,0.0,0.0,0.0,0.0,0.0,0.0,0.0,0.0,0.0,0.0,0.0,0.0,0.0,0.0,0.0,0.0,0.0,0.0,0.0,0.0,0.0,0.0,0.0,0.0,0.0,0.0,0.0,0.0,0.0,0.0,0.0,0.0,0.0,0.0,0.0,0.0,0.0,0.0,0.0,0.0,0.0,0.0,0.0,0.0,0.0,0.0,0.0,0.0,0.0,0.0,0.0,0.0,0.0,0.0,0.0,0.0,0.0,0.0,0.0,0.0
491,1.0,491.0,London_32,FIFO,151,453,1092.0,70.0,2.0,178935.0,1.3687330479733646,848.0,21.0,0.0,21.0,37.0,0.0,37.0,0.0,240.0,114.0,26.0,51.0,0.0,16.0,3.0,3.0,7.0,87.0,148.0,211.0,25.0,0.0,0.0,0.0,0.0,0.0,0.0,0.0,0.0,0.0,0.0,0.0,0.0,0.0,0.0,0.0,0.0,0.0,0.0,0.0,0.0,0.0,0.0,0.0,0.0,0.0,0.0,0.0,0.0,0.0,0.0,0.0,0.0,0.0,0.0,0.0,0.0,0.0,0.0,0.0,0.0,1.0,0.0,0.0,2.0,0.0,0.0,1.0,4.0,2.0,1.0,3.0,4.0,7.0,1.0,0.0,0.0,0.0,0.0,0.0,0.0,0.0,0.0,0.0,0.0,0.0,0.0,0.0,0.0,0.0,0.0,0.0,0.0,0.0,0.0,1.0,0.0,0.0,3.0,0.0,0.0,1.0,6.0,3.0,1.0,5.0,4.0,9.0,3.0
492,1.0,492.0,London_32,FIFO,151,453,1092.0,70.0,2.0,210192.0,1.2014277395792305,917.0,76.0,0.0,76.0,146.0,0.0,146.0,37.0,238.0,108.0,31.0,50.0,1.0,19.0,3.0,3.0,6.0,81.0,158.0,208.0,19.0,0.0,0.0,0.0,0.0,0.0,0.0,0.0,0.0,0.0,0.0,0.0,0.0,0.0,0.0,0.0,0.0,0.0,0.0,0.0,0.0,0.0,0.0,0.0,0.0,0.0,0.0,0.0,0.0,0.0,0.0,0.0,0.0,0.0,0.0,0.0,0.0,0.0,0.0,0.0,0.0,1.0,1.0,9.0,2.0,6.0,0.0,6.0,5.0,9.0,8.0,17.0,15.0,17.0,5.0,0.0,0.0,0.0,0.0,0.0,0.0,0.0,0.0,0.0,0.0,0.0,0.0,0.0,0.0,0.0,0.0,0.0,0.0,0.0,0.0,1.0,2.0,13.0,2.0,6.0,0.0,8.0,8.0,13.0,10.0,26.0,24.0,21.0,7.0
493,1.0,493.0,London_32,FIFO,151,453,1092.0,70.0,2.0,211098.0,1.4682227224111557,919.0,293.0,3.0,290.0,533.0,28.0,505.0,146.0,238.0,111.0,35.0,38.0,3.0,26.0,0.0,2.0,3.0,82.0,154.0,214.0,20.0,0.0,0.0,0.0,0.0,0.0,0.0,0.0,0.0,0.0,42.0,0.0,0.0,0.0,10.0,9.0,10.0,2.0,11.0,1.0,41.0,0.0,0.0,0.0,0.0,0.0,0.0,0.0,0.0,0.0,0.0,0.0,0.0,0.0,0.0,1.0,1.0,0.0,0.0,0.0,0.0,1.0,24.0,2.0,1.0,15.0,1.0,4.0,14.0,17.0,9.0,50.0,48.0,24.0,7.0,0.0,0.0,0.0,0.0,0.0,0.0,0.0,0.0,0.0,0.0,0.0,0.0,0.0,0.0,1.0,3.0,0.0,0.0,0.0,0.0,1.0,38.0,2.0,2.0,15.0,2.0,6.0,18.0,18.0,10.0,71.0,68.0,28.0,10.0
494,1.0,494.0,London_32,FIFO,151,453,1092.0,70.0,2.0,106455.0,0.38911594403907657,688.0,65.0,0.0,65.0,117.0,0.0,117.0,453.0,49.0,181.0,35.0,124.0,11.0,46.0,1.0,6.0,5.0,73.0,162.0,213.0,51.0,0.0,0.0,0.0,0.0,0.0,0.0,0.0,0.0,0.0,0.0,0.0,0.0,0.0,0.0,0.0,0.0,0.0,0.0,0.0,0.0,0.0,0.0,0.0,0.0,0.0,0.0,0.0,0.0,0.0,0.0,0.0,0.0,0.0,0.0,0.0,0.0,0.0,0.0,0.0,0.0,4.0,0.0,2.0,0.0,0.0,0.0,8.0,2.0,5.0,3.0,10.0,16.0,9.0,6.0,0.0,0.0,0.0,0.0,0.0,0.0,0.0,0.0,0.0,0.0,0.0,0.0,0.0,0.0,0.0,0.0,0.0,0.0,0.0,0.0,4.0,0.0,4.0,0.0,0.0,0.0,10.0,2.0,6.0,4.0,17.0,25.0,16.0,12.0
495,1.0,495.0,London_32,FIFO,151,453,1092.0,70.0,2.0,114156.0,0.508353432174772,705.0,67.0,1.0,66.0,122.0,9.0,113.0,117.0,51.0,190.0,30.0,122.0,12.0,43.0,1.0,4.0,6.0,73.0,157.0,217.0,58.0,0.0,0.0,0.0,0.0,0.0,0.0,0.0,0.0,0.0,0.0,0.0,0.0,0.0,0.0,0.0,0.0,0.0,0.0,0.0,0.0,0.0,0.0,0.0,0.0,0.0,0.0,0.0,0.0,0.0,0.0,0.0,0.0,0.0,1.0,0.0,1.0,0.0,0.0,0.0,0.0,1.0,2.0,0.0,0.0,0.0,0.0,7.0,7.0,4.0,6.0,12.0,11.0,14.0,10.0,0.0,0.0,0.0,0.0,0.0,0.0,0.0,0.0,0.0,0.0,0.0,0.0,0.0,5.0,0.0,4.0,0.0,0.0,0.0,0.0,2.0,3.0,0.0,0.0,0.0,0.0,10.0,11.0,6.0,6.0,15.0,21.0,20.0,13.0
496,1.0,496.0,London_32,FIFO,151,453,1092.0,70.0,2.0,122310.0,0.6810624403879046,723.0,47.0,2.0,45.0,100.0,18.0,82.0,122.0,59.0,188.0,30.0,111.0,13.0,48.0,2.0,2.0,7.0,79.0,162.0,205.0,58.0,0.0,0.0,0.0,0.0,0.0,0.0,0.0,0.0,0.0,0.0,0.0,0.0,0.0,0.0,0.0,0.0,0.0,0.0,0.0,0.0,0.0,0.0,0.0,0.0,0.0,0.0,0.0,0.0,0.0,1.0,0.0,0.0,0.0,0.0,0.0,2.0,0.0,0.0,0.0,0.0,1.0,1.0,3.0,0.0,0.0,0.0,5.0,3.0,2.0,7.0,9.0,11.0,6.0,6.0,0.0,0.0,0.0,0.0,0.0,0.0,0.0,0.0,0.0,3.0,0.0,0.0,0.0,0.0,0.0,8.0,0.0,0.0,0.0,0.0,3.0,1.0,4.0,0.0,0.0,0.0,6.0,7.0,4.0,12.0,13.0,14.0,10.0,10.0
497,1.0,497.0,London_32,FIFO,151,453,1092.0,70.0,2.0,139071.0,0.7334637902677059,760.0,12.0,0.0,12.0,17.0,0.0,17.0,100.0,69.0,188.0,36.0,109.0,5.0,41.0,0.0,5.0,8.0,71.0,160.0,214.0,48.0,0.0,0.0,0.0,0.0,0.0,0.0,0.0,0.0,0.0,0.0,0.0,0.0,0.0,0.0,0.0,0.0,0.0,0.0,0.0,0.0,0.0,0.0,0.0,0.0,0.0,0.0,0.0,0.0,0.0,0.0,0.0,0.0,0.0,0.0,0.0,0.0,0.0,0.0,0.0,0.0,0.0,0.0,0.0,0.0,0.0,0.0,1.0,0.0,1.0,0.0,2.0,3.0,5.0,0.0,0.0,0.0,0.0,0.0,0.0,0.0,0.0,0.0,0.0,0.0,0.0,0.0,0.0,0.0,0.0,0.0,0.0,0.0,0.0,0.0,0.0,0.0,0.0,0.0,0.0,0.0,1.0,0.0,1.0,0.0,3.0,3.0,6.0,0.0
498,1.0,498.0,London_32,FIFO,151,453,1092.0,70.0,2.0,181200.0,0.9053568611852825,853.0,82.0,1.0,81.0,133.0,10.0,123.0,17.0,71.0,186.0,36.0,106.0,8.0,42.0,0.0,4.0,7.0,73.0,160.0,213.0,49.0,0.0,0.0,0.0,0.0,0.0,0.0,0.0,0.0,0.0,0.0,0.0,0.0,0.0,0.0,0.0,0.0,0.0,0.0,0.0,0.0,0.0,0.0,0.0,0.0,0.0,0.0,0.0,0.0,0.0,0.0,0.0,0.0,1.0,0.0,0.0,1.0,0.0,0.0,0.0,0.0,2.0,2.0,0.0,2.0,0.0,0.0,3.0,3.0,2.0,6.0,16.0,19.0,17.0,7.0,0.0,0.0,0.0,0.0,0.0,0.0,0.0,0.0,0.0,0.0,0.0,0.0,1.0,0.0,0.0,3.0,0.0,0.0,0.0,0.0,3.0,2.0,0.0,5.0,0.0,0.0,3.0,4.0,2.0,8.0,25.0,25.0,21.0,10.0
499,1.0,499.0,London_32,FIFO,151,453,1092.0,70.0,2.0,191619.0,0.8309610798023641,876.0,61.0,1.0,60.0,115.0,10.0,105.0,133.0,95.0,185.0,33.0,73.0,9.0,49.0,1.0,8.0,5.0,74.0,162.0,212.0,48.0,0.0,0.0,0.0,0.0,0.0,0.0,0.0,0.0,0.0,0.0,0.0,0.0,0.0,0.0,0.0,0.0,0.0,0.0,0.0,0.0,0.0,0.0,0.0,0.0,0.0,0.0,0.0,0.0,0.0,1.0,0.0,0.0,1.0,0.0,0.0,0.0,0.0,0.0,0.0,0.0,1.0,6.0,2.0,1.0,0.0,0.0,4.0,5.0,6.0,5.0,13.0,19.0,18.0,9.0,0.0,0.0,0.0,0.0,0.0,0.0,0.0,0.0,0.0,7.0,0.0,0.0,7.0,0.0,0.0,0.0,0.0,0.0,0.0,0.0,1.0,9.0,2.0,1.0,0.0,0.0,5.0,7.0,6.0,6.0,22.0,26.0,22.0,11.0
500,1.0,500.0,London_32,FIFO,151,453,1092.0,70.0,2.0,206115.0,1.1017159959301353,908.0,126.0,0.0,126.0,227.0,0.0,227.0,115.0,105.0,183.0,32.0,75.0,3.0,49.0,2.0,4.0,5.0,74.0,153.0,221.0,48.0,0.0,0.0,0.0,0.0,0.0,0.0,0.0,0.0,0.0,0.0,0.0,0.0,0.0,0.0,0.0,0.0,0.0,0.0,0.0,0.0,0.0,0.0,0.0,0.0,0.0,0.0,0.0,0.0,0.0,0.0,0.0,0.0,0.0,0.0,0.0,0.0,0.0,0.0,0.0,0.0,1.0,6.0,4.0,0.0,2.0,0.0,15.0,9.0,11.0,13.0,26.0,33.0,11.0,9.0,0.0,0.0,0.0,0.0,0.0,0.0,0.0,0.0,0.0,0.0,0.0,0.0,0.0,0.0,0.0,0.0,0.0,0.0,0.0,0.0,1.0,7.0,5.0,0.0,2.0,0.0,17.0,14.0,15.0,19.0,38.0,54.0,12.0,15.0
501,1.0,501.0,London_32,FIFO,151,453,1092.0,70.0,2.0,190260.0,1.010708591900766,873.0,174.0,0.0,174.0,290.0,0.0,290.0,227.0,116.0,187.0,10.0,75.0,10.0,51.0,2.0,2.0,6.0,78.0,149.0,220.0,50.0,0.0,0.0,0.0,0.0,0.0,0.0,0.0,0.0,0.0,0.0,0.0,0.0,0.0,0.0,0.0,0.0,0.0,0.0,0.0,0.0,0.0,0.0,0.0,0.0,0.0,0.0,0.0,0.0,0.0,0.0,0.0,0.0,0.0,0.0,0.0,0.0,0.0,0.0,0.0,0.0,3.0,10.0,2.0,0.0,0.0,0.0,13.0,7.0,6.0,14.0,30.0,35.0,39.0,12.0,0.0,0.0,0.0,0.0,0.0,0.0,0.0,0.0,0.0,0.0,0.0,0.0,0.0,0.0,0.0,0.0,0.0,0.0,0.0,0.0,4.0,15.0,2.0,0.0,0.0,0.0,17.0,11.0,8.0,18.0,46.0,46.0,49.0,19.0
502,1.0,502.0,London_32,FIFO,151,453,1092.0,70.0,2.0,146772.0,0.9708970780484378,777.0,135.0,2.0,133.0,256.0,19.0,237.0,290.0,127.0,173.0,25.0,78.0,11.0,32.0,2.0,5.0,7.0,85.0,149.0,212.0,61.0,0.0,0.0,0.0,0.0,0.0,0.0,0.0,0.0,0.0,0.0,0.0,0.0,0.0,0.0,0.0,0.0,0.0,0.0,0.0,0.0,0.0,0.0,0.0,0.0,0.0,0.0,0.0,0.0,0.0,2.0,0.0,0.0,0.0,1.0,0.0,2.0,0.0,0.0,0.0,0.0,5.0,9.0,0.0,3.0,2.0,1.0,13.0,9.0,3.0,13.0,23.0,24.0,24.0,9.0,0.0,0.0,0.0,0.0,0.0,0.0,0.0,0.0,0.0,5.0,0.0,0.0,0.0,9.0,0.0,5.0,0.0,0.0,0.0,0.0,6.0,11.0,0.0,6.0,2.0,1.0,18.0,9.0,3.0,16.0,34.0,43.0,34.0,12.0
503,1.0,503.0,London_32,FIFO,151,453,1092.0,70.0,2.0,113703.0,0.609914371278137,704.0,2.0,2.0,0.0,17.0,17.0,0.0,256.0,142.0,174.0,20.0,71.0,7.0,32.0,2.0,5.0,9.0,77.0,147.0,220.0,62.0,0.0,0.0,0.0,0.0,0.0,0.0,0.0,0.0,0.0,0.0,0.0,0.0,0.0,0.0,0.0,0.0,0.0,0.0,0.0,0.0,0.0,0.0,0.0,0.0,0.0,0.0,0.0,0.0,0.0,2.0,0.0,0.0,2.0,0.0,0.0,2.0,0.0,0.0,0.0,0.0,0.0,0.0,0.0,0.0,0.0,0.0,0.0,0.0,0.0,0.0,0.0,0.0,0.0,0.0,0.0,0.0,0.0,0.0,0.0,0.0,0.0,0.0,0.0,8.0,0.0,0.0,11.0,0.0,0.0,6.0,0.0,0.0,0.0,0.0,0.0,0.0,0.0,0.0,0.0,0.0,0.0,0.0,0.0,0.0,0.0,0.0,0.0,0.0
504,1.0,504.0,London_32,FIFO,151,453,1092.0,70.0,2.0,156738.0,0.8162181777879596,799.0,141.0,0.0,141.0,250.0,0.0,250.0,17.0,146.0,178.0,20.0,75.0,3.0,24.0,2.0,5.0,9.0,77.0,145.0,222.0,63.0,0.0,0.0,0.0,0.0,0.0,0.0,0.0,0.0,0.0,0.0,0.0,0.0,0.0,0.0,0.0,0.0,0.0,0.0,0.0,0.0,0.0,0.0,0.0,0.0,0.0,0.0,0.0,0.0,0.0,0.0,0.0,0.0,0.0,0.0,0.0,0.0,0.0,0.0,0.0,0.0,4.0,6.0,3.0,0.0,5.0,0.0,25.0,10.0,7.0,7.0,37.0,30.0,31.0,12.0,0.0,0.0,0.0,0.0,0.0,0.0,0.0,0.0,0.0,0.0,0.0,0.0,0.0,0.0,0.0,0.0,0.0,0.0,0.0,0.0,5.0,7.0,3.0,0.0,6.0,0.0,27.0,11.0,7.0,14.0,52.0,41.0,42.0,21.0
505,1.0,505.0,London_32,FIFO,151,453,1092.0,70.0,2.0,126387.0,0.8328771269880235,732.0,118.0,2.0,116.0,208.0,18.0,190.0,250.0,165.0,164.0,17.0,63.0,5.0,32.0,3.0,4.0,10.0,86.0,147.0,210.0,70.0,0.0,0.0,0.0,0.0,0.0,0.0,0.0,0.0,0.0,0.0,0.0,0.0,0.0,0.0,0.0,0.0,0.0,0.0,0.0,0.0,0.0,0.0,0.0,0.0,0.0,0.0,0.0,0.0,0.0,0.0,0.0,0.0,1.0,1.0,0.0,1.0,0.0,0.0,0.0,0.0,1.0,10.0,8.0,4.0,5.0,0.0,9.0,11.0,6.0,8.0,18.0,31.0,20.0,11.0,0.0,0.0,0.0,0.0,0.0,0.0,0.0,0.0,0.0,0.0,0.0,0.0,2.0,8.0,0.0,2.0,0.0,0.0,0.0,0.0,1.0,12.0,8.0,7.0,5.0,0.0,11.0,14.0,8.0,10.0,26.0,47.0,26.0,16.0
506,1.0,506.0,London_32,FIFO,151,453,1092.0,70.0,2.0,106002.0,0.6637251479551196,687.0,12.0,0.0,12.0,17.0,0.0,17.0,208.0,158.0,171.0,16.0,67.0,6.0,31.0,0.0,4.0,6.0,88.0,137.0,222.0,62.0,0.0,0.0,0.0,0.0,0.0,0.0,0.0,0.0,0.0,0.0,0.0,0.0,0.0,0.0,0.0,0.0,0.0,0.0,0.0,0.0,0.0,0.0,0.0,0.0,0.0,0.0,0.0,0.0,0.0,0.0,0.0,0.0,0.0,0.0,0.0,0.0,0.0,0.0,0.0,0.0,0.0,0.0,0.0,0.0,0.0,0.0,4.0,2.0,0.0,4.0,1.0,1.0,3.0,3.0,0.0,0.0,0.0,0.0,0.0,0.0,0.0,0.0,0.0,0.0,0.0,0.0,0.0,0.0,0.0,0.0,0.0,0.0,0.0,0.0,0.0,0.0,0.0,0.0,0.0,0.0,5.0,2.0,0.0,5.0,1.0,1.0,3.0,3.0
507,1.0,507.0,London_32,FIFO,151,453,1092.0,70.0,2.0,139977.0,0.7817174349911511,762.0,45.0,2.0,43.0,95.0,17.0,78.0,17.0,155.0,177.0,13.0,68.0,5.0,32.0,0.0,3.0,6.0,86.0,145.0,216.0,62.0,0.0,0.0,0.0,0.0,0.0,0.0,0.0,0.0,0.0,0.0,0.0,0.0,0.0,0.0,0.0,0.0,0.0,0.0,0.0,0.0,0.0,0.0,0.0,0.0,0.0,0.0,0.0,0.0,0.0,0.0,0.0,0.0,1.0,0.0,0.0,1.0,1.0,0.0,0.0,0.0,0.0,1.0,2.0,0.0,0.0,0.0,4.0,6.0,2.0,4.0,10.0,7.0,11.0,6.0,0.0,0.0,0.0,0.0,0.0,0.0,0.0,0.0,0.0,0.0,0.0,0.0,2.0,0.0,0.0,3.0,8.0,0.0,0.0,0.0,0.0,2.0,2.0,0.0,0.0,0.0,6.0,8.0,4.0,4.0,19.0,10.0,14.0,10.0
508,1.0,508.0,London_32,FIFO,151,453,1092.0,70.0,2.0,161268.0,0.8765331679023802,809.0,86.0,0.0,86.0,145.0,0.0,145.0,95.0,170.0,173.0,16.0,45.0,5.0,38.0,1.0,5.0,8.0,82.0,144.0,219.0,53.0,0.0,0.0,0.0,0.0,0.0,0.0,0.0,0.0,0.0,0.0,0.0,0.0,0.0,0.0,0.0,0.0,0.0,0.0,0.0,0.0,0.0,0.0,0.0,0.0,0.0,0.0,0.0,0.0,0.0,0.0,0.0,0.0,0.0,0.0,0.0,0.0,0.0,0.0,0.0,0.0,0.0,0.0,2.0,0.0,0.0,1.0,8.0,6.0,5.0,7.0,16.0,23.0,15.0,7.0,0.0,0.0,0.0,0.0,0.0,0.0,0.0,0.0,0.0,0.0,0.0,0.0,0.0,0.0,0.0,0.0,0.0,0.0,0.0,0.0,0.0,0.0,2.0,0.0,0.0,1.0,9.0,7.0,9.0,9.0,23.0,29.0,21.0,9.0
509,1.0,509.0,London_32,FIFO,151,453,1092.0,70.0,2.0,168063.0,0.8046996160410345,824.0,32.0,1.0,31.0,58.0,8.0,50.0,145.0,174.0,178.0,7.0,45.0,9.0,35.0,0.0,5.0,8.0,72.0,149.0,224.0,59.0,0.0,0.0,0.0,0.0,0.0,0.0,0.0,0.0,0.0,0.0,0.0,0.0,0.0,0.0,0.0,0.0,0.0,0.0,0.0,0.0,0.0,0.0,0.0,0.0,0.0,0.0,0.0,0.0,0.0,0.0,0.0,0.0,1.0,0.0,0.0,1.0,0.0,0.0,0.0,0.0,2.0,1.0,0.0,0.0,0.0,1.0,5.0,2.0,1.0,2.0,4.0,10.0,6.0,1.0,0.0,0.0,0.0,0.0,0.0,0.0,0.0,0.0,0.0,0.0,0.0,0.0,3.0,0.0,0.0,1.0,0.0,0.0,0.0,0.0,2.0,1.0,0.0,0.0,0.0,2.0,8.0,3.0,1.0,2.0,5.0,15.0,7.0,2.0
510,1.0,510.0,London_32,FIFO,151,453,1092.0,70.0,2.0,196149.0,1.193691587075591,886.0,153.0,2.0,151.0,288.0,18.0,270.0,58.0,177.0,190.0,7.0,35.0,9.0,30.0,1.0,4.0,9.0,74.0,144.0,226.0,59.0,0.0,0.0,0.0,0.0,0.0,0.0,0.0,0.0,0.0,0.0,0.0,0.0,0.0,0.0,0.0,0.0,0.0,0.0,0.0,0.0,0.0,0.0,0.0,0.0,0.0,0.0,0.0,0.0,0.0,0.0,0.0,0.0,0.0,0.0,1.0,2.0,0.0,0.0,0.0,0.0,1.0,3.0,0.0,0.0,0.0,0.0,13.0,9.0,9.0,24.0,31.0,34.0,23.0,9.0,0.0,0.0,0.0,0.0,0.0,0.0,0.0,0.0,0.0,0.0,0.0,0.0,0.0,0.0,5.0,5.0,0.0,0.0,0.0,0.0,2.0,3.0,0.0,0.0,0.0,0.0,19.0,12.0,15.0,35.0,47.0,55.0,30.0,13.0
511,1.0,511.0,London_32,FIFO,151,453,1092.0,70.0,2.0,163533.0,0.8974323398433626,814.0,93.0,1.0,92.0,155.0,11.0,144.0,288.0,186.0,119.0,25.0,87.0,7.0,24.0,1.0,4.0,10.0,72.0,149.0,222.0,53.0,0.0,0.0,0.0,0.0,0.0,0.0,0.0,0.0,0.0,0.0,0.0,0.0,0.0,0.0,0.0,0.0,0.0,0.0,0.0,0.0,0.0,0.0,0.0,0.0,0.0,0.0,0.0,0.0,0.0,1.0,0.0,0.0,1.0,0.0,0.0,1.0,0.0,0.0,0.0,0.0,1.0,1.0,1.0,2.0,0.0,0.0,11.0,4.0,12.0,9.0,23.0,17.0,17.0,3.0,0.0,0.0,0.0,0.0,0.0,0.0,0.0,0.0,0.0,4.0,0.0,0.0,7.0,0.0,0.0,7.0,0.0,0.0,0.0,0.0,1.0,1.0,1.0,3.0,0.0,0.0,13.0,4.0,17.0,11.0,32.0,25.0,18.0,5.0
512,1.0,512.0,London_32,FIFO,151,453,1092.0,70.0,2.0,154473.0,0.8852892890572548,794.0,106.0,0.0,106.0,179.0,0.0,179.0,155.0,192.0,122.0,24.0,85.0,5.0,20.0,1.0,4.0,10.0,76.0,152.0,215.0,53.0,0.0,0.0,0.0,0.0,0.0,0.0,0.0,0.0,0.0,0.0,0.0,0.0,0.0,0.0,0.0,0.0,0.0,0.0,0.0,0.0,0.0,0.0,0.0,0.0,0.0,0.0,0.0,0.0,0.0,0.0,0.0,0.0,0.0,0.0,0.0,0.0,0.0,0.0,0.0,0.0,1.0,5.0,0.0,3.0,1.0,0.0,13.0,5.0,5.0,7.0,24.0,22.0,28.0,6.0,0.0,0.0,0.0,0.0,0.0,0.0,0.0,0.0,0.0,0.0,0.0,0.0,0.0,0.0,0.0,0.0,0.0,0.0,0.0,0.0,2.0,5.0,0.0,7.0,1.0,0.0,14.0,7.0,6.0,8.0,36.0,34.0,35.0,8.0
513,1.0,513.0,London_32,FIFO,151,453,1092.0,70.0,2.0,139977.0,0.9805570649914443,762.0,94.0,2.0,92.0,174.0,18.0,156.0,179.0,211.0,136.0,29.0,50.0,9.0,14.0,0.0,4.0,13.0,74.0,151.0,215.0,55.0,0.0,0.0,0.0,0.0,0.0,0.0,0.0,0.0,0.0,0.0,0.0,0.0,0.0,0.0,0.0,0.0,0.0,0.0,0.0,0.0,0.0,0.0,0.0,0.0,0.0,0.0,0.0,0.0,0.0,0.0,0.0,0.0,0.0,0.0,0.0,1.0,0.0,0.0,0.0,0.0,0.0,2.0,0.0,3.0,0.0,0.0,3.0,5.0,8.0,7.0,23.0,23.0,19.0,4.0,0.0,0.0,0.0,0.0,0.0,0.0,0.0,0.0,0.0,0.0,0.0,0.0,0.0,0.0,0.0,2.0,0.0,0.0,0.0,0.0,0.0,2.0,0.0,6.0,0.0,0.0,3.0,7.0,11.0,9.0,36.0,31.0,23.0,8.0
514,1.0,514.0,London_32,FIFO,151,453,1092.0,70.0,2.0,141336.0,0.8145934049971402,765.0,76.0,1.0,75.0,148.0,10.0,138.0,174.0,225.0,137.0,24.0,46.0,5.0,13.0,2.0,1.0,7.0,72.0,150.0,224.0,45.0,0.0,0.0,0.0,0.0,0.0,0.0,0.0,0.0,0.0,0.0,0.0,0.0,0.0,0.0,0.0,0.0,0.0,0.0,0.0,0.0,0.0,0.0,0.0,0.0,0.0,0.0,0.0,0.0,0.0,0.0,0.0,0.0,0.0,0.0,0.0,1.0,0.0,0.0,0.0,0.0,3.0,16.0,0.0,2.0,0.0,1.0,5.0,4.0,5.0,4.0,17.0,26.0,22.0,8.0,0.0,0.0,0.0,0.0,0.0,0.0,0.0,0.0,0.0,0.0,0.0,0.0,0.0,0.0,0.0,5.0,0.0,0.0,0.0,0.0,4.0,20.0,0.0,3.0,0.0,2.0,8.0,6.0,10.0,6.0,29.0,38.0,30.0,15.0
515,1.0,515.0,London_32,FIFO,151,453,1092.0,70.0,2.0,140883.0,0.8510017236694694,764.0,67.0,2.0,65.0,130.0,16.0,114.0,148.0,236.0,121.0,17.0,52.0,4.0,21.0,0.0,2.0,5.0,77.0,149.0,222.0,40.0,0.0,0.0,0.0,0.0,0.0,0.0,0.0,0.0,0.0,0.0,0.0,0.0,0.0,0.0,0.0,0.0,0.0,0.0,0.0,0.0,0.0,0.0,0.0,0.0,0.0,0.0,0.0,0.0,0.0,1.0,0.0,0.0,1.0,0.0,0.0,2.0,0.0,0.0,0.0,0.0,5.0,5.0,1.0,0.0,0.0,0.0,11.0,6.0,7.0,5.0,17.0,14.0,13.0,7.0,0.0,0.0,0.0,0.0,0.0,0.0,0.0,0.0,0.0,1.0,0.0,0.0,6.0,0.0,0.0,6.0,0.0,0.0,0.0,0.0,6.0,7.0,1.0,0.0,0.0,0.0,11.0,7.0,8.0,9.0,31.0,20.0,17.0,9.0
516,1.0,516.0,London_32,FIFO,151,453,1092.0,70.0,2.0,152661.0,0.9188304347917438,790.0,55.0,0.0,55.0,93.0,0.0,93.0,130.0,236.0,120.0,15.0,60.0,3.0,13.0,3.0,3.0,6.0,76.0,141.0,230.0,35.0,0.0,0.0,0.0,0.0,0.0,0.0,0.0,0.0,0.0,0.0,0.0,0.0,0.0,0.0,0.0,0.0,0.0,0.0,0.0,0.0,0.0,0.0,0.0,0.0,0.0,0.0,0.0,0.0,0.0,0.0,0.0,0.0,0.0,0.0,0.0,0.0,0.0,0.0,0.0,0.0,1.0,3.0,0.0,0.0,1.0,0.0,5.0,6.0,4.0,4.0,6.0,15.0,10.0,3.0,0.0,0.0,0.0,0.0,0.0,0.0,0.0,0.0,0.0,0.0,0.0,0.0,0.0,0.0,0.0,0.0,0.0,0.0,0.0,0.0,1.0,4.0,0.0,0.0,1.0,0.0,8.0,8.0,5.0,5.0,9.0,25.0,13.0,4.0
517,1.0,517.0,London_32,FIFO,151,453,1092.0,70.0,2.0,159003.0,1.0303664118982852,804.0,103.0,0.0,103.0,176.0,0.0,176.0,93.0,240.0,111.0,18.0,63.0,5.0,14.0,1.0,1.0,6.0,77.0,151.0,219.0,40.0,0.0,0.0,0.0,0.0,0.0,0.0,0.0,0.0,0.0,0.0,0.0,0.0,0.0,0.0,0.0,0.0,0.0,0.0,0.0,0.0,0.0,0.0,0.0,0.0,0.0,0.0,0.0,0.0,0.0,0.0,0.0,0.0,0.0,0.0,0.0,0.0,0.0,0.0,0.0,0.0,2.0,3.0,6.0,0.0,2.0,1.0,8.0,5.0,10.0,3.0,21.0,26.0,16.0,12.0,0.0,0.0,0.0,0.0,0.0,0.0,0.0,0.0,0.0,0.0,0.0,0.0,0.0,0.0,0.0,0.0,0.0,0.0,0.0,0.0,2.0,3.0,6.0,0.0,2.0,2.0,11.0,7.0,15.0,4.0,34.0,31.0,22.0,18.0
518,1.0,518.0,London_32,FIFO,151,453,1092.0,70.0,2.0,154020.0,1.064113155938685,793.0,68.0,2.0,66.0,122.0,18.0,104.0,176.0,246.0,91.0,24.0,71.0,2.0,17.0,0.0,2.0,9.0,77.0,157.0,210.0,39.0,0.0,0.0,0.0,0.0,0.0,0.0,0.0,0.0,0.0,0.0,0.0,0.0,0.0,0.0,0.0,0.0,0.0,0.0,0.0,0.0,0.0,0.0,0.0,0.0,0.0,0.0,0.0,0.0,0.0,0.0,0.0,0.0,0.0,0.0,2.0,1.0,0.0,0.0,0.0,0.0,1.0,8.0,0.0,2.0,0.0,0.0,2.0,4.0,4.0,2.0,17.0,12.0,15.0,8.0,0.0,0.0,0.0,0.0,0.0,0.0,0.0,0.0,0.0,0.0,0.0,0.0,0.0,0.0,15.0,5.0,0.0,0.0,0.0,0.0,1.0,10.0,0.0,3.0,0.0,0.0,3.0,4.0,4.0,2.0,25.0,15.0,21.0,10.0
519,1.0,519.0,London_32,FIFO,151,453,1092.0,70.0,2.0,162627.0,1.076214606873691,812.0,106.0,0.0,106.0,178.0,0.0,178.0,122.0,251.0,110.0,12.0,52.0,4.0,18.0,1.0,5.0,8.0,75.0,151.0,219.0,35.0,0.0,0.0,0.0,0.0,0.0,0.0,0.0,0.0,0.0,0.0,0.0,0.0,0.0,0.0,0.0,0.0,0.0,0.0,0.0,0.0,0.0,0.0,0.0,0.0,0.0,0.0,0.0,0.0,0.0,0.0,0.0,0.0,0.0,0.0,0.0,0.0,0.0,0.0,0.0,0.0,3.0,8.0,7.0,0.0,3.0,0.0,9.0,7.0,2.0,11.0,26.0,19.0,21.0,9.0,0.0,0.0,0.0,0.0,0.0,0.0,0.0,0.0,0.0,0.0,0.0,0.0,0.0,0.0,0.0,0.0,0.0,0.0,0.0,0.0,3.0,9.0,7.0,0.0,3.0,0.0,11.0,9.0,3.0,20.0,37.0,25.0,28.0,14.0
520,1.0,520.0,London_32,FIFO,151,453,1092.0,70.0,2.0,155832.0,0.9791701259091496,797.0,110.0,0.0,110.0,187.0,0.0,187.0,178.0,255.0,110.0,14.0,50.0,3.0,16.0,0.0,5.0,8.0,63.0,165.0,217.0,39.0,0.0,0.0,0.0,0.0,0.0,0.0,0.0,0.0,0.0,0.0,0.0,0.0,0.0,0.0,0.0,0.0,0.0,0.0,0.0,0.0,0.0,0.0,0.0,0.0,0.0,0.0,0.0,0.0,0.0,0.0,0.0,0.0,0.0,0.0,0.0,0.0,0.0,0.0,0.0,0.0,1.0,8.0,2.0,0.0,1.0,1.0,5.0,10.0,17.0,7.0,23.0,25.0,17.0,9.0,0.0,0.0,0.0,0.0,0.0,0.0,0.0,0.0,0.0,0.0,0.0,0.0,0.0,0.0,0.0,0.0,0.0,0.0,0.0,0.0,1.0,9.0,2.0,0.0,1.0,1.0,5.0,12.0,24.0,15.0,34.0,34.0,24.0,16.0
521,1.0,521.0,London_32,FIFO,151,453,1092.0,70.0,2.0,147225.0,0.9807464517652988,778.0,89.0,0.0,89.0,154.0,0.0,154.0,187.0,270.0,91.0,11.0,54.0,6.0,15.0,3.0,3.0,7.0,70.0,159.0,217.0,32.0,0.0,0.0,0.0,0.0,0.0,0.0,0.0,0.0,0.0,0.0,0.0,0.0,0.0,0.0,0.0,0.0,0.0,0.0,0.0,0.0,0.0,0.0,0.0,0.0,0.0,0.0,0.0,0.0,0.0,0.0,0.0,0.0,0.0,0.0,0.0,0.0,0.0,0.0,0.0,0.0,3.0,5.0,0.0,1.0,0.0,0.0,13.0,8.0,2.0,5.0,15.0,16.0,24.0,7.0,0.0,0.0,0.0,0.0,0.0,0.0,0.0,0.0,0.0,0.0,0.0,0.0,0.0,0.0,0.0,0.0,0.0,0.0,0.0,0.0,4.0,5.0,0.0,2.0,0.0,0.0,15.0,14.0,2.0,7.0,25.0,27.0,30.0,12.0
522,1.0,522.0,London_32,FIFO,151,453,1092.0,70.0,2.0,148131.0,1.0693364418111742,780.0,85.0,1.0,84.0,153.0,9.0,144.0,154.0,289.0,77.0,9.0,50.0,9.0,15.0,0.0,4.0,12.0,75.0,155.0,211.0,33.0,0.0,0.0,0.0,0.0,0.0,0.0,0.0,0.0,0.0,0.0,0.0,0.0,0.0,0.0,0.0,0.0,0.0,0.0,0.0,0.0,0.0,0.0,0.0,0.0,0.0,0.0,0.0,0.0,0.0,0.0,0.0,0.0,0.0,0.0,1.0,0.0,0.0,0.0,0.0,0.0,2.0,15.0,0.0,1.0,0.0,1.0,5.0,8.0,11.0,7.0,13.0,21.0,15.0,8.0,0.0,0.0,0.0,0.0,0.0,0.0,0.0,0.0,0.0,0.0,0.0,0.0,0.0,0.0,7.0,0.0,0.0,0.0,0.0,0.0,3.0,20.0,0.0,1.0,0.0,2.0,6.0,13.0,17.0,9.0,21.0,33.0,21.0,12.0
523,1.0,523.0,London_32,FIFO,151,453,1092.0,70.0,2.0,149943.0,1.0483739809133112,784.0,30.0,2.0,28.0,72.0,18.0,54.0,153.0,308.0,62.0,13.0,42.0,9.0,16.0,0.0,3.0,4.0,76.0,175.0,198.0,17.0,0.0,0.0,0.0,0.0,0.0,0.0,0.0,0.0,0.0,1.0,0.0,0.0,0.0,1.0,0.0,0.0,0.0,0.0,1.0,0.0,0.0,0.0,0.0,0.0,0.0,0.0,0.0,0.0,0.0,1.0,0.0,0.0,1.0,0.0,1.0,2.0,0.0,0.0,0.0,0.0,1.0,1.0,0.0,0.0,0.0,0.0,6.0,2.0,4.0,6.0,3.0,11.0,6.0,2.0,0.0,0.0,0.0,0.0,0.0,0.0,0.0,0.0,0.0,3.0,0.0,0.0,1.0,0.0,4.0,3.0,0.0,0.0,0.0,0.0,1.0,1.0,0.0,0.0,0.0,0.0,8.0,3.0,5.0,9.0,4.0,21.0,9.0,3.0
524,1.0,524.0,London_32,FIFO,151,453,1092.0,70.0,2.0,174405.0,0.9541521747596562,838.0,100.0,2.0,98.0,195.0,15.0,180.0,65.0,311.0,58.0,16.0,42.0,7.0,19.0,0.0,0.0,5.0,75.0,180.0,193.0,23.0,0.0,0.0,0.0,0.0,0.0,0.0,0.0,0.0,0.0,0.0,0.0,0.0,0.0,0.0,0.0,0.0,0.0,0.0,0.0,0.0,0.0,0.0,0.0,0.0,0.0,0.0,0.0,0.0,0.0,2.0,0.0,0.0,1.0,1.0,1.0,2.0,0.0,0.0,0.0,0.0,1.0,17.0,0.0,0.0,2.0,0.0,3.0,6.0,3.0,13.0,27.0,18.0,24.0,0.0,0.0,0.0,0.0,0.0,0.0,0.0,0.0,0.0,0.0,2.0,0.0,0.0,1.0,8.0,4.0,2.0,0.0,0.0,0.0,0.0,1.0,29.0,0.0,0.0,2.0,0.0,4.0,10.0,4.0,17.0,43.0,26.0,32.0,0.0
525,1.0,525.0,London_32,FIFO,151,453,1092.0,70.0,2.0,162174.0,0.8783946149051189,811.0,83.0,0.0,83.0,148.0,0.0,148.0,195.0,279.0,73.0,18.0,57.0,4.0,16.0,2.0,4.0,1.0,83.0,179.0,190.0,21.0,0.0,0.0,0.0,0.0,0.0,0.0,0.0,0.0,0.0,0.0,0.0,0.0,0.0,0.0,0.0,0.0,0.0,0.0,0.0,0.0,0.0,0.0,0.0,0.0,0.0,0.0,0.0,0.0,0.0,0.0,0.0,0.0,0.0,0.0,0.0,0.0,0.0,0.0,0.0,0.0,2.0,13.0,4.0,0.0,0.0,0.0,6.0,10.0,8.0,10.0,12.0,27.0,15.0,6.0,0.0,0.0,0.0,0.0,0.0,0.0,0.0,0.0,0.0,0.0,0.0,0.0,0.0,0.0,0.0,0.0,0.0,0.0,0.0,0.0,2.0,19.0,5.0,0.0,0.0,0.0,8.0,12.0,12.0,11.0,18.0,37.0,21.0,8.0
526,1.0,526.0,London_32,FIFO,151,453,1092.0,70.0,2.0,161268.0,0.9166381848044693,809.0,152.0,1.0,151.0,274.0,10.0,264.0,148.0,284.0,59.0,20.0,52.0,8.0,21.0,3.0,6.0,7.0,79.0,172.0,195.0,19.0,0.0,0.0,0.0,0.0,0.0,0.0,0.0,0.0,0.0,0.0,0.0,0.0,0.0,0.0,0.0,0.0,0.0,0.0,0.0,0.0,0.0,0.0,0.0,0.0,0.0,0.0,0.0,0.0,0.0,1.0,0.0,0.0,1.0,0.0,0.0,1.0,0.0,0.0,0.0,0.0,10.0,20.0,0.0,4.0,4.0,0.0,8.0,14.0,2.0,10.0,30.0,41.0,35.0,9.0,0.0,0.0,0.0,0.0,0.0,0.0,0.0,0.0,0.0,6.0,0.0,0.0,7.0,0.0,0.0,3.0,0.0,0.0,0.0,0.0,13.0,25.0,0.0,5.0,4.0,0.0,11.0,16.0,2.0,16.0,47.0,62.0,46.0,13.0
527,1.0,527.0,London_32,FIFO,151,453,1092.0,70.0,2.0,123216.0,0.8467618012800813,725.0,107.0,0.0,107.0,182.0,0.0,182.0,274.0,214.0,100.0,23.0,85.0,3.0,21.0,1.0,6.0,9.0,66.0,156.0,222.0,38.0,0.0,0.0,0.0,0.0,0.0,0.0,0.0,0.0,0.0,0.0,0.0,0.0,0.0,0.0,0.0,0.0,0.0,0.0,0.0,0.0,0.0,0.0,0.0,0.0,0.0,0.0,0.0,0.0,0.0,0.0,0.0,0.0,0.0,0.0,0.0,0.0,0.0,0.0,0.0,0.0,3.0,3.0,0.0,5.0,0.0,2.0,8.0,12.0,4.0,15.0,21.0,23.0,23.0,8.0,0.0,0.0,0.0,0.0,0.0,0.0,0.0,0.0,0.0,0.0,0.0,0.0,0.0,0.0,0.0,0.0,0.0,0.0,0.0,0.0,3.0,6.0,0.0,7.0,0.0,3.0,11.0,14.0,6.0,21.0,31.0,32.0,27.0,12.0
528,1.0,528.0,London_32,FIFO,151,453,1092.0,70.0,2.0,111438.0,0.7378414291888475,699.0,51.0,3.0,48.0,100.0,25.0,75.0,182.0,227.0,101.0,24.0,75.0,8.0,12.0,2.0,4.0,7.0,76.0,151.0,219.0,42.0,0.0,0.0,0.0,0.0,0.0,0.0,0.0,0.0,0.0,0.0,0.0,0.0,0.0,0.0,0.0,0.0,0.0,0.0,0.0,0.0,0.0,0.0,0.0,0.0,0.0,0.0,0.0,0.0,0.0,0.0,0.0,0.0,1.0,0.0,1.0,1.0,0.0,0.0,0.0,0.0,0.0,1.0,0.0,0.0,0.0,0.0,5.0,6.0,1.0,8.0,4.0,8.0,12.0,4.0,0.0,0.0,0.0,0.0,0.0,0.0,0.0,0.0,0.0,0.0,0.0,0.0,2.0,0.0,6.0,4.0,0.0,0.0,0.0,0.0,0.0,1.0,0.0,0.0,0.0,0.0,8.0,7.0,1.0,10.0,5.0,11.0,15.0,6.0
529,1.0,529.0,London_32,FIFO,151,453,1092.0,70.0,2.0,125481.0,1.054863201919943,730.0,22.0,1.0,21.0,45.0,9.0,36.0,100.0,225.0,103.0,27.0,76.0,5.0,9.0,2.0,6.0,3.0,87.0,147.0,216.0,41.0,0.0,0.0,0.0,0.0,0.0,0.0,0.0,0.0,0.0,0.0,0.0,0.0,0.0,0.0,0.0,0.0,0.0,0.0,0.0,0.0,0.0,0.0,0.0,0.0,0.0,0.0,0.0,0.0,0.0,1.0,0.0,0.0,0.0,0.0,0.0,0.0,1.0,0.0,0.0,0.0,1.0,0.0,0.0,0.0,0.0,0.0,7.0,2.0,0.0,3.0,6.0,7.0,6.0,5.0,0.0,0.0,0.0,0.0,0.0,0.0,0.0,0.0,0.0,3.0,0.0,0.0,0.0,0.0,0.0,0.0,8.0,0.0,0.0,0.0,1.0,0.0,0.0,0.0,0.0,0.0,10.0,2.0,0.0,4.0,10.0,9.0,9.0,7.0
530,1.0,530.0,London_32,FIFO,151,453,1092.0,70.0,2.0,147225.0,1.1028231657110155,778.0,102.0,0.0,102.0,180.0,0.0,180.0,45.0,229.0,96.0,24.0,80.0,0.0,17.0,2.0,5.0,3.0,90.0,136.0,224.0,43.0,0.0,0.0,0.0,0.0,0.0,0.0,0.0,0.0,0.0,0.0,0.0,0.0,0.0,0.0,0.0,0.0,0.0,0.0,0.0,0.0,0.0,0.0,0.0,0.0,0.0,0.0,0.0,0.0,0.0,0.0,0.0,0.0,0.0,0.0,0.0,0.0,0.0,0.0,0.0,0.0,1.0,12.0,1.0,0.0,0.0,0.0,12.0,5.0,2.0,10.0,23.0,25.0,16.0,12.0,0.0,0.0,0.0,0.0,0.0,0.0,0.0,0.0,0.0,0.0,0.0,0.0,0.0,0.0,0.0,0.0,0.0,0.0,0.0,0.0,1.0,18.0,1.0,0.0,0.0,0.0,19.0,7.0,4.0,11.0,39.0,32.0,23.0,15.0
531,1.0,531.0,London_32,FIFO,151,453,1092.0,70.0,2.0,134994.0,0.8761183186434209,751.0,73.0,2.0,71.0,132.0,17.0,115.0,180.0,241.0,83.0,28.0,67.0,5.0,24.0,0.0,5.0,8.0,88.0,145.0,212.0,27.0,0.0,0.0,0.0,0.0,0.0,0.0,0.0,0.0,0.0,0.0,0.0,0.0,0.0,0.0,0.0,0.0,0.0,0.0,0.0,0.0,0.0,0.0,0.0,0.0,0.0,0.0,0.0,0.0,0.0,1.0,0.0,0.0,1.0,0.0,2.0,1.0,0.0,0.0,0.0,0.0,2.0,5.0,0.0,0.0,1.0,0.0,6.0,9.0,0.0,17.0,13.0,15.0,11.0,5.0,0.0,0.0,0.0,0.0,0.0,0.0,0.0,0.0,0.0,2.0,0.0,0.0,4.0,0.0,15.0,5.0,0.0,0.0,0.0,0.0,3.0,6.0,0.0,0.0,1.0,0.0,8.0,11.0,0.0,20.0,19.0,19.0,13.0,11.0
532,1.0,532.0,London_32,FIFO,151,453,1092.0,70.0,2.0,134541.0,1.1500313831493258,750.0,50.0,0.0,50.0,87.0,0.0,87.0,132.0,252.0,80.0,23.0,73.0,3.0,18.0,0.0,4.0,10.0,79.0,158.0,206.0,25.0,0.0,0.0,0.0,0.0,0.0,0.0,0.0,0.0,0.0,0.0,0.0,0.0,0.0,0.0,0.0,0.0,0.0,0.0,0.0,0.0,0.0,0.0,0.0,0.0,0.0,0.0,0.0,0.0,0.0,0.0,0.0,0.0,0.0,0.0,0.0,0.0,0.0,0.0,0.0,0.0,2.0,0.0,4.0,1.0,0.0,0.0,4.0,8.0,6.0,6.0,11.0,11.0,11.0,6.0,0.0,0.0,0.0,0.0,0.0,0.0,0.0,0.0,0.0,0.0,0.0,0.0,0.0,0.0,0.0,0.0,0.0,0.0,0.0,0.0,2.0,0.0,4.0,1.0,0.0,0.0,6.0,9.0,10.0,8.0,17.0,13.0,14.0,14.0
533,1.0,533.0,London_32,FIFO,151,453,1092.0,70.0,2.0,154926.0,1.7387825879268348,795.0,114.0,0.0,114.0,180.0,0.0,180.0,87.0,258.0,87.0,23.0,66.0,3.0,16.0,0.0,0.0,9.0,79.0,154.0,211.0,26.0,0.0,0.0,0.0,0.0,0.0,0.0,0.0,0.0,0.0,0.0,0.0,0.0,0.0,0.0,0.0,0.0,0.0,0.0,0.0,0.0,0.0,0.0,0.0,0.0,0.0,0.0,0.0,0.0,0.0,0.0,0.0,0.0,0.0,0.0,0.0,0.0,0.0,0.0,0.0,0.0,5.0,3.0,4.0,2.0,6.0,2.0,7.0,13.0,7.0,3.0,15.0,25.0,14.0,13.0,0.0,0.0,0.0,0.0,0.0,0.0,0.0,0.0,0.0,0.0,0.0,0.0,0.0,0.0,0.0,0.0,0.0,0.0,0.0,0.0,5.0,4.0,5.0,5.0,7.0,3.0,8.0,18.0,8.0,4.0,17.0,34.0,20.0,17.0
534,1.0,534.0,London_32,FIFO,151,453,1092.0,70.0,2.0,147678.0,1.1215330436825752,779.0,56.0,0.0,56.0,89.0,0.0,89.0,180.0,272.0,89.0,20.0,49.0,4.0,14.0,2.0,3.0,6.0,81.0,154.0,212.0,18.0,0.0,0.0,0.0,0.0,0.0,0.0,0.0,0.0,0.0,0.0,0.0,0.0,0.0,0.0,0.0,0.0,0.0,0.0,0.0,0.0,0.0,0.0,0.0,0.0,0.0,0.0,0.0,0.0,0.0,0.0,0.0,0.0,0.0,0.0,0.0,0.0,0.0,0.0,0.0,0.0,2.0,1.0,1.0,1.0,0.0,0.0,4.0,9.0,4.0,8.0,9.0,15.0,7.0,6.0,0.0,0.0,0.0,0.0,0.0,0.0,0.0,0.0,0.0,0.0,0.0,0.0,0.0,0.0,0.0,0.0,0.0,0.0,0.0,0.0,3.0,1.0,1.0,1.0,0.0,0.0,6.0,11.0,5.0,9.0,12.0,19.0,11.0,8.0
535,1.0,535.0,London_32,FIFO,151,453,1092.0,70.0,2.0,163080.0,1.2736750086769462,813.0,29.0,3.0,26.0,70.0,28.0,42.0,89.0,273.0,91.0,19.0,50.0,5.0,12.0,1.0,2.0,6.0,90.0,155.0,202.0,27.0,0.0,0.0,0.0,0.0,0.0,0.0,0.0,0.0,0.0,0.0,0.0,0.0,0.0,0.0,0.0,0.0,0.0,0.0,0.0,0.0,0.0,0.0,0.0,0.0,0.0,0.0,0.0,0.0,0.0,1.0,1.0,0.0,1.0,0.0,1.0,1.0,0.0,0.0,0.0,0.0,1.0,0.0,0.0,0.0,0.0,0.0,5.0,1.0,1.0,8.0,3.0,8.0,7.0,5.0,0.0,0.0,0.0,0.0,0.0,0.0,0.0,0.0,0.0,5.0,2.0,0.0,2.0,0.0,7.0,6.0,0.0,0.0,0.0,0.0,2.0,0.0,0.0,0.0,0.0,0.0,5.0,1.0,1.0,10.0,3.0,8.0,8.0,7.0
536,1.0,536.0,London_32,FIFO,151,453,1092.0,70.0,2.0,195243.0,1.3121901671402156,884.0,126.0,0.0,126.0,212.0,0.0,212.0,70.0,278.0,89.0,17.0,51.0,2.0,11.0,1.0,4.0,6.0,87.0,154.0,206.0,25.0,0.0,0.0,0.0,0.0,0.0,0.0,0.0,0.0,0.0,0.0,0.0,0.0,0.0,0.0,0.0,0.0,0.0,0.0,0.0,0.0,0.0,0.0,0.0,0.0,0.0,0.0,0.0,0.0,0.0,0.0,0.0,0.0,0.0,0.0,0.0,0.0,0.0,0.0,0.0,0.0,2.0,12.0,0.0,4.0,11.0,1.0,3.0,7.0,8.0,12.0,22.0,27.0,18.0,9.0,0.0,0.0,0.0,0.0,0.0,0.0,0.0,0.0,0.0,0.0,0.0,0.0,0.0,0.0,0.0,0.0,0.0,0.0,0.0,0.0,2.0,17.0,0.0,4.0,11.0,2.0,3.0,8.0,9.0,16.0,32.0,37.0,22.0,9.0
537,1.0,537.0,London_32,FIFO,151,453,1092.0,70.0,2.0,183918.0,1.1039846879430115,859.0,109.0,1.0,108.0,198.0,9.0,189.0,212.0,259.0,89.0,21.0,56.0,5.0,19.0,1.0,3.0,9.0,80.0,146.0,218.0,28.0,0.0,0.0,0.0,0.0,0.0,0.0,0.0,0.0,0.0,0.0,0.0,0.0,0.0,0.0,0.0,0.0,0.0,0.0,0.0,0.0,0.0,0.0,0.0,0.0,0.0,0.0,0.0,0.0,0.0,0.0,0.0,0.0,0.0,1.0,0.0,1.0,0.0,0.0,0.0,0.0,5.0,0.0,0.0,3.0,0.0,0.0,19.0,7.0,6.0,13.0,18.0,25.0,19.0,8.0,0.0,0.0,0.0,0.0,0.0,0.0,0.0,0.0,0.0,0.0,0.0,0.0,0.0,5.0,0.0,3.0,0.0,0.0,0.0,0.0,7.0,0.0,0.0,5.0,0.0,0.0,25.0,12.0,10.0,16.0,25.0,36.0,25.0,12.0
538,1.0,538.0,London_32,FIFO,151,453,1092.0,70.0,2.0,174405.0,1.0657936446368694,838.0,117.0,2.0,115.0,218.0,18.0,200.0,198.0,262.0,96.0,16.0,54.0,5.0,14.0,3.0,3.0,4.0,78.0,146.0,225.0,21.0,0.0,0.0,0.0,0.0,0.0,0.0,0.0,0.0,0.0,0.0,0.0,0.0,0.0,0.0,0.0,0.0,0.0,0.0,0.0,0.0,0.0,0.0,0.0,0.0,0.0,0.0,0.0,0.0,0.0,0.0,0.0,0.0,0.0,0.0,0.0,1.0,0.0,0.0,0.0,0.0,6.0,2.0,0.0,2.0,0.0,1.0,18.0,8.0,7.0,12.0,25.0,32.0,23.0,10.0,0.0,0.0,0.0,0.0,0.0,0.0,0.0,0.0,0.0,0.0,0.0,0.0,0.0,0.0,0.0,2.0,0.0,0.0,0.0,0.0,8.0,3.0,0.0,2.0,0.0,2.0,24.0,10.0,11.0,13.0,38.0,41.0,28.0,14.0
539,1.0,539.0,London_32,FIFO,151,453,1092.0,70.0,2.0,157191.0,1.0877328347414732,800.0,117.0,0.0,117.0,185.0,0.0,185.0,218.0,237.0,106.0,18.0,67.0,4.0,14.0,1.0,6.0,5.0,85.0,128.0,235.0,31.0,0.0,0.0,0.0,0.0,0.0,0.0,0.0,0.0,0.0,0.0,0.0,0.0,0.0,0.0,0.0,0.0,0.0,0.0,0.0,0.0,0.0,0.0,0.0,0.0,0.0,0.0,0.0,0.0,0.0,0.0,0.0,0.0,0.0,0.0,0.0,0.0,0.0,0.0,0.0,0.0,2.0,0.0,0.0,2.0,0.0,0.0,7.0,5.0,5.0,9.0,13.0,25.0,21.0,10.0,0.0,0.0,0.0,0.0,0.0,0.0,0.0,0.0,0.0,0.0,0.0,0.0,0.0,0.0,0.0,0.0,0.0,0.0,0.0,0.0,2.0,0.0,0.0,3.0,0.0,0.0,8.0,5.0,6.0,10.0,20.0,36.0,29.0,15.0
540,1.0,540.0,London_32,FIFO,151,453,1092.0,70.0,2.0,148584.0,1.180747487116605,781.0,57.0,1.0,56.0,106.0,10.0,96.0,185.0,253.0,110.0,14.0,51.0,10.0,10.0,0.0,5.0,7.0,81.0,120.0,245.0,42.0,0.0,0.0,0.0,0.0,0.0,0.0,0.0,0.0,0.0,0.0,0.0,0.0,0.0,0.0,0.0,0.0,0.0,0.0,0.0,0.0,0.0,0.0,0.0,0.0,0.0,0.0,0.0,0.0,0.0,0.0,0.0,0.0,1.0,0.0,0.0,1.0,0.0,0.0,0.0,0.0,1.0,2.0,0.0,0.0,0.0,0.0,10.0,7.0,5.0,6.0,18.0,9.0,15.0,2.0,0.0,0.0,0.0,0.0,0.0,0.0,0.0,0.0,0.0,0.0,0.0,0.0,3.0,0.0,0.0,3.0,0.0,0.0,0.0,0.0,1.0,2.0,0.0,0.0,0.0,0.0,14.0,10.0,11.0,6.0,26.0,12.0,16.0,3.0
541,1.0,541.0,London_32,FIFO,151,453,1092.0,70.0,2.0,168969.0,1.4518215069547296,826.0,81.0,1.0,80.0,145.0,10.0,135.0,106.0,257.0,114.0,8.0,43.0,11.0,15.0,0.0,5.0,6.0,89.0,119.0,239.0,42.0,0.0,0.0,0.0,0.0,0.0,0.0,0.0,0.0,0.0,0.0,0.0,0.0,0.0,0.0,0.0,0.0,0.0,0.0,0.0,0.0,0.0,0.0,0.0,0.0,0.0,0.0,0.0,0.0,0.0,1.0,0.0,0.0,1.0,0.0,0.0,0.0,0.0,0.0,0.0,0.0,0.0,3.0,0.0,1.0,5.0,0.0,18.0,4.0,3.0,12.0,9.0,25.0,21.0,7.0,0.0,0.0,0.0,0.0,0.0,0.0,0.0,0.0,0.0,1.0,0.0,0.0,5.0,0.0,0.0,0.0,0.0,0.0,0.0,0.0,0.0,5.0,0.0,2.0,5.0,0.0,24.0,4.0,4.0,17.0,12.0,36.0,30.0,10.0
542,1.0,542.0,London_32,FIFO,151,453,1092.0,70.0,2.0,168969.0,1.1556393043138087,826.0,127.0,0.0,127.0,216.0,0.0,216.0,145.0,261.0,117.0,18.0,38.0,5.0,12.0,0.0,2.0,3.0,89.0,129.0,232.0,37.0,0.0,0.0,0.0,0.0,0.0,0.0,0.0,0.0,0.0,0.0,0.0,0.0,0.0,0.0,0.0,0.0,0.0,0.0,0.0,0.0,0.0,0.0,0.0,0.0,0.0,0.0,0.0,0.0,0.0,0.0,0.0,0.0,0.0,0.0,0.0,0.0,0.0,0.0,0.0,0.0,2.0,4.0,0.0,4.0,7.0,0.0,13.0,5.0,12.0,12.0,20.0,35.0,8.0,12.0,0.0,0.0,0.0,0.0,0.0,0.0,0.0,0.0,0.0,0.0,0.0,0.0,0.0,0.0,0.0,0.0,0.0,0.0,0.0,0.0,2.0,4.0,0.0,5.0,7.0,0.0,20.0,6.0,16.0,16.0,27.0,51.0,10.0,19.0
543,1.0,543.0,London_32,FIFO,151,453,1092.0,70.0,2.0,142242.0,0.973097275942564,767.0,59.0,0.0,59.0,111.0,0.0,111.0,216.0,264.0,85.0,9.0,61.0,6.0,17.0,3.0,8.0,4.0,98.0,148.0,203.0,17.0,0.0,0.0,0.0,0.0,0.0,0.0,0.0,0.0,0.0,0.0,0.0,0.0,0.0,0.0,0.0,0.0,0.0,0.0,0.0,0.0,0.0,0.0,0.0,0.0,0.0,0.0,0.0,0.0,0.0,0.0,0.0,0.0,0.0,0.0,0.0,0.0,0.0,0.0,0.0,0.0,2.0,7.0,1.0,1.0,0.0,0.0,6.0,7.0,1.0,8.0,14.0,15.0,13.0,5.0,0.0,0.0,0.0,0.0,0.0,0.0,0.0,0.0,0.0,0.0,0.0,0.0,0.0,0.0,0.0,0.0,0.0,0.0,0.0,0.0,2.0,9.0,1.0,1.0,0.0,0.0,7.0,11.0,2.0,9.0,23.0,27.0,19.0,11.0
544,1.0,544.0,London_32,FIFO,151,453,1092.0,70.0,2.0,153114.0,0.9147728681564331,791.0,85.0,2.0,83.0,150.0,19.0,131.0,111.0,281.0,65.0,14.0,57.0,15.0,12.0,2.0,7.0,6.0,86.0,160.0,201.0,24.0,0.0,0.0,0.0,0.0,0.0,0.0,0.0,0.0,0.0,0.0,0.0,0.0,0.0,0.0,0.0,0.0,0.0,0.0,0.0,0.0,0.0,0.0,0.0,0.0,0.0,0.0,0.0,0.0,0.0,2.0,0.0,0.0,1.0,1.0,0.0,2.0,0.0,0.0,0.0,0.0,6.0,13.0,1.0,1.0,0.0,0.0,6.0,3.0,3.0,13.0,13.0,15.0,8.0,11.0,0.0,0.0,0.0,0.0,0.0,0.0,0.0,0.0,0.0,7.0,0.0,0.0,3.0,8.0,0.0,10.0,0.0,0.0,0.0,0.0,7.0,20.0,1.0,2.0,0.0,0.0,9.0,4.0,4.0,15.0,20.0,20.0,11.0,16.0
545,1.0,545.0,London_32,FIFO,151,453,1092.0,70.0,2.0,156738.0,1.3352663442492485,799.0,73.0,2.0,71.0,142.0,17.0,125.0,150.0,278.0,75.0,16.0,57.0,3.0,17.0,0.0,7.0,9.0,84.0,149.0,211.0,19.0,0.0,0.0,0.0,0.0,0.0,0.0,0.0,0.0,0.0,0.0,0.0,0.0,0.0,0.0,0.0,0.0,0.0,0.0,0.0,0.0,0.0,0.0,0.0,0.0,0.0,0.0,0.0,0.0,0.0,1.0,0.0,0.0,2.0,0.0,0.0,2.0,0.0,0.0,0.0,0.0,2.0,5.0,2.0,0.0,1.0,0.0,8.0,5.0,3.0,8.0,9.0,16.0,28.0,5.0,0.0,0.0,0.0,0.0,0.0,0.0,0.0,0.0,0.0,6.0,0.0,0.0,7.0,0.0,0.0,7.0,0.0,0.0,0.0,0.0,3.0,6.0,3.0,0.0,2.0,0.0,11.0,6.0,5.0,10.0,17.0,22.0,35.0,9.0
546,1.0,546.0,London_32,FIFO,151,453,1092.0,70.0,2.0,159003.0,1.5220811110921204,804.0,107.0,0.0,107.0,191.0,0.0,191.0,142.0,285.0,64.0,22.0,59.0,1.0,15.0,1.0,6.0,10.0,78.0,151.0,214.0,19.0,0.0,0.0,0.0,0.0,0.0,0.0,0.0,0.0,0.0,0.0,0.0,0.0,0.0,0.0,0.0,0.0,0.0,0.0,0.0,0.0,0.0,0.0,0.0,0.0,0.0,0.0,0.0,0.0,0.0,0.0,0.0,0.0,0.0,0.0,0.0,0.0,0.0,0.0,0.0,0.0,2.0,6.0,0.0,0.0,8.0,0.0,8.0,9.0,1.0,10.0,16.0,27.0,23.0,13.0,0.0,0.0,0.0,0.0,0.0,0.0,0.0,0.0,0.0,0.0,0.0,0.0,0.0,0.0,0.0,0.0,0.0,0.0,0.0,0.0,3.0,6.0,0.0,0.0,8.0,0.0,10.0,13.0,3.0,12.0,28.0,37.0,31.0,22.0
547,1.0,547.0,London_32,FIFO,151,453,1092.0,70.0,2.0,148584.0,1.0033498997800052,781.0,123.0,2.0,121.0,223.0,18.0,205.0,191.0,278.0,70.0,12.0,64.0,5.0,15.0,2.0,7.0,4.0,94.0,144.0,211.0,32.0,0.0,0.0,0.0,0.0,0.0,0.0,0.0,0.0,0.0,0.0,0.0,0.0,0.0,0.0,0.0,0.0,0.0,0.0,0.0,0.0,0.0,0.0,0.0,0.0,0.0,0.0,0.0,0.0,0.0,0.0,0.0,0.0,0.0,1.0,0.0,1.0,0.0,0.0,0.0,0.0,0.0,8.0,1.0,1.0,4.0,0.0,8.0,3.0,1.0,15.0,32.0,27.0,16.0,5.0,0.0,0.0,0.0,0.0,0.0,0.0,0.0,0.0,0.0,0.0,0.0,0.0,0.0,7.0,0.0,5.0,0.0,0.0,0.0,0.0,0.0,9.0,1.0,1.0,4.0,0.0,10.0,5.0,1.0,20.0,45.0,37.0,20.0,9.0
548,1.0,548.0,London_32,FIFO,151,453,1092.0,70.0,2.0,130917.0,0.9095023339614272,742.0,12.0,0.0,12.0,22.0,0.0,22.0,223.0,259.0,86.0,17.0,54.0,7.0,19.0,2.0,9.0,3.0,79.0,157.0,214.0,27.0,0.0,0.0,0.0,0.0,0.0,0.0,0.0,0.0,0.0,0.0,0.0,0.0,0.0,0.0,0.0,0.0,0.0,0.0,0.0,0.0,0.0,0.0,0.0,0.0,0.0,0.0,0.0,0.0,0.0,0.0,0.0,0.0,0.0,0.0,0.0,0.0,0.0,0.0,0.0,0.0,0.0,0.0,0.0,0.0,0.0,0.0,1.0,2.0,2.0,1.0,3.0,2.0,5.0,0.0,0.0,0.0,0.0,0.0,0.0,0.0,0.0,0.0,0.0,0.0,0.0,0.0,0.0,0.0,0.0,0.0,0.0,0.0,0.0,0.0,0.0,0.0,0.0,0.0,0.0,0.0,2.0,2.0,3.0,1.0,5.0,3.0,7.0,0.0
549,1.0,549.0,London_32,FIFO,151,453,1092.0,70.0,2.0,168063.0,1.074877095874399,824.0,63.0,2.0,61.0,122.0,17.0,105.0,22.0,259.0,82.0,21.0,54.0,7.0,20.0,2.0,8.0,3.0,83.0,153.0,214.0,27.0,0.0,0.0,0.0,0.0,0.0,0.0,0.0,0.0,0.0,0.0,0.0,0.0,0.0,0.0,0.0,0.0,0.0,0.0,0.0,0.0,0.0,0.0,0.0,0.0,0.0,0.0,0.0,0.0,0.0,0.0,0.0,0.0,1.0,0.0,0.0,1.0,1.0,0.0,0.0,0.0,1.0,1.0,0.0,0.0,0.0,0.0,7.0,10.0,6.0,5.0,11.0,10.0,9.0,10.0,0.0,0.0,0.0,0.0,0.0,0.0,0.0,0.0,0.0,0.0,0.0,0.0,4.0,0.0,0.0,1.0,9.0,0.0,0.0,0.0,1.0,1.0,0.0,0.0,0.0,0.0,12.0,13.0,7.0,9.0,16.0,14.0,10.0,14.0
550,1.0,550.0,London_32,FIFO,151,453,1092.0,70.0,2.0,180747.0,1.4652848639525473,852.0,130.0,0.0,130.0,240.0,0.0,240.0,122.0,262.0,94.0,15.0,43.0,11.0,21.0,0.0,7.0,6.0,91.0,142.0,214.0,29.0,0.0,0.0,0.0,0.0,0.0,0.0,0.0,0.0,0.0,0.0,0.0,0.0,0.0,0.0,0.0,0.0,0.0,0.0,0.0,0.0,0.0,0.0,0.0,0.0,0.0,0.0,0.0,0.0,0.0,0.0,0.0,0.0,0.0,0.0,0.0,0.0,0.0,0.0,0.0,0.0,0.0,9.0,2.0,1.0,3.0,2.0,6.0,3.0,1.0,8.0,28.0,18.0,18.0,11.0,0.0,0.0,0.0,0.0,0.0,0.0,0.0,0.0,0.0,0.0,0.0,0.0,0.0,0.0,0.0,0.0,0.0,0.0,0.0,0.0,0.0,11.0,2.0,3.0,3.0,3.0,7.0,5.0,1.0,11.0,43.0,28.0,24.0,19.0
551,1.0,551.0,London_32,FIFO,151,453,1092.0,70.0,2.0,162174.0,1.00439755897969,811.0,100.0,1.0,99.0,169.0,8.0,161.0,240.0,234.0,86.0,18.0,69.0,6.0,28.0,8.0,4.0,10.0,70.0,155.0,218.0,23.0,0.0,0.0,0.0,0.0,0.0,0.0,0.0,0.0,0.0,0.0,0.0,0.0,0.0,0.0,0.0,0.0,0.0,0.0,0.0,0.0,0.0,0.0,0.0,0.0,0.0,0.0,0.0,0.0,0.0,0.0,0.0,0.0,1.0,0.0,0.0,1.0,0.0,0.0,0.0,0.0,7.0,1.0,1.0,6.0,0.0,0.0,6.0,8.0,6.0,10.0,16.0,24.0,13.0,15.0,0.0,0.0,0.0,0.0,0.0,0.0,0.0,0.0,0.0,0.0,0.0,0.0,6.0,0.0,0.0,2.0,0.0,0.0,0.0,0.0,7.0,2.0,1.0,11.0,0.0,0.0,6.0,15.0,9.0,15.0,17.0,34.0,16.0,23.0
552,1.0,552.0,London_32,FIFO,151,453,1092.0,70.0,2.0,149943.0,1.0205288771539927,784.0,48.0,2.0,46.0,93.0,18.0,75.0,169.0,251.0,83.0,14.0,69.0,7.0,17.0,7.0,5.0,8.0,69.0,151.0,225.0,28.0,0.0,0.0,0.0,0.0,0.0,0.0,0.0,0.0,0.0,0.0,0.0,0.0,0.0,0.0,0.0,0.0,0.0,0.0,0.0,0.0,0.0,0.0,0.0,0.0,0.0,0.0,0.0,0.0,0.0,1.0,1.0,0.0,1.0,0.0,1.0,2.0,0.0,0.0,0.0,0.0,5.0,2.0,0.0,0.0,2.0,0.0,3.0,6.0,0.0,4.0,7.0,12.0,21.0,4.0,0.0,0.0,0.0,0.0,0.0,0.0,0.0,0.0,0.0,5.0,4.0,0.0,3.0,0.0,7.0,9.0,0.0,0.0,0.0,0.0,7.0,3.0,0.0,0.0,2.0,0.0,5.0,11.0,0.0,4.0,11.0,15.0,24.0,5.0
553,1.0,553.0,London_32,FIFO,151,453,1092.0,70.0,2.0,165345.0,1.2133640251122415,818.0,121.0,1.0,120.0,217.0,11.0,206.0,93.0,265.0,94.0,16.0,64.0,2.0,5.0,5.0,2.0,8.0,71.0,155.0,219.0,31.0,0.0,0.0,0.0,0.0,0.0,0.0,0.0,0.0,0.0,0.0,0.0,0.0,0.0,0.0,0.0,0.0,0.0,0.0,0.0,0.0,0.0,0.0,0.0,0.0,0.0,0.0,0.0,0.0,0.0,0.0,0.0,0.0,0.0,0.0,0.0,1.0,0.0,0.0,0.0,0.0,0.0,8.0,1.0,2.0,2.0,1.0,16.0,10.0,7.0,6.0,28.0,17.0,30.0,2.0,0.0,0.0,0.0,0.0,0.0,0.0,0.0,0.0,0.0,0.0,0.0,0.0,0.0,0.0,0.0,5.0,0.0,0.0,0.0,0.0,0.0,10.0,2.0,3.0,2.0,1.0,22.0,13.0,9.0,8.0,43.0,26.0,40.0,3.0
554,1.0,554.0,London_32,FIFO,151,453,1092.0,70.0,2.0,146772.0,0.8221514979377389,777.0,44.0,0.0,44.0,70.0,0.0,70.0,217.0,253.0,82.0,22.0,66.0,4.0,21.0,1.0,4.0,8.0,84.0,141.0,220.0,30.0,0.0,0.0,0.0,0.0,0.0,0.0,0.0,0.0,0.0,0.0,0.0,0.0,0.0,0.0,0.0,0.0,0.0,0.0,0.0,0.0,0.0,0.0,0.0,0.0,0.0,0.0,0.0,0.0,0.0,0.0,0.0,0.0,0.0,0.0,0.0,0.0,0.0,0.0,0.0,0.0,1.0,0.0,1.0,0.0,0.0,1.0,4.0,3.0,1.0,4.0,6.0,18.0,4.0,7.0,0.0,0.0,0.0,0.0,0.0,0.0,0.0,0.0,0.0,0.0,0.0,0.0,0.0,0.0,0.0,0.0,0.0,0.0,0.0,0.0,1.0,0.0,1.0,0.0,0.0,1.0,4.0,4.0,1.0,7.0,6.0,27.0,5.0,13.0
555,1.0,555.0,London_32,FIFO,151,453,1092.0,70.0,2.0,163533.0,1.180645850021392,814.0,32.0,2.0,30.0,63.0,18.0,45.0,70.0,252.0,85.0,20.0,62.0,7.0,26.0,0.0,1.0,9.0,89.0,143.0,212.0,38.0,0.0,0.0,0.0,0.0,0.0,0.0,0.0,0.0,0.0,0.0,0.0,0.0,0.0,0.0,0.0,0.0,0.0,0.0,0.0,0.0,0.0,0.0,0.0,0.0,0.0,0.0,0.0,0.0,0.0,1.0,0.0,0.0,0.0,0.0,0.0,2.0,0.0,0.0,0.0,0.0,2.0,4.0,2.0,1.0,0.0,1.0,3.0,4.0,1.0,5.0,7.0,7.0,6.0,1.0,0.0,0.0,0.0,0.0,0.0,0.0,0.0,0.0,0.0,3.0,0.0,0.0,0.0,0.0,0.0,13.0,0.0,0.0,0.0,0.0,2.0,6.0,2.0,1.0,0.0,2.0,5.0,6.0,1.0,8.0,8.0,9.0,8.0,1.0
556,1.0,556.0,London_32,FIFO,151,453,1092.0,70.0,2.0,192525.0,1.3038738602772355,878.0,172.0,1.0,171.0,310.0,10.0,300.0,63.0,252.0,89.0,21.0,69.0,9.0,9.0,0.0,4.0,7.0,85.0,142.0,219.0,38.0,0.0,0.0,0.0,0.0,0.0,0.0,0.0,0.0,0.0,0.0,0.0,0.0,0.0,0.0,0.0,0.0,0.0,0.0,0.0,0.0,0.0,0.0,0.0,0.0,0.0,0.0,0.0,0.0,0.0,0.0,0.0,0.0,0.0,0.0,0.0,0.0,0.0,0.0,0.0,0.0,0.0,14.0,0.0,1.0,0.0,0.0,4.0,1.0,2.0,15.0,38.0,34.0,33.0,8.0,0.0,0.0,0.0,0.0,0.0,0.0,0.0,0.0,0.0,0.0,0.0,0.0,0.0,0.0,0.0,0.0,0.0,0.0,0.0,0.0,0.0,21.0,0.0,1.0,0.0,0.0,5.0,2.0,2.0,23.0,59.0,49.0,42.0,12.0
557,1.0,557.0,London_32,FIFO,151,453,1092.0,70.0,2.0,146772.0,0.7560165440663695,777.0,65.0,2.0,63.0,122.0,16.0,106.0,310.0,193.0,105.0,25.0,88.0,6.0,34.0,2.0,0.0,8.0,87.0,141.0,217.0,35.0,0.0,0.0,0.0,0.0,0.0,0.0,0.0,0.0,0.0,0.0,0.0,0.0,0.0,0.0,0.0,0.0,0.0,0.0,0.0,0.0,0.0,0.0,0.0,0.0,0.0,0.0,0.0,0.0,0.0,0.0,0.0,0.0,1.0,0.0,0.0,2.0,0.0,0.0,0.0,0.0,1.0,1.0,2.0,2.0,0.0,1.0,10.0,4.0,4.0,7.0,14.0,11.0,20.0,7.0,0.0,0.0,0.0,0.0,0.0,0.0,0.0,0.0,0.0,0.0,0.0,0.0,5.0,0.0,0.0,5.0,0.0,0.0,0.0,0.0,1.0,2.0,3.0,2.0,0.0,2.0,10.0,6.0,5.0,10.0,21.0,13.0,28.0,13.0
558,1.0,558.0,London_32,FIFO,151,453,1092.0,70.0,2.0,144960.0,0.9159835930913687,773.0,144.0,0.0,144.0,251.0,0.0,251.0,122.0,203.0,101.0,23.0,89.0,2.0,31.0,1.0,3.0,12.0,76.0,133.0,232.0,48.0,0.0,0.0,0.0,0.0,0.0,0.0,0.0,0.0,0.0,0.0,0.0,0.0,0.0,0.0,0.0,0.0,0.0,0.0,0.0,0.0,0.0,0.0,0.0,0.0,0.0,0.0,0.0,0.0,0.0,0.0,0.0,0.0,0.0,0.0,0.0,0.0,0.0,0.0,0.0,0.0,4.0,4.0,2.0,1.0,0.0,0.0,11.0,9.0,17.0,5.0,24.0,41.0,19.0,13.0,0.0,0.0,0.0,0.0,0.0,0.0,0.0,0.0,0.0,0.0,0.0,0.0,0.0,0.0,0.0,0.0,0.0,0.0,0.0,0.0,7.0,6.0,2.0,1.0,0.0,0.0,16.0,14.0,24.0,5.0,39.0,62.0,21.0,21.0
559,1.0,559.0,London_32,FIFO,151,453,1092.0,70.0,2.0,108267.0,0.6629405561834574,692.0,11.0,0.0,11.0,21.0,0.0,21.0,251.0,220.0,115.0,10.0,69.0,9.0,26.0,1.0,3.0,7.0,71.0,141.0,234.0,34.0,0.0,0.0,0.0,0.0,0.0,0.0,0.0,0.0,0.0,0.0,0.0,0.0,0.0,0.0,0.0,0.0,0.0,0.0,0.0,0.0,0.0,0.0,0.0,0.0,0.0,0.0,0.0,0.0,0.0,0.0,0.0,0.0,0.0,0.0,0.0,0.0,0.0,0.0,0.0,0.0,0.0,1.0,0.0,0.0,0.0,0.0,3.0,1.0,0.0,2.0,2.0,2.0,2.0,3.0,0.0,0.0,0.0,0.0,0.0,0.0,0.0,0.0,0.0,0.0,0.0,0.0,0.0,0.0,0.0,0.0,0.0,0.0,0.0,0.0,0.0,2.0,0.0,0.0,0.0,0.0,4.0,1.0,0.0,2.0,3.0,4.0,3.0,4.0
560,1.0,560.0,London_32,FIFO,151,453,1092.0,70.0,2.0,140430.0,0.8237042129039764,763.0,97.0,2.0,95.0,189.0,18.0,171.0,21.0,218.0,114.0,10.0,75.0,9.0,25.0,1.0,1.0,7.0,69.0,142.0,235.0,35.0,0.0,0.0,0.0,0.0,0.0,0.0,0.0,0.0,0.0,0.0,0.0,0.0,0.0,0.0,0.0,0.0,0.0,0.0,0.0,0.0,0.0,0.0,0.0,0.0,0.0,0.0,0.0,0.0,0.0,0.0,0.0,0.0,0.0,0.0,2.0,2.0,0.0,0.0,0.0,0.0,3.0,3.0,0.0,4.0,1.0,0.0,14.0,6.0,4.0,9.0,19.0,22.0,16.0,6.0,0.0,0.0,0.0,0.0,0.0,0.0,0.0,0.0,0.0,0.0,0.0,0.0,0.0,0.0,15.0,6.0,0.0,0.0,0.0,0.0,4.0,3.0,0.0,9.0,1.0,0.0,17.0,9.0,6.0,12.0,31.0,31.0,21.0,6.0
561,1.0,561.0,London_32,FIFO,151,453,1092.0,70.0,2.0,140883.0,0.7786572542972863,764.0,67.0,0.0,67.0,120.0,0.0,120.0,189.0,227.0,94.0,11.0,74.0,13.0,27.0,2.0,5.0,6.0,77.0,131.0,239.0,36.0,0.0,0.0,0.0,0.0,0.0,0.0,0.0,0.0,0.0,0.0,0.0,0.0,0.0,0.0,0.0,0.0,0.0,0.0,0.0,0.0,0.0,0.0,0.0,0.0,0.0,0.0,0.0,0.0,0.0,0.0,0.0,0.0,0.0,0.0,0.0,0.0,0.0,0.0,0.0,0.0,0.0,2.0,0.0,0.0,0.0,0.0,12.0,5.0,8.0,4.0,10.0,16.0,12.0,9.0,0.0,0.0,0.0,0.0,0.0,0.0,0.0,0.0,0.0,0.0,0.0,0.0,0.0,0.0,0.0,0.0,0.0,0.0,0.0,0.0,0.0,5.0,0.0,0.0,0.0,0.0,14.0,8.0,14.0,5.0,15.0,19.0,17.0,15.0
562,1.0,562.0,London_32,FIFO,151,453,1092.0,70.0,2.0,141336.0,0.9777119816280901,765.0,75.0,0.0,75.0,134.0,0.0,134.0,120.0,244.0,101.0,16.0,49.0,12.0,25.0,1.0,5.0,7.0,76.0,147.0,223.0,33.0,0.0,0.0,0.0,0.0,0.0,0.0,0.0,0.0,0.0,0.0,0.0,0.0,0.0,0.0,0.0,0.0,0.0,0.0,0.0,0.0,0.0,0.0,0.0,0.0,0.0,0.0,0.0,0.0,0.0,0.0,0.0,0.0,0.0,0.0,0.0,0.0,0.0,0.0,0.0,0.0,1.0,6.0,1.0,2.0,0.0,0.0,10.0,3.0,4.0,9.0,23.0,16.0,14.0,5.0,0.0,0.0,0.0,0.0,0.0,0.0,0.0,0.0,0.0,0.0,0.0,0.0,0.0,0.0,0.0,0.0,0.0,0.0,0.0,0.0,1.0,8.0,1.0,2.0,0.0,0.0,13.0,4.0,4.0,11.0,33.0,26.0,14.0,9.0
563,1.0,563.0,London_32,FIFO,151,453,1092.0,70.0,2.0,144507.0,0.8370607048273087,772.0,81.0,0.0,81.0,141.0,0.0,141.0,134.0,253.0,105.0,9.0,48.0,12.0,26.0,0.0,0.0,7.0,77.0,133.0,236.0,20.0,0.0,0.0,0.0,0.0,0.0,0.0,0.0,0.0,0.0,0.0,0.0,0.0,0.0,0.0,0.0,0.0,0.0,0.0,0.0,0.0,0.0,0.0,0.0,0.0,0.0,0.0,0.0,0.0,0.0,0.0,0.0,0.0,0.0,0.0,0.0,0.0,0.0,0.0,0.0,0.0,0.0,3.0,0.0,0.0,2.0,0.0,16.0,4.0,7.0,6.0,13.0,24.0,21.0,4.0,0.0,0.0,0.0,0.0,0.0,0.0,0.0,0.0,0.0,0.0,0.0,0.0,0.0,0.0,0.0,0.0,0.0,0.0,0.0,0.0,0.0,3.0,0.0,0.0,2.0,0.0,21.0,4.0,10.0,10.0,19.0,34.0,26.0,7.0
564,1.0,564.0,London_32,FIFO,151,453,1092.0,70.0,2.0,137712.0,1.0360768516547978,757.0,60.0,1.0,59.0,107.0,9.0,98.0,141.0,266.0,102.0,9.0,39.0,16.0,18.0,0.0,3.0,3.0,85.0,140.0,225.0,23.0,0.0,0.0,0.0,0.0,0.0,0.0,0.0,0.0,0.0,0.0,0.0,0.0,0.0,0.0,0.0,0.0,0.0,0.0,0.0,0.0,0.0,0.0,0.0,0.0,0.0,0.0,0.0,0.0,0.0,0.0,0.0,0.0,0.0,0.0,1.0,0.0,0.0,0.0,0.0,0.0,0.0,1.0,1.0,0.0,0.0,0.0,14.0,2.0,9.0,8.0,11.0,13.0,10.0,7.0,0.0,0.0,0.0,0.0,0.0,0.0,0.0,0.0,0.0,0.0,0.0,0.0,0.0,0.0,5.0,0.0,0.0,0.0,0.0,0.0,0.0,2.0,1.0,0.0,0.0,0.0,19.0,2.0,10.0,11.0,17.0,18.0,14.0,12.0
565,1.0,565.0,London_32,FIFO,151,453,1092.0,70.0,2.0,146772.0,1.1517649851739407,777.0,86.0,2.0,84.0,160.0,18.0,142.0,107.0,268.0,94.0,9.0,47.0,15.0,17.0,0.0,3.0,1.0,84.0,139.0,229.0,15.0,0.0,0.0,0.0,0.0,0.0,0.0,0.0,0.0,0.0,1.0,0.0,0.0,0.0,1.0,0.0,0.0,0.0,0.0,1.0,0.0,0.0,0.0,0.0,0.0,0.0,0.0,0.0,0.0,0.0,1.0,0.0,0.0,1.0,0.0,1.0,1.0,0.0,0.0,0.0,0.0,0.0,3.0,6.0,2.0,0.0,0.0,12.0,8.0,3.0,7.0,20.0,19.0,16.0,7.0,0.0,0.0,0.0,0.0,0.0,0.0,0.0,0.0,0.0,6.0,0.0,0.0,4.0,0.0,8.0,2.0,0.0,0.0,0.0,0.0,0.0,4.0,6.0,3.0,0.0,0.0,15.0,11.0,3.0,9.0,29.0,27.0,20.0,15.0
566,1.0,566.0,London_32,FIFO,151,453,1092.0,70.0,2.0,149490.0,1.1109392950311303,783.0,108.0,2.0,106.0,208.0,15.0,193.0,158.0,258.0,93.0,5.0,54.0,16.0,24.0,1.0,2.0,2.0,84.0,154.0,213.0,22.0,0.0,0.0,0.0,0.0,0.0,0.0,0.0,0.0,0.0,0.0,0.0,0.0,0.0,0.0,0.0,0.0,0.0,0.0,0.0,0.0,0.0,0.0,0.0,0.0,0.0,0.0,0.0,0.0,0.0,2.0,0.0,0.0,1.0,1.0,1.0,2.0,0.0,0.0,0.0,0.0,10.0,0.0,0.0,0.0,7.0,1.0,3.0,16.0,5.0,5.0,12.0,35.0,20.0,8.0,0.0,0.0,0.0,0.0,0.0,0.0,0.0,0.0,0.0,4.0,0.0,0.0,1.0,5.0,6.0,4.0,0.0,0.0,0.0,0.0,13.0,0.0,0.0,0.0,8.0,2.0,3.0,25.0,5.0,6.0,19.0,46.0,29.0,10.0
567,1.0,567.0,London_32,FIFO,151,453,1092.0,70.0,2.0,132729.0,0.8170026848092675,746.0,42.0,0.0,42.0,69.0,0.0,69.0,208.0,251.0,92.0,13.0,58.0,9.0,21.0,3.0,6.0,3.0,85.0,151.0,214.0,25.0,0.0,0.0,0.0,0.0,0.0,0.0,0.0,0.0,0.0,0.0,0.0,0.0,0.0,0.0,0.0,0.0,0.0,0.0,0.0,0.0,0.0,0.0,0.0,0.0,0.0,0.0,0.0,0.0,0.0,0.0,0.0,0.0,0.0,0.0,0.0,0.0,0.0,0.0,0.0,0.0,2.0,0.0,0.0,0.0,0.0,0.0,6.0,2.0,6.0,3.0,7.0,15.0,8.0,6.0,0.0,0.0,0.0,0.0,0.0,0.0,0.0,0.0,0.0,0.0,0.0,0.0,0.0,0.0,0.0,0.0,0.0,0.0,0.0,0.0,2.0,0.0,0.0,0.0,0.0,0.0,6.0,2.0,8.0,4.0,9.0,21.0,10.0,12.0
568,1.0,568.0,London_32,FIFO,151,453,1092.0,70.0,2.0,160815.0,0.8322337470017374,808.0,81.0,1.0,80.0,155.0,10.0,145.0,69.0,261.0,82.0,13.0,51.0,7.0,32.0,0.0,7.0,5.0,82.0,155.0,211.0,35.0,0.0,0.0,0.0,0.0,0.0,0.0,0.0,0.0,0.0,0.0,0.0,0.0,0.0,0.0,0.0,0.0,0.0,0.0,0.0,0.0,0.0,0.0,0.0,0.0,0.0,0.0,0.0,0.0,0.0,1.0,0.0,0.0,1.0,0.0,0.0,1.0,0.0,0.0,0.0,0.0,2.0,3.0,3.0,3.0,0.0,0.0,9.0,8.0,13.0,6.0,19.0,20.0,17.0,2.0,0.0,0.0,0.0,0.0,0.0,0.0,0.0,0.0,0.0,5.0,0.0,0.0,7.0,0.0,0.0,7.0,0.0,0.0,0.0,0.0,4.0,3.0,4.0,4.0,0.0,0.0,11.0,10.0,21.0,8.0,31.0,31.0,23.0,2.0
569,1.0,569.0,London_32,FIFO,151,453,1092.0,70.0,2.0,159003.0,1.0475184093229473,804.0,101.0,0.0,101.0,177.0,0.0,177.0,155.0,258.0,98.0,10.0,48.0,4.0,32.0,0.0,3.0,4.0,81.0,156.0,212.0,34.0,0.0,0.0,0.0,0.0,0.0,0.0,0.0,0.0,0.0,0.0,0.0,0.0,0.0,0.0,0.0,0.0,0.0,0.0,0.0,0.0,0.0,0.0,0.0,0.0,0.0,0.0,0.0,0.0,0.0,0.0,0.0,0.0,0.0,0.0,0.0,0.0,0.0,0.0,0.0,0.0,5.0,2.0,0.0,0.0,0.0,0.0,8.0,3.0,5.0,3.0,21.0,20.0,23.0,6.0,0.0,0.0,0.0,0.0,0.0,0.0,0.0,0.0,0.0,0.0,0.0,0.0,0.0,0.0,0.0,0.0,0.0,0.0,0.0,0.0,6.0,2.0,0.0,0.0,0.0,0.0,9.0,3.0,7.0,5.0,28.0,27.0,28.0,6.0
570,1.0,570.0,London_32,FIFO,151,453,1092.0,70.0,2.0,155832.0,1.060099937953055,797.0,74.0,3.0,71.0,155.0,25.0,130.0,177.0,254.0,106.0,19.0,40.0,5.0,25.0,1.0,3.0,4.0,94.0,142.0,213.0,29.0,0.0,0.0,0.0,0.0,0.0,0.0,0.0,0.0,0.0,0.0,0.0,0.0,0.0,0.0,0.0,0.0,0.0,0.0,0.0,0.0,0.0,0.0,0.0,0.0,0.0,0.0,0.0,0.0,0.0,1.0,0.0,0.0,1.0,0.0,1.0,1.0,0.0,0.0,0.0,0.0,1.0,0.0,4.0,2.0,3.0,0.0,13.0,1.0,6.0,6.0,16.0,11.0,18.0,6.0,0.0,0.0,0.0,0.0,0.0,0.0,0.0,0.0,0.0,1.0,0.0,0.0,1.0,0.0,6.0,3.0,0.0,0.0,0.0,0.0,1.0,0.0,4.0,4.0,3.0,0.0,19.0,2.0,10.0,8.0,23.0,14.0,25.0,7.0
571,1.0,571.0,London_32,FIFO,151,453,1092.0,70.0,2.0,164892.0,1.1577365682460368,817.0,28.0,1.0,27.0,64.0,9.0,55.0,155.0,256.0,99.0,10.0,41.0,10.0,29.0,2.0,6.0,2.0,91.0,146.0,214.0,24.0,0.0,0.0,0.0,0.0,0.0,0.0,0.0,0.0,0.0,0.0,0.0,0.0,0.0,0.0,0.0,0.0,0.0,0.0,0.0,0.0,0.0,0.0,0.0,0.0,0.0,0.0,0.0,0.0,0.0,1.0,0.0,0.0,0.0,0.0,0.0,0.0,1.0,0.0,0.0,0.0,0.0,2.0,0.0,0.0,0.0,0.0,7.0,2.0,6.0,2.0,2.0,5.0,10.0,1.0,0.0,0.0,0.0,0.0,0.0,0.0,0.0,0.0,0.0,5.0,0.0,0.0,0.0,0.0,0.0,0.0,8.0,0.0,0.0,0.0,0.0,2.0,0.0,0.0,0.0,0.0,14.0,3.0,8.0,4.0,2.0,9.0,16.0,2.0
572,1.0,572.0,London_32,FIFO,151,453,1092.0,70.0,2.0,193431.0,1.5074560060165823,880.0,119.0,0.0,119.0,210.0,0.0,210.0,64.0,256.0,107.0,16.0,40.0,6.0,21.0,2.0,5.0,6.0,79.0,152.0,216.0,31.0,0.0,0.0,0.0,0.0,0.0,0.0,0.0,0.0,0.0,0.0,0.0,0.0,0.0,0.0,0.0,0.0,0.0,0.0,0.0,0.0,0.0,0.0,0.0,0.0,0.0,0.0,0.0,0.0,0.0,0.0,0.0,0.0,0.0,0.0,0.0,0.0,0.0,0.0,0.0,0.0,2.0,0.0,3.0,5.0,5.0,0.0,8.0,6.0,9.0,10.0,28.0,26.0,27.0,4.0,0.0,0.0,0.0,0.0,0.0,0.0,0.0,0.0,0.0,0.0,0.0,0.0,0.0,0.0,0.0,0.0,0.0,0.0,0.0,0.0,3.0,0.0,4.0,11.0,7.0,0.0,11.0,10.0,12.0,14.0,38.0,35.0,39.0,4.0
573,1.0,573.0,London_32,FIFO,151,453,1092.0,70.0,2.0,178029.0,1.0832316987216473,846.0,132.0,2.0,130.0,230.0,17.0,213.0,210.0,272.0,81.0,15.0,56.0,2.0,25.0,2.0,0.0,10.0,88.0,147.0,208.0,26.0,0.0,0.0,0.0,0.0,0.0,0.0,0.0,0.0,0.0,0.0,0.0,0.0,0.0,0.0,0.0,0.0,0.0,0.0,0.0,0.0,0.0,0.0,0.0,0.0,0.0,0.0,0.0,0.0,0.0,1.0,0.0,0.0,1.0,0.0,2.0,1.0,0.0,0.0,0.0,0.0,1.0,13.0,6.0,4.0,3.0,0.0,15.0,4.0,5.0,6.0,21.0,33.0,16.0,14.0,0.0,0.0,0.0,0.0,0.0,0.0,0.0,0.0,0.0,3.0,0.0,0.0,7.0,0.0,15.0,4.0,0.0,0.0,0.0,0.0,1.0,19.0,7.0,5.0,3.0,0.0,20.0,5.0,8.0,7.0,27.0,51.0,19.0,18.0
574,1.0,574.0,London_32,FIFO,151,453,1092.0,70.0,2.0,157191.0,0.9838333069346845,800.0,80.0,0.0,80.0,137.0,0.0,137.0,230.0,250.0,95.0,12.0,68.0,3.0,20.0,2.0,3.0,7.0,80.0,146.0,220.0,34.0,0.0,0.0,0.0,0.0,0.0,0.0,0.0,0.0,0.0,0.0,0.0,0.0,0.0,0.0,0.0,0.0,0.0,0.0,0.0,0.0,0.0,0.0,0.0,0.0,0.0,0.0,0.0,0.0,0.0,0.0,0.0,0.0,0.0,0.0,0.0,0.0,0.0,0.0,0.0,0.0,2.0,7.0,0.0,1.0,2.0,0.0,3.0,6.0,2.0,12.0,13.0,22.0,17.0,8.0,0.0,0.0,0.0,0.0,0.0,0.0,0.0,0.0,0.0,0.0,0.0,0.0,0.0,0.0,0.0,0.0,0.0,0.0,0.0,0.0,3.0,10.0,0.0,1.0,2.0,0.0,5.0,9.0,2.0,17.0,19.0,32.0,23.0,13.0
575,1.0,575.0,London_32,FIFO,151,453,1092.0,70.0,2.0,155832.0,1.0340277599170804,797.0,84.0,0.0,84.0,159.0,0.0,159.0,137.0,260.0,91.0,14.0,59.0,0.0,28.0,0.0,1.0,6.0,85.0,147.0,215.0,44.0,0.0,0.0,0.0,0.0,0.0,0.0,0.0,0.0,0.0,0.0,0.0,0.0,0.0,0.0,0.0,0.0,0.0,0.0,0.0,0.0,0.0,0.0,0.0,0.0,0.0,0.0,0.0,0.0,0.0,0.0,0.0,0.0,0.0,0.0,0.0,0.0,0.0,0.0,0.0,0.0,5.0,10.0,3.0,2.0,0.0,0.0,11.0,2.0,11.0,7.0,17.0,14.0,16.0,14.0,0.0,0.0,0.0,0.0,0.0,0.0,0.0,0.0,0.0,0.0,0.0,0.0,0.0,0.0,0.0,0.0,0.0,0.0,0.0,0.0,7.0,14.0,3.0,3.0,0.0,0.0,18.0,2.0,16.0,8.0,26.0,19.0,21.0,24.0
576,1.0,576.0,London_32,FIFO,151,453,1092.0,70.0,2.0,159909.0,0.8886447050608695,806.0,94.0,0.0,94.0,147.0,0.0,147.0,159.0,268.0,95.0,14.0,40.0,2.0,29.0,0.0,5.0,4.0,82.0,147.0,220.0,26.0,0.0,0.0,0.0,0.0,0.0,0.0,0.0,0.0,0.0,0.0,0.0,0.0,0.0,0.0,0.0,0.0,0.0,0.0,0.0,0.0,0.0,0.0,0.0,0.0,0.0,0.0,0.0,0.0,0.0,0.0,0.0,0.0,0.0,0.0,0.0,0.0,0.0,0.0,0.0,0.0,0.0,4.0,2.0,2.0,0.0,0.0,1.0,10.0,8.0,8.0,21.0,19.0,19.0,11.0,0.0,0.0,0.0,0.0,0.0,0.0,0.0,0.0,0.0,0.0,0.0,0.0,0.0,0.0,0.0,0.0,0.0,0.0,0.0,0.0,0.0,4.0,2.0,4.0,0.0,0.0,1.0,11.0,10.0,9.0,29.0,24.0,21.0,16.0
577,1.0,577.0,London_32,FIFO,151,453,1092.0,70.0,2.0,146772.0,1.187157907988876,777.0,82.0,3.0,79.0,171.0,28.0,143.0,147.0,274.0,97.0,6.0,33.0,3.0,30.0,1.0,9.0,5.0,68.0,148.0,232.0,26.0,0.0,0.0,0.0,0.0,0.0,0.0,0.0,0.0,0.0,0.0,0.0,0.0,0.0,0.0,0.0,0.0,0.0,0.0,0.0,0.0,0.0,0.0,0.0,0.0,0.0,0.0,0.0,0.0,0.0,0.0,0.0,0.0,0.0,0.0,1.0,1.0,0.0,0.0,0.0,0.0,2.0,3.0,11.0,0.0,0.0,0.0,5.0,7.0,9.0,3.0,18.0,18.0,17.0,3.0,0.0,0.0,0.0,0.0,0.0,0.0,0.0,0.0,0.0,0.0,0.0,0.0,0.0,0.0,5.0,1.0,0.0,0.0,0.0,0.0,3.0,3.0,12.0,0.0,0.0,0.0,9.0,12.0,11.0,4.0,28.0,29.0,21.0,4.0
578,1.0,578.0,London_32,FIFO,151,453,1092.0,70.0,2.0,133635.0,0.6749742338433862,748.0,106.0,0.0,106.0,177.0,0.0,177.0,171.0,265.0,68.0,15.0,50.0,3.0,38.0,3.0,11.0,6.0,71.0,145.0,231.0,24.0,0.0,0.0,0.0,0.0,0.0,0.0,0.0,0.0,0.0,0.0,0.0,0.0,0.0,0.0,0.0,0.0,0.0,0.0,0.0,0.0,0.0,0.0,0.0,0.0,0.0,0.0,0.0,0.0,0.0,0.0,0.0,0.0,0.0,0.0,0.0,0.0,0.0,0.0,0.0,0.0,1.0,6.0,2.0,0.0,1.0,0.0,13.0,5.0,6.0,12.0,16.0,21.0,28.0,6.0,0.0,0.0,0.0,0.0,0.0,0.0,0.0,0.0,0.0,0.0,0.0,0.0,0.0,0.0,0.0,0.0,0.0,0.0,0.0,0.0,1.0,7.0,3.0,0.0,1.0,0.0,17.0,7.0,6.0,17.0,23.0,32.0,35.0,7.0
579,1.0,579.0,London_32,FIFO,151,453,1092.0,70.0,2.0,117327.0,0.7317316746339202,712.0,47.0,1.0,46.0,83.0,9.0,74.0,177.0,271.0,57.0,16.0,57.0,2.0,43.0,0.0,7.0,2.0,62.0,152.0,237.0,27.0,0.0,0.0,0.0,0.0,0.0,0.0,0.0,0.0,0.0,0.0,0.0,0.0,0.0,0.0,0.0,0.0,0.0,0.0,0.0,0.0,0.0,0.0,0.0,0.0,0.0,0.0,0.0,0.0,0.0,0.0,0.0,0.0,0.0,1.0,0.0,1.0,0.0,0.0,0.0,0.0,1.0,4.0,0.0,1.0,1.0,0.0,5.0,5.0,3.0,3.0,8.0,10.0,4.0,4.0,0.0,0.0,0.0,0.0,0.0,0.0,0.0,0.0,0.0,0.0,0.0,0.0,0.0,7.0,0.0,1.0,0.0,0.0,0.0,0.0,1.0,5.0,0.0,1.0,1.0,0.0,8.0,8.0,3.0,3.0,9.0,15.0,5.0,6.0
580,1.0,580.0,London_32,FIFO,151,453,1092.0,70.0,2.0,134088.0,0.8476407951675355,749.0,100.0,2.0,98.0,181.0,18.0,163.0,83.0,279.0,57.0,7.0,53.0,2.0,45.0,0.0,10.0,4.0,72.0,145.0,232.0,36.0,0.0,0.0,0.0,0.0,0.0,0.0,0.0,0.0,0.0,0.0,0.0,0.0,0.0,0.0,0.0,0.0,0.0,0.0,0.0,0.0,0.0,0.0,0.0,0.0,0.0,0.0,0.0,0.0,0.0,1.0,0.0,0.0,0.0,0.0,0.0,1.0,0.0,0.0,0.0,0.0,4.0,3.0,4.0,3.0,14.0,0.0,12.0,3.0,5.0,10.0,11.0,27.0,16.0,10.0,0.0,0.0,0.0,0.0,0.0,0.0,0.0,0.0,0.0,7.0,0.0,0.0,0.0,0.0,0.0,3.0,0.0,0.0,0.0,0.0,5.0,3.0,4.0,5.0,15.0,0.0,16.0,3.0,6.0,12.0,14.0,35.0,22.0,13.0
581,1.0,581.0,London_32,FIFO,151,453,1092.0,70.0,2.0,131370.0,0.813235844951123,743.0,38.0,0.0,38.0,64.0,0.0,64.0,181.0,261.0,67.0,15.0,54.0,4.0,39.0,1.0,12.0,8.0,69.0,156.0,220.0,34.0,0.0,0.0,0.0,0.0,0.0,0.0,0.0,0.0,0.0,0.0,0.0,0.0,0.0,0.0,0.0,0.0,0.0,0.0,0.0,0.0,0.0,0.0,0.0,0.0,0.0,0.0,0.0,0.0,0.0,0.0,0.0,0.0,0.0,0.0,0.0,0.0,0.0,0.0,0.0,0.0,2.0,2.0,0.0,0.0,0.0,0.0,1.0,3.0,2.0,2.0,8.0,12.0,8.0,5.0,0.0,0.0,0.0,0.0,0.0,0.0,0.0,0.0,0.0,0.0,0.0,0.0,0.0,0.0,0.0,0.0,0.0,0.0,0.0,0.0,2.0,5.0,0.0,0.0,0.0,0.0,1.0,3.0,2.0,2.0,11.0,16.0,9.0,9.0
582,1.0,582.0,London_32,FIFO,151,453,1092.0,70.0,2.0,155832.0,0.9673575172200799,797.0,100.0,1.0,99.0,192.0,10.0,182.0,64.0,270.0,71.0,16.0,38.0,5.0,42.0,1.0,10.0,8.0,71.0,157.0,217.0,25.0,0.0,0.0,0.0,0.0,0.0,0.0,0.0,0.0,0.0,0.0,0.0,0.0,0.0,0.0,0.0,0.0,0.0,0.0,0.0,0.0,0.0,0.0,0.0,0.0,0.0,0.0,0.0,0.0,0.0,0.0,0.0,0.0,0.0,0.0,0.0,0.0,0.0,0.0,0.0,0.0,3.0,15.0,1.0,0.0,2.0,0.0,7.0,5.0,7.0,16.0,21.0,15.0,17.0,6.0,0.0,0.0,0.0,0.0,0.0,0.0,0.0,0.0,0.0,0.0,0.0,0.0,0.0,0.0,0.0,0.0,0.0,0.0,0.0,0.0,3.0,22.0,1.0,0.0,2.0,0.0,8.0,7.0,10.0,24.0,39.0,23.0,23.0,7.0
583,1.0,583.0,London_32,FIFO,151,453,1092.0,70.0,2.0,150849.0,0.8149848449975252,786.0,36.0,1.0,35.0,67.0,10.0,57.0,192.0,260.0,70.0,7.0,54.0,12.0,44.0,3.0,3.0,8.0,76.0,152.0,217.0,26.0,0.0,0.0,0.0,0.0,0.0,0.0,0.0,0.0,0.0,0.0,0.0,0.0,0.0,0.0,0.0,0.0,0.0,0.0,0.0,0.0,0.0,0.0,0.0,0.0,0.0,0.0,0.0,0.0,0.0,1.0,0.0,0.0,1.0,0.0,0.0,0.0,0.0,0.0,0.0,0.0,2.0,3.0,1.0,1.0,0.0,0.0,4.0,4.0,2.0,3.0,4.0,9.0,6.0,6.0,0.0,0.0,0.0,0.0,0.0,0.0,0.0,0.0,0.0,5.0,0.0,0.0,8.0,0.0,0.0,0.0,0.0,0.0,0.0,0.0,2.0,4.0,1.0,2.0,0.0,0.0,4.0,4.0,2.0,4.0,4.0,18.0,8.0,9.0
584,1.0,584.0,London_32,FIFO,151,453,1092.0,70.0,2.0,175311.0,1.0176283000037074,840.0,72.0,0.0,72.0,112.0,0.0,112.0,67.0,266.0,75.0,10.0,54.0,6.0,38.0,2.0,2.0,8.0,84.0,147.0,214.0,33.0,0.0,0.0,0.0,0.0,0.0,0.0,0.0,0.0,0.0,0.0,0.0,0.0,0.0,0.0,0.0,0.0,0.0,0.0,0.0,0.0,0.0,0.0,0.0,0.0,0.0,0.0,0.0,0.0,0.0,0.0,0.0,0.0,0.0,0.0,0.0,0.0,0.0,0.0,0.0,0.0,3.0,12.0,1.0,0.0,0.0,0.0,9.0,8.0,2.0,8.0,9.0,12.0,11.0,2.0,0.0,0.0,0.0,0.0,0.0,0.0,0.0,0.0,0.0,0.0,0.0,0.0,0.0,0.0,0.0,0.0,0.0,0.0,0.0,0.0,4.0,15.0,1.0,0.0,0.0,0.0,15.0,9.0,2.0,9.0,11.0,16.0,16.0,3.0
585,1.0,585.0,London_32,FIFO,151,453,1092.0,70.0,2.0,185277.0,1.186283911112696,862.0,87.0,0.0,87.0,157.0,0.0,157.0,112.0,267.0,90.0,8.0,47.0,7.0,29.0,0.0,5.0,12.0,83.0,153.0,205.0,46.0,0.0,0.0,0.0,0.0,0.0,0.0,0.0,0.0,0.0,0.0,0.0,0.0,0.0,0.0,0.0,0.0,0.0,0.0,0.0,0.0,0.0,0.0,0.0,0.0,0.0,0.0,0.0,0.0,0.0,0.0,0.0,0.0,0.0,0.0,0.0,0.0,0.0,0.0,0.0,0.0,5.0,5.0,0.0,0.0,0.0,0.0,3.0,1.0,7.0,9.0,13.0,14.0,10.0,6.0,0.0,0.0,0.0,0.0,0.0,0.0,0.0,0.0,0.0,0.0,0.0,0.0,0.0,0.0,0.0,0.0,0.0,0.0,0.0,0.0,6.0,7.0,0.0,0.0,0.0,0.0,4.0,1.0,9.0,15.0,20.0,24.0,13.0,11.0
586,1.0,586.0,London_32,FIFO,151,453,1092.0,70.0,2.0,197508.0,1.1836881143972278,889.0,134.0,2.0,132.0,243.0,19.0,224.0,157.0,280.0,79.0,6.0,40.0,7.0,34.0,2.0,5.0,10.0,77.0,165.0,201.0,31.0,0.0,0.0,0.0,0.0,0.0,0.0,0.0,0.0,0.0,0.0,0.0,0.0,0.0,0.0,0.0,0.0,0.0,0.0,0.0,0.0,0.0,0.0,0.0,0.0,0.0,0.0,0.0,0.0,0.0,1.0,0.0,0.0,0.0,1.0,0.0,1.0,0.0,0.0,0.0,0.0,0.0,12.0,1.0,4.0,0.0,1.0,4.0,3.0,4.0,6.0,24.0,27.0,10.0,14.0,0.0,0.0,0.0,0.0,0.0,0.0,0.0,0.0,0.0,1.0,0.0,0.0,0.0,5.0,0.0,1.0,0.0,0.0,0.0,0.0,0.0,16.0,1.0,7.0,0.0,1.0,5.0,4.0,5.0,7.0,36.0,39.0,12.0,22.0
587,1.0,587.0,London_32,FIFO,151,453,1092.0,70.0,2.0,178029.0,1.096308938227594,846.0,119.0,2.0,117.0,221.0,17.0,204.0,243.0,222.0,89.0,23.0,65.0,7.0,42.0,0.0,5.0,7.0,82.0,154.0,210.0,27.0,0.0,0.0,0.0,0.0,0.0,0.0,0.0,0.0,0.0,0.0,0.0,0.0,0.0,0.0,0.0,0.0,0.0,0.0,0.0,0.0,0.0,0.0,0.0,0.0,0.0,0.0,0.0,0.0,0.0,2.0,0.0,0.0,2.0,0.0,0.0,2.0,0.0,0.0,0.0,0.0,1.0,10.0,0.0,4.0,6.0,0.0,10.0,6.0,2.0,15.0,18.0,27.0,13.0,12.0,0.0,0.0,0.0,0.0,0.0,0.0,0.0,0.0,0.0,6.0,0.0,0.0,15.0,0.0,0.0,9.0,0.0,0.0,0.0,0.0,1.0,12.0,0.0,6.0,6.0,0.0,12.0,8.0,3.0,21.0,32.0,38.0,15.0,17.0
588,1.0,588.0,London_32,FIFO,151,453,1092.0,70.0,2.0,159003.0,1.0216980720870197,804.0,106.0,0.0,106.0,183.0,0.0,183.0,221.0,240.0,94.0,17.0,52.0,8.0,37.0,3.0,2.0,8.0,83.0,159.0,203.0,24.0,0.0,0.0,0.0,0.0,0.0,0.0,0.0,0.0,0.0,0.0,0.0,0.0,0.0,0.0,0.0,0.0,0.0,0.0,0.0,0.0,0.0,0.0,0.0,0.0,0.0,0.0,0.0,0.0,0.0,0.0,0.0,0.0,0.0,0.0,0.0,0.0,0.0,0.0,0.0,0.0,1.0,14.0,5.0,3.0,0.0,0.0,13.0,7.0,3.0,11.0,23.0,25.0,21.0,12.0,0.0,0.0,0.0,0.0,0.0,0.0,0.0,0.0,0.0,0.0,0.0,0.0,0.0,0.0,0.0,0.0,0.0,0.0,0.0,0.0,1.0,21.0,5.0,3.0,0.0,0.0,17.0,10.0,4.0,13.0,35.0,36.0,29.0,18.0
589,1.0,589.0,London_32,FIFO,151,453,1092.0,70.0,2.0,146772.0,0.8112255400046706,777.0,80.0,2.0,78.0,153.0,18.0,135.0,183.0,245.0,94.0,6.0,57.0,9.0,39.0,1.0,2.0,8.0,85.0,156.0,204.0,28.0,0.0,0.0,0.0,0.0,0.0,0.0,0.0,0.0,0.0,0.0,0.0,0.0,0.0,0.0,0.0,0.0,0.0,0.0,0.0,0.0,0.0,0.0,0.0,0.0,0.0,0.0,0.0,0.0,0.0,0.0,0.0,0.0,0.0,1.0,0.0,1.0,0.0,0.0,0.0,0.0,0.0,8.0,6.0,1.0,1.0,0.0,10.0,1.0,5.0,12.0,18.0,16.0,18.0,4.0,0.0,0.0,0.0,0.0,0.0,0.0,0.0,0.0,0.0,0.0,0.0,0.0,0.0,5.0,0.0,1.0,0.0,0.0,0.0,0.0,0.0,11.0,8.0,3.0,1.0,0.0,14.0,1.0,7.0,17.0,26.0,22.0,23.0,7.0
590,1.0,590.0,London_32,FIFO,151,453,1092.0,70.0,2.0,145866.0,0.8819177276454866,775.0,45.0,0.0,45.0,75.0,0.0,75.0,153.0,239.0,95.0,11.0,53.0,8.0,42.0,2.0,3.0,6.0,80.0,146.0,221.0,28.0,0.0,0.0,0.0,0.0,0.0,0.0,0.0,0.0,0.0,0.0,0.0,0.0,0.0,0.0,0.0,0.0,0.0,0.0,0.0,0.0,0.0,0.0,0.0,0.0,0.0,0.0,0.0,0.0,0.0,0.0,0.0,0.0,0.0,0.0,0.0,0.0,0.0,0.0,0.0,0.0,1.0,1.0,0.0,0.0,0.0,0.0,4.0,4.0,0.0,7.0,8.0,12.0,10.0,3.0,0.0,0.0,0.0,0.0,0.0,0.0,0.0,0.0,0.0,0.0,0.0,0.0,0.0,0.0,0.0,0.0,0.0,0.0,0.0,0.0,1.0,1.0,0.0,0.0,0.0,0.0,7.0,5.0,0.0,9.0,11.0,20.0,12.0,4.0
591,1.0,591.0,London_32,FIFO,151,453,1092.0,70.0,2.0,167610.0,1.2779726516455412,823.0,100.0,2.0,98.0,188.0,17.0,171.0,75.0,239.0,106.0,11.0,42.0,9.0,40.0,2.0,4.0,7.0,82.0,145.0,219.0,39.0,0.0,0.0,0.0,0.0,0.0,0.0,0.0,0.0,0.0,0.0,0.0,0.0,0.0,0.0,0.0,0.0,0.0,0.0,0.0,0.0,0.0,0.0,0.0,0.0,0.0,0.0,0.0,0.0,0.0,0.0,0.0,0.0,0.0,0.0,0.0,1.0,1.0,0.0,0.0,0.0,2.0,6.0,1.0,0.0,1.0,0.0,11.0,10.0,0.0,11.0,20.0,24.0,17.0,12.0,0.0,0.0,0.0,0.0,0.0,0.0,0.0,0.0,0.0,0.0,0.0,0.0,0.0,0.0,0.0,2.0,8.0,0.0,0.0,0.0,2.0,7.0,1.0,0.0,1.0,0.0,13.0,17.0,0.0,17.0,28.0,37.0,25.0,21.0
592,1.0,592.0,London_32,FIFO,151,453,1092.0,70.0,2.0,168516.0,0.8671834859997034,825.0,131.0,0.0,131.0,237.0,0.0,237.0,188.0,223.0,98.0,15.0,60.0,8.0,41.0,2.0,6.0,5.0,85.0,146.0,217.0,43.0,0.0,0.0,0.0,0.0,0.0,0.0,0.0,0.0,0.0,0.0,0.0,0.0,0.0,0.0,0.0,0.0,0.0,0.0,0.0,0.0,0.0,0.0,0.0,0.0,0.0,0.0,0.0,0.0,0.0,0.0,0.0,0.0,0.0,0.0,0.0,0.0,0.0,0.0,0.0,0.0,0.0,15.0,0.0,4.0,1.0,0.0,10.0,4.0,2.0,12.0,31.0,31.0,18.0,10.0,0.0,0.0,0.0,0.0,0.0,0.0,0.0,0.0,0.0,0.0,0.0,0.0,0.0,0.0,0.0,0.0,0.0,0.0,0.0,0.0,0.0,23.0,0.0,7.0,1.0,0.0,13.0,5.0,3.0,15.0,51.0,46.0,25.0,14.0
593,1.0,593.0,London_32,FIFO,151,453,1092.0,70.0,2.0,151755.0,0.8286180458962917,788.0,12.0,1.0,11.0,23.0,8.0,15.0,237.0,216.0,89.0,16.0,62.0,7.0,57.0,0.0,6.0,5.0,72.0,154.0,222.0,43.0,0.0,0.0,0.0,0.0,0.0,0.0,0.0,0.0,0.0,0.0,0.0,0.0,0.0,0.0,0.0,0.0,0.0,0.0,0.0,0.0,0.0,0.0,0.0,0.0,0.0,0.0,0.0,0.0,0.0,0.0,0.0,0.0,1.0,0.0,0.0,1.0,0.0,0.0,0.0,0.0,0.0,1.0,0.0,0.0,1.0,0.0,0.0,2.0,0.0,0.0,2.0,3.0,3.0,1.0,0.0,0.0,0.0,0.0,0.0,0.0,0.0,0.0,0.0,0.0,0.0,0.0,3.0,0.0,0.0,2.0,0.0,0.0,0.0,0.0,0.0,2.0,0.0,0.0,1.0,0.0,0.0,2.0,0.0,0.0,2.0,3.0,3.0,1.0
594,1.0,594.0,London_32,FIFO,151,453,1092.0,70.0,2.0,180747.0,0.9827090152539313,852.0,108.0,2.0,106.0,202.0,18.0,184.0,23.0,220.0,91.0,15.0,66.0,6.0,52.0,0.0,3.0,4.0,72.0,148.0,229.0,37.0,0.0,0.0,0.0,0.0,0.0,0.0,0.0,0.0,0.0,0.0,0.0,0.0,0.0,0.0,0.0,0.0,0.0,0.0,0.0,0.0,0.0,0.0,0.0,0.0,0.0,0.0,0.0,0.0,0.0,1.0,1.0,0.0,1.0,0.0,1.0,1.0,0.0,0.0,0.0,0.0,4.0,6.0,1.0,1.0,0.0,0.0,14.0,7.0,5.0,6.0,24.0,25.0,23.0,3.0,0.0,0.0,0.0,0.0,0.0,0.0,0.0,0.0,0.0,6.0,4.0,0.0,2.0,0.0,7.0,1.0,0.0,0.0,0.0,0.0,4.0,7.0,1.0,2.0,0.0,0.0,22.0,10.0,6.0,10.0,38.0,38.0,30.0,5.0
595,1.0,595.0,London_32,FIFO,151,453,1092.0,70.0,2.0,179388.0,0.9908482353202999,849.0,130.0,1.0,129.0,222.0,11.0,211.0,202.0,238.0,94.0,17.0,53.0,10.0,36.0,0.0,5.0,8.0,77.0,163.0,205.0,38.0,0.0,0.0,0.0,0.0,0.0,0.0,0.0,0.0,0.0,0.0,0.0,0.0,0.0,0.0,0.0,0.0,0.0,0.0,0.0,0.0,0.0,0.0,0.0,0.0,0.0,0.0,0.0,0.0,0.0,1.0,0.0,0.0,1.0,0.0,0.0,1.0,0.0,0.0,0.0,0.0,1.0,11.0,1.0,3.0,2.0,0.0,19.0,8.0,3.0,9.0,31.0,37.0,33.0,11.0,0.0,0.0,0.0,0.0,0.0,0.0,0.0,0.0,0.0,4.0,0.0,0.0,6.0,0.0,0.0,7.0,0.0,0.0,0.0,0.0,3.0,12.0,1.0,6.0,2.0,0.0,24.0,10.0,4.0,10.0,42.0,48.0,41.0,17.0
596,1.0,596.0,London_32,FIFO,151,453,1092.0,70.0,2.0,161721.0,0.9245348339900374,810.0,44.0,0.0,44.0,68.0,0.0,68.0,222.0,237.0,107.0,18.0,52.0,3.0,29.0,3.0,4.0,7.0,81.0,149.0,216.0,30.0,0.0,0.0,0.0,0.0,0.0,0.0,0.0,0.0,0.0,0.0,0.0,0.0,0.0,0.0,0.0,0.0,0.0,0.0,0.0,0.0,0.0,0.0,0.0,0.0,0.0,0.0,0.0,0.0,0.0,0.0,0.0,0.0,0.0,0.0,0.0,0.0,0.0,0.0,0.0,0.0,1.0,2.0,0.0,0.0,0.0,0.0,2.0,5.0,6.0,3.0,10.0,9.0,8.0,7.0,0.0,0.0,0.0,0.0,0.0,0.0,0.0,0.0,0.0,0.0,0.0,0.0,0.0,0.0,0.0,0.0,0.0,0.0,0.0,0.0,1.0,2.0,0.0,0.0,0.0,0.0,2.0,7.0,7.0,3.0,11.0,12.0,13.0,10.0
597,1.0,597.0,London_32,FIFO,151,453,1092.0,70.0,2.0,192525.0,1.1844787211157382,878.0,108.0,2.0,106.0,202.0,18.0,184.0,68.0,242.0,110.0,17.0,43.0,3.0,33.0,1.0,4.0,8.0,74.0,158.0,213.0,39.0,0.0,0.0,0.0,0.0,0.0,0.0,0.0,0.0,0.0,0.0,0.0,0.0,0.0,0.0,0.0,0.0,0.0,0.0,0.0,0.0,0.0,0.0,0.0,0.0,0.0,0.0,0.0,0.0,0.0,1.0,0.0,0.0,0.0,0.0,0.0,2.0,0.0,0.0,0.0,0.0,12.0,12.0,1.0,2.0,1.0,0.0,9.0,5.0,17.0,3.0,23.0,29.0,18.0,8.0,0.0,0.0,0.0,0.0,0.0,0.0,0.0,0.0,0.0,2.0,0.0,0.0,0.0,0.0,0.0,7.0,0.0,0.0,0.0,0.0,15.0,14.0,1.0,5.0,2.0,0.0,10.0,5.0,23.0,5.0,30.0,40.0,21.0,8.0
598,1.0,598.0,London_32,FIFO,151,453,1092.0,70.0,2.0,183465.0,1.3897470496594906,858.0,163.0,1.0,162.0,294.0,10.0,284.0,202.0,247.0,92.0,12.0,59.0,9.0,24.0,3.0,7.0,8.0,82.0,159.0,204.0,34.0,0.0,0.0,0.0,0.0,0.0,0.0,0.0,0.0,0.0,0.0,0.0,0.0,0.0,0.0,0.0,0.0,0.0,0.0,0.0,0.0,0.0,0.0,0.0,0.0,0.0,0.0,0.0,0.0,0.0,0.0,0.0,0.0,0.0,0.0,0.0,0.0,0.0,0.0,0.0,0.0,8.0,15.0,1.0,5.0,2.0,0.0,3.0,7.0,10.0,9.0,29.0,38.0,30.0,13.0,0.0,0.0,0.0,0.0,0.0,0.0,0.0,0.0,0.0,0.0,0.0,0.0,0.0,0.0,0.0,0.0,0.0,0.0,0.0,0.0,9.0,19.0,1.0,8.0,3.0,0.0,3.0,8.0,12.0,15.0,42.0,55.0,38.0,17.0
599,1.0,599.0,London_32,FIFO,151,453,1092.0,70.0,2.0,141789.0,0.8513099728152156,766.0,129.0,2.0,127.0,234.0,16.0,218.0,294.0,194.0,105.0,16.0,91.0,6.0,34.0,1.0,6.0,8.0,68.0,141.0,236.0,40.0,0.0,0.0,0.0,0.0,0.0,0.0,0.0,0.0,0.0,0.0,0.0,0.0,0.0,0.0,0.0,0.0,0.0,0.0,0.0,0.0,0.0,0.0,0.0,0.0,0.0,0.0,0.0,0.0,0.0,1.0,0.0,0.0,1.0,0.0,0.0,2.0,0.0,0.0,0.0,0.0,4.0,7.0,2.0,4.0,2.0,0.0,20.0,15.0,11.0,5.0,24.0,26.0,21.0,8.0,0.0,0.0,0.0,0.0,0.0,0.0,0.0,0.0,0.0,1.0,0.0,0.0,7.0,0.0,0.0,7.0,0.0,0.0,0.0,0.0,5.0,12.0,3.0,5.0,2.0,0.0,26.0,21.0,16.0,6.0,30.0,37.0,26.0,10.0
600,1.0,600.0,London_32,FIFO,151,453,1092.0,70.0,2.0,106002.0,0.6026766793802381,687.0,2.0,0.0,2.0,4.0,0.0,4.0,234.0,200.0,131.0,29.0,65.0,7.0,15.0,4.0,2.0,9.0,79.0,146.0,219.0,47.0,0.0,0.0,0.0,0.0,0.0,0.0,0.0,0.0,0.0,0.0,0.0,0.0,0.0,0.0,0.0,0.0,0.0,0.0,0.0,0.0,0.0,0.0,0.0,0.0,0.0,0.0,0.0,0.0,0.0,0.0,0.0,0.0,0.0,0.0,0.0,0.0,0.0,0.0,0.0,0.0,0.0,0.0,0.0,0.0,0.0,0.0,0.0,0.0,0.0,0.0,0.0,2.0,1.0,0.0,0.0,0.0,0.0,0.0,0.0,0.0,0.0,0.0,0.0,0.0,0.0,0.0,0.0,0.0,0.0,0.0,0.0,0.0,0.0,0.0,0.0,0.0,0.0,0.0,0.0,0.0,0.0,0.0,0.0,0.0,0.0,3.0,2.0,0.0
601,1.0,601.0,London_32,FIFO,151,453,1092.0,70.0,2.0,130917.0,0.6551289460621774,742.0,17.0,0.0,17.0,30.0,0.0,30.0,4.0,200.0,132.0,29.0,62.0,7.0,17.0,4.0,2.0,9.0,77.0,148.0,219.0,47.0,0.0,0.0,0.0,0.0,0.0,0.0,0.0,0.0,0.0,0.0,0.0,0.0,0.0,0.0,0.0,0.0,0.0,0.0,0.0,0.0,0.0,0.0,0.0,0.0,0.0,0.0,0.0,0.0,0.0,0.0,0.0,0.0,0.0,0.0,0.0,0.0,0.0,0.0,0.0,0.0,1.0,0.0,1.0,1.0,0.0,0.0,0.0,0.0,4.0,0.0,5.0,2.0,4.0,2.0,0.0,0.0,0.0,0.0,0.0,0.0,0.0,0.0,0.0,0.0,0.0,0.0,0.0,0.0,0.0,0.0,0.0,0.0,0.0,0.0,1.0,0.0,1.0,1.0,0.0,0.0,0.0,0.0,6.0,0.0,9.0,2.0,4.0,5.0
602,1.0,602.0,London_32,FIFO,151,453,1092.0,70.0,2.0,172140.0,0.9952919352799654,833.0,131.0,2.0,129.0,231.0,18.0,213.0,30.0,204.0,132.0,29.0,62.0,8.0,15.0,1.0,2.0,9.0,77.0,153.0,214.0,47.0,0.0,0.0,0.0,0.0,0.0,0.0,0.0,0.0,0.0,0.0,0.0,0.0,0.0,0.0,0.0,0.0,0.0,0.0,0.0,0.0,0.0,0.0,0.0,0.0,0.0,0.0,0.0,0.0,0.0,0.0,0.0,0.0,0.0,0.0,2.0,2.0,0.0,0.0,0.0,0.0,6.0,7.0,1.0,1.0,1.0,0.0,6.0,12.0,4.0,14.0,25.0,25.0,26.0,8.0,0.0,0.0,0.0,0.0,0.0,0.0,0.0,0.0,0.0,0.0,0.0,0.0,0.0,0.0,13.0,9.0,0.0,0.0,0.0,0.0,8.0,7.0,1.0,1.0,1.0,0.0,8.0,13.0,5.0,20.0,36.0,33.0,31.0,10.0
603,1.0,603.0,London_32,FIFO,151,453,1092.0,70.0,2.0,152208.0,0.9418673682957888,789.0,208.0,0.0,208.0,359.0,0.0,359.0,231.0,215.0,130.0,13.0,66.0,13.0,13.0,1.0,2.0,1.0,79.0,147.0,226.0,29.0,0.0,0.0,0.0,0.0,0.0,0.0,0.0,0.0,0.0,0.0,0.0,0.0,0.0,0.0,0.0,0.0,0.0,0.0,0.0,0.0,0.0,0.0,0.0,0.0,0.0,0.0,0.0,0.0,0.0,0.0,0.0,0.0,0.0,0.0,0.0,0.0,0.0,0.0,0.0,0.0,5.0,30.0,0.0,1.0,10.0,1.0,20.0,0.0,8.0,11.0,53.0,44.0,21.0,8.0,0.0,0.0,0.0,0.0,0.0,0.0,0.0,0.0,0.0,0.0,0.0,0.0,0.0,0.0,0.0,0.0,0.0,0.0,0.0,0.0,7.0,42.0,0.0,1.0,10.0,1.0,22.0,0.0,10.0,17.0,79.0,65.0,25.0,15.0
604,1.0,604.0,London_32,FIFO,151,453,1092.0,70.0,2.0,88788.0,0.27036069333553314,649.0,7.0,0.0,7.0,10.0,0.0,10.0,359.0,148.0,127.0,24.0,105.0,10.0,35.0,0.0,4.0,8.0,82.0,141.0,222.0,51.0,0.0,0.0,0.0,0.0,0.0,0.0,0.0,0.0,0.0,0.0,0.0,0.0,0.0,0.0,0.0,0.0,0.0,0.0,0.0,0.0,0.0,0.0,0.0,0.0,0.0,0.0,0.0,0.0,0.0,0.0,0.0,0.0,0.0,0.0,0.0,0.0,0.0,0.0,0.0,0.0,0.0,0.0,0.0,0.0,0.0,1.0,0.0,1.0,0.0,0.0,0.0,1.0,2.0,0.0,0.0,0.0,0.0,0.0,0.0,0.0,0.0,0.0,0.0,0.0,0.0,0.0,0.0,0.0,0.0,0.0,0.0,0.0,0.0,0.0,0.0,0.0,0.0,0.0,0.0,2.0,0.0,1.0,0.0,0.0,0.0,1.0,2.0,0.0
605,1.0,605.0,London_32,FIFO,151,453,1092.0,70.0,2.0,124122.0,0.6057271012105048,727.0,2.0,0.0,2.0,3.0,0.0,3.0,10.0,149.0,126.0,21.0,109.0,10.0,36.0,0.0,2.0,8.0,84.0,140.0,221.0,54.0,0.0,0.0,0.0,0.0,0.0,0.0,0.0,0.0,0.0,0.0,0.0,0.0,0.0,0.0,0.0,0.0,0.0,0.0,0.0,0.0,0.0,0.0,0.0,0.0,0.0,0.0,0.0,0.0,0.0,0.0,0.0,0.0,0.0,0.0,0.0,0.0,0.0,0.0,0.0,0.0,0.0,0.0,0.0,0.0,0.0,0.0,0.0,0.0,0.0,0.0,1.0,1.0,0.0,1.0,0.0,0.0,0.0,0.0,0.0,0.0,0.0,0.0,0.0,0.0,0.0,0.0,0.0,0.0,0.0,0.0,0.0,0.0,0.0,0.0,0.0,0.0,0.0,0.0,0.0,0.0,0.0,0.0,0.0,0.0,1.0,1.0,0.0,1.0
606,1.0,606.0,London_32,FIFO,151,453,1092.0,70.0,2.0,163986.0,0.7520548468455672,815.0,106.0,1.0,105.0,191.0,9.0,182.0,3.0,150.0,123.0,21.0,109.0,10.0,38.0,0.0,2.0,8.0,84.0,140.0,221.0,54.0,0.0,0.0,0.0,0.0,0.0,0.0,0.0,0.0,0.0,0.0,0.0,0.0,0.0,0.0,0.0,0.0,0.0,0.0,0.0,0.0,0.0,0.0,0.0,0.0,0.0,0.0,0.0,0.0,0.0,0.0,0.0,0.0,0.0,0.0,1.0,0.0,0.0,0.0,0.0,0.0,6.0,1.0,0.0,1.0,0.0,0.0,10.0,5.0,5.0,9.0,17.0,31.0,16.0,10.0,0.0,0.0,0.0,0.0,0.0,0.0,0.0,0.0,0.0,0.0,0.0,0.0,0.0,0.0,6.0,0.0,0.0,0.0,0.0,0.0,9.0,1.0,0.0,2.0,0.0,0.0,12.0,5.0,6.0,12.0,28.0,41.0,17.0,15.0
607,1.0,607.0,London_32,FIFO,151,453,1092.0,70.0,2.0,155832.0,0.9405254232697189,797.0,43.0,2.0,41.0,83.0,18.0,65.0,191.0,162.0,130.0,20.0,85.0,9.0,40.0,3.0,4.0,7.0,79.0,144.0,223.0,52.0,0.0,0.0,0.0,0.0,0.0,0.0,0.0,0.0,0.0,1.0,0.0,0.0,0.0,1.0,0.0,0.0,0.0,0.0,1.0,0.0,0.0,0.0,0.0,0.0,0.0,0.0,0.0,0.0,0.0,1.0,0.0,0.0,1.0,0.0,1.0,2.0,0.0,0.0,0.0,0.0,1.0,1.0,0.0,0.0,0.0,0.0,4.0,4.0,2.0,6.0,5.0,6.0,6.0,8.0,0.0,0.0,0.0,0.0,0.0,0.0,0.0,0.0,0.0,5.0,0.0,0.0,3.0,0.0,4.0,6.0,0.0,0.0,0.0,0.0,1.0,1.0,0.0,0.0,0.0,0.0,7.0,5.0,2.0,7.0,6.0,8.0,7.0,10.0
608,1.0,608.0,London_32,FIFO,151,453,1092.0,70.0,2.0,175764.0,0.7379566794261336,841.0,105.0,2.0,103.0,182.0,15.0,167.0,79.0,160.0,134.0,26.0,79.0,7.0,41.0,4.0,2.0,4.0,84.0,132.0,233.0,51.0,0.0,0.0,0.0,0.0,0.0,0.0,0.0,0.0,0.0,0.0,0.0,0.0,0.0,0.0,0.0,0.0,0.0,0.0,0.0,0.0,0.0,0.0,0.0,0.0,0.0,0.0,0.0,0.0,0.0,1.0,0.0,0.0,1.0,1.0,1.0,2.0,0.0,0.0,0.0,0.0,4.0,17.0,1.0,0.0,2.0,0.0,23.0,3.0,4.0,7.0,24.0,18.0,23.0,8.0,0.0,0.0,0.0,0.0,0.0,0.0,0.0,0.0,0.0,2.0,0.0,0.0,5.0,8.0,5.0,8.0,0.0,0.0,0.0,0.0,4.0,19.0,1.0,0.0,3.0,0.0,29.0,5.0,7.0,9.0,42.0,26.0,30.0,11.0
609,1.0,609.0,London_32,FIFO,151,453,1092.0,70.0,2.0,164892.0,0.9523897781036794,817.0,95.0,0.0,95.0,167.0,0.0,167.0,182.0,165.0,138.0,30.0,86.0,2.0,27.0,1.0,4.0,5.0,86.0,143.0,219.0,41.0,0.0,0.0,0.0,0.0,0.0,0.0,0.0,0.0,0.0,0.0,0.0,0.0,0.0,0.0,0.0,0.0,0.0,0.0,0.0,0.0,0.0,0.0,0.0,0.0,0.0,0.0,0.0,0.0,0.0,0.0,0.0,0.0,0.0,0.0,0.0,0.0,0.0,0.0,0.0,0.0,1.0,2.0,1.0,1.0,0.0,0.0,12.0,11.0,5.0,8.0,10.0,27.0,13.0,11.0,0.0,0.0,0.0,0.0,0.0,0.0,0.0,0.0,0.0,0.0,0.0,0.0,0.0,0.0,0.0,0.0,0.0,0.0,0.0,0.0,1.0,3.0,1.0,1.0,0.0,0.0,16.0,13.0,11.0,12.0,14.0,43.0,18.0,18.0
610,1.0,610.0,London_32,FIFO,151,453,1092.0,70.0,2.0,159909.0,0.8423345470800996,806.0,140.0,1.0,139.0,255.0,10.0,245.0,167.0,162.0,139.0,33.0,83.0,2.0,32.0,0.0,2.0,6.0,89.0,147.0,211.0,47.0,0.0,0.0,0.0,0.0,0.0,0.0,0.0,0.0,0.0,0.0,0.0,0.0,0.0,0.0,0.0,0.0,0.0,0.0,0.0,0.0,0.0,0.0,0.0,0.0,0.0,0.0,0.0,0.0,0.0,1.0,0.0,0.0,1.0,0.0,0.0,1.0,0.0,0.0,0.0,0.0,4.0,4.0,4.0,3.0,1.0,0.0,10.0,8.0,9.0,7.0,25.0,37.0,16.0,15.0,0.0,0.0,0.0,0.0,0.0,0.0,0.0,0.0,0.0,2.0,0.0,0.0,4.0,0.0,0.0,2.0,0.0,0.0,0.0,0.0,5.0,4.0,6.0,5.0,1.0,0.0,15.0,11.0,10.0,9.0,34.0,50.0,24.0,23.0
611,1.0,611.0,London_32,FIFO,151,453,1092.0,70.0,2.0,133635.0,0.7101697018370032,748.0,46.0,0.0,46.0,75.0,0.0,75.0,255.0,177.0,134.0,20.0,83.0,10.0,24.0,1.0,4.0,11.0,75.0,162.0,205.0,40.0,0.0,0.0,0.0,0.0,0.0,0.0,0.0,0.0,0.0,0.0,0.0,0.0,0.0,0.0,0.0,0.0,0.0,0.0,0.0,0.0,0.0,0.0,0.0,0.0,0.0,0.0,0.0,0.0,0.0,0.0,0.0,0.0,0.0,0.0,0.0,0.0,0.0,0.0,0.0,0.0,1.0,1.0,0.0,2.0,0.0,0.0,4.0,1.0,2.0,1.0,9.0,11.0,8.0,5.0,0.0,0.0,0.0,0.0,0.0,0.0,0.0,0.0,0.0,0.0,0.0,0.0,0.0,0.0,0.0,0.0,0.0,0.0,0.0,0.0,3.0,1.0,0.0,4.0,0.0,0.0,6.0,1.0,2.0,1.0,12.0,16.0,10.0,8.0
612,1.0,612.0,London_32,FIFO,151,453,1092.0,70.0,2.0,160362.0,1.0222024996764958,807.0,89.0,3.0,86.0,173.0,25.0,148.0,75.0,174.0,151.0,14.0,80.0,10.0,21.0,0.0,3.0,11.0,79.0,150.0,213.0,51.0,0.0,0.0,0.0,0.0,0.0,0.0,0.0,0.0,0.0,0.0,0.0,0.0,0.0,0.0,0.0,0.0,0.0,0.0,0.0,0.0,0.0,0.0,0.0,0.0,0.0,0.0,0.0,0.0,0.0,1.0,0.0,0.0,1.0,0.0,1.0,1.0,0.0,0.0,0.0,0.0,1.0,2.0,0.0,3.0,0.0,0.0,9.0,6.0,2.0,13.0,16.0,21.0,15.0,10.0,0.0,0.0,0.0,0.0,0.0,0.0,0.0,0.0,0.0,5.0,0.0,0.0,3.0,0.0,4.0,5.0,0.0,0.0,0.0,0.0,1.0,3.0,0.0,4.0,0.0,0.0,10.0,7.0,3.0,18.0,24.0,26.0,21.0,18.0
613,1.0,613.0,London_32,FIFO,151,453,1092.0,70.0,2.0,157644.0,1.16239032195881,801.0,69.0,1.0,68.0,123.0,9.0,114.0,173.0,189.0,146.0,22.0,63.0,7.0,20.0,1.0,5.0,11.0,75.0,149.0,218.0,55.0,0.0,0.0,0.0,0.0,0.0,0.0,0.0,0.0,0.0,0.0,0.0,0.0,0.0,0.0,0.0,0.0,0.0,0.0,0.0,0.0,0.0,0.0,0.0,0.0,0.0,0.0,0.0,0.0,0.0,1.0,0.0,0.0,0.0,0.0,0.0,0.0,1.0,0.0,0.0,0.0,8.0,7.0,0.0,1.0,0.0,0.0,4.0,4.0,3.0,7.0,12.0,18.0,10.0,5.0,0.0,0.0,0.0,0.0,0.0,0.0,0.0,0.0,0.0,4.0,0.0,0.0,0.0,0.0,0.0,0.0,8.0,0.0,0.0,0.0,9.0,7.0,0.0,2.0,0.0,0.0,6.0,6.0,4.0,11.0,19.0,24.0,13.0,6.0
614,1.0,614.0,London_32,FIFO,151,453,1092.0,70.0,2.0,152208.0,0.8345763781107962,789.0,72.0,0.0,72.0,122.0,0.0,122.0,123.0,197.0,145.0,25.0,57.0,2.0,23.0,0.0,4.0,13.0,86.0,151.0,203.0,57.0,0.0,0.0,0.0,0.0,0.0,0.0,0.0,0.0,0.0,0.0,0.0,0.0,0.0,0.0,0.0,0.0,0.0,0.0,0.0,0.0,0.0,0.0,0.0,0.0,0.0,0.0,0.0,0.0,0.0,0.0,0.0,0.0,0.0,0.0,0.0,0.0,0.0,0.0,0.0,0.0,1.0,9.0,0.0,0.0,0.0,0.0,6.0,2.0,6.0,5.0,10.0,18.0,20.0,8.0,0.0,0.0,0.0,0.0,0.0,0.0,0.0,0.0,0.0,0.0,0.0,0.0,0.0,0.0,0.0,0.0,0.0,0.0,0.0,0.0,1.0,15.0,0.0,0.0,0.0,0.0,9.0,2.0,7.0,6.0,13.0,27.0,29.0,13.0
615,1.0,615.0,London_32,FIFO,151,453,1092.0,70.0,2.0,159909.0,0.9237424549646676,806.0,81.0,2.0,79.0,145.0,17.0,128.0,122.0,193.0,148.0,14.0,73.0,5.0,18.0,1.0,1.0,11.0,81.0,165.0,196.0,67.0,0.0,0.0,0.0,0.0,0.0,0.0,0.0,0.0,0.0,0.0,0.0,0.0,0.0,0.0,0.0,0.0,0.0,0.0,0.0,0.0,0.0,0.0,0.0,0.0,0.0,0.0,0.0,0.0,0.0,1.0,0.0,0.0,1.0,0.0,2.0,1.0,0.0,0.0,0.0,0.0,1.0,1.0,2.0,0.0,2.0,0.0,6.0,3.0,1.0,7.0,16.0,16.0,16.0,9.0,0.0,0.0,0.0,0.0,0.0,0.0,0.0,0.0,0.0,3.0,0.0,0.0,5.0,0.0,12.0,5.0,0.0,0.0,0.0,0.0,1.0,2.0,3.0,0.0,2.0,0.0,10.0,4.0,2.0,8.0,26.0,23.0,21.0,15.0
616,1.0,616.0,London_32,FIFO,151,453,1092.0,70.0,2.0,157191.0,1.0863167508505285,800.0,103.0,0.0,103.0,186.0,0.0,186.0,145.0,206.0,142.0,15.0,75.0,3.0,10.0,0.0,2.0,8.0,89.0,158.0,198.0,66.0,0.0,0.0,0.0,0.0,0.0,0.0,0.0,0.0,0.0,0.0,0.0,0.0,0.0,0.0,0.0,0.0,0.0,0.0,0.0,0.0,0.0,0.0,0.0,0.0,0.0,0.0,0.0,0.0,0.0,0.0,0.0,0.0,0.0,0.0,0.0,0.0,0.0,0.0,0.0,0.0,1.0,14.0,2.0,2.0,5.0,0.0,6.0,3.0,3.0,15.0,28.0,20.0,24.0,4.0,0.0,0.0,0.0,0.0,0.0,0.0,0.0,0.0,0.0,0.0,0.0,0.0,0.0,0.0,0.0,0.0,0.0,0.0,0.0,0.0,1.0,19.0,2.0,3.0,5.0,0.0,6.0,6.0,3.0,18.0,43.0,31.0,31.0,5.0
617,1.0,617.0,London_32,FIFO,151,453,1092.0,70.0,2.0,155832.0,1.2377607501111925,797.0,119.0,0.0,119.0,203.0,0.0,203.0,186.0,213.0,138.0,12.0,58.0,5.0,20.0,4.0,3.0,6.0,88.0,138.0,221.0,58.0,0.0,0.0,0.0,0.0,0.0,0.0,0.0,0.0,0.0,0.0,0.0,0.0,0.0,0.0,0.0,0.0,0.0,0.0,0.0,0.0,0.0,0.0,0.0,0.0,0.0,0.0,0.0,0.0,0.0,0.0,0.0,0.0,0.0,0.0,0.0,0.0,0.0,0.0,0.0,0.0,5.0,15.0,2.0,1.0,1.0,0.0,11.0,6.0,7.0,18.0,22.0,27.0,22.0,8.0,0.0,0.0,0.0,0.0,0.0,0.0,0.0,0.0,0.0,0.0,0.0,0.0,0.0,0.0,0.0,0.0,0.0,0.0,0.0,0.0,5.0,20.0,2.0,2.0,1.0,0.0,16.0,9.0,9.0,23.0,29.0,35.0,28.0,12.0
618,1.0,618.0,London_32,FIFO,151,453,1092.0,70.0,2.0,130464.0,0.7986866729333997,741.0,121.0,0.0,121.0,218.0,0.0,218.0,203.0,223.0,121.0,22.0,65.0,4.0,12.0,2.0,4.0,6.0,84.0,157.0,206.0,51.0,0.0,0.0,0.0,0.0,0.0,0.0,0.0,0.0,0.0,0.0,0.0,0.0,0.0,0.0,0.0,0.0,0.0,0.0,0.0,0.0,0.0,0.0,0.0,0.0,0.0,0.0,0.0,0.0,0.0,0.0,0.0,0.0,0.0,0.0,0.0,0.0,0.0,0.0,0.0,0.0,1.0,8.0,0.0,0.0,1.0,0.0,5.0,9.0,11.0,6.0,24.0,19.0,25.0,10.0,0.0,0.0,0.0,0.0,0.0,0.0,0.0,0.0,0.0,0.0,0.0,0.0,0.0,0.0,0.0,0.0,0.0,0.0,0.0,0.0,1.0,12.0,0.0,0.0,1.0,0.0,6.0,13.0,16.0,11.0,34.0,31.0,32.0,14.0
619,1.0,619.0,London_32,FIFO,151,453,1092.0,70.0,2.0,108267.0,0.8738607550039887,692.0,3.0,3.0,0.0,28.0,28.0,0.0,218.0,221.0,107.0,19.0,65.0,6.0,26.0,1.0,8.0,5.0,83.0,148.0,217.0,46.0,0.0,0.0,0.0,0.0,0.0,0.0,0.0,0.0,0.0,0.0,0.0,0.0,0.0,0.0,0.0,0.0,0.0,0.0,0.0,0.0,0.0,0.0,0.0,0.0,0.0,0.0,0.0,0.0,0.0,1.0,1.0,0.0,0.0,0.0,1.0,2.0,0.0,0.0,0.0,0.0,0.0,0.0,0.0,0.0,0.0,0.0,0.0,0.0,0.0,0.0,0.0,0.0,0.0,0.0,0.0,0.0,0.0,0.0,0.0,0.0,0.0,0.0,0.0,3.0,1.0,0.0,0.0,0.0,7.0,7.0,0.0,0.0,0.0,0.0,0.0,0.0,0.0,0.0,0.0,0.0,0.0,0.0,0.0,0.0,0.0,0.0,0.0,0.0
620,1.0,620.0,London_32,FIFO,151,453,1092.0,70.0,2.0,142242.0,0.8932141908444464,767.0,35.0,0.0,35.0,70.0,0.0,70.0,28.0,221.0,114.0,13.0,69.0,1.0,26.0,1.0,8.0,4.0,75.0,148.0,226.0,46.0,0.0,0.0,0.0,0.0,0.0,0.0,0.0,0.0,0.0,0.0,0.0,0.0,0.0,0.0,0.0,0.0,0.0,0.0,0.0,0.0,0.0,0.0,0.0,0.0,0.0,0.0,0.0,0.0,0.0,0.0,0.0,0.0,0.0,0.0,0.0,0.0,0.0,0.0,0.0,0.0,0.0,2.0,2.0,0.0,0.0,0.0,4.0,3.0,1.0,3.0,5.0,6.0,10.0,1.0,0.0,0.0,0.0,0.0,0.0,0.0,0.0,0.0,0.0,0.0,0.0,0.0,0.0,0.0,0.0,0.0,0.0,0.0,0.0,0.0,0.0,5.0,3.0,0.0,0.0,0.0,6.0,3.0,2.0,3.0,12.0,9.0,12.0,1.0
621,1.0,621.0,London_32,FIFO,151,453,1092.0,70.0,2.0,159909.0,1.1129009793512523,806.0,165.0,1.0,164.0,292.0,9.0,283.0,70.0,225.0,110.0,13.0,73.0,3.0,26.0,0.0,3.0,5.0,75.0,149.0,224.0,42.0,0.0,0.0,0.0,0.0,0.0,0.0,0.0,0.0,0.0,0.0,0.0,0.0,0.0,0.0,0.0,0.0,0.0,0.0,0.0,0.0,0.0,0.0,0.0,0.0,0.0,0.0,0.0,0.0,0.0,0.0,0.0,0.0,0.0,1.0,0.0,0.0,0.0,0.0,0.0,0.0,2.0,3.0,0.0,0.0,3.0,0.0,19.0,15.0,6.0,11.0,41.0,38.0,29.0,16.0,0.0,0.0,0.0,0.0,0.0,0.0,0.0,0.0,0.0,0.0,0.0,0.0,0.0,5.0,0.0,0.0,0.0,0.0,0.0,0.0,4.0,4.0,0.0,0.0,3.0,0.0,24.0,22.0,7.0,15.0,59.0,55.0,35.0,18.0
622,1.0,622.0,London_32,FIFO,151,453,1092.0,70.0,2.0,115968.0,0.8796152006834745,709.0,25.0,2.0,23.0,57.0,18.0,39.0,292.0,197.0,112.0,26.0,70.0,11.0,31.0,1.0,5.0,8.0,73.0,154.0,218.0,34.0,0.0,0.0,0.0,0.0,0.0,0.0,0.0,0.0,0.0,0.0,0.0,0.0,0.0,0.0,0.0,0.0,0.0,0.0,0.0,0.0,0.0,0.0,0.0,0.0,0.0,0.0,0.0,0.0,0.0,1.0,0.0,0.0,0.0,0.0,0.0,2.0,0.0,0.0,0.0,0.0,0.0,1.0,0.0,0.0,0.0,0.0,1.0,1.0,0.0,4.0,4.0,5.0,5.0,4.0,0.0,0.0,0.0,0.0,0.0,0.0,0.0,0.0,0.0,2.0,0.0,0.0,0.0,0.0,0.0,7.0,0.0,0.0,0.0,0.0,0.0,1.0,0.0,0.0,0.0,0.0,2.0,1.0,0.0,5.0,5.0,9.0,7.0,5.0
623,1.0,623.0,London_32,FIFO,151,453,1092.0,70.0,2.0,139977.0,0.9316168213263154,762.0,82.0,0.0,82.0,142.0,0.0,142.0,57.0,202.0,116.0,24.0,67.0,9.0,29.0,1.0,5.0,9.0,81.0,146.0,217.0,28.0,0.0,0.0,0.0,0.0,0.0,0.0,0.0,0.0,0.0,0.0,0.0,0.0,0.0,0.0,0.0,0.0,0.0,0.0,0.0,0.0,0.0,0.0,0.0,0.0,0.0,0.0,0.0,0.0,0.0,0.0,0.0,0.0,0.0,0.0,0.0,0.0,0.0,0.0,0.0,0.0,4.0,13.0,0.0,1.0,1.0,0.0,9.0,3.0,10.0,8.0,20.0,18.0,16.0,7.0,0.0,0.0,0.0,0.0,0.0,0.0,0.0,0.0,0.0,0.0,0.0,0.0,0.0,0.0,0.0,0.0,0.0,0.0,0.0,0.0,5.0,21.0,0.0,3.0,1.0,0.0,12.0,4.0,12.0,9.0,29.0,28.0,20.0,12.0
624,1.0,624.0,London_32,FIFO,151,453,1092.0,70.0,2.0,146319.0,0.902419432066381,776.0,92.0,1.0,91.0,157.0,10.0,147.0,142.0,210.0,119.0,34.0,60.0,11.0,18.0,0.0,1.0,9.0,74.0,151.0,219.0,37.0,0.0,0.0,0.0,0.0,0.0,0.0,0.0,0.0,0.0,0.0,0.0,0.0,0.0,0.0,0.0,0.0,0.0,0.0,0.0,0.0,0.0,0.0,0.0,0.0,0.0,0.0,0.0,0.0,0.0,0.0,0.0,0.0,1.0,0.0,0.0,1.0,0.0,0.0,0.0,0.0,3.0,11.0,0.0,3.0,2.0,0.0,14.0,2.0,7.0,6.0,27.0,15.0,26.0,1.0,0.0,0.0,0.0,0.0,0.0,0.0,0.0,0.0,0.0,0.0,0.0,0.0,1.0,0.0,0.0,5.0,0.0,0.0,0.0,0.0,3.0,17.0,0.0,4.0,2.0,0.0,16.0,2.0,9.0,8.0,41.0,20.0,37.0,2.0
625,1.0,625.0,London_32,FIFO,151,453,1092.0,70.0,2.0,144960.0,0.8667668169364333,773.0,51.0,1.0,50.0,98.0,10.0,88.0,157.0,221.0,136.0,9.0,50.0,9.0,26.0,0.0,2.0,8.0,79.0,143.0,223.0,37.0,0.0,0.0,0.0,0.0,0.0,0.0,0.0,0.0,0.0,0.0,0.0,0.0,0.0,0.0,0.0,0.0,0.0,0.0,0.0,0.0,0.0,0.0,0.0,0.0,0.0,0.0,0.0,0.0,0.0,0.0,0.0,0.0,0.0,0.0,0.0,0.0,0.0,0.0,0.0,0.0,1.0,2.0,2.0,0.0,2.0,0.0,5.0,4.0,4.0,10.0,13.0,12.0,17.0,2.0,0.0,0.0,0.0,0.0,0.0,0.0,0.0,0.0,0.0,0.0,0.0,0.0,0.0,0.0,0.0,0.0,0.0,0.0,0.0,0.0,1.0,3.0,3.0,0.0,2.0,0.0,6.0,4.0,7.0,15.0,17.0,26.0,20.0,3.0
626,1.0,626.0,London_32,FIFO,151,453,1092.0,70.0,2.0,158097.0,0.9881678340025246,802.0,86.0,0.0,86.0,157.0,0.0,157.0,98.0,220.0,140.0,18.0,42.0,2.0,27.0,1.0,3.0,6.0,83.0,145.0,219.0,41.0,0.0,0.0,0.0,0.0,0.0,0.0,0.0,0.0,0.0,0.0,0.0,0.0,0.0,0.0,0.0,0.0,0.0,0.0,0.0,0.0,0.0,0.0,0.0,0.0,0.0,0.0,0.0,0.0,0.0,0.0,0.0,0.0,0.0,0.0,0.0,0.0,0.0,0.0,0.0,0.0,0.0,7.0,0.0,0.0,9.0,0.0,1.0,9.0,8.0,6.0,24.0,21.0,22.0,6.0,0.0,0.0,0.0,0.0,0.0,0.0,0.0,0.0,0.0,0.0,0.0,0.0,0.0,0.0,0.0,0.0,0.0,0.0,0.0,0.0,0.0,10.0,0.0,0.0,12.0,0.0,1.0,16.0,11.0,7.0,37.0,34.0,27.0,8.0
627,1.0,627.0,London_32,FIFO,151,453,1092.0,70.0,2.0,154926.0,1.1833531688898802,795.0,15.0,0.0,15.0,25.0,0.0,25.0,157.0,219.0,138.0,13.0,51.0,2.0,26.0,0.0,4.0,5.0,68.0,159.0,221.0,43.0,0.0,0.0,0.0,0.0,0.0,0.0,0.0,0.0,0.0,0.0,0.0,0.0,0.0,0.0,0.0,0.0,0.0,0.0,0.0,0.0,0.0,0.0,0.0,0.0,0.0,0.0,0.0,0.0,0.0,0.0,0.0,0.0,0.0,0.0,0.0,0.0,0.0,0.0,0.0,0.0,1.0,1.0,0.0,2.0,0.0,0.0,1.0,1.0,0.0,3.0,1.0,3.0,4.0,1.0,0.0,0.0,0.0,0.0,0.0,0.0,0.0,0.0,0.0,0.0,0.0,0.0,0.0,0.0,0.0,0.0,0.0,0.0,0.0,0.0,1.0,1.0,0.0,2.0,0.0,0.0,2.0,1.0,0.0,3.0,1.0,5.0,7.0,1.0
628,1.0,628.0,London_32,FIFO,151,453,1092.0,70.0,2.0,192525.0,1.1325911968015134,878.0,131.0,2.0,129.0,249.0,19.0,230.0,25.0,219.0,138.0,11.0,50.0,2.0,29.0,0.0,4.0,5.0,76.0,158.0,214.0,44.0,0.0,0.0,0.0,0.0,0.0,0.0,0.0,0.0,0.0,0.0,0.0,0.0,0.0,0.0,0.0,0.0,0.0,0.0,0.0,0.0,0.0,0.0,0.0,0.0,0.0,0.0,0.0,0.0,0.0,1.0,0.0,0.0,0.0,1.0,0.0,2.0,0.0,0.0,0.0,0.0,5.0,6.0,5.0,2.0,1.0,0.0,13.0,8.0,7.0,10.0,18.0,34.0,21.0,9.0,0.0,0.0,0.0,0.0,0.0,0.0,0.0,0.0,0.0,1.0,0.0,0.0,0.0,7.0,0.0,7.0,0.0,0.0,0.0,0.0,6.0,7.0,6.0,2.0,1.0,0.0,15.0,10.0,10.0,14.0,29.0,50.0,29.0,14.0
629,1.0,629.0,London_32,FIFO,151,453,1092.0,70.0,2.0,179388.0,1.14669921528548,849.0,127.0,2.0,125.0,228.0,17.0,211.0,249.0,212.0,115.0,16.0,79.0,10.0,13.0,1.0,7.0,5.0,77.0,168.0,203.0,39.0,0.0,0.0,0.0,0.0,0.0,0.0,0.0,0.0,0.0,0.0,0.0,0.0,0.0,0.0,0.0,0.0,0.0,0.0,0.0,0.0,0.0,0.0,0.0,0.0,0.0,0.0,0.0,0.0,0.0,0.0,0.0,0.0,1.0,0.0,0.0,2.0,0.0,0.0,0.0,0.0,1.0,2.0,1.0,3.0,2.0,1.0,10.0,7.0,10.0,4.0,26.0,21.0,19.0,12.0,0.0,0.0,0.0,0.0,0.0,0.0,0.0,0.0,0.0,0.0,0.0,0.0,1.0,0.0,0.0,7.0,0.0,0.0,0.0,0.0,1.0,3.0,1.0,3.0,2.0,3.0,14.0,9.0,11.0,5.0,41.0,33.0,23.0,15.0
630,1.0,630.0,London_32,FIFO,151,453,1092.0,70.0,2.0,161721.0,1.2393010910600424,810.0,176.0,0.0,176.0,297.0,0.0,297.0,228.0,208.0,113.0,15.0,90.0,7.0,12.0,1.0,7.0,8.0,83.0,149.0,213.0,42.0,0.0,0.0,0.0,0.0,0.0,0.0,0.0,0.0,0.0,0.0,0.0,0.0,0.0,0.0,0.0,0.0,0.0,0.0,0.0,0.0,0.0,0.0,0.0,0.0,0.0,0.0,0.0,0.0,0.0,0.0,0.0,0.0,0.0,0.0,0.0,0.0,0.0,0.0,0.0,0.0,1.0,10.0,2.0,1.0,0.0,0.0,18.0,8.0,3.0,17.0,26.0,50.0,16.0,15.0,0.0,0.0,0.0,0.0,0.0,0.0,0.0,0.0,0.0,0.0,0.0,0.0,0.0,0.0,0.0,0.0,0.0,0.0,0.0,0.0,1.0,13.0,2.0,3.0,0.0,0.0,23.0,9.0,3.0,19.0,40.0,77.0,22.0,19.0
631,1.0,631.0,London_32,FIFO,151,453,1092.0,70.0,2.0,109626.0,0.6396147510968149,695.0,38.0,2.0,36.0,84.0,18.0,66.0,297.0,195.0,105.0,17.0,95.0,6.0,33.0,0.0,2.0,2.0,90.0,164.0,197.0,25.0,0.0,0.0,0.0,0.0,0.0,0.0,0.0,0.0,0.0,0.0,0.0,0.0,0.0,0.0,0.0,0.0,0.0,0.0,0.0,0.0,0.0,0.0,0.0,0.0,0.0,0.0,0.0,0.0,0.0,0.0,0.0,0.0,1.0,1.0,0.0,1.0,0.0,0.0,0.0,0.0,1.0,0.0,0.0,0.0,0.0,0.0,5.0,2.0,0.0,9.0,7.0,8.0,9.0,5.0,0.0,0.0,0.0,0.0,0.0,0.0,0.0,0.0,0.0,0.0,0.0,0.0,4.0,7.0,0.0,2.0,0.0,0.0,0.0,0.0,1.0,0.0,0.0,0.0,0.0,0.0,5.0,2.0,0.0,13.0,12.0,9.0,12.0,9.0
632,1.0,632.0,London_32,FIFO,151,453,1092.0,70.0,2.0,123669.0,0.7822462520562112,726.0,85.0,0.0,85.0,149.0,0.0,149.0,84.0,199.0,112.0,9.0,93.0,8.0,30.0,0.0,2.0,1.0,85.0,161.0,206.0,30.0,0.0,0.0,0.0,0.0,0.0,0.0,0.0,0.0,0.0,0.0,0.0,0.0,0.0,0.0,0.0,0.0,0.0,0.0,0.0,0.0,0.0,0.0,0.0,0.0,0.0,0.0,0.0,0.0,0.0,0.0,0.0,0.0,0.0,0.0,0.0,0.0,0.0,0.0,0.0,0.0,8.0,4.0,1.0,2.0,0.0,1.0,7.0,4.0,4.0,9.0,31.0,14.0,23.0,7.0,0.0,0.0,0.0,0.0,0.0,0.0,0.0,0.0,0.0,0.0,0.0,0.0,0.0,0.0,0.0,0.0,0.0,0.0,0.0,0.0,9.0,4.0,1.0,2.0,0.0,1.0,9.0,6.0,4.0,16.0,51.0,23.0,26.0,11.0
633,1.0,633.0,London_32,FIFO,151,453,1092.0,70.0,2.0,111891.0,0.7991752326488495,700.0,2.0,2.0,0.0,17.0,17.0,0.0,149.0,209.0,106.0,13.0,85.0,6.0,31.0,2.0,1.0,5.0,88.0,155.0,205.0,32.0,0.0,0.0,0.0,0.0,0.0,0.0,0.0,0.0,0.0,0.0,0.0,0.0,0.0,0.0,0.0,0.0,0.0,0.0,0.0,0.0,0.0,0.0,0.0,0.0,0.0,0.0,0.0,0.0,0.0,0.0,0.0,0.0,1.0,0.0,0.0,1.0,1.0,0.0,0.0,0.0,0.0,0.0,0.0,0.0,0.0,0.0,0.0,0.0,0.0,0.0,0.0,0.0,0.0,0.0,0.0,0.0,0.0,0.0,0.0,0.0,0.0,0.0,0.0,0.0,0.0,0.0,4.0,0.0,0.0,4.0,8.0,0.0,0.0,0.0,0.0,0.0,0.0,0.0,0.0,0.0,0.0,0.0,0.0,0.0,0.0,0.0,0.0,0.0
634,1.0,634.0,London_32,FIFO,151,453,1092.0,70.0,2.0,136353.0,0.7883858792483807,754.0,82.0,0.0,82.0,142.0,0.0,142.0,17.0,206.0,105.0,14.0,85.0,7.0,32.0,3.0,1.0,3.0,92.0,146.0,212.0,30.0,0.0,0.0,0.0,0.0,0.0,0.0,0.0,0.0,0.0,0.0,0.0,0.0,0.0,0.0,0.0,0.0,0.0,0.0,0.0,0.0,0.0,0.0,0.0,0.0,0.0,0.0,0.0,0.0,0.0,0.0,0.0,0.0,0.0,0.0,0.0,0.0,0.0,0.0,0.0,0.0,4.0,5.0,0.0,0.0,0.0,0.0,9.0,2.0,2.0,11.0,21.0,27.0,13.0,8.0,0.0,0.0,0.0,0.0,0.0,0.0,0.0,0.0,0.0,0.0,0.0,0.0,0.0,0.0,0.0,0.0,0.0,0.0,0.0,0.0,5.0,6.0,0.0,0.0,0.0,0.0,13.0,3.0,2.0,17.0,33.0,37.0,15.0,12.0
635,1.0,635.0,London_32,FIFO,151,453,1092.0,70.0,2.0,128199.0,0.7307320800609887,736.0,105.0,1.0,104.0,187.0,8.0,179.0,142.0,211.0,109.0,12.0,65.0,11.0,38.0,1.0,6.0,3.0,93.0,150.0,207.0,33.0,0.0,0.0,0.0,0.0,0.0,0.0,0.0,0.0,0.0,0.0,0.0,0.0,0.0,0.0,0.0,0.0,0.0,0.0,0.0,0.0,0.0,0.0,0.0,0.0,0.0,0.0,0.0,0.0,0.0,0.0,0.0,0.0,1.0,0.0,0.0,1.0,0.0,0.0,0.0,0.0,5.0,3.0,5.0,0.0,0.0,0.0,8.0,9.0,6.0,16.0,18.0,25.0,20.0,11.0,0.0,0.0,0.0,0.0,0.0,0.0,0.0,0.0,0.0,0.0,0.0,0.0,1.0,0.0,0.0,2.0,0.0,0.0,0.0,0.0,6.0,3.0,6.0,0.0,0.0,0.0,9.0,11.0,9.0,20.0,26.0,32.0,29.0,19.0
636,1.0,636.0,London_32,FIFO,151,453,1092.0,70.0,2.0,115062.0,0.9296537032350898,707.0,90.0,2.0,88.0,185.0,18.0,167.0,187.0,211.0,110.0,12.0,70.0,11.0,33.0,3.0,3.0,7.0,88.0,153.0,205.0,34.0,0.0,0.0,0.0,0.0,0.0,0.0,0.0,0.0,0.0,0.0,0.0,0.0,0.0,0.0,0.0,0.0,0.0,0.0,0.0,0.0,0.0,0.0,0.0,0.0,0.0,0.0,0.0,0.0,0.0,0.0,1.0,0.0,1.0,0.0,1.0,2.0,0.0,0.0,0.0,0.0,4.0,12.0,1.0,0.0,7.0,0.0,9.0,9.0,11.0,7.0,16.0,15.0,14.0,8.0,0.0,0.0,0.0,0.0,0.0,0.0,0.0,0.0,0.0,0.0,1.0,0.0,3.0,0.0,6.0,6.0,0.0,0.0,0.0,0.0,6.0,14.0,1.0,0.0,7.0,0.0,16.0,10.0,15.0,14.0,27.0,22.0,22.0,13.0
637,1.0,637.0,London_32,FIFO,151,453,1092.0,70.0,2.0,109173.0,0.720851550810039,694.0,16.0,1.0,15.0,42.0,11.0,31.0,185.0,233.0,120.0,16.0,59.0,2.0,16.0,1.0,6.0,8.0,80.0,155.0,210.0,32.0,0.0,0.0,0.0,0.0,0.0,0.0,0.0,0.0,0.0,0.0,0.0,0.0,0.0,0.0,0.0,0.0,0.0,0.0,0.0,0.0,0.0,0.0,0.0,0.0,0.0,0.0,0.0,0.0,0.0,0.0,0.0,0.0,1.0,0.0,0.0,1.0,0.0,0.0,0.0,0.0,0.0,1.0,0.0,0.0,0.0,0.0,0.0,2.0,2.0,1.0,4.0,4.0,2.0,1.0,0.0,0.0,0.0,0.0,0.0,0.0,0.0,0.0,0.0,0.0,0.0,0.0,1.0,0.0,0.0,6.0,0.0,0.0,0.0,0.0,0.0,1.0,0.0,0.0,0.0,0.0,0.0,3.0,4.0,1.0,10.0,7.0,3.0,2.0
638,1.0,638.0,London_32,FIFO,151,453,1092.0,70.0,2.0,155832.0,1.0627865549176931,797.0,108.0,0.0,108.0,181.0,0.0,181.0,42.0,230.0,120.0,15.0,55.0,3.0,20.0,1.0,9.0,7.0,80.0,158.0,208.0,30.0,0.0,0.0,0.0,0.0,0.0,0.0,0.0,0.0,0.0,0.0,0.0,0.0,0.0,0.0,0.0,0.0,0.0,0.0,0.0,0.0,0.0,0.0,0.0,0.0,0.0,0.0,0.0,0.0,0.0,0.0,0.0,0.0,0.0,0.0,0.0,0.0,0.0,0.0,0.0,0.0,5.0,11.0,8.0,1.0,6.0,0.0,13.0,6.0,5.0,9.0,22.0,23.0,17.0,6.0,0.0,0.0,0.0,0.0,0.0,0.0,0.0,0.0,0.0,0.0,0.0,0.0,0.0,0.0,0.0,0.0,0.0,0.0,0.0,0.0,5.0,14.0,8.0,1.0,6.0,0.0,18.0,10.0,8.0,12.0,32.0,36.0,26.0,9.0
639,1.0,639.0,London_32,FIFO,151,453,1092.0,70.0,2.0,146319.0,1.084099539089948,776.0,4.0,2.0,2.0,21.0,18.0,3.0,181.0,243.0,113.0,7.0,55.0,5.0,20.0,1.0,9.0,4.0,80.0,145.0,224.0,26.0,0.0,0.0,0.0,0.0,0.0,0.0,0.0,0.0,0.0,0.0,0.0,0.0,0.0,0.0,0.0,0.0,0.0,0.0,0.0,0.0,0.0,0.0,0.0,0.0,0.0,0.0,0.0,0.0,0.0,1.0,0.0,0.0,0.0,0.0,0.0,2.0,0.0,0.0,0.0,0.0,0.0,0.0,0.0,0.0,0.0,0.0,1.0,0.0,0.0,0.0,0.0,0.0,0.0,0.0,0.0,0.0,0.0,0.0,0.0,0.0,0.0,0.0,0.0,6.0,0.0,0.0,0.0,0.0,0.0,11.0,0.0,0.0,0.0,0.0,0.0,0.0,0.0,0.0,0.0,0.0,2.0,0.0,0.0,0.0,0.0,0.0,0.0,0.0
640,1.0,640.0,London_32,FIFO,151,453,1092.0,70.0,2.0,193884.0,1.208546050824225,881.0,23.0,1.0,22.0,52.0,10.0,42.0,21.0,236.0,121.0,8.0,62.0,3.0,15.0,1.0,7.0,5.0,82.0,139.0,227.0,29.0,0.0,0.0,0.0,0.0,0.0,0.0,0.0,0.0,0.0,0.0,0.0,0.0,0.0,0.0,0.0,0.0,0.0,0.0,0.0,0.0,0.0,0.0,0.0,0.0,0.0,0.0,0.0,0.0,0.0,1.0,0.0,0.0,0.0,0.0,0.0,1.0,0.0,0.0,0.0,0.0,1.0,0.0,0.0,0.0,0.0,0.0,5.0,3.0,4.0,2.0,6.0,6.0,7.0,2.0,0.0,0.0,0.0,0.0,0.0,0.0,0.0,0.0,0.0,8.0,0.0,0.0,0.0,0.0,0.0,7.0,0.0,0.0,0.0,0.0,1.0,0.0,0.0,0.0,0.0,0.0,5.0,5.0,5.0,3.0,11.0,9.0,12.0,2.0
641,1.0,641.0,London_32,FIFO,151,453,1092.0,70.0,2.0,236919.0,1.7245481596328318,976.0,160.0,2.0,158.0,294.0,16.0,278.0,52.0,240.0,129.0,6.0,65.0,0.0,4.0,1.0,8.0,5.0,80.0,135.0,233.0,34.0,0.0,0.0,0.0,0.0,0.0,0.0,0.0,0.0,0.0,0.0,0.0,0.0,0.0,0.0,0.0,0.0,0.0,0.0,0.0,0.0,0.0,0.0,0.0,0.0,0.0,0.0,0.0,0.0,0.0,0.0,0.0,0.0,0.0,0.0,0.0,1.0,0.0,0.0,0.0,0.0,2.0,3.0,1.0,1.0,0.0,1.0,18.0,7.0,10.0,14.0,32.0,37.0,28.0,15.0,0.0,0.0,0.0,0.0,0.0,0.0,0.0,0.0,0.0,0.0,0.0,0.0,0.0,0.0,0.0,1.0,0.0,0.0,0.0,0.0,2.0,3.0,2.0,1.0,0.0,1.0,24.0,7.0,13.0,20.0,56.0,60.0,34.0,24.0
642,1.0,642.0,London_32,FIFO,151,453,1092.0,70.0,2.0,215175.0,1.0239939200691879,928.0,106.0,0.0,106.0,172.0,0.0,172.0,294.0,194.0,114.0,15.0,92.0,7.0,22.0,2.0,7.0,8.0,79.0,122.0,244.0,39.0,0.0,0.0,0.0,0.0,0.0,0.0,0.0,0.0,0.0,0.0,0.0,0.0,0.0,0.0,0.0,0.0,0.0,0.0,0.0,0.0,0.0,0.0,0.0,0.0,0.0,0.0,0.0,0.0,0.0,0.0,0.0,0.0,0.0,0.0,0.0,0.0,0.0,0.0,0.0,0.0,2.0,0.0,5.0,2.0,2.0,0.0,12.0,10.0,9.0,13.0,17.0,18.0,18.0,6.0,0.0,0.0,0.0,0.0,0.0,0.0,0.0,0.0,0.0,0.0,0.0,0.0,0.0,0.0,0.0,0.0,0.0,0.0,0.0,0.0,3.0,0.0,7.0,3.0,2.0,0.0,13.0,13.0,11.0,15.0,23.0,22.0,21.0,10.0
643,1.0,643.0,London_32,FIFO,151,453,1092.0,70.0,2.0,216534.0,1.1918748239986598,931.0,174.0,0.0,174.0,294.0,0.0,294.0,172.0,208.0,119.0,13.0,85.0,4.0,19.0,2.0,3.0,7.0,82.0,118.0,246.0,50.0,0.0,0.0,0.0,0.0,0.0,0.0,0.0,0.0,0.0,0.0,0.0,0.0,0.0,0.0,0.0,0.0,0.0,0.0,0.0,0.0,0.0,0.0,0.0,0.0,0.0,0.0,0.0,0.0,0.0,0.0,0.0,0.0,0.0,0.0,0.0,0.0,0.0,0.0,0.0,0.0,4.0,5.0,0.0,3.0,2.0,0.0,19.0,8.0,2.0,15.0,30.0,39.0,33.0,12.0,0.0,0.0,0.0,0.0,0.0,0.0,0.0,0.0,0.0,0.0,0.0,0.0,0.0,0.0,0.0,0.0,0.0,0.0,0.0,0.0,5.0,6.0,0.0,6.0,3.0,0.0,25.0,8.0,3.0,18.0,42.0,66.0,46.0,21.0
644,1.0,644.0,London_32,FIFO,151,453,1092.0,70.0,2.0,176670.0,0.8760989899747074,843.0,139.0,2.0,137.0,259.0,18.0,241.0,294.0,195.0,115.0,16.0,89.0,8.0,19.0,1.0,10.0,6.0,92.0,125.0,230.0,37.0,0.0,0.0,0.0,0.0,0.0,0.0,0.0,0.0,0.0,0.0,0.0,0.0,0.0,0.0,0.0,0.0,0.0,0.0,0.0,0.0,0.0,0.0,0.0,0.0,0.0,0.0,0.0,0.0,0.0,0.0,0.0,0.0,0.0,0.0,2.0,2.0,0.0,0.0,0.0,0.0,10.0,1.0,2.0,0.0,1.0,0.0,24.0,7.0,13.0,14.0,23.0,35.0,22.0,12.0,0.0,0.0,0.0,0.0,0.0,0.0,0.0,0.0,0.0,0.0,0.0,0.0,0.0,0.0,13.0,8.0,0.0,0.0,0.0,0.0,16.0,2.0,3.0,0.0,1.0,0.0,33.0,9.0,18.0,26.0,31.0,52.0,26.0,19.0
645,1.0,645.0,London_32,FIFO,151,453,1092.0,70.0,2.0,142242.0,0.7467062356881797,767.0,23.0,0.0,23.0,41.0,0.0,41.0,259.0,208.0,94.0,12.0,82.0,11.0,30.0,0.0,16.0,7.0,78.0,136.0,232.0,36.0,0.0,0.0,0.0,0.0,0.0,0.0,0.0,0.0,0.0,0.0,0.0,0.0,0.0,0.0,0.0,0.0,0.0,0.0,0.0,0.0,0.0,0.0,0.0,0.0,0.0,0.0,0.0,0.0,0.0,0.0,0.0,0.0,0.0,0.0,0.0,0.0,0.0,0.0,0.0,0.0,0.0,0.0,0.0,0.0,0.0,0.0,2.0,2.0,3.0,4.0,4.0,7.0,6.0,2.0,0.0,0.0,0.0,0.0,0.0,0.0,0.0,0.0,0.0,0.0,0.0,0.0,0.0,0.0,0.0,0.0,0.0,0.0,0.0,0.0,0.0,0.0,0.0,0.0,0.0,0.0,2.0,2.0,3.0,5.0,6.0,12.0,8.0,5.0
646,1.0,646.0,London_32,FIFO,151,453,1092.0,70.0,2.0,170328.0,1.1501585743390024,829.0,174.0,0.0,174.0,286.0,0.0,286.0,41.0,201.0,107.0,15.0,73.0,12.0,33.0,0.0,12.0,7.0,82.0,140.0,224.0,42.0,0.0,0.0,0.0,0.0,0.0,0.0,0.0,0.0,0.0,0.0,0.0,0.0,0.0,0.0,0.0,0.0,0.0,0.0,0.0,0.0,0.0,0.0,0.0,0.0,0.0,0.0,0.0,0.0,0.0,0.0,0.0,0.0,0.0,0.0,0.0,0.0,0.0,0.0,0.0,0.0,3.0,2.0,0.0,3.0,4.0,0.0,2.0,13.0,6.0,18.0,36.0,34.0,46.0,15.0,0.0,0.0,0.0,0.0,0.0,0.0,0.0,0.0,0.0,0.0,0.0,0.0,0.0,0.0,0.0,0.0,0.0,0.0,0.0,0.0,3.0,2.0,0.0,3.0,4.0,0.0,3.0,17.0,6.0,22.0,59.0,44.0,53.0,23.0
647,1.0,647.0,London_32,FIFO,151,453,1092.0,70.0,2.0,121857.0,0.539251257199794,722.0,4.0,0.0,4.0,6.0,0.0,6.0,286.0,162.0,111.0,24.0,83.0,11.0,51.0,3.0,8.0,8.0,86.0,138.0,221.0,55.0,0.0,0.0,0.0,0.0,0.0,0.0,0.0,0.0,0.0,0.0,0.0,0.0,0.0,0.0,0.0,0.0,0.0,0.0,0.0,0.0,0.0,0.0,0.0,0.0,0.0,0.0,0.0,0.0,0.0,0.0,0.0,0.0,0.0,0.0,0.0,0.0,0.0,0.0,0.0,0.0,0.0,0.0,0.0,0.0,0.0,0.0,0.0,0.0,0.0,0.0,0.0,1.0,1.0,0.0,0.0,0.0,0.0,0.0,0.0,0.0,0.0,0.0,0.0,0.0,0.0,0.0,0.0,0.0,0.0,0.0,0.0,0.0,0.0,0.0,0.0,0.0,0.0,0.0,0.0,0.0,0.0,0.0,0.0,0.0,0.0,1.0,1.0,0.0
648,1.0,648.0,London_32,FIFO,151,453,1092.0,70.0,2.0,147225.0,0.7107861782424152,778.0,98.0,1.0,97.0,163.0,9.0,154.0,6.0,163.0,109.0,22.0,85.0,11.0,51.0,3.0,9.0,7.0,84.0,141.0,221.0,56.0,0.0,0.0,0.0,0.0,0.0,0.0,0.0,0.0,0.0,0.0,0.0,0.0,0.0,0.0,0.0,0.0,0.0,0.0,0.0,0.0,0.0,0.0,0.0,0.0,0.0,0.0,0.0,0.0,0.0,0.0,0.0,0.0,0.0,0.0,1.0,0.0,0.0,0.0,0.0,0.0,1.0,5.0,0.0,0.0,0.0,0.0,7.0,4.0,9.0,8.0,21.0,26.0,18.0,7.0,0.0,0.0,0.0,0.0,0.0,0.0,0.0,0.0,0.0,0.0,0.0,0.0,0.0,0.0,7.0,0.0,0.0,0.0,0.0,0.0,1.0,5.0,0.0,0.0,0.0,0.0,7.0,5.0,11.0,11.0,30.0,39.0,25.0,9.0
649,1.0,649.0,London_32,FIFO,151,453,1092.0,70.0,2.0,130917.0,0.8506220877170563,742.0,127.0,2.0,125.0,236.0,18.0,218.0,163.0,180.0,106.0,15.0,74.0,9.0,62.0,4.0,3.0,6.0,97.0,133.0,217.0,45.0,0.0,0.0,0.0,0.0,0.0,0.0,0.0,0.0,0.0,1.0,0.0,0.0,0.0,1.0,0.0,0.0,0.0,0.0,1.0,0.0,0.0,0.0,0.0,0.0,0.0,0.0,0.0,0.0,0.0,1.0,0.0,0.0,1.0,0.0,1.0,2.0,0.0,0.0,0.0,0.0,1.0,11.0,6.0,1.0,1.0,0.0,12.0,3.0,9.0,17.0,18.0,31.0,16.0,12.0,0.0,0.0,0.0,0.0,0.0,0.0,0.0,0.0,0.0,6.0,0.0,0.0,7.0,0.0,6.0,5.0,0.0,0.0,0.0,0.0,1.0,15.0,7.0,2.0,1.0,0.0,18.0,3.0,11.0,22.0,30.0,40.0,17.0,14.0
650,1.0,650.0,London_32,FIFO,151,453,1092.0,70.0,2.0,104643.0,0.5145509005524218,684.0,32.0,2.0,30.0,69.0,15.0,54.0,235.0,198.0,92.0,10.0,75.0,8.0,62.0,2.0,6.0,9.0,82.0,137.0,225.0,43.0,0.0,0.0,0.0,0.0,0.0,0.0,0.0,0.0,0.0,0.0,0.0,0.0,0.0,0.0,0.0,0.0,0.0,0.0,0.0,0.0,0.0,0.0,0.0,0.0,0.0,0.0,0.0,0.0,0.0,0.0,0.0,0.0,0.0,1.0,1.0,2.0,0.0,0.0,0.0,0.0,0.0,0.0,0.0,1.0,0.0,0.0,4.0,3.0,0.0,1.0,4.0,5.0,4.0,7.0,0.0,0.0,0.0,0.0,0.0,0.0,0.0,0.0,0.0,0.0,0.0,0.0,0.0,7.0,5.0,5.0,0.0,0.0,0.0,0.0,0.0,0.0,0.0,1.0,0.0,0.0,5.0,6.0,0.0,1.0,6.0,7.0,6.0,14.0
651,1.0,651.0,London_32,FIFO,151,453,1092.0,70.0,2.0,130011.0,0.7192544527351856,740.0,76.0,0.0,76.0,135.0,0.0,135.0,69.0,210.0,97.0,12.0,63.0,9.0,53.0,2.0,7.0,7.0,86.0,132.0,228.0,41.0,0.0,0.0,0.0,0.0,0.0,0.0,0.0,0.0,0.0,0.0,0.0,0.0,0.0,0.0,0.0,0.0,0.0,0.0,0.0,0.0,0.0,0.0,0.0,0.0,0.0,0.0,0.0,0.0,0.0,0.0,0.0,0.0,0.0,0.0,0.0,0.0,0.0,0.0,0.0,0.0,6.0,4.0,1.0,0.0,1.0,0.0,6.0,7.0,2.0,10.0,11.0,11.0,13.0,4.0,0.0,0.0,0.0,0.0,0.0,0.0,0.0,0.0,0.0,0.0,0.0,0.0,0.0,0.0,0.0,0.0,0.0,0.0,0.0,0.0,8.0,4.0,1.0,0.0,1.0,0.0,7.0,11.0,4.0,11.0,18.0,12.0,17.0,6.0
652,1.0,652.0,London_32,FIFO,151,453,1092.0,70.0,2.0,133635.0,0.8237444562837481,748.0,44.0,1.0,43.0,83.0,10.0,73.0,135.0,223.0,86.0,12.0,67.0,4.0,54.0,1.0,6.0,8.0,99.0,118.0,228.0,58.0,0.0,0.0,0.0,0.0,0.0,0.0,0.0,0.0,0.0,0.0,0.0,0.0,0.0,0.0,0.0,0.0,0.0,0.0,0.0,0.0,0.0,0.0,0.0,0.0,0.0,0.0,0.0,0.0,0.0,1.0,0.0,0.0,1.0,0.0,0.0,1.0,0.0,0.0,0.0,0.0,0.0,2.0,0.0,1.0,0.0,1.0,5.0,0.0,3.0,6.0,13.0,10.0,8.0,3.0,0.0,0.0,0.0,0.0,0.0,0.0,0.0,0.0,0.0,3.0,0.0,0.0,9.0,0.0,0.0,8.0,0.0,0.0,0.0,0.0,0.0,2.0,0.0,2.0,0.0,1.0,7.0,0.0,4.0,9.0,22.0,15.0,9.0,4.0
653,1.0,653.0,London_32,FIFO,151,453,1092.0,70.0,2.0,161268.0,0.8330897828564048,809.0,63.0,0.0,63.0,105.0,0.0,105.0,83.0,227.0,89.0,13.0,72.0,4.0,46.0,0.0,2.0,6.0,94.0,126.0,227.0,48.0,0.0,0.0,0.0,0.0,0.0,0.0,0.0,0.0,0.0,0.0,0.0,0.0,0.0,0.0,0.0,0.0,0.0,0.0,0.0,0.0,0.0,0.0,0.0,0.0,0.0,0.0,0.0,0.0,0.0,0.0,0.0,0.0,0.0,0.0,0.0,0.0,0.0,0.0,0.0,0.0,1.0,9.0,1.0,0.0,0.0,0.0,6.0,6.0,0.0,5.0,10.0,13.0,9.0,2.0,0.0,0.0,0.0,0.0,0.0,0.0,0.0,0.0,0.0,0.0,0.0,0.0,0.0,0.0,0.0,0.0,0.0,0.0,0.0,0.0,1.0,9.0,1.0,0.0,0.0,0.0,7.0,7.0,0.0,6.0,15.0,21.0,10.0,5.0
654,1.0,654.0,London_32,FIFO,151,453,1092.0,70.0,2.0,173499.0,1.0515305576846004,836.0,52.0,3.0,49.0,110.0,25.0,85.0,105.0,235.0,107.0,12.0,52.0,5.0,39.0,1.0,2.0,8.0,85.0,140.0,220.0,41.0,0.0,0.0,0.0,0.0,0.0,0.0,0.0,0.0,0.0,0.0,0.0,0.0,0.0,0.0,0.0,0.0,0.0,0.0,0.0,0.0,0.0,0.0,0.0,0.0,0.0,0.0,0.0,0.0,0.0,1.0,0.0,0.0,1.0,0.0,1.0,1.0,0.0,0.0,0.0,0.0,2.0,0.0,1.0,0.0,2.0,0.0,7.0,6.0,3.0,6.0,3.0,12.0,5.0,10.0,0.0,0.0,0.0,0.0,0.0,0.0,0.0,0.0,0.0,5.0,0.0,0.0,5.0,0.0,4.0,4.0,0.0,0.0,0.0,0.0,3.0,0.0,1.0,0.0,2.0,0.0,13.0,9.0,3.0,7.0,5.0,13.0,7.0,16.0
655,1.0,655.0,London_32,FIFO,151,453,1092.0,70.0,2.0,197508.0,1.2206048560328782,889.0,114.0,1.0,113.0,199.0,9.0,190.0,110.0,236.0,113.0,20.0,49.0,0.0,33.0,1.0,1.0,7.0,87.0,136.0,223.0,29.0,0.0,0.0,0.0,0.0,0.0,0.0,0.0,0.0,0.0,0.0,0.0,0.0,0.0,0.0,0.0,0.0,0.0,0.0,0.0,0.0,0.0,0.0,0.0,0.0,0.0,0.0,0.0,0.0,0.0,0.0,0.0,0.0,0.0,0.0,0.0,0.0,1.0,0.0,0.0,0.0,3.0,1.0,1.0,3.0,6.0,1.0,11.0,4.0,6.0,10.0,17.0,34.0,17.0,14.0,0.0,0.0,0.0,0.0,0.0,0.0,0.0,0.0,0.0,0.0,0.0,0.0,0.0,0.0,0.0,0.0,7.0,0.0,0.0,0.0,3.0,1.0,1.0,4.0,6.0,2.0,16.0,5.0,7.0,14.0,24.0,46.0,21.0,21.0
656,1.0,656.0,London_32,FIFO,151,453,1092.0,70.0,2.0,182559.0,1.1471255011856556,856.0,122.0,0.0,122.0,216.0,0.0,216.0,199.0,247.0,91.0,18.0,59.0,3.0,29.0,0.0,6.0,3.0,83.0,140.0,227.0,18.0,0.0,0.0,0.0,0.0,0.0,0.0,0.0,0.0,0.0,0.0,0.0,0.0,0.0,0.0,0.0,0.0,0.0,0.0,0.0,0.0,0.0,0.0,0.0,0.0,0.0,0.0,0.0,0.0,0.0,0.0,0.0,0.0,0.0,0.0,0.0,0.0,0.0,0.0,0.0,0.0,1.0,2.0,5.0,0.0,3.0,0.0,9.0,9.0,7.0,10.0,20.0,22.0,25.0,8.0,0.0,0.0,0.0,0.0,0.0,0.0,0.0,0.0,0.0,0.0,0.0,0.0,0.0,0.0,0.0,0.0,0.0,0.0,0.0,0.0,1.0,3.0,8.0,0.0,4.0,0.0,11.0,12.0,8.0,13.0,32.0,33.0,28.0,13.0
657,1.0,657.0,London_32,FIFO,151,453,1092.0,70.0,2.0,161721.0,0.9733094852417707,810.0,114.0,2.0,112.0,212.0,17.0,195.0,216.0,248.0,85.0,17.0,65.0,4.0,31.0,1.0,2.0,5.0,80.0,147.0,221.0,27.0,0.0,0.0,0.0,0.0,0.0,0.0,0.0,0.0,0.0,0.0,0.0,0.0,0.0,0.0,0.0,0.0,0.0,0.0,0.0,0.0,0.0,0.0,0.0,0.0,0.0,0.0,0.0,0.0,0.0,1.0,0.0,0.0,1.0,0.0,2.0,1.0,0.0,0.0,0.0,0.0,1.0,14.0,0.0,0.0,7.0,0.0,15.0,11.0,3.0,12.0,18.0,31.0,19.0,13.0,0.0,0.0,0.0,0.0,0.0,0.0,0.0,0.0,0.0,1.0,0.0,0.0,2.0,0.0,13.0,3.0,0.0,0.0,0.0,0.0,1.0,26.0,0.0,0.0,8.0,0.0,20.0,17.0,4.0,16.0,27.0,43.0,23.0,21.0
658,1.0,658.0,London_32,FIFO,151,453,1092.0,70.0,2.0,153567.0,0.994638689327985,792.0,58.0,0.0,58.0,100.0,0.0,100.0,212.0,268.0,91.0,10.0,51.0,6.0,22.0,0.0,5.0,7.0,78.0,150.0,218.0,32.0,0.0,0.0,0.0,0.0,0.0,0.0,0.0,0.0,0.0,0.0,0.0,0.0,0.0,0.0,0.0,0.0,0.0,0.0,0.0,0.0,0.0,0.0,0.0,0.0,0.0,0.0,0.0,0.0,0.0,0.0,0.0,0.0,0.0,0.0,0.0,0.0,0.0,0.0,0.0,0.0,0.0,5.0,0.0,1.0,2.0,1.0,6.0,5.0,5.0,12.0,11.0,17.0,8.0,4.0,0.0,0.0,0.0,0.0,0.0,0.0,0.0,0.0,0.0,0.0,0.0,0.0,0.0,0.0,0.0,0.0,0.0,0.0,0.0,0.0,0.0,7.0,0.0,1.0,4.0,2.0,6.0,5.0,6.0,18.0,20.0,23.0,10.0,5.0
659,1.0,659.0,London_32,FIFO,151,453,1092.0,70.0,2.0,163533.0,1.1944842929951847,814.0,140.0,0.0,140.0,238.0,0.0,238.0,100.0,276.0,89.0,5.0,58.0,1.0,21.0,1.0,2.0,6.0,87.0,150.0,210.0,28.0,0.0,0.0,0.0,0.0,0.0,0.0,0.0,0.0,0.0,0.0,0.0,0.0,0.0,0.0,0.0,0.0,0.0,0.0,0.0,0.0,0.0,0.0,0.0,0.0,0.0,0.0,0.0,0.0,0.0,0.0,0.0,0.0,0.0,0.0,0.0,0.0,0.0,0.0,0.0,0.0,2.0,14.0,1.0,2.0,8.0,1.0,16.0,5.0,9.0,16.0,31.0,31.0,15.0,11.0,0.0,0.0,0.0,0.0,0.0,0.0,0.0,0.0,0.0,0.0,0.0,0.0,0.0,0.0,0.0,0.0,0.0,0.0,0.0,0.0,3.0,16.0,1.0,2.0,8.0,2.0,16.0,5.0,11.0,23.0,47.0,44.0,18.0,14.0
660,1.0,660.0,London_32,FIFO,151,453,1092.0,70.0,2.0,135900.0,0.8187339771538973,753.0,108.0,0.0,108.0,197.0,0.0,197.0,238.0,237.0,85.0,18.0,78.0,7.0,20.0,1.0,7.0,5.0,90.0,135.0,223.0,34.0,0.0,0.0,0.0,0.0,0.0,0.0,0.0,0.0,0.0,0.0,0.0,0.0,0.0,0.0,0.0,0.0,0.0,0.0,0.0,0.0,0.0,0.0,0.0,0.0,0.0,0.0,0.0,0.0,0.0,0.0,0.0,0.0,0.0,0.0,0.0,0.0,0.0,0.0,0.0,0.0,4.0,1.0,0.0,1.0,1.0,0.0,6.0,11.0,1.0,10.0,27.0,19.0,34.0,8.0,0.0,0.0,0.0,0.0,0.0,0.0,0.0,0.0,0.0,0.0,0.0,0.0,0.0,0.0,0.0,0.0,0.0,0.0,0.0,0.0,5.0,1.0,0.0,1.0,1.0,0.0,9.0,16.0,2.0,14.0,42.0,25.0,46.0,12.0
661,1.0,661.0,London_32,FIFO,151,453,1092.0,70.0,2.0,123669.0,1.1063942178152502,726.0,60.0,3.0,57.0,125.0,28.0,97.0,197.0,252.0,98.0,17.0,47.0,8.0,16.0,5.0,10.0,6.0,89.0,139.0,219.0,34.0,0.0,0.0,0.0,0.0,0.0,0.0,0.0,0.0,0.0,0.0,0.0,0.0,0.0,0.0,0.0,0.0,0.0,0.0,0.0,0.0,0.0,0.0,0.0,0.0,0.0,0.0,0.0,0.0,0.0,1.0,1.0,0.0,1.0,0.0,1.0,2.0,0.0,0.0,0.0,0.0,2.0,3.0,1.0,1.0,0.0,0.0,15.0,5.0,6.0,4.0,10.0,18.0,11.0,8.0,0.0,0.0,0.0,0.0,0.0,0.0,0.0,0.0,0.0,3.0,3.0,0.0,3.0,0.0,8.0,8.0,0.0,0.0,0.0,0.0,2.0,6.0,1.0,2.0,0.0,0.0,21.0,9.0,7.0,5.0,18.0,24.0,16.0,11.0
662,1.0,662.0,London_32,FIFO,151,453,1092.0,70.0,2.0,125028.0,0.8676219899207354,729.0,9.0,0.0,9.0,16.0,0.0,16.0,125.0,260.0,85.0,12.0,62.0,3.0,13.0,7.0,11.0,8.0,88.0,136.0,221.0,43.0,0.0,0.0,0.0,0.0,0.0,0.0,0.0,0.0,0.0,0.0,0.0,0.0,0.0,0.0,0.0,0.0,0.0,0.0,0.0,0.0,0.0,0.0,0.0,0.0,0.0,0.0,0.0,0.0,0.0,0.0,0.0,0.0,0.0,0.0,0.0,0.0,0.0,0.0,0.0,0.0,3.0,0.0,0.0,0.0,0.0,0.0,1.0,1.0,2.0,1.0,2.0,2.0,3.0,1.0,0.0,0.0,0.0,0.0,0.0,0.0,0.0,0.0,0.0,0.0,0.0,0.0,0.0,0.0,0.0,0.0,0.0,0.0,0.0,0.0,3.0,0.0,0.0,0.0,0.0,0.0,1.0,1.0,2.0,1.0,4.0,2.0,4.0,1.0
663,1.0,663.0,London_32,FIFO,151,453,1092.0,70.0,2.0,162174.0,0.8747071651741862,811.0,107.0,1.0,106.0,198.0,9.0,189.0,16.0,262.0,84.0,12.0,62.0,4.0,11.0,7.0,11.0,7.0,88.0,134.0,224.0,44.0,0.0,0.0,0.0,0.0,0.0,0.0,0.0,0.0,0.0,0.0,0.0,0.0,0.0,0.0,0.0,0.0,0.0,0.0,0.0,0.0,0.0,0.0,0.0,0.0,0.0,0.0,0.0,0.0,0.0,0.0,0.0,0.0,0.0,1.0,0.0,1.0,0.0,0.0,0.0,0.0,1.0,14.0,8.0,1.0,1.0,0.0,10.0,4.0,18.0,8.0,17.0,28.0,13.0,9.0,0.0,0.0,0.0,0.0,0.0,0.0,0.0,0.0,0.0,0.0,0.0,0.0,0.0,5.0,0.0,3.0,0.0,0.0,0.0,0.0,1.0,20.0,9.0,1.0,1.0,0.0,15.0,7.0,26.0,12.0,23.0,39.0,16.0,17.0
664,1.0,664.0,London_32,FIFO,151,453,1092.0,70.0,2.0,154020.0,1.1126252370886505,793.0,97.0,2.0,95.0,181.0,18.0,163.0,198.0,273.0,75.0,9.0,51.0,8.0,19.0,7.0,11.0,4.0,81.0,143.0,225.0,26.0,0.0,0.0,0.0,0.0,0.0,0.0,0.0,0.0,0.0,0.0,0.0,0.0,0.0,0.0,0.0,0.0,0.0,0.0,0.0,0.0,0.0,0.0,0.0,0.0,0.0,0.0,0.0,0.0,0.0,0.0,0.0,0.0,0.0,0.0,0.0,2.0,0.0,0.0,0.0,0.0,3.0,3.0,1.0,0.0,2.0,0.0,11.0,8.0,1.0,10.0,15.0,18.0,10.0,6.0,0.0,0.0,0.0,0.0,0.0,0.0,0.0,0.0,0.0,0.0,0.0,0.0,0.0,0.0,0.0,3.0,0.0,0.0,0.0,0.0,3.0,4.0,1.0,0.0,2.0,0.0,14.0,13.0,2.0,13.0,24.0,24.0,11.0,10.0
665,1.0,665.0,London_32,FIFO,151,453,1092.0,70.0,2.0,148584.0,0.9807320600375533,781.0,68.0,0.0,68.0,117.0,0.0,117.0,181.0,271.0,62.0,17.0,59.0,8.0,24.0,6.0,6.0,2.0,78.0,138.0,235.0,13.0,0.0,0.0,0.0,0.0,0.0,0.0,0.0,0.0,0.0,0.0,0.0,0.0,0.0,0.0,0.0,0.0,0.0,0.0,0.0,0.0,0.0,0.0,0.0,0.0,0.0,0.0,0.0,0.0,0.0,0.0,0.0,0.0,0.0,0.0,0.0,0.0,0.0,0.0,0.0,0.0,3.0,2.0,0.0,1.0,0.0,0.0,9.0,2.0,8.0,6.0,9.0,18.0,19.0,2.0,0.0,0.0,0.0,0.0,0.0,0.0,0.0,0.0,0.0,0.0,0.0,0.0,0.0,0.0,0.0,0.0,0.0,0.0,0.0,0.0,3.0,2.0,0.0,3.0,0.0,0.0,11.0,3.0,10.0,8.0,15.0,23.0,27.0,3.0
666,1.0,666.0,London_32,FIFO,151,453,1092.0,70.0,2.0,154020.0,1.1169336177408695,793.0,121.0,1.0,120.0,226.0,10.0,216.0,117.0,272.0,61.0,20.0,54.0,9.0,29.0,4.0,4.0,4.0,86.0,141.0,222.0,20.0,0.0,0.0,0.0,0.0,0.0,0.0,0.0,0.0,0.0,0.0,0.0,0.0,0.0,0.0,0.0,0.0,0.0,0.0,0.0,0.0,0.0,0.0,0.0,0.0,0.0,0.0,0.0,0.0,0.0,0.0,0.0,0.0,0.0,0.0,0.0,1.0,0.0,0.0,0.0,0.0,7.0,2.0,2.0,3.0,1.0,1.0,17.0,5.0,12.0,7.0,24.0,40.0,30.0,8.0,0.0,0.0,0.0,0.0,0.0,0.0,0.0,0.0,0.0,0.0,0.0,0.0,0.0,0.0,0.0,3.0,0.0,0.0,0.0,0.0,7.0,2.0,3.0,3.0,1.0,2.0,22.0,10.0,17.0,10.0,39.0,56.0,39.0,10.0
667,1.0,667.0,London_32,FIFO,151,453,1092.0,70.0,2.0,138618.0,1.0098077370785177,759.0,52.0,1.0,51.0,97.0,10.0,87.0,226.0,248.0,85.0,12.0,65.0,8.0,27.0,3.0,5.0,4.0,83.0,143.0,223.0,30.0,0.0,0.0,0.0,0.0,0.0,0.0,0.0,0.0,0.0,0.0,0.0,0.0,0.0,0.0,0.0,0.0,0.0,0.0,0.0,0.0,0.0,0.0,0.0,0.0,0.0,0.0,0.0,0.0,0.0,1.0,0.0,0.0,1.0,0.0,0.0,0.0,0.0,0.0,0.0,0.0,0.0,1.0,0.0,0.0,0.0,0.0,3.0,3.0,8.0,5.0,9.0,11.0,14.0,5.0,0.0,0.0,0.0,0.0,0.0,0.0,0.0,0.0,0.0,7.0,0.0,0.0,7.0,0.0,0.0,0.0,0.0,0.0,0.0,0.0,0.0,1.0,0.0,0.0,0.0,0.0,3.0,3.0,15.0,7.0,17.0,19.0,17.0,8.0
668,1.0,668.0,London_32,FIFO,151,453,1092.0,70.0,2.0,144507.0,1.033560758922249,772.0,57.0,0.0,57.0,94.0,0.0,94.0,97.0,257.0,79.0,17.0,60.0,5.0,30.0,0.0,5.0,5.0,94.0,148.0,206.0,39.0,0.0,0.0,0.0,0.0,0.0,0.0,0.0,0.0,0.0,0.0,0.0,0.0,0.0,0.0,0.0,0.0,0.0,0.0,0.0,0.0,0.0,0.0,0.0,0.0,0.0,0.0,0.0,0.0,0.0,0.0,0.0,0.0,0.0,0.0,0.0,0.0,0.0,0.0,0.0,0.0,1.0,1.0,0.0,0.0,1.0,0.0,9.0,5.0,3.0,4.0,13.0,16.0,18.0,4.0,0.0,0.0,0.0,0.0,0.0,0.0,0.0,0.0,0.0,0.0,0.0,0.0,0.0,0.0,0.0,0.0,0.0,0.0,0.0,0.0,1.0,1.0,0.0,0.0,1.0,0.0,10.0,6.0,4.0,5.0,19.0,21.0,23.0,5.0
669,1.0,669.0,London_32,FIFO,151,453,1092.0,70.0,2.0,158097.0,1.185335564892739,802.0,123.0,0.0,123.0,208.0,0.0,208.0,94.0,261.0,82.0,7.0,61.0,6.0,31.0,1.0,4.0,3.0,88.0,140.0,222.0,43.0,0.0,0.0,0.0,0.0,0.0,0.0,0.0,0.0,0.0,0.0,0.0,0.0,0.0,0.0,0.0,0.0,0.0,0.0,0.0,0.0,0.0,0.0,0.0,0.0,0.0,0.0,0.0,0.0,0.0,0.0,0.0,0.0,0.0,0.0,0.0,0.0,0.0,0.0,0.0,0.0,0.0,9.0,6.0,0.0,2.0,0.0,19.0,3.0,1.0,5.0,23.0,30.0,21.0,5.0,0.0,0.0,0.0,0.0,0.0,0.0,0.0,0.0,0.0,0.0,0.0,0.0,0.0,0.0,0.0,0.0,0.0,0.0,0.0,0.0,0.0,12.0,6.0,0.0,2.0,0.0,24.0,4.0,1.0,8.0,34.0,47.0,24.0,11.0
670,1.0,670.0,London_32,FIFO,151,453,1092.0,70.0,2.0,130917.0,0.9017637008801103,742.0,28.0,2.0,26.0,65.0,19.0,46.0,208.0,261.0,75.0,15.0,59.0,11.0,27.0,3.0,2.0,6.0,81.0,150.0,216.0,31.0,0.0,0.0,0.0,0.0,0.0,0.0,0.0,0.0,0.0,0.0,0.0,0.0,0.0,0.0,0.0,0.0,0.0,0.0,0.0,0.0,0.0,0.0,0.0,0.0,0.0,0.0,0.0,0.0,0.0,2.0,0.0,0.0,0.0,1.0,0.0,2.0,0.0,0.0,0.0,0.0,1.0,0.0,0.0,1.0,0.0,0.0,1.0,2.0,1.0,1.0,9.0,4.0,9.0,4.0,0.0,0.0,0.0,0.0,0.0,0.0,0.0,0.0,0.0,4.0,0.0,0.0,0.0,7.0,0.0,7.0,0.0,0.0,0.0,0.0,1.0,0.0,0.0,1.0,0.0,0.0,1.0,4.0,1.0,2.0,16.0,7.0,14.0,6.0
671,1.0,671.0,London_32,FIFO,151,453,1092.0,70.0,2.0,159909.0,1.2753657829016447,806.0,137.0,2.0,135.0,249.0,17.0,232.0,65.0,259.0,74.0,16.0,68.0,1.0,30.0,2.0,3.0,8.0,84.0,144.0,217.0,28.0,0.0,0.0,0.0,0.0,0.0,0.0,0.0,0.0,0.0,0.0,0.0,0.0,0.0,0.0,0.0,0.0,0.0,0.0,0.0,0.0,0.0,0.0,0.0,0.0,0.0,0.0,0.0,0.0,0.0,2.0,0.0,0.0,2.0,0.0,0.0,2.0,0.0,0.0,0.0,0.0,6.0,2.0,3.0,3.0,2.0,1.0,13.0,10.0,7.0,16.0,39.0,24.0,15.0,10.0,0.0,0.0,0.0,0.0,0.0,0.0,0.0,0.0,0.0,4.0,0.0,0.0,4.0,0.0,0.0,10.0,0.0,0.0,0.0,0.0,7.0,3.0,3.0,3.0,3.0,2.0,18.0,14.0,12.0,18.0,56.0,30.0,16.0,13.0
672,1.0,672.0,London_32,FIFO,151,453,1092.0,70.0,2.0,139977.0,0.9110250570811331,762.0,52.0,0.0,52.0,88.0,0.0,88.0,249.0,224.0,104.0,21.0,75.0,3.0,22.0,1.0,3.0,5.0,72.0,149.0,227.0,28.0,0.0,0.0,0.0,0.0,0.0,0.0,0.0,0.0,0.0,0.0,0.0,0.0,0.0,0.0,0.0,0.0,0.0,0.0,0.0,0.0,0.0,0.0,0.0,0.0,0.0,0.0,0.0,0.0,0.0,0.0,0.0,0.0,0.0,0.0,0.0,0.0,0.0,0.0,0.0,0.0,1.0,0.0,0.0,0.0,0.0,1.0,7.0,3.0,3.0,3.0,12.0,9.0,10.0,3.0,0.0,0.0,0.0,0.0,0.0,0.0,0.0,0.0,0.0,0.0,0.0,0.0,0.0,0.0,0.0,0.0,0.0,0.0,0.0,0.0,1.0,0.0,0.0,0.0,0.0,2.0,12.0,3.0,3.0,4.0,17.0,18.0,13.0,7.0
673,1.0,673.0,London_32,FIFO,151,453,1092.0,70.0,2.0,155832.0,1.030490130186081,797.0,97.0,2.0,95.0,189.0,18.0,171.0,88.0,226.0,103.0,10.0,80.0,3.0,29.0,0.0,2.0,8.0,78.0,165.0,202.0,36.0,0.0,0.0,0.0,0.0,0.0,0.0,0.0,0.0,0.0,0.0,0.0,0.0,0.0,0.0,0.0,0.0,0.0,0.0,0.0,0.0,0.0,0.0,0.0,0.0,0.0,0.0,0.0,0.0,0.0,0.0,0.0,0.0,1.0,1.0,0.0,1.0,0.0,0.0,0.0,0.0,3.0,4.0,0.0,0.0,1.0,0.0,4.0,9.0,3.0,5.0,13.0,23.0,11.0,8.0,0.0,0.0,0.0,0.0,0.0,0.0,0.0,0.0,0.0,0.0,0.0,0.0,3.0,8.0,0.0,3.0,0.0,0.0,0.0,0.0,4.0,5.0,0.0,0.0,1.0,0.0,5.0,15.0,4.0,6.0,19.0,36.0,14.0,15.0
674,1.0,674.0,London_32,FIFO,151,453,1092.0,70.0,2.0,157191.0,0.9259991613216698,800.0,38.0,0.0,38.0,72.0,0.0,72.0,189.0,223.0,107.0,20.0,63.0,2.0,33.0,0.0,5.0,9.0,78.0,153.0,213.0,33.0,0.0,0.0,0.0,0.0,0.0,0.0,0.0,0.0,0.0,0.0,0.0,0.0,0.0,0.0,0.0,0.0,0.0,0.0,0.0,0.0,0.0,0.0,0.0,0.0,0.0,0.0,0.0,0.0,0.0,0.0,0.0,0.0,0.0,0.0,0.0,0.0,0.0,0.0,0.0,0.0,2.0,0.0,0.0,1.0,0.0,0.0,10.0,3.0,2.0,5.0,4.0,13.0,7.0,2.0,0.0,0.0,0.0,0.0,0.0,0.0,0.0,0.0,0.0,0.0,0.0,0.0,0.0,0.0,0.0,0.0,0.0,0.0,0.0,0.0,3.0,0.0,0.0,1.0,0.0,0.0,13.0,7.0,3.0,6.0,6.0,21.0,10.0,4.0
675,1.0,675.0,London_32,FIFO,151,453,1092.0,70.0,2.0,185730.0,1.2923139249905944,863.0,98.0,2.0,96.0,190.0,17.0,173.0,72.0,229.0,104.0,14.0,64.0,3.0,31.0,1.0,7.0,8.0,77.0,152.0,216.0,38.0,0.0,0.0,0.0,0.0,0.0,0.0,0.0,0.0,0.0,0.0,0.0,0.0,0.0,0.0,0.0,0.0,0.0,0.0,0.0,0.0,0.0,0.0,0.0,0.0,0.0,0.0,0.0,0.0,0.0,0.0,0.0,0.0,1.0,0.0,0.0,1.0,1.0,0.0,0.0,0.0,3.0,1.0,1.0,1.0,0.0,1.0,10.0,5.0,9.0,10.0,22.0,17.0,22.0,14.0,0.0,0.0,0.0,0.0,0.0,0.0,0.0,0.0,0.0,0.0,0.0,0.0,2.0,0.0,0.0,2.0,8.0,0.0,0.0,0.0,4.0,2.0,1.0,1.0,0.0,2.0,14.0,8.0,14.0,11.0,38.0,22.0,27.0,29.0
676,1.0,676.0,London_32,FIFO,151,453,1092.0,70.0,2.0,183918.0,1.2111150813288987,859.0,81.0,0.0,81.0,139.0,0.0,139.0,190.0,235.0,104.0,16.0,55.0,3.0,32.0,3.0,5.0,7.0,84.0,134.0,228.0,21.0,0.0,0.0,0.0,0.0,0.0,0.0,0.0,0.0,0.0,0.0,0.0,0.0,0.0,0.0,0.0,0.0,0.0,0.0,0.0,0.0,0.0,0.0,0.0,0.0,0.0,0.0,0.0,0.0,0.0,0.0,0.0,0.0,0.0,0.0,0.0,0.0,0.0,0.0,0.0,0.0,2.0,2.0,2.0,4.0,0.0,1.0,13.0,10.0,0.0,14.0,17.0,18.0,15.0,10.0,0.0,0.0,0.0,0.0,0.0,0.0,0.0,0.0,0.0,0.0,0.0,0.0,0.0,0.0,0.0,0.0,0.0,0.0,0.0,0.0,2.0,2.0,3.0,5.0,0.0,3.0,17.0,11.0,0.0,19.0,25.0,28.0,19.0,17.0
677,1.0,677.0,London_32,FIFO,151,453,1092.0,70.0,2.0,190260.0,1.3046486009843647,873.0,93.0,1.0,92.0,165.0,8.0,157.0,139.0,234.0,115.0,22.0,45.0,2.0,32.0,1.0,2.0,8.0,76.0,144.0,225.0,31.0,0.0,0.0,0.0,0.0,0.0,0.0,0.0,0.0,0.0,0.0,0.0,0.0,0.0,0.0,0.0,0.0,0.0,0.0,0.0,0.0,0.0,0.0,0.0,0.0,0.0,0.0,0.0,0.0,0.0,0.0,0.0,0.0,1.0,0.0,0.0,1.0,0.0,0.0,0.0,0.0,4.0,8.0,0.0,1.0,2.0,0.0,7.0,7.0,5.0,10.0,14.0,20.0,27.0,5.0,0.0,0.0,0.0,0.0,0.0,0.0,0.0,0.0,0.0,0.0,0.0,0.0,4.0,0.0,0.0,1.0,0.0,0.0,0.0,0.0,6.0,10.0,0.0,2.0,2.0,0.0,11.0,13.0,6.0,15.0,25.0,23.0,37.0,6.0
678,1.0,678.0,London_32,FIFO,151,453,1092.0,70.0,2.0,195696.0,1.1895452491007745,885.0,117.0,2.0,115.0,217.0,18.0,199.0,165.0,241.0,121.0,23.0,43.0,9.0,15.0,0.0,1.0,8.0,75.0,138.0,232.0,36.0,0.0,0.0,0.0,0.0,0.0,0.0,0.0,0.0,0.0,0.0,0.0,0.0,0.0,0.0,0.0,0.0,0.0,0.0,0.0,0.0,0.0,0.0,0.0,0.0,0.0,0.0,0.0,0.0,0.0,0.0,0.0,0.0,0.0,0.0,1.0,2.0,0.0,0.0,0.0,0.0,1.0,4.0,0.0,0.0,13.0,0.0,21.0,5.0,5.0,10.0,23.0,35.0,21.0,6.0,0.0,0.0,0.0,0.0,0.0,0.0,0.0,0.0,0.0,0.0,0.0,0.0,0.0,0.0,7.0,4.0,0.0,0.0,0.0,0.0,1.0,6.0,0.0,0.0,14.0,0.0,29.0,6.0,7.0,13.0,30.0,57.0,27.0,9.0
679,1.0,679.0,London_32,FIFO,151,453,1092.0,70.0,2.0,184824.0,1.129728312138468,861.0,117.0,1.0,116.0,216.0,11.0,205.0,217.0,259.0,89.0,12.0,68.0,3.0,16.0,5.0,1.0,6.0,64.0,159.0,224.0,27.0,0.0,0.0,0.0,0.0,0.0,0.0,0.0,0.0,0.0,0.0,0.0,0.0,0.0,0.0,0.0,0.0,0.0,0.0,0.0,0.0,0.0,0.0,0.0,0.0,0.0,0.0,0.0,0.0,0.0,1.0,0.0,0.0,1.0,0.0,0.0,1.0,0.0,0.0,0.0,0.0,7.0,8.0,7.0,2.0,3.0,0.0,7.0,9.0,7.0,6.0,22.0,29.0,28.0,9.0,0.0,0.0,0.0,0.0,0.0,0.0,0.0,0.0,0.0,1.0,0.0,0.0,3.0,0.0,0.0,8.0,0.0,0.0,0.0,0.0,7.0,13.0,9.0,2.0,3.0,0.0,8.0,15.0,7.0,7.0,35.0,48.0,36.0,14.0
680,1.0,680.0,London_32,FIFO,151,453,1092.0,70.0,2.0,162627.0,1.2112956708297133,812.0,147.0,0.0,147.0,264.0,0.0,264.0,216.0,249.0,100.0,13.0,65.0,2.0,15.0,4.0,5.0,6.0,68.0,147.0,232.0,22.0,0.0,0.0,0.0,0.0,0.0,0.0,0.0,0.0,0.0,0.0,0.0,0.0,0.0,0.0,0.0,0.0,0.0,0.0,0.0,0.0,0.0,0.0,0.0,0.0,0.0,0.0,0.0,0.0,0.0,0.0,0.0,0.0,0.0,0.0,0.0,0.0,0.0,0.0,0.0,0.0,2.0,20.0,3.0,1.0,0.0,0.0,10.0,11.0,8.0,18.0,30.0,26.0,32.0,9.0,0.0,0.0,0.0,0.0,0.0,0.0,0.0,0.0,0.0,0.0,0.0,0.0,0.0,0.0,0.0,0.0,0.0,0.0,0.0,0.0,3.0,27.0,3.0,2.0,0.0,0.0,13.0,15.0,11.0,27.0,45.0,45.0,40.0,14.0
681,1.0,681.0,London_32,FIFO,151,453,1092.0,70.0,2.0,130011.0,0.8255083151161671,740.0,41.0,2.0,39.0,88.0,18.0,70.0,264.0,221.0,113.0,16.0,68.0,11.0,20.0,3.0,1.0,9.0,56.0,160.0,228.0,25.0,0.0,0.0,0.0,0.0,0.0,0.0,0.0,0.0,0.0,0.0,0.0,0.0,0.0,0.0,0.0,0.0,0.0,0.0,0.0,0.0,0.0,0.0,0.0,0.0,0.0,0.0,0.0,0.0,0.0,0.0,0.0,0.0,1.0,0.0,0.0,2.0,0.0,0.0,0.0,0.0,0.0,4.0,0.0,0.0,0.0,0.0,0.0,7.0,5.0,2.0,6.0,8.0,8.0,2.0,0.0,0.0,0.0,0.0,0.0,0.0,0.0,0.0,0.0,0.0,0.0,0.0,3.0,0.0,0.0,7.0,0.0,0.0,0.0,0.0,0.0,5.0,0.0,0.0,0.0,0.0,0.0,11.0,6.0,3.0,8.0,12.0,10.0,3.0
682,1.0,682.0,London_32,FIFO,151,453,1092.0,70.0,2.0,151302.0,1.2133469069376588,787.0,177.0,1.0,176.0,311.0,10.0,301.0,88.0,223.0,124.0,18.0,65.0,6.0,12.0,2.0,3.0,7.0,67.0,140.0,239.0,24.0,0.0,0.0,0.0,0.0,0.0,0.0,0.0,0.0,0.0,0.0,0.0,0.0,0.0,0.0,0.0,0.0,0.0,0.0,0.0,0.0,0.0,0.0,0.0,0.0,0.0,0.0,0.0,0.0,0.0,0.0,0.0,0.0,0.0,0.0,0.0,0.0,0.0,0.0,0.0,0.0,1.0,14.0,0.0,0.0,2.0,0.0,1.0,5.0,4.0,9.0,34.0,26.0,43.0,4.0,0.0,0.0,0.0,0.0,0.0,0.0,0.0,0.0,0.0,0.0,0.0,0.0,0.0,0.0,0.0,0.0,0.0,0.0,0.0,0.0,1.0,19.0,0.0,0.0,2.0,0.0,1.0,5.0,6.0,10.0,54.0,33.0,60.0,6.0
683,1.0,683.0,London_32,FIFO,151,453,1092.0,70.0,2.0,104643.0,0.5298893237486482,684.0,13.0,2.0,11.0,32.0,16.0,16.0,311.0,178.0,115.0,22.0,93.0,9.0,29.0,0.0,7.0,9.0,78.0,145.0,221.0,36.0,0.0,0.0,0.0,0.0,0.0,0.0,0.0,0.0,0.0,0.0,0.0,0.0,0.0,0.0,0.0,0.0,0.0,0.0,0.0,0.0,0.0,0.0,0.0,0.0,0.0,0.0,0.0,0.0,0.0,0.0,0.0,0.0,1.0,0.0,0.0,2.0,0.0,0.0,0.0,0.0,0.0,0.0,0.0,0.0,0.0,0.0,3.0,1.0,0.0,1.0,1.0,0.0,1.0,1.0,0.0,0.0,0.0,0.0,0.0,0.0,0.0,0.0,0.0,0.0,0.0,0.0,4.0,0.0,0.0,7.0,0.0,0.0,0.0,0.0,0.0,0.0,0.0,0.0,0.0,0.0,3.0,1.0,0.0,1.0,2.0,0.0,1.0,1.0
684,1.0,684.0,London_32,FIFO,151,453,1092.0,70.0,2.0,134994.0,0.7549518547020853,751.0,14.0,0.0,14.0,28.0,0.0,28.0,32.0,181.0,122.0,19.0,91.0,7.0,26.0,0.0,7.0,8.0,78.0,142.0,225.0,37.0,0.0,0.0,0.0,0.0,0.0,0.0,0.0,0.0,0.0,0.0,0.0,0.0,0.0,0.0,0.0,0.0,0.0,0.0,0.0,0.0,0.0,0.0,0.0,0.0,0.0,0.0,0.0,0.0,0.0,0.0,0.0,0.0,0.0,0.0,0.0,0.0,0.0,0.0,0.0,0.0,0.0,0.0,0.0,0.0,0.0,0.0,1.0,0.0,1.0,0.0,4.0,4.0,7.0,1.0,0.0,0.0,0.0,0.0,0.0,0.0,0.0,0.0,0.0,0.0,0.0,0.0,0.0,0.0,0.0,0.0,0.0,0.0,0.0,0.0,0.0,0.0,0.0,0.0,0.0,0.0,3.0,0.0,1.0,0.0,8.0,8.0,10.0,2.0
685,1.0,685.0,London_32,FIFO,151,453,1092.0,70.0,2.0,165798.0,1.0516007589176297,819.0,69.0,0.0,69.0,115.0,0.0,115.0,28.0,184.0,111.0,20.0,93.0,10.0,28.0,0.0,7.0,8.0,78.0,140.0,227.0,40.0,0.0,0.0,0.0,0.0,0.0,0.0,0.0,0.0,0.0,0.0,0.0,0.0,0.0,0.0,0.0,0.0,0.0,0.0,0.0,0.0,0.0,0.0,0.0,0.0,0.0,0.0,0.0,0.0,0.0,0.0,0.0,0.0,0.0,0.0,0.0,0.0,0.0,0.0,0.0,0.0,0.0,1.0,0.0,0.0,0.0,1.0,4.0,3.0,3.0,5.0,17.0,17.0,12.0,9.0,0.0,0.0,0.0,0.0,0.0,0.0,0.0,0.0,0.0,0.0,0.0,0.0,0.0,0.0,0.0,0.0,0.0,0.0,0.0,0.0,0.0,1.0,0.0,0.0,0.0,1.0,6.0,3.0,5.0,7.0,27.0,21.0,16.0,14.0
686,1.0,686.0,London_32,FIFO,151,453,1092.0,70.0,2.0,164892.0,0.8741339701227844,817.0,56.0,2.0,54.0,109.0,18.0,91.0,115.0,182.0,110.0,25.0,90.0,10.0,32.0,0.0,4.0,8.0,79.0,141.0,225.0,47.0,0.0,0.0,0.0,0.0,0.0,0.0,0.0,0.0,0.0,0.0,0.0,0.0,0.0,0.0,0.0,0.0,0.0,0.0,0.0,0.0,0.0,0.0,0.0,0.0,0.0,0.0,0.0,0.0,0.0,0.0,0.0,0.0,0.0,0.0,2.0,2.0,0.0,0.0,0.0,0.0,3.0,2.0,0.0,1.0,0.0,0.0,6.0,3.0,1.0,9.0,7.0,13.0,5.0,5.0,0.0,0.0,0.0,0.0,0.0,0.0,0.0,0.0,0.0,0.0,0.0,0.0,0.0,0.0,14.0,7.0,0.0,0.0,0.0,0.0,5.0,3.0,0.0,1.0,0.0,0.0,6.0,3.0,1.0,13.0,10.0,18.0,6.0,5.0
687,1.0,687.0,London_32,FIFO,151,453,1092.0,70.0,2.0,178482.0,1.052967398893088,847.0,113.0,0.0,113.0,195.0,0.0,195.0,109.0,192.0,107.0,28.0,71.0,13.0,39.0,1.0,2.0,3.0,85.0,141.0,224.0,36.0,0.0,0.0,0.0,0.0,0.0,0.0,0.0,0.0,0.0,0.0,0.0,0.0,0.0,0.0,0.0,0.0,0.0,0.0,0.0,0.0,0.0,0.0,0.0,0.0,0.0,0.0,0.0,0.0,0.0,0.0,0.0,0.0,0.0,0.0,0.0,0.0,0.0,0.0,0.0,0.0,2.0,11.0,2.0,6.0,9.0,0.0,18.0,10.0,2.0,18.0,27.0,25.0,23.0,5.0,0.0,0.0,0.0,0.0,0.0,0.0,0.0,0.0,0.0,0.0,0.0,0.0,0.0,0.0,0.0,0.0,0.0,0.0,0.0,0.0,2.0,14.0,2.0,12.0,10.0,0.0,24.0,14.0,2.0,25.0,42.0,36.0,33.0,6.0
688,1.0,688.0,London_32,FIFO,151,453,1092.0,70.0,2.0,168516.0,1.0526347728446126,825.0,115.0,0.0,115.0,204.0,0.0,204.0,195.0,214.0,113.0,18.0,65.0,9.0,30.0,1.0,3.0,4.0,80.0,160.0,209.0,40.0,0.0,0.0,0.0,0.0,0.0,0.0,0.0,0.0,0.0,0.0,0.0,0.0,0.0,0.0,0.0,0.0,0.0,0.0,0.0,0.0,0.0,0.0,0.0,0.0,0.0,0.0,0.0,0.0,0.0,0.0,0.0,0.0,0.0,0.0,0.0,0.0,0.0,0.0,0.0,0.0,2.0,5.0,0.0,2.0,1.0,0.0,9.0,9.0,13.0,11.0,20.0,22.0,26.0,5.0,0.0,0.0,0.0,0.0,0.0,0.0,0.0,0.0,0.0,0.0,0.0,0.0,0.0,0.0,0.0,0.0,0.0,0.0,0.0,0.0,2.0,6.0,0.0,4.0,1.0,0.0,12.0,12.0,16.0,13.0,33.0,34.0,32.0,7.0
689,1.0,689.0,London_32,FIFO,151,453,1092.0,70.0,2.0,148584.0,1.064863015897572,781.0,129.0,0.0,129.0,220.0,0.0,220.0,204.0,223.0,99.0,10.0,68.0,6.0,39.0,3.0,5.0,5.0,77.0,161.0,210.0,43.0,0.0,0.0,0.0,0.0,0.0,0.0,0.0,0.0,0.0,0.0,0.0,0.0,0.0,0.0,0.0,0.0,0.0,0.0,0.0,0.0,0.0,0.0,0.0,0.0,0.0,0.0,0.0,0.0,0.0,0.0,0.0,0.0,0.0,0.0,0.0,0.0,0.0,0.0,0.0,0.0,1.0,6.0,0.0,1.0,1.0,1.0,8.0,18.0,9.0,18.0,28.0,35.0,27.0,13.0,0.0,0.0,0.0,0.0,0.0,0.0,0.0,0.0,0.0,0.0,0.0,0.0,0.0,0.0,0.0,0.0,0.0,0.0,0.0,0.0,2.0,8.0,0.0,1.0,1.0,1.0,9.0,25.0,13.0,23.0,38.0,48.0,29.0,20.0
690,1.0,690.0,London_32,FIFO,151,453,1092.0,70.0,2.0,111891.0,0.7192634148523211,700.0,32.0,1.0,31.0,63.0,9.0,54.0,220.0,205.0,105.0,12.0,88.0,4.0,32.0,1.0,6.0,7.0,75.0,157.0,214.0,48.0,0.0,0.0,0.0,0.0,0.0,0.0,0.0,0.0,0.0,0.0,0.0,0.0,0.0,0.0,0.0,0.0,0.0,0.0,0.0,0.0,0.0,0.0,0.0,0.0,0.0,0.0,0.0,0.0,0.0,0.0,0.0,0.0,0.0,0.0,1.0,0.0,0.0,0.0,0.0,0.0,0.0,0.0,0.0,0.0,1.0,0.0,3.0,4.0,1.0,3.0,7.0,8.0,2.0,5.0,0.0,0.0,0.0,0.0,0.0,0.0,0.0,0.0,0.0,0.0,0.0,0.0,0.0,0.0,5.0,0.0,0.0,0.0,0.0,0.0,0.0,0.0,0.0,0.0,1.0,0.0,5.0,4.0,1.0,4.0,14.0,11.0,5.0,5.0
691,1.0,691.0,London_32,FIFO,151,453,1092.0,70.0,2.0,126840.0,0.7044822359457612,733.0,2.0,2.0,0.0,18.0,18.0,0.0,63.0,209.0,111.0,16.0,73.0,1.0,33.0,2.0,8.0,5.0,79.0,149.0,220.0,44.0,0.0,0.0,0.0,0.0,0.0,0.0,0.0,0.0,0.0,1.0,0.0,0.0,0.0,1.0,0.0,0.0,0.0,0.0,1.0,0.0,0.0,0.0,0.0,0.0,0.0,0.0,0.0,0.0,0.0,1.0,0.0,0.0,1.0,0.0,1.0,1.0,0.0,0.0,0.0,0.0,0.0,0.0,0.0,0.0,0.0,0.0,0.0,0.0,0.0,0.0,0.0,0.0,0.0,0.0,0.0,0.0,0.0,0.0,0.0,0.0,0.0,0.0,0.0,2.0,0.0,0.0,3.0,0.0,6.0,1.0,0.0,0.0,0.0,0.0,0.0,0.0,0.0,0.0,0.0,0.0,0.0,0.0,0.0,0.0,0.0,0.0,0.0,0.0
692,1.0,692.0,London_32,FIFO,151,453,1092.0,70.0,2.0,168969.0,0.9786700033582747,826.0,142.0,2.0,140.0,250.0,15.0,235.0,12.0,205.0,107.0,19.0,77.0,1.0,33.0,3.0,8.0,3.0,81.0,145.0,224.0,42.0,0.0,0.0,0.0,0.0,0.0,0.0,0.0,0.0,0.0,0.0,0.0,0.0,0.0,0.0,0.0,0.0,0.0,0.0,0.0,0.0,0.0,0.0,0.0,0.0,0.0,0.0,0.0,0.0,0.0,2.0,0.0,0.0,1.0,1.0,1.0,1.0,0.0,0.0,0.0,0.0,2.0,9.0,2.0,2.0,0.0,0.0,15.0,6.0,6.0,15.0,31.0,31.0,22.0,9.0,0.0,0.0,0.0,0.0,0.0,0.0,0.0,0.0,0.0,8.0,0.0,0.0,3.0,4.0,5.0,1.0,0.0,0.0,0.0,0.0,2.0,12.0,2.0,3.0,0.0,0.0,17.0,7.0,8.0,20.0,41.0,40.0,26.0,14.0
693,1.0,693.0,London_32,FIFO,151,453,1092.0,70.0,2.0,145413.0,0.7671124348416924,774.0,155.0,0.0,155.0,272.0,0.0,272.0,250.0,227.0,99.0,16.0,73.0,6.0,26.0,1.0,5.0,5.0,74.0,149.0,225.0,31.0,0.0,0.0,0.0,0.0,0.0,0.0,0.0,0.0,0.0,0.0,0.0,0.0,0.0,0.0,0.0,0.0,0.0,0.0,0.0,0.0,0.0,0.0,0.0,0.0,0.0,0.0,0.0,0.0,0.0,0.0,0.0,0.0,0.0,0.0,0.0,0.0,0.0,0.0,0.0,0.0,4.0,8.0,0.0,2.0,2.0,1.0,7.0,4.0,1.0,29.0,30.0,42.0,20.0,15.0,0.0,0.0,0.0,0.0,0.0,0.0,0.0,0.0,0.0,0.0,0.0,0.0,0.0,0.0,0.0,0.0,0.0,0.0,0.0,0.0,5.0,8.0,0.0,3.0,2.0,2.0,7.0,5.0,1.0,37.0,44.0,66.0,23.0,21.0
694,1.0,694.0,London_32,FIFO,151,453,1092.0,70.0,2.0,109626.0,0.6373054860159755,695.0,19.0,1.0,18.0,42.0,10.0,32.0,272.0,218.0,103.0,16.0,73.0,9.0,30.0,2.0,2.0,7.0,78.0,146.0,222.0,34.0,0.0,0.0,0.0,0.0,0.0,0.0,0.0,0.0,0.0,0.0,0.0,0.0,0.0,0.0,0.0,0.0,0.0,0.0,0.0,0.0,0.0,0.0,0.0,0.0,0.0,0.0,0.0,0.0,0.0,1.0,0.0,0.0,1.0,0.0,0.0,1.0,0.0,0.0,0.0,0.0,0.0,2.0,0.0,1.0,0.0,0.0,1.0,0.0,0.0,2.0,4.0,5.0,2.0,6.0,0.0,0.0,0.0,0.0,0.0,0.0,0.0,0.0,0.0,1.0,0.0,0.0,1.0,0.0,0.0,3.0,0.0,0.0,0.0,0.0,0.0,2.0,0.0,1.0,0.0,0.0,2.0,0.0,0.0,4.0,5.0,9.0,3.0,8.0
695,1.0,695.0,London_32,FIFO,151,453,1092.0,70.0,2.0,140430.0,0.7244668710045516,763.0,45.0,0.0,45.0,78.0,0.0,78.0,42.0,210.0,114.0,15.0,72.0,7.0,33.0,0.0,2.0,6.0,77.0,145.0,225.0,37.0,0.0,0.0,0.0,0.0,0.0,0.0,0.0,0.0,0.0,0.0,0.0,0.0,0.0,0.0,0.0,0.0,0.0,0.0,0.0,0.0,0.0,0.0,0.0,0.0,0.0,0.0,0.0,0.0,0.0,0.0,0.0,0.0,0.0,0.0,0.0,0.0,0.0,0.0,0.0,0.0,1.0,1.0,1.0,1.0,0.0,0.0,4.0,7.0,4.0,8.0,10.0,12.0,3.0,5.0,0.0,0.0,0.0,0.0,0.0,0.0,0.0,0.0,0.0,0.0,0.0,0.0,0.0,0.0,0.0,0.0,0.0,0.0,0.0,0.0,1.0,1.0,1.0,2.0,0.0,0.0,5.0,8.0,4.0,12.0,12.0,16.0,4.0,8.0
696,1.0,696.0,London_32,FIFO,151,453,1092.0,70.0,2.0,167610.0,0.8676228881813586,823.0,10.0,3.0,7.0,35.0,25.0,10.0,78.0,213.0,121.0,15.0,61.0,5.0,34.0,0.0,4.0,9.0,76.0,148.0,220.0,44.0,0.0,0.0,0.0,0.0,0.0,0.0,0.0,0.0,0.0,0.0,0.0,0.0,0.0,0.0,0.0,0.0,0.0,0.0,0.0,0.0,0.0,0.0,0.0,0.0,0.0,0.0,0.0,0.0,0.0,1.0,0.0,0.0,1.0,0.0,1.0,1.0,0.0,0.0,0.0,0.0,0.0,0.0,0.0,0.0,0.0,0.0,2.0,1.0,0.0,2.0,3.0,1.0,2.0,0.0,0.0,0.0,0.0,0.0,0.0,0.0,0.0,0.0,0.0,7.0,0.0,0.0,8.0,0.0,5.0,6.0,0.0,0.0,0.0,0.0,0.0,0.0,0.0,0.0,0.0,0.0,2.0,1.0,0.0,2.0,5.0,1.0,2.0,0.0
697,1.0,697.0,London_32,FIFO,151,453,1092.0,70.0,2.0,203850.0,1.0566524830646813,903.0,113.0,1.0,112.0,209.0,9.0,200.0,35.0,212.0,116.0,15.0,68.0,4.0,34.0,0.0,4.0,7.0,79.0,140.0,227.0,36.0,0.0,0.0,0.0,0.0,0.0,0.0,0.0,0.0,0.0,0.0,0.0,0.0,0.0,0.0,0.0,0.0,0.0,0.0,0.0,0.0,0.0,0.0,0.0,0.0,0.0,0.0,0.0,0.0,0.0,0.0,0.0,0.0,0.0,0.0,0.0,0.0,1.0,0.0,0.0,0.0,2.0,7.0,1.0,3.0,4.0,0.0,8.0,7.0,4.0,15.0,21.0,26.0,29.0,8.0,0.0,0.0,0.0,0.0,0.0,0.0,0.0,0.0,0.0,0.0,0.0,0.0,0.0,0.0,0.0,0.0,8.0,0.0,0.0,0.0,3.0,10.0,2.0,5.0,4.0,0.0,11.0,9.0,4.0,19.0,34.0,39.0,36.0,11.0
698,1.0,698.0,London_32,FIFO,151,453,1092.0,70.0,2.0,201585.0,1.1182691170834005,898.0,133.0,0.0,133.0,239.0,0.0,239.0,209.0,220.0,109.0,15.0,64.0,8.0,26.0,1.0,10.0,6.0,77.0,137.0,233.0,37.0,0.0,0.0,0.0,0.0,0.0,0.0,0.0,0.0,0.0,0.0,0.0,0.0,0.0,0.0,0.0,0.0,0.0,0.0,0.0,0.0,0.0,0.0,0.0,0.0,0.0,0.0,0.0,0.0,0.0,0.0,0.0,0.0,0.0,0.0,0.0,0.0,0.0,0.0,0.0,0.0,0.0,2.0,1.0,4.0,2.0,0.0,14.0,7.0,14.0,15.0,21.0,33.0,15.0,6.0,0.0,0.0,0.0,0.0,0.0,0.0,0.0,0.0,0.0,0.0,0.0,0.0,0.0,0.0,0.0,0.0,0.0,0.0,0.0,0.0,0.0,3.0,1.0,7.0,3.0,0.0,20.0,12.0,15.0,23.0,32.0,47.0,17.0,8.0
699,1.0,699.0,London_32,FIFO,151,453,1092.0,70.0,2.0,183465.0,0.9391342923045158,858.0,104.0,2.0,102.0,186.0,17.0,169.0,239.0,230.0,82.0,19.0,84.0,3.0,21.0,0.0,14.0,4.0,81.0,148.0,220.0,38.0,0.0,0.0,0.0,0.0,0.0,0.0,0.0,0.0,0.0,0.0,0.0,0.0,0.0,0.0,0.0,0.0,0.0,0.0,0.0,0.0,0.0,0.0,0.0,0.0,0.0,0.0,0.0,0.0,0.0,1.0,0.0,0.0,1.0,0.0,2.0,1.0,0.0,0.0,0.0,0.0,3.0,4.0,1.0,3.0,2.0,0.0,6.0,10.0,1.0,17.0,18.0,20.0,19.0,5.0,0.0,0.0,0.0,0.0,0.0,0.0,0.0,0.0,0.0,1.0,0.0,0.0,5.0,0.0,11.0,6.0,0.0,0.0,0.0,0.0,3.0,4.0,1.0,4.0,3.0,0.0,8.0,18.0,2.0,28.0,24.0,28.0,22.0,12.0
700,1.0,700.0,London_32,FIFO,151,453,1092.0,70.0,2.0,183465.0,1.005098638124764,858.0,113.0,0.0,113.0,190.0,0.0,190.0,186.0,236.0,85.0,22.0,72.0,11.0,15.0,0.0,12.0,6.0,75.0,148.0,224.0,36.0,0.0,0.0,0.0,0.0,0.0,0.0,0.0,0.0,0.0,0.0,0.0,0.0,0.0,0.0,0.0,0.0,0.0,0.0,0.0,0.0,0.0,0.0,0.0,0.0,0.0,0.0,0.0,0.0,0.0,0.0,0.0,0.0,0.0,0.0,0.0,0.0,0.0,0.0,0.0,0.0,4.0,2.0,3.0,2.0,0.0,0.0,15.0,9.0,8.0,11.0,23.0,31.0,23.0,9.0,0.0,0.0,0.0,0.0,0.0,0.0,0.0,0.0,0.0,0.0,0.0,0.0,0.0,0.0,0.0,0.0,0.0,0.0,0.0,0.0,4.0,3.0,4.0,2.0,0.0,0.0,17.0,10.0,10.0,14.0,38.0,46.0,28.0,15.0
701,1.0,701.0,London_32,FIFO,151,453,1092.0,70.0,2.0,164892.0,1.0969398887827992,817.0,125.0,0.0,125.0,213.0,0.0,213.0,190.0,238.0,86.0,27.0,65.0,8.0,17.0,0.0,12.0,8.0,59.0,143.0,243.0,23.0,0.0,0.0,0.0,0.0,0.0,0.0,0.0,0.0,0.0,0.0,0.0,0.0,0.0,0.0,0.0,0.0,0.0,0.0,0.0,0.0,0.0,0.0,0.0,0.0,0.0,0.0,0.0,0.0,0.0,0.0,0.0,0.0,0.0,0.0,0.0,0.0,0.0,0.0,0.0,0.0,3.0,20.0,15.0,0.0,1.0,0.0,17.0,14.0,5.0,10.0,15.0,31.0,17.0,11.0,0.0,0.0,0.0,0.0,0.0,0.0,0.0,0.0,0.0,0.0,0.0,0.0,0.0,0.0,0.0,0.0,0.0,0.0,0.0,0.0,4.0,33.0,17.0,0.0,1.0,0.0,25.0,21.0,8.0,15.0,24.0,43.0,21.0,18.0
702,1.0,702.0,London_32,FIFO,151,453,1092.0,70.0,2.0,135447.0,0.86221809592098,752.0,94.0,0.0,94.0,169.0,0.0,169.0,213.0,247.0,79.0,24.0,68.0,6.0,15.0,1.0,13.0,5.0,70.0,151.0,227.0,33.0,0.0,0.0,0.0,0.0,0.0,0.0,0.0,0.0,0.0,0.0,0.0,0.0,0.0,0.0,0.0,0.0,0.0,0.0,0.0,0.0,0.0,0.0,0.0,0.0,0.0,0.0,0.0,0.0,0.0,0.0,0.0,0.0,0.0,0.0,0.0,0.0,0.0,0.0,0.0,0.0,1.0,8.0,8.0,0.0,0.0,0.0,8.0,4.0,8.0,14.0,21.0,16.0,18.0,9.0,0.0,0.0,0.0,0.0,0.0,0.0,0.0,0.0,0.0,0.0,0.0,0.0,0.0,0.0,0.0,0.0,0.0,0.0,0.0,0.0,1.0,11.0,11.0,0.0,0.0,0.0,9.0,6.0,11.0,21.0,32.0,21.0,23.0,13.0
703,1.0,703.0,London_32,FIFO,151,453,1092.0,70.0,2.0,117780.0,0.7541398657485843,713.0,28.0,3.0,25.0,72.0,28.0,44.0,169.0,252.0,97.0,22.0,43.0,6.0,13.0,6.0,14.0,6.0,75.0,148.0,224.0,24.0,0.0,0.0,0.0,0.0,0.0,0.0,0.0,0.0,0.0,0.0,0.0,0.0,0.0,0.0,0.0,0.0,0.0,0.0,0.0,0.0,0.0,0.0,0.0,0.0,0.0,0.0,0.0,0.0,0.0,1.0,1.0,0.0,1.0,0.0,1.0,1.0,0.0,0.0,0.0,0.0,1.0,0.0,0.0,0.0,0.0,2.0,3.0,1.0,3.0,7.0,4.0,5.0,4.0,1.0,0.0,0.0,0.0,0.0,0.0,0.0,0.0,0.0,0.0,2.0,3.0,0.0,1.0,0.0,7.0,3.0,0.0,0.0,0.0,0.0,1.0,0.0,0.0,0.0,0.0,3.0,4.0,2.0,5.0,12.0,4.0,7.0,4.0,2.0
704,1.0,704.0,London_32,FIFO,151,453,1092.0,70.0,2.0,140430.0,0.8980050440877676,763.0,150.0,0.0,150.0,272.0,0.0,272.0,72.0,247.0,102.0,17.0,52.0,3.0,14.0,7.0,11.0,4.0,72.0,145.0,232.0,23.0,0.0,0.0,0.0,0.0,0.0,0.0,0.0,0.0,0.0,0.0,0.0,0.0,0.0,0.0,0.0,0.0,0.0,0.0,0.0,0.0,0.0,0.0,0.0,0.0,0.0,0.0,0.0,0.0,0.0,0.0,0.0,0.0,0.0,0.0,0.0,0.0,0.0,0.0,0.0,0.0,1.0,25.0,3.0,3.0,8.0,0.0,15.0,8.0,3.0,11.0,28.0,32.0,16.0,14.0,0.0,0.0,0.0,0.0,0.0,0.0,0.0,0.0,0.0,0.0,0.0,0.0,0.0,0.0,0.0,0.0,0.0,0.0,0.0,0.0,1.0,38.0,3.0,4.0,8.0,0.0,18.0,12.0,4.0,13.0,41.0,48.0,19.0,21.0
705,1.0,705.0,London_32,FIFO,151,453,1092.0,70.0,2.0,104190.0,0.5844986499287188,683.0,38.0,1.0,37.0,69.0,9.0,60.0,272.0,219.0,92.0,20.0,84.0,7.0,19.0,4.0,8.0,2.0,64.0,151.0,236.0,39.0,0.0,0.0,0.0,0.0,0.0,0.0,0.0,0.0,0.0,0.0,0.0,0.0,0.0,0.0,0.0,0.0,0.0,0.0,0.0,0.0,0.0,0.0,0.0,0.0,0.0,0.0,0.0,0.0,0.0,0.0,0.0,0.0,0.0,1.0,0.0,1.0,0.0,0.0,0.0,0.0,1.0,0.0,1.0,0.0,0.0,0.0,6.0,4.0,1.0,3.0,6.0,9.0,11.0,1.0,0.0,0.0,0.0,0.0,0.0,0.0,0.0,0.0,0.0,0.0,0.0,0.0,0.0,7.0,0.0,1.0,0.0,0.0,0.0,0.0,1.0,0.0,1.0,0.0,0.0,0.0,8.0,6.0,1.0,7.0,11.0,12.0,15.0,1.0
706,1.0,706.0,London_32,FIFO,151,453,1092.0,70.0,2.0,122310.0,0.7338403169997036,723.0,29.0,2.0,27.0,70.0,18.0,52.0,69.0,214.0,110.0,18.0,74.0,8.0,16.0,4.0,9.0,4.0,71.0,157.0,221.0,44.0,0.0,0.0,0.0,0.0,0.0,0.0,0.0,0.0,0.0,0.0,0.0,0.0,0.0,0.0,0.0,0.0,0.0,0.0,0.0,0.0,0.0,0.0,0.0,0.0,0.0,0.0,0.0,0.0,0.0,0.0,0.0,0.0,0.0,0.0,0.0,2.0,0.0,0.0,0.0,0.0,0.0,0.0,0.0,0.0,0.0,0.0,4.0,2.0,0.0,2.0,3.0,9.0,7.0,2.0,0.0,0.0,0.0,0.0,0.0,0.0,0.0,0.0,0.0,0.0,0.0,0.0,0.0,0.0,0.0,2.0,0.0,0.0,0.0,0.0,0.0,0.0,0.0,0.0,0.0,0.0,7.0,2.0,0.0,3.0,4.0,13.0,10.0,3.0
707,1.0,707.0,London_32,FIFO,151,453,1092.0,70.0,2.0,144054.0,0.9225157820619643,771.0,79.0,0.0,79.0,134.0,0.0,134.0,70.0,204.0,120.0,22.0,67.0,5.0,25.0,4.0,6.0,7.0,75.0,140.0,231.0,45.0,0.0,0.0,0.0,0.0,0.0,0.0,0.0,0.0,0.0,0.0,0.0,0.0,0.0,0.0,0.0,0.0,0.0,0.0,0.0,0.0,0.0,0.0,0.0,0.0,0.0,0.0,0.0,0.0,0.0,0.0,0.0,0.0,0.0,0.0,0.0,0.0,0.0,0.0,0.0,0.0,1.0,2.0,4.0,0.0,2.0,0.0,13.0,9.0,7.0,8.0,10.0,24.0,22.0,6.0,0.0,0.0,0.0,0.0,0.0,0.0,0.0,0.0,0.0,0.0,0.0,0.0,0.0,0.0,0.0,0.0,0.0,0.0,0.0,0.0,1.0,3.0,6.0,0.0,2.0,0.0,15.0,12.0,13.0,11.0,16.0,30.0,31.0,7.0
708,1.0,708.0,London_32,FIFO,151,453,1092.0,70.0,2.0,150849.0,1.048914086073637,786.0,82.0,1.0,81.0,148.0,10.0,138.0,134.0,215.0,132.0,24.0,57.0,6.0,18.0,0.0,1.0,7.0,82.0,131.0,233.0,37.0,0.0,0.0,0.0,0.0,0.0,0.0,0.0,0.0,0.0,0.0,0.0,0.0,0.0,0.0,0.0,0.0,0.0,0.0,0.0,0.0,0.0,0.0,0.0,0.0,0.0,0.0,0.0,0.0,0.0,0.0,0.0,0.0,1.0,0.0,0.0,1.0,0.0,0.0,0.0,0.0,3.0,2.0,2.0,2.0,0.0,0.0,21.0,6.0,5.0,5.0,14.0,21.0,22.0,8.0,0.0,0.0,0.0,0.0,0.0,0.0,0.0,0.0,0.0,0.0,0.0,0.0,1.0,0.0,0.0,4.0,0.0,0.0,0.0,0.0,4.0,3.0,2.0,3.0,0.0,0.0,29.0,8.0,7.0,7.0,18.0,29.0,29.0,12.0
709,1.0,709.0,London_32,FIFO,151,453,1092.0,70.0,2.0,154473.0,0.9064999599941075,794.0,33.0,1.0,32.0,57.0,10.0,47.0,148.0,220.0,125.0,24.0,51.0,12.0,17.0,0.0,4.0,7.0,77.0,135.0,234.0,31.0,0.0,0.0,0.0,0.0,0.0,0.0,0.0,0.0,0.0,0.0,0.0,0.0,0.0,0.0,0.0,0.0,0.0,0.0,0.0,0.0,0.0,0.0,0.0,0.0,0.0,0.0,0.0,0.0,0.0,0.0,0.0,0.0,1.0,0.0,0.0,0.0,0.0,0.0,0.0,0.0,0.0,0.0,0.0,1.0,0.0,0.0,3.0,0.0,2.0,5.0,5.0,7.0,7.0,5.0,0.0,0.0,0.0,0.0,0.0,0.0,0.0,0.0,0.0,0.0,0.0,0.0,8.0,0.0,0.0,0.0,0.0,0.0,0.0,0.0,0.0,0.0,0.0,1.0,0.0,0.0,3.0,0.0,2.0,7.0,8.0,10.0,7.0,7.0
710,1.0,710.0,London_32,FIFO,151,453,1092.0,70.0,2.0,175311.0,1.0573788080364466,840.0,107.0,0.0,107.0,187.0,0.0,187.0,57.0,216.0,139.0,22.0,49.0,9.0,14.0,0.0,4.0,6.0,80.0,131.0,236.0,30.0,0.0,0.0,0.0,0.0,0.0,0.0,0.0,0.0,0.0,0.0,0.0,0.0,0.0,0.0,0.0,0.0,0.0,0.0,0.0,0.0,0.0,0.0,0.0,0.0,0.0,0.0,0.0,0.0,0.0,0.0,0.0,0.0,0.0,0.0,0.0,0.0,0.0,0.0,0.0,0.0,6.0,11.0,1.0,2.0,9.0,0.0,12.0,8.0,4.0,4.0,14.0,27.0,21.0,8.0,0.0,0.0,0.0,0.0,0.0,0.0,0.0,0.0,0.0,0.0,0.0,0.0,0.0,0.0,0.0,0.0,0.0,0.0,0.0,0.0,7.0,12.0,1.0,3.0,9.0,0.0,16.0,14.0,8.0,6.0,21.0,45.0,28.0,13.0
711,1.0,711.0,London_32,FIFO,151,453,1092.0,70.0,2.0,166704.0,1.3913168250583112,821.0,109.0,0.0,109.0,184.0,0.0,184.0,187.0,224.0,131.0,12.0,63.0,4.0,16.0,1.0,2.0,5.0,83.0,130.0,235.0,36.0,0.0,0.0,0.0,0.0,0.0,0.0,0.0,0.0,0.0,0.0,0.0,0.0,0.0,0.0,0.0,0.0,0.0,0.0,0.0,0.0,0.0,0.0,0.0,0.0,0.0,0.0,0.0,0.0,0.0,0.0,0.0,0.0,0.0,0.0,0.0,0.0,0.0,0.0,0.0,0.0,2.0,8.0,9.0,4.0,2.0,0.0,21.0,4.0,4.0,4.0,20.0,29.0,18.0,8.0,0.0,0.0,0.0,0.0,0.0,0.0,0.0,0.0,0.0,0.0,0.0,0.0,0.0,0.0,0.0,0.0,0.0,0.0,0.0,0.0,3.0,9.0,9.0,9.0,2.0,0.0,28.0,7.0,5.0,4.0,29.0,41.0,27.0,12.0
712,1.0,712.0,London_32,FIFO,151,453,1092.0,70.0,2.0,160362.0,1.0005715182051063,807.0,71.0,2.0,69.0,137.0,19.0,118.0,184.0,237.0,119.0,12.0,60.0,6.0,13.0,1.0,5.0,5.0,77.0,139.0,232.0,42.0,0.0,0.0,0.0,0.0,0.0,0.0,0.0,0.0,0.0,0.0,0.0,0.0,0.0,0.0,0.0,0.0,0.0,0.0,0.0,0.0,0.0,0.0,0.0,0.0,0.0,0.0,0.0,0.0,0.0,1.0,0.0,0.0,0.0,1.0,0.0,2.0,0.0,0.0,0.0,0.0,0.0,7.0,4.0,1.0,1.0,0.0,5.0,4.0,2.0,3.0,14.0,15.0,20.0,5.0,0.0,0.0,0.0,0.0,0.0,0.0,0.0,0.0,0.0,1.0,0.0,0.0,0.0,6.0,0.0,6.0,0.0,0.0,0.0,0.0,0.0,9.0,5.0,2.0,1.0,0.0,7.0,7.0,2.0,3.0,22.0,23.0,27.0,9.0
713,1.0,713.0,London_32,FIFO,151,453,1092.0,70.0,2.0,171234.0,1.1329230163246393,831.0,114.0,2.0,112.0,208.0,17.0,191.0,137.0,246.0,114.0,17.0,61.0,2.0,10.0,1.0,2.0,4.0,72.0,139.0,238.0,36.0,0.0,0.0,0.0,0.0,0.0,0.0,0.0,0.0,0.0,0.0,0.0,0.0,0.0,0.0,0.0,0.0,0.0,0.0,0.0,0.0,0.0,0.0,0.0,0.0,0.0,0.0,0.0,0.0,0.0,1.0,0.0,0.0,1.0,0.0,0.0,1.0,0.0,0.0,0.0,0.0,1.0,5.0,0.0,2.0,0.0,0.0,14.0,7.0,1.0,6.0,18.0,33.0,23.0,11.0,0.0,0.0,0.0,0.0,0.0,0.0,0.0,0.0,0.0,1.0,0.0,0.0,4.0,0.0,0.0,3.0,0.0,0.0,0.0,0.0,1.0,6.0,0.0,3.0,0.0,0.0,20.0,9.0,2.0,7.0,25.0,51.0,28.0,15.0
714,1.0,714.0,London_32,FIFO,151,453,1092.0,70.0,2.0,156285.0,1.007604512386024,798.0,55.0,0.0,55.0,91.0,0.0,91.0,208.0,233.0,118.0,12.0,66.0,5.0,16.0,1.0,2.0,6.0,74.0,138.0,235.0,31.0,0.0,0.0,0.0,0.0,0.0,0.0,0.0,0.0,0.0,0.0,0.0,0.0,0.0,0.0,0.0,0.0,0.0,0.0,0.0,0.0,0.0,0.0,0.0,0.0,0.0,0.0,0.0,0.0,0.0,0.0,0.0,0.0,0.0,0.0,0.0,0.0,0.0,0.0,0.0,0.0,2.0,5.0,0.0,1.0,0.0,0.0,8.0,7.0,3.0,11.0,9.0,12.0,9.0,8.0,0.0,0.0,0.0,0.0,0.0,0.0,0.0,0.0,0.0,0.0,0.0,0.0,0.0,0.0,0.0,0.0,0.0,0.0,0.0,0.0,2.0,5.0,0.0,1.0,0.0,0.0,10.0,8.0,3.0,13.0,15.0,16.0,14.0,17.0
715,1.0,715.0,London_32,FIFO,151,453,1092.0,70.0,2.0,168969.0,1.5528539796359837,826.0,120.0,2.0,118.0,219.0,18.0,201.0,91.0,241.0,109.0,11.0,69.0,4.0,17.0,0.0,2.0,7.0,73.0,158.0,215.0,40.0,0.0,0.0,0.0,0.0,0.0,0.0,0.0,0.0,0.0,0.0,0.0,0.0,0.0,0.0,0.0,0.0,0.0,0.0,0.0,0.0,0.0,0.0,0.0,0.0,0.0,0.0,0.0,0.0,0.0,0.0,0.0,0.0,0.0,1.0,0.0,1.0,0.0,0.0,0.0,0.0,5.0,7.0,1.0,3.0,6.0,0.0,16.0,7.0,3.0,7.0,18.0,24.0,19.0,12.0,0.0,0.0,0.0,0.0,0.0,0.0,0.0,0.0,0.0,0.0,0.0,0.0,0.0,8.0,0.0,6.0,0.0,0.0,0.0,0.0,6.0,9.0,1.0,5.0,6.0,0.0,21.0,10.0,5.0,8.0,26.0,34.0,24.0,18.0
716,1.0,716.0,London_32,FIFO,151,453,1092.0,70.0,2.0,148584.0,1.0555395339615643,781.0,58.0,0.0,58.0,106.0,0.0,106.0,219.0,237.0,106.0,11.0,68.0,5.0,21.0,1.0,4.0,9.0,66.0,141.0,237.0,42.0,0.0,0.0,0.0,0.0,0.0,0.0,0.0,0.0,0.0,0.0,0.0,0.0,0.0,0.0,0.0,0.0,0.0,0.0,0.0,0.0,0.0,0.0,0.0,0.0,0.0,0.0,0.0,0.0,0.0,0.0,0.0,0.0,0.0,0.0,0.0,0.0,0.0,0.0,0.0,0.0,3.0,6.0,0.0,1.0,1.0,0.0,10.0,5.0,1.0,11.0,18.0,11.0,18.0,5.0,0.0,0.0,0.0,0.0,0.0,0.0,0.0,0.0,0.0,0.0,0.0,0.0,0.0,0.0,0.0,0.0,0.0,0.0,0.0,0.0,3.0,8.0,0.0,1.0,1.0,0.0,18.0,8.0,1.0,15.0,28.0,20.0,26.0,8.0
717,1.0,717.0,London_32,FIFO,151,453,1092.0,70.0,2.0,166251.0,1.476512725930661,820.0,97.0,2.0,95.0,189.0,17.0,172.0,106.0,232.0,92.0,23.0,80.0,2.0,22.0,0.0,2.0,13.0,68.0,144.0,228.0,41.0,0.0,0.0,0.0,0.0,0.0,0.0,0.0,0.0,0.0,0.0,0.0,0.0,0.0,0.0,0.0,0.0,0.0,0.0,0.0,0.0,0.0,0.0,0.0,0.0,0.0,0.0,0.0,0.0,0.0,0.0,0.0,0.0,1.0,0.0,0.0,1.0,1.0,0.0,0.0,0.0,0.0,4.0,0.0,3.0,4.0,0.0,12.0,7.0,4.0,16.0,14.0,23.0,13.0,13.0,0.0,0.0,0.0,0.0,0.0,0.0,0.0,0.0,0.0,0.0,0.0,0.0,6.0,0.0,0.0,1.0,8.0,0.0,0.0,0.0,0.0,5.0,0.0,5.0,4.0,0.0,17.0,9.0,5.0,26.0,23.0,31.0,16.0,18.0
718,1.0,718.0,London_32,FIFO,151,453,1092.0,70.0,2.0,159456.0,1.231509005650878,805.0,143.0,0.0,143.0,233.0,0.0,233.0,189.0,242.0,98.0,18.0,61.0,4.0,24.0,0.0,6.0,4.0,67.0,143.0,239.0,25.0,0.0,0.0,0.0,0.0,0.0,0.0,0.0,0.0,0.0,0.0,0.0,0.0,0.0,0.0,0.0,0.0,0.0,0.0,0.0,0.0,0.0,0.0,0.0,0.0,0.0,0.0,0.0,0.0,0.0,0.0,0.0,0.0,0.0,0.0,0.0,0.0,0.0,0.0,0.0,0.0,1.0,0.0,2.0,0.0,18.0,0.0,12.0,15.0,7.0,8.0,28.0,33.0,21.0,11.0,0.0,0.0,0.0,0.0,0.0,0.0,0.0,0.0,0.0,0.0,0.0,0.0,0.0,0.0,0.0,0.0,0.0,0.0,0.0,0.0,2.0,0.0,2.0,0.0,20.0,0.0,14.0,19.0,10.0,10.0,40.0,46.0,28.0,15.0
719,1.0,719.0,London_32,FIFO,151,453,1092.0,70.0,2.0,125481.0,0.7632844559848309,730.0,41.0,1.0,40.0,77.0,8.0,69.0,233.0,240.0,97.0,14.0,61.0,6.0,29.0,2.0,4.0,5.0,73.0,147.0,228.0,24.0,0.0,0.0,0.0,0.0,0.0,0.0,0.0,0.0,0.0,0.0,0.0,0.0,0.0,0.0,0.0,0.0,0.0,0.0,0.0,0.0,0.0,0.0,0.0,0.0,0.0,0.0,0.0,0.0,0.0,0.0,0.0,0.0,1.0,0.0,0.0,1.0,0.0,0.0,0.0,0.0,1.0,0.0,0.0,0.0,0.0,0.0,8.0,2.0,3.0,4.0,9.0,7.0,10.0,1.0,0.0,0.0,0.0,0.0,0.0,0.0,0.0,0.0,0.0,0.0,0.0,0.0,5.0,0.0,0.0,1.0,0.0,0.0,0.0,0.0,2.0,0.0,0.0,0.0,0.0,0.0,11.0,5.0,3.0,6.0,17.0,11.0,12.0,1.0
720,1.0,720.0,London_32,FIFO,151,453,1092.0,70.0,2.0,144507.0,1.3209378877654672,772.0,81.0,2.0,79.0,145.0,18.0,127.0,77.0,243.0,98.0,15.0,63.0,3.0,23.0,2.0,6.0,4.0,75.0,147.0,227.0,28.0,0.0,0.0,0.0,0.0,0.0,0.0,0.0,0.0,0.0,0.0,0.0,0.0,0.0,0.0,0.0,0.0,0.0,0.0,0.0,0.0,0.0,0.0,0.0,0.0,0.0,0.0,0.0,0.0,0.0,0.0,1.0,0.0,1.0,0.0,1.0,2.0,0.0,0.0,0.0,0.0,0.0,4.0,2.0,1.0,0.0,0.0,15.0,4.0,5.0,5.0,17.0,12.0,17.0,4.0,0.0,0.0,0.0,0.0,0.0,0.0,0.0,0.0,0.0,0.0,3.0,0.0,3.0,0.0,4.0,8.0,0.0,0.0,0.0,0.0,0.0,6.0,2.0,1.0,0.0,0.0,18.0,5.0,6.0,6.0,24.0,16.0,23.0,6.0
721,1.0,721.0,London_32,FIFO,151,453,1092.0,70.0,2.0,146772.0,1.313077598810196,777.0,96.0,1.0,95.0,173.0,11.0,162.0,145.0,245.0,114.0,20.0,44.0,3.0,19.0,2.0,6.0,7.0,75.0,148.0,223.0,28.0,0.0,0.0,0.0,0.0,0.0,0.0,0.0,0.0,0.0,0.0,0.0,0.0,0.0,0.0,0.0,0.0,0.0,0.0,0.0,0.0,0.0,0.0,0.0,0.0,0.0,0.0,0.0,0.0,0.0,1.0,0.0,0.0,1.0,0.0,0.0,1.0,0.0,0.0,0.0,0.0,5.0,1.0,0.0,0.0,0.0,1.0,9.0,7.0,2.0,4.0,19.0,27.0,20.0,7.0,0.0,0.0,0.0,0.0,0.0,0.0,0.0,0.0,0.0,2.0,0.0,0.0,4.0,0.0,0.0,1.0,0.0,0.0,0.0,0.0,8.0,1.0,0.0,0.0,0.0,1.0,15.0,9.0,6.0,6.0,33.0,39.0,24.0,12.0
722,1.0,722.0,London_32,FIFO,151,453,1092.0,70.0,2.0,142242.0,1.2409866261295974,767.0,85.0,0.0,85.0,143.0,0.0,143.0,173.0,252.0,118.0,13.0,45.0,2.0,18.0,2.0,3.0,2.0,64.0,152.0,235.0,33.0,0.0,0.0,0.0,0.0,0.0,0.0,0.0,0.0,0.0,0.0,0.0,0.0,0.0,0.0,0.0,0.0,0.0,0.0,0.0,0.0,0.0,0.0,0.0,0.0,0.0,0.0,0.0,0.0,0.0,0.0,0.0,0.0,0.0,0.0,0.0,0.0,0.0,0.0,0.0,0.0,2.0,10.0,3.0,0.0,0.0,0.0,6.0,6.0,3.0,4.0,17.0,20.0,23.0,9.0,0.0,0.0,0.0,0.0,0.0,0.0,0.0,0.0,0.0,0.0,0.0,0.0,0.0,0.0,0.0,0.0,0.0,0.0,0.0,0.0,2.0,17.0,3.0,0.0,0.0,0.0,9.0,7.0,7.0,5.0,21.0,34.0,28.0,16.0
723,1.0,723.0,London_32,FIFO,151,453,1092.0,70.0,2.0,152661.0,1.3693921719677746,790.0,81.0,2.0,79.0,156.0,18.0,138.0,143.0,256.0,123.0,9.0,44.0,5.0,15.0,0.0,1.0,3.0,61.0,155.0,234.0,27.0,0.0,0.0,0.0,0.0,0.0,0.0,0.0,0.0,0.0,0.0,0.0,0.0,0.0,0.0,0.0,0.0,0.0,0.0,0.0,0.0,0.0,0.0,0.0,0.0,0.0,0.0,0.0,0.0,0.0,1.0,0.0,0.0,0.0,0.0,0.0,2.0,0.0,0.0,0.0,0.0,4.0,8.0,0.0,1.0,0.0,0.0,8.0,8.0,3.0,6.0,16.0,17.0,16.0,9.0,0.0,0.0,0.0,0.0,0.0,0.0,0.0,0.0,0.0,3.0,0.0,0.0,0.0,0.0,0.0,8.0,0.0,0.0,0.0,0.0,6.0,14.0,0.0,1.0,0.0,0.0,9.0,11.0,3.0,8.0,29.0,23.0,22.0,13.0
724,1.0,724.0,London_32,FIFO,151,453,1092.0,70.0,2.0,160362.0,0.9078511288389564,807.0,43.0,1.0,42.0,95.0,10.0,85.0,156.0,255.0,95.0,19.0,63.0,2.0,16.0,0.0,3.0,5.0,75.0,140.0,233.0,38.0,0.0,0.0,0.0,0.0,0.0,0.0,0.0,0.0,0.0,0.0,0.0,0.0,0.0,0.0,0.0,0.0,0.0,0.0,0.0,0.0,0.0,0.0,0.0,0.0,0.0,0.0,0.0,0.0,0.0,1.0,0.0,0.0,0.0,0.0,0.0,1.0,0.0,0.0,0.0,0.0,1.0,3.0,3.0,0.0,3.0,0.0,7.0,7.0,6.0,3.0,12.0,7.0,5.0,5.0,0.0,0.0,0.0,0.0,0.0,0.0,0.0,0.0,0.0,2.0,0.0,0.0,0.0,0.0,0.0,2.0,0.0,0.0,0.0,0.0,1.0,4.0,5.0,0.0,3.0,0.0,13.0,8.0,12.0,6.0,22.0,10.0,6.0,7.0
725,1.0,725.0,London_32,FIFO,151,453,1092.0,70.0,2.0,193884.0,1.3681180402636528,881.0,93.0,2.0,91.0,174.0,16.0,158.0,95.0,258.0,97.0,16.0,69.0,2.0,6.0,2.0,3.0,7.0,72.0,136.0,238.0,37.0,0.0,0.0,0.0,0.0,0.0,0.0,0.0,0.0,0.0,0.0,0.0,0.0,0.0,0.0,0.0,0.0,0.0,0.0,0.0,0.0,0.0,0.0,0.0,0.0,0.0,0.0,0.0,0.0,0.0,1.0,0.0,0.0,0.0,0.0,0.0,2.0,0.0,0.0,0.0,0.0,3.0,8.0,1.0,0.0,6.0,0.0,15.0,7.0,6.0,10.0,20.0,26.0,14.0,11.0,0.0,0.0,0.0,0.0,0.0,0.0,0.0,0.0,0.0,5.0,0.0,0.0,0.0,0.0,0.0,5.0,0.0,0.0,0.0,0.0,5.0,12.0,1.0,0.0,6.0,0.0,18.0,9.0,7.0,11.0,34.0,37.0,17.0,16.0
726,1.0,726.0,London_32,FIFO,151,453,1092.0,70.0,2.0,188448.0,1.1554815052077174,869.0,114.0,0.0,114.0,200.0,0.0,200.0,174.0,265.0,87.0,10.0,63.0,7.0,17.0,1.0,3.0,1.0,79.0,135.0,238.0,24.0,0.0,0.0,0.0,0.0,0.0,0.0,0.0,0.0,0.0,0.0,0.0,0.0,0.0,0.0,0.0,0.0,0.0,0.0,0.0,0.0,0.0,0.0,0.0,0.0,0.0,0.0,0.0,0.0,0.0,0.0,0.0,0.0,0.0,0.0,0.0,0.0,0.0,0.0,0.0,0.0,4.0,8.0,1.0,2.0,5.0,0.0,10.0,6.0,6.0,8.0,20.0,24.0,16.0,10.0,0.0,0.0,0.0,0.0,0.0,0.0,0.0,0.0,0.0,0.0,0.0,0.0,0.0,0.0,0.0,0.0,0.0,0.0,0.0,0.0,4.0,10.0,1.0,2.0,6.0,0.0,11.0,7.0,8.0,13.0,31.0,41.0,21.0,15.0
727,1.0,727.0,London_32,FIFO,151,453,1092.0,70.0,2.0,177123.0,1.0005548088811338,844.0,65.0,0.0,65.0,114.0,0.0,114.0,200.0,263.0,79.0,15.0,62.0,6.0,22.0,0.0,6.0,6.0,67.0,137.0,243.0,30.0,0.0,0.0,0.0,0.0,0.0,0.0,0.0,0.0,0.0,0.0,0.0,0.0,0.0,0.0,0.0,0.0,0.0,0.0,0.0,0.0,0.0,0.0,0.0,0.0,0.0,0.0,0.0,0.0,0.0,0.0,0.0,0.0,0.0,0.0,0.0,0.0,0.0,0.0,0.0,0.0,4.0,5.0,0.0,1.0,0.0,0.0,9.0,11.0,7.0,9.0,13.0,17.0,17.0,6.0,0.0,0.0,0.0,0.0,0.0,0.0,0.0,0.0,0.0,0.0,0.0,0.0,0.0,0.0,0.0,0.0,0.0,0.0,0.0,0.0,7.0,6.0,0.0,1.0,0.0,0.0,11.0,16.0,9.0,14.0,17.0,25.0,23.0,11.0
728,1.0,728.0,London_32,FIFO,151,453,1092.0,70.0,2.0,187089.0,1.1370466561056674,866.0,132.0,2.0,130.0,241.0,18.0,223.0,114.0,269.0,84.0,17.0,47.0,7.0,23.0,0.0,6.0,8.0,69.0,153.0,223.0,29.0,0.0,0.0,0.0,0.0,0.0,0.0,0.0,0.0,0.0,0.0,0.0,0.0,0.0,0.0,0.0,0.0,0.0,0.0,0.0,0.0,0.0,0.0,0.0,0.0,0.0,0.0,0.0,0.0,0.0,0.0,0.0,0.0,0.0,0.0,2.0,0.0,0.0,0.0,0.0,0.0,3.0,2.0,0.0,4.0,8.0,0.0,17.0,12.0,6.0,12.0,18.0,35.0,13.0,8.0,0.0,0.0,0.0,0.0,0.0,0.0,0.0,0.0,0.0,0.0,0.0,0.0,0.0,0.0,16.0,0.0,0.0,0.0,0.0,0.0,6.0,2.0,0.0,8.0,8.0,0.0,20.0,20.0,9.0,14.0,33.0,49.0,16.0,11.0
729,1.0,729.0,London_32,FIFO,151,453,1092.0,70.0,2.0,159909.0,0.9644244932569563,806.0,87.0,0.0,87.0,147.0,0.0,147.0,241.0,238.0,89.0,14.0,74.0,14.0,19.0,1.0,4.0,7.0,79.0,145.0,222.0,32.0,0.0,0.0,0.0,0.0,0.0,0.0,0.0,0.0,0.0,0.0,0.0,0.0,0.0,0.0,0.0,0.0,0.0,0.0,0.0,0.0,0.0,0.0,0.0,0.0,0.0,0.0,0.0,0.0,0.0,0.0,0.0,0.0,0.0,0.0,0.0,0.0,0.0,0.0,0.0,0.0,2.0,2.0,0.0,3.0,0.0,0.0,9.0,5.0,2.0,7.0,14.0,22.0,13.0,12.0,0.0,0.0,0.0,0.0,0.0,0.0,0.0,0.0,0.0,0.0,0.0,0.0,0.0,0.0,0.0,0.0,0.0,0.0,0.0,0.0,3.0,3.0,0.0,3.0,0.0,0.0,12.0,9.0,3.0,10.0,20.0,37.0,19.0,16.0
730,1.0,730.0,London_32,FIFO,151,453,1092.0,70.0,2.0,144054.0,0.9861350171267986,771.0,133.0,0.0,133.0,239.0,0.0,239.0,147.0,242.0,85.0,16.0,67.0,14.0,23.0,1.0,5.0,8.0,73.0,150.0,222.0,39.0,0.0,0.0,0.0,0.0,0.0,0.0,0.0,0.0,0.0,0.0,0.0,0.0,0.0,0.0,0.0,0.0,0.0,0.0,0.0,0.0,0.0,0.0,0.0,0.0,0.0,0.0,0.0,0.0,0.0,0.0,0.0,0.0,0.0,0.0,0.0,0.0,0.0,0.0,0.0,0.0,3.0,3.0,2.0,4.0,0.0,1.0,13.0,9.0,3.0,6.0,24.0,31.0,24.0,11.0,0.0,0.0,0.0,0.0,0.0,0.0,0.0,0.0,0.0,0.0,0.0,0.0,0.0,0.0,0.0,0.0,0.0,0.0,0.0,0.0,3.0,5.0,2.0,5.0,0.0,2.0,14.0,15.0,5.0,8.0,38.0,51.0,32.0,16.0
731,1.0,731.0,London_32,FIFO,151,453,1092.0,70.0,2.0,107814.0,0.7311203512363136,691.0,123.0,0.0,123.0,222.0,0.0,222.0,239.0,228.0,94.0,14.0,70.0,15.0,27.0,0.0,5.0,2.0,70.0,148.0,233.0,27.0,0.0,0.0,0.0,0.0,0.0,0.0,0.0,0.0,0.0,0.0,0.0,0.0,0.0,0.0,0.0,0.0,0.0,0.0,0.0,0.0,0.0,0.0,0.0,0.0,0.0,0.0,0.0,0.0,0.0,0.0,0.0,0.0,0.0,0.0,0.0,0.0,0.0,0.0,0.0,0.0,3.0,5.0,5.0,4.0,1.0,0.0,17.0,5.0,4.0,10.0,21.0,28.0,18.0,10.0,0.0,0.0,0.0,0.0,0.0,0.0,0.0,0.0,0.0,0.0,0.0,0.0,0.0,0.0,0.0,0.0,0.0,0.0,0.0,0.0,3.0,7.0,5.0,5.0,1.0,0.0,20.0,6.0,5.0,16.0,37.0,42.0,21.0,15.0
732,1.0,732.0,London_32,FIFO,151,453,1092.0,70.0,2.0,72027.0,0.25992864882573485,612.0,1.0,1.0,0.0,9.0,9.0,0.0,222.0,231.0,83.0,16.0,69.0,16.0,33.0,1.0,4.0,6.0,66.0,162.0,219.0,25.0,0.0,0.0,0.0,0.0,0.0,0.0,0.0,0.0,0.0,0.0,0.0,0.0,0.0,0.0,0.0,0.0,0.0,0.0,0.0,0.0,0.0,0.0,0.0,0.0,0.0,0.0,0.0,0.0,0.0,0.0,0.0,0.0,0.0,0.0,1.0,0.0,0.0,0.0,0.0,0.0,0.0,0.0,0.0,0.0,0.0,0.0,0.0,0.0,0.0,0.0,0.0,0.0,0.0,0.0,0.0,0.0,0.0,0.0,0.0,0.0,0.0,0.0,0.0,0.0,0.0,0.0,0.0,0.0,7.0,0.0,0.0,0.0,0.0,0.0,0.0,0.0,0.0,0.0,0.0,0.0,0.0,0.0,0.0,0.0,0.0,0.0,0.0,0.0
733,1.0,733.0,London_32,FIFO,151,453,1092.0,70.0,2.0,91506.0,0.7194382711313665,655.0,73.0,2.0,71.0,144.0,18.0,126.0,9.0,230.0,80.0,17.0,71.0,16.0,34.0,1.0,4.0,7.0,67.0,155.0,224.0,25.0,0.0,0.0,0.0,0.0,0.0,0.0,0.0,0.0,0.0,1.0,0.0,0.0,0.0,1.0,0.0,0.0,0.0,0.0,1.0,0.0,0.0,0.0,0.0,0.0,0.0,0.0,0.0,0.0,0.0,1.0,0.0,0.0,1.0,0.0,1.0,1.0,0.0,0.0,0.0,0.0,3.0,8.0,2.0,2.0,0.0,0.0,9.0,4.0,4.0,8.0,13.0,14.0,11.0,6.0,0.0,0.0,0.0,0.0,0.0,0.0,0.0,0.0,0.0,5.0,0.0,0.0,4.0,0.0,4.0,3.0,0.0,0.0,0.0,0.0,4.0,10.0,3.0,3.0,0.0,0.0,13.0,4.0,5.0,11.0,19.0,24.0,11.0,12.0
734,1.0,734.0,London_32,FIFO,151,453,1092.0,70.0,2.0,90147.0,0.48398292623460293,652.0,27.0,2.0,25.0,59.0,15.0,44.0,140.0,238.0,85.0,18.0,56.0,15.0,35.0,1.0,5.0,10.0,71.0,157.0,215.0,34.0,0.0,0.0,0.0,0.0,0.0,0.0,0.0,0.0,0.0,0.0,0.0,0.0,0.0,0.0,0.0,0.0,0.0,0.0,0.0,0.0,0.0,0.0,0.0,0.0,0.0,0.0,0.0,0.0,0.0,0.0,0.0,0.0,1.0,1.0,1.0,2.0,0.0,0.0,0.0,0.0,0.0,0.0,0.0,1.0,0.0,0.0,6.0,3.0,0.0,2.0,7.0,4.0,7.0,1.0,0.0,0.0,0.0,0.0,0.0,0.0,0.0,0.0,0.0,0.0,0.0,0.0,4.0,7.0,4.0,7.0,0.0,0.0,0.0,0.0,0.0,0.0,0.0,1.0,0.0,0.0,9.0,4.0,0.0,3.0,10.0,8.0,11.0,1.0
735,1.0,735.0,London_32,FIFO,151,453,1092.0,70.0,2.0,112797.0,0.8139562248252332,702.0,20.0,0.0,20.0,38.0,0.0,38.0,59.0,244.0,86.0,16.0,63.0,9.0,28.0,2.0,5.0,7.0,72.0,162.0,212.0,37.0,0.0,0.0,0.0,0.0,0.0,0.0,0.0,0.0,0.0,0.0,0.0,0.0,0.0,0.0,0.0,0.0,0.0,0.0,0.0,0.0,0.0,0.0,0.0,0.0,0.0,0.0,0.0,0.0,0.0,0.0,0.0,0.0,0.0,0.0,0.0,0.0,0.0,0.0,0.0,0.0,1.0,2.0,0.0,1.0,0.0,0.0,4.0,2.0,3.0,0.0,2.0,7.0,5.0,4.0,0.0,0.0,0.0,0.0,0.0,0.0,0.0,0.0,0.0,0.0,0.0,0.0,0.0,0.0,0.0,0.0,0.0,0.0,0.0,0.0,1.0,4.0,0.0,1.0,0.0,0.0,7.0,2.0,5.0,0.0,2.0,12.0,6.0,6.0
736,1.0,736.0,London_32,FIFO,151,453,1092.0,70.0,2.0,142242.0,1.265557408798486,767.0,66.0,1.0,65.0,115.0,10.0,105.0,38.0,247.0,80.0,20.0,62.0,11.0,26.0,2.0,5.0,8.0,67.0,161.0,217.0,41.0,0.0,0.0,0.0,0.0,0.0,0.0,0.0,0.0,0.0,0.0,0.0,0.0,0.0,0.0,0.0,0.0,0.0,0.0,0.0,0.0,0.0,0.0,0.0,0.0,0.0,0.0,0.0,0.0,0.0,1.0,0.0,0.0,1.0,0.0,0.0,1.0,0.0,0.0,0.0,0.0,2.0,1.0,0.0,1.0,0.0,0.0,6.0,3.0,4.0,3.0,9.0,20.0,12.0,5.0,0.0,0.0,0.0,0.0,0.0,0.0,0.0,0.0,0.0,6.0,0.0,0.0,6.0,0.0,0.0,3.0,0.0,0.0,0.0,0.0,2.0,1.0,0.0,2.0,0.0,0.0,7.0,4.0,5.0,4.0,13.0,30.0,16.0,9.0
737,1.0,737.0,London_32,FIFO,151,453,1092.0,70.0,2.0,147678.0,1.1152820601128042,779.0,30.0,0.0,30.0,63.0,0.0,63.0,115.0,257.0,88.0,20.0,64.0,7.0,10.0,1.0,6.0,9.0,70.0,150.0,224.0,43.0,0.0,0.0,0.0,0.0,0.0,0.0,0.0,0.0,0.0,0.0,0.0,0.0,0.0,0.0,0.0,0.0,0.0,0.0,0.0,0.0,0.0,0.0,0.0,0.0,0.0,0.0,0.0,0.0,0.0,0.0,0.0,0.0,0.0,0.0,0.0,0.0,0.0,0.0,0.0,0.0,1.0,2.0,0.0,1.0,2.0,0.0,1.0,3.0,3.0,1.0,4.0,8.0,8.0,1.0,0.0,0.0,0.0,0.0,0.0,0.0,0.0,0.0,0.0,0.0,0.0,0.0,0.0,0.0,0.0,0.0,0.0,0.0,0.0,0.0,1.0,3.0,0.0,2.0,3.0,0.0,1.0,5.0,6.0,2.0,6.0,20.0,12.0,2.0
738,1.0,738.0,London_32,FIFO,151,453,1092.0,70.0,2.0,178029.0,1.116280138026923,846.0,54.0,3.0,51.0,108.0,25.0,83.0,63.0,260.0,81.0,27.0,64.0,6.0,9.0,1.0,5.0,4.0,68.0,158.0,223.0,36.0,0.0,0.0,0.0,0.0,0.0,0.0,0.0,0.0,0.0,0.0,0.0,0.0,0.0,0.0,0.0,0.0,0.0,0.0,0.0,0.0,0.0,0.0,0.0,0.0,0.0,0.0,0.0,0.0,0.0,1.0,0.0,0.0,1.0,0.0,1.0,1.0,0.0,0.0,0.0,0.0,0.0,4.0,1.0,0.0,1.0,0.0,6.0,6.0,6.0,4.0,6.0,15.0,8.0,4.0,0.0,0.0,0.0,0.0,0.0,0.0,0.0,0.0,0.0,2.0,0.0,0.0,3.0,0.0,6.0,5.0,0.0,0.0,0.0,0.0,0.0,7.0,1.0,0.0,2.0,0.0,9.0,7.0,10.0,6.0,9.0,23.0,9.0,6.0
739,1.0,739.0,London_32,FIFO,151,453,1092.0,70.0,2.0,203397.0,1.2898201090283692,902.0,83.0,1.0,82.0,144.0,9.0,135.0,108.0,269.0,65.0,29.0,63.0,6.0,13.0,2.0,6.0,6.0,70.0,152.0,225.0,36.0,0.0,0.0,0.0,0.0,0.0,0.0,0.0,0.0,0.0,0.0,0.0,0.0,0.0,0.0,0.0,0.0,0.0,0.0,0.0,0.0,0.0,0.0,0.0,0.0,0.0,0.0,0.0,0.0,0.0,1.0,0.0,0.0,0.0,0.0,0.0,0.0,1.0,0.0,0.0,0.0,2.0,0.0,0.0,0.0,10.0,0.0,7.0,9.0,10.0,4.0,15.0,19.0,13.0,12.0,0.0,0.0,0.0,0.0,0.0,0.0,0.0,0.0,0.0,3.0,0.0,0.0,0.0,0.0,0.0,0.0,7.0,0.0,0.0,0.0,4.0,0.0,0.0,0.0,10.0,0.0,10.0,12.0,14.0,4.0,25.0,26.0,17.0,15.0
740,1.0,740.0,London_32,FIFO,151,453,1092.0,70.0,2.0,216534.0,1.4683489901944995,931.0,229.0,0.0,229.0,387.0,0.0,387.0,144.0,277.0,75.0,21.0,51.0,6.0,14.0,3.0,6.0,4.0,74.0,154.0,221.0,23.0,0.0,0.0,0.0,0.0,0.0,0.0,0.0,0.0,0.0,0.0,0.0,0.0,0.0,0.0,0.0,0.0,0.0,0.0,0.0,0.0,0.0,0.0,0.0,0.0,0.0,0.0,0.0,0.0,0.0,0.0,0.0,0.0,0.0,0.0,0.0,0.0,0.0,0.0,0.0,0.0,1.0,24.0,0.0,9.0,3.0,1.0,6.0,10.0,1.0,24.0,45.0,60.0,18.0,11.0,0.0,0.0,0.0,0.0,0.0,0.0,0.0,0.0,0.0,0.0,0.0,0.0,0.0,0.0,0.0,0.0,0.0,0.0,0.0,0.0,1.0,36.0,0.0,14.0,3.0,2.0,8.0,12.0,1.0,30.0,69.0,84.0,19.0,15.0
741,1.0,741.0,London_32,FIFO,151,453,1092.0,70.0,2.0,147678.0,0.6024699173867702,779.0,109.0,2.0,107.0,205.0,17.0,188.0,387.0,121.0,136.0,28.0,108.0,10.0,40.0,2.0,8.0,19.0,71.0,160.0,203.0,58.0,0.0,0.0,0.0,0.0,0.0,0.0,0.0,0.0,0.0,0.0,0.0,0.0,0.0,0.0,0.0,0.0,0.0,0.0,0.0,0.0,0.0,0.0,0.0,0.0,0.0,0.0,0.0,0.0,0.0,0.0,0.0,0.0,1.0,0.0,2.0,1.0,0.0,0.0,0.0,0.0,7.0,5.0,0.0,4.0,0.0,0.0,10.0,8.0,1.0,11.0,19.0,28.0,17.0,6.0,0.0,0.0,0.0,0.0,0.0,0.0,0.0,0.0,0.0,0.0,0.0,0.0,5.0,0.0,13.0,5.0,0.0,0.0,0.0,0.0,11.0,6.0,0.0,5.0,0.0,0.0,20.0,11.0,2.0,18.0,32.0,42.0,24.0,7.0
742,1.0,742.0,London_32,FIFO,151,453,1092.0,70.0,2.0,139071.0,0.5509859924204648,760.0,23.0,0.0,23.0,41.0,0.0,41.0,205.0,132.0,127.0,25.0,114.0,12.0,38.0,1.0,4.0,16.0,67.0,160.0,210.0,55.0,0.0,0.0,0.0,0.0,0.0,0.0,0.0,0.0,0.0,0.0,0.0,0.0,0.0,0.0,0.0,0.0,0.0,0.0,0.0,0.0,0.0,0.0,0.0,0.0,0.0,0.0,0.0,0.0,0.0,0.0,0.0,0.0,0.0,0.0,0.0,0.0,0.0,0.0,0.0,0.0,2.0,0.0,0.0,1.0,0.0,0.0,4.0,3.0,1.0,1.0,7.0,7.0,4.0,3.0,0.0,0.0,0.0,0.0,0.0,0.0,0.0,0.0,0.0,0.0,0.0,0.0,0.0,0.0,0.0,0.0,0.0,0.0,0.0,0.0,2.0,0.0,0.0,3.0,0.0,0.0,5.0,5.0,1.0,1.0,10.0,11.0,6.0,5.0
743,1.0,743.0,London_32,FIFO,151,453,1092.0,70.0,2.0,164439.0,0.6317659900523722,816.0,41.0,0.0,41.0,67.0,0.0,67.0,41.0,133.0,127.0,19.0,120.0,12.0,37.0,1.0,4.0,17.0,67.0,154.0,215.0,60.0,0.0,0.0,0.0,0.0,0.0,0.0,0.0,0.0,0.0,0.0,0.0,0.0,0.0,0.0,0.0,0.0,0.0,0.0,0.0,0.0,0.0,0.0,0.0,0.0,0.0,0.0,0.0,0.0,0.0,0.0,0.0,0.0,0.0,0.0,0.0,0.0,0.0,0.0,0.0,0.0,2.0,3.0,0.0,0.0,1.0,0.0,4.0,7.0,4.0,3.0,10.0,7.0,7.0,3.0,0.0,0.0,0.0,0.0,0.0,0.0,0.0,0.0,0.0,0.0,0.0,0.0,0.0,0.0,0.0,0.0,0.0,0.0,0.0,0.0,3.0,5.0,0.0,0.0,1.0,0.0,4.0,9.0,5.0,4.0,14.0,9.0,8.0,4.0
744,1.0,744.0,London_32,FIFO,151,453,1092.0,70.0,2.0,183012.0,0.7548241359181702,857.0,105.0,0.0,105.0,186.0,0.0,186.0,67.0,136.0,123.0,16.0,134.0,12.0,31.0,0.0,1.0,17.0,74.0,145.0,217.0,65.0,0.0,0.0,0.0,0.0,0.0,0.0,0.0,0.0,0.0,0.0,0.0,0.0,0.0,0.0,0.0,0.0,0.0,0.0,0.0,0.0,0.0,0.0,0.0,0.0,0.0,0.0,0.0,0.0,0.0,0.0,0.0,0.0,0.0,0.0,0.0,0.0,0.0,0.0,0.0,0.0,10.0,5.0,0.0,1.0,1.0,0.0,16.0,8.0,8.0,6.0,13.0,31.0,17.0,7.0,0.0,0.0,0.0,0.0,0.0,0.0,0.0,0.0,0.0,0.0,0.0,0.0,0.0,0.0,0.0,0.0,0.0,0.0,0.0,0.0,13.0,8.0,0.0,2.0,1.0,0.0,21.0,14.0,12.0,7.0,17.0,41.0,22.0,8.0
745,1.0,745.0,London_32,FIFO,151,453,1092.0,70.0,2.0,168969.0,0.9024088378064334,826.0,152.0,3.0,149.0,262.0,28.0,234.0,186.0,151.0,123.0,24.0,122.0,6.0,24.0,2.0,1.0,20.0,78.0,149.0,206.0,65.0,0.0,0.0,0.0,0.0,0.0,0.0,0.0,0.0,0.0,0.0,0.0,0.0,0.0,0.0,0.0,0.0,0.0,0.0,0.0,0.0,0.0,0.0,0.0,0.0,0.0,0.0,0.0,0.0,0.0,0.0,1.0,0.0,1.0,0.0,1.0,1.0,0.0,0.0,0.0,0.0,1.0,6.0,7.0,3.0,1.0,0.0,15.0,8.0,3.0,12.0,33.0,27.0,20.0,10.0,0.0,0.0,0.0,0.0,0.0,0.0,0.0,0.0,0.0,0.0,1.0,0.0,2.0,0.0,8.0,1.0,0.0,0.0,0.0,0.0,1.0,7.0,8.0,5.0,1.0,0.0,17.0,9.0,3.0,17.0,45.0,42.0,26.0,16.0
746,1.0,746.0,London_32,FIFO,151,453,1092.0,70.0,2.0,128652.0,0.7398233618587255,737.0,87.0,0.0,87.0,143.0,0.0,143.0,262.0,154.0,106.0,24.0,134.0,9.0,20.0,1.0,5.0,9.0,71.0,171.0,202.0,56.0,0.0,0.0,0.0,0.0,0.0,0.0,0.0,0.0,0.0,0.0,0.0,0.0,0.0,0.0,0.0,0.0,0.0,0.0,0.0,0.0,0.0,0.0,0.0,0.0,0.0,0.0,0.0,0.0,0.0,0.0,0.0,0.0,0.0,0.0,0.0,0.0,0.0,0.0,0.0,0.0,1.0,2.0,1.0,2.0,0.0,0.0,3.0,6.0,3.0,16.0,21.0,17.0,18.0,6.0,0.0,0.0,0.0,0.0,0.0,0.0,0.0,0.0,0.0,0.0,0.0,0.0,0.0,0.0,0.0,0.0,0.0,0.0,0.0,0.0,1.0,3.0,1.0,3.0,0.0,0.0,3.0,7.0,3.0,22.0,28.0,25.0,19.0,12.0
747,1.0,747.0,London_32,FIFO,151,453,1092.0,70.0,2.0,114156.0,0.581652588211,705.0,51.0,1.0,50.0,100.0,9.0,91.0,143.0,161.0,100.0,23.0,126.0,8.0,30.0,1.0,4.0,13.0,75.0,165.0,200.0,56.0,0.0,0.0,0.0,0.0,0.0,0.0,0.0,0.0,0.0,0.0,0.0,0.0,0.0,0.0,0.0,0.0,0.0,0.0,0.0,0.0,0.0,0.0,0.0,0.0,0.0,0.0,0.0,0.0,0.0,0.0,0.0,0.0,0.0,1.0,0.0,1.0,0.0,0.0,0.0,0.0,1.0,0.0,0.0,1.0,0.0,0.0,1.0,4.0,2.0,7.0,11.0,13.0,8.0,4.0,0.0,0.0,0.0,0.0,0.0,0.0,0.0,0.0,0.0,0.0,0.0,0.0,0.0,4.0,0.0,2.0,0.0,0.0,0.0,0.0,1.0,0.0,0.0,4.0,0.0,0.0,2.0,7.0,3.0,9.0,19.0,20.0,11.0,7.0
748,1.0,748.0,London_32,FIFO,151,453,1092.0,70.0,2.0,129105.0,0.8161114919930696,738.0,145.0,2.0,143.0,258.0,18.0,240.0,100.0,170.0,104.0,18.0,111.0,7.0,37.0,1.0,5.0,15.0,70.0,160.0,208.0,61.0,0.0,0.0,0.0,0.0,0.0,0.0,0.0,0.0,0.0,0.0,0.0,0.0,0.0,0.0,0.0,0.0,0.0,0.0,0.0,0.0,0.0,0.0,0.0,0.0,0.0,0.0,0.0,0.0,0.0,0.0,0.0,0.0,0.0,0.0,0.0,2.0,0.0,0.0,0.0,0.0,0.0,6.0,0.0,0.0,1.0,0.0,6.0,14.0,4.0,15.0,32.0,31.0,19.0,12.0,0.0,0.0,0.0,0.0,0.0,0.0,0.0,0.0,0.0,0.0,0.0,0.0,0.0,0.0,0.0,7.0,0.0,0.0,0.0,0.0,0.0,9.0,0.0,0.0,1.0,0.0,8.0,23.0,4.0,18.0,50.0,41.0,25.0,21.0
749,1.0,749.0,London_32,FIFO,151,453,1092.0,70.0,2.0,98754.0,0.5635173348709941,671.0,9.0,0.0,9.0,17.0,0.0,17.0,258.0,181.0,108.0,32.0,92.0,5.0,33.0,0.0,2.0,8.0,62.0,157.0,226.0,54.0,0.0,0.0,0.0,0.0,0.0,0.0,0.0,0.0,0.0,0.0,0.0,0.0,0.0,0.0,0.0,0.0,0.0,0.0,0.0,0.0,0.0,0.0,0.0,0.0,0.0,0.0,0.0,0.0,0.0,0.0,0.0,0.0,0.0,0.0,0.0,0.0,0.0,0.0,0.0,0.0,0.0,0.0,0.0,0.0,1.0,0.0,0.0,0.0,0.0,0.0,0.0,5.0,2.0,1.0,0.0,0.0,0.0,0.0,0.0,0.0,0.0,0.0,0.0,0.0,0.0,0.0,0.0,0.0,0.0,0.0,0.0,0.0,0.0,0.0,0.0,0.0,0.0,0.0,1.0,0.0,0.0,0.0,0.0,0.0,0.0,7.0,3.0,2.0
750,1.0,750.0,London_32,FIFO,151,453,1092.0,70.0,2.0,142242.0,0.831133970990777,767.0,60.0,1.0,59.0,115.0,10.0,105.0,17.0,183.0,111.0,31.0,90.0,5.0,31.0,1.0,1.0,8.0,57.0,157.0,231.0,52.0,0.0,0.0,0.0,0.0,0.0,0.0,0.0,0.0,0.0,0.0,0.0,0.0,0.0,0.0,0.0,0.0,0.0,0.0,0.0,0.0,0.0,0.0,0.0,0.0,0.0,0.0,0.0,0.0,0.0,0.0,0.0,0.0,0.0,0.0,0.0,1.0,0.0,0.0,0.0,0.0,0.0,0.0,0.0,0.0,0.0,0.0,8.0,5.0,3.0,5.0,13.0,12.0,11.0,5.0,0.0,0.0,0.0,0.0,0.0,0.0,0.0,0.0,0.0,0.0,0.0,0.0,0.0,0.0,0.0,3.0,0.0,0.0,0.0,0.0,0.0,0.0,0.0,0.0,0.0,0.0,10.0,7.0,4.0,6.0,22.0,18.0,17.0,10.0
751,1.0,751.0,London_32,FIFO,151,453,1092.0,70.0,2.0,164439.0,0.8730369708500803,816.0,52.0,1.0,51.0,91.0,10.0,81.0,115.0,178.0,116.0,33.0,92.0,6.0,26.0,0.0,2.0,6.0,68.0,152.0,227.0,51.0,0.0,0.0,0.0,0.0,0.0,0.0,0.0,0.0,0.0,0.0,0.0,0.0,0.0,0.0,0.0,0.0,0.0,0.0,0.0,0.0,0.0,0.0,0.0,0.0,0.0,0.0,0.0,0.0,0.0,1.0,0.0,0.0,1.0,0.0,0.0,0.0,0.0,0.0,0.0,0.0,1.0,0.0,0.0,1.0,1.0,0.0,6.0,6.0,0.0,7.0,8.0,14.0,5.0,4.0,0.0,0.0,0.0,0.0,0.0,0.0,0.0,0.0,0.0,4.0,0.0,0.0,6.0,0.0,0.0,0.0,0.0,0.0,0.0,0.0,1.0,0.0,0.0,1.0,1.0,0.0,12.0,6.0,0.0,8.0,13.0,18.0,7.0,5.0
752,1.0,752.0,London_32,FIFO,151,453,1092.0,70.0,2.0,200226.0,0.9813997279852629,895.0,32.0,0.0,32.0,48.0,0.0,48.0,91.0,177.0,131.0,28.0,94.0,2.0,18.0,0.0,3.0,4.0,69.0,151.0,229.0,52.0,0.0,0.0,0.0,0.0,0.0,0.0,0.0,0.0,0.0,0.0,0.0,0.0,0.0,0.0,0.0,0.0,0.0,0.0,0.0,0.0,0.0,0.0,0.0,0.0,0.0,0.0,0.0,0.0,0.0,0.0,0.0,0.0,0.0,0.0,0.0,0.0,0.0,0.0,0.0,0.0,0.0,0.0,0.0,1.0,0.0,0.0,4.0,1.0,2.0,4.0,7.0,11.0,6.0,5.0,0.0,0.0,0.0,0.0,0.0,0.0,0.0,0.0,0.0,0.0,0.0,0.0,0.0,0.0,0.0,0.0,0.0,0.0,0.0,0.0,0.0,0.0,0.0,1.0,0.0,0.0,5.0,2.0,2.0,5.0,10.0,13.0,9.0,5.0
753,1.0,753.0,London_32,FIFO,151,453,1092.0,70.0,2.0,234654.0,1.124828718136996,971.0,106.0,0.0,106.0,179.0,0.0,179.0,48.0,186.0,116.0,28.0,93.0,4.0,20.0,1.0,5.0,5.0,69.0,156.0,223.0,49.0,0.0,0.0,0.0,0.0,0.0,0.0,0.0,0.0,0.0,0.0,0.0,0.0,0.0,0.0,0.0,0.0,0.0,0.0,0.0,0.0,0.0,0.0,0.0,0.0,0.0,0.0,0.0,0.0,0.0,0.0,0.0,0.0,0.0,0.0,0.0,0.0,0.0,0.0,0.0,0.0,2.0,4.0,0.0,2.0,1.0,0.0,10.0,2.0,7.0,12.0,22.0,20.0,22.0,15.0,0.0,0.0,0.0,0.0,0.0,0.0,0.0,0.0,0.0,0.0,0.0,0.0,0.0,0.0,0.0,0.0,0.0,0.0,0.0,0.0,2.0,5.0,0.0,2.0,1.0,0.0,13.0,4.0,10.0,14.0,29.0,29.0,26.0,21.0
754,1.0,754.0,London_32,FIFO,151,453,1092.0,70.0,2.0,235560.0,1.3257302418351173,973.0,128.0,2.0,126.0,227.0,19.0,208.0,179.0,197.0,114.0,31.0,68.0,6.0,32.0,1.0,4.0,13.0,61.0,148.0,231.0,39.0,0.0,0.0,0.0,0.0,0.0,0.0,0.0,0.0,0.0,0.0,0.0,0.0,0.0,0.0,0.0,0.0,0.0,0.0,0.0,0.0,0.0,0.0,0.0,0.0,0.0,0.0,0.0,0.0,0.0,1.0,0.0,0.0,0.0,1.0,0.0,2.0,0.0,0.0,0.0,0.0,2.0,4.0,0.0,6.0,9.0,0.0,17.0,9.0,13.0,20.0,22.0,35.0,27.0,5.0,0.0,0.0,0.0,0.0,0.0,0.0,0.0,0.0,0.0,2.0,0.0,0.0,0.0,6.0,0.0,6.0,0.0,0.0,0.0,0.0,2.0,4.0,0.0,8.0,10.0,0.0,24.0,10.0,15.0,23.0,31.0,51.0,34.0,6.0
755,1.0,755.0,London_32,FIFO,151,453,1092.0,70.0,2.0,222876.0,1.1630665273405612,945.0,218.0,2.0,216.0,378.0,17.0,361.0,227.0,196.0,123.0,21.0,69.0,4.0,32.0,1.0,7.0,5.0,71.0,167.0,210.0,28.0,0.0,0.0,0.0,0.0,0.0,0.0,0.0,0.0,0.0,0.0,0.0,0.0,0.0,0.0,0.0,0.0,0.0,0.0,0.0,0.0,0.0,0.0,0.0,0.0,0.0,0.0,0.0,0.0,0.0,0.0,0.0,0.0,2.0,0.0,0.0,2.0,0.0,0.0,0.0,0.0,1.0,9.0,2.0,3.0,2.0,1.0,14.0,6.0,2.0,19.0,42.0,49.0,35.0,9.0,0.0,0.0,0.0,0.0,0.0,0.0,0.0,0.0,0.0,0.0,0.0,0.0,6.0,0.0,0.0,4.0,0.0,0.0,0.0,0.0,2.0,9.0,3.0,5.0,2.0,2.0,19.0,9.0,2.0,26.0,60.0,66.0,40.0,10.0
756,1.0,756.0,London_32,FIFO,151,453,1092.0,70.0,2.0,159003.0,0.5909678591415286,804.0,120.0,0.0,120.0,211.0,0.0,211.0,378.0,123.0,143.0,26.0,106.0,11.0,34.0,0.0,10.0,2.0,78.0,145.0,228.0,57.0,0.0,0.0,0.0,0.0,0.0,0.0,0.0,0.0,0.0,0.0,0.0,0.0,0.0,0.0,0.0,0.0,0.0,0.0,0.0,0.0,0.0,0.0,0.0,0.0,0.0,0.0,0.0,0.0,0.0,0.0,0.0,0.0,0.0,0.0,0.0,0.0,0.0,0.0,0.0,0.0,3.0,6.0,0.0,0.0,1.0,1.0,18.0,9.0,9.0,10.0,20.0,22.0,18.0,8.0,0.0,0.0,0.0,0.0,0.0,0.0,0.0,0.0,0.0,0.0,0.0,0.0,0.0,0.0,0.0,0.0,0.0,0.0,0.0,0.0,4.0,6.0,0.0,0.0,1.0,1.0,24.0,12.0,10.0,14.0,40.0,37.0,23.0,14.0
757,1.0,757.0,London_32,FIFO,151,453,1092.0,70.0,2.0,136806.0,0.7610919498838484,755.0,106.0,2.0,104.0,215.0,18.0,197.0,211.0,140.0,133.0,24.0,95.0,16.0,41.0,1.0,3.0,7.0,86.0,141.0,219.0,61.0,0.0,0.0,0.0,0.0,0.0,0.0,0.0,0.0,0.0,0.0,0.0,0.0,0.0,0.0,0.0,0.0,0.0,0.0,0.0,0.0,0.0,0.0,0.0,0.0,0.0,0.0,0.0,0.0,0.0,0.0,0.0,0.0,1.0,1.0,0.0,1.0,0.0,0.0,0.0,0.0,5.0,0.0,0.0,2.0,0.0,1.0,14.0,10.0,8.0,12.0,18.0,20.0,29.0,8.0,0.0,0.0,0.0,0.0,0.0,0.0,0.0,0.0,0.0,0.0,0.0,0.0,3.0,7.0,0.0,1.0,0.0,0.0,0.0,0.0,7.0,0.0,0.0,3.0,0.0,2.0,19.0,18.0,9.0,19.0,31.0,33.0,40.0,14.0
758,1.0,758.0,London_32,FIFO,151,453,1092.0,70.0,2.0,128199.0,0.6563880639150739,736.0,87.0,0.0,87.0,152.0,0.0,152.0,215.0,151.0,144.0,25.0,71.0,14.0,44.0,2.0,2.0,9.0,88.0,138.0,218.0,64.0,0.0,0.0,0.0,0.0,0.0,0.0,0.0,0.0,0.0,0.0,0.0,0.0,0.0,0.0,0.0,0.0,0.0,0.0,0.0,0.0,0.0,0.0,0.0,0.0,0.0,0.0,0.0,0.0,0.0,0.0,0.0,0.0,0.0,0.0,0.0,0.0,0.0,0.0,0.0,0.0,4.0,2.0,0.0,2.0,0.0,0.0,13.0,4.0,3.0,10.0,17.0,20.0,17.0,6.0,0.0,0.0,0.0,0.0,0.0,0.0,0.0,0.0,0.0,0.0,0.0,0.0,0.0,0.0,0.0,0.0,0.0,0.0,0.0,0.0,5.0,2.0,0.0,2.0,0.0,0.0,16.0,6.0,3.0,16.0,25.0,35.0,24.0,9.0
759,1.0,759.0,London_32,FIFO,151,453,1092.0,70.0,2.0,125028.0,0.5713328989222646,729.0,60.0,2.0,58.0,128.0,17.0,111.0,152.0,161.0,138.0,27.0,61.0,10.0,53.0,0.0,3.0,10.0,84.0,133.0,226.0,65.0,0.0,0.0,0.0,0.0,0.0,0.0,0.0,0.0,0.0,0.0,0.0,0.0,0.0,0.0,0.0,0.0,0.0,0.0,0.0,0.0,0.0,0.0,0.0,0.0,0.0,0.0,0.0,0.0,0.0,0.0,0.0,0.0,1.0,0.0,0.0,0.0,1.0,0.0,0.0,0.0,0.0,5.0,2.0,1.0,0.0,0.0,9.0,4.0,1.0,12.0,12.0,7.0,11.0,6.0,0.0,0.0,0.0,0.0,0.0,0.0,0.0,0.0,0.0,0.0,0.0,0.0,3.0,0.0,0.0,0.0,7.0,0.0,0.0,0.0,0.0,6.0,2.0,2.0,0.0,0.0,12.0,4.0,1.0,19.0,17.0,14.0,15.0,11.0
760,1.0,760.0,London_32,FIFO,151,453,1092.0,70.0,2.0,130011.0,0.622415317222476,740.0,62.0,0.0,62.0,108.0,0.0,108.0,128.0,173.0,143.0,28.0,44.0,13.0,50.0,0.0,2.0,8.0,89.0,133.0,223.0,63.0,0.0,0.0,0.0,0.0,0.0,0.0,0.0,0.0,0.0,0.0,0.0,0.0,0.0,0.0,0.0,0.0,0.0,0.0,0.0,0.0,0.0,0.0,0.0,0.0,0.0,0.0,0.0,0.0,0.0,0.0,0.0,0.0,0.0,0.0,0.0,0.0,0.0,0.0,0.0,0.0,1.0,11.0,0.0,1.0,0.0,0.0,8.0,8.0,2.0,6.0,11.0,14.0,13.0,5.0,0.0,0.0,0.0,0.0,0.0,0.0,0.0,0.0,0.0,0.0,0.0,0.0,0.0,0.0,0.0,0.0,0.0,0.0,0.0,0.0,1.0,17.0,0.0,2.0,0.0,0.0,14.0,11.0,3.0,7.0,18.0,18.0,19.0,7.0
761,1.0,761.0,London_32,FIFO,151,453,1092.0,70.0,2.0,132729.0,0.7153062978759408,746.0,19.0,1.0,18.0,37.0,8.0,29.0,108.0,181.0,142.0,23.0,41.0,10.0,52.0,1.0,3.0,6.0,84.0,148.0,215.0,65.0,0.0,0.0,0.0,0.0,0.0,0.0,0.0,0.0,0.0,0.0,0.0,0.0,0.0,0.0,0.0,0.0,0.0,0.0,0.0,0.0,0.0,0.0,0.0,0.0,0.0,0.0,0.0,0.0,0.0,0.0,0.0,0.0,1.0,0.0,0.0,1.0,0.0,0.0,0.0,0.0,1.0,1.0,0.0,0.0,0.0,0.0,3.0,1.0,2.0,0.0,2.0,7.0,8.0,0.0,0.0,0.0,0.0,0.0,0.0,0.0,0.0,0.0,0.0,0.0,0.0,0.0,7.0,0.0,0.0,2.0,0.0,0.0,0.0,0.0,1.0,3.0,0.0,0.0,0.0,0.0,4.0,1.0,3.0,0.0,4.0,8.0,9.0,0.0
762,1.0,762.0,London_32,FIFO,151,453,1092.0,70.0,2.0,168516.0,1.161887178197503,825.0,110.0,2.0,108.0,209.0,18.0,191.0,37.0,192.0,140.0,22.0,44.0,8.0,41.0,1.0,5.0,7.0,85.0,148.0,213.0,60.0,0.0,0.0,0.0,0.0,0.0,0.0,0.0,0.0,0.0,0.0,0.0,0.0,0.0,0.0,0.0,0.0,0.0,0.0,0.0,0.0,0.0,0.0,0.0,0.0,0.0,0.0,0.0,0.0,0.0,0.0,1.0,0.0,1.0,0.0,1.0,2.0,0.0,0.0,0.0,0.0,4.0,2.0,2.0,0.0,8.0,0.0,9.0,7.0,3.0,9.0,22.0,31.0,30.0,9.0,0.0,0.0,0.0,0.0,0.0,0.0,0.0,0.0,0.0,0.0,2.0,0.0,1.0,0.0,7.0,10.0,0.0,0.0,0.0,0.0,6.0,4.0,3.0,0.0,9.0,0.0,10.0,8.0,5.0,11.0,30.0,47.0,41.0,14.0
763,1.0,763.0,London_32,FIFO,151,453,1092.0,70.0,2.0,159003.0,0.9573247111402452,804.0,84.0,1.0,83.0,162.0,11.0,151.0,209.0,207.0,127.0,18.0,54.0,7.0,34.0,1.0,5.0,5.0,71.0,145.0,232.0,55.0,0.0,0.0,0.0,0.0,0.0,0.0,0.0,0.0,0.0,0.0,0.0,0.0,0.0,0.0,0.0,0.0,0.0,0.0,0.0,0.0,0.0,0.0,0.0,0.0,0.0,0.0,0.0,0.0,0.0,1.0,0.0,0.0,1.0,0.0,0.0,1.0,0.0,0.0,0.0,0.0,2.0,0.0,3.0,0.0,1.0,0.0,6.0,8.0,6.0,7.0,16.0,21.0,13.0,9.0,0.0,0.0,0.0,0.0,0.0,0.0,0.0,0.0,0.0,6.0,0.0,0.0,8.0,0.0,0.0,4.0,0.0,0.0,0.0,0.0,4.0,0.0,3.0,0.0,1.0,0.0,9.0,10.0,8.0,10.0,23.0,31.0,17.0,16.0
764,1.0,764.0,London_32,FIFO,151,453,1092.0,70.0,2.0,168063.0,0.9537437162362039,824.0,86.0,0.0,86.0,158.0,0.0,158.0,162.0,219.0,126.0,21.0,38.0,9.0,35.0,2.0,3.0,5.0,69.0,161.0,218.0,34.0,0.0,0.0,0.0,0.0,0.0,0.0,0.0,0.0,0.0,0.0,0.0,0.0,0.0,0.0,0.0,0.0,0.0,0.0,0.0,0.0,0.0,0.0,0.0,0.0,0.0,0.0,0.0,0.0,0.0,0.0,0.0,0.0,0.0,0.0,0.0,0.0,0.0,0.0,0.0,0.0,3.0,2.0,0.0,4.0,2.0,0.0,7.0,3.0,0.0,11.0,22.0,19.0,30.0,8.0,0.0,0.0,0.0,0.0,0.0,0.0,0.0,0.0,0.0,0.0,0.0,0.0,0.0,0.0,0.0,0.0,0.0,0.0,0.0,0.0,4.0,3.0,0.0,6.0,2.0,0.0,8.0,4.0,0.0,15.0,34.0,31.0,41.0,10.0
765,1.0,765.0,London_32,FIFO,151,453,1092.0,70.0,2.0,168063.0,0.9965878501534462,824.0,92.0,2.0,90.0,174.0,18.0,156.0,158.0,222.0,123.0,11.0,45.0,14.0,38.0,0.0,0.0,8.0,75.0,161.0,209.0,38.0,0.0,0.0,0.0,0.0,0.0,0.0,0.0,0.0,0.0,0.0,0.0,0.0,0.0,0.0,0.0,0.0,0.0,0.0,0.0,0.0,0.0,0.0,0.0,0.0,0.0,0.0,0.0,0.0,0.0,0.0,0.0,0.0,0.0,0.0,0.0,1.0,0.0,0.0,0.0,0.0,2.0,3.0,1.0,4.0,0.0,1.0,7.0,2.0,4.0,6.0,22.0,13.0,27.0,4.0,0.0,0.0,0.0,0.0,0.0,0.0,0.0,0.0,0.0,0.0,0.0,0.0,0.0,0.0,0.0,6.0,0.0,0.0,0.0,0.0,2.0,4.0,1.0,5.0,0.0,2.0,8.0,5.0,4.0,9.0,39.0,20.0,36.0,7.0
766,1.0,766.0,London_32,FIFO,151,453,1092.0,70.0,2.0,158550.0,1.0248522087931633,803.0,110.0,1.0,109.0,193.0,10.0,183.0,174.0,228.0,122.0,17.0,47.0,9.0,27.0,1.0,2.0,4.0,67.0,166.0,216.0,47.0,0.0,0.0,0.0,0.0,0.0,0.0,0.0,0.0,0.0,0.0,0.0,0.0,0.0,0.0,0.0,0.0,0.0,0.0,0.0,0.0,0.0,0.0,0.0,0.0,0.0,0.0,0.0,0.0,0.0,1.0,0.0,0.0,0.0,0.0,0.0,1.0,0.0,0.0,0.0,0.0,3.0,7.0,0.0,0.0,6.0,0.0,3.0,12.0,1.0,16.0,20.0,28.0,21.0,7.0,0.0,0.0,0.0,0.0,0.0,0.0,0.0,0.0,0.0,3.0,0.0,0.0,0.0,0.0,0.0,2.0,0.0,0.0,0.0,0.0,5.0,9.0,0.0,0.0,6.0,0.0,5.0,18.0,1.0,21.0,34.0,39.0,28.0,13.0
767,1.0,767.0,London_32,FIFO,151,453,1092.0,70.0,2.0,150396.0,0.942402449902147,785.0,80.0,2.0,78.0,160.0,16.0,144.0,193.0,238.0,111.0,16.0,55.0,10.0,18.0,2.0,3.0,2.0,67.0,160.0,224.0,51.0,0.0,0.0,0.0,0.0,0.0,0.0,0.0,0.0,0.0,0.0,0.0,0.0,0.0,0.0,0.0,0.0,0.0,0.0,0.0,0.0,0.0,0.0,0.0,0.0,0.0,0.0,0.0,0.0,0.0,1.0,0.0,0.0,1.0,0.0,0.0,2.0,0.0,0.0,0.0,0.0,4.0,7.0,0.0,0.0,1.0,0.0,6.0,5.0,2.0,9.0,13.0,17.0,21.0,7.0,0.0,0.0,0.0,0.0,0.0,0.0,0.0,0.0,0.0,5.0,0.0,0.0,5.0,0.0,0.0,4.0,0.0,0.0,0.0,0.0,5.0,12.0,0.0,0.0,1.0,0.0,6.0,6.0,4.0,10.0,22.0,26.0,24.0,9.0
768,1.0,768.0,London_32,FIFO,151,453,1092.0,70.0,2.0,154020.0,1.0585966082289815,793.0,93.0,0.0,93.0,170.0,0.0,170.0,160.0,253.0,109.0,9.0,57.0,11.0,11.0,2.0,1.0,2.0,82.0,153.0,216.0,42.0,0.0,0.0,0.0,0.0,0.0,0.0,0.0,0.0,0.0,0.0,0.0,0.0,0.0,0.0,0.0,0.0,0.0,0.0,0.0,0.0,0.0,0.0,0.0,0.0,0.0,0.0,0.0,0.0,0.0,0.0,0.0,0.0,0.0,0.0,0.0,0.0,0.0,0.0,0.0,0.0,2.0,8.0,0.0,0.0,11.0,0.0,12.0,8.0,0.0,13.0,24.0,23.0,19.0,12.0,0.0,0.0,0.0,0.0,0.0,0.0,0.0,0.0,0.0,0.0,0.0,0.0,0.0,0.0,0.0,0.0,0.0,0.0,0.0,0.0,2.0,16.0,0.0,0.0,12.0,0.0,17.0,10.0,0.0,18.0,38.0,39.0,27.0,19.0
769,1.0,769.0,London_32,FIFO,151,453,1092.0,70.0,2.0,143601.0,0.8972760867327452,770.0,23.0,0.0,23.0,37.0,0.0,37.0,170.0,267.0,92.0,12.0,65.0,2.0,13.0,0.0,2.0,2.0,75.0,164.0,212.0,39.0,0.0,0.0,0.0,0.0,0.0,0.0,0.0,0.0,0.0,0.0,0.0,0.0,0.0,0.0,0.0,0.0,0.0,0.0,0.0,0.0,0.0,0.0,0.0,0.0,0.0,0.0,0.0,0.0,0.0,0.0,0.0,0.0,0.0,0.0,0.0,0.0,0.0,0.0,0.0,0.0,1.0,0.0,0.0,2.0,0.0,0.0,0.0,1.0,0.0,2.0,4.0,5.0,7.0,4.0,0.0,0.0,0.0,0.0,0.0,0.0,0.0,0.0,0.0,0.0,0.0,0.0,0.0,0.0,0.0,0.0,0.0,0.0,0.0,0.0,1.0,0.0,0.0,4.0,0.0,0.0,0.0,1.0,0.0,5.0,7.0,6.0,9.0,5.0
770,1.0,770.0,London_32,FIFO,151,453,1092.0,70.0,2.0,161721.0,1.2061515720561147,810.0,161.0,2.0,159.0,283.0,18.0,265.0,37.0,278.0,80.0,13.0,69.0,1.0,10.0,0.0,2.0,2.0,74.0,163.0,214.0,42.0,0.0,0.0,0.0,0.0,0.0,0.0,0.0,0.0,0.0,0.0,0.0,0.0,0.0,0.0,0.0,0.0,0.0,0.0,0.0,0.0,0.0,0.0,0.0,0.0,0.0,0.0,0.0,0.0,0.0,0.0,0.0,0.0,0.0,0.0,2.0,0.0,0.0,0.0,0.0,0.0,0.0,14.0,1.0,4.0,1.0,0.0,16.0,3.0,3.0,7.0,31.0,34.0,28.0,13.0,0.0,0.0,0.0,0.0,0.0,0.0,0.0,0.0,0.0,0.0,0.0,0.0,0.0,0.0,11.0,0.0,0.0,0.0,0.0,0.0,0.0,23.0,1.0,4.0,1.0,0.0,16.0,3.0,3.0,10.0,51.0,45.0,40.0,19.0
771,1.0,771.0,London_32,FIFO,151,453,1092.0,70.0,2.0,118686.0,0.8125202739611268,715.0,16.0,0.0,16.0,25.0,0.0,25.0,283.0,211.0,118.0,16.0,72.0,5.0,24.0,3.0,4.0,2.0,68.0,154.0,229.0,46.0,0.0,0.0,0.0,0.0,0.0,0.0,0.0,0.0,0.0,0.0,0.0,0.0,0.0,0.0,0.0,0.0,0.0,0.0,0.0,0.0,0.0,0.0,0.0,0.0,0.0,0.0,0.0,0.0,0.0,0.0,0.0,0.0,0.0,0.0,0.0,0.0,0.0,0.0,0.0,0.0,0.0,0.0,0.0,0.0,0.0,0.0,2.0,3.0,0.0,0.0,1.0,3.0,1.0,1.0,0.0,0.0,0.0,0.0,0.0,0.0,0.0,0.0,0.0,0.0,0.0,0.0,0.0,0.0,0.0,0.0,0.0,0.0,0.0,0.0,0.0,0.0,0.0,0.0,0.0,0.0,4.0,4.0,0.0,0.0,1.0,4.0,2.0,1.0
772,1.0,772.0,London_32,FIFO,151,453,1092.0,70.0,2.0,155379.0,0.9820072259753942,796.0,58.0,0.0,58.0,100.0,0.0,100.0,25.0,210.0,116.0,17.0,77.0,5.0,20.0,3.0,5.0,3.0,69.0,161.0,220.0,46.0,0.0,0.0,0.0,0.0,0.0,0.0,0.0,0.0,0.0,0.0,0.0,0.0,0.0,0.0,0.0,0.0,0.0,0.0,0.0,0.0,0.0,0.0,0.0,0.0,0.0,0.0,0.0,0.0,0.0,0.0,0.0,0.0,0.0,0.0,0.0,0.0,0.0,0.0,0.0,0.0,0.0,0.0,0.0,0.0,0.0,0.0,2.0,7.0,4.0,8.0,11.0,14.0,13.0,7.0,0.0,0.0,0.0,0.0,0.0,0.0,0.0,0.0,0.0,0.0,0.0,0.0,0.0,0.0,0.0,0.0,0.0,0.0,0.0,0.0,0.0,0.0,0.0,0.0,0.0,0.0,3.0,10.0,5.0,10.0,16.0,23.0,20.0,11.0
773,1.0,773.0,London_32,FIFO,151,453,1092.0,70.0,2.0,179841.0,1.141559675335884,850.0,135.0,0.0,135.0,237.0,0.0,237.0,100.0,219.0,110.0,19.0,72.0,6.0,20.0,0.0,7.0,3.0,71.0,154.0,225.0,51.0,0.0,0.0,0.0,0.0,0.0,0.0,0.0,0.0,0.0,0.0,0.0,0.0,0.0,0.0,0.0,0.0,0.0,0.0,0.0,0.0,0.0,0.0,0.0,0.0,0.0,0.0,0.0,0.0,0.0,0.0,0.0,0.0,0.0,0.0,0.0,0.0,0.0,0.0,0.0,0.0,2.0,8.0,0.0,2.0,2.0,0.0,10.0,13.0,3.0,6.0,19.0,32.0,6.0,12.0,0.0,0.0,0.0,0.0,0.0,0.0,0.0,0.0,0.0,0.0,0.0,0.0,0.0,0.0,0.0,0.0,0.0,0.0,0.0,0.0,2.0,13.0,0.0,2.0,2.0,0.0,13.0,18.0,5.0,8.0,30.0,47.0,9.0,20.0
774,1.0,774.0,London_32,FIFO,151,453,1092.0,70.0,2.0,158550.0,0.9699569293297827,803.0,28.0,1.0,27.0,56.0,9.0,47.0,237.0,236.0,110.0,13.0,64.0,8.0,16.0,0.0,6.0,5.0,76.0,155.0,217.0,38.0,0.0,0.0,0.0,0.0,0.0,0.0,0.0,0.0,0.0,0.0,0.0,0.0,0.0,0.0,0.0,0.0,0.0,0.0,0.0,0.0,0.0,0.0,0.0,0.0,0.0,0.0,0.0,0.0,0.0,0.0,0.0,0.0,0.0,0.0,1.0,0.0,0.0,0.0,0.0,0.0,1.0,0.0,0.0,0.0,0.0,0.0,4.0,5.0,1.0,0.0,6.0,5.0,6.0,3.0,0.0,0.0,0.0,0.0,0.0,0.0,0.0,0.0,0.0,0.0,0.0,0.0,0.0,0.0,9.0,0.0,0.0,0.0,0.0,0.0,1.0,0.0,0.0,0.0,0.0,0.0,5.0,8.0,1.0,0.0,9.0,9.0,7.0,5.0
775,1.0,775.0,London_32,FIFO,151,453,1092.0,70.0,2.0,190713.0,1.3143245377577841,874.0,74.0,2.0,72.0,137.0,18.0,119.0,56.0,238.0,116.0,11.0,56.0,8.0,18.0,0.0,6.0,1.0,86.0,146.0,220.0,40.0,0.0,0.0,0.0,0.0,0.0,0.0,0.0,0.0,0.0,1.0,0.0,0.0,0.0,1.0,0.0,0.0,0.0,0.0,1.0,0.0,0.0,0.0,0.0,0.0,0.0,0.0,0.0,0.0,0.0,1.0,0.0,0.0,1.0,0.0,1.0,1.0,0.0,0.0,0.0,0.0,2.0,8.0,1.0,0.0,0.0,0.0,13.0,6.0,7.0,2.0,11.0,18.0,14.0,5.0,0.0,0.0,0.0,0.0,0.0,0.0,0.0,0.0,0.0,5.0,0.0,0.0,4.0,0.0,8.0,1.0,0.0,0.0,0.0,0.0,2.0,12.0,1.0,0.0,0.0,0.0,18.0,8.0,8.0,3.0,18.0,22.0,20.0,10.0
776,1.0,776.0,London_32,FIFO,151,453,1092.0,70.0,2.0,198867.0,1.0883433287963271,892.0,126.0,2.0,124.0,221.0,15.0,206.0,133.0,236.0,124.0,10.0,45.0,13.0,14.0,0.0,11.0,1.0,90.0,153.0,209.0,29.0,0.0,0.0,0.0,0.0,0.0,0.0,0.0,0.0,0.0,0.0,0.0,0.0,0.0,0.0,0.0,0.0,0.0,0.0,0.0,0.0,0.0,0.0,0.0,0.0,0.0,0.0,0.0,0.0,0.0,0.0,0.0,0.0,0.0,1.0,1.0,1.0,0.0,0.0,0.0,0.0,1.0,2.0,0.0,0.0,1.0,0.0,11.0,7.0,5.0,14.0,25.0,24.0,35.0,8.0,0.0,0.0,0.0,0.0,0.0,0.0,0.0,0.0,0.0,0.0,0.0,0.0,0.0,6.0,7.0,1.0,0.0,0.0,0.0,0.0,1.0,3.0,0.0,0.0,1.0,0.0,16.0,9.0,7.0,18.0,36.0,34.0,44.0,11.0
777,1.0,777.0,London_32,FIFO,151,453,1092.0,70.0,2.0,173952.0,1.09463543118909,837.0,130.0,0.0,130.0,211.0,0.0,211.0,221.0,247.0,99.0,20.0,60.0,7.0,17.0,0.0,3.0,8.0,85.0,159.0,201.0,27.0,0.0,0.0,0.0,0.0,0.0,0.0,0.0,0.0,0.0,0.0,0.0,0.0,0.0,0.0,0.0,0.0,0.0,0.0,0.0,0.0,0.0,0.0,0.0,0.0,0.0,0.0,0.0,0.0,0.0,0.0,0.0,0.0,0.0,0.0,0.0,0.0,0.0,0.0,0.0,0.0,2.0,1.0,7.0,1.0,0.0,0.0,10.0,10.0,3.0,7.0,21.0,36.0,16.0,8.0,0.0,0.0,0.0,0.0,0.0,0.0,0.0,0.0,0.0,0.0,0.0,0.0,0.0,0.0,0.0,0.0,0.0,0.0,0.0,0.0,2.0,1.0,7.0,1.0,0.0,0.0,11.0,12.0,3.0,11.0,29.0,49.0,17.0,10.0
778,1.0,778.0,London_32,FIFO,151,453,1092.0,70.0,2.0,149490.0,0.8914699777960777,783.0,84.0,1.0,83.0,159.0,10.0,149.0,211.0,258.0,88.0,15.0,69.0,3.0,14.0,1.0,5.0,6.0,93.0,148.0,206.0,27.0,0.0,0.0,0.0,0.0,0.0,0.0,0.0,0.0,0.0,0.0,0.0,0.0,0.0,0.0,0.0,0.0,0.0,0.0,0.0,0.0,0.0,0.0,0.0,0.0,0.0,0.0,0.0,0.0,0.0,1.0,0.0,0.0,1.0,0.0,0.0,1.0,0.0,0.0,0.0,0.0,0.0,9.0,4.0,0.0,1.0,0.0,14.0,3.0,11.0,8.0,16.0,20.0,32.0,6.0,0.0,0.0,0.0,0.0,0.0,0.0,0.0,0.0,0.0,1.0,0.0,0.0,3.0,0.0,0.0,1.0,0.0,0.0,0.0,0.0,0.0,14.0,6.0,0.0,1.0,0.0,17.0,5.0,15.0,16.0,24.0,29.0,39.0,9.0
779,1.0,779.0,London_32,FIFO,151,453,1092.0,70.0,2.0,146319.0,0.9784417259506881,776.0,136.0,0.0,136.0,227.0,0.0,227.0,159.0,261.0,88.0,15.0,62.0,4.0,17.0,1.0,5.0,2.0,94.0,148.0,209.0,24.0,0.0,0.0,0.0,0.0,0.0,0.0,0.0,0.0,0.0,0.0,0.0,0.0,0.0,0.0,0.0,0.0,0.0,0.0,0.0,0.0,0.0,0.0,0.0,0.0,0.0,0.0,0.0,0.0,0.0,0.0,0.0,0.0,0.0,0.0,0.0,0.0,0.0,0.0,0.0,0.0,0.0,13.0,14.0,0.0,0.0,0.0,17.0,5.0,13.0,7.0,33.0,32.0,35.0,6.0,0.0,0.0,0.0,0.0,0.0,0.0,0.0,0.0,0.0,0.0,0.0,0.0,0.0,0.0,0.0,0.0,0.0,0.0,0.0,0.0,0.0,18.0,18.0,0.0,0.0,0.0,25.0,6.0,15.0,13.0,46.0,38.0,43.0,8.0
780,1.0,780.0,London_32,FIFO,151,453,1092.0,70.0,2.0,115968.0,0.922544916626066,709.0,52.0,3.0,49.0,106.0,25.0,81.0,227.0,248.0,84.0,15.0,75.0,11.0,17.0,1.0,2.0,4.0,100.0,158.0,191.0,25.0,0.0,0.0,0.0,0.0,0.0,0.0,0.0,0.0,0.0,0.0,0.0,0.0,0.0,0.0,0.0,0.0,0.0,0.0,0.0,0.0,0.0,0.0,0.0,0.0,0.0,0.0,0.0,0.0,0.0,1.0,0.0,0.0,1.0,0.0,1.0,1.0,0.0,0.0,0.0,0.0,4.0,2.0,0.0,0.0,0.0,0.0,8.0,3.0,6.0,4.0,12.0,10.0,11.0,4.0,0.0,0.0,0.0,0.0,0.0,0.0,0.0,0.0,0.0,2.0,0.0,0.0,1.0,0.0,6.0,5.0,0.0,0.0,0.0,0.0,6.0,2.0,0.0,0.0,0.0,0.0,12.0,4.0,8.0,4.0,20.0,13.0,15.0,5.0
781,1.0,781.0,London_32,FIFO,151,453,1092.0,70.0,2.0,136353.0,0.9069652450270951,754.0,108.0,1.0,107.0,189.0,9.0,180.0,106.0,246.0,90.0,8.0,87.0,9.0,12.0,0.0,1.0,6.0,94.0,140.0,213.0,35.0,0.0,0.0,0.0,0.0,0.0,0.0,0.0,0.0,0.0,0.0,0.0,0.0,0.0,0.0,0.0,0.0,0.0,0.0,0.0,0.0,0.0,0.0,0.0,0.0,0.0,0.0,0.0,0.0,0.0,1.0,0.0,0.0,0.0,0.0,0.0,0.0,1.0,0.0,0.0,0.0,2.0,0.0,2.0,1.0,1.0,0.0,19.0,13.0,11.0,5.0,17.0,28.0,28.0,13.0,0.0,0.0,0.0,0.0,0.0,0.0,0.0,0.0,0.0,6.0,0.0,0.0,0.0,0.0,0.0,0.0,6.0,0.0,0.0,0.0,4.0,0.0,2.0,4.0,1.0,0.0,25.0,18.0,17.0,6.0,24.0,42.0,33.0,20.0
782,1.0,782.0,London_32,FIFO,151,453,1092.0,70.0,2.0,117327.0,1.0407630763947964,712.0,8.0,0.0,8.0,15.0,0.0,15.0,189.0,257.0,101.0,14.0,52.0,5.0,21.0,0.0,3.0,6.0,94.0,154.0,199.0,38.0,0.0,0.0,0.0,0.0,0.0,0.0,0.0,0.0,0.0,0.0,0.0,0.0,0.0,0.0,0.0,0.0,0.0,0.0,0.0,0.0,0.0,0.0,0.0,0.0,0.0,0.0,0.0,0.0,0.0,0.0,0.0,0.0,0.0,0.0,0.0,0.0,0.0,0.0,0.0,0.0,1.0,0.0,0.0,1.0,0.0,0.0,1.0,1.0,3.0,2.0,1.0,1.0,3.0,0.0,0.0,0.0,0.0,0.0,0.0,0.0,0.0,0.0,0.0,0.0,0.0,0.0,0.0,0.0,0.0,0.0,0.0,0.0,0.0,0.0,1.0,0.0,0.0,1.0,0.0,0.0,1.0,1.0,3.0,4.0,3.0,1.0,3.0,0.0
783,1.0,783.0,London_32,FIFO,151,453,1092.0,70.0,2.0,150396.0,0.9946700152941048,785.0,80.0,2.0,78.0,153.0,17.0,136.0,15.0,260.0,99.0,14.0,54.0,6.0,16.0,0.0,4.0,7.0,94.0,149.0,203.0,39.0,0.0,0.0,0.0,0.0,0.0,0.0,0.0,0.0,0.0,0.0,0.0,0.0,0.0,0.0,0.0,0.0,0.0,0.0,0.0,0.0,0.0,0.0,0.0,0.0,0.0,0.0,0.0,0.0,0.0,0.0,0.0,0.0,1.0,0.0,2.0,1.0,0.0,0.0,0.0,0.0,2.0,3.0,1.0,1.0,3.0,0.0,9.0,8.0,6.0,13.0,12.0,23.0,20.0,8.0,0.0,0.0,0.0,0.0,0.0,0.0,0.0,0.0,0.0,0.0,0.0,0.0,2.0,0.0,10.0,6.0,0.0,0.0,0.0,0.0,2.0,3.0,1.0,1.0,3.0,0.0,11.0,10.0,6.0,18.0,22.0,35.0,30.0,12.0
784,1.0,784.0,London_32,FIFO,151,453,1092.0,70.0,2.0,147225.0,0.9268748960457742,778.0,61.0,0.0,61.0,110.0,0.0,110.0,153.0,271.0,92.0,17.0,51.0,4.0,12.0,3.0,3.0,6.0,103.0,148.0,196.0,33.0,0.0,0.0,0.0,0.0,0.0,0.0,0.0,0.0,0.0,0.0,0.0,0.0,0.0,0.0,0.0,0.0,0.0,0.0,0.0,0.0,0.0,0.0,0.0,0.0,0.0,0.0,0.0,0.0,0.0,0.0,0.0,0.0,0.0,0.0,0.0,0.0,0.0,0.0,0.0,0.0,3.0,1.0,0.0,0.0,0.0,1.0,8.0,10.0,7.0,9.0,15.0,13.0,17.0,3.0,0.0,0.0,0.0,0.0,0.0,0.0,0.0,0.0,0.0,0.0,0.0,0.0,0.0,0.0,0.0,0.0,0.0,0.0,0.0,0.0,3.0,1.0,0.0,0.0,0.0,1.0,12.0,11.0,8.0,11.0,22.0,19.0,18.0,5.0
785,1.0,785.0,London_32,FIFO,151,453,1092.0,70.0,2.0,160815.0,1.0799414892680943,808.0,107.0,0.0,107.0,172.0,0.0,172.0,110.0,278.0,90.0,13.0,47.0,7.0,12.0,1.0,5.0,4.0,98.0,137.0,214.0,33.0,0.0,0.0,0.0,0.0,0.0,0.0,0.0,0.0,0.0,0.0,0.0,0.0,0.0,0.0,0.0,0.0,0.0,0.0,0.0,0.0,0.0,0.0,0.0,0.0,0.0,0.0,0.0,0.0,0.0,0.0,0.0,0.0,0.0,0.0,0.0,0.0,0.0,0.0,0.0,0.0,2.0,1.0,0.0,0.0,0.0,0.0,8.0,14.0,6.0,7.0,20.0,29.0,20.0,8.0,0.0,0.0,0.0,0.0,0.0,0.0,0.0,0.0,0.0,0.0,0.0,0.0,0.0,0.0,0.0,0.0,0.0,0.0,0.0,0.0,2.0,1.0,0.0,0.0,0.0,0.0,11.0,22.0,7.0,9.0,29.0,34.0,24.0,13.0
786,1.0,786.0,London_32,FIFO,151,453,1092.0,70.0,2.0,152208.0,1.0434336541220546,789.0,58.0,0.0,58.0,105.0,0.0,105.0,172.0,276.0,83.0,11.0,55.0,2.0,16.0,5.0,5.0,4.0,92.0,153.0,204.0,30.0,0.0,0.0,0.0,0.0,0.0,0.0,0.0,0.0,0.0,0.0,0.0,0.0,0.0,0.0,0.0,0.0,0.0,0.0,0.0,0.0,0.0,0.0,0.0,0.0,0.0,0.0,0.0,0.0,0.0,0.0,0.0,0.0,0.0,0.0,0.0,0.0,0.0,0.0,0.0,0.0,1.0,4.0,2.0,0.0,0.0,0.0,5.0,8.0,3.0,12.0,15.0,12.0,11.0,8.0,0.0,0.0,0.0,0.0,0.0,0.0,0.0,0.0,0.0,0.0,0.0,0.0,0.0,0.0,0.0,0.0,0.0,0.0,0.0,0.0,1.0,4.0,3.0,0.0,0.0,0.0,5.0,14.0,7.0,15.0,20.0,19.0,13.0,12.0
787,1.0,787.0,London_32,FIFO,151,453,1092.0,70.0,2.0,166704.0,1.7095012040808797,821.0,151.0,3.0,148.0,282.0,28.0,254.0,105.0,282.0,89.0,8.0,42.0,3.0,22.0,4.0,3.0,7.0,99.0,165.0,182.0,30.0,0.0,0.0,0.0,0.0,0.0,0.0,0.0,0.0,0.0,0.0,0.0,0.0,0.0,0.0,0.0,0.0,0.0,0.0,0.0,0.0,0.0,0.0,0.0,0.0,0.0,0.0,0.0,0.0,0.0,0.0,0.0,0.0,1.0,0.0,1.0,1.0,0.0,0.0,0.0,0.0,0.0,19.0,0.0,2.0,2.0,1.0,4.0,3.0,14.0,4.0,30.0,26.0,19.0,7.0,0.0,0.0,0.0,0.0,0.0,0.0,0.0,0.0,0.0,0.0,0.0,0.0,3.0,0.0,5.0,1.0,0.0,0.0,0.0,0.0,0.0,30.0,0.0,2.0,2.0,1.0,6.0,3.0,19.0,5.0,43.0,38.0,23.0,9.0
788,1.0,788.0,London_32,FIFO,151,453,1092.0,70.0,2.0,139071.0,0.6754232146777213,760.0,16.0,0.0,16.0,27.0,0.0,27.0,282.0,211.0,106.0,15.0,82.0,11.0,22.0,3.0,3.0,5.0,92.0,139.0,217.0,35.0,0.0,0.0,0.0,0.0,0.0,0.0,0.0,0.0,0.0,0.0,0.0,0.0,0.0,0.0,0.0,0.0,0.0,0.0,0.0,0.0,0.0,0.0,0.0,0.0,0.0,0.0,0.0,0.0,0.0,0.0,0.0,0.0,0.0,0.0,0.0,0.0,0.0,0.0,0.0,0.0,0.0,0.0,0.0,0.0,0.0,0.0,3.0,1.0,0.0,1.0,5.0,3.0,5.0,1.0,0.0,0.0,0.0,0.0,0.0,0.0,0.0,0.0,0.0,0.0,0.0,0.0,0.0,0.0,0.0,0.0,0.0,0.0,0.0,0.0,0.0,0.0,0.0,0.0,0.0,0.0,3.0,3.0,0.0,1.0,8.0,4.0,8.0,1.0
789,1.0,789.0,London_32,FIFO,151,453,1092.0,70.0,2.0,172140.0,0.8192732650786638,833.0,123.0,1.0,122.0,219.0,9.0,210.0,27.0,207.0,115.0,14.0,77.0,10.0,21.0,3.0,6.0,5.0,87.0,142.0,219.0,39.0,0.0,0.0,0.0,0.0,0.0,0.0,0.0,0.0,0.0,0.0,0.0,0.0,0.0,0.0,0.0,0.0,0.0,0.0,0.0,0.0,0.0,0.0,0.0,0.0,0.0,0.0,0.0,0.0,0.0,0.0,0.0,0.0,0.0,1.0,0.0,1.0,0.0,0.0,0.0,0.0,2.0,7.0,0.0,1.0,2.0,0.0,12.0,6.0,11.0,25.0,17.0,25.0,12.0,7.0,0.0,0.0,0.0,0.0,0.0,0.0,0.0,0.0,0.0,0.0,0.0,0.0,0.0,7.0,0.0,6.0,0.0,0.0,0.0,0.0,2.0,10.0,0.0,2.0,2.0,0.0,14.0,10.0,13.0,35.0,27.0,34.0,14.0,11.0
790,1.0,790.0,London_32,FIFO,151,453,1092.0,70.0,2.0,151755.0,0.9627691460773349,788.0,72.0,2.0,70.0,140.0,18.0,122.0,219.0,223.0,114.0,20.0,55.0,12.0,21.0,3.0,5.0,5.0,81.0,144.0,223.0,23.0,0.0,0.0,0.0,0.0,0.0,0.0,0.0,0.0,0.0,0.0,0.0,0.0,0.0,0.0,0.0,0.0,0.0,0.0,0.0,0.0,0.0,0.0,0.0,0.0,0.0,0.0,0.0,0.0,0.0,0.0,0.0,0.0,0.0,0.0,0.0,2.0,0.0,0.0,0.0,0.0,0.0,2.0,1.0,1.0,1.0,1.0,6.0,6.0,8.0,8.0,15.0,17.0,18.0,5.0,0.0,0.0,0.0,0.0,0.0,0.0,0.0,0.0,0.0,0.0,0.0,0.0,0.0,0.0,0.0,4.0,0.0,0.0,0.0,0.0,0.0,3.0,1.0,2.0,1.0,2.0,8.0,11.0,13.0,9.0,22.0,24.0,23.0,7.0
791,1.0,791.0,London_32,FIFO,151,453,1092.0,70.0,2.0,155379.0,1.2159564588218927,796.0,106.0,0.0,106.0,188.0,0.0,188.0,140.0,233.0,111.0,20.0,50.0,12.0,19.0,1.0,7.0,3.0,71.0,156.0,223.0,22.0,0.0,0.0,0.0,0.0,0.0,0.0,0.0,0.0,0.0,0.0,0.0,0.0,0.0,0.0,0.0,0.0,0.0,0.0,0.0,0.0,0.0,0.0,0.0,0.0,0.0,0.0,0.0,0.0,0.0,0.0,0.0,0.0,0.0,0.0,0.0,0.0,0.0,0.0,0.0,0.0,2.0,5.0,2.0,0.0,4.0,0.0,11.0,9.0,8.0,7.0,18.0,33.0,24.0,5.0,0.0,0.0,0.0,0.0,0.0,0.0,0.0,0.0,0.0,0.0,0.0,0.0,0.0,0.0,0.0,0.0,0.0,0.0,0.0,0.0,2.0,7.0,2.0,0.0,4.0,0.0,12.0,12.0,10.0,10.0,30.0,46.0,31.0,7.0
792,1.0,792.0,London_32,FIFO,151,453,1092.0,70.0,2.0,138618.0,1.2248164908960462,759.0,81.0,1.0,80.0,151.0,10.0,141.0,188.0,243.0,93.0,19.0,66.0,8.0,23.0,0.0,1.0,3.0,69.0,153.0,228.0,30.0,0.0,0.0,0.0,0.0,0.0,0.0,0.0,0.0,0.0,0.0,0.0,0.0,0.0,0.0,0.0,0.0,0.0,0.0,0.0,0.0,0.0,0.0,0.0,0.0,0.0,0.0,0.0,0.0,0.0,0.0,0.0,0.0,1.0,0.0,0.0,1.0,0.0,0.0,0.0,0.0,4.0,4.0,0.0,2.0,0.0,0.0,11.0,6.0,8.0,11.0,12.0,19.0,14.0,3.0,0.0,0.0,0.0,0.0,0.0,0.0,0.0,0.0,0.0,0.0,0.0,0.0,6.0,0.0,0.0,1.0,0.0,0.0,0.0,0.0,5.0,4.0,0.0,2.0,0.0,0.0,14.0,9.0,9.0,13.0,18.0,26.0,17.0,5.0
793,1.0,793.0,London_32,FIFO,151,453,1092.0,70.0,2.0,130917.0,0.8344912617467344,742.0,84.0,1.0,83.0,156.0,10.0,146.0,151.0,256.0,93.0,18.0,55.0,7.0,21.0,0.0,3.0,6.0,77.0,148.0,222.0,26.0,0.0,0.0,0.0,0.0,0.0,0.0,0.0,0.0,0.0,0.0,0.0,0.0,0.0,0.0,0.0,0.0,0.0,0.0,0.0,0.0,0.0,0.0,0.0,0.0,0.0,0.0,0.0,0.0,0.0,1.0,0.0,0.0,1.0,0.0,0.0,0.0,0.0,0.0,0.0,0.0,1.0,2.0,3.0,0.0,4.0,0.0,9.0,9.0,14.0,11.0,12.0,20.0,13.0,8.0,0.0,0.0,0.0,0.0,0.0,0.0,0.0,0.0,0.0,2.0,0.0,0.0,1.0,0.0,0.0,0.0,0.0,0.0,0.0,0.0,1.0,3.0,3.0,0.0,5.0,0.0,11.0,14.0,19.0,14.0,21.0,30.0,16.0,13.0
794,1.0,794.0,London_32,FIFO,151,453,1092.0,70.0,2.0,123669.0,0.9001326630823314,726.0,43.0,0.0,43.0,77.0,0.0,77.0,156.0,258.0,101.0,15.0,57.0,7.0,13.0,2.0,0.0,5.0,84.0,143.0,221.0,29.0,0.0,0.0,0.0,0.0,0.0,0.0,0.0,0.0,0.0,0.0,0.0,0.0,0.0,0.0,0.0,0.0,0.0,0.0,0.0,0.0,0.0,0.0,0.0,0.0,0.0,0.0,0.0,0.0,0.0,0.0,0.0,0.0,0.0,0.0,0.0,0.0,0.0,0.0,0.0,0.0,3.0,1.0,0.0,0.0,0.0,0.0,4.0,6.0,3.0,3.0,7.0,11.0,8.0,5.0,0.0,0.0,0.0,0.0,0.0,0.0,0.0,0.0,0.0,0.0,0.0,0.0,0.0,0.0,0.0,0.0,0.0,0.0,0.0,0.0,3.0,1.0,0.0,0.0,0.0,0.0,6.0,9.0,3.0,4.0,11.0,13.0,9.0,7.0
795,1.0,795.0,London_32,FIFO,151,453,1092.0,70.0,2.0,144507.0,0.8850543359294534,772.0,48.0,0.0,48.0,82.0,0.0,82.0,77.0,248.0,92.0,18.0,63.0,5.0,24.0,2.0,1.0,6.0,84.0,155.0,208.0,36.0,0.0,0.0,0.0,0.0,0.0,0.0,0.0,0.0,0.0,0.0,0.0,0.0,0.0,0.0,0.0,0.0,0.0,0.0,0.0,0.0,0.0,0.0,0.0,0.0,0.0,0.0,0.0,0.0,0.0,0.0,0.0,0.0,0.0,0.0,0.0,0.0,0.0,0.0,0.0,0.0,3.0,3.0,0.0,0.0,0.0,0.0,6.0,7.0,5.0,7.0,7.0,15.0,5.0,6.0,0.0,0.0,0.0,0.0,0.0,0.0,0.0,0.0,0.0,0.0,0.0,0.0,0.0,0.0,0.0,0.0,0.0,0.0,0.0,0.0,4.0,6.0,0.0,0.0,0.0,0.0,10.0,9.0,8.0,9.0,11.0,19.0,6.0,11.0
796,1.0,796.0,London_32,FIFO,151,453,1092.0,70.0,2.0,170328.0,1.2600917401723564,829.0,119.0,2.0,117.0,208.0,19.0,189.0,82.0,261.0,82.0,20.0,64.0,7.0,17.0,1.0,1.0,5.0,84.0,163.0,201.0,33.0,0.0,0.0,0.0,0.0,0.0,0.0,0.0,0.0,0.0,0.0,0.0,0.0,0.0,0.0,0.0,0.0,0.0,0.0,0.0,0.0,0.0,0.0,0.0,0.0,0.0,0.0,0.0,0.0,0.0,0.0,0.0,0.0,0.0,1.0,0.0,2.0,0.0,0.0,0.0,0.0,6.0,3.0,1.0,0.0,1.0,0.0,12.0,12.0,8.0,13.0,17.0,28.0,18.0,7.0,0.0,0.0,0.0,0.0,0.0,0.0,0.0,0.0,0.0,0.0,0.0,0.0,0.0,4.0,0.0,4.0,0.0,0.0,0.0,0.0,7.0,4.0,1.0,0.0,2.0,0.0,16.0,15.0,12.0,15.0,27.0,43.0,23.0,11.0
797,1.0,797.0,London_32,FIFO,151,453,1092.0,70.0,2.0,155832.0,1.4252934572286904,797.0,100.0,2.0,98.0,193.0,17.0,176.0,208.0,255.0,90.0,16.0,62.0,4.0,22.0,1.0,3.0,5.0,84.0,149.0,215.0,34.0,0.0,0.0,0.0,0.0,0.0,0.0,0.0,0.0,0.0,0.0,0.0,0.0,0.0,0.0,0.0,0.0,0.0,0.0,0.0,0.0,0.0,0.0,0.0,0.0,0.0,0.0,0.0,0.0,0.0,2.0,0.0,0.0,2.0,0.0,0.0,2.0,0.0,0.0,0.0,0.0,1.0,2.0,2.0,5.0,4.0,1.0,8.0,8.0,4.0,12.0,19.0,25.0,23.0,11.0,0.0,0.0,0.0,0.0,0.0,0.0,0.0,0.0,0.0,7.0,0.0,0.0,7.0,0.0,0.0,5.0,0.0,0.0,0.0,0.0,1.0,4.0,2.0,9.0,5.0,2.0,14.0,11.0,5.0,16.0,31.0,35.0,28.0,18.0
798,1.0,798.0,London_32,FIFO,151,453,1092.0,70.0,2.0,155379.0,1.0943661648780107,796.0,50.0,0.0,50.0,86.0,0.0,86.0,193.0,272.0,86.0,9.0,60.0,5.0,17.0,3.0,1.0,2.0,81.0,143.0,227.0,25.0,0.0,0.0,0.0,0.0,0.0,0.0,0.0,0.0,0.0,0.0,0.0,0.0,0.0,0.0,0.0,0.0,0.0,0.0,0.0,0.0,0.0,0.0,0.0,0.0,0.0,0.0,0.0,0.0,0.0,0.0,0.0,0.0,0.0,0.0,0.0,0.0,0.0,0.0,0.0,0.0,3.0,2.0,1.0,0.0,1.0,0.0,7.0,5.0,2.0,8.0,9.0,12.0,14.0,5.0,0.0,0.0,0.0,0.0,0.0,0.0,0.0,0.0,0.0,0.0,0.0,0.0,0.0,0.0,0.0,0.0,0.0,0.0,0.0,0.0,3.0,2.0,1.0,0.0,1.0,0.0,8.0,8.0,3.0,11.0,14.0,20.0,19.0,9.0
799,1.0,799.0,London_32,FIFO,151,453,1092.0,70.0,2.0,173499.0,1.3659456609748304,836.0,87.0,2.0,85.0,162.0,18.0,144.0,86.0,280.0,89.0,5.0,56.0,6.0,14.0,0.0,3.0,2.0,78.0,138.0,235.0,25.0,0.0,0.0,0.0,0.0,0.0,0.0,0.0,0.0,0.0,0.0,0.0,0.0,0.0,0.0,0.0,0.0,0.0,0.0,0.0,0.0,0.0,0.0,0.0,0.0,0.0,0.0,0.0,0.0,0.0,0.0,0.0,0.0,0.0,1.0,0.0,1.0,0.0,0.0,0.0,0.0,5.0,0.0,0.0,0.0,0.0,0.0,11.0,5.0,5.0,8.0,15.0,20.0,13.0,11.0,0.0,0.0,0.0,0.0,0.0,0.0,0.0,0.0,0.0,0.0,0.0,0.0,0.0,8.0,0.0,1.0,0.0,0.0,0.0,0.0,5.0,0.0,0.0,0.0,0.0,0.0,15.0,8.0,5.0,13.0,22.0,30.0,15.0,17.0
800,1.0,800.0,London_32,FIFO,151,453,1092.0,70.0,2.0,173952.0,1.3417931930162013,837.0,7.0,0.0,7.0,9.0,0.0,9.0,162.0,279.0,99.0,11.0,37.0,9.0,11.0,4.0,3.0,4.0,72.0,145.0,232.0,21.0,0.0,0.0,0.0,0.0,0.0,0.0,0.0,0.0,0.0,0.0,0.0,0.0,0.0,0.0,0.0,0.0,0.0,0.0,0.0,0.0,0.0,0.0,0.0,0.0,0.0,0.0,0.0,0.0,0.0,0.0,0.0,0.0,0.0,0.0,0.0,0.0,0.0,0.0,0.0,0.0,1.0,0.0,0.0,1.0,0.0,0.0,0.0,2.0,1.0,1.0,2.0,1.0,0.0,0.0,0.0,0.0,0.0,0.0,0.0,0.0,0.0,0.0,0.0,0.0,0.0,0.0,0.0,0.0,0.0,0.0,0.0,0.0,0.0,0.0,1.0,0.0,0.0,1.0,0.0,0.0,0.0,2.0,2.0,1.0,3.0,1.0,0.0,0.0
801,1.0,801.0,London_32,FIFO,151,453,1092.0,70.0,2.0,216534.0,1.6742475973442197,931.0,182.0,2.0,180.0,328.0,17.0,311.0,9.0,279.0,96.0,10.0,43.0,9.0,10.0,3.0,3.0,4.0,73.0,142.0,234.0,22.0,0.0,0.0,0.0,0.0,0.0,0.0,0.0,0.0,0.0,0.0,0.0,0.0,0.0,0.0,0.0,0.0,0.0,0.0,0.0,0.0,0.0,0.0,0.0,0.0,0.0,0.0,0.0,0.0,0.0,0.0,0.0,0.0,0.0,0.0,0.0,1.0,1.0,0.0,0.0,0.0,0.0,10.0,0.0,5.0,0.0,0.0,28.0,5.0,1.0,16.0,33.0,41.0,10.0,12.0,0.0,0.0,0.0,0.0,0.0,0.0,0.0,0.0,0.0,0.0,0.0,0.0,0.0,0.0,0.0,3.0,9.0,0.0,0.0,0.0,0.0,16.0,0.0,7.0,0.0,0.0,33.0,6.0,1.0,21.0,52.0,55.0,11.0,16.0
802,1.0,802.0,London_32,FIFO,151,453,1092.0,70.0,2.0,171687.0,0.8381681926548481,832.0,132.0,0.0,132.0,210.0,0.0,210.0,328.0,166.0,118.0,22.0,102.0,7.0,28.0,3.0,7.0,6.0,67.0,151.0,229.0,45.0,0.0,0.0,0.0,0.0,0.0,0.0,0.0,0.0,0.0,0.0,0.0,0.0,0.0,0.0,0.0,0.0,0.0,0.0,0.0,0.0,0.0,0.0,0.0,0.0,0.0,0.0,0.0,0.0,0.0,0.0,0.0,0.0,0.0,0.0,0.0,0.0,0.0,0.0,0.0,0.0,2.0,5.0,1.0,1.0,2.0,0.0,9.0,10.0,3.0,12.0,26.0,26.0,19.0,17.0,0.0,0.0,0.0,0.0,0.0,0.0,0.0,0.0,0.0,0.0,0.0,0.0,0.0,0.0,0.0,0.0,0.0,0.0,0.0,0.0,2.0,7.0,1.0,1.0,2.0,0.0,10.0,14.0,4.0,19.0,35.0,36.0,24.0,21.0
803,1.0,803.0,London_32,FIFO,151,453,1092.0,70.0,2.0,150396.0,0.7212198590859771,785.0,63.0,1.0,62.0,111.0,8.0,103.0,210.0,177.0,136.0,21.0,83.0,7.0,22.0,5.0,2.0,6.0,58.0,164.0,225.0,54.0,0.0,0.0,0.0,0.0,0.0,0.0,0.0,0.0,0.0,0.0,0.0,0.0,0.0,0.0,0.0,0.0,0.0,0.0,0.0,0.0,0.0,0.0,0.0,0.0,0.0,0.0,0.0,0.0,0.0,0.0,0.0,0.0,1.0,0.0,0.0,1.0,0.0,0.0,0.0,0.0,1.0,0.0,0.0,1.0,1.0,0.0,9.0,4.0,1.0,14.0,17.0,16.0,16.0,5.0,0.0,0.0,0.0,0.0,0.0,0.0,0.0,0.0,0.0,0.0,0.0,0.0,3.0,0.0,0.0,2.0,0.0,0.0,0.0,0.0,1.0,0.0,0.0,2.0,1.0,0.0,14.0,4.0,1.0,16.0,26.0,22.0,20.0,7.0
804,1.0,804.0,London_32,FIFO,151,453,1092.0,70.0,2.0,157644.0,0.9337326460517943,801.0,80.0,2.0,78.0,154.0,18.0,136.0,111.0,186.0,141.0,8.0,98.0,5.0,15.0,0.0,0.0,6.0,52.0,164.0,231.0,52.0,0.0,0.0,0.0,0.0,0.0,0.0,0.0,0.0,0.0,0.0,0.0,0.0,0.0,0.0,0.0,0.0,0.0,0.0,0.0,0.0,0.0,0.0,0.0,0.0,0.0,0.0,0.0,0.0,0.0,0.0,1.0,0.0,1.0,0.0,1.0,2.0,0.0,0.0,0.0,0.0,1.0,7.0,0.0,0.0,1.0,0.0,8.0,5.0,10.0,6.0,20.0,19.0,19.0,8.0,0.0,0.0,0.0,0.0,0.0,0.0,0.0,0.0,0.0,0.0,2.0,0.0,1.0,0.0,6.0,3.0,0.0,0.0,0.0,0.0,1.0,8.0,0.0,0.0,1.0,0.0,12.0,7.0,13.0,9.0,35.0,28.0,28.0,13.0
805,1.0,805.0,London_32,FIFO,151,453,1092.0,70.0,2.0,154926.0,0.9337805891409516,795.0,116.0,1.0,115.0,211.0,11.0,200.0,154.0,182.0,138.0,9.0,105.0,6.0,13.0,0.0,0.0,5.0,60.0,148.0,240.0,60.0,0.0,0.0,0.0,0.0,0.0,0.0,0.0,0.0,0.0,0.0,0.0,0.0,0.0,0.0,0.0,0.0,0.0,0.0,0.0,0.0,0.0,0.0,0.0,0.0,0.0,0.0,0.0,0.0,0.0,0.0,0.0,0.0,1.0,0.0,0.0,1.0,0.0,0.0,0.0,0.0,2.0,1.0,0.0,1.0,3.0,0.0,9.0,10.0,11.0,11.0,22.0,28.0,21.0,11.0,0.0,0.0,0.0,0.0,0.0,0.0,0.0,0.0,0.0,0.0,0.0,0.0,3.0,0.0,0.0,7.0,0.0,0.0,0.0,0.0,2.0,1.0,0.0,2.0,3.0,0.0,14.0,14.0,16.0,11.0,34.0,43.0,24.0,18.0
806,1.0,806.0,London_32,FIFO,151,453,1092.0,70.0,2.0,137712.0,0.7745021781884134,757.0,102.0,0.0,102.0,182.0,0.0,182.0,211.0,179.0,156.0,12.0,73.0,10.0,16.0,2.0,5.0,8.0,73.0,156.0,216.0,57.0,0.0,0.0,0.0,0.0,0.0,0.0,0.0,0.0,0.0,0.0,0.0,0.0,0.0,0.0,0.0,0.0,0.0,0.0,0.0,0.0,0.0,0.0,0.0,0.0,0.0,0.0,0.0,0.0,0.0,0.0,0.0,0.0,0.0,0.0,0.0,0.0,0.0,0.0,0.0,0.0,5.0,1.0,1.0,1.0,0.0,0.0,8.0,3.0,3.0,11.0,20.0,18.0,15.0,11.0,0.0,0.0,0.0,0.0,0.0,0.0,0.0,0.0,0.0,0.0,0.0,0.0,0.0,0.0,0.0,0.0,0.0,0.0,0.0,0.0,5.0,2.0,1.0,1.0,0.0,0.0,10.0,3.0,4.0,16.0,26.0,28.0,20.0,20.0
807,1.0,807.0,London_32,FIFO,151,453,1092.0,70.0,2.0,122763.0,0.6834923448041081,724.0,68.0,2.0,66.0,145.0,18.0,127.0,182.0,193.0,136.0,11.0,76.0,13.0,19.0,0.0,5.0,9.0,62.0,155.0,227.0,49.0,0.0,0.0,0.0,0.0,0.0,0.0,0.0,0.0,0.0,0.0,0.0,0.0,0.0,0.0,0.0,0.0,0.0,0.0,0.0,0.0,0.0,0.0,0.0,0.0,0.0,0.0,0.0,0.0,0.0,0.0,0.0,0.0,0.0,0.0,0.0,2.0,0.0,0.0,0.0,0.0,1.0,4.0,1.0,0.0,2.0,0.0,17.0,3.0,3.0,9.0,9.0,17.0,12.0,6.0,0.0,0.0,0.0,0.0,0.0,0.0,0.0,0.0,0.0,0.0,0.0,0.0,0.0,0.0,0.0,9.0,0.0,0.0,0.0,0.0,2.0,6.0,1.0,0.0,2.0,0.0,21.0,4.0,4.0,13.0,15.0,21.0,18.0,7.0
808,1.0,808.0,London_32,FIFO,151,453,1092.0,70.0,2.0,130011.0,0.7318587172776461,740.0,47.0,1.0,46.0,101.0,10.0,91.0,145.0,194.0,142.0,3.0,75.0,11.0,23.0,1.0,4.0,10.0,64.0,144.0,235.0,42.0,0.0,0.0,0.0,0.0,0.0,0.0,0.0,0.0,0.0,0.0,0.0,0.0,0.0,0.0,0.0,0.0,0.0,0.0,0.0,0.0,0.0,0.0,0.0,0.0,0.0,0.0,0.0,0.0,0.0,0.0,0.0,0.0,0.0,0.0,0.0,1.0,0.0,0.0,0.0,0.0,0.0,3.0,2.0,0.0,0.0,0.0,5.0,6.0,1.0,3.0,10.0,12.0,10.0,4.0,0.0,0.0,0.0,0.0,0.0,0.0,0.0,0.0,0.0,0.0,0.0,0.0,0.0,0.0,0.0,3.0,0.0,0.0,0.0,0.0,0.0,5.0,3.0,0.0,0.0,0.0,8.0,10.0,3.0,6.0,19.0,16.0,12.0,8.0
809,1.0,809.0,London_32,FIFO,151,453,1092.0,70.0,2.0,147678.0,1.0322215682826936,779.0,86.0,2.0,84.0,169.0,16.0,153.0,101.0,190.0,149.0,10.0,82.0,5.0,17.0,0.0,0.0,11.0,71.0,145.0,226.0,43.0,0.0,0.0,0.0,0.0,0.0,0.0,0.0,0.0,0.0,0.0,0.0,0.0,0.0,0.0,0.0,0.0,0.0,0.0,0.0,0.0,0.0,0.0,0.0,0.0,0.0,0.0,0.0,0.0,0.0,1.0,0.0,0.0,1.0,0.0,0.0,1.0,0.0,0.0,0.0,0.0,1.0,3.0,2.0,0.0,0.0,0.0,9.0,8.0,3.0,12.0,18.0,23.0,20.0,8.0,0.0,0.0,0.0,0.0,0.0,0.0,0.0,0.0,0.0,1.0,0.0,0.0,1.0,0.0,0.0,2.0,0.0,0.0,0.0,0.0,1.0,3.0,4.0,0.0,0.0,0.0,11.0,13.0,5.0,18.0,27.0,35.0,23.0,11.0
810,1.0,810.0,London_32,FIFO,151,453,1092.0,70.0,2.0,145866.0,0.7941476800478995,775.0,108.0,0.0,108.0,178.0,0.0,178.0,169.0,199.0,157.0,15.0,63.0,3.0,12.0,0.0,4.0,15.0,72.0,143.0,223.0,42.0,0.0,0.0,0.0,0.0,0.0,0.0,0.0,0.0,0.0,0.0,0.0,0.0,0.0,0.0,0.0,0.0,0.0,0.0,0.0,0.0,0.0,0.0,0.0,0.0,0.0,0.0,0.0,0.0,0.0,0.0,0.0,0.0,0.0,0.0,0.0,0.0,0.0,0.0,0.0,0.0,3.0,3.0,3.0,2.0,5.0,0.0,10.0,6.0,2.0,13.0,22.0,24.0,16.0,6.0,0.0,0.0,0.0,0.0,0.0,0.0,0.0,0.0,0.0,0.0,0.0,0.0,0.0,0.0,0.0,0.0,0.0,0.0,0.0,0.0,3.0,4.0,3.0,2.0,6.0,0.0,14.0,9.0,2.0,17.0,33.0,38.0,18.0,9.0
811,1.0,811.0,London_32,FIFO,151,453,1092.0,70.0,2.0,131823.0,0.7204568921588361,744.0,35.0,0.0,35.0,68.0,0.0,68.0,178.0,209.0,151.0,20.0,51.0,5.0,13.0,1.0,3.0,12.0,57.0,144.0,240.0,34.0,0.0,0.0,0.0,0.0,0.0,0.0,0.0,0.0,0.0,0.0,0.0,0.0,0.0,0.0,0.0,0.0,0.0,0.0,0.0,0.0,0.0,0.0,0.0,0.0,0.0,0.0,0.0,0.0,0.0,0.0,0.0,0.0,0.0,0.0,0.0,0.0,0.0,0.0,0.0,0.0,1.0,0.0,0.0,1.0,0.0,0.0,3.0,5.0,2.0,1.0,10.0,10.0,13.0,5.0,0.0,0.0,0.0,0.0,0.0,0.0,0.0,0.0,0.0,0.0,0.0,0.0,0.0,0.0,0.0,0.0,0.0,0.0,0.0,0.0,1.0,0.0,0.0,2.0,0.0,0.0,3.0,6.0,2.0,1.0,11.0,15.0,19.0,10.0
812,1.0,812.0,London_32,FIFO,151,453,1092.0,70.0,2.0,157191.0,0.9358597211539745,800.0,175.0,2.0,173.0,321.0,18.0,303.0,68.0,211.0,137.0,23.0,53.0,7.0,18.0,1.0,3.0,12.0,55.0,143.0,243.0,41.0,0.0,0.0,0.0,0.0,0.0,0.0,0.0,0.0,0.0,0.0,0.0,0.0,0.0,0.0,0.0,0.0,0.0,0.0,0.0,0.0,0.0,0.0,0.0,0.0,0.0,0.0,0.0,0.0,0.0,0.0,0.0,0.0,0.0,0.0,2.0,0.0,0.0,0.0,0.0,0.0,1.0,5.0,15.0,0.0,1.0,0.0,24.0,10.0,2.0,8.0,34.0,41.0,30.0,9.0,0.0,0.0,0.0,0.0,0.0,0.0,0.0,0.0,0.0,0.0,0.0,0.0,0.0,0.0,15.0,0.0,0.0,0.0,0.0,0.0,1.0,6.0,17.0,0.0,1.0,0.0,28.0,14.0,2.0,9.0,48.0,62.0,41.0,13.0
813,1.0,813.0,London_32,FIFO,151,453,1092.0,70.0,2.0,113703.0,0.5638642120175064,704.0,10.0,0.0,10.0,20.0,0.0,20.0,321.0,181.0,106.0,27.0,88.0,6.0,31.0,2.0,12.0,7.0,70.0,147.0,229.0,36.0,0.0,0.0,0.0,0.0,0.0,0.0,0.0,0.0,0.0,0.0,0.0,0.0,0.0,0.0,0.0,0.0,0.0,0.0,0.0,0.0,0.0,0.0,0.0,0.0,0.0,0.0,0.0,0.0,0.0,0.0,0.0,0.0,0.0,0.0,0.0,0.0,0.0,0.0,0.0,0.0,1.0,1.0,0.0,0.0,0.0,0.0,0.0,1.0,0.0,1.0,1.0,1.0,3.0,0.0,0.0,0.0,0.0,0.0,0.0,0.0,0.0,0.0,0.0,0.0,0.0,0.0,0.0,0.0,0.0,0.0,0.0,0.0,0.0,0.0,1.0,2.0,0.0,0.0,0.0,0.0,0.0,2.0,0.0,2.0,1.0,2.0,4.0,0.0
814,1.0,814.0,London_32,FIFO,151,453,1092.0,70.0,2.0,141336.0,0.7230473975650966,765.0,98.0,0.0,98.0,169.0,0.0,169.0,20.0,183.0,113.0,24.0,81.0,7.0,33.0,2.0,10.0,7.0,67.0,150.0,229.0,40.0,0.0,0.0,0.0,0.0,0.0,0.0,0.0,0.0,0.0,0.0,0.0,0.0,0.0,0.0,0.0,0.0,0.0,0.0,0.0,0.0,0.0,0.0,0.0,0.0,0.0,0.0,0.0,0.0,0.0,0.0,0.0,0.0,0.0,0.0,0.0,0.0,0.0,0.0,0.0,0.0,5.0,4.0,0.0,0.0,0.0,0.0,11.0,12.0,3.0,5.0,16.0,23.0,25.0,12.0,0.0,0.0,0.0,0.0,0.0,0.0,0.0,0.0,0.0,0.0,0.0,0.0,0.0,0.0,0.0,0.0,0.0,0.0,0.0,0.0,5.0,5.0,0.0,0.0,0.0,0.0,18.0,18.0,3.0,7.0,23.0,34.0,29.0,17.0
815,1.0,815.0,London_32,FIFO,151,453,1092.0,70.0,2.0,133182.0,0.767057363409549,747.0,86.0,0.0,86.0,154.0,0.0,154.0,169.0,191.0,120.0,22.0,53.0,12.0,37.0,3.0,15.0,7.0,62.0,157.0,227.0,38.0,0.0,0.0,0.0,0.0,0.0,0.0,0.0,0.0,0.0,0.0,0.0,0.0,0.0,0.0,0.0,0.0,0.0,0.0,0.0,0.0,0.0,0.0,0.0,0.0,0.0,0.0,0.0,0.0,0.0,0.0,0.0,0.0,0.0,0.0,0.0,0.0,0.0,0.0,0.0,0.0,2.0,1.0,5.0,0.0,0.0,0.0,2.0,12.0,7.0,8.0,21.0,19.0,18.0,3.0,0.0,0.0,0.0,0.0,0.0,0.0,0.0,0.0,0.0,0.0,0.0,0.0,0.0,0.0,0.0,0.0,0.0,0.0,0.0,0.0,3.0,2.0,6.0,0.0,0.0,0.0,2.0,18.0,10.0,9.0,36.0,27.0,28.0,5.0
816,1.0,816.0,London_32,FIFO,151,453,1092.0,70.0,2.0,130464.0,0.71695472067222,741.0,25.0,1.0,24.0,46.0,9.0,37.0,154.0,206.0,121.0,12.0,54.0,13.0,34.0,4.0,9.0,9.0,84.0,158.0,202.0,47.0,0.0,0.0,0.0,0.0,0.0,0.0,0.0,0.0,0.0,0.0,0.0,0.0,0.0,0.0,0.0,0.0,0.0,0.0,0.0,0.0,0.0,0.0,0.0,0.0,0.0,0.0,0.0,0.0,0.0,0.0,0.0,0.0,0.0,0.0,1.0,0.0,0.0,0.0,0.0,0.0,1.0,0.0,0.0,1.0,0.0,0.0,0.0,3.0,1.0,1.0,4.0,13.0,2.0,2.0,0.0,0.0,0.0,0.0,0.0,0.0,0.0,0.0,0.0,0.0,0.0,0.0,0.0,0.0,7.0,0.0,0.0,0.0,0.0,0.0,1.0,0.0,0.0,2.0,0.0,0.0,0.0,4.0,1.0,1.0,6.0,17.0,2.0,3.0
817,1.0,817.0,London_32,FIFO,151,453,1092.0,70.0,2.0,153114.0,0.8727878769859672,791.0,5.0,2.0,3.0,22.0,18.0,4.0,46.0,206.0,118.0,14.0,48.0,13.0,37.0,4.0,13.0,9.0,86.0,155.0,203.0,40.0,0.0,0.0,0.0,0.0,0.0,0.0,0.0,0.0,0.0,1.0,0.0,0.0,0.0,1.0,0.0,0.0,0.0,0.0,1.0,0.0,0.0,0.0,0.0,0.0,0.0,0.0,0.0,0.0,0.0,1.0,0.0,0.0,1.0,0.0,1.0,2.0,0.0,0.0,0.0,0.0,0.0,0.0,0.0,0.0,0.0,0.0,0.0,0.0,0.0,0.0,1.0,0.0,0.0,0.0,0.0,0.0,0.0,0.0,0.0,0.0,0.0,0.0,0.0,4.0,0.0,0.0,6.0,0.0,8.0,5.0,0.0,0.0,0.0,0.0,0.0,0.0,0.0,0.0,0.0,0.0,0.0,0.0,0.0,0.0,1.0,0.0,0.0,0.0
818,1.0,818.0,London_32,FIFO,151,453,1092.0,70.0,2.0,192978.0,1.0234603257849813,879.0,175.0,2.0,173.0,327.0,15.0,312.0,19.0,202.0,119.0,14.0,50.0,13.0,38.0,4.0,13.0,10.0,86.0,150.0,207.0,43.0,0.0,0.0,0.0,0.0,0.0,0.0,0.0,0.0,0.0,0.0,0.0,0.0,0.0,0.0,0.0,0.0,0.0,0.0,0.0,0.0,0.0,0.0,0.0,0.0,0.0,0.0,0.0,0.0,0.0,0.0,0.0,0.0,1.0,1.0,1.0,2.0,0.0,0.0,0.0,0.0,4.0,3.0,0.0,0.0,1.0,0.0,13.0,2.0,3.0,13.0,31.0,36.0,11.0,11.0,0.0,0.0,0.0,0.0,0.0,0.0,0.0,0.0,0.0,0.0,0.0,0.0,1.0,4.0,4.0,7.0,0.0,0.0,0.0,0.0,7.0,4.0,0.0,0.0,1.0,0.0,16.0,3.0,3.0,20.0,43.0,56.0,13.0,19.0
819,1.0,819.0,London_32,FIFO,151,453,1092.0,70.0,2.0,153567.0,0.5971312797628343,792.0,125.0,0.0,125.0,222.0,0.0,222.0,327.0,151.0,136.0,25.0,86.0,13.0,30.0,2.0,10.0,7.0,88.0,160.0,198.0,57.0,0.0,0.0,0.0,0.0,0.0,0.0,0.0,0.0,0.0,0.0,0.0,0.0,0.0,0.0,0.0,0.0,0.0,0.0,0.0,0.0,0.0,0.0,0.0,0.0,0.0,0.0,0.0,0.0,0.0,0.0,0.0,0.0,0.0,0.0,0.0,0.0,0.0,0.0,0.0,0.0,2.0,10.0,2.0,1.0,4.0,0.0,4.0,5.0,2.0,10.0,23.0,31.0,24.0,7.0,0.0,0.0,0.0,0.0,0.0,0.0,0.0,0.0,0.0,0.0,0.0,0.0,0.0,0.0,0.0,0.0,0.0,0.0,0.0,0.0,2.0,14.0,3.0,4.0,4.0,0.0,4.0,7.0,4.0,14.0,32.0,48.0,34.0,11.0
820,1.0,820.0,London_32,FIFO,151,453,1092.0,70.0,2.0,137259.0,0.6685046930797398,756.0,28.0,1.0,27.0,57.0,10.0,47.0,222.0,158.0,139.0,22.0,70.0,15.0,38.0,1.0,10.0,10.0,74.0,168.0,201.0,53.0,0.0,0.0,0.0,0.0,0.0,0.0,0.0,0.0,0.0,0.0,0.0,0.0,0.0,0.0,0.0,0.0,0.0,0.0,0.0,0.0,0.0,0.0,0.0,0.0,0.0,0.0,0.0,0.0,0.0,1.0,0.0,0.0,1.0,0.0,0.0,1.0,0.0,0.0,0.0,0.0,1.0,0.0,0.0,0.0,0.0,0.0,2.0,3.0,0.0,1.0,7.0,7.0,8.0,3.0,0.0,0.0,0.0,0.0,0.0,0.0,0.0,0.0,0.0,3.0,0.0,0.0,4.0,0.0,0.0,6.0,0.0,0.0,0.0,0.0,1.0,0.0,0.0,0.0,0.0,0.0,2.0,4.0,0.0,2.0,13.0,10.0,10.0,6.0
821,1.0,821.0,London_32,FIFO,151,453,1092.0,70.0,2.0,174405.0,0.7218427183106542,838.0,86.0,0.0,86.0,150.0,0.0,150.0,57.0,158.0,140.0,24.0,71.0,12.0,36.0,1.0,11.0,8.0,77.0,161.0,207.0,51.0,0.0,0.0,0.0,0.0,0.0,0.0,0.0,0.0,0.0,0.0,0.0,0.0,0.0,0.0,0.0,0.0,0.0,0.0,0.0,0.0,0.0,0.0,0.0,0.0,0.0,0.0,0.0,0.0,0.0,0.0,0.0,0.0,0.0,0.0,0.0,0.0,0.0,0.0,0.0,0.0,1.0,1.0,0.0,0.0,0.0,0.0,7.0,7.0,1.0,6.0,19.0,21.0,22.0,7.0,0.0,0.0,0.0,0.0,0.0,0.0,0.0,0.0,0.0,0.0,0.0,0.0,0.0,0.0,0.0,0.0,0.0,0.0,0.0,0.0,1.0,1.0,0.0,0.0,0.0,0.0,8.0,10.0,1.0,6.0,27.0,33.0,29.0,10.0
822,1.0,822.0,London_32,FIFO,151,453,1092.0,70.0,2.0,175311.0,1.0253534680232406,840.0,117.0,3.0,114.0,213.0,25.0,188.0,150.0,166.0,136.0,20.0,74.0,11.0,36.0,0.0,10.0,8.0,78.0,168.0,199.0,57.0,0.0,0.0,0.0,0.0,0.0,0.0,0.0,0.0,0.0,0.0,0.0,0.0,0.0,0.0,0.0,0.0,0.0,0.0,0.0,0.0,0.0,0.0,0.0,0.0,0.0,0.0,0.0,0.0,0.0,1.0,0.0,0.0,1.0,0.0,1.0,1.0,0.0,0.0,0.0,0.0,6.0,3.0,2.0,1.0,1.0,0.0,15.0,11.0,4.0,9.0,24.0,27.0,14.0,12.0,0.0,0.0,0.0,0.0,0.0,0.0,0.0,0.0,0.0,7.0,0.0,0.0,7.0,0.0,6.0,2.0,0.0,0.0,0.0,0.0,7.0,4.0,3.0,1.0,1.0,0.0,23.0,16.0,5.0,12.0,32.0,42.0,17.0,17.0
823,1.0,823.0,London_32,FIFO,151,453,1092.0,70.0,2.0,151755.0,0.7899397159926593,788.0,39.0,1.0,38.0,72.0,9.0,63.0,213.0,188.0,145.0,22.0,56.0,4.0,32.0,1.0,5.0,12.0,80.0,159.0,202.0,53.0,0.0,0.0,0.0,0.0,0.0,0.0,0.0,0.0,0.0,0.0,0.0,0.0,0.0,0.0,0.0,0.0,0.0,0.0,0.0,0.0,0.0,0.0,0.0,0.0,0.0,0.0,0.0,0.0,0.0,1.0,0.0,0.0,0.0,0.0,0.0,0.0,1.0,0.0,0.0,0.0,1.0,0.0,1.0,0.0,0.0,0.0,2.0,2.0,0.0,4.0,5.0,13.0,8.0,3.0,0.0,0.0,0.0,0.0,0.0,0.0,0.0,0.0,0.0,5.0,0.0,0.0,0.0,0.0,0.0,0.0,7.0,0.0,0.0,0.0,1.0,0.0,2.0,0.0,0.0,0.0,4.0,2.0,0.0,6.0,7.0,15.0,11.0,6.0
824,1.0,824.0,London_32,FIFO,151,453,1092.0,70.0,2.0,167610.0,1.0491436757147312,823.0,110.0,0.0,110.0,195.0,0.0,195.0,72.0,192.0,150.0,21.0,55.0,3.0,28.0,1.0,3.0,7.0,90.0,165.0,191.0,46.0,0.0,0.0,0.0,0.0,0.0,0.0,0.0,0.0,0.0,0.0,0.0,0.0,0.0,0.0,0.0,0.0,0.0,0.0,0.0,0.0,0.0,0.0,0.0,0.0,0.0,0.0,0.0,0.0,0.0,0.0,0.0,0.0,0.0,0.0,0.0,0.0,0.0,0.0,0.0,0.0,2.0,9.0,2.0,1.0,1.0,0.0,16.0,6.0,7.0,9.0,14.0,24.0,18.0,9.0,0.0,0.0,0.0,0.0,0.0,0.0,0.0,0.0,0.0,0.0,0.0,0.0,0.0,0.0,0.0,0.0,0.0,0.0,0.0,0.0,2.0,16.0,2.0,2.0,1.0,0.0,24.0,10.0,8.0,11.0,26.0,34.0,22.0,14.0
825,1.0,825.0,London_32,FIFO,151,453,1092.0,70.0,2.0,155379.0,1.063125727698207,796.0,79.0,2.0,77.0,152.0,17.0,135.0,195.0,210.0,127.0,11.0,61.0,2.0,38.0,0.0,4.0,7.0,86.0,156.0,204.0,49.0,0.0,0.0,0.0,0.0,0.0,0.0,0.0,0.0,0.0,0.0,0.0,0.0,0.0,0.0,0.0,0.0,0.0,0.0,0.0,0.0,0.0,0.0,0.0,0.0,0.0,0.0,0.0,0.0,0.0,0.0,0.0,0.0,1.0,0.0,2.0,1.0,0.0,0.0,0.0,0.0,3.0,5.0,3.0,0.0,6.0,0.0,9.0,5.0,8.0,7.0,15.0,17.0,11.0,10.0,0.0,0.0,0.0,0.0,0.0,0.0,0.0,0.0,0.0,0.0,0.0,0.0,6.0,0.0,13.0,5.0,0.0,0.0,0.0,0.0,5.0,9.0,4.0,0.0,7.0,0.0,10.0,5.0,11.0,8.0,20.0,27.0,12.0,17.0
826,1.0,826.0,London_32,FIFO,151,453,1092.0,70.0,2.0,158097.0,1.1364602991379797,802.0,119.0,0.0,119.0,196.0,0.0,196.0,152.0,221.0,118.0,10.0,57.0,6.0,38.0,0.0,3.0,6.0,86.0,163.0,198.0,42.0,0.0,0.0,0.0,0.0,0.0,0.0,0.0,0.0,0.0,0.0,0.0,0.0,0.0,0.0,0.0,0.0,0.0,0.0,0.0,0.0,0.0,0.0,0.0,0.0,0.0,0.0,0.0,0.0,0.0,0.0,0.0,0.0,0.0,0.0,0.0,0.0,0.0,0.0,0.0,0.0,4.0,8.0,1.0,5.0,3.0,0.0,6.0,7.0,12.0,12.0,27.0,35.0,23.0,11.0,0.0,0.0,0.0,0.0,0.0,0.0,0.0,0.0,0.0,0.0,0.0,0.0,0.0,0.0,0.0,0.0,0.0,0.0,0.0,0.0,4.0,8.0,1.0,7.0,4.0,0.0,10.0,10.0,17.0,17.0,40.0,55.0,29.0,16.0
827,1.0,827.0,London_32,FIFO,151,453,1092.0,70.0,2.0,138618.0,0.9936026390641928,759.0,112.0,0.0,112.0,187.0,0.0,187.0,196.0,223.0,115.0,21.0,53.0,9.0,29.0,2.0,1.0,10.0,81.0,160.0,202.0,29.0,0.0,0.0,0.0,0.0,0.0,0.0,0.0,0.0,0.0,0.0,0.0,0.0,0.0,0.0,0.0,0.0,0.0,0.0,0.0,0.0,0.0,0.0,0.0,0.0,0.0,0.0,0.0,0.0,0.0,0.0,0.0,0.0,0.0,0.0,0.0,0.0,0.0,0.0,0.0,0.0,9.0,6.0,0.0,4.0,1.0,0.0,11.0,6.0,12.0,2.0,24.0,24.0,23.0,9.0,0.0,0.0,0.0,0.0,0.0,0.0,0.0,0.0,0.0,0.0,0.0,0.0,0.0,0.0,0.0,0.0,0.0,0.0,0.0,0.0,10.0,11.0,0.0,5.0,1.0,0.0,16.0,7.0,15.0,2.0,35.0,34.0,30.0,13.0
828,1.0,828.0,London_32,FIFO,151,453,1092.0,70.0,2.0,129558.0,0.8691463079303503,739.0,73.0,0.0,73.0,115.0,0.0,115.0,187.0,236.0,111.0,14.0,59.0,5.0,25.0,0.0,3.0,10.0,88.0,158.0,197.0,44.0,0.0,0.0,0.0,0.0,0.0,0.0,0.0,0.0,0.0,0.0,0.0,0.0,0.0,0.0,0.0,0.0,0.0,0.0,0.0,0.0,0.0,0.0,0.0,0.0,0.0,0.0,0.0,0.0,0.0,0.0,0.0,0.0,0.0,0.0,0.0,0.0,0.0,0.0,0.0,0.0,0.0,6.0,1.0,0.0,1.0,0.0,6.0,7.0,7.0,13.0,17.0,23.0,15.0,3.0,0.0,0.0,0.0,0.0,0.0,0.0,0.0,0.0,0.0,0.0,0.0,0.0,0.0,0.0,0.0,0.0,0.0,0.0,0.0,0.0,0.0,7.0,1.0,0.0,1.0,0.0,8.0,8.0,8.0,17.0,22.0,33.0,18.0,4.0
829,1.0,829.0,London_32,FIFO,151,453,1092.0,70.0,2.0,130011.0,0.8300619148649275,740.0,3.0,3.0,0.0,28.0,28.0,0.0,115.0,250.0,107.0,21.0,49.0,5.0,19.0,0.0,2.0,11.0,83.0,165.0,194.0,44.0,0.0,0.0,0.0,0.0,0.0,0.0,0.0,0.0,0.0,0.0,0.0,0.0,0.0,0.0,0.0,0.0,0.0,0.0,0.0,0.0,0.0,0.0,0.0,0.0,0.0,0.0,0.0,0.0,0.0,0.0,0.0,0.0,0.0,0.0,1.0,2.0,0.0,0.0,0.0,0.0,0.0,0.0,0.0,0.0,0.0,0.0,0.0,0.0,0.0,0.0,0.0,0.0,0.0,0.0,0.0,0.0,0.0,0.0,0.0,0.0,0.0,0.0,0.0,0.0,0.0,0.0,0.0,0.0,8.0,6.0,0.0,0.0,0.0,0.0,0.0,0.0,0.0,0.0,0.0,0.0,0.0,0.0,0.0,0.0,0.0,0.0,0.0,0.0
830,1.0,830.0,London_32,FIFO,151,453,1092.0,70.0,2.0,180747.0,0.9470607601106167,852.0,81.0,0.0,81.0,147.0,0.0,147.0,28.0,243.0,110.0,24.0,48.0,3.0,20.0,2.0,3.0,9.0,83.0,159.0,202.0,37.0,0.0,0.0,0.0,0.0,0.0,0.0,0.0,0.0,0.0,0.0,0.0,0.0,0.0,0.0,0.0,0.0,0.0,0.0,0.0,0.0,0.0,0.0,0.0,0.0,0.0,0.0,0.0,0.0,0.0,0.0,0.0,0.0,0.0,0.0,0.0,0.0,0.0,0.0,0.0,0.0,1.0,6.0,2.0,2.0,0.0,0.0,4.0,7.0,6.0,3.0,16.0,16.0,21.0,6.0,0.0,0.0,0.0,0.0,0.0,0.0,0.0,0.0,0.0,0.0,0.0,0.0,0.0,0.0,0.0,0.0,0.0,0.0,0.0,0.0,1.0,8.0,2.0,3.0,0.0,0.0,5.0,9.0,9.0,4.0,25.0,28.0,31.0,10.0
831,1.0,831.0,London_32,FIFO,151,453,1092.0,70.0,2.0,189354.0,1.300071181729436,871.0,109.0,1.0,108.0,184.0,9.0,175.0,147.0,249.0,120.0,17.0,43.0,2.0,20.0,0.0,2.0,10.0,81.0,155.0,207.0,41.0,0.0,0.0,0.0,0.0,0.0,0.0,0.0,0.0,0.0,0.0,0.0,0.0,0.0,0.0,0.0,0.0,0.0,0.0,0.0,0.0,0.0,0.0,0.0,0.0,0.0,0.0,0.0,0.0,0.0,0.0,0.0,0.0,0.0,1.0,0.0,1.0,0.0,0.0,0.0,0.0,3.0,10.0,1.0,3.0,4.0,0.0,10.0,4.0,9.0,13.0,21.0,28.0,29.0,6.0,0.0,0.0,0.0,0.0,0.0,0.0,0.0,0.0,0.0,0.0,0.0,0.0,0.0,7.0,0.0,3.0,0.0,0.0,0.0,0.0,4.0,15.0,2.0,4.0,4.0,0.0,13.0,6.0,9.0,14.0,27.0,41.0,37.0,8.0
832,1.0,832.0,London_32,FIFO,151,453,1092.0,70.0,2.0,184824.0,1.199531908147037,861.0,100.0,2.0,98.0,197.0,18.0,179.0,184.0,255.0,96.0,12.0,61.0,5.0,20.0,2.0,2.0,6.0,83.0,144.0,220.0,36.0,0.0,0.0,0.0,0.0,0.0,0.0,0.0,0.0,0.0,0.0,0.0,0.0,0.0,0.0,0.0,0.0,0.0,0.0,0.0,0.0,0.0,0.0,0.0,0.0,0.0,0.0,0.0,0.0,0.0,0.0,0.0,0.0,0.0,0.0,0.0,1.0,0.0,0.0,0.0,0.0,0.0,8.0,5.0,0.0,0.0,0.0,12.0,7.0,6.0,8.0,13.0,22.0,14.0,15.0,0.0,0.0,0.0,0.0,0.0,0.0,0.0,0.0,0.0,0.0,0.0,0.0,0.0,0.0,0.0,1.0,0.0,0.0,0.0,0.0,0.0,10.0,6.0,0.0,0.0,0.0,19.0,13.0,9.0,11.0,22.0,35.0,15.0,26.0
833,1.0,833.0,London_32,FIFO,151,453,1092.0,70.0,2.0,173499.0,1.1579299489967525,836.0,124.0,0.0,124.0,221.0,0.0,221.0,197.0,263.0,93.0,14.0,47.0,8.0,23.0,2.0,3.0,6.0,66.0,152.0,229.0,24.0,0.0,0.0,0.0,0.0,0.0,0.0,0.0,0.0,0.0,0.0,0.0,0.0,0.0,0.0,0.0,0.0,0.0,0.0,0.0,0.0,0.0,0.0,0.0,0.0,0.0,0.0,0.0,0.0,0.0,0.0,0.0,0.0,0.0,0.0,0.0,0.0,0.0,0.0,0.0,0.0,0.0,7.0,1.0,1.0,0.0,0.0,3.0,6.0,11.0,9.0,19.0,27.0,18.0,18.0,0.0,0.0,0.0,0.0,0.0,0.0,0.0,0.0,0.0,0.0,0.0,0.0,0.0,0.0,0.0,0.0,0.0,0.0,0.0,0.0,0.0,12.0,1.0,2.0,0.0,0.0,6.0,6.0,13.0,10.0,27.0,40.0,27.0,27.0
834,1.0,834.0,London_32,FIFO,151,453,1092.0,70.0,2.0,149490.0,1.029249248560518,783.0,89.0,1.0,88.0,167.0,10.0,157.0,221.0,258.0,83.0,11.0,68.0,10.0,17.0,1.0,5.0,7.0,76.0,153.0,217.0,29.0,0.0,0.0,0.0,0.0,0.0,0.0,0.0,0.0,0.0,0.0,0.0,0.0,0.0,0.0,0.0,0.0,0.0,0.0,0.0,0.0,0.0,0.0,0.0,0.0,0.0,0.0,0.0,0.0,0.0,0.0,0.0,0.0,1.0,0.0,0.0,1.0,0.0,0.0,0.0,0.0,6.0,5.0,0.0,0.0,0.0,0.0,3.0,8.0,2.0,12.0,10.0,26.0,10.0,9.0,0.0,0.0,0.0,0.0,0.0,0.0,0.0,0.0,0.0,0.0,0.0,0.0,3.0,0.0,0.0,3.0,0.0,0.0,0.0,0.0,8.0,7.0,0.0,0.0,0.0,0.0,6.0,11.0,3.0,18.0,14.0,36.0,13.0,14.0
835,1.0,835.0,London_32,FIFO,151,453,1092.0,70.0,2.0,147225.0,0.9333279868587852,778.0,36.0,1.0,35.0,67.0,10.0,57.0,167.0,273.0,80.0,9.0,62.0,7.0,18.0,1.0,3.0,7.0,77.0,145.0,224.0,32.0,0.0,0.0,0.0,0.0,0.0,0.0,0.0,0.0,0.0,0.0,0.0,0.0,0.0,0.0,0.0,0.0,0.0,0.0,0.0,0.0,0.0,0.0,0.0,0.0,0.0,0.0,0.0,0.0,0.0,1.0,0.0,0.0,1.0,0.0,0.0,0.0,0.0,0.0,0.0,0.0,0.0,0.0,0.0,1.0,0.0,0.0,4.0,6.0,2.0,1.0,7.0,6.0,11.0,2.0,0.0,0.0,0.0,0.0,0.0,0.0,0.0,0.0,0.0,6.0,0.0,0.0,8.0,0.0,0.0,0.0,0.0,0.0,0.0,0.0,0.0,0.0,0.0,1.0,0.0,0.0,5.0,7.0,3.0,1.0,9.0,12.0,13.0,3.0
836,1.0,836.0,London_32,FIFO,151,453,1092.0,70.0,2.0,158550.0,0.882743326947093,803.0,114.0,0.0,114.0,183.0,0.0,183.0,67.0,278.0,71.0,10.0,68.0,5.0,14.0,2.0,5.0,7.0,74.0,142.0,230.0,37.0,0.0,0.0,0.0,0.0,0.0,0.0,0.0,0.0,0.0,0.0,0.0,0.0,0.0,0.0,0.0,0.0,0.0,0.0,0.0,0.0,0.0,0.0,0.0,0.0,0.0,0.0,0.0,0.0,0.0,0.0,0.0,0.0,0.0,0.0,0.0,0.0,0.0,0.0,0.0,0.0,3.0,0.0,2.0,1.0,0.0,1.0,8.0,5.0,9.0,6.0,27.0,29.0,22.0,3.0,0.0,0.0,0.0,0.0,0.0,0.0,0.0,0.0,0.0,0.0,0.0,0.0,0.0,0.0,0.0,0.0,0.0,0.0,0.0,0.0,3.0,0.0,2.0,3.0,0.0,1.0,10.0,7.0,10.0,7.0,40.0,39.0,30.0,4.0
837,1.0,837.0,London_32,FIFO,151,453,1092.0,70.0,2.0,141789.0,0.8385622450150549,766.0,126.0,0.0,126.0,215.0,0.0,215.0,183.0,286.0,69.0,11.0,50.0,8.0,22.0,2.0,5.0,4.0,80.0,146.0,223.0,21.0,0.0,0.0,0.0,0.0,0.0,0.0,0.0,0.0,0.0,0.0,0.0,0.0,0.0,0.0,0.0,0.0,0.0,0.0,0.0,0.0,0.0,0.0,0.0,0.0,0.0,0.0,0.0,0.0,0.0,0.0,0.0,0.0,0.0,0.0,0.0,0.0,0.0,0.0,0.0,0.0,1.0,12.0,2.0,3.0,1.0,0.0,3.0,7.0,13.0,12.0,22.0,22.0,20.0,10.0,0.0,0.0,0.0,0.0,0.0,0.0,0.0,0.0,0.0,0.0,0.0,0.0,0.0,0.0,0.0,0.0,0.0,0.0,0.0,0.0,1.0,13.0,2.0,5.0,1.0,0.0,3.0,9.0,17.0,15.0,32.0,29.0,29.0,13.0
838,1.0,838.0,London_32,FIFO,151,453,1092.0,70.0,2.0,113703.0,0.7743735699914396,704.0,68.0,2.0,66.0,142.0,19.0,123.0,215.0,276.0,74.0,15.0,58.0,7.0,19.0,0.0,4.0,4.0,77.0,144.0,228.0,26.0,0.0,0.0,0.0,0.0,0.0,0.0,0.0,0.0,0.0,0.0,0.0,0.0,0.0,0.0,0.0,0.0,0.0,0.0,0.0,0.0,0.0,0.0,0.0,0.0,0.0,0.0,0.0,0.0,0.0,2.0,0.0,0.0,0.0,1.0,0.0,2.0,0.0,0.0,0.0,0.0,6.0,3.0,0.0,0.0,0.0,0.0,7.0,8.0,10.0,10.0,8.0,13.0,13.0,9.0,0.0,0.0,0.0,0.0,0.0,0.0,0.0,0.0,0.0,5.0,0.0,0.0,0.0,9.0,0.0,5.0,0.0,0.0,0.0,0.0,7.0,4.0,0.0,0.0,0.0,0.0,8.0,11.0,12.0,14.0,13.0,21.0,19.0,14.0
839,1.0,839.0,London_32,FIFO,151,453,1092.0,70.0,2.0,117327.0,0.8686901298351586,712.0,29.0,2.0,27.0,60.0,17.0,43.0,142.0,278.0,86.0,13.0,48.0,1.0,22.0,1.0,4.0,2.0,67.0,143.0,241.0,28.0,0.0,0.0,0.0,0.0,0.0,0.0,0.0,0.0,0.0,0.0,0.0,0.0,0.0,0.0,0.0,0.0,0.0,0.0,0.0,0.0,0.0,0.0,0.0,0.0,0.0,0.0,0.0,0.0,0.0,2.0,0.0,0.0,2.0,0.0,0.0,2.0,0.0,0.0,0.0,0.0,0.0,2.0,0.0,0.0,0.0,0.0,4.0,1.0,1.0,3.0,7.0,4.0,10.0,3.0,0.0,0.0,0.0,0.0,0.0,0.0,0.0,0.0,0.0,3.0,0.0,0.0,9.0,0.0,0.0,10.0,0.0,0.0,0.0,0.0,0.0,2.0,0.0,0.0,0.0,0.0,5.0,2.0,1.0,4.0,8.0,8.0,12.0,5.0
840,1.0,840.0,London_32,FIFO,151,453,1092.0,70.0,2.0,138618.0,1.0528609617613256,759.0,75.0,0.0,75.0,130.0,0.0,130.0,60.0,276.0,91.0,16.0,45.0,1.0,20.0,1.0,3.0,2.0,78.0,131.0,242.0,25.0,0.0,0.0,0.0,0.0,0.0,0.0,0.0,0.0,0.0,0.0,0.0,0.0,0.0,0.0,0.0,0.0,0.0,0.0,0.0,0.0,0.0,0.0,0.0,0.0,0.0,0.0,0.0,0.0,0.0,0.0,0.0,0.0,0.0,0.0,0.0,0.0,0.0,0.0,0.0,0.0,8.0,7.0,4.0,3.0,4.0,0.0,9.0,4.0,6.0,7.0,13.0,18.0,15.0,9.0,0.0,0.0,0.0,0.0,0.0,0.0,0.0,0.0,0.0,0.0,0.0,0.0,0.0,0.0,0.0,0.0,0.0,0.0,0.0,0.0,8.0,12.0,4.0,5.0,4.0,0.0,17.0,5.0,7.0,10.0,21.0,27.0,18.0,16.0
841,1.0,841.0,London_32,FIFO,151,453,1092.0,70.0,2.0,147225.0,0.9926097681745887,778.0,96.0,2.0,94.0,185.0,18.0,167.0,130.0,282.0,105.0,14.0,32.0,2.0,15.0,0.0,3.0,5.0,82.0,134.0,232.0,23.0,0.0,0.0,0.0,0.0,0.0,0.0,0.0,0.0,0.0,0.0,0.0,0.0,0.0,0.0,0.0,0.0,0.0,0.0,0.0,0.0,0.0,0.0,0.0,0.0,0.0,0.0,0.0,0.0,0.0,0.0,0.0,0.0,0.0,1.0,0.0,1.0,0.0,0.0,0.0,0.0,4.0,3.0,3.0,3.0,1.0,0.0,14.0,6.0,8.0,4.0,21.0,17.0,23.0,6.0,0.0,0.0,0.0,0.0,0.0,0.0,0.0,0.0,0.0,0.0,0.0,0.0,0.0,6.0,0.0,3.0,0.0,0.0,0.0,0.0,4.0,4.0,3.0,8.0,1.0,0.0,19.0,11.0,13.0,6.0,30.0,26.0,27.0,9.0
842,1.0,842.0,London_32,FIFO,151,453,1092.0,70.0,2.0,145866.0,1.072952460963279,775.0,29.0,0.0,29.0,50.0,0.0,50.0,185.0,272.0,86.0,14.0,53.0,6.0,19.0,1.0,2.0,6.0,62.0,149.0,236.0,18.0,0.0,0.0,0.0,0.0,0.0,0.0,0.0,0.0,0.0,0.0,0.0,0.0,0.0,0.0,0.0,0.0,0.0,0.0,0.0,0.0,0.0,0.0,0.0,0.0,0.0,0.0,0.0,0.0,0.0,0.0,0.0,0.0,0.0,0.0,0.0,0.0,0.0,0.0,0.0,0.0,1.0,0.0,0.0,0.0,0.0,0.0,6.0,0.0,4.0,2.0,9.0,6.0,8.0,4.0,0.0,0.0,0.0,0.0,0.0,0.0,0.0,0.0,0.0,0.0,0.0,0.0,0.0,0.0,0.0,0.0,0.0,0.0,0.0,0.0,1.0,0.0,0.0,0.0,0.0,0.0,9.0,0.0,5.0,3.0,15.0,9.0,9.0,7.0
843,1.0,843.0,London_32,FIFO,151,453,1092.0,70.0,2.0,179388.0,1.2043635547161102,849.0,103.0,2.0,101.0,205.0,17.0,188.0,50.0,271.0,86.0,16.0,58.0,6.0,16.0,0.0,0.0,8.0,64.0,140.0,241.0,22.0,0.0,0.0,0.0,0.0,0.0,0.0,0.0,0.0,0.0,0.0,0.0,0.0,0.0,0.0,0.0,0.0,0.0,0.0,0.0,0.0,0.0,0.0,0.0,0.0,0.0,0.0,0.0,0.0,0.0,0.0,0.0,0.0,0.0,0.0,0.0,1.0,1.0,0.0,0.0,0.0,9.0,6.0,2.0,0.0,1.0,0.0,10.0,5.0,12.0,11.0,23.0,25.0,27.0,5.0,0.0,0.0,0.0,0.0,0.0,0.0,0.0,0.0,0.0,0.0,0.0,0.0,0.0,0.0,0.0,2.0,8.0,0.0,0.0,0.0,9.0,7.0,2.0,0.0,1.0,0.0,12.0,7.0,15.0,14.0,40.0,41.0,37.0,7.0
844,1.0,844.0,London_32,FIFO,151,453,1092.0,70.0,2.0,172593.0,1.2080041319131851,834.0,109.0,0.0,109.0,191.0,0.0,191.0,205.0,268.0,81.0,12.0,57.0,7.0,24.0,0.0,4.0,6.0,69.0,158.0,220.0,25.0,0.0,0.0,0.0,0.0,0.0,0.0,0.0,0.0,0.0,0.0,0.0,0.0,0.0,0.0,0.0,0.0,0.0,0.0,0.0,0.0,0.0,0.0,0.0,0.0,0.0,0.0,0.0,0.0,0.0,0.0,0.0,0.0,0.0,0.0,0.0,0.0,0.0,0.0,0.0,0.0,1.0,4.0,1.0,0.0,0.0,0.0,8.0,10.0,7.0,10.0,19.0,28.0,19.0,11.0,0.0,0.0,0.0,0.0,0.0,0.0,0.0,0.0,0.0,0.0,0.0,0.0,0.0,0.0,0.0,0.0,0.0,0.0,0.0,0.0,1.0,5.0,1.0,0.0,0.0,0.0,9.0,17.0,10.0,13.0,28.0,39.0,21.0,16.0
845,1.0,845.0,London_32,FIFO,151,453,1092.0,70.0,2.0,163080.0,1.0007197000086308,813.0,88.0,1.0,87.0,162.0,8.0,154.0,191.0,267.0,68.0,15.0,64.0,6.0,30.0,1.0,2.0,7.0,76.0,142.0,228.0,26.0,0.0,0.0,0.0,0.0,0.0,0.0,0.0,0.0,0.0,0.0,0.0,0.0,0.0,0.0,0.0,0.0,0.0,0.0,0.0,0.0,0.0,0.0,0.0,0.0,0.0,0.0,0.0,0.0,0.0,0.0,0.0,0.0,1.0,0.0,0.0,1.0,0.0,0.0,0.0,0.0,7.0,7.0,2.0,2.0,0.0,0.0,18.0,4.0,2.0,9.0,17.0,16.0,17.0,6.0,0.0,0.0,0.0,0.0,0.0,0.0,0.0,0.0,0.0,0.0,0.0,0.0,1.0,0.0,0.0,3.0,0.0,0.0,0.0,0.0,9.0,7.0,2.0,4.0,0.0,0.0,23.0,7.0,3.0,11.0,26.0,30.0,21.0,11.0
846,1.0,846.0,London_32,FIFO,151,453,1092.0,70.0,2.0,170781.0,1.2783523830585182,830.0,73.0,2.0,71.0,138.0,18.0,120.0,162.0,272.0,67.0,14.0,62.0,8.0,27.0,0.0,3.0,4.0,74.0,139.0,236.0,30.0,0.0,0.0,0.0,0.0,0.0,0.0,0.0,0.0,0.0,0.0,0.0,0.0,0.0,0.0,0.0,0.0,0.0,0.0,0.0,0.0,0.0,0.0,0.0,0.0,0.0,0.0,0.0,0.0,0.0,0.0,1.0,0.0,1.0,0.0,1.0,2.0,0.0,0.0,0.0,0.0,3.0,0.0,1.0,1.0,2.0,0.0,13.0,3.0,0.0,7.0,18.0,16.0,25.0,8.0,0.0,0.0,0.0,0.0,0.0,0.0,0.0,0.0,0.0,0.0,5.0,0.0,1.0,0.0,8.0,5.0,0.0,0.0,0.0,0.0,3.0,0.0,1.0,2.0,2.0,0.0,18.0,4.0,0.0,9.0,26.0,21.0,34.0,11.0
847,1.0,847.0,London_32,FIFO,151,453,1092.0,70.0,2.0,177576.0,1.4456193479709327,845.0,121.0,1.0,120.0,214.0,11.0,203.0,138.0,291.0,66.0,14.0,58.0,6.0,15.0,0.0,3.0,4.0,82.0,133.0,234.0,23.0,0.0,0.0,0.0,0.0,0.0,0.0,0.0,0.0,0.0,0.0,0.0,0.0,0.0,0.0,0.0,0.0,0.0,0.0,0.0,0.0,0.0,0.0,0.0,0.0,0.0,0.0,0.0,0.0,0.0,0.0,0.0,0.0,0.0,0.0,0.0,1.0,0.0,0.0,0.0,0.0,2.0,17.0,0.0,2.0,2.0,0.0,14.0,5.0,2.0,8.0,20.0,29.0,17.0,12.0,0.0,0.0,0.0,0.0,0.0,0.0,0.0,0.0,0.0,0.0,0.0,0.0,0.0,0.0,0.0,4.0,0.0,0.0,0.0,0.0,2.0,25.0,0.0,2.0,2.0,0.0,18.0,8.0,2.0,11.0,34.0,42.0,17.0,19.0
848,1.0,848.0,London_32,FIFO,151,453,1092.0,70.0,2.0,154473.0,1.0957807889208198,794.0,82.0,0.0,82.0,148.0,0.0,148.0,214.0,273.0,77.0,17.0,53.0,5.0,22.0,0.0,6.0,3.0,72.0,139.0,239.0,20.0,0.0,0.0,0.0,0.0,0.0,0.0,0.0,0.0,0.0,0.0,0.0,0.0,0.0,0.0,0.0,0.0,0.0,0.0,0.0,0.0,0.0,0.0,0.0,0.0,0.0,0.0,0.0,0.0,0.0,0.0,0.0,0.0,0.0,0.0,0.0,0.0,0.0,0.0,0.0,0.0,5.0,0.0,0.0,0.0,0.0,0.0,12.0,7.0,8.0,5.0,22.0,19.0,16.0,4.0,0.0,0.0,0.0,0.0,0.0,0.0,0.0,0.0,0.0,0.0,0.0,0.0,0.0,0.0,0.0,0.0,0.0,0.0,0.0,0.0,5.0,0.0,0.0,0.0,0.0,0.0,14.0,11.0,11.0,6.0,34.0,27.0,19.0,8.0
849,1.0,849.0,London_32,FIFO,151,453,1092.0,70.0,2.0,150849.0,1.1366127296350896,786.0,163.0,2.0,161.0,288.0,18.0,270.0,148.0,284.0,70.0,10.0,42.0,5.0,36.0,1.0,5.0,5.0,81.0,142.0,225.0,24.0,0.0,0.0,0.0,0.0,0.0,0.0,0.0,0.0,0.0,0.0,0.0,0.0,0.0,0.0,0.0,0.0,0.0,0.0,0.0,0.0,0.0,0.0,0.0,0.0,0.0,0.0,0.0,0.0,0.0,1.0,0.0,0.0,0.0,0.0,0.0,2.0,0.0,0.0,0.0,0.0,1.0,21.0,0.0,7.0,2.0,1.0,7.0,6.0,6.0,16.0,31.0,32.0,29.0,8.0,0.0,0.0,0.0,0.0,0.0,0.0,0.0,0.0,0.0,3.0,0.0,0.0,0.0,0.0,0.0,7.0,0.0,0.0,0.0,0.0,1.0,29.0,0.0,9.0,2.0,1.0,10.0,8.0,10.0,20.0,41.0,48.0,34.0,10.0
850,1.0,850.0,London_32,FIFO,151,453,1092.0,70.0,2.0,111438.0,0.7127952417358756,699.0,3.0,1.0,2.0,13.0,10.0,3.0,288.0,202.0,97.0,23.0,89.0,9.0,23.0,2.0,8.0,5.0,73.0,142.0,233.0,43.0,0.0,0.0,0.0,0.0,0.0,0.0,0.0,0.0,0.0,0.0,0.0,0.0,0.0,0.0,0.0,0.0,0.0,0.0,0.0,0.0,0.0,0.0,0.0,0.0,0.0,0.0,0.0,0.0,0.0,0.0,0.0,0.0,0.0,0.0,0.0,1.0,0.0,0.0,0.0,0.0,0.0,0.0,0.0,0.0,0.0,0.0,0.0,0.0,0.0,0.0,1.0,0.0,0.0,0.0,0.0,0.0,0.0,0.0,0.0,0.0,0.0,0.0,0.0,0.0,0.0,0.0,0.0,0.0,0.0,4.0,0.0,0.0,0.0,0.0,0.0,0.0,0.0,0.0,0.0,0.0,0.0,0.0,0.0,0.0,1.0,0.0,0.0,0.0
851,1.0,851.0,London_32,FIFO,151,453,1092.0,70.0,2.0,152208.0,0.8870214289054275,789.0,131.0,2.0,129.0,234.0,16.0,218.0,13.0,205.0,101.0,24.0,90.0,7.0,16.0,2.0,8.0,5.0,79.0,133.0,236.0,40.0,0.0,0.0,0.0,0.0,0.0,0.0,0.0,0.0,0.0,0.0,0.0,0.0,0.0,0.0,0.0,0.0,0.0,0.0,0.0,0.0,0.0,0.0,0.0,0.0,0.0,0.0,0.0,0.0,0.0,0.0,0.0,0.0,0.0,0.0,0.0,2.0,0.0,0.0,0.0,0.0,1.0,14.0,4.0,0.0,0.0,0.0,15.0,13.0,2.0,10.0,25.0,30.0,24.0,15.0,0.0,0.0,0.0,0.0,0.0,0.0,0.0,0.0,0.0,0.0,0.0,0.0,0.0,0.0,0.0,6.0,0.0,0.0,0.0,0.0,1.0,19.0,4.0,0.0,0.0,0.0,24.0,14.0,2.0,12.0,31.0,46.0,30.0,22.0
852,1.0,852.0,London_32,FIFO,151,453,1092.0,70.0,2.0,125028.0,0.8003298961557448,729.0,72.0,0.0,72.0,130.0,0.0,130.0,234.0,219.0,105.0,17.0,85.0,7.0,15.0,1.0,4.0,5.0,83.0,125.0,240.0,30.0,0.0,0.0,0.0,0.0,0.0,0.0,0.0,0.0,0.0,0.0,0.0,0.0,0.0,0.0,0.0,0.0,0.0,0.0,0.0,0.0,0.0,0.0,0.0,0.0,0.0,0.0,0.0,0.0,0.0,0.0,0.0,0.0,0.0,0.0,0.0,0.0,0.0,0.0,0.0,0.0,3.0,4.0,2.0,1.0,1.0,0.0,9.0,6.0,5.0,7.0,13.0,14.0,12.0,10.0,0.0,0.0,0.0,0.0,0.0,0.0,0.0,0.0,0.0,0.0,0.0,0.0,0.0,0.0,0.0,0.0,0.0,0.0,0.0,0.0,3.0,5.0,2.0,2.0,1.0,0.0,12.0,9.0,5.0,10.0,17.0,25.0,18.0,21.0
853,1.0,853.0,London_32,FIFO,151,453,1092.0,70.0,2.0,128199.0,0.8481743088923395,736.0,13.0,0.0,13.0,27.0,0.0,27.0,130.0,226.0,111.0,21.0,68.0,9.0,14.0,0.0,4.0,7.0,67.0,147.0,232.0,29.0,0.0,0.0,0.0,0.0,0.0,0.0,0.0,0.0,0.0,0.0,0.0,0.0,0.0,0.0,0.0,0.0,0.0,0.0,0.0,0.0,0.0,0.0,0.0,0.0,0.0,0.0,0.0,0.0,0.0,0.0,0.0,0.0,0.0,0.0,0.0,0.0,0.0,0.0,0.0,0.0,0.0,1.0,0.0,0.0,0.0,0.0,3.0,2.0,1.0,1.0,2.0,1.0,4.0,1.0,0.0,0.0,0.0,0.0,0.0,0.0,0.0,0.0,0.0,0.0,0.0,0.0,0.0,0.0,0.0,0.0,0.0,0.0,0.0,0.0,0.0,1.0,0.0,0.0,0.0,0.0,3.0,4.0,1.0,4.0,5.0,1.0,4.0,1.0
854,1.0,854.0,London_32,FIFO,151,453,1092.0,70.0,2.0,147678.0,0.9809988853521645,779.0,61.0,2.0,59.0,121.0,18.0,103.0,27.0,231.0,112.0,19.0,63.0,9.0,13.0,0.0,6.0,7.0,68.0,150.0,228.0,30.0,0.0,0.0,0.0,0.0,0.0,0.0,0.0,0.0,0.0,0.0,0.0,0.0,0.0,0.0,0.0,0.0,0.0,0.0,0.0,0.0,0.0,0.0,0.0,0.0,0.0,0.0,0.0,0.0,0.0,0.0,0.0,0.0,0.0,0.0,2.0,2.0,0.0,0.0,0.0,0.0,2.0,4.0,0.0,1.0,0.0,0.0,6.0,2.0,1.0,7.0,10.0,13.0,13.0,7.0,0.0,0.0,0.0,0.0,0.0,0.0,0.0,0.0,0.0,0.0,0.0,0.0,0.0,0.0,16.0,4.0,0.0,0.0,0.0,0.0,3.0,5.0,0.0,2.0,0.0,0.0,8.0,3.0,1.0,10.0,17.0,21.0,19.0,11.0
855,1.0,855.0,London_32,FIFO,151,453,1092.0,70.0,2.0,160362.0,1.089708536863327,807.0,85.0,0.0,85.0,141.0,0.0,141.0,121.0,242.0,90.0,15.0,70.0,13.0,18.0,0.0,5.0,9.0,73.0,135.0,236.0,28.0,0.0,0.0,0.0,0.0,0.0,0.0,0.0,0.0,0.0,0.0,0.0,0.0,0.0,0.0,0.0,0.0,0.0,0.0,0.0,0.0,0.0,0.0,0.0,0.0,0.0,0.0,0.0,0.0,0.0,0.0,0.0,0.0,0.0,0.0,0.0,0.0,0.0,0.0,0.0,0.0,6.0,4.0,2.0,0.0,1.0,0.0,9.0,4.0,7.0,4.0,17.0,10.0,25.0,3.0,0.0,0.0,0.0,0.0,0.0,0.0,0.0,0.0,0.0,0.0,0.0,0.0,0.0,0.0,0.0,0.0,0.0,0.0,0.0,0.0,6.0,5.0,2.0,0.0,1.0,0.0,12.0,5.0,12.0,5.0,24.0,15.0,32.0,5.0
856,1.0,856.0,London_32,FIFO,151,453,1092.0,70.0,2.0,161721.0,1.094439459964633,810.0,102.0,0.0,102.0,183.0,0.0,183.0,141.0,245.0,94.0,8.0,64.0,11.0,24.0,1.0,6.0,9.0,77.0,139.0,228.0,35.0,0.0,0.0,0.0,0.0,0.0,0.0,0.0,0.0,0.0,0.0,0.0,0.0,0.0,0.0,0.0,0.0,0.0,0.0,0.0,0.0,0.0,0.0,0.0,0.0,0.0,0.0,0.0,0.0,0.0,0.0,0.0,0.0,0.0,0.0,0.0,0.0,0.0,0.0,0.0,0.0,5.0,7.0,2.0,2.0,0.0,2.0,16.0,2.0,2.0,11.0,16.0,27.0,14.0,10.0,0.0,0.0,0.0,0.0,0.0,0.0,0.0,0.0,0.0,0.0,0.0,0.0,0.0,0.0,0.0,0.0,0.0,0.0,0.0,0.0,6.0,9.0,2.0,3.0,0.0,4.0,23.0,2.0,2.0,17.0,28.0,44.0,22.0,14.0
857,1.0,857.0,London_32,FIFO,151,453,1092.0,70.0,2.0,157191.0,1.2918375781737268,800.0,108.0,0.0,108.0,190.0,0.0,190.0,183.0,237.0,107.0,12.0,60.0,11.0,22.0,1.0,3.0,9.0,76.0,145.0,223.0,45.0,0.0,0.0,0.0,0.0,0.0,0.0,0.0,0.0,0.0,0.0,0.0,0.0,0.0,0.0,0.0,0.0,0.0,0.0,0.0,0.0,0.0,0.0,0.0,0.0,0.0,0.0,0.0,0.0,0.0,0.0,0.0,0.0,0.0,0.0,0.0,0.0,0.0,0.0,0.0,0.0,3.0,7.0,5.0,0.0,4.0,0.0,13.0,4.0,2.0,14.0,22.0,24.0,18.0,11.0,0.0,0.0,0.0,0.0,0.0,0.0,0.0,0.0,0.0,0.0,0.0,0.0,0.0,0.0,0.0,0.0,0.0,0.0,0.0,0.0,3.0,10.0,5.0,0.0,4.0,0.0,18.0,5.0,2.0,18.0,34.0,29.0,22.0,20.0
858,1.0,858.0,London_32,FIFO,151,453,1092.0,70.0,2.0,159003.0,0.977898629847914,804.0,96.0,1.0,95.0,173.0,9.0,164.0,190.0,259.0,97.0,17.0,53.0,6.0,17.0,1.0,3.0,10.0,64.0,154.0,225.0,36.0,0.0,0.0,0.0,0.0,0.0,0.0,0.0,0.0,0.0,0.0,0.0,0.0,0.0,0.0,0.0,0.0,0.0,0.0,0.0,0.0,0.0,0.0,0.0,0.0,0.0,0.0,0.0,0.0,0.0,0.0,0.0,0.0,0.0,0.0,1.0,0.0,0.0,0.0,0.0,0.0,2.0,7.0,0.0,0.0,0.0,0.0,6.0,7.0,9.0,4.0,14.0,22.0,22.0,7.0,0.0,0.0,0.0,0.0,0.0,0.0,0.0,0.0,0.0,0.0,0.0,0.0,0.0,0.0,8.0,0.0,0.0,0.0,0.0,0.0,2.0,10.0,0.0,0.0,0.0,0.0,6.0,11.0,12.0,4.0,22.0,32.0,27.0,11.0
859,1.0,859.0,London_32,FIFO,151,453,1092.0,70.0,2.0,148584.0,0.9582974822260439,781.0,20.0,2.0,18.0,47.0,18.0,29.0,173.0,277.0,95.0,9.0,49.0,5.0,13.0,2.0,3.0,9.0,68.0,148.0,228.0,21.0,0.0,0.0,0.0,0.0,0.0,0.0,0.0,0.0,0.0,1.0,0.0,0.0,0.0,1.0,0.0,0.0,0.0,0.0,1.0,0.0,0.0,0.0,0.0,0.0,0.0,0.0,0.0,0.0,0.0,1.0,0.0,0.0,1.0,0.0,1.0,1.0,0.0,0.0,0.0,0.0,0.0,1.0,0.0,0.0,0.0,0.0,3.0,0.0,2.0,0.0,6.0,6.0,3.0,0.0,0.0,0.0,0.0,0.0,0.0,0.0,0.0,0.0,0.0,3.0,0.0,0.0,2.0,0.0,6.0,1.0,0.0,0.0,0.0,0.0,0.0,1.0,0.0,0.0,0.0,0.0,4.0,0.0,2.0,0.0,10.0,8.0,3.0,0.0
860,1.0,860.0,London_32,FIFO,151,453,1092.0,70.0,2.0,177576.0,1.239131289999932,845.0,106.0,2.0,104.0,204.0,15.0,189.0,42.0,278.0,91.0,11.0,43.0,7.0,16.0,2.0,5.0,7.0,71.0,144.0,231.0,24.0,0.0,0.0,0.0,0.0,0.0,0.0,0.0,0.0,0.0,0.0,0.0,0.0,0.0,0.0,0.0,0.0,0.0,0.0,0.0,0.0,0.0,0.0,0.0,0.0,0.0,0.0,0.0,0.0,0.0,0.0,0.0,0.0,0.0,1.0,1.0,1.0,0.0,0.0,0.0,0.0,2.0,4.0,11.0,1.0,6.0,1.0,14.0,5.0,10.0,6.0,17.0,26.0,15.0,12.0,0.0,0.0,0.0,0.0,0.0,0.0,0.0,0.0,0.0,0.0,0.0,0.0,0.0,5.0,6.0,4.0,0.0,0.0,0.0,0.0,2.0,4.0,13.0,2.0,6.0,2.0,19.0,7.0,13.0,8.0,28.0,45.0,20.0,17.0
861,1.0,861.0,London_32,FIFO,151,453,1092.0,70.0,2.0,163080.0,0.8192577580921352,813.0,122.0,0.0,122.0,204.0,0.0,204.0,204.0,279.0,75.0,12.0,62.0,4.0,17.0,0.0,4.0,4.0,82.0,141.0,226.0,21.0,0.0,0.0,0.0,0.0,0.0,0.0,0.0,0.0,0.0,0.0,0.0,0.0,0.0,0.0,0.0,0.0,0.0,0.0,0.0,0.0,0.0,0.0,0.0,0.0,0.0,0.0,0.0,0.0,0.0,0.0,0.0,0.0,0.0,0.0,0.0,0.0,0.0,0.0,0.0,0.0,2.0,7.0,1.0,1.0,1.0,0.0,5.0,5.0,7.0,9.0,18.0,32.0,15.0,9.0,0.0,0.0,0.0,0.0,0.0,0.0,0.0,0.0,0.0,0.0,0.0,0.0,0.0,0.0,0.0,0.0,0.0,0.0,0.0,0.0,3.0,10.0,1.0,1.0,1.0,0.0,7.0,5.0,9.0,13.0,26.0,45.0,20.0,13.0
862,1.0,862.0,London_32,FIFO,151,453,1092.0,70.0,2.0,147678.0,0.8101890301331878,779.0,32.0,1.0,31.0,63.0,10.0,53.0,204.0,249.0,89.0,13.0,63.0,5.0,30.0,0.0,4.0,10.0,76.0,149.0,218.0,28.0,0.0,0.0,0.0,0.0,0.0,0.0,0.0,0.0,0.0,0.0,0.0,0.0,0.0,0.0,0.0,0.0,0.0,0.0,0.0,0.0,0.0,0.0,0.0,0.0,0.0,0.0,0.0,0.0,0.0,1.0,0.0,0.0,1.0,0.0,0.0,1.0,0.0,0.0,0.0,0.0,2.0,3.0,0.0,1.0,0.0,0.0,4.0,0.0,1.0,3.0,9.0,6.0,6.0,2.0,0.0,0.0,0.0,0.0,0.0,0.0,0.0,0.0,0.0,1.0,0.0,0.0,4.0,0.0,0.0,5.0,0.0,0.0,0.0,0.0,2.0,5.0,0.0,2.0,0.0,0.0,4.0,0.0,1.0,5.0,13.0,8.0,8.0,4.0
863,1.0,863.0,London_32,FIFO,151,453,1092.0,70.0,2.0,169875.0,1.0670464467257261,828.0,132.0,0.0,132.0,230.0,0.0,230.0,63.0,254.0,89.0,11.0,63.0,3.0,28.0,1.0,4.0,7.0,70.0,152.0,224.0,24.0,0.0,0.0,0.0,0.0,0.0,0.0,0.0,0.0,0.0,0.0,0.0,0.0,0.0,0.0,0.0,0.0,0.0,0.0,0.0,0.0,0.0,0.0,0.0,0.0,0.0,0.0,0.0,0.0,0.0,0.0,0.0,0.0,0.0,0.0,0.0,0.0,0.0,0.0,0.0,0.0,0.0,9.0,3.0,1.0,1.0,0.0,16.0,6.0,9.0,5.0,23.0,34.0,20.0,8.0,0.0,0.0,0.0,0.0,0.0,0.0,0.0,0.0,0.0,0.0,0.0,0.0,0.0,0.0,0.0,0.0,0.0,0.0,0.0,0.0,0.0,13.0,4.0,1.0,1.0,0.0,20.0,8.0,11.0,7.0,31.0,50.0,27.0,11.0
864,1.0,864.0,London_32,FIFO,151,453,1092.0,70.0,2.0,144054.0,1.1597684952430427,771.0,194.0,3.0,191.0,359.0,25.0,334.0,230.0,227.0,93.0,20.0,74.0,7.0,26.0,2.0,4.0,9.0,70.0,153.0,221.0,23.0,0.0,0.0,0.0,0.0,0.0,0.0,0.0,0.0,0.0,0.0,0.0,0.0,0.0,0.0,0.0,0.0,0.0,0.0,0.0,0.0,0.0,0.0,0.0,0.0,0.0,0.0,0.0,0.0,0.0,0.0,0.0,0.0,0.0,0.0,1.0,1.0,0.0,0.0,0.0,0.0,0.0,1.0,1.0,2.0,5.0,1.0,11.0,8.0,11.0,13.0,41.0,49.0,31.0,10.0,0.0,0.0,0.0,0.0,0.0,0.0,0.0,0.0,0.0,0.0,0.0,0.0,0.0,0.0,5.0,3.0,0.0,0.0,0.0,0.0,0.0,1.0,1.0,4.0,5.0,1.0,14.0,10.0,15.0,17.0,59.0,82.0,44.0,17.0
865,1.0,865.0,London_32,FIFO,151,453,1092.0,70.0,2.0,73386.0,0.23749359790235758,615.0,6.0,1.0,5.0,16.0,9.0,7.0,359.0,138.0,129.0,24.0,104.0,12.0,39.0,2.0,5.0,4.0,74.0,160.0,215.0,41.0,0.0,0.0,0.0,0.0,0.0,0.0,0.0,0.0,0.0,0.0,0.0,0.0,0.0,0.0,0.0,0.0,0.0,0.0,0.0,0.0,0.0,0.0,0.0,0.0,0.0,0.0,0.0,0.0,0.0,1.0,0.0,0.0,0.0,0.0,0.0,0.0,1.0,0.0,0.0,0.0,0.0,0.0,0.0,0.0,0.0,0.0,1.0,1.0,0.0,0.0,0.0,2.0,0.0,0.0,0.0,0.0,0.0,0.0,0.0,0.0,0.0,0.0,0.0,8.0,0.0,0.0,0.0,0.0,0.0,0.0,9.0,0.0,0.0,0.0,0.0,0.0,0.0,0.0,0.0,0.0,1.0,2.0,0.0,0.0,0.0,3.0,0.0,0.0
866,1.0,866.0,London_32,FIFO,151,453,1092.0,70.0,2.0,105096.0,0.47219261014834046,685.0,36.0,0.0,36.0,64.0,0.0,64.0,16.0,137.0,134.0,23.0,107.0,9.0,36.0,2.0,5.0,4.0,70.0,163.0,216.0,36.0,0.0,0.0,0.0,0.0,0.0,0.0,0.0,0.0,0.0,0.0,0.0,0.0,0.0,0.0,0.0,0.0,0.0,0.0,0.0,0.0,0.0,0.0,0.0,0.0,0.0,0.0,0.0,0.0,0.0,0.0,0.0,0.0,0.0,0.0,0.0,0.0,0.0,0.0,0.0,0.0,2.0,0.0,0.0,0.0,0.0,0.0,4.0,4.0,2.0,0.0,6.0,8.0,8.0,4.0,0.0,0.0,0.0,0.0,0.0,0.0,0.0,0.0,0.0,0.0,0.0,0.0,0.0,0.0,0.0,0.0,0.0,0.0,0.0,0.0,5.0,0.0,0.0,0.0,0.0,0.0,7.0,5.0,2.0,0.0,11.0,13.0,13.0,6.0
867,1.0,867.0,London_32,FIFO,151,453,1092.0,70.0,2.0,124122.0,0.7374901473522186,727.0,62.0,2.0,60.0,124.0,17.0,107.0,64.0,139.0,126.0,23.0,101.0,13.0,42.0,3.0,6.0,4.0,71.0,162.0,216.0,37.0,0.0,0.0,0.0,0.0,0.0,0.0,0.0,0.0,0.0,0.0,0.0,0.0,0.0,0.0,0.0,0.0,0.0,0.0,0.0,0.0,0.0,0.0,0.0,0.0,0.0,0.0,0.0,0.0,0.0,0.0,0.0,0.0,1.0,0.0,2.0,1.0,0.0,0.0,0.0,0.0,1.0,3.0,0.0,0.0,0.0,0.0,5.0,7.0,8.0,3.0,17.0,12.0,12.0,6.0,0.0,0.0,0.0,0.0,0.0,0.0,0.0,0.0,0.0,0.0,0.0,0.0,6.0,0.0,14.0,3.0,0.0,0.0,0.0,0.0,1.0,4.0,0.0,0.0,0.0,0.0,9.0,10.0,13.0,4.0,20.0,17.0,16.0,10.0
868,1.0,868.0,London_32,FIFO,151,453,1092.0,70.0,2.0,129105.0,0.6124883317388594,738.0,78.0,0.0,78.0,139.0,0.0,139.0,124.0,139.0,136.0,26.0,94.0,13.0,37.0,3.0,5.0,4.0,78.0,155.0,216.0,36.0,0.0,0.0,0.0,0.0,0.0,0.0,0.0,0.0,0.0,0.0,0.0,0.0,0.0,0.0,0.0,0.0,0.0,0.0,0.0,0.0,0.0,0.0,0.0,0.0,0.0,0.0,0.0,0.0,0.0,0.0,0.0,0.0,0.0,0.0,0.0,0.0,0.0,0.0,0.0,0.0,3.0,1.0,1.0,2.0,0.0,0.0,9.0,4.0,5.0,6.0,18.0,10.0,18.0,3.0,0.0,0.0,0.0,0.0,0.0,0.0,0.0,0.0,0.0,0.0,0.0,0.0,0.0,0.0,0.0,0.0,0.0,0.0,0.0,0.0,6.0,1.0,1.0,2.0,0.0,0.0,12.0,5.0,5.0,7.0,31.0,14.0,25.0,6.0
869,1.0,869.0,London_32,FIFO,151,453,1092.0,70.0,2.0,138618.0,0.8959893737919629,759.0,50.0,0.0,50.0,85.0,0.0,85.0,139.0,140.0,130.0,28.0,82.0,18.0,49.0,3.0,3.0,6.0,70.0,170.0,207.0,43.0,0.0,0.0,0.0,0.0,0.0,0.0,0.0,0.0,0.0,0.0,0.0,0.0,0.0,0.0,0.0,0.0,0.0,0.0,0.0,0.0,0.0,0.0,0.0,0.0,0.0,0.0,0.0,0.0,0.0,0.0,0.0,0.0,0.0,0.0,0.0,0.0,0.0,0.0,0.0,0.0,1.0,4.0,0.0,0.0,0.0,0.0,4.0,7.0,2.0,2.0,9.0,9.0,13.0,11.0,0.0,0.0,0.0,0.0,0.0,0.0,0.0,0.0,0.0,0.0,0.0,0.0,0.0,0.0,0.0,0.0,0.0,0.0,0.0,0.0,1.0,4.0,0.0,0.0,0.0,0.0,4.0,10.0,3.0,2.0,14.0,14.0,18.0,16.0
870,1.0,870.0,London_32,FIFO,151,453,1092.0,70.0,2.0,160815.0,0.7917858161963522,808.0,6.0,0.0,6.0,12.0,0.0,12.0,85.0,154.0,127.0,28.0,71.0,22.0,47.0,2.0,2.0,6.0,82.0,177.0,188.0,45.0,0.0,0.0,0.0,0.0,0.0,0.0,0.0,0.0,0.0,0.0,0.0,0.0,0.0,0.0,0.0,0.0,0.0,0.0,0.0,0.0,0.0,0.0,0.0,0.0,0.0,0.0,0.0,0.0,0.0,0.0,0.0,0.0,0.0,0.0,0.0,0.0,0.0,0.0,0.0,0.0,1.0,1.0,0.0,1.0,0.0,0.0,1.0,1.0,2.0,0.0,1.0,4.0,1.0,2.0,0.0,0.0,0.0,0.0,0.0,0.0,0.0,0.0,0.0,0.0,0.0,0.0,0.0,0.0,0.0,0.0,0.0,0.0,0.0,0.0,2.0,1.0,0.0,4.0,0.0,0.0,2.0,2.0,2.0,0.0,2.0,6.0,1.0,3.0
871,1.0,871.0,London_32,FIFO,151,453,1092.0,70.0,2.0,203397.0,0.9784846240654588,902.0,88.0,3.0,85.0,179.0,28.0,151.0,12.0,153.0,126.0,29.0,72.0,22.0,47.0,2.0,2.0,6.0,84.0,177.0,186.0,48.0,0.0,0.0,0.0,0.0,0.0,0.0,0.0,0.0,0.0,0.0,0.0,0.0,0.0,0.0,0.0,0.0,0.0,0.0,0.0,0.0,0.0,0.0,0.0,0.0,0.0,0.0,0.0,0.0,0.0,0.0,1.0,0.0,1.0,0.0,1.0,1.0,0.0,0.0,0.0,0.0,4.0,15.0,0.0,2.0,4.0,0.0,10.0,7.0,4.0,12.0,15.0,18.0,16.0,6.0,0.0,0.0,0.0,0.0,0.0,0.0,0.0,0.0,0.0,0.0,2.0,0.0,2.0,0.0,7.0,5.0,0.0,0.0,0.0,0.0,6.0,20.0,0.0,3.0,4.0,0.0,11.0,12.0,4.0,16.0,19.0,25.0,18.0,9.0
872,1.0,872.0,London_32,FIFO,151,453,1092.0,70.0,2.0,220611.0,1.2528862305916846,940.0,203.0,0.0,203.0,342.0,0.0,342.0,179.0,167.0,153.0,17.0,39.0,17.0,53.0,2.0,5.0,6.0,73.0,169.0,205.0,47.0,0.0,0.0,0.0,0.0,0.0,0.0,0.0,0.0,0.0,0.0,0.0,0.0,0.0,0.0,0.0,0.0,0.0,0.0,0.0,0.0,0.0,0.0,0.0,0.0,0.0,0.0,0.0,0.0,0.0,0.0,0.0,0.0,0.0,0.0,0.0,0.0,0.0,0.0,0.0,0.0,1.0,9.0,0.0,3.0,0.0,1.0,5.0,10.0,6.0,4.0,40.0,35.0,23.0,14.0,0.0,0.0,0.0,0.0,0.0,0.0,0.0,0.0,0.0,0.0,0.0,0.0,0.0,0.0,0.0,0.0,0.0,0.0,0.0,0.0,1.0,14.0,0.0,4.0,0.0,1.0,6.0,11.0,9.0,4.0,55.0,59.0,30.0,21.0
873,1.0,873.0,London_32,FIFO,151,453,1092.0,70.0,2.0,160362.0,0.5247124307788908,807.0,61.0,1.0,60.0,103.0,9.0,94.0,342.0,113.0,134.0,27.0,83.0,24.0,56.0,2.0,14.0,7.0,81.0,168.0,197.0,41.0,0.0,0.0,0.0,0.0,0.0,0.0,0.0,0.0,0.0,0.0,0.0,0.0,0.0,0.0,0.0,0.0,0.0,0.0,0.0,0.0,0.0,0.0,0.0,0.0,0.0,0.0,0.0,0.0,0.0,1.0,0.0,0.0,0.0,1.0,0.0,1.0,0.0,0.0,0.0,0.0,1.0,0.0,0.0,0.0,0.0,0.0,7.0,0.0,3.0,10.0,4.0,11.0,11.0,7.0,0.0,0.0,0.0,0.0,0.0,0.0,0.0,0.0,0.0,7.0,0.0,0.0,0.0,9.0,0.0,4.0,0.0,0.0,0.0,0.0,1.0,0.0,0.0,0.0,0.0,0.0,10.0,0.0,4.0,14.0,7.0,15.0,12.0,12.0
874,1.0,874.0,London_32,FIFO,151,453,1092.0,70.0,2.0,173499.0,0.6601732978597283,836.0,104.0,2.0,102.0,194.0,18.0,176.0,103.0,116.0,121.0,23.0,92.0,24.0,60.0,1.0,16.0,11.0,77.0,177.0,188.0,55.0,0.0,0.0,0.0,0.0,0.0,0.0,0.0,0.0,0.0,0.0,0.0,0.0,0.0,0.0,0.0,0.0,0.0,0.0,0.0,0.0,0.0,0.0,0.0,0.0,0.0,0.0,0.0,0.0,0.0,0.0,0.0,0.0,0.0,0.0,0.0,1.0,0.0,0.0,0.0,0.0,1.0,1.0,2.0,0.0,1.0,0.0,9.0,8.0,7.0,10.0,15.0,28.0,16.0,15.0,0.0,0.0,0.0,0.0,0.0,0.0,0.0,0.0,0.0,0.0,0.0,0.0,0.0,0.0,0.0,1.0,0.0,0.0,0.0,0.0,1.0,1.0,2.0,0.0,1.0,0.0,11.0,10.0,9.0,13.0,19.0,41.0,19.0,26.0
875,1.0,875.0,London_32,FIFO,151,453,1092.0,70.0,2.0,162627.0,0.860527987126261,812.0,133.0,0.0,133.0,234.0,0.0,234.0,194.0,123.0,129.0,28.0,83.0,18.0,59.0,0.0,13.0,5.0,78.0,169.0,201.0,53.0,0.0,0.0,0.0,0.0,0.0,0.0,0.0,0.0,0.0,0.0,0.0,0.0,0.0,0.0,0.0,0.0,0.0,0.0,0.0,0.0,0.0,0.0,0.0,0.0,0.0,0.0,0.0,0.0,0.0,0.0,0.0,0.0,0.0,0.0,0.0,0.0,0.0,0.0,0.0,0.0,4.0,3.0,1.0,1.0,1.0,0.0,7.0,3.0,3.0,16.0,30.0,36.0,16.0,11.0,0.0,0.0,0.0,0.0,0.0,0.0,0.0,0.0,0.0,0.0,0.0,0.0,0.0,0.0,0.0,0.0,0.0,0.0,0.0,0.0,7.0,6.0,2.0,2.0,1.0,0.0,10.0,4.0,4.0,23.0,43.0,53.0,22.0,17.0
876,1.0,876.0,London_32,FIFO,151,453,1092.0,70.0,2.0,139524.0,0.6950812363065779,761.0,92.0,1.0,91.0,161.0,10.0,151.0,234.0,135.0,136.0,21.0,67.0,25.0,62.0,2.0,5.0,6.0,83.0,162.0,202.0,56.0,0.0,0.0,0.0,0.0,0.0,0.0,0.0,0.0,0.0,0.0,0.0,0.0,0.0,0.0,0.0,0.0,0.0,0.0,0.0,0.0,0.0,0.0,0.0,0.0,0.0,0.0,0.0,0.0,0.0,0.0,0.0,0.0,1.0,0.0,0.0,1.0,0.0,0.0,0.0,0.0,2.0,1.0,1.0,1.0,0.0,1.0,11.0,7.0,0.0,3.0,18.0,19.0,16.0,8.0,0.0,0.0,0.0,0.0,0.0,0.0,0.0,0.0,0.0,0.0,0.0,0.0,4.0,0.0,0.0,4.0,0.0,0.0,0.0,0.0,2.0,1.0,1.0,2.0,0.0,1.0,13.0,11.0,0.0,4.0,22.0,33.0,17.0,11.0
877,1.0,877.0,London_32,FIFO,151,453,1092.0,70.0,2.0,137259.0,0.5859252023510635,756.0,36.0,1.0,35.0,65.0,10.0,55.0,161.0,129.0,141.0,28.0,55.0,30.0,66.0,2.0,2.0,5.0,77.0,150.0,221.0,61.0,0.0,0.0,0.0,0.0,0.0,0.0,0.0,0.0,0.0,0.0,0.0,0.0,0.0,0.0,0.0,0.0,0.0,0.0,0.0,0.0,0.0,0.0,0.0,0.0,0.0,0.0,0.0,0.0,0.0,0.0,0.0,0.0,1.0,0.0,0.0,0.0,0.0,0.0,0.0,0.0,0.0,0.0,0.0,0.0,1.0,0.0,3.0,1.0,1.0,7.0,4.0,6.0,4.0,4.0,0.0,0.0,0.0,0.0,0.0,0.0,0.0,0.0,0.0,0.0,0.0,0.0,1.0,0.0,0.0,0.0,0.0,0.0,0.0,0.0,0.0,0.0,0.0,0.0,1.0,0.0,3.0,2.0,1.0,10.0,5.0,9.0,7.0,4.0
878,1.0,878.0,London_32,FIFO,151,453,1092.0,70.0,2.0,158550.0,0.951637864112854,803.0,102.0,0.0,102.0,162.0,0.0,162.0,65.0,129.0,146.0,32.0,51.0,27.0,65.0,2.0,1.0,7.0,75.0,154.0,217.0,65.0,0.0,0.0,0.0,0.0,0.0,0.0,0.0,0.0,0.0,0.0,0.0,0.0,0.0,0.0,0.0,0.0,0.0,0.0,0.0,0.0,0.0,0.0,0.0,0.0,0.0,0.0,0.0,0.0,0.0,0.0,0.0,0.0,0.0,0.0,0.0,0.0,0.0,0.0,0.0,0.0,4.0,12.0,0.0,1.0,2.0,0.0,5.0,5.0,4.0,4.0,23.0,22.0,11.0,6.0,0.0,0.0,0.0,0.0,0.0,0.0,0.0,0.0,0.0,0.0,0.0,0.0,0.0,0.0,0.0,0.0,0.0,0.0,0.0,0.0,5.0,18.0,0.0,1.0,2.0,0.0,5.0,7.0,4.0,8.0,31.0,34.0,14.0,9.0
879,1.0,879.0,London_32,FIFO,151,453,1092.0,70.0,2.0,145866.0,0.7428888031281531,775.0,39.0,0.0,39.0,67.0,0.0,67.0,162.0,136.0,156.0,14.0,46.0,28.0,69.0,1.0,3.0,7.0,74.0,168.0,204.0,61.0,0.0,0.0,0.0,0.0,0.0,0.0,0.0,0.0,0.0,0.0,0.0,0.0,0.0,0.0,0.0,0.0,0.0,0.0,0.0,0.0,0.0,0.0,0.0,0.0,0.0,0.0,0.0,0.0,0.0,0.0,0.0,0.0,0.0,0.0,0.0,0.0,0.0,0.0,0.0,0.0,3.0,5.0,0.0,0.0,0.0,0.0,4.0,3.0,4.0,1.0,1.0,17.0,6.0,1.0,0.0,0.0,0.0,0.0,0.0,0.0,0.0,0.0,0.0,0.0,0.0,0.0,0.0,0.0,0.0,0.0,0.0,0.0,0.0,0.0,3.0,10.0,0.0,0.0,0.0,0.0,6.0,4.0,6.0,2.0,1.0,26.0,7.0,1.0
880,1.0,880.0,London_32,FIFO,151,453,1092.0,70.0,2.0,164892.0,0.9847930870018899,817.0,115.0,2.0,113.0,219.0,19.0,200.0,67.0,139.0,151.0,18.0,41.0,25.0,74.0,0.0,5.0,7.0,79.0,172.0,195.0,65.0,0.0,0.0,0.0,0.0,0.0,0.0,0.0,0.0,0.0,0.0,0.0,0.0,0.0,0.0,0.0,0.0,0.0,0.0,0.0,0.0,0.0,0.0,0.0,0.0,0.0,0.0,0.0,0.0,0.0,2.0,0.0,0.0,1.0,1.0,0.0,2.0,0.0,0.0,0.0,0.0,3.0,3.0,0.0,2.0,1.0,0.0,5.0,11.0,4.0,12.0,20.0,25.0,19.0,12.0,0.0,0.0,0.0,0.0,0.0,0.0,0.0,0.0,0.0,11.0,0.0,0.0,2.0,7.0,0.0,7.0,0.0,0.0,0.0,0.0,3.0,4.0,0.0,5.0,1.0,0.0,7.0,17.0,5.0,17.0,31.0,38.0,23.0,15.0
881,1.0,881.0,London_32,FIFO,151,453,1092.0,70.0,2.0,144507.0,0.8769235508516431,772.0,80.0,2.0,78.0,149.0,17.0,132.0,219.0,158.0,120.0,16.0,57.0,20.0,76.0,1.0,5.0,8.0,59.0,191.0,195.0,44.0,0.0,0.0,0.0,0.0,0.0,0.0,0.0,0.0,0.0,0.0,0.0,0.0,0.0,0.0,0.0,0.0,0.0,0.0,0.0,0.0,0.0,0.0,0.0,0.0,0.0,0.0,0.0,0.0,0.0,1.0,0.0,0.0,2.0,0.0,0.0,2.0,0.0,0.0,0.0,0.0,2.0,2.0,0.0,1.0,0.0,0.0,5.0,6.0,8.0,10.0,15.0,22.0,20.0,7.0,0.0,0.0,0.0,0.0,0.0,0.0,0.0,0.0,0.0,4.0,0.0,0.0,11.0,0.0,0.0,6.0,0.0,0.0,0.0,0.0,2.0,3.0,0.0,2.0,0.0,0.0,5.0,8.0,9.0,14.0,20.0,33.0,26.0,12.0
882,1.0,882.0,London_32,FIFO,151,453,1092.0,70.0,2.0,144507.0,0.9250660720281303,772.0,99.0,0.0,99.0,174.0,0.0,174.0,149.0,161.0,140.0,20.0,45.0,16.0,65.0,1.0,5.0,10.0,70.0,162.0,211.0,58.0,0.0,0.0,0.0,0.0,0.0,0.0,0.0,0.0,0.0,0.0,0.0,0.0,0.0,0.0,0.0,0.0,0.0,0.0,0.0,0.0,0.0,0.0,0.0,0.0,0.0,0.0,0.0,0.0,0.0,0.0,0.0,0.0,0.0,0.0,0.0,0.0,0.0,0.0,0.0,0.0,0.0,7.0,0.0,0.0,2.0,0.0,6.0,6.0,4.0,3.0,25.0,24.0,13.0,7.0,0.0,0.0,0.0,0.0,0.0,0.0,0.0,0.0,0.0,0.0,0.0,0.0,0.0,0.0,0.0,0.0,0.0,0.0,0.0,0.0,0.0,10.0,0.0,0.0,2.0,0.0,10.0,11.0,8.0,4.0,41.0,31.0,18.0,13.0
883,1.0,883.0,London_32,FIFO,151,453,1092.0,70.0,2.0,138618.0,0.8188730562105775,759.0,116.0,2.0,114.0,209.0,18.0,191.0,174.0,179.0,100.0,16.0,52.0,16.0,77.0,3.0,10.0,6.0,69.0,173.0,205.0,44.0,0.0,0.0,0.0,0.0,0.0,0.0,0.0,0.0,0.0,0.0,0.0,0.0,0.0,0.0,0.0,0.0,0.0,0.0,0.0,0.0,0.0,0.0,0.0,0.0,0.0,0.0,0.0,0.0,0.0,0.0,0.0,0.0,0.0,1.0,0.0,1.0,0.0,0.0,0.0,0.0,3.0,16.0,0.0,0.0,5.0,0.0,3.0,10.0,3.0,26.0,20.0,31.0,12.0,8.0,0.0,0.0,0.0,0.0,0.0,0.0,0.0,0.0,0.0,0.0,0.0,0.0,0.0,8.0,0.0,5.0,0.0,0.0,0.0,0.0,3.0,20.0,0.0,0.0,5.0,0.0,4.0,12.0,3.0,39.0,33.0,40.0,14.0,8.0
884,1.0,884.0,London_32,FIFO,151,453,1092.0,70.0,2.0,120498.0,0.5840150830335915,719.0,13.0,0.0,13.0,26.0,0.0,26.0,209.0,177.0,92.0,21.0,57.0,25.0,75.0,2.0,4.0,5.0,63.0,172.0,213.0,39.0,0.0,0.0,0.0,0.0,0.0,0.0,0.0,0.0,0.0,0.0,0.0,0.0,0.0,0.0,0.0,0.0,0.0,0.0,0.0,0.0,0.0,0.0,0.0,0.0,0.0,0.0,0.0,0.0,0.0,0.0,0.0,0.0,0.0,0.0,0.0,0.0,0.0,0.0,0.0,0.0,0.0,1.0,0.0,0.0,0.0,1.0,2.0,4.0,0.0,2.0,2.0,1.0,4.0,2.0,0.0,0.0,0.0,0.0,0.0,0.0,0.0,0.0,0.0,0.0,0.0,0.0,0.0,0.0,0.0,0.0,0.0,0.0,0.0,0.0,0.0,1.0,0.0,0.0,0.0,2.0,3.0,5.0,0.0,3.0,6.0,2.0,6.0,3.0
885,1.0,885.0,London_32,FIFO,151,453,1092.0,70.0,2.0,164439.0,0.7236930299550295,816.0,51.0,2.0,49.0,99.0,17.0,82.0,26.0,174.0,90.0,24.0,61.0,25.0,72.0,2.0,5.0,7.0,62.0,172.0,212.0,44.0,0.0,0.0,0.0,0.0,0.0,0.0,0.0,0.0,0.0,0.0,0.0,0.0,0.0,0.0,0.0,0.0,0.0,0.0,0.0,0.0,0.0,0.0,0.0,0.0,0.0,0.0,0.0,0.0,0.0,0.0,0.0,0.0,1.0,0.0,0.0,1.0,1.0,0.0,0.0,0.0,0.0,2.0,0.0,0.0,0.0,2.0,4.0,1.0,5.0,6.0,11.0,8.0,6.0,2.0,0.0,0.0,0.0,0.0,0.0,0.0,0.0,0.0,0.0,0.0,0.0,0.0,2.0,0.0,0.0,4.0,9.0,0.0,0.0,0.0,0.0,3.0,0.0,0.0,0.0,3.0,4.0,2.0,6.0,9.0,13.0,13.0,8.0,2.0
886,1.0,886.0,London_32,FIFO,151,453,1092.0,70.0,2.0,188448.0,0.865644290111959,869.0,98.0,0.0,98.0,172.0,0.0,172.0,99.0,172.0,88.0,23.0,61.0,27.0,74.0,1.0,7.0,7.0,72.0,168.0,206.0,39.0,0.0,0.0,0.0,0.0,0.0,0.0,0.0,0.0,0.0,0.0,0.0,0.0,0.0,0.0,0.0,0.0,0.0,0.0,0.0,0.0,0.0,0.0,0.0,0.0,0.0,0.0,0.0,0.0,0.0,0.0,0.0,0.0,0.0,0.0,0.0,0.0,0.0,0.0,0.0,0.0,0.0,3.0,0.0,3.0,13.0,0.0,11.0,8.0,5.0,8.0,19.0,27.0,19.0,12.0,0.0,0.0,0.0,0.0,0.0,0.0,0.0,0.0,0.0,0.0,0.0,0.0,0.0,0.0,0.0,0.0,0.0,0.0,0.0,0.0,0.0,3.0,0.0,7.0,13.0,0.0,18.0,13.0,8.0,12.0,27.0,33.0,24.0,18.0
887,1.0,887.0,London_32,FIFO,151,453,1092.0,70.0,2.0,184371.0,0.7930750017985702,860.0,62.0,1.0,61.0,113.0,8.0,105.0,172.0,172.0,95.0,25.0,56.0,27.0,66.0,3.0,9.0,6.0,79.0,179.0,189.0,43.0,0.0,0.0,0.0,0.0,0.0,0.0,0.0,0.0,0.0,0.0,0.0,0.0,0.0,0.0,0.0,0.0,0.0,0.0,0.0,0.0,0.0,0.0,0.0,0.0,0.0,0.0,0.0,0.0,0.0,0.0,0.0,0.0,0.0,0.0,0.0,1.0,0.0,0.0,0.0,0.0,4.0,1.0,0.0,0.0,5.0,0.0,0.0,7.0,0.0,2.0,14.0,15.0,15.0,3.0,0.0,0.0,0.0,0.0,0.0,0.0,0.0,0.0,0.0,0.0,0.0,0.0,0.0,0.0,0.0,4.0,0.0,0.0,0.0,0.0,5.0,1.0,0.0,0.0,5.0,0.0,0.0,10.0,0.0,2.0,19.0,22.0,21.0,4.0
888,1.0,888.0,London_32,FIFO,151,453,1092.0,70.0,2.0,187542.0,1.157972738146782,867.0,151.0,2.0,149.0,267.0,18.0,249.0,113.0,179.0,108.0,27.0,47.0,27.0,61.0,1.0,3.0,8.0,78.0,180.0,187.0,44.0,0.0,0.0,0.0,0.0,0.0,0.0,0.0,0.0,0.0,0.0,0.0,0.0,0.0,0.0,0.0,0.0,0.0,0.0,0.0,0.0,0.0,0.0,0.0,0.0,0.0,0.0,0.0,0.0,0.0,0.0,0.0,0.0,1.0,0.0,1.0,1.0,0.0,0.0,0.0,0.0,1.0,5.0,0.0,6.0,12.0,0.0,5.0,11.0,9.0,9.0,24.0,39.0,24.0,14.0,0.0,0.0,0.0,0.0,0.0,0.0,0.0,0.0,0.0,0.0,0.0,0.0,1.0,0.0,7.0,3.0,0.0,0.0,0.0,0.0,1.0,7.0,0.0,8.0,13.0,0.0,6.0,14.0,9.0,11.0,36.0,52.0,29.0,17.0
889,1.0,889.0,London_32,FIFO,151,453,1092.0,70.0,2.0,156738.0,0.7832887447439134,799.0,87.0,1.0,86.0,161.0,11.0,150.0,267.0,177.0,102.0,14.0,79.0,18.0,59.0,0.0,4.0,9.0,52.0,183.0,209.0,36.0,0.0,0.0,0.0,0.0,0.0,0.0,0.0,0.0,0.0,0.0,0.0,0.0,0.0,0.0,0.0,0.0,0.0,0.0,0.0,0.0,0.0,0.0,0.0,0.0,0.0,0.0,0.0,0.0,0.0,0.0,0.0,0.0,1.0,0.0,0.0,1.0,0.0,0.0,0.0,0.0,3.0,2.0,1.0,2.0,2.0,0.0,4.0,6.0,6.0,5.0,12.0,16.0,18.0,9.0,0.0,0.0,0.0,0.0,0.0,0.0,0.0,0.0,0.0,0.0,0.0,0.0,6.0,0.0,0.0,6.0,0.0,0.0,0.0,0.0,4.0,4.0,1.0,3.0,2.0,0.0,5.0,6.0,7.0,5.0,21.0,20.0,24.0,13.0
890,1.0,890.0,London_32,FIFO,151,453,1092.0,70.0,2.0,161268.0,0.9267618237063289,809.0,123.0,0.0,123.0,215.0,0.0,215.0,161.0,191.0,93.0,13.0,76.0,17.0,56.0,0.0,7.0,10.0,59.0,168.0,216.0,38.0,0.0,0.0,0.0,0.0,0.0,0.0,0.0,0.0,0.0,0.0,0.0,0.0,0.0,0.0,0.0,0.0,0.0,0.0,0.0,0.0,0.0,0.0,0.0,0.0,0.0,0.0,0.0,0.0,0.0,0.0,0.0,0.0,0.0,0.0,0.0,0.0,0.0,0.0,0.0,0.0,2.0,1.0,0.0,0.0,0.0,0.0,4.0,8.0,15.0,8.0,14.0,34.0,15.0,4.0,0.0,0.0,0.0,0.0,0.0,0.0,0.0,0.0,0.0,0.0,0.0,0.0,0.0,0.0,0.0,0.0,0.0,0.0,0.0,0.0,2.0,1.0,0.0,0.0,0.0,0.0,4.0,14.0,18.0,10.0,14.0,51.0,17.0,7.0
891,1.0,891.0,London_32,FIFO,151,453,1092.0,70.0,2.0,143148.0,0.8068021829240024,769.0,147.0,2.0,145.0,254.0,18.0,236.0,215.0,203.0,79.0,16.0,66.0,18.0,66.0,1.0,4.0,6.0,63.0,179.0,205.0,39.0,0.0,0.0,0.0,0.0,0.0,0.0,0.0,0.0,0.0,0.0,0.0,0.0,0.0,0.0,0.0,0.0,0.0,0.0,0.0,0.0,0.0,0.0,0.0,0.0,0.0,0.0,0.0,0.0,0.0,0.0,0.0,0.0,0.0,0.0,0.0,0.0,0.0,0.0,0.0,0.0,4.0,1.0,0.0,0.0,3.0,1.0,4.0,6.0,1.0,10.0,20.0,31.0,31.0,14.0,0.0,0.0,0.0,0.0,0.0,0.0,0.0,0.0,0.0,0.0,0.0,0.0,0.0,0.0,0.0,0.0,0.0,0.0,0.0,0.0,5.0,1.0,0.0,0.0,3.0,1.0,4.0,10.0,1.0,13.0,31.0,49.0,37.0,19.0
892,1.0,892.0,London_32,FIFO,151,453,1092.0,70.0,2.0,107361.0,0.608703404199332,690.0,31.0,1.0,30.0,62.0,10.0,52.0,254.0,178.0,101.0,11.0,84.0,19.0,52.0,2.0,6.0,7.0,71.0,157.0,218.0,40.0,0.0,0.0,0.0,0.0,0.0,0.0,0.0,0.0,0.0,0.0,0.0,0.0,0.0,0.0,0.0,0.0,0.0,0.0,0.0,0.0,0.0,0.0,0.0,0.0,0.0,0.0,0.0,0.0,0.0,0.0,0.0,0.0,0.0,0.0,0.0,0.0,0.0,0.0,0.0,0.0,1.0,1.0,0.0,1.0,0.0,0.0,3.0,2.0,3.0,1.0,2.0,10.0,12.0,2.0,0.0,0.0,0.0,0.0,0.0,0.0,0.0,0.0,0.0,0.0,0.0,0.0,0.0,0.0,0.0,0.0,0.0,0.0,0.0,0.0,1.0,1.0,0.0,2.0,0.0,0.0,3.0,2.0,4.0,3.0,3.0,15.0,16.0,3.0
893,1.0,893.0,London_32,FIFO,151,453,1092.0,70.0,2.0,130011.0,0.7863429929129779,740.0,38.0,2.0,36.0,75.0,16.0,59.0,62.0,183.0,112.0,8.0,81.0,18.0,46.0,1.0,4.0,6.0,74.0,155.0,218.0,41.0,0.0,0.0,0.0,0.0,0.0,0.0,0.0,0.0,0.0,0.0,0.0,0.0,0.0,0.0,0.0,0.0,0.0,0.0,0.0,0.0,0.0,0.0,0.0,0.0,0.0,0.0,0.0,0.0,0.0,0.0,0.0,0.0,1.0,0.0,0.0,1.0,0.0,0.0,0.0,0.0,0.0,0.0,0.0,0.0,1.0,0.0,3.0,3.0,1.0,3.0,5.0,14.0,5.0,5.0,0.0,0.0,0.0,0.0,0.0,0.0,0.0,0.0,0.0,0.0,0.0,0.0,1.0,0.0,0.0,2.0,0.0,0.0,0.0,0.0,0.0,0.0,0.0,0.0,1.0,0.0,4.0,3.0,1.0,5.0,7.0,21.0,5.0,11.0
894,1.0,894.0,London_32,FIFO,151,453,1092.0,70.0,2.0,149943.0,0.8188533848151565,784.0,25.0,0.0,25.0,40.0,0.0,40.0,75.0,191.0,113.0,9.0,88.0,16.0,36.0,0.0,0.0,7.0,83.0,142.0,221.0,43.0,0.0,0.0,0.0,0.0,0.0,0.0,0.0,0.0,0.0,0.0,0.0,0.0,0.0,0.0,0.0,0.0,0.0,0.0,0.0,0.0,0.0,0.0,0.0,0.0,0.0,0.0,0.0,0.0,0.0,0.0,0.0,0.0,0.0,0.0,0.0,0.0,0.0,0.0,0.0,0.0,1.0,1.0,0.0,0.0,0.0,0.0,2.0,4.0,2.0,5.0,5.0,9.0,5.0,6.0,0.0,0.0,0.0,0.0,0.0,0.0,0.0,0.0,0.0,0.0,0.0,0.0,0.0,0.0,0.0,0.0,0.0,0.0,0.0,0.0,2.0,1.0,0.0,0.0,0.0,0.0,3.0,4.0,3.0,5.0,9.0,13.0,7.0,9.0
895,1.0,895.0,London_32,FIFO,151,453,1092.0,70.0,2.0,178935.0,0.9867030889727175,848.0,143.0,0.0,143.0,247.0,0.0,247.0,40.0,189.0,106.0,12.0,91.0,17.0,37.0,0.0,1.0,7.0,83.0,143.0,220.0,44.0,0.0,0.0,0.0,0.0,0.0,0.0,0.0,0.0,0.0,0.0,0.0,0.0,0.0,0.0,0.0,0.0,0.0,0.0,0.0,0.0,0.0,0.0,0.0,0.0,0.0,0.0,0.0,0.0,0.0,0.0,0.0,0.0,0.0,0.0,0.0,0.0,0.0,0.0,0.0,0.0,4.0,10.0,1.0,2.0,1.0,0.0,11.0,12.0,15.0,8.0,32.0,35.0,28.0,9.0,0.0,0.0,0.0,0.0,0.0,0.0,0.0,0.0,0.0,0.0,0.0,0.0,0.0,0.0,0.0,0.0,0.0,0.0,0.0,0.0,4.0,12.0,1.0,2.0,1.0,0.0,12.0,16.0,24.0,11.0,47.0,49.0,34.0,16.0
896,1.0,896.0,London_32,FIFO,151,453,1092.0,70.0,2.0,153114.0,0.9474634490907192,791.0,89.0,2.0,87.0,168.0,18.0,150.0,247.0,207.0,103.0,17.0,70.0,15.0,34.0,1.0,6.0,14.0,80.0,134.0,225.0,44.0,0.0,0.0,0.0,0.0,0.0,0.0,0.0,0.0,0.0,0.0,0.0,0.0,0.0,0.0,0.0,0.0,0.0,0.0,0.0,0.0,0.0,0.0,0.0,0.0,0.0,0.0,0.0,0.0,0.0,0.0,0.0,0.0,0.0,0.0,2.0,1.0,0.0,0.0,0.0,0.0,3.0,4.0,1.0,2.0,1.0,1.0,13.0,3.0,4.0,14.0,23.0,22.0,19.0,8.0,0.0,0.0,0.0,0.0,0.0,0.0,0.0,0.0,0.0,0.0,0.0,0.0,0.0,0.0,13.0,4.0,0.0,0.0,0.0,0.0,3.0,5.0,1.0,3.0,1.0,1.0,17.0,5.0,4.0,19.0,34.0,37.0,22.0,10.0
897,1.0,897.0,London_32,FIFO,151,453,1092.0,70.0,2.0,149490.0,0.889359736815095,783.0,139.0,0.0,139.0,239.0,0.0,239.0,168.0,230.0,102.0,16.0,47.0,15.0,40.0,0.0,3.0,11.0,88.0,145.0,209.0,41.0,0.0,0.0,0.0,0.0,0.0,0.0,0.0,0.0,0.0,0.0,0.0,0.0,0.0,0.0,0.0,0.0,0.0,0.0,0.0,0.0,0.0,0.0,0.0,0.0,0.0,0.0,0.0,0.0,0.0,0.0,0.0,0.0,0.0,0.0,0.0,0.0,0.0,0.0,0.0,0.0,0.0,17.0,13.0,0.0,1.0,0.0,6.0,6.0,3.0,6.0,24.0,32.0,13.0,9.0,0.0,0.0,0.0,0.0,0.0,0.0,0.0,0.0,0.0,0.0,0.0,0.0,0.0,0.0,0.0,0.0,0.0,0.0,0.0,0.0,0.0,24.0,17.0,0.0,1.0,0.0,6.0,8.0,5.0,9.0,31.0,58.0,19.0,11.0
898,1.0,898.0,London_32,FIFO,151,453,1092.0,70.0,2.0,115968.0,0.6907918313518167,709.0,16.0,0.0,16.0,29.0,0.0,29.0,239.0,215.0,84.0,10.0,78.0,23.0,40.0,1.0,2.0,4.0,82.0,156.0,211.0,38.0,0.0,0.0,0.0,0.0,0.0,0.0,0.0,0.0,0.0,0.0,0.0,0.0,0.0,0.0,0.0,0.0,0.0,0.0,0.0,0.0,0.0,0.0,0.0,0.0,0.0,0.0,0.0,0.0,0.0,0.0,0.0,0.0,0.0,0.0,0.0,0.0,0.0,0.0,0.0,0.0,0.0,0.0,0.0,0.0,0.0,0.0,2.0,3.0,2.0,4.0,3.0,2.0,2.0,1.0,0.0,0.0,0.0,0.0,0.0,0.0,0.0,0.0,0.0,0.0,0.0,0.0,0.0,0.0,0.0,0.0,0.0,0.0,0.0,0.0,0.0,0.0,0.0,0.0,0.0,0.0,2.0,4.0,4.0,5.0,4.0,3.0,4.0,2.0
899,1.0,899.0,London_32,FIFO,151,453,1092.0,70.0,2.0,149490.0,0.9401581846177578,783.0,72.0,0.0,72.0,123.0,0.0,123.0,29.0,217.0,82.0,8.0,75.0,25.0,43.0,1.0,2.0,4.0,83.0,155.0,211.0,41.0,0.0,0.0,0.0,0.0,0.0,0.0,0.0,0.0,0.0,0.0,0.0,0.0,0.0,0.0,0.0,0.0,0.0,0.0,0.0,0.0,0.0,0.0,0.0,0.0,0.0,0.0,0.0,0.0,0.0,0.0,0.0,0.0,0.0,0.0,0.0,0.0,0.0,0.0,0.0,0.0,3.0,0.0,1.0,0.0,1.0,0.0,5.0,8.0,6.0,4.0,17.0,16.0,19.0,7.0,0.0,0.0,0.0,0.0,0.0,0.0,0.0,0.0,0.0,0.0,0.0,0.0,0.0,0.0,0.0,0.0,0.0,0.0,0.0,0.0,4.0,0.0,1.0,0.0,2.0,0.0,5.0,10.0,11.0,5.0,25.0,23.0,29.0,10.0
900,1.0,900.0,London_32,FIFO,151,453,1092.0,70.0,2.0,163533.0,0.9297966780140996,814.0,49.0,1.0,48.0,98.0,9.0,89.0,123.0,222.0,85.0,15.0,75.0,18.0,34.0,1.0,3.0,6.0,71.0,160.0,216.0,48.0,0.0,0.0,0.0,0.0,0.0,0.0,0.0,0.0,0.0,0.0,0.0,0.0,0.0,0.0,0.0,0.0,0.0,0.0,0.0,0.0,0.0,0.0,0.0,0.0,0.0,0.0,0.0,0.0,0.0,0.0,0.0,0.0,0.0,0.0,1.0,0.0,0.0,0.0,0.0,0.0,2.0,0.0,0.0,0.0,0.0,0.0,9.0,6.0,4.0,5.0,10.0,5.0,15.0,5.0,0.0,0.0,0.0,0.0,0.0,0.0,0.0,0.0,0.0,0.0,0.0,0.0,0.0,0.0,7.0,0.0,0.0,0.0,0.0,0.0,2.0,0.0,0.0,0.0,0.0,0.0,12.0,9.0,5.0,7.0,13.0,7.0,21.0,8.0
901,1.0,901.0,London_32,FIFO,151,453,1092.0,70.0,2.0,186183.0,1.0510057997889817,864.0,82.0,2.0,80.0,150.0,18.0,132.0,98.0,235.0,70.0,10.0,79.0,18.0,33.0,3.0,5.0,7.0,83.0,149.0,214.0,39.0,0.0,0.0,0.0,0.0,0.0,0.0,0.0,0.0,0.0,1.0,0.0,0.0,0.0,1.0,0.0,0.0,0.0,0.0,1.0,0.0,0.0,0.0,0.0,0.0,0.0,0.0,0.0,0.0,0.0,1.0,0.0,0.0,1.0,0.0,1.0,1.0,0.0,0.0,0.0,0.0,6.0,1.0,0.0,0.0,1.0,0.0,9.0,9.0,2.0,9.0,13.0,21.0,15.0,13.0,0.0,0.0,0.0,0.0,0.0,0.0,0.0,0.0,0.0,4.0,0.0,0.0,4.0,0.0,6.0,3.0,0.0,0.0,0.0,0.0,7.0,1.0,0.0,0.0,1.0,0.0,11.0,12.0,2.0,14.0,18.0,25.0,22.0,18.0
902,1.0,902.0,London_32,FIFO,151,453,1092.0,70.0,2.0,194337.0,1.0956835723482072,882.0,144.0,2.0,142.0,252.0,15.0,237.0,145.0,236.0,76.0,17.0,65.0,18.0,32.0,3.0,6.0,8.0,77.0,141.0,227.0,34.0,0.0,0.0,0.0,0.0,0.0,0.0,0.0,0.0,0.0,0.0,0.0,0.0,0.0,0.0,0.0,0.0,0.0,0.0,0.0,0.0,0.0,0.0,0.0,0.0,0.0,0.0,0.0,0.0,0.0,0.0,0.0,0.0,1.0,1.0,1.0,2.0,0.0,0.0,0.0,0.0,4.0,6.0,3.0,0.0,6.0,0.0,13.0,9.0,15.0,3.0,39.0,23.0,21.0,7.0,0.0,0.0,0.0,0.0,0.0,0.0,0.0,0.0,0.0,0.0,0.0,0.0,6.0,7.0,5.0,8.0,0.0,0.0,0.0,0.0,4.0,6.0,3.0,0.0,6.0,0.0,18.0,11.0,22.0,4.0,54.0,34.0,28.0,8.0
903,1.0,903.0,London_32,FIFO,151,453,1092.0,70.0,2.0,163080.0,0.8031580741517246,813.0,123.0,0.0,123.0,212.0,0.0,212.0,252.0,221.0,96.0,18.0,77.0,16.0,16.0,1.0,8.0,8.0,74.0,169.0,202.0,31.0,0.0,0.0,0.0,0.0,0.0,0.0,0.0,0.0,0.0,0.0,0.0,0.0,0.0,0.0,0.0,0.0,0.0,0.0,0.0,0.0,0.0,0.0,0.0,0.0,0.0,0.0,0.0,0.0,0.0,0.0,0.0,0.0,0.0,0.0,0.0,0.0,0.0,0.0,0.0,0.0,0.0,1.0,3.0,4.0,1.0,0.0,4.0,14.0,15.0,9.0,27.0,28.0,29.0,9.0,0.0,0.0,0.0,0.0,0.0,0.0,0.0,0.0,0.0,0.0,0.0,0.0,0.0,0.0,0.0,0.0,0.0,0.0,0.0,0.0,0.0,2.0,3.0,4.0,1.0,0.0,4.0,22.0,22.0,14.0,40.0,44.0,35.0,16.0
904,1.0,904.0,London_32,FIFO,151,453,1092.0,70.0,2.0,147678.0,1.0779869509860873,779.0,16.0,1.0,15.0,40.0,10.0,30.0,212.0,238.0,86.0,18.0,72.0,11.0,22.0,1.0,5.0,6.0,86.0,154.0,207.0,36.0,0.0,0.0,0.0,0.0,0.0,0.0,0.0,0.0,0.0,0.0,0.0,0.0,0.0,0.0,0.0,0.0,0.0,0.0,0.0,0.0,0.0,0.0,0.0,0.0,0.0,0.0,0.0,0.0,0.0,1.0,0.0,0.0,1.0,0.0,0.0,1.0,0.0,0.0,0.0,0.0,0.0,0.0,0.0,0.0,1.0,0.0,4.0,1.0,3.0,3.0,4.0,5.0,4.0,3.0,0.0,0.0,0.0,0.0,0.0,0.0,0.0,0.0,0.0,5.0,0.0,0.0,7.0,0.0,0.0,3.0,0.0,0.0,0.0,0.0,0.0,0.0,0.0,0.0,1.0,0.0,5.0,1.0,4.0,4.0,6.0,10.0,5.0,4.0
905,1.0,905.0,London_32,FIFO,151,453,1092.0,70.0,2.0,181653.0,0.9297789456322789,854.0,152.0,0.0,152.0,254.0,0.0,254.0,40.0,237.0,98.0,18.0,73.0,2.0,21.0,1.0,3.0,5.0,86.0,147.0,215.0,38.0,0.0,0.0,0.0,0.0,0.0,0.0,0.0,0.0,0.0,0.0,0.0,0.0,0.0,0.0,0.0,0.0,0.0,0.0,0.0,0.0,0.0,0.0,0.0,0.0,0.0,0.0,0.0,0.0,0.0,0.0,0.0,0.0,0.0,0.0,0.0,0.0,0.0,0.0,0.0,0.0,3.0,12.0,1.0,6.0,7.0,0.0,9.0,12.0,1.0,9.0,19.0,46.0,13.0,15.0,0.0,0.0,0.0,0.0,0.0,0.0,0.0,0.0,0.0,0.0,0.0,0.0,0.0,0.0,0.0,0.0,0.0,0.0,0.0,0.0,3.0,17.0,1.0,10.0,7.0,0.0,12.0,15.0,1.0,13.0,30.0,65.0,16.0,21.0
906,1.0,906.0,London_32,FIFO,151,453,1092.0,70.0,2.0,153567.0,0.8563054278492928,792.0,101.0,3.0,98.0,186.0,25.0,161.0,254.0,230.0,100.0,18.0,76.0,5.0,17.0,1.0,6.0,6.0,84.0,149.0,214.0,41.0,0.0,0.0,0.0,0.0,0.0,0.0,0.0,0.0,0.0,0.0,0.0,0.0,0.0,0.0,0.0,0.0,0.0,0.0,0.0,0.0,0.0,0.0,0.0,0.0,0.0,0.0,0.0,0.0,0.0,1.0,0.0,0.0,1.0,0.0,1.0,1.0,0.0,0.0,0.0,0.0,4.0,2.0,0.0,2.0,2.0,2.0,14.0,11.0,6.0,8.0,13.0,21.0,22.0,5.0,0.0,0.0,0.0,0.0,0.0,0.0,0.0,0.0,0.0,5.0,0.0,0.0,6.0,0.0,6.0,8.0,0.0,0.0,0.0,0.0,6.0,2.0,0.0,3.0,2.0,3.0,16.0,16.0,9.0,10.0,24.0,28.0,28.0,6.0
907,1.0,907.0,London_32,FIFO,151,453,1092.0,70.0,2.0,146772.0,0.8146300157532096,777.0,15.0,1.0,14.0,29.0,9.0,20.0,186.0,237.0,88.0,24.0,76.0,7.0,16.0,0.0,5.0,8.0,79.0,161.0,205.0,39.0,0.0,0.0,0.0,0.0,0.0,0.0,0.0,0.0,0.0,0.0,0.0,0.0,0.0,0.0,0.0,0.0,0.0,0.0,0.0,0.0,0.0,0.0,0.0,0.0,0.0,0.0,0.0,0.0,0.0,1.0,0.0,0.0,0.0,0.0,0.0,0.0,1.0,0.0,0.0,0.0,1.0,1.0,0.0,0.0,0.0,0.0,0.0,3.0,2.0,0.0,3.0,4.0,2.0,2.0,0.0,0.0,0.0,0.0,0.0,0.0,0.0,0.0,0.0,4.0,0.0,0.0,0.0,0.0,0.0,0.0,7.0,0.0,0.0,0.0,1.0,1.0,0.0,0.0,0.0,0.0,0.0,4.0,2.0,0.0,6.0,4.0,2.0,2.0
908,1.0,908.0,London_32,FIFO,151,453,1092.0,70.0,2.0,178482.0,1.1667784820310771,847.0,191.0,0.0,191.0,322.0,0.0,322.0,29.0,241.0,91.0,23.0,75.0,2.0,16.0,0.0,5.0,7.0,79.0,161.0,206.0,38.0,0.0,0.0,0.0,0.0,0.0,0.0,0.0,0.0,0.0,0.0,0.0,0.0,0.0,0.0,0.0,0.0,0.0,0.0,0.0,0.0,0.0,0.0,0.0,0.0,0.0,0.0,0.0,0.0,0.0,0.0,0.0,0.0,0.0,0.0,0.0,0.0,0.0,0.0,0.0,0.0,2.0,21.0,0.0,4.0,3.0,0.0,2.0,11.0,8.0,8.0,39.0,39.0,24.0,7.0,0.0,0.0,0.0,0.0,0.0,0.0,0.0,0.0,0.0,0.0,0.0,0.0,0.0,0.0,0.0,0.0,0.0,0.0,0.0,0.0,3.0,35.0,0.0,4.0,3.0,0.0,3.0,18.0,10.0,9.0,59.0,57.0,29.0,13.0
909,1.0,909.0,London_32,FIFO,151,453,1092.0,70.0,2.0,120498.0,0.6831288663670421,719.0,2.0,2.0,0.0,17.0,17.0,0.0,322.0,174.0,127.0,23.0,97.0,7.0,18.0,2.0,5.0,7.0,70.0,149.0,227.0,41.0,0.0,0.0,0.0,0.0,0.0,0.0,0.0,0.0,0.0,0.0,0.0,0.0,0.0,0.0,0.0,0.0,0.0,0.0,0.0,0.0,0.0,0.0,0.0,0.0,0.0,0.0,0.0,0.0,0.0,0.0,0.0,0.0,1.0,0.0,2.0,1.0,0.0,0.0,0.0,0.0,0.0,0.0,0.0,0.0,0.0,0.0,0.0,0.0,0.0,0.0,0.0,0.0,0.0,0.0,0.0,0.0,0.0,0.0,0.0,0.0,0.0,0.0,0.0,0.0,0.0,0.0,6.0,0.0,14.0,4.0,0.0,0.0,0.0,0.0,0.0,0.0,0.0,0.0,0.0,0.0,0.0,0.0,0.0,0.0,0.0,0.0,0.0,0.0
910,1.0,910.0,London_32,FIFO,151,453,1092.0,70.0,2.0,156738.0,0.7823072080500424,799.0,83.0,0.0,83.0,150.0,0.0,150.0,17.0,176.0,123.0,23.0,104.0,4.0,16.0,2.0,5.0,7.0,72.0,142.0,232.0,41.0,0.0,0.0,0.0,0.0,0.0,0.0,0.0,0.0,0.0,0.0,0.0,0.0,0.0,0.0,0.0,0.0,0.0,0.0,0.0,0.0,0.0,0.0,0.0,0.0,0.0,0.0,0.0,0.0,0.0,0.0,0.0,0.0,0.0,0.0,0.0,0.0,0.0,0.0,0.0,0.0,1.0,1.0,0.0,0.0,1.0,0.0,6.0,10.0,4.0,2.0,20.0,15.0,20.0,9.0,0.0,0.0,0.0,0.0,0.0,0.0,0.0,0.0,0.0,0.0,0.0,0.0,0.0,0.0,0.0,0.0,0.0,0.0,0.0,0.0,1.0,1.0,0.0,0.0,1.0,0.0,10.0,16.0,5.0,3.0,33.0,21.0,31.0,14.0
911,1.0,911.0,London_32,FIFO,151,453,1092.0,70.0,2.0,154926.0,0.8850259901955724,795.0,105.0,0.0,105.0,184.0,0.0,184.0,150.0,192.0,122.0,26.0,94.0,2.0,11.0,0.0,6.0,9.0,80.0,153.0,211.0,46.0,0.0,0.0,0.0,0.0,0.0,0.0,0.0,0.0,0.0,0.0,0.0,0.0,0.0,0.0,0.0,0.0,0.0,0.0,0.0,0.0,0.0,0.0,0.0,0.0,0.0,0.0,0.0,0.0,0.0,0.0,0.0,0.0,0.0,0.0,0.0,0.0,0.0,0.0,0.0,0.0,1.0,8.0,0.0,1.0,1.0,0.0,10.0,13.0,13.0,6.0,22.0,23.0,21.0,11.0,0.0,0.0,0.0,0.0,0.0,0.0,0.0,0.0,0.0,0.0,0.0,0.0,0.0,0.0,0.0,0.0,0.0,0.0,0.0,0.0,1.0,9.0,0.0,2.0,1.0,0.0,12.0,15.0,20.0,6.0,30.0,38.0,24.0,17.0
912,1.0,912.0,London_32,FIFO,151,453,1092.0,70.0,2.0,138618.0,0.7099429406225681,759.0,54.0,0.0,54.0,92.0,0.0,92.0,184.0,206.0,119.0,29.0,75.0,5.0,15.0,1.0,3.0,10.0,82.0,164.0,197.0,42.0,0.0,0.0,0.0,0.0,0.0,0.0,0.0,0.0,0.0,0.0,0.0,0.0,0.0,0.0,0.0,0.0,0.0,0.0,0.0,0.0,0.0,0.0,0.0,0.0,0.0,0.0,0.0,0.0,0.0,0.0,0.0,0.0,0.0,0.0,0.0,0.0,0.0,0.0,0.0,0.0,0.0,2.0,2.0,0.0,0.0,0.0,13.0,1.0,2.0,6.0,7.0,12.0,9.0,4.0,0.0,0.0,0.0,0.0,0.0,0.0,0.0,0.0,0.0,0.0,0.0,0.0,0.0,0.0,0.0,0.0,0.0,0.0,0.0,0.0,0.0,2.0,2.0,0.0,0.0,0.0,17.0,1.0,2.0,7.0,11.0,16.0,11.0,5.0
913,1.0,913.0,London_32,FIFO,151,453,1092.0,70.0,2.0,154926.0,1.0193743868730962,795.0,136.0,3.0,133.0,246.0,28.0,218.0,92.0,207.0,129.0,32.0,62.0,5.0,16.0,1.0,1.0,12.0,85.0,164.0,192.0,44.0,0.0,0.0,0.0,0.0,0.0,0.0,0.0,0.0,0.0,0.0,0.0,0.0,0.0,0.0,0.0,0.0,0.0,0.0,0.0,0.0,0.0,0.0,0.0,0.0,0.0,0.0,0.0,0.0,0.0,0.0,0.0,0.0,0.0,0.0,1.0,1.0,0.0,0.0,0.0,0.0,2.0,5.0,10.0,5.0,15.0,0.0,9.0,8.0,12.0,15.0,26.0,28.0,29.0,13.0,0.0,0.0,0.0,0.0,0.0,0.0,0.0,0.0,0.0,0.0,0.0,0.0,0.0,0.0,5.0,3.0,0.0,0.0,0.0,0.0,2.0,7.0,13.0,5.0,15.0,0.0,11.0,9.0,12.0,18.0,35.0,41.0,32.0,18.0
914,1.0,914.0,London_32,FIFO,151,453,1092.0,70.0,2.0,131823.0,0.7289064638316631,744.0,81.0,0.0,81.0,137.0,0.0,137.0,246.0,213.0,115.0,19.0,73.0,8.0,18.0,2.0,5.0,4.0,75.0,172.0,202.0,29.0,0.0,0.0,0.0,0.0,0.0,0.0,0.0,0.0,0.0,0.0,0.0,0.0,0.0,0.0,0.0,0.0,0.0,0.0,0.0,0.0,0.0,0.0,0.0,0.0,0.0,0.0,0.0,0.0,0.0,0.0,0.0,0.0,0.0,0.0,0.0,0.0,0.0,0.0,0.0,0.0,4.0,2.0,0.0,1.0,1.0,0.0,3.0,11.0,4.0,7.0,15.0,21.0,15.0,10.0,0.0,0.0,0.0,0.0,0.0,0.0,0.0,0.0,0.0,0.0,0.0,0.0,0.0,0.0,0.0,0.0,0.0,0.0,0.0,0.0,6.0,2.0,0.0,2.0,1.0,0.0,5.0,18.0,4.0,7.0,21.0,33.0,18.0,17.0
915,1.0,915.0,London_32,FIFO,151,453,1092.0,70.0,2.0,134088.0,0.7912176628597081,749.0,40.0,1.0,39.0,72.0,9.0,63.0,137.0,235.0,131.0,20.0,42.0,2.0,20.0,0.0,3.0,4.0,78.0,160.0,211.0,30.0,0.0,0.0,0.0,0.0,0.0,0.0,0.0,0.0,0.0,0.0,0.0,0.0,0.0,0.0,0.0,0.0,0.0,0.0,0.0,0.0,0.0,0.0,0.0,0.0,0.0,0.0,0.0,0.0,0.0,0.0,0.0,0.0,0.0,1.0,0.0,1.0,0.0,0.0,0.0,0.0,3.0,1.0,1.0,0.0,0.0,0.0,3.0,3.0,3.0,3.0,3.0,8.0,7.0,1.0,0.0,0.0,0.0,0.0,0.0,0.0,0.0,0.0,0.0,0.0,0.0,0.0,0.0,9.0,0.0,5.0,0.0,0.0,0.0,0.0,6.0,3.0,1.0,0.0,0.0,0.0,4.0,4.0,4.0,4.0,3.0,14.0,9.0,3.0
916,1.0,916.0,London_32,FIFO,151,453,1092.0,70.0,2.0,149943.0,1.0508630741387606,784.0,85.0,2.0,83.0,174.0,18.0,156.0,72.0,242.0,135.0,18.0,41.0,0.0,16.0,0.0,1.0,4.0,74.0,162.0,213.0,31.0,0.0,0.0,0.0,0.0,0.0,0.0,0.0,0.0,0.0,0.0,0.0,0.0,0.0,0.0,0.0,0.0,0.0,0.0,0.0,0.0,0.0,0.0,0.0,0.0,0.0,0.0,0.0,0.0,0.0,0.0,0.0,0.0,0.0,0.0,0.0,1.0,0.0,0.0,0.0,0.0,2.0,2.0,0.0,0.0,1.0,0.0,15.0,3.0,7.0,9.0,15.0,16.0,12.0,3.0,0.0,0.0,0.0,0.0,0.0,0.0,0.0,0.0,0.0,0.0,0.0,0.0,0.0,0.0,0.0,2.0,0.0,0.0,0.0,0.0,2.0,2.0,0.0,0.0,1.0,0.0,17.0,5.0,8.0,15.0,24.0,25.0,17.0,4.0
917,1.0,917.0,London_32,FIFO,151,453,1092.0,70.0,2.0,144507.0,1.0979928812012076,772.0,64.0,0.0,64.0,116.0,0.0,116.0,174.0,238.0,133.0,11.0,51.0,2.0,15.0,0.0,3.0,7.0,69.0,142.0,235.0,24.0,0.0,0.0,0.0,0.0,0.0,0.0,0.0,0.0,0.0,0.0,0.0,0.0,0.0,0.0,0.0,0.0,0.0,0.0,0.0,0.0,0.0,0.0,0.0,0.0,0.0,0.0,0.0,0.0,0.0,0.0,0.0,0.0,0.0,0.0,0.0,0.0,0.0,0.0,0.0,0.0,0.0,1.0,0.0,0.0,0.0,0.0,5.0,3.0,3.0,6.0,18.0,16.0,20.0,11.0,0.0,0.0,0.0,0.0,0.0,0.0,0.0,0.0,0.0,0.0,0.0,0.0,0.0,0.0,0.0,0.0,0.0,0.0,0.0,0.0,0.0,2.0,0.0,0.0,0.0,0.0,7.0,4.0,4.0,9.0,32.0,29.0,24.0,24.0
918,1.0,918.0,London_32,FIFO,151,453,1092.0,70.0,2.0,168516.0,1.1086054909974337,825.0,32.0,1.0,31.0,55.0,10.0,45.0,116.0,244.0,138.0,12.0,29.0,4.0,22.0,0.0,4.0,6.0,68.0,138.0,241.0,26.0,0.0,0.0,0.0,0.0,0.0,0.0,0.0,0.0,0.0,0.0,0.0,0.0,0.0,0.0,0.0,0.0,0.0,0.0,0.0,0.0,0.0,0.0,0.0,0.0,0.0,0.0,0.0,0.0,0.0,0.0,0.0,0.0,1.0,0.0,0.0,1.0,0.0,0.0,0.0,0.0,0.0,2.0,0.0,0.0,2.0,0.0,3.0,3.0,1.0,5.0,5.0,9.0,7.0,5.0,0.0,0.0,0.0,0.0,0.0,0.0,0.0,0.0,0.0,0.0,0.0,0.0,6.0,0.0,0.0,7.0,0.0,0.0,0.0,0.0,0.0,3.0,0.0,0.0,2.0,0.0,3.0,4.0,1.0,6.0,6.0,11.0,8.0,6.0
919,1.0,919.0,London_32,FIFO,151,453,1092.0,70.0,2.0,202944.0,1.3849600809626281,901.0,139.0,1.0,138.0,249.0,10.0,239.0,55.0,245.0,147.0,5.0,29.0,4.0,21.0,0.0,2.0,8.0,67.0,137.0,241.0,28.0,0.0,0.0,0.0,0.0,0.0,0.0,0.0,0.0,0.0,0.0,0.0,0.0,0.0,0.0,0.0,0.0,0.0,0.0,0.0,0.0,0.0,0.0,0.0,0.0,0.0,0.0,0.0,0.0,0.0,1.0,0.0,0.0,0.0,0.0,0.0,0.0,0.0,0.0,0.0,0.0,1.0,0.0,4.0,0.0,1.0,0.0,9.0,28.0,5.0,6.0,30.0,33.0,15.0,14.0,0.0,0.0,0.0,0.0,0.0,0.0,0.0,0.0,0.0,1.0,0.0,0.0,0.0,0.0,0.0,0.0,0.0,0.0,0.0,0.0,2.0,0.0,5.0,0.0,1.0,0.0,10.0,41.0,9.0,7.0,53.0,50.0,16.0,23.0
920,1.0,920.0,London_32,FIFO,151,453,1092.0,70.0,2.0,174405.0,1.3522052420303226,838.0,137.0,0.0,137.0,225.0,0.0,225.0,249.0,236.0,98.0,13.0,71.0,10.0,20.0,2.0,3.0,10.0,75.0,152.0,216.0,27.0,0.0,0.0,0.0,0.0,0.0,0.0,0.0,0.0,0.0,0.0,0.0,0.0,0.0,0.0,0.0,0.0,0.0,0.0,0.0,0.0,0.0,0.0,0.0,0.0,0.0,0.0,0.0,0.0,0.0,0.0,0.0,0.0,0.0,0.0,0.0,0.0,0.0,0.0,0.0,0.0,3.0,7.0,0.0,0.0,6.0,0.0,17.0,5.0,2.0,10.0,23.0,33.0,24.0,16.0,0.0,0.0,0.0,0.0,0.0,0.0,0.0,0.0,0.0,0.0,0.0,0.0,0.0,0.0,0.0,0.0,0.0,0.0,0.0,0.0,3.0,7.0,0.0,0.0,6.0,0.0,21.0,8.0,2.0,14.0,35.0,44.0,28.0,20.0
921,1.0,921.0,London_32,FIFO,151,453,1092.0,70.0,2.0,144960.0,0.918885060120374,773.0,55.0,0.0,55.0,87.0,0.0,87.0,225.0,234.0,105.0,11.0,67.0,10.0,18.0,0.0,8.0,9.0,66.0,165.0,213.0,36.0,0.0,0.0,0.0,0.0,0.0,0.0,0.0,0.0,0.0,0.0,0.0,0.0,0.0,0.0,0.0,0.0,0.0,0.0,0.0,0.0,0.0,0.0,0.0,0.0,0.0,0.0,0.0,0.0,0.0,0.0,0.0,0.0,0.0,0.0,0.0,0.0,0.0,0.0,0.0,0.0,2.0,0.0,0.0,0.0,0.0,0.0,6.0,6.0,5.0,10.0,9.0,14.0,9.0,9.0,0.0,0.0,0.0,0.0,0.0,0.0,0.0,0.0,0.0,0.0,0.0,0.0,0.0,0.0,0.0,0.0,0.0,0.0,0.0,0.0,3.0,0.0,0.0,0.0,0.0,0.0,7.0,10.0,7.0,13.0,12.0,19.0,9.0,13.0
922,1.0,922.0,London_32,FIFO,151,453,1092.0,70.0,2.0,153567.0,0.8708154810592532,792.0,35.0,2.0,33.0,79.0,19.0,60.0,87.0,239.0,99.0,16.0,48.0,12.0,26.0,1.0,12.0,10.0,62.0,167.0,214.0,44.0,0.0,0.0,0.0,0.0,0.0,0.0,0.0,0.0,0.0,0.0,0.0,0.0,0.0,0.0,0.0,0.0,0.0,0.0,0.0,0.0,0.0,0.0,0.0,0.0,0.0,0.0,0.0,0.0,0.0,2.0,0.0,0.0,0.0,1.0,0.0,2.0,0.0,0.0,0.0,0.0,1.0,0.0,0.0,0.0,0.0,0.0,1.0,7.0,2.0,6.0,8.0,11.0,8.0,2.0,0.0,0.0,0.0,0.0,0.0,0.0,0.0,0.0,0.0,6.0,0.0,0.0,0.0,8.0,0.0,6.0,0.0,0.0,0.0,0.0,1.0,0.0,0.0,0.0,0.0,0.0,1.0,11.0,2.0,10.0,11.0,18.0,11.0,3.0
923,1.0,923.0,London_32,FIFO,151,453,1092.0,70.0,2.0,186183.0,1.2995687150396407,864.0,126.0,2.0,124.0,244.0,17.0,227.0,79.0,242.0,104.0,17.0,40.0,5.0,32.0,0.0,13.0,9.0,70.0,168.0,206.0,32.0,0.0,0.0,0.0,0.0,0.0,0.0,0.0,0.0,0.0,0.0,0.0,0.0,0.0,0.0,0.0,0.0,0.0,0.0,0.0,0.0,0.0,0.0,0.0,0.0,0.0,0.0,0.0,0.0,0.0,2.0,0.0,0.0,2.0,0.0,0.0,2.0,0.0,0.0,0.0,0.0,3.0,0.0,2.0,4.0,9.0,0.0,10.0,8.0,4.0,19.0,22.0,31.0,22.0,8.0,0.0,0.0,0.0,0.0,0.0,0.0,0.0,0.0,0.0,7.0,0.0,0.0,6.0,0.0,0.0,8.0,0.0,0.0,0.0,0.0,4.0,0.0,2.0,5.0,10.0,0.0,17.0,9.0,6.0,24.0,36.0,47.0,27.0,12.0
924,1.0,924.0,London_32,FIFO,151,453,1092.0,70.0,2.0,163533.0,0.8230598410591483,814.0,124.0,0.0,124.0,230.0,0.0,230.0,244.0,226.0,78.0,20.0,84.0,7.0,19.0,0.0,19.0,5.0,70.0,144.0,234.0,21.0,0.0,0.0,0.0,0.0,0.0,0.0,0.0,0.0,0.0,0.0,0.0,0.0,0.0,0.0,0.0,0.0,0.0,0.0,0.0,0.0,0.0,0.0,0.0,0.0,0.0,0.0,0.0,0.0,0.0,0.0,0.0,0.0,0.0,0.0,0.0,0.0,0.0,0.0,0.0,0.0,0.0,15.0,8.0,1.0,2.0,0.0,22.0,11.0,4.0,11.0,27.0,29.0,18.0,11.0,0.0,0.0,0.0,0.0,0.0,0.0,0.0,0.0,0.0,0.0,0.0,0.0,0.0,0.0,0.0,0.0,0.0,0.0,0.0,0.0,0.0,19.0,8.0,2.0,2.0,0.0,33.0,15.0,6.0,13.0,40.0,50.0,25.0,17.0
925,1.0,925.0,London_32,FIFO,151,453,1092.0,70.0,2.0,133182.0,0.824323772918433,747.0,115.0,2.0,113.0,216.0,18.0,198.0,230.0,216.0,98.0,19.0,70.0,10.0,21.0,2.0,17.0,3.0,76.0,146.0,228.0,39.0,0.0,0.0,0.0,0.0,0.0,0.0,0.0,0.0,0.0,0.0,0.0,0.0,0.0,0.0,0.0,0.0,0.0,0.0,0.0,0.0,0.0,0.0,0.0,0.0,0.0,0.0,0.0,0.0,0.0,0.0,0.0,0.0,1.0,1.0,0.0,1.0,0.0,0.0,0.0,0.0,3.0,14.0,3.0,5.0,2.0,0.0,15.0,10.0,5.0,24.0,18.0,32.0,14.0,11.0,0.0,0.0,0.0,0.0,0.0,0.0,0.0,0.0,0.0,0.0,0.0,0.0,6.0,9.0,0.0,5.0,0.0,0.0,0.0,0.0,3.0,21.0,4.0,6.0,2.0,0.0,20.0,13.0,8.0,32.0,26.0,50.0,18.0,14.0
926,1.0,926.0,London_32,FIFO,151,453,1092.0,70.0,2.0,112344.0,0.7385517321527004,701.0,2.0,0.0,2.0,4.0,0.0,4.0,216.0,226.0,101.0,16.0,59.0,14.0,15.0,3.0,19.0,5.0,70.0,145.0,233.0,47.0,0.0,0.0,0.0,0.0,0.0,0.0,0.0,0.0,0.0,0.0,0.0,0.0,0.0,0.0,0.0,0.0,0.0,0.0,0.0,0.0,0.0,0.0,0.0,0.0,0.0,0.0,0.0,0.0,0.0,0.0,0.0,0.0,0.0,0.0,0.0,0.0,0.0,0.0,0.0,0.0,0.0,0.0,0.0,0.0,0.0,0.0,0.0,0.0,0.0,0.0,0.0,2.0,0.0,1.0,0.0,0.0,0.0,0.0,0.0,0.0,0.0,0.0,0.0,0.0,0.0,0.0,0.0,0.0,0.0,0.0,0.0,0.0,0.0,0.0,0.0,0.0,0.0,0.0,0.0,0.0,0.0,0.0,0.0,0.0,0.0,3.0,0.0,2.0
927,1.0,927.0,London_32,FIFO,151,453,1092.0,70.0,2.0,150849.0,0.9282158869318664,786.0,53.0,2.0,51.0,114.0,17.0,97.0,4.0,225.0,103.0,14.0,60.0,14.0,15.0,3.0,19.0,5.0,72.0,146.0,230.0,47.0,0.0,0.0,0.0,0.0,0.0,0.0,0.0,0.0,0.0,0.0,0.0,0.0,0.0,0.0,0.0,0.0,0.0,0.0,0.0,0.0,0.0,0.0,0.0,0.0,0.0,0.0,0.0,0.0,0.0,0.0,0.0,0.0,1.0,0.0,0.0,1.0,1.0,0.0,0.0,0.0,0.0,1.0,0.0,1.0,1.0,1.0,8.0,5.0,2.0,5.0,8.0,14.0,13.0,4.0,0.0,0.0,0.0,0.0,0.0,0.0,0.0,0.0,0.0,0.0,0.0,0.0,5.0,0.0,0.0,4.0,8.0,0.0,0.0,0.0,0.0,1.0,0.0,3.0,2.0,1.0,9.0,6.0,4.0,5.0,13.0,22.0,19.0,7.0
928,1.0,928.0,London_32,FIFO,151,453,1092.0,70.0,2.0,165798.0,1.094585468992591,819.0,132.0,0.0,132.0,224.0,0.0,224.0,114.0,227.0,96.0,16.0,61.0,15.0,18.0,1.0,19.0,6.0,72.0,152.0,223.0,43.0,0.0,0.0,0.0,0.0,0.0,0.0,0.0,0.0,0.0,0.0,0.0,0.0,0.0,0.0,0.0,0.0,0.0,0.0,0.0,0.0,0.0,0.0,0.0,0.0,0.0,0.0,0.0,0.0,0.0,0.0,0.0,0.0,0.0,0.0,0.0,0.0,0.0,0.0,0.0,0.0,3.0,5.0,6.0,4.0,0.0,0.0,20.0,9.0,11.0,9.0,20.0,40.0,17.0,18.0,0.0,0.0,0.0,0.0,0.0,0.0,0.0,0.0,0.0,0.0,0.0,0.0,0.0,0.0,0.0,0.0,0.0,0.0,0.0,0.0,3.0,9.0,7.0,5.0,0.0,0.0,26.0,13.0,14.0,11.0,31.0,58.0,25.0,27.0
929,1.0,929.0,London_32,FIFO,151,453,1092.0,70.0,2.0,150396.0,1.0441411468200386,785.0,98.0,1.0,97.0,167.0,8.0,159.0,224.0,231.0,86.0,14.0,65.0,15.0,26.0,1.0,15.0,3.0,64.0,156.0,230.0,33.0,0.0,0.0,0.0,0.0,0.0,0.0,0.0,0.0,0.0,0.0,0.0,0.0,0.0,0.0,0.0,0.0,0.0,0.0,0.0,0.0,0.0,0.0,0.0,0.0,0.0,0.0,0.0,0.0,0.0,0.0,0.0,0.0,1.0,0.0,0.0,1.0,0.0,0.0,0.0,0.0,4.0,5.0,0.0,0.0,0.0,0.0,6.0,8.0,16.0,17.0,22.0,27.0,20.0,5.0,0.0,0.0,0.0,0.0,0.0,0.0,0.0,0.0,0.0,0.0,0.0,0.0,5.0,0.0,0.0,1.0,0.0,0.0,0.0,0.0,4.0,8.0,0.0,0.0,0.0,0.0,8.0,11.0,21.0,24.0,33.0,34.0,24.0,7.0
930,1.0,930.0,London_32,FIFO,151,453,1092.0,70.0,2.0,149490.0,1.071570813190192,783.0,49.0,2.0,47.0,105.0,18.0,87.0,167.0,251.0,81.0,15.0,60.0,12.0,21.0,4.0,9.0,5.0,77.0,142.0,229.0,32.0,0.0,0.0,0.0,0.0,0.0,0.0,0.0,0.0,0.0,0.0,0.0,0.0,0.0,0.0,0.0,0.0,0.0,0.0,0.0,0.0,0.0,0.0,0.0,0.0,0.0,0.0,0.0,0.0,0.0,0.0,1.0,0.0,1.0,0.0,1.0,1.0,0.0,0.0,0.0,0.0,0.0,2.0,2.0,0.0,0.0,0.0,9.0,6.0,5.0,6.0,9.0,8.0,10.0,7.0,0.0,0.0,0.0,0.0,0.0,0.0,0.0,0.0,0.0,0.0,3.0,0.0,3.0,0.0,6.0,6.0,0.0,0.0,0.0,0.0,0.0,2.0,2.0,0.0,0.0,0.0,13.0,9.0,6.0,8.0,17.0,11.0,14.0,13.0
931,1.0,931.0,London_32,FIFO,151,453,1092.0,70.0,2.0,168063.0,1.183998308610171,824.0,28.0,1.0,27.0,59.0,11.0,48.0,105.0,263.0,82.0,19.0,61.0,8.0,11.0,4.0,5.0,4.0,73.0,149.0,227.0,27.0,0.0,0.0,0.0,0.0,0.0,0.0,0.0,0.0,0.0,0.0,0.0,0.0,0.0,0.0,0.0,0.0,0.0,0.0,0.0,0.0,0.0,0.0,0.0,0.0,0.0,0.0,0.0,0.0,0.0,1.0,0.0,0.0,1.0,0.0,0.0,1.0,0.0,0.0,0.0,0.0,1.0,2.0,0.0,0.0,0.0,0.0,3.0,0.0,1.0,3.0,8.0,6.0,11.0,3.0,0.0,0.0,0.0,0.0,0.0,0.0,0.0,0.0,0.0,3.0,0.0,0.0,4.0,0.0,0.0,6.0,0.0,0.0,0.0,0.0,1.0,3.0,0.0,0.0,0.0,0.0,3.0,0.0,1.0,3.0,11.0,9.0,14.0,3.0
932,1.0,932.0,London_32,FIFO,151,453,1092.0,70.0,2.0,190260.0,1.1288888789713383,873.0,121.0,0.0,121.0,204.0,0.0,204.0,59.0,269.0,81.0,21.0,58.0,1.0,15.0,2.0,6.0,6.0,73.0,152.0,222.0,31.0,0.0,0.0,0.0,0.0,0.0,0.0,0.0,0.0,0.0,0.0,0.0,0.0,0.0,0.0,0.0,0.0,0.0,0.0,0.0,0.0,0.0,0.0,0.0,0.0,0.0,0.0,0.0,0.0,0.0,0.0,0.0,0.0,0.0,0.0,0.0,0.0,0.0,0.0,0.0,0.0,5.0,7.0,5.0,2.0,0.0,1.0,12.0,13.0,10.0,15.0,24.0,25.0,22.0,6.0,0.0,0.0,0.0,0.0,0.0,0.0,0.0,0.0,0.0,0.0,0.0,0.0,0.0,0.0,0.0,0.0,0.0,0.0,0.0,0.0,5.0,8.0,7.0,3.0,0.0,2.0,15.0,19.0,16.0,23.0,38.0,34.0,29.0,10.0
933,1.0,933.0,London_32,FIFO,151,453,1092.0,70.0,2.0,175764.0,1.083577981684357,841.0,134.0,2.0,132.0,241.0,18.0,223.0,204.0,267.0,78.0,12.0,60.0,7.0,23.0,1.0,5.0,6.0,61.0,163.0,223.0,23.0,0.0,0.0,0.0,0.0,0.0,0.0,0.0,0.0,0.0,0.0,0.0,0.0,0.0,0.0,0.0,0.0,0.0,0.0,0.0,0.0,0.0,0.0,0.0,0.0,0.0,0.0,0.0,0.0,0.0,0.0,0.0,0.0,0.0,0.0,0.0,1.0,0.0,0.0,0.0,0.0,1.0,5.0,3.0,1.0,0.0,0.0,10.0,9.0,13.0,12.0,21.0,31.0,23.0,15.0,0.0,0.0,0.0,0.0,0.0,0.0,0.0,0.0,0.0,0.0,0.0,0.0,0.0,0.0,0.0,2.0,0.0,0.0,0.0,0.0,1.0,8.0,3.0,1.0,0.0,0.0,12.0,12.0,15.0,16.0,32.0,46.0,29.0,20.0
934,1.0,934.0,London_32,FIFO,151,453,1092.0,70.0,2.0,150396.0,0.9083461556583643,785.0,96.0,1.0,95.0,171.0,10.0,161.0,241.0,239.0,84.0,23.0,70.0,12.0,19.0,2.0,4.0,6.0,80.0,145.0,222.0,28.0,0.0,0.0,0.0,0.0,0.0,0.0,0.0,0.0,0.0,0.0,0.0,0.0,0.0,0.0,0.0,0.0,0.0,0.0,0.0,0.0,0.0,0.0,0.0,0.0,0.0,0.0,0.0,0.0,0.0,0.0,0.0,0.0,0.0,0.0,0.0,1.0,0.0,0.0,0.0,0.0,3.0,7.0,2.0,1.0,3.0,0.0,15.0,6.0,5.0,8.0,17.0,21.0,20.0,9.0,0.0,0.0,0.0,0.0,0.0,0.0,0.0,0.0,0.0,0.0,0.0,0.0,0.0,0.0,0.0,5.0,0.0,0.0,0.0,0.0,3.0,11.0,2.0,1.0,3.0,0.0,22.0,6.0,6.0,10.0,25.0,32.0,27.0,13.0
935,1.0,935.0,London_32,FIFO,151,453,1092.0,70.0,2.0,141789.0,0.9097151500172913,766.0,109.0,2.0,107.0,203.0,16.0,187.0,171.0,235.0,90.0,25.0,82.0,4.0,14.0,2.0,1.0,8.0,79.0,145.0,221.0,27.0,0.0,0.0,0.0,0.0,0.0,0.0,0.0,0.0,0.0,0.0,0.0,0.0,0.0,0.0,0.0,0.0,0.0,0.0,0.0,0.0,0.0,0.0,0.0,0.0,0.0,0.0,0.0,0.0,0.0,0.0,0.0,0.0,0.0,0.0,0.0,2.0,0.0,0.0,0.0,0.0,12.0,10.0,1.0,4.0,3.0,0.0,11.0,4.0,7.0,8.0,29.0,20.0,27.0,8.0,0.0,0.0,0.0,0.0,0.0,0.0,0.0,0.0,0.0,0.0,0.0,0.0,0.0,0.0,0.0,5.0,0.0,0.0,0.0,0.0,13.0,14.0,1.0,6.0,3.0,0.0,14.0,5.0,8.0,9.0,40.0,30.0,33.0,12.0
936,1.0,936.0,London_32,FIFO,151,453,1092.0,70.0,2.0,131370.0,0.6758246975950897,743.0,37.0,0.0,37.0,62.0,0.0,62.0,203.0,243.0,89.0,28.0,67.0,4.0,19.0,0.0,3.0,9.0,73.0,135.0,236.0,35.0,0.0,0.0,0.0,0.0,0.0,0.0,0.0,0.0,0.0,0.0,0.0,0.0,0.0,0.0,0.0,0.0,0.0,0.0,0.0,0.0,0.0,0.0,0.0,0.0,0.0,0.0,0.0,0.0,0.0,0.0,0.0,0.0,0.0,0.0,0.0,0.0,0.0,0.0,0.0,0.0,2.0,4.0,0.0,0.0,0.0,0.0,9.0,4.0,1.0,2.0,6.0,6.0,7.0,5.0,0.0,0.0,0.0,0.0,0.0,0.0,0.0,0.0,0.0,0.0,0.0,0.0,0.0,0.0,0.0,0.0,0.0,0.0,0.0,0.0,2.0,4.0,0.0,0.0,0.0,0.0,18.0,4.0,4.0,2.0,10.0,8.0,9.0,9.0
937,1.0,937.0,London_32,FIFO,151,453,1092.0,70.0,2.0,146319.0,0.8181462059728801,776.0,69.0,0.0,69.0,114.0,0.0,114.0,62.0,245.0,92.0,27.0,62.0,3.0,18.0,3.0,3.0,7.0,71.0,141.0,234.0,37.0,0.0,0.0,0.0,0.0,0.0,0.0,0.0,0.0,0.0,0.0,0.0,0.0,0.0,0.0,0.0,0.0,0.0,0.0,0.0,0.0,0.0,0.0,0.0,0.0,0.0,0.0,0.0,0.0,0.0,0.0,0.0,0.0,0.0,0.0,0.0,0.0,0.0,0.0,0.0,0.0,0.0,6.0,0.0,1.0,9.0,0.0,8.0,5.0,4.0,6.0,13.0,14.0,11.0,8.0,0.0,0.0,0.0,0.0,0.0,0.0,0.0,0.0,0.0,0.0,0.0,0.0,0.0,0.0,0.0,0.0,0.0,0.0,0.0,0.0,0.0,9.0,0.0,1.0,10.0,0.0,9.0,9.0,5.0,12.0,20.0,20.0,13.0,10.0
938,1.0,938.0,London_32,FIFO,151,453,1092.0,70.0,2.0,154926.0,1.0541528072208166,795.0,32.0,2.0,30.0,68.0,18.0,50.0,114.0,255.0,99.0,28.0,44.0,6.0,18.0,1.0,2.0,8.0,73.0,143.0,229.0,32.0,0.0,0.0,0.0,0.0,0.0,0.0,0.0,0.0,0.0,0.0,0.0,0.0,0.0,0.0,0.0,0.0,0.0,0.0,0.0,0.0,0.0,0.0,0.0,0.0,0.0,0.0,0.0,0.0,0.0,0.0,0.0,0.0,0.0,0.0,2.0,2.0,0.0,0.0,0.0,0.0,0.0,2.0,0.0,0.0,0.0,0.0,7.0,4.0,0.0,2.0,9.0,5.0,12.0,1.0,0.0,0.0,0.0,0.0,0.0,0.0,0.0,0.0,0.0,0.0,0.0,0.0,0.0,0.0,12.0,4.0,0.0,0.0,0.0,0.0,0.0,3.0,0.0,0.0,0.0,0.0,9.0,5.0,0.0,3.0,14.0,9.0,16.0,2.0
939,1.0,939.0,London_32,FIFO,151,453,1092.0,70.0,2.0,182559.0,0.9992532609030604,856.0,115.0,0.0,115.0,194.0,0.0,194.0,68.0,260.0,101.0,20.0,40.0,10.0,20.0,0.0,2.0,7.0,78.0,138.0,230.0,28.0,0.0,0.0,0.0,0.0,0.0,0.0,0.0,0.0,0.0,0.0,0.0,0.0,0.0,0.0,0.0,0.0,0.0,0.0,0.0,0.0,0.0,0.0,0.0,0.0,0.0,0.0,0.0,0.0,0.0,0.0,0.0,0.0,0.0,0.0,0.0,0.0,0.0,0.0,0.0,0.0,1.0,11.0,2.0,0.0,4.0,0.0,18.0,2.0,6.0,2.0,23.0,30.0,18.0,8.0,0.0,0.0,0.0,0.0,0.0,0.0,0.0,0.0,0.0,0.0,0.0,0.0,0.0,0.0,0.0,0.0,0.0,0.0,0.0,0.0,1.0,12.0,2.0,0.0,4.0,0.0,33.0,3.0,9.0,2.0,34.0,41.0,19.0,16.0
940,1.0,940.0,London_32,FIFO,151,453,1092.0,70.0,2.0,161268.0,0.9988957671448588,809.0,141.0,0.0,141.0,236.0,0.0,236.0,194.0,268.0,86.0,11.0,53.0,8.0,22.0,0.0,5.0,9.0,63.0,158.0,223.0,25.0,0.0,0.0,0.0,0.0,0.0,0.0,0.0,0.0,0.0,0.0,0.0,0.0,0.0,0.0,0.0,0.0,0.0,0.0,0.0,0.0,0.0,0.0,0.0,0.0,0.0,0.0,0.0,0.0,0.0,0.0,0.0,0.0,0.0,0.0,0.0,0.0,0.0,0.0,0.0,0.0,4.0,18.0,1.0,1.0,3.0,0.0,2.0,6.0,3.0,6.0,18.0,31.0,15.0,14.0,0.0,0.0,0.0,0.0,0.0,0.0,0.0,0.0,0.0,0.0,0.0,0.0,0.0,0.0,0.0,0.0,0.0,0.0,0.0,0.0,4.0,26.0,1.0,2.0,4.0,0.0,2.0,9.0,3.0,8.0,23.0,43.0,17.0,23.0
941,1.0,941.0,London_32,FIFO,151,453,1092.0,70.0,2.0,129105.0,0.8267893269658089,738.0,88.0,0.0,88.0,156.0,0.0,156.0,236.0,243.0,79.0,16.0,70.0,12.0,26.0,2.0,5.0,6.0,63.0,152.0,232.0,24.0,0.0,0.0,0.0,0.0,0.0,0.0,0.0,0.0,0.0,0.0,0.0,0.0,0.0,0.0,0.0,0.0,0.0,0.0,0.0,0.0,0.0,0.0,0.0,0.0,0.0,0.0,0.0,0.0,0.0,0.0,0.0,0.0,0.0,0.0,0.0,0.0,0.0,0.0,0.0,0.0,1.0,5.0,1.0,1.0,1.0,0.0,17.0,6.0,10.0,12.0,16.0,26.0,24.0,5.0,0.0,0.0,0.0,0.0,0.0,0.0,0.0,0.0,0.0,0.0,0.0,0.0,0.0,0.0,0.0,0.0,0.0,0.0,0.0,0.0,1.0,6.0,1.0,1.0,1.0,0.0,25.0,10.0,13.0,16.0,32.0,41.0,38.0,6.0
942,1.0,942.0,London_32,FIFO,151,453,1092.0,70.0,2.0,124122.0,0.8007637052796781,727.0,75.0,1.0,74.0,137.0,9.0,128.0,156.0,252.0,86.0,17.0,56.0,12.0,22.0,0.0,8.0,13.0,70.0,139.0,231.0,25.0,0.0,0.0,0.0,0.0,0.0,0.0,0.0,0.0,0.0,0.0,0.0,0.0,0.0,0.0,0.0,0.0,0.0,0.0,0.0,0.0,0.0,0.0,0.0,0.0,0.0,0.0,0.0,0.0,0.0,0.0,0.0,0.0,0.0,0.0,1.0,0.0,0.0,0.0,0.0,0.0,3.0,2.0,1.0,0.0,0.0,0.0,8.0,7.0,13.0,3.0,16.0,23.0,19.0,4.0,0.0,0.0,0.0,0.0,0.0,0.0,0.0,0.0,0.0,0.0,0.0,0.0,0.0,0.0,7.0,0.0,0.0,0.0,0.0,0.0,3.0,2.0,1.0,0.0,0.0,0.0,10.0,10.0,17.0,4.0,22.0,38.0,22.0,7.0
943,1.0,943.0,London_32,FIFO,151,453,1092.0,70.0,2.0,126840.0,0.7089867442846298,733.0,6.0,2.0,4.0,23.0,18.0,5.0,137.0,259.0,77.0,18.0,45.0,13.0,31.0,0.0,10.0,11.0,76.0,145.0,221.0,28.0,0.0,0.0,0.0,0.0,0.0,0.0,0.0,0.0,0.0,1.0,0.0,0.0,0.0,1.0,0.0,0.0,0.0,0.0,1.0,0.0,0.0,0.0,0.0,0.0,0.0,0.0,0.0,0.0,0.0,1.0,0.0,0.0,1.0,0.0,1.0,1.0,0.0,0.0,0.0,0.0,0.0,0.0,0.0,0.0,0.0,0.0,0.0,0.0,0.0,0.0,1.0,1.0,0.0,1.0,0.0,0.0,0.0,0.0,0.0,0.0,0.0,0.0,0.0,4.0,0.0,0.0,1.0,0.0,4.0,3.0,0.0,0.0,0.0,0.0,0.0,0.0,0.0,0.0,0.0,0.0,0.0,0.0,0.0,0.0,1.0,1.0,0.0,2.0
944,1.0,944.0,London_32,FIFO,151,453,1092.0,70.0,2.0,168969.0,0.9255739208310843,826.0,134.0,2.0,132.0,245.0,15.0,230.0,17.0,257.0,75.0,18.0,45.0,14.0,33.0,0.0,11.0,9.0,78.0,143.0,223.0,30.0,0.0,0.0,0.0,0.0,0.0,0.0,0.0,0.0,0.0,0.0,0.0,0.0,0.0,0.0,0.0,0.0,0.0,0.0,0.0,0.0,0.0,0.0,0.0,0.0,0.0,0.0,0.0,0.0,0.0,2.0,0.0,0.0,1.0,1.0,1.0,2.0,0.0,0.0,0.0,0.0,0.0,9.0,4.0,3.0,4.0,0.0,5.0,3.0,6.0,11.0,27.0,30.0,21.0,14.0,0.0,0.0,0.0,0.0,0.0,0.0,0.0,0.0,0.0,8.0,0.0,0.0,3.0,5.0,6.0,4.0,0.0,0.0,0.0,0.0,0.0,12.0,5.0,3.0,6.0,0.0,6.0,5.0,9.0,15.0,38.0,44.0,25.0,27.0
945,1.0,945.0,London_32,FIFO,151,453,1092.0,70.0,2.0,139977.0,0.7416342557407916,762.0,35.0,0.0,35.0,61.0,0.0,61.0,245.0,233.0,93.0,11.0,71.0,6.0,26.0,1.0,12.0,10.0,73.0,150.0,220.0,33.0,0.0,0.0,0.0,0.0,0.0,0.0,0.0,0.0,0.0,0.0,0.0,0.0,0.0,0.0,0.0,0.0,0.0,0.0,0.0,0.0,0.0,0.0,0.0,0.0,0.0,0.0,0.0,0.0,0.0,0.0,0.0,0.0,0.0,0.0,0.0,0.0,0.0,0.0,0.0,0.0,3.0,1.0,1.0,0.0,0.0,0.0,5.0,6.0,3.0,3.0,7.0,7.0,13.0,1.0,0.0,0.0,0.0,0.0,0.0,0.0,0.0,0.0,0.0,0.0,0.0,0.0,0.0,0.0,0.0,0.0,0.0,0.0,0.0,0.0,3.0,1.0,1.0,0.0,0.0,0.0,7.0,11.0,5.0,4.0,9.0,12.0,16.0,1.0
946,1.0,946.0,London_32,FIFO,151,453,1092.0,70.0,2.0,163986.0,0.7429653056897223,815.0,54.0,1.0,53.0,105.0,10.0,95.0,61.0,238.0,90.0,6.0,74.0,7.0,25.0,0.0,13.0,10.0,75.0,155.0,213.0,36.0,0.0,0.0,0.0,0.0,0.0,0.0,0.0,0.0,0.0,0.0,0.0,0.0,0.0,0.0,0.0,0.0,0.0,0.0,0.0,0.0,0.0,0.0,0.0,0.0,0.0,0.0,0.0,0.0,0.0,1.0,0.0,0.0,1.0,0.0,0.0,1.0,0.0,0.0,0.0,0.0,1.0,3.0,1.0,2.0,1.0,0.0,1.0,5.0,4.0,5.0,8.0,10.0,15.0,1.0,0.0,0.0,0.0,0.0,0.0,0.0,0.0,0.0,0.0,4.0,0.0,0.0,6.0,0.0,0.0,6.0,0.0,0.0,0.0,0.0,1.0,3.0,1.0,3.0,1.0,0.0,1.0,7.0,5.0,6.0,15.0,17.0,18.0,1.0
947,1.0,947.0,London_32,FIFO,151,453,1092.0,70.0,2.0,175764.0,1.0766557520255446,841.0,134.0,0.0,134.0,232.0,0.0,232.0,105.0,245.0,91.0,8.0,77.0,4.0,13.0,0.0,15.0,13.0,80.0,151.0,209.0,43.0,0.0,0.0,0.0,0.0,0.0,0.0,0.0,0.0,0.0,0.0,0.0,0.0,0.0,0.0,0.0,0.0,0.0,0.0,0.0,0.0,0.0,0.0,0.0,0.0,0.0,0.0,0.0,0.0,0.0,0.0,0.0,0.0,0.0,0.0,0.0,0.0,0.0,0.0,0.0,0.0,4.0,9.0,0.0,3.0,11.0,1.0,6.0,12.0,9.0,13.0,24.0,33.0,14.0,12.0,0.0,0.0,0.0,0.0,0.0,0.0,0.0,0.0,0.0,0.0,0.0,0.0,0.0,0.0,0.0,0.0,0.0,0.0,0.0,0.0,4.0,12.0,0.0,5.0,12.0,2.0,7.0,15.0,9.0,15.0,36.0,49.0,17.0,21.0
948,1.0,948.0,London_32,FIFO,151,453,1092.0,70.0,2.0,155832.0,1.3433581157587469,797.0,79.0,3.0,76.0,166.0,25.0,141.0,232.0,238.0,96.0,14.0,71.0,6.0,12.0,1.0,15.0,5.0,70.0,154.0,224.0,24.0,0.0,0.0,0.0,0.0,0.0,0.0,0.0,0.0,0.0,0.0,0.0,0.0,0.0,0.0,0.0,0.0,0.0,0.0,0.0,0.0,0.0,0.0,0.0,0.0,0.0,0.0,0.0,0.0,0.0,1.0,0.0,0.0,1.0,0.0,1.0,1.0,0.0,0.0,0.0,0.0,3.0,1.0,0.0,2.0,0.0,0.0,10.0,5.0,3.0,6.0,19.0,22.0,10.0,5.0,0.0,0.0,0.0,0.0,0.0,0.0,0.0,0.0,0.0,6.0,0.0,0.0,7.0,0.0,6.0,5.0,0.0,0.0,0.0,0.0,4.0,1.0,0.0,2.0,0.0,0.0,14.0,6.0,4.0,8.0,28.0,31.0,12.0,5.0
949,1.0,949.0,London_32,FIFO,151,453,1092.0,70.0,2.0,158097.0,1.3794222371652722,802.0,94.0,1.0,93.0,168.0,9.0,159.0,166.0,244.0,96.0,19.0,55.0,4.0,18.0,1.0,16.0,11.0,74.0,140.0,228.0,26.0,0.0,0.0,0.0,0.0,0.0,0.0,0.0,0.0,0.0,0.0,0.0,0.0,0.0,0.0,0.0,0.0,0.0,0.0,0.0,0.0,0.0,0.0,0.0,0.0,0.0,0.0,0.0,0.0,0.0,1.0,0.0,0.0,0.0,0.0,0.0,0.0,1.0,0.0,0.0,0.0,0.0,8.0,9.0,0.0,0.0,0.0,14.0,5.0,9.0,4.0,17.0,23.0,16.0,5.0,0.0,0.0,0.0,0.0,0.0,0.0,0.0,0.0,0.0,1.0,0.0,0.0,0.0,0.0,0.0,0.0,6.0,0.0,0.0,0.0,0.0,10.0,13.0,0.0,0.0,0.0,19.0,6.0,11.0,4.0,27.0,35.0,20.0,5.0
950,1.0,950.0,London_32,FIFO,151,453,1092.0,70.0,2.0,153114.0,1.2731806109659374,791.0,93.0,0.0,93.0,164.0,0.0,164.0,168.0,248.0,103.0,9.0,55.0,8.0,14.0,1.0,15.0,6.0,79.0,156.0,212.0,43.0,0.0,0.0,0.0,0.0,0.0,0.0,0.0,0.0,0.0,0.0,0.0,0.0,0.0,0.0,0.0,0.0,0.0,0.0,0.0,0.0,0.0,0.0,0.0,0.0,0.0,0.0,0.0,0.0,0.0,0.0,0.0,0.0,0.0,0.0,0.0,0.0,0.0,0.0,0.0,0.0,1.0,5.0,0.0,1.0,5.0,0.0,11.0,4.0,6.0,18.0,17.0,25.0,23.0,4.0,0.0,0.0,0.0,0.0,0.0,0.0,0.0,0.0,0.0,0.0,0.0,0.0,0.0,0.0,0.0,0.0,0.0,0.0,0.0,0.0,1.0,6.0,0.0,1.0,5.0,0.0,14.0,7.0,6.0,23.0,29.0,34.0,26.0,5.0
951,1.0,951.0,London_32,FIFO,151,453,1092.0,70.0,2.0,149037.0,1.0007835295982659,782.0,89.0,2.0,87.0,165.0,17.0,148.0,164.0,262.0,99.0,12.0,46.0,6.0,14.0,1.0,13.0,8.0,64.0,160.0,221.0,38.0,0.0,0.0,0.0,0.0,0.0,0.0,0.0,0.0,0.0,0.0,0.0,0.0,0.0,0.0,0.0,0.0,0.0,0.0,0.0,0.0,0.0,0.0,0.0,0.0,0.0,0.0,0.0,0.0,0.0,0.0,0.0,0.0,1.0,0.0,2.0,1.0,0.0,0.0,0.0,0.0,3.0,1.0,1.0,2.0,0.0,0.0,13.0,10.0,2.0,12.0,14.0,26.0,10.0,12.0,0.0,0.0,0.0,0.0,0.0,0.0,0.0,0.0,0.0,0.0,0.0,0.0,1.0,0.0,17.0,4.0,0.0,0.0,0.0,0.0,3.0,1.0,1.0,3.0,0.0,0.0,17.0,12.0,3.0,15.0,20.0,39.0,12.0,19.0
952,1.0,952.0,London_32,FIFO,151,453,1092.0,70.0,2.0,152208.0,1.259219910018146,789.0,90.0,0.0,90.0,154.0,0.0,154.0,165.0,277.0,78.0,10.0,55.0,3.0,14.0,2.0,14.0,10.0,77.0,157.0,209.0,26.0,0.0,0.0,0.0,0.0,0.0,0.0,0.0,0.0,0.0,0.0,0.0,0.0,0.0,0.0,0.0,0.0,0.0,0.0,0.0,0.0,0.0,0.0,0.0,0.0,0.0,0.0,0.0,0.0,0.0,0.0,0.0,0.0,0.0,0.0,0.0,0.0,0.0,0.0,0.0,0.0,1.0,2.0,1.0,3.0,3.0,0.0,11.0,1.0,8.0,11.0,19.0,17.0,25.0,3.0,0.0,0.0,0.0,0.0,0.0,0.0,0.0,0.0,0.0,0.0,0.0,0.0,0.0,0.0,0.0,0.0,0.0,0.0,0.0,0.0,1.0,3.0,1.0,3.0,3.0,0.0,12.0,1.0,11.0,16.0,26.0,23.0,31.0,4.0
953,1.0,953.0,London_32,FIFO,151,453,1092.0,70.0,2.0,140883.0,0.893939760979265,764.0,99.0,0.0,99.0,172.0,0.0,172.0,154.0,284.0,75.0,19.0,51.0,7.0,11.0,2.0,4.0,14.0,65.0,157.0,217.0,22.0,0.0,0.0,0.0,0.0,0.0,0.0,0.0,0.0,0.0,0.0,0.0,0.0,0.0,0.0,0.0,0.0,0.0,0.0,0.0,0.0,0.0,0.0,0.0,0.0,0.0,0.0,0.0,0.0,0.0,0.0,0.0,0.0,0.0,0.0,0.0,0.0,0.0,0.0,0.0,0.0,3.0,4.0,2.0,4.0,17.0,0.0,5.0,9.0,6.0,4.0,14.0,19.0,15.0,11.0,0.0,0.0,0.0,0.0,0.0,0.0,0.0,0.0,0.0,0.0,0.0,0.0,0.0,0.0,0.0,0.0,0.0,0.0,0.0,0.0,3.0,9.0,2.0,7.0,18.0,0.0,5.0,13.0,8.0,7.0,23.0,29.0,17.0,18.0
954,1.0,954.0,London_32,FIFO,151,453,1092.0,70.0,2.0,123669.0,0.9010555204004049,726.0,18.0,0.0,18.0,27.0,0.0,27.0,172.0,297.0,65.0,15.0,47.0,4.0,19.0,3.0,3.0,8.0,72.0,155.0,218.0,16.0,0.0,0.0,0.0,0.0,0.0,0.0,0.0,0.0,0.0,0.0,0.0,0.0,0.0,0.0,0.0,0.0,0.0,0.0,0.0,0.0,0.0,0.0,0.0,0.0,0.0,0.0,0.0,0.0,0.0,0.0,0.0,0.0,0.0,0.0,0.0,0.0,0.0,0.0,0.0,0.0,0.0,1.0,0.0,0.0,0.0,0.0,1.0,1.0,1.0,1.0,2.0,4.0,2.0,3.0,0.0,0.0,0.0,0.0,0.0,0.0,0.0,0.0,0.0,0.0,0.0,0.0,0.0,0.0,0.0,0.0,0.0,0.0,0.0,0.0,0.0,1.0,0.0,0.0,0.0,0.0,1.0,1.0,2.0,2.0,3.0,4.0,2.0,4.0
955,1.0,955.0,London_32,FIFO,151,453,1092.0,70.0,2.0,155379.0,1.2736840839497745,796.0,54.0,3.0,51.0,118.0,28.0,90.0,27.0,295.0,65.0,15.0,46.0,4.0,21.0,3.0,4.0,9.0,73.0,153.0,218.0,19.0,0.0,0.0,0.0,0.0,0.0,0.0,0.0,0.0,0.0,0.0,0.0,0.0,0.0,0.0,0.0,0.0,0.0,0.0,0.0,0.0,0.0,0.0,0.0,0.0,0.0,0.0,0.0,0.0,0.0,0.0,0.0,0.0,0.0,0.0,1.0,2.0,0.0,0.0,0.0,0.0,3.0,7.0,1.0,2.0,0.0,0.0,7.0,4.0,5.0,4.0,9.0,12.0,12.0,2.0,0.0,0.0,0.0,0.0,0.0,0.0,0.0,0.0,0.0,0.0,0.0,0.0,0.0,0.0,6.0,8.0,0.0,0.0,0.0,0.0,4.0,11.0,1.0,2.0,0.0,0.0,9.0,7.0,7.0,7.0,14.0,18.0,18.0,2.0
956,1.0,956.0,London_32,FIFO,151,453,1092.0,70.0,2.0,169875.0,1.0688857128843665,828.0,93.0,0.0,93.0,153.0,0.0,153.0,118.0,299.0,58.0,19.0,38.0,5.0,26.0,2.0,6.0,6.0,76.0,150.0,221.0,25.0,0.0,0.0,0.0,0.0,0.0,0.0,0.0,0.0,0.0,0.0,0.0,0.0,0.0,0.0,0.0,0.0,0.0,0.0,0.0,0.0,0.0,0.0,0.0,0.0,0.0,0.0,0.0,0.0,0.0,0.0,0.0,0.0,0.0,0.0,0.0,0.0,0.0,0.0,0.0,0.0,3.0,10.0,0.0,4.0,2.0,0.0,14.0,7.0,9.0,16.0,19.0,19.0,23.0,4.0,0.0,0.0,0.0,0.0,0.0,0.0,0.0,0.0,0.0,0.0,0.0,0.0,0.0,0.0,0.0,0.0,0.0,0.0,0.0,0.0,3.0,12.0,0.0,7.0,3.0,0.0,15.0,12.0,12.0,21.0,28.0,27.0,32.0,8.0
957,1.0,957.0,London_32,FIFO,151,453,1092.0,70.0,2.0,168063.0,1.014658358413726,824.0,155.0,1.0,154.0,278.0,9.0,269.0,153.0,306.0,37.0,9.0,66.0,2.0,27.0,1.0,5.0,7.0,62.0,161.0,223.0,27.0,0.0,0.0,0.0,0.0,0.0,0.0,0.0,0.0,0.0,0.0,0.0,0.0,0.0,0.0,0.0,0.0,0.0,0.0,0.0,0.0,0.0,0.0,0.0,0.0,0.0,0.0,0.0,0.0,0.0,0.0,0.0,0.0,0.0,1.0,0.0,1.0,0.0,0.0,0.0,0.0,2.0,20.0,0.0,2.0,2.0,0.0,6.0,10.0,4.0,5.0,30.0,40.0,27.0,10.0,0.0,0.0,0.0,0.0,0.0,0.0,0.0,0.0,0.0,0.0,0.0,0.0,0.0,8.0,0.0,1.0,0.0,0.0,0.0,0.0,2.0,30.0,0.0,2.0,2.0,0.0,6.0,12.0,5.0,6.0,49.0,56.0,33.0,14.0
958,1.0,958.0,London_32,FIFO,151,453,1092.0,70.0,2.0,138165.0,0.8798254230059683,758.0,78.0,2.0,76.0,152.0,18.0,134.0,278.0,214.0,101.0,17.0,86.0,5.0,24.0,1.0,5.0,10.0,70.0,145.0,228.0,36.0,0.0,0.0,0.0,0.0,0.0,0.0,0.0,0.0,0.0,0.0,0.0,0.0,0.0,0.0,0.0,0.0,0.0,0.0,0.0,0.0,0.0,0.0,0.0,0.0,0.0,0.0,0.0,0.0,0.0,0.0,0.0,0.0,0.0,0.0,0.0,2.0,0.0,0.0,0.0,0.0,1.0,1.0,1.0,1.0,2.0,0.0,10.0,5.0,9.0,10.0,15.0,16.0,19.0,9.0,0.0,0.0,0.0,0.0,0.0,0.0,0.0,0.0,0.0,0.0,0.0,0.0,0.0,0.0,0.0,2.0,0.0,0.0,0.0,0.0,1.0,2.0,2.0,2.0,2.0,0.0,13.0,6.0,12.0,13.0,24.0,23.0,24.0,12.0
959,1.0,959.0,London_32,FIFO,151,453,1092.0,70.0,2.0,142695.0,0.6886927322484553,768.0,5.0,0.0,5.0,13.0,0.0,13.0,152.0,214.0,100.0,26.0,91.0,2.0,13.0,1.0,6.0,9.0,71.0,136.0,237.0,43.0,0.0,0.0,0.0,0.0,0.0,0.0,0.0,0.0,0.0,0.0,0.0,0.0,0.0,0.0,0.0,0.0,0.0,0.0,0.0,0.0,0.0,0.0,0.0,0.0,0.0,0.0,0.0,0.0,0.0,0.0,0.0,0.0,0.0,0.0,0.0,0.0,0.0,0.0,0.0,0.0,0.0,0.0,0.0,0.0,0.0,0.0,1.0,0.0,0.0,2.0,1.0,2.0,1.0,0.0,0.0,0.0,0.0,0.0,0.0,0.0,0.0,0.0,0.0,0.0,0.0,0.0,0.0,0.0,0.0,0.0,0.0,0.0,0.0,0.0,0.0,0.0,0.0,0.0,0.0,0.0,3.0,0.0,0.0,3.0,2.0,2.0,1.0,0.0
960,1.0,960.0,London_32,FIFO,151,453,1092.0,70.0,2.0,182559.0,1.0569867356680334,856.0,95.0,1.0,94.0,174.0,10.0,164.0,13.0,217.0,96.0,28.0,90.0,2.0,13.0,1.0,6.0,9.0,66.0,141.0,237.0,45.0,0.0,0.0,0.0,0.0,0.0,0.0,0.0,0.0,0.0,0.0,0.0,0.0,0.0,0.0,0.0,0.0,0.0,0.0,0.0,0.0,0.0,0.0,0.0,0.0,0.0,0.0,0.0,0.0,0.0,0.0,0.0,0.0,1.0,0.0,0.0,1.0,0.0,0.0,0.0,0.0,1.0,9.0,0.0,0.0,7.0,1.0,3.0,10.0,7.0,6.0,23.0,22.0,21.0,7.0,0.0,0.0,0.0,0.0,0.0,0.0,0.0,0.0,0.0,0.0,0.0,0.0,5.0,0.0,0.0,5.0,0.0,0.0,0.0,0.0,1.0,11.0,0.0,0.0,7.0,1.0,3.0,14.0,8.0,12.0,34.0,29.0,29.0,15.0
961,1.0,961.0,London_32,FIFO,151,453,1092.0,70.0,2.0,185277.0,0.9819052256643772,862.0,93.0,1.0,92.0,175.0,10.0,165.0,174.0,224.0,107.0,34.0,65.0,10.0,8.0,2.0,3.0,6.0,73.0,139.0,235.0,32.0,0.0,0.0,0.0,0.0,0.0,0.0,0.0,0.0,0.0,0.0,0.0,0.0,0.0,0.0,0.0,0.0,0.0,0.0,0.0,0.0,0.0,0.0,0.0,0.0,0.0,0.0,0.0,0.0,0.0,1.0,0.0,0.0,1.0,0.0,0.0,0.0,0.0,0.0,0.0,0.0,6.0,4.0,1.0,0.0,13.0,0.0,8.0,9.0,14.0,12.0,17.0,23.0,21.0,6.0,0.0,0.0,0.0,0.0,0.0,0.0,0.0,0.0,0.0,8.0,0.0,0.0,7.0,0.0,0.0,0.0,0.0,0.0,0.0,0.0,8.0,7.0,1.0,0.0,13.0,0.0,11.0,12.0,21.0,15.0,30.0,32.0,29.0,10.0
962,1.0,962.0,London_32,FIFO,151,453,1092.0,70.0,2.0,182106.0,1.1439815550111234,855.0,110.0,0.0,110.0,190.0,0.0,190.0,175.0,219.0,113.0,32.0,64.0,5.0,13.0,0.0,7.0,6.0,75.0,158.0,214.0,32.0,0.0,0.0,0.0,0.0,0.0,0.0,0.0,0.0,0.0,0.0,0.0,0.0,0.0,0.0,0.0,0.0,0.0,0.0,0.0,0.0,0.0,0.0,0.0,0.0,0.0,0.0,0.0,0.0,0.0,0.0,0.0,0.0,0.0,0.0,0.0,0.0,0.0,0.0,0.0,0.0,2.0,7.0,3.0,2.0,0.0,0.0,7.0,6.0,5.0,9.0,22.0,25.0,23.0,6.0,0.0,0.0,0.0,0.0,0.0,0.0,0.0,0.0,0.0,0.0,0.0,0.0,0.0,0.0,0.0,0.0,0.0,0.0,0.0,0.0,3.0,8.0,3.0,3.0,0.0,0.0,7.0,9.0,5.0,10.0,32.0,37.0,28.0,9.0
963,1.0,963.0,London_32,FIFO,151,453,1092.0,70.0,2.0,154926.0,0.8948431080207229,795.0,117.0,0.0,117.0,201.0,0.0,201.0,190.0,223.0,125.0,21.0,51.0,9.0,18.0,2.0,4.0,9.0,83.0,147.0,214.0,46.0,0.0,0.0,0.0,0.0,0.0,0.0,0.0,0.0,0.0,0.0,0.0,0.0,0.0,0.0,0.0,0.0,0.0,0.0,0.0,0.0,0.0,0.0,0.0,0.0,0.0,0.0,0.0,0.0,0.0,0.0,0.0,0.0,0.0,0.0,0.0,0.0,0.0,0.0,0.0,0.0,6.0,11.0,3.0,1.0,4.0,0.0,15.0,12.0,8.0,15.0,15.0,24.0,13.0,9.0,0.0,0.0,0.0,0.0,0.0,0.0,0.0,0.0,0.0,0.0,0.0,0.0,0.0,0.0,0.0,0.0,0.0,0.0,0.0,0.0,8.0,14.0,3.0,3.0,4.0,0.0,23.0,16.0,8.0,21.0,22.0,35.0,16.0,13.0
964,1.0,964.0,London_32,FIFO,151,453,1092.0,70.0,2.0,134088.0,0.9148633820004761,749.0,130.0,2.0,128.0,242.0,19.0,223.0,201.0,249.0,114.0,13.0,50.0,7.0,10.0,1.0,9.0,9.0,85.0,162.0,197.0,39.0,0.0,0.0,0.0,0.0,0.0,0.0,0.0,0.0,0.0,0.0,0.0,0.0,0.0,0.0,0.0,0.0,0.0,0.0,0.0,0.0,0.0,0.0,0.0,0.0,0.0,0.0,0.0,0.0,0.0,1.0,0.0,0.0,0.0,1.0,0.0,2.0,0.0,0.0,0.0,0.0,6.0,13.0,0.0,1.0,5.0,0.0,4.0,10.0,10.0,12.0,27.0,26.0,23.0,5.0,0.0,0.0,0.0,0.0,0.0,0.0,0.0,0.0,0.0,3.0,0.0,0.0,0.0,7.0,0.0,2.0,0.0,0.0,0.0,0.0,8.0,22.0,0.0,2.0,6.0,0.0,5.0,15.0,12.0,17.0,47.0,39.0,34.0,7.0
965,1.0,965.0,London_32,FIFO,151,453,1092.0,70.0,2.0,106455.0,0.6331878481432796,688.0,30.0,2.0,28.0,63.0,17.0,46.0,242.0,237.0,93.0,11.0,69.0,4.0,27.0,3.0,9.0,9.0,82.0,167.0,195.0,35.0,0.0,0.0,0.0,0.0,0.0,0.0,0.0,0.0,0.0,0.0,0.0,0.0,0.0,0.0,0.0,0.0,0.0,0.0,0.0,0.0,0.0,0.0,0.0,0.0,0.0,0.0,0.0,0.0,0.0,1.0,0.0,0.0,2.0,0.0,0.0,2.0,0.0,0.0,0.0,0.0,2.0,0.0,0.0,1.0,0.0,0.0,1.0,2.0,1.0,6.0,5.0,4.0,10.0,1.0,0.0,0.0,0.0,0.0,0.0,0.0,0.0,0.0,0.0,1.0,0.0,0.0,3.0,0.0,0.0,9.0,0.0,0.0,0.0,0.0,2.0,0.0,0.0,1.0,0.0,0.0,1.0,2.0,2.0,7.0,6.0,6.0,15.0,1.0
966,1.0,966.0,London_32,FIFO,151,453,1092.0,70.0,2.0,134088.0,0.9283853438682854,749.0,118.0,0.0,118.0,203.0,0.0,203.0,63.0,241.0,87.0,6.0,72.0,2.0,32.0,3.0,10.0,7.0,88.0,165.0,193.0,35.0,0.0,0.0,0.0,0.0,0.0,0.0,0.0,0.0,0.0,0.0,0.0,0.0,0.0,0.0,0.0,0.0,0.0,0.0,0.0,0.0,0.0,0.0,0.0,0.0,0.0,0.0,0.0,0.0,0.0,0.0,0.0,0.0,0.0,0.0,0.0,0.0,0.0,0.0,0.0,0.0,4.0,3.0,1.0,0.0,3.0,1.0,6.0,10.0,16.0,9.0,22.0,25.0,21.0,13.0,0.0,0.0,0.0,0.0,0.0,0.0,0.0,0.0,0.0,0.0,0.0,0.0,0.0,0.0,0.0,0.0,0.0,0.0,0.0,0.0,6.0,7.0,1.0,0.0,3.0,2.0,9.0,13.0,29.0,9.0,32.0,33.0,28.0,19.0
967,1.0,967.0,London_32,FIFO,151,453,1092.0,70.0,2.0,116874.0,0.8189566228538752,711.0,41.0,2.0,39.0,93.0,18.0,75.0,203.0,237.0,82.0,10.0,82.0,5.0,32.0,3.0,2.0,10.0,82.0,150.0,211.0,31.0,0.0,0.0,0.0,0.0,0.0,0.0,0.0,0.0,0.0,0.0,0.0,0.0,0.0,0.0,0.0,0.0,0.0,0.0,0.0,0.0,0.0,0.0,0.0,0.0,0.0,0.0,0.0,0.0,0.0,0.0,0.0,0.0,1.0,1.0,0.0,1.0,0.0,0.0,0.0,0.0,1.0,0.0,0.0,2.0,0.0,0.0,2.0,4.0,0.0,7.0,6.0,4.0,11.0,1.0,0.0,0.0,0.0,0.0,0.0,0.0,0.0,0.0,0.0,0.0,0.0,0.0,3.0,6.0,0.0,3.0,0.0,0.0,0.0,0.0,1.0,0.0,0.0,4.0,0.0,0.0,3.0,6.0,0.0,10.0,10.0,10.0,14.0,1.0
968,1.0,968.0,London_32,FIFO,151,453,1092.0,70.0,2.0,143601.0,0.726624773349613,770.0,18.0,0.0,18.0,31.0,0.0,31.0,93.0,243.0,72.0,11.0,83.0,3.0,37.0,2.0,2.0,3.0,77.0,163.0,210.0,20.0,0.0,0.0,0.0,0.0,0.0,0.0,0.0,0.0,0.0,0.0,0.0,0.0,0.0,0.0,0.0,0.0,0.0,0.0,0.0,0.0,0.0,0.0,0.0,0.0,0.0,0.0,0.0,0.0,0.0,0.0,0.0,0.0,0.0,0.0,0.0,0.0,0.0,0.0,0.0,0.0,1.0,0.0,0.0,1.0,0.0,0.0,0.0,2.0,0.0,4.0,2.0,4.0,5.0,4.0,0.0,0.0,0.0,0.0,0.0,0.0,0.0,0.0,0.0,0.0,0.0,0.0,0.0,0.0,0.0,0.0,0.0,0.0,0.0,0.0,1.0,0.0,0.0,2.0,0.0,0.0,0.0,2.0,0.0,5.0,5.0,5.0,6.0,7.0
969,1.0,969.0,London_32,FIFO,151,453,1092.0,70.0,2.0,164892.0,0.9251777431927621,817.0,38.0,2.0,36.0,79.0,17.0,62.0,31.0,241.0,70.0,14.0,84.0,4.0,36.0,3.0,1.0,4.0,81.0,165.0,203.0,22.0,0.0,0.0,0.0,0.0,0.0,0.0,0.0,0.0,0.0,0.0,0.0,0.0,0.0,0.0,0.0,0.0,0.0,0.0,0.0,0.0,0.0,0.0,0.0,0.0,0.0,0.0,0.0,0.0,0.0,0.0,0.0,0.0,1.0,0.0,0.0,1.0,1.0,0.0,0.0,0.0,1.0,2.0,0.0,0.0,0.0,0.0,6.0,2.0,3.0,8.0,6.0,5.0,9.0,2.0,0.0,0.0,0.0,0.0,0.0,0.0,0.0,0.0,0.0,0.0,0.0,0.0,6.0,0.0,0.0,5.0,7.0,0.0,0.0,0.0,1.0,4.0,0.0,0.0,0.0,0.0,9.0,3.0,6.0,11.0,8.0,7.0,10.0,3.0
970,1.0,970.0,London_32,FIFO,151,453,1092.0,70.0,2.0,192072.0,1.0051245060749352,877.0,85.0,0.0,85.0,141.0,0.0,141.0,79.0,251.0,70.0,6.0,87.0,6.0,31.0,2.0,0.0,3.0,85.0,154.0,211.0,18.0,0.0,0.0,0.0,0.0,0.0,0.0,0.0,0.0,0.0,0.0,0.0,0.0,0.0,0.0,0.0,0.0,0.0,0.0,0.0,0.0,0.0,0.0,0.0,0.0,0.0,0.0,0.0,0.0,0.0,0.0,0.0,0.0,0.0,0.0,0.0,0.0,0.0,0.0,0.0,0.0,1.0,0.0,0.0,0.0,0.0,0.0,19.0,5.0,8.0,6.0,15.0,15.0,13.0,8.0,0.0,0.0,0.0,0.0,0.0,0.0,0.0,0.0,0.0,0.0,0.0,0.0,0.0,0.0,0.0,0.0,0.0,0.0,0.0,0.0,1.0,0.0,0.0,0.0,0.0,0.0,24.0,7.0,9.0,7.0,19.0,20.0,18.0,11.0
971,1.0,971.0,London_32,FIFO,151,453,1092.0,70.0,2.0,191166.0,1.1983392327092588,875.0,144.0,1.0,143.0,248.0,8.0,240.0,141.0,249.0,70.0,8.0,94.0,5.0,24.0,2.0,1.0,8.0,87.0,146.0,212.0,23.0,0.0,0.0,0.0,0.0,0.0,0.0,0.0,0.0,0.0,0.0,0.0,0.0,0.0,0.0,0.0,0.0,0.0,0.0,0.0,0.0,0.0,0.0,0.0,0.0,0.0,0.0,0.0,0.0,0.0,1.0,0.0,0.0,1.0,0.0,0.0,1.0,0.0,0.0,0.0,0.0,3.0,11.0,3.0,2.0,5.0,0.0,19.0,7.0,11.0,10.0,26.0,33.0,20.0,13.0,0.0,0.0,0.0,0.0,0.0,0.0,0.0,0.0,0.0,5.0,0.0,0.0,5.0,0.0,0.0,2.0,0.0,0.0,0.0,0.0,4.0,15.0,4.0,3.0,6.0,0.0,24.0,9.0,14.0,11.0,36.0,48.0,25.0,20.0
972,1.0,972.0,London_32,FIFO,151,453,1092.0,70.0,2.0,172593.0,1.0058981529437006,834.0,152.0,2.0,150.0,265.0,18.0,247.0,248.0,223.0,103.0,18.0,78.0,5.0,22.0,0.0,4.0,11.0,74.0,145.0,223.0,48.0,0.0,0.0,0.0,0.0,0.0,0.0,0.0,0.0,0.0,0.0,0.0,0.0,0.0,0.0,0.0,0.0,0.0,0.0,0.0,0.0,0.0,0.0,0.0,0.0,0.0,0.0,0.0,0.0,0.0,0.0,1.0,0.0,1.0,0.0,1.0,2.0,0.0,0.0,0.0,0.0,3.0,3.0,2.0,3.0,3.0,1.0,11.0,7.0,7.0,6.0,25.0,35.0,26.0,8.0,0.0,0.0,0.0,0.0,0.0,0.0,0.0,0.0,0.0,0.0,4.0,0.0,4.0,0.0,6.0,4.0,0.0,0.0,0.0,0.0,3.0,5.0,2.0,5.0,3.0,1.0,13.0,10.0,11.0,7.0,38.0,44.0,36.0,11.0
973,1.0,973.0,London_32,FIFO,151,453,1092.0,70.0,2.0,136806.0,0.7713533397763968,755.0,104.0,1.0,103.0,186.0,11.0,175.0,265.0,226.0,101.0,22.0,63.0,5.0,30.0,1.0,5.0,10.0,69.0,158.0,216.0,42.0,0.0,0.0,0.0,0.0,0.0,0.0,0.0,0.0,0.0,0.0,0.0,0.0,0.0,0.0,0.0,0.0,0.0,0.0,0.0,0.0,0.0,0.0,0.0,0.0,0.0,0.0,0.0,0.0,0.0,1.0,0.0,0.0,1.0,0.0,0.0,1.0,0.0,0.0,0.0,0.0,1.0,7.0,0.0,0.0,4.0,0.0,1.0,13.0,5.0,11.0,16.0,26.0,19.0,9.0,0.0,0.0,0.0,0.0,0.0,0.0,0.0,0.0,0.0,5.0,0.0,0.0,7.0,0.0,0.0,6.0,0.0,0.0,0.0,0.0,1.0,9.0,0.0,0.0,4.0,0.0,1.0,15.0,5.0,17.0,20.0,39.0,19.0,13.0
974,1.0,974.0,London_32,FIFO,151,453,1092.0,70.0,2.0,123216.0,0.7069770419038832,725.0,15.0,0.0,15.0,29.0,0.0,29.0,186.0,230.0,109.0,13.0,62.0,5.0,28.0,3.0,3.0,8.0,80.0,152.0,213.0,36.0,0.0,0.0,0.0,0.0,0.0,0.0,0.0,0.0,0.0,0.0,0.0,0.0,0.0,0.0,0.0,0.0,0.0,0.0,0.0,0.0,0.0,0.0,0.0,0.0,0.0,0.0,0.0,0.0,0.0,0.0,0.0,0.0,0.0,0.0,0.0,0.0,0.0,0.0,0.0,0.0,0.0,0.0,0.0,0.0,0.0,0.0,1.0,3.0,0.0,1.0,2.0,1.0,7.0,0.0,0.0,0.0,0.0,0.0,0.0,0.0,0.0,0.0,0.0,0.0,0.0,0.0,0.0,0.0,0.0,0.0,0.0,0.0,0.0,0.0,0.0,0.0,0.0,0.0,0.0,0.0,1.0,7.0,0.0,2.0,4.0,2.0,13.0,0.0
975,1.0,975.0,London_32,FIFO,151,453,1092.0,70.0,2.0,154926.0,0.853951252065599,795.0,34.0,2.0,32.0,69.0,18.0,51.0,29.0,232.0,110.0,18.0,54.0,3.0,32.0,4.0,0.0,9.0,75.0,158.0,211.0,38.0,0.0,0.0,0.0,0.0,0.0,0.0,0.0,0.0,0.0,0.0,0.0,0.0,0.0,0.0,0.0,0.0,0.0,0.0,0.0,0.0,0.0,0.0,0.0,0.0,0.0,0.0,0.0,0.0,0.0,0.0,0.0,0.0,0.0,0.0,0.0,2.0,0.0,0.0,0.0,0.0,2.0,1.0,0.0,0.0,0.0,1.0,3.0,7.0,2.0,2.0,2.0,7.0,7.0,4.0,0.0,0.0,0.0,0.0,0.0,0.0,0.0,0.0,0.0,0.0,0.0,0.0,0.0,0.0,0.0,10.0,0.0,0.0,0.0,0.0,2.0,1.0,0.0,0.0,0.0,2.0,3.0,8.0,3.0,2.0,2.0,8.0,8.0,6.0
976,1.0,976.0,London_32,FIFO,151,453,1092.0,70.0,2.0,180747.0,1.1242510392330587,852.0,119.0,1.0,118.0,220.0,10.0,210.0,69.0,228.0,112.0,20.0,63.0,1.0,24.0,4.0,1.0,9.0,84.0,141.0,219.0,41.0,0.0,0.0,0.0,0.0,0.0,0.0,0.0,0.0,0.0,0.0,0.0,0.0,0.0,0.0,0.0,0.0,0.0,0.0,0.0,0.0,0.0,0.0,0.0,0.0,0.0,0.0,0.0,0.0,0.0,1.0,0.0,0.0,0.0,0.0,0.0,1.0,0.0,0.0,0.0,0.0,7.0,11.0,8.0,1.0,1.0,0.0,9.0,12.0,3.0,9.0,21.0,22.0,18.0,11.0,0.0,0.0,0.0,0.0,0.0,0.0,0.0,0.0,0.0,3.0,0.0,0.0,0.0,0.0,0.0,1.0,0.0,0.0,0.0,0.0,9.0,15.0,8.0,1.0,1.0,0.0,10.0,16.0,5.0,13.0,34.0,35.0,26.0,15.0
977,1.0,977.0,London_32,FIFO,151,453,1092.0,70.0,2.0,176670.0,1.1722259582020342,843.0,109.0,2.0,107.0,196.0,16.0,180.0,220.0,242.0,102.0,14.0,67.0,2.0,19.0,5.0,2.0,10.0,79.0,152.0,212.0,39.0,0.0,0.0,0.0,0.0,0.0,0.0,0.0,0.0,0.0,0.0,0.0,0.0,0.0,0.0,0.0,0.0,0.0,0.0,0.0,0.0,0.0,0.0,0.0,0.0,0.0,0.0,0.0,0.0,0.0,1.0,0.0,0.0,1.0,0.0,0.0,2.0,0.0,0.0,0.0,0.0,0.0,2.0,1.0,3.0,1.0,0.0,4.0,8.0,4.0,18.0,25.0,21.0,21.0,8.0,0.0,0.0,0.0,0.0,0.0,0.0,0.0,0.0,0.0,2.0,0.0,0.0,3.0,0.0,0.0,6.0,0.0,0.0,0.0,0.0,0.0,2.0,1.0,8.0,1.0,0.0,6.0,10.0,4.0,25.0,40.0,31.0,27.0,12.0
978,1.0,978.0,London_32,FIFO,151,453,1092.0,70.0,2.0,169422.0,1.0323020606301725,827.0,166.0,0.0,166.0,289.0,0.0,289.0,196.0,251.0,93.0,18.0,56.0,8.0,23.0,1.0,3.0,7.0,81.0,153.0,212.0,30.0,0.0,0.0,0.0,0.0,0.0,0.0,0.0,0.0,0.0,0.0,0.0,0.0,0.0,0.0,0.0,0.0,0.0,0.0,0.0,0.0,0.0,0.0,0.0,0.0,0.0,0.0,0.0,0.0,0.0,0.0,0.0,0.0,0.0,0.0,0.0,0.0,0.0,0.0,0.0,0.0,6.0,18.0,0.0,2.0,7.0,0.0,2.0,6.0,7.0,4.0,32.0,36.0,16.0,9.0,0.0,0.0,0.0,0.0,0.0,0.0,0.0,0.0,0.0,0.0,0.0,0.0,0.0,0.0,0.0,0.0,0.0,0.0,0.0,0.0,7.0,27.0,0.0,2.0,7.0,0.0,2.0,8.0,9.0,6.0,54.0,52.0,18.0,12.0
979,1.0,979.0,London_32,FIFO,151,453,1092.0,70.0,2.0,125934.0,0.6947473781183362,731.0,32.0,0.0,32.0,66.0,0.0,66.0,289.0,200.0,108.0,14.0,97.0,8.0,17.0,1.0,8.0,6.0,84.0,168.0,195.0,23.0,0.0,0.0,0.0,0.0,0.0,0.0,0.0,0.0,0.0,0.0,0.0,0.0,0.0,0.0,0.0,0.0,0.0,0.0,0.0,0.0,0.0,0.0,0.0,0.0,0.0,0.0,0.0,0.0,0.0,0.0,0.0,0.0,0.0,0.0,0.0,0.0,0.0,0.0,0.0,0.0,1.0,0.0,0.0,1.0,0.0,0.0,1.0,6.0,0.0,5.0,6.0,8.0,5.0,5.0,0.0,0.0,0.0,0.0,0.0,0.0,0.0,0.0,0.0,0.0,0.0,0.0,0.0,0.0,0.0,0.0,0.0,0.0,0.0,0.0,3.0,0.0,0.0,1.0,0.0,0.0,1.0,11.0,0.0,7.0,14.0,10.0,10.0,10.0
980,1.0,980.0,London_32,FIFO,151,453,1092.0,70.0,2.0,148131.0,0.9318524389527738,780.0,74.0,2.0,72.0,151.0,18.0,133.0,66.0,207.0,110.0,15.0,90.0,11.0,14.0,2.0,4.0,6.0,94.0,165.0,188.0,35.0,0.0,0.0,0.0,0.0,0.0,0.0,0.0,0.0,0.0,0.0,0.0,0.0,0.0,0.0,0.0,0.0,0.0,0.0,0.0,0.0,0.0,0.0,0.0,0.0,0.0,0.0,0.0,0.0,0.0,0.0,0.0,0.0,0.0,0.0,2.0,2.0,0.0,0.0,0.0,0.0,4.0,6.0,0.0,2.0,1.0,0.0,4.0,9.0,6.0,6.0,11.0,24.0,21.0,8.0,0.0,0.0,0.0,0.0,0.0,0.0,0.0,0.0,0.0,0.0,0.0,0.0,0.0,0.0,12.0,5.0,0.0,0.0,0.0,0.0,6.0,10.0,0.0,2.0,1.0,0.0,6.0,12.0,8.0,8.0,15.0,39.0,29.0,14.0
981,1.0,981.0,London_32,FIFO,151,453,1092.0,70.0,2.0,157644.0,1.0691189193166792,801.0,92.0,0.0,92.0,164.0,0.0,164.0,151.0,214.0,94.0,14.0,101.0,12.0,14.0,2.0,2.0,4.0,89.0,151.0,209.0,28.0,0.0,0.0,0.0,0.0,0.0,0.0,0.0,0.0,0.0,0.0,0.0,0.0,0.0,0.0,0.0,0.0,0.0,0.0,0.0,0.0,0.0,0.0,0.0,0.0,0.0,0.0,0.0,0.0,0.0,0.0,0.0,0.0,0.0,0.0,0.0,0.0,0.0,0.0,0.0,0.0,4.0,6.0,0.0,1.0,0.0,1.0,14.0,5.0,6.0,11.0,14.0,31.0,22.0,9.0,0.0,0.0,0.0,0.0,0.0,0.0,0.0,0.0,0.0,0.0,0.0,0.0,0.0,0.0,0.0,0.0,0.0,0.0,0.0,0.0,5.0,10.0,0.0,2.0,0.0,1.0,18.0,7.0,10.0,15.0,18.0,49.0,26.0,16.0
982,1.0,982.0,London_32,FIFO,151,453,1092.0,70.0,2.0,156738.0,0.9826511112041771,799.0,40.0,0.0,40.0,65.0,0.0,65.0,164.0,228.0,89.0,18.0,78.0,14.0,19.0,1.0,6.0,5.0,87.0,152.0,209.0,37.0,0.0,0.0,0.0,0.0,0.0,0.0,0.0,0.0,0.0,0.0,0.0,0.0,0.0,0.0,0.0,0.0,0.0,0.0,0.0,0.0,0.0,0.0,0.0,0.0,0.0,0.0,0.0,0.0,0.0,0.0,0.0,0.0,0.0,0.0,0.0,0.0,0.0,0.0,0.0,0.0,2.0,7.0,0.0,0.0,0.0,0.0,4.0,4.0,2.0,7.0,6.0,10.0,7.0,6.0,0.0,0.0,0.0,0.0,0.0,0.0,0.0,0.0,0.0,0.0,0.0,0.0,0.0,0.0,0.0,0.0,0.0,0.0,0.0,0.0,3.0,12.0,0.0,0.0,0.0,0.0,5.0,5.0,2.0,8.0,8.0,13.0,8.0,8.0
983,1.0,983.0,London_32,FIFO,151,453,1092.0,70.0,2.0,188901.0,1.161826163996011,870.0,112.0,0.0,112.0,188.0,0.0,188.0,65.0,229.0,92.0,20.0,74.0,18.0,16.0,1.0,3.0,5.0,80.0,155.0,213.0,42.0,0.0,0.0,0.0,0.0,0.0,0.0,0.0,0.0,0.0,0.0,0.0,0.0,0.0,0.0,0.0,0.0,0.0,0.0,0.0,0.0,0.0,0.0,0.0,0.0,0.0,0.0,0.0,0.0,0.0,0.0,0.0,0.0,0.0,0.0,0.0,0.0,0.0,0.0,0.0,0.0,6.0,14.0,0.0,2.0,0.0,0.0,11.0,9.0,1.0,10.0,21.0,17.0,22.0,8.0,0.0,0.0,0.0,0.0,0.0,0.0,0.0,0.0,0.0,0.0,0.0,0.0,0.0,0.0,0.0,0.0,0.0,0.0,0.0,0.0,6.0,19.0,0.0,3.0,0.0,0.0,15.0,13.0,1.0,15.0,29.0,26.0,31.0,13.0
984,1.0,984.0,London_32,FIFO,151,453,1092.0,70.0,2.0,186183.0,1.1293941419571638,864.0,82.0,1.0,81.0,143.0,9.0,134.0,188.0,243.0,88.0,20.0,56.0,21.0,19.0,4.0,2.0,7.0,85.0,154.0,207.0,29.0,0.0,0.0,0.0,0.0,0.0,0.0,0.0,0.0,0.0,0.0,0.0,0.0,0.0,0.0,0.0,0.0,0.0,0.0,0.0,0.0,0.0,0.0,0.0,0.0,0.0,0.0,0.0,0.0,0.0,0.0,0.0,0.0,0.0,0.0,1.0,0.0,0.0,0.0,0.0,0.0,4.0,7.0,0.0,1.0,0.0,0.0,17.0,3.0,5.0,5.0,15.0,15.0,19.0,8.0,0.0,0.0,0.0,0.0,0.0,0.0,0.0,0.0,0.0,0.0,0.0,0.0,0.0,0.0,8.0,0.0,0.0,0.0,0.0,0.0,4.0,10.0,0.0,1.0,0.0,0.0,20.0,6.0,7.0,5.0,18.0,23.0,26.0,10.0
985,1.0,985.0,London_32,FIFO,151,453,1092.0,70.0,2.0,193884.0,1.0461562676355243,881.0,58.0,2.0,56.0,120.0,18.0,102.0,143.0,251.0,80.0,18.0,57.0,20.0,22.0,5.0,0.0,8.0,76.0,162.0,207.0,30.0,0.0,0.0,0.0,0.0,0.0,0.0,0.0,0.0,0.0,1.0,0.0,0.0,0.0,1.0,0.0,0.0,0.0,0.0,1.0,0.0,0.0,0.0,0.0,0.0,0.0,0.0,0.0,0.0,0.0,1.0,0.0,0.0,1.0,0.0,1.0,2.0,0.0,0.0,0.0,0.0,3.0,0.0,0.0,0.0,0.0,0.0,6.0,4.0,4.0,4.0,17.0,10.0,15.0,5.0,0.0,0.0,0.0,0.0,0.0,0.0,0.0,0.0,0.0,3.0,0.0,0.0,4.0,0.0,7.0,5.0,0.0,0.0,0.0,0.0,3.0,0.0,0.0,0.0,0.0,0.0,9.0,6.0,5.0,7.0,30.0,13.0,22.0,8.0
986,1.0,986.0,London_32,FIFO,151,453,1092.0,70.0,2.0,200226.0,1.1455315090715885,895.0,130.0,2.0,128.0,229.0,15.0,214.0,116.0,241.0,85.0,14.0,55.0,24.0,28.0,4.0,2.0,11.0,75.0,152.0,215.0,33.0,0.0,0.0,0.0,0.0,0.0,0.0,0.0,0.0,0.0,0.0,0.0,0.0,0.0,0.0,0.0,0.0,0.0,0.0,0.0,0.0,0.0,0.0,0.0,0.0,0.0,0.0,0.0,0.0,0.0,0.0,0.0,0.0,0.0,1.0,1.0,1.0,0.0,0.0,0.0,0.0,8.0,7.0,3.0,3.0,6.0,3.0,11.0,10.0,6.0,8.0,25.0,27.0,18.0,6.0,0.0,0.0,0.0,0.0,0.0,0.0,0.0,0.0,0.0,0.0,0.0,0.0,0.0,3.0,6.0,7.0,0.0,0.0,0.0,0.0,9.0,11.0,3.0,4.0,6.0,4.0,14.0,13.0,6.0,10.0,37.0,38.0,23.0,9.0
987,1.0,987.0,London_32,FIFO,151,453,1092.0,70.0,2.0,177576.0,0.976598790846765,845.0,154.0,0.0,154.0,268.0,0.0,268.0,229.0,256.0,80.0,17.0,70.0,8.0,15.0,1.0,6.0,5.0,82.0,151.0,215.0,27.0,0.0,0.0,0.0,0.0,0.0,0.0,0.0,0.0,0.0,0.0,0.0,0.0,0.0,0.0,0.0,0.0,0.0,0.0,0.0,0.0,0.0,0.0,0.0,0.0,0.0,0.0,0.0,0.0,0.0,0.0,0.0,0.0,0.0,0.0,0.0,0.0,0.0,0.0,0.0,0.0,2.0,19.0,0.0,2.0,0.0,0.0,5.0,5.0,8.0,16.0,28.0,39.0,18.0,10.0,0.0,0.0,0.0,0.0,0.0,0.0,0.0,0.0,0.0,0.0,0.0,0.0,0.0,0.0,0.0,0.0,0.0,0.0,0.0,0.0,2.0,27.0,0.0,4.0,0.0,0.0,6.0,7.0,11.0,24.0,40.0,62.0,22.0,14.0
988,1.0,988.0,London_32,FIFO,151,453,1092.0,70.0,2.0,146319.0,0.9293514783494174,776.0,166.0,1.0,165.0,287.0,10.0,277.0,268.0,210.0,108.0,21.0,74.0,9.0,21.0,1.0,9.0,4.0,79.0,172.0,198.0,22.0,0.0,0.0,0.0,0.0,0.0,0.0,0.0,0.0,0.0,0.0,0.0,0.0,0.0,0.0,0.0,0.0,0.0,0.0,0.0,0.0,0.0,0.0,0.0,0.0,0.0,0.0,0.0,0.0,0.0,1.0,0.0,0.0,1.0,0.0,0.0,1.0,0.0,0.0,0.0,0.0,0.0,3.0,2.0,4.0,4.0,1.0,3.0,7.0,16.0,13.0,40.0,35.0,26.0,6.0,0.0,0.0,0.0,0.0,0.0,0.0,0.0,0.0,0.0,1.0,0.0,0.0,4.0,0.0,0.0,4.0,0.0,0.0,0.0,0.0,0.0,6.0,2.0,4.0,4.0,1.0,4.0,9.0,20.0,16.0,60.0,49.0,31.0,7.0
989,1.0,989.0,London_32,FIFO,151,453,1092.0,70.0,2.0,95130.0,0.502188847400248,663.0,76.0,0.0,76.0,130.0,0.0,130.0,287.0,187.0,119.0,17.0,93.0,6.0,23.0,3.0,5.0,4.0,74.0,153.0,222.0,42.0,0.0,0.0,0.0,0.0,0.0,0.0,0.0,0.0,0.0,0.0,0.0,0.0,0.0,0.0,0.0,0.0,0.0,0.0,0.0,0.0,0.0,0.0,0.0,0.0,0.0,0.0,0.0,0.0,0.0,0.0,0.0,0.0,0.0,0.0,0.0,0.0,0.0,0.0,0.0,0.0,1.0,1.0,0.0,0.0,0.0,0.0,4.0,5.0,10.0,7.0,20.0,16.0,17.0,8.0,0.0,0.0,0.0,0.0,0.0,0.0,0.0,0.0,0.0,0.0,0.0,0.0,0.0,0.0,0.0,0.0,0.0,0.0,0.0,0.0,1.0,1.0,0.0,0.0,0.0,0.0,5.0,6.0,15.0,10.0,30.0,23.0,22.0,12.0
990,1.0,990.0,London_32,FIFO,151,453,1092.0,70.0,2.0,92412.0,0.5737813473679125,657.0,8.0,3.0,5.0,32.0,25.0,7.0,130.0,191.0,107.0,17.0,90.0,5.0,30.0,3.0,10.0,8.0,76.0,159.0,210.0,50.0,0.0,0.0,0.0,0.0,0.0,0.0,0.0,0.0,0.0,0.0,0.0,0.0,0.0,0.0,0.0,0.0,0.0,0.0,0.0,0.0,0.0,0.0,0.0,0.0,0.0,0.0,0.0,0.0,0.0,0.0,0.0,0.0,1.0,0.0,1.0,1.0,0.0,0.0,0.0,0.0,0.0,0.0,0.0,0.0,0.0,0.0,0.0,0.0,2.0,0.0,2.0,1.0,3.0,0.0,0.0,0.0,0.0,0.0,0.0,0.0,0.0,0.0,0.0,0.0,0.0,0.0,5.0,0.0,3.0,4.0,0.0,0.0,0.0,0.0,0.0,0.0,0.0,0.0,0.0,0.0,0.0,0.0,3.0,0.0,2.0,2.0,3.0,0.0
991,1.0,991.0,London_32,FIFO,151,453,1092.0,70.0,2.0,122310.0,0.639272402971983,723.0,15.0,1.0,14.0,33.0,9.0,24.0,32.0,193.0,104.0,20.0,94.0,4.0,25.0,3.0,10.0,7.0,78.0,145.0,223.0,41.0,0.0,0.0,0.0,0.0,0.0,0.0,0.0,0.0,0.0,0.0,0.0,0.0,0.0,0.0,0.0,0.0,0.0,0.0,0.0,0.0,0.0,0.0,0.0,0.0,0.0,0.0,0.0,0.0,0.0,1.0,0.0,0.0,0.0,0.0,0.0,0.0,1.0,0.0,0.0,0.0,0.0,0.0,0.0,0.0,0.0,0.0,0.0,0.0,0.0,0.0,1.0,4.0,1.0,1.0,0.0,0.0,0.0,0.0,0.0,0.0,0.0,0.0,0.0,6.0,0.0,0.0,0.0,0.0,0.0,0.0,6.0,0.0,0.0,0.0,0.0,0.0,0.0,0.0,0.0,0.0,0.0,0.0,0.0,0.0,1.0,4.0,1.0,1.0
992,1.0,992.0,London_32,FIFO,151,453,1092.0,70.0,2.0,150849.0,0.8136460781097412,786.0,63.0,0.0,63.0,114.0,0.0,114.0,33.0,195.0,100.0,24.0,97.0,1.0,23.0,3.0,10.0,8.0,74.0,143.0,228.0,43.0,0.0,0.0,0.0,0.0,0.0,0.0,0.0,0.0,0.0,0.0,0.0,0.0,0.0,0.0,0.0,0.0,0.0,0.0,0.0,0.0,0.0,0.0,0.0,0.0,0.0,0.0,0.0,0.0,0.0,0.0,0.0,0.0,0.0,0.0,0.0,0.0,0.0,0.0,0.0,0.0,2.0,0.0,0.0,0.0,0.0,0.0,4.0,5.0,6.0,8.0,10.0,19.0,14.0,6.0,0.0,0.0,0.0,0.0,0.0,0.0,0.0,0.0,0.0,0.0,0.0,0.0,0.0,0.0,0.0,0.0,0.0,0.0,0.0,0.0,2.0,0.0,0.0,0.0,0.0,0.0,8.0,8.0,9.0,11.0,13.0,31.0,15.0,9.0
993,1.0,993.0,London_32,FIFO,151,453,1092.0,70.0,2.0,160815.0,1.0102739441208541,808.0,109.0,2.0,107.0,196.0,17.0,179.0,114.0,200.0,110.0,20.0,89.0,3.0,23.0,0.0,8.0,8.0,78.0,146.0,221.0,52.0,0.0,0.0,0.0,0.0,0.0,0.0,0.0,0.0,0.0,0.0,0.0,0.0,0.0,0.0,0.0,0.0,0.0,0.0,0.0,0.0,0.0,0.0,0.0,0.0,0.0,0.0,0.0,0.0,0.0,1.0,0.0,0.0,1.0,0.0,2.0,1.0,0.0,0.0,0.0,0.0,8.0,1.0,3.0,1.0,0.0,1.0,9.0,5.0,4.0,14.0,23.0,18.0,16.0,4.0,0.0,0.0,0.0,0.0,0.0,0.0,0.0,0.0,0.0,6.0,0.0,0.0,4.0,0.0,11.0,4.0,0.0,0.0,0.0,0.0,10.0,1.0,4.0,1.0,0.0,2.0,11.0,5.0,7.0,21.0,33.0,24.0,20.0,7.0
994,1.0,994.0,London_32,FIFO,151,453,1092.0,70.0,2.0,149037.0,0.988028874155134,782.0,75.0,0.0,75.0,136.0,0.0,136.0,196.0,211.0,95.0,20.0,105.0,3.0,16.0,1.0,2.0,11.0,75.0,150.0,217.0,43.0,0.0,0.0,0.0,0.0,0.0,0.0,0.0,0.0,0.0,0.0,0.0,0.0,0.0,0.0,0.0,0.0,0.0,0.0,0.0,0.0,0.0,0.0,0.0,0.0,0.0,0.0,0.0,0.0,0.0,0.0,0.0,0.0,0.0,0.0,0.0,0.0,0.0,0.0,0.0,0.0,2.0,8.0,0.0,1.0,1.0,0.0,11.0,7.0,7.0,7.0,13.0,21.0,21.0,6.0,0.0,0.0,0.0,0.0,0.0,0.0,0.0,0.0,0.0,0.0,0.0,0.0,0.0,0.0,0.0,0.0,0.0,0.0,0.0,0.0,2.0,11.0,0.0,1.0,1.0,0.0,16.0,13.0,10.0,9.0,22.0,32.0,30.0,14.0
995,1.0,995.0,London_32,FIFO,151,453,1092.0,70.0,2.0,154020.0,0.9800981073640287,793.0,34.0,0.0,34.0,56.0,0.0,56.0,136.0,229.0,107.0,8.0,90.0,2.0,13.0,0.0,4.0,10.0,71.0,159.0,213.0,46.0,0.0,0.0,0.0,0.0,0.0,0.0,0.0,0.0,0.0,0.0,0.0,0.0,0.0,0.0,0.0,0.0,0.0,0.0,0.0,0.0,0.0,0.0,0.0,0.0,0.0,0.0,0.0,0.0,0.0,0.0,0.0,0.0,0.0,0.0,0.0,0.0,0.0,0.0,0.0,0.0,0.0,1.0,0.0,0.0,0.0,0.0,0.0,7.0,2.0,5.0,9.0,10.0,11.0,4.0,0.0,0.0,0.0,0.0,0.0,0.0,0.0,0.0,0.0,0.0,0.0,0.0,0.0,0.0,0.0,0.0,0.0,0.0,0.0,0.0,0.0,2.0,0.0,0.0,0.0,0.0,0.0,9.0,2.0,9.0,14.0,11.0,14.0,6.0
996,1.0,996.0,London_32,FIFO,151,453,1092.0,70.0,2.0,177576.0,1.6012262860313058,845.0,197.0,0.0,197.0,351.0,0.0,351.0,56.0,230.0,112.0,12.0,77.0,4.0,15.0,0.0,3.0,10.0,71.0,161.0,211.0,42.0,0.0,0.0,0.0,0.0,0.0,0.0,0.0,0.0,0.0,0.0,0.0,0.0,0.0,0.0,0.0,0.0,0.0,0.0,0.0,0.0,0.0,0.0,0.0,0.0,0.0,0.0,0.0,0.0,0.0,0.0,0.0,0.0,0.0,0.0,0.0,0.0,0.0,0.0,0.0,0.0,1.0,23.0,0.0,0.0,0.0,0.0,4.0,16.0,14.0,1.0,42.0,42.0,21.0,9.0,0.0,0.0,0.0,0.0,0.0,0.0,0.0,0.0,0.0,0.0,0.0,0.0,0.0,0.0,0.0,0.0,0.0,0.0,0.0,0.0,1.0,30.0,0.0,0.0,0.0,0.0,4.0,23.0,22.0,1.0,69.0,68.0,29.0,11.0
997,1.0,997.0,London_32,FIFO,151,453,1092.0,70.0,2.0,111891.0,0.7470501391217113,700.0,25.0,3.0,22.0,65.0,28.0,37.0,351.0,144.0,131.0,30.0,105.0,11.0,21.0,1.0,10.0,6.0,84.0,156.0,207.0,43.0,0.0,0.0,0.0,0.0,0.0,0.0,0.0,0.0,0.0,0.0,0.0,0.0,0.0,0.0,0.0,0.0,0.0,0.0,0.0,0.0,0.0,0.0,0.0,0.0,0.0,0.0,0.0,0.0,0.0,0.0,1.0,0.0,1.0,0.0,1.0,1.0,0.0,0.0,0.0,0.0,1.0,0.0,0.0,1.0,0.0,0.0,3.0,0.0,1.0,1.0,2.0,5.0,8.0,0.0,0.0,0.0,0.0,0.0,0.0,0.0,0.0,0.0,0.0,0.0,1.0,0.0,2.0,0.0,4.0,3.0,0.0,0.0,0.0,0.0,1.0,0.0,0.0,2.0,0.0,0.0,3.0,0.0,1.0,1.0,4.0,8.0,9.0,0.0
998,1.0,998.0,London_32,FIFO,151,453,1092.0,70.0,2.0,129558.0,0.6668223640881479,739.0,115.0,0.0,115.0,204.0,0.0,204.0,65.0,143.0,144.0,27.0,100.0,5.0,23.0,1.0,10.0,3.0,81.0,151.0,218.0,42.0,0.0,0.0,0.0,0.0,0.0,0.0,0.0,0.0,0.0,0.0,0.0,0.0,0.0,0.0,0.0,0.0,0.0,0.0,0.0,0.0,0.0,0.0,0.0,0.0,0.0,0.0,0.0,0.0,0.0,0.0,0.0,0.0,0.0,0.0,0.0,0.0,0.0,0.0,0.0,0.0,5.0,5.0,0.0,1.0,0.0,0.0,8.0,8.0,10.0,14.0,20.0,16.0,19.0,8.0,0.0,0.0,0.0,0.0,0.0,0.0,0.0,0.0,0.0,0.0,0.0,0.0,0.0,0.0,0.0,0.0,0.0,0.0,0.0,0.0,6.0,7.0,0.0,2.0,0.0,0.0,13.0,14.0,10.0,20.0,32.0,24.0,26.0,9.0
999,1.0,999.0,London_32,FIFO,151,453,1092.0,70.0,2.0,115515.0,0.6253397101536393,708.0,15.0,1.0,14.0,37.0,9.0,28.0,204.0,164.0,130.0,21.0,88.0,13.0,26.0,2.0,9.0,2.0,76.0,150.0,225.0,56.0,0.0,0.0,0.0,0.0,0.0,0.0,0.0,0.0,0.0,0.0,0.0,0.0,0.0,0.0,0.0,0.0,0.0,0.0,0.0,0.0,0.0,0.0,0.0,0.0,0.0,0.0,0.0,0.0,0.0,0.0,0.0,0.0,0.0,1.0,0.0,1.0,0.0,0.0,0.0,0.0,0.0,1.0,0.0,0.0,0.0,0.0,4.0,1.0,0.0,1.0,2.0,6.0,6.0,3.0,0.0,0.0,0.0,0.0,0.0,0.0,0.0,0.0,0.0,0.0,0.0,0.0,0.0,7.0,0.0,1.0,0.0,0.0,0.0,0.0,0.0,1.0,0.0,0.0,0.0,0.0,6.0,1.0,0.0,3.0,4.0,7.0,9.0,5.0
1000,1.0,1000.0,London_32,FIFO,151,453,1092.0,70.0,2.0,154926.0,1.0301079479977489,795.0,126.0,2.0,124.0,205.0,18.0,187.0,37.0,164.0,127.0,20.0,97.0,13.0,21.0,2.0,9.0,4.0,77.0,143.0,229.0,61.0,0.0,0.0,0.0,0.0,0.0,0.0,0.0,0.0,0.0,0.0,0.0,0.0,0.0,0.0,0.0,0.0,0.0,0.0,0.0,0.0,0.0,0.0,0.0,0.0,0.0,0.0,0.0,0.0,0.0,0.0,0.0,0.0,0.0,0.0,0.0,2.0,0.0,0.0,0.0,0.0,7.0,9.0,0.0,2.0,1.0,0.0,11.0,10.0,8.0,9.0,20.0,30.0,19.0,17.0,0.0,0.0,0.0,0.0,0.0,0.0,0.0,0.0,0.0,0.0,0.0,0.0,0.0,0.0,0.0,7.0,0.0,0.0,0.0,0.0,9.0,12.0,0.0,4.0,1.0,0.0,11.0,13.0,9.0,12.0,27.0,40.0,21.0,24.0
1001,1.0,1001.0,London_32,FIFO,151,453,1092.0,70.0,2.0,139071.0,0.8151324624195695,760.0,64.0,0.0,64.0,100.0,0.0,100.0,205.0,168.0,130.0,19.0,93.0,17.0,19.0,1.0,6.0,6.0,84.0,129.0,234.0,57.0,0.0,0.0,0.0,0.0,0.0,0.0,0.0,0.0,0.0,0.0,0.0,0.0,0.0,0.0,0.0,0.0,0.0,0.0,0.0,0.0,0.0,0.0,0.0,0.0,0.0,0.0,0.0,0.0,0.0,0.0,0.0,0.0,0.0,0.0,0.0,0.0,0.0,0.0,0.0,0.0,3.0,4.0,0.0,0.0,0.0,0.0,11.0,3.0,6.0,4.0,8.0,15.0,8.0,5.0,0.0,0.0,0.0,0.0,0.0,0.0,0.0,0.0,0.0,0.0,0.0,0.0,0.0,0.0,0.0,0.0,0.0,0.0,0.0,0.0,3.0,5.0,0.0,0.0,0.0,0.0,16.0,4.0,6.0,4.0,9.0,21.0,10.0,8.0
1002,1.0,1002.0,London_32,FIFO,151,453,1092.0,70.0,2.0,154926.0,0.8491751453839242,795.0,90.0,1.0,89.0,162.0,10.0,152.0,100.0,174.0,133.0,22.0,89.0,17.0,16.0,0.0,2.0,8.0,78.0,143.0,224.0,57.0,0.0,0.0,0.0,0.0,0.0,0.0,0.0,0.0,0.0,0.0,0.0,0.0,0.0,0.0,0.0,0.0,0.0,0.0,0.0,0.0,0.0,0.0,0.0,0.0,0.0,0.0,0.0,0.0,0.0,0.0,0.0,0.0,1.0,0.0,0.0,1.0,0.0,0.0,0.0,0.0,4.0,6.0,1.0,0.0,0.0,0.0,13.0,6.0,7.0,8.0,20.0,22.0,22.0,7.0,0.0,0.0,0.0,0.0,0.0,0.0,0.0,0.0,0.0,0.0,0.0,0.0,4.0,0.0,0.0,2.0,0.0,0.0,0.0,0.0,5.0,8.0,1.0,0.0,0.0,0.0,17.0,7.0,9.0,9.0,28.0,34.0,28.0,9.0
1003,1.0,1003.0,London_32,FIFO,151,453,1092.0,70.0,2.0,155832.0,1.1607978623360395,797.0,37.0,1.0,36.0,69.0,10.0,59.0,162.0,180.0,140.0,6.0,84.0,17.0,21.0,2.0,3.0,5.0,78.0,138.0,232.0,54.0,0.0,0.0,0.0,0.0,0.0,0.0,0.0,0.0,0.0,0.0,0.0,0.0,0.0,0.0,0.0,0.0,0.0,0.0,0.0,0.0,0.0,0.0,0.0,0.0,0.0,0.0,0.0,0.0,0.0,1.0,0.0,0.0,1.0,0.0,0.0,0.0,0.0,0.0,0.0,0.0,0.0,1.0,0.0,0.0,0.0,0.0,2.0,3.0,1.0,4.0,5.0,9.0,6.0,4.0,0.0,0.0,0.0,0.0,0.0,0.0,0.0,0.0,0.0,3.0,0.0,0.0,6.0,0.0,0.0,0.0,0.0,0.0,0.0,0.0,0.0,2.0,0.0,0.0,0.0,0.0,2.0,5.0,1.0,4.0,6.0,14.0,7.0,4.0
1004,1.0,1004.0,London_32,FIFO,151,453,1092.0,70.0,2.0,179388.0,1.062014332972467,849.0,28.0,0.0,28.0,43.0,0.0,43.0,69.0,186.0,138.0,7.0,85.0,9.0,22.0,0.0,6.0,5.0,86.0,131.0,231.0,46.0,0.0,0.0,0.0,0.0,0.0,0.0,0.0,0.0,0.0,0.0,0.0,0.0,0.0,0.0,0.0,0.0,0.0,0.0,0.0,0.0,0.0,0.0,0.0,0.0,0.0,0.0,0.0,0.0,0.0,0.0,0.0,0.0,0.0,0.0,0.0,0.0,0.0,0.0,0.0,0.0,0.0,2.0,0.0,0.0,0.0,0.0,2.0,0.0,3.0,6.0,4.0,5.0,3.0,6.0,0.0,0.0,0.0,0.0,0.0,0.0,0.0,0.0,0.0,0.0,0.0,0.0,0.0,0.0,0.0,0.0,0.0,0.0,0.0,0.0,0.0,2.0,0.0,0.0,0.0,0.0,3.0,0.0,3.0,8.0,6.0,7.0,4.0,7.0
1005,1.0,1005.0,London_32,FIFO,151,453,1092.0,70.0,2.0,214269.0,1.1784645030274987,926.0,154.0,0.0,154.0,268.0,0.0,268.0,43.0,186.0,134.0,7.0,78.0,11.0,29.0,1.0,7.0,5.0,80.0,138.0,230.0,45.0,0.0,0.0,0.0,0.0,0.0,0.0,0.0,0.0,0.0,0.0,0.0,0.0,0.0,0.0,0.0,0.0,0.0,0.0,0.0,0.0,0.0,0.0,0.0,0.0,0.0,0.0,0.0,0.0,0.0,0.0,0.0,0.0,0.0,0.0,0.0,0.0,0.0,0.0,0.0,0.0,4.0,10.0,3.0,7.0,13.0,0.0,27.0,5.0,3.0,16.0,30.0,43.0,11.0,14.0,0.0,0.0,0.0,0.0,0.0,0.0,0.0,0.0,0.0,0.0,0.0,0.0,0.0,0.0,0.0,0.0,0.0,0.0,0.0,0.0,5.0,17.0,3.0,10.0,13.0,0.0,30.0,7.0,5.0,23.0,47.0,61.0,13.0,24.0
1006,1.0,1006.0,London_32,FIFO,151,453,1092.0,70.0,2.0,181653.0,0.9874987439252436,854.0,90.0,2.0,88.0,172.0,19.0,153.0,268.0,185.0,111.0,21.0,87.0,15.0,25.0,2.0,7.0,6.0,99.0,146.0,202.0,40.0,0.0,0.0,0.0,0.0,0.0,0.0,0.0,0.0,0.0,0.0,0.0,0.0,0.0,0.0,0.0,0.0,0.0,0.0,0.0,0.0,0.0,0.0,0.0,0.0,0.0,0.0,0.0,0.0,0.0,2.0,0.0,0.0,1.0,1.0,0.0,2.0,0.0,0.0,0.0,0.0,6.0,3.0,2.0,4.0,0.0,0.0,7.0,3.0,6.0,2.0,23.0,20.0,12.0,5.0,0.0,0.0,0.0,0.0,0.0,0.0,0.0,0.0,0.0,14.0,0.0,0.0,4.0,10.0,0.0,8.0,0.0,0.0,0.0,0.0,6.0,3.0,2.0,4.0,0.0,0.0,9.0,6.0,9.0,2.0,30.0,29.0,18.0,6.0
1007,1.0,1007.0,London_32,FIFO,151,453,1092.0,70.0,2.0,177123.0,1.2116641816683114,844.0,138.0,2.0,136.0,241.0,17.0,224.0,172.0,194.0,116.0,26.0,87.0,3.0,20.0,3.0,4.0,6.0,79.0,149.0,219.0,41.0,0.0,0.0,0.0,0.0,0.0,0.0,0.0,0.0,0.0,0.0,0.0,0.0,0.0,0.0,0.0,0.0,0.0,0.0,0.0,0.0,0.0,0.0,0.0,0.0,0.0,0.0,0.0,0.0,0.0,0.0,0.0,0.0,1.0,0.0,0.0,2.0,0.0,0.0,0.0,0.0,4.0,1.0,0.0,2.0,1.0,0.0,13.0,11.0,9.0,11.0,29.0,37.0,18.0,18.0,0.0,0.0,0.0,0.0,0.0,0.0,0.0,0.0,0.0,0.0,0.0,0.0,4.0,0.0,0.0,7.0,0.0,0.0,0.0,0.0,5.0,1.0,0.0,2.0,1.0,0.0,20.0,13.0,13.0,14.0,41.0,55.0,22.0,27.0
1008,1.0,1008.0,London_32,FIFO,151,453,1092.0,70.0,2.0,154473.0,1.0006629340350628,794.0,163.0,0.0,163.0,283.0,0.0,283.0,241.0,194.0,132.0,16.0,87.0,3.0,13.0,3.0,5.0,6.0,80.0,144.0,223.0,40.0,0.0,0.0,0.0,0.0,0.0,0.0,0.0,0.0,0.0,0.0,0.0,0.0,0.0,0.0,0.0,0.0,0.0,0.0,0.0,0.0,0.0,0.0,0.0,0.0,0.0,0.0,0.0,0.0,0.0,0.0,0.0,0.0,0.0,0.0,0.0,0.0,0.0,0.0,0.0,0.0,1.0,9.0,1.0,4.0,8.0,0.0,11.0,14.0,4.0,8.0,30.0,34.0,13.0,17.0,0.0,0.0,0.0,0.0,0.0,0.0,0.0,0.0,0.0,0.0,0.0,0.0,0.0,0.0,0.0,0.0,0.0,0.0,0.0,0.0,1.0,11.0,1.0,4.0,8.0,0.0,15.0,20.0,6.0,8.0,44.0,52.0,17.0,26.0
1009,1.0,1009.0,London_32,FIFO,151,453,1092.0,70.0,2.0,111891.0,0.8125003990717232,700.0,57.0,2.0,55.0,110.0,18.0,92.0,283.0,208.0,103.0,21.0,78.0,4.0,26.0,2.0,11.0,6.0,84.0,153.0,210.0,32.0,0.0,0.0,0.0,0.0,0.0,0.0,0.0,0.0,0.0,0.0,0.0,0.0,0.0,0.0,0.0,0.0,0.0,0.0,0.0,0.0,0.0,0.0,0.0,0.0,0.0,0.0,0.0,0.0,0.0,0.0,0.0,0.0,1.0,1.0,0.0,1.0,0.0,0.0,0.0,0.0,1.0,1.0,0.0,1.0,0.0,0.0,2.0,3.0,1.0,4.0,7.0,20.0,12.0,10.0,0.0,0.0,0.0,0.0,0.0,0.0,0.0,0.0,0.0,0.0,0.0,0.0,5.0,6.0,0.0,2.0,0.0,0.0,0.0,0.0,1.0,1.0,0.0,2.0,0.0,0.0,3.0,4.0,1.0,4.0,10.0,27.0,13.0,17.0
1010,1.0,1010.0,London_32,FIFO,151,453,1092.0,70.0,2.0,118233.0,0.7278926568105817,714.0,39.0,0.0,39.0,70.0,0.0,70.0,110.0,213.0,92.0,24.0,87.0,6.0,18.0,2.0,11.0,7.0,77.0,137.0,232.0,31.0,0.0,0.0,0.0,0.0,0.0,0.0,0.0,0.0,0.0,0.0,0.0,0.0,0.0,0.0,0.0,0.0,0.0,0.0,0.0,0.0,0.0,0.0,0.0,0.0,0.0,0.0,0.0,0.0,0.0,0.0,0.0,0.0,0.0,0.0,0.0,0.0,0.0,0.0,0.0,0.0,1.0,3.0,0.0,0.0,0.0,0.0,9.0,6.0,1.0,4.0,6.0,8.0,12.0,2.0,0.0,0.0,0.0,0.0,0.0,0.0,0.0,0.0,0.0,0.0,0.0,0.0,0.0,0.0,0.0,0.0,0.0,0.0,0.0,0.0,2.0,4.0,0.0,0.0,0.0,0.0,9.0,9.0,1.0,6.0,11.0,12.0,20.0,3.0
1011,1.0,1011.0,London_32,FIFO,151,453,1092.0,70.0,2.0,137712.0,0.9453527890145779,757.0,72.0,2.0,70.0,140.0,17.0,123.0,70.0,217.0,85.0,25.0,90.0,7.0,19.0,1.0,9.0,8.0,69.0,140.0,236.0,34.0,0.0,0.0,0.0,0.0,0.0,0.0,0.0,0.0,0.0,0.0,0.0,0.0,0.0,0.0,0.0,0.0,0.0,0.0,0.0,0.0,0.0,0.0,0.0,0.0,0.0,0.0,0.0,0.0,0.0,0.0,0.0,0.0,1.0,0.0,0.0,1.0,1.0,0.0,0.0,0.0,6.0,3.0,0.0,1.0,1.0,0.0,15.0,5.0,2.0,7.0,12.0,18.0,8.0,11.0,0.0,0.0,0.0,0.0,0.0,0.0,0.0,0.0,0.0,0.0,0.0,0.0,1.0,0.0,0.0,2.0,9.0,0.0,0.0,0.0,8.0,4.0,0.0,2.0,1.0,0.0,20.0,7.0,4.0,7.0,18.0,29.0,10.0,19.0
1012,1.0,1012.0,London_32,FIFO,151,453,1092.0,70.0,2.0,139524.0,0.9631619118154049,761.0,50.0,0.0,50.0,86.0,0.0,86.0,140.0,226.0,76.0,19.0,88.0,9.0,23.0,0.0,12.0,5.0,80.0,138.0,230.0,36.0,0.0,0.0,0.0,0.0,0.0,0.0,0.0,0.0,0.0,0.0,0.0,0.0,0.0,0.0,0.0,0.0,0.0,0.0,0.0,0.0,0.0,0.0,0.0,0.0,0.0,0.0,0.0,0.0,0.0,0.0,0.0,0.0,0.0,0.0,0.0,0.0,0.0,0.0,0.0,0.0,4.0,2.0,0.0,1.0,0.0,0.0,4.0,6.0,2.0,5.0,15.0,10.0,6.0,7.0,0.0,0.0,0.0,0.0,0.0,0.0,0.0,0.0,0.0,0.0,0.0,0.0,0.0,0.0,0.0,0.0,0.0,0.0,0.0,0.0,5.0,3.0,0.0,1.0,0.0,0.0,4.0,10.0,2.0,7.0,25.0,14.0,6.0,11.0
1013,1.0,1013.0,London_32,FIFO,151,453,1092.0,70.0,2.0,154020.0,0.9078172198496759,793.0,74.0,1.0,73.0,138.0,8.0,130.0,86.0,232.0,77.0,19.0,79.0,9.0,22.0,0.0,15.0,6.0,81.0,135.0,231.0,45.0,0.0,0.0,0.0,0.0,0.0,0.0,0.0,0.0,0.0,0.0,0.0,0.0,0.0,0.0,0.0,0.0,0.0,0.0,0.0,0.0,0.0,0.0,0.0,0.0,0.0,0.0,0.0,0.0,0.0,1.0,0.0,0.0,1.0,0.0,0.0,1.0,0.0,0.0,0.0,0.0,3.0,2.0,1.0,2.0,0.0,0.0,9.0,4.0,5.0,6.0,11.0,22.0,11.0,5.0,0.0,0.0,0.0,0.0,0.0,0.0,0.0,0.0,0.0,1.0,0.0,0.0,3.0,0.0,0.0,3.0,0.0,0.0,0.0,0.0,4.0,2.0,2.0,6.0,0.0,0.0,12.0,5.0,5.0,9.0,18.0,35.0,14.0,10.0
1014,1.0,1014.0,London_32,FIFO,151,453,1092.0,70.0,2.0,158097.0,1.0246835169382393,802.0,137.0,2.0,135.0,234.0,18.0,216.0,138.0,243.0,70.0,19.0,77.0,13.0,17.0,0.0,14.0,7.0,72.0,146.0,228.0,30.0,0.0,0.0,0.0,0.0,0.0,0.0,0.0,0.0,0.0,0.0,0.0,0.0,0.0,0.0,0.0,0.0,0.0,0.0,0.0,0.0,0.0,0.0,0.0,0.0,0.0,0.0,0.0,0.0,0.0,0.0,1.0,0.0,0.0,0.0,1.0,2.0,0.0,0.0,0.0,0.0,1.0,1.0,0.0,5.0,4.0,0.0,11.0,15.0,9.0,15.0,21.0,31.0,21.0,14.0,0.0,0.0,0.0,0.0,0.0,0.0,0.0,0.0,0.0,0.0,1.0,0.0,0.0,0.0,5.0,4.0,0.0,0.0,0.0,0.0,1.0,1.0,0.0,8.0,5.0,0.0,12.0,21.0,10.0,21.0,29.0,45.0,27.0,18.0
1015,1.0,1015.0,London_32,FIFO,151,453,1092.0,70.0,2.0,140430.0,1.073604519944638,763.0,109.0,1.0,108.0,197.0,11.0,186.0,234.0,229.0,100.0,14.0,85.0,2.0,17.0,1.0,5.0,5.0,80.0,144.0,224.0,39.0,0.0,0.0,0.0,0.0,0.0,0.0,0.0,0.0,0.0,0.0,0.0,0.0,0.0,0.0,0.0,0.0,0.0,0.0,0.0,0.0,0.0,0.0,0.0,0.0,0.0,0.0,0.0,0.0,0.0,0.0,0.0,0.0,0.0,0.0,0.0,1.0,0.0,0.0,0.0,0.0,5.0,1.0,0.0,2.0,0.0,0.0,9.0,15.0,5.0,17.0,20.0,28.0,30.0,11.0,0.0,0.0,0.0,0.0,0.0,0.0,0.0,0.0,0.0,0.0,0.0,0.0,0.0,0.0,0.0,6.0,0.0,0.0,0.0,0.0,7.0,1.0,0.0,5.0,0.0,0.0,13.0,21.0,7.0,20.0,32.0,41.0,38.0,17.0
1016,1.0,1016.0,London_32,FIFO,151,453,1092.0,70.0,2.0,128199.0,0.8048296091146767,736.0,14.0,0.0,14.0,26.0,0.0,26.0,197.0,219.0,101.0,21.0,90.0,2.0,12.0,1.0,7.0,3.0,78.0,146.0,226.0,30.0,0.0,0.0,0.0,0.0,0.0,0.0,0.0,0.0,0.0,0.0,0.0,0.0,0.0,0.0,0.0,0.0,0.0,0.0,0.0,0.0,0.0,0.0,0.0,0.0,0.0,0.0,0.0,0.0,0.0,0.0,0.0,0.0,0.0,0.0,0.0,0.0,0.0,0.0,0.0,0.0,1.0,0.0,0.0,0.0,1.0,0.0,4.0,2.0,1.0,2.0,1.0,6.0,5.0,2.0,0.0,0.0,0.0,0.0,0.0,0.0,0.0,0.0,0.0,0.0,0.0,0.0,0.0,0.0,0.0,0.0,0.0,0.0,0.0,0.0,2.0,0.0,0.0,0.0,1.0,0.0,6.0,4.0,2.0,2.0,4.0,10.0,6.0,4.0
1017,1.0,1017.0,London_32,FIFO,151,453,1092.0,70.0,2.0,160362.0,1.30468759406358,807.0,100.0,2.0,98.0,181.0,18.0,163.0,26.0,217.0,103.0,22.0,96.0,0.0,14.0,0.0,1.0,4.0,80.0,146.0,223.0,31.0,0.0,0.0,0.0,0.0,0.0,0.0,0.0,0.0,0.0,0.0,0.0,0.0,0.0,0.0,0.0,0.0,0.0,0.0,0.0,0.0,0.0,0.0,0.0,0.0,0.0,0.0,0.0,0.0,0.0,1.0,0.0,0.0,0.0,0.0,0.0,1.0,0.0,0.0,0.0,0.0,0.0,1.0,1.0,1.0,4.0,0.0,18.0,10.0,6.0,7.0,15.0,25.0,13.0,7.0,0.0,0.0,0.0,0.0,0.0,0.0,0.0,0.0,0.0,1.0,0.0,0.0,0.0,0.0,0.0,6.0,0.0,0.0,0.0,0.0,0.0,1.0,1.0,1.0,4.0,0.0,20.0,13.0,6.0,12.0,19.0,37.0,15.0,16.0
1018,1.0,1018.0,London_32,FIFO,151,453,1092.0,70.0,2.0,149490.0,0.8350392812862992,783.0,68.0,1.0,67.0,116.0,10.0,106.0,181.0,219.0,107.0,23.0,81.0,4.0,13.0,2.0,4.0,5.0,72.0,139.0,237.0,32.0,0.0,0.0,0.0,0.0,0.0,0.0,0.0,0.0,0.0,0.0,0.0,0.0,0.0,0.0,0.0,0.0,0.0,0.0,0.0,0.0,0.0,0.0,0.0,0.0,0.0,0.0,0.0,0.0,0.0,1.0,0.0,0.0,0.0,0.0,0.0,1.0,0.0,0.0,0.0,0.0,3.0,3.0,0.0,3.0,1.0,0.0,14.0,3.0,6.0,8.0,14.0,16.0,14.0,4.0,0.0,0.0,0.0,0.0,0.0,0.0,0.0,0.0,0.0,6.0,0.0,0.0,0.0,0.0,0.0,4.0,0.0,0.0,0.0,0.0,3.0,5.0,0.0,5.0,1.0,0.0,16.0,4.0,6.0,11.0,18.0,22.0,15.0,7.0
1019,1.0,1019.0,London_32,FIFO,151,453,1092.0,70.0,2.0,157644.0,0.9764258628711104,801.0,52.0,2.0,50.0,103.0,16.0,87.0,116.0,227.0,127.0,21.0,54.0,2.0,14.0,2.0,6.0,7.0,74.0,144.0,228.0,32.0,0.0,0.0,0.0,0.0,0.0,0.0,0.0,0.0,0.0,0.0,0.0,0.0,0.0,0.0,0.0,0.0,0.0,0.0,0.0,0.0,0.0,0.0,0.0,0.0,0.0,0.0,0.0,0.0,0.0,1.0,0.0,0.0,1.0,0.0,0.0,1.0,0.0,0.0,0.0,0.0,0.0,1.0,1.0,1.0,1.0,0.0,5.0,5.0,4.0,4.0,7.0,9.0,8.0,4.0,0.0,0.0,0.0,0.0,0.0,0.0,0.0,0.0,0.0,2.0,0.0,0.0,2.0,0.0,0.0,2.0,0.0,0.0,0.0,0.0,0.0,1.0,1.0,1.0,1.0,0.0,9.0,9.0,4.0,5.0,11.0,14.0,11.0,6.0
1020,1.0,1020.0,London_32,FIFO,151,453,1092.0,70.0,2.0,163986.0,1.1159928617998958,815.0,131.0,0.0,131.0,215.0,0.0,215.0,103.0,227.0,127.0,18.0,51.0,5.0,16.0,2.0,7.0,3.0,64.0,160.0,226.0,26.0,0.0,0.0,0.0,0.0,0.0,0.0,0.0,0.0,0.0,0.0,0.0,0.0,0.0,0.0,0.0,0.0,0.0,0.0,0.0,0.0,0.0,0.0,0.0,0.0,0.0,0.0,0.0,0.0,0.0,0.0,0.0,0.0,0.0,0.0,0.0,0.0,0.0,0.0,0.0,0.0,9.0,16.0,5.0,3.0,8.0,2.0,11.0,9.0,6.0,23.0,24.0,29.0,11.0,13.0,0.0,0.0,0.0,0.0,0.0,0.0,0.0,0.0,0.0,0.0,0.0,0.0,0.0,0.0,0.0,0.0,0.0,0.0,0.0,0.0,9.0,21.0,6.0,4.0,9.0,2.0,14.0,15.0,8.0,30.0,34.0,40.0,14.0,20.0
1021,1.0,1021.0,London_32,FIFO,151,453,1092.0,70.0,2.0,145413.0,0.9983000732026994,774.0,131.0,0.0,131.0,217.0,0.0,217.0,215.0,241.0,107.0,12.0,64.0,7.0,12.0,1.0,9.0,8.0,70.0,162.0,213.0,29.0,0.0,0.0,0.0,0.0,0.0,0.0,0.0,0.0,0.0,0.0,0.0,0.0,0.0,0.0,0.0,0.0,0.0,0.0,0.0,0.0,0.0,0.0,0.0,0.0,0.0,0.0,0.0,0.0,0.0,0.0,0.0,0.0,0.0,0.0,0.0,0.0,0.0,0.0,0.0,0.0,5.0,7.0,0.0,1.0,1.0,0.0,5.0,11.0,10.0,5.0,24.0,27.0,25.0,8.0,0.0,0.0,0.0,0.0,0.0,0.0,0.0,0.0,0.0,0.0,0.0,0.0,0.0,0.0,0.0,0.0,0.0,0.0,0.0,0.0,6.0,14.0,0.0,1.0,1.0,0.0,9.0,18.0,15.0,8.0,36.0,37.0,30.0,13.0
1022,1.0,1022.0,London_32,FIFO,151,453,1092.0,70.0,2.0,128652.0,0.9738432848826051,737.0,69.0,2.0,67.0,130.0,18.0,112.0,217.0,241.0,103.0,16.0,72.0,2.0,13.0,2.0,4.0,7.0,76.0,162.0,208.0,43.0,0.0,0.0,0.0,0.0,0.0,0.0,0.0,0.0,0.0,0.0,0.0,0.0,0.0,0.0,0.0,0.0,0.0,0.0,0.0,0.0,0.0,0.0,0.0,0.0,0.0,0.0,0.0,0.0,0.0,0.0,0.0,0.0,0.0,0.0,2.0,1.0,0.0,0.0,0.0,0.0,3.0,0.0,0.0,1.0,1.0,0.0,10.0,6.0,9.0,9.0,9.0,18.0,12.0,8.0,0.0,0.0,0.0,0.0,0.0,0.0,0.0,0.0,0.0,0.0,0.0,0.0,0.0,0.0,14.0,2.0,0.0,0.0,0.0,0.0,4.0,0.0,0.0,1.0,1.0,0.0,12.0,11.0,11.0,13.0,12.0,28.0,16.0,10.0
1023,1.0,1023.0,London_32,FIFO,151,453,1092.0,70.0,2.0,134088.0,0.8808566681109369,749.0,85.0,0.0,85.0,143.0,0.0,143.0,130.0,252.0,109.0,14.0,57.0,6.0,11.0,2.0,2.0,4.0,71.0,162.0,216.0,38.0,0.0,0.0,0.0,0.0,0.0,0.0,0.0,0.0,0.0,0.0,0.0,0.0,0.0,0.0,0.0,0.0,0.0,0.0,0.0,0.0,0.0,0.0,0.0,0.0,0.0,0.0,0.0,0.0,0.0,0.0,0.0,0.0,0.0,0.0,0.0,0.0,0.0,0.0,0.0,0.0,1.0,9.0,0.0,1.0,7.0,0.0,7.0,4.0,7.0,7.0,17.0,16.0,20.0,14.0,0.0,0.0,0.0,0.0,0.0,0.0,0.0,0.0,0.0,0.0,0.0,0.0,0.0,0.0,0.0,0.0,0.0,0.0,0.0,0.0,1.0,13.0,0.0,2.0,7.0,0.0,13.0,5.0,11.0,8.0,29.0,19.0,24.0,20.0
1024,1.0,1024.0,London_32,FIFO,151,453,1092.0,70.0,2.0,137712.0,0.8875073241069913,757.0,2.0,0.0,2.0,2.0,0.0,2.0,143.0,260.0,106.0,12.0,53.0,2.0,15.0,3.0,2.0,5.0,67.0,155.0,226.0,34.0,0.0,0.0,0.0,0.0,0.0,0.0,0.0,0.0,0.0,0.0,0.0,0.0,0.0,0.0,0.0,0.0,0.0,0.0,0.0,0.0,0.0,0.0,0.0,0.0,0.0,0.0,0.0,0.0,0.0,0.0,0.0,0.0,0.0,0.0,0.0,0.0,0.0,0.0,0.0,0.0,0.0,0.0,0.0,0.0,0.0,0.0,0.0,0.0,0.0,0.0,0.0,2.0,0.0,1.0,0.0,0.0,0.0,0.0,0.0,0.0,0.0,0.0,0.0,0.0,0.0,0.0,0.0,0.0,0.0,0.0,0.0,0.0,0.0,0.0,0.0,0.0,0.0,0.0,0.0,0.0,0.0,0.0,0.0,0.0,0.0,2.0,0.0,1.0
1025,1.0,1025.0,London_32,FIFO,151,453,1092.0,70.0,2.0,191619.0,1.0769915436394513,876.0,36.0,0.0,36.0,63.0,0.0,63.0,2.0,260.0,105.0,11.0,55.0,2.0,15.0,3.0,2.0,5.0,67.0,155.0,226.0,35.0,0.0,0.0,0.0,0.0,0.0,0.0,0.0,0.0,0.0,0.0,0.0,0.0,0.0,0.0,0.0,0.0,0.0,0.0,0.0,0.0,0.0,0.0,0.0,0.0,0.0,0.0,0.0,0.0,0.0,0.0,0.0,0.0,0.0,0.0,0.0,0.0,0.0,0.0,0.0,0.0,1.0,2.0,0.0,0.0,0.0,0.0,5.0,4.0,5.0,3.0,11.0,9.0,14.0,2.0,0.0,0.0,0.0,0.0,0.0,0.0,0.0,0.0,0.0,0.0,0.0,0.0,0.0,0.0,0.0,0.0,0.0,0.0,0.0,0.0,2.0,3.0,0.0,0.0,0.0,0.0,5.0,7.0,5.0,3.0,15.0,14.0,20.0,3.0
1026,1.0,1026.0,London_32,FIFO,151,453,1092.0,70.0,2.0,228765.0,1.3192665507085621,958.0,104.0,1.0,103.0,187.0,9.0,178.0,63.0,266.0,101.0,11.0,47.0,2.0,18.0,3.0,5.0,6.0,79.0,159.0,209.0,38.0,0.0,0.0,0.0,0.0,0.0,0.0,0.0,0.0,0.0,0.0,0.0,0.0,0.0,0.0,0.0,0.0,0.0,0.0,0.0,0.0,0.0,0.0,0.0,0.0,0.0,0.0,0.0,0.0,0.0,0.0,0.0,0.0,0.0,0.0,1.0,0.0,0.0,0.0,0.0,0.0,9.0,11.0,0.0,3.0,5.0,0.0,4.0,4.0,1.0,16.0,14.0,17.0,19.0,9.0,0.0,0.0,0.0,0.0,0.0,0.0,0.0,0.0,0.0,0.0,0.0,0.0,0.0,0.0,4.0,0.0,0.0,0.0,0.0,0.0,13.0,18.0,0.0,7.0,5.0,0.0,7.0,8.0,1.0,23.0,19.0,26.0,28.0,15.0
1027,1.0,1027.0,London_32,FIFO,151,453,1092.0,70.0,2.0,229671.0,1.7267432110384107,960.0,135.0,2.0,133.0,253.0,18.0,235.0,187.0,261.0,84.0,12.0,60.0,3.0,29.0,0.0,4.0,3.0,67.0,165.0,218.0,38.0,0.0,0.0,0.0,0.0,0.0,0.0,0.0,0.0,0.0,1.0,0.0,0.0,0.0,1.0,0.0,0.0,0.0,0.0,1.0,0.0,0.0,0.0,0.0,0.0,0.0,0.0,0.0,0.0,0.0,0.0,0.0,0.0,0.0,0.0,1.0,1.0,0.0,0.0,0.0,0.0,11.0,20.0,1.0,1.0,1.0,1.0,10.0,8.0,3.0,6.0,20.0,29.0,14.0,8.0,0.0,0.0,0.0,0.0,0.0,0.0,0.0,0.0,0.0,0.0,0.0,0.0,0.0,0.0,5.0,1.0,0.0,0.0,0.0,0.0,12.0,31.0,2.0,4.0,1.0,2.0,14.0,10.0,5.0,6.0,33.0,47.0,17.0,12.0
1028,1.0,1028.0,London_32,FIFO,151,453,1092.0,70.0,2.0,220158.0,1.1184658599086106,939.0,159.0,2.0,157.0,282.0,15.0,267.0,244.0,231.0,86.0,20.0,72.0,9.0,31.0,1.0,3.0,3.0,70.0,163.0,217.0,24.0,0.0,0.0,0.0,0.0,0.0,0.0,0.0,0.0,0.0,0.0,0.0,0.0,0.0,0.0,0.0,0.0,0.0,0.0,0.0,0.0,0.0,0.0,0.0,0.0,0.0,0.0,0.0,0.0,0.0,0.0,0.0,0.0,0.0,1.0,1.0,1.0,0.0,0.0,0.0,0.0,1.0,8.0,2.0,5.0,6.0,0.0,6.0,18.0,10.0,11.0,28.0,43.0,19.0,15.0,0.0,0.0,0.0,0.0,0.0,0.0,0.0,0.0,0.0,0.0,0.0,0.0,0.0,4.0,5.0,3.0,0.0,0.0,0.0,0.0,1.0,9.0,2.0,7.0,6.0,0.0,7.0,20.0,13.0,17.0,36.0,57.0,21.0,24.0
1029,1.0,1029.0,London_32,FIFO,151,453,1092.0,70.0,2.0,184371.0,0.9105077921412885,860.0,145.0,0.0,145.0,235.0,0.0,235.0,282.0,219.0,104.0,23.0,79.0,3.0,19.0,1.0,5.0,6.0,76.0,156.0,215.0,34.0,0.0,0.0,0.0,0.0,0.0,0.0,0.0,0.0,0.0,0.0,0.0,0.0,0.0,0.0,0.0,0.0,0.0,0.0,0.0,0.0,0.0,0.0,0.0,0.0,0.0,0.0,0.0,0.0,0.0,0.0,0.0,0.0,0.0,0.0,0.0,0.0,0.0,0.0,0.0,0.0,3.0,3.0,0.0,1.0,0.0,0.0,19.0,5.0,9.0,9.0,27.0,32.0,37.0,13.0,0.0,0.0,0.0,0.0,0.0,0.0,0.0,0.0,0.0,0.0,0.0,0.0,0.0,0.0,0.0,0.0,0.0,0.0,0.0,0.0,4.0,3.0,0.0,1.0,0.0,0.0,23.0,6.0,11.0,9.0,42.0,45.0,44.0,17.0
1030,1.0,1030.0,London_32,FIFO,151,453,1092.0,70.0,2.0,155832.0,0.730003806296736,797.0,123.0,1.0,122.0,221.0,10.0,211.0,235.0,242.0,98.0,12.0,58.0,6.0,27.0,3.0,7.0,8.0,67.0,156.0,222.0,39.0,0.0,0.0,0.0,0.0,0.0,0.0,0.0,0.0,0.0,0.0,0.0,0.0,0.0,0.0,0.0,0.0,0.0,0.0,0.0,0.0,0.0,0.0,0.0,0.0,0.0,0.0,0.0,0.0,0.0,1.0,0.0,0.0,1.0,0.0,0.0,1.0,0.0,0.0,0.0,0.0,2.0,4.0,2.0,1.0,3.0,2.0,11.0,9.0,6.0,11.0,28.0,31.0,28.0,5.0,0.0,0.0,0.0,0.0,0.0,0.0,0.0,0.0,0.0,5.0,0.0,0.0,4.0,0.0,0.0,5.0,0.0,0.0,0.0,0.0,3.0,6.0,2.0,1.0,3.0,3.0,14.0,12.0,10.0,11.0,36.0,45.0,34.0,7.0
1031,1.0,1031.0,London_32,FIFO,151,453,1092.0,70.0,2.0,128652.0,0.7009846838191152,737.0,103.0,0.0,103.0,185.0,0.0,185.0,221.0,249.0,87.0,24.0,62.0,2.0,23.0,0.0,6.0,6.0,84.0,153.0,210.0,26.0,0.0,0.0,0.0,0.0,0.0,0.0,0.0,0.0,0.0,0.0,0.0,0.0,0.0,0.0,0.0,0.0,0.0,0.0,0.0,0.0,0.0,0.0,0.0,0.0,0.0,0.0,0.0,0.0,0.0,0.0,0.0,0.0,0.0,0.0,0.0,0.0,0.0,0.0,0.0,0.0,2.0,7.0,0.0,2.0,0.0,0.0,4.0,5.0,4.0,14.0,19.0,25.0,17.0,6.0,0.0,0.0,0.0,0.0,0.0,0.0,0.0,0.0,0.0,0.0,0.0,0.0,0.0,0.0,0.0,0.0,0.0,0.0,0.0,0.0,2.0,10.0,0.0,4.0,0.0,0.0,6.0,6.0,6.0,24.0,27.0,33.0,28.0,8.0
1032,1.0,1032.0,London_32,FIFO,151,453,1092.0,70.0,2.0,111891.0,0.5793061102740467,700.0,73.0,3.0,70.0,140.0,25.0,115.0,185.0,239.0,80.0,22.0,74.0,6.0,22.0,1.0,9.0,5.0,76.0,162.0,210.0,33.0,0.0,0.0,0.0,0.0,0.0,0.0,0.0,0.0,0.0,0.0,0.0,0.0,0.0,0.0,0.0,0.0,0.0,0.0,0.0,0.0,0.0,0.0,0.0,0.0,0.0,0.0,0.0,0.0,0.0,1.0,0.0,0.0,1.0,0.0,1.0,1.0,0.0,0.0,0.0,0.0,2.0,3.0,1.0,0.0,0.0,0.0,6.0,1.0,2.0,8.0,16.0,16.0,14.0,9.0,0.0,0.0,0.0,0.0,0.0,0.0,0.0,0.0,0.0,1.0,0.0,0.0,3.0,0.0,6.0,3.0,0.0,0.0,0.0,0.0,2.0,4.0,1.0,0.0,0.0,0.0,8.0,1.0,2.0,9.0,31.0,21.0,19.0,12.0
1033,1.0,1033.0,London_32,FIFO,151,453,1092.0,70.0,2.0,105096.0,0.573192888405174,685.0,13.0,1.0,12.0,33.0,9.0,24.0,140.0,238.0,78.0,26.0,79.0,4.0,17.0,3.0,8.0,3.0,75.0,158.0,217.0,38.0,0.0,0.0,0.0,0.0,0.0,0.0,0.0,0.0,0.0,0.0,0.0,0.0,0.0,0.0,0.0,0.0,0.0,0.0,0.0,0.0,0.0,0.0,0.0,0.0,0.0,0.0,0.0,0.0,0.0,1.0,0.0,0.0,0.0,0.0,0.0,0.0,1.0,0.0,0.0,0.0,1.0,2.0,0.0,0.0,0.0,0.0,4.0,0.0,0.0,4.0,2.0,2.0,4.0,3.0,0.0,0.0,0.0,0.0,0.0,0.0,0.0,0.0,0.0,1.0,0.0,0.0,0.0,0.0,0.0,0.0,7.0,0.0,0.0,0.0,2.0,3.0,0.0,0.0,0.0,0.0,6.0,0.0,0.0,6.0,3.0,4.0,6.0,5.0
1034,1.0,1034.0,London_32,FIFO,151,453,1092.0,70.0,2.0,136806.0,0.8426261134445667,755.0,71.0,0.0,71.0,117.0,0.0,117.0,33.0,232.0,86.0,25.0,82.0,2.0,15.0,4.0,7.0,3.0,85.0,152.0,213.0,35.0,0.0,0.0,0.0,0.0,0.0,0.0,0.0,0.0,0.0,0.0,0.0,0.0,0.0,0.0,0.0,0.0,0.0,0.0,0.0,0.0,0.0,0.0,0.0,0.0,0.0,0.0,0.0,0.0,0.0,0.0,0.0,0.0,0.0,0.0,0.0,0.0,0.0,0.0,0.0,0.0,2.0,7.0,0.0,0.0,0.0,0.0,6.0,1.0,7.0,6.0,13.0,18.0,22.0,4.0,0.0,0.0,0.0,0.0,0.0,0.0,0.0,0.0,0.0,0.0,0.0,0.0,0.0,0.0,0.0,0.0,0.0,0.0,0.0,0.0,3.0,7.0,0.0,0.0,0.0,0.0,9.0,1.0,8.0,6.0,19.0,28.0,30.0,9.0
1035,1.0,1035.0,London_32,FIFO,151,453,1092.0,70.0,2.0,137712.0,0.7456441652029753,757.0,65.0,2.0,63.0,129.0,17.0,112.0,117.0,236.0,92.0,22.0,75.0,3.0,14.0,4.0,7.0,6.0,83.0,142.0,222.0,44.0,0.0,0.0,0.0,0.0,0.0,0.0,0.0,0.0,0.0,0.0,0.0,0.0,0.0,0.0,0.0,0.0,0.0,0.0,0.0,0.0,0.0,0.0,0.0,0.0,0.0,0.0,0.0,0.0,0.0,1.0,0.0,0.0,1.0,0.0,2.0,1.0,0.0,0.0,0.0,0.0,1.0,2.0,2.0,2.0,2.0,1.0,10.0,8.0,3.0,5.0,10.0,16.0,18.0,4.0,0.0,0.0,0.0,0.0,0.0,0.0,0.0,0.0,0.0,2.0,0.0,0.0,3.0,0.0,10.0,3.0,0.0,0.0,0.0,0.0,1.0,3.0,2.0,4.0,2.0,2.0,15.0,12.0,4.0,7.0,13.0,25.0,22.0,6.0
1036,1.0,1036.0,London_32,FIFO,151,453,1092.0,70.0,2.0,146319.0,0.8469413579441607,776.0,50.0,0.0,50.0,85.0,0.0,85.0,129.0,243.0,78.0,27.0,88.0,0.0,8.0,6.0,3.0,4.0,84.0,147.0,218.0,39.0,0.0,0.0,0.0,0.0,0.0,0.0,0.0,0.0,0.0,0.0,0.0,0.0,0.0,0.0,0.0,0.0,0.0,0.0,0.0,0.0,0.0,0.0,0.0,0.0,0.0,0.0,0.0,0.0,0.0,0.0,0.0,0.0,0.0,0.0,0.0,0.0,0.0,0.0,0.0,0.0,4.0,2.0,0.0,1.0,0.0,0.0,4.0,6.0,1.0,6.0,5.0,16.0,9.0,7.0,0.0,0.0,0.0,0.0,0.0,0.0,0.0,0.0,0.0,0.0,0.0,0.0,0.0,0.0,0.0,0.0,0.0,0.0,0.0,0.0,4.0,3.0,0.0,2.0,0.0,0.0,6.0,10.0,1.0,8.0,7.0,21.0,11.0,11.0
1037,1.0,1037.0,London_32,FIFO,151,453,1092.0,70.0,2.0,165798.0,1.1132871992886066,819.0,82.0,0.0,82.0,149.0,0.0,149.0,85.0,250.0,75.0,32.0,77.0,3.0,8.0,6.0,2.0,3.0,75.0,156.0,219.0,32.0,0.0,0.0,0.0,0.0,0.0,0.0,0.0,0.0,0.0,0.0,0.0,0.0,0.0,0.0,0.0,0.0,0.0,0.0,0.0,0.0,0.0,0.0,0.0,0.0,0.0,0.0,0.0,0.0,0.0,0.0,0.0,0.0,0.0,0.0,0.0,0.0,0.0,0.0,0.0,0.0,8.0,0.0,2.0,0.0,0.0,3.0,2.0,14.0,1.0,9.0,12.0,18.0,17.0,9.0,0.0,0.0,0.0,0.0,0.0,0.0,0.0,0.0,0.0,0.0,0.0,0.0,0.0,0.0,0.0,0.0,0.0,0.0,0.0,0.0,11.0,0.0,3.0,0.0,0.0,6.0,2.0,22.0,1.0,12.0,20.0,25.0,20.0,13.0
1038,1.0,1038.0,London_32,FIFO,151,453,1092.0,70.0,2.0,163986.0,0.8229488939978182,815.0,128.0,0.0,128.0,218.0,0.0,218.0,149.0,267.0,59.0,35.0,76.0,1.0,13.0,1.0,1.0,4.0,74.0,168.0,207.0,32.0,0.0,0.0,0.0,0.0,0.0,0.0,0.0,0.0,0.0,0.0,0.0,0.0,0.0,0.0,0.0,0.0,0.0,0.0,0.0,0.0,0.0,0.0,0.0,0.0,0.0,0.0,0.0,0.0,0.0,0.0,0.0,0.0,0.0,0.0,0.0,0.0,0.0,0.0,0.0,0.0,4.0,3.0,5.0,4.0,1.0,0.0,10.0,6.0,5.0,13.0,19.0,30.0,20.0,14.0,0.0,0.0,0.0,0.0,0.0,0.0,0.0,0.0,0.0,0.0,0.0,0.0,0.0,0.0,0.0,0.0,0.0,0.0,0.0,0.0,4.0,3.0,6.0,6.0,1.0,0.0,10.0,10.0,9.0,16.0,28.0,44.0,24.0,18.0
1039,1.0,1039.0,London_32,FIFO,151,453,1092.0,70.0,2.0,147678.0,0.8981057340279222,779.0,3.0,3.0,0.0,28.0,28.0,0.0,218.0,243.0,81.0,31.0,70.0,9.0,15.0,2.0,2.0,4.0,86.0,170.0,193.0,31.0,0.0,0.0,0.0,0.0,0.0,0.0,0.0,0.0,0.0,0.0,0.0,0.0,0.0,0.0,0.0,0.0,0.0,0.0,0.0,0.0,0.0,0.0,0.0,0.0,0.0,0.0,0.0,0.0,0.0,0.0,1.0,0.0,1.0,0.0,1.0,1.0,0.0,0.0,0.0,0.0,0.0,0.0,0.0,0.0,0.0,0.0,0.0,0.0,0.0,0.0,0.0,0.0,0.0,0.0,0.0,0.0,0.0,0.0,0.0,0.0,0.0,0.0,0.0,0.0,4.0,0.0,1.0,0.0,6.0,4.0,0.0,0.0,0.0,0.0,0.0,0.0,0.0,0.0,0.0,0.0,0.0,0.0,0.0,0.0,0.0,0.0,0.0,0.0
1040,1.0,1040.0,London_32,FIFO,151,453,1092.0,70.0,2.0,193884.0,1.1322966599836946,881.0,137.0,0.0,137.0,226.0,0.0,226.0,28.0,242.0,85.0,27.0,73.0,5.0,16.0,3.0,2.0,3.0,85.0,164.0,201.0,30.0,0.0,0.0,0.0,0.0,0.0,0.0,0.0,0.0,0.0,0.0,0.0,0.0,0.0,0.0,0.0,0.0,0.0,0.0,0.0,0.0,0.0,0.0,0.0,0.0,0.0,0.0,0.0,0.0,0.0,0.0,0.0,0.0,0.0,0.0,0.0,0.0,0.0,0.0,0.0,0.0,1.0,2.0,0.0,3.0,0.0,0.0,8.0,3.0,7.0,11.0,21.0,31.0,17.0,10.0,0.0,0.0,0.0,0.0,0.0,0.0,0.0,0.0,0.0,0.0,0.0,0.0,0.0,0.0,0.0,0.0,0.0,0.0,0.0,0.0,1.0,3.0,0.0,4.0,0.0,0.0,9.0,5.0,9.0,15.0,31.0,48.0,20.0,18.0
1041,1.0,1041.0,London_32,FIFO,151,453,1092.0,70.0,2.0,180294.0,0.944316394161433,851.0,64.0,1.0,63.0,115.0,9.0,106.0,226.0,256.0,74.0,21.0,73.0,5.0,17.0,3.0,4.0,5.0,86.0,150.0,212.0,33.0,0.0,0.0,0.0,0.0,0.0,0.0,0.0,0.0,0.0,0.0,0.0,0.0,0.0,0.0,0.0,0.0,0.0,0.0,0.0,0.0,0.0,0.0,0.0,0.0,0.0,0.0,0.0,0.0,0.0,0.0,0.0,0.0,0.0,1.0,0.0,0.0,0.0,0.0,0.0,0.0,3.0,3.0,0.0,0.0,0.0,0.0,7.0,6.0,6.0,11.0,8.0,15.0,17.0,4.0,0.0,0.0,0.0,0.0,0.0,0.0,0.0,0.0,0.0,0.0,0.0,0.0,0.0,5.0,0.0,0.0,0.0,0.0,0.0,0.0,3.0,4.0,0.0,0.0,0.0,0.0,10.0,9.0,7.0,16.0,11.0,22.0,19.0,5.0
1042,1.0,1042.0,London_32,FIFO,151,453,1092.0,70.0,2.0,197961.0,1.1840208959765732,890.0,129.0,2.0,127.0,233.0,18.0,215.0,115.0,258.0,78.0,23.0,63.0,6.0,20.0,0.0,5.0,5.0,77.0,156.0,215.0,37.0,0.0,0.0,0.0,0.0,0.0,0.0,0.0,0.0,0.0,0.0,0.0,0.0,0.0,0.0,0.0,0.0,0.0,0.0,0.0,0.0,0.0,0.0,0.0,0.0,0.0,0.0,0.0,0.0,0.0,0.0,0.0,0.0,0.0,0.0,0.0,1.0,0.0,0.0,0.0,0.0,6.0,9.0,0.0,3.0,6.0,1.0,16.0,6.0,8.0,2.0,19.0,32.0,27.0,6.0,0.0,0.0,0.0,0.0,0.0,0.0,0.0,0.0,0.0,0.0,0.0,0.0,0.0,0.0,0.0,1.0,0.0,0.0,0.0,0.0,10.0,13.0,0.0,7.0,7.0,2.0,19.0,9.0,9.0,2.0,29.0,43.0,32.0,10.0
1043,1.0,1043.0,London_32,FIFO,151,453,1092.0,70.0,2.0,172140.0,1.107889758888632,833.0,130.0,0.0,130.0,237.0,0.0,237.0,233.0,252.0,79.0,24.0,74.0,6.0,13.0,1.0,4.0,1.0,88.0,148.0,216.0,24.0,0.0,0.0,0.0,0.0,0.0,0.0,0.0,0.0,0.0,0.0,0.0,0.0,0.0,0.0,0.0,0.0,0.0,0.0,0.0,0.0,0.0,0.0,0.0,0.0,0.0,0.0,0.0,0.0,0.0,0.0,0.0,0.0,0.0,0.0,0.0,0.0,0.0,0.0,0.0,0.0,2.0,14.0,0.0,4.0,2.0,0.0,14.0,7.0,10.0,14.0,25.0,23.0,27.0,8.0,0.0,0.0,0.0,0.0,0.0,0.0,0.0,0.0,0.0,0.0,0.0,0.0,0.0,0.0,0.0,0.0,0.0,0.0,0.0,0.0,2.0,18.0,0.0,6.0,3.0,0.0,17.0,10.0,14.0,20.0,48.0,31.0,37.0,10.0
1044,1.0,1044.0,London_32,FIFO,151,453,1092.0,70.0,2.0,152661.0,0.9444236592389643,790.0,47.0,1.0,46.0,88.0,10.0,78.0,237.0,248.0,92.0,13.0,74.0,6.0,16.0,2.0,2.0,3.0,84.0,149.0,217.0,28.0,0.0,0.0,0.0,0.0,0.0,0.0,0.0,0.0,0.0,0.0,0.0,0.0,0.0,0.0,0.0,0.0,0.0,0.0,0.0,0.0,0.0,0.0,0.0,0.0,0.0,0.0,0.0,0.0,0.0,0.0,0.0,0.0,1.0,0.0,0.0,1.0,0.0,0.0,0.0,0.0,2.0,0.0,0.0,1.0,1.0,0.0,6.0,6.0,5.0,9.0,8.0,10.0,12.0,3.0,0.0,0.0,0.0,0.0,0.0,0.0,0.0,0.0,0.0,0.0,0.0,0.0,2.0,0.0,0.0,2.0,0.0,0.0,0.0,0.0,2.0,0.0,0.0,1.0,1.0,0.0,10.0,6.0,7.0,9.0,17.0,18.0,14.0,6.0
1045,1.0,1045.0,London_32,FIFO,151,453,1092.0,70.0,2.0,175311.0,1.073845281265676,840.0,83.0,1.0,82.0,141.0,10.0,131.0,88.0,258.0,94.0,21.0,64.0,5.0,7.0,1.0,3.0,4.0,80.0,154.0,215.0,25.0,0.0,0.0,0.0,0.0,0.0,0.0,0.0,0.0,0.0,0.0,0.0,0.0,0.0,0.0,0.0,0.0,0.0,0.0,0.0,0.0,0.0,0.0,0.0,0.0,0.0,0.0,0.0,0.0,0.0,0.0,0.0,0.0,0.0,0.0,0.0,0.0,0.0,0.0,0.0,0.0,0.0,8.0,0.0,1.0,1.0,0.0,3.0,4.0,8.0,10.0,11.0,23.0,17.0,9.0,0.0,0.0,0.0,0.0,0.0,0.0,0.0,0.0,0.0,0.0,0.0,0.0,0.0,0.0,0.0,0.0,0.0,0.0,0.0,0.0,0.0,9.0,0.0,2.0,1.0,0.0,4.0,6.0,12.0,16.0,16.0,35.0,22.0,14.0
1046,1.0,1046.0,London_32,FIFO,151,453,1092.0,70.0,2.0,176217.0,1.1812119190581143,842.0,154.0,0.0,154.0,258.0,0.0,258.0,141.0,259.0,80.0,24.0,73.0,5.0,10.0,1.0,1.0,3.0,83.0,152.0,215.0,31.0,0.0,0.0,0.0,0.0,0.0,0.0,0.0,0.0,0.0,0.0,0.0,0.0,0.0,0.0,0.0,0.0,0.0,0.0,0.0,0.0,0.0,0.0,0.0,0.0,0.0,0.0,0.0,0.0,0.0,0.0,0.0,0.0,0.0,0.0,0.0,0.0,0.0,0.0,0.0,0.0,0.0,10.0,1.0,0.0,9.0,0.0,4.0,2.0,1.0,24.0,24.0,29.0,23.0,7.0,0.0,0.0,0.0,0.0,0.0,0.0,0.0,0.0,0.0,0.0,0.0,0.0,0.0,0.0,0.0,0.0,0.0,0.0,0.0,0.0,0.0,12.0,1.0,0.0,9.0,0.0,5.0,2.0,1.0,30.0,34.0,38.0,28.0,13.0
1047,1.0,1047.0,London_32,FIFO,151,453,1092.0,70.0,2.0,135900.0,0.928212724160403,753.0,143.0,0.0,143.0,250.0,0.0,250.0,258.0,227.0,106.0,23.0,68.0,10.0,14.0,1.0,4.0,2.0,87.0,153.0,211.0,29.0,0.0,0.0,0.0,0.0,0.0,0.0,0.0,0.0,0.0,0.0,0.0,0.0,0.0,0.0,0.0,0.0,0.0,0.0,0.0,0.0,0.0,0.0,0.0,0.0,0.0,0.0,0.0,0.0,0.0,0.0,0.0,0.0,0.0,0.0,0.0,0.0,0.0,0.0,0.0,0.0,0.0,1.0,0.0,0.0,9.0,0.0,7.0,8.0,1.0,13.0,28.0,36.0,26.0,8.0,0.0,0.0,0.0,0.0,0.0,0.0,0.0,0.0,0.0,0.0,0.0,0.0,0.0,0.0,0.0,0.0,0.0,0.0,0.0,0.0,0.0,1.0,0.0,0.0,9.0,0.0,10.0,13.0,2.0,17.0,41.0,55.0,34.0,12.0
1048,1.0,1048.0,London_32,FIFO,151,453,1092.0,70.0,2.0,96489.0,0.662502714432776,666.0,9.0,2.0,7.0,28.0,19.0,9.0,250.0,238.0,105.0,17.0,69.0,7.0,16.0,1.0,0.0,1.0,80.0,150.0,222.0,24.0,0.0,0.0,0.0,0.0,0.0,0.0,0.0,0.0,0.0,0.0,0.0,0.0,0.0,0.0,0.0,0.0,0.0,0.0,0.0,0.0,0.0,0.0,0.0,0.0,0.0,0.0,0.0,0.0,0.0,2.0,0.0,0.0,0.0,1.0,0.0,2.0,0.0,0.0,0.0,0.0,0.0,0.0,0.0,0.0,0.0,0.0,1.0,0.0,0.0,2.0,1.0,1.0,1.0,1.0,0.0,0.0,0.0,0.0,0.0,0.0,0.0,0.0,0.0,4.0,0.0,0.0,0.0,9.0,0.0,5.0,0.0,0.0,0.0,0.0,0.0,0.0,0.0,0.0,0.0,0.0,1.0,0.0,0.0,2.0,1.0,2.0,1.0,1.0
1049,1.0,1049.0,London_32,FIFO,151,453,1092.0,70.0,2.0,121857.0,0.8401278569363058,722.0,25.0,2.0,23.0,55.0,17.0,38.0,28.0,232.0,105.0,15.0,79.0,4.0,16.0,2.0,0.0,0.0,86.0,144.0,223.0,19.0,0.0,0.0,0.0,0.0,0.0,0.0,0.0,0.0,0.0,0.0,0.0,0.0,0.0,0.0,0.0,0.0,0.0,0.0,0.0,0.0,0.0,0.0,0.0,0.0,0.0,0.0,0.0,0.0,0.0,2.0,0.0,0.0,2.0,0.0,0.0,2.0,0.0,0.0,0.0,0.0,0.0,1.0,0.0,0.0,0.0,0.0,3.0,1.0,0.0,3.0,5.0,5.0,6.0,0.0,0.0,0.0,0.0,0.0,0.0,0.0,0.0,0.0,0.0,8.0,0.0,0.0,9.0,0.0,0.0,7.0,0.0,0.0,0.0,0.0,0.0,2.0,0.0,0.0,0.0,0.0,5.0,1.0,0.0,5.0,7.0,8.0,7.0,0.0
1050,1.0,1050.0,London_32,FIFO,151,453,1092.0,70.0,2.0,156738.0,0.9347866652533412,799.0,112.0,0.0,112.0,204.0,0.0,204.0,55.0,230.0,106.0,16.0,87.0,2.0,11.0,0.0,1.0,1.0,82.0,143.0,227.0,18.0,0.0,0.0,0.0,0.0,0.0,0.0,0.0,0.0,0.0,0.0,0.0,0.0,0.0,0.0,0.0,0.0,0.0,0.0,0.0,0.0,0.0,0.0,0.0,0.0,0.0,0.0,0.0,0.0,0.0,0.0,0.0,0.0,0.0,0.0,0.0,0.0,0.0,0.0,0.0,0.0,8.0,1.0,2.0,0.0,2.0,0.0,9.0,10.0,3.0,11.0,30.0,20.0,23.0,10.0,0.0,0.0,0.0,0.0,0.0,0.0,0.0,0.0,0.0,0.0,0.0,0.0,0.0,0.0,0.0,0.0,0.0,0.0,0.0,0.0,9.0,1.0,3.0,0.0,2.0,0.0,15.0,15.0,7.0,18.0,48.0,32.0,29.0,19.0
1051,1.0,1051.0,London_32,FIFO,151,453,1092.0,70.0,2.0,136806.0,1.1237363023683429,755.0,96.0,2.0,94.0,195.0,18.0,177.0,204.0,236.0,113.0,13.0,67.0,1.0,18.0,3.0,2.0,4.0,78.0,164.0,207.0,32.0,0.0,0.0,0.0,0.0,0.0,0.0,0.0,0.0,0.0,0.0,0.0,0.0,0.0,0.0,0.0,0.0,0.0,0.0,0.0,0.0,0.0,0.0,0.0,0.0,0.0,0.0,0.0,0.0,0.0,0.0,0.0,0.0,0.0,1.0,0.0,1.0,0.0,0.0,0.0,0.0,4.0,6.0,0.0,3.0,4.0,0.0,10.0,3.0,6.0,12.0,16.0,20.0,12.0,8.0,0.0,0.0,0.0,0.0,0.0,0.0,0.0,0.0,0.0,0.0,0.0,0.0,0.0,9.0,0.0,4.0,0.0,0.0,0.0,0.0,4.0,7.0,0.0,5.0,4.0,0.0,12.0,5.0,8.0,17.0,25.0,27.0,15.0,10.0
1052,1.0,1052.0,London_32,FIFO,151,453,1092.0,70.0,2.0,124122.0,0.8630889491178095,727.0,84.0,0.0,84.0,140.0,0.0,140.0,195.0,223.0,123.0,13.0,69.0,2.0,16.0,1.0,6.0,4.0,76.0,156.0,217.0,33.0,0.0,0.0,0.0,0.0,0.0,0.0,0.0,0.0,0.0,0.0,0.0,0.0,0.0,0.0,0.0,0.0,0.0,0.0,0.0,0.0,0.0,0.0,0.0,0.0,0.0,0.0,0.0,0.0,0.0,0.0,0.0,0.0,0.0,0.0,0.0,0.0,0.0,0.0,0.0,0.0,3.0,4.0,4.0,3.0,2.0,0.0,7.0,3.0,3.0,7.0,18.0,20.0,14.0,12.0,0.0,0.0,0.0,0.0,0.0,0.0,0.0,0.0,0.0,0.0,0.0,0.0,0.0,0.0,0.0,0.0,0.0,0.0,0.0,0.0,4.0,4.0,4.0,4.0,2.0,0.0,7.0,5.0,5.0,8.0,22.0,28.0,15.0,19.0
1053,1.0,1053.0,London_32,FIFO,151,453,1092.0,70.0,2.0,120951.0,1.064774801954627,720.0,52.0,2.0,50.0,108.0,17.0,91.0,140.0,232.0,126.0,17.0,60.0,3.0,12.0,0.0,3.0,9.0,72.0,160.0,212.0,46.0,0.0,0.0,0.0,0.0,0.0,0.0,0.0,0.0,0.0,0.0,0.0,0.0,0.0,0.0,0.0,0.0,0.0,0.0,0.0,0.0,0.0,0.0,0.0,0.0,0.0,0.0,0.0,0.0,0.0,0.0,0.0,0.0,1.0,0.0,0.0,1.0,1.0,0.0,0.0,0.0,1.0,1.0,0.0,1.0,1.0,0.0,6.0,4.0,2.0,7.0,8.0,11.0,17.0,2.0,0.0,0.0,0.0,0.0,0.0,0.0,0.0,0.0,0.0,0.0,0.0,0.0,4.0,0.0,0.0,1.0,9.0,0.0,0.0,0.0,1.0,1.0,0.0,1.0,1.0,0.0,7.0,6.0,3.0,9.0,13.0,15.0,26.0,2.0
1054,1.0,1054.0,London_32,FIFO,151,453,1092.0,70.0,2.0,138165.0,1.186838611960411,758.0,11.0,0.0,11.0,20.0,0.0,20.0,108.0,235.0,133.0,15.0,43.0,7.0,15.0,0.0,5.0,7.0,78.0,152.0,216.0,39.0,0.0,0.0,0.0,0.0,0.0,0.0,0.0,0.0,0.0,0.0,0.0,0.0,0.0,0.0,0.0,0.0,0.0,0.0,0.0,0.0,0.0,0.0,0.0,0.0,0.0,0.0,0.0,0.0,0.0,0.0,0.0,0.0,0.0,0.0,0.0,0.0,0.0,0.0,0.0,0.0,2.0,0.0,0.0,1.0,0.0,0.0,1.0,0.0,0.0,2.0,0.0,3.0,5.0,1.0,0.0,0.0,0.0,0.0,0.0,0.0,0.0,0.0,0.0,0.0,0.0,0.0,0.0,0.0,0.0,0.0,0.0,0.0,0.0,0.0,2.0,0.0,0.0,3.0,0.0,0.0,2.0,0.0,0.0,3.0,0.0,5.0,8.0,1.0
1055,1.0,1055.0,London_32,FIFO,151,453,1092.0,70.0,2.0,168969.0,1.1395590328611434,826.0,82.0,1.0,81.0,148.0,8.0,140.0,20.0,235.0,132.0,14.0,45.0,7.0,14.0,0.0,6.0,7.0,78.0,146.0,222.0,42.0,0.0,0.0,0.0,0.0,0.0,0.0,0.0,0.0,0.0,0.0,0.0,0.0,0.0,0.0,0.0,0.0,0.0,0.0,0.0,0.0,0.0,0.0,0.0,0.0,0.0,0.0,0.0,0.0,0.0,0.0,0.0,0.0,0.0,0.0,0.0,0.0,0.0,0.0,0.0,0.0,2.0,8.0,0.0,3.0,3.0,0.0,8.0,8.0,5.0,8.0,17.0,16.0,11.0,7.0,0.0,0.0,0.0,0.0,0.0,0.0,0.0,0.0,0.0,0.0,0.0,0.0,0.0,0.0,0.0,0.0,0.0,0.0,0.0,0.0,2.0,10.0,0.0,3.0,3.0,0.0,12.0,10.0,8.0,11.0,25.0,26.0,14.0,7.0
1056,1.0,1056.0,London_32,FIFO,151,453,1092.0,70.0,2.0,165798.0,1.6237231409177184,819.0,134.0,2.0,132.0,246.0,18.0,228.0,148.0,247.0,137.0,9.0,45.0,3.0,6.0,0.0,6.0,4.0,77.0,140.0,232.0,34.0,0.0,0.0,0.0,0.0,0.0,0.0,0.0,0.0,0.0,0.0,0.0,0.0,0.0,0.0,0.0,0.0,0.0,0.0,0.0,0.0,0.0,0.0,0.0,0.0,0.0,0.0,0.0,0.0,0.0,0.0,0.0,0.0,0.0,0.0,1.0,1.0,0.0,0.0,0.0,0.0,5.0,8.0,0.0,3.0,0.0,0.0,21.0,6.0,6.0,10.0,22.0,34.0,13.0,10.0,0.0,0.0,0.0,0.0,0.0,0.0,0.0,0.0,0.0,0.0,0.0,0.0,0.0,0.0,5.0,2.0,0.0,0.0,0.0,0.0,5.0,11.0,0.0,7.0,0.0,0.0,27.0,7.0,8.0,13.0,36.0,51.0,13.0,17.0
1057,1.0,1057.0,London_32,FIFO,151,453,1092.0,70.0,2.0,144507.0,1.136986537836492,772.0,108.0,1.0,107.0,198.0,11.0,187.0,246.0,234.0,101.0,20.0,64.0,8.0,21.0,1.0,4.0,7.0,59.0,163.0,224.0,28.0,0.0,0.0,0.0,0.0,0.0,0.0,0.0,0.0,0.0,0.0,0.0,0.0,0.0,0.0,0.0,0.0,0.0,0.0,0.0,0.0,0.0,0.0,0.0,0.0,0.0,0.0,0.0,0.0,0.0,1.0,0.0,0.0,1.0,0.0,0.0,1.0,0.0,0.0,0.0,0.0,3.0,1.0,1.0,0.0,1.0,0.0,8.0,5.0,12.0,6.0,21.0,18.0,21.0,9.0,0.0,0.0,0.0,0.0,0.0,0.0,0.0,0.0,0.0,6.0,0.0,0.0,6.0,0.0,0.0,6.0,0.0,0.0,0.0,0.0,5.0,1.0,1.0,0.0,1.0,0.0,11.0,5.0,18.0,8.0,34.0,25.0,30.0,14.0
1058,1.0,1058.0,London_32,FIFO,151,453,1092.0,70.0,2.0,131823.0,0.7476635230705142,744.0,32.0,0.0,32.0,60.0,0.0,60.0,198.0,242.0,109.0,17.0,55.0,3.0,21.0,1.0,5.0,6.0,71.0,168.0,208.0,22.0,0.0,0.0,0.0,0.0,0.0,0.0,0.0,0.0,0.0,0.0,0.0,0.0,0.0,0.0,0.0,0.0,0.0,0.0,0.0,0.0,0.0,0.0,0.0,0.0,0.0,0.0,0.0,0.0,0.0,0.0,0.0,0.0,0.0,0.0,0.0,0.0,0.0,0.0,0.0,0.0,1.0,1.0,0.0,1.0,0.0,0.0,2.0,1.0,1.0,1.0,7.0,12.0,11.0,5.0,0.0,0.0,0.0,0.0,0.0,0.0,0.0,0.0,0.0,0.0,0.0,0.0,0.0,0.0,0.0,0.0,0.0,0.0,0.0,0.0,2.0,1.0,0.0,1.0,0.0,0.0,3.0,3.0,1.0,1.0,12.0,16.0,15.0,9.0
1059,1.0,1059.0,London_32,FIFO,151,453,1092.0,70.0,2.0,159909.0,1.1546171410009265,806.0,112.0,2.0,110.0,208.0,18.0,190.0,60.0,245.0,101.0,14.0,57.0,4.0,23.0,1.0,8.0,7.0,68.0,157.0,221.0,30.0,0.0,0.0,0.0,0.0,0.0,0.0,0.0,0.0,0.0,0.0,0.0,0.0,0.0,0.0,0.0,0.0,0.0,0.0,0.0,0.0,0.0,0.0,0.0,0.0,0.0,0.0,0.0,0.0,0.0,1.0,0.0,0.0,0.0,0.0,0.0,1.0,0.0,0.0,0.0,0.0,7.0,1.0,3.0,2.0,3.0,0.0,8.0,10.0,12.0,16.0,24.0,26.0,21.0,10.0,0.0,0.0,0.0,0.0,0.0,0.0,0.0,0.0,0.0,1.0,0.0,0.0,0.0,0.0,0.0,2.0,0.0,0.0,0.0,0.0,8.0,1.0,4.0,2.0,3.0,0.0,9.0,14.0,14.0,24.0,39.0,36.0,33.0,15.0
1060,1.0,1060.0,London_32,FIFO,151,453,1092.0,70.0,2.0,149943.0,0.983642193954438,784.0,56.0,1.0,55.0,104.0,10.0,94.0,208.0,253.0,105.0,14.0,58.0,1.0,12.0,1.0,9.0,7.0,58.0,159.0,229.0,30.0,0.0,0.0,0.0,0.0,0.0,0.0,0.0,0.0,0.0,0.0,0.0,0.0,0.0,0.0,0.0,0.0,0.0,0.0,0.0,0.0,0.0,0.0,0.0,0.0,0.0,0.0,0.0,0.0,0.0,0.0,0.0,0.0,0.0,0.0,0.0,0.0,0.0,0.0,0.0,0.0,1.0,0.0,2.0,1.0,0.0,0.0,4.0,4.0,5.0,5.0,11.0,15.0,13.0,4.0,0.0,0.0,0.0,0.0,0.0,0.0,0.0,0.0,0.0,0.0,0.0,0.0,0.0,0.0,0.0,0.0,0.0,0.0,0.0,0.0,1.0,0.0,2.0,2.0,0.0,0.0,4.0,7.0,7.0,6.0,18.0,23.0,19.0,6.0
1061,1.0,1061.0,London_32,FIFO,151,453,1092.0,70.0,2.0,165345.0,1.1259545451030135,818.0,68.0,2.0,66.0,125.0,16.0,109.0,104.0,266.0,102.0,11.0,53.0,3.0,9.0,1.0,8.0,7.0,62.0,144.0,240.0,24.0,0.0,0.0,0.0,0.0,0.0,0.0,0.0,0.0,0.0,0.0,0.0,0.0,0.0,0.0,0.0,0.0,0.0,0.0,0.0,0.0,0.0,0.0,0.0,0.0,0.0,0.0,0.0,0.0,0.0,1.0,0.0,0.0,1.0,0.0,0.0,1.0,0.0,0.0,0.0,0.0,2.0,0.0,0.0,0.0,3.0,1.0,6.0,4.0,10.0,6.0,16.0,12.0,15.0,4.0,0.0,0.0,0.0,0.0,0.0,0.0,0.0,0.0,0.0,2.0,0.0,0.0,3.0,0.0,0.0,3.0,0.0,0.0,0.0,0.0,2.0,0.0,0.0,0.0,4.0,1.0,8.0,7.0,14.0,7.0,24.0,15.0,22.0,5.0
1062,1.0,1062.0,London_32,FIFO,151,453,1092.0,70.0,2.0,173046.0,1.0707540647126734,835.0,84.0,0.0,84.0,148.0,0.0,148.0,125.0,264.0,105.0,11.0,47.0,4.0,11.0,1.0,10.0,3.0,73.0,147.0,230.0,29.0,0.0,0.0,0.0,0.0,0.0,0.0,0.0,0.0,0.0,0.0,0.0,0.0,0.0,0.0,0.0,0.0,0.0,0.0,0.0,0.0,0.0,0.0,0.0,0.0,0.0,0.0,0.0,0.0,0.0,0.0,0.0,0.0,0.0,0.0,0.0,0.0,0.0,0.0,0.0,0.0,4.0,11.0,3.0,2.0,0.0,0.0,7.0,7.0,6.0,5.0,18.0,19.0,7.0,9.0,0.0,0.0,0.0,0.0,0.0,0.0,0.0,0.0,0.0,0.0,0.0,0.0,0.0,0.0,0.0,0.0,0.0,0.0,0.0,0.0,5.0,14.0,3.0,3.0,0.0,0.0,9.0,16.0,8.0,7.0,31.0,29.0,8.0,15.0
1063,1.0,1063.0,London_32,FIFO,151,453,1092.0,70.0,2.0,173046.0,1.0519120711833239,835.0,125.0,0.0,125.0,211.0,0.0,211.0,148.0,269.0,89.0,11.0,52.0,5.0,15.0,2.0,10.0,6.0,72.0,151.0,224.0,36.0,0.0,0.0,0.0,0.0,0.0,0.0,0.0,0.0,0.0,0.0,0.0,0.0,0.0,0.0,0.0,0.0,0.0,0.0,0.0,0.0,0.0,0.0,0.0,0.0,0.0,0.0,0.0,0.0,0.0,0.0,0.0,0.0,0.0,0.0,0.0,0.0,0.0,0.0,0.0,0.0,3.0,15.0,0.0,1.0,0.0,0.0,3.0,15.0,5.0,12.0,26.0,28.0,21.0,8.0,0.0,0.0,0.0,0.0,0.0,0.0,0.0,0.0,0.0,0.0,0.0,0.0,0.0,0.0,0.0,0.0,0.0,0.0,0.0,0.0,3.0,21.0,0.0,2.0,0.0,0.0,3.0,22.0,5.0,16.0,35.0,44.0,25.0,16.0
1064,1.0,1064.0,London_32,FIFO,151,453,1092.0,70.0,2.0,150849.0,0.9754067133180797,786.0,97.0,2.0,95.0,183.0,18.0,165.0,211.0,257.0,78.0,9.0,61.0,13.0,22.0,4.0,9.0,4.0,79.0,151.0,219.0,27.0,0.0,0.0,0.0,0.0,0.0,0.0,0.0,0.0,0.0,0.0,0.0,0.0,0.0,0.0,0.0,0.0,0.0,0.0,0.0,0.0,0.0,0.0,0.0,0.0,0.0,0.0,0.0,0.0,0.0,0.0,0.0,0.0,0.0,0.0,2.0,2.0,0.0,0.0,0.0,0.0,8.0,10.0,0.0,3.0,1.0,0.0,14.0,9.0,10.0,6.0,15.0,25.0,18.0,7.0,0.0,0.0,0.0,0.0,0.0,0.0,0.0,0.0,0.0,0.0,0.0,0.0,0.0,0.0,13.0,5.0,0.0,0.0,0.0,0.0,13.0,14.0,0.0,3.0,1.0,0.0,19.0,13.0,14.0,7.0,22.0,35.0,25.0,12.0
1065,1.0,1065.0,London_32,FIFO,151,453,1092.0,70.0,2.0,143601.0,1.215147860813886,770.0,121.0,0.0,121.0,188.0,0.0,188.0,183.0,251.0,75.0,13.0,64.0,12.0,26.0,4.0,8.0,5.0,69.0,149.0,230.0,17.0,0.0,0.0,0.0,0.0,0.0,0.0,0.0,0.0,0.0,0.0,0.0,0.0,0.0,0.0,0.0,0.0,0.0,0.0,0.0,0.0,0.0,0.0,0.0,0.0,0.0,0.0,0.0,0.0,0.0,0.0,0.0,0.0,0.0,0.0,0.0,0.0,0.0,0.0,0.0,0.0,3.0,10.0,4.0,1.0,4.0,1.0,11.0,12.0,12.0,6.0,17.0,37.0,17.0,11.0,0.0,0.0,0.0,0.0,0.0,0.0,0.0,0.0,0.0,0.0,0.0,0.0,0.0,0.0,0.0,0.0,0.0,0.0,0.0,0.0,3.0,13.0,4.0,2.0,4.0,1.0,16.0,18.0,18.0,7.0,25.0,48.0,22.0,15.0
1066,1.0,1066.0,London_32,FIFO,151,453,1092.0,70.0,2.0,129558.0,0.8372962377034128,739.0,7.0,0.0,7.0,10.0,0.0,10.0,188.0,253.0,72.0,11.0,71.0,9.0,32.0,1.0,4.0,5.0,76.0,147.0,225.0,20.0,0.0,0.0,0.0,0.0,0.0,0.0,0.0,0.0,0.0,0.0,0.0,0.0,0.0,0.0,0.0,0.0,0.0,0.0,0.0,0.0,0.0,0.0,0.0,0.0,0.0,0.0,0.0,0.0,0.0,0.0,0.0,0.0,0.0,0.0,0.0,0.0,0.0,0.0,0.0,0.0,0.0,0.0,0.0,0.0,0.0,1.0,1.0,1.0,0.0,1.0,2.0,1.0,0.0,0.0,0.0,0.0,0.0,0.0,0.0,0.0,0.0,0.0,0.0,0.0,0.0,0.0,0.0,0.0,0.0,0.0,0.0,0.0,0.0,0.0,0.0,0.0,0.0,0.0,0.0,2.0,2.0,1.0,0.0,2.0,3.0,1.0,0.0,0.0
1067,1.0,1067.0,London_32,FIFO,151,453,1092.0,70.0,2.0,174405.0,1.14207829721272,838.0,97.0,0.0,97.0,170.0,0.0,170.0,10.0,253.0,72.0,11.0,74.0,9.0,32.0,0.0,2.0,5.0,79.0,149.0,220.0,21.0,0.0,0.0,0.0,0.0,0.0,0.0,0.0,0.0,0.0,0.0,0.0,0.0,0.0,0.0,0.0,0.0,0.0,0.0,0.0,0.0,0.0,0.0,0.0,0.0,0.0,0.0,0.0,0.0,0.0,0.0,0.0,0.0,0.0,0.0,0.0,0.0,0.0,0.0,0.0,0.0,4.0,6.0,11.0,0.0,4.0,0.0,11.0,8.0,3.0,8.0,14.0,16.0,19.0,10.0,0.0,0.0,0.0,0.0,0.0,0.0,0.0,0.0,0.0,0.0,0.0,0.0,0.0,0.0,0.0,0.0,0.0,0.0,0.0,0.0,4.0,7.0,13.0,0.0,4.0,0.0,16.0,11.0,4.0,10.0,17.0,23.0,23.0,16.0
1068,1.0,1068.0,London_32,FIFO,151,453,1092.0,70.0,2.0,178935.0,1.0241581099107862,848.0,36.0,1.0,35.0,74.0,9.0,65.0,170.0,264.0,66.0,13.0,60.0,10.0,37.0,1.0,2.0,4.0,82.0,158.0,209.0,18.0,0.0,0.0,0.0,0.0,0.0,0.0,0.0,0.0,0.0,0.0,0.0,0.0,0.0,0.0,0.0,0.0,0.0,0.0,0.0,0.0,0.0,0.0,0.0,0.0,0.0,0.0,0.0,0.0,0.0,0.0,0.0,0.0,0.0,0.0,1.0,0.0,0.0,0.0,0.0,0.0,3.0,1.0,0.0,0.0,0.0,0.0,9.0,3.0,1.0,3.0,4.0,8.0,6.0,6.0,0.0,0.0,0.0,0.0,0.0,0.0,0.0,0.0,0.0,0.0,0.0,0.0,0.0,0.0,6.0,0.0,0.0,0.0,0.0,0.0,7.0,2.0,0.0,0.0,0.0,0.0,11.0,6.0,2.0,3.0,4.0,11.0,10.0,12.0
1069,1.0,1069.0,London_32,FIFO,151,453,1092.0,70.0,2.0,204303.0,1.3455480029806495,904.0,123.0,2.0,121.0,228.0,18.0,210.0,74.0,267.0,70.0,14.0,56.0,12.0,31.0,1.0,2.0,6.0,87.0,150.0,210.0,27.0,0.0,0.0,0.0,0.0,0.0,0.0,0.0,0.0,0.0,1.0,0.0,0.0,0.0,1.0,0.0,0.0,0.0,0.0,1.0,0.0,0.0,0.0,0.0,0.0,0.0,0.0,0.0,0.0,0.0,1.0,0.0,0.0,1.0,0.0,1.0,1.0,0.0,0.0,0.0,0.0,6.0,10.0,0.0,2.0,3.0,0.0,10.0,1.0,1.0,11.0,23.0,31.0,18.0,6.0,0.0,0.0,0.0,0.0,0.0,0.0,0.0,0.0,0.0,2.0,0.0,0.0,3.0,0.0,5.0,2.0,0.0,0.0,0.0,0.0,7.0,14.0,0.0,3.0,3.0,0.0,13.0,1.0,1.0,17.0,33.0,50.0,22.0,12.0
1070,1.0,1070.0,London_32,FIFO,151,453,1092.0,70.0,2.0,188901.0,1.0901283202692866,870.0,114.0,2.0,112.0,206.0,15.0,191.0,222.0,250.0,74.0,20.0,62.0,10.0,32.0,1.0,4.0,5.0,64.0,159.0,225.0,23.0,0.0,0.0,0.0,0.0,0.0,0.0,0.0,0.0,0.0,0.0,0.0,0.0,0.0,0.0,0.0,0.0,0.0,0.0,0.0,0.0,0.0,0.0,0.0,0.0,0.0,0.0,0.0,0.0,0.0,1.0,0.0,0.0,1.0,1.0,1.0,2.0,0.0,0.0,0.0,0.0,3.0,12.0,14.0,0.0,2.0,0.0,11.0,7.0,12.0,9.0,20.0,30.0,19.0,12.0,0.0,0.0,0.0,0.0,0.0,0.0,0.0,0.0,0.0,1.0,0.0,0.0,2.0,6.0,5.0,5.0,0.0,0.0,0.0,0.0,4.0,14.0,17.0,0.0,2.0,0.0,17.0,9.0,17.0,11.0,31.0,37.0,23.0,17.0
1071,1.0,1071.0,London_32,FIFO,151,453,1092.0,70.0,2.0,172593.0,1.1736283553764224,834.0,121.0,0.0,121.0,200.0,0.0,200.0,206.0,272.0,93.0,14.0,48.0,4.0,20.0,0.0,2.0,3.0,69.0,150.0,231.0,30.0,0.0,0.0,0.0,0.0,0.0,0.0,0.0,0.0,0.0,0.0,0.0,0.0,0.0,0.0,0.0,0.0,0.0,0.0,0.0,0.0,0.0,0.0,0.0,0.0,0.0,0.0,0.0,0.0,0.0,0.0,0.0,0.0,0.0,0.0,0.0,0.0,0.0,0.0,0.0,0.0,0.0,9.0,2.0,1.0,5.0,0.0,14.0,12.0,5.0,19.0,28.0,26.0,30.0,9.0,0.0,0.0,0.0,0.0,0.0,0.0,0.0,0.0,0.0,0.0,0.0,0.0,0.0,0.0,0.0,0.0,0.0,0.0,0.0,0.0,0.0,11.0,2.0,1.0,5.0,0.0,15.0,19.0,7.0,25.0,39.0,31.0,38.0,11.0
1072,1.0,1072.0,London_32,FIFO,151,453,1092.0,70.0,2.0,154473.0,0.8755369018763304,794.0,165.0,1.0,164.0,288.0,10.0,278.0,200.0,278.0,73.0,9.0,67.0,1.0,21.0,0.0,4.0,3.0,88.0,148.0,214.0,23.0,0.0,0.0,0.0,0.0,0.0,0.0,0.0,0.0,0.0,0.0,0.0,0.0,0.0,0.0,0.0,0.0,0.0,0.0,0.0,0.0,0.0,0.0,0.0,0.0,0.0,0.0,0.0,0.0,0.0,0.0,0.0,0.0,0.0,0.0,0.0,1.0,0.0,0.0,0.0,0.0,3.0,9.0,3.0,3.0,2.0,0.0,21.0,1.0,2.0,22.0,33.0,42.0,40.0,4.0,0.0,0.0,0.0,0.0,0.0,0.0,0.0,0.0,0.0,0.0,0.0,0.0,0.0,0.0,0.0,4.0,0.0,0.0,0.0,0.0,4.0,13.0,3.0,5.0,2.0,0.0,27.0,1.0,2.0,30.0,50.0,61.0,51.0,5.0
1073,1.0,1073.0,London_32,FIFO,151,453,1092.0,70.0,2.0,108267.0,0.6587703339755535,692.0,41.0,0.0,41.0,66.0,0.0,66.0,288.0,204.0,89.0,15.0,99.0,13.0,25.0,1.0,7.0,6.0,79.0,147.0,221.0,25.0,0.0,0.0,0.0,0.0,0.0,0.0,0.0,0.0,0.0,0.0,0.0,0.0,0.0,0.0,0.0,0.0,0.0,0.0,0.0,0.0,0.0,0.0,0.0,0.0,0.0,0.0,0.0,0.0,0.0,0.0,0.0,0.0,0.0,0.0,0.0,0.0,0.0,0.0,0.0,0.0,0.0,1.0,1.0,0.0,0.0,1.0,1.0,1.0,1.0,5.0,8.0,14.0,5.0,3.0,0.0,0.0,0.0,0.0,0.0,0.0,0.0,0.0,0.0,0.0,0.0,0.0,0.0,0.0,0.0,0.0,0.0,0.0,0.0,0.0,0.0,1.0,1.0,0.0,0.0,2.0,2.0,1.0,1.0,7.0,12.0,22.0,7.0,3.0
1074,1.0,1074.0,London_32,FIFO,151,453,1092.0,70.0,2.0,115515.0,0.7854471332393587,708.0,94.0,3.0,91.0,187.0,25.0,162.0,66.0,210.0,84.0,16.0,96.0,11.0,30.0,0.0,6.0,7.0,80.0,150.0,216.0,26.0,0.0,0.0,0.0,0.0,0.0,0.0,0.0,0.0,0.0,0.0,0.0,0.0,0.0,0.0,0.0,0.0,0.0,0.0,0.0,0.0,0.0,0.0,0.0,0.0,0.0,0.0,0.0,0.0,0.0,1.0,0.0,0.0,1.0,0.0,1.0,1.0,0.0,0.0,0.0,0.0,4.0,5.0,0.0,3.0,2.0,0.0,15.0,5.0,1.0,5.0,22.0,18.0,18.0,6.0,0.0,0.0,0.0,0.0,0.0,0.0,0.0,0.0,0.0,4.0,0.0,0.0,4.0,0.0,2.0,5.0,0.0,0.0,0.0,0.0,5.0,7.0,0.0,6.0,3.0,0.0,19.0,5.0,1.0,6.0,33.0,25.0,21.0,9.0
1075,1.0,1075.0,London_32,FIFO,151,453,1092.0,70.0,2.0,100566.0,0.4970256523229182,675.0,31.0,1.0,30.0,65.0,9.0,56.0,187.0,236.0,89.0,16.0,67.0,0.0,34.0,0.0,11.0,6.0,80.0,162.0,205.0,24.0,0.0,0.0,0.0,0.0,0.0,0.0,0.0,0.0,0.0,0.0,0.0,0.0,0.0,0.0,0.0,0.0,0.0,0.0,0.0,0.0,0.0,0.0,0.0,0.0,0.0,0.0,0.0,0.0,0.0,0.0,0.0,0.0,0.0,0.0,0.0,0.0,1.0,0.0,0.0,0.0,0.0,1.0,0.0,1.0,0.0,0.0,3.0,4.0,0.0,8.0,5.0,8.0,7.0,5.0,0.0,0.0,0.0,0.0,0.0,0.0,0.0,0.0,0.0,0.0,0.0,0.0,0.0,0.0,0.0,0.0,8.0,0.0,0.0,0.0,0.0,1.0,0.0,2.0,0.0,0.0,5.0,4.0,0.0,10.0,8.0,13.0,8.0,12.0
1076,1.0,1076.0,London_32,FIFO,151,453,1092.0,70.0,2.0,128652.0,0.7675688392482698,737.0,132.0,0.0,132.0,223.0,0.0,223.0,65.0,232.0,88.0,13.0,69.0,3.0,39.0,0.0,9.0,5.0,81.0,156.0,211.0,29.0,0.0,0.0,0.0,0.0,0.0,0.0,0.0,0.0,0.0,0.0,0.0,0.0,0.0,0.0,0.0,0.0,0.0,0.0,0.0,0.0,0.0,0.0,0.0,0.0,0.0,0.0,0.0,0.0,0.0,0.0,0.0,0.0,0.0,0.0,0.0,0.0,0.0,0.0,0.0,0.0,3.0,9.0,4.0,2.0,4.0,0.0,18.0,5.0,2.0,23.0,24.0,24.0,22.0,15.0,0.0,0.0,0.0,0.0,0.0,0.0,0.0,0.0,0.0,0.0,0.0,0.0,0.0,0.0,0.0,0.0,0.0,0.0,0.0,0.0,3.0,15.0,5.0,5.0,5.0,0.0,26.0,7.0,3.0,34.0,34.0,32.0,26.0,23.0
1077,1.0,1077.0,London_32,FIFO,151,453,1092.0,70.0,2.0,97395.0,0.6705303471535444,668.0,11.0,2.0,9.0,32.0,17.0,15.0,223.0,241.0,79.0,15.0,69.0,9.0,30.0,3.0,7.0,5.0,93.0,137.0,218.0,27.0,0.0,0.0,0.0,0.0,0.0,0.0,0.0,0.0,0.0,0.0,0.0,0.0,0.0,0.0,0.0,0.0,0.0,0.0,0.0,0.0,0.0,0.0,0.0,0.0,0.0,0.0,0.0,0.0,0.0,1.0,0.0,0.0,1.0,0.0,2.0,1.0,0.0,0.0,0.0,0.0,0.0,0.0,0.0,0.0,0.0,0.0,1.0,0.0,0.0,1.0,0.0,3.0,1.0,1.0,0.0,0.0,0.0,0.0,0.0,0.0,0.0,0.0,0.0,1.0,0.0,0.0,7.0,0.0,13.0,5.0,0.0,0.0,0.0,0.0,0.0,0.0,0.0,0.0,0.0,0.0,1.0,0.0,0.0,1.0,0.0,4.0,1.0,2.0
1078,1.0,1078.0,London_32,FIFO,151,453,1092.0,70.0,2.0,134994.0,0.6698972629383206,751.0,38.0,0.0,38.0,58.0,0.0,58.0,32.0,246.0,71.0,17.0,77.0,7.0,26.0,3.0,6.0,7.0,93.0,129.0,224.0,29.0,0.0,0.0,0.0,0.0,0.0,0.0,0.0,0.0,0.0,0.0,0.0,0.0,0.0,0.0,0.0,0.0,0.0,0.0,0.0,0.0,0.0,0.0,0.0,0.0,0.0,0.0,0.0,0.0,0.0,0.0,0.0,0.0,0.0,0.0,0.0,0.0,0.0,0.0,0.0,0.0,0.0,1.0,1.0,0.0,0.0,0.0,6.0,1.0,4.0,4.0,11.0,7.0,9.0,2.0,0.0,0.0,0.0,0.0,0.0,0.0,0.0,0.0,0.0,0.0,0.0,0.0,0.0,0.0,0.0,0.0,0.0,0.0,0.0,0.0,0.0,2.0,1.0,0.0,0.0,0.0,8.0,1.0,5.0,4.0,14.0,9.0,12.0,3.0
1079,1.0,1079.0,London_32,FIFO,151,453,1092.0,70.0,2.0,159003.0,0.7885303879156709,804.0,19.0,0.0,19.0,39.0,0.0,39.0,58.0,254.0,64.0,22.0,70.0,5.0,30.0,3.0,5.0,8.0,89.0,133.0,223.0,34.0,0.0,0.0,0.0,0.0,0.0,0.0,0.0,0.0,0.0,0.0,0.0,0.0,0.0,0.0,0.0,0.0,0.0,0.0,0.0,0.0,0.0,0.0,0.0,0.0,0.0,0.0,0.0,0.0,0.0,0.0,0.0,0.0,0.0,0.0,0.0,0.0,0.0,0.0,0.0,0.0,0.0,2.0,0.0,0.0,0.0,0.0,4.0,2.0,0.0,0.0,2.0,5.0,5.0,2.0,0.0,0.0,0.0,0.0,0.0,0.0,0.0,0.0,0.0,0.0,0.0,0.0,0.0,0.0,0.0,0.0,0.0,0.0,0.0,0.0,0.0,3.0,0.0,0.0,0.0,0.0,6.0,2.0,0.0,0.0,2.0,8.0,9.0,4.0
1080,1.0,1080.0,London_32,FIFO,151,453,1092.0,70.0,2.0,187089.0,0.9464189847931266,866.0,141.0,0.0,141.0,235.0,0.0,235.0,39.0,255.0,61.0,18.0,77.0,5.0,30.0,2.0,5.0,9.0,87.0,132.0,225.0,34.0,0.0,0.0,0.0,0.0,0.0,0.0,0.0,0.0,0.0,0.0,0.0,0.0,0.0,0.0,0.0,0.0,0.0,0.0,0.0,0.0,0.0,0.0,0.0,0.0,0.0,0.0,0.0,0.0,0.0,0.0,0.0,0.0,0.0,0.0,0.0,0.0,0.0,0.0,0.0,0.0,2.0,11.0,2.0,0.0,4.0,0.0,18.0,6.0,6.0,5.0,25.0,37.0,34.0,16.0,0.0,0.0,0.0,0.0,0.0,0.0,0.0,0.0,0.0,0.0,0.0,0.0,0.0,0.0,0.0,0.0,0.0,0.0,0.0,0.0,2.0,14.0,2.0,0.0,4.0,0.0,26.0,9.0,9.0,7.0,39.0,46.0,40.0,23.0
1081,1.0,1081.0,London_32,FIFO,151,453,1092.0,70.0,2.0,153114.0,0.8388201389461756,791.0,139.0,3.0,136.0,277.0,28.0,249.0,235.0,222.0,85.0,11.0,101.0,9.0,21.0,3.0,1.0,6.0,88.0,138.0,221.0,33.0,0.0,0.0,0.0,0.0,0.0,0.0,0.0,0.0,0.0,0.0,0.0,0.0,0.0,0.0,0.0,0.0,0.0,0.0,0.0,0.0,0.0,0.0,0.0,0.0,0.0,0.0,0.0,0.0,0.0,0.0,1.0,0.0,1.0,0.0,1.0,2.0,0.0,0.0,0.0,0.0,3.0,13.0,7.0,1.0,6.0,0.0,18.0,5.0,0.0,17.0,19.0,31.0,18.0,10.0,0.0,0.0,0.0,0.0,0.0,0.0,0.0,0.0,0.0,0.0,4.0,0.0,4.0,0.0,6.0,7.0,0.0,0.0,0.0,0.0,5.0,15.0,9.0,1.0,6.0,0.0,27.0,7.0,0.0,24.0,29.0,45.0,28.0,18.0
1082,1.0,1082.0,London_32,FIFO,151,453,1092.0,70.0,2.0,118233.0,0.625593428965658,714.0,1.0,0.0,1.0,1.0,0.0,1.0,277.0,208.0,106.0,15.0,88.0,10.0,20.0,2.0,4.0,2.0,75.0,147.0,229.0,40.0,0.0,0.0,0.0,0.0,0.0,0.0,0.0,0.0,0.0,0.0,0.0,0.0,0.0,0.0,0.0,0.0,0.0,0.0,0.0,0.0,0.0,0.0,0.0,0.0,0.0,0.0,0.0,0.0,0.0,0.0,0.0,0.0,0.0,0.0,0.0,0.0,0.0,0.0,0.0,0.0,0.0,0.0,0.0,0.0,0.0,0.0,0.0,0.0,0.0,0.0,0.0,1.0,0.0,0.0,0.0,0.0,0.0,0.0,0.0,0.0,0.0,0.0,0.0,0.0,0.0,0.0,0.0,0.0,0.0,0.0,0.0,0.0,0.0,0.0,0.0,0.0,0.0,0.0,0.0,0.0,0.0,0.0,0.0,0.0,0.0,1.0,0.0,0.0
1083,1.0,1083.0,London_32,FIFO,151,453,1092.0,70.0,2.0,156285.0,0.7954027941450477,798.0,86.0,1.0,85.0,159.0,9.0,150.0,1.0,208.0,105.0,15.0,88.0,11.0,20.0,2.0,4.0,2.0,75.0,147.0,229.0,40.0,0.0,0.0,0.0,0.0,0.0,0.0,0.0,0.0,0.0,0.0,0.0,0.0,0.0,0.0,0.0,0.0,0.0,0.0,0.0,0.0,0.0,0.0,0.0,0.0,0.0,0.0,0.0,0.0,0.0,0.0,0.0,0.0,0.0,1.0,0.0,1.0,0.0,0.0,0.0,0.0,2.0,7.0,1.0,3.0,1.0,1.0,10.0,11.0,6.0,13.0,22.0,23.0,19.0,7.0,0.0,0.0,0.0,0.0,0.0,0.0,0.0,0.0,0.0,0.0,0.0,0.0,0.0,8.0,0.0,5.0,0.0,0.0,0.0,0.0,2.0,12.0,1.0,6.0,1.0,2.0,16.0,14.0,7.0,21.0,37.0,33.0,24.0,11.0
1084,1.0,1084.0,London_32,FIFO,151,453,1092.0,70.0,2.0,159003.0,1.0509873158298433,804.0,159.0,2.0,157.0,287.0,18.0,269.0,159.0,206.0,128.0,14.0,74.0,12.0,15.0,0.0,4.0,7.0,76.0,140.0,230.0,57.0,0.0,0.0,0.0,0.0,0.0,0.0,0.0,0.0,0.0,0.0,0.0,0.0,0.0,0.0,0.0,0.0,0.0,0.0,0.0,0.0,0.0,0.0,0.0,0.0,0.0,0.0,0.0,0.0,0.0,0.0,0.0,0.0,0.0,0.0,0.0,0.0,0.0,0.0,0.0,0.0,2.0,4.0,0.0,5.0,3.0,1.0,14.0,8.0,4.0,11.0,32.0,36.0,24.0,8.0,0.0,0.0,0.0,0.0,0.0,0.0,0.0,0.0,0.0,0.0,0.0,0.0,0.0,0.0,0.0,0.0,0.0,0.0,0.0,0.0,2.0,5.0,0.0,10.0,3.0,1.0,19.0,11.0,4.0,12.0,47.0,60.0,37.0,11.0
1085,1.0,1085.0,London_32,FIFO,151,453,1092.0,70.0,2.0,117780.0,0.6868817578069866,713.0,75.0,0.0,75.0,132.0,0.0,132.0,287.0,215.0,96.0,21.0,81.0,7.0,23.0,2.0,8.0,6.0,86.0,134.0,227.0,34.0,0.0,0.0,0.0,0.0,0.0,0.0,0.0,0.0,0.0,0.0,0.0,0.0,0.0,0.0,0.0,0.0,0.0,0.0,0.0,0.0,0.0,0.0,0.0,0.0,0.0,0.0,0.0,0.0,0.0,0.0,0.0,0.0,0.0,0.0,0.0,0.0,0.0,0.0,0.0,0.0,3.0,1.0,0.0,2.0,0.0,0.0,12.0,7.0,2.0,4.0,14.0,18.0,17.0,7.0,0.0,0.0,0.0,0.0,0.0,0.0,0.0,0.0,0.0,0.0,0.0,0.0,0.0,0.0,0.0,0.0,0.0,0.0,0.0,0.0,5.0,1.0,0.0,3.0,0.0,0.0,17.0,9.0,2.0,8.0,22.0,24.0,21.0,8.0
1086,1.0,1086.0,London_32,FIFO,151,453,1092.0,70.0,2.0,118233.0,0.7709016986191273,714.0,38.0,1.0,37.0,76.0,10.0,66.0,132.0,223.0,108.0,16.0,65.0,11.0,25.0,1.0,4.0,9.0,80.0,134.0,230.0,33.0,0.0,0.0,0.0,0.0,0.0,0.0,0.0,0.0,0.0,0.0,0.0,0.0,0.0,0.0,0.0,0.0,0.0,0.0,0.0,0.0,0.0,0.0,0.0,0.0,0.0,0.0,0.0,0.0,0.0,0.0,0.0,0.0,1.0,0.0,0.0,1.0,0.0,0.0,0.0,0.0,0.0,0.0,0.0,0.0,1.0,0.0,5.0,2.0,4.0,4.0,6.0,8.0,10.0,3.0,0.0,0.0,0.0,0.0,0.0,0.0,0.0,0.0,0.0,0.0,0.0,0.0,5.0,0.0,0.0,4.0,0.0,0.0,0.0,0.0,0.0,0.0,0.0,0.0,1.0,0.0,6.0,3.0,4.0,4.0,8.0,13.0,13.0,5.0
1087,1.0,1087.0,London_32,FIFO,151,453,1092.0,70.0,2.0,132276.0,0.7227589590474963,745.0,1.0,1.0,0.0,10.0,10.0,0.0,76.0,233.0,112.0,5.0,59.0,8.0,29.0,2.0,5.0,8.0,82.0,134.0,229.0,35.0,0.0,0.0,0.0,0.0,0.0,0.0,0.0,0.0,0.0,0.0,0.0,0.0,0.0,0.0,0.0,0.0,0.0,0.0,0.0,0.0,0.0,0.0,0.0,0.0,0.0,0.0,0.0,0.0,0.0,1.0,0.0,0.0,1.0,0.0,0.0,0.0,0.0,0.0,0.0,0.0,0.0,0.0,0.0,0.0,0.0,0.0,0.0,0.0,0.0,0.0,0.0,0.0,0.0,0.0,0.0,0.0,0.0,0.0,0.0,0.0,0.0,0.0,0.0,3.0,0.0,0.0,8.0,0.0,0.0,0.0,0.0,0.0,0.0,0.0,0.0,0.0,0.0,0.0,0.0,0.0,0.0,0.0,0.0,0.0,0.0,0.0,0.0,0.0
1088,1.0,1088.0,London_32,FIFO,151,453,1092.0,70.0,2.0,183012.0,0.9760748888365924,857.0,43.0,0.0,43.0,73.0,0.0,73.0,10.0,236.0,117.0,5.0,61.0,5.0,22.0,2.0,5.0,6.0,81.0,133.0,233.0,28.0,0.0,0.0,0.0,0.0,0.0,0.0,0.0,0.0,0.0,0.0,0.0,0.0,0.0,0.0,0.0,0.0,0.0,0.0,0.0,0.0,0.0,0.0,0.0,0.0,0.0,0.0,0.0,0.0,0.0,0.0,0.0,0.0,0.0,0.0,0.0,0.0,0.0,0.0,0.0,0.0,4.0,1.0,0.0,0.0,0.0,0.0,3.0,3.0,6.0,4.0,6.0,8.0,17.0,4.0,0.0,0.0,0.0,0.0,0.0,0.0,0.0,0.0,0.0,0.0,0.0,0.0,0.0,0.0,0.0,0.0,0.0,0.0,0.0,0.0,5.0,1.0,0.0,0.0,0.0,0.0,3.0,3.0,10.0,5.0,8.0,14.0,21.0,7.0
1089,1.0,1089.0,London_32,FIFO,151,453,1092.0,70.0,2.0,216534.0,1.4130713301710784,931.0,174.0,0.0,174.0,300.0,0.0,300.0,73.0,234.0,114.0,7.0,60.0,7.0,24.0,3.0,4.0,5.0,83.0,124.0,241.0,31.0,0.0,0.0,0.0,0.0,0.0,0.0,0.0,0.0,0.0,0.0,0.0,0.0,0.0,0.0,0.0,0.0,0.0,0.0,0.0,0.0,0.0,0.0,0.0,0.0,0.0,0.0,0.0,0.0,0.0,0.0,0.0,0.0,0.0,0.0,0.0,0.0,0.0,0.0,0.0,0.0,1.0,10.0,2.0,1.0,15.0,1.0,23.0,7.0,15.0,6.0,34.0,35.0,16.0,5.0,0.0,0.0,0.0,0.0,0.0,0.0,0.0,0.0,0.0,0.0,0.0,0.0,0.0,0.0,0.0,0.0,0.0,0.0,0.0,0.0,1.0,14.0,2.0,2.0,17.0,1.0,27.0,13.0,20.0,9.0,53.0,46.0,17.0,6.0
1090,1.0,1090.0,London_32,FIFO,151,453,1092.0,70.0,2.0,176670.0,0.8430108460597694,843.0,112.0,2.0,110.0,211.0,19.0,192.0,300.0,202.0,112.0,25.0,79.0,8.0,22.0,1.0,4.0,4.0,72.0,151.0,226.0,27.0,0.0,0.0,0.0,0.0,0.0,0.0,0.0,0.0,0.0,0.0,0.0,0.0,0.0,0.0,0.0,0.0,0.0,0.0,0.0,0.0,0.0,0.0,0.0,0.0,0.0,0.0,0.0,0.0,0.0,1.0,0.0,0.0,0.0,1.0,0.0,1.0,0.0,0.0,0.0,0.0,10.0,7.0,2.0,8.0,0.0,0.0,8.0,10.0,6.0,11.0,18.0,34.0,24.0,8.0,0.0,0.0,0.0,0.0,0.0,0.0,0.0,0.0,0.0,1.0,0.0,0.0,0.0,9.0,0.0,5.0,0.0,0.0,0.0,0.0,14.0,13.0,3.0,13.0,0.0,0.0,9.0,17.0,8.0,16.0,26.0,47.0,33.0,13.0
1091,1.0,1091.0,London_32,FIFO,151,453,1092.0,70.0,2.0,164892.0,1.1209286260418594,817.0,134.0,2.0,132.0,254.0,17.0,237.0,211.0,203.0,111.0,16.0,84.0,5.0,29.0,1.0,4.0,9.0,79.0,147.0,218.0,50.0,0.0,0.0,0.0,0.0,0.0,0.0,0.0,0.0,0.0,0.0,0.0,0.0,0.0,0.0,0.0,0.0,0.0,0.0,0.0,0.0,0.0,0.0,0.0,0.0,0.0,0.0,0.0,0.0,0.0,0.0,0.0,0.0,2.0,0.0,0.0,2.0,0.0,0.0,0.0,0.0,2.0,0.0,1.0,2.0,2.0,0.0,11.0,9.0,20.0,14.0,26.0,34.0,22.0,11.0,0.0,0.0,0.0,0.0,0.0,0.0,0.0,0.0,0.0,0.0,0.0,0.0,4.0,0.0,0.0,9.0,0.0,0.0,0.0,0.0,2.0,0.0,1.0,2.0,2.0,0.0,15.0,16.0,26.0,23.0,39.0,49.0,25.0,19.0
1092,1.0,1092.0,London_32,FIFO,151,453,1092.0,70.0,2.0,145866.0,0.8730796789750457,775.0,73.0,0.0,73.0,128.0,0.0,128.0,254.0,221.0,108.0,25.0,76.0,4.0,14.0,1.0,4.0,2.0,89.0,137.0,225.0,27.0,0.0,0.0,0.0,0.0,0.0,0.0,0.0,0.0,0.0,0.0,0.0,0.0,0.0,0.0,0.0,0.0,0.0,0.0,0.0,0.0,0.0,0.0,0.0,0.0,0.0,0.0,0.0,0.0,0.0,0.0,0.0,0.0,0.0,0.0,0.0,0.0,0.0,0.0,0.0,0.0,3.0,3.0,2.0,2.0,0.0,0.0,15.0,5.0,3.0,9.0,8.0,17.0,19.0,9.0,0.0,0.0,0.0,0.0,0.0,0.0,0.0,0.0,0.0,0.0,0.0,0.0,0.0,0.0,0.0,0.0,0.0,0.0,0.0,0.0,3.0,3.0,2.0,3.0,0.0,0.0,17.0,8.0,4.0,15.0,13.0,22.0,23.0,14.0
1093,1.0,1093.0,London_32,FIFO,151,453,1092.0,70.0,2.0,151755.0,1.1590637401677668,788.0,39.0,2.0,37.0,87.0,18.0,69.0,128.0,227.0,111.0,28.0,63.0,5.0,16.0,0.0,3.0,3.0,92.0,135.0,223.0,32.0,0.0,0.0,0.0,0.0,0.0,0.0,0.0,0.0,0.0,0.0,0.0,0.0,0.0,0.0,0.0,0.0,0.0,0.0,0.0,0.0,0.0,0.0,0.0,0.0,0.0,0.0,0.0,0.0,0.0,0.0,0.0,0.0,1.0,1.0,0.0,1.0,0.0,0.0,0.0,0.0,1.0,1.0,2.0,0.0,0.0,0.0,6.0,3.0,0.0,2.0,8.0,9.0,10.0,3.0,0.0,0.0,0.0,0.0,0.0,0.0,0.0,0.0,0.0,0.0,0.0,0.0,3.0,5.0,0.0,2.0,0.0,0.0,0.0,0.0,3.0,1.0,3.0,0.0,0.0,0.0,10.0,3.0,0.0,3.0,15.0,13.0,14.0,5.0
1094,1.0,1094.0,London_32,FIFO,151,453,1092.0,70.0,2.0,178029.0,1.1773705892264843,846.0,122.0,0.0,122.0,211.0,0.0,211.0,87.0,227.0,122.0,24.0,48.0,6.0,18.0,2.0,6.0,3.0,82.0,152.0,216.0,32.0,0.0,0.0,0.0,0.0,0.0,0.0,0.0,0.0,0.0,0.0,0.0,0.0,0.0,0.0,0.0,0.0,0.0,0.0,0.0,0.0,0.0,0.0,0.0,0.0,0.0,0.0,0.0,0.0,0.0,0.0,0.0,0.0,0.0,0.0,0.0,0.0,0.0,0.0,0.0,0.0,5.0,3.0,1.0,2.0,0.0,1.0,11.0,8.0,19.0,9.0,17.0,37.0,17.0,10.0,0.0,0.0,0.0,0.0,0.0,0.0,0.0,0.0,0.0,0.0,0.0,0.0,0.0,0.0,0.0,0.0,0.0,0.0,0.0,0.0,6.0,5.0,1.0,2.0,0.0,2.0,12.0,11.0,25.0,13.0,25.0,51.0,22.0,14.0
1095,1.0,1095.0,London_32,FIFO,151,453,1092.0,70.0,2.0,158550.0,0.8913882821798325,803.0,149.0,2.0,147.0,273.0,17.0,256.0,211.0,244.0,98.0,14.0,71.0,6.0,14.0,0.0,6.0,5.0,63.0,164.0,221.0,34.0,0.0,0.0,0.0,0.0,0.0,0.0,0.0,0.0,0.0,0.0,0.0,0.0,0.0,0.0,0.0,0.0,0.0,0.0,0.0,0.0,0.0,0.0,0.0,0.0,0.0,0.0,0.0,0.0,0.0,0.0,0.0,0.0,0.0,0.0,0.0,1.0,1.0,0.0,0.0,0.0,1.0,6.0,0.0,3.0,0.0,0.0,15.0,4.0,9.0,6.0,34.0,32.0,24.0,7.0,0.0,0.0,0.0,0.0,0.0,0.0,0.0,0.0,0.0,0.0,0.0,0.0,0.0,0.0,0.0,4.0,7.0,0.0,0.0,0.0,1.0,6.0,0.0,5.0,0.0,0.0,20.0,5.0,13.0,8.0,48.0,45.0,30.0,13.0
1096,1.0,1096.0,London_32,FIFO,151,453,1092.0,70.0,2.0,119592.0,0.589610300026834,717.0,0.0,0.0,0.0,0.0,0.0,0.0,273.0,213.0,106.0,13.0,81.0,14.0,17.0,3.0,6.0,4.0,68.0,164.0,217.0,37.0,0.0,0.0,0.0,0.0,0.0,0.0,0.0,0.0,0.0,0.0,0.0,0.0,0.0,0.0,0.0,0.0,0.0,0.0,0.0,0.0,0.0,0.0,0.0,0.0,0.0,0.0,0.0,0.0,0.0,0.0,0.0,0.0,0.0,0.0,0.0,0.0,0.0,0.0,0.0,0.0,0.0,0.0,0.0,0.0,0.0,0.0,0.0,0.0,0.0,0.0,0.0,0.0,0.0,0.0,0.0,0.0,0.0,0.0,0.0,0.0,0.0,0.0,0.0,0.0,0.0,0.0,0.0,0.0,0.0,0.0,0.0,0.0,0.0,0.0,0.0,0.0,0.0,0.0,0.0,0.0,0.0,0.0,0.0,0.0,0.0,0.0,0.0,0.0
1097,1.0,1097.0,London_32,FIFO,151,453,1092.0,70.0,2.0,151302.0,0.8033519838936627,787.0,68.0,1.0,67.0,122.0,8.0,114.0,0.0,213.0,106.0,13.0,81.0,14.0,17.0,3.0,6.0,4.0,68.0,164.0,217.0,37.0,0.0,0.0,0.0,0.0,0.0,0.0,0.0,0.0,0.0,0.0,0.0,0.0,0.0,0.0,0.0,0.0,0.0,0.0,0.0,0.0,0.0,0.0,0.0,0.0,0.0,0.0,0.0,0.0,0.0,0.0,0.0,0.0,1.0,0.0,0.0,1.0,0.0,0.0,0.0,0.0,3.0,0.0,0.0,2.0,0.0,0.0,2.0,6.0,4.0,14.0,11.0,14.0,9.0,7.0,0.0,0.0,0.0,0.0,0.0,0.0,0.0,0.0,0.0,0.0,0.0,0.0,7.0,0.0,0.0,3.0,0.0,0.0,0.0,0.0,5.0,0.0,0.0,4.0,0.0,0.0,4.0,7.0,5.0,18.0,20.0,20.0,12.0,9.0
1098,1.0,1098.0,London_32,FIFO,151,453,1092.0,70.0,2.0,157191.0,0.9251661160960793,800.0,126.0,2.0,124.0,240.0,18.0,222.0,122.0,223.0,109.0,15.0,78.0,11.0,6.0,4.0,7.0,5.0,71.0,169.0,208.0,39.0,0.0,0.0,0.0,0.0,0.0,0.0,0.0,0.0,0.0,0.0,0.0,0.0,0.0,0.0,0.0,0.0,0.0,0.0,0.0,0.0,0.0,0.0,0.0,0.0,0.0,0.0,0.0,0.0,0.0,0.0,0.0,0.0,0.0,0.0,1.0,2.0,0.0,0.0,0.0,0.0,3.0,0.0,1.0,1.0,13.0,0.0,5.0,13.0,6.0,8.0,29.0,27.0,17.0,7.0,0.0,0.0,0.0,0.0,0.0,0.0,0.0,0.0,0.0,0.0,0.0,0.0,0.0,0.0,4.0,4.0,0.0,0.0,0.0,0.0,3.0,0.0,1.0,1.0,13.0,0.0,5.0,17.0,6.0,10.0,43.0,35.0,21.0,12.0
1099,1.0,1099.0,London_32,FIFO,151,453,1092.0,70.0,2.0,143148.0,0.8389497487805784,769.0,142.0,1.0,141.0,244.0,11.0,233.0,240.0,234.0,102.0,10.0,83.0,3.0,15.0,0.0,6.0,5.0,73.0,152.0,223.0,39.0,0.0,0.0,0.0,0.0,0.0,0.0,0.0,0.0,0.0,0.0,0.0,0.0,0.0,0.0,0.0,0.0,0.0,0.0,0.0,0.0,0.0,0.0,0.0,0.0,0.0,0.0,0.0,0.0,0.0,0.0,0.0,0.0,1.0,0.0,0.0,1.0,0.0,0.0,0.0,0.0,8.0,5.0,2.0,2.0,0.0,0.0,9.0,11.0,3.0,19.0,29.0,31.0,29.0,19.0,0.0,0.0,0.0,0.0,0.0,0.0,0.0,0.0,0.0,0.0,0.0,0.0,3.0,0.0,0.0,4.0,0.0,0.0,0.0,0.0,8.0,6.0,2.0,3.0,0.0,0.0,12.0,13.0,5.0,22.0,50.0,44.0,42.0,28.0
1100,1.0,1100.0,London_32,FIFO,151,453,1092.0,70.0,2.0,105549.0,0.6418932569213212,686.0,39.0,0.0,39.0,67.0,0.0,67.0,244.0,233.0,94.0,20.0,76.0,4.0,18.0,3.0,5.0,3.0,83.0,161.0,206.0,36.0,0.0,0.0,0.0,0.0,0.0,0.0,0.0,0.0,0.0,0.0,0.0,0.0,0.0,0.0,0.0,0.0,0.0,0.0,0.0,0.0,0.0,0.0,0.0,0.0,0.0,0.0,0.0,0.0,0.0,0.0,0.0,0.0,0.0,0.0,0.0,0.0,0.0,0.0,0.0,0.0,1.0,0.0,0.0,1.0,0.0,0.0,4.0,6.0,2.0,4.0,7.0,8.0,12.0,4.0,0.0,0.0,0.0,0.0,0.0,0.0,0.0,0.0,0.0,0.0,0.0,0.0,0.0,0.0,0.0,0.0,0.0,0.0,0.0,0.0,1.0,0.0,0.0,3.0,0.0,0.0,6.0,10.0,4.0,4.0,13.0,15.0,14.0,5.0
1101,1.0,1101.0,London_32,FIFO,151,453,1092.0,70.0,2.0,126840.0,0.8596882298588753,733.0,32.0,2.0,30.0,71.0,18.0,53.0,67.0,239.0,89.0,17.0,74.0,4.0,23.0,4.0,3.0,3.0,81.0,170.0,199.0,38.0,0.0,0.0,0.0,0.0,0.0,0.0,0.0,0.0,0.0,0.0,0.0,0.0,0.0,0.0,0.0,0.0,0.0,0.0,0.0,0.0,0.0,0.0,0.0,0.0,0.0,0.0,0.0,0.0,0.0,1.0,0.0,0.0,0.0,0.0,0.0,2.0,0.0,0.0,0.0,0.0,0.0,2.0,0.0,1.0,1.0,0.0,1.0,5.0,1.0,6.0,6.0,5.0,6.0,2.0,0.0,0.0,0.0,0.0,0.0,0.0,0.0,0.0,0.0,4.0,0.0,0.0,0.0,0.0,0.0,13.0,0.0,0.0,0.0,0.0,0.0,3.0,0.0,1.0,1.0,0.0,1.0,9.0,1.0,7.0,11.0,6.0,9.0,4.0
1102,1.0,1102.0,London_32,FIFO,151,453,1092.0,70.0,2.0,149037.0,1.014812694862485,782.0,79.0,1.0,78.0,151.0,10.0,141.0,71.0,233.0,96.0,24.0,73.0,6.0,17.0,2.0,2.0,4.0,77.0,169.0,203.0,42.0,0.0,0.0,0.0,0.0,0.0,0.0,0.0,0.0,0.0,0.0,0.0,0.0,0.0,0.0,0.0,0.0,0.0,0.0,0.0,0.0,0.0,0.0,0.0,0.0,0.0,0.0,0.0,0.0,0.0,1.0,0.0,0.0,0.0,0.0,0.0,1.0,0.0,0.0,0.0,0.0,7.0,3.0,1.0,0.0,0.0,0.0,4.0,5.0,3.0,6.0,21.0,17.0,21.0,7.0,0.0,0.0,0.0,0.0,0.0,0.0,0.0,0.0,0.0,3.0,0.0,0.0,0.0,0.0,0.0,2.0,0.0,0.0,0.0,0.0,10.0,3.0,1.0,0.0,0.0,0.0,5.0,7.0,3.0,6.0,33.0,21.0,25.0,9.0
1103,1.0,1103.0,London_32,FIFO,151,453,1092.0,70.0,2.0,151302.0,1.160770802758634,787.0,37.0,2.0,35.0,79.0,16.0,63.0,151.0,251.0,80.0,33.0,64.0,6.0,14.0,3.0,2.0,4.0,75.0,170.0,204.0,39.0,0.0,0.0,0.0,0.0,0.0,0.0,0.0,0.0,0.0,0.0,0.0,0.0,0.0,0.0,0.0,0.0,0.0,0.0,0.0,0.0,0.0,0.0,0.0,0.0,0.0,0.0,0.0,0.0,0.0,1.0,0.0,0.0,1.0,0.0,0.0,2.0,0.0,0.0,0.0,0.0,1.0,3.0,0.0,0.0,0.0,0.0,5.0,4.0,1.0,2.0,7.0,8.0,12.0,2.0,0.0,0.0,0.0,0.0,0.0,0.0,0.0,0.0,0.0,3.0,0.0,0.0,3.0,0.0,0.0,8.0,0.0,0.0,0.0,0.0,1.0,6.0,0.0,0.0,0.0,0.0,5.0,4.0,1.0,3.0,13.0,11.0,16.0,3.0
1104,1.0,1104.0,London_32,FIFO,151,453,1092.0,70.0,2.0,175764.0,1.0790442856959999,841.0,123.0,0.0,123.0,215.0,0.0,215.0,79.0,262.0,80.0,34.0,57.0,6.0,10.0,2.0,2.0,2.0,76.0,163.0,212.0,25.0,0.0,0.0,0.0,0.0,0.0,0.0,0.0,0.0,0.0,0.0,0.0,0.0,0.0,0.0,0.0,0.0,0.0,0.0,0.0,0.0,0.0,0.0,0.0,0.0,0.0,0.0,0.0,0.0,0.0,0.0,0.0,0.0,0.0,0.0,0.0,0.0,0.0,0.0,0.0,0.0,2.0,12.0,0.0,2.0,9.0,0.0,7.0,8.0,17.0,11.0,22.0,24.0,17.0,17.0,0.0,0.0,0.0,0.0,0.0,0.0,0.0,0.0,0.0,0.0,0.0,0.0,0.0,0.0,0.0,0.0,0.0,0.0,0.0,0.0,2.0,14.0,0.0,3.0,9.0,0.0,9.0,12.0,21.0,14.0,34.0,37.0,23.0,27.0
1105,1.0,1105.0,London_32,FIFO,151,453,1092.0,70.0,2.0,151302.0,1.1585847097449005,787.0,130.0,0.0,130.0,227.0,0.0,227.0,215.0,266.0,77.0,13.0,72.0,4.0,18.0,0.0,3.0,5.0,69.0,167.0,212.0,29.0,0.0,0.0,0.0,0.0,0.0,0.0,0.0,0.0,0.0,0.0,0.0,0.0,0.0,0.0,0.0,0.0,0.0,0.0,0.0,0.0,0.0,0.0,0.0,0.0,0.0,0.0,0.0,0.0,0.0,0.0,0.0,0.0,0.0,0.0,0.0,0.0,0.0,0.0,0.0,0.0,2.0,17.0,1.0,2.0,1.0,0.0,6.0,7.0,6.0,10.0,22.0,30.0,21.0,11.0,0.0,0.0,0.0,0.0,0.0,0.0,0.0,0.0,0.0,0.0,0.0,0.0,0.0,0.0,0.0,0.0,0.0,0.0,0.0,0.0,2.0,27.0,1.0,3.0,1.0,0.0,7.0,10.0,10.0,14.0,33.0,37.0,31.0,14.0
1106,1.0,1106.0,London_32,FIFO,151,453,1092.0,70.0,2.0,130464.0,0.839247060008347,741.0,38.0,2.0,36.0,87.0,18.0,69.0,227.0,247.0,92.0,9.0,79.0,2.0,20.0,1.0,3.0,8.0,61.0,158.0,226.0,34.0,0.0,0.0,0.0,0.0,0.0,0.0,0.0,0.0,0.0,0.0,0.0,0.0,0.0,0.0,0.0,0.0,0.0,0.0,0.0,0.0,0.0,0.0,0.0,0.0,0.0,0.0,0.0,0.0,0.0,0.0,0.0,0.0,0.0,0.0,2.0,2.0,0.0,0.0,0.0,0.0,2.0,2.0,0.0,2.0,0.0,0.0,3.0,7.0,1.0,10.0,5.0,10.0,13.0,4.0,0.0,0.0,0.0,0.0,0.0,0.0,0.0,0.0,0.0,0.0,0.0,0.0,0.0,0.0,14.0,6.0,0.0,0.0,0.0,0.0,3.0,3.0,0.0,4.0,0.0,0.0,4.0,12.0,1.0,15.0,9.0,20.0,22.0,7.0
1107,1.0,1107.0,London_32,FIFO,151,453,1092.0,70.0,2.0,146772.0,1.0350554431788623,777.0,83.0,0.0,83.0,147.0,0.0,147.0,87.0,256.0,83.0,2.0,69.0,3.0,32.0,2.0,6.0,3.0,57.0,170.0,223.0,31.0,0.0,0.0,0.0,0.0,0.0,0.0,0.0,0.0,0.0,0.0,0.0,0.0,0.0,0.0,0.0,0.0,0.0,0.0,0.0,0.0,0.0,0.0,0.0,0.0,0.0,0.0,0.0,0.0,0.0,0.0,0.0,0.0,0.0,0.0,0.0,0.0,0.0,0.0,0.0,0.0,0.0,3.0,0.0,3.0,0.0,0.0,4.0,9.0,4.0,9.0,16.0,25.0,13.0,6.0,0.0,0.0,0.0,0.0,0.0,0.0,0.0,0.0,0.0,0.0,0.0,0.0,0.0,0.0,0.0,0.0,0.0,0.0,0.0,0.0,0.0,3.0,0.0,4.0,0.0,0.0,7.0,11.0,4.0,14.0,24.0,39.0,18.0,9.0
1108,1.0,1108.0,London_32,FIFO,151,453,1092.0,70.0,2.0,153567.0,1.1629961701110005,792.0,144.0,0.0,144.0,250.0,0.0,250.0,147.0,260.0,81.0,10.0,57.0,3.0,34.0,2.0,6.0,6.0,73.0,177.0,197.0,26.0,0.0,0.0,0.0,0.0,0.0,0.0,0.0,0.0,0.0,0.0,0.0,0.0,0.0,0.0,0.0,0.0,0.0,0.0,0.0,0.0,0.0,0.0,0.0,0.0,0.0,0.0,0.0,0.0,0.0,0.0,0.0,0.0,0.0,0.0,0.0,0.0,0.0,0.0,0.0,0.0,3.0,0.0,0.0,3.0,0.0,0.0,3.0,3.0,5.0,5.0,30.0,44.0,28.0,10.0,0.0,0.0,0.0,0.0,0.0,0.0,0.0,0.0,0.0,0.0,0.0,0.0,0.0,0.0,0.0,0.0,0.0,0.0,0.0,0.0,3.0,0.0,0.0,5.0,0.0,0.0,3.0,3.0,7.0,6.0,45.0,61.0,32.0,14.0
1109,1.0,1109.0,London_32,FIFO,151,453,1092.0,70.0,2.0,118233.0,0.7543594953604043,714.0,11.0,0.0,11.0,21.0,0.0,21.0,250.0,221.0,105.0,23.0,71.0,6.0,24.0,3.0,0.0,7.0,80.0,155.0,211.0,34.0,0.0,0.0,0.0,0.0,0.0,0.0,0.0,0.0,0.0,0.0,0.0,0.0,0.0,0.0,0.0,0.0,0.0,0.0,0.0,0.0,0.0,0.0,0.0,0.0,0.0,0.0,0.0,0.0,0.0,0.0,0.0,0.0,0.0,0.0,0.0,0.0,0.0,0.0,0.0,0.0,0.0,1.0,0.0,0.0,0.0,0.0,2.0,0.0,2.0,1.0,3.0,3.0,3.0,1.0,0.0,0.0,0.0,0.0,0.0,0.0,0.0,0.0,0.0,0.0,0.0,0.0,0.0,0.0,0.0,0.0,0.0,0.0,0.0,0.0,0.0,1.0,0.0,0.0,0.0,0.0,3.0,0.0,3.0,1.0,4.0,5.0,4.0,2.0
1110,1.0,1110.0,London_32,FIFO,151,453,1092.0,70.0,2.0,143148.0,0.794051572214812,769.0,50.0,1.0,49.0,91.0,9.0,82.0,21.0,222.0,111.0,22.0,62.0,7.0,26.0,2.0,1.0,6.0,75.0,153.0,219.0,35.0,0.0,0.0,0.0,0.0,0.0,0.0,0.0,0.0,0.0,0.0,0.0,0.0,0.0,0.0,0.0,0.0,0.0,0.0,0.0,0.0,0.0,0.0,0.0,0.0,0.0,0.0,0.0,0.0,0.0,0.0,0.0,0.0,0.0,0.0,1.0,0.0,0.0,0.0,0.0,0.0,0.0,0.0,0.0,0.0,0.0,0.0,6.0,3.0,9.0,5.0,11.0,8.0,16.0,4.0,0.0,0.0,0.0,0.0,0.0,0.0,0.0,0.0,0.0,0.0,0.0,0.0,0.0,0.0,5.0,0.0,0.0,0.0,0.0,0.0,0.0,0.0,0.0,0.0,0.0,0.0,7.0,5.0,13.0,5.0,16.0,12.0,19.0,5.0
1111,1.0,1111.0,London_32,FIFO,151,453,1092.0,70.0,2.0,152208.0,1.227435901761055,789.0,103.0,2.0,101.0,208.0,18.0,190.0,91.0,232.0,97.0,23.0,61.0,9.0,27.0,2.0,2.0,6.0,76.0,155.0,216.0,32.0,0.0,0.0,0.0,0.0,0.0,0.0,0.0,0.0,0.0,1.0,0.0,0.0,0.0,1.0,0.0,0.0,0.0,0.0,1.0,0.0,0.0,0.0,0.0,0.0,0.0,0.0,0.0,0.0,0.0,1.0,0.0,0.0,1.0,0.0,1.0,2.0,0.0,0.0,0.0,0.0,7.0,6.0,0.0,0.0,4.0,0.0,13.0,4.0,5.0,14.0,19.0,30.0,17.0,10.0,0.0,0.0,0.0,0.0,0.0,0.0,0.0,0.0,0.0,6.0,0.0,0.0,5.0,0.0,7.0,6.0,0.0,0.0,0.0,0.0,8.0,7.0,0.0,0.0,4.0,0.0,19.0,5.0,11.0,24.0,34.0,49.0,27.0,13.0
1112,1.0,1112.0,London_32,FIFO,151,453,1092.0,70.0,2.0,149490.0,0.8054678244516253,783.0,137.0,2.0,135.0,255.0,15.0,240.0,205.0,230.0,102.0,15.0,60.0,2.0,35.0,5.0,4.0,11.0,70.0,166.0,206.0,30.0,0.0,0.0,0.0,0.0,0.0,0.0,0.0,0.0,0.0,0.0,0.0,0.0,0.0,0.0,0.0,0.0,0.0,0.0,0.0,0.0,0.0,0.0,0.0,0.0,0.0,0.0,0.0,0.0,0.0,2.0,0.0,0.0,0.0,1.0,1.0,2.0,0.0,0.0,0.0,0.0,3.0,2.0,3.0,0.0,6.0,0.0,10.0,10.0,7.0,13.0,29.0,28.0,27.0,18.0,0.0,0.0,0.0,0.0,0.0,0.0,0.0,0.0,0.0,3.0,0.0,0.0,0.0,5.0,7.0,3.0,0.0,0.0,0.0,0.0,4.0,4.0,3.0,0.0,7.0,0.0,13.0,15.0,9.0,16.0,37.0,43.0,32.0,23.0
1113,1.0,1113.0,London_32,FIFO,151,453,1092.0,70.0,2.0,127746.0,0.6457482879050076,735.0,60.0,0.0,60.0,102.0,0.0,102.0,255.0,222.0,96.0,16.0,70.0,7.0,28.0,8.0,6.0,2.0,75.0,152.0,224.0,35.0,0.0,0.0,0.0,0.0,0.0,0.0,0.0,0.0,0.0,0.0,0.0,0.0,0.0,0.0,0.0,0.0,0.0,0.0,0.0,0.0,0.0,0.0,0.0,0.0,0.0,0.0,0.0,0.0,0.0,0.0,0.0,0.0,0.0,0.0,0.0,0.0,0.0,0.0,0.0,0.0,0.0,3.0,0.0,0.0,0.0,0.0,10.0,4.0,11.0,3.0,11.0,14.0,9.0,5.0,0.0,0.0,0.0,0.0,0.0,0.0,0.0,0.0,0.0,0.0,0.0,0.0,0.0,0.0,0.0,0.0,0.0,0.0,0.0,0.0,0.0,3.0,0.0,0.0,0.0,0.0,14.0,5.0,14.0,4.0,19.0,18.0,11.0,7.0
1114,1.0,1114.0,London_32,FIFO,151,453,1092.0,70.0,2.0,135447.0,0.6765615702606738,752.0,7.0,1.0,6.0,22.0,10.0,12.0,102.0,224.0,113.0,8.0,56.0,9.0,29.0,6.0,8.0,4.0,78.0,156.0,215.0,44.0,0.0,0.0,0.0,0.0,0.0,0.0,0.0,0.0,0.0,0.0,0.0,0.0,0.0,0.0,0.0,0.0,0.0,0.0,0.0,0.0,0.0,0.0,0.0,0.0,0.0,0.0,0.0,0.0,0.0,1.0,0.0,0.0,1.0,0.0,0.0,1.0,0.0,0.0,0.0,0.0,0.0,0.0,1.0,0.0,0.0,0.0,1.0,0.0,0.0,0.0,1.0,1.0,1.0,1.0,0.0,0.0,0.0,0.0,0.0,0.0,0.0,0.0,0.0,2.0,0.0,0.0,6.0,0.0,0.0,6.0,0.0,0.0,0.0,0.0,0.0,0.0,1.0,0.0,0.0,0.0,1.0,0.0,0.0,0.0,4.0,1.0,1.0,1.0
1115,1.0,1115.0,London_32,FIFO,151,453,1092.0,70.0,2.0,166704.0,0.8594618197530508,821.0,70.0,0.0,70.0,123.0,0.0,123.0,22.0,225.0,119.0,10.0,58.0,3.0,23.0,6.0,9.0,3.0,80.0,154.0,216.0,36.0,0.0,0.0,0.0,0.0,0.0,0.0,0.0,0.0,0.0,0.0,0.0,0.0,0.0,0.0,0.0,0.0,0.0,0.0,0.0,0.0,0.0,0.0,0.0,0.0,0.0,0.0,0.0,0.0,0.0,0.0,0.0,0.0,0.0,0.0,0.0,0.0,0.0,0.0,0.0,0.0,7.0,4.0,3.0,1.0,0.0,1.0,7.0,7.0,13.0,8.0,16.0,16.0,14.0,6.0,0.0,0.0,0.0,0.0,0.0,0.0,0.0,0.0,0.0,0.0,0.0,0.0,0.0,0.0,0.0,0.0,0.0,0.0,0.0,0.0,7.0,7.0,5.0,1.0,0.0,3.0,8.0,9.0,18.0,9.0,26.0,21.0,18.0,8.0
1116,1.0,1116.0,London_32,FIFO,151,453,1092.0,70.0,2.0,176670.0,0.9768956112675369,843.0,67.0,3.0,64.0,151.0,25.0,126.0,123.0,233.0,125.0,11.0,53.0,5.0,16.0,4.0,6.0,4.0,69.0,156.0,224.0,35.0,0.0,0.0,0.0,0.0,0.0,0.0,0.0,0.0,0.0,0.0,0.0,0.0,0.0,0.0,0.0,0.0,0.0,0.0,0.0,0.0,0.0,0.0,0.0,0.0,0.0,0.0,0.0,0.0,0.0,1.0,0.0,0.0,1.0,0.0,1.0,1.0,0.0,0.0,0.0,0.0,3.0,1.0,2.0,0.0,0.0,0.0,6.0,9.0,9.0,7.0,15.0,16.0,16.0,5.0,0.0,0.0,0.0,0.0,0.0,0.0,0.0,0.0,0.0,3.0,0.0,0.0,5.0,0.0,5.0,4.0,0.0,0.0,0.0,0.0,5.0,1.0,2.0,0.0,0.0,0.0,8.0,15.0,14.0,11.0,27.0,22.0,20.0,9.0
1117,1.0,1117.0,London_32,FIFO,151,453,1092.0,70.0,2.0,195243.0,1.2978212852030993,884.0,147.0,1.0,146.0,252.0,9.0,243.0,151.0,239.0,107.0,19.0,53.0,6.0,16.0,1.0,12.0,5.0,78.0,141.0,229.0,29.0,0.0,0.0,0.0,0.0,0.0,0.0,0.0,0.0,0.0,0.0,0.0,0.0,0.0,0.0,0.0,0.0,0.0,0.0,0.0,0.0,0.0,0.0,0.0,0.0,0.0,0.0,0.0,0.0,0.0,1.0,0.0,0.0,0.0,0.0,0.0,0.0,1.0,0.0,0.0,0.0,2.0,1.0,0.0,1.0,8.0,0.0,12.0,15.0,12.0,7.0,26.0,27.0,21.0,12.0,0.0,0.0,0.0,0.0,0.0,0.0,0.0,0.0,0.0,1.0,0.0,0.0,0.0,0.0,0.0,0.0,4.0,0.0,0.0,0.0,2.0,2.0,0.0,2.0,8.0,0.0,13.0,22.0,13.0,8.0,41.0,38.0,26.0,17.0
1118,1.0,1118.0,London_32,FIFO,151,453,1092.0,70.0,2.0,156285.0,0.9768233778886497,798.0,173.0,0.0,173.0,295.0,0.0,295.0,252.0,239.0,78.0,14.0,86.0,4.0,25.0,2.0,5.0,7.0,81.0,156.0,209.0,42.0,0.0,0.0,0.0,0.0,0.0,0.0,0.0,0.0,0.0,0.0,0.0,0.0,0.0,0.0,0.0,0.0,0.0,0.0,0.0,0.0,0.0,0.0,0.0,0.0,0.0,0.0,0.0,0.0,0.0,0.0,0.0,0.0,0.0,0.0,0.0,0.0,0.0,0.0,0.0,0.0,2.0,23.0,0.0,3.0,2.0,0.0,3.0,9.0,4.0,18.0,30.0,38.0,33.0,6.0,0.0,0.0,0.0,0.0,0.0,0.0,0.0,0.0,0.0,0.0,0.0,0.0,0.0,0.0,0.0,0.0,0.0,0.0,0.0,0.0,2.0,39.0,0.0,4.0,2.0,0.0,4.0,13.0,4.0,22.0,50.0,52.0,41.0,8.0
1119,1.0,1119.0,London_32,FIFO,151,453,1092.0,70.0,2.0,117327.0,0.6845166618004441,712.0,60.0,2.0,58.0,116.0,17.0,99.0,295.0,202.0,104.0,22.0,83.0,7.0,22.0,4.0,9.0,11.0,81.0,145.0,216.0,43.0,0.0,0.0,0.0,0.0,0.0,0.0,0.0,0.0,0.0,0.0,0.0,0.0,0.0,0.0,0.0,0.0,0.0,0.0,0.0,0.0,0.0,0.0,0.0,0.0,0.0,0.0,0.0,0.0,0.0,0.0,0.0,0.0,1.0,0.0,2.0,1.0,0.0,0.0,0.0,0.0,0.0,3.0,1.0,2.0,0.0,1.0,9.0,9.0,1.0,6.0,11.0,14.0,13.0,7.0,0.0,0.0,0.0,0.0,0.0,0.0,0.0,0.0,0.0,0.0,0.0,0.0,6.0,0.0,14.0,3.0,0.0,0.0,0.0,0.0,0.0,3.0,1.0,5.0,0.0,1.0,10.0,11.0,2.0,8.0,15.0,21.0,17.0,8.0
1120,1.0,1120.0,London_32,FIFO,151,453,1092.0,70.0,2.0,123669.0,0.8883179337717593,726.0,31.0,0.0,31.0,58.0,0.0,58.0,116.0,226.0,104.0,19.0,78.0,1.0,16.0,3.0,6.0,9.0,83.0,148.0,213.0,53.0,0.0,0.0,0.0,0.0,0.0,0.0,0.0,0.0,0.0,0.0,0.0,0.0,0.0,0.0,0.0,0.0,0.0,0.0,0.0,0.0,0.0,0.0,0.0,0.0,0.0,0.0,0.0,0.0,0.0,0.0,0.0,0.0,0.0,0.0,0.0,0.0,0.0,0.0,0.0,0.0,0.0,2.0,0.0,1.0,0.0,0.0,3.0,4.0,0.0,3.0,6.0,7.0,7.0,2.0,0.0,0.0,0.0,0.0,0.0,0.0,0.0,0.0,0.0,0.0,0.0,0.0,0.0,0.0,0.0,0.0,0.0,0.0,0.0,0.0,0.0,4.0,0.0,1.0,0.0,0.0,4.0,8.0,0.0,5.0,9.0,12.0,8.0,4.0
1121,1.0,1121.0,London_32,FIFO,151,453,1092.0,70.0,2.0,155832.0,0.9285625331103802,797.0,30.0,0.0,30.0,54.0,0.0,54.0,58.0,228.0,110.0,17.0,71.0,1.0,14.0,3.0,9.0,11.0,77.0,157.0,208.0,55.0,0.0,0.0,0.0,0.0,0.0,0.0,0.0,0.0,0.0,0.0,0.0,0.0,0.0,0.0,0.0,0.0,0.0,0.0,0.0,0.0,0.0,0.0,0.0,0.0,0.0,0.0,0.0,0.0,0.0,0.0,0.0,0.0,0.0,0.0,0.0,0.0,0.0,0.0,0.0,0.0,0.0,2.0,1.0,0.0,0.0,0.0,1.0,5.0,1.0,3.0,6.0,8.0,12.0,2.0,0.0,0.0,0.0,0.0,0.0,0.0,0.0,0.0,0.0,0.0,0.0,0.0,0.0,0.0,0.0,0.0,0.0,0.0,0.0,0.0,0.0,2.0,1.0,0.0,0.0,0.0,2.0,10.0,1.0,5.0,9.0,14.0,16.0,2.0
1122,1.0,1122.0,London_32,FIFO,151,453,1092.0,70.0,2.0,190260.0,1.2527474481612444,873.0,123.0,0.0,123.0,222.0,0.0,222.0,54.0,230.0,114.0,21.0,62.0,2.0,17.0,2.0,5.0,10.0,84.0,153.0,206.0,59.0,0.0,0.0,0.0,0.0,0.0,0.0,0.0,0.0,0.0,0.0,0.0,0.0,0.0,0.0,0.0,0.0,0.0,0.0,0.0,0.0,0.0,0.0,0.0,0.0,0.0,0.0,0.0,0.0,0.0,0.0,0.0,0.0,0.0,0.0,0.0,0.0,0.0,0.0,0.0,0.0,0.0,5.0,0.0,1.0,6.0,1.0,8.0,16.0,15.0,11.0,28.0,19.0,28.0,6.0,0.0,0.0,0.0,0.0,0.0,0.0,0.0,0.0,0.0,0.0,0.0,0.0,0.0,0.0,0.0,0.0,0.0,0.0,0.0,0.0,0.0,8.0,0.0,1.0,7.0,2.0,11.0,22.0,18.0,13.0,51.0,32.0,39.0,8.0
1123,1.0,1123.0,London_32,FIFO,151,453,1092.0,70.0,2.0,173952.0,1.3469190862961113,837.0,159.0,3.0,156.0,291.0,28.0,263.0,222.0,245.0,116.0,16.0,46.0,3.0,23.0,1.0,3.0,11.0,78.0,151.0,213.0,42.0,0.0,0.0,0.0,0.0,0.0,0.0,0.0,0.0,0.0,0.0,0.0,0.0,0.0,0.0,0.0,0.0,0.0,0.0,0.0,0.0,0.0,0.0,0.0,0.0,0.0,0.0,0.0,0.0,0.0,0.0,1.0,0.0,1.0,0.0,1.0,1.0,0.0,0.0,0.0,0.0,0.0,9.0,0.0,0.0,3.0,0.0,15.0,13.0,4.0,5.0,34.0,30.0,16.0,9.0,0.0,0.0,0.0,0.0,0.0,0.0,0.0,0.0,0.0,0.0,2.0,0.0,3.0,0.0,5.0,2.0,0.0,0.0,0.0,0.0,0.0,10.0,0.0,0.0,3.0,0.0,19.0,14.0,5.0,5.0,49.0,48.0,17.0,14.0
1124,1.0,1124.0,London_32,FIFO,151,453,1092.0,70.0,2.0,140883.0,0.5557671682909131,764.0,15.0,0.0,15.0,29.0,0.0,29.0,291.0,191.0,101.0,29.0,97.0,4.0,24.0,2.0,5.0,8.0,83.0,153.0,209.0,38.0,0.0,0.0,0.0,0.0,0.0,0.0,0.0,0.0,0.0,0.0,0.0,0.0,0.0,0.0,0.0,0.0,0.0,0.0,0.0,0.0,0.0,0.0,0.0,0.0,0.0,0.0,0.0,0.0,0.0,0.0,0.0,0.0,0.0,0.0,0.0,0.0,0.0,0.0,0.0,0.0,0.0,0.0,0.0,0.0,0.0,0.0,1.0,0.0,0.0,0.0,3.0,1.0,5.0,1.0,0.0,0.0,0.0,0.0,0.0,0.0,0.0,0.0,0.0,0.0,0.0,0.0,0.0,0.0,0.0,0.0,0.0,0.0,0.0,0.0,0.0,0.0,0.0,0.0,0.0,0.0,2.0,0.0,0.0,0.0,6.0,3.0,11.0,2.0
1125,1.0,1125.0,London_32,FIFO,151,453,1092.0,70.0,2.0,176217.0,0.6960065667517483,842.0,94.0,1.0,93.0,162.0,9.0,153.0,29.0,192.0,101.0,34.0,96.0,4.0,23.0,1.0,2.0,9.0,86.0,147.0,211.0,41.0,0.0,0.0,0.0,0.0,0.0,0.0,0.0,0.0,0.0,0.0,0.0,0.0,0.0,0.0,0.0,0.0,0.0,0.0,0.0,0.0,0.0,0.0,0.0,0.0,0.0,0.0,0.0,0.0,0.0,0.0,0.0,0.0,0.0,1.0,0.0,1.0,0.0,0.0,0.0,0.0,4.0,0.0,0.0,0.0,1.0,0.0,8.0,7.0,3.0,5.0,11.0,18.0,21.0,10.0,0.0,0.0,0.0,0.0,0.0,0.0,0.0,0.0,0.0,0.0,0.0,0.0,0.0,3.0,0.0,3.0,0.0,0.0,0.0,0.0,5.0,0.0,0.0,0.0,1.0,0.0,14.0,8.0,4.0,7.0,20.0,27.0,27.0,17.0
1126,1.0,1126.0,London_32,FIFO,151,453,1092.0,70.0,2.0,171687.0,0.9321002559736371,832.0,134.0,2.0,132.0,239.0,18.0,221.0,162.0,196.0,95.0,32.0,97.0,7.0,20.0,2.0,4.0,10.0,85.0,145.0,213.0,43.0,0.0,0.0,0.0,0.0,0.0,0.0,0.0,0.0,0.0,0.0,0.0,0.0,0.0,0.0,0.0,0.0,0.0,0.0,0.0,0.0,0.0,0.0,0.0,0.0,0.0,0.0,0.0,0.0,0.0,0.0,0.0,0.0,0.0,0.0,0.0,2.0,0.0,0.0,0.0,0.0,1.0,1.0,0.0,2.0,4.0,0.0,9.0,21.0,5.0,12.0,23.0,31.0,27.0,12.0,0.0,0.0,0.0,0.0,0.0,0.0,0.0,0.0,0.0,0.0,0.0,0.0,0.0,0.0,0.0,3.0,0.0,0.0,0.0,0.0,1.0,3.0,0.0,3.0,4.0,0.0,11.0,25.0,6.0,14.0,34.0,39.0,32.0,20.0
1127,1.0,1127.0,London_32,FIFO,151,453,1092.0,70.0,2.0,144960.0,0.8956423769704998,773.0,53.0,0.0,53.0,83.0,0.0,83.0,239.0,194.0,116.0,29.0,83.0,6.0,20.0,0.0,5.0,12.0,77.0,144.0,220.0,47.0,0.0,0.0,0.0,0.0,0.0,0.0,0.0,0.0,0.0,0.0,0.0,0.0,0.0,0.0,0.0,0.0,0.0,0.0,0.0,0.0,0.0,0.0,0.0,0.0,0.0,0.0,0.0,0.0,0.0,0.0,0.0,0.0,0.0,0.0,0.0,0.0,0.0,0.0,0.0,0.0,0.0,1.0,0.0,0.0,0.0,0.0,2.0,3.0,2.0,5.0,12.0,5.0,12.0,5.0,0.0,0.0,0.0,0.0,0.0,0.0,0.0,0.0,0.0,0.0,0.0,0.0,0.0,0.0,0.0,0.0,0.0,0.0,0.0,0.0,0.0,1.0,0.0,0.0,0.0,0.0,2.0,4.0,2.0,5.0,18.0,5.0,13.0,7.0
1128,1.0,1128.0,London_32,FIFO,151,453,1092.0,70.0,2.0,164439.0,1.013166974298656,816.0,138.0,1.0,137.0,251.0,10.0,241.0,83.0,195.0,135.0,26.0,63.0,7.0,21.0,0.0,6.0,8.0,73.0,154.0,218.0,45.0,0.0,0.0,0.0,0.0,0.0,0.0,0.0,0.0,0.0,0.0,0.0,0.0,0.0,0.0,0.0,0.0,0.0,0.0,0.0,0.0,0.0,0.0,0.0,0.0,0.0,0.0,0.0,0.0,0.0,0.0,0.0,0.0,0.0,0.0,0.0,1.0,0.0,0.0,0.0,0.0,4.0,2.0,0.0,2.0,1.0,0.0,9.0,11.0,6.0,9.0,27.0,33.0,23.0,15.0,0.0,0.0,0.0,0.0,0.0,0.0,0.0,0.0,0.0,0.0,0.0,0.0,0.0,0.0,0.0,6.0,0.0,0.0,0.0,0.0,6.0,2.0,0.0,3.0,1.0,0.0,14.0,16.0,8.0,14.0,38.0,49.0,31.0,20.0
1129,1.0,1129.0,London_32,FIFO,151,453,1092.0,70.0,2.0,137259.0,0.7743957978673279,756.0,85.0,1.0,84.0,146.0,10.0,136.0,251.0,200.0,107.0,21.0,70.0,11.0,30.0,3.0,11.0,6.0,77.0,154.0,216.0,30.0,0.0,0.0,0.0,0.0,0.0,0.0,0.0,0.0,0.0,0.0,0.0,0.0,0.0,0.0,0.0,0.0,0.0,0.0,0.0,0.0,0.0,0.0,0.0,0.0,0.0,0.0,0.0,0.0,0.0,1.0,0.0,0.0,1.0,0.0,0.0,0.0,0.0,0.0,0.0,0.0,0.0,0.0,2.0,0.0,0.0,0.0,5.0,6.0,4.0,5.0,17.0,23.0,14.0,5.0,0.0,0.0,0.0,0.0,0.0,0.0,0.0,0.0,0.0,5.0,0.0,0.0,4.0,0.0,0.0,0.0,0.0,0.0,0.0,0.0,0.0,0.0,2.0,0.0,0.0,0.0,8.0,8.0,6.0,6.0,21.0,28.0,17.0,6.0
1130,1.0,1130.0,London_32,FIFO,151,453,1092.0,70.0,2.0,129558.0,0.695334596093744,739.0,19.0,0.0,19.0,34.0,0.0,34.0,146.0,199.0,106.0,25.0,69.0,7.0,38.0,1.0,8.0,7.0,75.0,159.0,212.0,41.0,0.0,0.0,0.0,0.0,0.0,0.0,0.0,0.0,0.0,0.0,0.0,0.0,0.0,0.0,0.0,0.0,0.0,0.0,0.0,0.0,0.0,0.0,0.0,0.0,0.0,0.0,0.0,0.0,0.0,0.0,0.0,0.0,0.0,0.0,0.0,0.0,0.0,0.0,0.0,0.0,1.0,1.0,0.0,1.0,0.0,0.0,1.0,2.0,1.0,2.0,3.0,6.0,5.0,2.0,0.0,0.0,0.0,0.0,0.0,0.0,0.0,0.0,0.0,0.0,0.0,0.0,0.0,0.0,0.0,0.0,0.0,0.0,0.0,0.0,1.0,1.0,0.0,1.0,0.0,0.0,2.0,4.0,1.0,2.0,5.0,8.0,5.0,2.0
1131,1.0,1131.0,London_32,FIFO,151,453,1092.0,70.0,2.0,154473.0,0.8212938099168241,794.0,90.0,0.0,90.0,154.0,0.0,154.0,34.0,201.0,115.0,24.0,58.0,9.0,37.0,1.0,8.0,8.0,72.0,161.0,212.0,48.0,0.0,0.0,0.0,0.0,0.0,0.0,0.0,0.0,0.0,0.0,0.0,0.0,0.0,0.0,0.0,0.0,0.0,0.0,0.0,0.0,0.0,0.0,0.0,0.0,0.0,0.0,0.0,0.0,0.0,0.0,0.0,0.0,0.0,0.0,0.0,0.0,0.0,0.0,0.0,0.0,7.0,3.0,1.0,3.0,0.0,0.0,9.0,2.0,2.0,7.0,14.0,24.0,12.0,7.0,0.0,0.0,0.0,0.0,0.0,0.0,0.0,0.0,0.0,0.0,0.0,0.0,0.0,0.0,0.0,0.0,0.0,0.0,0.0,0.0,11.0,4.0,1.0,5.0,0.0,0.0,10.0,2.0,2.0,10.0,22.0,38.0,16.0,12.0
1132,1.0,1132.0,London_32,FIFO,151,453,1092.0,70.0,2.0,167157.0,0.8915195469744503,822.0,86.0,2.0,84.0,172.0,19.0,153.0,154.0,207.0,110.0,26.0,52.0,11.0,35.0,2.0,10.0,8.0,80.0,156.0,209.0,51.0,0.0,0.0,0.0,0.0,0.0,0.0,0.0,0.0,0.0,0.0,0.0,0.0,0.0,0.0,0.0,0.0,0.0,0.0,0.0,0.0,0.0,0.0,0.0,0.0,0.0,0.0,0.0,0.0,0.0,2.0,0.0,0.0,1.0,1.0,0.0,2.0,0.0,0.0,0.0,0.0,2.0,1.0,2.0,4.0,0.0,0.0,2.0,6.0,7.0,6.0,11.0,25.0,15.0,12.0,0.0,0.0,0.0,0.0,0.0,0.0,0.0,0.0,0.0,7.0,0.0,0.0,4.0,10.0,0.0,8.0,0.0,0.0,0.0,0.0,3.0,1.0,2.0,5.0,0.0,0.0,3.0,8.0,12.0,9.0,15.0,41.0,19.0,21.0
1133,1.0,1133.0,London_32,FIFO,151,453,1092.0,70.0,2.0,170781.0,0.9947538920678198,830.0,118.0,2.0,116.0,215.0,17.0,198.0,172.0,214.0,128.0,20.0,59.0,3.0,20.0,3.0,6.0,8.0,72.0,146.0,227.0,38.0,0.0,0.0,0.0,0.0,0.0,0.0,0.0,0.0,0.0,0.0,0.0,0.0,0.0,0.0,0.0,0.0,0.0,0.0,0.0,0.0,0.0,0.0,0.0,0.0,0.0,0.0,0.0,0.0,0.0,2.0,0.0,0.0,2.0,0.0,0.0,2.0,0.0,0.0,0.0,0.0,3.0,1.0,1.0,2.0,0.0,0.0,8.0,9.0,10.0,7.0,25.0,26.0,17.0,9.0,0.0,0.0,0.0,0.0,0.0,0.0,0.0,0.0,0.0,5.0,0.0,0.0,10.0,0.0,0.0,3.0,0.0,0.0,0.0,0.0,3.0,1.0,1.0,4.0,0.0,0.0,9.0,10.0,13.0,8.0,36.0,37.0,23.0,12.0
1134,1.0,1134.0,London_32,FIFO,151,453,1092.0,70.0,2.0,149943.0,0.8424493088386953,784.0,84.0,0.0,84.0,153.0,0.0,153.0,215.0,233.0,108.0,10.0,67.0,7.0,15.0,5.0,8.0,10.0,84.0,148.0,211.0,25.0,0.0,0.0,0.0,0.0,0.0,0.0,0.0,0.0,0.0,0.0,0.0,0.0,0.0,0.0,0.0,0.0,0.0,0.0,0.0,0.0,0.0,0.0,0.0,0.0,0.0,0.0,0.0,0.0,0.0,0.0,0.0,0.0,0.0,0.0,0.0,0.0,0.0,0.0,0.0,0.0,3.0,7.0,1.0,2.0,0.0,0.0,3.0,4.0,5.0,9.0,15.0,17.0,9.0,13.0,0.0,0.0,0.0,0.0,0.0,0.0,0.0,0.0,0.0,0.0,0.0,0.0,0.0,0.0,0.0,0.0,0.0,0.0,0.0,0.0,4.0,8.0,1.0,3.0,0.0,0.0,5.0,9.0,7.0,12.0,24.0,24.0,11.0,18.0
1135,1.0,1135.0,London_32,FIFO,151,453,1092.0,70.0,2.0,143601.0,0.8316607936285436,770.0,62.0,2.0,60.0,133.0,18.0,115.0,153.0,230.0,128.0,16.0,46.0,6.0,21.0,5.0,1.0,8.0,71.0,146.0,228.0,30.0,0.0,0.0,0.0,0.0,0.0,0.0,0.0,0.0,0.0,0.0,0.0,0.0,0.0,0.0,0.0,0.0,0.0,0.0,0.0,0.0,0.0,0.0,0.0,0.0,0.0,0.0,0.0,0.0,0.0,0.0,0.0,0.0,1.0,1.0,0.0,1.0,0.0,0.0,0.0,0.0,2.0,1.0,0.0,0.0,0.0,0.0,10.0,5.0,2.0,5.0,7.0,20.0,9.0,5.0,0.0,0.0,0.0,0.0,0.0,0.0,0.0,0.0,0.0,0.0,0.0,0.0,1.0,6.0,0.0,2.0,0.0,0.0,0.0,0.0,2.0,1.0,0.0,0.0,0.0,0.0,17.0,8.0,4.0,6.0,11.0,30.0,14.0,6.0
1136,1.0,1136.0,London_32,FIFO,151,453,1092.0,70.0,2.0,145413.0,0.9230169891379774,774.0,49.0,0.0,49.0,87.0,0.0,87.0,133.0,222.0,123.0,18.0,55.0,10.0,21.0,2.0,2.0,7.0,75.0,148.0,223.0,27.0,0.0,0.0,0.0,0.0,0.0,0.0,0.0,0.0,0.0,0.0,0.0,0.0,0.0,0.0,0.0,0.0,0.0,0.0,0.0,0.0,0.0,0.0,0.0,0.0,0.0,0.0,0.0,0.0,0.0,0.0,0.0,0.0,0.0,0.0,0.0,0.0,0.0,0.0,0.0,0.0,3.0,1.0,0.0,3.0,0.0,0.0,3.0,2.0,5.0,3.0,10.0,8.0,12.0,5.0,0.0,0.0,0.0,0.0,0.0,0.0,0.0,0.0,0.0,0.0,0.0,0.0,0.0,0.0,0.0,0.0,0.0,0.0,0.0,0.0,3.0,1.0,0.0,5.0,0.0,0.0,3.0,2.0,7.0,5.0,15.0,15.0,15.0,9.0
1137,1.0,1137.0,London_32,FIFO,151,453,1092.0,70.0,2.0,159456.0,0.9791729487478733,805.0,113.0,2.0,111.0,204.0,17.0,187.0,87.0,235.0,120.0,19.0,48.0,9.0,20.0,0.0,2.0,7.0,76.0,149.0,221.0,29.0,0.0,0.0,0.0,0.0,0.0,0.0,0.0,0.0,0.0,0.0,0.0,0.0,0.0,0.0,0.0,0.0,0.0,0.0,0.0,0.0,0.0,0.0,0.0,0.0,0.0,0.0,0.0,0.0,0.0,0.0,0.0,0.0,0.0,0.0,0.0,1.0,1.0,0.0,0.0,0.0,4.0,2.0,4.0,1.0,3.0,1.0,6.0,15.0,9.0,13.0,22.0,35.0,21.0,10.0,0.0,0.0,0.0,0.0,0.0,0.0,0.0,0.0,0.0,0.0,0.0,0.0,0.0,0.0,0.0,3.0,7.0,0.0,0.0,0.0,4.0,2.0,4.0,1.0,4.0,1.0,9.0,21.0,12.0,19.0,34.0,49.0,24.0,15.0
1138,1.0,1138.0,London_32,FIFO,151,453,1092.0,70.0,2.0,136353.0,0.8424708428792655,754.0,145.0,0.0,145.0,253.0,0.0,253.0,204.0,247.0,95.0,19.0,68.0,9.0,11.0,2.0,2.0,6.0,70.0,156.0,221.0,18.0,0.0,0.0,0.0,0.0,0.0,0.0,0.0,0.0,0.0,0.0,0.0,0.0,0.0,0.0,0.0,0.0,0.0,0.0,0.0,0.0,0.0,0.0,0.0,0.0,0.0,0.0,0.0,0.0,0.0,0.0,0.0,0.0,0.0,0.0,0.0,0.0,0.0,0.0,0.0,0.0,2.0,0.0,0.0,2.0,4.0,2.0,12.0,4.0,1.0,33.0,22.0,38.0,16.0,4.0,0.0,0.0,0.0,0.0,0.0,0.0,0.0,0.0,0.0,0.0,0.0,0.0,0.0,0.0,0.0,0.0,0.0,0.0,0.0,0.0,3.0,0.0,0.0,2.0,4.0,4.0,13.0,5.0,2.0,41.0,33.0,54.0,18.0,7.0
1139,1.0,1139.0,London_32,FIFO,151,453,1092.0,70.0,2.0,107814.0,0.821875540073961,691.0,72.0,1.0,71.0,136.0,8.0,128.0,253.0,230.0,95.0,21.0,73.0,6.0,22.0,0.0,6.0,5.0,91.0,136.0,221.0,36.0,0.0,0.0,0.0,0.0,0.0,0.0,0.0,0.0,0.0,0.0,0.0,0.0,0.0,0.0,0.0,0.0,0.0,0.0,0.0,0.0,0.0,0.0,0.0,0.0,0.0,0.0,0.0,0.0,0.0,0.0,0.0,0.0,1.0,0.0,0.0,1.0,0.0,0.0,0.0,0.0,2.0,3.0,1.0,2.0,2.0,0.0,14.0,3.0,7.0,8.0,15.0,20.0,13.0,8.0,0.0,0.0,0.0,0.0,0.0,0.0,0.0,0.0,0.0,0.0,0.0,0.0,2.0,0.0,0.0,3.0,0.0,0.0,0.0,0.0,2.0,6.0,1.0,4.0,2.0,0.0,18.0,4.0,9.0,10.0,22.0,27.0,19.0,12.0
1140,1.0,1140.0,London_32,FIFO,151,453,1092.0,70.0,2.0,108720.0,0.8657138487324119,693.0,49.0,2.0,47.0,94.0,18.0,76.0,136.0,233.0,104.0,26.0,63.0,8.0,16.0,2.0,1.0,5.0,88.0,151.0,209.0,37.0,0.0,0.0,0.0,0.0,0.0,0.0,0.0,0.0,0.0,0.0,0.0,0.0,0.0,0.0,0.0,0.0,0.0,0.0,0.0,0.0,0.0,0.0,0.0,0.0,0.0,0.0,0.0,0.0,0.0,0.0,1.0,0.0,1.0,0.0,1.0,2.0,0.0,0.0,0.0,0.0,1.0,3.0,0.0,0.0,0.0,0.0,5.0,2.0,6.0,3.0,6.0,8.0,12.0,3.0,0.0,0.0,0.0,0.0,0.0,0.0,0.0,0.0,0.0,0.0,4.0,0.0,2.0,0.0,5.0,8.0,0.0,0.0,0.0,0.0,1.0,3.0,0.0,0.0,0.0,0.0,5.0,3.0,8.0,3.0,9.0,11.0,17.0,3.0
1141,1.0,1141.0,London_32,FIFO,151,453,1092.0,70.0,2.0,121857.0,0.8944369130767882,722.0,8.0,1.0,7.0,19.0,11.0,8.0,94.0,242.0,104.0,29.0,57.0,2.0,16.0,2.0,1.0,7.0,90.0,151.0,205.0,46.0,0.0,0.0,0.0,0.0,0.0,0.0,0.0,0.0,0.0,0.0,0.0,0.0,0.0,0.0,0.0,0.0,0.0,0.0,0.0,0.0,0.0,0.0,0.0,0.0,0.0,0.0,0.0,0.0,0.0,1.0,0.0,0.0,1.0,0.0,0.0,1.0,0.0,0.0,0.0,0.0,0.0,0.0,0.0,0.0,0.0,0.0,0.0,0.0,0.0,1.0,1.0,1.0,1.0,0.0,0.0,0.0,0.0,0.0,0.0,0.0,0.0,0.0,0.0,2.0,0.0,0.0,1.0,0.0,0.0,4.0,0.0,0.0,0.0,0.0,0.0,0.0,0.0,0.0,0.0,0.0,0.0,0.0,0.0,1.0,1.0,1.0,1.0,0.0
1142,1.0,1142.0,London_32,FIFO,151,453,1092.0,70.0,2.0,166704.0,1.2593605322763324,821.0,68.0,0.0,68.0,127.0,0.0,127.0,19.0,240.0,112.0,27.0,58.0,1.0,14.0,1.0,0.0,7.0,89.0,144.0,213.0,42.0,0.0,0.0,0.0,0.0,0.0,0.0,0.0,0.0,0.0,0.0,0.0,0.0,0.0,0.0,0.0,0.0,0.0,0.0,0.0,0.0,0.0,0.0,0.0,0.0,0.0,0.0,0.0,0.0,0.0,0.0,0.0,0.0,0.0,0.0,0.0,0.0,0.0,0.0,0.0,0.0,6.0,9.0,3.0,2.0,5.0,0.0,3.0,8.0,6.0,5.0,17.0,15.0,18.0,6.0,0.0,0.0,0.0,0.0,0.0,0.0,0.0,0.0,0.0,0.0,0.0,0.0,0.0,0.0,0.0,0.0,0.0,0.0,0.0,0.0,8.0,15.0,3.0,4.0,7.0,0.0,3.0,11.0,8.0,5.0,24.0,21.0,23.0,8.0
1143,1.0,1143.0,London_32,FIFO,151,453,1092.0,70.0,2.0,186636.0,1.1412022425793111,865.0,34.0,2.0,32.0,73.0,18.0,55.0,127.0,253.0,116.0,20.0,49.0,4.0,7.0,1.0,3.0,12.0,77.0,146.0,218.0,43.0,0.0,0.0,0.0,0.0,0.0,0.0,0.0,0.0,0.0,0.0,0.0,0.0,0.0,0.0,0.0,0.0,0.0,0.0,0.0,0.0,0.0,0.0,0.0,0.0,0.0,0.0,0.0,0.0,0.0,1.0,0.0,0.0,0.0,0.0,0.0,2.0,0.0,0.0,0.0,0.0,1.0,3.0,0.0,0.0,0.0,0.0,5.0,3.0,2.0,3.0,11.0,7.0,6.0,3.0,0.0,0.0,0.0,0.0,0.0,0.0,0.0,0.0,0.0,1.0,0.0,0.0,0.0,0.0,0.0,4.0,0.0,0.0,0.0,0.0,1.0,4.0,0.0,0.0,0.0,0.0,6.0,4.0,2.0,3.0,15.0,11.0,8.0,6.0
1144,1.0,1144.0,London_32,FIFO,151,453,1092.0,70.0,2.0,209739.0,1.1945096487179399,916.0,118.0,1.0,117.0,213.0,10.0,203.0,73.0,247.0,108.0,23.0,56.0,5.0,10.0,1.0,3.0,10.0,70.0,147.0,226.0,41.0,0.0,0.0,0.0,0.0,0.0,0.0,0.0,0.0,0.0,0.0,0.0,0.0,0.0,0.0,0.0,0.0,0.0,0.0,0.0,0.0,0.0,0.0,0.0,0.0,0.0,0.0,0.0,0.0,0.0,0.0,0.0,0.0,0.0,0.0,0.0,0.0,0.0,0.0,0.0,0.0,2.0,10.0,3.0,2.0,7.0,0.0,14.0,5.0,11.0,7.0,21.0,36.0,35.0,8.0,0.0,0.0,0.0,0.0,0.0,0.0,0.0,0.0,0.0,0.0,0.0,0.0,0.0,0.0,0.0,0.0,0.0,0.0,0.0,0.0,3.0,13.0,3.0,3.0,7.0,0.0,20.0,5.0,12.0,9.0,31.0,49.0,44.0,9.0
1145,1.0,1145.0,London_32,FIFO,151,453,1092.0,70.0,2.0,205209.0,1.1574255712330341,906.0,146.0,2.0,144.0,261.0,16.0,245.0,213.0,251.0,91.0,11.0,63.0,9.0,22.0,1.0,5.0,3.0,86.0,140.0,224.0,31.0,0.0,0.0,0.0,0.0,0.0,0.0,0.0,0.0,0.0,0.0,0.0,0.0,0.0,0.0,0.0,0.0,0.0,0.0,0.0,0.0,0.0,0.0,0.0,0.0,0.0,0.0,0.0,0.0,0.0,1.0,0.0,0.0,1.0,0.0,0.0,1.0,0.0,0.0,0.0,0.0,3.0,18.0,5.0,1.0,2.0,0.0,20.0,4.0,4.0,7.0,27.0,28.0,21.0,10.0,0.0,0.0,0.0,0.0,0.0,0.0,0.0,0.0,0.0,1.0,0.0,0.0,3.0,0.0,0.0,1.0,0.0,0.0,0.0,0.0,3.0,27.0,5.0,1.0,2.0,0.0,31.0,4.0,5.0,10.0,37.0,46.0,29.0,16.0
1146,1.0,1146.0,London_32,FIFO,151,453,1092.0,70.0,2.0,171687.0,0.9853996271267533,832.0,105.0,0.0,105.0,185.0,0.0,185.0,261.0,218.0,103.0,18.0,77.0,10.0,18.0,3.0,6.0,3.0,79.0,136.0,235.0,26.0,0.0,0.0,0.0,0.0,0.0,0.0,0.0,0.0,0.0,0.0,0.0,0.0,0.0,0.0,0.0,0.0,0.0,0.0,0.0,0.0,0.0,0.0,0.0,0.0,0.0,0.0,0.0,0.0,0.0,0.0,0.0,0.0,0.0,0.0,0.0,0.0,0.0,0.0,0.0,0.0,6.0,3.0,0.0,3.0,0.0,1.0,18.0,9.0,10.0,9.0,18.0,25.0,17.0,7.0,0.0,0.0,0.0,0.0,0.0,0.0,0.0,0.0,0.0,0.0,0.0,0.0,0.0,0.0,0.0,0.0,0.0,0.0,0.0,0.0,9.0,3.0,0.0,4.0,0.0,2.0,27.0,15.0,13.0,11.0,31.0,38.0,22.0,11.0
1147,1.0,1147.0,London_32,FIFO,151,453,1092.0,70.0,2.0,162627.0,1.2603473379276693,812.0,100.0,0.0,100.0,176.0,0.0,176.0,185.0,234.0,85.0,25.0,77.0,11.0,16.0,1.0,4.0,5.0,75.0,147.0,226.0,30.0,0.0,0.0,0.0,0.0,0.0,0.0,0.0,0.0,0.0,0.0,0.0,0.0,0.0,0.0,0.0,0.0,0.0,0.0,0.0,0.0,0.0,0.0,0.0,0.0,0.0,0.0,0.0,0.0,0.0,0.0,0.0,0.0,0.0,0.0,0.0,0.0,0.0,0.0,0.0,0.0,6.0,7.0,0.0,0.0,1.0,1.0,9.0,9.0,2.0,6.0,15.0,21.0,13.0,10.0,0.0,0.0,0.0,0.0,0.0,0.0,0.0,0.0,0.0,0.0,0.0,0.0,0.0,0.0,0.0,0.0,0.0,0.0,0.0,0.0,7.0,10.0,0.0,0.0,1.0,1.0,12.0,11.0,2.0,6.0,24.0,26.0,19.0,14.0
1148,1.0,1148.0,London_32,FIFO,151,453,1092.0,70.0,2.0,152208.0,1.1121293022297323,789.0,153.0,2.0,151.0,285.0,18.0,267.0,176.0,248.0,92.0,29.0,48.0,7.0,21.0,2.0,6.0,6.0,84.0,129.0,234.0,39.0,0.0,0.0,0.0,0.0,0.0,0.0,0.0,0.0,0.0,0.0,0.0,0.0,0.0,0.0,0.0,0.0,0.0,0.0,0.0,0.0,0.0,0.0,0.0,0.0,0.0,0.0,0.0,0.0,0.0,0.0,0.0,0.0,0.0,0.0,2.0,0.0,0.0,0.0,0.0,0.0,4.0,16.0,0.0,0.0,1.0,0.0,26.0,3.0,4.0,3.0,33.0,29.0,34.0,6.0,0.0,0.0,0.0,0.0,0.0,0.0,0.0,0.0,0.0,0.0,0.0,0.0,0.0,0.0,13.0,0.0,0.0,0.0,0.0,0.0,5.0,21.0,0.0,0.0,1.0,0.0,36.0,3.0,5.0,6.0,54.0,45.0,45.0,9.0
1149,1.0,1149.0,London_32,FIFO,151,453,1092.0,70.0,2.0,117327.0,0.8482180940918624,712.0,59.0,0.0,59.0,96.0,0.0,96.0,285.0,187.0,108.0,22.0,80.0,11.0,34.0,6.0,5.0,8.0,74.0,136.0,235.0,40.0,0.0,0.0,0.0,0.0,0.0,0.0,0.0,0.0,0.0,0.0,0.0,0.0,0.0,0.0,0.0,0.0,0.0,0.0,0.0,0.0,0.0,0.0,0.0,0.0,0.0,0.0,0.0,0.0,0.0,0.0,0.0,0.0,0.0,0.0,0.0,0.0,0.0,0.0,0.0,0.0,0.0,3.0,0.0,1.0,0.0,1.0,7.0,6.0,7.0,4.0,14.0,15.0,10.0,6.0,0.0,0.0,0.0,0.0,0.0,0.0,0.0,0.0,0.0,0.0,0.0,0.0,0.0,0.0,0.0,0.0,0.0,0.0,0.0,0.0,0.0,6.0,0.0,1.0,0.0,1.0,8.0,6.0,7.0,4.0,18.0,25.0,11.0,8.0
1150,1.0,1150.0,London_32,FIFO,151,453,1092.0,70.0,2.0,129105.0,0.7379817520268261,738.0,10.0,0.0,10.0,16.0,0.0,16.0,96.0,198.0,106.0,24.0,72.0,11.0,33.0,6.0,3.0,7.0,76.0,135.0,235.0,44.0,0.0,0.0,0.0,0.0,0.0,0.0,0.0,0.0,0.0,0.0,0.0,0.0,0.0,0.0,0.0,0.0,0.0,0.0,0.0,0.0,0.0,0.0,0.0,0.0,0.0,0.0,0.0,0.0,0.0,0.0,0.0,0.0,0.0,0.0,0.0,0.0,0.0,0.0,0.0,0.0,0.0,0.0,0.0,0.0,0.0,0.0,1.0,0.0,1.0,0.0,1.0,3.0,2.0,0.0,0.0,0.0,0.0,0.0,0.0,0.0,0.0,0.0,0.0,0.0,0.0,0.0,0.0,0.0,0.0,0.0,0.0,0.0,0.0,0.0,0.0,0.0,0.0,0.0,0.0,0.0,1.0,0.0,1.0,0.0,1.0,3.0,3.0,0.0
1151,1.0,1151.0,London_32,FIFO,151,453,1092.0,70.0,2.0,166704.0,0.997721001971513,821.0,130.0,0.0,130.0,223.0,0.0,223.0,16.0,196.0,105.0,24.0,74.0,11.0,35.0,6.0,2.0,9.0,74.0,133.0,237.0,43.0,0.0,0.0,0.0,0.0,0.0,0.0,0.0,0.0,0.0,0.0,0.0,0.0,0.0,0.0,0.0,0.0,0.0,0.0,0.0,0.0,0.0,0.0,0.0,0.0,0.0,0.0,0.0,0.0,0.0,0.0,0.0,0.0,0.0,0.0,0.0,0.0,0.0,0.0,0.0,0.0,1.0,7.0,1.0,4.0,0.0,0.0,12.0,11.0,14.0,8.0,24.0,27.0,17.0,11.0,0.0,0.0,0.0,0.0,0.0,0.0,0.0,0.0,0.0,0.0,0.0,0.0,0.0,0.0,0.0,0.0,0.0,0.0,0.0,0.0,1.0,10.0,1.0,6.0,0.0,0.0,15.0,17.0,20.0,8.0,31.0,42.0,20.0,19.0
1152,1.0,1152.0,London_32,FIFO,151,453,1092.0,70.0,2.0,141336.0,0.8208219218067825,765.0,4.0,1.0,3.0,14.0,9.0,5.0,223.0,204.0,109.0,24.0,66.0,15.0,27.0,2.0,6.0,10.0,81.0,130.0,232.0,44.0,0.0,0.0,0.0,0.0,0.0,0.0,0.0,0.0,0.0,0.0,0.0,0.0,0.0,0.0,0.0,0.0,0.0,0.0,0.0,0.0,0.0,0.0,0.0,0.0,0.0,0.0,0.0,0.0,0.0,0.0,0.0,0.0,0.0,0.0,1.0,0.0,0.0,0.0,0.0,0.0,0.0,0.0,0.0,0.0,0.0,0.0,1.0,0.0,1.0,0.0,0.0,1.0,0.0,1.0,0.0,0.0,0.0,0.0,0.0,0.0,0.0,0.0,0.0,0.0,0.0,0.0,0.0,0.0,7.0,0.0,0.0,0.0,0.0,0.0,0.0,0.0,0.0,0.0,0.0,0.0,2.0,0.0,1.0,0.0,0.0,1.0,0.0,1.0
1153,1.0,1153.0,London_32,FIFO,151,453,1092.0,70.0,2.0,187542.0,1.0255737151019275,867.0,29.0,2.0,27.0,73.0,18.0,55.0,14.0,206.0,104.0,23.0,71.0,16.0,25.0,2.0,6.0,6.0,82.0,131.0,234.0,36.0,0.0,0.0,0.0,0.0,0.0,0.0,0.0,0.0,0.0,1.0,0.0,0.0,0.0,1.0,0.0,0.0,0.0,0.0,1.0,0.0,0.0,0.0,0.0,0.0,0.0,0.0,0.0,0.0,0.0,1.0,0.0,0.0,1.0,0.0,1.0,0.0,0.0,0.0,0.0,0.0,3.0,2.0,0.0,0.0,0.0,0.0,5.0,2.0,1.0,4.0,5.0,11.0,7.0,4.0,0.0,0.0,0.0,0.0,0.0,0.0,0.0,0.0,0.0,7.0,0.0,0.0,5.0,0.0,5.0,0.0,0.0,0.0,0.0,0.0,4.0,4.0,0.0,0.0,0.0,0.0,9.0,4.0,1.0,7.0,8.0,15.0,10.0,7.0
1154,1.0,1154.0,London_32,FIFO,151,453,1092.0,70.0,2.0,221970.0,1.2134191296063364,943.0,193.0,2.0,191.0,352.0,15.0,337.0,70.0,200.0,111.0,29.0,66.0,17.0,20.0,2.0,8.0,4.0,85.0,139.0,225.0,40.0,0.0,0.0,0.0,0.0,0.0,0.0,0.0,0.0,0.0,0.0,0.0,0.0,0.0,0.0,0.0,0.0,0.0,0.0,0.0,0.0,0.0,0.0,0.0,0.0,0.0,0.0,0.0,0.0,0.0,0.0,0.0,0.0,1.0,1.0,1.0,2.0,0.0,0.0,0.0,0.0,3.0,16.0,0.0,4.0,1.0,0.0,21.0,2.0,2.0,17.0,37.0,34.0,18.0,9.0,0.0,0.0,0.0,0.0,0.0,0.0,0.0,0.0,0.0,0.0,0.0,0.0,6.0,7.0,6.0,6.0,0.0,0.0,0.0,0.0,3.0,21.0,0.0,8.0,1.0,0.0,28.0,4.0,2.0,24.0,61.0,53.0,24.0,13.0
1155,1.0,1155.0,London_32,FIFO,151,453,1092.0,70.0,2.0,172593.0,0.640415714122355,834.0,126.0,0.0,126.0,223.0,0.0,223.0,352.0,144.0,144.0,28.0,98.0,5.0,26.0,3.0,5.0,6.0,96.0,143.0,208.0,44.0,0.0,0.0,0.0,0.0,0.0,0.0,0.0,0.0,0.0,0.0,0.0,0.0,0.0,0.0,0.0,0.0,0.0,0.0,0.0,0.0,0.0,0.0,0.0,0.0,0.0,0.0,0.0,0.0,0.0,0.0,0.0,0.0,0.0,0.0,0.0,0.0,0.0,0.0,0.0,0.0,2.0,5.0,3.0,1.0,0.0,0.0,15.0,9.0,5.0,13.0,24.0,28.0,25.0,12.0,0.0,0.0,0.0,0.0,0.0,0.0,0.0,0.0,0.0,0.0,0.0,0.0,0.0,0.0,0.0,0.0,0.0,0.0,0.0,0.0,3.0,5.0,4.0,1.0,0.0,0.0,19.0,11.0,6.0,16.0,33.0,42.0,37.0,23.0
1156,1.0,1156.0,London_32,FIFO,151,453,1092.0,70.0,2.0,145866.0,0.710224277805537,775.0,70.0,1.0,69.0,126.0,10.0,116.0,223.0,155.0,143.0,35.0,83.0,5.0,22.0,2.0,8.0,5.0,100.0,147.0,201.0,51.0,0.0,0.0,0.0,0.0,0.0,0.0,0.0,0.0,0.0,0.0,0.0,0.0,0.0,0.0,0.0,0.0,0.0,0.0,0.0,0.0,0.0,0.0,0.0,0.0,0.0,0.0,0.0,0.0,0.0,1.0,0.0,0.0,1.0,0.0,0.0,1.0,0.0,0.0,0.0,0.0,0.0,1.0,1.0,2.0,0.0,0.0,4.0,6.0,0.0,13.0,18.0,14.0,14.0,5.0,0.0,0.0,0.0,0.0,0.0,0.0,0.0,0.0,0.0,1.0,0.0,0.0,2.0,0.0,0.0,2.0,0.0,0.0,0.0,0.0,0.0,2.0,1.0,2.0,0.0,0.0,6.0,7.0,0.0,19.0,28.0,19.0,17.0,7.0
1157,1.0,1157.0,London_32,FIFO,151,453,1092.0,70.0,2.0,138165.0,0.7369098197668791,758.0,54.0,0.0,54.0,103.0,0.0,103.0,126.0,162.0,125.0,37.0,86.0,1.0,32.0,0.0,10.0,7.0,97.0,140.0,209.0,66.0,0.0,0.0,0.0,0.0,0.0,0.0,0.0,0.0,0.0,0.0,0.0,0.0,0.0,0.0,0.0,0.0,0.0,0.0,0.0,0.0,0.0,0.0,0.0,0.0,0.0,0.0,0.0,0.0,0.0,0.0,0.0,0.0,0.0,0.0,0.0,0.0,0.0,0.0,0.0,0.0,2.0,1.0,2.0,0.0,0.0,0.0,7.0,4.0,0.0,13.0,12.0,11.0,8.0,6.0,0.0,0.0,0.0,0.0,0.0,0.0,0.0,0.0,0.0,0.0,0.0,0.0,0.0,0.0,0.0,0.0,0.0,0.0,0.0,0.0,3.0,1.0,2.0,0.0,0.0,0.0,7.0,9.0,0.0,22.0,16.0,15.0,11.0,10.0
1158,1.0,1158.0,London_32,FIFO,151,453,1092.0,70.0,2.0,134994.0,0.7826520628295839,751.0,125.0,3.0,122.0,229.0,25.0,204.0,103.0,162.0,138.0,37.0,77.0,3.0,24.0,0.0,12.0,9.0,86.0,148.0,210.0,67.0,0.0,0.0,0.0,0.0,0.0,0.0,0.0,0.0,0.0,0.0,0.0,0.0,0.0,0.0,0.0,0.0,0.0,0.0,0.0,0.0,0.0,0.0,0.0,0.0,0.0,0.0,0.0,0.0,0.0,0.0,0.0,0.0,0.0,0.0,1.0,1.0,0.0,0.0,0.0,0.0,3.0,2.0,1.0,1.0,10.0,0.0,10.0,13.0,4.0,12.0,24.0,30.0,19.0,9.0,0.0,0.0,0.0,0.0,0.0,0.0,0.0,0.0,0.0,0.0,0.0,0.0,0.0,0.0,5.0,4.0,0.0,0.0,0.0,0.0,3.0,4.0,1.0,2.0,11.0,0.0,15.0,16.0,5.0,17.0,37.0,45.0,27.0,14.0
1159,1.0,1159.0,London_32,FIFO,151,453,1092.0,70.0,2.0,94677.0,0.5309262410737574,662.0,121.0,1.0,120.0,204.0,9.0,195.0,229.0,167.0,158.0,32.0,66.0,10.0,15.0,0.0,5.0,5.0,90.0,144.0,214.0,43.0,0.0,0.0,0.0,0.0,0.0,0.0,0.0,0.0,0.0,0.0,0.0,0.0,0.0,0.0,0.0,0.0,0.0,0.0,0.0,0.0,0.0,0.0,0.0,0.0,0.0,0.0,0.0,0.0,0.0,0.0,0.0,0.0,0.0,0.0,0.0,0.0,1.0,0.0,0.0,0.0,3.0,6.0,2.0,3.0,12.0,0.0,12.0,6.0,1.0,7.0,23.0,26.0,20.0,6.0,0.0,0.0,0.0,0.0,0.0,0.0,0.0,0.0,0.0,0.0,0.0,0.0,0.0,0.0,0.0,0.0,9.0,0.0,0.0,0.0,3.0,7.0,2.0,4.0,12.0,0.0,16.0,7.0,2.0,8.0,29.0,35.0,27.0,7.0
1160,1.0,1160.0,London_32,FIFO,151,453,1092.0,70.0,2.0,44394.0,0.17013736814260483,551.0,50.0,0.0,50.0,83.0,0.0,83.0,204.0,193.0,148.0,12.0,59.0,10.0,23.0,1.0,7.0,4.0,95.0,137.0,217.0,42.0,0.0,0.0,0.0,0.0,0.0,0.0,0.0,0.0,0.0,0.0,0.0,0.0,0.0,0.0,0.0,0.0,0.0,0.0,0.0,0.0,0.0,0.0,0.0,0.0,0.0,0.0,0.0,0.0,0.0,0.0,0.0,0.0,0.0,0.0,0.0,0.0,0.0,0.0,0.0,0.0,6.0,3.0,0.0,1.0,0.0,0.0,9.0,1.0,4.0,1.0,8.0,13.0,16.0,3.0,0.0,0.0,0.0,0.0,0.0,0.0,0.0,0.0,0.0,0.0,0.0,0.0,0.0,0.0,0.0,0.0,0.0,0.0,0.0,0.0,8.0,3.0,0.0,1.0,0.0,0.0,11.0,1.0,5.0,1.0,15.0,21.0,21.0,4.0
1161,1.0,1161.0,London_32,FIFO,151,453,1092.0,70.0,2.0,24462.0,0.053936866112053394,507.0,48.0,2.0,46.0,92.0,17.0,75.0,83.0,206.0,143.0,14.0,50.0,12.0,24.0,1.0,3.0,7.0,92.0,136.0,218.0,46.0,0.0,0.0,0.0,0.0,0.0,0.0,0.0,0.0,0.0,0.0,0.0,0.0,0.0,0.0,0.0,0.0,0.0,0.0,0.0,0.0,0.0,0.0,0.0,0.0,0.0,0.0,0.0,0.0,0.0,1.0,0.0,0.0,1.0,0.0,2.0,1.0,0.0,0.0,0.0,0.0,4.0,1.0,2.0,1.0,0.0,0.0,7.0,5.0,3.0,13.0,8.0,9.0,14.0,4.0,0.0,0.0,0.0,0.0,0.0,0.0,0.0,0.0,0.0,3.0,0.0,0.0,4.0,0.0,12.0,3.0,0.0,0.0,0.0,0.0,6.0,1.0,3.0,2.0,0.0,0.0,12.0,7.0,4.0,16.0,11.0,13.0,16.0,5.0
