,logged,day,location,model name,avg daily demand,inventory size,test days,init days,gurobi status,nvars,calc time,ncons,num patients,num SCD patients,num Other patients,num units requested,num units requested SCD,num units requested Other,num supplied products,num O- in inventory,num O+ in inventory,num A- in inventory,num A+ in inventory,num B- in inventory,num B+ in inventory,num AB- in inventory,num AB+ in inventory,num Fya-Fyb- in inventory,num Fya+Fyb- in inventory,num Fya-Fyb+ in inventory,num Fya+Fyb+ in inventory,num R0 in inventory,num outdates,num outdates O-,num outdates O+,num outdates A-,num outdates A+,num outdates B-,num outdates B+,num outdates AB-,num outdates AB+,num shortages,num shortages O-,num shortages O+,num shortages A-,num shortages A+,num shortages B-,num shortages B+,num shortages AB-,num shortages AB+,num shortages SCD,num shortages Other,num mismatched patients SCD A,num mismatched patients SCD B,num mismatched patients SCD D,num mismatched patients SCD C,num mismatched patients SCD c,num mismatched patients SCD E,num mismatched patients SCD e,num mismatched patients SCD K,num mismatched patients SCD Fya,num mismatched patients SCD Fyb,num mismatched patients SCD Jka,num mismatched patients SCD Jkb,num mismatched patients SCD M,num mismatched patients SCD N,num mismatched patients SCD S,num mismatched patients Other A,num mismatched patients Other B,num mismatched patients Other D,num mismatched patients Other C,num mismatched patients Other c,num mismatched patients Other E,num mismatched patients Other e,num mismatched patients Other K,num mismatched patients Other Fya,num mismatched patients Other Fyb,num mismatched patients Other Jka,num mismatched patients Other Jkb,num mismatched patients Other M,num mismatched patients Other N,num mismatched patients Other S,num mismatched units SCD A,num mismatched units SCD B,num mismatched units SCD D,num mismatched units SCD C,num mismatched units SCD c,num mismatched units SCD E,num mismatched units SCD e,num mismatched units SCD K,num mismatched units SCD Fya,num mismatched units SCD Fyb,num mismatched units SCD Jka,num mismatched units SCD Jkb,num mismatched units SCD M,num mismatched units SCD N,num mismatched units SCD S,num mismatched units Other A,num mismatched units Other B,num mismatched units Other D,num mismatched units Other C,num mismatched units Other c,num mismatched units Other E,num mismatched units Other e,num mismatched units Other K,num mismatched units Other Fya,num mismatched units Other Fyb,num mismatched units Other Jka,num mismatched units Other Jkb,num mismatched units Other M,num mismatched units Other N,num mismatched units Other S
0,1.0,0.0,London_291,dim5,151,453,1092.0,70.0,2.0,130917.0,0.5674336689990014,742.0,56.0,0.0,56.0,106.0,0.0,106.0,453.0,64.0,168.0,27.0,133.0,8.0,41.0,1.0,11.0,11.0,86.0,149.0,207.0,58.0,0.0,0.0,0.0,0.0,0.0,0.0,0.0,0.0,0.0,0.0,0.0,0.0,0.0,0.0,0.0,0.0,0.0,0.0,0.0,0.0,0.0,0.0,0.0,0.0,0.0,0.0,0.0,0.0,0.0,0.0,0.0,0.0,0.0,0.0,0.0,0.0,0.0,0.0,1.0,0.0,0.0,1.0,0.0,5.0,6.0,1.0,3.0,9.0,20.0,11.0,0.0,0.0,0.0,0.0,0.0,0.0,0.0,0.0,0.0,0.0,0.0,0.0,0.0,0.0,0.0,0.0,0.0,0.0,1.0,0.0,0.0,3.0,0.0,6.0,6.0,1.0,4.0,15.0,26.0,14.0
1,1.0,1.0,London_291,dim5,151,453,1092.0,70.0,2.0,139524.0,0.5696229899767786,761.0,80.0,0.0,80.0,136.0,0.0,136.0,106.0,79.0,167.0,29.0,121.0,6.0,36.0,0.0,15.0,12.0,89.0,140.0,212.0,68.0,0.0,0.0,0.0,0.0,0.0,0.0,0.0,0.0,0.0,0.0,0.0,0.0,0.0,0.0,0.0,0.0,0.0,0.0,0.0,0.0,0.0,0.0,0.0,0.0,0.0,0.0,0.0,0.0,0.0,0.0,0.0,0.0,0.0,0.0,0.0,0.0,0.0,0.0,0.0,1.0,0.0,1.0,0.0,5.0,4.0,4.0,6.0,15.0,16.0,17.0,0.0,0.0,0.0,0.0,0.0,0.0,0.0,0.0,0.0,0.0,0.0,0.0,0.0,0.0,0.0,0.0,0.0,0.0,0.0,2.0,0.0,3.0,0.0,9.0,4.0,5.0,7.0,21.0,30.0,21.0
2,1.0,2.0,London_291,dim5,151,453,1092.0,70.0,2.0,142695.0,0.5383417699486017,768.0,2.0,2.0,0.0,18.0,18.0,0.0,136.0,66.0,167.0,32.0,115.0,7.0,45.0,4.0,17.0,12.0,94.0,139.0,208.0,80.0,0.0,0.0,0.0,0.0,0.0,0.0,0.0,0.0,0.0,0.0,0.0,0.0,0.0,0.0,0.0,0.0,0.0,0.0,0.0,0.0,0.0,0.0,0.0,0.0,0.0,0.0,0.0,0.0,0.0,0.0,0.0,1.0,1.0,0.0,1.0,0.0,0.0,0.0,0.0,0.0,0.0,0.0,0.0,0.0,0.0,0.0,0.0,0.0,0.0,0.0,0.0,0.0,0.0,0.0,0.0,0.0,0.0,0.0,0.0,0.0,0.0,4.0,8.0,0.0,2.0,0.0,0.0,0.0,0.0,0.0,0.0,0.0,0.0,0.0,0.0,0.0,0.0,0.0,0.0,0.0
3,1.0,3.0,London_291,dim5,151,453,1092.0,70.0,2.0,190260.0,0.9235494879540056,873.0,134.0,2.0,132.0,260.0,18.0,242.0,18.0,68.0,162.0,33.0,122.0,8.0,37.0,5.0,18.0,9.0,96.0,133.0,215.0,76.0,0.0,0.0,0.0,0.0,0.0,0.0,0.0,0.0,0.0,0.0,0.0,0.0,0.0,0.0,0.0,0.0,0.0,0.0,0.0,0.0,0.0,0.0,0.0,0.0,0.0,0.0,0.0,0.0,1.0,0.0,0.0,1.0,0.0,1.0,1.0,0.0,0.0,0.0,3.0,10.0,2.0,3.0,0.0,15.0,4.0,10.0,10.0,28.0,40.0,27.0,0.0,0.0,0.0,0.0,0.0,0.0,0.0,0.0,5.0,0.0,0.0,3.0,0.0,8.0,3.0,0.0,0.0,0.0,4.0,15.0,3.0,4.0,0.0,18.0,5.0,15.0,15.0,47.0,53.0,34.0
4,1.0,4.0,London_291,dim5,151,453,1092.0,70.0,2.0,165345.0,0.9202883839607239,818.0,144.0,0.0,144.0,249.0,0.0,249.0,260.0,83.0,149.0,29.0,114.0,10.0,45.0,7.0,16.0,8.0,102.0,129.0,214.0,71.0,0.0,0.0,0.0,0.0,0.0,0.0,0.0,0.0,0.0,0.0,0.0,0.0,0.0,0.0,0.0,0.0,0.0,0.0,0.0,0.0,0.0,0.0,0.0,0.0,0.0,0.0,0.0,0.0,0.0,0.0,0.0,0.0,0.0,0.0,0.0,0.0,0.0,0.0,4.0,12.0,1.0,1.0,0.0,17.0,10.0,5.0,18.0,25.0,36.0,29.0,0.0,0.0,0.0,0.0,0.0,0.0,0.0,0.0,0.0,0.0,0.0,0.0,0.0,0.0,0.0,0.0,0.0,0.0,5.0,15.0,1.0,2.0,0.0,26.0,12.0,8.0,27.0,40.0,50.0,38.0
5,1.0,5.0,London_291,dim5,151,453,1092.0,70.0,2.0,142242.0,0.8227308229543269,767.0,9.0,1.0,8.0,24.0,9.0,15.0,249.0,112.0,165.0,25.0,85.0,11.0,45.0,3.0,7.0,10.0,76.0,160.0,207.0,65.0,0.0,0.0,0.0,0.0,0.0,0.0,0.0,0.0,0.0,0.0,0.0,0.0,0.0,0.0,0.0,0.0,0.0,0.0,0.0,0.0,0.0,0.0,0.0,0.0,0.0,0.0,0.0,0.0,0.0,0.0,0.0,0.0,1.0,0.0,0.0,0.0,0.0,0.0,0.0,0.0,0.0,2.0,0.0,0.0,0.0,2.0,0.0,2.0,1.0,0.0,0.0,0.0,0.0,0.0,0.0,0.0,0.0,0.0,0.0,0.0,0.0,0.0,9.0,0.0,0.0,0.0,0.0,0.0,0.0,0.0,0.0,2.0,0.0,0.0,0.0,2.0,0.0,3.0,1.0,0.0
6,1.0,6.0,London_291,dim5,151,453,1092.0,70.0,2.0,183012.0,1.1230869658757001,857.0,148.0,1.0,147.0,263.0,12.0,251.0,24.0,108.0,163.0,27.0,86.0,12.0,46.0,3.0,8.0,8.0,76.0,161.0,208.0,67.0,0.0,0.0,0.0,0.0,0.0,0.0,0.0,0.0,0.0,0.0,0.0,0.0,0.0,0.0,0.0,0.0,0.0,0.0,0.0,0.0,0.0,0.0,0.0,0.0,0.0,0.0,0.0,0.0,0.0,0.0,0.0,0.0,0.0,0.0,1.0,0.0,0.0,0.0,5.0,7.0,0.0,5.0,8.0,15.0,12.0,11.0,14.0,28.0,33.0,22.0,0.0,0.0,0.0,0.0,0.0,0.0,0.0,0.0,0.0,0.0,0.0,0.0,0.0,0.0,1.0,0.0,0.0,0.0,5.0,11.0,0.0,8.0,8.0,18.0,20.0,16.0,21.0,43.0,42.0,30.0
7,1.0,7.0,London_291,dim5,151,453,1092.0,70.0,2.0,161268.0,0.6743049679789692,809.0,56.0,0.0,56.0,90.0,0.0,90.0,263.0,123.0,145.0,29.0,91.0,4.0,52.0,1.0,8.0,7.0,71.0,153.0,222.0,60.0,0.0,0.0,0.0,0.0,0.0,0.0,0.0,0.0,0.0,0.0,0.0,0.0,0.0,0.0,0.0,0.0,0.0,0.0,0.0,0.0,0.0,0.0,0.0,0.0,0.0,0.0,0.0,0.0,0.0,0.0,0.0,0.0,0.0,0.0,0.0,0.0,0.0,0.0,1.0,1.0,0.0,1.0,0.0,6.0,6.0,7.0,8.0,15.0,10.0,15.0,0.0,0.0,0.0,0.0,0.0,0.0,0.0,0.0,0.0,0.0,0.0,0.0,0.0,0.0,0.0,0.0,0.0,0.0,1.0,1.0,0.0,2.0,0.0,10.0,7.0,9.0,11.0,27.0,13.0,17.0
8,1.0,8.0,London_291,dim5,151,453,1092.0,70.0,2.0,171234.0,1.0141791130881757,831.0,105.0,2.0,103.0,199.0,17.0,182.0,90.0,127.0,149.0,24.0,85.0,5.0,56.0,1.0,6.0,8.0,75.0,153.0,217.0,65.0,0.0,0.0,0.0,0.0,0.0,0.0,0.0,0.0,0.0,0.0,0.0,0.0,0.0,0.0,0.0,0.0,0.0,0.0,0.0,0.0,0.0,0.0,0.0,0.0,0.0,0.0,0.0,0.0,0.0,0.0,0.0,1.0,1.0,1.0,1.0,0.0,0.0,0.0,2.0,2.0,3.0,3.0,2.0,14.0,12.0,8.0,12.0,18.0,30.0,22.0,0.0,0.0,0.0,0.0,0.0,0.0,0.0,0.0,0.0,0.0,0.0,3.0,6.0,6.0,2.0,0.0,0.0,0.0,4.0,3.0,3.0,3.0,2.0,17.0,18.0,11.0,19.0,29.0,46.0,28.0
9,1.0,9.0,London_291,dim5,151,453,1092.0,70.0,2.0,163533.0,0.7467278898693621,814.0,50.0,2.0,48.0,103.0,19.0,84.0,199.0,142.0,157.0,16.0,78.0,7.0,46.0,0.0,7.0,7.0,82.0,146.0,218.0,52.0,0.0,0.0,0.0,0.0,0.0,0.0,0.0,0.0,0.0,0.0,0.0,0.0,0.0,0.0,0.0,0.0,0.0,0.0,0.0,0.0,0.0,0.0,0.0,0.0,0.0,0.0,0.0,0.0,0.0,0.0,0.0,1.0,1.0,0.0,2.0,0.0,0.0,0.0,5.0,0.0,1.0,0.0,0.0,6.0,6.0,3.0,7.0,14.0,11.0,11.0,0.0,0.0,0.0,0.0,0.0,0.0,0.0,0.0,0.0,0.0,0.0,2.0,8.0,0.0,8.0,0.0,0.0,0.0,6.0,0.0,1.0,0.0,0.0,8.0,6.0,5.0,8.0,19.0,16.0,13.0
10,1.0,10.0,London_291,dim5,151,453,1092.0,70.0,2.0,184824.0,1.0633726168889552,861.0,108.0,0.0,108.0,191.0,0.0,191.0,103.0,142.0,143.0,15.0,86.0,7.0,52.0,0.0,8.0,6.0,75.0,141.0,231.0,32.0,0.0,0.0,0.0,0.0,0.0,0.0,0.0,0.0,0.0,0.0,0.0,0.0,0.0,0.0,0.0,0.0,0.0,0.0,0.0,0.0,0.0,0.0,0.0,0.0,0.0,0.0,0.0,0.0,0.0,0.0,0.0,0.0,0.0,0.0,0.0,0.0,0.0,0.0,6.0,1.0,2.0,0.0,0.0,8.0,7.0,3.0,5.0,22.0,30.0,16.0,0.0,0.0,0.0,0.0,0.0,0.0,0.0,0.0,0.0,0.0,0.0,0.0,0.0,0.0,0.0,0.0,0.0,0.0,7.0,1.0,3.0,0.0,0.0,8.0,10.0,3.0,7.0,35.0,41.0,22.0
11,1.0,11.0,London_291,dim5,151,453,1092.0,70.0,2.0,180747.0,1.2085517209488899,852.0,139.0,0.0,139.0,238.0,0.0,238.0,191.0,142.0,156.0,11.0,71.0,11.0,55.0,1.0,6.0,6.0,78.0,145.0,224.0,45.0,0.0,0.0,0.0,0.0,0.0,0.0,0.0,0.0,0.0,0.0,0.0,0.0,0.0,0.0,0.0,0.0,0.0,0.0,0.0,0.0,0.0,0.0,0.0,0.0,0.0,0.0,0.0,0.0,0.0,0.0,0.0,0.0,0.0,0.0,0.0,0.0,0.0,0.0,6.0,10.0,1.0,2.0,0.0,16.0,14.0,5.0,8.0,19.0,27.0,29.0,0.0,0.0,0.0,0.0,0.0,0.0,0.0,0.0,0.0,0.0,0.0,0.0,0.0,0.0,0.0,0.0,0.0,0.0,7.0,11.0,1.0,2.0,0.0,21.0,21.0,8.0,8.0,29.0,33.0,36.0
12,1.0,12.0,London_291,dim5,151,453,1092.0,70.0,2.0,147225.0,0.8990340020973235,778.0,101.0,2.0,99.0,189.0,19.0,170.0,238.0,147.0,137.0,24.0,71.0,9.0,61.0,0.0,4.0,6.0,91.0,137.0,219.0,58.0,0.0,0.0,0.0,0.0,0.0,0.0,0.0,0.0,0.0,0.0,0.0,0.0,0.0,0.0,0.0,0.0,0.0,0.0,0.0,0.0,0.0,0.0,0.0,0.0,0.0,0.0,0.0,0.0,0.0,0.0,0.0,0.0,0.0,1.0,2.0,0.0,0.0,0.0,2.0,1.0,2.0,0.0,1.0,15.0,7.0,4.0,4.0,18.0,22.0,17.0,0.0,0.0,0.0,0.0,0.0,0.0,0.0,0.0,0.0,0.0,0.0,0.0,0.0,8.0,6.0,0.0,0.0,0.0,2.0,1.0,2.0,0.0,1.0,21.0,9.0,4.0,4.0,29.0,40.0,22.0
13,1.0,13.0,London_291,dim5,151,453,1092.0,70.0,2.0,135447.0,0.8751140178646892,752.0,26.0,0.0,26.0,44.0,0.0,44.0,189.0,155.0,146.0,24.0,56.0,8.0,60.0,0.0,4.0,3.0,98.0,131.0,221.0,58.0,0.0,0.0,0.0,0.0,0.0,0.0,0.0,0.0,0.0,0.0,0.0,0.0,0.0,0.0,0.0,0.0,0.0,0.0,0.0,0.0,0.0,0.0,0.0,0.0,0.0,0.0,0.0,0.0,0.0,0.0,0.0,0.0,0.0,0.0,0.0,0.0,0.0,0.0,0.0,1.0,0.0,0.0,0.0,1.0,3.0,2.0,2.0,7.0,8.0,5.0,0.0,0.0,0.0,0.0,0.0,0.0,0.0,0.0,0.0,0.0,0.0,0.0,0.0,0.0,0.0,0.0,0.0,0.0,0.0,2.0,0.0,0.0,0.0,1.0,3.0,3.0,2.0,10.0,12.0,8.0
14,1.0,14.0,London_291,dim5,151,453,1092.0,70.0,2.0,159456.0,0.8913447689265013,805.0,28.0,1.0,27.0,60.0,9.0,51.0,44.0,158.0,158.0,25.0,43.0,8.0,59.0,0.0,2.0,5.0,94.0,133.0,221.0,63.0,0.0,0.0,0.0,0.0,0.0,0.0,0.0,0.0,0.0,0.0,0.0,0.0,0.0,0.0,0.0,0.0,0.0,0.0,0.0,0.0,0.0,0.0,0.0,0.0,0.0,0.0,0.0,0.0,0.0,0.0,0.0,0.0,0.0,0.0,1.0,0.0,0.0,0.0,1.0,0.0,1.0,0.0,0.0,3.0,4.0,2.0,0.0,8.0,5.0,7.0,0.0,0.0,0.0,0.0,0.0,0.0,0.0,0.0,0.0,0.0,0.0,0.0,0.0,0.0,1.0,0.0,0.0,0.0,1.0,0.0,1.0,0.0,0.0,4.0,6.0,3.0,0.0,12.0,8.0,11.0
15,1.0,15.0,London_291,dim5,151,453,1092.0,70.0,2.0,183465.0,1.2116778821218759,858.0,181.0,2.0,179.0,323.0,17.0,306.0,60.0,160.0,158.0,27.0,41.0,9.0,57.0,0.0,1.0,7.0,97.0,123.0,226.0,66.0,0.0,0.0,0.0,0.0,0.0,0.0,0.0,0.0,0.0,0.0,0.0,0.0,0.0,0.0,0.0,0.0,0.0,0.0,0.0,0.0,0.0,0.0,0.0,0.0,0.0,0.0,0.0,0.0,0.0,0.0,0.0,1.0,1.0,0.0,1.0,0.0,0.0,0.0,0.0,14.0,0.0,0.0,1.0,22.0,4.0,1.0,11.0,33.0,54.0,36.0,0.0,0.0,0.0,0.0,0.0,0.0,0.0,0.0,0.0,0.0,0.0,1.0,6.0,0.0,6.0,0.0,0.0,0.0,0.0,18.0,0.0,0.0,2.0,28.0,7.0,1.0,18.0,50.0,80.0,51.0
16,1.0,16.0,London_291,dim5,151,453,1092.0,70.0,2.0,128199.0,0.670164672890678,736.0,124.0,2.0,122.0,214.0,20.0,194.0,323.0,139.0,118.0,27.0,89.0,7.0,63.0,3.0,7.0,11.0,89.0,134.0,219.0,61.0,0.0,0.0,0.0,0.0,0.0,0.0,0.0,0.0,0.0,0.0,0.0,0.0,0.0,0.0,0.0,0.0,0.0,0.0,0.0,0.0,0.0,0.0,0.0,0.0,0.0,0.0,0.0,0.0,0.0,0.0,0.0,0.0,1.0,1.0,0.0,0.0,0.0,0.0,4.0,0.0,1.0,0.0,0.0,13.0,13.0,15.0,11.0,30.0,32.0,25.0,0.0,0.0,0.0,0.0,0.0,0.0,0.0,0.0,0.0,0.0,0.0,0.0,10.0,6.0,0.0,0.0,0.0,0.0,4.0,0.0,1.0,0.0,0.0,16.0,20.0,22.0,17.0,39.0,48.0,34.0
17,1.0,17.0,London_291,dim5,151,453,1092.0,70.0,2.0,101019.0,0.4977940949611366,676.0,20.0,0.0,20.0,36.0,0.0,36.0,214.0,144.0,110.0,28.0,85.0,9.0,71.0,2.0,4.0,8.0,89.0,156.0,200.0,58.0,0.0,0.0,0.0,0.0,0.0,0.0,0.0,0.0,0.0,0.0,0.0,0.0,0.0,0.0,0.0,0.0,0.0,0.0,0.0,0.0,0.0,0.0,0.0,0.0,0.0,0.0,0.0,0.0,0.0,0.0,0.0,0.0,0.0,0.0,0.0,0.0,0.0,0.0,0.0,0.0,0.0,0.0,0.0,0.0,3.0,1.0,5.0,6.0,5.0,4.0,0.0,0.0,0.0,0.0,0.0,0.0,0.0,0.0,0.0,0.0,0.0,0.0,0.0,0.0,0.0,0.0,0.0,0.0,0.0,0.0,0.0,0.0,0.0,0.0,6.0,1.0,6.0,9.0,6.0,4.0
18,1.0,18.0,London_291,dim5,151,453,1092.0,70.0,2.0,129558.0,0.6562193410936743,739.0,47.0,2.0,45.0,94.0,18.0,76.0,36.0,151.0,105.0,28.0,85.0,8.0,69.0,2.0,5.0,8.0,92.0,152.0,201.0,62.0,0.0,0.0,0.0,0.0,0.0,0.0,0.0,0.0,0.0,0.0,0.0,0.0,0.0,0.0,0.0,0.0,0.0,0.0,0.0,0.0,0.0,0.0,0.0,0.0,0.0,0.0,0.0,0.0,0.0,0.0,0.0,0.0,1.0,0.0,2.0,0.0,0.0,0.0,4.0,1.0,0.0,1.0,0.0,5.0,5.0,1.0,11.0,8.0,8.0,9.0,0.0,0.0,0.0,0.0,0.0,0.0,0.0,0.0,0.0,0.0,0.0,0.0,5.0,0.0,8.0,0.0,0.0,0.0,5.0,1.0,0.0,1.0,0.0,8.0,6.0,2.0,12.0,13.0,10.0,13.0
19,1.0,19.0,London_291,dim5,151,453,1092.0,70.0,2.0,151302.0,1.5186666909139603,787.0,153.0,0.0,153.0,264.0,0.0,264.0,94.0,158.0,116.0,20.0,79.0,4.0,68.0,3.0,5.0,2.0,97.0,146.0,208.0,62.0,0.0,0.0,0.0,0.0,0.0,0.0,0.0,0.0,0.0,0.0,0.0,0.0,0.0,0.0,0.0,0.0,0.0,0.0,0.0,0.0,0.0,0.0,0.0,0.0,0.0,0.0,0.0,0.0,0.0,0.0,0.0,0.0,0.0,0.0,0.0,0.0,0.0,0.0,1.0,2.0,0.0,4.0,3.0,7.0,7.0,4.0,22.0,40.0,35.0,24.0,0.0,0.0,0.0,0.0,0.0,0.0,0.0,0.0,0.0,0.0,0.0,0.0,0.0,0.0,0.0,0.0,0.0,0.0,1.0,2.0,0.0,7.0,4.0,7.0,7.0,5.0,30.0,66.0,51.0,33.0
20,1.0,20.0,London_291,dim5,151,453,1092.0,70.0,2.0,122310.0,0.6870628690812737,723.0,42.0,0.0,42.0,72.0,0.0,72.0,264.0,169.0,99.0,16.0,93.0,5.0,64.0,0.0,7.0,5.0,80.0,144.0,224.0,51.0,0.0,0.0,0.0,0.0,0.0,0.0,0.0,0.0,0.0,0.0,0.0,0.0,0.0,0.0,0.0,0.0,0.0,0.0,0.0,0.0,0.0,0.0,0.0,0.0,0.0,0.0,0.0,0.0,0.0,0.0,0.0,0.0,0.0,0.0,0.0,0.0,0.0,0.0,1.0,2.0,0.0,0.0,0.0,2.0,7.0,2.0,2.0,10.0,4.0,12.0,0.0,0.0,0.0,0.0,0.0,0.0,0.0,0.0,0.0,0.0,0.0,0.0,0.0,0.0,0.0,0.0,0.0,0.0,1.0,2.0,0.0,0.0,0.0,2.0,10.0,4.0,4.0,17.0,5.0,15.0
21,1.0,21.0,London_291,dim5,151,453,1092.0,70.0,2.0,143148.0,0.7315296740271151,769.0,44.0,2.0,42.0,94.0,19.0,75.0,72.0,174.0,101.0,14.0,91.0,5.0,60.0,0.0,8.0,5.0,82.0,152.0,214.0,53.0,0.0,0.0,0.0,0.0,0.0,0.0,0.0,0.0,0.0,0.0,0.0,0.0,0.0,0.0,0.0,0.0,0.0,0.0,0.0,0.0,0.0,0.0,0.0,0.0,0.0,0.0,0.0,0.0,2.0,0.0,0.0,0.0,0.0,1.0,2.0,0.0,0.0,0.0,2.0,0.0,0.0,1.0,0.0,8.0,6.0,3.0,11.0,11.0,10.0,13.0,0.0,0.0,0.0,0.0,0.0,0.0,0.0,0.0,8.0,0.0,0.0,0.0,0.0,9.0,3.0,0.0,0.0,0.0,2.0,0.0,0.0,1.0,0.0,11.0,7.0,3.0,17.0,15.0,15.0,18.0
22,1.0,22.0,London_291,dim5,151,453,1092.0,70.0,2.0,170328.0,0.9215632628183812,829.0,7.0,2.0,5.0,27.0,18.0,9.0,94.0,172.0,104.0,15.0,100.0,2.0,51.0,0.0,9.0,3.0,75.0,168.0,207.0,53.0,0.0,0.0,0.0,0.0,0.0,0.0,0.0,0.0,0.0,0.0,0.0,0.0,0.0,0.0,0.0,0.0,0.0,0.0,0.0,0.0,0.0,0.0,0.0,0.0,0.0,0.0,0.0,0.0,0.0,0.0,0.0,0.0,1.0,0.0,1.0,0.0,0.0,0.0,0.0,0.0,0.0,0.0,0.0,0.0,0.0,0.0,1.0,2.0,0.0,0.0,0.0,0.0,0.0,0.0,0.0,0.0,0.0,0.0,0.0,0.0,0.0,0.0,7.0,0.0,3.0,0.0,0.0,0.0,0.0,0.0,0.0,0.0,0.0,0.0,0.0,0.0,1.0,3.0,0.0,0.0
23,1.0,23.0,London_291,dim5,151,453,1092.0,70.0,2.0,206115.0,1.2766820511315018,908.0,112.0,0.0,112.0,204.0,0.0,204.0,27.0,170.0,111.0,16.0,95.0,2.0,52.0,0.0,7.0,1.0,82.0,154.0,216.0,41.0,0.0,0.0,0.0,0.0,0.0,0.0,0.0,0.0,0.0,0.0,0.0,0.0,0.0,0.0,0.0,0.0,0.0,0.0,0.0,0.0,0.0,0.0,0.0,0.0,0.0,0.0,0.0,0.0,0.0,0.0,0.0,0.0,0.0,0.0,0.0,0.0,0.0,0.0,4.0,5.0,1.0,4.0,4.0,14.0,7.0,12.0,17.0,25.0,30.0,24.0,0.0,0.0,0.0,0.0,0.0,0.0,0.0,0.0,0.0,0.0,0.0,0.0,0.0,0.0,0.0,0.0,0.0,0.0,4.0,7.0,1.0,5.0,4.0,18.0,8.0,15.0,22.0,42.0,42.0,33.0
24,1.0,24.0,London_291,dim5,151,453,1092.0,70.0,2.0,200679.0,1.7786773750558496,896.0,121.0,2.0,119.0,223.0,20.0,203.0,204.0,176.0,119.0,18.0,63.0,8.0,61.0,1.0,7.0,8.0,80.0,154.0,211.0,51.0,0.0,0.0,0.0,0.0,0.0,0.0,0.0,0.0,0.0,0.0,0.0,0.0,0.0,0.0,0.0,0.0,0.0,0.0,0.0,0.0,0.0,0.0,0.0,0.0,0.0,0.0,0.0,0.0,0.0,0.0,0.0,0.0,1.0,0.0,1.0,0.0,0.0,0.0,5.0,13.0,0.0,2.0,0.0,8.0,5.0,9.0,20.0,23.0,22.0,15.0,0.0,0.0,0.0,0.0,0.0,0.0,0.0,0.0,0.0,0.0,0.0,0.0,9.0,0.0,8.0,0.0,0.0,0.0,7.0,18.0,0.0,2.0,0.0,12.0,5.0,11.0,29.0,35.0,35.0,17.0
25,1.0,25.0,London_291,dim5,151,453,1092.0,70.0,2.0,181653.0,1.1057381089776754,854.0,141.0,0.0,141.0,237.0,0.0,237.0,223.0,184.0,122.0,20.0,58.0,11.0,51.0,0.0,7.0,9.0,80.0,143.0,221.0,52.0,0.0,0.0,0.0,0.0,0.0,0.0,0.0,0.0,0.0,0.0,0.0,0.0,0.0,0.0,0.0,0.0,0.0,0.0,0.0,0.0,0.0,0.0,0.0,0.0,0.0,0.0,0.0,0.0,0.0,0.0,0.0,0.0,0.0,0.0,0.0,0.0,0.0,0.0,3.0,2.0,1.0,1.0,0.0,7.0,6.0,8.0,18.0,35.0,30.0,27.0,0.0,0.0,0.0,0.0,0.0,0.0,0.0,0.0,0.0,0.0,0.0,0.0,0.0,0.0,0.0,0.0,0.0,0.0,6.0,2.0,1.0,1.0,0.0,8.0,9.0,12.0,21.0,44.0,43.0,35.0
26,1.0,26.0,London_291,dim5,151,453,1092.0,70.0,2.0,154020.0,0.9707317270804197,793.0,120.0,0.0,120.0,205.0,0.0,205.0,237.0,198.0,116.0,19.0,54.0,10.0,48.0,1.0,7.0,8.0,68.0,173.0,204.0,52.0,0.0,0.0,0.0,0.0,0.0,0.0,0.0,0.0,0.0,0.0,0.0,0.0,0.0,0.0,0.0,0.0,0.0,0.0,0.0,0.0,0.0,0.0,0.0,0.0,0.0,0.0,0.0,0.0,0.0,0.0,0.0,0.0,0.0,0.0,0.0,0.0,0.0,0.0,4.0,8.0,0.0,1.0,0.0,8.0,10.0,6.0,9.0,25.0,30.0,20.0,0.0,0.0,0.0,0.0,0.0,0.0,0.0,0.0,0.0,0.0,0.0,0.0,0.0,0.0,0.0,0.0,0.0,0.0,5.0,10.0,0.0,1.0,0.0,10.0,11.0,7.0,9.0,34.0,43.0,23.0
27,1.0,27.0,London_291,dim5,151,453,1092.0,70.0,2.0,134541.0,0.669905056944117,750.0,40.0,0.0,40.0,66.0,0.0,66.0,205.0,224.0,95.0,13.0,51.0,12.0,52.0,3.0,3.0,9.0,83.0,142.0,219.0,54.0,0.0,0.0,0.0,0.0,0.0,0.0,0.0,0.0,0.0,0.0,0.0,0.0,0.0,0.0,0.0,0.0,0.0,0.0,0.0,0.0,0.0,0.0,0.0,0.0,0.0,0.0,0.0,0.0,0.0,0.0,0.0,0.0,0.0,0.0,0.0,0.0,0.0,0.0,0.0,1.0,0.0,0.0,0.0,9.0,3.0,0.0,7.0,11.0,8.0,10.0,0.0,0.0,0.0,0.0,0.0,0.0,0.0,0.0,0.0,0.0,0.0,0.0,0.0,0.0,0.0,0.0,0.0,0.0,0.0,1.0,0.0,0.0,0.0,10.0,4.0,0.0,8.0,16.0,13.0,13.0
28,1.0,28.0,London_291,dim5,151,453,1092.0,70.0,2.0,155379.0,1.0652428190223873,796.0,110.0,2.0,108.0,215.0,18.0,197.0,66.0,226.0,98.0,9.0,46.0,13.0,54.0,3.0,4.0,10.0,82.0,143.0,218.0,56.0,0.0,0.0,0.0,0.0,0.0,0.0,0.0,0.0,0.0,0.0,0.0,0.0,0.0,0.0,0.0,0.0,0.0,0.0,0.0,0.0,0.0,0.0,0.0,0.0,0.0,0.0,0.0,0.0,0.0,0.0,0.0,1.0,1.0,0.0,0.0,0.0,0.0,0.0,4.0,6.0,0.0,2.0,1.0,10.0,7.0,3.0,7.0,14.0,29.0,21.0,0.0,0.0,0.0,0.0,0.0,0.0,0.0,0.0,0.0,0.0,0.0,1.0,10.0,0.0,0.0,0.0,0.0,0.0,4.0,8.0,0.0,3.0,1.0,14.0,9.0,5.0,11.0,22.0,55.0,24.0
29,1.0,29.0,London_291,dim5,151,453,1092.0,70.0,2.0,148584.0,0.8224728619679809,781.0,73.0,0.0,73.0,117.0,0.0,117.0,215.0,217.0,88.0,19.0,67.0,9.0,50.0,1.0,2.0,6.0,76.0,134.0,237.0,35.0,0.0,0.0,0.0,0.0,0.0,0.0,0.0,0.0,0.0,0.0,0.0,0.0,0.0,0.0,0.0,0.0,0.0,0.0,0.0,0.0,0.0,0.0,0.0,0.0,0.0,0.0,0.0,0.0,0.0,0.0,0.0,0.0,0.0,0.0,0.0,0.0,0.0,0.0,1.0,7.0,0.0,0.0,0.0,11.0,2.0,4.0,13.0,19.0,15.0,20.0,0.0,0.0,0.0,0.0,0.0,0.0,0.0,0.0,0.0,0.0,0.0,0.0,0.0,0.0,0.0,0.0,0.0,0.0,1.0,8.0,0.0,0.0,0.0,13.0,3.0,5.0,18.0,25.0,22.0,25.0
30,1.0,30.0,London_291,dim5,151,453,1092.0,70.0,2.0,147225.0,1.1224186120089144,778.0,107.0,0.0,107.0,179.0,0.0,179.0,117.0,217.0,93.0,19.0,54.0,12.0,53.0,0.0,5.0,13.0,74.0,139.0,227.0,47.0,0.0,0.0,0.0,0.0,0.0,0.0,0.0,0.0,0.0,0.0,0.0,0.0,0.0,0.0,0.0,0.0,0.0,0.0,0.0,0.0,0.0,0.0,0.0,0.0,0.0,0.0,0.0,0.0,0.0,0.0,0.0,0.0,0.0,0.0,0.0,0.0,0.0,0.0,0.0,8.0,0.0,0.0,0.0,10.0,4.0,8.0,3.0,20.0,25.0,21.0,0.0,0.0,0.0,0.0,0.0,0.0,0.0,0.0,0.0,0.0,0.0,0.0,0.0,0.0,0.0,0.0,0.0,0.0,0.0,12.0,0.0,0.0,0.0,12.0,6.0,9.0,4.0,29.0,35.0,26.0
31,1.0,31.0,London_291,dim5,151,453,1092.0,70.0,2.0,130464.0,0.7137723269406706,741.0,18.0,0.0,18.0,27.0,0.0,27.0,179.0,223.0,91.0,23.0,41.0,15.0,51.0,0.0,9.0,8.0,79.0,116.0,250.0,33.0,0.0,0.0,0.0,0.0,0.0,0.0,0.0,0.0,0.0,0.0,0.0,0.0,0.0,0.0,0.0,0.0,0.0,0.0,0.0,0.0,0.0,0.0,0.0,0.0,0.0,0.0,0.0,0.0,0.0,0.0,0.0,0.0,0.0,0.0,0.0,0.0,0.0,0.0,0.0,0.0,0.0,0.0,0.0,3.0,2.0,1.0,0.0,5.0,5.0,2.0,0.0,0.0,0.0,0.0,0.0,0.0,0.0,0.0,0.0,0.0,0.0,0.0,0.0,0.0,0.0,0.0,0.0,0.0,0.0,0.0,0.0,0.0,0.0,3.0,3.0,2.0,0.0,6.0,8.0,3.0
32,1.0,32.0,London_291,dim5,151,453,1092.0,70.0,2.0,166251.0,1.1376021888572723,820.0,142.0,2.0,140.0,252.0,17.0,235.0,27.0,227.0,79.0,27.0,44.0,16.0,52.0,0.0,8.0,8.0,80.0,112.0,253.0,36.0,0.0,0.0,0.0,0.0,0.0,0.0,0.0,0.0,0.0,0.0,0.0,0.0,0.0,0.0,0.0,0.0,0.0,0.0,0.0,0.0,0.0,0.0,0.0,0.0,0.0,0.0,0.0,0.0,0.0,0.0,0.0,1.0,1.0,1.0,0.0,0.0,0.0,0.0,0.0,20.0,0.0,2.0,3.0,22.0,8.0,7.0,8.0,23.0,32.0,17.0,0.0,0.0,0.0,0.0,0.0,0.0,0.0,0.0,0.0,0.0,0.0,6.0,4.0,7.0,0.0,0.0,0.0,0.0,0.0,25.0,0.0,2.0,3.0,26.0,10.0,11.0,11.0,35.0,44.0,19.0
33,1.0,33.0,London_291,dim5,151,453,1092.0,70.0,2.0,139524.0,0.8354850159958005,761.0,68.0,2.0,66.0,133.0,21.0,112.0,252.0,193.0,100.0,22.0,66.0,17.0,47.0,0.0,8.0,6.0,79.0,123.0,245.0,43.0,0.0,0.0,0.0,0.0,0.0,0.0,0.0,0.0,0.0,0.0,0.0,0.0,0.0,0.0,0.0,0.0,0.0,0.0,0.0,0.0,0.0,0.0,0.0,0.0,0.0,0.0,0.0,0.0,0.0,1.0,0.0,2.0,1.0,1.0,1.0,0.0,0.0,0.0,4.0,2.0,0.0,1.0,0.0,10.0,4.0,2.0,7.0,6.0,9.0,15.0,0.0,0.0,0.0,0.0,0.0,0.0,0.0,0.0,0.0,4.0,0.0,15.0,5.0,6.0,1.0,0.0,0.0,0.0,4.0,3.0,0.0,1.0,0.0,13.0,5.0,2.0,12.0,9.0,12.0,19.0
34,1.0,34.0,London_291,dim5,151,453,1092.0,70.0,2.0,148131.0,1.3664698780048639,780.0,79.0,0.0,79.0,134.0,0.0,134.0,133.0,208.0,105.0,24.0,70.0,12.0,25.0,0.0,9.0,7.0,78.0,118.0,250.0,53.0,0.0,0.0,0.0,0.0,0.0,0.0,0.0,0.0,0.0,0.0,0.0,0.0,0.0,0.0,0.0,0.0,0.0,0.0,0.0,0.0,0.0,0.0,0.0,0.0,0.0,0.0,0.0,0.0,0.0,0.0,0.0,0.0,0.0,0.0,0.0,0.0,0.0,0.0,4.0,4.0,0.0,0.0,0.0,2.0,8.0,6.0,14.0,23.0,15.0,13.0,0.0,0.0,0.0,0.0,0.0,0.0,0.0,0.0,0.0,0.0,0.0,0.0,0.0,0.0,0.0,0.0,0.0,0.0,6.0,4.0,0.0,0.0,0.0,3.0,11.0,7.0,21.0,34.0,21.0,15.0
35,1.0,35.0,London_291,dim5,151,453,1092.0,70.0,2.0,151302.0,1.1071302650962025,787.0,103.0,2.0,101.0,202.0,19.0,183.0,134.0,212.0,124.0,24.0,53.0,10.0,22.0,0.0,8.0,7.0,85.0,128.0,233.0,55.0,0.0,0.0,0.0,0.0,0.0,0.0,0.0,0.0,0.0,0.0,0.0,0.0,0.0,0.0,0.0,0.0,0.0,0.0,0.0,0.0,0.0,0.0,0.0,0.0,0.0,0.0,0.0,0.0,0.0,0.0,0.0,0.0,0.0,0.0,0.0,0.0,0.0,0.0,12.0,9.0,1.0,5.0,2.0,12.0,11.0,2.0,13.0,13.0,30.0,20.0,0.0,0.0,0.0,0.0,0.0,0.0,0.0,0.0,0.0,0.0,0.0,0.0,0.0,0.0,0.0,0.0,0.0,0.0,15.0,14.0,1.0,8.0,2.0,17.0,21.0,3.0,15.0,25.0,40.0,27.0
36,1.0,36.0,London_291,dim5,151,453,1092.0,70.0,2.0,143601.0,0.7870873140636832,770.0,5.0,2.0,3.0,23.0,18.0,5.0,202.0,213.0,122.0,25.0,63.0,9.0,15.0,2.0,4.0,5.0,85.0,121.0,242.0,42.0,0.0,0.0,0.0,0.0,0.0,0.0,0.0,0.0,0.0,0.0,0.0,0.0,0.0,0.0,0.0,0.0,0.0,0.0,0.0,0.0,0.0,0.0,0.0,0.0,0.0,0.0,0.0,0.0,0.0,0.0,0.0,1.0,1.0,0.0,1.0,0.0,0.0,0.0,0.0,0.0,0.0,0.0,0.0,0.0,0.0,0.0,0.0,0.0,0.0,0.0,0.0,0.0,0.0,0.0,0.0,0.0,0.0,0.0,0.0,0.0,0.0,5.0,2.0,0.0,2.0,0.0,0.0,0.0,0.0,0.0,0.0,0.0,0.0,0.0,0.0,0.0,0.0,0.0,0.0,0.0
37,1.0,37.0,London_291,dim5,151,453,1092.0,70.0,2.0,184824.0,1.2510927899274975,861.0,82.0,0.0,82.0,146.0,0.0,146.0,23.0,211.0,118.0,22.0,70.0,8.0,17.0,2.0,5.0,5.0,78.0,117.0,253.0,39.0,0.0,0.0,0.0,0.0,0.0,0.0,0.0,0.0,0.0,0.0,0.0,0.0,0.0,0.0,0.0,0.0,0.0,0.0,0.0,0.0,0.0,0.0,0.0,0.0,0.0,0.0,0.0,0.0,0.0,0.0,0.0,0.0,0.0,0.0,0.0,0.0,0.0,0.0,4.0,2.0,4.0,2.0,0.0,21.0,7.0,5.0,13.0,15.0,18.0,15.0,0.0,0.0,0.0,0.0,0.0,0.0,0.0,0.0,0.0,0.0,0.0,0.0,0.0,0.0,0.0,0.0,0.0,0.0,6.0,3.0,4.0,5.0,0.0,31.0,13.0,7.0,17.0,22.0,32.0,20.0
38,1.0,38.0,London_291,dim5,151,453,1092.0,70.0,2.0,189354.0,1.7072785419877619,871.0,175.0,0.0,175.0,295.0,0.0,295.0,146.0,220.0,123.0,27.0,49.0,11.0,13.0,0.0,10.0,5.0,82.0,125.0,241.0,35.0,0.0,0.0,0.0,0.0,0.0,0.0,0.0,0.0,0.0,0.0,0.0,0.0,0.0,0.0,0.0,0.0,0.0,0.0,0.0,0.0,0.0,0.0,0.0,0.0,0.0,0.0,0.0,0.0,0.0,0.0,0.0,0.0,0.0,0.0,0.0,0.0,0.0,0.0,1.0,17.0,0.0,2.0,15.0,18.0,3.0,2.0,28.0,31.0,45.0,17.0,0.0,0.0,0.0,0.0,0.0,0.0,0.0,0.0,0.0,0.0,0.0,0.0,0.0,0.0,0.0,0.0,0.0,0.0,1.0,24.0,0.0,2.0,16.0,24.0,6.0,4.0,36.0,44.0,65.0,19.0
39,1.0,39.0,London_291,dim5,151,453,1092.0,70.0,2.0,136806.0,0.6962961200624704,755.0,50.0,0.0,50.0,88.0,0.0,88.0,295.0,183.0,124.0,10.0,95.0,6.0,24.0,2.0,9.0,8.0,68.0,152.0,225.0,39.0,0.0,0.0,0.0,0.0,0.0,0.0,0.0,0.0,0.0,0.0,0.0,0.0,0.0,0.0,0.0,0.0,0.0,0.0,0.0,0.0,0.0,0.0,0.0,0.0,0.0,0.0,0.0,0.0,0.0,0.0,0.0,0.0,0.0,0.0,0.0,0.0,0.0,0.0,1.0,0.0,0.0,0.0,0.0,9.0,5.0,1.0,4.0,12.0,14.0,11.0,0.0,0.0,0.0,0.0,0.0,0.0,0.0,0.0,0.0,0.0,0.0,0.0,0.0,0.0,0.0,0.0,0.0,0.0,1.0,0.0,0.0,0.0,0.0,13.0,8.0,2.0,5.0,18.0,20.0,16.0
40,1.0,40.0,London_291,dim5,151,453,1092.0,70.0,2.0,148131.0,0.8953669730108231,780.0,99.0,0.0,99.0,164.0,0.0,164.0,88.0,184.0,123.0,14.0,87.0,4.0,29.0,2.0,10.0,10.0,72.0,162.0,209.0,50.0,0.0,0.0,0.0,0.0,0.0,0.0,0.0,0.0,0.0,0.0,0.0,0.0,0.0,0.0,0.0,0.0,0.0,0.0,0.0,0.0,0.0,0.0,0.0,0.0,0.0,0.0,0.0,0.0,0.0,0.0,0.0,0.0,0.0,0.0,0.0,0.0,0.0,0.0,1.0,2.0,0.0,3.0,0.0,8.0,11.0,8.0,13.0,21.0,28.0,20.0,0.0,0.0,0.0,0.0,0.0,0.0,0.0,0.0,0.0,0.0,0.0,0.0,0.0,0.0,0.0,0.0,0.0,0.0,1.0,2.0,0.0,4.0,0.0,10.0,17.0,10.0,21.0,30.0,34.0,25.0
41,1.0,41.0,London_291,dim5,151,453,1092.0,70.0,2.0,134994.0,1.0155709579121321,751.0,71.0,2.0,69.0,139.0,21.0,118.0,164.0,201.0,123.0,12.0,70.0,8.0,26.0,1.0,12.0,10.0,66.0,165.0,212.0,58.0,0.0,0.0,0.0,0.0,0.0,0.0,0.0,0.0,0.0,0.0,0.0,0.0,0.0,0.0,0.0,0.0,0.0,0.0,0.0,0.0,0.0,0.0,0.0,0.0,0.0,0.0,0.0,0.0,0.0,0.0,0.0,1.0,0.0,2.0,1.0,0.0,0.0,0.0,3.0,4.0,2.0,0.0,0.0,7.0,5.0,0.0,8.0,10.0,14.0,12.0,0.0,0.0,0.0,0.0,0.0,0.0,0.0,0.0,0.0,0.0,0.0,4.0,0.0,14.0,2.0,0.0,0.0,0.0,4.0,6.0,2.0,0.0,0.0,12.0,7.0,0.0,10.0,11.0,22.0,14.0
42,1.0,42.0,London_291,dim5,151,453,1092.0,70.0,2.0,141336.0,1.1710970469284803,765.0,106.0,0.0,106.0,181.0,0.0,181.0,139.0,215.0,125.0,14.0,73.0,4.0,13.0,1.0,8.0,8.0,65.0,161.0,219.0,48.0,0.0,0.0,0.0,0.0,0.0,0.0,0.0,0.0,0.0,0.0,0.0,0.0,0.0,0.0,0.0,0.0,0.0,0.0,0.0,0.0,0.0,0.0,0.0,0.0,0.0,0.0,0.0,0.0,0.0,0.0,0.0,0.0,0.0,0.0,0.0,0.0,0.0,0.0,0.0,7.0,2.0,0.0,0.0,11.0,3.0,4.0,7.0,19.0,22.0,20.0,0.0,0.0,0.0,0.0,0.0,0.0,0.0,0.0,0.0,0.0,0.0,0.0,0.0,0.0,0.0,0.0,0.0,0.0,0.0,10.0,4.0,0.0,0.0,14.0,7.0,4.0,11.0,27.0,29.0,23.0
43,1.0,43.0,London_291,dim5,151,453,1092.0,70.0,2.0,134088.0,1.0845551020465791,749.0,139.0,2.0,137.0,256.0,18.0,238.0,181.0,234.0,112.0,15.0,67.0,4.0,18.0,1.0,2.0,6.0,83.0,149.0,215.0,50.0,0.0,0.0,0.0,0.0,0.0,0.0,0.0,0.0,0.0,0.0,0.0,0.0,0.0,0.0,0.0,0.0,0.0,0.0,0.0,0.0,0.0,0.0,0.0,0.0,0.0,0.0,0.0,0.0,0.0,0.0,0.0,0.0,0.0,1.0,2.0,0.0,0.0,0.0,5.0,11.0,0.0,3.0,1.0,20.0,7.0,12.0,18.0,24.0,33.0,17.0,0.0,0.0,0.0,0.0,0.0,0.0,0.0,0.0,0.0,0.0,0.0,0.0,0.0,7.0,5.0,0.0,0.0,0.0,5.0,15.0,0.0,4.0,1.0,27.0,7.0,15.0,24.0,37.0,49.0,20.0
44,1.0,44.0,London_291,dim5,151,453,1092.0,70.0,2.0,108720.0,1.2269176160916686,693.0,6.0,1.0,5.0,16.0,8.0,8.0,256.0,226.0,104.0,25.0,67.0,5.0,21.0,0.0,5.0,5.0,67.0,164.0,217.0,44.0,0.0,0.0,0.0,0.0,0.0,0.0,0.0,0.0,0.0,0.0,0.0,0.0,0.0,0.0,0.0,0.0,0.0,0.0,0.0,0.0,0.0,0.0,0.0,0.0,0.0,0.0,0.0,0.0,0.0,0.0,0.0,0.0,0.0,0.0,0.0,0.0,0.0,0.0,0.0,0.0,0.0,0.0,0.0,0.0,0.0,1.0,0.0,1.0,0.0,1.0,0.0,0.0,0.0,0.0,0.0,0.0,0.0,0.0,0.0,0.0,0.0,0.0,0.0,0.0,0.0,0.0,0.0,0.0,0.0,0.0,0.0,0.0,0.0,0.0,0.0,1.0,0.0,1.0,0.0,2.0
45,1.0,45.0,London_291,dim5,151,453,1092.0,70.0,2.0,144507.0,0.8999659679830074,772.0,21.0,1.0,20.0,48.0,9.0,39.0,16.0,225.0,105.0,22.0,69.0,5.0,23.0,0.0,4.0,5.0,71.0,158.0,219.0,43.0,0.0,0.0,0.0,0.0,0.0,0.0,0.0,0.0,0.0,0.0,0.0,0.0,0.0,0.0,0.0,0.0,0.0,0.0,0.0,0.0,0.0,0.0,0.0,0.0,0.0,0.0,0.0,0.0,0.0,0.0,0.0,0.0,1.0,0.0,1.0,0.0,0.0,0.0,1.0,1.0,0.0,0.0,0.0,1.0,4.0,0.0,4.0,3.0,7.0,8.0,0.0,0.0,0.0,0.0,0.0,0.0,0.0,0.0,0.0,0.0,0.0,0.0,7.0,0.0,6.0,0.0,0.0,0.0,1.0,1.0,0.0,0.0,0.0,3.0,7.0,0.0,8.0,4.0,11.0,15.0
46,1.0,46.0,London_291,dim5,151,453,1092.0,70.0,2.0,178935.0,1.2714617839083076,848.0,81.0,0.0,81.0,139.0,0.0,139.0,48.0,225.0,109.0,18.0,78.0,5.0,15.0,0.0,3.0,4.0,68.0,156.0,225.0,43.0,0.0,0.0,0.0,0.0,0.0,0.0,0.0,0.0,0.0,0.0,0.0,0.0,0.0,0.0,0.0,0.0,0.0,0.0,0.0,0.0,0.0,0.0,0.0,0.0,0.0,0.0,0.0,0.0,0.0,0.0,0.0,0.0,0.0,0.0,0.0,0.0,0.0,0.0,4.0,4.0,0.0,1.0,0.0,7.0,4.0,8.0,10.0,12.0,20.0,17.0,0.0,0.0,0.0,0.0,0.0,0.0,0.0,0.0,0.0,0.0,0.0,0.0,0.0,0.0,0.0,0.0,0.0,0.0,4.0,7.0,0.0,2.0,0.0,10.0,5.0,11.0,12.0,20.0,34.0,25.0
47,1.0,47.0,London_291,dim5,151,453,1092.0,70.0,2.0,178482.0,1.8147305760066956,847.0,107.0,2.0,105.0,195.0,20.0,175.0,139.0,224.0,121.0,18.0,59.0,12.0,17.0,2.0,0.0,5.0,64.0,157.0,227.0,47.0,0.0,0.0,0.0,0.0,0.0,0.0,0.0,0.0,0.0,0.0,0.0,0.0,0.0,0.0,0.0,0.0,0.0,0.0,0.0,0.0,0.0,0.0,0.0,0.0,0.0,0.0,0.0,0.0,0.0,1.0,0.0,0.0,1.0,0.0,2.0,0.0,0.0,0.0,3.0,8.0,4.0,3.0,1.0,5.0,9.0,2.0,12.0,20.0,28.0,21.0,0.0,0.0,0.0,0.0,0.0,0.0,0.0,0.0,0.0,6.0,0.0,0.0,7.0,0.0,8.0,0.0,0.0,0.0,3.0,13.0,4.0,5.0,2.0,7.0,13.0,4.0,17.0,28.0,39.0,27.0
48,1.0,48.0,London_291,dim5,151,453,1092.0,70.0,2.0,173952.0,1.82721386407502,837.0,128.0,0.0,128.0,219.0,0.0,219.0,195.0,226.0,124.0,12.0,59.0,8.0,17.0,2.0,5.0,6.0,64.0,163.0,220.0,49.0,0.0,0.0,0.0,0.0,0.0,0.0,0.0,0.0,0.0,0.0,0.0,0.0,0.0,0.0,0.0,0.0,0.0,0.0,0.0,0.0,0.0,0.0,0.0,0.0,0.0,0.0,0.0,0.0,0.0,0.0,0.0,0.0,0.0,0.0,0.0,0.0,0.0,0.0,1.0,14.0,0.0,1.0,1.0,11.0,4.0,10.0,13.0,19.0,36.0,15.0,0.0,0.0,0.0,0.0,0.0,0.0,0.0,0.0,0.0,0.0,0.0,0.0,0.0,0.0,0.0,0.0,0.0,0.0,1.0,20.0,0.0,1.0,1.0,13.0,5.0,13.0,14.0,29.0,53.0,24.0
49,1.0,49.0,London_291,dim5,151,453,1092.0,70.0,2.0,152661.0,1.1458870419301093,790.0,116.0,0.0,116.0,193.0,0.0,193.0,219.0,228.0,108.0,20.0,54.0,16.0,21.0,0.0,6.0,6.0,70.0,161.0,216.0,36.0,0.0,0.0,0.0,0.0,0.0,0.0,0.0,0.0,0.0,0.0,0.0,0.0,0.0,0.0,0.0,0.0,0.0,0.0,0.0,0.0,0.0,0.0,0.0,0.0,0.0,0.0,0.0,0.0,0.0,0.0,0.0,0.0,0.0,0.0,0.0,0.0,0.0,0.0,4.0,4.0,0.0,2.0,0.0,7.0,5.0,8.0,12.0,22.0,32.0,12.0,0.0,0.0,0.0,0.0,0.0,0.0,0.0,0.0,0.0,0.0,0.0,0.0,0.0,0.0,0.0,0.0,0.0,0.0,4.0,5.0,0.0,2.0,0.0,8.0,7.0,9.0,21.0,30.0,48.0,13.0
50,1.0,50.0,London_291,dim5,151,453,1092.0,70.0,2.0,139977.0,0.8882935729343444,762.0,60.0,0.0,60.0,96.0,0.0,96.0,193.0,231.0,95.0,9.0,64.0,16.0,28.0,4.0,6.0,6.0,62.0,154.0,231.0,41.0,0.0,0.0,0.0,0.0,0.0,0.0,0.0,0.0,0.0,0.0,0.0,0.0,0.0,0.0,0.0,0.0,0.0,0.0,0.0,0.0,0.0,0.0,0.0,0.0,0.0,0.0,0.0,0.0,0.0,0.0,0.0,0.0,0.0,0.0,0.0,0.0,0.0,0.0,2.0,0.0,0.0,1.0,0.0,2.0,4.0,2.0,6.0,13.0,12.0,14.0,0.0,0.0,0.0,0.0,0.0,0.0,0.0,0.0,0.0,0.0,0.0,0.0,0.0,0.0,0.0,0.0,0.0,0.0,2.0,0.0,0.0,2.0,0.0,2.0,4.0,3.0,7.0,17.0,18.0,17.0
51,1.0,51.0,London_291,dim5,151,453,1092.0,70.0,2.0,143601.0,0.9218425930012017,770.0,31.0,2.0,29.0,69.0,18.0,51.0,96.0,230.0,91.0,7.0,66.0,18.0,31.0,3.0,7.0,7.0,53.0,159.0,234.0,44.0,0.0,0.0,0.0,0.0,0.0,0.0,0.0,0.0,0.0,0.0,0.0,0.0,0.0,0.0,0.0,0.0,0.0,0.0,0.0,0.0,0.0,0.0,0.0,0.0,0.0,0.0,0.0,0.0,1.0,0.0,0.0,1.0,0.0,1.0,0.0,0.0,0.0,0.0,1.0,1.0,0.0,0.0,1.0,5.0,5.0,6.0,2.0,4.0,5.0,6.0,0.0,0.0,0.0,0.0,0.0,0.0,0.0,0.0,5.0,0.0,0.0,3.0,0.0,5.0,0.0,0.0,0.0,0.0,1.0,2.0,0.0,0.0,1.0,7.0,9.0,8.0,3.0,6.0,8.0,8.0
52,1.0,52.0,London_291,dim5,151,453,1092.0,70.0,2.0,168063.0,1.3510425279382616,824.0,109.0,2.0,107.0,197.0,17.0,180.0,69.0,225.0,96.0,4.0,78.0,16.0,25.0,3.0,6.0,8.0,55.0,157.0,233.0,55.0,0.0,0.0,0.0,0.0,0.0,0.0,0.0,0.0,0.0,0.0,0.0,0.0,0.0,0.0,0.0,0.0,0.0,0.0,0.0,0.0,0.0,0.0,0.0,0.0,0.0,0.0,0.0,0.0,0.0,0.0,0.0,0.0,0.0,0.0,0.0,0.0,0.0,0.0,4.0,5.0,0.0,0.0,0.0,12.0,8.0,2.0,9.0,16.0,20.0,18.0,0.0,0.0,0.0,0.0,0.0,0.0,0.0,0.0,0.0,0.0,0.0,0.0,0.0,0.0,0.0,0.0,0.0,0.0,6.0,5.0,0.0,0.0,0.0,16.0,8.0,2.0,12.0,25.0,27.0,20.0
53,1.0,53.0,London_291,dim5,151,453,1092.0,70.0,2.0,156738.0,1.318066141102463,799.0,103.0,1.0,102.0,174.0,10.0,164.0,197.0,214.0,103.0,15.0,64.0,15.0,30.0,4.0,8.0,9.0,56.0,160.0,228.0,46.0,0.0,0.0,0.0,0.0,0.0,0.0,0.0,0.0,0.0,0.0,0.0,0.0,0.0,0.0,0.0,0.0,0.0,0.0,0.0,0.0,0.0,0.0,0.0,0.0,0.0,0.0,0.0,0.0,0.0,0.0,0.0,0.0,0.0,0.0,1.0,0.0,0.0,0.0,1.0,7.0,0.0,1.0,0.0,6.0,10.0,4.0,21.0,17.0,29.0,24.0,0.0,0.0,0.0,0.0,0.0,0.0,0.0,0.0,0.0,0.0,0.0,0.0,0.0,0.0,2.0,0.0,0.0,0.0,1.0,9.0,0.0,1.0,0.0,6.0,11.0,7.0,28.0,23.0,37.0,29.0
54,1.0,54.0,London_291,dim5,151,453,1092.0,70.0,2.0,153114.0,1.6395601800177246,791.0,129.0,0.0,129.0,222.0,0.0,222.0,174.0,225.0,119.0,2.0,53.0,17.0,28.0,5.0,4.0,9.0,68.0,155.0,221.0,42.0,0.0,0.0,0.0,0.0,0.0,0.0,0.0,0.0,0.0,0.0,0.0,0.0,0.0,0.0,0.0,0.0,0.0,0.0,0.0,0.0,0.0,0.0,0.0,0.0,0.0,0.0,0.0,0.0,0.0,0.0,0.0,0.0,0.0,0.0,0.0,0.0,0.0,0.0,0.0,0.0,0.0,4.0,0.0,7.0,10.0,1.0,16.0,24.0,24.0,22.0,0.0,0.0,0.0,0.0,0.0,0.0,0.0,0.0,0.0,0.0,0.0,0.0,0.0,0.0,0.0,0.0,0.0,0.0,0.0,0.0,0.0,6.0,0.0,10.0,17.0,1.0,26.0,37.0,35.0,25.0
55,1.0,55.0,London_291,dim5,151,453,1092.0,70.0,2.0,126840.0,1.0267279997933656,733.0,56.0,2.0,54.0,112.0,19.0,93.0,222.0,213.0,109.0,16.0,71.0,11.0,29.0,0.0,4.0,8.0,68.0,160.0,217.0,49.0,0.0,0.0,0.0,0.0,0.0,0.0,0.0,0.0,0.0,0.0,0.0,0.0,0.0,0.0,0.0,0.0,0.0,0.0,0.0,0.0,0.0,0.0,0.0,0.0,0.0,0.0,0.0,0.0,0.0,0.0,0.0,0.0,1.0,1.0,1.0,0.0,0.0,0.0,2.0,0.0,0.0,1.0,0.0,6.0,6.0,3.0,8.0,16.0,9.0,16.0,0.0,0.0,0.0,0.0,0.0,0.0,0.0,0.0,0.0,0.0,0.0,0.0,7.0,7.0,6.0,0.0,0.0,0.0,3.0,0.0,0.0,1.0,0.0,11.0,9.0,3.0,14.0,26.0,13.0,22.0
56,1.0,56.0,London_291,dim5,151,453,1092.0,70.0,2.0,139977.0,0.980467326939106,762.0,67.0,1.0,66.0,117.0,9.0,108.0,112.0,214.0,115.0,21.0,56.0,14.0,31.0,0.0,2.0,7.0,71.0,144.0,231.0,54.0,0.0,0.0,0.0,0.0,0.0,0.0,0.0,0.0,0.0,0.0,0.0,0.0,0.0,0.0,0.0,0.0,0.0,0.0,0.0,0.0,0.0,0.0,0.0,0.0,0.0,0.0,0.0,0.0,0.0,0.0,0.0,1.0,0.0,1.0,0.0,0.0,0.0,0.0,4.0,6.0,0.0,1.0,0.0,10.0,2.0,1.0,10.0,10.0,20.0,9.0,0.0,0.0,0.0,0.0,0.0,0.0,0.0,0.0,0.0,0.0,0.0,2.0,0.0,8.0,0.0,0.0,0.0,0.0,4.0,7.0,0.0,1.0,0.0,13.0,2.0,1.0,15.0,13.0,27.0,11.0
57,1.0,57.0,London_291,dim5,151,453,1092.0,70.0,2.0,152208.0,1.3856789311394095,789.0,44.0,2.0,42.0,97.0,19.0,78.0,117.0,214.0,118.0,24.0,40.0,15.0,36.0,2.0,4.0,6.0,65.0,149.0,233.0,43.0,0.0,0.0,0.0,0.0,0.0,0.0,0.0,0.0,0.0,0.0,0.0,0.0,0.0,0.0,0.0,0.0,0.0,0.0,0.0,0.0,0.0,0.0,0.0,0.0,0.0,0.0,0.0,0.0,0.0,0.0,0.0,1.0,0.0,0.0,0.0,0.0,0.0,0.0,5.0,0.0,0.0,1.0,0.0,7.0,6.0,2.0,11.0,9.0,7.0,8.0,0.0,0.0,0.0,0.0,0.0,0.0,0.0,0.0,0.0,0.0,0.0,7.0,0.0,0.0,0.0,0.0,0.0,0.0,7.0,0.0,0.0,1.0,0.0,10.0,10.0,3.0,16.0,15.0,11.0,12.0
58,1.0,58.0,London_291,dim5,151,453,1092.0,70.0,2.0,183918.0,1.4177075729239732,859.0,75.0,0.0,75.0,144.0,0.0,144.0,97.0,215.0,113.0,13.0,46.0,20.0,37.0,2.0,7.0,5.0,75.0,139.0,234.0,44.0,0.0,0.0,0.0,0.0,0.0,0.0,0.0,0.0,0.0,0.0,0.0,0.0,0.0,0.0,0.0,0.0,0.0,0.0,0.0,0.0,0.0,0.0,0.0,0.0,0.0,0.0,0.0,0.0,0.0,0.0,0.0,0.0,0.0,0.0,0.0,0.0,0.0,0.0,4.0,2.0,5.0,0.0,7.0,5.0,7.0,5.0,14.0,14.0,21.0,18.0,0.0,0.0,0.0,0.0,0.0,0.0,0.0,0.0,0.0,0.0,0.0,0.0,0.0,0.0,0.0,0.0,0.0,0.0,4.0,2.0,5.0,0.0,8.0,6.0,9.0,7.0,22.0,21.0,34.0,21.0
59,1.0,59.0,London_291,dim5,151,453,1092.0,70.0,2.0,188901.0,2.029712373856455,870.0,115.0,0.0,115.0,201.0,0.0,201.0,144.0,213.0,122.0,9.0,46.0,22.0,34.0,1.0,6.0,5.0,72.0,131.0,245.0,47.0,0.0,0.0,0.0,0.0,0.0,0.0,0.0,0.0,0.0,0.0,0.0,0.0,0.0,0.0,0.0,0.0,0.0,0.0,0.0,0.0,0.0,0.0,0.0,0.0,0.0,0.0,0.0,0.0,0.0,0.0,0.0,0.0,0.0,0.0,0.0,0.0,0.0,0.0,1.0,10.0,0.0,2.0,7.0,4.0,13.0,1.0,9.0,20.0,29.0,25.0,0.0,0.0,0.0,0.0,0.0,0.0,0.0,0.0,0.0,0.0,0.0,0.0,0.0,0.0,0.0,0.0,0.0,0.0,1.0,15.0,0.0,2.0,7.0,5.0,20.0,1.0,12.0,31.0,43.0,30.0
60,1.0,60.0,London_291,dim5,151,453,1092.0,70.0,2.0,178935.0,1.3530704360455275,848.0,127.0,2.0,125.0,234.0,19.0,215.0,201.0,232.0,102.0,13.0,54.0,21.0,25.0,2.0,4.0,6.0,62.0,143.0,242.0,37.0,0.0,0.0,0.0,0.0,0.0,0.0,0.0,0.0,0.0,0.0,0.0,0.0,0.0,0.0,0.0,0.0,0.0,0.0,0.0,0.0,0.0,0.0,0.0,0.0,0.0,0.0,0.0,0.0,0.0,0.0,0.0,0.0,0.0,0.0,1.0,0.0,0.0,0.0,0.0,13.0,0.0,1.0,2.0,8.0,4.0,2.0,17.0,26.0,25.0,18.0,0.0,0.0,0.0,0.0,0.0,0.0,0.0,0.0,0.0,0.0,0.0,0.0,0.0,0.0,2.0,0.0,0.0,0.0,0.0,17.0,0.0,1.0,2.0,11.0,5.0,2.0,26.0,37.0,35.0,27.0
61,1.0,61.0,London_291,dim5,151,453,1092.0,70.0,2.0,166251.0,1.1640391738619655,820.0,69.0,2.0,67.0,129.0,17.0,112.0,234.0,224.0,92.0,20.0,69.0,11.0,29.0,1.0,7.0,4.0,69.0,142.0,238.0,25.0,0.0,0.0,0.0,0.0,0.0,0.0,0.0,0.0,0.0,0.0,0.0,0.0,0.0,0.0,0.0,0.0,0.0,0.0,0.0,0.0,0.0,0.0,0.0,0.0,0.0,0.0,0.0,0.0,0.0,0.0,0.0,0.0,1.0,0.0,1.0,0.0,0.0,0.0,1.0,3.0,2.0,1.0,0.0,7.0,5.0,13.0,9.0,11.0,16.0,18.0,0.0,0.0,0.0,0.0,0.0,0.0,0.0,0.0,0.0,0.0,0.0,0.0,5.0,0.0,3.0,0.0,0.0,0.0,1.0,4.0,2.0,1.0,0.0,8.0,7.0,16.0,11.0,16.0,23.0,22.0
62,1.0,62.0,London_291,dim5,151,453,1092.0,70.0,2.0,181200.0,1.1813647961243987,853.0,82.0,0.0,82.0,141.0,0.0,141.0,129.0,222.0,94.0,23.0,70.0,8.0,33.0,0.0,3.0,0.0,71.0,142.0,240.0,30.0,0.0,0.0,0.0,0.0,0.0,0.0,0.0,0.0,0.0,0.0,0.0,0.0,0.0,0.0,0.0,0.0,0.0,0.0,0.0,0.0,0.0,0.0,0.0,0.0,0.0,0.0,0.0,0.0,0.0,0.0,0.0,0.0,0.0,0.0,0.0,0.0,0.0,0.0,3.0,2.0,0.0,2.0,1.0,5.0,5.0,8.0,9.0,11.0,25.0,10.0,0.0,0.0,0.0,0.0,0.0,0.0,0.0,0.0,0.0,0.0,0.0,0.0,0.0,0.0,0.0,0.0,0.0,0.0,4.0,2.0,0.0,3.0,1.0,7.0,9.0,9.0,12.0,17.0,38.0,15.0
63,1.0,63.0,London_291,dim5,151,453,1092.0,70.0,2.0,178935.0,1.1853164818603545,848.0,103.0,0.0,103.0,183.0,0.0,183.0,141.0,220.0,110.0,22.0,55.0,4.0,38.0,1.0,3.0,0.0,71.0,153.0,229.0,47.0,0.0,0.0,0.0,0.0,0.0,0.0,0.0,0.0,0.0,0.0,0.0,0.0,0.0,0.0,0.0,0.0,0.0,0.0,0.0,0.0,0.0,0.0,0.0,0.0,0.0,0.0,0.0,0.0,0.0,0.0,0.0,0.0,0.0,0.0,0.0,0.0,0.0,0.0,5.0,6.0,0.0,0.0,1.0,16.0,8.0,8.0,6.0,26.0,24.0,15.0,0.0,0.0,0.0,0.0,0.0,0.0,0.0,0.0,0.0,0.0,0.0,0.0,0.0,0.0,0.0,0.0,0.0,0.0,9.0,9.0,0.0,0.0,1.0,24.0,12.0,11.0,10.0,36.0,38.0,19.0
64,1.0,64.0,London_291,dim5,151,453,1092.0,70.0,2.0,175311.0,1.4852583629544824,840.0,141.0,0.0,141.0,245.0,0.0,245.0,183.0,224.0,109.0,20.0,53.0,6.0,37.0,0.0,4.0,1.0,65.0,157.0,230.0,39.0,0.0,0.0,0.0,0.0,0.0,0.0,0.0,0.0,0.0,0.0,0.0,0.0,0.0,0.0,0.0,0.0,0.0,0.0,0.0,0.0,0.0,0.0,0.0,0.0,0.0,0.0,0.0,0.0,0.0,0.0,0.0,0.0,0.0,0.0,0.0,0.0,0.0,0.0,1.0,7.0,0.0,2.0,6.0,24.0,6.0,10.0,11.0,34.0,26.0,14.0,0.0,0.0,0.0,0.0,0.0,0.0,0.0,0.0,0.0,0.0,0.0,0.0,0.0,0.0,0.0,0.0,0.0,0.0,1.0,8.0,0.0,3.0,6.0,32.0,9.0,14.0,16.0,47.0,41.0,18.0
65,1.0,65.0,London_291,dim5,151,453,1092.0,70.0,2.0,152661.0,1.0135841758456081,790.0,114.0,0.0,114.0,200.0,0.0,200.0,245.0,211.0,97.0,20.0,68.0,16.0,36.0,1.0,4.0,4.0,65.0,151.0,233.0,33.0,0.0,0.0,0.0,0.0,0.0,0.0,0.0,0.0,0.0,0.0,0.0,0.0,0.0,0.0,0.0,0.0,0.0,0.0,0.0,0.0,0.0,0.0,0.0,0.0,0.0,0.0,0.0,0.0,0.0,0.0,0.0,0.0,0.0,0.0,0.0,0.0,0.0,0.0,2.0,9.0,2.0,0.0,0.0,9.0,10.0,8.0,9.0,19.0,17.0,33.0,0.0,0.0,0.0,0.0,0.0,0.0,0.0,0.0,0.0,0.0,0.0,0.0,0.0,0.0,0.0,0.0,0.0,0.0,3.0,12.0,3.0,0.0,0.0,12.0,14.0,9.0,13.0,30.0,21.0,45.0
66,1.0,66.0,London_291,dim5,151,453,1092.0,70.0,2.0,133182.0,0.9226984900888056,747.0,99.0,2.0,97.0,178.0,17.0,161.0,200.0,226.0,104.0,15.0,52.0,16.0,35.0,1.0,4.0,6.0,65.0,162.0,220.0,36.0,0.0,0.0,0.0,0.0,0.0,0.0,0.0,0.0,0.0,0.0,0.0,0.0,0.0,0.0,0.0,0.0,0.0,0.0,0.0,0.0,0.0,0.0,0.0,0.0,0.0,0.0,0.0,0.0,0.0,1.0,0.0,0.0,0.0,1.0,1.0,0.0,0.0,0.0,0.0,5.0,5.0,0.0,0.0,10.0,9.0,6.0,9.0,14.0,17.0,23.0,0.0,0.0,0.0,0.0,0.0,0.0,0.0,0.0,0.0,4.0,0.0,0.0,0.0,7.0,1.0,0.0,0.0,0.0,0.0,6.0,5.0,0.0,0.0,12.0,11.0,9.0,12.0,22.0,28.0,35.0
67,1.0,67.0,London_291,dim5,151,453,1092.0,70.0,2.0,116421.0,0.7066122728865594,710.0,23.0,0.0,23.0,36.0,0.0,36.0,178.0,236.0,107.0,9.0,49.0,13.0,31.0,3.0,5.0,3.0,70.0,175.0,205.0,35.0,0.0,0.0,0.0,0.0,0.0,0.0,0.0,0.0,0.0,0.0,0.0,0.0,0.0,0.0,0.0,0.0,0.0,0.0,0.0,0.0,0.0,0.0,0.0,0.0,0.0,0.0,0.0,0.0,0.0,0.0,0.0,0.0,0.0,0.0,0.0,0.0,0.0,0.0,1.0,0.0,0.0,0.0,0.0,2.0,1.0,0.0,5.0,5.0,3.0,7.0,0.0,0.0,0.0,0.0,0.0,0.0,0.0,0.0,0.0,0.0,0.0,0.0,0.0,0.0,0.0,0.0,0.0,0.0,1.0,0.0,0.0,0.0,0.0,2.0,3.0,0.0,7.0,7.0,5.0,9.0
68,1.0,68.0,London_291,dim5,151,453,1092.0,70.0,2.0,131823.0,0.7870937890838832,744.0,30.0,2.0,28.0,74.0,20.0,54.0,36.0,238.0,108.0,8.0,46.0,10.0,35.0,3.0,5.0,4.0,70.0,177.0,202.0,34.0,0.0,0.0,0.0,0.0,0.0,0.0,0.0,0.0,0.0,0.0,0.0,0.0,0.0,0.0,0.0,0.0,0.0,0.0,0.0,0.0,0.0,0.0,0.0,0.0,0.0,0.0,0.0,0.0,0.0,0.0,0.0,0.0,0.0,0.0,1.0,0.0,0.0,0.0,4.0,0.0,0.0,0.0,0.0,2.0,3.0,1.0,3.0,4.0,7.0,8.0,0.0,0.0,0.0,0.0,0.0,0.0,0.0,0.0,0.0,0.0,0.0,0.0,0.0,0.0,1.0,0.0,0.0,0.0,5.0,0.0,0.0,0.0,0.0,2.0,3.0,2.0,3.0,5.0,10.0,10.0
69,1.0,69.0,London_291,dim5,151,453,1092.0,70.0,2.0,157644.0,1.1094394368119538,801.0,63.0,2.0,61.0,138.0,18.0,120.0,74.0,239.0,111.0,6.0,47.0,8.0,31.0,3.0,8.0,4.0,72.0,161.0,216.0,35.0,0.0,0.0,0.0,0.0,0.0,0.0,0.0,0.0,0.0,0.0,0.0,0.0,0.0,0.0,0.0,0.0,0.0,0.0,0.0,0.0,0.0,0.0,0.0,0.0,0.0,0.0,0.0,0.0,0.0,0.0,0.0,0.0,1.0,0.0,1.0,0.0,0.0,0.0,8.0,1.0,0.0,1.0,8.0,10.0,5.0,4.0,10.0,13.0,15.0,14.0,0.0,0.0,0.0,0.0,0.0,0.0,0.0,0.0,0.0,0.0,0.0,0.0,5.0,0.0,1.0,0.0,0.0,0.0,11.0,2.0,0.0,2.0,8.0,13.0,7.0,4.0,13.0,21.0,21.0,21.0
70,1.0,70.0,London_291,dim5,151,453,1092.0,70.0,2.0,169875.0,1.2277488019317389,828.0,159.0,0.0,159.0,286.0,0.0,286.0,138.0,236.0,111.0,7.0,47.0,9.0,33.0,2.0,8.0,2.0,70.0,156.0,225.0,28.0,0.0,0.0,0.0,0.0,0.0,0.0,0.0,0.0,0.0,0.0,0.0,0.0,0.0,0.0,0.0,0.0,0.0,0.0,0.0,0.0,0.0,0.0,0.0,0.0,0.0,0.0,0.0,0.0,0.0,0.0,0.0,0.0,0.0,0.0,0.0,0.0,0.0,0.0,3.0,5.0,0.0,3.0,1.0,11.0,6.0,5.0,9.0,29.0,31.0,29.0,0.0,0.0,0.0,0.0,0.0,0.0,0.0,0.0,0.0,0.0,0.0,0.0,0.0,0.0,0.0,0.0,0.0,0.0,3.0,7.0,0.0,6.0,1.0,11.0,8.0,6.0,16.0,46.0,49.0,38.0
71,1.0,71.0,London_291,dim5,151,453,1092.0,70.0,2.0,126387.0,1.020647400058806,732.0,136.0,0.0,136.0,245.0,0.0,245.0,286.0,183.0,110.0,13.0,91.0,17.0,30.0,0.0,9.0,7.0,68.0,160.0,218.0,44.0,0.0,0.0,0.0,0.0,0.0,0.0,0.0,0.0,0.0,0.0,0.0,0.0,0.0,0.0,0.0,0.0,0.0,0.0,0.0,0.0,0.0,0.0,0.0,0.0,0.0,0.0,0.0,0.0,0.0,0.0,0.0,0.0,0.0,0.0,0.0,0.0,0.0,0.0,3.0,6.0,1.0,1.0,3.0,14.0,8.0,4.0,10.0,31.0,30.0,27.0,0.0,0.0,0.0,0.0,0.0,0.0,0.0,0.0,0.0,0.0,0.0,0.0,0.0,0.0,0.0,0.0,0.0,0.0,3.0,10.0,1.0,1.0,3.0,18.0,13.0,6.0,14.0,47.0,48.0,36.0
72,1.0,72.0,London_291,dim5,151,453,1092.0,70.0,2.0,91506.0,0.6437618490308523,655.0,71.0,2.0,69.0,152.0,17.0,135.0,245.0,191.0,135.0,16.0,69.0,7.0,27.0,2.0,6.0,8.0,75.0,162.0,208.0,49.0,0.0,0.0,0.0,0.0,0.0,0.0,0.0,0.0,0.0,0.0,0.0,0.0,0.0,0.0,0.0,0.0,0.0,0.0,0.0,0.0,0.0,0.0,0.0,0.0,0.0,0.0,0.0,0.0,0.0,0.0,0.0,1.0,0.0,0.0,1.0,0.0,0.0,0.0,1.0,0.0,0.0,0.0,0.0,12.0,7.0,4.0,12.0,12.0,14.0,21.0,0.0,0.0,0.0,0.0,0.0,0.0,0.0,0.0,0.0,0.0,0.0,3.0,0.0,0.0,4.0,0.0,0.0,0.0,2.0,0.0,0.0,0.0,0.0,16.0,11.0,6.0,19.0,20.0,26.0,27.0
73,1.0,73.0,London_291,dim5,151,453,1092.0,70.0,2.0,90600.0,0.5077120459172875,653.0,10.0,1.0,9.0,28.0,11.0,17.0,152.0,203.0,139.0,7.0,70.0,3.0,23.0,2.0,6.0,10.0,75.0,146.0,222.0,47.0,0.0,0.0,0.0,0.0,0.0,0.0,0.0,0.0,0.0,0.0,0.0,0.0,0.0,0.0,0.0,0.0,0.0,0.0,0.0,0.0,0.0,0.0,0.0,0.0,0.0,0.0,0.0,0.0,0.0,1.0,0.0,1.0,0.0,0.0,1.0,0.0,0.0,0.0,0.0,0.0,0.0,0.0,0.0,0.0,1.0,1.0,2.0,1.0,3.0,3.0,0.0,0.0,0.0,0.0,0.0,0.0,0.0,0.0,0.0,2.0,0.0,2.0,0.0,0.0,4.0,0.0,0.0,0.0,0.0,0.0,0.0,0.0,0.0,0.0,1.0,1.0,3.0,1.0,6.0,4.0
74,1.0,74.0,London_291,dim5,151,453,1092.0,70.0,2.0,112797.0,0.9175264248624444,702.0,1.0,1.0,0.0,9.0,9.0,0.0,28.0,201.0,137.0,8.0,71.0,2.0,26.0,3.0,5.0,10.0,69.0,149.0,225.0,44.0,0.0,0.0,0.0,0.0,0.0,0.0,0.0,0.0,0.0,0.0,0.0,0.0,0.0,0.0,0.0,0.0,0.0,0.0,0.0,0.0,0.0,0.0,0.0,0.0,0.0,0.0,0.0,0.0,0.0,0.0,0.0,0.0,1.0,0.0,1.0,0.0,0.0,0.0,0.0,0.0,0.0,0.0,0.0,0.0,0.0,0.0,0.0,0.0,0.0,0.0,0.0,0.0,0.0,0.0,0.0,0.0,0.0,0.0,0.0,0.0,0.0,0.0,5.0,0.0,1.0,0.0,0.0,0.0,0.0,0.0,0.0,0.0,0.0,0.0,0.0,0.0,0.0,0.0,0.0,0.0
75,1.0,75.0,London_291,dim5,151,453,1092.0,70.0,2.0,149943.0,0.9726182948797941,784.0,132.0,0.0,132.0,232.0,0.0,232.0,9.0,202.0,142.0,5.0,66.0,2.0,27.0,3.0,6.0,8.0,70.0,146.0,229.0,39.0,0.0,0.0,0.0,0.0,0.0,0.0,0.0,0.0,0.0,0.0,0.0,0.0,0.0,0.0,0.0,0.0,0.0,0.0,0.0,0.0,0.0,0.0,0.0,0.0,0.0,0.0,0.0,0.0,0.0,0.0,0.0,0.0,0.0,0.0,0.0,0.0,0.0,0.0,8.0,1.0,8.0,0.0,8.0,15.0,10.0,6.0,15.0,23.0,35.0,24.0,0.0,0.0,0.0,0.0,0.0,0.0,0.0,0.0,0.0,0.0,0.0,0.0,0.0,0.0,0.0,0.0,0.0,0.0,8.0,2.0,10.0,0.0,8.0,22.0,13.0,9.0,21.0,39.0,54.0,37.0
76,1.0,76.0,London_291,dim5,151,453,1092.0,70.0,2.0,126387.0,1.108660250902176,732.0,51.0,3.0,48.0,109.0,25.0,84.0,232.0,192.0,135.0,20.0,61.0,8.0,32.0,1.0,4.0,8.0,78.0,146.0,221.0,35.0,0.0,0.0,0.0,0.0,0.0,0.0,0.0,0.0,0.0,0.0,0.0,0.0,0.0,0.0,0.0,0.0,0.0,0.0,0.0,0.0,0.0,0.0,0.0,0.0,0.0,0.0,0.0,0.0,0.0,0.0,0.0,1.0,1.0,1.0,1.0,0.0,0.0,0.0,1.0,2.0,1.0,0.0,0.0,11.0,3.0,3.0,4.0,9.0,16.0,9.0,0.0,0.0,0.0,0.0,0.0,0.0,0.0,0.0,0.0,0.0,0.0,3.0,8.0,7.0,3.0,0.0,0.0,0.0,1.0,3.0,1.0,0.0,0.0,19.0,5.0,4.0,5.0,14.0,25.0,15.0
77,1.0,77.0,London_291,dim5,151,453,1092.0,70.0,2.0,145413.0,1.1728698250371963,774.0,9.0,1.0,8.0,19.0,9.0,10.0,109.0,195.0,145.0,8.0,70.0,6.0,24.0,2.0,3.0,8.0,80.0,137.0,228.0,29.0,0.0,0.0,0.0,0.0,0.0,0.0,0.0,0.0,0.0,0.0,0.0,0.0,0.0,0.0,0.0,0.0,0.0,0.0,0.0,0.0,0.0,0.0,0.0,0.0,0.0,0.0,0.0,0.0,0.0,0.0,0.0,0.0,0.0,0.0,0.0,0.0,0.0,0.0,0.0,0.0,0.0,0.0,1.0,2.0,1.0,0.0,4.0,2.0,0.0,2.0,0.0,0.0,0.0,0.0,0.0,0.0,0.0,0.0,0.0,0.0,0.0,0.0,0.0,0.0,0.0,0.0,0.0,0.0,0.0,0.0,0.0,0.0,1.0,2.0,1.0,0.0,5.0,2.0,0.0,2.0
78,1.0,78.0,London_291,dim5,151,453,1092.0,70.0,2.0,184371.0,1.328645136905834,860.0,134.0,2.0,132.0,249.0,17.0,232.0,19.0,193.0,143.0,9.0,74.0,6.0,25.0,0.0,3.0,8.0,84.0,133.0,228.0,29.0,0.0,0.0,0.0,0.0,0.0,0.0,0.0,0.0,0.0,0.0,0.0,0.0,0.0,0.0,0.0,0.0,0.0,0.0,0.0,0.0,0.0,0.0,0.0,0.0,0.0,0.0,0.0,0.0,0.0,0.0,0.0,0.0,0.0,0.0,0.0,0.0,0.0,0.0,5.0,4.0,1.0,2.0,9.0,14.0,10.0,5.0,7.0,28.0,25.0,19.0,0.0,0.0,0.0,0.0,0.0,0.0,0.0,0.0,0.0,0.0,0.0,0.0,0.0,0.0,0.0,0.0,0.0,0.0,6.0,6.0,1.0,3.0,12.0,18.0,13.0,7.0,9.0,45.0,32.0,25.0
79,1.0,79.0,London_291,dim5,151,453,1092.0,70.0,2.0,164439.0,1.0329871769063175,816.0,95.0,2.0,93.0,176.0,18.0,158.0,249.0,198.0,130.0,15.0,74.0,9.0,22.0,1.0,4.0,11.0,92.0,142.0,208.0,48.0,0.0,0.0,0.0,0.0,0.0,0.0,0.0,0.0,0.0,0.0,0.0,0.0,0.0,0.0,0.0,0.0,0.0,0.0,0.0,0.0,0.0,0.0,0.0,0.0,0.0,0.0,0.0,0.0,0.0,0.0,0.0,2.0,0.0,0.0,1.0,0.0,0.0,0.0,5.0,1.0,2.0,1.0,1.0,14.0,9.0,4.0,12.0,9.0,26.0,14.0,0.0,0.0,0.0,0.0,0.0,0.0,0.0,0.0,0.0,0.0,0.0,10.0,0.0,0.0,2.0,0.0,0.0,0.0,8.0,2.0,2.0,1.0,1.0,19.0,12.0,8.0,17.0,12.0,40.0,20.0
80,1.0,80.0,London_291,dim5,151,453,1092.0,70.0,2.0,168063.0,0.8855766230262816,824.0,36.0,0.0,36.0,62.0,0.0,62.0,176.0,207.0,140.0,11.0,64.0,8.0,17.0,1.0,5.0,9.0,95.0,144.0,205.0,59.0,0.0,0.0,0.0,0.0,0.0,0.0,0.0,0.0,0.0,0.0,0.0,0.0,0.0,0.0,0.0,0.0,0.0,0.0,0.0,0.0,0.0,0.0,0.0,0.0,0.0,0.0,0.0,0.0,0.0,0.0,0.0,0.0,0.0,0.0,0.0,0.0,0.0,0.0,2.0,0.0,1.0,0.0,0.0,3.0,2.0,3.0,6.0,5.0,12.0,8.0,0.0,0.0,0.0,0.0,0.0,0.0,0.0,0.0,0.0,0.0,0.0,0.0,0.0,0.0,0.0,0.0,0.0,0.0,3.0,0.0,1.0,0.0,0.0,6.0,3.0,3.0,8.0,7.0,17.0,10.0
81,1.0,81.0,London_291,dim5,151,453,1092.0,70.0,2.0,199773.0,1.7326341441366822,894.0,181.0,0.0,181.0,314.0,0.0,314.0,62.0,218.0,134.0,5.0,59.0,10.0,21.0,1.0,5.0,9.0,99.0,142.0,203.0,57.0,0.0,0.0,0.0,0.0,0.0,0.0,0.0,0.0,0.0,0.0,0.0,0.0,0.0,0.0,0.0,0.0,0.0,0.0,0.0,0.0,0.0,0.0,0.0,0.0,0.0,0.0,0.0,0.0,0.0,0.0,0.0,0.0,0.0,0.0,0.0,0.0,0.0,0.0,1.0,23.0,0.0,2.0,3.0,16.0,2.0,7.0,19.0,40.0,46.0,13.0,0.0,0.0,0.0,0.0,0.0,0.0,0.0,0.0,0.0,0.0,0.0,0.0,0.0,0.0,0.0,0.0,0.0,0.0,1.0,39.0,0.0,3.0,3.0,18.0,3.0,8.0,24.0,59.0,67.0,15.0
82,1.0,82.0,London_291,dim5,151,453,1092.0,70.0,2.0,151302.0,1.421375956153497,787.0,130.0,2.0,128.0,243.0,19.0,224.0,314.0,167.0,116.0,28.0,93.0,11.0,30.0,2.0,6.0,6.0,83.0,144.0,220.0,34.0,0.0,0.0,0.0,0.0,0.0,0.0,0.0,0.0,0.0,0.0,0.0,0.0,0.0,0.0,0.0,0.0,0.0,0.0,0.0,0.0,0.0,0.0,0.0,0.0,0.0,0.0,0.0,0.0,0.0,0.0,0.0,0.0,0.0,0.0,2.0,0.0,0.0,0.0,4.0,7.0,1.0,3.0,3.0,10.0,8.0,5.0,16.0,27.0,28.0,19.0,0.0,0.0,0.0,0.0,0.0,0.0,0.0,0.0,0.0,0.0,0.0,0.0,0.0,0.0,8.0,0.0,0.0,0.0,6.0,8.0,1.0,4.0,3.0,13.0,12.0,6.0,21.0,35.0,40.0,22.0
83,1.0,83.0,London_291,dim5,151,453,1092.0,70.0,2.0,126840.0,0.7196954169776291,733.0,0.0,0.0,0.0,0.0,0.0,0.0,243.0,175.0,128.0,33.0,90.0,5.0,12.0,0.0,10.0,10.0,88.0,145.0,210.0,44.0,0.0,0.0,0.0,0.0,0.0,0.0,0.0,0.0,0.0,0.0,0.0,0.0,0.0,0.0,0.0,0.0,0.0,0.0,0.0,0.0,0.0,0.0,0.0,0.0,0.0,0.0,0.0,0.0,0.0,0.0,0.0,0.0,0.0,0.0,0.0,0.0,0.0,0.0,0.0,0.0,0.0,0.0,0.0,0.0,0.0,0.0,0.0,0.0,0.0,0.0,0.0,0.0,0.0,0.0,0.0,0.0,0.0,0.0,0.0,0.0,0.0,0.0,0.0,0.0,0.0,0.0,0.0,0.0,0.0,0.0,0.0,0.0,0.0,0.0,0.0,0.0,0.0,0.0,0.0,0.0
84,1.0,84.0,London_291,dim5,151,453,1092.0,70.0,2.0,163986.0,1.794085563160479,815.0,90.0,2.0,88.0,172.0,19.0,153.0,0.0,175.0,128.0,33.0,90.0,5.0,12.0,0.0,10.0,10.0,88.0,145.0,210.0,44.0,0.0,0.0,0.0,0.0,0.0,0.0,0.0,0.0,0.0,0.0,0.0,0.0,0.0,0.0,0.0,0.0,0.0,0.0,0.0,0.0,0.0,0.0,0.0,0.0,0.0,0.0,0.0,0.0,1.0,0.0,0.0,1.0,1.0,1.0,1.0,0.0,0.0,0.0,8.0,4.0,2.0,6.0,1.0,5.0,7.0,11.0,5.0,19.0,20.0,14.0,0.0,0.0,0.0,0.0,0.0,0.0,0.0,0.0,3.0,0.0,0.0,6.0,9.0,8.0,2.0,0.0,0.0,0.0,8.0,6.0,2.0,7.0,1.0,7.0,12.0,18.0,7.0,34.0,29.0,18.0
85,1.0,85.0,London_291,dim5,151,453,1092.0,70.0,2.0,163533.0,0.9986677661072463,814.0,104.0,0.0,104.0,172.0,0.0,172.0,172.0,196.0,128.0,43.0,65.0,4.0,15.0,0.0,2.0,11.0,92.0,141.0,209.0,44.0,0.0,0.0,0.0,0.0,0.0,0.0,0.0,0.0,0.0,0.0,0.0,0.0,0.0,0.0,0.0,0.0,0.0,0.0,0.0,0.0,0.0,0.0,0.0,0.0,0.0,0.0,0.0,0.0,0.0,0.0,0.0,0.0,0.0,0.0,0.0,0.0,0.0,0.0,4.0,4.0,3.0,1.0,2.0,8.0,6.0,4.0,9.0,18.0,14.0,24.0,0.0,0.0,0.0,0.0,0.0,0.0,0.0,0.0,0.0,0.0,0.0,0.0,0.0,0.0,0.0,0.0,0.0,0.0,5.0,4.0,3.0,1.0,2.0,12.0,9.0,4.0,11.0,25.0,19.0,36.0
86,1.0,86.0,London_291,dim5,151,453,1092.0,70.0,2.0,160362.0,1.188970818882808,807.0,157.0,0.0,157.0,272.0,0.0,272.0,172.0,206.0,118.0,34.0,71.0,7.0,12.0,2.0,3.0,9.0,93.0,149.0,202.0,49.0,0.0,0.0,0.0,0.0,0.0,0.0,0.0,0.0,0.0,0.0,0.0,0.0,0.0,0.0,0.0,0.0,0.0,0.0,0.0,0.0,0.0,0.0,0.0,0.0,0.0,0.0,0.0,0.0,0.0,0.0,0.0,0.0,0.0,0.0,0.0,0.0,0.0,0.0,1.0,14.0,2.0,0.0,10.0,8.0,4.0,3.0,14.0,35.0,28.0,16.0,0.0,0.0,0.0,0.0,0.0,0.0,0.0,0.0,0.0,0.0,0.0,0.0,0.0,0.0,0.0,0.0,0.0,0.0,2.0,18.0,2.0,0.0,10.0,10.0,6.0,5.0,17.0,53.0,43.0,21.0
87,1.0,87.0,London_291,dim5,151,453,1092.0,70.0,2.0,125934.0,0.7651577740907669,731.0,46.0,0.0,46.0,84.0,0.0,84.0,272.0,226.0,100.0,22.0,65.0,10.0,26.0,0.0,4.0,4.0,89.0,143.0,217.0,38.0,0.0,0.0,0.0,0.0,0.0,0.0,0.0,0.0,0.0,0.0,0.0,0.0,0.0,0.0,0.0,0.0,0.0,0.0,0.0,0.0,0.0,0.0,0.0,0.0,0.0,0.0,0.0,0.0,0.0,0.0,0.0,0.0,0.0,0.0,0.0,0.0,0.0,0.0,2.0,2.0,0.0,0.0,0.0,6.0,5.0,4.0,6.0,6.0,13.0,8.0,0.0,0.0,0.0,0.0,0.0,0.0,0.0,0.0,0.0,0.0,0.0,0.0,0.0,0.0,0.0,0.0,0.0,0.0,3.0,3.0,0.0,0.0,0.0,7.0,7.0,6.0,11.0,7.0,20.0,10.0
88,1.0,88.0,London_291,dim5,151,453,1092.0,70.0,2.0,145413.0,1.1950249429792166,774.0,43.0,2.0,41.0,92.0,18.0,74.0,84.0,232.0,110.0,19.0,48.0,11.0,26.0,1.0,6.0,5.0,101.0,140.0,207.0,46.0,0.0,0.0,0.0,0.0,0.0,0.0,0.0,0.0,0.0,0.0,0.0,0.0,0.0,0.0,0.0,0.0,0.0,0.0,0.0,0.0,0.0,0.0,0.0,0.0,0.0,0.0,0.0,0.0,0.0,0.0,0.0,1.0,2.0,0.0,0.0,0.0,0.0,0.0,1.0,3.0,1.0,0.0,0.0,8.0,0.0,5.0,4.0,11.0,6.0,12.0,0.0,0.0,0.0,0.0,0.0,0.0,0.0,0.0,0.0,0.0,0.0,1.0,15.0,0.0,0.0,0.0,0.0,0.0,2.0,5.0,2.0,0.0,0.0,12.0,0.0,6.0,6.0,17.0,8.0,20.0
89,1.0,89.0,London_291,dim5,151,453,1092.0,70.0,2.0,164439.0,1.0488640959374607,816.0,67.0,0.0,67.0,109.0,0.0,109.0,92.0,233.0,118.0,14.0,38.0,13.0,24.0,6.0,7.0,4.0,90.0,138.0,221.0,44.0,0.0,0.0,0.0,0.0,0.0,0.0,0.0,0.0,0.0,0.0,0.0,0.0,0.0,0.0,0.0,0.0,0.0,0.0,0.0,0.0,0.0,0.0,0.0,0.0,0.0,0.0,0.0,0.0,0.0,0.0,0.0,0.0,0.0,0.0,0.0,0.0,0.0,0.0,3.0,5.0,0.0,0.0,0.0,6.0,5.0,3.0,10.0,8.0,23.0,6.0,0.0,0.0,0.0,0.0,0.0,0.0,0.0,0.0,0.0,0.0,0.0,0.0,0.0,0.0,0.0,0.0,0.0,0.0,5.0,7.0,0.0,0.0,0.0,8.0,5.0,3.0,11.0,15.0,35.0,8.0
90,1.0,90.0,London_291,dim5,151,453,1092.0,70.0,2.0,166251.0,1.396175896981731,820.0,86.0,2.0,84.0,155.0,20.0,135.0,109.0,253.0,106.0,6.0,35.0,17.0,25.0,4.0,7.0,4.0,91.0,138.0,220.0,48.0,0.0,0.0,0.0,0.0,0.0,0.0,0.0,0.0,0.0,0.0,0.0,0.0,0.0,0.0,0.0,0.0,0.0,0.0,0.0,0.0,0.0,0.0,0.0,0.0,0.0,0.0,0.0,0.0,0.0,1.0,0.0,2.0,0.0,1.0,2.0,0.0,0.0,0.0,1.0,2.0,0.0,0.0,1.0,15.0,7.0,4.0,8.0,13.0,22.0,10.0,0.0,0.0,0.0,0.0,0.0,0.0,0.0,0.0,0.0,1.0,0.0,14.0,0.0,8.0,7.0,0.0,0.0,0.0,1.0,3.0,0.0,0.0,1.0,18.0,9.0,7.0,11.0,18.0,30.0,11.0
91,1.0,91.0,London_291,dim5,151,453,1092.0,70.0,2.0,166251.0,1.2342183329164982,820.0,128.0,2.0,126.0,250.0,18.0,232.0,155.0,262.0,90.0,12.0,47.0,18.0,15.0,4.0,5.0,3.0,88.0,139.0,223.0,31.0,0.0,0.0,0.0,0.0,0.0,0.0,0.0,0.0,0.0,0.0,0.0,0.0,0.0,0.0,0.0,0.0,0.0,0.0,0.0,0.0,0.0,0.0,0.0,0.0,0.0,0.0,0.0,0.0,0.0,0.0,0.0,0.0,0.0,0.0,0.0,0.0,0.0,0.0,4.0,7.0,0.0,2.0,5.0,7.0,3.0,11.0,16.0,17.0,26.0,18.0,0.0,0.0,0.0,0.0,0.0,0.0,0.0,0.0,0.0,0.0,0.0,0.0,0.0,0.0,0.0,0.0,0.0,0.0,5.0,11.0,0.0,4.0,6.0,10.0,3.0,16.0,22.0,23.0,39.0,22.0
92,1.0,92.0,London_291,dim5,151,453,1092.0,70.0,2.0,134088.0,0.9559595540631562,749.0,62.0,2.0,60.0,120.0,19.0,101.0,250.0,229.0,95.0,13.0,75.0,5.0,30.0,2.0,4.0,5.0,79.0,142.0,227.0,44.0,0.0,0.0,0.0,0.0,0.0,0.0,0.0,0.0,0.0,0.0,0.0,0.0,0.0,0.0,0.0,0.0,0.0,0.0,0.0,0.0,0.0,0.0,0.0,0.0,0.0,0.0,0.0,0.0,1.0,0.0,0.0,1.0,0.0,1.0,1.0,0.0,0.0,0.0,1.0,3.0,1.0,2.0,0.0,8.0,1.0,5.0,9.0,7.0,17.0,10.0,0.0,0.0,0.0,0.0,0.0,0.0,0.0,0.0,3.0,0.0,0.0,2.0,0.0,7.0,2.0,0.0,0.0,0.0,1.0,3.0,1.0,2.0,0.0,12.0,2.0,9.0,10.0,10.0,21.0,16.0
93,1.0,93.0,London_291,dim5,151,453,1092.0,70.0,2.0,134994.0,0.9947230168618262,751.0,103.0,1.0,102.0,198.0,8.0,190.0,120.0,239.0,102.0,9.0,63.0,3.0,30.0,3.0,4.0,2.0,77.0,142.0,232.0,54.0,0.0,0.0,0.0,0.0,0.0,0.0,0.0,0.0,0.0,0.0,0.0,0.0,0.0,0.0,0.0,0.0,0.0,0.0,0.0,0.0,0.0,0.0,0.0,0.0,0.0,0.0,0.0,0.0,0.0,1.0,0.0,1.0,1.0,0.0,1.0,0.0,0.0,0.0,7.0,8.0,3.0,4.0,1.0,10.0,15.0,9.0,12.0,14.0,31.0,15.0,0.0,0.0,0.0,0.0,0.0,0.0,0.0,0.0,0.0,1.0,0.0,2.0,6.0,0.0,5.0,0.0,0.0,0.0,11.0,14.0,5.0,6.0,1.0,12.0,22.0,12.0,15.0,18.0,49.0,18.0
94,1.0,94.0,London_291,dim5,151,453,1092.0,70.0,2.0,110532.0,0.8720281030982733,697.0,108.0,0.0,108.0,188.0,0.0,188.0,198.0,249.0,99.0,22.0,49.0,0.0,29.0,3.0,2.0,3.0,76.0,151.0,223.0,26.0,0.0,0.0,0.0,0.0,0.0,0.0,0.0,0.0,0.0,0.0,0.0,0.0,0.0,0.0,0.0,0.0,0.0,0.0,0.0,0.0,0.0,0.0,0.0,0.0,0.0,0.0,0.0,0.0,0.0,0.0,0.0,0.0,0.0,0.0,0.0,0.0,0.0,0.0,0.0,3.0,0.0,2.0,8.0,11.0,11.0,0.0,13.0,16.0,31.0,17.0,0.0,0.0,0.0,0.0,0.0,0.0,0.0,0.0,0.0,0.0,0.0,0.0,0.0,0.0,0.0,0.0,0.0,0.0,0.0,4.0,0.0,3.0,9.0,17.0,15.0,0.0,18.0,22.0,47.0,21.0
95,1.0,95.0,London_291,dim5,151,453,1092.0,70.0,2.0,92412.0,0.5959161871578544,657.0,32.0,2.0,30.0,76.0,17.0,59.0,188.0,234.0,101.0,16.0,64.0,7.0,25.0,2.0,4.0,3.0,72.0,156.0,222.0,28.0,0.0,0.0,0.0,0.0,0.0,0.0,0.0,0.0,0.0,0.0,0.0,0.0,0.0,0.0,0.0,0.0,0.0,0.0,0.0,0.0,0.0,0.0,0.0,0.0,0.0,0.0,0.0,0.0,0.0,1.0,0.0,0.0,0.0,1.0,1.0,0.0,0.0,0.0,1.0,5.0,3.0,0.0,1.0,3.0,3.0,3.0,5.0,4.0,7.0,12.0,0.0,0.0,0.0,0.0,0.0,0.0,0.0,0.0,0.0,4.0,0.0,0.0,0.0,5.0,3.0,0.0,0.0,0.0,1.0,9.0,4.0,0.0,1.0,5.0,6.0,5.0,7.0,8.0,12.0,18.0
96,1.0,96.0,London_291,dim5,151,453,1092.0,70.0,2.0,115062.0,0.8894423828460276,707.0,42.0,0.0,42.0,71.0,0.0,71.0,76.0,243.0,114.0,14.0,68.0,2.0,8.0,2.0,2.0,9.0,69.0,150.0,225.0,34.0,0.0,0.0,0.0,0.0,0.0,0.0,0.0,0.0,0.0,0.0,0.0,0.0,0.0,0.0,0.0,0.0,0.0,0.0,0.0,0.0,0.0,0.0,0.0,0.0,0.0,0.0,0.0,0.0,0.0,0.0,0.0,0.0,0.0,0.0,0.0,0.0,0.0,0.0,2.0,2.0,0.0,1.0,2.0,4.0,4.0,5.0,10.0,6.0,12.0,10.0,0.0,0.0,0.0,0.0,0.0,0.0,0.0,0.0,0.0,0.0,0.0,0.0,0.0,0.0,0.0,0.0,0.0,0.0,3.0,2.0,0.0,2.0,3.0,5.0,6.0,8.0,14.0,8.0,20.0,12.0
97,1.0,97.0,London_291,dim5,151,453,1092.0,70.0,2.0,134994.0,0.977068796986714,751.0,84.0,0.0,84.0,158.0,0.0,158.0,71.0,247.0,115.0,22.0,57.0,3.0,7.0,0.0,2.0,13.0,67.0,142.0,231.0,37.0,0.0,0.0,0.0,0.0,0.0,0.0,0.0,0.0,0.0,0.0,0.0,0.0,0.0,0.0,0.0,0.0,0.0,0.0,0.0,0.0,0.0,0.0,0.0,0.0,0.0,0.0,0.0,0.0,0.0,0.0,0.0,0.0,0.0,0.0,0.0,0.0,0.0,0.0,1.0,6.0,0.0,5.0,2.0,8.0,7.0,4.0,8.0,20.0,13.0,21.0,0.0,0.0,0.0,0.0,0.0,0.0,0.0,0.0,0.0,0.0,0.0,0.0,0.0,0.0,0.0,0.0,0.0,0.0,1.0,9.0,0.0,9.0,2.0,13.0,9.0,5.0,10.0,34.0,17.0,26.0
98,1.0,98.0,London_291,dim5,151,453,1092.0,70.0,2.0,140430.0,0.8870757229160517,763.0,45.0,0.0,45.0,79.0,0.0,79.0,158.0,252.0,116.0,21.0,45.0,5.0,10.0,0.0,4.0,4.0,65.0,166.0,218.0,31.0,0.0,0.0,0.0,0.0,0.0,0.0,0.0,0.0,0.0,0.0,0.0,0.0,0.0,0.0,0.0,0.0,0.0,0.0,0.0,0.0,0.0,0.0,0.0,0.0,0.0,0.0,0.0,0.0,0.0,0.0,0.0,0.0,0.0,0.0,0.0,0.0,0.0,0.0,3.0,6.0,0.0,0.0,0.0,9.0,3.0,0.0,5.0,9.0,8.0,11.0,0.0,0.0,0.0,0.0,0.0,0.0,0.0,0.0,0.0,0.0,0.0,0.0,0.0,0.0,0.0,0.0,0.0,0.0,3.0,7.0,0.0,0.0,0.0,13.0,3.0,0.0,7.0,14.0,11.0,12.0
99,1.0,99.0,London_291,dim5,151,453,1092.0,70.0,2.0,162174.0,1.0149478919338435,811.0,34.0,0.0,34.0,54.0,0.0,54.0,79.0,251.0,125.0,24.0,37.0,5.0,9.0,0.0,2.0,6.0,66.0,168.0,213.0,43.0,0.0,0.0,0.0,0.0,0.0,0.0,0.0,0.0,0.0,0.0,0.0,0.0,0.0,0.0,0.0,0.0,0.0,0.0,0.0,0.0,0.0,0.0,0.0,0.0,0.0,0.0,0.0,0.0,0.0,0.0,0.0,0.0,0.0,0.0,0.0,0.0,0.0,0.0,1.0,0.0,0.0,0.0,0.0,3.0,2.0,3.0,7.0,9.0,6.0,8.0,0.0,0.0,0.0,0.0,0.0,0.0,0.0,0.0,0.0,0.0,0.0,0.0,0.0,0.0,0.0,0.0,0.0,0.0,1.0,0.0,0.0,0.0,0.0,3.0,2.0,3.0,10.0,13.0,9.0,10.0
100,1.0,100.0,London_291,dim5,151,453,1092.0,70.0,2.0,199320.0,1.3129751419182867,893.0,67.0,0.0,67.0,111.0,0.0,111.0,54.0,243.0,144.0,23.0,26.0,4.0,8.0,0.0,5.0,6.0,65.0,173.0,209.0,41.0,0.0,0.0,0.0,0.0,0.0,0.0,0.0,0.0,0.0,0.0,0.0,0.0,0.0,0.0,0.0,0.0,0.0,0.0,0.0,0.0,0.0,0.0,0.0,0.0,0.0,0.0,0.0,0.0,0.0,0.0,0.0,0.0,0.0,0.0,0.0,0.0,0.0,0.0,1.0,4.0,1.0,0.0,2.0,4.0,6.0,2.0,8.0,8.0,14.0,14.0,0.0,0.0,0.0,0.0,0.0,0.0,0.0,0.0,0.0,0.0,0.0,0.0,0.0,0.0,0.0,0.0,0.0,0.0,1.0,5.0,1.0,0.0,2.0,5.0,8.0,2.0,12.0,11.0,18.0,16.0
101,1.0,101.0,London_291,dim5,151,453,1092.0,70.0,2.0,211098.0,2.013750131940469,919.0,150.0,2.0,148.0,273.0,20.0,253.0,111.0,232.0,156.0,8.0,45.0,0.0,4.0,0.0,8.0,5.0,68.0,165.0,215.0,41.0,0.0,0.0,0.0,0.0,0.0,0.0,0.0,0.0,0.0,0.0,0.0,0.0,0.0,0.0,0.0,0.0,0.0,0.0,0.0,0.0,0.0,0.0,0.0,0.0,0.0,0.0,0.0,0.0,0.0,0.0,0.0,0.0,0.0,0.0,0.0,0.0,0.0,0.0,2.0,9.0,1.0,3.0,0.0,10.0,4.0,1.0,19.0,28.0,30.0,16.0,0.0,0.0,0.0,0.0,0.0,0.0,0.0,0.0,0.0,0.0,0.0,0.0,0.0,0.0,0.0,0.0,0.0,0.0,2.0,13.0,1.0,5.0,0.0,13.0,5.0,1.0,25.0,40.0,44.0,17.0
102,1.0,102.0,London_291,dim5,151,453,1092.0,70.0,2.0,180747.0,1.2980123800225556,852.0,171.0,1.0,170.0,304.0,10.0,294.0,273.0,219.0,108.0,14.0,81.0,2.0,20.0,0.0,9.0,7.0,72.0,144.0,230.0,35.0,0.0,0.0,0.0,0.0,0.0,0.0,0.0,0.0,0.0,0.0,0.0,0.0,0.0,0.0,0.0,0.0,0.0,0.0,0.0,0.0,0.0,0.0,0.0,0.0,0.0,0.0,0.0,0.0,0.0,0.0,0.0,0.0,0.0,0.0,0.0,0.0,0.0,0.0,0.0,11.0,1.0,2.0,9.0,15.0,5.0,2.0,21.0,31.0,36.0,18.0,0.0,0.0,0.0,0.0,0.0,0.0,0.0,0.0,0.0,0.0,0.0,0.0,0.0,0.0,0.0,0.0,0.0,0.0,0.0,18.0,1.0,4.0,10.0,24.0,6.0,3.0,26.0,47.0,53.0,24.0
103,1.0,103.0,London_291,dim5,151,453,1092.0,70.0,2.0,130917.0,0.819403475150466,742.0,122.0,1.0,121.0,211.0,8.0,203.0,304.0,186.0,102.0,26.0,87.0,8.0,29.0,1.0,14.0,7.0,65.0,171.0,210.0,48.0,0.0,0.0,0.0,0.0,0.0,0.0,0.0,0.0,0.0,0.0,0.0,0.0,0.0,0.0,0.0,0.0,0.0,0.0,0.0,0.0,0.0,0.0,0.0,0.0,0.0,0.0,0.0,0.0,0.0,0.0,0.0,0.0,0.0,1.0,1.0,0.0,0.0,0.0,1.0,4.0,0.0,1.0,0.0,13.0,9.0,8.0,14.0,23.0,33.0,24.0,0.0,0.0,0.0,0.0,0.0,0.0,0.0,0.0,0.0,0.0,0.0,0.0,0.0,6.0,3.0,0.0,0.0,0.0,3.0,4.0,0.0,1.0,0.0,17.0,12.0,10.0,16.0,37.0,52.0,32.0
104,1.0,104.0,London_291,dim5,151,453,1092.0,70.0,2.0,104190.0,0.5587259868625551,683.0,5.0,2.0,3.0,23.0,18.0,5.0,211.0,202.0,79.0,32.0,94.0,3.0,31.0,3.0,9.0,7.0,68.0,172.0,206.0,47.0,0.0,0.0,0.0,0.0,0.0,0.0,0.0,0.0,0.0,0.0,0.0,0.0,0.0,0.0,0.0,0.0,0.0,0.0,0.0,0.0,0.0,0.0,0.0,0.0,0.0,0.0,0.0,0.0,0.0,0.0,0.0,0.0,1.0,1.0,2.0,0.0,0.0,0.0,0.0,0.0,0.0,0.0,0.0,2.0,1.0,0.0,0.0,3.0,0.0,1.0,0.0,0.0,0.0,0.0,0.0,0.0,0.0,0.0,0.0,0.0,0.0,0.0,6.0,4.0,3.0,0.0,0.0,0.0,0.0,0.0,0.0,0.0,0.0,2.0,1.0,0.0,0.0,5.0,0.0,1.0
105,1.0,105.0,London_291,dim5,151,453,1092.0,70.0,2.0,142242.0,1.2538912729360163,767.0,172.0,2.0,170.0,311.0,18.0,293.0,23.0,201.0,71.0,32.0,97.0,4.0,35.0,3.0,10.0,6.0,72.0,159.0,216.0,49.0,0.0,0.0,0.0,0.0,0.0,0.0,0.0,0.0,0.0,0.0,0.0,0.0,0.0,0.0,0.0,0.0,0.0,0.0,0.0,0.0,0.0,0.0,0.0,0.0,0.0,0.0,0.0,0.0,0.0,0.0,0.0,0.0,0.0,1.0,0.0,0.0,0.0,0.0,0.0,17.0,5.0,3.0,1.0,19.0,10.0,9.0,15.0,32.0,41.0,19.0,0.0,0.0,0.0,0.0,0.0,0.0,0.0,0.0,0.0,0.0,0.0,0.0,0.0,9.0,0.0,0.0,0.0,0.0,0.0,25.0,5.0,4.0,1.0,22.0,12.0,12.0,19.0,52.0,57.0,26.0
106,1.0,106.0,London_291,dim5,151,453,1092.0,70.0,2.0,90600.0,0.3866944599431008,653.0,28.0,0.0,28.0,52.0,0.0,52.0,311.0,177.0,127.0,21.0,89.0,3.0,27.0,1.0,8.0,9.0,73.0,144.0,227.0,40.0,0.0,0.0,0.0,0.0,0.0,0.0,0.0,0.0,0.0,0.0,0.0,0.0,0.0,0.0,0.0,0.0,0.0,0.0,0.0,0.0,0.0,0.0,0.0,0.0,0.0,0.0,0.0,0.0,0.0,0.0,0.0,0.0,0.0,0.0,0.0,0.0,0.0,0.0,0.0,1.0,0.0,0.0,0.0,4.0,3.0,1.0,4.0,3.0,8.0,5.0,0.0,0.0,0.0,0.0,0.0,0.0,0.0,0.0,0.0,0.0,0.0,0.0,0.0,0.0,0.0,0.0,0.0,0.0,0.0,1.0,0.0,0.0,0.0,5.0,6.0,1.0,5.0,4.0,11.0,7.0
107,1.0,107.0,London_291,dim5,151,453,1092.0,70.0,2.0,118686.0,0.6515851409640163,715.0,28.0,0.0,28.0,42.0,0.0,42.0,52.0,178.0,132.0,20.0,81.0,4.0,28.0,2.0,8.0,11.0,80.0,144.0,218.0,50.0,0.0,0.0,0.0,0.0,0.0,0.0,0.0,0.0,0.0,0.0,0.0,0.0,0.0,0.0,0.0,0.0,0.0,0.0,0.0,0.0,0.0,0.0,0.0,0.0,0.0,0.0,0.0,0.0,0.0,0.0,0.0,0.0,0.0,0.0,0.0,0.0,0.0,0.0,1.0,1.0,0.0,0.0,0.0,1.0,0.0,2.0,2.0,4.0,4.0,4.0,0.0,0.0,0.0,0.0,0.0,0.0,0.0,0.0,0.0,0.0,0.0,0.0,0.0,0.0,0.0,0.0,0.0,0.0,1.0,1.0,0.0,0.0,0.0,1.0,0.0,2.0,2.0,6.0,4.0,4.0
108,1.0,108.0,London_291,dim5,151,453,1092.0,70.0,2.0,149943.0,1.0888760120142251,784.0,7.0,2.0,5.0,26.0,16.0,10.0,42.0,185.0,130.0,21.0,75.0,4.0,31.0,0.0,7.0,9.0,79.0,143.0,222.0,55.0,0.0,0.0,0.0,0.0,0.0,0.0,0.0,0.0,0.0,0.0,0.0,0.0,0.0,0.0,0.0,0.0,0.0,0.0,0.0,0.0,0.0,0.0,0.0,0.0,0.0,0.0,0.0,0.0,0.0,0.0,0.0,0.0,0.0,0.0,1.0,0.0,0.0,0.0,0.0,0.0,0.0,0.0,0.0,1.0,0.0,0.0,0.0,1.0,1.0,0.0,0.0,0.0,0.0,0.0,0.0,0.0,0.0,0.0,0.0,0.0,0.0,0.0,0.0,0.0,3.0,0.0,0.0,0.0,0.0,0.0,0.0,0.0,0.0,1.0,0.0,0.0,0.0,2.0,3.0,0.0
109,1.0,109.0,London_291,dim5,151,453,1092.0,70.0,2.0,202491.0,1.1714934969786555,900.0,108.0,2.0,106.0,196.0,19.0,177.0,26.0,187.0,133.0,23.0,70.0,3.0,29.0,0.0,8.0,6.0,75.0,141.0,231.0,50.0,0.0,0.0,0.0,0.0,0.0,0.0,0.0,0.0,0.0,0.0,0.0,0.0,0.0,0.0,0.0,0.0,0.0,0.0,0.0,0.0,0.0,0.0,0.0,0.0,0.0,0.0,0.0,0.0,0.0,0.0,0.0,1.0,0.0,0.0,1.0,0.0,0.0,0.0,3.0,10.0,0.0,1.0,2.0,19.0,6.0,2.0,9.0,28.0,22.0,18.0,0.0,0.0,0.0,0.0,0.0,0.0,0.0,0.0,0.0,0.0,0.0,2.0,0.0,0.0,5.0,0.0,0.0,0.0,3.0,16.0,0.0,1.0,2.0,26.0,7.0,3.0,10.0,38.0,35.0,22.0
110,1.0,110.0,London_291,dim5,151,453,1092.0,70.0,2.0,206115.0,1.0826216340065002,908.0,53.0,1.0,52.0,104.0,9.0,95.0,196.0,185.0,142.0,13.0,79.0,2.0,26.0,1.0,5.0,5.0,90.0,149.0,209.0,45.0,0.0,0.0,0.0,0.0,0.0,0.0,0.0,0.0,0.0,0.0,0.0,0.0,0.0,0.0,0.0,0.0,0.0,0.0,0.0,0.0,0.0,0.0,0.0,0.0,0.0,0.0,0.0,0.0,1.0,0.0,0.0,1.0,0.0,1.0,1.0,0.0,0.0,0.0,2.0,5.0,0.0,0.0,0.0,6.0,7.0,2.0,9.0,12.0,12.0,10.0,0.0,0.0,0.0,0.0,0.0,0.0,0.0,0.0,1.0,0.0,0.0,3.0,0.0,7.0,2.0,0.0,0.0,0.0,2.0,8.0,0.0,0.0,0.0,11.0,9.0,3.0,12.0,14.0,26.0,16.0
111,1.0,111.0,London_291,dim5,151,453,1092.0,70.0,2.0,229671.0,1.4412842099554837,960.0,190.0,0.0,190.0,331.0,0.0,331.0,104.0,180.0,157.0,8.0,78.0,2.0,21.0,1.0,6.0,3.0,87.0,156.0,207.0,49.0,0.0,0.0,0.0,0.0,0.0,0.0,0.0,0.0,0.0,0.0,0.0,0.0,0.0,0.0,0.0,0.0,0.0,0.0,0.0,0.0,0.0,0.0,0.0,0.0,0.0,0.0,0.0,0.0,0.0,0.0,0.0,0.0,0.0,0.0,0.0,0.0,0.0,0.0,0.0,14.0,11.0,0.0,6.0,5.0,7.0,2.0,13.0,35.0,43.0,23.0,0.0,0.0,0.0,0.0,0.0,0.0,0.0,0.0,0.0,0.0,0.0,0.0,0.0,0.0,0.0,0.0,0.0,0.0,0.0,18.0,11.0,0.0,7.0,5.0,11.0,2.0,18.0,51.0,66.0,31.0
112,1.0,112.0,London_291,dim5,151,453,1092.0,70.0,2.0,181653.0,0.852246361086145,854.0,79.0,0.0,79.0,142.0,0.0,142.0,331.0,153.0,137.0,22.0,93.0,6.0,30.0,3.0,9.0,9.0,83.0,152.0,209.0,45.0,0.0,0.0,0.0,0.0,0.0,0.0,0.0,0.0,0.0,0.0,0.0,0.0,0.0,0.0,0.0,0.0,0.0,0.0,0.0,0.0,0.0,0.0,0.0,0.0,0.0,0.0,0.0,0.0,0.0,0.0,0.0,0.0,0.0,0.0,0.0,0.0,0.0,0.0,7.0,0.0,0.0,1.0,0.0,6.0,2.0,10.0,8.0,20.0,23.0,14.0,0.0,0.0,0.0,0.0,0.0,0.0,0.0,0.0,0.0,0.0,0.0,0.0,0.0,0.0,0.0,0.0,0.0,0.0,8.0,0.0,0.0,2.0,0.0,7.0,3.0,15.0,13.0,29.0,36.0,19.0
113,1.0,113.0,London_291,dim5,151,453,1092.0,70.0,2.0,178482.0,1.347098746104166,847.0,146.0,0.0,146.0,239.0,0.0,239.0,142.0,161.0,133.0,23.0,84.0,4.0,34.0,2.0,12.0,10.0,83.0,148.0,212.0,53.0,0.0,0.0,0.0,0.0,0.0,0.0,0.0,0.0,0.0,0.0,0.0,0.0,0.0,0.0,0.0,0.0,0.0,0.0,0.0,0.0,0.0,0.0,0.0,0.0,0.0,0.0,0.0,0.0,0.0,0.0,0.0,0.0,0.0,0.0,0.0,0.0,0.0,0.0,3.0,12.0,0.0,2.0,0.0,12.0,7.0,16.0,14.0,33.0,26.0,31.0,0.0,0.0,0.0,0.0,0.0,0.0,0.0,0.0,0.0,0.0,0.0,0.0,0.0,0.0,0.0,0.0,0.0,0.0,3.0,15.0,0.0,2.0,0.0,14.0,10.0,18.0,20.0,49.0,39.0,38.0
114,1.0,114.0,London_291,dim5,151,453,1092.0,70.0,2.0,147225.0,0.8585767180193216,778.0,158.0,2.0,156.0,299.0,17.0,282.0,239.0,181.0,106.0,32.0,78.0,9.0,34.0,2.0,11.0,11.0,82.0,143.0,217.0,39.0,0.0,0.0,0.0,0.0,0.0,0.0,0.0,0.0,0.0,0.0,0.0,0.0,0.0,0.0,0.0,0.0,0.0,0.0,0.0,0.0,0.0,0.0,0.0,0.0,0.0,0.0,0.0,0.0,0.0,0.0,0.0,1.0,0.0,0.0,1.0,0.0,0.0,0.0,3.0,15.0,7.0,1.0,3.0,12.0,4.0,7.0,7.0,27.0,34.0,33.0,0.0,0.0,0.0,0.0,0.0,0.0,0.0,0.0,0.0,0.0,0.0,7.0,0.0,0.0,3.0,0.0,0.0,0.0,3.0,21.0,9.0,2.0,3.0,14.0,4.0,10.0,9.0,42.0,51.0,42.0
115,1.0,115.0,London_291,dim5,151,453,1092.0,70.0,2.0,102831.0,0.684801614144817,680.0,46.0,1.0,45.0,88.0,11.0,77.0,299.0,177.0,119.0,19.0,89.0,11.0,31.0,1.0,6.0,9.0,84.0,130.0,230.0,37.0,0.0,0.0,0.0,0.0,0.0,0.0,0.0,0.0,0.0,0.0,0.0,0.0,0.0,0.0,0.0,0.0,0.0,0.0,0.0,0.0,0.0,0.0,0.0,0.0,0.0,0.0,0.0,0.0,0.0,1.0,0.0,0.0,0.0,0.0,1.0,0.0,0.0,0.0,5.0,0.0,0.0,1.0,0.0,1.0,4.0,1.0,4.0,7.0,15.0,16.0,0.0,0.0,0.0,0.0,0.0,0.0,0.0,0.0,0.0,4.0,0.0,0.0,0.0,0.0,5.0,0.0,0.0,0.0,6.0,0.0,0.0,2.0,0.0,1.0,5.0,1.0,4.0,9.0,21.0,22.0
116,1.0,116.0,London_291,dim5,151,453,1092.0,70.0,2.0,104643.0,0.6863269580062479,684.0,118.0,1.0,117.0,205.0,9.0,196.0,88.0,184.0,128.0,19.0,77.0,7.0,31.0,2.0,5.0,11.0,82.0,145.0,215.0,45.0,0.0,0.0,0.0,0.0,0.0,0.0,0.0,0.0,0.0,0.0,0.0,0.0,0.0,0.0,0.0,0.0,0.0,0.0,0.0,0.0,0.0,0.0,0.0,0.0,0.0,0.0,0.0,0.0,0.0,0.0,0.0,0.0,1.0,0.0,1.0,0.0,0.0,0.0,9.0,5.0,4.0,0.0,0.0,11.0,8.0,13.0,8.0,21.0,31.0,24.0,0.0,0.0,0.0,0.0,0.0,0.0,0.0,0.0,0.0,0.0,0.0,0.0,8.0,0.0,2.0,0.0,0.0,0.0,12.0,8.0,7.0,0.0,0.0,13.0,11.0,18.0,11.0,30.0,43.0,34.0
117,1.0,117.0,London_291,dim5,151,453,1092.0,70.0,2.0,68856.0,0.9529582718387246,605.0,23.0,0.0,23.0,44.0,0.0,44.0,205.0,205.0,117.0,19.0,54.0,8.0,39.0,4.0,7.0,12.0,83.0,140.0,218.0,49.0,0.0,0.0,0.0,0.0,0.0,0.0,0.0,0.0,0.0,0.0,0.0,0.0,0.0,0.0,0.0,0.0,0.0,0.0,0.0,0.0,0.0,0.0,0.0,0.0,0.0,0.0,0.0,0.0,0.0,0.0,0.0,0.0,0.0,0.0,0.0,0.0,0.0,0.0,1.0,0.0,0.0,1.0,0.0,2.0,6.0,1.0,2.0,6.0,5.0,0.0,0.0,0.0,0.0,0.0,0.0,0.0,0.0,0.0,0.0,0.0,0.0,0.0,0.0,0.0,0.0,0.0,0.0,0.0,1.0,0.0,0.0,3.0,0.0,2.0,10.0,2.0,3.0,7.0,9.0,0.0
118,1.0,118.0,London_291,dim5,151,453,1092.0,70.0,2.0,85164.0,0.43568071397021413,641.0,15.0,3.0,12.0,44.0,25.0,19.0,44.0,210.0,116.0,17.0,50.0,9.0,38.0,5.0,8.0,15.0,81.0,142.0,215.0,55.0,0.0,0.0,0.0,0.0,0.0,0.0,0.0,0.0,0.0,0.0,0.0,0.0,0.0,0.0,0.0,0.0,0.0,0.0,0.0,0.0,0.0,0.0,0.0,0.0,0.0,0.0,0.0,0.0,0.0,0.0,0.0,1.0,1.0,1.0,1.0,0.0,0.0,0.0,0.0,0.0,0.0,0.0,0.0,1.0,0.0,1.0,1.0,4.0,4.0,3.0,0.0,0.0,0.0,0.0,0.0,0.0,0.0,0.0,0.0,0.0,0.0,2.0,6.0,8.0,2.0,0.0,0.0,0.0,0.0,0.0,0.0,0.0,0.0,2.0,0.0,1.0,1.0,6.0,5.0,5.0
119,1.0,119.0,London_291,dim5,151,453,1092.0,70.0,2.0,118233.0,0.7935329519677907,714.0,27.0,1.0,26.0,57.0,9.0,48.0,44.0,205.0,125.0,12.0,52.0,8.0,38.0,5.0,8.0,4.0,86.0,141.0,222.0,43.0,0.0,0.0,0.0,0.0,0.0,0.0,0.0,0.0,0.0,0.0,0.0,0.0,0.0,0.0,0.0,0.0,0.0,0.0,0.0,0.0,0.0,0.0,0.0,0.0,0.0,0.0,0.0,0.0,0.0,0.0,0.0,0.0,0.0,0.0,0.0,0.0,0.0,0.0,1.0,1.0,0.0,0.0,0.0,2.0,4.0,2.0,2.0,6.0,4.0,2.0,0.0,0.0,0.0,0.0,0.0,0.0,0.0,0.0,0.0,0.0,0.0,0.0,0.0,0.0,0.0,0.0,0.0,0.0,1.0,1.0,0.0,0.0,0.0,4.0,5.0,3.0,3.0,12.0,4.0,3.0
120,1.0,120.0,London_291,dim5,151,453,1092.0,70.0,2.0,141789.0,1.8081536898389459,766.0,107.0,2.0,105.0,206.0,17.0,189.0,57.0,210.0,117.0,13.0,54.0,8.0,37.0,5.0,9.0,3.0,88.0,131.0,231.0,40.0,0.0,0.0,0.0,0.0,0.0,0.0,0.0,0.0,0.0,0.0,0.0,0.0,0.0,0.0,0.0,0.0,0.0,0.0,0.0,0.0,0.0,0.0,0.0,0.0,0.0,0.0,0.0,0.0,0.0,0.0,0.0,0.0,0.0,0.0,0.0,0.0,0.0,0.0,5.0,5.0,0.0,5.0,1.0,16.0,6.0,6.0,8.0,24.0,19.0,20.0,0.0,0.0,0.0,0.0,0.0,0.0,0.0,0.0,0.0,0.0,0.0,0.0,0.0,0.0,0.0,0.0,0.0,0.0,5.0,7.0,0.0,7.0,1.0,20.0,7.0,9.0,11.0,41.0,31.0,31.0
121,1.0,121.0,London_291,dim5,151,453,1092.0,70.0,2.0,126840.0,0.970381050137803,733.0,55.0,2.0,53.0,114.0,18.0,96.0,206.0,213.0,88.0,12.0,72.0,11.0,40.0,5.0,12.0,8.0,89.0,138.0,218.0,40.0,0.0,0.0,0.0,0.0,0.0,0.0,0.0,0.0,0.0,0.0,0.0,0.0,0.0,0.0,0.0,0.0,0.0,0.0,0.0,0.0,0.0,0.0,0.0,0.0,0.0,0.0,0.0,0.0,0.0,0.0,0.0,2.0,0.0,0.0,2.0,0.0,0.0,0.0,1.0,2.0,0.0,2.0,0.0,6.0,3.0,2.0,7.0,9.0,17.0,6.0,0.0,0.0,0.0,0.0,0.0,0.0,0.0,0.0,0.0,0.0,0.0,6.0,0.0,0.0,6.0,0.0,0.0,0.0,1.0,3.0,0.0,2.0,0.0,6.0,4.0,2.0,10.0,15.0,27.0,7.0
122,1.0,122.0,London_291,dim5,151,453,1092.0,70.0,2.0,144960.0,1.16593749797903,773.0,18.0,0.0,18.0,36.0,0.0,36.0,114.0,221.0,93.0,15.0,59.0,6.0,36.0,4.0,19.0,7.0,98.0,123.0,225.0,47.0,0.0,0.0,0.0,0.0,0.0,0.0,0.0,0.0,0.0,0.0,0.0,0.0,0.0,0.0,0.0,0.0,0.0,0.0,0.0,0.0,0.0,0.0,0.0,0.0,0.0,0.0,0.0,0.0,0.0,0.0,0.0,0.0,0.0,0.0,0.0,0.0,0.0,0.0,0.0,2.0,0.0,1.0,0.0,1.0,1.0,1.0,1.0,1.0,5.0,8.0,0.0,0.0,0.0,0.0,0.0,0.0,0.0,0.0,0.0,0.0,0.0,0.0,0.0,0.0,0.0,0.0,0.0,0.0,0.0,2.0,0.0,1.0,0.0,2.0,3.0,2.0,1.0,1.0,6.0,11.0
123,1.0,123.0,London_291,dim5,151,453,1092.0,70.0,2.0,178029.0,1.3641617940738797,846.0,65.0,0.0,65.0,109.0,0.0,109.0,36.0,222.0,100.0,18.0,49.0,4.0,37.0,4.0,19.0,7.0,94.0,132.0,220.0,49.0,0.0,0.0,0.0,0.0,0.0,0.0,0.0,0.0,0.0,0.0,0.0,0.0,0.0,0.0,0.0,0.0,0.0,0.0,0.0,0.0,0.0,0.0,0.0,0.0,0.0,0.0,0.0,0.0,0.0,0.0,0.0,0.0,0.0,0.0,0.0,0.0,0.0,0.0,0.0,2.0,1.0,2.0,0.0,4.0,6.0,0.0,10.0,16.0,19.0,18.0,0.0,0.0,0.0,0.0,0.0,0.0,0.0,0.0,0.0,0.0,0.0,0.0,0.0,0.0,0.0,0.0,0.0,0.0,0.0,3.0,1.0,3.0,0.0,5.0,11.0,0.0,12.0,25.0,26.0,24.0
124,1.0,124.0,London_291,dim5,151,453,1092.0,70.0,2.0,181653.0,1.8715348849073052,854.0,119.0,2.0,117.0,243.0,19.0,224.0,109.0,222.0,96.0,16.0,42.0,6.0,45.0,4.0,22.0,6.0,100.0,124.0,223.0,47.0,0.0,0.0,0.0,0.0,0.0,0.0,0.0,0.0,0.0,0.0,0.0,0.0,0.0,0.0,0.0,0.0,0.0,0.0,0.0,0.0,0.0,0.0,0.0,0.0,0.0,0.0,0.0,0.0,0.0,0.0,0.0,0.0,0.0,0.0,1.0,0.0,0.0,0.0,0.0,10.0,4.0,1.0,7.0,15.0,0.0,0.0,6.0,20.0,28.0,28.0,0.0,0.0,0.0,0.0,0.0,0.0,0.0,0.0,0.0,0.0,0.0,0.0,0.0,0.0,1.0,0.0,0.0,0.0,0.0,14.0,6.0,2.0,8.0,21.0,0.0,0.0,8.0,31.0,36.0,39.0
125,1.0,125.0,London_291,dim5,151,453,1092.0,70.0,2.0,166251.0,1.6139857359230518,820.0,172.0,0.0,172.0,299.0,0.0,299.0,243.0,206.0,100.0,7.0,72.0,9.0,31.0,4.0,24.0,7.0,71.0,152.0,223.0,29.0,0.0,0.0,0.0,0.0,0.0,0.0,0.0,0.0,0.0,0.0,0.0,0.0,0.0,0.0,0.0,0.0,0.0,0.0,0.0,0.0,0.0,0.0,0.0,0.0,0.0,0.0,0.0,0.0,0.0,0.0,0.0,0.0,0.0,0.0,0.0,0.0,0.0,0.0,3.0,7.0,2.0,5.0,1.0,13.0,5.0,2.0,12.0,33.0,40.0,36.0,0.0,0.0,0.0,0.0,0.0,0.0,0.0,0.0,0.0,0.0,0.0,0.0,0.0,0.0,0.0,0.0,0.0,0.0,3.0,9.0,3.0,6.0,1.0,16.0,8.0,4.0,14.0,50.0,55.0,39.0
126,1.0,126.0,London_291,dim5,151,453,1092.0,70.0,2.0,125481.0,0.726018836023286,730.0,54.0,2.0,52.0,107.0,19.0,88.0,299.0,170.0,124.0,20.0,75.0,9.0,25.0,7.0,23.0,9.0,64.0,163.0,217.0,50.0,0.0,0.0,0.0,0.0,0.0,0.0,0.0,0.0,0.0,1.0,0.0,1.0,0.0,0.0,0.0,0.0,0.0,0.0,1.0,0.0,0.0,0.0,0.0,0.0,0.0,0.0,0.0,0.0,1.0,0.0,0.0,1.0,0.0,1.0,1.0,0.0,0.0,0.0,1.0,3.0,0.0,1.0,0.0,6.0,1.0,1.0,8.0,12.0,5.0,10.0,0.0,0.0,0.0,0.0,0.0,0.0,0.0,0.0,1.0,0.0,0.0,1.0,0.0,8.0,4.0,0.0,0.0,0.0,1.0,4.0,0.0,1.0,0.0,8.0,1.0,1.0,10.0,21.0,8.0,13.0
127,1.0,127.0,London_291,dim5,151,453,1092.0,70.0,2.0,137259.0,0.7329107928089797,756.0,22.0,0.0,22.0,41.0,0.0,41.0,100.0,171.0,114.0,15.0,80.0,12.0,26.0,8.0,27.0,10.0,70.0,157.0,216.0,57.0,0.0,0.0,0.0,0.0,0.0,0.0,0.0,0.0,0.0,0.0,0.0,0.0,0.0,0.0,0.0,0.0,0.0,0.0,0.0,0.0,0.0,0.0,0.0,0.0,0.0,0.0,0.0,0.0,0.0,0.0,0.0,0.0,0.0,0.0,0.0,0.0,0.0,0.0,0.0,0.0,0.0,0.0,0.0,0.0,3.0,5.0,2.0,10.0,4.0,4.0,0.0,0.0,0.0,0.0,0.0,0.0,0.0,0.0,0.0,0.0,0.0,0.0,0.0,0.0,0.0,0.0,0.0,0.0,0.0,0.0,0.0,0.0,0.0,0.0,7.0,9.0,3.0,15.0,6.0,6.0
128,1.0,128.0,London_291,dim5,151,453,1092.0,70.0,2.0,166704.0,1.1484968028962612,821.0,133.0,0.0,133.0,240.0,0.0,240.0,41.0,172.0,111.0,13.0,83.0,13.0,25.0,9.0,27.0,10.0,71.0,164.0,208.0,64.0,0.0,0.0,0.0,0.0,0.0,0.0,0.0,0.0,0.0,0.0,0.0,0.0,0.0,0.0,0.0,0.0,0.0,0.0,0.0,0.0,0.0,0.0,0.0,0.0,0.0,0.0,0.0,0.0,0.0,0.0,0.0,0.0,0.0,0.0,0.0,0.0,0.0,0.0,3.0,4.0,0.0,2.0,4.0,8.0,6.0,9.0,19.0,16.0,30.0,15.0,0.0,0.0,0.0,0.0,0.0,0.0,0.0,0.0,0.0,0.0,0.0,0.0,0.0,0.0,0.0,0.0,0.0,0.0,4.0,5.0,0.0,2.0,4.0,10.0,9.0,11.0,22.0,24.0,57.0,20.0
129,1.0,129.0,London_291,dim5,151,453,1092.0,70.0,2.0,137712.0,0.9378239491488785,757.0,102.0,0.0,102.0,196.0,0.0,196.0,240.0,173.0,114.0,13.0,68.0,15.0,39.0,8.0,23.0,9.0,72.0,150.0,222.0,55.0,0.0,0.0,0.0,0.0,0.0,0.0,0.0,0.0,0.0,0.0,0.0,0.0,0.0,0.0,0.0,0.0,0.0,0.0,0.0,0.0,0.0,0.0,0.0,0.0,0.0,0.0,0.0,0.0,0.0,0.0,0.0,0.0,0.0,0.0,0.0,0.0,0.0,0.0,3.0,11.0,1.0,3.0,3.0,4.0,10.0,7.0,9.0,26.0,17.0,17.0,0.0,0.0,0.0,0.0,0.0,0.0,0.0,0.0,0.0,0.0,0.0,0.0,0.0,0.0,0.0,0.0,0.0,0.0,3.0,15.0,1.0,7.0,3.0,4.0,20.0,9.0,14.0,45.0,27.0,27.0
130,1.0,130.0,London_291,dim5,151,453,1092.0,70.0,2.0,121404.0,0.8024612059816718,721.0,31.0,2.0,29.0,66.0,18.0,48.0,196.0,190.0,111.0,16.0,63.0,16.0,34.0,6.0,17.0,8.0,66.0,148.0,231.0,51.0,0.0,0.0,0.0,0.0,0.0,0.0,0.0,0.0,0.0,0.0,0.0,0.0,0.0,0.0,0.0,0.0,0.0,0.0,0.0,0.0,0.0,0.0,0.0,0.0,0.0,0.0,0.0,0.0,0.0,0.0,0.0,1.0,2.0,0.0,0.0,0.0,0.0,0.0,1.0,0.0,0.0,0.0,0.0,4.0,5.0,2.0,8.0,4.0,6.0,9.0,0.0,0.0,0.0,0.0,0.0,0.0,0.0,0.0,0.0,0.0,0.0,3.0,11.0,0.0,0.0,0.0,0.0,0.0,1.0,0.0,0.0,0.0,0.0,7.0,8.0,3.0,10.0,5.0,11.0,12.0
131,1.0,131.0,London_291,dim5,151,453,1092.0,70.0,2.0,140883.0,0.8082672480959445,764.0,85.0,0.0,85.0,148.0,0.0,148.0,66.0,185.0,108.0,17.0,68.0,16.0,34.0,7.0,18.0,3.0,78.0,139.0,233.0,41.0,0.0,0.0,0.0,0.0,0.0,0.0,0.0,0.0,0.0,0.0,0.0,0.0,0.0,0.0,0.0,0.0,0.0,0.0,0.0,0.0,0.0,0.0,0.0,0.0,0.0,0.0,0.0,0.0,0.0,0.0,0.0,0.0,0.0,0.0,0.0,0.0,0.0,0.0,1.0,4.0,1.0,0.0,0.0,11.0,7.0,7.0,13.0,23.0,15.0,20.0,0.0,0.0,0.0,0.0,0.0,0.0,0.0,0.0,0.0,0.0,0.0,0.0,0.0,0.0,0.0,0.0,0.0,0.0,1.0,5.0,2.0,0.0,0.0,14.0,10.0,13.0,19.0,34.0,26.0,26.0
132,1.0,132.0,London_291,dim5,151,453,1092.0,70.0,2.0,141336.0,1.0756836000364274,765.0,142.0,2.0,140.0,258.0,20.0,238.0,148.0,193.0,115.0,16.0,53.0,20.0,33.0,9.0,14.0,5.0,76.0,142.0,230.0,52.0,0.0,0.0,0.0,0.0,0.0,0.0,0.0,0.0,0.0,0.0,0.0,0.0,0.0,0.0,0.0,0.0,0.0,0.0,0.0,0.0,0.0,0.0,0.0,0.0,0.0,0.0,0.0,0.0,0.0,1.0,0.0,2.0,0.0,1.0,2.0,0.0,0.0,0.0,0.0,4.0,2.0,0.0,2.0,11.0,6.0,4.0,9.0,28.0,35.0,19.0,0.0,0.0,0.0,0.0,0.0,0.0,0.0,0.0,0.0,4.0,0.0,9.0,0.0,6.0,12.0,0.0,0.0,0.0,0.0,5.0,3.0,0.0,2.0,16.0,7.0,4.0,10.0,46.0,48.0,24.0
133,1.0,133.0,London_291,dim5,151,453,1092.0,70.0,2.0,122310.0,0.6918216911144555,723.0,48.0,2.0,46.0,92.0,18.0,74.0,258.0,196.0,96.0,21.0,74.0,10.0,40.0,2.0,14.0,6.0,69.0,150.0,228.0,37.0,0.0,0.0,0.0,0.0,0.0,0.0,0.0,0.0,0.0,0.0,0.0,0.0,0.0,0.0,0.0,0.0,0.0,0.0,0.0,0.0,0.0,0.0,0.0,0.0,0.0,0.0,0.0,0.0,0.0,0.0,0.0,0.0,0.0,0.0,0.0,0.0,0.0,0.0,6.0,1.0,0.0,0.0,0.0,3.0,3.0,6.0,6.0,11.0,13.0,11.0,0.0,0.0,0.0,0.0,0.0,0.0,0.0,0.0,0.0,0.0,0.0,0.0,0.0,0.0,0.0,0.0,0.0,0.0,9.0,2.0,0.0,0.0,0.0,3.0,3.0,7.0,7.0,16.0,18.0,15.0
134,1.0,134.0,London_291,dim5,151,453,1092.0,70.0,2.0,138165.0,0.8489559572190046,758.0,23.0,2.0,21.0,59.0,19.0,40.0,92.0,187.0,100.0,22.0,90.0,11.0,30.0,1.0,12.0,7.0,70.0,149.0,227.0,47.0,0.0,0.0,0.0,0.0,0.0,0.0,0.0,0.0,0.0,1.0,0.0,1.0,0.0,0.0,0.0,0.0,0.0,0.0,1.0,0.0,0.0,0.0,0.0,0.0,0.0,0.0,0.0,0.0,1.0,0.0,0.0,1.0,0.0,1.0,1.0,0.0,0.0,0.0,0.0,3.0,0.0,1.0,0.0,1.0,3.0,1.0,1.0,3.0,6.0,5.0,0.0,0.0,0.0,0.0,0.0,0.0,0.0,0.0,2.0,0.0,0.0,6.0,0.0,5.0,3.0,0.0,0.0,0.0,0.0,4.0,0.0,1.0,0.0,2.0,4.0,1.0,1.0,5.0,11.0,7.0
135,1.0,135.0,London_291,dim5,151,453,1092.0,70.0,2.0,173046.0,1.0714091081172228,835.0,91.0,1.0,90.0,160.0,8.0,152.0,56.0,185.0,104.0,25.0,85.0,8.0,33.0,1.0,12.0,8.0,75.0,137.0,233.0,47.0,0.0,0.0,0.0,0.0,0.0,0.0,0.0,0.0,0.0,0.0,0.0,0.0,0.0,0.0,0.0,0.0,0.0,0.0,0.0,0.0,0.0,0.0,0.0,0.0,0.0,0.0,0.0,0.0,0.0,1.0,0.0,1.0,1.0,0.0,1.0,0.0,0.0,0.0,1.0,7.0,1.0,1.0,0.0,11.0,9.0,6.0,5.0,19.0,19.0,15.0,0.0,0.0,0.0,0.0,0.0,0.0,0.0,0.0,0.0,1.0,0.0,1.0,6.0,0.0,3.0,0.0,0.0,0.0,1.0,14.0,1.0,1.0,0.0,13.0,13.0,6.0,7.0,28.0,26.0,18.0
136,1.0,136.0,London_291,dim5,151,453,1092.0,70.0,2.0,180294.0,1.2479758700355887,851.0,138.0,0.0,138.0,239.0,0.0,239.0,160.0,195.0,108.0,25.0,68.0,2.0,38.0,1.0,16.0,8.0,74.0,152.0,219.0,48.0,0.0,0.0,0.0,0.0,0.0,0.0,0.0,0.0,0.0,0.0,0.0,0.0,0.0,0.0,0.0,0.0,0.0,0.0,0.0,0.0,0.0,0.0,0.0,0.0,0.0,0.0,0.0,0.0,0.0,0.0,0.0,0.0,0.0,0.0,0.0,0.0,0.0,0.0,6.0,1.0,0.0,0.0,8.0,10.0,10.0,18.0,10.0,26.0,25.0,27.0,0.0,0.0,0.0,0.0,0.0,0.0,0.0,0.0,0.0,0.0,0.0,0.0,0.0,0.0,0.0,0.0,0.0,0.0,6.0,1.0,0.0,0.0,8.0,15.0,13.0,28.0,12.0,38.0,41.0,33.0
137,1.0,137.0,London_291,dim5,151,453,1092.0,70.0,2.0,155832.0,0.7744666079524904,797.0,2.0,2.0,0.0,17.0,17.0,0.0,239.0,187.0,102.0,16.0,82.0,2.0,43.0,3.0,18.0,4.0,80.0,154.0,215.0,38.0,0.0,0.0,0.0,0.0,0.0,0.0,0.0,0.0,0.0,0.0,0.0,0.0,0.0,0.0,0.0,0.0,0.0,0.0,0.0,0.0,0.0,0.0,0.0,0.0,0.0,0.0,0.0,0.0,0.0,1.0,0.0,0.0,0.0,1.0,1.0,0.0,0.0,0.0,0.0,0.0,0.0,0.0,0.0,0.0,0.0,0.0,0.0,0.0,0.0,0.0,0.0,0.0,0.0,0.0,0.0,0.0,0.0,0.0,0.0,5.0,0.0,0.0,0.0,5.0,5.0,0.0,0.0,0.0,0.0,0.0,0.0,0.0,0.0,0.0,0.0,0.0,0.0,0.0,0.0,0.0
138,1.0,138.0,London_291,dim5,151,453,1092.0,70.0,2.0,196149.0,1.3026923220604658,886.0,155.0,0.0,155.0,253.0,0.0,253.0,17.0,190.0,109.0,17.0,86.0,1.0,28.0,3.0,19.0,4.0,80.0,152.0,217.0,37.0,0.0,0.0,0.0,0.0,0.0,0.0,0.0,0.0,0.0,0.0,0.0,0.0,0.0,0.0,0.0,0.0,0.0,0.0,0.0,0.0,0.0,0.0,0.0,0.0,0.0,0.0,0.0,0.0,0.0,0.0,0.0,0.0,0.0,0.0,0.0,0.0,0.0,0.0,4.0,11.0,1.0,1.0,1.0,10.0,12.0,15.0,10.0,28.0,35.0,25.0,0.0,0.0,0.0,0.0,0.0,0.0,0.0,0.0,0.0,0.0,0.0,0.0,0.0,0.0,0.0,0.0,0.0,0.0,4.0,12.0,1.0,1.0,1.0,15.0,16.0,21.0,15.0,41.0,46.0,28.0
139,1.0,139.0,London_291,dim5,151,453,1092.0,70.0,2.0,166251.0,1.1807739809155464,820.0,139.0,0.0,139.0,241.0,0.0,241.0,253.0,191.0,119.0,18.0,79.0,6.0,25.0,2.0,13.0,6.0,88.0,151.0,208.0,43.0,0.0,0.0,0.0,0.0,0.0,0.0,0.0,0.0,0.0,0.0,0.0,0.0,0.0,0.0,0.0,0.0,0.0,0.0,0.0,0.0,0.0,0.0,0.0,0.0,0.0,0.0,0.0,0.0,0.0,0.0,0.0,0.0,0.0,0.0,0.0,0.0,0.0,0.0,4.0,5.0,5.0,1.0,0.0,5.0,7.0,4.0,15.0,29.0,30.0,17.0,0.0,0.0,0.0,0.0,0.0,0.0,0.0,0.0,0.0,0.0,0.0,0.0,0.0,0.0,0.0,0.0,0.0,0.0,6.0,7.0,5.0,2.0,0.0,6.0,8.0,4.0,22.0,40.0,43.0,21.0
140,1.0,140.0,London_291,dim5,151,453,1092.0,70.0,2.0,138165.0,0.8521657160017639,758.0,81.0,0.0,81.0,133.0,0.0,133.0,241.0,203.0,112.0,23.0,63.0,5.0,36.0,2.0,9.0,7.0,76.0,155.0,215.0,45.0,0.0,0.0,0.0,0.0,0.0,0.0,0.0,0.0,0.0,0.0,0.0,0.0,0.0,0.0,0.0,0.0,0.0,0.0,0.0,0.0,0.0,0.0,0.0,0.0,0.0,0.0,0.0,0.0,0.0,0.0,0.0,0.0,0.0,0.0,0.0,0.0,0.0,0.0,1.0,0.0,1.0,1.0,0.0,8.0,3.0,4.0,6.0,18.0,16.0,22.0,0.0,0.0,0.0,0.0,0.0,0.0,0.0,0.0,0.0,0.0,0.0,0.0,0.0,0.0,0.0,0.0,0.0,0.0,1.0,0.0,1.0,1.0,0.0,9.0,5.0,4.0,8.0,28.0,21.0,27.0
141,1.0,141.0,London_291,dim5,151,453,1092.0,70.0,2.0,144507.0,1.0135194610338658,772.0,87.0,0.0,87.0,155.0,0.0,155.0,133.0,197.0,122.0,24.0,52.0,3.0,37.0,4.0,14.0,10.0,74.0,157.0,212.0,55.0,0.0,0.0,0.0,0.0,0.0,0.0,0.0,0.0,0.0,0.0,0.0,0.0,0.0,0.0,0.0,0.0,0.0,0.0,0.0,0.0,0.0,0.0,0.0,0.0,0.0,0.0,0.0,0.0,0.0,0.0,0.0,0.0,0.0,0.0,0.0,0.0,0.0,0.0,3.0,2.0,0.0,0.0,5.0,11.0,6.0,7.0,7.0,13.0,21.0,16.0,0.0,0.0,0.0,0.0,0.0,0.0,0.0,0.0,0.0,0.0,0.0,0.0,0.0,0.0,0.0,0.0,0.0,0.0,3.0,2.0,0.0,0.0,5.0,16.0,10.0,9.0,9.0,17.0,37.0,21.0
142,1.0,142.0,London_291,dim5,151,453,1092.0,70.0,2.0,156738.0,1.3585880619939417,799.0,118.0,0.0,118.0,199.0,0.0,199.0,155.0,207.0,118.0,9.0,58.0,4.0,43.0,4.0,10.0,10.0,78.0,158.0,207.0,55.0,0.0,0.0,0.0,0.0,0.0,0.0,0.0,0.0,0.0,0.0,0.0,0.0,0.0,0.0,0.0,0.0,0.0,0.0,0.0,0.0,0.0,0.0,0.0,0.0,0.0,0.0,0.0,0.0,0.0,0.0,0.0,0.0,0.0,0.0,0.0,0.0,0.0,0.0,7.0,7.0,0.0,4.0,2.0,17.0,7.0,3.0,10.0,20.0,24.0,26.0,0.0,0.0,0.0,0.0,0.0,0.0,0.0,0.0,0.0,0.0,0.0,0.0,0.0,0.0,0.0,0.0,0.0,0.0,8.0,8.0,0.0,5.0,2.0,20.0,10.0,3.0,14.0,33.0,33.0,36.0
143,1.0,143.0,London_291,dim5,151,453,1092.0,70.0,2.0,141789.0,0.8879302099812776,766.0,16.0,2.0,14.0,44.0,20.0,24.0,199.0,218.0,101.0,12.0,64.0,8.0,39.0,5.0,6.0,7.0,80.0,161.0,205.0,34.0,0.0,0.0,0.0,0.0,0.0,0.0,0.0,0.0,0.0,0.0,0.0,0.0,0.0,0.0,0.0,0.0,0.0,0.0,0.0,0.0,0.0,0.0,0.0,0.0,0.0,0.0,0.0,0.0,0.0,0.0,0.0,2.0,0.0,0.0,1.0,0.0,0.0,0.0,0.0,0.0,0.0,0.0,0.0,2.0,2.0,0.0,2.0,3.0,2.0,4.0,0.0,0.0,0.0,0.0,0.0,0.0,0.0,0.0,0.0,0.0,0.0,5.0,0.0,0.0,1.0,0.0,0.0,0.0,0.0,0.0,0.0,0.0,0.0,4.0,3.0,0.0,2.0,4.0,2.0,6.0
144,1.0,144.0,London_291,dim5,151,453,1092.0,70.0,2.0,183465.0,1.4139973940327764,858.0,93.0,1.0,92.0,168.0,10.0,158.0,44.0,214.0,100.0,14.0,64.0,8.0,41.0,5.0,7.0,3.0,82.0,151.0,217.0,29.0,0.0,0.0,0.0,0.0,0.0,0.0,0.0,0.0,0.0,0.0,0.0,0.0,0.0,0.0,0.0,0.0,0.0,0.0,0.0,0.0,0.0,0.0,0.0,0.0,0.0,0.0,0.0,0.0,0.0,0.0,0.0,0.0,0.0,0.0,0.0,0.0,0.0,0.0,0.0,6.0,3.0,0.0,0.0,4.0,7.0,3.0,6.0,16.0,14.0,22.0,0.0,0.0,0.0,0.0,0.0,0.0,0.0,0.0,0.0,0.0,0.0,0.0,0.0,0.0,0.0,0.0,0.0,0.0,0.0,6.0,4.0,0.0,0.0,6.0,8.0,5.0,8.0,25.0,20.0,26.0
145,1.0,145.0,London_291,dim5,151,453,1092.0,70.0,2.0,180747.0,1.3440698590129614,852.0,103.0,1.0,102.0,172.0,8.0,164.0,168.0,212.0,94.0,19.0,60.0,16.0,38.0,4.0,10.0,4.0,93.0,137.0,219.0,38.0,0.0,0.0,0.0,0.0,0.0,0.0,0.0,0.0,0.0,0.0,0.0,0.0,0.0,0.0,0.0,0.0,0.0,0.0,0.0,0.0,0.0,0.0,0.0,0.0,0.0,0.0,0.0,0.0,0.0,0.0,0.0,0.0,0.0,1.0,1.0,0.0,0.0,0.0,0.0,5.0,0.0,0.0,0.0,11.0,9.0,4.0,10.0,23.0,21.0,19.0,0.0,0.0,0.0,0.0,0.0,0.0,0.0,0.0,0.0,0.0,0.0,0.0,0.0,6.0,2.0,0.0,0.0,0.0,0.0,6.0,0.0,0.0,0.0,13.0,14.0,5.0,12.0,31.0,31.0,24.0
146,1.0,146.0,London_291,dim5,151,453,1092.0,70.0,2.0,168063.0,1.3536104869563133,824.0,97.0,2.0,95.0,185.0,18.0,167.0,172.0,208.0,114.0,19.0,44.0,15.0,49.0,1.0,3.0,9.0,96.0,136.0,212.0,49.0,0.0,0.0,0.0,0.0,0.0,0.0,0.0,0.0,0.0,0.0,0.0,0.0,0.0,0.0,0.0,0.0,0.0,0.0,0.0,0.0,0.0,0.0,0.0,0.0,0.0,0.0,0.0,0.0,0.0,0.0,0.0,0.0,1.0,1.0,1.0,0.0,0.0,0.0,1.0,4.0,0.0,1.0,0.0,20.0,5.0,1.0,12.0,15.0,21.0,17.0,0.0,0.0,0.0,0.0,0.0,0.0,0.0,0.0,0.0,0.0,0.0,0.0,10.0,7.0,5.0,0.0,0.0,0.0,1.0,10.0,0.0,1.0,0.0,26.0,6.0,1.0,15.0,21.0,28.0,24.0
147,1.0,147.0,London_291,dim5,151,453,1092.0,70.0,2.0,159456.0,1.4518179839942604,805.0,135.0,2.0,133.0,238.0,18.0,220.0,185.0,215.0,108.0,7.0,60.0,14.0,44.0,2.0,3.0,11.0,88.0,146.0,208.0,47.0,0.0,0.0,0.0,0.0,0.0,0.0,0.0,0.0,0.0,0.0,0.0,0.0,0.0,0.0,0.0,0.0,0.0,0.0,0.0,0.0,0.0,0.0,0.0,0.0,0.0,0.0,0.0,0.0,0.0,0.0,0.0,0.0,0.0,1.0,0.0,0.0,0.0,0.0,2.0,3.0,0.0,0.0,0.0,9.0,12.0,5.0,13.0,35.0,32.0,24.0,0.0,0.0,0.0,0.0,0.0,0.0,0.0,0.0,0.0,0.0,0.0,0.0,0.0,6.0,0.0,0.0,0.0,0.0,2.0,4.0,0.0,0.0,0.0,12.0,16.0,6.0,16.0,51.0,40.0,31.0
148,1.0,148.0,London_291,dim5,151,453,1092.0,70.0,2.0,131823.0,0.9390745100099593,744.0,150.0,0.0,150.0,262.0,0.0,262.0,238.0,210.0,96.0,17.0,74.0,12.0,42.0,2.0,0.0,9.0,97.0,124.0,223.0,50.0,0.0,0.0,0.0,0.0,0.0,0.0,0.0,0.0,0.0,0.0,0.0,0.0,0.0,0.0,0.0,0.0,0.0,0.0,0.0,0.0,0.0,0.0,0.0,0.0,0.0,0.0,0.0,0.0,0.0,0.0,0.0,0.0,0.0,0.0,0.0,0.0,0.0,0.0,1.0,10.0,0.0,6.0,0.0,10.0,8.0,4.0,16.0,26.0,35.0,22.0,0.0,0.0,0.0,0.0,0.0,0.0,0.0,0.0,0.0,0.0,0.0,0.0,0.0,0.0,0.0,0.0,0.0,0.0,1.0,17.0,0.0,10.0,0.0,11.0,8.0,5.0,20.0,36.0,53.0,36.0
149,1.0,149.0,London_291,dim5,151,453,1092.0,70.0,2.0,99660.0,0.47632615687325597,673.0,30.0,0.0,30.0,56.0,0.0,56.0,262.0,205.0,103.0,16.0,84.0,10.0,24.0,5.0,6.0,9.0,87.0,133.0,224.0,44.0,0.0,0.0,0.0,0.0,0.0,0.0,0.0,0.0,0.0,0.0,0.0,0.0,0.0,0.0,0.0,0.0,0.0,0.0,0.0,0.0,0.0,0.0,0.0,0.0,0.0,0.0,0.0,0.0,0.0,0.0,0.0,0.0,0.0,0.0,0.0,0.0,0.0,0.0,0.0,1.0,0.0,0.0,0.0,6.0,3.0,4.0,1.0,6.0,4.0,6.0,0.0,0.0,0.0,0.0,0.0,0.0,0.0,0.0,0.0,0.0,0.0,0.0,0.0,0.0,0.0,0.0,0.0,0.0,0.0,1.0,0.0,0.0,0.0,9.0,6.0,8.0,2.0,12.0,7.0,9.0
150,1.0,150.0,London_291,dim5,151,453,1092.0,70.0,2.0,129558.0,1.4904197158757597,739.0,15.0,2.0,13.0,37.0,16.0,21.0,56.0,207.0,114.0,5.0,78.0,12.0,28.0,5.0,4.0,10.0,90.0,142.0,211.0,50.0,0.0,0.0,0.0,0.0,0.0,0.0,0.0,0.0,0.0,0.0,0.0,0.0,0.0,0.0,0.0,0.0,0.0,0.0,0.0,0.0,0.0,0.0,0.0,0.0,0.0,0.0,0.0,0.0,0.0,0.0,0.0,1.0,0.0,0.0,1.0,0.0,0.0,0.0,0.0,0.0,0.0,0.0,0.0,2.0,2.0,0.0,1.0,4.0,4.0,5.0,0.0,0.0,0.0,0.0,0.0,0.0,0.0,0.0,0.0,0.0,0.0,1.0,0.0,0.0,3.0,0.0,0.0,0.0,0.0,0.0,0.0,0.0,0.0,2.0,2.0,0.0,1.0,5.0,6.0,6.0
151,1.0,151.0,London_291,dim5,151,453,1092.0,70.0,2.0,156285.0,0.8187708198092878,798.0,2.0,2.0,0.0,19.0,19.0,0.0,37.0,209.0,116.0,6.0,80.0,7.0,29.0,4.0,2.0,7.0,97.0,127.0,222.0,49.0,0.0,0.0,0.0,0.0,0.0,0.0,0.0,0.0,0.0,0.0,0.0,0.0,0.0,0.0,0.0,0.0,0.0,0.0,0.0,0.0,0.0,0.0,0.0,0.0,0.0,0.0,0.0,0.0,0.0,0.0,0.0,0.0,0.0,0.0,1.0,0.0,0.0,0.0,0.0,0.0,0.0,0.0,0.0,0.0,0.0,0.0,0.0,0.0,0.0,0.0,0.0,0.0,0.0,0.0,0.0,0.0,0.0,0.0,0.0,0.0,0.0,0.0,0.0,0.0,3.0,0.0,0.0,0.0,0.0,0.0,0.0,0.0,0.0,0.0,0.0,0.0,0.0,0.0,0.0,0.0
152,1.0,152.0,London_291,dim5,151,453,1092.0,70.0,2.0,192525.0,1.502111944137141,878.0,183.0,1.0,182.0,305.0,9.0,296.0,19.0,202.0,114.0,7.0,86.0,7.0,30.0,5.0,2.0,5.0,97.0,119.0,232.0,43.0,0.0,0.0,0.0,0.0,0.0,0.0,0.0,0.0,0.0,0.0,0.0,0.0,0.0,0.0,0.0,0.0,0.0,0.0,0.0,0.0,0.0,0.0,0.0,0.0,0.0,0.0,0.0,0.0,1.0,0.0,0.0,1.0,0.0,1.0,1.0,0.0,0.0,0.0,3.0,28.0,0.0,0.0,0.0,21.0,7.0,5.0,26.0,30.0,42.0,19.0,0.0,0.0,0.0,0.0,0.0,0.0,0.0,0.0,2.0,0.0,0.0,4.0,0.0,8.0,3.0,0.0,0.0,0.0,3.0,42.0,0.0,0.0,0.0,30.0,13.0,7.0,33.0,46.0,55.0,25.0
153,1.0,153.0,London_291,dim5,151,453,1092.0,70.0,2.0,142242.0,0.7419200181029737,767.0,83.0,0.0,83.0,144.0,0.0,144.0,305.0,178.0,114.0,22.0,94.0,11.0,25.0,4.0,5.0,7.0,87.0,141.0,218.0,31.0,0.0,0.0,0.0,0.0,0.0,0.0,0.0,0.0,0.0,0.0,0.0,0.0,0.0,0.0,0.0,0.0,0.0,0.0,0.0,0.0,0.0,0.0,0.0,0.0,0.0,0.0,0.0,0.0,0.0,0.0,0.0,0.0,0.0,0.0,0.0,0.0,0.0,0.0,4.0,1.0,0.0,1.0,0.0,7.0,4.0,6.0,4.0,23.0,12.0,19.0,0.0,0.0,0.0,0.0,0.0,0.0,0.0,0.0,0.0,0.0,0.0,0.0,0.0,0.0,0.0,0.0,0.0,0.0,4.0,1.0,0.0,1.0,0.0,7.0,6.0,10.0,6.0,36.0,14.0,24.0
154,1.0,154.0,London_291,dim5,151,453,1092.0,70.0,2.0,140883.0,0.9309161889832467,764.0,107.0,0.0,107.0,180.0,0.0,180.0,144.0,179.0,124.0,25.0,79.0,14.0,24.0,4.0,4.0,15.0,85.0,143.0,210.0,56.0,0.0,0.0,0.0,0.0,0.0,0.0,0.0,0.0,0.0,0.0,0.0,0.0,0.0,0.0,0.0,0.0,0.0,0.0,0.0,0.0,0.0,0.0,0.0,0.0,0.0,0.0,0.0,0.0,0.0,0.0,0.0,0.0,0.0,0.0,0.0,0.0,0.0,0.0,10.0,5.0,0.0,2.0,0.0,6.0,7.0,15.0,7.0,21.0,24.0,25.0,0.0,0.0,0.0,0.0,0.0,0.0,0.0,0.0,0.0,0.0,0.0,0.0,0.0,0.0,0.0,0.0,0.0,0.0,10.0,7.0,0.0,3.0,0.0,7.0,13.0,20.0,10.0,28.0,40.0,30.0
155,1.0,155.0,London_291,dim5,151,453,1092.0,70.0,2.0,126387.0,0.9354524631053209,732.0,117.0,0.0,117.0,207.0,0.0,207.0,180.0,191.0,139.0,28.0,61.0,10.0,19.0,0.0,5.0,15.0,90.0,150.0,198.0,62.0,0.0,0.0,0.0,0.0,0.0,0.0,0.0,0.0,0.0,0.0,0.0,0.0,0.0,0.0,0.0,0.0,0.0,0.0,0.0,0.0,0.0,0.0,0.0,0.0,0.0,0.0,0.0,0.0,0.0,0.0,0.0,0.0,0.0,0.0,0.0,0.0,0.0,0.0,6.0,7.0,3.0,3.0,0.0,6.0,6.0,13.0,14.0,27.0,21.0,21.0,0.0,0.0,0.0,0.0,0.0,0.0,0.0,0.0,0.0,0.0,0.0,0.0,0.0,0.0,0.0,0.0,0.0,0.0,7.0,12.0,3.0,3.0,0.0,6.0,8.0,19.0,19.0,38.0,34.0,25.0
156,1.0,156.0,London_291,dim5,151,453,1092.0,70.0,2.0,107814.0,0.8177145288791507,691.0,23.0,2.0,21.0,51.0,17.0,34.0,207.0,202.0,136.0,16.0,61.0,6.0,23.0,1.0,8.0,12.0,79.0,141.0,221.0,66.0,0.0,0.0,0.0,0.0,0.0,0.0,0.0,0.0,0.0,0.0,0.0,0.0,0.0,0.0,0.0,0.0,0.0,0.0,0.0,0.0,0.0,0.0,0.0,0.0,0.0,0.0,0.0,0.0,0.0,0.0,0.0,1.0,0.0,0.0,1.0,0.0,0.0,0.0,1.0,0.0,0.0,1.0,0.0,2.0,3.0,2.0,3.0,5.0,4.0,3.0,0.0,0.0,0.0,0.0,0.0,0.0,0.0,0.0,0.0,0.0,0.0,2.0,0.0,0.0,1.0,0.0,0.0,0.0,1.0,0.0,0.0,3.0,0.0,2.0,4.0,3.0,3.0,6.0,5.0,3.0
157,1.0,157.0,London_291,dim5,151,453,1092.0,70.0,2.0,130917.0,0.8340026680380106,742.0,26.0,1.0,25.0,58.0,11.0,47.0,51.0,207.0,132.0,18.0,62.0,6.0,21.0,1.0,6.0,6.0,80.0,140.0,227.0,57.0,0.0,0.0,0.0,0.0,0.0,0.0,0.0,0.0,0.0,0.0,0.0,0.0,0.0,0.0,0.0,0.0,0.0,0.0,0.0,0.0,0.0,0.0,0.0,0.0,0.0,0.0,0.0,0.0,0.0,1.0,0.0,0.0,0.0,0.0,1.0,0.0,0.0,0.0,2.0,0.0,0.0,0.0,0.0,1.0,5.0,2.0,4.0,7.0,5.0,6.0,0.0,0.0,0.0,0.0,0.0,0.0,0.0,0.0,0.0,2.0,0.0,0.0,0.0,0.0,5.0,0.0,0.0,0.0,2.0,0.0,0.0,0.0,0.0,2.0,8.0,3.0,5.0,10.0,7.0,11.0
158,1.0,158.0,London_291,dim5,151,453,1092.0,70.0,2.0,163080.0,1.0083448740188032,813.0,37.0,1.0,36.0,71.0,9.0,62.0,58.0,205.0,138.0,16.0,63.0,5.0,18.0,2.0,6.0,5.0,81.0,150.0,217.0,59.0,0.0,0.0,0.0,0.0,0.0,0.0,0.0,0.0,0.0,0.0,0.0,0.0,0.0,0.0,0.0,0.0,0.0,0.0,0.0,0.0,0.0,0.0,0.0,0.0,0.0,0.0,0.0,0.0,0.0,0.0,0.0,0.0,1.0,0.0,1.0,0.0,0.0,0.0,1.0,0.0,0.0,1.0,0.0,4.0,2.0,2.0,2.0,4.0,11.0,6.0,0.0,0.0,0.0,0.0,0.0,0.0,0.0,0.0,0.0,0.0,0.0,0.0,6.0,0.0,3.0,0.0,0.0,0.0,3.0,0.0,0.0,2.0,0.0,5.0,4.0,3.0,3.0,6.0,14.0,7.0
159,1.0,159.0,London_291,dim5,151,453,1092.0,70.0,2.0,196149.0,1.4664826050866395,886.0,118.0,0.0,118.0,208.0,0.0,208.0,71.0,207.0,140.0,8.0,64.0,6.0,19.0,1.0,8.0,7.0,74.0,138.0,234.0,62.0,0.0,0.0,0.0,0.0,0.0,0.0,0.0,0.0,0.0,0.0,0.0,0.0,0.0,0.0,0.0,0.0,0.0,0.0,0.0,0.0,0.0,0.0,0.0,0.0,0.0,0.0,0.0,0.0,0.0,0.0,0.0,0.0,0.0,0.0,0.0,0.0,0.0,0.0,4.0,7.0,0.0,2.0,8.0,20.0,4.0,12.0,4.0,23.0,26.0,17.0,0.0,0.0,0.0,0.0,0.0,0.0,0.0,0.0,0.0,0.0,0.0,0.0,0.0,0.0,0.0,0.0,0.0,0.0,4.0,8.0,0.0,3.0,8.0,24.0,5.0,15.0,4.0,32.0,39.0,24.0
160,1.0,160.0,London_291,dim5,151,453,1092.0,70.0,2.0,187089.0,1.87278852192685,866.0,154.0,3.0,151.0,286.0,25.0,261.0,208.0,216.0,137.0,6.0,61.0,7.0,18.0,0.0,8.0,4.0,71.0,149.0,229.0,47.0,0.0,0.0,0.0,0.0,0.0,0.0,0.0,0.0,0.0,0.0,0.0,0.0,0.0,0.0,0.0,0.0,0.0,0.0,0.0,0.0,0.0,0.0,0.0,0.0,0.0,0.0,0.0,0.0,0.0,0.0,0.0,0.0,1.0,1.0,0.0,0.0,0.0,0.0,3.0,15.0,0.0,8.0,2.0,18.0,4.0,1.0,7.0,23.0,39.0,26.0,0.0,0.0,0.0,0.0,0.0,0.0,0.0,0.0,0.0,0.0,0.0,0.0,5.0,8.0,0.0,0.0,0.0,0.0,3.0,17.0,0.0,14.0,2.0,25.0,6.0,2.0,11.0,39.0,60.0,36.0
161,1.0,161.0,London_291,dim5,151,453,1092.0,70.0,2.0,152661.0,1.6702815040480345,790.0,121.0,1.0,120.0,233.0,9.0,224.0,286.0,187.0,139.0,21.0,76.0,6.0,16.0,1.0,7.0,7.0,67.0,160.0,219.0,42.0,0.0,0.0,0.0,0.0,0.0,0.0,0.0,0.0,0.0,0.0,0.0,0.0,0.0,0.0,0.0,0.0,0.0,0.0,0.0,0.0,0.0,0.0,0.0,0.0,0.0,0.0,0.0,0.0,0.0,0.0,0.0,0.0,0.0,0.0,0.0,0.0,0.0,0.0,3.0,7.0,1.0,1.0,0.0,12.0,12.0,7.0,14.0,22.0,24.0,31.0,0.0,0.0,0.0,0.0,0.0,0.0,0.0,0.0,0.0,0.0,0.0,0.0,0.0,0.0,0.0,0.0,0.0,0.0,4.0,10.0,1.0,3.0,0.0,16.0,16.0,9.0,14.0,35.0,41.0,40.0
162,1.0,162.0,London_291,dim5,151,453,1092.0,70.0,2.0,133182.0,1.0452389349229634,747.0,42.0,2.0,40.0,88.0,17.0,71.0,233.0,190.0,139.0,13.0,80.0,9.0,17.0,0.0,5.0,10.0,64.0,160.0,219.0,57.0,0.0,0.0,0.0,0.0,0.0,0.0,0.0,0.0,0.0,0.0,0.0,0.0,0.0,0.0,0.0,0.0,0.0,0.0,0.0,0.0,0.0,0.0,0.0,0.0,0.0,0.0,0.0,0.0,0.0,0.0,0.0,0.0,0.0,0.0,0.0,0.0,0.0,0.0,2.0,1.0,0.0,1.0,0.0,3.0,5.0,4.0,3.0,11.0,5.0,12.0,0.0,0.0,0.0,0.0,0.0,0.0,0.0,0.0,0.0,0.0,0.0,0.0,0.0,0.0,0.0,0.0,0.0,0.0,2.0,1.0,0.0,2.0,0.0,4.0,5.0,4.0,4.0,14.0,7.0,19.0
163,1.0,163.0,London_291,dim5,151,453,1092.0,70.0,2.0,148131.0,1.0981930929701775,780.0,38.0,2.0,36.0,77.0,18.0,59.0,88.0,195.0,137.0,13.0,78.0,9.0,16.0,0.0,5.0,11.0,62.0,156.0,224.0,54.0,0.0,0.0,0.0,0.0,0.0,0.0,0.0,0.0,0.0,0.0,0.0,0.0,0.0,0.0,0.0,0.0,0.0,0.0,0.0,0.0,0.0,0.0,0.0,0.0,0.0,0.0,0.0,0.0,0.0,0.0,0.0,2.0,0.0,0.0,2.0,0.0,0.0,0.0,5.0,1.0,1.0,1.0,0.0,2.0,4.0,1.0,6.0,7.0,7.0,8.0,0.0,0.0,0.0,0.0,0.0,0.0,0.0,0.0,0.0,0.0,0.0,3.0,0.0,0.0,12.0,0.0,0.0,0.0,5.0,2.0,2.0,2.0,0.0,3.0,5.0,2.0,7.0,10.0,9.0,11.0
164,1.0,164.0,London_291,dim5,151,453,1092.0,70.0,2.0,163986.0,1.6840361668728292,815.0,118.0,0.0,118.0,199.0,0.0,199.0,77.0,200.0,140.0,14.0,70.0,8.0,18.0,1.0,2.0,9.0,72.0,155.0,217.0,57.0,0.0,0.0,0.0,0.0,0.0,0.0,0.0,0.0,0.0,0.0,0.0,0.0,0.0,0.0,0.0,0.0,0.0,0.0,0.0,0.0,0.0,0.0,0.0,0.0,0.0,0.0,0.0,0.0,0.0,0.0,0.0,0.0,0.0,0.0,0.0,0.0,0.0,0.0,3.0,2.0,0.0,2.0,0.0,11.0,9.0,2.0,11.0,25.0,32.0,19.0,0.0,0.0,0.0,0.0,0.0,0.0,0.0,0.0,0.0,0.0,0.0,0.0,0.0,0.0,0.0,0.0,0.0,0.0,4.0,3.0,0.0,4.0,0.0,11.0,12.0,4.0,13.0,30.0,50.0,21.0
165,1.0,165.0,London_291,dim5,151,453,1092.0,70.0,2.0,150849.0,1.3365181838162243,786.0,118.0,0.0,118.0,208.0,0.0,208.0,199.0,219.0,134.0,18.0,53.0,5.0,19.0,0.0,5.0,9.0,80.0,169.0,195.0,52.0,0.0,0.0,0.0,0.0,0.0,0.0,0.0,0.0,0.0,0.0,0.0,0.0,0.0,0.0,0.0,0.0,0.0,0.0,0.0,0.0,0.0,0.0,0.0,0.0,0.0,0.0,0.0,0.0,0.0,0.0,0.0,0.0,0.0,0.0,0.0,0.0,0.0,0.0,2.0,3.0,0.0,4.0,5.0,11.0,6.0,15.0,23.0,19.0,21.0,23.0,0.0,0.0,0.0,0.0,0.0,0.0,0.0,0.0,0.0,0.0,0.0,0.0,0.0,0.0,0.0,0.0,0.0,0.0,2.0,4.0,0.0,6.0,5.0,13.0,8.0,20.0,28.0,26.0,31.0,28.0
166,1.0,166.0,London_291,dim5,151,453,1092.0,70.0,2.0,143601.0,1.500772254075855,770.0,51.0,2.0,49.0,102.0,19.0,83.0,208.0,230.0,113.0,7.0,68.0,9.0,15.0,5.0,6.0,8.0,70.0,164.0,211.0,50.0,0.0,0.0,0.0,0.0,0.0,0.0,0.0,0.0,0.0,0.0,0.0,0.0,0.0,0.0,0.0,0.0,0.0,0.0,0.0,0.0,0.0,0.0,0.0,0.0,0.0,0.0,0.0,0.0,0.0,0.0,0.0,0.0,0.0,0.0,2.0,0.0,0.0,0.0,2.0,4.0,0.0,2.0,0.0,2.0,6.0,1.0,8.0,15.0,9.0,10.0,0.0,0.0,0.0,0.0,0.0,0.0,0.0,0.0,0.0,0.0,0.0,0.0,0.0,0.0,8.0,0.0,0.0,0.0,2.0,4.0,0.0,2.0,0.0,3.0,9.0,1.0,9.0,23.0,14.0,13.0
167,1.0,167.0,London_291,dim5,151,453,1092.0,70.0,2.0,163986.0,1.6118909809738398,815.0,85.0,0.0,85.0,155.0,0.0,155.0,102.0,237.0,106.0,10.0,60.0,6.0,19.0,6.0,9.0,9.0,84.0,155.0,205.0,58.0,0.0,0.0,0.0,0.0,0.0,0.0,0.0,0.0,0.0,0.0,0.0,0.0,0.0,0.0,0.0,0.0,0.0,0.0,0.0,0.0,0.0,0.0,0.0,0.0,0.0,0.0,0.0,0.0,0.0,0.0,0.0,0.0,0.0,0.0,0.0,0.0,0.0,0.0,3.0,13.0,8.0,1.0,0.0,3.0,6.0,4.0,7.0,16.0,18.0,18.0,0.0,0.0,0.0,0.0,0.0,0.0,0.0,0.0,0.0,0.0,0.0,0.0,0.0,0.0,0.0,0.0,0.0,0.0,3.0,20.0,9.0,1.0,0.0,5.0,8.0,5.0,7.0,26.0,24.0,26.0
168,1.0,168.0,London_291,dim5,151,453,1092.0,70.0,2.0,165345.0,1.2951959678903222,818.0,103.0,2.0,101.0,203.0,19.0,184.0,155.0,242.0,106.0,16.0,49.0,8.0,22.0,5.0,5.0,11.0,83.0,155.0,204.0,48.0,0.0,0.0,0.0,0.0,0.0,0.0,0.0,0.0,0.0,1.0,0.0,1.0,0.0,0.0,0.0,0.0,0.0,0.0,1.0,0.0,0.0,0.0,0.0,0.0,0.0,0.0,0.0,0.0,1.0,0.0,0.0,1.0,0.0,1.0,1.0,0.0,0.0,0.0,0.0,5.0,0.0,1.0,7.0,11.0,12.0,10.0,12.0,15.0,24.0,13.0,0.0,0.0,0.0,0.0,0.0,0.0,0.0,0.0,1.0,0.0,0.0,1.0,0.0,6.0,1.0,0.0,0.0,0.0,0.0,9.0,0.0,2.0,7.0,12.0,18.0,16.0,15.0,22.0,34.0,17.0
169,1.0,169.0,London_291,dim5,151,453,1092.0,70.0,2.0,158097.0,1.0465713271405548,802.0,43.0,0.0,43.0,77.0,0.0,77.0,194.0,237.0,108.0,17.0,58.0,3.0,24.0,2.0,4.0,9.0,84.0,150.0,210.0,28.0,0.0,0.0,0.0,0.0,0.0,0.0,0.0,0.0,0.0,0.0,0.0,0.0,0.0,0.0,0.0,0.0,0.0,0.0,0.0,0.0,0.0,0.0,0.0,0.0,0.0,0.0,0.0,0.0,0.0,0.0,0.0,0.0,0.0,0.0,0.0,0.0,0.0,0.0,2.0,2.0,2.0,0.0,0.0,9.0,6.0,4.0,2.0,4.0,8.0,10.0,0.0,0.0,0.0,0.0,0.0,0.0,0.0,0.0,0.0,0.0,0.0,0.0,0.0,0.0,0.0,0.0,0.0,0.0,2.0,5.0,3.0,0.0,0.0,11.0,7.0,5.0,3.0,6.0,14.0,14.0
170,1.0,170.0,London_291,dim5,151,453,1092.0,70.0,2.0,177123.0,1.0955174521077424,844.0,14.0,0.0,14.0,23.0,0.0,23.0,77.0,249.0,106.0,18.0,49.0,3.0,25.0,0.0,3.0,12.0,84.0,156.0,201.0,34.0,0.0,0.0,0.0,0.0,0.0,0.0,0.0,0.0,0.0,0.0,0.0,0.0,0.0,0.0,0.0,0.0,0.0,0.0,0.0,0.0,0.0,0.0,0.0,0.0,0.0,0.0,0.0,0.0,0.0,0.0,0.0,0.0,0.0,0.0,0.0,0.0,0.0,0.0,2.0,1.0,0.0,1.0,0.0,1.0,0.0,2.0,0.0,2.0,3.0,2.0,0.0,0.0,0.0,0.0,0.0,0.0,0.0,0.0,0.0,0.0,0.0,0.0,0.0,0.0,0.0,0.0,0.0,0.0,2.0,2.0,0.0,1.0,0.0,1.0,0.0,2.0,0.0,3.0,4.0,2.0
171,1.0,171.0,London_291,dim5,151,453,1092.0,70.0,2.0,208380.0,1.5154472049325705,913.0,207.0,0.0,207.0,346.0,0.0,346.0,23.0,251.0,106.0,21.0,44.0,4.0,26.0,0.0,1.0,9.0,84.0,165.0,195.0,35.0,0.0,0.0,0.0,0.0,0.0,0.0,0.0,0.0,0.0,0.0,0.0,0.0,0.0,0.0,0.0,0.0,0.0,0.0,0.0,0.0,0.0,0.0,0.0,0.0,0.0,0.0,0.0,0.0,0.0,0.0,0.0,0.0,0.0,0.0,0.0,0.0,0.0,0.0,0.0,16.0,0.0,3.0,17.0,2.0,1.0,8.0,13.0,34.0,52.0,15.0,0.0,0.0,0.0,0.0,0.0,0.0,0.0,0.0,0.0,0.0,0.0,0.0,0.0,0.0,0.0,0.0,0.0,0.0,0.0,22.0,0.0,3.0,19.0,2.0,1.0,11.0,16.0,48.0,68.0,17.0
172,1.0,172.0,London_291,dim5,151,453,1092.0,70.0,2.0,149943.0,0.7205718720797449,784.0,56.0,2.0,54.0,108.0,18.0,90.0,346.0,146.0,134.0,24.0,96.0,17.0,26.0,3.0,7.0,5.0,61.0,161.0,226.0,48.0,0.0,0.0,0.0,0.0,0.0,0.0,0.0,0.0,0.0,0.0,0.0,0.0,0.0,0.0,0.0,0.0,0.0,0.0,0.0,0.0,0.0,0.0,0.0,0.0,0.0,0.0,0.0,0.0,0.0,0.0,0.0,1.0,2.0,0.0,0.0,0.0,0.0,0.0,2.0,0.0,0.0,2.0,1.0,2.0,5.0,2.0,3.0,12.0,13.0,13.0,0.0,0.0,0.0,0.0,0.0,0.0,0.0,0.0,0.0,0.0,0.0,3.0,13.0,0.0,0.0,0.0,0.0,0.0,3.0,0.0,0.0,2.0,1.0,3.0,6.0,3.0,3.0,16.0,17.0,18.0
173,1.0,173.0,London_291,dim5,151,453,1092.0,70.0,2.0,161268.0,0.9717563539743423,809.0,163.0,0.0,163.0,279.0,0.0,279.0,108.0,158.0,123.0,25.0,91.0,17.0,34.0,1.0,4.0,4.0,61.0,155.0,233.0,45.0,0.0,0.0,0.0,0.0,0.0,0.0,0.0,0.0,0.0,0.0,0.0,0.0,0.0,0.0,0.0,0.0,0.0,0.0,0.0,0.0,0.0,0.0,0.0,0.0,0.0,0.0,0.0,0.0,0.0,0.0,0.0,0.0,0.0,0.0,0.0,0.0,0.0,0.0,2.0,5.0,11.0,3.0,0.0,17.0,16.0,7.0,10.0,23.0,48.0,44.0,0.0,0.0,0.0,0.0,0.0,0.0,0.0,0.0,0.0,0.0,0.0,0.0,0.0,0.0,0.0,0.0,0.0,0.0,3.0,7.0,11.0,6.0,0.0,23.0,25.0,10.0,10.0,33.0,66.0,59.0
174,1.0,174.0,London_291,dim5,151,453,1092.0,70.0,2.0,124575.0,0.9646981069818139,728.0,2.0,2.0,0.0,20.0,20.0,0.0,279.0,150.0,153.0,20.0,74.0,17.0,30.0,3.0,6.0,5.0,65.0,154.0,229.0,56.0,0.0,0.0,0.0,0.0,0.0,0.0,0.0,0.0,0.0,0.0,0.0,0.0,0.0,0.0,0.0,0.0,0.0,0.0,0.0,0.0,0.0,0.0,0.0,0.0,0.0,0.0,0.0,0.0,0.0,1.0,0.0,2.0,0.0,1.0,2.0,0.0,0.0,0.0,0.0,0.0,0.0,0.0,0.0,0.0,0.0,0.0,0.0,0.0,0.0,0.0,0.0,0.0,0.0,0.0,0.0,0.0,0.0,0.0,0.0,5.0,0.0,7.0,0.0,7.0,9.0,0.0,0.0,0.0,0.0,0.0,0.0,0.0,0.0,0.0,0.0,0.0,0.0,0.0,0.0,0.0
175,1.0,175.0,London_291,dim5,151,453,1092.0,70.0,2.0,154926.0,1.2292176871560514,795.0,109.0,2.0,107.0,202.0,18.0,184.0,20.0,150.0,162.0,20.0,74.0,9.0,30.0,2.0,6.0,3.0,65.0,149.0,236.0,51.0,0.0,0.0,0.0,0.0,0.0,0.0,0.0,0.0,0.0,0.0,0.0,0.0,0.0,0.0,0.0,0.0,0.0,0.0,0.0,0.0,0.0,0.0,0.0,0.0,0.0,0.0,0.0,0.0,0.0,0.0,0.0,0.0,0.0,0.0,0.0,0.0,0.0,0.0,1.0,12.0,0.0,2.0,4.0,13.0,10.0,2.0,14.0,16.0,23.0,25.0,0.0,0.0,0.0,0.0,0.0,0.0,0.0,0.0,0.0,0.0,0.0,0.0,0.0,0.0,0.0,0.0,0.0,0.0,1.0,14.0,0.0,3.0,4.0,19.0,16.0,3.0,21.0,23.0,31.0,35.0
176,1.0,176.0,London_291,dim5,151,453,1092.0,70.0,2.0,135447.0,0.8318883399479091,752.0,93.0,2.0,91.0,171.0,19.0,152.0,202.0,162.0,167.0,16.0,60.0,11.0,31.0,1.0,5.0,10.0,71.0,131.0,241.0,51.0,0.0,0.0,0.0,0.0,0.0,0.0,0.0,0.0,0.0,0.0,0.0,0.0,0.0,0.0,0.0,0.0,0.0,0.0,0.0,0.0,0.0,0.0,0.0,0.0,0.0,0.0,0.0,0.0,1.0,0.0,0.0,1.0,0.0,1.0,1.0,0.0,0.0,0.0,2.0,0.0,0.0,2.0,0.0,8.0,6.0,8.0,11.0,12.0,21.0,17.0,0.0,0.0,0.0,0.0,0.0,0.0,0.0,0.0,3.0,0.0,0.0,3.0,0.0,5.0,3.0,0.0,0.0,0.0,3.0,0.0,0.0,2.0,0.0,15.0,8.0,12.0,11.0,15.0,32.0,21.0
177,1.0,177.0,London_291,dim5,151,453,1092.0,70.0,2.0,125481.0,0.8007665511686355,730.0,33.0,1.0,32.0,63.0,8.0,55.0,171.0,168.0,172.0,19.0,60.0,11.0,19.0,1.0,3.0,6.0,77.0,130.0,240.0,51.0,0.0,0.0,0.0,0.0,0.0,0.0,0.0,0.0,0.0,0.0,0.0,0.0,0.0,0.0,0.0,0.0,0.0,0.0,0.0,0.0,0.0,0.0,0.0,0.0,0.0,0.0,0.0,0.0,0.0,1.0,0.0,1.0,1.0,0.0,1.0,0.0,0.0,0.0,2.0,2.0,0.0,0.0,0.0,3.0,5.0,7.0,4.0,7.0,8.0,10.0,0.0,0.0,0.0,0.0,0.0,0.0,0.0,0.0,0.0,3.0,0.0,1.0,6.0,0.0,3.0,0.0,0.0,0.0,2.0,2.0,0.0,0.0,0.0,3.0,9.0,11.0,7.0,11.0,9.0,11.0
178,1.0,178.0,London_291,dim5,151,453,1092.0,70.0,2.0,143148.0,1.0331918669398874,769.0,89.0,0.0,89.0,159.0,0.0,159.0,63.0,169.0,189.0,18.0,50.0,9.0,18.0,0.0,0.0,5.0,72.0,138.0,238.0,52.0,0.0,0.0,0.0,0.0,0.0,0.0,0.0,0.0,0.0,0.0,0.0,0.0,0.0,0.0,0.0,0.0,0.0,0.0,0.0,0.0,0.0,0.0,0.0,0.0,0.0,0.0,0.0,0.0,0.0,0.0,0.0,0.0,0.0,0.0,0.0,0.0,0.0,0.0,1.0,9.0,0.0,2.0,5.0,14.0,5.0,10.0,13.0,19.0,17.0,15.0,0.0,0.0,0.0,0.0,0.0,0.0,0.0,0.0,0.0,0.0,0.0,0.0,0.0,0.0,0.0,0.0,0.0,0.0,1.0,15.0,0.0,3.0,5.0,18.0,6.0,13.0,19.0,28.0,32.0,24.0
179,1.0,179.0,London_291,dim5,151,453,1092.0,70.0,2.0,127746.0,0.9714207400102168,735.0,77.0,2.0,75.0,149.0,17.0,132.0,159.0,183.0,203.0,7.0,41.0,3.0,10.0,4.0,2.0,5.0,85.0,134.0,229.0,41.0,0.0,0.0,0.0,0.0,0.0,0.0,0.0,0.0,0.0,0.0,0.0,0.0,0.0,0.0,0.0,0.0,0.0,0.0,0.0,0.0,0.0,0.0,0.0,0.0,0.0,0.0,0.0,0.0,0.0,0.0,0.0,0.0,0.0,1.0,0.0,0.0,0.0,0.0,3.0,0.0,0.0,0.0,2.0,13.0,6.0,3.0,16.0,12.0,15.0,11.0,0.0,0.0,0.0,0.0,0.0,0.0,0.0,0.0,0.0,0.0,0.0,0.0,0.0,7.0,0.0,0.0,0.0,0.0,4.0,0.0,0.0,0.0,2.0,16.0,8.0,3.0,20.0,18.0,23.0,15.0
180,1.0,180.0,London_291,dim5,151,453,1092.0,70.0,2.0,121857.0,0.8571660809684545,722.0,70.0,0.0,70.0,125.0,0.0,125.0,149.0,192.0,182.0,12.0,50.0,4.0,9.0,2.0,2.0,2.0,85.0,132.0,234.0,43.0,0.0,0.0,0.0,0.0,0.0,0.0,0.0,0.0,0.0,0.0,0.0,0.0,0.0,0.0,0.0,0.0,0.0,0.0,0.0,0.0,0.0,0.0,0.0,0.0,0.0,0.0,0.0,0.0,0.0,0.0,0.0,0.0,0.0,0.0,0.0,0.0,0.0,0.0,2.0,3.0,6.0,1.0,1.0,14.0,8.0,3.0,10.0,11.0,13.0,20.0,0.0,0.0,0.0,0.0,0.0,0.0,0.0,0.0,0.0,0.0,0.0,0.0,0.0,0.0,0.0,0.0,0.0,0.0,3.0,3.0,7.0,2.0,2.0,22.0,10.0,3.0,11.0,16.0,20.0,23.0
181,1.0,181.0,London_291,dim5,151,453,1092.0,70.0,2.0,124122.0,1.042383100837469,727.0,113.0,0.0,113.0,192.0,0.0,192.0,125.0,204.0,169.0,20.0,44.0,3.0,8.0,1.0,4.0,1.0,88.0,138.0,226.0,51.0,0.0,0.0,0.0,0.0,0.0,0.0,0.0,0.0,0.0,0.0,0.0,0.0,0.0,0.0,0.0,0.0,0.0,0.0,0.0,0.0,0.0,0.0,0.0,0.0,0.0,0.0,0.0,0.0,0.0,0.0,0.0,0.0,0.0,0.0,0.0,0.0,0.0,0.0,2.0,16.0,1.0,2.0,5.0,9.0,2.0,6.0,16.0,22.0,27.0,15.0,0.0,0.0,0.0,0.0,0.0,0.0,0.0,0.0,0.0,0.0,0.0,0.0,0.0,0.0,0.0,0.0,0.0,0.0,2.0,24.0,1.0,2.0,5.0,11.0,2.0,11.0,18.0,37.0,37.0,18.0
182,1.0,182.0,London_291,dim5,151,453,1092.0,70.0,2.0,111891.0,0.9320569070987403,700.0,45.0,0.0,45.0,71.0,0.0,71.0,192.0,210.0,159.0,11.0,42.0,4.0,21.0,2.0,4.0,6.0,83.0,136.0,228.0,54.0,0.0,0.0,0.0,0.0,0.0,0.0,0.0,0.0,0.0,0.0,0.0,0.0,0.0,0.0,0.0,0.0,0.0,0.0,0.0,0.0,0.0,0.0,0.0,0.0,0.0,0.0,0.0,0.0,0.0,0.0,0.0,0.0,0.0,0.0,0.0,0.0,0.0,0.0,0.0,6.0,3.0,0.0,0.0,2.0,2.0,4.0,0.0,10.0,13.0,13.0,0.0,0.0,0.0,0.0,0.0,0.0,0.0,0.0,0.0,0.0,0.0,0.0,0.0,0.0,0.0,0.0,0.0,0.0,0.0,7.0,4.0,0.0,0.0,2.0,2.0,7.0,0.0,11.0,19.0,18.0
183,1.0,183.0,London_291,dim5,151,453,1092.0,70.0,2.0,135447.0,1.1463828110136092,752.0,38.0,0.0,38.0,66.0,0.0,66.0,71.0,214.0,167.0,13.0,25.0,5.0,25.0,1.0,3.0,6.0,85.0,143.0,219.0,54.0,0.0,0.0,0.0,0.0,0.0,0.0,0.0,0.0,0.0,0.0,0.0,0.0,0.0,0.0,0.0,0.0,0.0,0.0,0.0,0.0,0.0,0.0,0.0,0.0,0.0,0.0,0.0,0.0,0.0,0.0,0.0,0.0,0.0,0.0,0.0,0.0,0.0,0.0,2.0,4.0,0.0,0.0,1.0,7.0,3.0,10.0,3.0,7.0,9.0,16.0,0.0,0.0,0.0,0.0,0.0,0.0,0.0,0.0,0.0,0.0,0.0,0.0,0.0,0.0,0.0,0.0,0.0,0.0,2.0,5.0,0.0,0.0,1.0,8.0,3.0,14.0,3.0,11.0,13.0,23.0
184,1.0,184.0,London_291,dim5,151,453,1092.0,70.0,2.0,163986.0,1.098214850993827,815.0,18.0,0.0,18.0,32.0,0.0,32.0,66.0,215.0,165.0,11.0,35.0,1.0,22.0,0.0,4.0,6.0,84.0,140.0,223.0,54.0,0.0,0.0,0.0,0.0,0.0,0.0,0.0,0.0,0.0,0.0,0.0,0.0,0.0,0.0,0.0,0.0,0.0,0.0,0.0,0.0,0.0,0.0,0.0,0.0,0.0,0.0,0.0,0.0,0.0,0.0,0.0,0.0,0.0,0.0,0.0,0.0,0.0,0.0,6.0,3.0,0.0,0.0,0.0,2.0,0.0,0.0,3.0,3.0,2.0,7.0,0.0,0.0,0.0,0.0,0.0,0.0,0.0,0.0,0.0,0.0,0.0,0.0,0.0,0.0,0.0,0.0,0.0,0.0,10.0,4.0,0.0,0.0,0.0,2.0,0.0,0.0,3.0,6.0,2.0,12.0
185,1.0,185.0,London_291,dim5,151,453,1092.0,70.0,2.0,212457.0,1.4339789720252156,922.0,54.0,2.0,52.0,106.0,20.0,86.0,32.0,220.0,152.0,10.0,39.0,2.0,26.0,0.0,4.0,5.0,74.0,146.0,228.0,58.0,0.0,0.0,0.0,0.0,0.0,0.0,0.0,0.0,0.0,0.0,0.0,0.0,0.0,0.0,0.0,0.0,0.0,0.0,0.0,0.0,0.0,0.0,0.0,0.0,0.0,0.0,0.0,0.0,0.0,0.0,0.0,2.0,0.0,0.0,1.0,0.0,0.0,0.0,0.0,6.0,1.0,0.0,0.0,6.0,3.0,7.0,5.0,6.0,14.0,6.0,0.0,0.0,0.0,0.0,0.0,0.0,0.0,0.0,0.0,0.0,0.0,8.0,0.0,0.0,1.0,0.0,0.0,0.0,0.0,7.0,1.0,0.0,0.0,10.0,4.0,11.0,8.0,10.0,19.0,7.0
186,1.0,186.0,London_291,dim5,151,453,1092.0,70.0,2.0,234654.0,2.35731347813271,971.0,129.0,1.0,128.0,232.0,10.0,222.0,106.0,221.0,160.0,11.0,28.0,6.0,20.0,1.0,6.0,0.0,77.0,143.0,233.0,49.0,0.0,0.0,0.0,0.0,0.0,0.0,0.0,0.0,0.0,0.0,0.0,0.0,0.0,0.0,0.0,0.0,0.0,0.0,0.0,0.0,0.0,0.0,0.0,0.0,0.0,0.0,0.0,0.0,0.0,0.0,0.0,0.0,0.0,0.0,0.0,0.0,0.0,0.0,4.0,4.0,0.0,0.0,5.0,9.0,6.0,11.0,8.0,26.0,26.0,26.0,0.0,0.0,0.0,0.0,0.0,0.0,0.0,0.0,0.0,0.0,0.0,0.0,0.0,0.0,0.0,0.0,0.0,0.0,4.0,5.0,0.0,0.0,5.0,13.0,8.0,15.0,11.0,39.0,33.0,32.0
187,1.0,187.0,London_291,dim5,151,453,1092.0,70.0,2.0,220158.0,1.461370687931776,939.0,167.0,1.0,166.0,291.0,8.0,283.0,232.0,225.0,112.0,16.0,68.0,5.0,21.0,0.0,6.0,5.0,74.0,154.0,220.0,39.0,0.0,0.0,0.0,0.0,0.0,0.0,0.0,0.0,0.0,0.0,0.0,0.0,0.0,0.0,0.0,0.0,0.0,0.0,0.0,0.0,0.0,0.0,0.0,0.0,0.0,0.0,0.0,0.0,0.0,0.0,0.0,0.0,0.0,1.0,1.0,0.0,0.0,0.0,3.0,19.0,0.0,5.0,12.0,12.0,5.0,1.0,13.0,27.0,47.0,24.0,0.0,0.0,0.0,0.0,0.0,0.0,0.0,0.0,0.0,0.0,0.0,0.0,0.0,7.0,2.0,0.0,0.0,0.0,3.0,28.0,0.0,9.0,12.0,16.0,7.0,2.0,23.0,41.0,66.0,29.0
188,1.0,188.0,London_291,dim5,151,453,1092.0,70.0,2.0,183465.0,1.3137356168590486,858.0,150.0,2.0,148.0,257.0,18.0,239.0,291.0,188.0,113.0,22.0,92.0,7.0,27.0,1.0,3.0,7.0,71.0,142.0,233.0,42.0,0.0,0.0,0.0,0.0,0.0,0.0,0.0,0.0,0.0,0.0,0.0,0.0,0.0,0.0,0.0,0.0,0.0,0.0,0.0,0.0,0.0,0.0,0.0,0.0,0.0,0.0,0.0,0.0,0.0,0.0,0.0,0.0,1.0,1.0,2.0,0.0,0.0,0.0,3.0,1.0,0.0,0.0,0.0,25.0,8.0,5.0,16.0,26.0,32.0,23.0,0.0,0.0,0.0,0.0,0.0,0.0,0.0,0.0,0.0,0.0,0.0,0.0,7.0,5.0,3.0,0.0,0.0,0.0,3.0,1.0,0.0,0.0,0.0,36.0,10.0,6.0,24.0,39.0,46.0,26.0
189,1.0,189.0,London_291,dim5,151,453,1092.0,70.0,2.0,152661.0,1.0710712540894747,790.0,172.0,2.0,170.0,318.0,18.0,300.0,257.0,187.0,112.0,32.0,75.0,8.0,31.0,2.0,6.0,8.0,69.0,164.0,212.0,46.0,0.0,0.0,0.0,0.0,0.0,0.0,0.0,0.0,0.0,0.0,0.0,0.0,0.0,0.0,0.0,0.0,0.0,0.0,0.0,0.0,0.0,0.0,0.0,0.0,0.0,0.0,0.0,0.0,0.0,0.0,0.0,0.0,0.0,1.0,0.0,0.0,0.0,0.0,4.0,20.0,8.0,2.0,14.0,5.0,13.0,5.0,16.0,37.0,39.0,26.0,0.0,0.0,0.0,0.0,0.0,0.0,0.0,0.0,0.0,0.0,0.0,0.0,0.0,5.0,0.0,0.0,0.0,0.0,5.0,30.0,10.0,3.0,14.0,11.0,13.0,6.0,19.0,58.0,51.0,31.0
190,1.0,190.0,London_291,dim5,151,453,1092.0,70.0,2.0,106455.0,0.5555376240517944,688.0,67.0,0.0,67.0,112.0,0.0,112.0,318.0,166.0,121.0,22.0,97.0,7.0,34.0,1.0,5.0,6.0,88.0,161.0,198.0,49.0,0.0,0.0,0.0,0.0,0.0,0.0,0.0,0.0,0.0,0.0,0.0,0.0,0.0,0.0,0.0,0.0,0.0,0.0,0.0,0.0,0.0,0.0,0.0,0.0,0.0,0.0,0.0,0.0,0.0,0.0,0.0,0.0,0.0,0.0,0.0,0.0,0.0,0.0,0.0,1.0,0.0,2.0,0.0,6.0,6.0,4.0,10.0,13.0,17.0,6.0,0.0,0.0,0.0,0.0,0.0,0.0,0.0,0.0,0.0,0.0,0.0,0.0,0.0,0.0,0.0,0.0,0.0,0.0,0.0,1.0,0.0,2.0,0.0,8.0,7.0,6.0,11.0,22.0,25.0,8.0
191,1.0,191.0,London_291,dim5,151,453,1092.0,70.0,2.0,125481.0,0.7200484001077712,730.0,17.0,0.0,17.0,24.0,0.0,24.0,112.0,178.0,132.0,15.0,87.0,10.0,29.0,1.0,1.0,6.0,91.0,166.0,190.0,55.0,0.0,0.0,0.0,0.0,0.0,0.0,0.0,0.0,0.0,0.0,0.0,0.0,0.0,0.0,0.0,0.0,0.0,0.0,0.0,0.0,0.0,0.0,0.0,0.0,0.0,0.0,0.0,0.0,0.0,0.0,0.0,0.0,0.0,0.0,0.0,0.0,0.0,0.0,0.0,0.0,0.0,0.0,0.0,1.0,0.0,0.0,0.0,5.0,4.0,5.0,0.0,0.0,0.0,0.0,0.0,0.0,0.0,0.0,0.0,0.0,0.0,0.0,0.0,0.0,0.0,0.0,0.0,0.0,0.0,0.0,0.0,0.0,0.0,1.0,0.0,0.0,0.0,6.0,4.0,5.0
192,1.0,192.0,London_291,dim5,151,453,1092.0,70.0,2.0,157191.0,1.0108246358577162,800.0,35.0,2.0,33.0,71.0,16.0,55.0,24.0,180.0,129.0,14.0,86.0,10.0,31.0,1.0,2.0,6.0,91.0,168.0,188.0,57.0,0.0,0.0,0.0,0.0,0.0,0.0,0.0,0.0,0.0,0.0,0.0,0.0,0.0,0.0,0.0,0.0,0.0,0.0,0.0,0.0,0.0,0.0,0.0,0.0,0.0,0.0,0.0,0.0,0.0,0.0,0.0,0.0,0.0,0.0,1.0,0.0,0.0,0.0,2.0,0.0,0.0,1.0,0.0,6.0,1.0,4.0,6.0,6.0,5.0,5.0,0.0,0.0,0.0,0.0,0.0,0.0,0.0,0.0,0.0,0.0,0.0,0.0,0.0,0.0,1.0,0.0,0.0,0.0,4.0,0.0,0.0,2.0,0.0,8.0,1.0,5.0,8.0,7.0,6.0,6.0
193,1.0,193.0,London_291,dim5,151,453,1092.0,70.0,2.0,183918.0,1.0367211578413844,859.0,47.0,2.0,45.0,97.0,19.0,78.0,71.0,186.0,141.0,18.0,71.0,10.0,25.0,0.0,2.0,6.0,97.0,157.0,193.0,57.0,0.0,0.0,0.0,0.0,0.0,0.0,0.0,0.0,0.0,0.0,0.0,0.0,0.0,0.0,0.0,0.0,0.0,0.0,0.0,0.0,0.0,0.0,0.0,0.0,0.0,0.0,0.0,0.0,0.0,0.0,0.0,0.0,0.0,0.0,0.0,0.0,0.0,0.0,1.0,1.0,0.0,0.0,0.0,8.0,2.0,2.0,4.0,12.0,13.0,8.0,0.0,0.0,0.0,0.0,0.0,0.0,0.0,0.0,0.0,0.0,0.0,0.0,0.0,0.0,0.0,0.0,0.0,0.0,1.0,1.0,0.0,0.0,0.0,10.0,4.0,2.0,5.0,18.0,21.0,11.0
194,1.0,194.0,London_291,dim5,151,453,1092.0,70.0,2.0,200226.0,1.3380481658969074,895.0,84.0,1.0,83.0,158.0,9.0,149.0,97.0,183.0,141.0,23.0,71.0,6.0,26.0,0.0,3.0,6.0,95.0,150.0,202.0,47.0,0.0,0.0,0.0,0.0,0.0,0.0,0.0,0.0,0.0,0.0,0.0,0.0,0.0,0.0,0.0,0.0,0.0,0.0,0.0,0.0,0.0,0.0,0.0,0.0,0.0,0.0,0.0,0.0,1.0,0.0,0.0,1.0,0.0,1.0,1.0,0.0,0.0,0.0,1.0,8.0,2.0,0.0,0.0,8.0,4.0,3.0,9.0,18.0,26.0,18.0,0.0,0.0,0.0,0.0,0.0,0.0,0.0,0.0,2.0,0.0,0.0,1.0,0.0,9.0,2.0,0.0,0.0,0.0,1.0,10.0,3.0,0.0,0.0,13.0,5.0,3.0,13.0,28.0,37.0,23.0
195,1.0,195.0,London_291,dim5,151,453,1092.0,70.0,2.0,214722.0,1.8664035149849951,927.0,155.0,0.0,155.0,281.0,0.0,281.0,158.0,185.0,150.0,27.0,55.0,6.0,26.0,1.0,3.0,8.0,88.0,158.0,199.0,30.0,0.0,0.0,0.0,0.0,0.0,0.0,0.0,0.0,0.0,0.0,0.0,0.0,0.0,0.0,0.0,0.0,0.0,0.0,0.0,0.0,0.0,0.0,0.0,0.0,0.0,0.0,0.0,0.0,0.0,0.0,0.0,0.0,0.0,0.0,0.0,0.0,0.0,0.0,2.0,16.0,2.0,2.0,0.0,10.0,4.0,5.0,18.0,33.0,33.0,34.0,0.0,0.0,0.0,0.0,0.0,0.0,0.0,0.0,0.0,0.0,0.0,0.0,0.0,0.0,0.0,0.0,0.0,0.0,2.0,25.0,2.0,3.0,0.0,11.0,5.0,7.0,27.0,48.0,45.0,48.0
196,1.0,196.0,London_291,dim5,151,453,1092.0,70.0,2.0,185730.0,1.0525732438545674,863.0,137.0,0.0,137.0,234.0,0.0,234.0,281.0,194.0,137.0,20.0,74.0,5.0,18.0,1.0,4.0,10.0,75.0,175.0,193.0,50.0,0.0,0.0,0.0,0.0,0.0,0.0,0.0,0.0,0.0,0.0,0.0,0.0,0.0,0.0,0.0,0.0,0.0,0.0,0.0,0.0,0.0,0.0,0.0,0.0,0.0,0.0,0.0,0.0,0.0,0.0,0.0,0.0,0.0,0.0,0.0,0.0,0.0,0.0,5.0,13.0,1.0,2.0,2.0,13.0,8.0,9.0,21.0,25.0,31.0,22.0,0.0,0.0,0.0,0.0,0.0,0.0,0.0,0.0,0.0,0.0,0.0,0.0,0.0,0.0,0.0,0.0,0.0,0.0,6.0,22.0,1.0,3.0,2.0,16.0,13.0,10.0,26.0,39.0,43.0,32.0
197,1.0,197.0,London_291,dim5,151,453,1092.0,70.0,2.0,158097.0,1.1896980898454785,802.0,134.0,0.0,134.0,219.0,0.0,219.0,234.0,205.0,124.0,15.0,83.0,8.0,15.0,0.0,3.0,14.0,79.0,167.0,193.0,59.0,0.0,0.0,0.0,0.0,0.0,0.0,0.0,0.0,0.0,0.0,0.0,0.0,0.0,0.0,0.0,0.0,0.0,0.0,0.0,0.0,0.0,0.0,0.0,0.0,0.0,0.0,0.0,0.0,0.0,0.0,0.0,0.0,0.0,0.0,0.0,0.0,0.0,0.0,2.0,10.0,2.0,0.0,1.0,10.0,9.0,6.0,12.0,26.0,35.0,21.0,0.0,0.0,0.0,0.0,0.0,0.0,0.0,0.0,0.0,0.0,0.0,0.0,0.0,0.0,0.0,0.0,0.0,0.0,2.0,14.0,2.0,0.0,2.0,13.0,16.0,7.0,18.0,39.0,46.0,28.0
198,1.0,198.0,London_291,dim5,151,453,1092.0,70.0,2.0,136353.0,0.8082405189052224,754.0,55.0,2.0,53.0,103.0,17.0,86.0,219.0,224.0,120.0,12.0,67.0,2.0,19.0,2.0,7.0,13.0,78.0,172.0,190.0,60.0,0.0,0.0,0.0,0.0,0.0,0.0,0.0,0.0,0.0,0.0,0.0,0.0,0.0,0.0,0.0,0.0,0.0,0.0,0.0,0.0,0.0,0.0,0.0,0.0,0.0,0.0,0.0,0.0,0.0,0.0,0.0,1.0,0.0,0.0,1.0,0.0,0.0,0.0,0.0,1.0,0.0,3.0,0.0,8.0,2.0,2.0,3.0,13.0,11.0,12.0,0.0,0.0,0.0,0.0,0.0,0.0,0.0,0.0,0.0,0.0,0.0,1.0,0.0,0.0,3.0,0.0,0.0,0.0,0.0,2.0,0.0,3.0,0.0,9.0,5.0,4.0,3.0,18.0,13.0,12.0
199,1.0,199.0,London_291,dim5,151,453,1092.0,70.0,2.0,148131.0,1.0986109599471092,780.0,55.0,1.0,54.0,105.0,11.0,94.0,103.0,223.0,105.0,20.0,66.0,7.0,24.0,2.0,6.0,9.0,75.0,176.0,193.0,49.0,0.0,0.0,0.0,0.0,0.0,0.0,0.0,0.0,0.0,0.0,0.0,0.0,0.0,0.0,0.0,0.0,0.0,0.0,0.0,0.0,0.0,0.0,0.0,0.0,0.0,0.0,0.0,0.0,0.0,1.0,0.0,1.0,0.0,0.0,1.0,0.0,0.0,0.0,1.0,2.0,2.0,1.0,0.0,5.0,7.0,1.0,5.0,11.0,8.0,15.0,0.0,0.0,0.0,0.0,0.0,0.0,0.0,0.0,0.0,2.0,0.0,1.0,0.0,0.0,7.0,0.0,0.0,0.0,1.0,3.0,3.0,2.0,0.0,10.0,8.0,1.0,6.0,21.0,9.0,19.0
200,1.0,200.0,London_291,dim5,151,453,1092.0,70.0,2.0,154020.0,1.2624974439386278,793.0,108.0,1.0,107.0,189.0,9.0,180.0,105.0,220.0,108.0,22.0,67.0,1.0,22.0,4.0,9.0,8.0,70.0,180.0,195.0,46.0,0.0,0.0,0.0,0.0,0.0,0.0,0.0,0.0,0.0,0.0,0.0,0.0,0.0,0.0,0.0,0.0,0.0,0.0,0.0,0.0,0.0,0.0,0.0,0.0,0.0,0.0,0.0,0.0,0.0,0.0,0.0,0.0,1.0,0.0,1.0,0.0,0.0,0.0,0.0,7.0,3.0,2.0,5.0,12.0,7.0,8.0,10.0,18.0,35.0,20.0,0.0,0.0,0.0,0.0,0.0,0.0,0.0,0.0,0.0,0.0,0.0,0.0,8.0,0.0,5.0,0.0,0.0,0.0,0.0,9.0,4.0,3.0,5.0,16.0,8.0,9.0,16.0,26.0,46.0,29.0
201,1.0,201.0,London_291,dim5,151,453,1092.0,70.0,2.0,128652.0,0.9152482971549034,737.0,99.0,0.0,99.0,175.0,0.0,175.0,189.0,227.0,116.0,13.0,50.0,7.0,28.0,2.0,10.0,10.0,71.0,166.0,206.0,41.0,0.0,0.0,0.0,0.0,0.0,0.0,0.0,0.0,0.0,0.0,0.0,0.0,0.0,0.0,0.0,0.0,0.0,0.0,0.0,0.0,0.0,0.0,0.0,0.0,0.0,0.0,0.0,0.0,0.0,0.0,0.0,0.0,0.0,0.0,0.0,0.0,0.0,0.0,1.0,1.0,0.0,0.0,4.0,8.0,7.0,1.0,7.0,15.0,22.0,19.0,0.0,0.0,0.0,0.0,0.0,0.0,0.0,0.0,0.0,0.0,0.0,0.0,0.0,0.0,0.0,0.0,0.0,0.0,1.0,1.0,0.0,0.0,6.0,11.0,10.0,1.0,7.0,25.0,31.0,25.0
202,1.0,202.0,London_291,dim5,151,453,1092.0,70.0,2.0,114609.0,0.7306356059852988,706.0,11.0,3.0,8.0,38.0,25.0,13.0,175.0,220.0,118.0,19.0,40.0,8.0,31.0,5.0,12.0,11.0,74.0,173.0,195.0,49.0,0.0,0.0,0.0,0.0,0.0,0.0,0.0,0.0,0.0,0.0,0.0,0.0,0.0,0.0,0.0,0.0,0.0,0.0,0.0,0.0,0.0,0.0,0.0,0.0,0.0,0.0,0.0,0.0,0.0,0.0,0.0,1.0,1.0,1.0,1.0,0.0,0.0,0.0,0.0,0.0,0.0,0.0,0.0,1.0,1.0,0.0,0.0,2.0,3.0,3.0,0.0,0.0,0.0,0.0,0.0,0.0,0.0,0.0,0.0,0.0,0.0,6.0,7.0,5.0,2.0,0.0,0.0,0.0,0.0,0.0,0.0,0.0,0.0,2.0,1.0,0.0,0.0,2.0,4.0,3.0
203,1.0,203.0,London_291,dim5,151,453,1092.0,70.0,2.0,150849.0,1.4878013720735908,786.0,80.0,1.0,79.0,146.0,9.0,137.0,38.0,219.0,122.0,16.0,44.0,4.0,31.0,5.0,12.0,6.0,74.0,161.0,212.0,47.0,0.0,0.0,0.0,0.0,0.0,0.0,0.0,0.0,0.0,0.0,0.0,0.0,0.0,0.0,0.0,0.0,0.0,0.0,0.0,0.0,0.0,0.0,0.0,0.0,0.0,0.0,0.0,0.0,0.0,0.0,0.0,0.0,0.0,0.0,0.0,0.0,0.0,0.0,4.0,7.0,0.0,3.0,0.0,6.0,4.0,9.0,8.0,15.0,20.0,18.0,0.0,0.0,0.0,0.0,0.0,0.0,0.0,0.0,0.0,0.0,0.0,0.0,0.0,0.0,0.0,0.0,0.0,0.0,5.0,10.0,0.0,3.0,0.0,8.0,8.0,12.0,9.0,24.0,33.0,25.0
204,1.0,204.0,London_291,dim5,151,453,1092.0,70.0,2.0,149943.0,1.964143682969734,784.0,111.0,2.0,109.0,196.0,17.0,179.0,146.0,225.0,137.0,16.0,39.0,1.0,22.0,3.0,10.0,7.0,69.0,163.0,214.0,52.0,0.0,0.0,0.0,0.0,0.0,0.0,0.0,0.0,0.0,0.0,0.0,0.0,0.0,0.0,0.0,0.0,0.0,0.0,0.0,0.0,0.0,0.0,0.0,0.0,0.0,0.0,0.0,0.0,0.0,0.0,0.0,0.0,0.0,0.0,0.0,0.0,0.0,0.0,3.0,8.0,4.0,5.0,4.0,14.0,8.0,11.0,8.0,25.0,29.0,24.0,0.0,0.0,0.0,0.0,0.0,0.0,0.0,0.0,0.0,0.0,0.0,0.0,0.0,0.0,0.0,0.0,0.0,0.0,5.0,12.0,5.0,9.0,4.0,16.0,10.0,12.0,9.0,34.0,43.0,29.0
205,1.0,205.0,London_291,dim5,151,453,1092.0,70.0,2.0,131370.0,1.3074855390004814,743.0,83.0,2.0,81.0,152.0,18.0,134.0,196.0,237.0,103.0,10.0,65.0,4.0,23.0,3.0,8.0,5.0,75.0,171.0,202.0,42.0,0.0,0.0,0.0,0.0,0.0,0.0,0.0,0.0,0.0,0.0,0.0,0.0,0.0,0.0,0.0,0.0,0.0,0.0,0.0,0.0,0.0,0.0,0.0,0.0,0.0,0.0,0.0,0.0,0.0,0.0,0.0,2.0,0.0,0.0,2.0,0.0,0.0,0.0,2.0,7.0,3.0,1.0,2.0,5.0,7.0,4.0,4.0,19.0,24.0,15.0,0.0,0.0,0.0,0.0,0.0,0.0,0.0,0.0,0.0,0.0,0.0,4.0,0.0,0.0,5.0,0.0,0.0,0.0,2.0,9.0,3.0,1.0,2.0,8.0,10.0,5.0,5.0,29.0,35.0,20.0
206,1.0,206.0,London_291,dim5,151,453,1092.0,70.0,2.0,125028.0,1.2677077979315072,729.0,73.0,0.0,73.0,121.0,0.0,121.0,152.0,244.0,95.0,14.0,77.0,3.0,9.0,3.0,8.0,7.0,83.0,155.0,208.0,43.0,0.0,0.0,0.0,0.0,0.0,0.0,0.0,0.0,0.0,0.0,0.0,0.0,0.0,0.0,0.0,0.0,0.0,0.0,0.0,0.0,0.0,0.0,0.0,0.0,0.0,0.0,0.0,0.0,0.0,0.0,0.0,0.0,0.0,0.0,0.0,0.0,0.0,0.0,0.0,3.0,1.0,1.0,1.0,5.0,7.0,7.0,7.0,13.0,15.0,19.0,0.0,0.0,0.0,0.0,0.0,0.0,0.0,0.0,0.0,0.0,0.0,0.0,0.0,0.0,0.0,0.0,0.0,0.0,0.0,3.0,1.0,2.0,1.0,8.0,10.0,9.0,10.0,19.0,21.0,25.0
207,1.0,207.0,London_291,dim5,151,453,1092.0,70.0,2.0,122310.0,1.1470349850133061,723.0,57.0,0.0,57.0,96.0,0.0,96.0,121.0,248.0,101.0,9.0,69.0,0.0,16.0,3.0,7.0,9.0,77.0,161.0,206.0,49.0,0.0,0.0,0.0,0.0,0.0,0.0,0.0,0.0,0.0,0.0,0.0,0.0,0.0,0.0,0.0,0.0,0.0,0.0,0.0,0.0,0.0,0.0,0.0,0.0,0.0,0.0,0.0,0.0,0.0,0.0,0.0,0.0,0.0,0.0,0.0,0.0,0.0,0.0,4.0,1.0,0.0,0.0,0.0,7.0,7.0,4.0,11.0,11.0,19.0,10.0,0.0,0.0,0.0,0.0,0.0,0.0,0.0,0.0,0.0,0.0,0.0,0.0,0.0,0.0,0.0,0.0,0.0,0.0,8.0,2.0,0.0,0.0,0.0,12.0,8.0,6.0,15.0,16.0,27.0,14.0
208,1.0,208.0,London_291,dim5,151,453,1092.0,70.0,2.0,131823.0,1.2576262289658189,744.0,39.0,2.0,37.0,79.0,19.0,60.0,96.0,251.0,121.0,6.0,54.0,2.0,13.0,1.0,5.0,12.0,69.0,162.0,210.0,50.0,0.0,0.0,0.0,0.0,0.0,0.0,0.0,0.0,0.0,0.0,0.0,0.0,0.0,0.0,0.0,0.0,0.0,0.0,0.0,0.0,0.0,0.0,0.0,0.0,0.0,0.0,0.0,0.0,0.0,0.0,0.0,0.0,0.0,0.0,1.0,0.0,0.0,0.0,2.0,5.0,2.0,2.0,0.0,6.0,3.0,0.0,5.0,9.0,8.0,11.0,0.0,0.0,0.0,0.0,0.0,0.0,0.0,0.0,0.0,0.0,0.0,0.0,0.0,0.0,1.0,0.0,0.0,0.0,3.0,6.0,2.0,2.0,0.0,8.0,3.0,0.0,5.0,15.0,11.0,15.0
209,1.0,209.0,London_291,dim5,151,453,1092.0,70.0,2.0,156738.0,1.2503033359535038,799.0,160.0,0.0,160.0,272.0,0.0,272.0,79.0,239.0,138.0,13.0,50.0,1.0,10.0,1.0,1.0,12.0,73.0,156.0,212.0,55.0,0.0,0.0,0.0,0.0,0.0,0.0,0.0,0.0,0.0,0.0,0.0,0.0,0.0,0.0,0.0,0.0,0.0,0.0,0.0,0.0,0.0,0.0,0.0,0.0,0.0,0.0,0.0,0.0,0.0,0.0,0.0,0.0,0.0,0.0,0.0,0.0,0.0,0.0,1.0,23.0,2.0,5.0,6.0,9.0,8.0,2.0,6.0,33.0,29.0,13.0,0.0,0.0,0.0,0.0,0.0,0.0,0.0,0.0,0.0,0.0,0.0,0.0,0.0,0.0,0.0,0.0,0.0,0.0,1.0,33.0,2.0,8.0,7.0,11.0,12.0,4.0,6.0,49.0,39.0,15.0
210,1.0,210.0,London_291,dim5,151,453,1092.0,70.0,2.0,124575.0,0.819466772954911,728.0,35.0,2.0,33.0,73.0,19.0,54.0,272.0,205.0,108.0,25.0,77.0,8.0,23.0,1.0,6.0,8.0,75.0,158.0,212.0,45.0,0.0,0.0,0.0,0.0,0.0,0.0,0.0,0.0,0.0,1.0,0.0,1.0,0.0,0.0,0.0,0.0,0.0,0.0,1.0,0.0,0.0,0.0,0.0,0.0,0.0,0.0,0.0,0.0,1.0,0.0,0.0,1.0,0.0,1.0,1.0,0.0,0.0,0.0,0.0,3.0,0.0,0.0,0.0,4.0,2.0,4.0,6.0,5.0,10.0,7.0,0.0,0.0,0.0,0.0,0.0,0.0,0.0,0.0,1.0,0.0,0.0,1.0,0.0,7.0,4.0,0.0,0.0,0.0,0.0,5.0,0.0,0.0,0.0,4.0,2.0,7.0,9.0,6.0,13.0,11.0
211,1.0,211.0,London_291,dim5,151,453,1092.0,70.0,2.0,155379.0,1.081770233111456,796.0,46.0,0.0,46.0,86.0,0.0,86.0,65.0,209.0,98.0,30.0,85.0,6.0,20.0,0.0,5.0,10.0,73.0,152.0,218.0,50.0,0.0,0.0,0.0,0.0,0.0,0.0,0.0,0.0,0.0,0.0,0.0,0.0,0.0,0.0,0.0,0.0,0.0,0.0,0.0,0.0,0.0,0.0,0.0,0.0,0.0,0.0,0.0,0.0,0.0,0.0,0.0,0.0,0.0,0.0,0.0,0.0,0.0,0.0,0.0,2.0,0.0,0.0,0.0,9.0,4.0,1.0,3.0,8.0,13.0,9.0,0.0,0.0,0.0,0.0,0.0,0.0,0.0,0.0,0.0,0.0,0.0,0.0,0.0,0.0,0.0,0.0,0.0,0.0,0.0,3.0,0.0,0.0,0.0,12.0,4.0,1.0,3.0,16.0,21.0,11.0
212,1.0,212.0,London_291,dim5,151,453,1092.0,70.0,2.0,180294.0,1.3833372930530459,851.0,121.0,0.0,121.0,200.0,0.0,200.0,86.0,215.0,92.0,39.0,73.0,8.0,18.0,0.0,8.0,11.0,73.0,149.0,220.0,54.0,0.0,0.0,0.0,0.0,0.0,0.0,0.0,0.0,0.0,0.0,0.0,0.0,0.0,0.0,0.0,0.0,0.0,0.0,0.0,0.0,0.0,0.0,0.0,0.0,0.0,0.0,0.0,0.0,0.0,0.0,0.0,0.0,0.0,0.0,0.0,0.0,0.0,0.0,1.0,10.0,5.0,0.0,0.0,11.0,6.0,11.0,6.0,24.0,27.0,15.0,0.0,0.0,0.0,0.0,0.0,0.0,0.0,0.0,0.0,0.0,0.0,0.0,0.0,0.0,0.0,0.0,0.0,0.0,1.0,17.0,5.0,0.0,0.0,13.0,10.0,14.0,11.0,39.0,36.0,19.0
213,1.0,213.0,London_291,dim5,151,453,1092.0,70.0,2.0,168969.0,0.9185690379235893,826.0,5.0,0.0,5.0,10.0,0.0,10.0,200.0,213.0,112.0,26.0,65.0,10.0,16.0,2.0,9.0,9.0,73.0,167.0,204.0,46.0,0.0,0.0,0.0,0.0,0.0,0.0,0.0,0.0,0.0,0.0,0.0,0.0,0.0,0.0,0.0,0.0,0.0,0.0,0.0,0.0,0.0,0.0,0.0,0.0,0.0,0.0,0.0,0.0,0.0,0.0,0.0,0.0,0.0,0.0,0.0,0.0,0.0,0.0,2.0,1.0,1.0,0.0,0.0,1.0,1.0,0.0,1.0,2.0,1.0,2.0,0.0,0.0,0.0,0.0,0.0,0.0,0.0,0.0,0.0,0.0,0.0,0.0,0.0,0.0,0.0,0.0,0.0,0.0,3.0,1.0,1.0,0.0,0.0,1.0,3.0,0.0,1.0,4.0,2.0,3.0
214,1.0,214.0,London_291,dim5,151,453,1092.0,70.0,2.0,222876.0,2.3130361300427467,945.0,137.0,2.0,135.0,243.0,18.0,225.0,10.0,215.0,112.0,28.0,65.0,10.0,14.0,0.0,9.0,10.0,74.0,168.0,201.0,45.0,0.0,0.0,0.0,0.0,0.0,0.0,0.0,0.0,0.0,0.0,0.0,0.0,0.0,0.0,0.0,0.0,0.0,0.0,0.0,0.0,0.0,0.0,0.0,0.0,0.0,0.0,0.0,0.0,0.0,0.0,0.0,0.0,1.0,0.0,0.0,0.0,0.0,0.0,0.0,20.0,0.0,2.0,0.0,8.0,14.0,2.0,10.0,32.0,29.0,24.0,0.0,0.0,0.0,0.0,0.0,0.0,0.0,0.0,0.0,0.0,0.0,0.0,7.0,0.0,0.0,0.0,0.0,0.0,0.0,25.0,0.0,3.0,0.0,8.0,17.0,2.0,12.0,54.0,45.0,29.0
215,1.0,215.0,London_291,dim5,151,453,1092.0,70.0,2.0,212004.0,1.920191115932539,921.0,96.0,0.0,96.0,160.0,0.0,160.0,243.0,207.0,117.0,16.0,75.0,12.0,16.0,0.0,10.0,12.0,60.0,160.0,221.0,48.0,0.0,0.0,0.0,0.0,0.0,0.0,0.0,0.0,0.0,0.0,0.0,0.0,0.0,0.0,0.0,0.0,0.0,0.0,0.0,0.0,0.0,0.0,0.0,0.0,0.0,0.0,0.0,0.0,0.0,0.0,0.0,0.0,0.0,0.0,0.0,0.0,0.0,0.0,9.0,7.0,3.0,1.0,0.0,6.0,6.0,6.0,7.0,20.0,16.0,21.0,0.0,0.0,0.0,0.0,0.0,0.0,0.0,0.0,0.0,0.0,0.0,0.0,0.0,0.0,0.0,0.0,0.0,0.0,11.0,12.0,4.0,2.0,0.0,8.0,10.0,9.0,9.0,32.0,21.0,29.0
216,1.0,216.0,London_291,dim5,151,453,1092.0,70.0,2.0,214722.0,1.8426867369562387,927.0,161.0,2.0,159.0,284.0,20.0,264.0,160.0,206.0,118.0,22.0,67.0,17.0,15.0,1.0,7.0,13.0,63.0,157.0,220.0,58.0,0.0,0.0,0.0,0.0,0.0,0.0,0.0,0.0,0.0,0.0,0.0,0.0,0.0,0.0,0.0,0.0,0.0,0.0,0.0,0.0,0.0,0.0,0.0,0.0,0.0,0.0,0.0,0.0,0.0,1.0,0.0,2.0,0.0,1.0,2.0,0.0,0.0,0.0,2.0,15.0,0.0,1.0,2.0,15.0,10.0,2.0,18.0,36.0,39.0,14.0,0.0,0.0,0.0,0.0,0.0,0.0,0.0,0.0,0.0,2.0,0.0,7.0,0.0,7.0,8.0,0.0,0.0,0.0,3.0,24.0,0.0,2.0,3.0,20.0,11.0,2.0,22.0,47.0,59.0,20.0
217,1.0,217.0,London_291,dim5,151,453,1092.0,70.0,2.0,178029.0,1.1297119508963078,846.0,125.0,2.0,123.0,221.0,18.0,203.0,284.0,201.0,103.0,18.0,87.0,10.0,23.0,3.0,8.0,7.0,77.0,154.0,215.0,40.0,0.0,0.0,0.0,0.0,0.0,0.0,0.0,0.0,0.0,0.0,0.0,0.0,0.0,0.0,0.0,0.0,0.0,0.0,0.0,0.0,0.0,0.0,0.0,0.0,0.0,0.0,0.0,0.0,0.0,0.0,0.0,0.0,0.0,0.0,0.0,0.0,0.0,0.0,5.0,13.0,1.0,4.0,0.0,7.0,16.0,7.0,7.0,28.0,22.0,30.0,0.0,0.0,0.0,0.0,0.0,0.0,0.0,0.0,0.0,0.0,0.0,0.0,0.0,0.0,0.0,0.0,0.0,0.0,5.0,18.0,2.0,6.0,0.0,8.0,19.0,8.0,10.0,41.0,26.0,35.0
218,1.0,218.0,London_291,dim5,151,453,1092.0,70.0,2.0,155832.0,1.0516493942122906,797.0,78.0,2.0,76.0,147.0,19.0,128.0,221.0,209.0,121.0,24.0,66.0,5.0,24.0,1.0,3.0,5.0,65.0,147.0,236.0,47.0,0.0,0.0,0.0,0.0,0.0,0.0,0.0,0.0,0.0,0.0,0.0,0.0,0.0,0.0,0.0,0.0,0.0,0.0,0.0,0.0,0.0,0.0,0.0,0.0,0.0,0.0,0.0,0.0,0.0,0.0,0.0,1.0,0.0,1.0,1.0,0.0,0.0,0.0,1.0,1.0,0.0,0.0,1.0,6.0,7.0,13.0,7.0,16.0,19.0,21.0,0.0,0.0,0.0,0.0,0.0,0.0,0.0,0.0,0.0,0.0,0.0,2.0,0.0,8.0,4.0,0.0,0.0,0.0,1.0,2.0,0.0,0.0,1.0,6.0,11.0,21.0,9.0,25.0,28.0,27.0
219,1.0,219.0,London_291,dim5,151,453,1092.0,70.0,2.0,156738.0,1.0079147319775075,799.0,86.0,1.0,85.0,159.0,8.0,151.0,147.0,207.0,135.0,23.0,64.0,2.0,17.0,3.0,2.0,6.0,79.0,139.0,229.0,56.0,0.0,0.0,0.0,0.0,0.0,0.0,0.0,0.0,0.0,0.0,0.0,0.0,0.0,0.0,0.0,0.0,0.0,0.0,0.0,0.0,0.0,0.0,0.0,0.0,0.0,0.0,0.0,0.0,0.0,1.0,0.0,1.0,1.0,0.0,1.0,0.0,0.0,0.0,0.0,5.0,3.0,1.0,2.0,8.0,1.0,11.0,6.0,18.0,20.0,17.0,0.0,0.0,0.0,0.0,0.0,0.0,0.0,0.0,0.0,3.0,0.0,2.0,5.0,0.0,3.0,0.0,0.0,0.0,0.0,8.0,3.0,1.0,2.0,11.0,2.0,18.0,8.0,25.0,28.0,22.0
220,1.0,220.0,London_291,dim5,151,453,1092.0,70.0,2.0,154020.0,1.255261354148388,793.0,123.0,0.0,123.0,210.0,0.0,210.0,159.0,208.0,147.0,24.0,55.0,4.0,14.0,0.0,1.0,9.0,81.0,139.0,224.0,50.0,0.0,0.0,0.0,0.0,0.0,0.0,0.0,0.0,0.0,0.0,0.0,0.0,0.0,0.0,0.0,0.0,0.0,0.0,0.0,0.0,0.0,0.0,0.0,0.0,0.0,0.0,0.0,0.0,0.0,0.0,0.0,0.0,0.0,0.0,0.0,0.0,0.0,0.0,1.0,0.0,0.0,2.0,9.0,9.0,4.0,8.0,14.0,29.0,30.0,33.0,0.0,0.0,0.0,0.0,0.0,0.0,0.0,0.0,0.0,0.0,0.0,0.0,0.0,0.0,0.0,0.0,0.0,0.0,1.0,0.0,0.0,3.0,10.0,12.0,5.0,10.0,18.0,41.0,42.0,38.0
221,1.0,221.0,London_291,dim5,151,453,1092.0,70.0,2.0,130011.0,1.3775077410973608,740.0,79.0,2.0,77.0,150.0,17.0,133.0,210.0,222.0,142.0,10.0,54.0,5.0,18.0,0.0,2.0,11.0,86.0,136.0,220.0,55.0,0.0,0.0,0.0,0.0,0.0,0.0,0.0,0.0,0.0,0.0,0.0,0.0,0.0,0.0,0.0,0.0,0.0,0.0,0.0,0.0,0.0,0.0,0.0,0.0,0.0,0.0,0.0,0.0,0.0,1.0,0.0,0.0,0.0,1.0,1.0,0.0,0.0,0.0,0.0,5.0,1.0,0.0,1.0,5.0,3.0,11.0,6.0,12.0,14.0,8.0,0.0,0.0,0.0,0.0,0.0,0.0,0.0,0.0,0.0,1.0,0.0,0.0,0.0,5.0,2.0,0.0,0.0,0.0,0.0,5.0,1.0,0.0,2.0,9.0,5.0,17.0,6.0,17.0,19.0,9.0
222,1.0,222.0,London_291,dim5,151,453,1092.0,70.0,2.0,128652.0,0.9144000578671694,737.0,90.0,0.0,90.0,151.0,0.0,151.0,150.0,229.0,150.0,14.0,47.0,3.0,8.0,0.0,2.0,7.0,78.0,145.0,223.0,39.0,0.0,0.0,0.0,0.0,0.0,0.0,0.0,0.0,0.0,0.0,0.0,0.0,0.0,0.0,0.0,0.0,0.0,0.0,0.0,0.0,0.0,0.0,0.0,0.0,0.0,0.0,0.0,0.0,0.0,0.0,0.0,0.0,0.0,0.0,0.0,0.0,0.0,0.0,2.0,1.0,1.0,0.0,0.0,10.0,6.0,2.0,3.0,15.0,19.0,15.0,0.0,0.0,0.0,0.0,0.0,0.0,0.0,0.0,0.0,0.0,0.0,0.0,0.0,0.0,0.0,0.0,0.0,0.0,2.0,2.0,1.0,0.0,0.0,14.0,8.0,3.0,3.0,18.0,31.0,20.0
223,1.0,223.0,London_291,dim5,151,453,1092.0,70.0,2.0,125934.0,0.9573307640384883,731.0,18.0,0.0,18.0,24.0,0.0,24.0,151.0,243.0,135.0,11.0,50.0,3.0,8.0,1.0,2.0,5.0,85.0,142.0,221.0,39.0,0.0,0.0,0.0,0.0,0.0,0.0,0.0,0.0,0.0,0.0,0.0,0.0,0.0,0.0,0.0,0.0,0.0,0.0,0.0,0.0,0.0,0.0,0.0,0.0,0.0,0.0,0.0,0.0,0.0,0.0,0.0,0.0,0.0,0.0,0.0,0.0,0.0,0.0,4.0,0.0,0.0,0.0,0.0,2.0,3.0,0.0,0.0,4.0,1.0,3.0,0.0,0.0,0.0,0.0,0.0,0.0,0.0,0.0,0.0,0.0,0.0,0.0,0.0,0.0,0.0,0.0,0.0,0.0,4.0,0.0,0.0,0.0,0.0,3.0,3.0,0.0,0.0,5.0,2.0,4.0
224,1.0,224.0,London_291,dim5,151,453,1092.0,70.0,2.0,158097.0,1.0421445139218122,802.0,50.0,0.0,50.0,82.0,0.0,82.0,24.0,239.0,144.0,12.0,40.0,3.0,12.0,1.0,2.0,6.0,88.0,144.0,215.0,40.0,0.0,0.0,0.0,0.0,0.0,0.0,0.0,0.0,0.0,0.0,0.0,0.0,0.0,0.0,0.0,0.0,0.0,0.0,0.0,0.0,0.0,0.0,0.0,0.0,0.0,0.0,0.0,0.0,0.0,0.0,0.0,0.0,0.0,0.0,0.0,0.0,0.0,0.0,3.0,1.0,0.0,1.0,0.0,10.0,4.0,4.0,6.0,7.0,8.0,9.0,0.0,0.0,0.0,0.0,0.0,0.0,0.0,0.0,0.0,0.0,0.0,0.0,0.0,0.0,0.0,0.0,0.0,0.0,4.0,1.0,0.0,2.0,0.0,11.0,5.0,6.0,10.0,9.0,11.0,12.0
225,1.0,225.0,London_291,dim5,151,453,1092.0,70.0,2.0,183012.0,2.132727128220722,857.0,108.0,0.0,108.0,190.0,0.0,190.0,82.0,237.0,147.0,9.0,39.0,5.0,13.0,2.0,1.0,8.0,92.0,143.0,210.0,39.0,0.0,0.0,0.0,0.0,0.0,0.0,0.0,0.0,0.0,0.0,0.0,0.0,0.0,0.0,0.0,0.0,0.0,0.0,0.0,0.0,0.0,0.0,0.0,0.0,0.0,0.0,0.0,0.0,0.0,0.0,0.0,0.0,0.0,0.0,0.0,0.0,0.0,0.0,3.0,1.0,0.0,0.0,1.0,9.0,2.0,7.0,7.0,25.0,32.0,20.0,0.0,0.0,0.0,0.0,0.0,0.0,0.0,0.0,0.0,0.0,0.0,0.0,0.0,0.0,0.0,0.0,0.0,0.0,3.0,1.0,0.0,0.0,1.0,10.0,2.0,10.0,12.0,34.0,47.0,24.0
226,1.0,226.0,London_291,dim5,151,453,1092.0,70.0,2.0,179841.0,1.300931345904246,850.0,84.0,0.0,84.0,152.0,0.0,152.0,190.0,228.0,128.0,10.0,59.0,6.0,18.0,0.0,4.0,11.0,87.0,138.0,217.0,45.0,0.0,0.0,0.0,0.0,0.0,0.0,0.0,0.0,0.0,0.0,0.0,0.0,0.0,0.0,0.0,0.0,0.0,0.0,0.0,0.0,0.0,0.0,0.0,0.0,0.0,0.0,0.0,0.0,0.0,0.0,0.0,0.0,0.0,0.0,0.0,0.0,0.0,0.0,7.0,5.0,0.0,1.0,0.0,6.0,5.0,8.0,7.0,12.0,22.0,15.0,0.0,0.0,0.0,0.0,0.0,0.0,0.0,0.0,0.0,0.0,0.0,0.0,0.0,0.0,0.0,0.0,0.0,0.0,12.0,5.0,0.0,2.0,0.0,8.0,7.0,10.0,9.0,19.0,28.0,17.0
227,1.0,227.0,London_291,dim5,151,453,1092.0,70.0,2.0,200226.0,1.592998119071126,895.0,102.0,2.0,100.0,191.0,20.0,171.0,152.0,232.0,142.0,5.0,48.0,5.0,12.0,2.0,7.0,9.0,77.0,148.0,219.0,44.0,0.0,0.0,0.0,0.0,0.0,0.0,0.0,0.0,0.0,0.0,0.0,0.0,0.0,0.0,0.0,0.0,0.0,0.0,0.0,0.0,0.0,0.0,0.0,0.0,0.0,0.0,0.0,0.0,0.0,0.0,0.0,0.0,0.0,0.0,1.0,0.0,0.0,0.0,2.0,5.0,1.0,0.0,9.0,11.0,13.0,1.0,8.0,15.0,29.0,21.0,0.0,0.0,0.0,0.0,0.0,0.0,0.0,0.0,0.0,0.0,0.0,0.0,0.0,0.0,3.0,0.0,0.0,0.0,3.0,8.0,1.0,0.0,9.0,15.0,15.0,1.0,12.0,24.0,39.0,24.0
228,1.0,228.0,London_291,dim5,151,453,1092.0,70.0,2.0,191166.0,1.319438842125237,875.0,115.0,1.0,114.0,202.0,10.0,192.0,191.0,218.0,140.0,14.0,55.0,4.0,15.0,1.0,6.0,6.0,89.0,140.0,218.0,33.0,0.0,0.0,0.0,0.0,0.0,0.0,0.0,0.0,0.0,0.0,0.0,0.0,0.0,0.0,0.0,0.0,0.0,0.0,0.0,0.0,0.0,0.0,0.0,0.0,0.0,0.0,0.0,0.0,0.0,0.0,0.0,0.0,0.0,0.0,0.0,0.0,0.0,0.0,4.0,3.0,10.0,2.0,0.0,17.0,10.0,4.0,11.0,28.0,20.0,29.0,0.0,0.0,0.0,0.0,0.0,0.0,0.0,0.0,0.0,0.0,0.0,0.0,0.0,0.0,0.0,0.0,0.0,0.0,4.0,4.0,14.0,4.0,0.0,22.0,12.0,5.0,15.0,41.0,28.0,37.0
229,1.0,229.0,London_291,dim5,151,453,1092.0,70.0,2.0,179841.0,1.1527900460641831,850.0,92.0,1.0,91.0,167.0,8.0,159.0,202.0,223.0,130.0,12.0,59.0,5.0,22.0,0.0,2.0,4.0,99.0,135.0,215.0,40.0,0.0,0.0,0.0,0.0,0.0,0.0,0.0,0.0,0.0,0.0,0.0,0.0,0.0,0.0,0.0,0.0,0.0,0.0,0.0,0.0,0.0,0.0,0.0,0.0,0.0,0.0,0.0,0.0,0.0,0.0,0.0,0.0,0.0,1.0,1.0,0.0,0.0,0.0,3.0,1.0,3.0,0.0,0.0,8.0,4.0,4.0,10.0,14.0,20.0,23.0,0.0,0.0,0.0,0.0,0.0,0.0,0.0,0.0,0.0,0.0,0.0,0.0,0.0,8.0,1.0,0.0,0.0,0.0,3.0,1.0,3.0,0.0,0.0,11.0,4.0,5.0,11.0,18.0,30.0,26.0
230,1.0,230.0,London_291,dim5,151,453,1092.0,70.0,2.0,178482.0,1.1029112949036062,847.0,33.0,2.0,31.0,73.0,18.0,55.0,167.0,236.0,115.0,10.0,55.0,4.0,26.0,2.0,5.0,5.0,103.0,123.0,222.0,38.0,0.0,0.0,0.0,0.0,0.0,0.0,0.0,0.0,0.0,0.0,0.0,0.0,0.0,0.0,0.0,0.0,0.0,0.0,0.0,0.0,0.0,0.0,0.0,0.0,0.0,0.0,0.0,0.0,0.0,0.0,0.0,0.0,1.0,1.0,2.0,0.0,0.0,0.0,0.0,1.0,0.0,1.0,0.0,5.0,0.0,4.0,5.0,7.0,7.0,6.0,0.0,0.0,0.0,0.0,0.0,0.0,0.0,0.0,0.0,0.0,0.0,0.0,9.0,7.0,3.0,0.0,0.0,0.0,0.0,2.0,0.0,2.0,0.0,6.0,0.0,5.0,5.0,12.0,9.0,8.0
231,1.0,231.0,London_291,dim5,151,453,1092.0,70.0,2.0,203397.0,1.8845485060010105,902.0,174.0,2.0,172.0,310.0,18.0,292.0,73.0,237.0,113.0,13.0,53.0,6.0,26.0,1.0,4.0,5.0,105.0,116.0,227.0,39.0,0.0,0.0,0.0,0.0,0.0,0.0,0.0,0.0,0.0,0.0,0.0,0.0,0.0,0.0,0.0,0.0,0.0,0.0,0.0,0.0,0.0,0.0,0.0,0.0,0.0,0.0,0.0,0.0,0.0,0.0,0.0,1.0,0.0,1.0,0.0,0.0,0.0,0.0,0.0,14.0,2.0,3.0,4.0,28.0,1.0,0.0,16.0,33.0,42.0,37.0,0.0,0.0,0.0,0.0,0.0,0.0,0.0,0.0,0.0,0.0,0.0,4.0,0.0,8.0,0.0,0.0,0.0,0.0,0.0,25.0,2.0,3.0,4.0,34.0,2.0,0.0,20.0,49.0,55.0,45.0
232,1.0,232.0,London_291,dim5,151,453,1092.0,70.0,2.0,150396.0,0.9671967800240964,785.0,111.0,0.0,111.0,203.0,0.0,203.0,310.0,180.0,123.0,28.0,77.0,12.0,29.0,2.0,2.0,14.0,86.0,124.0,229.0,42.0,0.0,0.0,0.0,0.0,0.0,0.0,0.0,0.0,0.0,0.0,0.0,0.0,0.0,0.0,0.0,0.0,0.0,0.0,0.0,0.0,0.0,0.0,0.0,0.0,0.0,0.0,0.0,0.0,0.0,0.0,0.0,0.0,0.0,0.0,0.0,0.0,0.0,0.0,3.0,7.0,0.0,0.0,0.0,19.0,12.0,6.0,10.0,20.0,31.0,24.0,0.0,0.0,0.0,0.0,0.0,0.0,0.0,0.0,0.0,0.0,0.0,0.0,0.0,0.0,0.0,0.0,0.0,0.0,4.0,7.0,0.0,0.0,0.0,25.0,20.0,10.0,14.0,29.0,50.0,36.0
233,1.0,233.0,London_291,dim5,151,453,1092.0,70.0,2.0,127293.0,1.0775368858594447,734.0,153.0,0.0,153.0,261.0,0.0,261.0,203.0,197.0,112.0,34.0,56.0,17.0,30.0,0.0,7.0,17.0,90.0,130.0,216.0,55.0,0.0,0.0,0.0,0.0,0.0,0.0,0.0,0.0,0.0,0.0,0.0,0.0,0.0,0.0,0.0,0.0,0.0,0.0,0.0,0.0,0.0,0.0,0.0,0.0,0.0,0.0,0.0,0.0,0.0,0.0,0.0,0.0,0.0,0.0,0.0,0.0,0.0,0.0,6.0,15.0,1.0,1.0,4.0,8.0,9.0,3.0,8.0,30.0,40.0,19.0,0.0,0.0,0.0,0.0,0.0,0.0,0.0,0.0,0.0,0.0,0.0,0.0,0.0,0.0,0.0,0.0,0.0,0.0,8.0,18.0,1.0,1.0,4.0,12.0,13.0,5.0,12.0,44.0,56.0,26.0
234,1.0,234.0,London_291,dim5,151,453,1092.0,70.0,2.0,79275.0,0.3971024339552969,628.0,47.0,2.0,45.0,94.0,16.0,78.0,261.0,208.0,118.0,16.0,75.0,5.0,30.0,0.0,1.0,9.0,84.0,131.0,229.0,35.0,0.0,0.0,0.0,0.0,0.0,0.0,0.0,0.0,0.0,0.0,0.0,0.0,0.0,0.0,0.0,0.0,0.0,0.0,0.0,0.0,0.0,0.0,0.0,0.0,0.0,0.0,0.0,0.0,0.0,0.0,0.0,1.0,0.0,0.0,1.0,0.0,0.0,0.0,2.0,1.0,0.0,2.0,0.0,9.0,6.0,1.0,8.0,6.0,11.0,9.0,0.0,0.0,0.0,0.0,0.0,0.0,0.0,0.0,0.0,0.0,0.0,3.0,0.0,0.0,3.0,0.0,0.0,0.0,3.0,1.0,0.0,4.0,0.0,15.0,8.0,1.0,10.0,10.0,17.0,10.0
235,1.0,235.0,London_291,dim5,151,453,1092.0,70.0,2.0,77463.0,0.4773465530015528,624.0,69.0,2.0,67.0,137.0,19.0,118.0,94.0,226.0,120.0,19.0,66.0,4.0,14.0,1.0,3.0,9.0,87.0,132.0,225.0,41.0,0.0,0.0,0.0,0.0,0.0,0.0,0.0,0.0,0.0,0.0,0.0,0.0,0.0,0.0,0.0,0.0,0.0,0.0,0.0,0.0,0.0,0.0,0.0,0.0,0.0,0.0,0.0,0.0,0.0,0.0,0.0,0.0,0.0,0.0,1.0,0.0,0.0,0.0,4.0,5.0,1.0,2.0,4.0,8.0,8.0,0.0,13.0,11.0,12.0,14.0,0.0,0.0,0.0,0.0,0.0,0.0,0.0,0.0,0.0,0.0,0.0,0.0,0.0,0.0,4.0,0.0,0.0,0.0,6.0,7.0,1.0,4.0,6.0,10.0,12.0,0.0,19.0,19.0,18.0,18.0
236,1.0,236.0,London_291,dim5,151,453,1092.0,70.0,2.0,70215.0,0.3104380371514708,608.0,20.0,1.0,19.0,41.0,9.0,32.0,137.0,229.0,119.0,23.0,56.0,3.0,18.0,0.0,5.0,8.0,93.0,136.0,216.0,42.0,0.0,0.0,0.0,0.0,0.0,0.0,0.0,0.0,0.0,0.0,0.0,0.0,0.0,0.0,0.0,0.0,0.0,0.0,0.0,0.0,0.0,0.0,0.0,0.0,0.0,0.0,0.0,0.0,1.0,0.0,0.0,1.0,0.0,1.0,1.0,0.0,0.0,0.0,0.0,0.0,0.0,0.0,0.0,1.0,2.0,0.0,6.0,1.0,7.0,7.0,0.0,0.0,0.0,0.0,0.0,0.0,0.0,0.0,2.0,0.0,0.0,2.0,0.0,6.0,7.0,0.0,0.0,0.0,0.0,0.0,0.0,0.0,0.0,2.0,2.0,0.0,7.0,2.0,12.0,8.0
237,1.0,237.0,London_291,dim5,151,453,1092.0,70.0,2.0,90147.0,0.493205594830215,652.0,9.0,0.0,9.0,15.0,0.0,15.0,41.0,231.0,123.0,19.0,56.0,1.0,18.0,0.0,5.0,7.0,91.0,139.0,216.0,37.0,0.0,0.0,0.0,0.0,0.0,0.0,0.0,0.0,0.0,0.0,0.0,0.0,0.0,0.0,0.0,0.0,0.0,0.0,0.0,0.0,0.0,0.0,0.0,0.0,0.0,0.0,0.0,0.0,0.0,0.0,0.0,0.0,0.0,0.0,0.0,0.0,0.0,0.0,0.0,0.0,0.0,0.0,0.0,1.0,0.0,0.0,2.0,3.0,1.0,2.0,0.0,0.0,0.0,0.0,0.0,0.0,0.0,0.0,0.0,0.0,0.0,0.0,0.0,0.0,0.0,0.0,0.0,0.0,0.0,0.0,0.0,0.0,0.0,1.0,0.0,0.0,2.0,5.0,1.0,3.0
238,1.0,238.0,London_291,dim5,151,453,1092.0,70.0,2.0,127293.0,0.9523690729402006,734.0,57.0,0.0,57.0,96.0,0.0,96.0,15.0,229.0,123.0,19.0,57.0,2.0,19.0,0.0,4.0,7.0,92.0,136.0,218.0,36.0,0.0,0.0,0.0,0.0,0.0,0.0,0.0,0.0,0.0,0.0,0.0,0.0,0.0,0.0,0.0,0.0,0.0,0.0,0.0,0.0,0.0,0.0,0.0,0.0,0.0,0.0,0.0,0.0,0.0,0.0,0.0,0.0,0.0,0.0,0.0,0.0,0.0,0.0,2.0,6.0,1.0,1.0,0.0,7.0,5.0,3.0,12.0,12.0,19.0,11.0,0.0,0.0,0.0,0.0,0.0,0.0,0.0,0.0,0.0,0.0,0.0,0.0,0.0,0.0,0.0,0.0,0.0,0.0,3.0,7.0,1.0,3.0,0.0,11.0,8.0,4.0,16.0,17.0,25.0,12.0
239,1.0,239.0,London_291,dim5,151,453,1092.0,70.0,2.0,140883.0,1.0572617310099304,764.0,42.0,0.0,42.0,66.0,0.0,66.0,96.0,227.0,133.0,19.0,50.0,2.0,18.0,0.0,4.0,7.0,108.0,130.0,208.0,42.0,0.0,0.0,0.0,0.0,0.0,0.0,0.0,0.0,0.0,0.0,0.0,0.0,0.0,0.0,0.0,0.0,0.0,0.0,0.0,0.0,0.0,0.0,0.0,0.0,0.0,0.0,0.0,0.0,0.0,0.0,0.0,0.0,0.0,0.0,0.0,0.0,0.0,0.0,4.0,2.0,0.0,1.0,0.0,7.0,5.0,0.0,9.0,8.0,12.0,5.0,0.0,0.0,0.0,0.0,0.0,0.0,0.0,0.0,0.0,0.0,0.0,0.0,0.0,0.0,0.0,0.0,0.0,0.0,5.0,2.0,0.0,1.0,0.0,12.0,6.0,0.0,13.0,9.0,16.0,8.0
240,1.0,240.0,London_291,dim5,151,453,1092.0,70.0,2.0,168516.0,1.1496870392002165,825.0,11.0,2.0,9.0,32.0,17.0,15.0,66.0,226.0,134.0,17.0,51.0,2.0,21.0,1.0,1.0,8.0,101.0,137.0,207.0,43.0,0.0,0.0,0.0,0.0,0.0,0.0,0.0,0.0,0.0,0.0,0.0,0.0,0.0,0.0,0.0,0.0,0.0,0.0,0.0,0.0,0.0,0.0,0.0,0.0,0.0,0.0,0.0,0.0,0.0,0.0,0.0,1.0,0.0,0.0,1.0,0.0,0.0,0.0,0.0,1.0,0.0,0.0,0.0,1.0,1.0,0.0,1.0,0.0,2.0,1.0,0.0,0.0,0.0,0.0,0.0,0.0,0.0,0.0,0.0,0.0,0.0,2.0,0.0,0.0,8.0,0.0,0.0,0.0,0.0,1.0,0.0,0.0,0.0,2.0,3.0,0.0,3.0,0.0,2.0,2.0
241,1.0,241.0,London_291,dim5,151,453,1092.0,70.0,2.0,209739.0,1.6234759010840207,916.0,112.0,1.0,111.0,199.0,11.0,188.0,32.0,225.0,128.0,18.0,61.0,0.0,19.0,1.0,1.0,9.0,107.0,124.0,213.0,41.0,0.0,0.0,0.0,0.0,0.0,0.0,0.0,0.0,0.0,0.0,0.0,0.0,0.0,0.0,0.0,0.0,0.0,0.0,0.0,0.0,0.0,0.0,0.0,0.0,0.0,0.0,0.0,0.0,0.0,1.0,0.0,1.0,0.0,0.0,1.0,0.0,0.0,0.0,1.0,12.0,1.0,2.0,3.0,10.0,5.0,2.0,19.0,23.0,30.0,26.0,0.0,0.0,0.0,0.0,0.0,0.0,0.0,0.0,0.0,1.0,0.0,1.0,0.0,0.0,5.0,0.0,0.0,0.0,1.0,16.0,1.0,2.0,4.0,15.0,5.0,2.0,23.0,35.0,40.0,35.0
242,1.0,242.0,London_291,dim5,151,453,1092.0,70.0,2.0,207927.0,1.567678394028917,912.0,129.0,1.0,128.0,238.0,9.0,229.0,199.0,217.0,130.0,20.0,64.0,6.0,12.0,2.0,2.0,12.0,86.0,138.0,217.0,35.0,0.0,0.0,0.0,0.0,0.0,0.0,0.0,0.0,0.0,0.0,0.0,0.0,0.0,0.0,0.0,0.0,0.0,0.0,0.0,0.0,0.0,0.0,0.0,0.0,0.0,0.0,0.0,0.0,0.0,0.0,0.0,0.0,1.0,0.0,0.0,0.0,0.0,0.0,0.0,20.0,0.0,0.0,0.0,9.0,3.0,1.0,16.0,21.0,36.0,19.0,0.0,0.0,0.0,0.0,0.0,0.0,0.0,0.0,0.0,0.0,0.0,0.0,8.0,0.0,0.0,0.0,0.0,0.0,0.0,32.0,0.0,0.0,0.0,14.0,5.0,2.0,20.0,31.0,54.0,29.0
243,1.0,243.0,London_291,dim5,151,453,1092.0,70.0,2.0,204756.0,1.2609798971097916,905.0,133.0,0.0,133.0,224.0,0.0,224.0,238.0,202.0,128.0,15.0,76.0,10.0,19.0,0.0,3.0,7.0,92.0,160.0,194.0,45.0,0.0,0.0,0.0,0.0,0.0,0.0,0.0,0.0,0.0,0.0,0.0,0.0,0.0,0.0,0.0,0.0,0.0,0.0,0.0,0.0,0.0,0.0,0.0,0.0,0.0,0.0,0.0,0.0,0.0,0.0,0.0,0.0,0.0,0.0,0.0,0.0,0.0,0.0,5.0,6.0,0.0,1.0,0.0,5.0,7.0,9.0,13.0,31.0,28.0,19.0,0.0,0.0,0.0,0.0,0.0,0.0,0.0,0.0,0.0,0.0,0.0,0.0,0.0,0.0,0.0,0.0,0.0,0.0,5.0,6.0,0.0,1.0,0.0,9.0,10.0,12.0,15.0,48.0,41.0,24.0
244,1.0,244.0,London_291,dim5,151,453,1092.0,70.0,2.0,188448.0,1.224448025226593,869.0,112.0,3.0,109.0,206.0,25.0,181.0,224.0,197.0,147.0,23.0,58.0,6.0,20.0,0.0,2.0,11.0,87.0,154.0,201.0,56.0,0.0,0.0,0.0,0.0,0.0,0.0,0.0,0.0,0.0,0.0,0.0,0.0,0.0,0.0,0.0,0.0,0.0,0.0,0.0,0.0,0.0,0.0,0.0,0.0,0.0,0.0,0.0,0.0,0.0,0.0,0.0,0.0,1.0,1.0,1.0,0.0,0.0,0.0,0.0,6.0,0.0,2.0,1.0,16.0,4.0,9.0,20.0,24.0,24.0,33.0,0.0,0.0,0.0,0.0,0.0,0.0,0.0,0.0,0.0,0.0,0.0,0.0,3.0,8.0,3.0,0.0,0.0,0.0,0.0,7.0,0.0,2.0,1.0,19.0,6.0,11.0,28.0,37.0,31.0,41.0
245,1.0,245.0,London_291,dim5,151,453,1092.0,70.0,2.0,172140.0,1.3413288360461593,833.0,109.0,1.0,108.0,202.0,9.0,193.0,206.0,207.0,138.0,12.0,59.0,9.0,20.0,3.0,5.0,9.0,97.0,143.0,204.0,56.0,0.0,0.0,0.0,0.0,0.0,0.0,0.0,0.0,0.0,0.0,0.0,0.0,0.0,0.0,0.0,0.0,0.0,0.0,0.0,0.0,0.0,0.0,0.0,0.0,0.0,0.0,0.0,0.0,0.0,0.0,0.0,0.0,0.0,0.0,0.0,0.0,0.0,0.0,1.0,3.0,2.0,1.0,0.0,16.0,5.0,4.0,11.0,26.0,25.0,22.0,0.0,0.0,0.0,0.0,0.0,0.0,0.0,0.0,0.0,0.0,0.0,0.0,0.0,0.0,0.0,0.0,0.0,0.0,1.0,4.0,4.0,1.0,0.0,22.0,9.0,7.0,14.0,37.0,44.0,30.0
246,1.0,246.0,London_291,dim5,151,453,1092.0,70.0,2.0,159456.0,1.4831923539750278,805.0,105.0,2.0,103.0,200.0,17.0,183.0,202.0,213.0,145.0,13.0,55.0,5.0,19.0,0.0,3.0,10.0,92.0,149.0,202.0,54.0,0.0,0.0,0.0,0.0,0.0,0.0,0.0,0.0,0.0,0.0,0.0,0.0,0.0,0.0,0.0,0.0,0.0,0.0,0.0,0.0,0.0,0.0,0.0,0.0,0.0,0.0,0.0,0.0,0.0,0.0,0.0,0.0,0.0,0.0,0.0,0.0,0.0,0.0,7.0,7.0,2.0,2.0,0.0,12.0,6.0,3.0,14.0,16.0,27.0,24.0,0.0,0.0,0.0,0.0,0.0,0.0,0.0,0.0,0.0,0.0,0.0,0.0,0.0,0.0,0.0,0.0,0.0,0.0,7.0,11.0,2.0,3.0,0.0,15.0,11.0,3.0,17.0,26.0,42.0,33.0
247,1.0,247.0,London_291,dim5,151,453,1092.0,70.0,2.0,143148.0,1.2137459861114621,769.0,103.0,2.0,101.0,193.0,18.0,175.0,200.0,202.0,143.0,12.0,65.0,3.0,24.0,0.0,4.0,8.0,103.0,152.0,190.0,54.0,0.0,0.0,0.0,0.0,0.0,0.0,0.0,0.0,0.0,0.0,0.0,0.0,0.0,0.0,0.0,0.0,0.0,0.0,0.0,0.0,0.0,0.0,0.0,0.0,0.0,0.0,0.0,0.0,0.0,0.0,0.0,0.0,0.0,0.0,2.0,0.0,0.0,0.0,9.0,8.0,3.0,0.0,11.0,7.0,4.0,11.0,8.0,23.0,21.0,26.0,0.0,0.0,0.0,0.0,0.0,0.0,0.0,0.0,0.0,0.0,0.0,0.0,0.0,0.0,9.0,0.0,0.0,0.0,9.0,9.0,3.0,0.0,11.0,10.0,5.0,16.0,12.0,41.0,33.0,34.0
248,1.0,248.0,London_291,dim5,151,453,1092.0,70.0,2.0,132729.0,0.9702338268980384,746.0,43.0,0.0,43.0,73.0,0.0,73.0,193.0,198.0,164.0,8.0,55.0,5.0,19.0,1.0,3.0,8.0,89.0,156.0,200.0,48.0,0.0,0.0,0.0,0.0,0.0,0.0,0.0,0.0,0.0,0.0,0.0,0.0,0.0,0.0,0.0,0.0,0.0,0.0,0.0,0.0,0.0,0.0,0.0,0.0,0.0,0.0,0.0,0.0,0.0,0.0,0.0,0.0,0.0,0.0,0.0,0.0,0.0,0.0,3.0,1.0,0.0,0.0,0.0,2.0,8.0,2.0,6.0,13.0,6.0,9.0,0.0,0.0,0.0,0.0,0.0,0.0,0.0,0.0,0.0,0.0,0.0,0.0,0.0,0.0,0.0,0.0,0.0,0.0,3.0,1.0,0.0,0.0,0.0,2.0,12.0,3.0,8.0,17.0,6.0,13.0
249,1.0,249.0,London_291,dim5,151,453,1092.0,70.0,2.0,152208.0,1.427579459035769,789.0,124.0,0.0,124.0,199.0,0.0,199.0,73.0,198.0,165.0,12.0,52.0,5.0,17.0,1.0,3.0,7.0,88.0,159.0,199.0,48.0,0.0,0.0,0.0,0.0,0.0,0.0,0.0,0.0,0.0,0.0,0.0,0.0,0.0,0.0,0.0,0.0,0.0,0.0,0.0,0.0,0.0,0.0,0.0,0.0,0.0,0.0,0.0,0.0,0.0,0.0,0.0,0.0,0.0,0.0,0.0,0.0,0.0,0.0,8.0,9.0,0.0,3.0,2.0,4.0,7.0,3.0,13.0,20.0,31.0,24.0,0.0,0.0,0.0,0.0,0.0,0.0,0.0,0.0,0.0,0.0,0.0,0.0,0.0,0.0,0.0,0.0,0.0,0.0,8.0,9.0,0.0,6.0,2.0,6.0,10.0,3.0,21.0,30.0,45.0,28.0
250,1.0,250.0,London_291,dim5,151,453,1092.0,70.0,2.0,129105.0,1.065722824074328,738.0,26.0,2.0,24.0,60.0,19.0,41.0,199.0,212.0,144.0,20.0,49.0,3.0,14.0,2.0,9.0,6.0,94.0,163.0,190.0,50.0,0.0,0.0,0.0,0.0,0.0,0.0,0.0,0.0,0.0,0.0,0.0,0.0,0.0,0.0,0.0,0.0,0.0,0.0,0.0,0.0,0.0,0.0,0.0,0.0,0.0,0.0,0.0,0.0,0.0,0.0,0.0,0.0,0.0,0.0,2.0,0.0,0.0,0.0,1.0,0.0,0.0,0.0,0.0,3.0,0.0,1.0,3.0,1.0,4.0,5.0,0.0,0.0,0.0,0.0,0.0,0.0,0.0,0.0,0.0,0.0,0.0,0.0,0.0,0.0,3.0,0.0,0.0,0.0,1.0,0.0,0.0,0.0,0.0,5.0,0.0,2.0,5.0,2.0,5.0,10.0
251,1.0,251.0,London_291,dim5,151,453,1092.0,70.0,2.0,165345.0,1.4593677739612758,818.0,73.0,0.0,73.0,136.0,0.0,136.0,60.0,216.0,145.0,25.0,35.0,1.0,16.0,2.0,13.0,5.0,94.0,155.0,199.0,54.0,0.0,0.0,0.0,0.0,0.0,0.0,0.0,0.0,0.0,0.0,0.0,0.0,0.0,0.0,0.0,0.0,0.0,0.0,0.0,0.0,0.0,0.0,0.0,0.0,0.0,0.0,0.0,0.0,0.0,0.0,0.0,0.0,0.0,0.0,0.0,0.0,0.0,0.0,1.0,7.0,4.0,0.0,0.0,8.0,4.0,4.0,10.0,16.0,18.0,17.0,0.0,0.0,0.0,0.0,0.0,0.0,0.0,0.0,0.0,0.0,0.0,0.0,0.0,0.0,0.0,0.0,0.0,0.0,1.0,17.0,6.0,0.0,0.0,10.0,6.0,6.0,14.0,25.0,32.0,23.0
252,1.0,252.0,London_291,dim5,151,453,1092.0,70.0,2.0,173046.0,1.8623885011766106,835.0,110.0,2.0,108.0,199.0,19.0,180.0,136.0,221.0,143.0,20.0,47.0,2.0,8.0,0.0,12.0,6.0,86.0,165.0,196.0,52.0,0.0,0.0,0.0,0.0,0.0,0.0,0.0,0.0,0.0,1.0,0.0,1.0,0.0,0.0,0.0,0.0,0.0,0.0,1.0,0.0,0.0,0.0,0.0,0.0,0.0,0.0,0.0,0.0,0.0,0.0,0.0,0.0,0.0,1.0,1.0,0.0,0.0,0.0,3.0,6.0,0.0,1.0,7.0,9.0,4.0,6.0,5.0,28.0,23.0,22.0,0.0,0.0,0.0,0.0,0.0,0.0,0.0,0.0,0.0,0.0,0.0,0.0,0.0,6.0,3.0,0.0,0.0,0.0,3.0,9.0,0.0,2.0,8.0,12.0,4.0,10.0,6.0,44.0,33.0,30.0
253,1.0,253.0,London_291,dim5,151,453,1092.0,70.0,2.0,159456.0,1.2796992170624435,805.0,98.0,0.0,98.0,156.0,0.0,156.0,189.0,221.0,129.0,11.0,52.0,11.0,12.0,2.0,15.0,4.0,77.0,145.0,227.0,51.0,0.0,0.0,0.0,0.0,0.0,0.0,0.0,0.0,0.0,0.0,0.0,0.0,0.0,0.0,0.0,0.0,0.0,0.0,0.0,0.0,0.0,0.0,0.0,0.0,0.0,0.0,0.0,0.0,0.0,0.0,0.0,0.0,0.0,0.0,0.0,0.0,0.0,0.0,4.0,1.0,3.0,1.0,1.0,13.0,11.0,5.0,9.0,22.0,18.0,12.0,0.0,0.0,0.0,0.0,0.0,0.0,0.0,0.0,0.0,0.0,0.0,0.0,0.0,0.0,0.0,0.0,0.0,0.0,4.0,1.0,4.0,1.0,1.0,17.0,16.0,6.0,16.0,31.0,26.0,14.0
254,1.0,254.0,London_291,dim5,151,453,1092.0,70.0,2.0,145866.0,1.3256751778535545,775.0,118.0,0.0,118.0,199.0,0.0,199.0,156.0,223.0,118.0,14.0,51.0,10.0,18.0,3.0,16.0,8.0,82.0,155.0,208.0,53.0,0.0,0.0,0.0,0.0,0.0,0.0,0.0,0.0,0.0,0.0,0.0,0.0,0.0,0.0,0.0,0.0,0.0,0.0,0.0,0.0,0.0,0.0,0.0,0.0,0.0,0.0,0.0,0.0,0.0,0.0,0.0,0.0,0.0,0.0,0.0,0.0,0.0,0.0,0.0,10.0,0.0,0.0,0.0,9.0,6.0,2.0,9.0,21.0,33.0,19.0,0.0,0.0,0.0,0.0,0.0,0.0,0.0,0.0,0.0,0.0,0.0,0.0,0.0,0.0,0.0,0.0,0.0,0.0,0.0,16.0,0.0,0.0,0.0,10.0,9.0,2.0,10.0,36.0,42.0,26.0
255,1.0,255.0,London_291,dim5,151,453,1092.0,70.0,2.0,127293.0,0.8384701488539577,734.0,55.0,0.0,55.0,99.0,0.0,99.0,199.0,226.0,113.0,14.0,51.0,10.0,25.0,3.0,11.0,6.0,68.0,161.0,218.0,52.0,0.0,0.0,0.0,0.0,0.0,0.0,0.0,0.0,0.0,0.0,0.0,0.0,0.0,0.0,0.0,0.0,0.0,0.0,0.0,0.0,0.0,0.0,0.0,0.0,0.0,0.0,0.0,0.0,0.0,0.0,0.0,0.0,0.0,0.0,0.0,0.0,0.0,0.0,2.0,1.0,0.0,0.0,0.0,4.0,9.0,4.0,11.0,9.0,11.0,22.0,0.0,0.0,0.0,0.0,0.0,0.0,0.0,0.0,0.0,0.0,0.0,0.0,0.0,0.0,0.0,0.0,0.0,0.0,2.0,1.0,0.0,0.0,0.0,5.0,15.0,6.0,20.0,12.0,15.0,27.0
256,1.0,256.0,London_291,dim5,151,453,1092.0,70.0,2.0,134994.0,1.0250452859327197,751.0,100.0,2.0,98.0,186.0,18.0,168.0,99.0,233.0,113.0,14.0,32.0,14.0,32.0,3.0,12.0,8.0,66.0,152.0,227.0,49.0,0.0,0.0,0.0,0.0,0.0,0.0,0.0,0.0,0.0,0.0,0.0,0.0,0.0,0.0,0.0,0.0,0.0,0.0,0.0,0.0,0.0,0.0,0.0,0.0,0.0,0.0,0.0,0.0,0.0,0.0,0.0,0.0,1.0,0.0,1.0,0.0,0.0,0.0,0.0,4.0,0.0,2.0,0.0,11.0,1.0,9.0,2.0,22.0,18.0,21.0,0.0,0.0,0.0,0.0,0.0,0.0,0.0,0.0,0.0,0.0,0.0,0.0,4.0,0.0,3.0,0.0,0.0,0.0,0.0,5.0,0.0,3.0,0.0,14.0,1.0,14.0,2.0,36.0,25.0,27.0
257,1.0,257.0,London_291,dim5,151,453,1092.0,70.0,2.0,121857.0,0.8996065699029714,722.0,92.0,0.0,92.0,152.0,0.0,152.0,186.0,239.0,86.0,10.0,57.0,18.0,33.0,0.0,10.0,6.0,82.0,129.0,236.0,43.0,0.0,0.0,0.0,0.0,0.0,0.0,0.0,0.0,0.0,0.0,0.0,0.0,0.0,0.0,0.0,0.0,0.0,0.0,0.0,0.0,0.0,0.0,0.0,0.0,0.0,0.0,0.0,0.0,0.0,0.0,0.0,0.0,0.0,0.0,0.0,0.0,0.0,0.0,1.0,9.0,1.0,3.0,1.0,12.0,10.0,11.0,5.0,17.0,20.0,17.0,0.0,0.0,0.0,0.0,0.0,0.0,0.0,0.0,0.0,0.0,0.0,0.0,0.0,0.0,0.0,0.0,0.0,0.0,1.0,10.0,1.0,4.0,1.0,18.0,15.0,18.0,8.0,29.0,27.0,22.0
258,1.0,258.0,London_291,dim5,151,453,1092.0,70.0,2.0,113250.0,0.9194976799190044,703.0,29.0,2.0,27.0,65.0,20.0,45.0,152.0,241.0,101.0,16.0,42.0,12.0,30.0,0.0,11.0,9.0,73.0,132.0,239.0,49.0,0.0,0.0,0.0,0.0,0.0,0.0,0.0,0.0,0.0,0.0,0.0,0.0,0.0,0.0,0.0,0.0,0.0,0.0,0.0,0.0,0.0,0.0,0.0,0.0,0.0,0.0,0.0,0.0,0.0,1.0,0.0,2.0,0.0,1.0,2.0,0.0,0.0,0.0,0.0,2.0,0.0,0.0,0.0,2.0,7.0,5.0,5.0,4.0,11.0,4.0,0.0,0.0,0.0,0.0,0.0,0.0,0.0,0.0,0.0,2.0,0.0,11.0,0.0,9.0,10.0,0.0,0.0,0.0,0.0,3.0,0.0,0.0,0.0,4.0,8.0,6.0,7.0,8.0,15.0,6.0
259,1.0,259.0,London_291,dim5,151,453,1092.0,70.0,2.0,135447.0,1.2296019799541682,752.0,31.0,2.0,29.0,64.0,18.0,46.0,65.0,234.0,119.0,20.0,37.0,4.0,27.0,0.0,12.0,7.0,75.0,129.0,242.0,42.0,0.0,0.0,0.0,0.0,0.0,0.0,0.0,0.0,0.0,0.0,0.0,0.0,0.0,0.0,0.0,0.0,0.0,0.0,0.0,0.0,0.0,0.0,0.0,0.0,0.0,0.0,0.0,0.0,0.0,0.0,0.0,0.0,0.0,0.0,0.0,0.0,0.0,0.0,0.0,3.0,0.0,0.0,0.0,4.0,1.0,7.0,3.0,3.0,10.0,8.0,0.0,0.0,0.0,0.0,0.0,0.0,0.0,0.0,0.0,0.0,0.0,0.0,0.0,0.0,0.0,0.0,0.0,0.0,0.0,5.0,0.0,0.0,0.0,6.0,3.0,8.0,4.0,3.0,15.0,9.0
260,1.0,260.0,London_291,dim5,151,453,1092.0,70.0,2.0,154473.0,1.0839661029167473,794.0,87.0,2.0,85.0,170.0,19.0,151.0,64.0,213.0,129.0,21.0,39.0,6.0,31.0,2.0,12.0,9.0,74.0,120.0,250.0,45.0,0.0,0.0,0.0,0.0,0.0,0.0,0.0,0.0,0.0,0.0,0.0,0.0,0.0,0.0,0.0,0.0,0.0,0.0,0.0,0.0,0.0,0.0,0.0,0.0,0.0,0.0,0.0,0.0,1.0,0.0,0.0,1.0,0.0,1.0,1.0,0.0,0.0,0.0,4.0,6.0,0.0,3.0,0.0,11.0,6.0,7.0,6.0,18.0,18.0,13.0,0.0,0.0,0.0,0.0,0.0,0.0,0.0,0.0,6.0,0.0,0.0,8.0,0.0,8.0,1.0,0.0,0.0,0.0,5.0,13.0,0.0,4.0,0.0,16.0,8.0,10.0,8.0,25.0,25.0,16.0
261,1.0,261.0,London_291,dim5,151,453,1092.0,70.0,2.0,159456.0,1.0646226108074188,805.0,53.0,1.0,52.0,97.0,8.0,89.0,170.0,203.0,143.0,6.0,56.0,8.0,25.0,1.0,11.0,8.0,79.0,123.0,243.0,54.0,0.0,0.0,0.0,0.0,0.0,0.0,0.0,0.0,0.0,0.0,0.0,0.0,0.0,0.0,0.0,0.0,0.0,0.0,0.0,0.0,0.0,0.0,0.0,0.0,0.0,0.0,0.0,0.0,0.0,1.0,0.0,1.0,1.0,0.0,1.0,0.0,0.0,0.0,2.0,5.0,0.0,1.0,0.0,8.0,7.0,3.0,8.0,9.0,10.0,14.0,0.0,0.0,0.0,0.0,0.0,0.0,0.0,0.0,0.0,3.0,0.0,1.0,6.0,0.0,2.0,0.0,0.0,0.0,3.0,8.0,0.0,1.0,0.0,9.0,12.0,4.0,11.0,12.0,19.0,17.0
262,1.0,262.0,London_291,dim5,151,453,1092.0,70.0,2.0,190260.0,1.406784089980647,873.0,151.0,0.0,151.0,272.0,0.0,272.0,97.0,200.0,140.0,9.0,57.0,9.0,28.0,2.0,8.0,8.0,80.0,118.0,247.0,49.0,0.0,0.0,0.0,0.0,0.0,0.0,0.0,0.0,0.0,0.0,0.0,0.0,0.0,0.0,0.0,0.0,0.0,0.0,0.0,0.0,0.0,0.0,0.0,0.0,0.0,0.0,0.0,0.0,0.0,0.0,0.0,0.0,0.0,0.0,0.0,0.0,0.0,0.0,7.0,26.0,1.0,1.0,6.0,21.0,7.0,6.0,20.0,23.0,35.0,20.0,0.0,0.0,0.0,0.0,0.0,0.0,0.0,0.0,0.0,0.0,0.0,0.0,0.0,0.0,0.0,0.0,0.0,0.0,7.0,33.0,1.0,1.0,8.0,26.0,9.0,6.0,36.0,31.0,56.0,25.0
263,1.0,263.0,London_291,dim5,151,453,1092.0,70.0,2.0,170328.0,1.0190247669816017,829.0,72.0,2.0,70.0,140.0,17.0,123.0,272.0,190.0,130.0,13.0,82.0,9.0,20.0,3.0,6.0,8.0,76.0,135.0,234.0,43.0,0.0,0.0,0.0,0.0,0.0,0.0,0.0,0.0,0.0,0.0,0.0,0.0,0.0,0.0,0.0,0.0,0.0,0.0,0.0,0.0,0.0,0.0,0.0,0.0,0.0,0.0,0.0,0.0,0.0,1.0,0.0,0.0,0.0,1.0,1.0,0.0,0.0,0.0,2.0,2.0,0.0,1.0,1.0,6.0,11.0,3.0,3.0,14.0,17.0,14.0,0.0,0.0,0.0,0.0,0.0,0.0,0.0,0.0,0.0,2.0,0.0,0.0,0.0,5.0,2.0,0.0,0.0,0.0,2.0,3.0,0.0,2.0,1.0,11.0,17.0,3.0,6.0,20.0,22.0,18.0
264,1.0,264.0,London_291,dim5,151,453,1092.0,70.0,2.0,183012.0,1.5169343878515065,857.0,94.0,0.0,94.0,166.0,0.0,166.0,140.0,201.0,134.0,14.0,72.0,3.0,23.0,1.0,5.0,7.0,77.0,142.0,227.0,47.0,0.0,0.0,0.0,0.0,0.0,0.0,0.0,0.0,0.0,0.0,0.0,0.0,0.0,0.0,0.0,0.0,0.0,0.0,0.0,0.0,0.0,0.0,0.0,0.0,0.0,0.0,0.0,0.0,0.0,0.0,0.0,0.0,0.0,0.0,0.0,0.0,0.0,0.0,2.0,0.0,1.0,0.0,3.0,16.0,4.0,8.0,13.0,18.0,23.0,15.0,0.0,0.0,0.0,0.0,0.0,0.0,0.0,0.0,0.0,0.0,0.0,0.0,0.0,0.0,0.0,0.0,0.0,0.0,4.0,0.0,1.0,0.0,3.0,22.0,5.0,12.0,16.0,29.0,34.0,21.0
265,1.0,265.0,London_291,dim5,151,453,1092.0,70.0,2.0,177576.0,1.1104388230014592,845.0,90.0,0.0,90.0,153.0,0.0,153.0,166.0,206.0,143.0,10.0,58.0,7.0,23.0,1.0,5.0,6.0,86.0,127.0,234.0,42.0,0.0,0.0,0.0,0.0,0.0,0.0,0.0,0.0,0.0,0.0,0.0,0.0,0.0,0.0,0.0,0.0,0.0,0.0,0.0,0.0,0.0,0.0,0.0,0.0,0.0,0.0,0.0,0.0,0.0,0.0,0.0,0.0,0.0,0.0,0.0,0.0,0.0,0.0,4.0,0.0,0.0,0.0,6.0,11.0,7.0,5.0,9.0,22.0,22.0,16.0,0.0,0.0,0.0,0.0,0.0,0.0,0.0,0.0,0.0,0.0,0.0,0.0,0.0,0.0,0.0,0.0,0.0,0.0,5.0,0.0,0.0,0.0,6.0,14.0,9.0,7.0,13.0,36.0,31.0,22.0
266,1.0,266.0,London_291,dim5,151,453,1092.0,70.0,2.0,172593.0,1.4648359809070826,834.0,116.0,0.0,116.0,207.0,0.0,207.0,153.0,212.0,148.0,16.0,46.0,9.0,20.0,0.0,2.0,7.0,77.0,137.0,232.0,55.0,0.0,0.0,0.0,0.0,0.0,0.0,0.0,0.0,0.0,0.0,0.0,0.0,0.0,0.0,0.0,0.0,0.0,0.0,0.0,0.0,0.0,0.0,0.0,0.0,0.0,0.0,0.0,0.0,0.0,0.0,0.0,0.0,0.0,0.0,0.0,0.0,0.0,0.0,7.0,1.0,1.0,2.0,1.0,5.0,8.0,2.0,7.0,25.0,19.0,27.0,0.0,0.0,0.0,0.0,0.0,0.0,0.0,0.0,0.0,0.0,0.0,0.0,0.0,0.0,0.0,0.0,0.0,0.0,8.0,3.0,1.0,3.0,1.0,9.0,12.0,2.0,8.0,38.0,34.0,33.0
267,1.0,267.0,London_291,dim5,151,453,1092.0,70.0,2.0,155379.0,1.368260890012607,796.0,102.0,0.0,102.0,172.0,0.0,172.0,207.0,213.0,138.0,10.0,60.0,2.0,22.0,1.0,7.0,10.0,87.0,136.0,220.0,53.0,0.0,0.0,0.0,0.0,0.0,0.0,0.0,0.0,0.0,0.0,0.0,0.0,0.0,0.0,0.0,0.0,0.0,0.0,0.0,0.0,0.0,0.0,0.0,0.0,0.0,0.0,0.0,0.0,0.0,0.0,0.0,0.0,0.0,0.0,0.0,0.0,0.0,0.0,1.0,1.0,0.0,2.0,0.0,6.0,5.0,6.0,17.0,21.0,30.0,12.0,0.0,0.0,0.0,0.0,0.0,0.0,0.0,0.0,0.0,0.0,0.0,0.0,0.0,0.0,0.0,0.0,0.0,0.0,1.0,1.0,0.0,2.0,0.0,7.0,8.0,10.0,24.0,31.0,43.0,18.0
268,1.0,268.0,London_291,dim5,151,453,1092.0,70.0,2.0,147678.0,1.2160312081687152,779.0,133.0,0.0,133.0,225.0,0.0,225.0,172.0,224.0,114.0,26.0,56.0,5.0,25.0,0.0,3.0,12.0,81.0,137.0,223.0,48.0,0.0,0.0,0.0,0.0,0.0,0.0,0.0,0.0,0.0,0.0,0.0,0.0,0.0,0.0,0.0,0.0,0.0,0.0,0.0,0.0,0.0,0.0,0.0,0.0,0.0,0.0,0.0,0.0,0.0,0.0,0.0,0.0,0.0,0.0,0.0,0.0,0.0,0.0,3.0,4.0,1.0,2.0,2.0,10.0,6.0,2.0,12.0,21.0,27.0,24.0,0.0,0.0,0.0,0.0,0.0,0.0,0.0,0.0,0.0,0.0,0.0,0.0,0.0,0.0,0.0,0.0,0.0,0.0,4.0,5.0,1.0,3.0,2.0,12.0,8.0,3.0,18.0,35.0,36.0,30.0
269,1.0,269.0,London_291,dim5,151,453,1092.0,70.0,2.0,128652.0,1.027035562088713,737.0,78.0,2.0,76.0,154.0,20.0,134.0,225.0,235.0,107.0,12.0,62.0,9.0,23.0,1.0,4.0,8.0,91.0,149.0,205.0,46.0,0.0,0.0,0.0,0.0,0.0,0.0,0.0,0.0,0.0,0.0,0.0,0.0,0.0,0.0,0.0,0.0,0.0,0.0,0.0,0.0,0.0,0.0,0.0,0.0,0.0,0.0,0.0,0.0,0.0,0.0,0.0,2.0,0.0,0.0,1.0,0.0,0.0,0.0,3.0,1.0,0.0,0.0,2.0,8.0,12.0,2.0,5.0,16.0,17.0,18.0,0.0,0.0,0.0,0.0,0.0,0.0,0.0,0.0,0.0,0.0,0.0,7.0,0.0,0.0,4.0,0.0,0.0,0.0,3.0,1.0,0.0,0.0,2.0,11.0,18.0,2.0,8.0,19.0,25.0,22.0
270,1.0,270.0,London_291,dim5,151,453,1092.0,70.0,2.0,127293.0,0.9849267369136214,734.0,55.0,1.0,54.0,97.0,10.0,87.0,154.0,242.0,107.0,8.0,73.0,2.0,15.0,1.0,5.0,5.0,91.0,145.0,212.0,46.0,0.0,0.0,0.0,0.0,0.0,0.0,0.0,0.0,0.0,0.0,0.0,0.0,0.0,0.0,0.0,0.0,0.0,0.0,0.0,0.0,0.0,0.0,0.0,0.0,0.0,0.0,0.0,0.0,0.0,0.0,0.0,0.0,0.0,0.0,0.0,0.0,0.0,0.0,3.0,2.0,1.0,1.0,0.0,4.0,6.0,0.0,7.0,14.0,9.0,17.0,0.0,0.0,0.0,0.0,0.0,0.0,0.0,0.0,0.0,0.0,0.0,0.0,0.0,0.0,0.0,0.0,0.0,0.0,4.0,2.0,1.0,1.0,0.0,5.0,7.0,0.0,11.0,18.0,11.0,21.0
271,1.0,271.0,London_291,dim5,151,453,1092.0,70.0,2.0,139071.0,0.9847923258785158,760.0,1.0,1.0,0.0,8.0,8.0,0.0,97.0,251.0,96.0,9.0,70.0,3.0,21.0,0.0,3.0,5.0,99.0,137.0,212.0,47.0,0.0,0.0,0.0,0.0,0.0,0.0,0.0,0.0,0.0,0.0,0.0,0.0,0.0,0.0,0.0,0.0,0.0,0.0,0.0,0.0,0.0,0.0,0.0,0.0,0.0,0.0,0.0,0.0,0.0,0.0,0.0,0.0,0.0,0.0,1.0,0.0,0.0,0.0,0.0,0.0,0.0,0.0,0.0,0.0,0.0,0.0,0.0,0.0,0.0,0.0,0.0,0.0,0.0,0.0,0.0,0.0,0.0,0.0,0.0,0.0,0.0,0.0,0.0,0.0,3.0,0.0,0.0,0.0,0.0,0.0,0.0,0.0,0.0,0.0,0.0,0.0,0.0,0.0,0.0,0.0
272,1.0,272.0,London_291,dim5,151,453,1092.0,70.0,2.0,181653.0,1.2168931250926107,854.0,107.0,2.0,105.0,192.0,18.0,174.0,8.0,248.0,98.0,9.0,71.0,3.0,21.0,0.0,3.0,5.0,100.0,131.0,217.0,46.0,0.0,0.0,0.0,0.0,0.0,0.0,0.0,0.0,0.0,0.0,0.0,0.0,0.0,0.0,0.0,0.0,0.0,0.0,0.0,0.0,0.0,0.0,0.0,0.0,0.0,0.0,0.0,0.0,0.0,0.0,0.0,0.0,1.0,1.0,2.0,0.0,0.0,0.0,3.0,4.0,3.0,0.0,0.0,23.0,4.0,0.0,21.0,21.0,19.0,18.0,0.0,0.0,0.0,0.0,0.0,0.0,0.0,0.0,0.0,0.0,0.0,0.0,9.0,7.0,4.0,0.0,0.0,0.0,4.0,5.0,3.0,0.0,0.0,31.0,7.0,0.0,28.0,28.0,29.0,22.0
273,1.0,273.0,London_291,dim5,151,453,1092.0,70.0,2.0,168969.0,2.1252668669912964,826.0,76.0,2.0,74.0,150.0,18.0,132.0,192.0,242.0,89.0,16.0,68.0,5.0,29.0,1.0,3.0,1.0,88.0,135.0,229.0,36.0,0.0,0.0,0.0,0.0,0.0,0.0,0.0,0.0,0.0,0.0,0.0,0.0,0.0,0.0,0.0,0.0,0.0,0.0,0.0,0.0,0.0,0.0,0.0,0.0,0.0,0.0,0.0,0.0,0.0,0.0,0.0,0.0,0.0,1.0,0.0,0.0,0.0,0.0,3.0,4.0,1.0,4.0,0.0,13.0,11.0,6.0,5.0,14.0,14.0,22.0,0.0,0.0,0.0,0.0,0.0,0.0,0.0,0.0,0.0,0.0,0.0,0.0,0.0,9.0,0.0,0.0,0.0,0.0,3.0,6.0,1.0,12.0,0.0,16.0,14.0,8.0,7.0,20.0,19.0,27.0
274,1.0,274.0,London_291,dim5,151,453,1092.0,70.0,2.0,175311.0,1.7799722230993211,840.0,82.0,0.0,82.0,144.0,0.0,144.0,150.0,235.0,107.0,12.0,67.0,1.0,26.0,0.0,5.0,0.0,86.0,134.0,233.0,28.0,0.0,0.0,0.0,0.0,0.0,0.0,0.0,0.0,0.0,0.0,0.0,0.0,0.0,0.0,0.0,0.0,0.0,0.0,0.0,0.0,0.0,0.0,0.0,0.0,0.0,0.0,0.0,0.0,0.0,0.0,0.0,0.0,0.0,0.0,0.0,0.0,0.0,0.0,3.0,1.0,0.0,3.0,0.0,6.0,14.0,6.0,4.0,16.0,21.0,23.0,0.0,0.0,0.0,0.0,0.0,0.0,0.0,0.0,0.0,0.0,0.0,0.0,0.0,0.0,0.0,0.0,0.0,0.0,4.0,1.0,0.0,4.0,0.0,8.0,19.0,9.0,5.0,21.0,29.0,28.0
275,1.0,275.0,London_291,dim5,151,453,1092.0,70.0,2.0,184371.0,1.4850898270960897,860.0,189.0,0.0,189.0,325.0,0.0,325.0,144.0,236.0,101.0,19.0,66.0,2.0,24.0,1.0,4.0,2.0,76.0,143.0,232.0,36.0,0.0,0.0,0.0,0.0,0.0,0.0,0.0,0.0,0.0,0.0,0.0,0.0,0.0,0.0,0.0,0.0,0.0,0.0,0.0,0.0,0.0,0.0,0.0,0.0,0.0,0.0,0.0,0.0,0.0,0.0,0.0,0.0,0.0,0.0,0.0,0.0,0.0,0.0,3.0,16.0,0.0,3.0,7.0,6.0,7.0,5.0,15.0,36.0,43.0,20.0,0.0,0.0,0.0,0.0,0.0,0.0,0.0,0.0,0.0,0.0,0.0,0.0,0.0,0.0,0.0,0.0,0.0,0.0,3.0,19.0,0.0,5.0,8.0,10.0,11.0,8.0,23.0,50.0,67.0,25.0
276,1.0,276.0,London_291,dim5,151,453,1092.0,70.0,2.0,139977.0,0.778611090965569,762.0,16.0,2.0,14.0,42.0,16.0,26.0,325.0,169.0,127.0,24.0,75.0,13.0,35.0,4.0,6.0,7.0,66.0,161.0,219.0,32.0,0.0,0.0,0.0,0.0,0.0,0.0,0.0,0.0,0.0,0.0,0.0,0.0,0.0,0.0,0.0,0.0,0.0,0.0,0.0,0.0,0.0,0.0,0.0,0.0,0.0,0.0,0.0,0.0,0.0,0.0,0.0,0.0,0.0,0.0,0.0,0.0,0.0,0.0,0.0,0.0,0.0,0.0,0.0,0.0,2.0,0.0,1.0,3.0,4.0,5.0,0.0,0.0,0.0,0.0,0.0,0.0,0.0,0.0,0.0,0.0,0.0,0.0,0.0,0.0,0.0,0.0,0.0,0.0,0.0,0.0,0.0,0.0,0.0,0.0,3.0,0.0,1.0,5.0,5.0,6.0
277,1.0,277.0,London_291,dim5,151,453,1092.0,70.0,2.0,173499.0,1.148537787143141,836.0,110.0,2.0,108.0,202.0,19.0,183.0,42.0,173.0,132.0,27.0,70.0,12.0,31.0,3.0,5.0,4.0,69.0,155.0,225.0,31.0,0.0,0.0,0.0,0.0,0.0,0.0,0.0,0.0,0.0,0.0,0.0,0.0,0.0,0.0,0.0,0.0,0.0,0.0,0.0,0.0,0.0,0.0,0.0,0.0,0.0,0.0,0.0,0.0,1.0,0.0,0.0,0.0,0.0,0.0,1.0,0.0,0.0,0.0,1.0,5.0,1.0,0.0,0.0,7.0,9.0,16.0,11.0,16.0,30.0,18.0,0.0,0.0,0.0,0.0,0.0,0.0,0.0,0.0,1.0,0.0,0.0,0.0,0.0,0.0,5.0,0.0,0.0,0.0,1.0,6.0,1.0,0.0,0.0,7.0,10.0,23.0,14.0,24.0,46.0,27.0
278,1.0,278.0,London_291,dim5,151,453,1092.0,70.0,2.0,159456.0,1.007016375893727,805.0,68.0,1.0,67.0,126.0,9.0,117.0,202.0,185.0,127.0,34.0,68.0,12.0,24.0,1.0,2.0,7.0,87.0,150.0,209.0,26.0,0.0,0.0,0.0,0.0,0.0,0.0,0.0,0.0,0.0,0.0,0.0,0.0,0.0,0.0,0.0,0.0,0.0,0.0,0.0,0.0,0.0,0.0,0.0,0.0,0.0,0.0,0.0,0.0,1.0,0.0,0.0,1.0,0.0,1.0,1.0,0.0,0.0,0.0,0.0,2.0,1.0,1.0,0.0,6.0,6.0,8.0,11.0,18.0,18.0,14.0,0.0,0.0,0.0,0.0,0.0,0.0,0.0,0.0,2.0,0.0,0.0,1.0,0.0,6.0,3.0,0.0,0.0,0.0,0.0,3.0,1.0,1.0,0.0,10.0,9.0,10.0,18.0,31.0,23.0,19.0
279,1.0,279.0,London_291,dim5,151,453,1092.0,70.0,2.0,162627.0,1.097585101844743,812.0,43.0,0.0,43.0,72.0,0.0,72.0,126.0,194.0,136.0,27.0,53.0,9.0,28.0,3.0,3.0,6.0,80.0,160.0,207.0,34.0,0.0,0.0,0.0,0.0,0.0,0.0,0.0,0.0,0.0,0.0,0.0,0.0,0.0,0.0,0.0,0.0,0.0,0.0,0.0,0.0,0.0,0.0,0.0,0.0,0.0,0.0,0.0,0.0,0.0,0.0,0.0,0.0,0.0,0.0,0.0,0.0,0.0,0.0,0.0,2.0,0.0,1.0,0.0,6.0,5.0,2.0,5.0,12.0,8.0,8.0,0.0,0.0,0.0,0.0,0.0,0.0,0.0,0.0,0.0,0.0,0.0,0.0,0.0,0.0,0.0,0.0,0.0,0.0,0.0,2.0,0.0,1.0,0.0,9.0,7.0,3.0,5.0,18.0,16.0,14.0
280,1.0,280.0,London_291,dim5,151,453,1092.0,70.0,2.0,179388.0,1.542480387026444,849.0,170.0,0.0,170.0,292.0,0.0,292.0,72.0,203.0,127.0,31.0,49.0,8.0,30.0,2.0,3.0,7.0,80.0,155.0,211.0,36.0,0.0,0.0,0.0,0.0,0.0,0.0,0.0,0.0,0.0,0.0,0.0,0.0,0.0,0.0,0.0,0.0,0.0,0.0,0.0,0.0,0.0,0.0,0.0,0.0,0.0,0.0,0.0,0.0,0.0,0.0,0.0,0.0,0.0,0.0,0.0,0.0,0.0,0.0,2.0,1.0,1.0,0.0,1.0,11.0,5.0,4.0,14.0,43.0,37.0,23.0,0.0,0.0,0.0,0.0,0.0,0.0,0.0,0.0,0.0,0.0,0.0,0.0,0.0,0.0,0.0,0.0,0.0,0.0,2.0,1.0,1.0,0.0,1.0,14.0,8.0,4.0,20.0,63.0,53.0,28.0
281,1.0,281.0,London_291,dim5,151,453,1092.0,70.0,2.0,135900.0,0.8378259090241045,753.0,146.0,0.0,146.0,260.0,0.0,260.0,292.0,190.0,98.0,31.0,76.0,6.0,42.0,3.0,7.0,6.0,79.0,151.0,217.0,30.0,0.0,0.0,0.0,0.0,0.0,0.0,0.0,0.0,0.0,0.0,0.0,0.0,0.0,0.0,0.0,0.0,0.0,0.0,0.0,0.0,0.0,0.0,0.0,0.0,0.0,0.0,0.0,0.0,0.0,0.0,0.0,0.0,0.0,0.0,0.0,0.0,0.0,0.0,1.0,5.0,6.0,1.0,0.0,11.0,13.0,7.0,15.0,31.0,41.0,28.0,0.0,0.0,0.0,0.0,0.0,0.0,0.0,0.0,0.0,0.0,0.0,0.0,0.0,0.0,0.0,0.0,0.0,0.0,1.0,5.0,6.0,1.0,0.0,15.0,24.0,10.0,18.0,48.0,69.0,37.0
282,1.0,282.0,London_291,dim5,151,453,1092.0,70.0,2.0,103284.0,0.6228295359760523,681.0,12.0,2.0,10.0,33.0,17.0,16.0,260.0,174.0,111.0,24.0,93.0,9.0,32.0,3.0,7.0,9.0,94.0,157.0,193.0,45.0,0.0,0.0,0.0,0.0,0.0,0.0,0.0,0.0,0.0,0.0,0.0,0.0,0.0,0.0,0.0,0.0,0.0,0.0,0.0,0.0,0.0,0.0,0.0,0.0,0.0,0.0,0.0,0.0,0.0,0.0,0.0,1.0,0.0,0.0,1.0,0.0,0.0,0.0,0.0,0.0,0.0,0.0,0.0,0.0,1.0,0.0,1.0,2.0,3.0,2.0,0.0,0.0,0.0,0.0,0.0,0.0,0.0,0.0,0.0,0.0,0.0,3.0,0.0,0.0,3.0,0.0,0.0,0.0,0.0,0.0,0.0,0.0,0.0,0.0,2.0,0.0,1.0,3.0,4.0,3.0
283,1.0,283.0,London_291,dim5,151,453,1092.0,70.0,2.0,125934.0,0.7816339109558612,731.0,82.0,1.0,81.0,150.0,11.0,139.0,33.0,174.0,114.0,25.0,92.0,8.0,30.0,3.0,7.0,7.0,96.0,152.0,198.0,41.0,0.0,0.0,0.0,0.0,0.0,0.0,0.0,0.0,0.0,0.0,0.0,0.0,0.0,0.0,0.0,0.0,0.0,0.0,0.0,0.0,0.0,0.0,0.0,0.0,0.0,0.0,0.0,0.0,0.0,1.0,0.0,1.0,0.0,0.0,1.0,0.0,0.0,0.0,0.0,8.0,2.0,1.0,0.0,7.0,4.0,5.0,5.0,15.0,20.0,18.0,0.0,0.0,0.0,0.0,0.0,0.0,0.0,0.0,0.0,2.0,0.0,3.0,0.0,0.0,3.0,0.0,0.0,0.0,0.0,10.0,2.0,1.0,0.0,10.0,5.0,8.0,7.0,24.0,28.0,21.0
284,1.0,284.0,London_291,dim5,151,453,1092.0,70.0,2.0,115515.0,0.7507812040857971,708.0,6.0,1.0,5.0,17.0,9.0,8.0,150.0,175.0,117.0,19.0,99.0,6.0,31.0,2.0,4.0,10.0,87.0,165.0,191.0,59.0,0.0,0.0,0.0,0.0,0.0,0.0,0.0,0.0,0.0,0.0,0.0,0.0,0.0,0.0,0.0,0.0,0.0,0.0,0.0,0.0,0.0,0.0,0.0,0.0,0.0,0.0,0.0,0.0,0.0,0.0,0.0,0.0,1.0,0.0,1.0,0.0,0.0,0.0,0.0,0.0,0.0,0.0,0.0,1.0,0.0,0.0,2.0,1.0,0.0,2.0,0.0,0.0,0.0,0.0,0.0,0.0,0.0,0.0,0.0,0.0,0.0,0.0,8.0,0.0,4.0,0.0,0.0,0.0,0.0,0.0,0.0,0.0,0.0,1.0,0.0,0.0,2.0,1.0,0.0,2.0
285,1.0,285.0,London_291,dim5,151,453,1092.0,70.0,2.0,153114.0,0.9267403041012585,791.0,44.0,0.0,44.0,77.0,0.0,77.0,17.0,180.0,118.0,19.0,89.0,7.0,34.0,2.0,4.0,8.0,89.0,163.0,193.0,52.0,0.0,0.0,0.0,0.0,0.0,0.0,0.0,0.0,0.0,0.0,0.0,0.0,0.0,0.0,0.0,0.0,0.0,0.0,0.0,0.0,0.0,0.0,0.0,0.0,0.0,0.0,0.0,0.0,0.0,0.0,0.0,0.0,0.0,0.0,0.0,0.0,0.0,0.0,2.0,0.0,0.0,0.0,1.0,6.0,4.0,0.0,3.0,10.0,7.0,8.0,0.0,0.0,0.0,0.0,0.0,0.0,0.0,0.0,0.0,0.0,0.0,0.0,0.0,0.0,0.0,0.0,0.0,0.0,4.0,0.0,0.0,0.0,1.0,8.0,4.0,0.0,4.0,17.0,12.0,12.0
286,1.0,286.0,London_291,dim5,151,453,1092.0,70.0,2.0,171687.0,1.30819918285124,832.0,127.0,3.0,124.0,233.0,25.0,208.0,77.0,191.0,118.0,16.0,83.0,7.0,31.0,2.0,5.0,7.0,84.0,158.0,204.0,57.0,0.0,0.0,0.0,0.0,0.0,0.0,0.0,0.0,0.0,0.0,0.0,0.0,0.0,0.0,0.0,0.0,0.0,0.0,0.0,0.0,0.0,0.0,0.0,0.0,0.0,0.0,0.0,0.0,0.0,0.0,0.0,1.0,1.0,1.0,1.0,0.0,0.0,0.0,4.0,8.0,1.0,1.0,5.0,18.0,4.0,2.0,7.0,23.0,29.0,23.0,0.0,0.0,0.0,0.0,0.0,0.0,0.0,0.0,0.0,0.0,0.0,2.0,3.0,7.0,3.0,0.0,0.0,0.0,5.0,9.0,1.0,1.0,6.0,23.0,7.0,2.0,10.0,36.0,37.0,29.0
287,1.0,287.0,London_291,dim5,151,453,1092.0,70.0,2.0,157191.0,1.336891989223659,800.0,128.0,1.0,127.0,237.0,9.0,228.0,233.0,203.0,113.0,13.0,74.0,4.0,41.0,1.0,4.0,2.0,85.0,136.0,230.0,31.0,0.0,0.0,0.0,0.0,0.0,0.0,0.0,0.0,0.0,0.0,0.0,0.0,0.0,0.0,0.0,0.0,0.0,0.0,0.0,0.0,0.0,0.0,0.0,0.0,0.0,0.0,0.0,0.0,0.0,0.0,0.0,0.0,0.0,0.0,0.0,0.0,0.0,0.0,0.0,6.0,4.0,1.0,2.0,23.0,10.0,3.0,14.0,31.0,26.0,25.0,0.0,0.0,0.0,0.0,0.0,0.0,0.0,0.0,0.0,0.0,0.0,0.0,0.0,0.0,0.0,0.0,0.0,0.0,0.0,7.0,4.0,1.0,2.0,34.0,17.0,4.0,19.0,48.0,41.0,31.0
288,1.0,288.0,London_291,dim5,151,453,1092.0,70.0,2.0,128199.0,1.2269098768010736,736.0,68.0,2.0,66.0,136.0,17.0,119.0,237.0,200.0,103.0,13.0,80.0,9.0,42.0,1.0,5.0,5.0,95.0,150.0,203.0,49.0,0.0,0.0,0.0,0.0,0.0,0.0,0.0,0.0,0.0,0.0,0.0,0.0,0.0,0.0,0.0,0.0,0.0,0.0,0.0,0.0,0.0,0.0,0.0,0.0,0.0,0.0,0.0,0.0,0.0,0.0,0.0,0.0,0.0,0.0,0.0,0.0,0.0,0.0,5.0,1.0,2.0,4.0,0.0,5.0,5.0,1.0,12.0,12.0,15.0,14.0,0.0,0.0,0.0,0.0,0.0,0.0,0.0,0.0,0.0,0.0,0.0,0.0,0.0,0.0,0.0,0.0,0.0,0.0,6.0,2.0,3.0,7.0,0.0,8.0,6.0,1.0,22.0,17.0,24.0,19.0
289,1.0,289.0,London_291,dim5,151,453,1092.0,70.0,2.0,126840.0,0.7779345139861107,733.0,24.0,2.0,22.0,54.0,18.0,36.0,136.0,211.0,105.0,15.0,77.0,8.0,27.0,2.0,8.0,7.0,105.0,151.0,190.0,57.0,0.0,0.0,0.0,0.0,0.0,0.0,0.0,0.0,0.0,0.0,0.0,0.0,0.0,0.0,0.0,0.0,0.0,0.0,0.0,0.0,0.0,0.0,0.0,0.0,0.0,0.0,0.0,0.0,0.0,0.0,0.0,2.0,0.0,0.0,2.0,0.0,0.0,0.0,3.0,3.0,0.0,0.0,0.0,3.0,1.0,0.0,4.0,7.0,5.0,9.0,0.0,0.0,0.0,0.0,0.0,0.0,0.0,0.0,0.0,0.0,0.0,6.0,0.0,0.0,5.0,0.0,0.0,0.0,3.0,4.0,0.0,0.0,0.0,3.0,1.0,0.0,5.0,12.0,7.0,12.0
290,1.0,290.0,London_291,dim5,151,453,1092.0,70.0,2.0,159456.0,1.1522902478463948,805.0,44.0,0.0,44.0,71.0,0.0,71.0,54.0,213.0,97.0,13.0,91.0,9.0,20.0,2.0,8.0,4.0,109.0,146.0,194.0,53.0,0.0,0.0,0.0,0.0,0.0,0.0,0.0,0.0,0.0,0.0,0.0,0.0,0.0,0.0,0.0,0.0,0.0,0.0,0.0,0.0,0.0,0.0,0.0,0.0,0.0,0.0,0.0,0.0,0.0,0.0,0.0,0.0,0.0,0.0,0.0,0.0,0.0,0.0,1.0,7.0,1.0,0.0,1.0,11.0,5.0,1.0,3.0,5.0,18.0,8.0,0.0,0.0,0.0,0.0,0.0,0.0,0.0,0.0,0.0,0.0,0.0,0.0,0.0,0.0,0.0,0.0,0.0,0.0,1.0,10.0,1.0,0.0,1.0,13.0,8.0,1.0,5.0,8.0,28.0,10.0
291,1.0,291.0,London_291,dim5,151,453,1092.0,70.0,2.0,178935.0,1.8487348719500005,848.0,169.0,0.0,169.0,288.0,0.0,288.0,71.0,219.0,108.0,12.0,80.0,8.0,18.0,1.0,7.0,3.0,97.0,160.0,193.0,55.0,0.0,0.0,0.0,0.0,0.0,0.0,0.0,0.0,0.0,0.0,0.0,0.0,0.0,0.0,0.0,0.0,0.0,0.0,0.0,0.0,0.0,0.0,0.0,0.0,0.0,0.0,0.0,0.0,0.0,0.0,0.0,0.0,0.0,0.0,0.0,0.0,0.0,0.0,1.0,27.0,0.0,1.0,8.0,9.0,6.0,5.0,16.0,40.0,40.0,14.0,0.0,0.0,0.0,0.0,0.0,0.0,0.0,0.0,0.0,0.0,0.0,0.0,0.0,0.0,0.0,0.0,0.0,0.0,1.0,39.0,0.0,1.0,9.0,14.0,8.0,8.0,20.0,59.0,57.0,19.0
292,1.0,292.0,London_291,dim5,151,453,1092.0,70.0,2.0,137712.0,1.0283069759607315,757.0,45.0,2.0,43.0,96.0,19.0,77.0,288.0,190.0,105.0,18.0,101.0,7.0,26.0,0.0,6.0,5.0,87.0,152.0,209.0,32.0,0.0,0.0,0.0,0.0,0.0,0.0,0.0,0.0,0.0,0.0,0.0,0.0,0.0,0.0,0.0,0.0,0.0,0.0,0.0,0.0,0.0,0.0,0.0,0.0,0.0,0.0,0.0,0.0,0.0,0.0,0.0,0.0,0.0,0.0,2.0,0.0,0.0,0.0,1.0,3.0,0.0,2.0,0.0,5.0,1.0,3.0,3.0,6.0,13.0,9.0,0.0,0.0,0.0,0.0,0.0,0.0,0.0,0.0,0.0,0.0,0.0,0.0,0.0,0.0,6.0,0.0,0.0,0.0,1.0,5.0,0.0,2.0,0.0,5.0,1.0,4.0,4.0,9.0,18.0,13.0
293,1.0,293.0,London_291,dim5,151,453,1092.0,70.0,2.0,149037.0,1.7423062468878925,782.0,102.0,0.0,102.0,181.0,0.0,181.0,96.0,199.0,120.0,11.0,93.0,3.0,20.0,0.0,7.0,3.0,95.0,147.0,208.0,42.0,0.0,0.0,0.0,0.0,0.0,0.0,0.0,0.0,0.0,0.0,0.0,0.0,0.0,0.0,0.0,0.0,0.0,0.0,0.0,0.0,0.0,0.0,0.0,0.0,0.0,0.0,0.0,0.0,0.0,0.0,0.0,0.0,0.0,0.0,0.0,0.0,0.0,0.0,0.0,5.0,3.0,2.0,3.0,15.0,4.0,8.0,13.0,26.0,23.0,12.0,0.0,0.0,0.0,0.0,0.0,0.0,0.0,0.0,0.0,0.0,0.0,0.0,0.0,0.0,0.0,0.0,0.0,0.0,0.0,7.0,3.0,5.0,3.0,22.0,4.0,11.0,17.0,38.0,34.0,15.0
294,1.0,294.0,London_291,dim5,151,453,1092.0,70.0,2.0,141789.0,1.6292858270462602,766.0,117.0,2.0,115.0,214.0,19.0,195.0,181.0,209.0,123.0,13.0,82.0,4.0,16.0,1.0,5.0,8.0,97.0,140.0,208.0,45.0,0.0,0.0,0.0,0.0,0.0,0.0,0.0,0.0,0.0,1.0,0.0,1.0,0.0,0.0,0.0,0.0,0.0,0.0,1.0,0.0,0.0,0.0,0.0,0.0,0.0,0.0,0.0,0.0,1.0,0.0,0.0,1.0,0.0,1.0,1.0,0.0,0.0,0.0,2.0,9.0,1.0,1.0,4.0,12.0,9.0,4.0,12.0,19.0,26.0,18.0,0.0,0.0,0.0,0.0,0.0,0.0,0.0,0.0,5.0,0.0,0.0,4.0,0.0,8.0,1.0,0.0,0.0,0.0,2.0,12.0,1.0,1.0,4.0,14.0,11.0,5.0,15.0,27.0,43.0,23.0
295,1.0,295.0,London_291,dim5,151,453,1092.0,70.0,2.0,121404.0,1.0108188060112298,721.0,32.0,0.0,32.0,52.0,0.0,52.0,210.0,220.0,108.0,22.0,76.0,6.0,16.0,1.0,4.0,9.0,82.0,130.0,232.0,49.0,0.0,0.0,0.0,0.0,0.0,0.0,0.0,0.0,0.0,0.0,0.0,0.0,0.0,0.0,0.0,0.0,0.0,0.0,0.0,0.0,0.0,0.0,0.0,0.0,0.0,0.0,0.0,0.0,0.0,0.0,0.0,0.0,0.0,0.0,0.0,0.0,0.0,0.0,2.0,2.0,1.0,0.0,0.0,4.0,6.0,3.0,5.0,6.0,4.0,7.0,0.0,0.0,0.0,0.0,0.0,0.0,0.0,0.0,0.0,0.0,0.0,0.0,0.0,0.0,0.0,0.0,0.0,0.0,3.0,2.0,1.0,0.0,0.0,6.0,8.0,5.0,7.0,10.0,5.0,10.0
296,1.0,296.0,London_291,dim5,151,453,1092.0,70.0,2.0,152661.0,1.7977920749690384,790.0,153.0,0.0,153.0,268.0,0.0,268.0,52.0,224.0,101.0,19.0,79.0,7.0,17.0,3.0,3.0,8.0,86.0,132.0,227.0,47.0,0.0,0.0,0.0,0.0,0.0,0.0,0.0,0.0,0.0,0.0,0.0,0.0,0.0,0.0,0.0,0.0,0.0,0.0,0.0,0.0,0.0,0.0,0.0,0.0,0.0,0.0,0.0,0.0,0.0,0.0,0.0,0.0,0.0,0.0,0.0,0.0,0.0,0.0,2.0,14.0,1.0,0.0,3.0,7.0,13.0,1.0,6.0,31.0,28.0,23.0,0.0,0.0,0.0,0.0,0.0,0.0,0.0,0.0,0.0,0.0,0.0,0.0,0.0,0.0,0.0,0.0,0.0,0.0,2.0,21.0,1.0,0.0,3.0,8.0,15.0,1.0,6.0,44.0,42.0,26.0
297,1.0,297.0,London_291,dim5,151,453,1092.0,70.0,2.0,123669.0,0.904640079010278,726.0,34.0,0.0,34.0,60.0,0.0,60.0,268.0,224.0,95.0,15.0,68.0,5.0,41.0,1.0,4.0,4.0,102.0,146.0,201.0,38.0,0.0,0.0,0.0,0.0,0.0,0.0,0.0,0.0,0.0,0.0,0.0,0.0,0.0,0.0,0.0,0.0,0.0,0.0,0.0,0.0,0.0,0.0,0.0,0.0,0.0,0.0,0.0,0.0,0.0,0.0,0.0,0.0,0.0,0.0,0.0,0.0,0.0,0.0,0.0,1.0,0.0,1.0,0.0,6.0,3.0,4.0,8.0,6.0,8.0,13.0,0.0,0.0,0.0,0.0,0.0,0.0,0.0,0.0,0.0,0.0,0.0,0.0,0.0,0.0,0.0,0.0,0.0,0.0,0.0,2.0,0.0,1.0,0.0,7.0,4.0,5.0,11.0,7.0,12.0,16.0
298,1.0,298.0,London_291,dim5,151,453,1092.0,70.0,2.0,155832.0,0.9049935748334974,797.0,13.0,2.0,11.0,37.0,18.0,19.0,60.0,223.0,92.0,22.0,70.0,3.0,38.0,1.0,4.0,6.0,98.0,148.0,201.0,47.0,0.0,0.0,0.0,0.0,0.0,0.0,0.0,0.0,0.0,0.0,0.0,0.0,0.0,0.0,0.0,0.0,0.0,0.0,0.0,0.0,0.0,0.0,0.0,0.0,0.0,0.0,0.0,0.0,0.0,0.0,0.0,1.0,1.0,0.0,0.0,0.0,0.0,0.0,1.0,0.0,0.0,0.0,0.0,0.0,3.0,1.0,2.0,0.0,4.0,1.0,0.0,0.0,0.0,0.0,0.0,0.0,0.0,0.0,0.0,0.0,0.0,1.0,6.0,0.0,0.0,0.0,0.0,0.0,1.0,0.0,0.0,0.0,0.0,0.0,3.0,1.0,2.0,0.0,6.0,1.0
299,1.0,299.0,London_291,dim5,151,453,1092.0,70.0,2.0,191619.0,1.2133264320436865,876.0,106.0,0.0,106.0,189.0,0.0,189.0,37.0,215.0,92.0,25.0,74.0,4.0,39.0,1.0,3.0,5.0,101.0,136.0,211.0,43.0,0.0,0.0,0.0,0.0,0.0,0.0,0.0,0.0,0.0,0.0,0.0,0.0,0.0,0.0,0.0,0.0,0.0,0.0,0.0,0.0,0.0,0.0,0.0,0.0,0.0,0.0,0.0,0.0,0.0,0.0,0.0,0.0,0.0,0.0,0.0,0.0,0.0,0.0,4.0,9.0,1.0,2.0,0.0,14.0,1.0,5.0,24.0,13.0,21.0,16.0,0.0,0.0,0.0,0.0,0.0,0.0,0.0,0.0,0.0,0.0,0.0,0.0,0.0,0.0,0.0,0.0,0.0,0.0,4.0,11.0,1.0,2.0,0.0,17.0,2.0,6.0,37.0,21.0,30.0,19.0
300,1.0,300.0,London_291,dim5,151,453,1092.0,70.0,2.0,184824.0,1.3623309929389507,861.0,133.0,2.0,131.0,236.0,20.0,216.0,189.0,213.0,102.0,30.0,58.0,5.0,40.0,2.0,3.0,5.0,93.0,142.0,213.0,50.0,0.0,0.0,0.0,0.0,0.0,0.0,0.0,0.0,0.0,0.0,0.0,0.0,0.0,0.0,0.0,0.0,0.0,0.0,0.0,0.0,0.0,0.0,0.0,0.0,0.0,0.0,0.0,0.0,0.0,0.0,0.0,2.0,0.0,1.0,2.0,0.0,0.0,0.0,3.0,11.0,2.0,1.0,0.0,9.0,14.0,6.0,12.0,22.0,31.0,23.0,0.0,0.0,0.0,0.0,0.0,0.0,0.0,0.0,0.0,0.0,0.0,7.0,0.0,7.0,6.0,0.0,0.0,0.0,5.0,16.0,2.0,1.0,0.0,11.0,17.0,10.0,13.0,34.0,44.0,28.0
301,1.0,301.0,London_291,dim5,151,453,1092.0,70.0,2.0,167157.0,1.0481862558517605,822.0,2.0,2.0,0.0,18.0,18.0,0.0,236.0,214.0,111.0,17.0,72.0,1.0,33.0,0.0,5.0,0.0,81.0,159.0,213.0,50.0,0.0,0.0,0.0,0.0,0.0,0.0,0.0,0.0,0.0,0.0,0.0,0.0,0.0,0.0,0.0,0.0,0.0,0.0,0.0,0.0,0.0,0.0,0.0,0.0,0.0,0.0,0.0,0.0,0.0,0.0,0.0,0.0,0.0,0.0,0.0,0.0,0.0,0.0,0.0,0.0,0.0,0.0,0.0,0.0,0.0,0.0,0.0,0.0,0.0,0.0,0.0,0.0,0.0,0.0,0.0,0.0,0.0,0.0,0.0,0.0,0.0,0.0,0.0,0.0,0.0,0.0,0.0,0.0,0.0,0.0,0.0,0.0,0.0,0.0,0.0,0.0,0.0,0.0,0.0,0.0
302,1.0,302.0,London_291,dim5,151,453,1092.0,70.0,2.0,211098.0,1.518261726014316,919.0,146.0,2.0,144.0,257.0,19.0,238.0,18.0,206.0,108.0,19.0,78.0,1.0,36.0,0.0,5.0,0.0,84.0,150.0,219.0,43.0,0.0,0.0,0.0,0.0,0.0,0.0,0.0,0.0,0.0,0.0,0.0,0.0,0.0,0.0,0.0,0.0,0.0,0.0,0.0,0.0,0.0,0.0,0.0,0.0,0.0,0.0,0.0,0.0,2.0,0.0,0.0,0.0,0.0,1.0,1.0,0.0,0.0,0.0,8.0,11.0,1.0,5.0,0.0,4.0,3.0,10.0,12.0,33.0,30.0,14.0,0.0,0.0,0.0,0.0,0.0,0.0,0.0,0.0,3.0,0.0,0.0,0.0,0.0,4.0,8.0,0.0,0.0,0.0,10.0,19.0,1.0,5.0,0.0,6.0,3.0,12.0,18.0,46.0,43.0,16.0
303,1.0,303.0,London_291,dim5,151,453,1092.0,70.0,2.0,177123.0,1.2543734479695559,844.0,153.0,1.0,152.0,276.0,8.0,268.0,257.0,193.0,108.0,20.0,72.0,10.0,42.0,0.0,8.0,3.0,99.0,129.0,222.0,40.0,0.0,0.0,0.0,0.0,0.0,0.0,0.0,0.0,0.0,0.0,0.0,0.0,0.0,0.0,0.0,0.0,0.0,0.0,0.0,0.0,0.0,0.0,0.0,0.0,0.0,0.0,0.0,0.0,0.0,1.0,0.0,0.0,1.0,0.0,1.0,0.0,0.0,0.0,0.0,4.0,1.0,1.0,6.0,11.0,3.0,13.0,10.0,21.0,33.0,28.0,0.0,0.0,0.0,0.0,0.0,0.0,0.0,0.0,0.0,2.0,0.0,0.0,6.0,0.0,2.0,0.0,0.0,0.0,0.0,6.0,1.0,2.0,6.0,16.0,4.0,23.0,12.0,28.0,46.0,39.0
304,1.0,304.0,London_291,dim5,151,453,1092.0,70.0,2.0,132276.0,1.1600315580144525,745.0,120.0,0.0,120.0,209.0,0.0,209.0,276.0,205.0,122.0,12.0,71.0,7.0,26.0,3.0,7.0,6.0,84.0,129.0,234.0,35.0,0.0,0.0,0.0,0.0,0.0,0.0,0.0,0.0,0.0,0.0,0.0,0.0,0.0,0.0,0.0,0.0,0.0,0.0,0.0,0.0,0.0,0.0,0.0,0.0,0.0,0.0,0.0,0.0,0.0,0.0,0.0,0.0,0.0,0.0,0.0,0.0,0.0,0.0,2.0,1.0,2.0,0.0,2.0,8.0,8.0,13.0,8.0,24.0,33.0,16.0,0.0,0.0,0.0,0.0,0.0,0.0,0.0,0.0,0.0,0.0,0.0,0.0,0.0,0.0,0.0,0.0,0.0,0.0,2.0,2.0,2.0,0.0,2.0,10.0,11.0,15.0,12.0,35.0,51.0,19.0
305,1.0,305.0,London_291,dim5,151,453,1092.0,70.0,2.0,99207.0,0.5767065901309252,672.0,54.0,2.0,52.0,99.0,17.0,82.0,209.0,210.0,103.0,15.0,56.0,13.0,41.0,5.0,10.0,7.0,82.0,131.0,233.0,30.0,0.0,0.0,0.0,0.0,0.0,0.0,0.0,0.0,0.0,0.0,0.0,0.0,0.0,0.0,0.0,0.0,0.0,0.0,0.0,0.0,0.0,0.0,0.0,0.0,0.0,0.0,0.0,0.0,0.0,1.0,0.0,0.0,0.0,1.0,1.0,0.0,0.0,0.0,1.0,1.0,0.0,0.0,0.0,8.0,7.0,2.0,6.0,9.0,14.0,16.0,0.0,0.0,0.0,0.0,0.0,0.0,0.0,0.0,0.0,2.0,0.0,0.0,0.0,6.0,3.0,0.0,0.0,0.0,1.0,2.0,0.0,0.0,0.0,11.0,7.0,3.0,8.0,13.0,20.0,21.0
306,1.0,306.0,London_291,dim5,151,453,1092.0,70.0,2.0,100566.0,0.7237098519690335,675.0,91.0,0.0,91.0,162.0,0.0,162.0,99.0,213.0,119.0,9.0,57.0,12.0,29.0,5.0,9.0,4.0,78.0,122.0,249.0,35.0,0.0,0.0,0.0,0.0,0.0,0.0,0.0,0.0,0.0,0.0,0.0,0.0,0.0,0.0,0.0,0.0,0.0,0.0,0.0,0.0,0.0,0.0,0.0,0.0,0.0,0.0,0.0,0.0,0.0,0.0,0.0,0.0,0.0,0.0,0.0,0.0,0.0,0.0,3.0,5.0,10.0,0.0,0.0,16.0,4.0,4.0,11.0,18.0,19.0,20.0,0.0,0.0,0.0,0.0,0.0,0.0,0.0,0.0,0.0,0.0,0.0,0.0,0.0,0.0,0.0,0.0,0.0,0.0,4.0,11.0,12.0,0.0,0.0,22.0,7.0,7.0,17.0,28.0,31.0,29.0
307,1.0,307.0,London_291,dim5,151,453,1092.0,70.0,2.0,89241.0,0.7769267149269581,650.0,21.0,0.0,21.0,40.0,0.0,40.0,162.0,214.0,118.0,16.0,43.0,16.0,27.0,7.0,12.0,7.0,79.0,135.0,232.0,41.0,0.0,0.0,0.0,0.0,0.0,0.0,0.0,0.0,0.0,0.0,0.0,0.0,0.0,0.0,0.0,0.0,0.0,0.0,0.0,0.0,0.0,0.0,0.0,0.0,0.0,0.0,0.0,0.0,0.0,0.0,0.0,0.0,0.0,0.0,0.0,0.0,0.0,0.0,1.0,0.0,0.0,1.0,0.0,1.0,4.0,2.0,2.0,7.0,1.0,10.0,0.0,0.0,0.0,0.0,0.0,0.0,0.0,0.0,0.0,0.0,0.0,0.0,0.0,0.0,0.0,0.0,0.0,0.0,1.0,0.0,0.0,2.0,0.0,3.0,6.0,2.0,3.0,12.0,1.0,13.0
308,1.0,308.0,London_291,dim5,151,453,1092.0,70.0,2.0,123669.0,0.8352643500547856,726.0,48.0,0.0,48.0,81.0,0.0,81.0,40.0,209.0,122.0,19.0,46.0,17.0,22.0,6.0,12.0,7.0,80.0,135.0,231.0,40.0,0.0,0.0,0.0,0.0,0.0,0.0,0.0,0.0,0.0,0.0,0.0,0.0,0.0,0.0,0.0,0.0,0.0,0.0,0.0,0.0,0.0,0.0,0.0,0.0,0.0,0.0,0.0,0.0,0.0,0.0,0.0,0.0,0.0,0.0,0.0,0.0,0.0,0.0,2.0,5.0,0.0,0.0,0.0,6.0,6.0,2.0,6.0,12.0,16.0,12.0,0.0,0.0,0.0,0.0,0.0,0.0,0.0,0.0,0.0,0.0,0.0,0.0,0.0,0.0,0.0,0.0,0.0,0.0,3.0,8.0,0.0,0.0,0.0,7.0,12.0,2.0,11.0,17.0,25.0,16.0
309,1.0,309.0,London_291,dim5,151,453,1092.0,70.0,2.0,140430.0,1.3377939858473837,763.0,96.0,0.0,96.0,175.0,0.0,175.0,81.0,212.0,122.0,16.0,37.0,21.0,28.0,4.0,13.0,8.0,82.0,153.0,210.0,41.0,0.0,0.0,0.0,0.0,0.0,0.0,0.0,0.0,0.0,0.0,0.0,0.0,0.0,0.0,0.0,0.0,0.0,0.0,0.0,0.0,0.0,0.0,0.0,0.0,0.0,0.0,0.0,0.0,0.0,0.0,0.0,0.0,0.0,0.0,0.0,0.0,0.0,0.0,1.0,10.0,1.0,0.0,0.0,4.0,6.0,9.0,10.0,25.0,17.0,19.0,0.0,0.0,0.0,0.0,0.0,0.0,0.0,0.0,0.0,0.0,0.0,0.0,0.0,0.0,0.0,0.0,0.0,0.0,1.0,14.0,1.0,0.0,0.0,5.0,8.0,13.0,15.0,41.0,29.0,21.0
310,1.0,310.0,London_291,dim5,151,453,1092.0,70.0,2.0,132276.0,0.7903191021177918,745.0,0.0,0.0,0.0,0.0,0.0,0.0,175.0,217.0,123.0,11.0,42.0,18.0,34.0,1.0,7.0,7.0,71.0,158.0,217.0,35.0,0.0,0.0,0.0,0.0,0.0,0.0,0.0,0.0,0.0,0.0,0.0,0.0,0.0,0.0,0.0,0.0,0.0,0.0,0.0,0.0,0.0,0.0,0.0,0.0,0.0,0.0,0.0,0.0,0.0,0.0,0.0,0.0,0.0,0.0,0.0,0.0,0.0,0.0,0.0,0.0,0.0,0.0,0.0,0.0,0.0,0.0,0.0,0.0,0.0,0.0,0.0,0.0,0.0,0.0,0.0,0.0,0.0,0.0,0.0,0.0,0.0,0.0,0.0,0.0,0.0,0.0,0.0,0.0,0.0,0.0,0.0,0.0,0.0,0.0,0.0,0.0,0.0,0.0,0.0,0.0
311,1.0,311.0,London_291,dim5,151,453,1092.0,70.0,2.0,185277.0,1.1577153310645372,862.0,49.0,2.0,47.0,110.0,20.0,90.0,0.0,217.0,123.0,11.0,42.0,18.0,34.0,1.0,7.0,7.0,71.0,158.0,217.0,35.0,0.0,0.0,0.0,0.0,0.0,0.0,0.0,0.0,0.0,0.0,0.0,0.0,0.0,0.0,0.0,0.0,0.0,0.0,0.0,0.0,0.0,0.0,0.0,0.0,0.0,0.0,0.0,0.0,0.0,0.0,0.0,2.0,0.0,0.0,1.0,0.0,0.0,0.0,0.0,2.0,0.0,0.0,0.0,3.0,5.0,3.0,7.0,12.0,6.0,9.0,0.0,0.0,0.0,0.0,0.0,0.0,0.0,0.0,0.0,0.0,0.0,9.0,0.0,0.0,4.0,0.0,0.0,0.0,0.0,4.0,0.0,0.0,0.0,6.0,6.0,5.0,11.0,21.0,7.0,10.0
312,1.0,312.0,London_291,dim5,151,453,1092.0,70.0,2.0,203850.0,1.3024915298447013,903.0,43.0,1.0,42.0,90.0,10.0,80.0,110.0,212.0,136.0,5.0,45.0,15.0,33.0,1.0,6.0,5.0,79.0,142.0,227.0,35.0,0.0,0.0,0.0,0.0,0.0,0.0,0.0,0.0,0.0,0.0,0.0,0.0,0.0,0.0,0.0,0.0,0.0,0.0,0.0,0.0,0.0,0.0,0.0,0.0,0.0,0.0,0.0,0.0,0.0,0.0,0.0,0.0,0.0,0.0,0.0,0.0,0.0,0.0,1.0,8.0,1.0,0.0,1.0,3.0,3.0,2.0,7.0,7.0,6.0,11.0,0.0,0.0,0.0,0.0,0.0,0.0,0.0,0.0,0.0,0.0,0.0,0.0,0.0,0.0,0.0,0.0,0.0,0.0,2.0,11.0,1.0,0.0,1.0,3.0,5.0,3.0,10.0,10.0,12.0,14.0
313,1.0,313.0,London_291,dim5,151,453,1092.0,70.0,2.0,239184.0,2.0769788860343397,981.0,171.0,1.0,170.0,296.0,8.0,288.0,90.0,206.0,146.0,8.0,32.0,19.0,35.0,2.0,5.0,5.0,80.0,144.0,224.0,29.0,0.0,0.0,0.0,0.0,0.0,0.0,0.0,0.0,0.0,0.0,0.0,0.0,0.0,0.0,0.0,0.0,0.0,0.0,0.0,0.0,0.0,0.0,0.0,0.0,0.0,0.0,0.0,0.0,0.0,0.0,0.0,0.0,0.0,0.0,1.0,0.0,0.0,0.0,0.0,22.0,2.0,1.0,4.0,15.0,8.0,2.0,14.0,31.0,41.0,27.0,0.0,0.0,0.0,0.0,0.0,0.0,0.0,0.0,0.0,0.0,0.0,0.0,0.0,0.0,3.0,0.0,0.0,0.0,0.0,30.0,2.0,1.0,4.0,24.0,8.0,2.0,16.0,41.0,64.0,34.0
314,1.0,314.0,London_291,dim5,151,453,1092.0,70.0,2.0,201132.0,1.219192405929789,897.0,171.0,2.0,169.0,303.0,18.0,285.0,296.0,180.0,100.0,24.0,87.0,19.0,38.0,1.0,4.0,9.0,71.0,150.0,223.0,41.0,0.0,0.0,0.0,0.0,0.0,0.0,0.0,0.0,0.0,0.0,0.0,0.0,0.0,0.0,0.0,0.0,0.0,0.0,0.0,0.0,0.0,0.0,0.0,0.0,0.0,0.0,0.0,0.0,0.0,0.0,0.0,0.0,1.0,1.0,1.0,0.0,0.0,0.0,1.0,10.0,0.0,3.0,0.0,18.0,12.0,10.0,23.0,27.0,25.0,21.0,0.0,0.0,0.0,0.0,0.0,0.0,0.0,0.0,0.0,0.0,0.0,0.0,4.0,8.0,1.0,0.0,0.0,0.0,1.0,15.0,0.0,6.0,0.0,25.0,15.0,10.0,35.0,41.0,36.0,30.0
315,1.0,315.0,London_291,dim5,151,453,1092.0,70.0,2.0,156738.0,0.9010798879899085,799.0,106.0,2.0,104.0,209.0,18.0,191.0,303.0,162.0,133.0,12.0,80.0,19.0,39.0,3.0,5.0,4.0,72.0,149.0,228.0,42.0,0.0,0.0,0.0,0.0,0.0,0.0,0.0,0.0,0.0,0.0,0.0,0.0,0.0,0.0,0.0,0.0,0.0,0.0,0.0,0.0,0.0,0.0,0.0,0.0,0.0,0.0,0.0,0.0,0.0,0.0,0.0,1.0,0.0,1.0,0.0,0.0,0.0,0.0,2.0,3.0,2.0,2.0,2.0,21.0,8.0,7.0,10.0,20.0,21.0,26.0,0.0,0.0,0.0,0.0,0.0,0.0,0.0,0.0,0.0,0.0,0.0,1.0,0.0,8.0,0.0,0.0,0.0,0.0,2.0,4.0,2.0,3.0,3.0,29.0,10.0,13.0,15.0,31.0,31.0,35.0
316,1.0,316.0,London_291,dim5,151,453,1092.0,70.0,2.0,150849.0,0.7577547619584948,786.0,47.0,0.0,47.0,75.0,0.0,75.0,209.0,149.0,141.0,20.0,70.0,22.0,40.0,2.0,9.0,4.0,69.0,149.0,231.0,50.0,0.0,0.0,0.0,0.0,0.0,0.0,0.0,0.0,0.0,0.0,0.0,0.0,0.0,0.0,0.0,0.0,0.0,0.0,0.0,0.0,0.0,0.0,0.0,0.0,0.0,0.0,0.0,0.0,0.0,0.0,0.0,0.0,0.0,0.0,0.0,0.0,0.0,0.0,0.0,1.0,0.0,1.0,0.0,3.0,4.0,2.0,7.0,12.0,8.0,12.0,0.0,0.0,0.0,0.0,0.0,0.0,0.0,0.0,0.0,0.0,0.0,0.0,0.0,0.0,0.0,0.0,0.0,0.0,0.0,1.0,0.0,2.0,0.0,6.0,5.0,3.0,13.0,17.0,12.0,16.0
317,1.0,317.0,London_291,dim5,151,453,1092.0,70.0,2.0,163986.0,1.1109166610985994,815.0,134.0,0.0,134.0,239.0,0.0,239.0,75.0,159.0,148.0,19.0,48.0,29.0,42.0,1.0,7.0,3.0,68.0,158.0,224.0,52.0,0.0,0.0,0.0,0.0,0.0,0.0,0.0,0.0,0.0,0.0,0.0,0.0,0.0,0.0,0.0,0.0,0.0,0.0,0.0,0.0,0.0,0.0,0.0,0.0,0.0,0.0,0.0,0.0,0.0,0.0,0.0,0.0,0.0,0.0,0.0,0.0,0.0,0.0,2.0,12.0,2.0,2.0,3.0,9.0,15.0,3.0,20.0,26.0,38.0,18.0,0.0,0.0,0.0,0.0,0.0,0.0,0.0,0.0,0.0,0.0,0.0,0.0,0.0,0.0,0.0,0.0,0.0,0.0,4.0,15.0,2.0,3.0,3.0,9.0,20.0,3.0,28.0,34.0,54.0,22.0
318,1.0,318.0,London_291,dim5,151,453,1092.0,70.0,2.0,131823.0,1.1289833739865571,744.0,68.0,2.0,66.0,122.0,16.0,106.0,239.0,167.0,130.0,19.0,69.0,30.0,31.0,3.0,4.0,6.0,73.0,156.0,218.0,57.0,0.0,0.0,0.0,0.0,0.0,0.0,0.0,0.0,0.0,0.0,0.0,0.0,0.0,0.0,0.0,0.0,0.0,0.0,0.0,0.0,0.0,0.0,0.0,0.0,0.0,0.0,0.0,0.0,0.0,0.0,0.0,0.0,0.0,0.0,1.0,0.0,0.0,0.0,2.0,7.0,0.0,1.0,0.0,9.0,5.0,3.0,6.0,14.0,14.0,16.0,0.0,0.0,0.0,0.0,0.0,0.0,0.0,0.0,0.0,0.0,0.0,0.0,0.0,0.0,1.0,0.0,0.0,0.0,4.0,11.0,0.0,1.0,0.0,11.0,7.0,3.0,7.0,24.0,18.0,19.0
319,1.0,319.0,London_291,dim5,151,453,1092.0,70.0,2.0,134994.0,1.3162378850392997,751.0,120.0,2.0,118.0,221.0,19.0,202.0,122.0,176.0,140.0,18.0,67.0,19.0,24.0,4.0,5.0,4.0,78.0,146.0,225.0,62.0,0.0,0.0,0.0,0.0,0.0,0.0,0.0,0.0,0.0,0.0,0.0,0.0,0.0,0.0,0.0,0.0,0.0,0.0,0.0,0.0,0.0,0.0,0.0,0.0,0.0,0.0,0.0,0.0,1.0,0.0,0.0,0.0,0.0,0.0,1.0,0.0,0.0,0.0,2.0,7.0,4.0,0.0,1.0,6.0,8.0,4.0,11.0,23.0,28.0,23.0,0.0,0.0,0.0,0.0,0.0,0.0,0.0,0.0,3.0,0.0,0.0,0.0,0.0,0.0,5.0,0.0,0.0,0.0,3.0,9.0,5.0,0.0,1.0,13.0,10.0,5.0,15.0,36.0,39.0,27.0
320,1.0,320.0,London_291,dim5,151,453,1092.0,70.0,2.0,112344.0,0.8724505440331995,701.0,48.0,1.0,47.0,101.0,9.0,92.0,221.0,190.0,126.0,18.0,57.0,16.0,39.0,5.0,2.0,6.0,67.0,145.0,235.0,53.0,0.0,0.0,0.0,0.0,0.0,0.0,0.0,0.0,0.0,0.0,0.0,0.0,0.0,0.0,0.0,0.0,0.0,0.0,0.0,0.0,0.0,0.0,0.0,0.0,0.0,0.0,0.0,0.0,0.0,0.0,0.0,1.0,0.0,1.0,1.0,0.0,0.0,0.0,4.0,1.0,0.0,2.0,2.0,4.0,2.0,6.0,11.0,10.0,9.0,9.0,0.0,0.0,0.0,0.0,0.0,0.0,0.0,0.0,0.0,0.0,0.0,5.0,0.0,6.0,3.0,0.0,0.0,0.0,5.0,1.0,0.0,3.0,2.0,7.0,3.0,10.0,14.0,20.0,14.0,13.0
321,1.0,321.0,London_291,dim5,151,453,1092.0,70.0,2.0,134088.0,0.7529010579455644,749.0,52.0,0.0,52.0,94.0,0.0,94.0,101.0,189.0,140.0,21.0,47.0,18.0,33.0,3.0,2.0,6.0,68.0,144.0,235.0,39.0,0.0,0.0,0.0,0.0,0.0,0.0,0.0,0.0,0.0,0.0,0.0,0.0,0.0,0.0,0.0,0.0,0.0,0.0,0.0,0.0,0.0,0.0,0.0,0.0,0.0,0.0,0.0,0.0,0.0,0.0,0.0,0.0,0.0,0.0,0.0,0.0,0.0,0.0,1.0,0.0,0.0,0.0,1.0,9.0,6.0,2.0,12.0,12.0,15.0,11.0,0.0,0.0,0.0,0.0,0.0,0.0,0.0,0.0,0.0,0.0,0.0,0.0,0.0,0.0,0.0,0.0,0.0,0.0,1.0,0.0,0.0,0.0,1.0,15.0,8.0,4.0,13.0,18.0,20.0,13.0
322,1.0,322.0,London_291,dim5,151,453,1092.0,70.0,2.0,153114.0,1.672250215895474,791.0,122.0,0.0,122.0,216.0,0.0,216.0,94.0,199.0,145.0,17.0,30.0,19.0,38.0,2.0,3.0,5.0,69.0,158.0,221.0,46.0,0.0,0.0,0.0,0.0,0.0,0.0,0.0,0.0,0.0,0.0,0.0,0.0,0.0,0.0,0.0,0.0,0.0,0.0,0.0,0.0,0.0,0.0,0.0,0.0,0.0,0.0,0.0,0.0,0.0,0.0,0.0,0.0,0.0,0.0,0.0,0.0,0.0,0.0,0.0,8.0,0.0,1.0,0.0,7.0,13.0,4.0,16.0,24.0,21.0,17.0,0.0,0.0,0.0,0.0,0.0,0.0,0.0,0.0,0.0,0.0,0.0,0.0,0.0,0.0,0.0,0.0,0.0,0.0,0.0,9.0,0.0,1.0,0.0,8.0,19.0,4.0,21.0,34.0,34.0,21.0
323,1.0,323.0,London_291,dim5,151,453,1092.0,70.0,2.0,130464.0,0.6769334820564836,741.0,23.0,0.0,23.0,39.0,0.0,39.0,216.0,217.0,85.0,18.0,60.0,27.0,39.0,1.0,6.0,5.0,85.0,155.0,208.0,46.0,0.0,0.0,0.0,0.0,0.0,0.0,0.0,0.0,0.0,0.0,0.0,0.0,0.0,0.0,0.0,0.0,0.0,0.0,0.0,0.0,0.0,0.0,0.0,0.0,0.0,0.0,0.0,0.0,0.0,0.0,0.0,0.0,0.0,0.0,0.0,0.0,0.0,0.0,2.0,0.0,0.0,1.0,0.0,6.0,0.0,3.0,6.0,8.0,3.0,4.0,0.0,0.0,0.0,0.0,0.0,0.0,0.0,0.0,0.0,0.0,0.0,0.0,0.0,0.0,0.0,0.0,0.0,0.0,2.0,0.0,0.0,2.0,0.0,7.0,0.0,3.0,12.0,11.0,3.0,6.0
324,1.0,324.0,London_291,dim5,151,453,1092.0,70.0,2.0,159456.0,0.9492360630538315,805.0,45.0,2.0,43.0,88.0,17.0,71.0,39.0,216.0,93.0,15.0,64.0,24.0,34.0,1.0,6.0,6.0,88.0,158.0,201.0,54.0,0.0,0.0,0.0,0.0,0.0,0.0,0.0,0.0,0.0,0.0,0.0,0.0,0.0,0.0,0.0,0.0,0.0,0.0,0.0,0.0,0.0,0.0,0.0,0.0,0.0,0.0,0.0,0.0,0.0,0.0,0.0,1.0,0.0,0.0,1.0,0.0,0.0,0.0,1.0,2.0,0.0,1.0,2.0,6.0,4.0,3.0,4.0,9.0,12.0,10.0,0.0,0.0,0.0,0.0,0.0,0.0,0.0,0.0,0.0,0.0,0.0,6.0,0.0,0.0,2.0,0.0,0.0,0.0,1.0,4.0,0.0,3.0,2.0,9.0,6.0,4.0,5.0,13.0,23.0,14.0
325,1.0,325.0,London_291,dim5,151,453,1092.0,70.0,2.0,178935.0,1.249022047035396,848.0,107.0,1.0,106.0,200.0,11.0,189.0,88.0,220.0,102.0,18.0,53.0,16.0,37.0,3.0,4.0,4.0,80.0,159.0,210.0,52.0,0.0,0.0,0.0,0.0,0.0,0.0,0.0,0.0,0.0,0.0,0.0,0.0,0.0,0.0,0.0,0.0,0.0,0.0,0.0,0.0,0.0,0.0,0.0,0.0,0.0,0.0,0.0,0.0,0.0,1.0,0.0,1.0,0.0,0.0,1.0,0.0,0.0,0.0,2.0,5.0,0.0,0.0,2.0,7.0,15.0,5.0,11.0,19.0,29.0,17.0,0.0,0.0,0.0,0.0,0.0,0.0,0.0,0.0,0.0,2.0,0.0,3.0,0.0,0.0,3.0,0.0,0.0,0.0,2.0,7.0,0.0,0.0,2.0,10.0,21.0,7.0,12.0,29.0,49.0,19.0
326,1.0,326.0,London_291,dim5,151,453,1092.0,70.0,2.0,173046.0,1.736043639946729,835.0,71.0,1.0,70.0,130.0,9.0,121.0,200.0,223.0,111.0,9.0,62.0,9.0,34.0,1.0,4.0,3.0,74.0,165.0,211.0,40.0,0.0,0.0,0.0,0.0,0.0,0.0,0.0,0.0,0.0,0.0,0.0,0.0,0.0,0.0,0.0,0.0,0.0,0.0,0.0,0.0,0.0,0.0,0.0,0.0,0.0,0.0,0.0,0.0,0.0,0.0,0.0,0.0,1.0,0.0,0.0,0.0,0.0,0.0,1.0,6.0,1.0,1.0,0.0,5.0,3.0,1.0,7.0,13.0,11.0,9.0,0.0,0.0,0.0,0.0,0.0,0.0,0.0,0.0,0.0,0.0,0.0,0.0,6.0,0.0,0.0,0.0,0.0,0.0,1.0,7.0,1.0,1.0,0.0,8.0,5.0,1.0,10.0,16.0,21.0,13.0
327,1.0,327.0,London_291,dim5,151,453,1092.0,70.0,2.0,177123.0,1.2564910999499261,844.0,197.0,0.0,197.0,314.0,0.0,314.0,130.0,226.0,117.0,12.0,48.0,11.0,36.0,1.0,2.0,6.0,83.0,158.0,206.0,44.0,0.0,0.0,0.0,0.0,0.0,0.0,0.0,0.0,0.0,0.0,0.0,0.0,0.0,0.0,0.0,0.0,0.0,0.0,0.0,0.0,0.0,0.0,0.0,0.0,0.0,0.0,0.0,0.0,0.0,0.0,0.0,0.0,0.0,0.0,0.0,0.0,0.0,0.0,3.0,21.0,0.0,0.0,7.0,5.0,9.0,7.0,18.0,46.0,42.0,16.0,0.0,0.0,0.0,0.0,0.0,0.0,0.0,0.0,0.0,0.0,0.0,0.0,0.0,0.0,0.0,0.0,0.0,0.0,4.0,26.0,0.0,0.0,7.0,5.0,17.0,9.0,24.0,60.0,56.0,18.0
328,1.0,328.0,London_291,dim5,151,453,1092.0,70.0,2.0,125028.0,0.9592789001762867,729.0,32.0,3.0,29.0,75.0,25.0,50.0,314.0,181.0,132.0,21.0,71.0,3.0,36.0,2.0,7.0,9.0,69.0,154.0,221.0,38.0,0.0,0.0,0.0,0.0,0.0,0.0,0.0,0.0,0.0,0.0,0.0,0.0,0.0,0.0,0.0,0.0,0.0,0.0,0.0,0.0,0.0,0.0,0.0,0.0,0.0,0.0,0.0,0.0,0.0,0.0,0.0,1.0,1.0,1.0,1.0,0.0,0.0,0.0,0.0,4.0,0.0,0.0,0.0,4.0,2.0,1.0,1.0,9.0,7.0,2.0,0.0,0.0,0.0,0.0,0.0,0.0,0.0,0.0,0.0,0.0,0.0,1.0,7.0,6.0,4.0,0.0,0.0,0.0,0.0,7.0,0.0,0.0,0.0,4.0,4.0,2.0,2.0,12.0,10.0,2.0
329,1.0,329.0,London_291,dim5,151,453,1092.0,70.0,2.0,149943.0,1.4059086851775646,784.0,117.0,1.0,116.0,206.0,9.0,197.0,75.0,178.0,143.0,17.0,63.0,3.0,39.0,2.0,8.0,8.0,80.0,137.0,228.0,41.0,0.0,0.0,0.0,0.0,0.0,0.0,0.0,0.0,0.0,0.0,0.0,0.0,0.0,0.0,0.0,0.0,0.0,0.0,0.0,0.0,0.0,0.0,0.0,0.0,0.0,0.0,0.0,0.0,0.0,0.0,0.0,0.0,0.0,0.0,0.0,0.0,0.0,0.0,4.0,11.0,5.0,0.0,0.0,11.0,13.0,10.0,9.0,16.0,20.0,24.0,0.0,0.0,0.0,0.0,0.0,0.0,0.0,0.0,0.0,0.0,0.0,0.0,0.0,0.0,0.0,0.0,0.0,0.0,4.0,15.0,5.0,0.0,0.0,18.0,17.0,14.0,11.0,23.0,32.0,32.0
330,1.0,330.0,London_291,dim5,151,453,1092.0,70.0,2.0,126840.0,0.9683840810321271,733.0,27.0,2.0,25.0,63.0,17.0,46.0,206.0,195.0,134.0,18.0,53.0,5.0,42.0,3.0,3.0,8.0,73.0,158.0,214.0,52.0,0.0,0.0,0.0,0.0,0.0,0.0,0.0,0.0,0.0,0.0,0.0,0.0,0.0,0.0,0.0,0.0,0.0,0.0,0.0,0.0,0.0,0.0,0.0,0.0,0.0,0.0,0.0,0.0,0.0,0.0,0.0,0.0,0.0,0.0,0.0,0.0,0.0,0.0,2.0,1.0,0.0,0.0,0.0,6.0,7.0,0.0,6.0,6.0,6.0,3.0,0.0,0.0,0.0,0.0,0.0,0.0,0.0,0.0,0.0,0.0,0.0,0.0,0.0,0.0,0.0,0.0,0.0,0.0,3.0,1.0,0.0,0.0,0.0,7.0,9.0,0.0,9.0,9.0,10.0,3.0
331,1.0,331.0,London_291,dim5,151,453,1092.0,70.0,2.0,152661.0,1.3278669088613242,790.0,123.0,2.0,121.0,224.0,18.0,206.0,63.0,194.0,141.0,18.0,62.0,7.0,27.0,1.0,3.0,9.0,75.0,152.0,217.0,60.0,0.0,0.0,0.0,0.0,0.0,0.0,0.0,0.0,0.0,0.0,0.0,0.0,0.0,0.0,0.0,0.0,0.0,0.0,0.0,0.0,0.0,0.0,0.0,0.0,0.0,0.0,0.0,0.0,0.0,0.0,0.0,2.0,0.0,0.0,2.0,0.0,0.0,0.0,3.0,2.0,3.0,1.0,2.0,8.0,12.0,3.0,17.0,19.0,31.0,18.0,0.0,0.0,0.0,0.0,0.0,0.0,0.0,0.0,0.0,0.0,0.0,4.0,0.0,0.0,7.0,0.0,0.0,0.0,4.0,6.0,3.0,1.0,2.0,11.0,19.0,3.0,25.0,29.0,49.0,24.0
332,1.0,332.0,London_291,dim5,151,453,1092.0,70.0,2.0,135900.0,1.3402554939966649,753.0,58.0,0.0,58.0,99.0,0.0,99.0,224.0,207.0,133.0,16.0,67.0,4.0,22.0,0.0,4.0,6.0,79.0,166.0,202.0,43.0,0.0,0.0,0.0,0.0,0.0,0.0,0.0,0.0,0.0,0.0,0.0,0.0,0.0,0.0,0.0,0.0,0.0,0.0,0.0,0.0,0.0,0.0,0.0,0.0,0.0,0.0,0.0,0.0,0.0,0.0,0.0,0.0,0.0,0.0,0.0,0.0,0.0,0.0,3.0,2.0,0.0,1.0,0.0,2.0,11.0,6.0,6.0,7.0,15.0,11.0,0.0,0.0,0.0,0.0,0.0,0.0,0.0,0.0,0.0,0.0,0.0,0.0,0.0,0.0,0.0,0.0,0.0,0.0,4.0,4.0,0.0,1.0,0.0,4.0,17.0,8.0,6.0,9.0,20.0,13.0
333,1.0,333.0,London_291,dim5,151,453,1092.0,70.0,2.0,144960.0,0.9278201072011143,773.0,1.0,0.0,1.0,2.0,0.0,2.0,99.0,215.0,139.0,21.0,57.0,6.0,14.0,1.0,0.0,5.0,82.0,173.0,193.0,46.0,0.0,0.0,0.0,0.0,0.0,0.0,0.0,0.0,0.0,0.0,0.0,0.0,0.0,0.0,0.0,0.0,0.0,0.0,0.0,0.0,0.0,0.0,0.0,0.0,0.0,0.0,0.0,0.0,0.0,0.0,0.0,0.0,0.0,0.0,0.0,0.0,0.0,0.0,0.0,0.0,0.0,0.0,0.0,0.0,1.0,0.0,0.0,1.0,0.0,0.0,0.0,0.0,0.0,0.0,0.0,0.0,0.0,0.0,0.0,0.0,0.0,0.0,0.0,0.0,0.0,0.0,0.0,0.0,0.0,0.0,0.0,0.0,0.0,0.0,2.0,0.0,0.0,2.0,0.0,0.0
334,1.0,334.0,London_291,dim5,151,453,1092.0,70.0,2.0,180294.0,2.260366267990321,851.0,131.0,2.0,129.0,248.0,19.0,229.0,2.0,213.0,139.0,21.0,57.0,7.0,14.0,1.0,1.0,5.0,82.0,174.0,192.0,46.0,0.0,0.0,0.0,0.0,0.0,0.0,0.0,0.0,0.0,0.0,0.0,0.0,0.0,0.0,0.0,0.0,0.0,0.0,0.0,0.0,0.0,0.0,0.0,0.0,0.0,0.0,0.0,0.0,0.0,0.0,0.0,0.0,0.0,0.0,0.0,0.0,0.0,0.0,2.0,4.0,0.0,0.0,6.0,10.0,8.0,6.0,11.0,19.0,29.0,18.0,0.0,0.0,0.0,0.0,0.0,0.0,0.0,0.0,0.0,0.0,0.0,0.0,0.0,0.0,0.0,0.0,0.0,0.0,4.0,7.0,0.0,0.0,6.0,13.0,13.0,6.0,15.0,28.0,40.0,23.0
335,1.0,335.0,London_291,dim5,151,453,1092.0,70.0,2.0,154473.0,1.698465660912916,794.0,135.0,0.0,135.0,222.0,0.0,222.0,248.0,219.0,103.0,17.0,70.0,12.0,28.0,0.0,4.0,4.0,66.0,172.0,211.0,31.0,0.0,0.0,0.0,0.0,0.0,0.0,0.0,0.0,0.0,0.0,0.0,0.0,0.0,0.0,0.0,0.0,0.0,0.0,0.0,0.0,0.0,0.0,0.0,0.0,0.0,0.0,0.0,0.0,0.0,0.0,0.0,0.0,0.0,0.0,0.0,0.0,0.0,0.0,10.0,9.0,1.0,4.0,0.0,8.0,11.0,6.0,9.0,23.0,36.0,14.0,0.0,0.0,0.0,0.0,0.0,0.0,0.0,0.0,0.0,0.0,0.0,0.0,0.0,0.0,0.0,0.0,0.0,0.0,11.0,12.0,1.0,5.0,0.0,11.0,15.0,6.0,13.0,33.0,50.0,20.0
336,1.0,336.0,London_291,dim5,151,453,1092.0,70.0,2.0,128652.0,0.9738017448689789,737.0,26.0,2.0,24.0,62.0,19.0,43.0,222.0,218.0,105.0,15.0,71.0,11.0,29.0,0.0,4.0,7.0,83.0,168.0,195.0,40.0,0.0,0.0,0.0,0.0,0.0,0.0,0.0,0.0,0.0,1.0,0.0,1.0,0.0,0.0,0.0,0.0,0.0,0.0,1.0,0.0,0.0,0.0,0.0,0.0,0.0,0.0,0.0,0.0,1.0,0.0,0.0,1.0,0.0,1.0,1.0,0.0,0.0,0.0,1.0,0.0,0.0,0.0,0.0,2.0,2.0,0.0,7.0,5.0,8.0,5.0,0.0,0.0,0.0,0.0,0.0,0.0,0.0,0.0,2.0,0.0,0.0,3.0,0.0,8.0,1.0,0.0,0.0,0.0,1.0,0.0,0.0,0.0,0.0,2.0,2.0,0.0,7.0,8.0,15.0,8.0
337,1.0,337.0,London_291,dim5,151,453,1092.0,70.0,2.0,155832.0,1.151313253911212,797.0,104.0,0.0,104.0,174.0,0.0,174.0,55.0,214.0,113.0,10.0,73.0,13.0,25.0,1.0,4.0,6.0,86.0,167.0,194.0,41.0,0.0,0.0,0.0,0.0,0.0,0.0,0.0,0.0,0.0,0.0,0.0,0.0,0.0,0.0,0.0,0.0,0.0,0.0,0.0,0.0,0.0,0.0,0.0,0.0,0.0,0.0,0.0,0.0,0.0,0.0,0.0,0.0,0.0,0.0,0.0,0.0,0.0,0.0,5.0,8.0,0.0,1.0,0.0,9.0,9.0,6.0,15.0,28.0,21.0,22.0,0.0,0.0,0.0,0.0,0.0,0.0,0.0,0.0,0.0,0.0,0.0,0.0,0.0,0.0,0.0,0.0,0.0,0.0,5.0,12.0,0.0,2.0,0.0,14.0,10.0,9.0,21.0,40.0,26.0,31.0
338,1.0,338.0,London_291,dim5,151,453,1092.0,70.0,2.0,145866.0,1.2459243109915406,775.0,124.0,0.0,124.0,223.0,0.0,223.0,174.0,225.0,109.0,16.0,57.0,15.0,25.0,1.0,5.0,3.0,85.0,184.0,181.0,37.0,0.0,0.0,0.0,0.0,0.0,0.0,0.0,0.0,0.0,0.0,0.0,0.0,0.0,0.0,0.0,0.0,0.0,0.0,0.0,0.0,0.0,0.0,0.0,0.0,0.0,0.0,0.0,0.0,0.0,0.0,0.0,0.0,0.0,0.0,0.0,0.0,0.0,0.0,3.0,1.0,0.0,1.0,3.0,4.0,6.0,3.0,14.0,21.0,34.0,18.0,0.0,0.0,0.0,0.0,0.0,0.0,0.0,0.0,0.0,0.0,0.0,0.0,0.0,0.0,0.0,0.0,0.0,0.0,3.0,2.0,0.0,2.0,4.0,7.0,7.0,5.0,18.0,35.0,49.0,21.0
339,1.0,339.0,London_291,dim5,151,453,1092.0,70.0,2.0,127293.0,0.8094187688548118,734.0,62.0,0.0,62.0,104.0,0.0,104.0,223.0,228.0,82.0,11.0,83.0,17.0,22.0,3.0,7.0,4.0,84.0,161.0,204.0,38.0,0.0,0.0,0.0,0.0,0.0,0.0,0.0,0.0,0.0,0.0,0.0,0.0,0.0,0.0,0.0,0.0,0.0,0.0,0.0,0.0,0.0,0.0,0.0,0.0,0.0,0.0,0.0,0.0,0.0,0.0,0.0,0.0,0.0,0.0,0.0,0.0,0.0,0.0,1.0,2.0,0.0,0.0,0.0,6.0,3.0,5.0,6.0,8.0,12.0,12.0,0.0,0.0,0.0,0.0,0.0,0.0,0.0,0.0,0.0,0.0,0.0,0.0,0.0,0.0,0.0,0.0,0.0,0.0,1.0,2.0,0.0,0.0,0.0,11.0,3.0,5.0,8.0,11.0,19.0,15.0
340,1.0,340.0,London_291,dim5,151,453,1092.0,70.0,2.0,145413.0,0.8873587769921869,774.0,17.0,2.0,15.0,48.0,18.0,30.0,104.0,231.0,90.0,11.0,85.0,18.0,13.0,1.0,4.0,6.0,87.0,175.0,185.0,47.0,0.0,0.0,0.0,0.0,0.0,0.0,0.0,0.0,0.0,0.0,0.0,0.0,0.0,0.0,0.0,0.0,0.0,0.0,0.0,0.0,0.0,0.0,0.0,0.0,0.0,0.0,0.0,0.0,0.0,0.0,0.0,0.0,1.0,0.0,1.0,0.0,0.0,0.0,0.0,1.0,0.0,0.0,0.0,3.0,1.0,3.0,0.0,3.0,4.0,3.0,0.0,0.0,0.0,0.0,0.0,0.0,0.0,0.0,0.0,0.0,0.0,0.0,8.0,0.0,1.0,0.0,0.0,0.0,0.0,1.0,0.0,0.0,0.0,3.0,2.0,5.0,0.0,4.0,7.0,4.0
341,1.0,341.0,London_291,dim5,151,453,1092.0,70.0,2.0,183465.0,1.6916501419618726,858.0,157.0,0.0,157.0,271.0,0.0,271.0,48.0,232.0,95.0,7.0,86.0,18.0,9.0,1.0,5.0,3.0,90.0,169.0,191.0,44.0,0.0,0.0,0.0,0.0,0.0,0.0,0.0,0.0,0.0,0.0,0.0,0.0,0.0,0.0,0.0,0.0,0.0,0.0,0.0,0.0,0.0,0.0,0.0,0.0,0.0,0.0,0.0,0.0,0.0,0.0,0.0,0.0,0.0,0.0,0.0,0.0,0.0,0.0,1.0,11.0,2.0,2.0,8.0,5.0,7.0,9.0,10.0,26.0,38.0,21.0,0.0,0.0,0.0,0.0,0.0,0.0,0.0,0.0,0.0,0.0,0.0,0.0,0.0,0.0,0.0,0.0,0.0,0.0,2.0,18.0,2.0,3.0,8.0,5.0,12.0,11.0,12.0,40.0,55.0,27.0
342,1.0,342.0,London_291,dim5,151,453,1092.0,70.0,2.0,151302.0,0.8877633889205754,787.0,86.0,2.0,84.0,175.0,20.0,155.0,271.0,210.0,108.0,16.0,81.0,11.0,19.0,1.0,7.0,6.0,81.0,171.0,195.0,29.0,0.0,0.0,0.0,0.0,0.0,0.0,0.0,0.0,0.0,0.0,0.0,0.0,0.0,0.0,0.0,0.0,0.0,0.0,0.0,0.0,0.0,0.0,0.0,0.0,0.0,0.0,0.0,0.0,0.0,1.0,0.0,2.0,0.0,1.0,2.0,0.0,0.0,0.0,5.0,4.0,0.0,3.0,0.0,4.0,6.0,5.0,12.0,14.0,21.0,24.0,0.0,0.0,0.0,0.0,0.0,0.0,0.0,0.0,0.0,6.0,0.0,5.0,0.0,7.0,6.0,0.0,0.0,0.0,5.0,5.0,0.0,5.0,0.0,6.0,11.0,8.0,21.0,20.0,33.0,31.0
343,1.0,343.0,London_291,dim5,151,453,1092.0,70.0,2.0,151755.0,0.8675321259070188,788.0,25.0,2.0,23.0,60.0,18.0,42.0,175.0,225.0,107.0,7.0,79.0,9.0,18.0,1.0,7.0,7.0,72.0,154.0,220.0,35.0,0.0,0.0,0.0,0.0,0.0,0.0,0.0,0.0,0.0,0.0,0.0,0.0,0.0,0.0,0.0,0.0,0.0,0.0,0.0,0.0,0.0,0.0,0.0,0.0,0.0,0.0,0.0,0.0,0.0,0.0,0.0,0.0,0.0,0.0,0.0,0.0,0.0,0.0,1.0,0.0,0.0,0.0,0.0,2.0,2.0,2.0,6.0,7.0,2.0,9.0,0.0,0.0,0.0,0.0,0.0,0.0,0.0,0.0,0.0,0.0,0.0,0.0,0.0,0.0,0.0,0.0,0.0,0.0,1.0,0.0,0.0,0.0,0.0,2.0,5.0,2.0,11.0,12.0,4.0,13.0
344,1.0,344.0,London_291,dim5,151,453,1092.0,70.0,2.0,179841.0,1.608123374171555,850.0,123.0,2.0,121.0,229.0,19.0,210.0,60.0,222.0,100.0,12.0,79.0,10.0,22.0,2.0,6.0,6.0,75.0,143.0,229.0,34.0,0.0,0.0,0.0,0.0,0.0,0.0,0.0,0.0,0.0,0.0,0.0,0.0,0.0,0.0,0.0,0.0,0.0,0.0,0.0,0.0,0.0,0.0,0.0,0.0,0.0,0.0,0.0,0.0,1.0,0.0,0.0,1.0,0.0,1.0,1.0,0.0,0.0,0.0,7.0,8.0,2.0,1.0,5.0,15.0,8.0,6.0,8.0,23.0,23.0,23.0,0.0,0.0,0.0,0.0,0.0,0.0,0.0,0.0,4.0,0.0,0.0,1.0,0.0,7.0,1.0,0.0,0.0,0.0,7.0,10.0,2.0,1.0,6.0,23.0,14.0,7.0,10.0,32.0,33.0,29.0
345,1.0,345.0,London_291,dim5,151,453,1092.0,70.0,2.0,164892.0,1.314213986042887,817.0,114.0,1.0,113.0,188.0,8.0,180.0,229.0,230.0,102.0,17.0,63.0,6.0,27.0,2.0,6.0,6.0,83.0,157.0,207.0,33.0,0.0,0.0,0.0,0.0,0.0,0.0,0.0,0.0,0.0,0.0,0.0,0.0,0.0,0.0,0.0,0.0,0.0,0.0,0.0,0.0,0.0,0.0,0.0,0.0,0.0,0.0,0.0,0.0,0.0,1.0,0.0,1.0,1.0,0.0,1.0,0.0,0.0,0.0,5.0,1.0,0.0,3.0,1.0,5.0,8.0,12.0,7.0,19.0,22.0,18.0,0.0,0.0,0.0,0.0,0.0,0.0,0.0,0.0,0.0,3.0,0.0,3.0,6.0,0.0,2.0,0.0,0.0,0.0,6.0,1.0,0.0,8.0,1.0,5.0,10.0,17.0,8.0,24.0,33.0,21.0
346,1.0,346.0,London_291,dim5,151,453,1092.0,70.0,2.0,152208.0,1.1164021480362862,789.0,170.0,0.0,170.0,288.0,0.0,288.0,188.0,247.0,109.0,13.0,46.0,3.0,25.0,5.0,5.0,6.0,81.0,163.0,203.0,36.0,0.0,0.0,0.0,0.0,0.0,0.0,0.0,0.0,0.0,0.0,0.0,0.0,0.0,0.0,0.0,0.0,0.0,0.0,0.0,0.0,0.0,0.0,0.0,0.0,0.0,0.0,0.0,0.0,0.0,0.0,0.0,0.0,0.0,0.0,0.0,0.0,0.0,0.0,0.0,15.0,0.0,3.0,7.0,10.0,7.0,4.0,11.0,27.0,39.0,27.0,0.0,0.0,0.0,0.0,0.0,0.0,0.0,0.0,0.0,0.0,0.0,0.0,0.0,0.0,0.0,0.0,0.0,0.0,0.0,20.0,0.0,5.0,7.0,12.0,9.0,5.0,16.0,39.0,52.0,40.0
347,1.0,347.0,London_291,dim5,151,453,1092.0,70.0,2.0,101472.0,0.607481834013015,677.0,21.0,2.0,19.0,49.0,17.0,32.0,288.0,188.0,108.0,22.0,80.0,7.0,40.0,2.0,6.0,9.0,66.0,147.0,231.0,37.0,0.0,0.0,0.0,0.0,0.0,0.0,0.0,0.0,0.0,0.0,0.0,0.0,0.0,0.0,0.0,0.0,0.0,0.0,0.0,0.0,0.0,0.0,0.0,0.0,0.0,0.0,0.0,0.0,0.0,1.0,0.0,0.0,0.0,1.0,1.0,0.0,0.0,0.0,0.0,1.0,0.0,0.0,0.0,3.0,0.0,0.0,2.0,4.0,3.0,3.0,0.0,0.0,0.0,0.0,0.0,0.0,0.0,0.0,0.0,2.0,0.0,0.0,0.0,6.0,2.0,0.0,0.0,0.0,0.0,2.0,0.0,0.0,0.0,4.0,0.0,0.0,3.0,6.0,3.0,3.0
348,1.0,348.0,London_291,dim5,151,453,1092.0,70.0,2.0,124575.0,0.7669106230605394,728.0,16.0,0.0,16.0,24.0,0.0,24.0,49.0,192.0,117.0,26.0,90.0,6.0,18.0,1.0,3.0,6.0,72.0,141.0,234.0,36.0,0.0,0.0,0.0,0.0,0.0,0.0,0.0,0.0,0.0,0.0,0.0,0.0,0.0,0.0,0.0,0.0,0.0,0.0,0.0,0.0,0.0,0.0,0.0,0.0,0.0,0.0,0.0,0.0,0.0,0.0,0.0,0.0,0.0,0.0,0.0,0.0,0.0,0.0,0.0,0.0,0.0,1.0,0.0,3.0,3.0,0.0,3.0,5.0,3.0,2.0,0.0,0.0,0.0,0.0,0.0,0.0,0.0,0.0,0.0,0.0,0.0,0.0,0.0,0.0,0.0,0.0,0.0,0.0,0.0,0.0,0.0,1.0,0.0,3.0,5.0,0.0,3.0,7.0,4.0,2.0
349,1.0,349.0,London_291,dim5,151,453,1092.0,70.0,2.0,161268.0,1.3031684570014477,809.0,126.0,0.0,126.0,224.0,0.0,224.0,24.0,190.0,120.0,23.0,92.0,6.0,18.0,1.0,3.0,6.0,74.0,144.0,229.0,39.0,0.0,0.0,0.0,0.0,0.0,0.0,0.0,0.0,0.0,0.0,0.0,0.0,0.0,0.0,0.0,0.0,0.0,0.0,0.0,0.0,0.0,0.0,0.0,0.0,0.0,0.0,0.0,0.0,0.0,0.0,0.0,0.0,0.0,0.0,0.0,0.0,0.0,0.0,2.0,6.0,1.0,3.0,4.0,17.0,5.0,9.0,11.0,23.0,33.0,18.0,0.0,0.0,0.0,0.0,0.0,0.0,0.0,0.0,0.0,0.0,0.0,0.0,0.0,0.0,0.0,0.0,0.0,0.0,3.0,10.0,1.0,5.0,4.0,22.0,7.0,12.0,13.0,33.0,49.0,27.0
350,1.0,350.0,London_291,dim5,151,453,1092.0,70.0,2.0,142695.0,0.9968115950468928,768.0,103.0,0.0,103.0,173.0,0.0,173.0,224.0,210.0,110.0,21.0,83.0,4.0,17.0,0.0,8.0,10.0,66.0,152.0,225.0,46.0,0.0,0.0,0.0,0.0,0.0,0.0,0.0,0.0,0.0,0.0,0.0,0.0,0.0,0.0,0.0,0.0,0.0,0.0,0.0,0.0,0.0,0.0,0.0,0.0,0.0,0.0,0.0,0.0,0.0,0.0,0.0,0.0,0.0,0.0,0.0,0.0,0.0,0.0,1.0,8.0,0.0,2.0,1.0,13.0,7.0,7.0,4.0,22.0,17.0,20.0,0.0,0.0,0.0,0.0,0.0,0.0,0.0,0.0,0.0,0.0,0.0,0.0,0.0,0.0,0.0,0.0,0.0,0.0,1.0,11.0,0.0,3.0,1.0,16.0,11.0,11.0,6.0,37.0,24.0,26.0
351,1.0,351.0,London_291,dim5,151,453,1092.0,70.0,2.0,129558.0,0.962577436119318,739.0,12.0,0.0,12.0,27.0,0.0,27.0,173.0,213.0,129.0,17.0,76.0,4.0,10.0,1.0,3.0,9.0,74.0,137.0,233.0,46.0,0.0,0.0,0.0,0.0,0.0,0.0,0.0,0.0,0.0,0.0,0.0,0.0,0.0,0.0,0.0,0.0,0.0,0.0,0.0,0.0,0.0,0.0,0.0,0.0,0.0,0.0,0.0,0.0,0.0,0.0,0.0,0.0,0.0,0.0,0.0,0.0,0.0,0.0,0.0,2.0,0.0,0.0,0.0,1.0,2.0,0.0,4.0,2.0,2.0,4.0,0.0,0.0,0.0,0.0,0.0,0.0,0.0,0.0,0.0,0.0,0.0,0.0,0.0,0.0,0.0,0.0,0.0,0.0,0.0,5.0,0.0,0.0,0.0,1.0,4.0,0.0,8.0,4.0,3.0,6.0
352,1.0,352.0,London_291,dim5,151,453,1092.0,70.0,2.0,163533.0,1.7189694638364017,814.0,90.0,0.0,90.0,166.0,0.0,166.0,27.0,215.0,139.0,16.0,70.0,0.0,7.0,1.0,5.0,6.0,78.0,143.0,226.0,47.0,0.0,0.0,0.0,0.0,0.0,0.0,0.0,0.0,0.0,0.0,0.0,0.0,0.0,0.0,0.0,0.0,0.0,0.0,0.0,0.0,0.0,0.0,0.0,0.0,0.0,0.0,0.0,0.0,0.0,0.0,0.0,0.0,0.0,0.0,0.0,0.0,0.0,0.0,0.0,3.0,0.0,0.0,0.0,11.0,14.0,11.0,3.0,12.0,24.0,14.0,0.0,0.0,0.0,0.0,0.0,0.0,0.0,0.0,0.0,0.0,0.0,0.0,0.0,0.0,0.0,0.0,0.0,0.0,0.0,5.0,0.0,0.0,0.0,15.0,18.0,16.0,4.0,22.0,39.0,21.0
353,1.0,353.0,London_291,dim5,151,453,1092.0,70.0,2.0,156285.0,1.206569795962423,798.0,81.0,2.0,79.0,165.0,20.0,145.0,166.0,200.0,150.0,21.0,57.0,6.0,11.0,1.0,7.0,7.0,74.0,143.0,229.0,49.0,0.0,0.0,0.0,0.0,0.0,0.0,0.0,0.0,0.0,0.0,0.0,0.0,0.0,0.0,0.0,0.0,0.0,0.0,0.0,0.0,0.0,0.0,0.0,0.0,0.0,0.0,0.0,0.0,0.0,0.0,0.0,2.0,0.0,0.0,1.0,0.0,0.0,0.0,0.0,6.0,0.0,1.0,3.0,7.0,9.0,5.0,7.0,16.0,14.0,9.0,0.0,0.0,0.0,0.0,0.0,0.0,0.0,0.0,0.0,0.0,0.0,4.0,0.0,0.0,2.0,0.0,0.0,0.0,0.0,9.0,0.0,1.0,3.0,8.0,11.0,7.0,9.0,21.0,20.0,11.0
354,1.0,354.0,London_291,dim5,151,453,1092.0,70.0,2.0,165345.0,1.5210286879446357,818.0,76.0,1.0,75.0,143.0,10.0,133.0,165.0,212.0,143.0,13.0,57.0,6.0,14.0,1.0,7.0,6.0,74.0,149.0,224.0,40.0,0.0,0.0,0.0,0.0,0.0,0.0,0.0,0.0,0.0,0.0,0.0,0.0,0.0,0.0,0.0,0.0,0.0,0.0,0.0,0.0,0.0,0.0,0.0,0.0,0.0,0.0,0.0,0.0,0.0,0.0,0.0,0.0,0.0,0.0,0.0,0.0,0.0,0.0,7.0,4.0,0.0,1.0,10.0,2.0,8.0,1.0,12.0,12.0,19.0,20.0,0.0,0.0,0.0,0.0,0.0,0.0,0.0,0.0,0.0,0.0,0.0,0.0,0.0,0.0,0.0,0.0,0.0,0.0,9.0,5.0,0.0,1.0,12.0,2.0,12.0,1.0,16.0,20.0,26.0,26.0
355,1.0,355.0,London_291,dim5,151,453,1092.0,70.0,2.0,173046.0,1.3466591199394315,835.0,124.0,1.0,123.0,223.0,8.0,215.0,143.0,218.0,145.0,9.0,50.0,6.0,18.0,0.0,7.0,10.0,75.0,136.0,232.0,44.0,0.0,0.0,0.0,0.0,0.0,0.0,0.0,0.0,0.0,0.0,0.0,0.0,0.0,0.0,0.0,0.0,0.0,0.0,0.0,0.0,0.0,0.0,0.0,0.0,0.0,0.0,0.0,0.0,1.0,0.0,0.0,0.0,0.0,0.0,1.0,0.0,0.0,0.0,1.0,11.0,2.0,1.0,1.0,11.0,3.0,3.0,6.0,29.0,29.0,26.0,0.0,0.0,0.0,0.0,0.0,0.0,0.0,0.0,1.0,0.0,0.0,0.0,0.0,0.0,6.0,0.0,0.0,0.0,1.0,17.0,2.0,1.0,1.0,17.0,7.0,4.0,10.0,44.0,48.0,37.0
356,1.0,356.0,London_291,dim5,151,453,1092.0,70.0,2.0,161721.0,1.1008065037894994,810.0,86.0,2.0,84.0,158.0,18.0,140.0,223.0,211.0,136.0,20.0,58.0,8.0,14.0,1.0,5.0,7.0,73.0,133.0,240.0,45.0,0.0,0.0,0.0,0.0,0.0,0.0,0.0,0.0,0.0,0.0,0.0,0.0,0.0,0.0,0.0,0.0,0.0,0.0,0.0,0.0,0.0,0.0,0.0,0.0,0.0,0.0,0.0,0.0,0.0,0.0,0.0,0.0,1.0,1.0,1.0,0.0,0.0,0.0,3.0,2.0,0.0,0.0,2.0,6.0,4.0,7.0,11.0,18.0,19.0,10.0,0.0,0.0,0.0,0.0,0.0,0.0,0.0,0.0,0.0,0.0,0.0,0.0,8.0,8.0,3.0,0.0,0.0,0.0,4.0,2.0,0.0,0.0,2.0,8.0,4.0,7.0,14.0,27.0,25.0,13.0
357,1.0,357.0,London_291,dim5,151,453,1092.0,70.0,2.0,156738.0,1.3831012800801545,799.0,108.0,2.0,106.0,209.0,18.0,191.0,158.0,207.0,141.0,10.0,59.0,10.0,19.0,2.0,5.0,6.0,69.0,133.0,245.0,31.0,0.0,0.0,0.0,0.0,0.0,0.0,0.0,0.0,0.0,0.0,0.0,0.0,0.0,0.0,0.0,0.0,0.0,0.0,0.0,0.0,0.0,0.0,0.0,0.0,0.0,0.0,0.0,0.0,0.0,0.0,0.0,0.0,0.0,1.0,0.0,0.0,0.0,0.0,3.0,4.0,0.0,2.0,4.0,11.0,7.0,1.0,11.0,16.0,30.0,15.0,0.0,0.0,0.0,0.0,0.0,0.0,0.0,0.0,0.0,0.0,0.0,0.0,0.0,5.0,0.0,0.0,0.0,0.0,3.0,7.0,0.0,4.0,4.0,14.0,11.0,2.0,18.0,27.0,44.0,22.0
358,1.0,358.0,London_291,dim5,151,453,1092.0,70.0,2.0,147225.0,1.095669117057696,778.0,116.0,0.0,116.0,206.0,0.0,206.0,209.0,219.0,109.0,8.0,67.0,13.0,26.0,3.0,8.0,7.0,79.0,127.0,240.0,42.0,0.0,0.0,0.0,0.0,0.0,0.0,0.0,0.0,0.0,0.0,0.0,0.0,0.0,0.0,0.0,0.0,0.0,0.0,0.0,0.0,0.0,0.0,0.0,0.0,0.0,0.0,0.0,0.0,0.0,0.0,0.0,0.0,0.0,0.0,0.0,0.0,0.0,0.0,2.0,3.0,0.0,3.0,0.0,12.0,11.0,3.0,13.0,20.0,34.0,20.0,0.0,0.0,0.0,0.0,0.0,0.0,0.0,0.0,0.0,0.0,0.0,0.0,0.0,0.0,0.0,0.0,0.0,0.0,2.0,3.0,0.0,5.0,0.0,16.0,13.0,3.0,19.0,28.0,54.0,24.0
359,1.0,359.0,London_291,dim5,151,453,1092.0,70.0,2.0,119139.0,1.5354283370543271,716.0,0.0,0.0,0.0,0.0,0.0,0.0,206.0,218.0,111.0,14.0,60.0,12.0,29.0,2.0,7.0,5.0,83.0,127.0,238.0,43.0,0.0,0.0,0.0,0.0,0.0,0.0,0.0,0.0,0.0,0.0,0.0,0.0,0.0,0.0,0.0,0.0,0.0,0.0,0.0,0.0,0.0,0.0,0.0,0.0,0.0,0.0,0.0,0.0,0.0,0.0,0.0,0.0,0.0,0.0,0.0,0.0,0.0,0.0,0.0,0.0,0.0,0.0,0.0,0.0,0.0,0.0,0.0,0.0,0.0,0.0,0.0,0.0,0.0,0.0,0.0,0.0,0.0,0.0,0.0,0.0,0.0,0.0,0.0,0.0,0.0,0.0,0.0,0.0,0.0,0.0,0.0,0.0,0.0,0.0,0.0,0.0,0.0,0.0,0.0,0.0
360,1.0,360.0,London_291,dim5,151,453,1092.0,70.0,2.0,149490.0,1.0740016030613333,783.0,89.0,2.0,87.0,174.0,16.0,158.0,0.0,218.0,111.0,14.0,60.0,12.0,29.0,2.0,7.0,5.0,83.0,127.0,238.0,43.0,0.0,0.0,0.0,0.0,0.0,0.0,0.0,0.0,0.0,0.0,0.0,0.0,0.0,0.0,0.0,0.0,0.0,0.0,0.0,0.0,0.0,0.0,0.0,0.0,0.0,0.0,0.0,0.0,0.0,0.0,0.0,1.0,0.0,0.0,1.0,0.0,0.0,0.0,5.0,1.0,0.0,0.0,1.0,13.0,3.0,8.0,14.0,15.0,27.0,18.0,0.0,0.0,0.0,0.0,0.0,0.0,0.0,0.0,0.0,0.0,0.0,2.0,0.0,0.0,2.0,0.0,0.0,0.0,6.0,1.0,0.0,0.0,1.0,23.0,6.0,12.0,20.0,23.0,40.0,25.0
361,1.0,361.0,London_291,dim5,151,453,1092.0,70.0,2.0,135447.0,1.0731536699458957,752.0,117.0,2.0,115.0,213.0,19.0,194.0,174.0,220.0,128.0,7.0,63.0,11.0,22.0,0.0,2.0,8.0,73.0,146.0,226.0,43.0,0.0,0.0,0.0,0.0,0.0,0.0,0.0,0.0,0.0,0.0,0.0,0.0,0.0,0.0,0.0,0.0,0.0,0.0,0.0,0.0,0.0,0.0,0.0,0.0,0.0,0.0,0.0,0.0,0.0,0.0,0.0,0.0,0.0,0.0,1.0,0.0,0.0,0.0,1.0,2.0,1.0,1.0,5.0,12.0,5.0,5.0,17.0,17.0,29.0,23.0,0.0,0.0,0.0,0.0,0.0,0.0,0.0,0.0,0.0,0.0,0.0,0.0,0.0,0.0,2.0,0.0,0.0,0.0,1.0,3.0,1.0,2.0,6.0,15.0,6.0,7.0,28.0,24.0,44.0,26.0
362,1.0,362.0,London_291,dim5,151,453,1092.0,70.0,2.0,109626.0,1.1544941780157387,695.0,81.0,1.0,80.0,147.0,9.0,138.0,213.0,218.0,126.0,14.0,61.0,8.0,20.0,0.0,6.0,4.0,81.0,123.0,245.0,39.0,0.0,0.0,0.0,0.0,0.0,0.0,0.0,0.0,0.0,0.0,0.0,0.0,0.0,0.0,0.0,0.0,0.0,0.0,0.0,0.0,0.0,0.0,0.0,0.0,0.0,0.0,0.0,0.0,0.0,0.0,0.0,0.0,0.0,1.0,1.0,0.0,0.0,0.0,2.0,1.0,0.0,2.0,0.0,13.0,10.0,2.0,14.0,18.0,20.0,17.0,0.0,0.0,0.0,0.0,0.0,0.0,0.0,0.0,0.0,0.0,0.0,0.0,0.0,6.0,5.0,0.0,0.0,0.0,3.0,1.0,0.0,3.0,0.0,19.0,15.0,3.0,20.0,28.0,36.0,23.0
363,1.0,363.0,London_291,dim5,151,453,1092.0,70.0,2.0,121857.0,0.8819248331710696,722.0,62.0,0.0,62.0,112.0,0.0,112.0,147.0,210.0,136.0,10.0,63.0,6.0,21.0,1.0,6.0,4.0,88.0,122.0,239.0,49.0,0.0,0.0,0.0,0.0,0.0,0.0,0.0,0.0,0.0,0.0,0.0,0.0,0.0,0.0,0.0,0.0,0.0,0.0,0.0,0.0,0.0,0.0,0.0,0.0,0.0,0.0,0.0,0.0,0.0,0.0,0.0,0.0,0.0,0.0,0.0,0.0,0.0,0.0,2.0,0.0,0.0,0.0,0.0,10.0,4.0,2.0,8.0,11.0,14.0,17.0,0.0,0.0,0.0,0.0,0.0,0.0,0.0,0.0,0.0,0.0,0.0,0.0,0.0,0.0,0.0,0.0,0.0,0.0,2.0,0.0,0.0,0.0,0.0,13.0,9.0,2.0,10.0,23.0,21.0,22.0
364,1.0,364.0,London_291,dim5,151,453,1092.0,70.0,2.0,129558.0,1.0420238689985126,739.0,99.0,0.0,99.0,165.0,0.0,165.0,112.0,216.0,140.0,10.0,49.0,6.0,26.0,1.0,5.0,6.0,92.0,126.0,229.0,52.0,0.0,0.0,0.0,0.0,0.0,0.0,0.0,0.0,0.0,0.0,0.0,0.0,0.0,0.0,0.0,0.0,0.0,0.0,0.0,0.0,0.0,0.0,0.0,0.0,0.0,0.0,0.0,0.0,0.0,0.0,0.0,0.0,0.0,0.0,0.0,0.0,0.0,0.0,2.0,2.0,1.0,0.0,7.0,21.0,8.0,6.0,7.0,16.0,24.0,18.0,0.0,0.0,0.0,0.0,0.0,0.0,0.0,0.0,0.0,0.0,0.0,0.0,0.0,0.0,0.0,0.0,0.0,0.0,2.0,2.0,2.0,0.0,8.0,25.0,12.0,8.0,9.0,24.0,34.0,25.0
365,1.0,365.0,London_291,dim5,151,453,1092.0,70.0,2.0,129105.0,0.825489813927561,738.0,0.0,0.0,0.0,0.0,0.0,0.0,165.0,217.0,134.0,14.0,50.0,13.0,22.0,0.0,3.0,6.0,91.0,125.0,231.0,55.0,0.0,0.0,0.0,0.0,0.0,0.0,0.0,0.0,0.0,0.0,0.0,0.0,0.0,0.0,0.0,0.0,0.0,0.0,0.0,0.0,0.0,0.0,0.0,0.0,0.0,0.0,0.0,0.0,0.0,0.0,0.0,0.0,0.0,0.0,0.0,0.0,0.0,0.0,0.0,0.0,0.0,0.0,0.0,0.0,0.0,0.0,0.0,0.0,0.0,0.0,0.0,0.0,0.0,0.0,0.0,0.0,0.0,0.0,0.0,0.0,0.0,0.0,0.0,0.0,0.0,0.0,0.0,0.0,0.0,0.0,0.0,0.0,0.0,0.0,0.0,0.0,0.0,0.0,0.0,0.0
366,1.0,366.0,London_291,dim5,151,453,1092.0,70.0,2.0,173499.0,1.4348974209278822,836.0,40.0,2.0,38.0,73.0,17.0,56.0,0.0,217.0,134.0,14.0,50.0,13.0,22.0,0.0,3.0,6.0,91.0,125.0,231.0,55.0,0.0,0.0,0.0,0.0,0.0,0.0,0.0,0.0,0.0,0.0,0.0,0.0,0.0,0.0,0.0,0.0,0.0,0.0,0.0,0.0,0.0,0.0,0.0,0.0,0.0,0.0,0.0,0.0,0.0,0.0,0.0,1.0,0.0,0.0,1.0,0.0,0.0,0.0,2.0,1.0,0.0,1.0,0.0,6.0,2.0,2.0,1.0,8.0,9.0,6.0,0.0,0.0,0.0,0.0,0.0,0.0,0.0,0.0,0.0,0.0,0.0,3.0,0.0,0.0,4.0,0.0,0.0,0.0,2.0,1.0,0.0,2.0,0.0,6.0,2.0,2.0,1.0,13.0,13.0,6.0
367,1.0,367.0,London_291,dim5,151,453,1092.0,70.0,2.0,193431.0,1.30923791998066,880.0,40.0,1.0,39.0,80.0,11.0,69.0,73.0,215.0,139.0,14.0,56.0,6.0,18.0,2.0,3.0,2.0,97.0,126.0,228.0,48.0,0.0,0.0,0.0,0.0,0.0,0.0,0.0,0.0,0.0,0.0,0.0,0.0,0.0,0.0,0.0,0.0,0.0,0.0,0.0,0.0,0.0,0.0,0.0,0.0,0.0,0.0,0.0,0.0,0.0,1.0,0.0,1.0,0.0,0.0,1.0,0.0,0.0,0.0,2.0,0.0,0.0,0.0,1.0,5.0,2.0,1.0,10.0,8.0,9.0,8.0,0.0,0.0,0.0,0.0,0.0,0.0,0.0,0.0,0.0,1.0,0.0,1.0,0.0,0.0,3.0,0.0,0.0,0.0,2.0,0.0,0.0,0.0,1.0,9.0,3.0,1.0,15.0,9.0,17.0,10.0
368,1.0,368.0,London_291,dim5,151,453,1092.0,70.0,2.0,220611.0,2.1593705960549414,940.0,176.0,1.0,175.0,301.0,9.0,292.0,80.0,214.0,152.0,6.0,54.0,7.0,15.0,3.0,2.0,2.0,85.0,148.0,218.0,45.0,0.0,0.0,0.0,0.0,0.0,0.0,0.0,0.0,0.0,0.0,0.0,0.0,0.0,0.0,0.0,0.0,0.0,0.0,0.0,0.0,0.0,0.0,0.0,0.0,0.0,0.0,0.0,0.0,0.0,0.0,0.0,0.0,1.0,0.0,0.0,0.0,0.0,0.0,0.0,1.0,0.0,3.0,5.0,11.0,2.0,10.0,13.0,38.0,38.0,24.0,0.0,0.0,0.0,0.0,0.0,0.0,0.0,0.0,0.0,0.0,0.0,0.0,4.0,0.0,0.0,0.0,0.0,0.0,0.0,1.0,0.0,4.0,5.0,14.0,2.0,13.0,13.0,47.0,54.0,30.0
369,1.0,369.0,London_291,dim5,151,453,1092.0,70.0,2.0,178029.0,1.2183639579452574,846.0,220.0,0.0,220.0,387.0,0.0,387.0,301.0,181.0,122.0,24.0,89.0,9.0,23.0,2.0,3.0,4.0,80.0,138.0,231.0,53.0,0.0,0.0,0.0,0.0,0.0,0.0,0.0,0.0,0.0,0.0,0.0,0.0,0.0,0.0,0.0,0.0,0.0,0.0,0.0,0.0,0.0,0.0,0.0,0.0,0.0,0.0,0.0,0.0,0.0,0.0,0.0,0.0,0.0,0.0,0.0,0.0,0.0,0.0,1.0,25.0,0.0,4.0,13.0,18.0,8.0,0.0,17.0,42.0,48.0,14.0,0.0,0.0,0.0,0.0,0.0,0.0,0.0,0.0,0.0,0.0,0.0,0.0,0.0,0.0,0.0,0.0,0.0,0.0,1.0,40.0,0.0,5.0,13.0,24.0,10.0,0.0,21.0,58.0,72.0,17.0
370,1.0,370.0,London_291,dim5,151,453,1092.0,70.0,2.0,112344.0,0.48789270292036235,701.0,21.0,3.0,18.0,55.0,25.0,30.0,387.0,108.0,149.0,42.0,100.0,10.0,37.0,0.0,7.0,7.0,91.0,151.0,204.0,53.0,0.0,0.0,0.0,0.0,0.0,0.0,0.0,0.0,0.0,0.0,0.0,0.0,0.0,0.0,0.0,0.0,0.0,0.0,0.0,0.0,0.0,0.0,0.0,0.0,0.0,0.0,0.0,0.0,0.0,0.0,0.0,1.0,1.0,1.0,1.0,0.0,0.0,0.0,0.0,0.0,0.0,0.0,0.0,1.0,0.0,1.0,1.0,3.0,8.0,3.0,0.0,0.0,0.0,0.0,0.0,0.0,0.0,0.0,0.0,0.0,0.0,7.0,6.0,6.0,2.0,0.0,0.0,0.0,0.0,0.0,0.0,0.0,0.0,1.0,0.0,1.0,1.0,4.0,11.0,5.0
371,1.0,371.0,London_291,dim5,151,453,1092.0,70.0,2.0,139071.0,0.9939963661599904,760.0,97.0,1.0,96.0,165.0,9.0,156.0,55.0,110.0,148.0,42.0,100.0,6.0,38.0,0.0,9.0,4.0,96.0,139.0,214.0,37.0,0.0,0.0,0.0,0.0,0.0,0.0,0.0,0.0,0.0,0.0,0.0,0.0,0.0,0.0,0.0,0.0,0.0,0.0,0.0,0.0,0.0,0.0,0.0,0.0,0.0,0.0,0.0,0.0,0.0,0.0,0.0,0.0,0.0,0.0,0.0,0.0,0.0,0.0,0.0,2.0,0.0,1.0,1.0,7.0,5.0,5.0,7.0,17.0,20.0,19.0,0.0,0.0,0.0,0.0,0.0,0.0,0.0,0.0,0.0,0.0,0.0,0.0,0.0,0.0,0.0,0.0,0.0,0.0,0.0,3.0,0.0,2.0,1.0,10.0,6.0,8.0,9.0,25.0,27.0,26.0
372,1.0,372.0,London_291,dim5,151,453,1092.0,70.0,2.0,144054.0,1.4192277130205184,771.0,58.0,2.0,56.0,108.0,17.0,91.0,165.0,116.0,146.0,44.0,91.0,8.0,41.0,0.0,7.0,4.0,88.0,155.0,206.0,50.0,0.0,0.0,0.0,0.0,0.0,0.0,0.0,0.0,0.0,0.0,0.0,0.0,0.0,0.0,0.0,0.0,0.0,0.0,0.0,0.0,0.0,0.0,0.0,0.0,0.0,0.0,0.0,0.0,0.0,0.0,0.0,0.0,0.0,0.0,0.0,0.0,0.0,0.0,4.0,2.0,0.0,0.0,0.0,9.0,5.0,3.0,14.0,12.0,10.0,17.0,0.0,0.0,0.0,0.0,0.0,0.0,0.0,0.0,0.0,0.0,0.0,0.0,0.0,0.0,0.0,0.0,0.0,0.0,4.0,2.0,0.0,0.0,0.0,11.0,11.0,3.0,20.0,20.0,14.0,24.0
373,1.0,373.0,London_291,dim5,151,453,1092.0,70.0,2.0,160362.0,0.9259638888761401,807.0,5.0,2.0,3.0,22.0,18.0,4.0,108.0,121.0,147.0,43.0,89.0,6.0,39.0,0.0,8.0,7.0,92.0,151.0,203.0,60.0,0.0,0.0,0.0,0.0,0.0,0.0,0.0,0.0,0.0,0.0,0.0,0.0,0.0,0.0,0.0,0.0,0.0,0.0,0.0,0.0,0.0,0.0,0.0,0.0,0.0,0.0,0.0,0.0,0.0,0.0,0.0,1.0,0.0,0.0,2.0,0.0,0.0,0.0,1.0,0.0,0.0,0.0,0.0,0.0,0.0,0.0,1.0,1.0,1.0,1.0,0.0,0.0,0.0,0.0,0.0,0.0,0.0,0.0,0.0,0.0,0.0,1.0,0.0,0.0,9.0,0.0,0.0,0.0,1.0,0.0,0.0,0.0,0.0,0.0,0.0,0.0,1.0,1.0,1.0,1.0
374,1.0,374.0,London_291,dim5,151,453,1092.0,70.0,2.0,204303.0,1.5594711559824646,904.0,170.0,0.0,170.0,286.0,0.0,286.0,22.0,123.0,146.0,41.0,97.0,4.0,33.0,0.0,9.0,7.0,94.0,141.0,211.0,60.0,0.0,0.0,0.0,0.0,0.0,0.0,0.0,0.0,0.0,0.0,0.0,0.0,0.0,0.0,0.0,0.0,0.0,0.0,0.0,0.0,0.0,0.0,0.0,0.0,0.0,0.0,0.0,0.0,0.0,0.0,0.0,0.0,0.0,0.0,0.0,0.0,0.0,0.0,6.0,14.0,1.0,6.0,2.0,16.0,4.0,8.0,15.0,21.0,45.0,24.0,0.0,0.0,0.0,0.0,0.0,0.0,0.0,0.0,0.0,0.0,0.0,0.0,0.0,0.0,0.0,0.0,0.0,0.0,7.0,19.0,1.0,9.0,2.0,26.0,4.0,9.0,22.0,31.0,63.0,28.0
375,1.0,375.0,London_291,dim5,151,453,1092.0,70.0,2.0,173046.0,1.1767703387886286,835.0,47.0,0.0,47.0,81.0,0.0,81.0,286.0,144.0,152.0,27.0,81.0,8.0,35.0,2.0,4.0,6.0,77.0,157.0,213.0,51.0,0.0,0.0,0.0,0.0,0.0,0.0,0.0,0.0,0.0,0.0,0.0,0.0,0.0,0.0,0.0,0.0,0.0,0.0,0.0,0.0,0.0,0.0,0.0,0.0,0.0,0.0,0.0,0.0,0.0,0.0,0.0,0.0,0.0,0.0,0.0,0.0,0.0,0.0,0.0,2.0,0.0,2.0,0.0,5.0,4.0,2.0,3.0,9.0,8.0,7.0,0.0,0.0,0.0,0.0,0.0,0.0,0.0,0.0,0.0,0.0,0.0,0.0,0.0,0.0,0.0,0.0,0.0,0.0,0.0,3.0,0.0,2.0,0.0,6.0,4.0,2.0,3.0,13.0,11.0,7.0
376,1.0,376.0,London_291,dim5,151,453,1092.0,70.0,2.0,197055.0,1.5722271208651364,888.0,133.0,2.0,131.0,248.0,19.0,229.0,81.0,153.0,153.0,30.0,72.0,6.0,33.0,1.0,5.0,8.0,72.0,164.0,209.0,63.0,0.0,0.0,0.0,0.0,0.0,0.0,0.0,0.0,0.0,0.0,0.0,0.0,0.0,0.0,0.0,0.0,0.0,0.0,0.0,0.0,0.0,0.0,0.0,0.0,0.0,0.0,0.0,0.0,0.0,0.0,0.0,0.0,0.0,0.0,2.0,0.0,0.0,0.0,4.0,21.0,1.0,6.0,11.0,9.0,4.0,5.0,5.0,26.0,32.0,20.0,0.0,0.0,0.0,0.0,0.0,0.0,0.0,0.0,0.0,0.0,0.0,0.0,0.0,0.0,6.0,0.0,0.0,0.0,4.0,31.0,1.0,11.0,11.0,13.0,4.0,8.0,7.0,37.0,45.0,27.0
377,1.0,377.0,London_291,dim5,151,453,1092.0,70.0,2.0,174405.0,1.304042964009568,838.0,85.0,0.0,85.0,153.0,0.0,153.0,248.0,179.0,140.0,15.0,74.0,5.0,32.0,2.0,6.0,7.0,78.0,149.0,219.0,54.0,0.0,0.0,0.0,0.0,0.0,0.0,0.0,0.0,0.0,0.0,0.0,0.0,0.0,0.0,0.0,0.0,0.0,0.0,0.0,0.0,0.0,0.0,0.0,0.0,0.0,0.0,0.0,0.0,0.0,0.0,0.0,0.0,0.0,0.0,0.0,0.0,0.0,0.0,2.0,3.0,0.0,0.0,0.0,14.0,7.0,7.0,7.0,12.0,24.0,14.0,0.0,0.0,0.0,0.0,0.0,0.0,0.0,0.0,0.0,0.0,0.0,0.0,0.0,0.0,0.0,0.0,0.0,0.0,2.0,3.0,0.0,0.0,0.0,19.0,8.0,8.0,8.0,21.0,36.0,23.0
378,1.0,378.0,London_291,dim5,151,453,1092.0,70.0,2.0,171234.0,2.100020330166444,831.0,125.0,2.0,123.0,238.0,19.0,219.0,153.0,178.0,150.0,14.0,74.0,8.0,18.0,2.0,9.0,12.0,72.0,147.0,222.0,72.0,0.0,0.0,0.0,0.0,0.0,0.0,0.0,0.0,0.0,1.0,0.0,1.0,0.0,0.0,0.0,0.0,0.0,0.0,1.0,0.0,0.0,0.0,0.0,0.0,0.0,0.0,0.0,0.0,1.0,0.0,0.0,1.0,0.0,1.0,1.0,0.0,0.0,0.0,3.0,18.0,1.0,4.0,6.0,19.0,7.0,8.0,11.0,21.0,25.0,19.0,0.0,0.0,0.0,0.0,0.0,0.0,0.0,0.0,2.0,0.0,0.0,2.0,0.0,6.0,1.0,0.0,0.0,0.0,3.0,23.0,1.0,6.0,7.0,23.0,9.0,13.0,15.0,31.0,38.0,27.0
379,1.0,379.0,London_291,dim5,151,453,1092.0,70.0,2.0,148584.0,1.0398784310091287,781.0,149.0,0.0,149.0,250.0,0.0,250.0,233.0,179.0,152.0,12.0,76.0,5.0,19.0,3.0,7.0,12.0,97.0,134.0,210.0,65.0,0.0,0.0,0.0,0.0,0.0,0.0,0.0,0.0,0.0,0.0,0.0,0.0,0.0,0.0,0.0,0.0,0.0,0.0,0.0,0.0,0.0,0.0,0.0,0.0,0.0,0.0,0.0,0.0,0.0,0.0,0.0,0.0,0.0,0.0,0.0,0.0,0.0,0.0,1.0,8.0,1.0,1.0,1.0,5.0,6.0,12.0,13.0,34.0,27.0,26.0,0.0,0.0,0.0,0.0,0.0,0.0,0.0,0.0,0.0,0.0,0.0,0.0,0.0,0.0,0.0,0.0,0.0,0.0,1.0,12.0,1.0,4.0,1.0,6.0,8.0,18.0,16.0,54.0,35.0,35.0
380,1.0,380.0,London_291,dim5,151,453,1092.0,70.0,2.0,110532.0,0.9445088799111545,697.0,48.0,0.0,48.0,77.0,0.0,77.0,250.0,188.0,125.0,21.0,75.0,13.0,23.0,2.0,6.0,5.0,85.0,150.0,213.0,54.0,0.0,0.0,0.0,0.0,0.0,0.0,0.0,0.0,0.0,0.0,0.0,0.0,0.0,0.0,0.0,0.0,0.0,0.0,0.0,0.0,0.0,0.0,0.0,0.0,0.0,0.0,0.0,0.0,0.0,0.0,0.0,0.0,0.0,0.0,0.0,0.0,0.0,0.0,1.0,0.0,0.0,0.0,0.0,4.0,1.0,0.0,3.0,11.0,12.0,10.0,0.0,0.0,0.0,0.0,0.0,0.0,0.0,0.0,0.0,0.0,0.0,0.0,0.0,0.0,0.0,0.0,0.0,0.0,1.0,0.0,0.0,0.0,0.0,4.0,1.0,0.0,4.0,16.0,15.0,12.0
381,1.0,381.0,London_291,dim5,151,453,1092.0,70.0,2.0,115062.0,0.9017727070022374,707.0,88.0,0.0,88.0,153.0,0.0,153.0,77.0,199.0,118.0,25.0,70.0,13.0,22.0,1.0,5.0,7.0,81.0,153.0,212.0,58.0,0.0,0.0,0.0,0.0,0.0,0.0,0.0,0.0,0.0,0.0,0.0,0.0,0.0,0.0,0.0,0.0,0.0,0.0,0.0,0.0,0.0,0.0,0.0,0.0,0.0,0.0,0.0,0.0,0.0,0.0,0.0,0.0,0.0,0.0,0.0,0.0,0.0,0.0,3.0,11.0,1.0,1.0,0.0,3.0,5.0,7.0,3.0,16.0,21.0,17.0,0.0,0.0,0.0,0.0,0.0,0.0,0.0,0.0,0.0,0.0,0.0,0.0,0.0,0.0,0.0,0.0,0.0,0.0,4.0,21.0,1.0,2.0,0.0,4.0,8.0,9.0,3.0,24.0,28.0,24.0
382,1.0,382.0,London_291,dim5,151,453,1092.0,70.0,2.0,111438.0,1.1001547451596707,699.0,38.0,2.0,36.0,76.0,18.0,58.0,153.0,208.0,121.0,31.0,58.0,8.0,19.0,1.0,7.0,10.0,74.0,153.0,216.0,62.0,0.0,0.0,0.0,0.0,0.0,0.0,0.0,0.0,0.0,0.0,0.0,0.0,0.0,0.0,0.0,0.0,0.0,0.0,0.0,0.0,0.0,0.0,0.0,0.0,0.0,0.0,0.0,0.0,0.0,0.0,0.0,1.0,1.0,0.0,1.0,0.0,0.0,0.0,2.0,5.0,2.0,0.0,1.0,6.0,5.0,4.0,4.0,5.0,6.0,8.0,0.0,0.0,0.0,0.0,0.0,0.0,0.0,0.0,0.0,0.0,0.0,1.0,6.0,0.0,1.0,0.0,0.0,0.0,2.0,8.0,2.0,0.0,1.0,9.0,5.0,5.0,5.0,8.0,6.0,9.0
383,1.0,383.0,London_291,dim5,151,453,1092.0,70.0,2.0,122310.0,1.0219270698726177,723.0,3.0,0.0,3.0,5.0,0.0,5.0,76.0,207.0,128.0,33.0,54.0,10.0,12.0,1.0,8.0,6.0,81.0,150.0,216.0,52.0,0.0,0.0,0.0,0.0,0.0,0.0,0.0,0.0,0.0,0.0,0.0,0.0,0.0,0.0,0.0,0.0,0.0,0.0,0.0,0.0,0.0,0.0,0.0,0.0,0.0,0.0,0.0,0.0,0.0,0.0,0.0,0.0,0.0,0.0,0.0,0.0,0.0,0.0,0.0,0.0,0.0,0.0,0.0,0.0,0.0,1.0,0.0,1.0,1.0,1.0,0.0,0.0,0.0,0.0,0.0,0.0,0.0,0.0,0.0,0.0,0.0,0.0,0.0,0.0,0.0,0.0,0.0,0.0,0.0,0.0,0.0,0.0,0.0,0.0,0.0,2.0,0.0,2.0,1.0,1.0
384,1.0,384.0,London_291,dim5,151,453,1092.0,70.0,2.0,165798.0,1.94172120699659,819.0,143.0,2.0,141.0,257.0,20.0,237.0,5.0,207.0,128.0,31.0,56.0,10.0,12.0,1.0,8.0,6.0,82.0,147.0,218.0,53.0,0.0,0.0,0.0,0.0,0.0,0.0,0.0,0.0,0.0,0.0,0.0,0.0,0.0,0.0,0.0,0.0,0.0,0.0,0.0,0.0,0.0,0.0,0.0,0.0,0.0,0.0,0.0,0.0,0.0,1.0,0.0,1.0,0.0,1.0,2.0,0.0,0.0,0.0,1.0,4.0,1.0,5.0,5.0,2.0,3.0,19.0,12.0,26.0,29.0,20.0,0.0,0.0,0.0,0.0,0.0,0.0,0.0,0.0,0.0,1.0,0.0,1.0,0.0,9.0,5.0,0.0,0.0,0.0,1.0,4.0,2.0,7.0,8.0,3.0,3.0,29.0,17.0,39.0,40.0,22.0
385,1.0,385.0,London_291,dim5,151,453,1092.0,70.0,2.0,134994.0,0.8261148210149258,751.0,39.0,2.0,37.0,82.0,18.0,64.0,257.0,214.0,114.0,14.0,76.0,7.0,17.0,2.0,9.0,7.0,70.0,150.0,226.0,44.0,0.0,0.0,0.0,0.0,0.0,0.0,0.0,0.0,0.0,0.0,0.0,0.0,0.0,0.0,0.0,0.0,0.0,0.0,0.0,0.0,0.0,0.0,0.0,0.0,0.0,0.0,0.0,0.0,0.0,0.0,0.0,0.0,0.0,0.0,0.0,0.0,0.0,0.0,2.0,0.0,0.0,0.0,0.0,5.0,3.0,5.0,4.0,6.0,5.0,11.0,0.0,0.0,0.0,0.0,0.0,0.0,0.0,0.0,0.0,0.0,0.0,0.0,0.0,0.0,0.0,0.0,0.0,0.0,3.0,0.0,0.0,0.0,0.0,6.0,5.0,6.0,5.0,9.0,7.0,14.0
386,1.0,386.0,London_291,dim5,151,453,1092.0,70.0,2.0,154020.0,1.0619150779675692,793.0,68.0,2.0,66.0,127.0,19.0,108.0,82.0,212.0,127.0,12.0,69.0,8.0,14.0,0.0,11.0,8.0,84.0,139.0,222.0,45.0,0.0,0.0,0.0,0.0,0.0,0.0,0.0,0.0,0.0,0.0,0.0,0.0,0.0,0.0,0.0,0.0,0.0,0.0,0.0,0.0,0.0,0.0,0.0,0.0,0.0,0.0,0.0,0.0,1.0,0.0,0.0,1.0,0.0,1.0,1.0,0.0,0.0,0.0,1.0,2.0,2.0,3.0,1.0,6.0,8.0,5.0,6.0,11.0,23.0,12.0,0.0,0.0,0.0,0.0,0.0,0.0,0.0,0.0,1.0,0.0,0.0,4.0,0.0,8.0,2.0,0.0,0.0,0.0,1.0,3.0,2.0,4.0,1.0,8.0,10.0,7.0,14.0,13.0,33.0,15.0
387,1.0,387.0,London_291,dim5,151,453,1092.0,70.0,2.0,171234.0,1.2016808839980513,831.0,92.0,1.0,91.0,172.0,8.0,164.0,127.0,222.0,125.0,7.0,62.0,2.0,23.0,1.0,11.0,8.0,92.0,133.0,220.0,54.0,0.0,0.0,0.0,0.0,0.0,0.0,0.0,0.0,0.0,0.0,0.0,0.0,0.0,0.0,0.0,0.0,0.0,0.0,0.0,0.0,0.0,0.0,0.0,0.0,0.0,0.0,0.0,0.0,0.0,0.0,0.0,1.0,1.0,0.0,0.0,0.0,0.0,0.0,5.0,11.0,0.0,3.0,0.0,9.0,10.0,6.0,14.0,15.0,28.0,14.0,0.0,0.0,0.0,0.0,0.0,0.0,0.0,0.0,0.0,0.0,0.0,2.0,5.0,0.0,0.0,0.0,0.0,0.0,6.0,15.0,0.0,4.0,0.0,13.0,10.0,7.0,20.0,21.0,42.0,19.0
388,1.0,388.0,London_291,dim5,151,453,1092.0,70.0,2.0,177576.0,1.2551599331200123,845.0,144.0,0.0,144.0,245.0,0.0,245.0,172.0,216.0,133.0,16.0,54.0,3.0,23.0,0.0,8.0,3.0,88.0,145.0,217.0,53.0,0.0,0.0,0.0,0.0,0.0,0.0,0.0,0.0,0.0,0.0,0.0,0.0,0.0,0.0,0.0,0.0,0.0,0.0,0.0,0.0,0.0,0.0,0.0,0.0,0.0,0.0,0.0,0.0,0.0,0.0,0.0,0.0,0.0,0.0,0.0,0.0,0.0,0.0,2.0,14.0,3.0,2.0,1.0,9.0,10.0,7.0,9.0,25.0,29.0,24.0,0.0,0.0,0.0,0.0,0.0,0.0,0.0,0.0,0.0,0.0,0.0,0.0,0.0,0.0,0.0,0.0,0.0,0.0,3.0,20.0,4.0,3.0,1.0,12.0,13.0,13.0,11.0,35.0,41.0,31.0
389,1.0,389.0,London_291,dim5,151,453,1092.0,70.0,2.0,151302.0,0.9405158360023052,787.0,15.0,2.0,13.0,39.0,17.0,22.0,245.0,220.0,106.0,15.0,80.0,2.0,22.0,3.0,5.0,6.0,85.0,140.0,222.0,56.0,0.0,0.0,0.0,0.0,0.0,0.0,0.0,0.0,0.0,0.0,0.0,0.0,0.0,0.0,0.0,0.0,0.0,0.0,0.0,0.0,0.0,0.0,0.0,0.0,0.0,0.0,0.0,0.0,0.0,1.0,0.0,0.0,0.0,1.0,1.0,0.0,0.0,0.0,0.0,0.0,0.0,1.0,0.0,4.0,3.0,1.0,2.0,4.0,2.0,3.0,0.0,0.0,0.0,0.0,0.0,0.0,0.0,0.0,0.0,7.0,0.0,0.0,0.0,7.0,4.0,0.0,0.0,0.0,0.0,0.0,0.0,1.0,0.0,4.0,4.0,1.0,2.0,6.0,3.0,3.0
390,1.0,390.0,London_291,dim5,151,453,1092.0,70.0,2.0,193431.0,1.4796137381345034,880.0,113.0,0.0,113.0,211.0,0.0,211.0,39.0,229.0,108.0,15.0,77.0,1.0,14.0,3.0,6.0,5.0,87.0,142.0,219.0,49.0,0.0,0.0,0.0,0.0,0.0,0.0,0.0,0.0,0.0,0.0,0.0,0.0,0.0,0.0,0.0,0.0,0.0,0.0,0.0,0.0,0.0,0.0,0.0,0.0,0.0,0.0,0.0,0.0,0.0,0.0,0.0,0.0,0.0,0.0,0.0,0.0,0.0,0.0,5.0,16.0,3.0,3.0,0.0,15.0,9.0,10.0,13.0,24.0,31.0,22.0,0.0,0.0,0.0,0.0,0.0,0.0,0.0,0.0,0.0,0.0,0.0,0.0,0.0,0.0,0.0,0.0,0.0,0.0,6.0,22.0,3.0,4.0,0.0,19.0,11.0,14.0,15.0,43.0,43.0,28.0
391,1.0,391.0,London_291,dim5,151,453,1092.0,70.0,2.0,178029.0,1.3205769718624651,846.0,104.0,0.0,104.0,185.0,0.0,185.0,211.0,238.0,109.0,22.0,58.0,3.0,20.0,1.0,2.0,3.0,101.0,145.0,204.0,47.0,0.0,0.0,0.0,0.0,0.0,0.0,0.0,0.0,0.0,0.0,0.0,0.0,0.0,0.0,0.0,0.0,0.0,0.0,0.0,0.0,0.0,0.0,0.0,0.0,0.0,0.0,0.0,0.0,0.0,0.0,0.0,0.0,0.0,0.0,0.0,0.0,0.0,0.0,1.0,5.0,0.0,4.0,8.0,16.0,0.0,6.0,11.0,18.0,25.0,17.0,0.0,0.0,0.0,0.0,0.0,0.0,0.0,0.0,0.0,0.0,0.0,0.0,0.0,0.0,0.0,0.0,0.0,0.0,1.0,6.0,0.0,6.0,8.0,20.0,0.0,9.0,14.0,28.0,39.0,20.0
392,1.0,392.0,London_291,dim5,151,453,1092.0,70.0,2.0,164439.0,1.0215964699164033,816.0,100.0,0.0,100.0,152.0,0.0,152.0,185.0,250.0,112.0,14.0,53.0,0.0,19.0,3.0,2.0,4.0,82.0,136.0,231.0,41.0,0.0,0.0,0.0,0.0,0.0,0.0,0.0,0.0,0.0,0.0,0.0,0.0,0.0,0.0,0.0,0.0,0.0,0.0,0.0,0.0,0.0,0.0,0.0,0.0,0.0,0.0,0.0,0.0,0.0,0.0,0.0,0.0,0.0,0.0,0.0,0.0,0.0,0.0,4.0,1.0,2.0,2.0,5.0,15.0,5.0,2.0,8.0,19.0,20.0,24.0,0.0,0.0,0.0,0.0,0.0,0.0,0.0,0.0,0.0,0.0,0.0,0.0,0.0,0.0,0.0,0.0,0.0,0.0,4.0,1.0,2.0,3.0,5.0,21.0,6.0,2.0,10.0,26.0,28.0,29.0
393,1.0,393.0,London_291,dim5,151,453,1092.0,70.0,2.0,156738.0,1.4743931780103594,799.0,159.0,0.0,159.0,274.0,0.0,274.0,152.0,248.0,115.0,11.0,46.0,4.0,24.0,0.0,5.0,7.0,89.0,145.0,212.0,44.0,0.0,0.0,0.0,0.0,0.0,0.0,0.0,0.0,0.0,0.0,0.0,0.0,0.0,0.0,0.0,0.0,0.0,0.0,0.0,0.0,0.0,0.0,0.0,0.0,0.0,0.0,0.0,0.0,0.0,0.0,0.0,0.0,0.0,0.0,0.0,0.0,0.0,0.0,2.0,24.0,0.0,2.0,4.0,9.0,6.0,1.0,10.0,41.0,34.0,20.0,0.0,0.0,0.0,0.0,0.0,0.0,0.0,0.0,0.0,0.0,0.0,0.0,0.0,0.0,0.0,0.0,0.0,0.0,3.0,36.0,0.0,2.0,4.0,12.0,8.0,2.0,15.0,62.0,52.0,25.0
394,1.0,394.0,London_291,dim5,151,453,1092.0,70.0,2.0,116874.0,1.3286537958774716,711.0,77.0,0.0,77.0,137.0,0.0,137.0,274.0,221.0,99.0,20.0,88.0,8.0,11.0,1.0,5.0,6.0,73.0,152.0,222.0,27.0,0.0,0.0,0.0,0.0,0.0,0.0,0.0,0.0,0.0,0.0,0.0,0.0,0.0,0.0,0.0,0.0,0.0,0.0,0.0,0.0,0.0,0.0,0.0,0.0,0.0,0.0,0.0,0.0,0.0,0.0,0.0,0.0,0.0,0.0,0.0,0.0,0.0,0.0,2.0,6.0,1.0,1.0,0.0,8.0,6.0,3.0,12.0,16.0,11.0,13.0,0.0,0.0,0.0,0.0,0.0,0.0,0.0,0.0,0.0,0.0,0.0,0.0,0.0,0.0,0.0,0.0,0.0,0.0,2.0,8.0,1.0,2.0,0.0,8.0,8.0,3.0,19.0,25.0,19.0,18.0
395,1.0,395.0,London_291,dim5,151,453,1092.0,70.0,2.0,107361.0,0.8369749989360571,690.0,47.0,2.0,45.0,93.0,20.0,73.0,137.0,223.0,95.0,20.0,77.0,7.0,21.0,3.0,7.0,7.0,74.0,153.0,219.0,45.0,0.0,0.0,0.0,0.0,0.0,0.0,0.0,0.0,0.0,0.0,0.0,0.0,0.0,0.0,0.0,0.0,0.0,0.0,0.0,0.0,0.0,0.0,0.0,0.0,0.0,0.0,0.0,0.0,0.0,0.0,0.0,2.0,0.0,0.0,1.0,0.0,0.0,0.0,2.0,3.0,1.0,1.0,0.0,11.0,5.0,3.0,2.0,8.0,8.0,7.0,0.0,0.0,0.0,0.0,0.0,0.0,0.0,0.0,0.0,0.0,0.0,6.0,0.0,0.0,1.0,0.0,0.0,0.0,2.0,4.0,2.0,1.0,0.0,14.0,5.0,4.0,3.0,15.0,10.0,8.0
396,1.0,396.0,London_291,dim5,151,453,1092.0,70.0,2.0,121404.0,0.7352777428459376,721.0,1.0,1.0,0.0,10.0,10.0,0.0,93.0,230.0,100.0,21.0,70.0,6.0,21.0,2.0,3.0,4.0,83.0,147.0,219.0,47.0,0.0,0.0,0.0,0.0,0.0,0.0,0.0,0.0,0.0,0.0,0.0,0.0,0.0,0.0,0.0,0.0,0.0,0.0,0.0,0.0,0.0,0.0,0.0,0.0,0.0,0.0,0.0,0.0,0.0,0.0,0.0,0.0,0.0,0.0,1.0,0.0,0.0,0.0,0.0,0.0,0.0,0.0,0.0,0.0,0.0,0.0,0.0,0.0,0.0,0.0,0.0,0.0,0.0,0.0,0.0,0.0,0.0,0.0,0.0,0.0,0.0,0.0,0.0,0.0,1.0,0.0,0.0,0.0,0.0,0.0,0.0,0.0,0.0,0.0,0.0,0.0,0.0,0.0,0.0,0.0
397,1.0,397.0,London_291,dim5,151,453,1092.0,70.0,2.0,160362.0,1.4747080111410469,807.0,71.0,1.0,70.0,137.0,8.0,129.0,10.0,222.0,103.0,23.0,72.0,7.0,21.0,2.0,3.0,3.0,84.0,141.0,225.0,47.0,0.0,0.0,0.0,0.0,0.0,0.0,0.0,0.0,0.0,0.0,0.0,0.0,0.0,0.0,0.0,0.0,0.0,0.0,0.0,0.0,0.0,0.0,0.0,0.0,0.0,0.0,0.0,0.0,0.0,0.0,0.0,0.0,0.0,0.0,1.0,0.0,0.0,0.0,5.0,2.0,2.0,1.0,0.0,5.0,5.0,7.0,7.0,14.0,15.0,16.0,0.0,0.0,0.0,0.0,0.0,0.0,0.0,0.0,0.0,0.0,0.0,0.0,0.0,0.0,4.0,0.0,0.0,0.0,6.0,2.0,2.0,2.0,0.0,8.0,5.0,10.0,9.0,19.0,23.0,20.0
398,1.0,398.0,London_291,dim5,151,453,1092.0,70.0,2.0,173952.0,1.496581844985485,837.0,136.0,2.0,134.0,252.0,18.0,234.0,137.0,225.0,94.0,26.0,71.0,8.0,20.0,3.0,6.0,4.0,81.0,141.0,227.0,44.0,0.0,0.0,0.0,0.0,0.0,0.0,0.0,0.0,0.0,0.0,0.0,0.0,0.0,0.0,0.0,0.0,0.0,0.0,0.0,0.0,0.0,0.0,0.0,0.0,0.0,0.0,0.0,0.0,0.0,0.0,0.0,0.0,1.0,1.0,2.0,0.0,0.0,0.0,1.0,18.0,3.0,0.0,0.0,11.0,6.0,11.0,17.0,28.0,34.0,14.0,0.0,0.0,0.0,0.0,0.0,0.0,0.0,0.0,0.0,0.0,0.0,0.0,9.0,6.0,3.0,0.0,0.0,0.0,1.0,32.0,3.0,0.0,0.0,12.0,7.0,13.0,25.0,50.0,52.0,21.0
399,1.0,399.0,London_291,dim5,151,453,1092.0,70.0,2.0,148584.0,0.7361248121596873,781.0,91.0,2.0,89.0,167.0,18.0,149.0,252.0,208.0,98.0,23.0,74.0,8.0,32.0,3.0,7.0,8.0,67.0,156.0,222.0,35.0,0.0,0.0,0.0,0.0,0.0,0.0,0.0,0.0,0.0,0.0,0.0,0.0,0.0,0.0,0.0,0.0,0.0,0.0,0.0,0.0,0.0,0.0,0.0,0.0,0.0,0.0,0.0,0.0,0.0,0.0,0.0,0.0,0.0,1.0,0.0,0.0,0.0,0.0,6.0,1.0,0.0,2.0,0.0,13.0,12.0,3.0,4.0,24.0,20.0,22.0,0.0,0.0,0.0,0.0,0.0,0.0,0.0,0.0,0.0,0.0,0.0,0.0,0.0,7.0,0.0,0.0,0.0,0.0,9.0,1.0,0.0,3.0,0.0,15.0,13.0,4.0,5.0,40.0,29.0,35.0
400,1.0,400.0,London_291,dim5,151,453,1092.0,70.0,2.0,143148.0,0.8951881940010935,769.0,37.0,0.0,37.0,59.0,0.0,59.0,167.0,208.0,107.0,14.0,78.0,10.0,27.0,1.0,8.0,8.0,76.0,132.0,237.0,39.0,0.0,0.0,0.0,0.0,0.0,0.0,0.0,0.0,0.0,0.0,0.0,0.0,0.0,0.0,0.0,0.0,0.0,0.0,0.0,0.0,0.0,0.0,0.0,0.0,0.0,0.0,0.0,0.0,0.0,0.0,0.0,0.0,0.0,0.0,0.0,0.0,0.0,0.0,1.0,0.0,0.0,1.0,0.0,6.0,3.0,3.0,1.0,8.0,10.0,6.0,0.0,0.0,0.0,0.0,0.0,0.0,0.0,0.0,0.0,0.0,0.0,0.0,0.0,0.0,0.0,0.0,0.0,0.0,1.0,0.0,0.0,2.0,0.0,8.0,4.0,5.0,1.0,13.0,14.0,8.0
401,1.0,401.0,London_291,dim5,151,453,1092.0,70.0,2.0,164892.0,1.0090540470555425,817.0,45.0,0.0,45.0,81.0,0.0,81.0,59.0,206.0,109.0,20.0,80.0,9.0,23.0,1.0,5.0,10.0,78.0,140.0,225.0,41.0,0.0,0.0,0.0,0.0,0.0,0.0,0.0,0.0,0.0,0.0,0.0,0.0,0.0,0.0,0.0,0.0,0.0,0.0,0.0,0.0,0.0,0.0,0.0,0.0,0.0,0.0,0.0,0.0,0.0,0.0,0.0,0.0,0.0,0.0,0.0,0.0,0.0,0.0,2.0,1.0,0.0,0.0,0.0,9.0,7.0,2.0,5.0,10.0,10.0,10.0,0.0,0.0,0.0,0.0,0.0,0.0,0.0,0.0,0.0,0.0,0.0,0.0,0.0,0.0,0.0,0.0,0.0,0.0,2.0,1.0,0.0,0.0,0.0,13.0,11.0,2.0,6.0,14.0,12.0,14.0
402,1.0,402.0,London_291,dim5,151,453,1092.0,70.0,2.0,183465.0,1.363642246928066,858.0,126.0,2.0,124.0,245.0,16.0,229.0,81.0,208.0,103.0,20.0,90.0,4.0,22.0,0.0,6.0,13.0,74.0,136.0,230.0,49.0,0.0,0.0,0.0,0.0,0.0,0.0,0.0,0.0,0.0,0.0,0.0,0.0,0.0,0.0,0.0,0.0,0.0,0.0,0.0,0.0,0.0,0.0,0.0,0.0,0.0,0.0,0.0,0.0,0.0,0.0,0.0,0.0,0.0,0.0,0.0,0.0,0.0,0.0,4.0,14.0,7.0,0.0,2.0,12.0,11.0,2.0,10.0,21.0,33.0,15.0,0.0,0.0,0.0,0.0,0.0,0.0,0.0,0.0,0.0,0.0,0.0,0.0,0.0,0.0,0.0,0.0,0.0,0.0,6.0,25.0,8.0,0.0,2.0,18.0,16.0,2.0,13.0,33.0,51.0,24.0
403,1.0,403.0,London_291,dim5,151,453,1092.0,70.0,2.0,163080.0,0.9675198600161821,813.0,107.0,2.0,105.0,183.0,19.0,164.0,245.0,201.0,125.0,21.0,69.0,7.0,20.0,3.0,7.0,10.0,80.0,142.0,221.0,45.0,0.0,0.0,0.0,0.0,0.0,0.0,0.0,0.0,0.0,0.0,0.0,0.0,0.0,0.0,0.0,0.0,0.0,0.0,0.0,0.0,0.0,0.0,0.0,0.0,0.0,0.0,0.0,0.0,0.0,0.0,0.0,0.0,0.0,0.0,1.0,0.0,0.0,0.0,3.0,3.0,1.0,1.0,0.0,13.0,6.0,7.0,14.0,13.0,26.0,16.0,0.0,0.0,0.0,0.0,0.0,0.0,0.0,0.0,0.0,0.0,0.0,0.0,0.0,0.0,7.0,0.0,0.0,0.0,3.0,3.0,1.0,3.0,0.0,18.0,8.0,9.0,19.0,16.0,39.0,17.0
404,1.0,404.0,London_291,dim5,151,453,1092.0,70.0,2.0,152208.0,0.8617476040963084,789.0,91.0,1.0,90.0,172.0,9.0,163.0,183.0,200.0,136.0,17.0,58.0,7.0,23.0,4.0,8.0,6.0,88.0,137.0,222.0,41.0,0.0,0.0,0.0,0.0,0.0,0.0,0.0,0.0,0.0,0.0,0.0,0.0,0.0,0.0,0.0,0.0,0.0,0.0,0.0,0.0,0.0,0.0,0.0,0.0,0.0,0.0,0.0,0.0,1.0,0.0,0.0,0.0,0.0,1.0,1.0,0.0,0.0,0.0,1.0,5.0,0.0,1.0,0.0,9.0,7.0,5.0,17.0,19.0,21.0,27.0,0.0,0.0,0.0,0.0,0.0,0.0,0.0,0.0,3.0,0.0,0.0,0.0,0.0,9.0,4.0,0.0,0.0,0.0,1.0,8.0,0.0,2.0,0.0,15.0,9.0,5.0,22.0,29.0,33.0,36.0
405,1.0,405.0,London_291,dim5,151,453,1092.0,70.0,2.0,148131.0,0.889181099832058,780.0,91.0,0.0,91.0,155.0,0.0,155.0,172.0,192.0,137.0,19.0,70.0,7.0,21.0,2.0,5.0,4.0,80.0,138.0,231.0,52.0,0.0,0.0,0.0,0.0,0.0,0.0,0.0,0.0,0.0,0.0,0.0,0.0,0.0,0.0,0.0,0.0,0.0,0.0,0.0,0.0,0.0,0.0,0.0,0.0,0.0,0.0,0.0,0.0,0.0,0.0,0.0,0.0,0.0,0.0,0.0,0.0,0.0,0.0,1.0,5.0,1.0,2.0,3.0,4.0,10.0,6.0,8.0,12.0,21.0,19.0,0.0,0.0,0.0,0.0,0.0,0.0,0.0,0.0,0.0,0.0,0.0,0.0,0.0,0.0,0.0,0.0,0.0,0.0,2.0,7.0,1.0,2.0,3.0,4.0,15.0,7.0,10.0,15.0,31.0,23.0
406,1.0,406.0,London_291,dim5,151,453,1092.0,70.0,2.0,150849.0,1.3313935128971934,786.0,78.0,0.0,78.0,134.0,0.0,134.0,155.0,205.0,136.0,16.0,63.0,4.0,22.0,2.0,5.0,4.0,86.0,139.0,224.0,60.0,0.0,0.0,0.0,0.0,0.0,0.0,0.0,0.0,0.0,0.0,0.0,0.0,0.0,0.0,0.0,0.0,0.0,0.0,0.0,0.0,0.0,0.0,0.0,0.0,0.0,0.0,0.0,0.0,0.0,0.0,0.0,0.0,0.0,0.0,0.0,0.0,0.0,0.0,5.0,2.0,0.0,1.0,0.0,4.0,4.0,5.0,5.0,12.0,19.0,16.0,0.0,0.0,0.0,0.0,0.0,0.0,0.0,0.0,0.0,0.0,0.0,0.0,0.0,0.0,0.0,0.0,0.0,0.0,6.0,2.0,0.0,2.0,0.0,4.0,6.0,6.0,9.0,19.0,26.0,21.0
407,1.0,407.0,London_291,dim5,151,453,1092.0,70.0,2.0,153567.0,1.0404835811350495,792.0,87.0,0.0,87.0,151.0,0.0,151.0,134.0,209.0,152.0,16.0,44.0,2.0,21.0,2.0,7.0,5.0,87.0,156.0,205.0,55.0,0.0,0.0,0.0,0.0,0.0,0.0,0.0,0.0,0.0,0.0,0.0,0.0,0.0,0.0,0.0,0.0,0.0,0.0,0.0,0.0,0.0,0.0,0.0,0.0,0.0,0.0,0.0,0.0,0.0,0.0,0.0,0.0,0.0,0.0,0.0,0.0,0.0,0.0,3.0,4.0,0.0,7.0,1.0,6.0,8.0,5.0,11.0,21.0,24.0,9.0,0.0,0.0,0.0,0.0,0.0,0.0,0.0,0.0,0.0,0.0,0.0,0.0,0.0,0.0,0.0,0.0,0.0,0.0,3.0,6.0,0.0,10.0,1.0,7.0,14.0,6.0,13.0,34.0,40.0,11.0
408,1.0,408.0,London_291,dim5,151,453,1092.0,70.0,2.0,146319.0,1.1427843999117613,776.0,78.0,2.0,76.0,153.0,17.0,136.0,151.0,208.0,150.0,9.0,53.0,4.0,22.0,2.0,5.0,6.0,90.0,146.0,211.0,49.0,0.0,0.0,0.0,0.0,0.0,0.0,0.0,0.0,0.0,0.0,0.0,0.0,0.0,0.0,0.0,0.0,0.0,0.0,0.0,0.0,0.0,0.0,0.0,0.0,0.0,0.0,0.0,0.0,0.0,0.0,0.0,1.0,0.0,0.0,1.0,0.0,0.0,0.0,2.0,6.0,2.0,0.0,0.0,3.0,7.0,13.0,8.0,13.0,15.0,16.0,0.0,0.0,0.0,0.0,0.0,0.0,0.0,0.0,0.0,0.0,0.0,4.0,0.0,0.0,5.0,0.0,0.0,0.0,2.0,8.0,2.0,0.0,0.0,5.0,14.0,14.0,11.0,19.0,24.0,22.0
409,1.0,409.0,London_291,dim5,151,453,1092.0,70.0,2.0,142695.0,1.1801620640326291,768.0,93.0,1.0,92.0,166.0,11.0,155.0,153.0,223.0,160.0,9.0,39.0,4.0,12.0,3.0,3.0,6.0,96.0,131.0,220.0,37.0,0.0,0.0,0.0,0.0,0.0,0.0,0.0,0.0,0.0,0.0,0.0,0.0,0.0,0.0,0.0,0.0,0.0,0.0,0.0,0.0,0.0,0.0,0.0,0.0,0.0,0.0,0.0,0.0,0.0,0.0,0.0,1.0,0.0,0.0,1.0,0.0,0.0,0.0,0.0,7.0,4.0,0.0,0.0,11.0,5.0,6.0,7.0,15.0,23.0,15.0,0.0,0.0,0.0,0.0,0.0,0.0,0.0,0.0,0.0,0.0,0.0,2.0,0.0,0.0,6.0,0.0,0.0,0.0,0.0,12.0,6.0,0.0,0.0,14.0,8.0,8.0,8.0,20.0,34.0,19.0
410,1.0,410.0,London_291,dim5,151,453,1092.0,70.0,2.0,129105.0,1.1424584740307182,738.0,65.0,1.0,64.0,128.0,9.0,119.0,166.0,225.0,135.0,5.0,55.0,8.0,22.0,1.0,2.0,4.0,94.0,125.0,230.0,41.0,0.0,0.0,0.0,0.0,0.0,0.0,0.0,0.0,0.0,0.0,0.0,0.0,0.0,0.0,0.0,0.0,0.0,0.0,0.0,0.0,0.0,0.0,0.0,0.0,0.0,0.0,0.0,0.0,0.0,0.0,0.0,0.0,1.0,0.0,0.0,0.0,0.0,0.0,5.0,10.0,0.0,0.0,0.0,6.0,11.0,5.0,4.0,17.0,16.0,16.0,0.0,0.0,0.0,0.0,0.0,0.0,0.0,0.0,0.0,0.0,0.0,0.0,4.0,0.0,0.0,0.0,0.0,0.0,7.0,13.0,0.0,0.0,0.0,9.0,17.0,5.0,5.0,26.0,24.0,26.0
411,1.0,411.0,London_291,dim5,151,453,1092.0,70.0,2.0,135900.0,0.9934807419776917,753.0,59.0,0.0,59.0,108.0,0.0,108.0,128.0,227.0,157.0,10.0,31.0,8.0,17.0,0.0,3.0,7.0,85.0,132.0,229.0,42.0,0.0,0.0,0.0,0.0,0.0,0.0,0.0,0.0,0.0,0.0,0.0,0.0,0.0,0.0,0.0,0.0,0.0,0.0,0.0,0.0,0.0,0.0,0.0,0.0,0.0,0.0,0.0,0.0,0.0,0.0,0.0,0.0,0.0,0.0,0.0,0.0,0.0,0.0,2.0,4.0,0.0,2.0,0.0,12.0,4.0,8.0,11.0,11.0,11.0,19.0,0.0,0.0,0.0,0.0,0.0,0.0,0.0,0.0,0.0,0.0,0.0,0.0,0.0,0.0,0.0,0.0,0.0,0.0,2.0,4.0,0.0,3.0,0.0,18.0,5.0,11.0,15.0,19.0,14.0,25.0
412,1.0,412.0,London_291,dim5,151,453,1092.0,70.0,2.0,150849.0,1.2232407990377396,786.0,116.0,3.0,113.0,221.0,25.0,196.0,108.0,230.0,159.0,5.0,33.0,6.0,13.0,0.0,7.0,8.0,85.0,141.0,219.0,52.0,0.0,0.0,0.0,0.0,0.0,0.0,0.0,0.0,0.0,0.0,0.0,0.0,0.0,0.0,0.0,0.0,0.0,0.0,0.0,0.0,0.0,0.0,0.0,0.0,0.0,0.0,0.0,0.0,0.0,0.0,0.0,0.0,1.0,1.0,1.0,0.0,0.0,0.0,10.0,17.0,4.0,4.0,1.0,12.0,8.0,8.0,11.0,24.0,25.0,15.0,0.0,0.0,0.0,0.0,0.0,0.0,0.0,0.0,0.0,0.0,0.0,0.0,5.0,6.0,1.0,0.0,0.0,0.0,13.0,23.0,4.0,6.0,1.0,18.0,9.0,11.0,13.0,36.0,36.0,17.0
413,1.0,413.0,London_291,dim5,151,453,1092.0,70.0,2.0,134994.0,1.0082720320206136,751.0,93.0,1.0,92.0,183.0,9.0,174.0,221.0,215.0,119.0,20.0,74.0,8.0,14.0,2.0,1.0,9.0,97.0,137.0,210.0,61.0,0.0,0.0,0.0,0.0,0.0,0.0,0.0,0.0,0.0,0.0,0.0,0.0,0.0,0.0,0.0,0.0,0.0,0.0,0.0,0.0,0.0,0.0,0.0,0.0,0.0,0.0,0.0,0.0,0.0,0.0,0.0,0.0,0.0,0.0,0.0,0.0,0.0,0.0,5.0,1.0,0.0,1.0,0.0,20.0,5.0,6.0,18.0,21.0,14.0,19.0,0.0,0.0,0.0,0.0,0.0,0.0,0.0,0.0,0.0,0.0,0.0,0.0,0.0,0.0,0.0,0.0,0.0,0.0,5.0,1.0,0.0,1.0,0.0,27.0,6.0,9.0,26.0,39.0,20.0,29.0
414,1.0,414.0,London_291,dim5,151,453,1092.0,70.0,2.0,130464.0,0.9065453000366688,741.0,38.0,2.0,36.0,80.0,17.0,63.0,183.0,211.0,97.0,29.0,79.0,9.0,23.0,2.0,3.0,14.0,89.0,141.0,209.0,58.0,0.0,0.0,0.0,0.0,0.0,0.0,0.0,0.0,0.0,0.0,0.0,0.0,0.0,0.0,0.0,0.0,0.0,0.0,0.0,0.0,0.0,0.0,0.0,0.0,0.0,0.0,0.0,0.0,0.0,0.0,0.0,0.0,0.0,0.0,0.0,0.0,0.0,0.0,0.0,0.0,0.0,0.0,0.0,6.0,4.0,5.0,3.0,5.0,7.0,11.0,0.0,0.0,0.0,0.0,0.0,0.0,0.0,0.0,0.0,0.0,0.0,0.0,0.0,0.0,0.0,0.0,0.0,0.0,0.0,0.0,0.0,0.0,0.0,9.0,4.0,6.0,5.0,9.0,11.0,15.0
415,1.0,415.0,London_291,dim5,151,453,1092.0,70.0,2.0,159003.0,1.5207006831187755,804.0,92.0,2.0,90.0,177.0,18.0,159.0,80.0,210.0,102.0,32.0,74.0,8.0,24.0,1.0,2.0,10.0,88.0,135.0,220.0,60.0,0.0,0.0,0.0,0.0,0.0,0.0,0.0,0.0,0.0,0.0,0.0,0.0,0.0,0.0,0.0,0.0,0.0,0.0,0.0,0.0,0.0,0.0,0.0,0.0,0.0,0.0,0.0,0.0,1.0,0.0,0.0,2.0,0.0,0.0,2.0,0.0,0.0,0.0,0.0,6.0,0.0,1.0,0.0,15.0,10.0,5.0,17.0,18.0,19.0,23.0,0.0,0.0,0.0,0.0,0.0,0.0,0.0,0.0,1.0,0.0,0.0,3.0,0.0,0.0,9.0,0.0,0.0,0.0,0.0,11.0,0.0,1.0,0.0,18.0,12.0,7.0,27.0,25.0,36.0,28.0
416,1.0,416.0,London_291,dim5,151,453,1092.0,70.0,2.0,159003.0,0.926994743058458,804.0,19.0,0.0,19.0,32.0,0.0,32.0,177.0,216.0,117.0,35.0,41.0,11.0,26.0,1.0,6.0,5.0,91.0,133.0,224.0,46.0,0.0,0.0,0.0,0.0,0.0,0.0,0.0,0.0,0.0,0.0,0.0,0.0,0.0,0.0,0.0,0.0,0.0,0.0,0.0,0.0,0.0,0.0,0.0,0.0,0.0,0.0,0.0,0.0,0.0,0.0,0.0,0.0,0.0,0.0,0.0,0.0,0.0,0.0,1.0,0.0,0.0,1.0,0.0,2.0,2.0,3.0,5.0,2.0,3.0,4.0,0.0,0.0,0.0,0.0,0.0,0.0,0.0,0.0,0.0,0.0,0.0,0.0,0.0,0.0,0.0,0.0,0.0,0.0,1.0,0.0,0.0,4.0,0.0,3.0,4.0,3.0,5.0,3.0,6.0,5.0
417,1.0,417.0,London_291,dim5,151,453,1092.0,70.0,2.0,197961.0,2.322283223969862,890.0,121.0,0.0,121.0,218.0,0.0,218.0,32.0,212.0,124.0,35.0,44.0,10.0,24.0,1.0,3.0,5.0,95.0,139.0,214.0,50.0,0.0,0.0,0.0,0.0,0.0,0.0,0.0,0.0,0.0,0.0,0.0,0.0,0.0,0.0,0.0,0.0,0.0,0.0,0.0,0.0,0.0,0.0,0.0,0.0,0.0,0.0,0.0,0.0,0.0,0.0,0.0,0.0,0.0,0.0,0.0,0.0,0.0,0.0,2.0,1.0,0.0,3.0,8.0,16.0,3.0,1.0,9.0,25.0,21.0,26.0,0.0,0.0,0.0,0.0,0.0,0.0,0.0,0.0,0.0,0.0,0.0,0.0,0.0,0.0,0.0,0.0,0.0,0.0,3.0,1.0,0.0,4.0,8.0,20.0,3.0,2.0,10.0,39.0,36.0,38.0
418,1.0,418.0,London_291,dim5,151,453,1092.0,70.0,2.0,186636.0,1.7715728098992258,865.0,112.0,2.0,110.0,204.0,19.0,185.0,218.0,202.0,129.0,13.0,61.0,13.0,29.0,2.0,4.0,7.0,89.0,148.0,209.0,45.0,0.0,0.0,0.0,0.0,0.0,0.0,0.0,0.0,0.0,0.0,0.0,0.0,0.0,0.0,0.0,0.0,0.0,0.0,0.0,0.0,0.0,0.0,0.0,0.0,0.0,0.0,0.0,0.0,0.0,0.0,0.0,0.0,0.0,0.0,2.0,0.0,0.0,0.0,3.0,9.0,5.0,2.0,4.0,11.0,3.0,2.0,9.0,22.0,25.0,35.0,0.0,0.0,0.0,0.0,0.0,0.0,0.0,0.0,0.0,0.0,0.0,0.0,0.0,0.0,7.0,0.0,0.0,0.0,3.0,11.0,5.0,3.0,4.0,15.0,3.0,2.0,11.0,32.0,39.0,41.0
419,1.0,419.0,London_291,dim5,151,453,1092.0,70.0,2.0,178482.0,1.7178220499772578,847.0,93.0,0.0,93.0,169.0,0.0,169.0,204.0,211.0,132.0,18.0,56.0,15.0,18.0,0.0,3.0,7.0,96.0,138.0,212.0,49.0,0.0,0.0,0.0,0.0,0.0,0.0,0.0,0.0,0.0,0.0,0.0,0.0,0.0,0.0,0.0,0.0,0.0,0.0,0.0,0.0,0.0,0.0,0.0,0.0,0.0,0.0,0.0,0.0,0.0,0.0,0.0,0.0,0.0,0.0,0.0,0.0,0.0,0.0,2.0,11.0,0.0,4.0,0.0,12.0,4.0,5.0,3.0,18.0,20.0,19.0,0.0,0.0,0.0,0.0,0.0,0.0,0.0,0.0,0.0,0.0,0.0,0.0,0.0,0.0,0.0,0.0,0.0,0.0,2.0,16.0,0.0,7.0,0.0,14.0,8.0,7.0,3.0,30.0,28.0,25.0
420,1.0,420.0,London_291,dim5,151,453,1092.0,70.0,2.0,178935.0,1.6557302998844534,848.0,138.0,2.0,136.0,251.0,19.0,232.0,169.0,221.0,131.0,9.0,46.0,17.0,25.0,3.0,1.0,5.0,91.0,134.0,223.0,46.0,0.0,0.0,0.0,0.0,0.0,0.0,0.0,0.0,0.0,1.0,0.0,1.0,0.0,0.0,0.0,0.0,0.0,0.0,1.0,0.0,0.0,0.0,0.0,0.0,0.0,0.0,0.0,0.0,1.0,0.0,0.0,1.0,0.0,1.0,1.0,0.0,0.0,0.0,2.0,13.0,0.0,0.0,0.0,21.0,4.0,3.0,6.0,26.0,26.0,32.0,0.0,0.0,0.0,0.0,0.0,0.0,0.0,0.0,1.0,0.0,0.0,3.0,0.0,7.0,3.0,0.0,0.0,0.0,2.0,17.0,0.0,0.0,0.0,27.0,5.0,3.0,8.0,40.0,37.0,42.0
421,1.0,421.0,London_291,dim5,151,453,1092.0,70.0,2.0,141789.0,0.8482665268238634,766.0,74.0,0.0,74.0,138.0,0.0,138.0,244.0,207.0,116.0,25.0,59.0,17.0,22.0,1.0,6.0,4.0,88.0,144.0,217.0,28.0,0.0,0.0,0.0,0.0,0.0,0.0,0.0,0.0,0.0,0.0,0.0,0.0,0.0,0.0,0.0,0.0,0.0,0.0,0.0,0.0,0.0,0.0,0.0,0.0,0.0,0.0,0.0,0.0,0.0,0.0,0.0,0.0,0.0,0.0,0.0,0.0,0.0,0.0,1.0,6.0,1.0,1.0,0.0,8.0,4.0,7.0,3.0,13.0,19.0,19.0,0.0,0.0,0.0,0.0,0.0,0.0,0.0,0.0,0.0,0.0,0.0,0.0,0.0,0.0,0.0,0.0,0.0,0.0,3.0,9.0,1.0,2.0,0.0,11.0,5.0,13.0,3.0,21.0,30.0,24.0
422,1.0,422.0,London_291,dim5,151,453,1092.0,70.0,2.0,144960.0,1.1783280239906162,773.0,108.0,0.0,108.0,185.0,0.0,185.0,138.0,220.0,117.0,23.0,45.0,14.0,27.0,1.0,6.0,3.0,77.0,159.0,214.0,30.0,0.0,0.0,0.0,0.0,0.0,0.0,0.0,0.0,0.0,0.0,0.0,0.0,0.0,0.0,0.0,0.0,0.0,0.0,0.0,0.0,0.0,0.0,0.0,0.0,0.0,0.0,0.0,0.0,0.0,0.0,0.0,0.0,0.0,0.0,0.0,0.0,0.0,0.0,3.0,2.0,0.0,1.0,0.0,7.0,13.0,2.0,10.0,22.0,23.0,15.0,0.0,0.0,0.0,0.0,0.0,0.0,0.0,0.0,0.0,0.0,0.0,0.0,0.0,0.0,0.0,0.0,0.0,0.0,3.0,3.0,0.0,4.0,0.0,12.0,19.0,3.0,12.0,30.0,34.0,21.0
423,1.0,423.0,London_291,dim5,151,453,1092.0,70.0,2.0,117780.0,0.9616288191173226,713.0,82.0,0.0,82.0,147.0,0.0,147.0,185.0,233.0,107.0,8.0,58.0,10.0,30.0,3.0,4.0,5.0,70.0,156.0,222.0,24.0,0.0,0.0,0.0,0.0,0.0,0.0,0.0,0.0,0.0,0.0,0.0,0.0,0.0,0.0,0.0,0.0,0.0,0.0,0.0,0.0,0.0,0.0,0.0,0.0,0.0,0.0,0.0,0.0,0.0,0.0,0.0,0.0,0.0,0.0,0.0,0.0,0.0,0.0,3.0,9.0,0.0,2.0,0.0,16.0,12.0,1.0,9.0,17.0,16.0,21.0,0.0,0.0,0.0,0.0,0.0,0.0,0.0,0.0,0.0,0.0,0.0,0.0,0.0,0.0,0.0,0.0,0.0,0.0,3.0,16.0,0.0,4.0,0.0,24.0,14.0,2.0,13.0,30.0,20.0,37.0
424,1.0,424.0,London_291,dim5,151,453,1092.0,70.0,2.0,104643.0,0.9959485318977386,684.0,32.0,2.0,30.0,65.0,18.0,47.0,147.0,239.0,107.0,12.0,44.0,14.0,29.0,4.0,4.0,11.0,79.0,156.0,207.0,34.0,0.0,0.0,0.0,0.0,0.0,0.0,0.0,0.0,0.0,0.0,0.0,0.0,0.0,0.0,0.0,0.0,0.0,0.0,0.0,0.0,0.0,0.0,0.0,0.0,0.0,0.0,0.0,0.0,0.0,0.0,0.0,0.0,1.0,0.0,1.0,0.0,0.0,0.0,2.0,1.0,0.0,0.0,0.0,7.0,3.0,3.0,4.0,8.0,7.0,11.0,0.0,0.0,0.0,0.0,0.0,0.0,0.0,0.0,0.0,0.0,0.0,0.0,6.0,0.0,2.0,0.0,0.0,0.0,2.0,4.0,0.0,0.0,0.0,8.0,3.0,3.0,5.0,12.0,8.0,14.0
425,1.0,425.0,London_291,dim5,151,453,1092.0,70.0,2.0,122763.0,0.909853806020692,724.0,70.0,0.0,70.0,129.0,0.0,129.0,65.0,233.0,110.0,12.0,44.0,14.0,32.0,3.0,5.0,6.0,83.0,146.0,218.0,37.0,0.0,0.0,0.0,0.0,0.0,0.0,0.0,0.0,0.0,0.0,0.0,0.0,0.0,0.0,0.0,0.0,0.0,0.0,0.0,0.0,0.0,0.0,0.0,0.0,0.0,0.0,0.0,0.0,0.0,0.0,0.0,0.0,0.0,0.0,0.0,0.0,0.0,0.0,2.0,2.0,0.0,3.0,2.0,6.0,7.0,3.0,14.0,17.0,16.0,14.0,0.0,0.0,0.0,0.0,0.0,0.0,0.0,0.0,0.0,0.0,0.0,0.0,0.0,0.0,0.0,0.0,0.0,0.0,2.0,2.0,0.0,4.0,2.0,7.0,12.0,3.0,16.0,23.0,27.0,18.0
426,1.0,426.0,London_291,dim5,151,453,1092.0,70.0,2.0,125028.0,0.8594381948933005,729.0,69.0,2.0,67.0,141.0,20.0,121.0,129.0,225.0,117.0,5.0,43.0,19.0,36.0,2.0,6.0,5.0,74.0,149.0,225.0,39.0,0.0,0.0,0.0,0.0,0.0,0.0,0.0,0.0,0.0,0.0,0.0,0.0,0.0,0.0,0.0,0.0,0.0,0.0,0.0,0.0,0.0,0.0,0.0,0.0,0.0,0.0,0.0,0.0,0.0,1.0,0.0,2.0,0.0,1.0,2.0,0.0,0.0,0.0,1.0,2.0,1.0,0.0,0.0,9.0,3.0,3.0,11.0,14.0,9.0,8.0,0.0,0.0,0.0,0.0,0.0,0.0,0.0,0.0,0.0,4.0,0.0,11.0,0.0,8.0,8.0,0.0,0.0,0.0,1.0,2.0,1.0,0.0,0.0,15.0,4.0,5.0,16.0,21.0,17.0,9.0
427,1.0,427.0,London_291,dim5,151,453,1092.0,70.0,2.0,133635.0,1.10903606005013,748.0,59.0,2.0,57.0,124.0,18.0,106.0,141.0,229.0,119.0,11.0,39.0,8.0,36.0,1.0,10.0,8.0,79.0,152.0,214.0,42.0,0.0,0.0,0.0,0.0,0.0,0.0,0.0,0.0,0.0,0.0,0.0,0.0,0.0,0.0,0.0,0.0,0.0,0.0,0.0,0.0,0.0,0.0,0.0,0.0,0.0,0.0,0.0,0.0,0.0,0.0,0.0,0.0,0.0,0.0,0.0,0.0,0.0,0.0,1.0,0.0,0.0,2.0,0.0,5.0,4.0,7.0,3.0,12.0,8.0,8.0,0.0,0.0,0.0,0.0,0.0,0.0,0.0,0.0,0.0,0.0,0.0,0.0,0.0,0.0,0.0,0.0,0.0,0.0,1.0,0.0,0.0,3.0,0.0,8.0,8.0,10.0,4.0,22.0,13.0,8.0
428,1.0,428.0,London_291,dim5,151,453,1092.0,70.0,2.0,146319.0,0.9263113709166646,776.0,89.0,2.0,87.0,157.0,19.0,138.0,124.0,216.0,124.0,7.0,46.0,7.0,43.0,1.0,9.0,8.0,84.0,144.0,217.0,38.0,0.0,0.0,0.0,0.0,0.0,0.0,0.0,0.0,0.0,0.0,0.0,0.0,0.0,0.0,0.0,0.0,0.0,0.0,0.0,0.0,0.0,0.0,0.0,0.0,0.0,0.0,0.0,0.0,1.0,0.0,0.0,1.0,0.0,1.0,1.0,0.0,0.0,0.0,0.0,5.0,0.0,0.0,0.0,8.0,6.0,3.0,9.0,12.0,13.0,14.0,0.0,0.0,0.0,0.0,0.0,0.0,0.0,0.0,2.0,0.0,0.0,2.0,0.0,4.0,3.0,0.0,0.0,0.0,0.0,6.0,0.0,0.0,0.0,11.0,10.0,5.0,13.0,13.0,19.0,18.0
429,1.0,429.0,London_291,dim5,151,453,1092.0,70.0,2.0,149943.0,0.8221858670003712,784.0,25.0,1.0,24.0,48.0,8.0,40.0,157.0,213.0,121.0,18.0,52.0,4.0,39.0,2.0,4.0,10.0,88.0,150.0,205.0,34.0,0.0,0.0,0.0,0.0,0.0,0.0,0.0,0.0,0.0,0.0,0.0,0.0,0.0,0.0,0.0,0.0,0.0,0.0,0.0,0.0,0.0,0.0,0.0,0.0,0.0,0.0,0.0,0.0,0.0,1.0,0.0,1.0,1.0,0.0,1.0,0.0,0.0,0.0,1.0,0.0,0.0,0.0,0.0,1.0,2.0,1.0,5.0,5.0,1.0,12.0,0.0,0.0,0.0,0.0,0.0,0.0,0.0,0.0,0.0,3.0,0.0,2.0,6.0,0.0,1.0,0.0,0.0,0.0,1.0,0.0,0.0,0.0,0.0,1.0,3.0,1.0,7.0,6.0,2.0,16.0
430,1.0,430.0,London_291,dim5,151,453,1092.0,70.0,2.0,192525.0,1.5624015871435404,878.0,33.0,0.0,33.0,56.0,0.0,56.0,48.0,213.0,124.0,15.0,54.0,4.0,39.0,0.0,4.0,10.0,81.0,163.0,199.0,34.0,0.0,0.0,0.0,0.0,0.0,0.0,0.0,0.0,0.0,0.0,0.0,0.0,0.0,0.0,0.0,0.0,0.0,0.0,0.0,0.0,0.0,0.0,0.0,0.0,0.0,0.0,0.0,0.0,0.0,0.0,0.0,0.0,0.0,0.0,0.0,0.0,0.0,0.0,2.0,1.0,0.0,0.0,0.0,4.0,4.0,0.0,8.0,6.0,9.0,5.0,0.0,0.0,0.0,0.0,0.0,0.0,0.0,0.0,0.0,0.0,0.0,0.0,0.0,0.0,0.0,0.0,0.0,0.0,2.0,2.0,0.0,0.0,0.0,4.0,7.0,0.0,10.0,9.0,15.0,6.0
431,1.0,431.0,London_291,dim5,151,453,1092.0,70.0,2.0,229671.0,2.09177255211398,960.0,133.0,2.0,131.0,234.0,17.0,217.0,56.0,209.0,133.0,9.0,54.0,4.0,43.0,0.0,1.0,10.0,84.0,155.0,204.0,35.0,0.0,0.0,0.0,0.0,0.0,0.0,0.0,0.0,0.0,0.0,0.0,0.0,0.0,0.0,0.0,0.0,0.0,0.0,0.0,0.0,0.0,0.0,0.0,0.0,0.0,0.0,0.0,0.0,0.0,1.0,0.0,0.0,0.0,1.0,1.0,0.0,0.0,0.0,2.0,10.0,5.0,0.0,6.0,16.0,3.0,2.0,15.0,31.0,23.0,13.0,0.0,0.0,0.0,0.0,0.0,0.0,0.0,0.0,0.0,5.0,0.0,0.0,0.0,8.0,2.0,0.0,0.0,0.0,2.0,12.0,5.0,0.0,7.0,21.0,4.0,2.0,18.0,42.0,36.0,15.0
432,1.0,432.0,London_291,dim5,151,453,1092.0,70.0,2.0,221970.0,1.5053271518554538,943.0,132.0,0.0,132.0,219.0,0.0,219.0,234.0,203.0,131.0,11.0,70.0,7.0,21.0,2.0,8.0,12.0,78.0,147.0,216.0,46.0,0.0,0.0,0.0,0.0,0.0,0.0,0.0,0.0,0.0,0.0,0.0,0.0,0.0,0.0,0.0,0.0,0.0,0.0,0.0,0.0,0.0,0.0,0.0,0.0,0.0,0.0,0.0,0.0,0.0,0.0,0.0,0.0,0.0,0.0,0.0,0.0,0.0,0.0,0.0,7.0,0.0,0.0,0.0,7.0,9.0,8.0,10.0,26.0,30.0,25.0,0.0,0.0,0.0,0.0,0.0,0.0,0.0,0.0,0.0,0.0,0.0,0.0,0.0,0.0,0.0,0.0,0.0,0.0,0.0,13.0,0.0,0.0,0.0,9.0,14.0,15.0,10.0,41.0,42.0,32.0
433,1.0,433.0,London_291,dim5,151,453,1092.0,70.0,2.0,211098.0,1.5410405909642577,919.0,134.0,0.0,134.0,224.0,0.0,224.0,219.0,204.0,125.0,16.0,64.0,7.0,23.0,3.0,11.0,8.0,76.0,150.0,219.0,47.0,0.0,0.0,0.0,0.0,0.0,0.0,0.0,0.0,0.0,0.0,0.0,0.0,0.0,0.0,0.0,0.0,0.0,0.0,0.0,0.0,0.0,0.0,0.0,0.0,0.0,0.0,0.0,0.0,0.0,0.0,0.0,0.0,0.0,0.0,0.0,0.0,0.0,0.0,5.0,8.0,1.0,1.0,4.0,8.0,8.0,4.0,9.0,20.0,33.0,22.0,0.0,0.0,0.0,0.0,0.0,0.0,0.0,0.0,0.0,0.0,0.0,0.0,0.0,0.0,0.0,0.0,0.0,0.0,5.0,11.0,1.0,1.0,4.0,13.0,10.0,8.0,11.0,26.0,45.0,29.0
434,1.0,434.0,London_291,dim5,151,453,1092.0,70.0,2.0,190260.0,1.1730433059856296,873.0,93.0,0.0,93.0,160.0,0.0,160.0,224.0,216.0,103.0,17.0,71.0,7.0,27.0,1.0,11.0,11.0,77.0,147.0,218.0,53.0,0.0,0.0,0.0,0.0,0.0,0.0,0.0,0.0,0.0,0.0,0.0,0.0,0.0,0.0,0.0,0.0,0.0,0.0,0.0,0.0,0.0,0.0,0.0,0.0,0.0,0.0,0.0,0.0,0.0,0.0,0.0,0.0,0.0,0.0,0.0,0.0,0.0,0.0,6.0,4.0,1.0,0.0,4.0,9.0,10.0,7.0,13.0,8.0,24.0,27.0,0.0,0.0,0.0,0.0,0.0,0.0,0.0,0.0,0.0,0.0,0.0,0.0,0.0,0.0,0.0,0.0,0.0,0.0,7.0,6.0,1.0,0.0,4.0,10.0,18.0,10.0,20.0,11.0,33.0,34.0
435,1.0,435.0,London_291,dim5,151,453,1092.0,70.0,2.0,184371.0,1.3904253819491714,860.0,177.0,0.0,177.0,288.0,0.0,288.0,160.0,221.0,108.0,7.0,72.0,6.0,25.0,3.0,11.0,14.0,77.0,156.0,206.0,52.0,0.0,0.0,0.0,0.0,0.0,0.0,0.0,0.0,0.0,0.0,0.0,0.0,0.0,0.0,0.0,0.0,0.0,0.0,0.0,0.0,0.0,0.0,0.0,0.0,0.0,0.0,0.0,0.0,0.0,0.0,0.0,0.0,0.0,0.0,0.0,0.0,0.0,0.0,2.0,15.0,5.0,1.0,2.0,8.0,6.0,5.0,6.0,31.0,39.0,30.0,0.0,0.0,0.0,0.0,0.0,0.0,0.0,0.0,0.0,0.0,0.0,0.0,0.0,0.0,0.0,0.0,0.0,0.0,5.0,23.0,5.0,1.0,2.0,9.0,7.0,6.0,8.0,50.0,59.0,41.0
436,1.0,436.0,London_291,dim5,151,453,1092.0,70.0,2.0,147678.0,1.3632201198488474,779.0,137.0,0.0,137.0,228.0,0.0,228.0,288.0,207.0,107.0,21.0,78.0,11.0,22.0,4.0,3.0,7.0,78.0,146.0,222.0,34.0,0.0,0.0,0.0,0.0,0.0,0.0,0.0,0.0,0.0,0.0,0.0,0.0,0.0,0.0,0.0,0.0,0.0,0.0,0.0,0.0,0.0,0.0,0.0,0.0,0.0,0.0,0.0,0.0,0.0,0.0,0.0,0.0,0.0,0.0,0.0,0.0,0.0,0.0,8.0,15.0,4.0,0.0,1.0,14.0,9.0,7.0,12.0,26.0,26.0,23.0,0.0,0.0,0.0,0.0,0.0,0.0,0.0,0.0,0.0,0.0,0.0,0.0,0.0,0.0,0.0,0.0,0.0,0.0,8.0,22.0,5.0,0.0,1.0,15.0,13.0,7.0,14.0,38.0,37.0,30.0
437,1.0,437.0,London_291,dim5,151,453,1092.0,70.0,2.0,122763.0,0.8191778250038624,724.0,56.0,2.0,54.0,114.0,20.0,94.0,228.0,220.0,110.0,20.0,62.0,14.0,17.0,2.0,8.0,8.0,77.0,148.0,220.0,42.0,0.0,0.0,0.0,0.0,0.0,0.0,0.0,0.0,0.0,0.0,0.0,0.0,0.0,0.0,0.0,0.0,0.0,0.0,0.0,0.0,0.0,0.0,0.0,0.0,0.0,0.0,0.0,0.0,0.0,0.0,0.0,2.0,0.0,0.0,1.0,0.0,0.0,0.0,2.0,0.0,0.0,1.0,0.0,3.0,8.0,6.0,7.0,11.0,10.0,10.0,0.0,0.0,0.0,0.0,0.0,0.0,0.0,0.0,0.0,0.0,0.0,9.0,0.0,0.0,1.0,0.0,0.0,0.0,2.0,0.0,0.0,1.0,0.0,6.0,11.0,9.0,8.0,17.0,12.0,15.0
438,1.0,438.0,London_291,dim5,151,453,1092.0,70.0,2.0,135900.0,1.0846114188898355,753.0,90.0,1.0,89.0,154.0,10.0,144.0,114.0,218.0,126.0,23.0,53.0,7.0,17.0,2.0,7.0,9.0,79.0,152.0,213.0,41.0,0.0,0.0,0.0,0.0,0.0,0.0,0.0,0.0,0.0,0.0,0.0,0.0,0.0,0.0,0.0,0.0,0.0,0.0,0.0,0.0,0.0,0.0,0.0,0.0,0.0,0.0,0.0,0.0,0.0,0.0,0.0,0.0,0.0,0.0,0.0,0.0,0.0,0.0,4.0,6.0,3.0,0.0,0.0,9.0,8.0,3.0,7.0,13.0,22.0,19.0,0.0,0.0,0.0,0.0,0.0,0.0,0.0,0.0,0.0,0.0,0.0,0.0,0.0,0.0,0.0,0.0,0.0,0.0,5.0,9.0,3.0,0.0,0.0,12.0,11.0,3.0,8.0,18.0,33.0,23.0
439,1.0,439.0,London_291,dim5,151,453,1092.0,70.0,2.0,128199.0,1.013268985087052,736.0,45.0,1.0,44.0,80.0,8.0,72.0,154.0,224.0,142.0,16.0,44.0,8.0,15.0,1.0,3.0,6.0,84.0,144.0,219.0,44.0,0.0,0.0,0.0,0.0,0.0,0.0,0.0,0.0,0.0,0.0,0.0,0.0,0.0,0.0,0.0,0.0,0.0,0.0,0.0,0.0,0.0,0.0,0.0,0.0,0.0,0.0,0.0,0.0,0.0,0.0,0.0,0.0,0.0,0.0,0.0,0.0,0.0,0.0,7.0,0.0,0.0,0.0,0.0,6.0,5.0,1.0,1.0,7.0,13.0,14.0,0.0,0.0,0.0,0.0,0.0,0.0,0.0,0.0,0.0,0.0,0.0,0.0,0.0,0.0,0.0,0.0,0.0,0.0,8.0,0.0,0.0,0.0,0.0,6.0,6.0,2.0,1.0,9.0,17.0,16.0
440,1.0,440.0,London_291,dim5,151,453,1092.0,70.0,2.0,138618.0,1.1031170019414276,759.0,9.0,2.0,7.0,31.0,18.0,13.0,80.0,221.0,146.0,17.0,36.0,10.0,20.0,1.0,2.0,6.0,93.0,141.0,213.0,46.0,0.0,0.0,0.0,0.0,0.0,0.0,0.0,0.0,0.0,0.0,0.0,0.0,0.0,0.0,0.0,0.0,0.0,0.0,0.0,0.0,0.0,0.0,0.0,0.0,0.0,0.0,0.0,0.0,0.0,0.0,0.0,0.0,1.0,1.0,2.0,0.0,0.0,0.0,2.0,0.0,0.0,1.0,0.0,0.0,2.0,0.0,0.0,2.0,1.0,1.0,0.0,0.0,0.0,0.0,0.0,0.0,0.0,0.0,0.0,0.0,0.0,0.0,8.0,5.0,5.0,0.0,0.0,0.0,3.0,0.0,0.0,4.0,0.0,0.0,2.0,0.0,0.0,2.0,1.0,2.0
441,1.0,441.0,London_291,dim5,151,453,1092.0,70.0,2.0,176217.0,1.8389397079590708,842.0,125.0,2.0,123.0,240.0,18.0,222.0,31.0,219.0,146.0,18.0,38.0,10.0,20.0,1.0,1.0,6.0,94.0,129.0,224.0,43.0,0.0,0.0,0.0,0.0,0.0,0.0,0.0,0.0,0.0,0.0,0.0,0.0,0.0,0.0,0.0,0.0,0.0,0.0,0.0,0.0,0.0,0.0,0.0,0.0,0.0,0.0,0.0,0.0,0.0,0.0,0.0,1.0,0.0,1.0,0.0,0.0,0.0,0.0,13.0,10.0,4.0,2.0,0.0,16.0,5.0,3.0,11.0,18.0,33.0,11.0,0.0,0.0,0.0,0.0,0.0,0.0,0.0,0.0,0.0,0.0,0.0,1.0,0.0,6.0,0.0,0.0,0.0,0.0,18.0,13.0,4.0,3.0,0.0,29.0,7.0,5.0,15.0,27.0,58.0,12.0
442,1.0,442.0,London_291,dim5,151,453,1092.0,70.0,2.0,153567.0,1.2004913869313896,792.0,159.0,0.0,159.0,276.0,0.0,276.0,240.0,213.0,100.0,18.0,72.0,11.0,31.0,3.0,5.0,16.0,67.0,142.0,228.0,41.0,0.0,0.0,0.0,0.0,0.0,0.0,0.0,0.0,0.0,0.0,0.0,0.0,0.0,0.0,0.0,0.0,0.0,0.0,0.0,0.0,0.0,0.0,0.0,0.0,0.0,0.0,0.0,0.0,0.0,0.0,0.0,0.0,0.0,0.0,0.0,0.0,0.0,0.0,3.0,19.0,1.0,0.0,1.0,9.0,6.0,6.0,11.0,26.0,28.0,33.0,0.0,0.0,0.0,0.0,0.0,0.0,0.0,0.0,0.0,0.0,0.0,0.0,0.0,0.0,0.0,0.0,0.0,0.0,5.0,27.0,1.0,0.0,1.0,11.0,7.0,6.0,17.0,38.0,44.0,44.0
443,1.0,443.0,London_291,dim5,151,453,1092.0,70.0,2.0,110985.0,0.6722094400320202,698.0,23.0,0.0,23.0,37.0,0.0,37.0,276.0,202.0,105.0,21.0,88.0,8.0,23.0,0.0,6.0,9.0,71.0,135.0,238.0,34.0,0.0,0.0,0.0,0.0,0.0,0.0,0.0,0.0,0.0,0.0,0.0,0.0,0.0,0.0,0.0,0.0,0.0,0.0,0.0,0.0,0.0,0.0,0.0,0.0,0.0,0.0,0.0,0.0,0.0,0.0,0.0,0.0,0.0,0.0,0.0,0.0,0.0,0.0,0.0,0.0,0.0,1.0,0.0,0.0,1.0,0.0,2.0,6.0,7.0,5.0,0.0,0.0,0.0,0.0,0.0,0.0,0.0,0.0,0.0,0.0,0.0,0.0,0.0,0.0,0.0,0.0,0.0,0.0,0.0,0.0,0.0,2.0,0.0,0.0,1.0,0.0,2.0,7.0,8.0,5.0
444,1.0,444.0,London_291,dim5,151,453,1092.0,70.0,2.0,134088.0,1.1345727301668376,749.0,69.0,2.0,67.0,131.0,16.0,115.0,37.0,205.0,105.0,20.0,81.0,7.0,27.0,1.0,7.0,10.0,71.0,137.0,235.0,36.0,0.0,0.0,0.0,0.0,0.0,0.0,0.0,0.0,0.0,0.0,0.0,0.0,0.0,0.0,0.0,0.0,0.0,0.0,0.0,0.0,0.0,0.0,0.0,0.0,0.0,0.0,0.0,0.0,0.0,0.0,0.0,0.0,0.0,0.0,1.0,0.0,0.0,0.0,4.0,1.0,0.0,1.0,0.0,3.0,2.0,3.0,8.0,16.0,9.0,19.0,0.0,0.0,0.0,0.0,0.0,0.0,0.0,0.0,0.0,0.0,0.0,0.0,0.0,0.0,4.0,0.0,0.0,0.0,5.0,1.0,0.0,1.0,0.0,5.0,2.0,3.0,12.0,22.0,15.0,27.0
445,1.0,445.0,London_291,dim5,151,453,1092.0,70.0,2.0,142695.0,1.1170576689764857,768.0,51.0,2.0,49.0,100.0,19.0,81.0,131.0,219.0,101.0,14.0,87.0,8.0,19.0,1.0,4.0,9.0,74.0,127.0,243.0,50.0,0.0,0.0,0.0,0.0,0.0,0.0,0.0,0.0,0.0,0.0,0.0,0.0,0.0,0.0,0.0,0.0,0.0,0.0,0.0,0.0,0.0,0.0,0.0,0.0,0.0,0.0,0.0,0.0,1.0,0.0,0.0,1.0,0.0,0.0,1.0,0.0,0.0,0.0,2.0,1.0,0.0,0.0,0.0,6.0,7.0,2.0,5.0,11.0,14.0,5.0,0.0,0.0,0.0,0.0,0.0,0.0,0.0,0.0,1.0,0.0,0.0,3.0,0.0,0.0,5.0,0.0,0.0,0.0,2.0,1.0,0.0,0.0,0.0,10.0,10.0,2.0,9.0,18.0,16.0,7.0
446,1.0,446.0,London_291,dim5,151,453,1092.0,70.0,2.0,152208.0,1.2786873851437122,789.0,63.0,1.0,62.0,114.0,9.0,105.0,100.0,214.0,99.0,21.0,86.0,5.0,21.0,1.0,6.0,9.0,76.0,110.0,258.0,40.0,0.0,0.0,0.0,0.0,0.0,0.0,0.0,0.0,0.0,0.0,0.0,0.0,0.0,0.0,0.0,0.0,0.0,0.0,0.0,0.0,0.0,0.0,0.0,0.0,0.0,0.0,0.0,0.0,1.0,0.0,0.0,1.0,0.0,0.0,1.0,0.0,0.0,0.0,5.0,0.0,0.0,1.0,0.0,9.0,8.0,2.0,10.0,8.0,14.0,7.0,0.0,0.0,0.0,0.0,0.0,0.0,0.0,0.0,1.0,0.0,0.0,8.0,0.0,0.0,6.0,0.0,0.0,0.0,5.0,0.0,0.0,1.0,0.0,13.0,9.0,2.0,15.0,15.0,25.0,9.0
447,1.0,447.0,London_291,dim5,151,453,1092.0,70.0,2.0,165798.0,1.2501051721628755,819.0,94.0,0.0,94.0,163.0,0.0,163.0,114.0,214.0,121.0,19.0,62.0,4.0,23.0,2.0,8.0,9.0,81.0,123.0,240.0,43.0,0.0,0.0,0.0,0.0,0.0,0.0,0.0,0.0,0.0,0.0,0.0,0.0,0.0,0.0,0.0,0.0,0.0,0.0,0.0,0.0,0.0,0.0,0.0,0.0,0.0,0.0,0.0,0.0,0.0,0.0,0.0,0.0,0.0,0.0,0.0,0.0,0.0,0.0,3.0,3.0,0.0,0.0,2.0,8.0,6.0,10.0,11.0,15.0,36.0,15.0,0.0,0.0,0.0,0.0,0.0,0.0,0.0,0.0,0.0,0.0,0.0,0.0,0.0,0.0,0.0,0.0,0.0,0.0,3.0,4.0,0.0,0.0,2.0,8.0,6.0,11.0,16.0,21.0,58.0,19.0
448,1.0,448.0,London_291,dim5,151,453,1092.0,70.0,2.0,162627.0,1.554844083962962,812.0,142.0,0.0,142.0,243.0,0.0,243.0,163.0,213.0,148.0,5.0,59.0,5.0,12.0,2.0,9.0,7.0,72.0,136.0,238.0,44.0,0.0,0.0,0.0,0.0,0.0,0.0,0.0,0.0,0.0,0.0,0.0,0.0,0.0,0.0,0.0,0.0,0.0,0.0,0.0,0.0,0.0,0.0,0.0,0.0,0.0,0.0,0.0,0.0,0.0,0.0,0.0,0.0,0.0,0.0,0.0,0.0,0.0,0.0,5.0,11.0,10.0,2.0,3.0,8.0,7.0,0.0,10.0,22.0,35.0,25.0,0.0,0.0,0.0,0.0,0.0,0.0,0.0,0.0,0.0,0.0,0.0,0.0,0.0,0.0,0.0,0.0,0.0,0.0,5.0,16.0,10.0,3.0,3.0,12.0,9.0,0.0,14.0,34.0,52.0,35.0
449,1.0,449.0,London_291,dim5,151,453,1092.0,70.0,2.0,132276.0,0.8184944740496576,745.0,69.0,0.0,69.0,133.0,0.0,133.0,243.0,207.0,137.0,18.0,62.0,7.0,17.0,1.0,4.0,8.0,73.0,147.0,225.0,46.0,0.0,0.0,0.0,0.0,0.0,0.0,0.0,0.0,0.0,0.0,0.0,0.0,0.0,0.0,0.0,0.0,0.0,0.0,0.0,0.0,0.0,0.0,0.0,0.0,0.0,0.0,0.0,0.0,0.0,0.0,0.0,0.0,0.0,0.0,0.0,0.0,0.0,0.0,2.0,3.0,0.0,2.0,0.0,8.0,8.0,5.0,6.0,10.0,16.0,27.0,0.0,0.0,0.0,0.0,0.0,0.0,0.0,0.0,0.0,0.0,0.0,0.0,0.0,0.0,0.0,0.0,0.0,0.0,2.0,6.0,0.0,5.0,0.0,10.0,11.0,8.0,10.0,15.0,25.0,38.0
450,1.0,450.0,London_291,dim5,151,453,1092.0,70.0,2.0,135447.0,1.0173713038675487,752.0,2.0,2.0,0.0,17.0,17.0,0.0,133.0,214.0,132.0,19.0,61.0,9.0,15.0,1.0,2.0,6.0,75.0,146.0,226.0,53.0,0.0,0.0,0.0,0.0,0.0,0.0,0.0,0.0,0.0,0.0,0.0,0.0,0.0,0.0,0.0,0.0,0.0,0.0,0.0,0.0,0.0,0.0,0.0,0.0,0.0,0.0,0.0,0.0,0.0,0.0,0.0,1.0,0.0,0.0,1.0,0.0,0.0,0.0,0.0,0.0,0.0,0.0,0.0,0.0,0.0,0.0,0.0,0.0,0.0,0.0,0.0,0.0,0.0,0.0,0.0,0.0,0.0,0.0,0.0,0.0,0.0,2.0,0.0,0.0,3.0,0.0,0.0,0.0,0.0,0.0,0.0,0.0,0.0,0.0,0.0,0.0,0.0,0.0,0.0,0.0
451,1.0,451.0,London_291,dim5,151,453,1092.0,70.0,2.0,176217.0,2.0115924049168825,842.0,106.0,1.0,105.0,188.0,11.0,177.0,17.0,210.0,130.0,21.0,65.0,7.0,17.0,1.0,2.0,4.0,76.0,137.0,236.0,49.0,0.0,0.0,0.0,0.0,0.0,0.0,0.0,0.0,0.0,0.0,0.0,0.0,0.0,0.0,0.0,0.0,0.0,0.0,0.0,0.0,0.0,0.0,0.0,0.0,0.0,0.0,0.0,0.0,0.0,1.0,0.0,1.0,0.0,0.0,1.0,0.0,0.0,0.0,5.0,2.0,0.0,1.0,1.0,8.0,9.0,10.0,12.0,13.0,34.0,18.0,0.0,0.0,0.0,0.0,0.0,0.0,0.0,0.0,0.0,3.0,0.0,6.0,0.0,0.0,3.0,0.0,0.0,0.0,5.0,2.0,0.0,1.0,1.0,11.0,13.0,12.0,15.0,20.0,49.0,23.0
452,1.0,452.0,London_291,dim5,151,453,1092.0,70.0,2.0,174405.0,1.8386545560788363,838.0,124.0,1.0,123.0,211.0,9.0,202.0,188.0,217.0,135.0,11.0,71.0,4.0,13.0,1.0,1.0,4.0,71.0,137.0,241.0,50.0,0.0,0.0,0.0,0.0,0.0,0.0,0.0,0.0,0.0,0.0,0.0,0.0,0.0,0.0,0.0,0.0,0.0,0.0,0.0,0.0,0.0,0.0,0.0,0.0,0.0,0.0,0.0,0.0,0.0,0.0,0.0,0.0,1.0,0.0,0.0,0.0,0.0,0.0,1.0,1.0,0.0,4.0,5.0,33.0,4.0,2.0,11.0,22.0,29.0,34.0,0.0,0.0,0.0,0.0,0.0,0.0,0.0,0.0,0.0,0.0,0.0,0.0,7.0,0.0,0.0,0.0,0.0,0.0,1.0,2.0,0.0,7.0,5.0,43.0,5.0,4.0,14.0,31.0,40.0,42.0
453,1.0,453.0,London_291,dim5,151,453,1092.0,70.0,2.0,158097.0,1.1933778629172593,802.0,72.0,0.0,72.0,133.0,0.0,133.0,211.0,238.0,126.0,17.0,43.0,3.0,19.0,1.0,6.0,7.0,75.0,147.0,224.0,32.0,0.0,0.0,0.0,0.0,0.0,0.0,0.0,0.0,0.0,0.0,0.0,0.0,0.0,0.0,0.0,0.0,0.0,0.0,0.0,0.0,0.0,0.0,0.0,0.0,0.0,0.0,0.0,0.0,0.0,0.0,0.0,0.0,0.0,0.0,0.0,0.0,0.0,0.0,1.0,10.0,0.0,1.0,2.0,5.0,2.0,7.0,11.0,17.0,20.0,13.0,0.0,0.0,0.0,0.0,0.0,0.0,0.0,0.0,0.0,0.0,0.0,0.0,0.0,0.0,0.0,0.0,0.0,0.0,1.0,15.0,0.0,1.0,2.0,7.0,3.0,12.0,17.0,28.0,28.0,20.0
454,1.0,454.0,London_291,dim5,151,453,1092.0,70.0,2.0,165798.0,1.1724460369441658,819.0,70.0,3.0,67.0,136.0,25.0,111.0,133.0,245.0,133.0,12.0,33.0,8.0,20.0,0.0,2.0,8.0,64.0,159.0,222.0,46.0,0.0,0.0,0.0,0.0,0.0,0.0,0.0,0.0,0.0,0.0,0.0,0.0,0.0,0.0,0.0,0.0,0.0,0.0,0.0,0.0,0.0,0.0,0.0,0.0,0.0,0.0,0.0,0.0,0.0,0.0,0.0,1.0,1.0,1.0,0.0,0.0,0.0,0.0,3.0,2.0,0.0,0.0,1.0,10.0,1.0,11.0,2.0,14.0,22.0,11.0,0.0,0.0,0.0,0.0,0.0,0.0,0.0,0.0,0.0,0.0,0.0,2.0,8.0,6.0,0.0,0.0,0.0,0.0,4.0,2.0,0.0,0.0,1.0,15.0,1.0,16.0,2.0,20.0,27.0,13.0
455,1.0,455.0,London_291,dim5,151,453,1092.0,70.0,2.0,168969.0,2.3272113651037216,826.0,98.0,1.0,97.0,181.0,9.0,172.0,136.0,249.0,134.0,11.0,36.0,8.0,12.0,0.0,3.0,1.0,69.0,149.0,234.0,38.0,0.0,0.0,0.0,0.0,0.0,0.0,0.0,0.0,0.0,0.0,0.0,0.0,0.0,0.0,0.0,0.0,0.0,0.0,0.0,0.0,0.0,0.0,0.0,0.0,0.0,0.0,0.0,0.0,0.0,0.0,0.0,0.0,0.0,0.0,0.0,0.0,0.0,0.0,0.0,14.0,0.0,0.0,0.0,23.0,4.0,3.0,13.0,19.0,19.0,16.0,0.0,0.0,0.0,0.0,0.0,0.0,0.0,0.0,0.0,0.0,0.0,0.0,0.0,0.0,0.0,0.0,0.0,0.0,0.0,18.0,0.0,0.0,0.0,29.0,6.0,3.0,16.0,27.0,28.0,19.0
456,1.0,456.0,London_291,dim5,151,453,1092.0,70.0,2.0,157644.0,1.577982161892578,801.0,101.0,2.0,99.0,179.0,17.0,162.0,181.0,251.0,112.0,16.0,49.0,6.0,14.0,0.0,5.0,2.0,68.0,149.0,234.0,38.0,0.0,0.0,0.0,0.0,0.0,0.0,0.0,0.0,0.0,0.0,0.0,0.0,0.0,0.0,0.0,0.0,0.0,0.0,0.0,0.0,0.0,0.0,0.0,0.0,0.0,0.0,0.0,0.0,0.0,0.0,0.0,0.0,0.0,0.0,0.0,0.0,0.0,0.0,4.0,0.0,0.0,5.0,9.0,11.0,10.0,5.0,11.0,13.0,23.0,22.0,0.0,0.0,0.0,0.0,0.0,0.0,0.0,0.0,0.0,0.0,0.0,0.0,0.0,0.0,0.0,0.0,0.0,0.0,4.0,0.0,0.0,8.0,9.0,14.0,13.0,7.0,15.0,21.0,33.0,31.0
457,1.0,457.0,London_291,dim5,151,453,1092.0,70.0,2.0,136806.0,1.4856154939625412,755.0,104.0,2.0,102.0,206.0,18.0,188.0,179.0,251.0,116.0,13.0,52.0,6.0,13.0,0.0,2.0,5.0,69.0,136.0,243.0,36.0,0.0,0.0,0.0,0.0,0.0,0.0,0.0,0.0,0.0,0.0,0.0,0.0,0.0,0.0,0.0,0.0,0.0,0.0,0.0,0.0,0.0,0.0,0.0,0.0,0.0,0.0,0.0,0.0,0.0,0.0,0.0,0.0,0.0,0.0,2.0,0.0,0.0,0.0,1.0,11.0,0.0,1.0,6.0,19.0,10.0,2.0,8.0,19.0,30.0,19.0,0.0,0.0,0.0,0.0,0.0,0.0,0.0,0.0,0.0,0.0,0.0,0.0,0.0,0.0,12.0,0.0,0.0,0.0,1.0,17.0,0.0,2.0,6.0,28.0,18.0,2.0,11.0,31.0,42.0,27.0
458,1.0,458.0,London_291,dim5,151,453,1092.0,70.0,2.0,120045.0,1.200603324919939,718.0,113.0,0.0,113.0,197.0,0.0,197.0,206.0,255.0,89.0,9.0,70.0,7.0,20.0,1.0,2.0,8.0,80.0,140.0,225.0,38.0,0.0,0.0,0.0,0.0,0.0,0.0,0.0,0.0,0.0,0.0,0.0,0.0,0.0,0.0,0.0,0.0,0.0,0.0,0.0,0.0,0.0,0.0,0.0,0.0,0.0,0.0,0.0,0.0,0.0,0.0,0.0,0.0,0.0,0.0,0.0,0.0,0.0,0.0,0.0,8.0,1.0,3.0,0.0,8.0,6.0,6.0,8.0,12.0,29.0,15.0,0.0,0.0,0.0,0.0,0.0,0.0,0.0,0.0,0.0,0.0,0.0,0.0,0.0,0.0,0.0,0.0,0.0,0.0,0.0,8.0,2.0,5.0,0.0,12.0,7.0,9.0,9.0,22.0,46.0,17.0
459,1.0,459.0,London_291,dim5,151,453,1092.0,70.0,2.0,97395.0,0.8326346129179001,668.0,99.0,0.0,99.0,172.0,0.0,172.0,197.0,249.0,79.0,11.0,68.0,7.0,32.0,1.0,6.0,6.0,68.0,158.0,221.0,37.0,0.0,0.0,0.0,0.0,0.0,0.0,0.0,0.0,0.0,0.0,0.0,0.0,0.0,0.0,0.0,0.0,0.0,0.0,0.0,0.0,0.0,0.0,0.0,0.0,0.0,0.0,0.0,0.0,0.0,0.0,0.0,0.0,0.0,0.0,0.0,0.0,0.0,0.0,3.0,20.0,0.0,2.0,1.0,6.0,4.0,5.0,9.0,22.0,20.0,21.0,0.0,0.0,0.0,0.0,0.0,0.0,0.0,0.0,0.0,0.0,0.0,0.0,0.0,0.0,0.0,0.0,0.0,0.0,4.0,29.0,0.0,3.0,1.0,9.0,5.0,6.0,15.0,30.0,33.0,25.0
460,1.0,460.0,London_291,dim5,151,453,1092.0,70.0,2.0,83805.0,0.4183065821416676,638.0,7.0,2.0,5.0,27.0,19.0,8.0,172.0,238.0,75.0,21.0,72.0,9.0,35.0,1.0,2.0,3.0,64.0,160.0,226.0,38.0,0.0,0.0,0.0,0.0,0.0,0.0,0.0,0.0,0.0,0.0,0.0,0.0,0.0,0.0,0.0,0.0,0.0,0.0,0.0,0.0,0.0,0.0,0.0,0.0,0.0,0.0,0.0,0.0,0.0,0.0,0.0,0.0,0.0,0.0,2.0,0.0,0.0,0.0,0.0,0.0,0.0,0.0,0.0,0.0,0.0,0.0,0.0,1.0,1.0,1.0,0.0,0.0,0.0,0.0,0.0,0.0,0.0,0.0,0.0,0.0,0.0,0.0,0.0,0.0,10.0,0.0,0.0,0.0,0.0,0.0,0.0,0.0,0.0,0.0,0.0,0.0,0.0,2.0,1.0,1.0
461,1.0,461.0,London_291,dim5,151,453,1092.0,70.0,2.0,113250.0,1.275370811810717,703.0,66.0,0.0,66.0,101.0,0.0,101.0,27.0,238.0,76.0,22.0,83.0,9.0,22.0,1.0,2.0,4.0,64.0,152.0,233.0,37.0,0.0,0.0,0.0,0.0,0.0,0.0,0.0,0.0,0.0,0.0,0.0,0.0,0.0,0.0,0.0,0.0,0.0,0.0,0.0,0.0,0.0,0.0,0.0,0.0,0.0,0.0,0.0,0.0,0.0,0.0,0.0,0.0,0.0,0.0,0.0,0.0,0.0,0.0,4.0,2.0,1.0,0.0,0.0,4.0,4.0,9.0,5.0,9.0,19.0,12.0,0.0,0.0,0.0,0.0,0.0,0.0,0.0,0.0,0.0,0.0,0.0,0.0,0.0,0.0,0.0,0.0,0.0,0.0,4.0,2.0,1.0,0.0,0.0,4.0,5.0,10.0,7.0,12.0,24.0,13.0
462,1.0,462.0,London_291,dim5,151,453,1092.0,70.0,2.0,125028.0,0.894388586981222,729.0,2.0,2.0,0.0,19.0,19.0,0.0,101.0,241.0,71.0,25.0,80.0,9.0,25.0,0.0,2.0,6.0,69.0,164.0,214.0,55.0,0.0,0.0,0.0,0.0,0.0,0.0,0.0,0.0,0.0,1.0,0.0,1.0,0.0,0.0,0.0,0.0,0.0,0.0,1.0,0.0,0.0,0.0,0.0,0.0,0.0,0.0,0.0,0.0,0.0,0.0,0.0,1.0,0.0,1.0,1.0,0.0,0.0,0.0,0.0,0.0,0.0,0.0,0.0,0.0,0.0,0.0,0.0,0.0,0.0,0.0,0.0,0.0,0.0,0.0,0.0,0.0,0.0,0.0,0.0,0.0,0.0,1.0,0.0,9.0,1.0,0.0,0.0,0.0,0.0,0.0,0.0,0.0,0.0,0.0,0.0,0.0,0.0,0.0,0.0,0.0
463,1.0,463.0,London_291,dim5,151,453,1092.0,70.0,2.0,164892.0,1.5570416061673313,817.0,33.0,0.0,33.0,56.0,0.0,56.0,10.0,237.0,68.0,25.0,85.0,9.0,26.0,1.0,2.0,6.0,69.0,157.0,221.0,57.0,0.0,0.0,0.0,0.0,0.0,0.0,0.0,0.0,0.0,0.0,0.0,0.0,0.0,0.0,0.0,0.0,0.0,0.0,0.0,0.0,0.0,0.0,0.0,0.0,0.0,0.0,0.0,0.0,0.0,0.0,0.0,0.0,0.0,0.0,0.0,0.0,0.0,0.0,1.0,2.0,1.0,1.0,0.0,4.0,0.0,3.0,4.0,7.0,3.0,5.0,0.0,0.0,0.0,0.0,0.0,0.0,0.0,0.0,0.0,0.0,0.0,0.0,0.0,0.0,0.0,0.0,0.0,0.0,1.0,3.0,1.0,1.0,0.0,7.0,0.0,3.0,7.0,9.0,3.0,7.0
464,1.0,464.0,London_291,dim5,151,453,1092.0,70.0,2.0,198414.0,1.778042689198628,891.0,133.0,0.0,133.0,235.0,0.0,235.0,56.0,229.0,75.0,27.0,77.0,12.0,28.0,2.0,3.0,6.0,63.0,168.0,216.0,57.0,0.0,0.0,0.0,0.0,0.0,0.0,0.0,0.0,0.0,0.0,0.0,0.0,0.0,0.0,0.0,0.0,0.0,0.0,0.0,0.0,0.0,0.0,0.0,0.0,0.0,0.0,0.0,0.0,0.0,0.0,0.0,0.0,0.0,0.0,0.0,0.0,0.0,0.0,1.0,10.0,0.0,2.0,10.0,3.0,7.0,1.0,3.0,22.0,34.0,14.0,0.0,0.0,0.0,0.0,0.0,0.0,0.0,0.0,0.0,0.0,0.0,0.0,0.0,0.0,0.0,0.0,0.0,0.0,1.0,18.0,0.0,6.0,12.0,4.0,9.0,2.0,4.0,39.0,50.0,20.0
465,1.0,465.0,London_291,dim5,151,453,1092.0,70.0,2.0,183918.0,1.251526576001197,859.0,89.0,0.0,89.0,160.0,0.0,160.0,235.0,215.0,103.0,17.0,69.0,17.0,29.0,0.0,3.0,5.0,77.0,149.0,222.0,44.0,0.0,0.0,0.0,0.0,0.0,0.0,0.0,0.0,0.0,0.0,0.0,0.0,0.0,0.0,0.0,0.0,0.0,0.0,0.0,0.0,0.0,0.0,0.0,0.0,0.0,0.0,0.0,0.0,0.0,0.0,0.0,0.0,0.0,0.0,0.0,0.0,0.0,0.0,5.0,1.0,0.0,2.0,1.0,10.0,8.0,14.0,5.0,18.0,19.0,21.0,0.0,0.0,0.0,0.0,0.0,0.0,0.0,0.0,0.0,0.0,0.0,0.0,0.0,0.0,0.0,0.0,0.0,0.0,5.0,2.0,0.0,2.0,1.0,13.0,14.0,25.0,6.0,30.0,29.0,29.0
466,1.0,466.0,London_291,dim5,151,453,1092.0,70.0,2.0,190713.0,1.3620550399646163,874.0,136.0,2.0,134.0,258.0,18.0,240.0,160.0,208.0,140.0,15.0,45.0,12.0,28.0,2.0,3.0,7.0,76.0,146.0,224.0,51.0,0.0,0.0,0.0,0.0,0.0,0.0,0.0,0.0,0.0,0.0,0.0,0.0,0.0,0.0,0.0,0.0,0.0,0.0,0.0,0.0,0.0,0.0,0.0,0.0,0.0,0.0,0.0,0.0,0.0,0.0,0.0,0.0,1.0,0.0,1.0,0.0,0.0,0.0,1.0,7.0,0.0,1.0,0.0,10.0,11.0,8.0,10.0,27.0,26.0,19.0,0.0,0.0,0.0,0.0,0.0,0.0,0.0,0.0,0.0,0.0,0.0,0.0,7.0,0.0,3.0,0.0,0.0,0.0,1.0,9.0,0.0,2.0,0.0,16.0,15.0,13.0,13.0,44.0,46.0,25.0
467,1.0,467.0,London_291,dim5,151,453,1092.0,70.0,2.0,181200.0,1.0976419339422137,853.0,87.0,0.0,87.0,148.0,0.0,148.0,258.0,196.0,102.0,14.0,89.0,10.0,32.0,0.0,10.0,4.0,70.0,138.0,241.0,40.0,0.0,0.0,0.0,0.0,0.0,0.0,0.0,0.0,0.0,0.0,0.0,0.0,0.0,0.0,0.0,0.0,0.0,0.0,0.0,0.0,0.0,0.0,0.0,0.0,0.0,0.0,0.0,0.0,0.0,0.0,0.0,0.0,0.0,0.0,0.0,0.0,0.0,0.0,3.0,2.0,2.0,1.0,0.0,4.0,11.0,4.0,8.0,16.0,24.0,17.0,0.0,0.0,0.0,0.0,0.0,0.0,0.0,0.0,0.0,0.0,0.0,0.0,0.0,0.0,0.0,0.0,0.0,0.0,4.0,3.0,2.0,1.0,0.0,6.0,14.0,7.0,12.0,21.0,33.0,22.0
468,1.0,468.0,London_291,dim5,151,453,1092.0,70.0,2.0,185730.0,1.20433712285012,863.0,94.0,2.0,92.0,180.0,20.0,160.0,148.0,203.0,104.0,17.0,76.0,9.0,34.0,0.0,10.0,3.0,70.0,147.0,233.0,49.0,0.0,0.0,0.0,0.0,0.0,0.0,0.0,0.0,0.0,0.0,0.0,0.0,0.0,0.0,0.0,0.0,0.0,0.0,0.0,0.0,0.0,0.0,0.0,0.0,0.0,0.0,0.0,0.0,0.0,1.0,0.0,2.0,0.0,1.0,2.0,0.0,0.0,0.0,0.0,0.0,1.0,1.0,2.0,7.0,12.0,4.0,6.0,13.0,19.0,19.0,0.0,0.0,0.0,0.0,0.0,0.0,0.0,0.0,0.0,1.0,0.0,7.0,0.0,6.0,9.0,0.0,0.0,0.0,0.0,0.0,1.0,1.0,2.0,8.0,16.0,5.0,8.0,17.0,28.0,22.0
469,1.0,469.0,London_291,dim5,151,453,1092.0,70.0,2.0,183012.0,1.0202464580070227,857.0,10.0,2.0,8.0,28.0,18.0,10.0,180.0,203.0,130.0,27.0,53.0,3.0,27.0,0.0,10.0,4.0,73.0,146.0,230.0,48.0,0.0,0.0,0.0,0.0,0.0,0.0,0.0,0.0,0.0,0.0,0.0,0.0,0.0,0.0,0.0,0.0,0.0,0.0,0.0,0.0,0.0,0.0,0.0,0.0,0.0,0.0,0.0,0.0,0.0,0.0,0.0,0.0,0.0,0.0,0.0,0.0,0.0,0.0,0.0,1.0,0.0,0.0,0.0,1.0,1.0,1.0,0.0,2.0,2.0,2.0,0.0,0.0,0.0,0.0,0.0,0.0,0.0,0.0,0.0,0.0,0.0,0.0,0.0,0.0,0.0,0.0,0.0,0.0,0.0,2.0,0.0,0.0,0.0,1.0,2.0,1.0,0.0,3.0,3.0,3.0
470,1.0,470.0,London_291,dim5,151,453,1092.0,70.0,2.0,226500.0,2.1602173019200563,953.0,191.0,2.0,189.0,336.0,19.0,317.0,28.0,194.0,134.0,28.0,55.0,3.0,28.0,1.0,10.0,4.0,74.0,139.0,236.0,44.0,0.0,0.0,0.0,0.0,0.0,0.0,0.0,0.0,0.0,0.0,0.0,0.0,0.0,0.0,0.0,0.0,0.0,0.0,0.0,0.0,0.0,0.0,0.0,0.0,0.0,0.0,0.0,0.0,1.0,0.0,0.0,1.0,0.0,1.0,1.0,0.0,0.0,0.0,3.0,7.0,0.0,3.0,1.0,19.0,14.0,7.0,18.0,36.0,47.0,26.0,0.0,0.0,0.0,0.0,0.0,0.0,0.0,0.0,1.0,0.0,0.0,6.0,0.0,7.0,4.0,0.0,0.0,0.0,4.0,9.0,0.0,4.0,1.0,24.0,17.0,11.0,18.0,57.0,65.0,33.0
471,1.0,471.0,London_291,dim5,151,453,1092.0,70.0,2.0,168063.0,0.8164995319675654,824.0,195.0,1.0,194.0,330.0,8.0,322.0,336.0,155.0,123.0,18.0,113.0,7.0,27.0,2.0,8.0,6.0,75.0,143.0,229.0,52.0,0.0,0.0,0.0,0.0,0.0,0.0,0.0,0.0,0.0,0.0,0.0,0.0,0.0,0.0,0.0,0.0,0.0,0.0,0.0,0.0,0.0,0.0,0.0,0.0,0.0,0.0,0.0,0.0,0.0,1.0,0.0,1.0,1.0,0.0,0.0,0.0,0.0,0.0,7.0,19.0,0.0,3.0,7.0,14.0,15.0,8.0,16.0,35.0,51.0,32.0,0.0,0.0,0.0,0.0,0.0,0.0,0.0,0.0,0.0,3.0,0.0,2.0,4.0,0.0,0.0,0.0,0.0,0.0,8.0,28.0,0.0,6.0,7.0,16.0,23.0,12.0,25.0,51.0,65.0,39.0
472,1.0,472.0,London_291,dim5,151,453,1092.0,70.0,2.0,111891.0,0.46563251106999815,700.0,54.0,0.0,54.0,89.0,0.0,89.0,330.0,164.0,115.0,19.0,117.0,9.0,21.0,1.0,7.0,5.0,73.0,163.0,212.0,46.0,0.0,0.0,0.0,0.0,0.0,0.0,0.0,0.0,0.0,0.0,0.0,0.0,0.0,0.0,0.0,0.0,0.0,0.0,0.0,0.0,0.0,0.0,0.0,0.0,0.0,0.0,0.0,0.0,0.0,0.0,0.0,0.0,0.0,0.0,0.0,0.0,0.0,0.0,2.0,1.0,0.0,0.0,0.0,3.0,4.0,1.0,2.0,12.0,12.0,9.0,0.0,0.0,0.0,0.0,0.0,0.0,0.0,0.0,0.0,0.0,0.0,0.0,0.0,0.0,0.0,0.0,0.0,0.0,2.0,2.0,0.0,0.0,0.0,6.0,5.0,1.0,5.0,17.0,21.0,12.0
473,1.0,473.0,London_291,dim5,151,453,1092.0,70.0,2.0,115968.0,0.6894418830052018,709.0,98.0,2.0,96.0,177.0,17.0,160.0,89.0,174.0,116.0,8.0,107.0,11.0,33.0,1.0,3.0,6.0,78.0,165.0,204.0,53.0,0.0,0.0,0.0,0.0,0.0,0.0,0.0,0.0,0.0,0.0,0.0,0.0,0.0,0.0,0.0,0.0,0.0,0.0,0.0,0.0,0.0,0.0,0.0,0.0,0.0,0.0,0.0,0.0,0.0,1.0,0.0,0.0,0.0,1.0,1.0,0.0,0.0,0.0,3.0,0.0,3.0,2.0,0.0,4.0,8.0,5.0,7.0,16.0,33.0,17.0,0.0,0.0,0.0,0.0,0.0,0.0,0.0,0.0,0.0,4.0,0.0,0.0,0.0,6.0,2.0,0.0,0.0,0.0,3.0,0.0,4.0,2.0,0.0,4.0,12.0,8.0,7.0,23.0,43.0,20.0
474,1.0,474.0,London_291,dim5,151,453,1092.0,70.0,2.0,105549.0,0.7631442220881581,686.0,36.0,0.0,36.0,68.0,0.0,68.0,177.0,172.0,111.0,13.0,113.0,12.0,29.0,1.0,2.0,8.0,76.0,168.0,201.0,61.0,0.0,0.0,0.0,0.0,0.0,0.0,0.0,0.0,0.0,0.0,0.0,0.0,0.0,0.0,0.0,0.0,0.0,0.0,0.0,0.0,0.0,0.0,0.0,0.0,0.0,0.0,0.0,0.0,0.0,0.0,0.0,0.0,0.0,0.0,0.0,0.0,0.0,0.0,1.0,1.0,0.0,0.0,0.0,4.0,1.0,2.0,5.0,3.0,14.0,8.0,0.0,0.0,0.0,0.0,0.0,0.0,0.0,0.0,0.0,0.0,0.0,0.0,0.0,0.0,0.0,0.0,0.0,0.0,1.0,1.0,0.0,0.0,0.0,5.0,1.0,2.0,8.0,7.0,23.0,11.0
475,1.0,475.0,London_291,dim5,151,453,1092.0,70.0,2.0,124575.0,0.8030789738986641,728.0,20.0,0.0,20.0,33.0,0.0,33.0,68.0,173.0,110.0,17.0,110.0,10.0,30.0,0.0,3.0,8.0,78.0,166.0,201.0,62.0,0.0,0.0,0.0,0.0,0.0,0.0,0.0,0.0,0.0,0.0,0.0,0.0,0.0,0.0,0.0,0.0,0.0,0.0,0.0,0.0,0.0,0.0,0.0,0.0,0.0,0.0,0.0,0.0,0.0,0.0,0.0,0.0,0.0,0.0,0.0,0.0,0.0,0.0,1.0,0.0,0.0,0.0,0.0,2.0,3.0,0.0,1.0,5.0,5.0,7.0,0.0,0.0,0.0,0.0,0.0,0.0,0.0,0.0,0.0,0.0,0.0,0.0,0.0,0.0,0.0,0.0,0.0,0.0,1.0,0.0,0.0,0.0,0.0,4.0,4.0,0.0,2.0,10.0,7.0,9.0
476,1.0,476.0,London_291,dim5,151,453,1092.0,70.0,2.0,151302.0,1.1800277419388294,787.0,89.0,0.0,89.0,152.0,0.0,152.0,33.0,169.0,110.0,19.0,113.0,10.0,29.0,0.0,3.0,9.0,76.0,169.0,199.0,64.0,0.0,0.0,0.0,0.0,0.0,0.0,0.0,0.0,0.0,0.0,0.0,0.0,0.0,0.0,0.0,0.0,0.0,0.0,0.0,0.0,0.0,0.0,0.0,0.0,0.0,0.0,0.0,0.0,0.0,0.0,0.0,0.0,0.0,0.0,0.0,0.0,0.0,0.0,2.0,1.0,0.0,1.0,1.0,7.0,4.0,9.0,8.0,17.0,16.0,19.0,0.0,0.0,0.0,0.0,0.0,0.0,0.0,0.0,0.0,0.0,0.0,0.0,0.0,0.0,0.0,0.0,0.0,0.0,2.0,1.0,0.0,1.0,2.0,9.0,6.0,14.0,9.0,28.0,22.0,23.0
477,1.0,477.0,London_291,dim5,151,453,1092.0,70.0,2.0,154020.0,1.0860632990952581,793.0,46.0,0.0,46.0,86.0,0.0,86.0,152.0,177.0,136.0,12.0,82.0,9.0,29.0,1.0,7.0,6.0,69.0,176.0,202.0,57.0,0.0,0.0,0.0,0.0,0.0,0.0,0.0,0.0,0.0,0.0,0.0,0.0,0.0,0.0,0.0,0.0,0.0,0.0,0.0,0.0,0.0,0.0,0.0,0.0,0.0,0.0,0.0,0.0,0.0,0.0,0.0,0.0,0.0,0.0,0.0,0.0,0.0,0.0,3.0,2.0,1.0,0.0,0.0,5.0,1.0,4.0,7.0,12.0,8.0,11.0,0.0,0.0,0.0,0.0,0.0,0.0,0.0,0.0,0.0,0.0,0.0,0.0,0.0,0.0,0.0,0.0,0.0,0.0,4.0,4.0,1.0,0.0,0.0,5.0,1.0,4.0,9.0,19.0,9.0,15.0
478,1.0,478.0,London_291,dim5,151,453,1092.0,70.0,2.0,176217.0,1.3920501437969506,842.0,106.0,0.0,106.0,180.0,0.0,180.0,86.0,180.0,130.0,12.0,79.0,9.0,35.0,0.0,8.0,4.0,71.0,167.0,211.0,57.0,0.0,0.0,0.0,0.0,0.0,0.0,0.0,0.0,0.0,0.0,0.0,0.0,0.0,0.0,0.0,0.0,0.0,0.0,0.0,0.0,0.0,0.0,0.0,0.0,0.0,0.0,0.0,0.0,0.0,0.0,0.0,0.0,0.0,0.0,0.0,0.0,0.0,0.0,3.0,1.0,2.0,1.0,3.0,9.0,9.0,8.0,16.0,24.0,30.0,15.0,0.0,0.0,0.0,0.0,0.0,0.0,0.0,0.0,0.0,0.0,0.0,0.0,0.0,0.0,0.0,0.0,0.0,0.0,3.0,2.0,2.0,1.0,4.0,11.0,13.0,10.0,20.0,33.0,47.0,20.0
479,1.0,479.0,London_291,dim5,151,453,1092.0,70.0,2.0,166704.0,1.155253964010626,821.0,86.0,2.0,84.0,163.0,20.0,143.0,180.0,196.0,128.0,18.0,62.0,7.0,35.0,1.0,6.0,4.0,70.0,165.0,214.0,43.0,0.0,0.0,0.0,0.0,0.0,0.0,0.0,0.0,0.0,0.0,0.0,0.0,0.0,0.0,0.0,0.0,0.0,0.0,0.0,0.0,0.0,0.0,0.0,0.0,0.0,0.0,0.0,0.0,0.0,0.0,0.0,2.0,0.0,0.0,1.0,0.0,0.0,0.0,1.0,6.0,16.0,0.0,0.0,3.0,7.0,2.0,12.0,17.0,24.0,18.0,0.0,0.0,0.0,0.0,0.0,0.0,0.0,0.0,0.0,0.0,0.0,6.0,0.0,0.0,4.0,0.0,0.0,0.0,1.0,6.0,18.0,0.0,0.0,3.0,8.0,3.0,16.0,28.0,36.0,21.0
480,1.0,480.0,London_291,dim5,151,453,1092.0,70.0,2.0,165345.0,1.3990082750096917,818.0,116.0,1.0,115.0,208.0,10.0,198.0,163.0,205.0,149.0,14.0,47.0,4.0,29.0,1.0,4.0,7.0,78.0,148.0,220.0,50.0,0.0,0.0,0.0,0.0,0.0,0.0,0.0,0.0,0.0,0.0,0.0,0.0,0.0,0.0,0.0,0.0,0.0,0.0,0.0,0.0,0.0,0.0,0.0,0.0,0.0,0.0,0.0,0.0,0.0,0.0,0.0,0.0,0.0,0.0,0.0,0.0,0.0,0.0,4.0,8.0,0.0,0.0,0.0,3.0,9.0,6.0,25.0,27.0,25.0,32.0,0.0,0.0,0.0,0.0,0.0,0.0,0.0,0.0,0.0,0.0,0.0,0.0,0.0,0.0,0.0,0.0,0.0,0.0,4.0,11.0,0.0,0.0,0.0,4.0,13.0,8.0,33.0,46.0,40.0,44.0
481,1.0,481.0,London_291,dim5,151,453,1092.0,70.0,2.0,147678.0,1.2407777989283204,779.0,103.0,1.0,102.0,190.0,8.0,182.0,208.0,200.0,133.0,19.0,62.0,9.0,29.0,1.0,0.0,5.0,80.0,145.0,223.0,49.0,0.0,0.0,0.0,0.0,0.0,0.0,0.0,0.0,0.0,0.0,0.0,0.0,0.0,0.0,0.0,0.0,0.0,0.0,0.0,0.0,0.0,0.0,0.0,0.0,0.0,0.0,0.0,0.0,0.0,0.0,0.0,0.0,0.0,0.0,1.0,0.0,0.0,0.0,6.0,7.0,2.0,1.0,1.0,9.0,10.0,3.0,13.0,17.0,26.0,25.0,0.0,0.0,0.0,0.0,0.0,0.0,0.0,0.0,0.0,0.0,0.0,0.0,0.0,0.0,4.0,0.0,0.0,0.0,8.0,11.0,3.0,1.0,1.0,13.0,14.0,4.0,20.0,29.0,40.0,32.0
482,1.0,482.0,London_291,dim5,151,453,1092.0,70.0,2.0,137712.0,1.0023644850589335,757.0,34.0,2.0,32.0,78.0,18.0,60.0,190.0,219.0,137.0,12.0,57.0,8.0,18.0,1.0,1.0,6.0,79.0,144.0,224.0,45.0,0.0,0.0,0.0,0.0,0.0,0.0,0.0,0.0,0.0,0.0,0.0,0.0,0.0,0.0,0.0,0.0,0.0,0.0,0.0,0.0,0.0,0.0,0.0,0.0,0.0,0.0,0.0,0.0,0.0,0.0,0.0,0.0,1.0,1.0,0.0,0.0,0.0,0.0,1.0,0.0,0.0,0.0,0.0,5.0,5.0,4.0,7.0,8.0,7.0,8.0,0.0,0.0,0.0,0.0,0.0,0.0,0.0,0.0,0.0,0.0,0.0,0.0,5.0,6.0,0.0,0.0,0.0,0.0,1.0,0.0,0.0,0.0,0.0,8.0,7.0,6.0,9.0,12.0,10.0,10.0
483,1.0,483.0,London_291,dim5,151,453,1092.0,70.0,2.0,159456.0,1.26346316607669,805.0,194.0,2.0,192.0,347.0,18.0,329.0,78.0,217.0,136.0,15.0,63.0,4.0,16.0,1.0,1.0,8.0,91.0,125.0,229.0,48.0,0.0,0.0,0.0,0.0,0.0,0.0,0.0,0.0,0.0,0.0,0.0,0.0,0.0,0.0,0.0,0.0,0.0,0.0,0.0,0.0,0.0,0.0,0.0,0.0,0.0,0.0,0.0,0.0,0.0,0.0,0.0,0.0,0.0,1.0,0.0,0.0,0.0,0.0,1.0,8.0,1.0,2.0,3.0,14.0,2.0,1.0,14.0,38.0,46.0,9.0,0.0,0.0,0.0,0.0,0.0,0.0,0.0,0.0,0.0,0.0,0.0,0.0,0.0,6.0,0.0,0.0,0.0,0.0,1.0,9.0,1.0,4.0,4.0,19.0,4.0,1.0,19.0,53.0,66.0,9.0
484,1.0,484.0,London_291,dim5,151,453,1092.0,70.0,2.0,94677.0,0.43726348294876516,662.0,38.0,0.0,38.0,67.0,0.0,67.0,347.0,149.0,119.0,20.0,110.0,9.0,35.0,1.0,10.0,7.0,80.0,155.0,211.0,42.0,0.0,0.0,0.0,0.0,0.0,0.0,0.0,0.0,0.0,0.0,0.0,0.0,0.0,0.0,0.0,0.0,0.0,0.0,0.0,0.0,0.0,0.0,0.0,0.0,0.0,0.0,0.0,0.0,0.0,0.0,0.0,0.0,0.0,0.0,0.0,0.0,0.0,0.0,1.0,7.0,0.0,1.0,0.0,4.0,2.0,0.0,3.0,7.0,6.0,6.0,0.0,0.0,0.0,0.0,0.0,0.0,0.0,0.0,0.0,0.0,0.0,0.0,0.0,0.0,0.0,0.0,0.0,0.0,1.0,9.0,0.0,2.0,0.0,7.0,2.0,0.0,4.0,9.0,9.0,8.0
485,1.0,485.0,London_291,dim5,151,453,1092.0,70.0,2.0,104643.0,0.5155570150818676,684.0,0.0,0.0,0.0,0.0,0.0,0.0,67.0,154.0,125.0,18.0,95.0,11.0,37.0,1.0,12.0,7.0,82.0,164.0,200.0,49.0,0.0,0.0,0.0,0.0,0.0,0.0,0.0,0.0,0.0,0.0,0.0,0.0,0.0,0.0,0.0,0.0,0.0,0.0,0.0,0.0,0.0,0.0,0.0,0.0,0.0,0.0,0.0,0.0,0.0,0.0,0.0,0.0,0.0,0.0,0.0,0.0,0.0,0.0,0.0,0.0,0.0,0.0,0.0,0.0,0.0,0.0,0.0,0.0,0.0,0.0,0.0,0.0,0.0,0.0,0.0,0.0,0.0,0.0,0.0,0.0,0.0,0.0,0.0,0.0,0.0,0.0,0.0,0.0,0.0,0.0,0.0,0.0,0.0,0.0,0.0,0.0,0.0,0.0,0.0,0.0
486,1.0,486.0,London_291,dim5,151,453,1092.0,70.0,2.0,135900.0,0.7705149899702519,753.0,26.0,2.0,24.0,62.0,16.0,46.0,0.0,154.0,125.0,18.0,95.0,11.0,37.0,1.0,12.0,7.0,82.0,164.0,200.0,49.0,0.0,0.0,0.0,0.0,0.0,0.0,0.0,0.0,0.0,0.0,0.0,0.0,0.0,0.0,0.0,0.0,0.0,0.0,0.0,0.0,0.0,0.0,0.0,0.0,0.0,0.0,0.0,0.0,0.0,0.0,0.0,0.0,0.0,0.0,0.0,0.0,0.0,0.0,3.0,2.0,0.0,0.0,0.0,4.0,1.0,2.0,5.0,4.0,2.0,3.0,0.0,0.0,0.0,0.0,0.0,0.0,0.0,0.0,0.0,0.0,0.0,0.0,0.0,0.0,0.0,0.0,0.0,0.0,3.0,2.0,0.0,0.0,0.0,6.0,2.0,2.0,8.0,6.0,3.0,7.0
487,1.0,487.0,London_291,dim5,151,453,1092.0,70.0,2.0,166251.0,1.3417913031298667,820.0,137.0,2.0,135.0,252.0,19.0,233.0,62.0,154.0,126.0,16.0,108.0,12.0,28.0,1.0,8.0,6.0,93.0,147.0,207.0,51.0,0.0,0.0,0.0,0.0,0.0,0.0,0.0,0.0,0.0,0.0,0.0,0.0,0.0,0.0,0.0,0.0,0.0,0.0,0.0,0.0,0.0,0.0,0.0,0.0,0.0,0.0,0.0,0.0,0.0,0.0,0.0,0.0,0.0,0.0,1.0,0.0,0.0,0.0,6.0,12.0,0.0,6.0,0.0,16.0,7.0,7.0,12.0,23.0,34.0,20.0,0.0,0.0,0.0,0.0,0.0,0.0,0.0,0.0,0.0,0.0,0.0,0.0,0.0,0.0,2.0,0.0,0.0,0.0,6.0,15.0,0.0,10.0,0.0,19.0,11.0,10.0,14.0,30.0,54.0,27.0
488,1.0,488.0,London_291,dim5,151,453,1092.0,70.0,2.0,140883.0,0.8509210760239512,764.0,90.0,1.0,89.0,163.0,9.0,154.0,252.0,161.0,135.0,18.0,87.0,5.0,36.0,0.0,11.0,4.0,71.0,156.0,222.0,47.0,0.0,0.0,0.0,0.0,0.0,0.0,0.0,0.0,0.0,0.0,0.0,0.0,0.0,0.0,0.0,0.0,0.0,0.0,0.0,0.0,0.0,0.0,0.0,0.0,0.0,0.0,0.0,0.0,1.0,0.0,0.0,1.0,0.0,0.0,1.0,0.0,0.0,0.0,3.0,6.0,0.0,1.0,0.0,9.0,8.0,2.0,15.0,20.0,19.0,23.0,0.0,0.0,0.0,0.0,0.0,0.0,0.0,0.0,1.0,0.0,0.0,6.0,0.0,0.0,7.0,0.0,0.0,0.0,3.0,8.0,0.0,1.0,0.0,12.0,9.0,2.0,19.0,29.0,22.0,31.0
489,1.0,489.0,London_291,dim5,151,453,1092.0,70.0,2.0,138165.0,1.141344113042578,758.0,102.0,0.0,102.0,170.0,0.0,170.0,163.0,176.0,153.0,8.0,63.0,3.0,44.0,1.0,5.0,5.0,80.0,136.0,232.0,42.0,0.0,0.0,0.0,0.0,0.0,0.0,0.0,0.0,0.0,0.0,0.0,0.0,0.0,0.0,0.0,0.0,0.0,0.0,0.0,0.0,0.0,0.0,0.0,0.0,0.0,0.0,0.0,0.0,0.0,0.0,0.0,0.0,0.0,0.0,0.0,0.0,0.0,0.0,0.0,9.0,1.0,2.0,6.0,3.0,12.0,3.0,11.0,19.0,24.0,14.0,0.0,0.0,0.0,0.0,0.0,0.0,0.0,0.0,0.0,0.0,0.0,0.0,0.0,0.0,0.0,0.0,0.0,0.0,0.0,12.0,1.0,2.0,7.0,4.0,18.0,4.0,13.0,28.0,36.0,15.0
490,1.0,490.0,London_291,dim5,151,453,1092.0,70.0,2.0,131370.0,0.7213039419148117,743.0,32.0,0.0,32.0,56.0,0.0,56.0,170.0,169.0,162.0,11.0,55.0,5.0,42.0,2.0,7.0,8.0,78.0,124.0,243.0,46.0,0.0,0.0,0.0,0.0,0.0,0.0,0.0,0.0,0.0,0.0,0.0,0.0,0.0,0.0,0.0,0.0,0.0,0.0,0.0,0.0,0.0,0.0,0.0,0.0,0.0,0.0,0.0,0.0,0.0,0.0,0.0,0.0,0.0,0.0,0.0,0.0,0.0,0.0,0.0,1.0,0.0,0.0,1.0,3.0,7.0,1.0,8.0,5.0,4.0,7.0,0.0,0.0,0.0,0.0,0.0,0.0,0.0,0.0,0.0,0.0,0.0,0.0,0.0,0.0,0.0,0.0,0.0,0.0,0.0,1.0,0.0,0.0,1.0,6.0,7.0,1.0,10.0,6.0,7.0,9.0
491,1.0,491.0,London_291,dim5,151,453,1092.0,70.0,2.0,164439.0,1.1221672410611063,816.0,70.0,0.0,70.0,115.0,0.0,115.0,56.0,163.0,172.0,12.0,50.0,5.0,43.0,1.0,7.0,7.0,81.0,134.0,231.0,49.0,0.0,0.0,0.0,0.0,0.0,0.0,0.0,0.0,0.0,0.0,0.0,0.0,0.0,0.0,0.0,0.0,0.0,0.0,0.0,0.0,0.0,0.0,0.0,0.0,0.0,0.0,0.0,0.0,0.0,0.0,0.0,0.0,0.0,0.0,0.0,0.0,0.0,0.0,0.0,12.0,1.0,0.0,0.0,11.0,9.0,3.0,4.0,12.0,14.0,15.0,0.0,0.0,0.0,0.0,0.0,0.0,0.0,0.0,0.0,0.0,0.0,0.0,0.0,0.0,0.0,0.0,0.0,0.0,0.0,19.0,2.0,0.0,0.0,14.0,12.0,3.0,6.0,18.0,19.0,17.0
492,1.0,492.0,London_291,dim5,151,453,1092.0,70.0,2.0,173046.0,1.2270666169933975,835.0,41.0,2.0,39.0,81.0,17.0,64.0,115.0,177.0,183.0,10.0,25.0,6.0,46.0,0.0,6.0,5.0,77.0,153.0,218.0,49.0,0.0,0.0,0.0,0.0,0.0,0.0,0.0,0.0,0.0,0.0,0.0,0.0,0.0,0.0,0.0,0.0,0.0,0.0,0.0,0.0,0.0,0.0,0.0,0.0,0.0,0.0,0.0,0.0,0.0,0.0,0.0,1.0,0.0,0.0,1.0,0.0,0.0,0.0,3.0,1.0,1.0,1.0,0.0,9.0,2.0,3.0,2.0,4.0,11.0,7.0,0.0,0.0,0.0,0.0,0.0,0.0,0.0,0.0,0.0,0.0,0.0,3.0,0.0,0.0,2.0,0.0,0.0,0.0,3.0,1.0,1.0,1.0,0.0,13.0,4.0,5.0,2.0,6.0,13.0,9.0
493,1.0,493.0,London_291,dim5,151,453,1092.0,70.0,2.0,196602.0,1.1429589849431068,887.0,185.0,1.0,184.0,332.0,11.0,321.0,81.0,178.0,185.0,7.0,30.0,7.0,40.0,0.0,6.0,4.0,73.0,156.0,220.0,39.0,0.0,0.0,0.0,0.0,0.0,0.0,0.0,0.0,0.0,0.0,0.0,0.0,0.0,0.0,0.0,0.0,0.0,0.0,0.0,0.0,0.0,0.0,0.0,0.0,0.0,0.0,0.0,0.0,0.0,1.0,0.0,1.0,0.0,0.0,1.0,0.0,0.0,0.0,2.0,3.0,0.0,5.0,1.0,5.0,15.0,0.0,17.0,35.0,45.0,22.0,0.0,0.0,0.0,0.0,0.0,0.0,0.0,0.0,0.0,1.0,0.0,1.0,0.0,0.0,7.0,0.0,0.0,0.0,2.0,3.0,0.0,5.0,1.0,5.0,26.0,0.0,25.0,51.0,67.0,28.0
494,1.0,494.0,London_291,dim5,151,453,1092.0,70.0,2.0,161721.0,0.6388222959358245,810.0,25.0,1.0,24.0,44.0,9.0,35.0,332.0,145.0,131.0,20.0,95.0,10.0,39.0,0.0,13.0,12.0,61.0,168.0,212.0,44.0,0.0,0.0,0.0,0.0,0.0,0.0,0.0,0.0,0.0,0.0,0.0,0.0,0.0,0.0,0.0,0.0,0.0,0.0,0.0,0.0,0.0,0.0,0.0,0.0,0.0,0.0,0.0,0.0,0.0,0.0,0.0,0.0,1.0,0.0,1.0,0.0,0.0,0.0,0.0,2.0,2.0,0.0,0.0,4.0,0.0,1.0,3.0,5.0,3.0,3.0,0.0,0.0,0.0,0.0,0.0,0.0,0.0,0.0,0.0,0.0,0.0,0.0,7.0,0.0,4.0,0.0,0.0,0.0,0.0,4.0,2.0,0.0,0.0,4.0,0.0,2.0,4.0,5.0,4.0,4.0
495,1.0,495.0,London_291,dim5,151,453,1092.0,70.0,2.0,191166.0,1.0733411340042949,875.0,156.0,0.0,156.0,277.0,0.0,277.0,44.0,147.0,134.0,21.0,84.0,14.0,42.0,0.0,11.0,8.0,64.0,170.0,211.0,41.0,0.0,0.0,0.0,0.0,0.0,0.0,0.0,0.0,0.0,0.0,0.0,0.0,0.0,0.0,0.0,0.0,0.0,0.0,0.0,0.0,0.0,0.0,0.0,0.0,0.0,0.0,0.0,0.0,0.0,0.0,0.0,0.0,0.0,0.0,0.0,0.0,0.0,0.0,3.0,2.0,0.0,4.0,0.0,4.0,18.0,5.0,13.0,18.0,43.0,15.0,0.0,0.0,0.0,0.0,0.0,0.0,0.0,0.0,0.0,0.0,0.0,0.0,0.0,0.0,0.0,0.0,0.0,0.0,4.0,3.0,0.0,7.0,0.0,5.0,24.0,8.0,19.0,31.0,64.0,18.0
496,1.0,496.0,London_291,dim5,151,453,1092.0,70.0,2.0,166251.0,0.9651410519145429,820.0,76.0,3.0,73.0,156.0,25.0,131.0,277.0,164.0,135.0,21.0,71.0,14.0,39.0,2.0,7.0,8.0,74.0,170.0,201.0,54.0,0.0,0.0,0.0,0.0,0.0,0.0,0.0,0.0,0.0,0.0,0.0,0.0,0.0,0.0,0.0,0.0,0.0,0.0,0.0,0.0,0.0,0.0,0.0,0.0,0.0,0.0,0.0,0.0,0.0,0.0,0.0,1.0,1.0,1.0,1.0,0.0,0.0,0.0,1.0,6.0,1.0,0.0,0.0,3.0,1.0,3.0,9.0,17.0,13.0,21.0,0.0,0.0,0.0,0.0,0.0,0.0,0.0,0.0,0.0,0.0,0.0,3.0,6.0,8.0,2.0,0.0,0.0,0.0,2.0,10.0,1.0,0.0,0.0,5.0,1.0,6.0,14.0,26.0,22.0,30.0
497,1.0,497.0,London_291,dim5,151,453,1092.0,70.0,2.0,177576.0,1.2862619368825108,845.0,108.0,1.0,107.0,197.0,9.0,188.0,156.0,178.0,154.0,8.0,53.0,12.0,42.0,0.0,6.0,7.0,65.0,155.0,226.0,51.0,0.0,0.0,0.0,0.0,0.0,0.0,0.0,0.0,0.0,0.0,0.0,0.0,0.0,0.0,0.0,0.0,0.0,0.0,0.0,0.0,0.0,0.0,0.0,0.0,0.0,0.0,0.0,0.0,0.0,0.0,0.0,0.0,0.0,0.0,0.0,0.0,0.0,0.0,6.0,2.0,0.0,3.0,0.0,11.0,9.0,8.0,5.0,12.0,30.0,20.0,0.0,0.0,0.0,0.0,0.0,0.0,0.0,0.0,0.0,0.0,0.0,0.0,0.0,0.0,0.0,0.0,0.0,0.0,8.0,3.0,0.0,4.0,0.0,19.0,11.0,8.0,6.0,18.0,43.0,26.0
498,1.0,498.0,London_291,dim5,151,453,1092.0,70.0,2.0,172140.0,1.3237869190052152,833.0,47.0,2.0,45.0,93.0,17.0,76.0,197.0,201.0,105.0,13.0,53.0,16.0,52.0,3.0,10.0,5.0,62.0,154.0,232.0,54.0,0.0,0.0,0.0,0.0,0.0,0.0,0.0,0.0,0.0,0.0,0.0,0.0,0.0,0.0,0.0,0.0,0.0,0.0,0.0,0.0,0.0,0.0,0.0,0.0,0.0,0.0,0.0,0.0,0.0,0.0,0.0,0.0,0.0,0.0,0.0,0.0,0.0,0.0,0.0,1.0,0.0,0.0,0.0,7.0,8.0,3.0,6.0,13.0,9.0,13.0,0.0,0.0,0.0,0.0,0.0,0.0,0.0,0.0,0.0,0.0,0.0,0.0,0.0,0.0,0.0,0.0,0.0,0.0,0.0,1.0,0.0,0.0,0.0,10.0,14.0,4.0,8.0,19.0,14.0,16.0
499,1.0,499.0,London_291,dim5,151,453,1092.0,70.0,2.0,193884.0,1.5707969029899687,881.0,86.0,2.0,84.0,165.0,18.0,147.0,93.0,211.0,113.0,14.0,48.0,14.0,44.0,2.0,7.0,2.0,67.0,149.0,235.0,47.0,0.0,0.0,0.0,0.0,0.0,0.0,0.0,0.0,0.0,0.0,0.0,0.0,0.0,0.0,0.0,0.0,0.0,0.0,0.0,0.0,0.0,0.0,0.0,0.0,0.0,0.0,0.0,0.0,0.0,0.0,0.0,2.0,0.0,0.0,1.0,0.0,0.0,0.0,0.0,0.0,2.0,0.0,7.0,12.0,7.0,9.0,11.0,17.0,19.0,24.0,0.0,0.0,0.0,0.0,0.0,0.0,0.0,0.0,0.0,0.0,0.0,10.0,0.0,0.0,7.0,0.0,0.0,0.0,0.0,0.0,2.0,0.0,8.0,16.0,10.0,14.0,11.0,27.0,25.0,33.0
500,1.0,500.0,London_291,dim5,151,453,1092.0,70.0,2.0,191619.0,1.3832242779899389,876.0,254.0,0.0,254.0,435.0,0.0,435.0,165.0,214.0,114.0,15.0,59.0,4.0,37.0,2.0,8.0,1.0,73.0,148.0,231.0,39.0,0.0,0.0,0.0,0.0,0.0,0.0,0.0,0.0,0.0,0.0,0.0,0.0,0.0,0.0,0.0,0.0,0.0,0.0,0.0,0.0,0.0,0.0,0.0,0.0,0.0,0.0,0.0,0.0,0.0,0.0,0.0,0.0,0.0,0.0,0.0,0.0,0.0,0.0,0.0,26.0,9.0,0.0,10.0,2.0,11.0,5.0,18.0,41.0,52.0,36.0,0.0,0.0,0.0,0.0,0.0,0.0,0.0,0.0,0.0,0.0,0.0,0.0,0.0,0.0,0.0,0.0,0.0,0.0,0.0,40.0,10.0,0.0,11.0,2.0,13.0,5.0,22.0,60.0,71.0,44.0
501,1.0,501.0,London_291,dim5,151,453,1092.0,70.0,2.0,104190.0,0.40124685084447265,683.0,60.0,0.0,60.0,100.0,0.0,100.0,435.0,75.0,139.0,36.0,135.0,11.0,46.0,1.0,10.0,13.0,67.0,153.0,220.0,50.0,0.0,0.0,0.0,0.0,0.0,0.0,0.0,0.0,0.0,0.0,0.0,0.0,0.0,0.0,0.0,0.0,0.0,0.0,0.0,0.0,0.0,0.0,0.0,0.0,0.0,0.0,0.0,0.0,0.0,0.0,0.0,0.0,0.0,0.0,0.0,0.0,0.0,0.0,0.0,5.0,1.0,1.0,0.0,3.0,2.0,1.0,2.0,15.0,12.0,11.0,0.0,0.0,0.0,0.0,0.0,0.0,0.0,0.0,0.0,0.0,0.0,0.0,0.0,0.0,0.0,0.0,0.0,0.0,0.0,5.0,1.0,1.0,0.0,4.0,3.0,1.0,2.0,27.0,21.0,15.0
502,1.0,502.0,London_291,dim5,151,453,1092.0,70.0,2.0,103737.0,0.5394239411689341,682.0,26.0,2.0,24.0,63.0,19.0,44.0,100.0,87.0,147.0,39.0,112.0,9.0,52.0,2.0,5.0,12.0,76.0,159.0,206.0,61.0,0.0,0.0,0.0,0.0,0.0,0.0,0.0,0.0,0.0,0.0,0.0,0.0,0.0,0.0,0.0,0.0,0.0,0.0,0.0,0.0,0.0,0.0,0.0,0.0,0.0,0.0,0.0,0.0,0.0,0.0,0.0,0.0,0.0,0.0,2.0,0.0,0.0,0.0,0.0,0.0,0.0,1.0,0.0,2.0,4.0,0.0,3.0,8.0,1.0,5.0,0.0,0.0,0.0,0.0,0.0,0.0,0.0,0.0,0.0,0.0,0.0,0.0,0.0,0.0,10.0,0.0,0.0,0.0,0.0,0.0,0.0,1.0,0.0,3.0,5.0,0.0,4.0,17.0,1.0,7.0
503,1.0,503.0,London_291,dim5,151,453,1092.0,70.0,2.0,123216.0,0.5596955299843103,725.0,4.0,0.0,4.0,10.0,0.0,10.0,63.0,90.0,150.0,36.0,118.0,9.0,40.0,2.0,8.0,10.0,78.0,164.0,201.0,57.0,0.0,0.0,0.0,0.0,0.0,0.0,0.0,0.0,0.0,0.0,0.0,0.0,0.0,0.0,0.0,0.0,0.0,0.0,0.0,0.0,0.0,0.0,0.0,0.0,0.0,0.0,0.0,0.0,0.0,0.0,0.0,0.0,0.0,0.0,0.0,0.0,0.0,0.0,0.0,1.0,0.0,0.0,0.0,0.0,0.0,1.0,0.0,0.0,2.0,0.0,0.0,0.0,0.0,0.0,0.0,0.0,0.0,0.0,0.0,0.0,0.0,0.0,0.0,0.0,0.0,0.0,0.0,0.0,0.0,1.0,0.0,0.0,0.0,0.0,0.0,2.0,0.0,0.0,7.0,0.0
504,1.0,504.0,London_291,dim5,151,453,1092.0,70.0,2.0,164439.0,0.8033166930545121,816.0,97.0,2.0,95.0,173.0,19.0,154.0,10.0,93.0,146.0,36.0,118.0,9.0,40.0,4.0,7.0,10.0,79.0,165.0,199.0,57.0,0.0,0.0,0.0,0.0,0.0,0.0,0.0,0.0,0.0,1.0,0.0,1.0,0.0,0.0,0.0,0.0,0.0,0.0,1.0,0.0,0.0,0.0,0.0,0.0,0.0,0.0,0.0,0.0,1.0,0.0,0.0,1.0,0.0,1.0,1.0,0.0,0.0,0.0,3.0,0.0,0.0,0.0,0.0,11.0,4.0,0.0,9.0,14.0,21.0,14.0,0.0,0.0,0.0,0.0,0.0,0.0,0.0,0.0,1.0,0.0,0.0,1.0,0.0,6.0,1.0,0.0,0.0,0.0,3.0,0.0,0.0,0.0,0.0,13.0,6.0,0.0,10.0,21.0,30.0,16.0
505,1.0,505.0,London_291,dim5,151,453,1092.0,70.0,2.0,158097.0,0.8472804499324411,802.0,109.0,0.0,109.0,202.0,0.0,202.0,165.0,96.0,158.0,25.0,107.0,9.0,42.0,5.0,11.0,12.0,72.0,167.0,202.0,79.0,0.0,0.0,0.0,0.0,0.0,0.0,0.0,0.0,0.0,0.0,0.0,0.0,0.0,0.0,0.0,0.0,0.0,0.0,0.0,0.0,0.0,0.0,0.0,0.0,0.0,0.0,0.0,0.0,0.0,0.0,0.0,0.0,0.0,0.0,0.0,0.0,0.0,0.0,3.0,9.0,1.0,1.0,0.0,7.0,6.0,6.0,2.0,23.0,27.0,21.0,0.0,0.0,0.0,0.0,0.0,0.0,0.0,0.0,0.0,0.0,0.0,0.0,0.0,0.0,0.0,0.0,0.0,0.0,3.0,13.0,2.0,1.0,0.0,10.0,6.0,8.0,3.0,38.0,44.0,32.0
506,1.0,506.0,London_291,dim5,151,453,1092.0,70.0,2.0,132729.0,0.8788137761875987,746.0,60.0,0.0,60.0,105.0,0.0,105.0,202.0,119.0,152.0,21.0,90.0,9.0,45.0,3.0,14.0,12.0,73.0,165.0,203.0,68.0,0.0,0.0,0.0,0.0,0.0,0.0,0.0,0.0,0.0,0.0,0.0,0.0,0.0,0.0,0.0,0.0,0.0,0.0,0.0,0.0,0.0,0.0,0.0,0.0,0.0,0.0,0.0,0.0,0.0,0.0,0.0,0.0,0.0,0.0,0.0,0.0,0.0,0.0,1.0,6.0,1.0,1.0,0.0,3.0,6.0,2.0,3.0,11.0,13.0,11.0,0.0,0.0,0.0,0.0,0.0,0.0,0.0,0.0,0.0,0.0,0.0,0.0,0.0,0.0,0.0,0.0,0.0,0.0,1.0,10.0,1.0,2.0,0.0,3.0,7.0,2.0,5.0,19.0,19.0,17.0
507,1.0,507.0,London_291,dim5,151,453,1092.0,70.0,2.0,133182.0,1.8691868069581687,747.0,86.0,0.0,86.0,140.0,0.0,140.0,105.0,121.0,152.0,17.0,87.0,11.0,48.0,3.0,14.0,10.0,80.0,161.0,202.0,71.0,0.0,0.0,0.0,0.0,0.0,0.0,0.0,0.0,0.0,0.0,0.0,0.0,0.0,0.0,0.0,0.0,0.0,0.0,0.0,0.0,0.0,0.0,0.0,0.0,0.0,0.0,0.0,0.0,0.0,0.0,0.0,0.0,0.0,0.0,0.0,0.0,0.0,0.0,3.0,7.0,0.0,0.0,1.0,6.0,4.0,6.0,2.0,12.0,17.0,13.0,0.0,0.0,0.0,0.0,0.0,0.0,0.0,0.0,0.0,0.0,0.0,0.0,0.0,0.0,0.0,0.0,0.0,0.0,3.0,10.0,0.0,0.0,1.0,8.0,4.0,8.0,3.0,15.0,24.0,16.0
508,1.0,508.0,London_291,dim5,151,453,1092.0,70.0,2.0,125028.0,0.9398980599362403,729.0,86.0,2.0,84.0,167.0,18.0,149.0,140.0,132.0,156.0,8.0,77.0,10.0,55.0,2.0,13.0,12.0,89.0,156.0,196.0,79.0,0.0,0.0,0.0,0.0,0.0,0.0,0.0,0.0,0.0,0.0,0.0,0.0,0.0,0.0,0.0,0.0,0.0,0.0,0.0,0.0,0.0,0.0,0.0,0.0,0.0,0.0,0.0,0.0,0.0,0.0,0.0,0.0,1.0,0.0,1.0,0.0,0.0,0.0,2.0,10.0,2.0,0.0,0.0,5.0,5.0,8.0,10.0,17.0,17.0,18.0,0.0,0.0,0.0,0.0,0.0,0.0,0.0,0.0,0.0,0.0,0.0,0.0,5.0,0.0,2.0,0.0,0.0,0.0,2.0,15.0,2.0,0.0,0.0,5.0,9.0,12.0,13.0,25.0,29.0,28.0
509,1.0,509.0,London_291,dim5,151,453,1092.0,70.0,2.0,127746.0,0.72491763997823,735.0,20.0,0.0,20.0,33.0,0.0,33.0,167.0,130.0,177.0,12.0,59.0,10.0,57.0,1.0,7.0,7.0,90.0,141.0,215.0,65.0,0.0,0.0,0.0,0.0,0.0,0.0,0.0,0.0,0.0,0.0,0.0,0.0,0.0,0.0,0.0,0.0,0.0,0.0,0.0,0.0,0.0,0.0,0.0,0.0,0.0,0.0,0.0,0.0,0.0,0.0,0.0,0.0,0.0,0.0,0.0,0.0,0.0,0.0,0.0,1.0,0.0,0.0,0.0,2.0,2.0,1.0,2.0,2.0,6.0,3.0,0.0,0.0,0.0,0.0,0.0,0.0,0.0,0.0,0.0,0.0,0.0,0.0,0.0,0.0,0.0,0.0,0.0,0.0,0.0,2.0,0.0,0.0,0.0,3.0,4.0,1.0,2.0,3.0,8.0,5.0
510,1.0,510.0,London_291,dim5,151,453,1092.0,70.0,2.0,157644.0,1.1754016720224172,801.0,128.0,2.0,126.0,236.0,20.0,216.0,33.0,134.0,167.0,11.0,61.0,11.0,61.0,1.0,7.0,6.0,85.0,150.0,212.0,60.0,0.0,0.0,0.0,0.0,0.0,0.0,0.0,0.0,0.0,0.0,0.0,0.0,0.0,0.0,0.0,0.0,0.0,0.0,0.0,0.0,0.0,0.0,0.0,0.0,0.0,0.0,0.0,0.0,0.0,0.0,0.0,2.0,0.0,1.0,2.0,0.0,0.0,0.0,3.0,3.0,5.0,1.0,7.0,14.0,9.0,11.0,8.0,24.0,29.0,25.0,0.0,0.0,0.0,0.0,0.0,0.0,0.0,0.0,0.0,0.0,0.0,10.0,0.0,8.0,7.0,0.0,0.0,0.0,3.0,4.0,6.0,1.0,7.0,17.0,13.0,16.0,10.0,38.0,40.0,32.0
511,1.0,511.0,London_291,dim5,151,453,1092.0,70.0,2.0,139977.0,1.085356571013108,762.0,108.0,2.0,106.0,198.0,18.0,180.0,236.0,146.0,153.0,18.0,66.0,8.0,54.0,1.0,7.0,13.0,78.0,158.0,204.0,65.0,0.0,0.0,0.0,0.0,0.0,0.0,0.0,0.0,0.0,0.0,0.0,0.0,0.0,0.0,0.0,0.0,0.0,0.0,0.0,0.0,0.0,0.0,0.0,0.0,0.0,0.0,0.0,0.0,0.0,0.0,0.0,0.0,0.0,0.0,0.0,0.0,0.0,0.0,4.0,6.0,0.0,7.0,1.0,4.0,12.0,7.0,15.0,14.0,30.0,18.0,0.0,0.0,0.0,0.0,0.0,0.0,0.0,0.0,0.0,0.0,0.0,0.0,0.0,0.0,0.0,0.0,0.0,0.0,4.0,8.0,0.0,12.0,1.0,5.0,15.0,10.0,18.0,18.0,47.0,22.0
512,1.0,512.0,London_291,dim5,151,453,1092.0,70.0,2.0,122763.0,1.0510335569269955,724.0,54.0,2.0,52.0,105.0,19.0,86.0,198.0,147.0,151.0,15.0,63.0,10.0,54.0,2.0,11.0,12.0,76.0,156.0,209.0,70.0,0.0,0.0,0.0,0.0,0.0,0.0,0.0,0.0,0.0,0.0,0.0,0.0,0.0,0.0,0.0,0.0,0.0,0.0,0.0,0.0,0.0,0.0,0.0,0.0,0.0,0.0,0.0,0.0,0.0,0.0,0.0,1.0,0.0,1.0,1.0,0.0,0.0,0.0,3.0,2.0,0.0,1.0,0.0,6.0,3.0,2.0,6.0,13.0,17.0,18.0,0.0,0.0,0.0,0.0,0.0,0.0,0.0,0.0,0.0,0.0,0.0,4.0,0.0,8.0,5.0,0.0,0.0,0.0,3.0,3.0,0.0,1.0,0.0,10.0,5.0,4.0,6.0,18.0,25.0,26.0
513,1.0,513.0,London_291,dim5,151,453,1092.0,70.0,2.0,134994.0,0.7089585140347481,751.0,4.0,1.0,3.0,14.0,8.0,6.0,105.0,152.0,144.0,18.0,76.0,5.0,46.0,2.0,10.0,8.0,83.0,154.0,208.0,72.0,0.0,0.0,0.0,0.0,0.0,0.0,0.0,0.0,0.0,0.0,0.0,0.0,0.0,0.0,0.0,0.0,0.0,0.0,0.0,0.0,0.0,0.0,0.0,0.0,0.0,0.0,0.0,0.0,0.0,1.0,0.0,1.0,1.0,0.0,1.0,0.0,0.0,0.0,0.0,0.0,0.0,0.0,0.0,1.0,0.0,0.0,0.0,0.0,3.0,1.0,0.0,0.0,0.0,0.0,0.0,0.0,0.0,0.0,0.0,2.0,0.0,3.0,7.0,0.0,2.0,0.0,0.0,0.0,0.0,0.0,0.0,0.0,0.0,1.0,0.0,0.0,0.0,0.0,5.0,1.0
514,1.0,514.0,London_291,dim5,151,453,1092.0,70.0,2.0,179388.0,1.1634543370455503,849.0,115.0,0.0,115.0,192.0,0.0,192.0,14.0,155.0,143.0,17.0,76.0,5.0,45.0,2.0,10.0,7.0,78.0,159.0,209.0,66.0,0.0,0.0,0.0,0.0,0.0,0.0,0.0,0.0,0.0,0.0,0.0,0.0,0.0,0.0,0.0,0.0,0.0,0.0,0.0,0.0,0.0,0.0,0.0,0.0,0.0,0.0,0.0,0.0,0.0,0.0,0.0,0.0,0.0,0.0,0.0,0.0,0.0,0.0,5.0,10.0,4.0,1.0,8.0,11.0,10.0,9.0,18.0,26.0,22.0,23.0,0.0,0.0,0.0,0.0,0.0,0.0,0.0,0.0,0.0,0.0,0.0,0.0,0.0,0.0,0.0,0.0,0.0,0.0,6.0,14.0,5.0,1.0,10.0,14.0,16.0,9.0,19.0,37.0,32.0,30.0
515,1.0,515.0,London_291,dim5,151,453,1092.0,70.0,2.0,183012.0,1.1900179430376738,857.0,73.0,2.0,71.0,144.0,17.0,127.0,192.0,158.0,147.0,16.0,61.0,6.0,55.0,2.0,8.0,10.0,84.0,150.0,209.0,65.0,0.0,0.0,0.0,0.0,0.0,0.0,0.0,0.0,0.0,0.0,0.0,0.0,0.0,0.0,0.0,0.0,0.0,0.0,0.0,0.0,0.0,0.0,0.0,0.0,0.0,0.0,0.0,0.0,0.0,1.0,0.0,0.0,0.0,1.0,1.0,0.0,0.0,0.0,0.0,3.0,3.0,1.0,2.0,2.0,5.0,5.0,11.0,12.0,18.0,14.0,0.0,0.0,0.0,0.0,0.0,0.0,0.0,0.0,0.0,2.0,0.0,0.0,0.0,5.0,4.0,0.0,0.0,0.0,0.0,5.0,3.0,2.0,3.0,4.0,6.0,5.0,15.0,16.0,29.0,22.0
516,1.0,516.0,London_291,dim5,151,453,1092.0,70.0,2.0,202038.0,1.4065813838969916,899.0,87.0,0.0,87.0,146.0,0.0,146.0,144.0,171.0,169.0,19.0,37.0,3.0,43.0,0.0,11.0,14.0,70.0,144.0,225.0,66.0,0.0,0.0,0.0,0.0,0.0,0.0,0.0,0.0,0.0,0.0,0.0,0.0,0.0,0.0,0.0,0.0,0.0,0.0,0.0,0.0,0.0,0.0,0.0,0.0,0.0,0.0,0.0,0.0,0.0,0.0,0.0,0.0,0.0,0.0,0.0,0.0,0.0,0.0,2.0,3.0,1.0,1.0,0.0,13.0,8.0,5.0,12.0,20.0,12.0,21.0,0.0,0.0,0.0,0.0,0.0,0.0,0.0,0.0,0.0,0.0,0.0,0.0,0.0,0.0,0.0,0.0,0.0,0.0,2.0,4.0,1.0,2.0,0.0,16.0,12.0,5.0,14.0,31.0,18.0,24.0
517,1.0,517.0,London_291,dim5,151,453,1092.0,70.0,2.0,212910.0,1.6639029041398317,923.0,154.0,0.0,154.0,262.0,0.0,262.0,146.0,176.0,159.0,8.0,54.0,2.0,43.0,1.0,10.0,13.0,77.0,145.0,218.0,59.0,0.0,0.0,0.0,0.0,0.0,0.0,0.0,0.0,0.0,0.0,0.0,0.0,0.0,0.0,0.0,0.0,0.0,0.0,0.0,0.0,0.0,0.0,0.0,0.0,0.0,0.0,0.0,0.0,0.0,0.0,0.0,0.0,0.0,0.0,0.0,0.0,0.0,0.0,3.0,23.0,0.0,0.0,1.0,6.0,4.0,0.0,10.0,30.0,30.0,23.0,0.0,0.0,0.0,0.0,0.0,0.0,0.0,0.0,0.0,0.0,0.0,0.0,0.0,0.0,0.0,0.0,0.0,0.0,3.0,29.0,0.0,0.0,2.0,8.0,5.0,0.0,12.0,46.0,38.0,29.0
518,1.0,518.0,London_291,dim5,151,453,1092.0,70.0,2.0,176670.0,1.0268898829817772,843.0,107.0,0.0,107.0,178.0,0.0,178.0,262.0,162.0,125.0,15.0,93.0,5.0,42.0,2.0,9.0,12.0,86.0,153.0,202.0,58.0,0.0,0.0,0.0,0.0,0.0,0.0,0.0,0.0,0.0,0.0,0.0,0.0,0.0,0.0,0.0,0.0,0.0,0.0,0.0,0.0,0.0,0.0,0.0,0.0,0.0,0.0,0.0,0.0,0.0,0.0,0.0,0.0,0.0,0.0,0.0,0.0,0.0,0.0,1.0,6.0,0.0,4.0,0.0,5.0,5.0,10.0,12.0,19.0,25.0,29.0,0.0,0.0,0.0,0.0,0.0,0.0,0.0,0.0,0.0,0.0,0.0,0.0,0.0,0.0,0.0,0.0,0.0,0.0,1.0,7.0,0.0,5.0,0.0,7.0,8.0,17.0,14.0,23.0,32.0,38.0
519,1.0,519.0,London_291,dim5,151,453,1092.0,70.0,2.0,161268.0,0.9213415042031556,809.0,68.0,0.0,68.0,118.0,0.0,118.0,178.0,167.0,114.0,11.0,107.0,8.0,40.0,2.0,4.0,14.0,72.0,154.0,213.0,68.0,0.0,0.0,0.0,0.0,0.0,0.0,0.0,0.0,0.0,0.0,0.0,0.0,0.0,0.0,0.0,0.0,0.0,0.0,0.0,0.0,0.0,0.0,0.0,0.0,0.0,0.0,0.0,0.0,0.0,0.0,0.0,0.0,0.0,0.0,0.0,0.0,0.0,0.0,3.0,2.0,0.0,1.0,1.0,7.0,9.0,2.0,7.0,13.0,18.0,11.0,0.0,0.0,0.0,0.0,0.0,0.0,0.0,0.0,0.0,0.0,0.0,0.0,0.0,0.0,0.0,0.0,0.0,0.0,4.0,2.0,0.0,1.0,1.0,7.0,15.0,3.0,8.0,25.0,22.0,15.0
520,1.0,520.0,London_291,dim5,151,453,1092.0,70.0,2.0,174405.0,1.2529348279349506,838.0,129.0,0.0,129.0,215.0,0.0,215.0,118.0,180.0,100.0,16.0,114.0,11.0,28.0,1.0,3.0,16.0,82.0,151.0,204.0,73.0,0.0,0.0,0.0,0.0,0.0,0.0,0.0,0.0,0.0,0.0,0.0,0.0,0.0,0.0,0.0,0.0,0.0,0.0,0.0,0.0,0.0,0.0,0.0,0.0,0.0,0.0,0.0,0.0,0.0,0.0,0.0,0.0,0.0,0.0,0.0,0.0,0.0,0.0,2.0,15.0,0.0,4.0,4.0,7.0,10.0,9.0,8.0,22.0,26.0,13.0,0.0,0.0,0.0,0.0,0.0,0.0,0.0,0.0,0.0,0.0,0.0,0.0,0.0,0.0,0.0,0.0,0.0,0.0,2.0,24.0,0.0,8.0,6.0,7.0,15.0,10.0,11.0,33.0,35.0,19.0
521,1.0,521.0,London_291,dim5,151,453,1092.0,70.0,2.0,154020.0,0.9881103460211307,793.0,104.0,2.0,102.0,191.0,20.0,171.0,215.0,189.0,96.0,22.0,120.0,3.0,21.0,2.0,0.0,13.0,74.0,152.0,214.0,64.0,0.0,0.0,0.0,0.0,0.0,0.0,0.0,0.0,0.0,0.0,0.0,0.0,0.0,0.0,0.0,0.0,0.0,0.0,0.0,0.0,0.0,0.0,0.0,0.0,0.0,0.0,0.0,0.0,0.0,0.0,0.0,1.0,0.0,0.0,0.0,0.0,0.0,0.0,3.0,7.0,0.0,2.0,0.0,6.0,2.0,5.0,10.0,14.0,26.0,17.0,0.0,0.0,0.0,0.0,0.0,0.0,0.0,0.0,0.0,0.0,0.0,2.0,0.0,0.0,0.0,0.0,0.0,0.0,3.0,11.0,0.0,3.0,0.0,9.0,2.0,7.0,11.0,20.0,42.0,20.0
522,1.0,522.0,London_291,dim5,151,453,1092.0,70.0,2.0,143148.0,0.8332986070308834,769.0,112.0,1.0,111.0,198.0,10.0,188.0,191.0,193.0,95.0,19.0,103.0,2.0,31.0,2.0,8.0,6.0,67.0,151.0,229.0,58.0,0.0,0.0,0.0,0.0,0.0,0.0,0.0,0.0,0.0,0.0,0.0,0.0,0.0,0.0,0.0,0.0,0.0,0.0,0.0,0.0,0.0,0.0,0.0,0.0,0.0,0.0,0.0,0.0,0.0,0.0,0.0,0.0,0.0,0.0,0.0,0.0,0.0,0.0,1.0,6.0,0.0,1.0,0.0,9.0,4.0,2.0,8.0,31.0,23.0,20.0,0.0,0.0,0.0,0.0,0.0,0.0,0.0,0.0,0.0,0.0,0.0,0.0,0.0,0.0,0.0,0.0,0.0,0.0,1.0,8.0,0.0,2.0,0.0,14.0,6.0,3.0,11.0,49.0,31.0,27.0
523,1.0,523.0,London_291,dim5,151,453,1092.0,70.0,2.0,124575.0,0.8629019430372864,728.0,64.0,1.0,63.0,131.0,8.0,123.0,198.0,196.0,90.0,11.0,111.0,3.0,32.0,2.0,8.0,10.0,72.0,157.0,214.0,68.0,0.0,0.0,0.0,0.0,0.0,0.0,0.0,0.0,0.0,0.0,0.0,0.0,0.0,0.0,0.0,0.0,0.0,0.0,0.0,0.0,0.0,0.0,0.0,0.0,0.0,0.0,0.0,0.0,0.0,0.0,0.0,0.0,0.0,0.0,1.0,0.0,0.0,0.0,2.0,2.0,0.0,0.0,0.0,5.0,7.0,5.0,5.0,18.0,14.0,15.0,0.0,0.0,0.0,0.0,0.0,0.0,0.0,0.0,0.0,0.0,0.0,0.0,0.0,0.0,2.0,0.0,0.0,0.0,2.0,5.0,0.0,0.0,0.0,9.0,11.0,11.0,8.0,32.0,19.0,23.0
524,1.0,524.0,London_291,dim5,151,453,1092.0,70.0,2.0,131823.0,0.9054935949388891,744.0,5.0,2.0,3.0,24.0,18.0,6.0,131.0,183.0,92.0,13.0,116.0,1.0,38.0,3.0,7.0,10.0,73.0,150.0,220.0,69.0,0.0,0.0,0.0,0.0,0.0,0.0,0.0,0.0,0.0,0.0,0.0,0.0,0.0,0.0,0.0,0.0,0.0,0.0,0.0,0.0,0.0,0.0,0.0,0.0,0.0,0.0,0.0,0.0,0.0,0.0,0.0,0.0,1.0,1.0,2.0,0.0,0.0,0.0,0.0,0.0,0.0,0.0,0.0,0.0,0.0,0.0,0.0,0.0,1.0,0.0,0.0,0.0,0.0,0.0,0.0,0.0,0.0,0.0,0.0,0.0,0.0,0.0,9.0,6.0,6.0,0.0,0.0,0.0,0.0,0.0,0.0,0.0,0.0,0.0,0.0,0.0,0.0,0.0,1.0,0.0
525,1.0,525.0,London_291,dim5,151,453,1092.0,70.0,2.0,169875.0,1.13796231104061,828.0,92.0,2.0,90.0,179.0,18.0,161.0,24.0,179.0,88.0,12.0,120.0,2.0,42.0,3.0,7.0,11.0,79.0,136.0,227.0,67.0,0.0,0.0,0.0,0.0,0.0,0.0,0.0,0.0,0.0,0.0,0.0,0.0,0.0,0.0,0.0,0.0,0.0,0.0,0.0,0.0,0.0,0.0,0.0,0.0,0.0,0.0,0.0,0.0,0.0,0.0,0.0,0.0,0.0,1.0,0.0,0.0,0.0,0.0,3.0,7.0,1.0,1.0,2.0,10.0,6.0,11.0,11.0,14.0,23.0,23.0,0.0,0.0,0.0,0.0,0.0,0.0,0.0,0.0,0.0,0.0,0.0,0.0,0.0,6.0,0.0,0.0,0.0,0.0,4.0,12.0,1.0,1.0,2.0,12.0,11.0,16.0,15.0,22.0,33.0,33.0
526,1.0,526.0,London_291,dim5,151,453,1092.0,70.0,2.0,160362.0,1.0691118410322815,807.0,100.0,0.0,100.0,167.0,0.0,167.0,179.0,186.0,84.0,8.0,120.0,3.0,39.0,5.0,8.0,8.0,81.0,130.0,234.0,52.0,0.0,0.0,0.0,0.0,0.0,0.0,0.0,0.0,0.0,0.0,0.0,0.0,0.0,0.0,0.0,0.0,0.0,0.0,0.0,0.0,0.0,0.0,0.0,0.0,0.0,0.0,0.0,0.0,0.0,0.0,0.0,0.0,0.0,0.0,0.0,0.0,0.0,0.0,3.0,0.0,0.0,5.0,0.0,12.0,6.0,12.0,11.0,17.0,25.0,21.0,0.0,0.0,0.0,0.0,0.0,0.0,0.0,0.0,0.0,0.0,0.0,0.0,0.0,0.0,0.0,0.0,0.0,0.0,5.0,0.0,0.0,6.0,0.0,14.0,7.0,17.0,14.0,25.0,35.0,32.0
527,1.0,527.0,London_291,dim5,151,453,1092.0,70.0,2.0,154020.0,1.0291768969036639,793.0,114.0,0.0,114.0,191.0,0.0,191.0,167.0,189.0,80.0,13.0,123.0,7.0,32.0,5.0,4.0,4.0,69.0,151.0,229.0,42.0,0.0,0.0,0.0,0.0,0.0,0.0,0.0,0.0,0.0,0.0,0.0,0.0,0.0,0.0,0.0,0.0,0.0,0.0,0.0,0.0,0.0,0.0,0.0,0.0,0.0,0.0,0.0,0.0,0.0,0.0,0.0,0.0,0.0,0.0,0.0,0.0,0.0,0.0,7.0,0.0,0.0,3.0,0.0,8.0,13.0,10.0,5.0,17.0,32.0,16.0,0.0,0.0,0.0,0.0,0.0,0.0,0.0,0.0,0.0,0.0,0.0,0.0,0.0,0.0,0.0,0.0,0.0,0.0,8.0,0.0,0.0,3.0,0.0,10.0,20.0,11.0,7.0,25.0,45.0,22.0
528,1.0,528.0,London_291,dim5,151,453,1092.0,70.0,2.0,141789.0,1.1803309228271246,766.0,71.0,2.0,69.0,138.0,16.0,122.0,191.0,195.0,79.0,14.0,119.0,5.0,35.0,2.0,4.0,8.0,70.0,147.0,228.0,49.0,0.0,0.0,0.0,0.0,0.0,0.0,0.0,0.0,0.0,0.0,0.0,0.0,0.0,0.0,0.0,0.0,0.0,0.0,0.0,0.0,0.0,0.0,0.0,0.0,0.0,0.0,0.0,0.0,0.0,0.0,0.0,0.0,0.0,0.0,1.0,0.0,0.0,0.0,2.0,1.0,0.0,6.0,1.0,11.0,7.0,1.0,5.0,11.0,20.0,15.0,0.0,0.0,0.0,0.0,0.0,0.0,0.0,0.0,0.0,0.0,0.0,0.0,0.0,0.0,2.0,0.0,0.0,0.0,4.0,1.0,0.0,11.0,1.0,12.0,12.0,1.0,5.0,16.0,30.0,23.0
529,1.0,529.0,London_291,dim5,151,453,1092.0,70.0,2.0,143601.0,1.0981397069990635,770.0,42.0,2.0,40.0,85.0,19.0,66.0,138.0,211.0,95.0,14.0,92.0,3.0,30.0,3.0,5.0,8.0,78.0,140.0,227.0,45.0,0.0,0.0,0.0,0.0,0.0,0.0,0.0,0.0,0.0,0.0,0.0,0.0,0.0,0.0,0.0,0.0,0.0,0.0,0.0,0.0,0.0,0.0,0.0,0.0,0.0,0.0,0.0,0.0,0.0,0.0,0.0,1.0,0.0,0.0,1.0,0.0,0.0,0.0,1.0,0.0,0.0,0.0,0.0,4.0,2.0,3.0,6.0,4.0,9.0,9.0,0.0,0.0,0.0,0.0,0.0,0.0,0.0,0.0,0.0,0.0,0.0,1.0,0.0,0.0,3.0,0.0,0.0,0.0,1.0,0.0,0.0,0.0,0.0,5.0,3.0,3.0,7.0,6.0,15.0,11.0
530,1.0,530.0,London_291,dim5,151,453,1092.0,70.0,2.0,154020.0,1.2584018060006201,793.0,107.0,1.0,106.0,178.0,9.0,169.0,85.0,199.0,104.0,15.0,95.0,3.0,28.0,4.0,5.0,5.0,81.0,135.0,232.0,45.0,0.0,0.0,0.0,0.0,0.0,0.0,0.0,0.0,0.0,0.0,0.0,0.0,0.0,0.0,0.0,0.0,0.0,0.0,0.0,0.0,0.0,0.0,0.0,0.0,0.0,0.0,0.0,0.0,1.0,0.0,0.0,1.0,0.0,0.0,1.0,0.0,0.0,0.0,3.0,0.0,0.0,3.0,0.0,12.0,11.0,7.0,13.0,23.0,34.0,16.0,0.0,0.0,0.0,0.0,0.0,0.0,0.0,0.0,1.0,0.0,0.0,7.0,0.0,0.0,4.0,0.0,0.0,0.0,7.0,0.0,0.0,4.0,0.0,15.0,12.0,7.0,17.0,31.0,48.0,22.0
531,1.0,531.0,London_291,dim5,151,453,1092.0,70.0,2.0,141336.0,0.9112418170552701,765.0,74.0,0.0,74.0,124.0,0.0,124.0,178.0,208.0,96.0,20.0,81.0,8.0,27.0,6.0,7.0,8.0,85.0,125.0,235.0,51.0,0.0,0.0,0.0,0.0,0.0,0.0,0.0,0.0,0.0,0.0,0.0,0.0,0.0,0.0,0.0,0.0,0.0,0.0,0.0,0.0,0.0,0.0,0.0,0.0,0.0,0.0,0.0,0.0,0.0,0.0,0.0,0.0,0.0,0.0,0.0,0.0,0.0,0.0,4.0,2.0,0.0,3.0,0.0,8.0,9.0,2.0,11.0,15.0,13.0,15.0,0.0,0.0,0.0,0.0,0.0,0.0,0.0,0.0,0.0,0.0,0.0,0.0,0.0,0.0,0.0,0.0,0.0,0.0,5.0,3.0,0.0,3.0,0.0,10.0,9.0,2.0,15.0,25.0,18.0,19.0
532,1.0,532.0,London_291,dim5,151,453,1092.0,70.0,2.0,149943.0,1.1367432461120188,784.0,100.0,0.0,100.0,187.0,0.0,187.0,124.0,216.0,102.0,17.0,69.0,10.0,28.0,5.0,6.0,9.0,83.0,123.0,238.0,61.0,0.0,0.0,0.0,0.0,0.0,0.0,0.0,0.0,0.0,0.0,0.0,0.0,0.0,0.0,0.0,0.0,0.0,0.0,0.0,0.0,0.0,0.0,0.0,0.0,0.0,0.0,0.0,0.0,0.0,0.0,0.0,0.0,0.0,0.0,0.0,0.0,0.0,0.0,9.0,1.0,3.0,3.0,6.0,11.0,10.0,6.0,13.0,26.0,19.0,19.0,0.0,0.0,0.0,0.0,0.0,0.0,0.0,0.0,0.0,0.0,0.0,0.0,0.0,0.0,0.0,0.0,0.0,0.0,10.0,1.0,3.0,5.0,8.0,16.0,13.0,7.0,15.0,42.0,32.0,28.0
533,1.0,533.0,London_291,dim5,151,453,1092.0,70.0,2.0,135447.0,1.1734575659502298,752.0,79.0,0.0,79.0,140.0,0.0,140.0,187.0,229.0,129.0,12.0,39.0,12.0,28.0,0.0,4.0,10.0,82.0,141.0,220.0,43.0,0.0,0.0,0.0,0.0,0.0,0.0,0.0,0.0,0.0,0.0,0.0,0.0,0.0,0.0,0.0,0.0,0.0,0.0,0.0,0.0,0.0,0.0,0.0,0.0,0.0,0.0,0.0,0.0,0.0,0.0,0.0,0.0,0.0,0.0,0.0,0.0,0.0,0.0,0.0,3.0,0.0,3.0,3.0,4.0,11.0,4.0,12.0,14.0,20.0,27.0,0.0,0.0,0.0,0.0,0.0,0.0,0.0,0.0,0.0,0.0,0.0,0.0,0.0,0.0,0.0,0.0,0.0,0.0,0.0,3.0,0.0,4.0,3.0,6.0,14.0,4.0,15.0,25.0,30.0,37.0
534,1.0,534.0,London_291,dim5,151,453,1092.0,70.0,2.0,146319.0,1.0158127220347524,776.0,102.0,2.0,100.0,195.0,17.0,178.0,140.0,223.0,127.0,7.0,55.0,8.0,28.0,0.0,5.0,12.0,82.0,137.0,222.0,48.0,0.0,0.0,0.0,0.0,0.0,0.0,0.0,0.0,0.0,0.0,0.0,0.0,0.0,0.0,0.0,0.0,0.0,0.0,0.0,0.0,0.0,0.0,0.0,0.0,0.0,0.0,0.0,0.0,0.0,0.0,0.0,1.0,0.0,0.0,1.0,0.0,0.0,0.0,4.0,5.0,2.0,3.0,6.0,13.0,7.0,3.0,15.0,24.0,27.0,22.0,0.0,0.0,0.0,0.0,0.0,0.0,0.0,0.0,0.0,0.0,0.0,1.0,0.0,0.0,3.0,0.0,0.0,0.0,7.0,8.0,3.0,6.0,7.0,20.0,12.0,3.0,25.0,32.0,35.0,29.0
535,1.0,535.0,London_291,dim5,151,453,1092.0,70.0,2.0,139071.0,0.9456369369290769,760.0,65.0,1.0,64.0,119.0,11.0,108.0,195.0,211.0,132.0,18.0,61.0,4.0,22.0,2.0,3.0,10.0,87.0,144.0,212.0,48.0,0.0,0.0,0.0,0.0,0.0,0.0,0.0,0.0,0.0,0.0,0.0,0.0,0.0,0.0,0.0,0.0,0.0,0.0,0.0,0.0,0.0,0.0,0.0,0.0,0.0,0.0,0.0,0.0,0.0,1.0,0.0,1.0,0.0,0.0,1.0,0.0,0.0,0.0,4.0,3.0,0.0,1.0,0.0,2.0,4.0,5.0,7.0,12.0,19.0,9.0,0.0,0.0,0.0,0.0,0.0,0.0,0.0,0.0,0.0,2.0,0.0,3.0,0.0,0.0,3.0,0.0,0.0,0.0,5.0,3.0,0.0,1.0,0.0,3.0,7.0,7.0,8.0,16.0,29.0,12.0
536,1.0,536.0,London_291,dim5,151,453,1092.0,70.0,2.0,154926.0,1.0409727778751403,795.0,38.0,1.0,37.0,79.0,9.0,70.0,119.0,215.0,125.0,18.0,52.0,4.0,31.0,2.0,6.0,13.0,76.0,151.0,213.0,60.0,0.0,0.0,0.0,0.0,0.0,0.0,0.0,0.0,0.0,0.0,0.0,0.0,0.0,0.0,0.0,0.0,0.0,0.0,0.0,0.0,0.0,0.0,0.0,0.0,0.0,0.0,0.0,0.0,0.0,0.0,0.0,0.0,1.0,0.0,1.0,0.0,0.0,0.0,3.0,1.0,1.0,3.0,0.0,9.0,3.0,4.0,5.0,3.0,6.0,8.0,0.0,0.0,0.0,0.0,0.0,0.0,0.0,0.0,0.0,0.0,0.0,0.0,8.0,0.0,2.0,0.0,0.0,0.0,4.0,2.0,2.0,4.0,0.0,14.0,3.0,7.0,6.0,5.0,9.0,11.0
537,1.0,537.0,London_291,dim5,151,453,1092.0,70.0,2.0,180747.0,1.1536147750448436,852.0,61.0,0.0,61.0,108.0,0.0,108.0,79.0,229.0,134.0,16.0,28.0,6.0,31.0,0.0,9.0,9.0,80.0,149.0,215.0,55.0,0.0,0.0,0.0,0.0,0.0,0.0,0.0,0.0,0.0,0.0,0.0,0.0,0.0,0.0,0.0,0.0,0.0,0.0,0.0,0.0,0.0,0.0,0.0,0.0,0.0,0.0,0.0,0.0,0.0,0.0,0.0,0.0,0.0,0.0,0.0,0.0,0.0,0.0,2.0,3.0,0.0,3.0,0.0,4.0,7.0,2.0,5.0,9.0,15.0,8.0,0.0,0.0,0.0,0.0,0.0,0.0,0.0,0.0,0.0,0.0,0.0,0.0,0.0,0.0,0.0,0.0,0.0,0.0,3.0,5.0,0.0,5.0,0.0,5.0,8.0,3.0,8.0,16.0,21.0,11.0
538,1.0,538.0,London_291,dim5,151,453,1092.0,70.0,2.0,187995.0,1.4791263109073043,868.0,118.0,3.0,115.0,233.0,25.0,208.0,108.0,236.0,118.0,8.0,40.0,7.0,34.0,0.0,10.0,10.0,71.0,154.0,218.0,54.0,0.0,0.0,0.0,0.0,0.0,0.0,0.0,0.0,0.0,0.0,0.0,0.0,0.0,0.0,0.0,0.0,0.0,0.0,0.0,0.0,0.0,0.0,0.0,0.0,0.0,0.0,0.0,0.0,0.0,0.0,0.0,1.0,1.0,1.0,0.0,0.0,0.0,0.0,1.0,3.0,0.0,2.0,2.0,19.0,10.0,11.0,8.0,18.0,28.0,21.0,0.0,0.0,0.0,0.0,0.0,0.0,0.0,0.0,0.0,0.0,0.0,6.0,3.0,6.0,0.0,0.0,0.0,0.0,1.0,6.0,0.0,2.0,3.0,26.0,14.0,14.0,10.0,23.0,40.0,29.0
539,1.0,539.0,London_291,dim5,151,453,1092.0,70.0,2.0,174858.0,1.5517913571093231,839.0,90.0,1.0,89.0,161.0,9.0,152.0,233.0,228.0,110.0,15.0,67.0,7.0,20.0,0.0,6.0,7.0,69.0,152.0,225.0,41.0,0.0,0.0,0.0,0.0,0.0,0.0,0.0,0.0,0.0,0.0,0.0,0.0,0.0,0.0,0.0,0.0,0.0,0.0,0.0,0.0,0.0,0.0,0.0,0.0,0.0,0.0,0.0,0.0,0.0,0.0,0.0,0.0,0.0,0.0,0.0,0.0,0.0,0.0,4.0,4.0,1.0,0.0,0.0,15.0,9.0,9.0,8.0,20.0,15.0,19.0,0.0,0.0,0.0,0.0,0.0,0.0,0.0,0.0,0.0,0.0,0.0,0.0,0.0,0.0,0.0,0.0,0.0,0.0,5.0,5.0,1.0,0.0,0.0,21.0,14.0,10.0,10.0,26.0,21.0,26.0
540,1.0,540.0,London_291,dim5,151,453,1092.0,70.0,2.0,176217.0,1.6414973600767553,842.0,170.0,2.0,168.0,299.0,17.0,282.0,161.0,250.0,102.0,14.0,64.0,7.0,11.0,2.0,3.0,5.0,69.0,146.0,233.0,45.0,0.0,0.0,0.0,0.0,0.0,0.0,0.0,0.0,0.0,0.0,0.0,0.0,0.0,0.0,0.0,0.0,0.0,0.0,0.0,0.0,0.0,0.0,0.0,0.0,0.0,0.0,0.0,0.0,0.0,0.0,0.0,0.0,0.0,0.0,0.0,0.0,0.0,0.0,1.0,26.0,2.0,2.0,0.0,18.0,6.0,4.0,12.0,45.0,22.0,18.0,0.0,0.0,0.0,0.0,0.0,0.0,0.0,0.0,0.0,0.0,0.0,0.0,0.0,0.0,0.0,0.0,0.0,0.0,1.0,35.0,2.0,2.0,0.0,25.0,6.0,4.0,16.0,63.0,31.0,22.0
541,1.0,541.0,London_291,dim5,151,453,1092.0,70.0,2.0,129105.0,1.3591181898955256,738.0,161.0,2.0,159.0,290.0,18.0,272.0,299.0,200.0,111.0,22.0,85.0,4.0,26.0,1.0,4.0,3.0,79.0,140.0,231.0,40.0,0.0,0.0,0.0,0.0,0.0,0.0,0.0,0.0,0.0,0.0,0.0,0.0,0.0,0.0,0.0,0.0,0.0,0.0,0.0,0.0,0.0,0.0,0.0,0.0,0.0,0.0,0.0,0.0,0.0,0.0,0.0,0.0,0.0,0.0,1.0,0.0,0.0,0.0,1.0,10.0,0.0,0.0,4.0,25.0,13.0,9.0,11.0,37.0,38.0,18.0,0.0,0.0,0.0,0.0,0.0,0.0,0.0,0.0,0.0,0.0,0.0,0.0,0.0,0.0,3.0,0.0,0.0,0.0,2.0,13.0,0.0,0.0,4.0,36.0,17.0,12.0,17.0,51.0,50.0,21.0
542,1.0,542.0,London_291,dim5,151,453,1092.0,70.0,2.0,81087.0,0.4398787228856236,632.0,18.0,0.0,18.0,29.0,0.0,29.0,290.0,195.0,123.0,23.0,80.0,5.0,20.0,1.0,6.0,3.0,91.0,147.0,212.0,34.0,0.0,0.0,0.0,0.0,0.0,0.0,0.0,0.0,0.0,0.0,0.0,0.0,0.0,0.0,0.0,0.0,0.0,0.0,0.0,0.0,0.0,0.0,0.0,0.0,0.0,0.0,0.0,0.0,0.0,0.0,0.0,0.0,0.0,0.0,0.0,0.0,0.0,0.0,0.0,1.0,0.0,0.0,0.0,3.0,0.0,3.0,1.0,1.0,4.0,6.0,0.0,0.0,0.0,0.0,0.0,0.0,0.0,0.0,0.0,0.0,0.0,0.0,0.0,0.0,0.0,0.0,0.0,0.0,0.0,1.0,0.0,0.0,0.0,5.0,0.0,3.0,1.0,1.0,8.0,7.0
543,1.0,543.0,London_291,dim5,151,453,1092.0,70.0,2.0,102831.0,0.6536485280375928,680.0,10.0,0.0,10.0,16.0,0.0,16.0,29.0,190.0,122.0,22.0,80.0,7.0,24.0,1.0,7.0,3.0,92.0,145.0,213.0,37.0,0.0,0.0,0.0,0.0,0.0,0.0,0.0,0.0,0.0,0.0,0.0,0.0,0.0,0.0,0.0,0.0,0.0,0.0,0.0,0.0,0.0,0.0,0.0,0.0,0.0,0.0,0.0,0.0,0.0,0.0,0.0,0.0,0.0,0.0,0.0,0.0,0.0,0.0,1.0,1.0,0.0,0.0,0.0,2.0,1.0,0.0,1.0,2.0,1.0,3.0,0.0,0.0,0.0,0.0,0.0,0.0,0.0,0.0,0.0,0.0,0.0,0.0,0.0,0.0,0.0,0.0,0.0,0.0,2.0,2.0,0.0,0.0,0.0,4.0,1.0,0.0,4.0,3.0,1.0,3.0
544,1.0,544.0,London_291,dim5,151,453,1092.0,70.0,2.0,135447.0,1.405669217929244,752.0,71.0,2.0,69.0,139.0,19.0,120.0,16.0,192.0,118.0,22.0,79.0,9.0,25.0,1.0,7.0,3.0,93.0,150.0,207.0,35.0,0.0,0.0,0.0,0.0,0.0,0.0,0.0,0.0,0.0,0.0,0.0,0.0,0.0,0.0,0.0,0.0,0.0,0.0,0.0,0.0,0.0,0.0,0.0,0.0,0.0,0.0,0.0,0.0,0.0,0.0,0.0,0.0,0.0,0.0,2.0,0.0,0.0,0.0,1.0,11.0,3.0,0.0,0.0,7.0,8.0,3.0,5.0,13.0,16.0,15.0,0.0,0.0,0.0,0.0,0.0,0.0,0.0,0.0,0.0,0.0,0.0,0.0,0.0,0.0,12.0,0.0,0.0,0.0,1.0,16.0,4.0,0.0,0.0,11.0,10.0,4.0,6.0,17.0,24.0,18.0
545,1.0,545.0,London_291,dim5,151,453,1092.0,70.0,2.0,142695.0,1.1846804928500205,768.0,79.0,0.0,79.0,129.0,0.0,129.0,139.0,212.0,117.0,25.0,71.0,6.0,11.0,2.0,9.0,5.0,77.0,152.0,219.0,47.0,0.0,0.0,0.0,0.0,0.0,0.0,0.0,0.0,0.0,0.0,0.0,0.0,0.0,0.0,0.0,0.0,0.0,0.0,0.0,0.0,0.0,0.0,0.0,0.0,0.0,0.0,0.0,0.0,0.0,0.0,0.0,0.0,0.0,0.0,0.0,0.0,0.0,0.0,3.0,7.0,0.0,1.0,0.0,6.0,5.0,9.0,12.0,19.0,22.0,18.0,0.0,0.0,0.0,0.0,0.0,0.0,0.0,0.0,0.0,0.0,0.0,0.0,0.0,0.0,0.0,0.0,0.0,0.0,3.0,8.0,0.0,2.0,0.0,7.0,6.0,9.0,17.0,24.0,32.0,22.0
546,1.0,546.0,London_291,dim5,151,453,1092.0,70.0,2.0,150849.0,2.0048496210947633,786.0,32.0,2.0,30.0,79.0,19.0,60.0,129.0,209.0,120.0,32.0,63.0,9.0,10.0,2.0,8.0,6.0,84.0,153.0,210.0,50.0,0.0,0.0,0.0,0.0,0.0,0.0,0.0,0.0,0.0,1.0,0.0,1.0,0.0,0.0,0.0,0.0,0.0,0.0,1.0,0.0,0.0,0.0,0.0,0.0,0.0,0.0,0.0,0.0,1.0,0.0,0.0,1.0,0.0,1.0,0.0,0.0,0.0,0.0,0.0,3.0,0.0,0.0,0.0,1.0,1.0,1.0,4.0,5.0,3.0,4.0,0.0,0.0,0.0,0.0,0.0,0.0,0.0,0.0,3.0,0.0,0.0,2.0,0.0,9.0,0.0,0.0,0.0,0.0,0.0,5.0,0.0,0.0,0.0,1.0,2.0,1.0,4.0,8.0,4.0,4.0
547,1.0,547.0,London_291,dim5,151,453,1092.0,70.0,2.0,171234.0,2.274705421179533,831.0,122.0,0.0,122.0,216.0,0.0,216.0,72.0,211.0,114.0,33.0,65.0,10.0,12.0,2.0,6.0,5.0,79.0,150.0,219.0,48.0,0.0,0.0,0.0,0.0,0.0,0.0,0.0,0.0,0.0,0.0,0.0,0.0,0.0,0.0,0.0,0.0,0.0,0.0,0.0,0.0,0.0,0.0,0.0,0.0,0.0,0.0,0.0,0.0,0.0,0.0,0.0,0.0,0.0,0.0,0.0,0.0,0.0,0.0,1.0,20.0,3.0,1.0,5.0,2.0,14.0,4.0,18.0,24.0,25.0,27.0,0.0,0.0,0.0,0.0,0.0,0.0,0.0,0.0,0.0,0.0,0.0,0.0,0.0,0.0,0.0,0.0,0.0,0.0,1.0,29.0,3.0,2.0,5.0,4.0,18.0,4.0,21.0,40.0,40.0,34.0
548,1.0,548.0,London_291,dim5,151,453,1092.0,70.0,2.0,162174.0,1.1077024370897561,811.0,104.0,0.0,104.0,174.0,0.0,174.0,216.0,222.0,113.0,18.0,69.0,9.0,16.0,1.0,5.0,4.0,82.0,149.0,218.0,44.0,0.0,0.0,0.0,0.0,0.0,0.0,0.0,0.0,0.0,0.0,0.0,0.0,0.0,0.0,0.0,0.0,0.0,0.0,0.0,0.0,0.0,0.0,0.0,0.0,0.0,0.0,0.0,0.0,0.0,0.0,0.0,0.0,0.0,0.0,0.0,0.0,0.0,0.0,0.0,4.0,0.0,3.0,0.0,5.0,6.0,9.0,6.0,21.0,24.0,20.0,0.0,0.0,0.0,0.0,0.0,0.0,0.0,0.0,0.0,0.0,0.0,0.0,0.0,0.0,0.0,0.0,0.0,0.0,0.0,5.0,0.0,5.0,0.0,6.0,9.0,17.0,7.0,28.0,34.0,25.0
549,1.0,549.0,London_291,dim5,151,453,1092.0,70.0,2.0,158097.0,1.062273764051497,802.0,24.0,0.0,24.0,43.0,0.0,43.0,174.0,236.0,101.0,17.0,71.0,9.0,13.0,1.0,5.0,3.0,81.0,141.0,228.0,42.0,0.0,0.0,0.0,0.0,0.0,0.0,0.0,0.0,0.0,0.0,0.0,0.0,0.0,0.0,0.0,0.0,0.0,0.0,0.0,0.0,0.0,0.0,0.0,0.0,0.0,0.0,0.0,0.0,0.0,0.0,0.0,0.0,0.0,0.0,0.0,0.0,0.0,0.0,0.0,2.0,0.0,2.0,0.0,5.0,1.0,1.0,4.0,2.0,4.0,6.0,0.0,0.0,0.0,0.0,0.0,0.0,0.0,0.0,0.0,0.0,0.0,0.0,0.0,0.0,0.0,0.0,0.0,0.0,0.0,4.0,0.0,2.0,0.0,6.0,2.0,1.0,6.0,3.0,6.0,6.0
550,1.0,550.0,London_291,dim5,151,453,1092.0,70.0,2.0,192978.0,2.1245889568235725,879.0,122.0,2.0,120.0,226.0,18.0,208.0,43.0,240.0,105.0,19.0,63.0,9.0,9.0,1.0,7.0,4.0,78.0,143.0,228.0,48.0,0.0,0.0,0.0,0.0,0.0,0.0,0.0,0.0,0.0,0.0,0.0,0.0,0.0,0.0,0.0,0.0,0.0,0.0,0.0,0.0,0.0,0.0,0.0,0.0,0.0,0.0,0.0,0.0,0.0,0.0,0.0,0.0,1.0,0.0,1.0,0.0,0.0,0.0,1.0,4.0,0.0,1.0,15.0,11.0,11.0,5.0,9.0,28.0,16.0,12.0,0.0,0.0,0.0,0.0,0.0,0.0,0.0,0.0,0.0,0.0,0.0,0.0,8.0,0.0,1.0,0.0,0.0,0.0,1.0,6.0,0.0,1.0,17.0,17.0,13.0,5.0,15.0,41.0,21.0,20.0
551,1.0,551.0,London_291,dim5,151,453,1092.0,70.0,2.0,186636.0,1.5072008459828794,865.0,71.0,0.0,71.0,122.0,0.0,122.0,226.0,234.0,106.0,14.0,66.0,2.0,17.0,2.0,12.0,5.0,80.0,154.0,214.0,37.0,0.0,0.0,0.0,0.0,0.0,0.0,0.0,0.0,0.0,0.0,0.0,0.0,0.0,0.0,0.0,0.0,0.0,0.0,0.0,0.0,0.0,0.0,0.0,0.0,0.0,0.0,0.0,0.0,0.0,0.0,0.0,0.0,0.0,0.0,0.0,0.0,0.0,0.0,4.0,1.0,0.0,3.0,0.0,7.0,9.0,1.0,8.0,13.0,17.0,12.0,0.0,0.0,0.0,0.0,0.0,0.0,0.0,0.0,0.0,0.0,0.0,0.0,0.0,0.0,0.0,0.0,0.0,0.0,6.0,1.0,0.0,5.0,0.0,9.0,13.0,1.0,12.0,21.0,23.0,15.0
552,1.0,552.0,London_291,dim5,151,453,1092.0,70.0,2.0,199773.0,1.2503570751287043,894.0,105.0,2.0,103.0,197.0,20.0,177.0,122.0,240.0,107.0,18.0,57.0,5.0,10.0,2.0,14.0,5.0,76.0,152.0,220.0,36.0,0.0,0.0,0.0,0.0,0.0,0.0,0.0,0.0,0.0,0.0,0.0,0.0,0.0,0.0,0.0,0.0,0.0,0.0,0.0,0.0,0.0,0.0,0.0,0.0,0.0,0.0,0.0,0.0,0.0,0.0,0.0,0.0,0.0,1.0,2.0,0.0,0.0,0.0,11.0,2.0,0.0,2.0,3.0,11.0,6.0,6.0,7.0,17.0,23.0,30.0,0.0,0.0,0.0,0.0,0.0,0.0,0.0,0.0,0.0,0.0,0.0,0.0,0.0,6.0,9.0,0.0,0.0,0.0,14.0,3.0,0.0,2.0,4.0,15.0,10.0,8.0,8.0,28.0,32.0,38.0
553,1.0,553.0,London_291,dim5,151,453,1092.0,70.0,2.0,183012.0,1.1712411760818213,857.0,136.0,2.0,134.0,251.0,18.0,233.0,197.0,227.0,122.0,20.0,43.0,7.0,15.0,0.0,19.0,4.0,77.0,144.0,228.0,33.0,0.0,0.0,0.0,0.0,0.0,0.0,0.0,0.0,0.0,0.0,0.0,0.0,0.0,0.0,0.0,0.0,0.0,0.0,0.0,0.0,0.0,0.0,0.0,0.0,0.0,0.0,0.0,0.0,0.0,0.0,0.0,0.0,0.0,0.0,0.0,0.0,0.0,0.0,6.0,6.0,4.0,3.0,0.0,12.0,6.0,3.0,6.0,27.0,34.0,14.0,0.0,0.0,0.0,0.0,0.0,0.0,0.0,0.0,0.0,0.0,0.0,0.0,0.0,0.0,0.0,0.0,0.0,0.0,6.0,10.0,4.0,5.0,0.0,15.0,10.0,5.0,9.0,35.0,51.0,20.0
554,1.0,554.0,London_291,dim5,151,453,1092.0,70.0,2.0,163080.0,1.2705922229215503,813.0,147.0,2.0,145.0,272.0,19.0,253.0,251.0,193.0,115.0,24.0,72.0,5.0,31.0,0.0,13.0,7.0,79.0,134.0,233.0,38.0,0.0,0.0,0.0,0.0,0.0,0.0,0.0,0.0,0.0,0.0,0.0,0.0,0.0,0.0,0.0,0.0,0.0,0.0,0.0,0.0,0.0,0.0,0.0,0.0,0.0,0.0,0.0,0.0,1.0,0.0,0.0,1.0,0.0,1.0,1.0,0.0,0.0,0.0,4.0,17.0,4.0,3.0,0.0,17.0,7.0,9.0,15.0,26.0,31.0,20.0,0.0,0.0,0.0,0.0,0.0,0.0,0.0,0.0,4.0,0.0,0.0,4.0,0.0,7.0,5.0,0.0,0.0,0.0,5.0,24.0,4.0,4.0,0.0,21.0,10.0,12.0,21.0,39.0,47.0,25.0
555,1.0,555.0,London_291,dim5,151,453,1092.0,70.0,2.0,119592.0,0.6704150638543069,717.0,99.0,1.0,98.0,174.0,8.0,166.0,272.0,194.0,116.0,18.0,69.0,7.0,39.0,1.0,9.0,5.0,80.0,153.0,215.0,37.0,0.0,0.0,0.0,0.0,0.0,0.0,0.0,0.0,0.0,0.0,0.0,0.0,0.0,0.0,0.0,0.0,0.0,0.0,0.0,0.0,0.0,0.0,0.0,0.0,0.0,0.0,0.0,0.0,0.0,1.0,0.0,1.0,1.0,0.0,1.0,0.0,0.0,0.0,7.0,1.0,0.0,0.0,0.0,10.0,13.0,11.0,10.0,22.0,26.0,22.0,0.0,0.0,0.0,0.0,0.0,0.0,0.0,0.0,0.0,1.0,0.0,2.0,6.0,0.0,3.0,0.0,0.0,0.0,9.0,2.0,0.0,0.0,0.0,15.0,19.0,13.0,14.0,32.0,37.0,27.0
556,1.0,556.0,London_291,dim5,151,453,1092.0,70.0,2.0,97848.0,0.9603989541064948,669.0,73.0,0.0,73.0,119.0,0.0,119.0,174.0,207.0,127.0,16.0,49.0,7.0,37.0,1.0,9.0,5.0,79.0,158.0,211.0,45.0,0.0,0.0,0.0,0.0,0.0,0.0,0.0,0.0,0.0,0.0,0.0,0.0,0.0,0.0,0.0,0.0,0.0,0.0,0.0,0.0,0.0,0.0,0.0,0.0,0.0,0.0,0.0,0.0,0.0,0.0,0.0,0.0,0.0,0.0,0.0,0.0,0.0,0.0,4.0,5.0,0.0,1.0,1.0,7.0,10.0,10.0,7.0,19.0,16.0,7.0,0.0,0.0,0.0,0.0,0.0,0.0,0.0,0.0,0.0,0.0,0.0,0.0,0.0,0.0,0.0,0.0,0.0,0.0,5.0,8.0,0.0,2.0,1.0,8.0,15.0,14.0,7.0,28.0,24.0,10.0
557,1.0,557.0,London_291,dim5,151,453,1092.0,70.0,2.0,83352.0,0.4554908871650696,637.0,17.0,2.0,15.0,43.0,17.0,26.0,119.0,214.0,124.0,18.0,38.0,10.0,39.0,0.0,10.0,8.0,71.0,168.0,206.0,53.0,0.0,0.0,0.0,0.0,0.0,0.0,0.0,0.0,0.0,0.0,0.0,0.0,0.0,0.0,0.0,0.0,0.0,0.0,0.0,0.0,0.0,0.0,0.0,0.0,0.0,0.0,0.0,0.0,0.0,1.0,0.0,0.0,0.0,1.0,1.0,0.0,0.0,0.0,2.0,0.0,1.0,0.0,0.0,4.0,2.0,1.0,1.0,1.0,4.0,5.0,0.0,0.0,0.0,0.0,0.0,0.0,0.0,0.0,0.0,6.0,0.0,0.0,0.0,7.0,2.0,0.0,0.0,0.0,2.0,0.0,2.0,0.0,0.0,6.0,3.0,2.0,1.0,2.0,4.0,7.0
558,1.0,558.0,London_291,dim5,151,453,1092.0,70.0,2.0,108267.0,1.0983272141311318,692.0,111.0,0.0,111.0,193.0,0.0,193.0,43.0,215.0,128.0,20.0,44.0,7.0,31.0,1.0,7.0,7.0,68.0,163.0,215.0,50.0,0.0,0.0,0.0,0.0,0.0,0.0,0.0,0.0,0.0,0.0,0.0,0.0,0.0,0.0,0.0,0.0,0.0,0.0,0.0,0.0,0.0,0.0,0.0,0.0,0.0,0.0,0.0,0.0,0.0,0.0,0.0,0.0,0.0,0.0,0.0,0.0,0.0,0.0,3.0,14.0,1.0,1.0,1.0,10.0,12.0,12.0,11.0,16.0,27.0,22.0,0.0,0.0,0.0,0.0,0.0,0.0,0.0,0.0,0.0,0.0,0.0,0.0,0.0,0.0,0.0,0.0,0.0,0.0,3.0,16.0,1.0,1.0,1.0,13.0,16.0,18.0,12.0,23.0,40.0,29.0
559,1.0,559.0,London_291,dim5,151,453,1092.0,70.0,2.0,82446.0,0.6036868512164801,635.0,7.0,0.0,7.0,10.0,0.0,10.0,193.0,228.0,113.0,13.0,51.0,6.0,31.0,2.0,9.0,8.0,86.0,151.0,208.0,41.0,0.0,0.0,0.0,0.0,0.0,0.0,0.0,0.0,0.0,0.0,0.0,0.0,0.0,0.0,0.0,0.0,0.0,0.0,0.0,0.0,0.0,0.0,0.0,0.0,0.0,0.0,0.0,0.0,0.0,0.0,0.0,0.0,0.0,0.0,0.0,0.0,0.0,0.0,0.0,0.0,0.0,0.0,0.0,0.0,0.0,0.0,0.0,0.0,1.0,1.0,0.0,0.0,0.0,0.0,0.0,0.0,0.0,0.0,0.0,0.0,0.0,0.0,0.0,0.0,0.0,0.0,0.0,0.0,0.0,0.0,0.0,0.0,0.0,0.0,0.0,0.0,0.0,0.0,1.0,1.0
560,1.0,560.0,London_291,dim5,151,453,1092.0,70.0,2.0,118686.0,0.8921628878451884,715.0,80.0,0.0,80.0,126.0,0.0,126.0,10.0,228.0,113.0,12.0,51.0,6.0,32.0,2.0,9.0,8.0,85.0,152.0,208.0,40.0,0.0,0.0,0.0,0.0,0.0,0.0,0.0,0.0,0.0,0.0,0.0,0.0,0.0,0.0,0.0,0.0,0.0,0.0,0.0,0.0,0.0,0.0,0.0,0.0,0.0,0.0,0.0,0.0,0.0,0.0,0.0,0.0,0.0,0.0,0.0,0.0,0.0,0.0,9.0,3.0,0.0,1.0,3.0,4.0,9.0,10.0,10.0,17.0,17.0,18.0,0.0,0.0,0.0,0.0,0.0,0.0,0.0,0.0,0.0,0.0,0.0,0.0,0.0,0.0,0.0,0.0,0.0,0.0,13.0,4.0,0.0,1.0,3.0,7.0,12.0,13.0,11.0,23.0,25.0,20.0
561,1.0,561.0,London_291,dim5,151,453,1092.0,70.0,2.0,130464.0,0.8690315950661898,741.0,0.0,0.0,0.0,0.0,0.0,0.0,126.0,231.0,126.0,7.0,38.0,10.0,35.0,1.0,5.0,9.0,87.0,159.0,198.0,58.0,0.0,0.0,0.0,0.0,0.0,0.0,0.0,0.0,0.0,0.0,0.0,0.0,0.0,0.0,0.0,0.0,0.0,0.0,0.0,0.0,0.0,0.0,0.0,0.0,0.0,0.0,0.0,0.0,0.0,0.0,0.0,0.0,0.0,0.0,0.0,0.0,0.0,0.0,0.0,0.0,0.0,0.0,0.0,0.0,0.0,0.0,0.0,0.0,0.0,0.0,0.0,0.0,0.0,0.0,0.0,0.0,0.0,0.0,0.0,0.0,0.0,0.0,0.0,0.0,0.0,0.0,0.0,0.0,0.0,0.0,0.0,0.0,0.0,0.0,0.0,0.0,0.0,0.0,0.0,0.0
562,1.0,562.0,London_291,dim5,151,453,1092.0,70.0,2.0,182559.0,1.3570032429415733,856.0,93.0,0.0,93.0,156.0,0.0,156.0,0.0,231.0,126.0,7.0,38.0,10.0,35.0,1.0,5.0,9.0,87.0,159.0,198.0,58.0,0.0,0.0,0.0,0.0,0.0,0.0,0.0,0.0,0.0,0.0,0.0,0.0,0.0,0.0,0.0,0.0,0.0,0.0,0.0,0.0,0.0,0.0,0.0,0.0,0.0,0.0,0.0,0.0,0.0,0.0,0.0,0.0,0.0,0.0,0.0,0.0,0.0,0.0,2.0,8.0,2.0,0.0,2.0,8.0,8.0,5.0,15.0,16.0,24.0,17.0,0.0,0.0,0.0,0.0,0.0,0.0,0.0,0.0,0.0,0.0,0.0,0.0,0.0,0.0,0.0,0.0,0.0,0.0,3.0,10.0,2.0,0.0,3.0,12.0,9.0,6.0,21.0,25.0,37.0,21.0
563,1.0,563.0,London_291,dim5,151,453,1092.0,70.0,2.0,189354.0,1.4395988069009036,871.0,35.0,2.0,33.0,75.0,20.0,55.0,156.0,224.0,124.0,12.0,37.0,12.0,40.0,2.0,2.0,10.0,84.0,161.0,198.0,42.0,0.0,0.0,0.0,0.0,0.0,0.0,0.0,0.0,0.0,0.0,0.0,0.0,0.0,0.0,0.0,0.0,0.0,0.0,0.0,0.0,0.0,0.0,0.0,0.0,0.0,0.0,0.0,0.0,0.0,0.0,0.0,2.0,0.0,0.0,1.0,0.0,0.0,0.0,1.0,1.0,0.0,0.0,0.0,5.0,3.0,0.0,4.0,6.0,4.0,5.0,0.0,0.0,0.0,0.0,0.0,0.0,0.0,0.0,0.0,0.0,0.0,6.0,0.0,0.0,4.0,0.0,0.0,0.0,2.0,1.0,0.0,0.0,0.0,7.0,4.0,0.0,5.0,10.0,5.0,6.0
564,1.0,564.0,London_291,dim5,151,453,1092.0,70.0,2.0,232389.0,1.7690824388992041,966.0,108.0,1.0,107.0,185.0,10.0,175.0,75.0,226.0,143.0,4.0,32.0,9.0,35.0,2.0,2.0,6.0,88.0,162.0,197.0,39.0,0.0,0.0,0.0,0.0,0.0,0.0,0.0,0.0,0.0,0.0,0.0,0.0,0.0,0.0,0.0,0.0,0.0,0.0,0.0,0.0,0.0,0.0,0.0,0.0,0.0,0.0,0.0,0.0,0.0,0.0,0.0,0.0,0.0,0.0,0.0,0.0,0.0,0.0,0.0,0.0,1.0,1.0,0.0,4.0,7.0,8.0,11.0,21.0,25.0,26.0,0.0,0.0,0.0,0.0,0.0,0.0,0.0,0.0,0.0,0.0,0.0,0.0,0.0,0.0,0.0,0.0,0.0,0.0,0.0,0.0,1.0,1.0,0.0,4.0,9.0,10.0,15.0,30.0,37.0,33.0
565,1.0,565.0,London_291,dim5,151,453,1092.0,70.0,2.0,229671.0,1.5513720309827477,960.0,117.0,1.0,116.0,210.0,8.0,202.0,185.0,208.0,118.0,14.0,57.0,7.0,42.0,2.0,5.0,4.0,73.0,149.0,227.0,36.0,0.0,0.0,0.0,0.0,0.0,0.0,0.0,0.0,0.0,0.0,0.0,0.0,0.0,0.0,0.0,0.0,0.0,0.0,0.0,0.0,0.0,0.0,0.0,0.0,0.0,0.0,0.0,0.0,0.0,0.0,0.0,0.0,0.0,0.0,1.0,0.0,0.0,0.0,0.0,0.0,0.0,2.0,2.0,7.0,7.0,1.0,12.0,19.0,21.0,11.0,0.0,0.0,0.0,0.0,0.0,0.0,0.0,0.0,0.0,0.0,0.0,0.0,0.0,0.0,5.0,0.0,0.0,0.0,0.0,0.0,0.0,4.0,3.0,11.0,8.0,2.0,14.0,26.0,30.0,15.0
566,1.0,566.0,London_291,dim5,151,453,1092.0,70.0,2.0,214722.0,2.1206436320208013,927.0,160.0,2.0,158.0,303.0,18.0,285.0,210.0,202.0,109.0,17.0,61.0,10.0,44.0,3.0,7.0,8.0,82.0,158.0,205.0,45.0,0.0,0.0,0.0,0.0,0.0,0.0,0.0,0.0,0.0,0.0,0.0,0.0,0.0,0.0,0.0,0.0,0.0,0.0,0.0,0.0,0.0,0.0,0.0,0.0,0.0,0.0,0.0,0.0,0.0,0.0,0.0,0.0,1.0,1.0,1.0,0.0,0.0,0.0,0.0,6.0,2.0,3.0,4.0,9.0,5.0,2.0,13.0,31.0,34.0,17.0,0.0,0.0,0.0,0.0,0.0,0.0,0.0,0.0,0.0,0.0,0.0,0.0,4.0,5.0,4.0,0.0,0.0,0.0,0.0,6.0,2.0,4.0,4.0,13.0,9.0,4.0,18.0,44.0,53.0,23.0
567,1.0,567.0,London_291,dim5,151,453,1092.0,70.0,2.0,182559.0,1.2755745390895754,856.0,183.0,2.0,181.0,324.0,18.0,306.0,303.0,171.0,107.0,19.0,98.0,4.0,46.0,1.0,7.0,2.0,88.0,152.0,211.0,41.0,0.0,0.0,0.0,0.0,0.0,0.0,0.0,0.0,0.0,0.0,0.0,0.0,0.0,0.0,0.0,0.0,0.0,0.0,0.0,0.0,0.0,0.0,0.0,0.0,0.0,0.0,0.0,0.0,0.0,0.0,0.0,1.0,0.0,1.0,0.0,0.0,0.0,0.0,2.0,2.0,0.0,3.0,0.0,17.0,7.0,2.0,12.0,38.0,45.0,37.0,0.0,0.0,0.0,0.0,0.0,0.0,0.0,0.0,0.0,0.0,0.0,2.0,0.0,6.0,0.0,0.0,0.0,0.0,2.0,3.0,0.0,3.0,0.0,24.0,9.0,2.0,16.0,56.0,68.0,48.0
568,1.0,568.0,London_291,dim5,151,453,1092.0,70.0,2.0,135447.0,0.7413268990349025,752.0,55.0,0.0,55.0,91.0,0.0,91.0,324.0,141.0,136.0,14.0,89.0,10.0,53.0,2.0,8.0,3.0,91.0,135.0,224.0,52.0,0.0,0.0,0.0,0.0,0.0,0.0,0.0,0.0,0.0,0.0,0.0,0.0,0.0,0.0,0.0,0.0,0.0,0.0,0.0,0.0,0.0,0.0,0.0,0.0,0.0,0.0,0.0,0.0,0.0,0.0,0.0,0.0,0.0,0.0,0.0,0.0,0.0,0.0,6.0,0.0,0.0,4.0,0.0,6.0,2.0,1.0,6.0,16.0,11.0,7.0,0.0,0.0,0.0,0.0,0.0,0.0,0.0,0.0,0.0,0.0,0.0,0.0,0.0,0.0,0.0,0.0,0.0,0.0,7.0,0.0,0.0,6.0,0.0,9.0,3.0,2.0,6.0,24.0,15.0,10.0
569,1.0,569.0,London_291,dim5,151,453,1092.0,70.0,2.0,143148.0,0.9074793739710003,769.0,119.0,0.0,119.0,204.0,0.0,204.0,91.0,149.0,153.0,5.0,76.0,8.0,55.0,0.0,7.0,3.0,93.0,130.0,227.0,58.0,0.0,0.0,0.0,0.0,0.0,0.0,0.0,0.0,0.0,0.0,0.0,0.0,0.0,0.0,0.0,0.0,0.0,0.0,0.0,0.0,0.0,0.0,0.0,0.0,0.0,0.0,0.0,0.0,0.0,0.0,0.0,0.0,0.0,0.0,0.0,0.0,0.0,0.0,5.0,10.0,0.0,3.0,0.0,9.0,9.0,3.0,6.0,28.0,22.0,18.0,0.0,0.0,0.0,0.0,0.0,0.0,0.0,0.0,0.0,0.0,0.0,0.0,0.0,0.0,0.0,0.0,0.0,0.0,7.0,14.0,0.0,5.0,0.0,9.0,12.0,4.0,9.0,46.0,30.0,22.0
570,1.0,570.0,London_291,dim5,151,453,1092.0,70.0,2.0,113250.0,0.7000422610435635,703.0,65.0,2.0,63.0,127.0,16.0,111.0,204.0,151.0,142.0,19.0,56.0,8.0,69.0,0.0,8.0,10.0,86.0,146.0,211.0,59.0,0.0,0.0,0.0,0.0,0.0,0.0,0.0,0.0,0.0,0.0,0.0,0.0,0.0,0.0,0.0,0.0,0.0,0.0,0.0,0.0,0.0,0.0,0.0,0.0,0.0,0.0,0.0,0.0,1.0,0.0,0.0,1.0,0.0,0.0,1.0,0.0,0.0,0.0,4.0,1.0,2.0,0.0,0.0,8.0,6.0,8.0,5.0,13.0,17.0,13.0,0.0,0.0,0.0,0.0,0.0,0.0,0.0,0.0,2.0,0.0,0.0,2.0,0.0,0.0,5.0,0.0,0.0,0.0,6.0,1.0,2.0,0.0,0.0,15.0,11.0,9.0,7.0,17.0,21.0,14.0
571,1.0,571.0,London_291,dim5,151,453,1092.0,70.0,2.0,108720.0,0.6461240679491311,693.0,24.0,2.0,22.0,53.0,19.0,34.0,127.0,167.0,141.0,17.0,57.0,8.0,59.0,1.0,3.0,8.0,87.0,139.0,219.0,72.0,0.0,0.0,0.0,0.0,0.0,0.0,0.0,0.0,0.0,0.0,0.0,0.0,0.0,0.0,0.0,0.0,0.0,0.0,0.0,0.0,0.0,0.0,0.0,0.0,0.0,0.0,0.0,0.0,1.0,0.0,0.0,1.0,0.0,0.0,1.0,0.0,0.0,0.0,1.0,1.0,0.0,0.0,0.0,1.0,1.0,4.0,1.0,7.0,3.0,5.0,0.0,0.0,0.0,0.0,0.0,0.0,0.0,0.0,1.0,0.0,0.0,4.0,0.0,0.0,5.0,0.0,0.0,0.0,2.0,1.0,0.0,0.0,0.0,1.0,1.0,5.0,1.0,9.0,3.0,6.0
572,1.0,572.0,London_291,dim5,151,453,1092.0,70.0,2.0,136353.0,0.8700964897871017,754.0,69.0,1.0,68.0,125.0,9.0,116.0,53.0,166.0,140.0,20.0,61.0,6.0,54.0,1.0,5.0,6.0,98.0,128.0,221.0,64.0,0.0,0.0,0.0,0.0,0.0,0.0,0.0,0.0,0.0,0.0,0.0,0.0,0.0,0.0,0.0,0.0,0.0,0.0,0.0,0.0,0.0,0.0,0.0,0.0,0.0,0.0,0.0,0.0,1.0,0.0,0.0,1.0,0.0,0.0,1.0,0.0,0.0,0.0,2.0,0.0,0.0,0.0,3.0,9.0,6.0,10.0,5.0,13.0,12.0,14.0,0.0,0.0,0.0,0.0,0.0,0.0,0.0,0.0,2.0,0.0,0.0,8.0,0.0,0.0,5.0,0.0,0.0,0.0,2.0,0.0,0.0,0.0,3.0,12.0,7.0,13.0,7.0,17.0,15.0,17.0
573,1.0,573.0,London_291,dim5,151,453,1092.0,70.0,2.0,135447.0,0.8323071459308267,752.0,79.0,0.0,79.0,138.0,0.0,138.0,125.0,179.0,134.0,10.0,51.0,8.0,65.0,1.0,5.0,8.0,90.0,131.0,224.0,61.0,0.0,0.0,0.0,0.0,0.0,0.0,0.0,0.0,0.0,0.0,0.0,0.0,0.0,0.0,0.0,0.0,0.0,0.0,0.0,0.0,0.0,0.0,0.0,0.0,0.0,0.0,0.0,0.0,0.0,0.0,0.0,0.0,0.0,0.0,0.0,0.0,0.0,0.0,1.0,0.0,1.0,0.0,11.0,5.0,3.0,6.0,4.0,16.0,19.0,15.0,0.0,0.0,0.0,0.0,0.0,0.0,0.0,0.0,0.0,0.0,0.0,0.0,0.0,0.0,0.0,0.0,0.0,0.0,1.0,0.0,1.0,0.0,11.0,6.0,4.0,10.0,5.0,26.0,32.0,20.0
574,1.0,574.0,London_291,dim5,151,453,1092.0,70.0,2.0,136806.0,0.7713311188854277,755.0,116.0,0.0,116.0,199.0,0.0,199.0,138.0,187.0,141.0,13.0,37.0,5.0,65.0,0.0,5.0,6.0,94.0,130.0,223.0,63.0,0.0,0.0,0.0,0.0,0.0,0.0,0.0,0.0,0.0,0.0,0.0,0.0,0.0,0.0,0.0,0.0,0.0,0.0,0.0,0.0,0.0,0.0,0.0,0.0,0.0,0.0,0.0,0.0,0.0,0.0,0.0,0.0,0.0,0.0,0.0,0.0,0.0,0.0,9.0,4.0,1.0,1.0,1.0,13.0,5.0,4.0,9.0,24.0,28.0,30.0,0.0,0.0,0.0,0.0,0.0,0.0,0.0,0.0,0.0,0.0,0.0,0.0,0.0,0.0,0.0,0.0,0.0,0.0,9.0,9.0,1.0,2.0,1.0,16.0,5.0,5.0,14.0,38.0,44.0,35.0
575,1.0,575.0,London_291,dim5,151,453,1092.0,70.0,2.0,117780.0,0.7234200839884579,713.0,99.0,0.0,99.0,172.0,0.0,172.0,199.0,175.0,122.0,18.0,55.0,6.0,66.0,1.0,10.0,6.0,89.0,147.0,211.0,56.0,0.0,0.0,0.0,0.0,0.0,0.0,0.0,0.0,0.0,0.0,0.0,0.0,0.0,0.0,0.0,0.0,0.0,0.0,0.0,0.0,0.0,0.0,0.0,0.0,0.0,0.0,0.0,0.0,0.0,0.0,0.0,0.0,0.0,0.0,0.0,0.0,0.0,0.0,4.0,7.0,1.0,0.0,0.0,11.0,6.0,8.0,3.0,11.0,22.0,11.0,0.0,0.0,0.0,0.0,0.0,0.0,0.0,0.0,0.0,0.0,0.0,0.0,0.0,0.0,0.0,0.0,0.0,0.0,6.0,13.0,1.0,0.0,0.0,17.0,8.0,10.0,4.0,17.0,33.0,15.0
576,1.0,576.0,London_291,dim5,151,453,1092.0,70.0,2.0,113250.0,0.6626406582072377,703.0,2.0,2.0,0.0,17.0,17.0,0.0,172.0,179.0,135.0,12.0,40.0,13.0,62.0,3.0,9.0,12.0,80.0,159.0,202.0,52.0,0.0,0.0,0.0,0.0,0.0,0.0,0.0,0.0,0.0,0.0,0.0,0.0,0.0,0.0,0.0,0.0,0.0,0.0,0.0,0.0,0.0,0.0,0.0,0.0,0.0,0.0,0.0,0.0,0.0,0.0,0.0,1.0,0.0,0.0,1.0,0.0,0.0,0.0,0.0,0.0,0.0,0.0,0.0,0.0,0.0,0.0,0.0,0.0,0.0,0.0,0.0,0.0,0.0,0.0,0.0,0.0,0.0,0.0,0.0,0.0,0.0,5.0,0.0,0.0,1.0,0.0,0.0,0.0,0.0,0.0,0.0,0.0,0.0,0.0,0.0,0.0,0.0,0.0,0.0,0.0
577,1.0,577.0,London_291,dim5,151,453,1092.0,70.0,2.0,143601.0,1.3408234908711165,770.0,4.0,1.0,3.0,17.0,11.0,6.0,17.0,182.0,136.0,14.0,43.0,10.0,56.0,3.0,9.0,8.0,82.0,153.0,210.0,45.0,0.0,0.0,0.0,0.0,0.0,0.0,0.0,0.0,0.0,0.0,0.0,0.0,0.0,0.0,0.0,0.0,0.0,0.0,0.0,0.0,0.0,0.0,0.0,0.0,0.0,0.0,0.0,0.0,0.0,1.0,0.0,1.0,0.0,0.0,1.0,0.0,0.0,0.0,0.0,0.0,0.0,0.0,0.0,0.0,1.0,0.0,1.0,0.0,2.0,2.0,0.0,0.0,0.0,0.0,0.0,0.0,0.0,0.0,0.0,4.0,0.0,3.0,0.0,0.0,2.0,0.0,0.0,0.0,0.0,0.0,0.0,0.0,0.0,0.0,2.0,0.0,1.0,0.0,3.0,3.0
578,1.0,578.0,London_291,dim5,151,453,1092.0,70.0,2.0,184371.0,1.225002796156332,860.0,159.0,1.0,158.0,282.0,9.0,273.0,17.0,179.0,140.0,15.0,44.0,11.0,51.0,4.0,9.0,8.0,76.0,159.0,210.0,37.0,0.0,0.0,0.0,0.0,0.0,0.0,0.0,0.0,0.0,0.0,0.0,0.0,0.0,0.0,0.0,0.0,0.0,0.0,0.0,0.0,0.0,0.0,0.0,0.0,0.0,0.0,0.0,0.0,0.0,0.0,0.0,0.0,1.0,0.0,0.0,0.0,0.0,0.0,3.0,14.0,8.0,1.0,0.0,10.0,8.0,19.0,9.0,37.0,33.0,43.0,0.0,0.0,0.0,0.0,0.0,0.0,0.0,0.0,0.0,0.0,0.0,0.0,6.0,0.0,0.0,0.0,0.0,0.0,3.0,19.0,8.0,2.0,0.0,13.0,11.0,24.0,12.0,60.0,42.0,53.0
579,1.0,579.0,London_291,dim5,151,453,1092.0,70.0,2.0,152208.0,0.9785436738748103,789.0,53.0,0.0,53.0,91.0,0.0,91.0,282.0,181.0,98.0,17.0,84.0,14.0,53.0,2.0,4.0,8.0,81.0,157.0,207.0,46.0,0.0,0.0,0.0,0.0,0.0,0.0,0.0,0.0,0.0,0.0,0.0,0.0,0.0,0.0,0.0,0.0,0.0,0.0,0.0,0.0,0.0,0.0,0.0,0.0,0.0,0.0,0.0,0.0,0.0,0.0,0.0,0.0,0.0,0.0,0.0,0.0,0.0,0.0,2.0,2.0,0.0,1.0,0.0,4.0,3.0,2.0,6.0,19.0,8.0,17.0,0.0,0.0,0.0,0.0,0.0,0.0,0.0,0.0,0.0,0.0,0.0,0.0,0.0,0.0,0.0,0.0,0.0,0.0,2.0,2.0,0.0,2.0,0.0,5.0,4.0,4.0,9.0,29.0,12.0,24.0
580,1.0,580.0,London_291,dim5,151,453,1092.0,70.0,2.0,173499.0,1.5507744909264147,836.0,149.0,3.0,146.0,284.0,25.0,259.0,91.0,189.0,102.0,11.0,83.0,13.0,51.0,3.0,1.0,10.0,85.0,151.0,207.0,55.0,0.0,0.0,0.0,0.0,0.0,0.0,0.0,0.0,0.0,0.0,0.0,0.0,0.0,0.0,0.0,0.0,0.0,0.0,0.0,0.0,0.0,0.0,0.0,0.0,0.0,0.0,0.0,0.0,0.0,0.0,0.0,1.0,1.0,1.0,1.0,0.0,0.0,0.0,3.0,9.0,0.0,1.0,4.0,22.0,5.0,1.0,19.0,23.0,37.0,20.0,0.0,0.0,0.0,0.0,0.0,0.0,0.0,0.0,0.0,0.0,0.0,7.0,7.0,7.0,3.0,0.0,0.0,0.0,4.0,13.0,0.0,1.0,4.0,30.0,6.0,1.0,23.0,34.0,55.0,26.0
581,1.0,581.0,London_291,dim5,151,453,1092.0,70.0,2.0,148131.0,0.9359602381009609,780.0,13.0,1.0,12.0,25.0,9.0,16.0,284.0,191.0,101.0,24.0,83.0,5.0,39.0,1.0,9.0,5.0,68.0,162.0,218.0,33.0,0.0,0.0,0.0,0.0,0.0,0.0,0.0,0.0,0.0,0.0,0.0,0.0,0.0,0.0,0.0,0.0,0.0,0.0,0.0,0.0,0.0,0.0,0.0,0.0,0.0,0.0,0.0,0.0,0.0,0.0,0.0,0.0,0.0,0.0,0.0,0.0,0.0,0.0,0.0,0.0,0.0,0.0,0.0,2.0,2.0,0.0,0.0,2.0,2.0,2.0,0.0,0.0,0.0,0.0,0.0,0.0,0.0,0.0,0.0,0.0,0.0,0.0,0.0,0.0,0.0,0.0,0.0,0.0,0.0,0.0,0.0,0.0,0.0,3.0,2.0,0.0,0.0,3.0,2.0,2.0
582,1.0,582.0,London_291,dim5,151,453,1092.0,70.0,2.0,185277.0,1.4684816820081323,862.0,154.0,2.0,152.0,278.0,17.0,261.0,25.0,197.0,98.0,25.0,84.0,3.0,36.0,1.0,9.0,3.0,75.0,157.0,218.0,32.0,0.0,0.0,0.0,0.0,0.0,0.0,0.0,0.0,0.0,0.0,0.0,0.0,0.0,0.0,0.0,0.0,0.0,0.0,0.0,0.0,0.0,0.0,0.0,0.0,0.0,0.0,0.0,0.0,0.0,0.0,0.0,0.0,0.0,0.0,0.0,0.0,0.0,0.0,2.0,7.0,0.0,3.0,6.0,4.0,11.0,10.0,11.0,29.0,33.0,21.0,0.0,0.0,0.0,0.0,0.0,0.0,0.0,0.0,0.0,0.0,0.0,0.0,0.0,0.0,0.0,0.0,0.0,0.0,2.0,12.0,0.0,6.0,6.0,4.0,15.0,13.0,14.0,45.0,51.0,31.0
583,1.0,583.0,London_291,dim5,151,453,1092.0,70.0,2.0,155832.0,0.9853290671017021,797.0,38.0,2.0,36.0,86.0,18.0,68.0,278.0,199.0,101.0,20.0,93.0,6.0,28.0,0.0,6.0,9.0,73.0,148.0,223.0,31.0,0.0,0.0,0.0,0.0,0.0,0.0,0.0,0.0,0.0,0.0,0.0,0.0,0.0,0.0,0.0,0.0,0.0,0.0,0.0,0.0,0.0,0.0,0.0,0.0,0.0,0.0,0.0,0.0,0.0,0.0,0.0,2.0,0.0,0.0,1.0,0.0,0.0,0.0,0.0,1.0,0.0,1.0,0.0,3.0,5.0,1.0,9.0,7.0,6.0,11.0,0.0,0.0,0.0,0.0,0.0,0.0,0.0,0.0,0.0,0.0,0.0,3.0,0.0,0.0,5.0,0.0,0.0,0.0,0.0,1.0,0.0,3.0,0.0,3.0,5.0,1.0,11.0,10.0,10.0,16.0
584,1.0,584.0,London_291,dim5,151,453,1092.0,70.0,2.0,177123.0,1.662787684937939,844.0,145.0,0.0,145.0,251.0,0.0,251.0,86.0,203.0,113.0,19.0,87.0,4.0,20.0,0.0,7.0,6.0,73.0,134.0,240.0,41.0,0.0,0.0,0.0,0.0,0.0,0.0,0.0,0.0,0.0,0.0,0.0,0.0,0.0,0.0,0.0,0.0,0.0,0.0,0.0,0.0,0.0,0.0,0.0,0.0,0.0,0.0,0.0,0.0,0.0,0.0,0.0,0.0,0.0,0.0,0.0,0.0,0.0,0.0,2.0,2.0,0.0,1.0,1.0,18.0,20.0,11.0,17.0,22.0,31.0,19.0,0.0,0.0,0.0,0.0,0.0,0.0,0.0,0.0,0.0,0.0,0.0,0.0,0.0,0.0,0.0,0.0,0.0,0.0,4.0,4.0,0.0,1.0,1.0,27.0,29.0,17.0,21.0,33.0,50.0,22.0
585,1.0,585.0,London_291,dim5,151,453,1092.0,70.0,2.0,159003.0,1.0000921641476452,804.0,119.0,0.0,119.0,212.0,0.0,212.0,251.0,217.0,102.0,18.0,78.0,8.0,26.0,1.0,3.0,7.0,70.0,146.0,230.0,34.0,0.0,0.0,0.0,0.0,0.0,0.0,0.0,0.0,0.0,0.0,0.0,0.0,0.0,0.0,0.0,0.0,0.0,0.0,0.0,0.0,0.0,0.0,0.0,0.0,0.0,0.0,0.0,0.0,0.0,0.0,0.0,0.0,0.0,0.0,0.0,0.0,0.0,0.0,2.0,16.0,0.0,1.0,0.0,10.0,11.0,3.0,8.0,27.0,27.0,25.0,0.0,0.0,0.0,0.0,0.0,0.0,0.0,0.0,0.0,0.0,0.0,0.0,0.0,0.0,0.0,0.0,0.0,0.0,2.0,24.0,0.0,1.0,0.0,14.0,18.0,4.0,11.0,39.0,34.0,35.0
586,1.0,586.0,London_291,dim5,151,453,1092.0,70.0,2.0,141336.0,1.331994690001011,765.0,60.0,2.0,58.0,116.0,19.0,97.0,212.0,219.0,103.0,21.0,65.0,8.0,28.0,1.0,8.0,9.0,73.0,143.0,228.0,30.0,0.0,0.0,0.0,0.0,0.0,0.0,0.0,0.0,0.0,0.0,0.0,0.0,0.0,0.0,0.0,0.0,0.0,0.0,0.0,0.0,0.0,0.0,0.0,0.0,0.0,0.0,0.0,0.0,0.0,0.0,0.0,0.0,0.0,0.0,2.0,0.0,0.0,0.0,0.0,2.0,0.0,0.0,0.0,6.0,6.0,2.0,6.0,10.0,14.0,8.0,0.0,0.0,0.0,0.0,0.0,0.0,0.0,0.0,0.0,0.0,0.0,0.0,0.0,0.0,4.0,0.0,0.0,0.0,0.0,2.0,0.0,0.0,0.0,6.0,10.0,2.0,7.0,13.0,14.0,10.0
587,1.0,587.0,London_291,dim5,151,453,1092.0,70.0,2.0,157191.0,1.248635398922488,800.0,47.0,0.0,47.0,94.0,0.0,94.0,116.0,234.0,102.0,16.0,70.0,7.0,15.0,0.0,9.0,4.0,79.0,145.0,225.0,29.0,0.0,0.0,0.0,0.0,0.0,0.0,0.0,0.0,0.0,0.0,0.0,0.0,0.0,0.0,0.0,0.0,0.0,0.0,0.0,0.0,0.0,0.0,0.0,0.0,0.0,0.0,0.0,0.0,0.0,0.0,0.0,0.0,0.0,0.0,0.0,0.0,0.0,0.0,3.0,1.0,0.0,0.0,0.0,5.0,4.0,6.0,8.0,8.0,10.0,6.0,0.0,0.0,0.0,0.0,0.0,0.0,0.0,0.0,0.0,0.0,0.0,0.0,0.0,0.0,0.0,0.0,0.0,0.0,3.0,2.0,0.0,0.0,0.0,7.0,6.0,9.0,10.0,11.0,15.0,7.0
588,1.0,588.0,London_291,dim5,151,453,1092.0,70.0,2.0,174405.0,1.646432084031403,838.0,99.0,2.0,97.0,189.0,19.0,170.0,94.0,243.0,85.0,17.0,74.0,12.0,16.0,0.0,6.0,5.0,71.0,147.0,230.0,30.0,0.0,0.0,0.0,0.0,0.0,0.0,0.0,0.0,0.0,1.0,0.0,1.0,0.0,0.0,0.0,0.0,0.0,0.0,1.0,0.0,0.0,0.0,0.0,0.0,0.0,0.0,0.0,0.0,1.0,0.0,0.0,1.0,0.0,1.0,0.0,0.0,0.0,0.0,4.0,8.0,4.0,2.0,1.0,14.0,6.0,7.0,12.0,14.0,28.0,19.0,0.0,0.0,0.0,0.0,0.0,0.0,0.0,0.0,4.0,0.0,0.0,5.0,0.0,8.0,0.0,0.0,0.0,0.0,6.0,9.0,4.0,5.0,1.0,21.0,11.0,11.0,18.0,22.0,45.0,27.0
589,1.0,589.0,London_291,dim5,151,453,1092.0,70.0,2.0,165798.0,1.1511780109722167,819.0,93.0,0.0,93.0,160.0,0.0,160.0,184.0,242.0,83.0,18.0,71.0,13.0,14.0,1.0,11.0,6.0,67.0,134.0,246.0,38.0,0.0,0.0,0.0,0.0,0.0,0.0,0.0,0.0,0.0,0.0,0.0,0.0,0.0,0.0,0.0,0.0,0.0,0.0,0.0,0.0,0.0,0.0,0.0,0.0,0.0,0.0,0.0,0.0,0.0,0.0,0.0,0.0,0.0,0.0,0.0,0.0,0.0,0.0,2.0,7.0,0.0,2.0,1.0,6.0,15.0,3.0,7.0,21.0,25.0,13.0,0.0,0.0,0.0,0.0,0.0,0.0,0.0,0.0,0.0,0.0,0.0,0.0,0.0,0.0,0.0,0.0,0.0,0.0,4.0,9.0,0.0,3.0,2.0,9.0,21.0,4.0,9.0,28.0,33.0,17.0
590,1.0,590.0,London_291,dim5,151,453,1092.0,70.0,2.0,160362.0,1.350557287922129,807.0,108.0,0.0,108.0,190.0,0.0,190.0,160.0,257.0,75.0,20.0,64.0,9.0,12.0,2.0,14.0,8.0,80.0,144.0,221.0,29.0,0.0,0.0,0.0,0.0,0.0,0.0,0.0,0.0,0.0,0.0,0.0,0.0,0.0,0.0,0.0,0.0,0.0,0.0,0.0,0.0,0.0,0.0,0.0,0.0,0.0,0.0,0.0,0.0,0.0,0.0,0.0,0.0,0.0,0.0,0.0,0.0,0.0,0.0,5.0,10.0,0.0,2.0,3.0,13.0,11.0,10.0,9.0,27.0,25.0,22.0,0.0,0.0,0.0,0.0,0.0,0.0,0.0,0.0,0.0,0.0,0.0,0.0,0.0,0.0,0.0,0.0,0.0,0.0,5.0,13.0,0.0,3.0,4.0,18.0,16.0,12.0,15.0,39.0,38.0,29.0
591,1.0,591.0,London_291,dim5,151,453,1092.0,70.0,2.0,140883.0,1.1766693720128387,764.0,114.0,0.0,114.0,190.0,0.0,190.0,190.0,257.0,93.0,9.0,59.0,4.0,17.0,1.0,13.0,9.0,72.0,138.0,234.0,41.0,0.0,0.0,0.0,0.0,0.0,0.0,0.0,0.0,0.0,0.0,0.0,0.0,0.0,0.0,0.0,0.0,0.0,0.0,0.0,0.0,0.0,0.0,0.0,0.0,0.0,0.0,0.0,0.0,0.0,0.0,0.0,0.0,0.0,0.0,0.0,0.0,0.0,0.0,6.0,12.0,8.0,1.0,0.0,9.0,17.0,6.0,11.0,22.0,28.0,21.0,0.0,0.0,0.0,0.0,0.0,0.0,0.0,0.0,0.0,0.0,0.0,0.0,0.0,0.0,0.0,0.0,0.0,0.0,8.0,16.0,8.0,2.0,0.0,13.0,26.0,6.0,15.0,31.0,39.0,26.0
592,1.0,592.0,London_291,dim5,151,453,1092.0,70.0,2.0,122310.0,0.8547516250982881,723.0,51.0,2.0,49.0,104.0,18.0,86.0,190.0,270.0,76.0,26.0,41.0,3.0,18.0,0.0,19.0,8.0,73.0,141.0,231.0,37.0,0.0,0.0,0.0,0.0,0.0,0.0,0.0,0.0,0.0,0.0,0.0,0.0,0.0,0.0,0.0,0.0,0.0,0.0,0.0,0.0,0.0,0.0,0.0,0.0,0.0,0.0,0.0,0.0,0.0,0.0,0.0,1.0,1.0,0.0,0.0,0.0,0.0,0.0,6.0,2.0,0.0,1.0,0.0,5.0,8.0,2.0,8.0,16.0,9.0,15.0,0.0,0.0,0.0,0.0,0.0,0.0,0.0,0.0,0.0,0.0,0.0,2.0,7.0,0.0,0.0,0.0,0.0,0.0,8.0,2.0,0.0,1.0,0.0,6.0,11.0,4.0,12.0,22.0,18.0,19.0
593,1.0,593.0,London_291,dim5,151,453,1092.0,70.0,2.0,120498.0,0.8730420439969748,719.0,100.0,0.0,100.0,168.0,0.0,168.0,104.0,277.0,81.0,26.0,32.0,9.0,18.0,0.0,10.0,8.0,76.0,131.0,238.0,34.0,0.0,0.0,0.0,0.0,0.0,0.0,0.0,0.0,0.0,0.0,0.0,0.0,0.0,0.0,0.0,0.0,0.0,0.0,0.0,0.0,0.0,0.0,0.0,0.0,0.0,0.0,0.0,0.0,0.0,0.0,0.0,0.0,0.0,0.0,0.0,0.0,0.0,0.0,1.0,10.0,3.0,1.0,0.0,13.0,5.0,1.0,8.0,25.0,15.0,21.0,0.0,0.0,0.0,0.0,0.0,0.0,0.0,0.0,0.0,0.0,0.0,0.0,0.0,0.0,0.0,0.0,0.0,0.0,1.0,16.0,3.0,2.0,0.0,14.0,5.0,1.0,11.0,42.0,18.0,29.0
594,1.0,594.0,London_291,dim5,151,453,1092.0,70.0,2.0,97395.0,0.7506491770036519,668.0,26.0,2.0,24.0,56.0,20.0,36.0,168.0,291.0,62.0,14.0,43.0,7.0,24.0,1.0,11.0,5.0,70.0,146.0,232.0,29.0,0.0,0.0,0.0,0.0,0.0,0.0,0.0,0.0,0.0,0.0,0.0,0.0,0.0,0.0,0.0,0.0,0.0,0.0,0.0,0.0,0.0,0.0,0.0,0.0,0.0,0.0,0.0,0.0,0.0,1.0,0.0,2.0,0.0,1.0,2.0,0.0,0.0,0.0,1.0,4.0,0.0,0.0,0.0,0.0,1.0,1.0,5.0,2.0,5.0,6.0,0.0,0.0,0.0,0.0,0.0,0.0,0.0,0.0,0.0,2.0,0.0,7.0,0.0,9.0,7.0,0.0,0.0,0.0,1.0,5.0,0.0,0.0,0.0,0.0,2.0,2.0,6.0,2.0,6.0,7.0
595,1.0,595.0,London_291,dim5,151,453,1092.0,70.0,2.0,118233.0,0.7484124680049717,714.0,21.0,2.0,19.0,47.0,18.0,29.0,56.0,288.0,58.0,15.0,50.0,1.0,29.0,2.0,10.0,6.0,68.0,143.0,236.0,25.0,0.0,0.0,0.0,0.0,0.0,0.0,0.0,0.0,0.0,0.0,0.0,0.0,0.0,0.0,0.0,0.0,0.0,0.0,0.0,0.0,0.0,0.0,0.0,0.0,0.0,0.0,0.0,0.0,0.0,0.0,0.0,0.0,0.0,0.0,0.0,0.0,0.0,0.0,1.0,0.0,0.0,0.0,0.0,4.0,3.0,2.0,2.0,5.0,2.0,5.0,0.0,0.0,0.0,0.0,0.0,0.0,0.0,0.0,0.0,0.0,0.0,0.0,0.0,0.0,0.0,0.0,0.0,0.0,2.0,0.0,0.0,0.0,0.0,4.0,5.0,3.0,2.0,5.0,3.0,8.0
596,1.0,596.0,London_291,dim5,151,453,1092.0,70.0,2.0,152661.0,1.391211638925597,790.0,150.0,2.0,148.0,276.0,19.0,257.0,47.0,272.0,70.0,16.0,52.0,1.0,29.0,2.0,11.0,6.0,74.0,129.0,244.0,28.0,0.0,0.0,0.0,0.0,0.0,0.0,0.0,0.0,0.0,0.0,0.0,0.0,0.0,0.0,0.0,0.0,0.0,0.0,0.0,0.0,0.0,0.0,0.0,0.0,0.0,0.0,0.0,0.0,2.0,0.0,0.0,0.0,0.0,1.0,1.0,0.0,0.0,0.0,2.0,16.0,0.0,1.0,3.0,32.0,9.0,2.0,11.0,33.0,34.0,20.0,0.0,0.0,0.0,0.0,0.0,0.0,0.0,0.0,7.0,0.0,0.0,0.0,0.0,6.0,3.0,0.0,0.0,0.0,2.0,23.0,0.0,3.0,3.0,45.0,13.0,2.0,16.0,49.0,48.0,24.0
597,1.0,597.0,London_291,dim5,151,453,1092.0,70.0,2.0,120045.0,0.6328110361937433,718.0,12.0,1.0,11.0,28.0,8.0,20.0,276.0,200.0,119.0,29.0,62.0,6.0,30.0,0.0,7.0,11.0,76.0,129.0,237.0,31.0,0.0,0.0,0.0,0.0,0.0,0.0,0.0,0.0,0.0,0.0,0.0,0.0,0.0,0.0,0.0,0.0,0.0,0.0,0.0,0.0,0.0,0.0,0.0,0.0,0.0,0.0,0.0,0.0,0.0,1.0,0.0,1.0,1.0,0.0,1.0,0.0,0.0,0.0,0.0,0.0,0.0,1.0,0.0,1.0,3.0,0.0,2.0,2.0,4.0,3.0,0.0,0.0,0.0,0.0,0.0,0.0,0.0,0.0,0.0,1.0,0.0,2.0,5.0,0.0,2.0,0.0,0.0,0.0,0.0,0.0,0.0,2.0,0.0,1.0,4.0,0.0,2.0,2.0,5.0,3.0
598,1.0,598.0,London_291,dim5,151,453,1092.0,70.0,2.0,151302.0,0.8710641630459577,787.0,33.0,0.0,33.0,65.0,0.0,65.0,28.0,202.0,121.0,29.0,58.0,4.0,32.0,0.0,7.0,9.0,69.0,133.0,242.0,29.0,0.0,0.0,0.0,0.0,0.0,0.0,0.0,0.0,0.0,0.0,0.0,0.0,0.0,0.0,0.0,0.0,0.0,0.0,0.0,0.0,0.0,0.0,0.0,0.0,0.0,0.0,0.0,0.0,0.0,0.0,0.0,0.0,0.0,0.0,0.0,0.0,0.0,0.0,4.0,0.0,0.0,0.0,0.0,6.0,2.0,2.0,4.0,9.0,6.0,8.0,0.0,0.0,0.0,0.0,0.0,0.0,0.0,0.0,0.0,0.0,0.0,0.0,0.0,0.0,0.0,0.0,0.0,0.0,5.0,0.0,0.0,0.0,0.0,10.0,4.0,3.0,6.0,17.0,8.0,12.0
599,1.0,599.0,London_291,dim5,151,453,1092.0,70.0,2.0,177123.0,1.5295887731481344,844.0,113.0,2.0,111.0,237.0,17.0,220.0,65.0,207.0,119.0,28.0,54.0,4.0,33.0,0.0,8.0,7.0,74.0,131.0,241.0,38.0,0.0,0.0,0.0,0.0,0.0,0.0,0.0,0.0,0.0,0.0,0.0,0.0,0.0,0.0,0.0,0.0,0.0,0.0,0.0,0.0,0.0,0.0,0.0,0.0,0.0,0.0,0.0,0.0,0.0,1.0,0.0,0.0,0.0,1.0,1.0,0.0,0.0,0.0,2.0,6.0,0.0,5.0,4.0,18.0,4.0,5.0,16.0,16.0,24.0,14.0,0.0,0.0,0.0,0.0,0.0,0.0,0.0,0.0,0.0,4.0,0.0,0.0,0.0,3.0,1.0,0.0,0.0,0.0,2.0,11.0,0.0,7.0,6.0,30.0,5.0,6.0,21.0,24.0,38.0,20.0
600,1.0,600.0,London_291,dim5,151,453,1092.0,70.0,2.0,166251.0,1.4649538688827306,820.0,55.0,0.0,55.0,94.0,0.0,94.0,237.0,214.0,101.0,22.0,76.0,7.0,20.0,2.0,11.0,5.0,88.0,138.0,222.0,30.0,0.0,0.0,0.0,0.0,0.0,0.0,0.0,0.0,0.0,0.0,0.0,0.0,0.0,0.0,0.0,0.0,0.0,0.0,0.0,0.0,0.0,0.0,0.0,0.0,0.0,0.0,0.0,0.0,0.0,0.0,0.0,0.0,0.0,0.0,0.0,0.0,0.0,0.0,3.0,2.0,0.0,1.0,0.0,4.0,2.0,8.0,4.0,17.0,13.0,11.0,0.0,0.0,0.0,0.0,0.0,0.0,0.0,0.0,0.0,0.0,0.0,0.0,0.0,0.0,0.0,0.0,0.0,0.0,4.0,5.0,0.0,1.0,0.0,5.0,4.0,10.0,4.0,27.0,17.0,12.0
601,1.0,601.0,London_291,dim5,151,453,1092.0,70.0,2.0,185277.0,1.4377075440715998,862.0,185.0,0.0,185.0,314.0,0.0,314.0,94.0,219.0,109.0,19.0,72.0,5.0,23.0,0.0,6.0,6.0,90.0,128.0,229.0,39.0,0.0,0.0,0.0,0.0,0.0,0.0,0.0,0.0,0.0,0.0,0.0,0.0,0.0,0.0,0.0,0.0,0.0,0.0,0.0,0.0,0.0,0.0,0.0,0.0,0.0,0.0,0.0,0.0,0.0,0.0,0.0,0.0,0.0,0.0,0.0,0.0,0.0,0.0,3.0,0.0,0.0,0.0,3.0,23.0,0.0,0.0,30.0,37.0,47.0,43.0,0.0,0.0,0.0,0.0,0.0,0.0,0.0,0.0,0.0,0.0,0.0,0.0,0.0,0.0,0.0,0.0,0.0,0.0,3.0,0.0,0.0,0.0,4.0,25.0,0.0,0.0,38.0,55.0,66.0,51.0
602,1.0,602.0,London_291,dim5,151,453,1092.0,70.0,2.0,140883.0,0.8217701811809093,764.0,134.0,0.0,134.0,232.0,0.0,232.0,314.0,178.0,121.0,27.0,75.0,11.0,31.0,3.0,7.0,10.0,79.0,163.0,201.0,27.0,0.0,0.0,0.0,0.0,0.0,0.0,0.0,0.0,0.0,0.0,0.0,0.0,0.0,0.0,0.0,0.0,0.0,0.0,0.0,0.0,0.0,0.0,0.0,0.0,0.0,0.0,0.0,0.0,0.0,0.0,0.0,0.0,0.0,0.0,0.0,0.0,0.0,0.0,5.0,0.0,1.0,3.0,0.0,12.0,2.0,9.0,11.0,20.0,33.0,19.0,0.0,0.0,0.0,0.0,0.0,0.0,0.0,0.0,0.0,0.0,0.0,0.0,0.0,0.0,0.0,0.0,0.0,0.0,10.0,0.0,1.0,7.0,0.0,15.0,3.0,17.0,18.0,32.0,45.0,22.0
603,1.0,603.0,London_291,dim5,151,453,1092.0,70.0,2.0,116874.0,0.581321656005457,711.0,6.0,0.0,6.0,10.0,0.0,10.0,232.0,191.0,129.0,20.0,61.0,10.0,35.0,3.0,4.0,9.0,72.0,142.0,230.0,36.0,0.0,0.0,0.0,0.0,0.0,0.0,0.0,0.0,0.0,0.0,0.0,0.0,0.0,0.0,0.0,0.0,0.0,0.0,0.0,0.0,0.0,0.0,0.0,0.0,0.0,0.0,0.0,0.0,0.0,0.0,0.0,0.0,0.0,0.0,0.0,0.0,0.0,0.0,0.0,0.0,0.0,0.0,0.0,0.0,1.0,1.0,1.0,1.0,0.0,0.0,0.0,0.0,0.0,0.0,0.0,0.0,0.0,0.0,0.0,0.0,0.0,0.0,0.0,0.0,0.0,0.0,0.0,0.0,0.0,0.0,0.0,0.0,0.0,0.0,2.0,1.0,2.0,1.0,0.0,0.0
604,1.0,604.0,London_291,dim5,151,453,1092.0,70.0,2.0,153567.0,0.7837706278078258,792.0,54.0,0.0,54.0,95.0,0.0,95.0,10.0,189.0,132.0,19.0,59.0,10.0,35.0,3.0,6.0,9.0,74.0,145.0,225.0,37.0,0.0,0.0,0.0,0.0,0.0,0.0,0.0,0.0,0.0,0.0,0.0,0.0,0.0,0.0,0.0,0.0,0.0,0.0,0.0,0.0,0.0,0.0,0.0,0.0,0.0,0.0,0.0,0.0,0.0,0.0,0.0,0.0,0.0,0.0,0.0,0.0,0.0,0.0,0.0,2.0,0.0,1.0,0.0,6.0,5.0,1.0,12.0,11.0,14.0,9.0,0.0,0.0,0.0,0.0,0.0,0.0,0.0,0.0,0.0,0.0,0.0,0.0,0.0,0.0,0.0,0.0,0.0,0.0,0.0,2.0,0.0,1.0,0.0,6.0,10.0,1.0,17.0,16.0,23.0,12.0
605,1.0,605.0,London_291,dim5,151,453,1092.0,70.0,2.0,170328.0,1.2502682090271264,829.0,107.0,2.0,105.0,197.0,20.0,177.0,95.0,199.0,146.0,19.0,34.0,11.0,38.0,2.0,4.0,9.0,71.0,147.0,226.0,46.0,0.0,0.0,0.0,0.0,0.0,0.0,0.0,0.0,0.0,0.0,0.0,0.0,0.0,0.0,0.0,0.0,0.0,0.0,0.0,0.0,0.0,0.0,0.0,0.0,0.0,0.0,0.0,0.0,0.0,0.0,0.0,1.0,0.0,0.0,1.0,0.0,0.0,0.0,5.0,4.0,0.0,1.0,0.0,14.0,6.0,9.0,10.0,18.0,25.0,18.0,0.0,0.0,0.0,0.0,0.0,0.0,0.0,0.0,0.0,0.0,0.0,7.0,0.0,0.0,4.0,0.0,0.0,0.0,5.0,4.0,0.0,1.0,0.0,16.0,7.0,11.0,16.0,26.0,35.0,22.0
606,1.0,606.0,London_291,dim5,151,453,1092.0,70.0,2.0,165345.0,1.026699515990913,818.0,73.0,1.0,72.0,137.0,10.0,127.0,197.0,205.0,123.0,11.0,59.0,15.0,31.0,2.0,7.0,11.0,69.0,146.0,227.0,50.0,0.0,0.0,0.0,0.0,0.0,0.0,0.0,0.0,0.0,0.0,0.0,0.0,0.0,0.0,0.0,0.0,0.0,0.0,0.0,0.0,0.0,0.0,0.0,0.0,0.0,0.0,0.0,0.0,0.0,0.0,0.0,0.0,0.0,0.0,0.0,0.0,0.0,0.0,2.0,4.0,1.0,3.0,0.0,10.0,6.0,0.0,9.0,13.0,16.0,11.0,0.0,0.0,0.0,0.0,0.0,0.0,0.0,0.0,0.0,0.0,0.0,0.0,0.0,0.0,0.0,0.0,0.0,0.0,2.0,5.0,1.0,4.0,0.0,15.0,9.0,0.0,16.0,16.0,22.0,13.0
607,1.0,607.0,London_291,dim5,151,453,1092.0,70.0,2.0,175311.0,1.0468725599348545,840.0,43.0,1.0,42.0,82.0,8.0,74.0,137.0,195.0,137.0,10.0,50.0,14.0,32.0,4.0,11.0,14.0,69.0,134.0,236.0,53.0,0.0,0.0,0.0,0.0,0.0,0.0,0.0,0.0,0.0,0.0,0.0,0.0,0.0,0.0,0.0,0.0,0.0,0.0,0.0,0.0,0.0,0.0,0.0,0.0,0.0,0.0,0.0,0.0,0.0,0.0,0.0,0.0,0.0,0.0,1.0,0.0,0.0,0.0,1.0,1.0,0.0,0.0,0.0,7.0,4.0,1.0,5.0,7.0,11.0,9.0,0.0,0.0,0.0,0.0,0.0,0.0,0.0,0.0,0.0,0.0,0.0,0.0,0.0,0.0,4.0,0.0,0.0,0.0,1.0,1.0,0.0,0.0,0.0,10.0,4.0,1.0,6.0,8.0,16.0,11.0
608,1.0,608.0,London_291,dim5,151,453,1092.0,70.0,2.0,198867.0,1.444786440115422,892.0,165.0,2.0,163.0,303.0,18.0,285.0,82.0,196.0,150.0,10.0,36.0,15.0,32.0,4.0,10.0,10.0,79.0,132.0,232.0,46.0,0.0,0.0,0.0,0.0,0.0,0.0,0.0,0.0,0.0,0.0,0.0,0.0,0.0,0.0,0.0,0.0,0.0,0.0,0.0,0.0,0.0,0.0,0.0,0.0,0.0,0.0,0.0,0.0,0.0,0.0,0.0,0.0,1.0,1.0,1.0,0.0,0.0,0.0,0.0,5.0,1.0,5.0,0.0,11.0,10.0,7.0,9.0,32.0,53.0,19.0,0.0,0.0,0.0,0.0,0.0,0.0,0.0,0.0,0.0,0.0,0.0,0.0,6.0,7.0,5.0,0.0,0.0,0.0,0.0,8.0,1.0,10.0,0.0,15.0,13.0,12.0,13.0,49.0,79.0,27.0
609,1.0,609.0,London_291,dim5,151,453,1092.0,70.0,2.0,158550.0,0.9767671329900622,803.0,137.0,2.0,135.0,246.0,18.0,228.0,303.0,162.0,128.0,18.0,74.0,20.0,32.0,5.0,14.0,7.0,88.0,145.0,213.0,42.0,0.0,0.0,0.0,0.0,0.0,0.0,0.0,0.0,0.0,0.0,0.0,0.0,0.0,0.0,0.0,0.0,0.0,0.0,0.0,0.0,0.0,0.0,0.0,0.0,0.0,0.0,0.0,0.0,0.0,0.0,0.0,0.0,0.0,1.0,0.0,0.0,0.0,0.0,4.0,4.0,0.0,3.0,0.0,11.0,12.0,8.0,21.0,20.0,33.0,22.0,0.0,0.0,0.0,0.0,0.0,0.0,0.0,0.0,0.0,0.0,0.0,0.0,0.0,8.0,0.0,0.0,0.0,0.0,6.0,5.0,0.0,4.0,0.0,15.0,14.0,10.0,24.0,27.0,57.0,26.0
610,1.0,610.0,London_291,dim5,151,453,1092.0,70.0,2.0,128199.0,0.7254340739455074,736.0,75.0,0.0,75.0,123.0,0.0,123.0,246.0,159.0,118.0,17.0,69.0,28.0,46.0,1.0,15.0,8.0,77.0,139.0,229.0,39.0,0.0,0.0,0.0,0.0,0.0,0.0,0.0,0.0,0.0,0.0,0.0,0.0,0.0,0.0,0.0,0.0,0.0,0.0,0.0,0.0,0.0,0.0,0.0,0.0,0.0,0.0,0.0,0.0,0.0,0.0,0.0,0.0,0.0,0.0,0.0,0.0,0.0,0.0,4.0,2.0,0.0,0.0,0.0,10.0,8.0,1.0,7.0,14.0,14.0,13.0,0.0,0.0,0.0,0.0,0.0,0.0,0.0,0.0,0.0,0.0,0.0,0.0,0.0,0.0,0.0,0.0,0.0,0.0,4.0,3.0,0.0,0.0,0.0,14.0,13.0,1.0,10.0,22.0,21.0,14.0
611,1.0,611.0,London_291,dim5,151,453,1092.0,70.0,2.0,133182.0,0.66396384104155,747.0,26.0,0.0,26.0,46.0,0.0,46.0,123.0,175.0,117.0,13.0,55.0,27.0,47.0,0.0,19.0,8.0,86.0,145.0,214.0,40.0,0.0,0.0,0.0,0.0,0.0,0.0,0.0,0.0,0.0,0.0,0.0,0.0,0.0,0.0,0.0,0.0,0.0,0.0,0.0,0.0,0.0,0.0,0.0,0.0,0.0,0.0,0.0,0.0,0.0,0.0,0.0,0.0,0.0,0.0,0.0,0.0,0.0,0.0,0.0,0.0,0.0,1.0,0.0,2.0,3.0,1.0,3.0,4.0,4.0,9.0,0.0,0.0,0.0,0.0,0.0,0.0,0.0,0.0,0.0,0.0,0.0,0.0,0.0,0.0,0.0,0.0,0.0,0.0,0.0,0.0,0.0,3.0,0.0,2.0,6.0,2.0,4.0,8.0,9.0,12.0
612,1.0,612.0,London_291,dim5,151,453,1092.0,70.0,2.0,157644.0,1.011661912780255,801.0,85.0,2.0,83.0,155.0,16.0,139.0,46.0,183.0,113.0,7.0,61.0,27.0,42.0,0.0,20.0,8.0,88.0,151.0,206.0,46.0,0.0,0.0,0.0,0.0,0.0,0.0,0.0,0.0,0.0,0.0,0.0,0.0,0.0,0.0,0.0,0.0,0.0,0.0,0.0,0.0,0.0,0.0,0.0,0.0,0.0,0.0,0.0,0.0,0.0,0.0,0.0,1.0,0.0,0.0,0.0,0.0,0.0,0.0,2.0,0.0,0.0,2.0,0.0,7.0,5.0,9.0,6.0,14.0,17.0,15.0,0.0,0.0,0.0,0.0,0.0,0.0,0.0,0.0,0.0,0.0,0.0,3.0,0.0,0.0,0.0,0.0,0.0,0.0,2.0,0.0,0.0,3.0,0.0,10.0,6.0,15.0,9.0,18.0,27.0,19.0
613,1.0,613.0,London_291,dim5,151,453,1092.0,70.0,2.0,151302.0,0.971290472894907,787.0,87.0,2.0,85.0,160.0,19.0,141.0,155.0,196.0,122.0,11.0,60.0,23.0,26.0,1.0,14.0,7.0,101.0,149.0,196.0,45.0,0.0,0.0,0.0,0.0,0.0,0.0,0.0,0.0,0.0,0.0,0.0,0.0,0.0,0.0,0.0,0.0,0.0,0.0,0.0,0.0,0.0,0.0,0.0,0.0,0.0,0.0,0.0,0.0,1.0,0.0,0.0,0.0,0.0,0.0,1.0,0.0,0.0,0.0,0.0,5.0,9.0,0.0,1.0,5.0,4.0,4.0,11.0,17.0,15.0,22.0,0.0,0.0,0.0,0.0,0.0,0.0,0.0,0.0,2.0,0.0,0.0,0.0,0.0,0.0,1.0,0.0,0.0,0.0,0.0,5.0,11.0,0.0,1.0,8.0,5.0,5.0,14.0,24.0,17.0,29.0
614,1.0,614.0,London_291,dim5,151,453,1092.0,70.0,2.0,149943.0,1.094159248052165,784.0,80.0,1.0,79.0,149.0,9.0,140.0,160.0,198.0,132.0,15.0,47.0,19.0,25.0,2.0,15.0,5.0,93.0,151.0,204.0,43.0,0.0,0.0,0.0,0.0,0.0,0.0,0.0,0.0,0.0,0.0,0.0,0.0,0.0,0.0,0.0,0.0,0.0,0.0,0.0,0.0,0.0,0.0,0.0,0.0,0.0,0.0,0.0,0.0,1.0,0.0,0.0,1.0,0.0,0.0,1.0,0.0,0.0,0.0,4.0,2.0,0.0,2.0,0.0,10.0,2.0,4.0,7.0,19.0,11.0,22.0,0.0,0.0,0.0,0.0,0.0,0.0,0.0,0.0,2.0,0.0,0.0,5.0,0.0,0.0,3.0,0.0,0.0,0.0,6.0,2.0,0.0,2.0,0.0,12.0,2.0,6.0,11.0,33.0,15.0,26.0
615,1.0,615.0,London_291,dim5,151,453,1092.0,70.0,2.0,153567.0,1.0758451309520751,792.0,104.0,0.0,104.0,182.0,0.0,182.0,149.0,201.0,137.0,9.0,36.0,17.0,28.0,3.0,22.0,8.0,91.0,158.0,196.0,46.0,0.0,0.0,0.0,0.0,0.0,0.0,0.0,0.0,0.0,0.0,0.0,0.0,0.0,0.0,0.0,0.0,0.0,0.0,0.0,0.0,0.0,0.0,0.0,0.0,0.0,0.0,0.0,0.0,0.0,0.0,0.0,0.0,0.0,0.0,0.0,0.0,0.0,0.0,5.0,12.0,0.0,1.0,0.0,7.0,4.0,7.0,8.0,33.0,24.0,17.0,0.0,0.0,0.0,0.0,0.0,0.0,0.0,0.0,0.0,0.0,0.0,0.0,0.0,0.0,0.0,0.0,0.0,0.0,5.0,16.0,0.0,1.0,0.0,9.0,5.0,9.0,11.0,54.0,35.0,24.0
616,1.0,616.0,London_291,dim5,151,453,1092.0,70.0,2.0,143601.0,1.2994132810272276,770.0,55.0,0.0,55.0,93.0,0.0,93.0,182.0,205.0,116.0,12.0,54.0,17.0,26.0,2.0,21.0,8.0,78.0,161.0,206.0,43.0,0.0,0.0,0.0,0.0,0.0,0.0,0.0,0.0,0.0,0.0,0.0,0.0,0.0,0.0,0.0,0.0,0.0,0.0,0.0,0.0,0.0,0.0,0.0,0.0,0.0,0.0,0.0,0.0,0.0,0.0,0.0,0.0,0.0,0.0,0.0,0.0,0.0,0.0,4.0,2.0,0.0,2.0,0.0,10.0,7.0,3.0,4.0,10.0,10.0,8.0,0.0,0.0,0.0,0.0,0.0,0.0,0.0,0.0,0.0,0.0,0.0,0.0,0.0,0.0,0.0,0.0,0.0,0.0,5.0,2.0,0.0,3.0,0.0,14.0,10.0,5.0,5.0,14.0,17.0,11.0
617,1.0,617.0,London_291,dim5,151,453,1092.0,70.0,2.0,158097.0,1.1434180559590459,802.0,72.0,0.0,72.0,117.0,0.0,117.0,93.0,212.0,128.0,11.0,38.0,17.0,25.0,2.0,20.0,12.0,92.0,154.0,195.0,53.0,0.0,0.0,0.0,0.0,0.0,0.0,0.0,0.0,0.0,0.0,0.0,0.0,0.0,0.0,0.0,0.0,0.0,0.0,0.0,0.0,0.0,0.0,0.0,0.0,0.0,0.0,0.0,0.0,0.0,0.0,0.0,0.0,0.0,0.0,0.0,0.0,0.0,0.0,1.0,4.0,0.0,0.0,0.0,6.0,6.0,3.0,6.0,18.0,10.0,20.0,0.0,0.0,0.0,0.0,0.0,0.0,0.0,0.0,0.0,0.0,0.0,0.0,0.0,0.0,0.0,0.0,0.0,0.0,1.0,5.0,0.0,0.0,0.0,10.0,6.0,4.0,8.0,22.0,13.0,22.0
618,1.0,618.0,London_291,dim5,151,453,1092.0,70.0,2.0,165345.0,1.3313015319872648,818.0,78.0,2.0,76.0,149.0,17.0,132.0,117.0,221.0,122.0,7.0,38.0,20.0,20.0,5.0,20.0,10.0,85.0,156.0,202.0,49.0,0.0,0.0,0.0,0.0,0.0,0.0,0.0,0.0,0.0,0.0,0.0,0.0,0.0,0.0,0.0,0.0,0.0,0.0,0.0,0.0,0.0,0.0,0.0,0.0,0.0,0.0,0.0,0.0,0.0,0.0,0.0,1.0,0.0,0.0,1.0,0.0,0.0,0.0,5.0,7.0,0.0,1.0,4.0,11.0,3.0,7.0,11.0,18.0,16.0,14.0,0.0,0.0,0.0,0.0,0.0,0.0,0.0,0.0,0.0,0.0,0.0,6.0,0.0,0.0,4.0,0.0,0.0,0.0,6.0,10.0,0.0,1.0,4.0,17.0,4.0,12.0,15.0,30.0,23.0,19.0
619,1.0,619.0,London_291,dim5,151,453,1092.0,70.0,2.0,174405.0,1.3139207209460437,838.0,67.0,1.0,66.0,128.0,11.0,117.0,149.0,222.0,118.0,12.0,39.0,9.0,21.0,7.0,25.0,13.0,80.0,153.0,207.0,50.0,0.0,0.0,0.0,0.0,0.0,0.0,0.0,0.0,0.0,0.0,0.0,0.0,0.0,0.0,0.0,0.0,0.0,0.0,0.0,0.0,0.0,0.0,0.0,0.0,0.0,0.0,0.0,0.0,0.0,1.0,0.0,0.0,0.0,0.0,1.0,0.0,0.0,0.0,2.0,5.0,0.0,2.0,1.0,5.0,8.0,12.0,10.0,12.0,15.0,13.0,0.0,0.0,0.0,0.0,0.0,0.0,0.0,0.0,0.0,2.0,0.0,0.0,0.0,0.0,1.0,0.0,0.0,0.0,2.0,7.0,0.0,3.0,1.0,6.0,14.0,17.0,14.0,19.0,25.0,22.0
620,1.0,620.0,London_291,dim5,151,453,1092.0,70.0,2.0,195243.0,1.512356054969132,884.0,124.0,1.0,123.0,220.0,9.0,211.0,128.0,229.0,113.0,7.0,45.0,12.0,19.0,7.0,21.0,9.0,75.0,153.0,216.0,37.0,0.0,0.0,0.0,0.0,0.0,0.0,0.0,0.0,0.0,0.0,0.0,0.0,0.0,0.0,0.0,0.0,0.0,0.0,0.0,0.0,0.0,0.0,0.0,0.0,0.0,0.0,0.0,0.0,0.0,0.0,0.0,0.0,1.0,0.0,0.0,0.0,0.0,0.0,2.0,11.0,0.0,4.0,3.0,10.0,6.0,2.0,10.0,29.0,24.0,24.0,0.0,0.0,0.0,0.0,0.0,0.0,0.0,0.0,0.0,0.0,0.0,0.0,5.0,0.0,0.0,0.0,0.0,0.0,2.0,21.0,0.0,6.0,4.0,12.0,6.0,3.0,15.0,47.0,33.0,34.0
621,1.0,621.0,London_291,dim5,151,453,1092.0,70.0,2.0,187089.0,1.030668345047161,866.0,91.0,0.0,91.0,154.0,0.0,154.0,220.0,209.0,98.0,19.0,56.0,13.0,26.0,7.0,25.0,8.0,80.0,150.0,215.0,43.0,0.0,0.0,0.0,0.0,0.0,0.0,0.0,0.0,0.0,0.0,0.0,0.0,0.0,0.0,0.0,0.0,0.0,0.0,0.0,0.0,0.0,0.0,0.0,0.0,0.0,0.0,0.0,0.0,0.0,0.0,0.0,0.0,0.0,0.0,0.0,0.0,0.0,0.0,1.0,2.0,2.0,2.0,1.0,6.0,11.0,2.0,15.0,14.0,23.0,22.0,0.0,0.0,0.0,0.0,0.0,0.0,0.0,0.0,0.0,0.0,0.0,0.0,0.0,0.0,0.0,0.0,0.0,0.0,1.0,2.0,2.0,3.0,1.0,7.0,14.0,2.0,22.0,18.0,39.0,29.0
622,1.0,622.0,London_291,dim5,151,453,1092.0,70.0,2.0,189807.0,1.259735954925418,872.0,108.0,3.0,105.0,201.0,25.0,176.0,154.0,216.0,88.0,11.0,67.0,12.0,23.0,7.0,29.0,9.0,75.0,141.0,228.0,51.0,0.0,0.0,0.0,0.0,0.0,0.0,0.0,0.0,0.0,0.0,0.0,0.0,0.0,0.0,0.0,0.0,0.0,0.0,0.0,0.0,0.0,0.0,0.0,0.0,0.0,0.0,0.0,0.0,0.0,0.0,0.0,1.0,1.0,1.0,1.0,0.0,0.0,0.0,2.0,6.0,5.0,1.0,4.0,22.0,9.0,7.0,11.0,18.0,28.0,24.0,0.0,0.0,0.0,0.0,0.0,0.0,0.0,0.0,0.0,0.0,0.0,3.0,7.0,7.0,2.0,0.0,0.0,0.0,3.0,9.0,5.0,2.0,4.0,28.0,12.0,9.0,23.0,27.0,39.0,29.0
623,1.0,623.0,London_291,dim5,151,453,1092.0,70.0,2.0,177123.0,1.2701100578997284,844.0,64.0,1.0,63.0,113.0,9.0,104.0,201.0,218.0,94.0,10.0,55.0,10.0,33.0,7.0,26.0,8.0,74.0,134.0,237.0,40.0,0.0,0.0,0.0,0.0,0.0,0.0,0.0,0.0,0.0,0.0,0.0,0.0,0.0,0.0,0.0,0.0,0.0,0.0,0.0,0.0,0.0,0.0,0.0,0.0,0.0,0.0,0.0,0.0,0.0,0.0,0.0,0.0,0.0,0.0,0.0,0.0,0.0,0.0,0.0,0.0,1.0,3.0,0.0,12.0,8.0,3.0,4.0,16.0,14.0,16.0,0.0,0.0,0.0,0.0,0.0,0.0,0.0,0.0,0.0,0.0,0.0,0.0,0.0,0.0,0.0,0.0,0.0,0.0,0.0,0.0,1.0,5.0,0.0,15.0,10.0,5.0,4.0,22.0,20.0,19.0
624,1.0,624.0,London_291,dim5,151,453,1092.0,70.0,2.0,175311.0,1.5847488301806152,840.0,137.0,2.0,135.0,241.0,17.0,224.0,113.0,228.0,88.0,9.0,50.0,10.0,39.0,6.0,23.0,8.0,76.0,125.0,244.0,43.0,0.0,0.0,0.0,0.0,0.0,0.0,0.0,0.0,0.0,0.0,0.0,0.0,0.0,0.0,0.0,0.0,0.0,0.0,0.0,0.0,0.0,0.0,0.0,0.0,0.0,0.0,0.0,0.0,0.0,0.0,0.0,0.0,0.0,0.0,0.0,0.0,0.0,0.0,3.0,9.0,1.0,3.0,5.0,17.0,7.0,1.0,15.0,23.0,27.0,27.0,0.0,0.0,0.0,0.0,0.0,0.0,0.0,0.0,0.0,0.0,0.0,0.0,0.0,0.0,0.0,0.0,0.0,0.0,4.0,12.0,1.0,3.0,6.0,25.0,9.0,1.0,22.0,32.0,39.0,34.0
625,1.0,625.0,London_291,dim5,151,453,1092.0,70.0,2.0,153567.0,1.0745064339134842,792.0,129.0,2.0,127.0,245.0,18.0,227.0,241.0,200.0,96.0,18.0,74.0,3.0,36.0,8.0,18.0,12.0,82.0,130.0,229.0,37.0,0.0,0.0,0.0,0.0,0.0,0.0,0.0,0.0,0.0,0.0,0.0,0.0,0.0,0.0,0.0,0.0,0.0,0.0,0.0,0.0,0.0,0.0,0.0,0.0,0.0,0.0,0.0,0.0,0.0,0.0,0.0,2.0,0.0,0.0,1.0,0.0,0.0,0.0,2.0,7.0,4.0,5.0,0.0,16.0,11.0,2.0,19.0,22.0,26.0,24.0,0.0,0.0,0.0,0.0,0.0,0.0,0.0,0.0,0.0,0.0,0.0,5.0,0.0,0.0,4.0,0.0,0.0,0.0,3.0,8.0,4.0,6.0,0.0,20.0,15.0,5.0,26.0,36.0,36.0,34.0
626,1.0,626.0,London_291,dim5,151,453,1092.0,70.0,2.0,133635.0,1.0685794791206717,748.0,98.0,0.0,98.0,144.0,0.0,144.0,245.0,209.0,90.0,18.0,70.0,9.0,35.0,8.0,14.0,2.0,71.0,126.0,254.0,34.0,0.0,0.0,0.0,0.0,0.0,0.0,0.0,0.0,0.0,0.0,0.0,0.0,0.0,0.0,0.0,0.0,0.0,0.0,0.0,0.0,0.0,0.0,0.0,0.0,0.0,0.0,0.0,0.0,0.0,0.0,0.0,0.0,0.0,0.0,0.0,0.0,0.0,0.0,3.0,0.0,0.0,2.0,0.0,16.0,10.0,12.0,8.0,18.0,28.0,21.0,0.0,0.0,0.0,0.0,0.0,0.0,0.0,0.0,0.0,0.0,0.0,0.0,0.0,0.0,0.0,0.0,0.0,0.0,3.0,0.0,0.0,2.0,0.0,19.0,11.0,14.0,9.0,23.0,35.0,23.0
627,1.0,627.0,London_291,dim5,151,453,1092.0,70.0,2.0,125481.0,1.0649398651439697,730.0,76.0,0.0,76.0,131.0,0.0,131.0,144.0,229.0,92.0,19.0,51.0,6.0,36.0,7.0,13.0,3.0,82.0,135.0,233.0,43.0,0.0,0.0,0.0,0.0,0.0,0.0,0.0,0.0,0.0,0.0,0.0,0.0,0.0,0.0,0.0,0.0,0.0,0.0,0.0,0.0,0.0,0.0,0.0,0.0,0.0,0.0,0.0,0.0,0.0,0.0,0.0,0.0,0.0,0.0,0.0,0.0,0.0,0.0,3.0,0.0,0.0,0.0,0.0,8.0,9.0,2.0,10.0,17.0,17.0,12.0,0.0,0.0,0.0,0.0,0.0,0.0,0.0,0.0,0.0,0.0,0.0,0.0,0.0,0.0,0.0,0.0,0.0,0.0,3.0,0.0,0.0,0.0,0.0,12.0,12.0,4.0,12.0,23.0,22.0,15.0
628,1.0,628.0,London_291,dim5,151,453,1092.0,70.0,2.0,122763.0,0.8483555261045694,724.0,16.0,2.0,14.0,38.0,19.0,19.0,131.0,233.0,90.0,13.0,46.0,6.0,42.0,6.0,17.0,5.0,83.0,134.0,231.0,38.0,0.0,0.0,0.0,0.0,0.0,0.0,0.0,0.0,0.0,0.0,0.0,0.0,0.0,0.0,0.0,0.0,0.0,0.0,0.0,0.0,0.0,0.0,0.0,0.0,0.0,0.0,0.0,0.0,0.0,0.0,0.0,0.0,0.0,0.0,2.0,0.0,0.0,0.0,2.0,0.0,0.0,0.0,0.0,0.0,0.0,0.0,3.0,1.0,2.0,5.0,0.0,0.0,0.0,0.0,0.0,0.0,0.0,0.0,0.0,0.0,0.0,0.0,0.0,0.0,8.0,0.0,0.0,0.0,2.0,0.0,0.0,0.0,0.0,0.0,0.0,0.0,4.0,1.0,3.0,5.0
629,1.0,629.0,London_291,dim5,151,453,1092.0,70.0,2.0,150849.0,1.2875305081252009,786.0,85.0,0.0,85.0,151.0,0.0,151.0,38.0,239.0,97.0,16.0,45.0,4.0,29.0,4.0,19.0,4.0,83.0,125.0,241.0,35.0,0.0,0.0,0.0,0.0,0.0,0.0,0.0,0.0,0.0,0.0,0.0,0.0,0.0,0.0,0.0,0.0,0.0,0.0,0.0,0.0,0.0,0.0,0.0,0.0,0.0,0.0,0.0,0.0,0.0,0.0,0.0,0.0,0.0,0.0,0.0,0.0,0.0,0.0,4.0,4.0,0.0,3.0,10.0,7.0,5.0,7.0,7.0,17.0,19.0,16.0,0.0,0.0,0.0,0.0,0.0,0.0,0.0,0.0,0.0,0.0,0.0,0.0,0.0,0.0,0.0,0.0,0.0,0.0,5.0,5.0,0.0,5.0,11.0,10.0,8.0,11.0,8.0,25.0,27.0,22.0
630,1.0,630.0,London_291,dim5,151,453,1092.0,70.0,2.0,150396.0,0.8817274400498718,785.0,19.0,2.0,17.0,49.0,19.0,30.0,151.0,243.0,89.0,8.0,50.0,8.0,34.0,4.0,17.0,5.0,83.0,128.0,237.0,46.0,0.0,0.0,0.0,0.0,0.0,0.0,0.0,0.0,0.0,1.0,0.0,1.0,0.0,0.0,0.0,0.0,0.0,0.0,1.0,0.0,0.0,0.0,0.0,0.0,0.0,0.0,0.0,0.0,1.0,0.0,0.0,1.0,0.0,1.0,1.0,0.0,0.0,0.0,1.0,1.0,0.0,0.0,0.0,4.0,3.0,1.0,1.0,4.0,1.0,3.0,0.0,0.0,0.0,0.0,0.0,0.0,0.0,0.0,3.0,0.0,0.0,4.0,0.0,8.0,2.0,0.0,0.0,0.0,2.0,1.0,0.0,0.0,0.0,5.0,5.0,1.0,1.0,7.0,1.0,6.0
631,1.0,631.0,London_291,dim5,151,453,1092.0,70.0,2.0,184371.0,1.353454157942906,860.0,150.0,0.0,150.0,268.0,0.0,268.0,44.0,239.0,79.0,11.0,58.0,7.0,37.0,4.0,18.0,5.0,91.0,113.0,244.0,47.0,0.0,0.0,0.0,0.0,0.0,0.0,0.0,0.0,0.0,0.0,0.0,0.0,0.0,0.0,0.0,0.0,0.0,0.0,0.0,0.0,0.0,0.0,0.0,0.0,0.0,0.0,0.0,0.0,0.0,0.0,0.0,0.0,0.0,0.0,0.0,0.0,0.0,0.0,1.0,13.0,0.0,1.0,0.0,24.0,8.0,12.0,5.0,36.0,26.0,37.0,0.0,0.0,0.0,0.0,0.0,0.0,0.0,0.0,0.0,0.0,0.0,0.0,0.0,0.0,0.0,0.0,0.0,0.0,2.0,16.0,0.0,1.0,0.0,28.0,10.0,14.0,6.0,51.0,37.0,51.0
632,1.0,632.0,London_291,dim5,151,453,1092.0,70.0,2.0,149490.0,0.9138252371922135,783.0,111.0,0.0,111.0,185.0,0.0,185.0,268.0,184.0,96.0,17.0,90.0,6.0,44.0,2.0,14.0,7.0,89.0,136.0,221.0,42.0,0.0,0.0,0.0,0.0,0.0,0.0,0.0,0.0,0.0,0.0,0.0,0.0,0.0,0.0,0.0,0.0,0.0,0.0,0.0,0.0,0.0,0.0,0.0,0.0,0.0,0.0,0.0,0.0,0.0,0.0,0.0,0.0,0.0,0.0,0.0,0.0,0.0,0.0,2.0,4.0,0.0,2.0,0.0,11.0,12.0,3.0,8.0,19.0,31.0,23.0,0.0,0.0,0.0,0.0,0.0,0.0,0.0,0.0,0.0,0.0,0.0,0.0,0.0,0.0,0.0,0.0,0.0,0.0,2.0,6.0,0.0,3.0,0.0,11.0,20.0,3.0,10.0,27.0,42.0,27.0
633,1.0,633.0,London_291,dim5,151,453,1092.0,70.0,2.0,139977.0,0.9034823311958462,762.0,90.0,0.0,90.0,150.0,0.0,150.0,185.0,199.0,80.0,14.0,95.0,8.0,42.0,2.0,13.0,11.0,83.0,134.0,225.0,45.0,0.0,0.0,0.0,0.0,0.0,0.0,0.0,0.0,0.0,0.0,0.0,0.0,0.0,0.0,0.0,0.0,0.0,0.0,0.0,0.0,0.0,0.0,0.0,0.0,0.0,0.0,0.0,0.0,0.0,0.0,0.0,0.0,0.0,0.0,0.0,0.0,0.0,0.0,2.0,4.0,0.0,1.0,0.0,13.0,6.0,3.0,15.0,23.0,16.0,18.0,0.0,0.0,0.0,0.0,0.0,0.0,0.0,0.0,0.0,0.0,0.0,0.0,0.0,0.0,0.0,0.0,0.0,0.0,2.0,5.0,0.0,1.0,0.0,22.0,7.0,4.0,22.0,32.0,21.0,23.0
634,1.0,634.0,London_291,dim5,151,453,1092.0,70.0,2.0,139524.0,1.2427503417711705,761.0,14.0,2.0,12.0,36.0,18.0,18.0,150.0,209.0,88.0,17.0,69.0,8.0,47.0,2.0,13.0,7.0,95.0,143.0,208.0,40.0,0.0,0.0,0.0,0.0,0.0,0.0,0.0,0.0,0.0,0.0,0.0,0.0,0.0,0.0,0.0,0.0,0.0,0.0,0.0,0.0,0.0,0.0,0.0,0.0,0.0,0.0,0.0,0.0,0.0,0.0,0.0,1.0,1.0,0.0,1.0,0.0,0.0,0.0,1.0,0.0,0.0,0.0,0.0,2.0,0.0,0.0,2.0,5.0,4.0,3.0,0.0,0.0,0.0,0.0,0.0,0.0,0.0,0.0,0.0,0.0,0.0,2.0,7.0,0.0,1.0,0.0,0.0,0.0,2.0,0.0,0.0,0.0,0.0,2.0,0.0,0.0,2.0,6.0,5.0,4.0
635,1.0,635.0,London_291,dim5,151,453,1092.0,70.0,2.0,173499.0,1.4590995339676738,836.0,96.0,0.0,96.0,167.0,0.0,167.0,36.0,204.0,89.0,17.0,68.0,8.0,50.0,2.0,15.0,5.0,100.0,133.0,215.0,34.0,0.0,0.0,0.0,0.0,0.0,0.0,0.0,0.0,0.0,0.0,0.0,0.0,0.0,0.0,0.0,0.0,0.0,0.0,0.0,0.0,0.0,0.0,0.0,0.0,0.0,0.0,0.0,0.0,0.0,0.0,0.0,0.0,0.0,0.0,0.0,0.0,0.0,0.0,4.0,1.0,0.0,0.0,6.0,13.0,6.0,5.0,5.0,22.0,26.0,16.0,0.0,0.0,0.0,0.0,0.0,0.0,0.0,0.0,0.0,0.0,0.0,0.0,0.0,0.0,0.0,0.0,0.0,0.0,5.0,1.0,0.0,0.0,6.0,17.0,8.0,8.0,7.0,35.0,38.0,22.0
636,1.0,636.0,London_291,dim5,151,453,1092.0,70.0,2.0,163080.0,1.124566898914054,813.0,108.0,2.0,106.0,201.0,20.0,181.0,167.0,215.0,96.0,16.0,63.0,10.0,43.0,1.0,9.0,6.0,90.0,139.0,218.0,30.0,0.0,0.0,0.0,0.0,0.0,0.0,0.0,0.0,0.0,0.0,0.0,0.0,0.0,0.0,0.0,0.0,0.0,0.0,0.0,0.0,0.0,0.0,0.0,0.0,0.0,0.0,0.0,0.0,0.0,1.0,0.0,2.0,0.0,1.0,2.0,0.0,0.0,0.0,2.0,4.0,0.0,0.0,2.0,18.0,8.0,12.0,2.0,16.0,27.0,12.0,0.0,0.0,0.0,0.0,0.0,0.0,0.0,0.0,0.0,1.0,0.0,6.0,0.0,8.0,8.0,0.0,0.0,0.0,2.0,7.0,0.0,0.0,2.0,28.0,13.0,16.0,2.0,21.0,47.0,17.0
637,1.0,637.0,London_291,dim5,151,453,1092.0,70.0,2.0,149943.0,1.0640218630433083,784.0,96.0,2.0,94.0,177.0,18.0,159.0,201.0,223.0,100.0,18.0,60.0,5.0,31.0,2.0,14.0,5.0,88.0,158.0,202.0,29.0,0.0,0.0,0.0,0.0,0.0,0.0,0.0,0.0,0.0,0.0,0.0,0.0,0.0,0.0,0.0,0.0,0.0,0.0,0.0,0.0,0.0,0.0,0.0,0.0,0.0,0.0,0.0,0.0,0.0,0.0,0.0,0.0,0.0,0.0,0.0,0.0,0.0,0.0,0.0,2.0,0.0,1.0,2.0,13.0,9.0,8.0,7.0,18.0,20.0,20.0,0.0,0.0,0.0,0.0,0.0,0.0,0.0,0.0,0.0,0.0,0.0,0.0,0.0,0.0,0.0,0.0,0.0,0.0,0.0,3.0,0.0,2.0,2.0,16.0,14.0,12.0,10.0,28.0,32.0,22.0
638,1.0,638.0,London_291,dim5,151,453,1092.0,70.0,2.0,143601.0,1.0337450590450317,770.0,74.0,2.0,72.0,150.0,19.0,131.0,177.0,219.0,98.0,12.0,57.0,9.0,33.0,5.0,20.0,4.0,93.0,149.0,207.0,40.0,0.0,0.0,0.0,0.0,0.0,0.0,0.0,0.0,0.0,0.0,0.0,0.0,0.0,0.0,0.0,0.0,0.0,0.0,0.0,0.0,0.0,0.0,0.0,0.0,0.0,0.0,0.0,0.0,0.0,0.0,0.0,1.0,0.0,1.0,1.0,0.0,0.0,0.0,6.0,1.0,0.0,2.0,1.0,9.0,9.0,6.0,9.0,16.0,20.0,9.0,0.0,0.0,0.0,0.0,0.0,0.0,0.0,0.0,0.0,0.0,0.0,3.0,0.0,6.0,4.0,0.0,0.0,0.0,8.0,1.0,0.0,3.0,1.0,12.0,14.0,7.0,9.0,22.0,29.0,12.0
639,1.0,639.0,London_291,dim5,151,453,1092.0,70.0,2.0,147678.0,1.7083425461314619,779.0,103.0,1.0,102.0,183.0,8.0,175.0,150.0,213.0,110.0,11.0,47.0,10.0,31.0,7.0,24.0,9.0,107.0,138.0,199.0,45.0,0.0,0.0,0.0,0.0,0.0,0.0,0.0,0.0,0.0,0.0,0.0,0.0,0.0,0.0,0.0,0.0,0.0,0.0,0.0,0.0,0.0,0.0,0.0,0.0,0.0,0.0,0.0,0.0,0.0,1.0,0.0,1.0,1.0,0.0,1.0,0.0,0.0,0.0,0.0,7.0,1.0,1.0,0.0,8.0,4.0,3.0,13.0,21.0,26.0,20.0,0.0,0.0,0.0,0.0,0.0,0.0,0.0,0.0,0.0,8.0,0.0,5.0,6.0,0.0,5.0,0.0,0.0,0.0,0.0,10.0,1.0,1.0,0.0,14.0,4.0,4.0,15.0,29.0,43.0,29.0
640,1.0,640.0,London_291,dim5,151,453,1092.0,70.0,2.0,135900.0,1.4725979180075228,753.0,40.0,0.0,40.0,67.0,0.0,67.0,183.0,215.0,107.0,11.0,53.0,11.0,33.0,4.0,19.0,11.0,90.0,133.0,219.0,49.0,0.0,0.0,0.0,0.0,0.0,0.0,0.0,0.0,0.0,0.0,0.0,0.0,0.0,0.0,0.0,0.0,0.0,0.0,0.0,0.0,0.0,0.0,0.0,0.0,0.0,0.0,0.0,0.0,0.0,0.0,0.0,0.0,0.0,0.0,0.0,0.0,0.0,0.0,1.0,0.0,0.0,1.0,0.0,7.0,4.0,2.0,6.0,12.0,9.0,9.0,0.0,0.0,0.0,0.0,0.0,0.0,0.0,0.0,0.0,0.0,0.0,0.0,0.0,0.0,0.0,0.0,0.0,0.0,1.0,0.0,0.0,1.0,0.0,11.0,6.0,3.0,8.0,22.0,10.0,12.0
641,1.0,641.0,London_291,dim5,151,453,1092.0,70.0,2.0,154926.0,1.3049150728620589,795.0,112.0,2.0,110.0,206.0,17.0,189.0,67.0,224.0,112.0,13.0,33.0,13.0,36.0,4.0,18.0,11.0,90.0,131.0,221.0,47.0,0.0,0.0,0.0,0.0,0.0,0.0,0.0,0.0,0.0,0.0,0.0,0.0,0.0,0.0,0.0,0.0,0.0,0.0,0.0,0.0,0.0,0.0,0.0,0.0,0.0,0.0,0.0,0.0,0.0,1.0,0.0,0.0,0.0,1.0,1.0,0.0,0.0,0.0,3.0,2.0,1.0,0.0,0.0,12.0,14.0,1.0,19.0,19.0,32.0,24.0,0.0,0.0,0.0,0.0,0.0,0.0,0.0,0.0,0.0,3.0,0.0,0.0,0.0,5.0,3.0,0.0,0.0,0.0,4.0,4.0,1.0,0.0,0.0,18.0,17.0,2.0,23.0,27.0,45.0,32.0
642,1.0,642.0,London_291,dim5,151,453,1092.0,70.0,2.0,140430.0,0.9888551740441471,763.0,45.0,0.0,45.0,79.0,0.0,79.0,206.0,228.0,86.0,17.0,66.0,15.0,23.0,4.0,14.0,5.0,82.0,157.0,209.0,29.0,0.0,0.0,0.0,0.0,0.0,0.0,0.0,0.0,0.0,0.0,0.0,0.0,0.0,0.0,0.0,0.0,0.0,0.0,0.0,0.0,0.0,0.0,0.0,0.0,0.0,0.0,0.0,0.0,0.0,0.0,0.0,0.0,0.0,0.0,0.0,0.0,0.0,0.0,3.0,1.0,0.0,0.0,0.0,4.0,2.0,3.0,10.0,9.0,9.0,6.0,0.0,0.0,0.0,0.0,0.0,0.0,0.0,0.0,0.0,0.0,0.0,0.0,0.0,0.0,0.0,0.0,0.0,0.0,3.0,1.0,0.0,0.0,0.0,5.0,3.0,3.0,12.0,15.0,13.0,10.0
643,1.0,643.0,London_291,dim5,151,453,1092.0,70.0,2.0,163080.0,1.303509535966441,813.0,116.0,0.0,116.0,199.0,0.0,199.0,79.0,231.0,91.0,25.0,53.0,13.0,20.0,4.0,16.0,5.0,87.0,149.0,212.0,42.0,0.0,0.0,0.0,0.0,0.0,0.0,0.0,0.0,0.0,0.0,0.0,0.0,0.0,0.0,0.0,0.0,0.0,0.0,0.0,0.0,0.0,0.0,0.0,0.0,0.0,0.0,0.0,0.0,0.0,0.0,0.0,0.0,0.0,0.0,0.0,0.0,0.0,0.0,3.0,3.0,0.0,1.0,4.0,9.0,5.0,4.0,12.0,24.0,21.0,26.0,0.0,0.0,0.0,0.0,0.0,0.0,0.0,0.0,0.0,0.0,0.0,0.0,0.0,0.0,0.0,0.0,0.0,0.0,4.0,5.0,0.0,1.0,4.0,11.0,6.0,7.0,20.0,38.0,38.0,38.0
644,1.0,644.0,London_291,dim5,151,453,1092.0,70.0,2.0,145866.0,1.1154797219205648,775.0,104.0,0.0,104.0,169.0,0.0,169.0,199.0,231.0,98.0,14.0,61.0,8.0,22.0,5.0,14.0,11.0,82.0,146.0,214.0,35.0,0.0,0.0,0.0,0.0,0.0,0.0,0.0,0.0,0.0,0.0,0.0,0.0,0.0,0.0,0.0,0.0,0.0,0.0,0.0,0.0,0.0,0.0,0.0,0.0,0.0,0.0,0.0,0.0,0.0,0.0,0.0,0.0,0.0,0.0,0.0,0.0,0.0,0.0,4.0,2.0,2.0,1.0,4.0,12.0,7.0,4.0,17.0,25.0,23.0,15.0,0.0,0.0,0.0,0.0,0.0,0.0,0.0,0.0,0.0,0.0,0.0,0.0,0.0,0.0,0.0,0.0,0.0,0.0,4.0,3.0,2.0,1.0,4.0,15.0,11.0,4.0,25.0,34.0,34.0,20.0
645,1.0,645.0,London_291,dim5,151,453,1092.0,70.0,2.0,135447.0,0.9018941279500723,752.0,40.0,0.0,40.0,68.0,0.0,68.0,169.0,231.0,122.0,11.0,43.0,8.0,16.0,4.0,18.0,8.0,74.0,164.0,207.0,40.0,0.0,0.0,0.0,0.0,0.0,0.0,0.0,0.0,0.0,0.0,0.0,0.0,0.0,0.0,0.0,0.0,0.0,0.0,0.0,0.0,0.0,0.0,0.0,0.0,0.0,0.0,0.0,0.0,0.0,0.0,0.0,0.0,0.0,0.0,0.0,0.0,0.0,0.0,0.0,0.0,0.0,1.0,0.0,2.0,2.0,0.0,4.0,8.0,5.0,13.0,0.0,0.0,0.0,0.0,0.0,0.0,0.0,0.0,0.0,0.0,0.0,0.0,0.0,0.0,0.0,0.0,0.0,0.0,0.0,0.0,0.0,4.0,0.0,3.0,2.0,0.0,5.0,9.0,7.0,17.0
646,1.0,646.0,London_291,dim5,151,453,1092.0,70.0,2.0,157191.0,1.2762401548679918,800.0,94.0,0.0,94.0,171.0,0.0,171.0,68.0,231.0,134.0,12.0,36.0,4.0,15.0,4.0,17.0,8.0,75.0,175.0,195.0,43.0,0.0,0.0,0.0,0.0,0.0,0.0,0.0,0.0,0.0,0.0,0.0,0.0,0.0,0.0,0.0,0.0,0.0,0.0,0.0,0.0,0.0,0.0,0.0,0.0,0.0,0.0,0.0,0.0,0.0,0.0,0.0,0.0,0.0,0.0,0.0,0.0,0.0,0.0,2.0,3.0,0.0,2.0,5.0,3.0,5.0,1.0,12.0,20.0,24.0,12.0,0.0,0.0,0.0,0.0,0.0,0.0,0.0,0.0,0.0,0.0,0.0,0.0,0.0,0.0,0.0,0.0,0.0,0.0,2.0,3.0,0.0,2.0,5.0,4.0,7.0,1.0,14.0,33.0,36.0,16.0
647,1.0,647.0,London_291,dim5,151,453,1092.0,70.0,2.0,155379.0,1.2612192961387336,796.0,114.0,2.0,112.0,205.0,20.0,185.0,171.0,229.0,126.0,13.0,43.0,6.0,17.0,5.0,14.0,11.0,67.0,149.0,226.0,38.0,0.0,0.0,0.0,0.0,0.0,0.0,0.0,0.0,0.0,0.0,0.0,0.0,0.0,0.0,0.0,0.0,0.0,0.0,0.0,0.0,0.0,0.0,0.0,0.0,0.0,0.0,0.0,0.0,0.0,0.0,0.0,1.0,0.0,0.0,0.0,0.0,0.0,0.0,4.0,1.0,5.0,0.0,4.0,13.0,13.0,3.0,23.0,19.0,21.0,20.0,0.0,0.0,0.0,0.0,0.0,0.0,0.0,0.0,0.0,0.0,0.0,4.0,0.0,0.0,0.0,0.0,0.0,0.0,4.0,1.0,5.0,0.0,4.0,18.0,17.0,4.0,34.0,25.0,31.0,28.0
648,1.0,648.0,London_291,dim5,151,453,1092.0,70.0,2.0,141336.0,1.0591199798509479,765.0,25.0,1.0,24.0,48.0,10.0,38.0,205.0,227.0,100.0,24.0,58.0,9.0,18.0,2.0,15.0,9.0,71.0,129.0,244.0,42.0,0.0,0.0,0.0,0.0,0.0,0.0,0.0,0.0,0.0,0.0,0.0,0.0,0.0,0.0,0.0,0.0,0.0,0.0,0.0,0.0,0.0,0.0,0.0,0.0,0.0,0.0,0.0,0.0,0.0,0.0,0.0,0.0,0.0,0.0,0.0,0.0,0.0,0.0,0.0,0.0,0.0,0.0,0.0,8.0,0.0,1.0,1.0,6.0,6.0,8.0,0.0,0.0,0.0,0.0,0.0,0.0,0.0,0.0,0.0,0.0,0.0,0.0,0.0,0.0,0.0,0.0,0.0,0.0,0.0,0.0,0.0,0.0,0.0,14.0,0.0,1.0,1.0,11.0,11.0,11.0
649,1.0,649.0,London_291,dim5,151,453,1092.0,70.0,2.0,168063.0,1.5621038749814034,824.0,111.0,1.0,110.0,189.0,8.0,181.0,48.0,221.0,102.0,28.0,52.0,10.0,22.0,2.0,16.0,8.0,71.0,126.0,248.0,44.0,0.0,0.0,0.0,0.0,0.0,0.0,0.0,0.0,0.0,0.0,0.0,0.0,0.0,0.0,0.0,0.0,0.0,0.0,0.0,0.0,0.0,0.0,0.0,0.0,0.0,0.0,0.0,0.0,0.0,0.0,0.0,0.0,0.0,0.0,1.0,0.0,0.0,0.0,1.0,0.0,0.0,3.0,1.0,16.0,12.0,14.0,13.0,21.0,22.0,24.0,0.0,0.0,0.0,0.0,0.0,0.0,0.0,0.0,0.0,0.0,0.0,0.0,0.0,0.0,5.0,0.0,0.0,0.0,1.0,0.0,0.0,3.0,1.0,22.0,15.0,17.0,19.0,30.0,28.0,29.0
650,1.0,650.0,London_291,dim5,151,453,1092.0,70.0,2.0,161268.0,1.233168245991692,809.0,109.0,2.0,107.0,205.0,18.0,187.0,189.0,221.0,110.0,11.0,51.0,12.0,30.0,1.0,17.0,10.0,67.0,135.0,241.0,44.0,0.0,0.0,0.0,0.0,0.0,0.0,0.0,0.0,0.0,0.0,0.0,0.0,0.0,0.0,0.0,0.0,0.0,0.0,0.0,0.0,0.0,0.0,0.0,0.0,0.0,0.0,0.0,0.0,0.0,0.0,0.0,0.0,1.0,1.0,2.0,0.0,0.0,0.0,2.0,7.0,0.0,1.0,1.0,20.0,5.0,2.0,12.0,17.0,34.0,12.0,0.0,0.0,0.0,0.0,0.0,0.0,0.0,0.0,0.0,0.0,0.0,0.0,9.0,6.0,6.0,0.0,0.0,0.0,2.0,12.0,0.0,1.0,1.0,22.0,8.0,3.0,16.0,20.0,53.0,18.0
651,1.0,651.0,London_291,dim5,151,453,1092.0,70.0,2.0,146772.0,1.2855598768219352,777.0,109.0,2.0,107.0,199.0,18.0,181.0,205.0,206.0,105.0,17.0,64.0,12.0,32.0,2.0,15.0,9.0,77.0,141.0,226.0,42.0,0.0,0.0,0.0,0.0,0.0,0.0,0.0,0.0,0.0,0.0,0.0,0.0,0.0,0.0,0.0,0.0,0.0,0.0,0.0,0.0,0.0,0.0,0.0,0.0,0.0,0.0,0.0,0.0,0.0,0.0,0.0,1.0,0.0,1.0,0.0,0.0,0.0,0.0,6.0,1.0,1.0,2.0,0.0,8.0,6.0,8.0,16.0,13.0,21.0,17.0,0.0,0.0,0.0,0.0,0.0,0.0,0.0,0.0,0.0,0.0,0.0,1.0,0.0,6.0,0.0,0.0,0.0,0.0,9.0,1.0,1.0,4.0,0.0,9.0,9.0,11.0,26.0,19.0,35.0,23.0
652,1.0,652.0,London_291,dim5,151,453,1092.0,70.0,2.0,131823.0,1.2415681858547032,744.0,15.0,0.0,15.0,23.0,0.0,23.0,199.0,212.0,130.0,14.0,48.0,13.0,24.0,2.0,10.0,7.0,82.0,136.0,228.0,42.0,0.0,0.0,0.0,0.0,0.0,0.0,0.0,0.0,0.0,0.0,0.0,0.0,0.0,0.0,0.0,0.0,0.0,0.0,0.0,0.0,0.0,0.0,0.0,0.0,0.0,0.0,0.0,0.0,0.0,0.0,0.0,0.0,0.0,0.0,0.0,0.0,0.0,0.0,1.0,0.0,0.0,0.0,0.0,3.0,3.0,0.0,0.0,4.0,3.0,3.0,0.0,0.0,0.0,0.0,0.0,0.0,0.0,0.0,0.0,0.0,0.0,0.0,0.0,0.0,0.0,0.0,0.0,0.0,1.0,0.0,0.0,0.0,0.0,3.0,3.0,0.0,0.0,5.0,4.0,3.0
653,1.0,653.0,London_291,dim5,151,453,1092.0,70.0,2.0,158097.0,1.54354341304861,802.0,114.0,0.0,114.0,208.0,0.0,208.0,23.0,212.0,127.0,15.0,47.0,13.0,25.0,3.0,11.0,6.0,83.0,137.0,227.0,43.0,0.0,0.0,0.0,0.0,0.0,0.0,0.0,0.0,0.0,0.0,0.0,0.0,0.0,0.0,0.0,0.0,0.0,0.0,0.0,0.0,0.0,0.0,0.0,0.0,0.0,0.0,0.0,0.0,0.0,0.0,0.0,0.0,0.0,0.0,0.0,0.0,0.0,0.0,1.0,9.0,1.0,3.0,0.0,12.0,4.0,6.0,11.0,25.0,33.0,19.0,0.0,0.0,0.0,0.0,0.0,0.0,0.0,0.0,0.0,0.0,0.0,0.0,0.0,0.0,0.0,0.0,0.0,0.0,1.0,11.0,1.0,6.0,0.0,15.0,6.0,10.0,14.0,37.0,52.0,27.0
654,1.0,654.0,London_291,dim5,151,453,1092.0,70.0,2.0,141789.0,1.0156822639983147,766.0,37.0,2.0,35.0,76.0,16.0,60.0,208.0,215.0,102.0,20.0,62.0,14.0,31.0,2.0,7.0,7.0,65.0,147.0,234.0,41.0,0.0,0.0,0.0,0.0,0.0,0.0,0.0,0.0,0.0,0.0,0.0,0.0,0.0,0.0,0.0,0.0,0.0,0.0,0.0,0.0,0.0,0.0,0.0,0.0,0.0,0.0,0.0,0.0,0.0,0.0,0.0,0.0,0.0,0.0,1.0,0.0,0.0,0.0,0.0,0.0,0.0,2.0,0.0,4.0,7.0,7.0,8.0,8.0,9.0,14.0,0.0,0.0,0.0,0.0,0.0,0.0,0.0,0.0,0.0,0.0,0.0,0.0,0.0,0.0,4.0,0.0,0.0,0.0,0.0,0.0,0.0,3.0,0.0,4.0,9.0,9.0,10.0,13.0,16.0,22.0
655,1.0,655.0,London_291,dim5,151,453,1092.0,70.0,2.0,165798.0,1.1638693178538233,819.0,68.0,2.0,66.0,140.0,19.0,121.0,76.0,215.0,112.0,21.0,66.0,10.0,20.0,3.0,6.0,6.0,66.0,151.0,230.0,39.0,0.0,0.0,0.0,0.0,0.0,0.0,0.0,0.0,0.0,0.0,0.0,0.0,0.0,0.0,0.0,0.0,0.0,0.0,0.0,0.0,0.0,0.0,0.0,0.0,0.0,0.0,0.0,0.0,1.0,0.0,0.0,1.0,0.0,0.0,1.0,0.0,0.0,0.0,4.0,2.0,2.0,2.0,0.0,6.0,10.0,5.0,14.0,15.0,11.0,19.0,0.0,0.0,0.0,0.0,0.0,0.0,0.0,0.0,1.0,0.0,0.0,1.0,0.0,0.0,6.0,0.0,0.0,0.0,6.0,3.0,3.0,2.0,0.0,8.0,15.0,8.0,23.0,27.0,17.0,28.0
656,1.0,656.0,London_291,dim5,151,453,1092.0,70.0,2.0,174858.0,2.131948007037863,839.0,154.0,1.0,153.0,288.0,9.0,279.0,140.0,220.0,121.0,12.0,64.0,9.0,21.0,1.0,5.0,11.0,72.0,141.0,229.0,49.0,0.0,0.0,0.0,0.0,0.0,0.0,0.0,0.0,0.0,0.0,0.0,0.0,0.0,0.0,0.0,0.0,0.0,0.0,0.0,0.0,0.0,0.0,0.0,0.0,0.0,0.0,0.0,0.0,0.0,0.0,0.0,1.0,0.0,0.0,1.0,0.0,0.0,0.0,2.0,9.0,0.0,1.0,8.0,6.0,9.0,4.0,8.0,37.0,34.0,20.0,0.0,0.0,0.0,0.0,0.0,0.0,0.0,0.0,0.0,0.0,0.0,7.0,0.0,0.0,3.0,0.0,0.0,0.0,3.0,10.0,0.0,2.0,8.0,8.0,13.0,5.0,10.0,60.0,56.0,26.0
657,1.0,657.0,London_291,dim5,151,453,1092.0,70.0,2.0,145413.0,0.870741578983143,774.0,76.0,0.0,76.0,128.0,0.0,128.0,288.0,201.0,108.0,16.0,87.0,5.0,26.0,2.0,8.0,9.0,77.0,158.0,209.0,42.0,0.0,0.0,0.0,0.0,0.0,0.0,0.0,0.0,0.0,0.0,0.0,0.0,0.0,0.0,0.0,0.0,0.0,0.0,0.0,0.0,0.0,0.0,0.0,0.0,0.0,0.0,0.0,0.0,0.0,0.0,0.0,0.0,0.0,0.0,0.0,0.0,0.0,0.0,5.0,1.0,1.0,2.0,0.0,3.0,11.0,5.0,5.0,14.0,22.0,16.0,0.0,0.0,0.0,0.0,0.0,0.0,0.0,0.0,0.0,0.0,0.0,0.0,0.0,0.0,0.0,0.0,0.0,0.0,8.0,1.0,1.0,3.0,0.0,3.0,15.0,5.0,6.0,21.0,29.0,21.0
658,1.0,658.0,London_291,dim5,151,453,1092.0,70.0,2.0,144960.0,0.8476731691043824,773.0,44.0,0.0,44.0,74.0,0.0,74.0,128.0,211.0,115.0,10.0,68.0,5.0,32.0,2.0,10.0,10.0,78.0,157.0,208.0,52.0,0.0,0.0,0.0,0.0,0.0,0.0,0.0,0.0,0.0,0.0,0.0,0.0,0.0,0.0,0.0,0.0,0.0,0.0,0.0,0.0,0.0,0.0,0.0,0.0,0.0,0.0,0.0,0.0,0.0,0.0,0.0,0.0,0.0,0.0,0.0,0.0,0.0,0.0,2.0,5.0,0.0,0.0,0.0,3.0,2.0,2.0,4.0,5.0,9.0,8.0,0.0,0.0,0.0,0.0,0.0,0.0,0.0,0.0,0.0,0.0,0.0,0.0,0.0,0.0,0.0,0.0,0.0,0.0,2.0,7.0,0.0,0.0,0.0,3.0,2.0,3.0,4.0,6.0,16.0,10.0
659,1.0,659.0,London_291,dim5,151,453,1092.0,70.0,2.0,169422.0,1.010103060863912,827.0,60.0,0.0,60.0,96.0,0.0,96.0,74.0,217.0,114.0,8.0,69.0,5.0,32.0,2.0,6.0,10.0,84.0,161.0,198.0,54.0,0.0,0.0,0.0,0.0,0.0,0.0,0.0,0.0,0.0,0.0,0.0,0.0,0.0,0.0,0.0,0.0,0.0,0.0,0.0,0.0,0.0,0.0,0.0,0.0,0.0,0.0,0.0,0.0,0.0,0.0,0.0,0.0,0.0,0.0,0.0,0.0,0.0,0.0,2.0,2.0,0.0,2.0,0.0,9.0,5.0,5.0,6.0,11.0,13.0,10.0,0.0,0.0,0.0,0.0,0.0,0.0,0.0,0.0,0.0,0.0,0.0,0.0,0.0,0.0,0.0,0.0,0.0,0.0,2.0,2.0,0.0,5.0,0.0,10.0,7.0,9.0,7.0,16.0,19.0,10.0
660,1.0,660.0,London_291,dim5,151,453,1092.0,70.0,2.0,186183.0,1.4493389090057462,864.0,116.0,2.0,114.0,219.0,17.0,202.0,96.0,224.0,124.0,5.0,58.0,4.0,30.0,2.0,6.0,11.0,80.0,157.0,205.0,60.0,0.0,0.0,0.0,0.0,0.0,0.0,0.0,0.0,0.0,0.0,0.0,0.0,0.0,0.0,0.0,0.0,0.0,0.0,0.0,0.0,0.0,0.0,0.0,0.0,0.0,0.0,0.0,0.0,0.0,0.0,0.0,1.0,0.0,0.0,1.0,0.0,0.0,0.0,1.0,21.0,4.0,1.0,5.0,4.0,6.0,5.0,2.0,21.0,30.0,21.0,0.0,0.0,0.0,0.0,0.0,0.0,0.0,0.0,0.0,0.0,0.0,2.0,0.0,0.0,1.0,0.0,0.0,0.0,2.0,34.0,6.0,2.0,5.0,4.0,8.0,6.0,3.0,39.0,41.0,29.0
661,1.0,661.0,London_291,dim5,151,453,1092.0,70.0,2.0,178482.0,1.1026401410344988,847.0,112.0,1.0,111.0,201.0,11.0,190.0,219.0,207.0,119.0,14.0,77.0,7.0,21.0,2.0,6.0,6.0,80.0,138.0,229.0,38.0,0.0,0.0,0.0,0.0,0.0,0.0,0.0,0.0,0.0,0.0,0.0,0.0,0.0,0.0,0.0,0.0,0.0,0.0,0.0,0.0,0.0,0.0,0.0,0.0,0.0,0.0,0.0,0.0,0.0,1.0,0.0,1.0,0.0,0.0,1.0,0.0,0.0,0.0,1.0,7.0,1.0,2.0,0.0,16.0,6.0,9.0,6.0,27.0,26.0,26.0,0.0,0.0,0.0,0.0,0.0,0.0,0.0,0.0,0.0,2.0,0.0,1.0,0.0,0.0,4.0,0.0,0.0,0.0,3.0,9.0,1.0,2.0,0.0,26.0,6.0,10.0,7.0,37.0,35.0,38.0
662,1.0,662.0,London_291,dim5,151,453,1092.0,70.0,2.0,167610.0,0.9962663080077618,823.0,85.0,1.0,84.0,146.0,9.0,137.0,201.0,219.0,112.0,20.0,65.0,1.0,32.0,0.0,4.0,5.0,80.0,141.0,227.0,45.0,0.0,0.0,0.0,0.0,0.0,0.0,0.0,0.0,0.0,0.0,0.0,0.0,0.0,0.0,0.0,0.0,0.0,0.0,0.0,0.0,0.0,0.0,0.0,0.0,0.0,0.0,0.0,0.0,0.0,0.0,0.0,0.0,1.0,0.0,1.0,0.0,0.0,0.0,5.0,3.0,0.0,1.0,1.0,7.0,6.0,2.0,10.0,16.0,19.0,23.0,0.0,0.0,0.0,0.0,0.0,0.0,0.0,0.0,0.0,0.0,0.0,0.0,7.0,0.0,2.0,0.0,0.0,0.0,7.0,4.0,0.0,1.0,1.0,11.0,8.0,2.0,13.0,23.0,25.0,31.0
663,1.0,663.0,London_291,dim5,151,453,1092.0,70.0,2.0,167157.0,1.2361447240691632,822.0,64.0,0.0,64.0,114.0,0.0,114.0,146.0,227.0,121.0,10.0,49.0,2.0,38.0,0.0,6.0,5.0,80.0,138.0,230.0,43.0,0.0,0.0,0.0,0.0,0.0,0.0,0.0,0.0,0.0,0.0,0.0,0.0,0.0,0.0,0.0,0.0,0.0,0.0,0.0,0.0,0.0,0.0,0.0,0.0,0.0,0.0,0.0,0.0,0.0,0.0,0.0,0.0,0.0,0.0,0.0,0.0,0.0,0.0,1.0,0.0,9.0,2.0,1.0,8.0,3.0,5.0,5.0,15.0,9.0,13.0,0.0,0.0,0.0,0.0,0.0,0.0,0.0,0.0,0.0,0.0,0.0,0.0,0.0,0.0,0.0,0.0,0.0,0.0,1.0,0.0,11.0,2.0,1.0,11.0,6.0,5.0,9.0,21.0,16.0,16.0
664,1.0,664.0,London_291,dim5,151,453,1092.0,70.0,2.0,180747.0,1.2269832959864289,852.0,110.0,3.0,107.0,211.0,25.0,186.0,114.0,227.0,128.0,11.0,42.0,2.0,36.0,0.0,7.0,6.0,78.0,130.0,239.0,37.0,0.0,0.0,0.0,0.0,0.0,0.0,0.0,0.0,0.0,0.0,0.0,0.0,0.0,0.0,0.0,0.0,0.0,0.0,0.0,0.0,0.0,0.0,0.0,0.0,0.0,0.0,0.0,0.0,0.0,0.0,0.0,1.0,1.0,1.0,0.0,0.0,0.0,0.0,4.0,5.0,3.0,4.0,1.0,15.0,7.0,5.0,4.0,22.0,23.0,11.0,0.0,0.0,0.0,0.0,0.0,0.0,0.0,0.0,0.0,0.0,0.0,2.0,4.0,6.0,0.0,0.0,0.0,0.0,4.0,6.0,4.0,6.0,1.0,22.0,11.0,8.0,6.0,33.0,32.0,15.0
665,1.0,665.0,London_291,dim5,151,453,1092.0,70.0,2.0,168063.0,1.6978880038950592,824.0,166.0,1.0,165.0,285.0,9.0,276.0,211.0,218.0,121.0,6.0,63.0,5.0,29.0,1.0,10.0,6.0,83.0,126.0,238.0,25.0,0.0,0.0,0.0,0.0,0.0,0.0,0.0,0.0,0.0,0.0,0.0,0.0,0.0,0.0,0.0,0.0,0.0,0.0,0.0,0.0,0.0,0.0,0.0,0.0,0.0,0.0,0.0,0.0,0.0,0.0,0.0,0.0,0.0,0.0,0.0,0.0,0.0,0.0,3.0,8.0,6.0,1.0,2.0,31.0,2.0,1.0,19.0,30.0,56.0,18.0,0.0,0.0,0.0,0.0,0.0,0.0,0.0,0.0,0.0,0.0,0.0,0.0,0.0,0.0,0.0,0.0,0.0,0.0,3.0,9.0,6.0,1.0,2.0,38.0,2.0,1.0,23.0,45.0,85.0,22.0
666,1.0,666.0,London_291,dim5,151,453,1092.0,70.0,2.0,127746.0,0.8317887631710619,735.0,43.0,2.0,41.0,93.0,17.0,76.0,285.0,177.0,113.0,18.0,81.0,12.0,39.0,4.0,9.0,5.0,82.0,142.0,224.0,34.0,0.0,0.0,0.0,0.0,0.0,0.0,0.0,0.0,0.0,0.0,0.0,0.0,0.0,0.0,0.0,0.0,0.0,0.0,0.0,0.0,0.0,0.0,0.0,0.0,0.0,0.0,0.0,0.0,0.0,0.0,0.0,0.0,0.0,0.0,0.0,0.0,0.0,0.0,1.0,0.0,1.0,0.0,1.0,4.0,4.0,2.0,3.0,8.0,9.0,11.0,0.0,0.0,0.0,0.0,0.0,0.0,0.0,0.0,0.0,0.0,0.0,0.0,0.0,0.0,0.0,0.0,0.0,0.0,1.0,0.0,1.0,0.0,1.0,6.0,5.0,2.0,5.0,13.0,15.0,11.0
667,1.0,667.0,London_291,dim5,151,453,1092.0,70.0,2.0,146772.0,1.6065164399333298,777.0,59.0,2.0,57.0,110.0,18.0,92.0,93.0,177.0,114.0,20.0,74.0,12.0,41.0,4.0,11.0,6.0,83.0,142.0,222.0,42.0,0.0,0.0,0.0,0.0,0.0,0.0,0.0,0.0,0.0,0.0,0.0,0.0,0.0,0.0,0.0,0.0,0.0,0.0,0.0,0.0,0.0,0.0,0.0,0.0,0.0,0.0,0.0,0.0,1.0,0.0,0.0,2.0,0.0,0.0,1.0,0.0,0.0,0.0,1.0,3.0,1.0,0.0,0.0,2.0,6.0,3.0,5.0,9.0,12.0,13.0,0.0,0.0,0.0,0.0,0.0,0.0,0.0,0.0,5.0,0.0,0.0,4.0,0.0,0.0,3.0,0.0,0.0,0.0,1.0,3.0,1.0,0.0,0.0,2.0,10.0,3.0,9.0,13.0,21.0,15.0
668,1.0,668.0,London_291,dim5,151,453,1092.0,70.0,2.0,152661.0,1.0780863920226693,790.0,145.0,0.0,145.0,255.0,0.0,255.0,110.0,173.0,129.0,19.0,71.0,13.0,36.0,0.0,12.0,9.0,80.0,142.0,222.0,48.0,0.0,0.0,0.0,0.0,0.0,0.0,0.0,0.0,0.0,0.0,0.0,0.0,0.0,0.0,0.0,0.0,0.0,0.0,0.0,0.0,0.0,0.0,0.0,0.0,0.0,0.0,0.0,0.0,0.0,0.0,0.0,0.0,0.0,0.0,0.0,0.0,0.0,0.0,7.0,10.0,1.0,1.0,1.0,10.0,8.0,20.0,25.0,25.0,35.0,38.0,0.0,0.0,0.0,0.0,0.0,0.0,0.0,0.0,0.0,0.0,0.0,0.0,0.0,0.0,0.0,0.0,0.0,0.0,7.0,14.0,1.0,4.0,1.0,11.0,14.0,32.0,34.0,38.0,52.0,57.0
669,1.0,669.0,London_291,dim5,151,453,1092.0,70.0,2.0,124575.0,0.8452991440426558,728.0,16.0,0.0,16.0,31.0,0.0,31.0,255.0,193.0,126.0,14.0,71.0,12.0,28.0,0.0,9.0,12.0,86.0,150.0,205.0,48.0,0.0,0.0,0.0,0.0,0.0,0.0,0.0,0.0,0.0,0.0,0.0,0.0,0.0,0.0,0.0,0.0,0.0,0.0,0.0,0.0,0.0,0.0,0.0,0.0,0.0,0.0,0.0,0.0,0.0,0.0,0.0,0.0,0.0,0.0,0.0,0.0,0.0,0.0,2.0,1.0,0.0,0.0,0.0,1.0,2.0,1.0,2.0,4.0,1.0,5.0,0.0,0.0,0.0,0.0,0.0,0.0,0.0,0.0,0.0,0.0,0.0,0.0,0.0,0.0,0.0,0.0,0.0,0.0,3.0,2.0,0.0,0.0,0.0,1.0,3.0,1.0,3.0,10.0,2.0,7.0
670,1.0,670.0,London_291,dim5,151,453,1092.0,70.0,2.0,151302.0,1.61780537199229,787.0,94.0,2.0,92.0,182.0,19.0,163.0,31.0,199.0,128.0,14.0,62.0,12.0,31.0,0.0,7.0,13.0,89.0,155.0,196.0,47.0,0.0,0.0,0.0,0.0,0.0,0.0,0.0,0.0,0.0,0.0,0.0,0.0,0.0,0.0,0.0,0.0,0.0,0.0,0.0,0.0,0.0,0.0,0.0,0.0,0.0,0.0,0.0,0.0,0.0,0.0,0.0,0.0,0.0,0.0,2.0,0.0,0.0,0.0,5.0,8.0,0.0,3.0,1.0,6.0,3.0,8.0,16.0,20.0,21.0,22.0,0.0,0.0,0.0,0.0,0.0,0.0,0.0,0.0,0.0,0.0,0.0,0.0,0.0,0.0,9.0,0.0,0.0,0.0,7.0,13.0,0.0,6.0,1.0,6.0,4.0,12.0,22.0,25.0,29.0,28.0
671,1.0,671.0,London_291,dim5,151,453,1092.0,70.0,2.0,148584.0,1.3769482809584588,781.0,60.0,0.0,60.0,106.0,0.0,106.0,182.0,197.0,147.0,9.0,61.0,13.0,19.0,2.0,5.0,14.0,76.0,152.0,211.0,53.0,0.0,0.0,0.0,0.0,0.0,0.0,0.0,0.0,0.0,0.0,0.0,0.0,0.0,0.0,0.0,0.0,0.0,0.0,0.0,0.0,0.0,0.0,0.0,0.0,0.0,0.0,0.0,0.0,0.0,0.0,0.0,0.0,0.0,0.0,0.0,0.0,0.0,0.0,0.0,2.0,0.0,0.0,1.0,4.0,6.0,6.0,6.0,6.0,21.0,14.0,0.0,0.0,0.0,0.0,0.0,0.0,0.0,0.0,0.0,0.0,0.0,0.0,0.0,0.0,0.0,0.0,0.0,0.0,0.0,3.0,0.0,0.0,1.0,4.0,6.0,8.0,8.0,9.0,37.0,18.0
672,1.0,672.0,London_291,dim5,151,453,1092.0,70.0,2.0,160362.0,1.867899363860488,807.0,94.0,2.0,92.0,184.0,19.0,165.0,106.0,209.0,156.0,13.0,36.0,11.0,24.0,2.0,2.0,9.0,74.0,153.0,217.0,46.0,0.0,0.0,0.0,0.0,0.0,0.0,0.0,0.0,0.0,1.0,0.0,1.0,0.0,0.0,0.0,0.0,0.0,0.0,1.0,0.0,0.0,0.0,0.0,0.0,0.0,0.0,0.0,0.0,1.0,0.0,0.0,1.0,0.0,1.0,1.0,0.0,0.0,0.0,4.0,9.0,3.0,0.0,3.0,14.0,12.0,4.0,6.0,15.0,23.0,11.0,0.0,0.0,0.0,0.0,0.0,0.0,0.0,0.0,2.0,0.0,0.0,3.0,0.0,6.0,1.0,0.0,0.0,0.0,6.0,14.0,3.0,0.0,3.0,16.0,12.0,7.0,7.0,26.0,32.0,13.0
673,1.0,673.0,London_291,dim5,151,453,1092.0,70.0,2.0,163533.0,1.2609349668491632,814.0,82.0,0.0,82.0,142.0,0.0,142.0,177.0,217.0,144.0,10.0,47.0,4.0,26.0,1.0,4.0,12.0,74.0,149.0,218.0,45.0,0.0,0.0,0.0,0.0,0.0,0.0,0.0,0.0,0.0,0.0,0.0,0.0,0.0,0.0,0.0,0.0,0.0,0.0,0.0,0.0,0.0,0.0,0.0,0.0,0.0,0.0,0.0,0.0,0.0,0.0,0.0,0.0,0.0,0.0,0.0,0.0,0.0,0.0,5.0,7.0,2.0,3.0,6.0,4.0,6.0,8.0,11.0,22.0,11.0,24.0,0.0,0.0,0.0,0.0,0.0,0.0,0.0,0.0,0.0,0.0,0.0,0.0,0.0,0.0,0.0,0.0,0.0,0.0,7.0,8.0,2.0,7.0,7.0,4.0,10.0,9.0,15.0,28.0,18.0,29.0
674,1.0,674.0,London_291,dim5,151,453,1092.0,70.0,2.0,166251.0,1.1478808759711683,820.0,93.0,0.0,93.0,161.0,0.0,161.0,142.0,216.0,154.0,14.0,39.0,4.0,21.0,2.0,3.0,12.0,71.0,152.0,218.0,49.0,0.0,0.0,0.0,0.0,0.0,0.0,0.0,0.0,0.0,0.0,0.0,0.0,0.0,0.0,0.0,0.0,0.0,0.0,0.0,0.0,0.0,0.0,0.0,0.0,0.0,0.0,0.0,0.0,0.0,0.0,0.0,0.0,0.0,0.0,0.0,0.0,0.0,0.0,1.0,5.0,1.0,0.0,3.0,9.0,8.0,2.0,4.0,16.0,19.0,16.0,0.0,0.0,0.0,0.0,0.0,0.0,0.0,0.0,0.0,0.0,0.0,0.0,0.0,0.0,0.0,0.0,0.0,0.0,1.0,6.0,1.0,0.0,3.0,11.0,10.0,3.0,4.0,22.0,26.0,20.0
675,1.0,675.0,London_291,dim5,151,453,1092.0,70.0,2.0,165345.0,1.0887453879695386,818.0,104.0,0.0,104.0,179.0,0.0,179.0,161.0,218.0,146.0,13.0,43.0,6.0,21.0,3.0,3.0,15.0,80.0,154.0,204.0,50.0,0.0,0.0,0.0,0.0,0.0,0.0,0.0,0.0,0.0,0.0,0.0,0.0,0.0,0.0,0.0,0.0,0.0,0.0,0.0,0.0,0.0,0.0,0.0,0.0,0.0,0.0,0.0,0.0,0.0,0.0,0.0,0.0,0.0,0.0,0.0,0.0,0.0,0.0,2.0,2.0,0.0,0.0,3.0,9.0,10.0,11.0,5.0,21.0,23.0,18.0,0.0,0.0,0.0,0.0,0.0,0.0,0.0,0.0,0.0,0.0,0.0,0.0,0.0,0.0,0.0,0.0,0.0,0.0,2.0,3.0,0.0,0.0,3.0,11.0,13.0,15.0,5.0,31.0,38.0,23.0
676,1.0,676.0,London_291,dim5,151,453,1092.0,70.0,2.0,157191.0,1.4215745069086552,800.0,82.0,2.0,80.0,154.0,18.0,136.0,179.0,238.0,130.0,5.0,50.0,4.0,20.0,2.0,4.0,12.0,87.0,144.0,210.0,40.0,0.0,0.0,0.0,0.0,0.0,0.0,0.0,0.0,0.0,0.0,0.0,0.0,0.0,0.0,0.0,0.0,0.0,0.0,0.0,0.0,0.0,0.0,0.0,0.0,0.0,0.0,0.0,0.0,0.0,0.0,0.0,0.0,1.0,0.0,1.0,0.0,0.0,0.0,4.0,6.0,2.0,1.0,0.0,10.0,9.0,7.0,11.0,16.0,15.0,10.0,0.0,0.0,0.0,0.0,0.0,0.0,0.0,0.0,0.0,0.0,0.0,0.0,8.0,0.0,1.0,0.0,0.0,0.0,4.0,10.0,3.0,2.0,0.0,17.0,13.0,9.0,12.0,26.0,22.0,16.0
677,1.0,677.0,London_291,dim5,151,453,1092.0,70.0,2.0,160362.0,0.9910389790311456,807.0,56.0,0.0,56.0,86.0,0.0,86.0,154.0,230.0,123.0,13.0,59.0,3.0,20.0,1.0,4.0,8.0,91.0,143.0,211.0,32.0,0.0,0.0,0.0,0.0,0.0,0.0,0.0,0.0,0.0,0.0,0.0,0.0,0.0,0.0,0.0,0.0,0.0,0.0,0.0,0.0,0.0,0.0,0.0,0.0,0.0,0.0,0.0,0.0,0.0,0.0,0.0,0.0,0.0,0.0,0.0,0.0,0.0,0.0,2.0,1.0,0.0,0.0,0.0,8.0,5.0,2.0,10.0,12.0,7.0,11.0,0.0,0.0,0.0,0.0,0.0,0.0,0.0,0.0,0.0,0.0,0.0,0.0,0.0,0.0,0.0,0.0,0.0,0.0,2.0,1.0,0.0,0.0,0.0,11.0,8.0,5.0,15.0,19.0,9.0,18.0
678,1.0,678.0,London_291,dim5,151,453,1092.0,70.0,2.0,173046.0,1.1434411311056465,835.0,79.0,2.0,77.0,150.0,20.0,130.0,86.0,240.0,120.0,10.0,55.0,5.0,19.0,1.0,3.0,8.0,90.0,141.0,214.0,35.0,0.0,0.0,0.0,0.0,0.0,0.0,0.0,0.0,0.0,0.0,0.0,0.0,0.0,0.0,0.0,0.0,0.0,0.0,0.0,0.0,0.0,0.0,0.0,0.0,0.0,0.0,0.0,0.0,0.0,1.0,0.0,2.0,0.0,1.0,2.0,0.0,0.0,0.0,5.0,0.0,1.0,1.0,0.0,10.0,6.0,3.0,13.0,15.0,15.0,15.0,0.0,0.0,0.0,0.0,0.0,0.0,0.0,0.0,0.0,2.0,0.0,6.0,0.0,9.0,6.0,0.0,0.0,0.0,6.0,0.0,1.0,1.0,0.0,15.0,8.0,4.0,21.0,22.0,19.0,22.0
679,1.0,679.0,London_291,dim5,151,453,1092.0,70.0,2.0,171687.0,1.4818678309675306,832.0,64.0,2.0,62.0,119.0,18.0,101.0,150.0,232.0,134.0,9.0,51.0,3.0,21.0,0.0,3.0,6.0,92.0,144.0,211.0,42.0,0.0,0.0,0.0,0.0,0.0,0.0,0.0,0.0,0.0,0.0,0.0,0.0,0.0,0.0,0.0,0.0,0.0,0.0,0.0,0.0,0.0,0.0,0.0,0.0,0.0,0.0,0.0,0.0,0.0,0.0,0.0,0.0,0.0,0.0,0.0,0.0,0.0,0.0,1.0,3.0,0.0,0.0,11.0,5.0,5.0,2.0,5.0,22.0,14.0,11.0,0.0,0.0,0.0,0.0,0.0,0.0,0.0,0.0,0.0,0.0,0.0,0.0,0.0,0.0,0.0,0.0,0.0,0.0,1.0,4.0,0.0,0.0,12.0,6.0,6.0,2.0,6.0,28.0,21.0,14.0
680,1.0,680.0,London_291,dim5,151,453,1092.0,70.0,2.0,194337.0,1.5147766559384763,882.0,134.0,2.0,132.0,249.0,19.0,230.0,119.0,228.0,145.0,7.0,46.0,5.0,15.0,0.0,7.0,8.0,89.0,128.0,228.0,41.0,0.0,0.0,0.0,0.0,0.0,0.0,0.0,0.0,0.0,0.0,0.0,0.0,0.0,0.0,0.0,0.0,0.0,0.0,0.0,0.0,0.0,0.0,0.0,0.0,0.0,0.0,0.0,0.0,0.0,0.0,0.0,1.0,0.0,1.0,1.0,0.0,0.0,0.0,0.0,16.0,0.0,2.0,3.0,24.0,6.0,8.0,9.0,29.0,35.0,5.0,0.0,0.0,0.0,0.0,0.0,0.0,0.0,0.0,0.0,0.0,0.0,2.0,0.0,7.0,5.0,0.0,0.0,0.0,0.0,24.0,0.0,3.0,3.0,28.0,9.0,10.0,12.0,50.0,52.0,7.0
681,1.0,681.0,London_291,dim5,151,453,1092.0,70.0,2.0,169422.0,1.8593196549918503,827.0,156.0,1.0,155.0,260.0,8.0,252.0,249.0,217.0,92.0,23.0,76.0,5.0,26.0,3.0,11.0,8.0,89.0,141.0,215.0,42.0,0.0,0.0,0.0,0.0,0.0,0.0,0.0,0.0,0.0,0.0,0.0,0.0,0.0,0.0,0.0,0.0,0.0,0.0,0.0,0.0,0.0,0.0,0.0,0.0,0.0,0.0,0.0,0.0,0.0,1.0,0.0,1.0,1.0,0.0,1.0,0.0,0.0,0.0,1.0,3.0,2.0,2.0,0.0,20.0,12.0,10.0,8.0,32.0,33.0,20.0,0.0,0.0,0.0,0.0,0.0,0.0,0.0,0.0,0.0,3.0,0.0,1.0,5.0,0.0,2.0,0.0,0.0,0.0,1.0,4.0,2.0,2.0,0.0,25.0,17.0,13.0,12.0,48.0,46.0,22.0
682,1.0,682.0,London_291,dim5,151,453,1092.0,70.0,2.0,130011.0,0.8210725300014019,740.0,84.0,0.0,84.0,154.0,0.0,154.0,260.0,220.0,113.0,17.0,66.0,8.0,15.0,4.0,10.0,7.0,88.0,160.0,198.0,42.0,0.0,0.0,0.0,0.0,0.0,0.0,0.0,0.0,0.0,0.0,0.0,0.0,0.0,0.0,0.0,0.0,0.0,0.0,0.0,0.0,0.0,0.0,0.0,0.0,0.0,0.0,0.0,0.0,0.0,0.0,0.0,0.0,0.0,0.0,0.0,0.0,0.0,0.0,5.0,2.0,0.0,2.0,0.0,8.0,8.0,9.0,9.0,20.0,19.0,18.0,0.0,0.0,0.0,0.0,0.0,0.0,0.0,0.0,0.0,0.0,0.0,0.0,0.0,0.0,0.0,0.0,0.0,0.0,5.0,4.0,0.0,3.0,0.0,10.0,11.0,11.0,14.0,34.0,33.0,26.0
683,1.0,683.0,London_291,dim5,151,453,1092.0,70.0,2.0,127293.0,0.9159450510051101,734.0,25.0,2.0,23.0,56.0,17.0,39.0,154.0,222.0,126.0,17.0,54.0,7.0,14.0,2.0,11.0,9.0,84.0,160.0,200.0,46.0,0.0,0.0,0.0,0.0,0.0,0.0,0.0,0.0,0.0,0.0,0.0,0.0,0.0,0.0,0.0,0.0,0.0,0.0,0.0,0.0,0.0,0.0,0.0,0.0,0.0,0.0,0.0,0.0,0.0,1.0,0.0,0.0,0.0,1.0,1.0,0.0,0.0,0.0,0.0,1.0,0.0,0.0,0.0,3.0,0.0,2.0,4.0,4.0,4.0,3.0,0.0,0.0,0.0,0.0,0.0,0.0,0.0,0.0,0.0,5.0,0.0,0.0,0.0,5.0,2.0,0.0,0.0,0.0,0.0,1.0,0.0,0.0,0.0,4.0,0.0,3.0,4.0,6.0,6.0,4.0
684,1.0,684.0,London_291,dim5,151,453,1092.0,70.0,2.0,159456.0,1.868208295898512,805.0,98.0,0.0,98.0,165.0,0.0,165.0,56.0,224.0,134.0,20.0,57.0,2.0,7.0,0.0,9.0,9.0,85.0,159.0,200.0,52.0,0.0,0.0,0.0,0.0,0.0,0.0,0.0,0.0,0.0,0.0,0.0,0.0,0.0,0.0,0.0,0.0,0.0,0.0,0.0,0.0,0.0,0.0,0.0,0.0,0.0,0.0,0.0,0.0,0.0,0.0,0.0,0.0,0.0,0.0,0.0,0.0,0.0,0.0,3.0,7.0,0.0,1.0,5.0,11.0,13.0,3.0,14.0,14.0,29.0,15.0,0.0,0.0,0.0,0.0,0.0,0.0,0.0,0.0,0.0,0.0,0.0,0.0,0.0,0.0,0.0,0.0,0.0,0.0,3.0,13.0,0.0,1.0,7.0,16.0,13.0,3.0,21.0,22.0,45.0,19.0
685,1.0,685.0,London_291,dim5,151,453,1092.0,70.0,2.0,160815.0,1.1299358599353582,808.0,35.0,0.0,35.0,59.0,0.0,59.0,165.0,221.0,145.0,8.0,44.0,5.0,22.0,0.0,8.0,11.0,82.0,158.0,202.0,66.0,0.0,0.0,0.0,0.0,0.0,0.0,0.0,0.0,0.0,0.0,0.0,0.0,0.0,0.0,0.0,0.0,0.0,0.0,0.0,0.0,0.0,0.0,0.0,0.0,0.0,0.0,0.0,0.0,0.0,0.0,0.0,0.0,0.0,0.0,0.0,0.0,0.0,0.0,3.0,0.0,0.0,0.0,0.0,0.0,7.0,2.0,4.0,3.0,4.0,6.0,0.0,0.0,0.0,0.0,0.0,0.0,0.0,0.0,0.0,0.0,0.0,0.0,0.0,0.0,0.0,0.0,0.0,0.0,4.0,0.0,0.0,0.0,0.0,0.0,10.0,2.0,6.0,3.0,9.0,8.0
686,1.0,686.0,London_291,dim5,151,453,1092.0,70.0,2.0,176217.0,1.7529290718957782,842.0,210.0,0.0,210.0,363.0,0.0,363.0,59.0,233.0,151.0,7.0,22.0,5.0,27.0,0.0,8.0,13.0,89.0,151.0,200.0,66.0,0.0,0.0,0.0,0.0,0.0,0.0,0.0,0.0,0.0,0.0,0.0,0.0,0.0,0.0,0.0,0.0,0.0,0.0,0.0,0.0,0.0,0.0,0.0,0.0,0.0,0.0,0.0,0.0,0.0,0.0,0.0,0.0,0.0,0.0,0.0,0.0,0.0,0.0,1.0,20.0,0.0,7.0,2.0,0.0,1.0,0.0,11.0,37.0,42.0,15.0,0.0,0.0,0.0,0.0,0.0,0.0,0.0,0.0,0.0,0.0,0.0,0.0,0.0,0.0,0.0,0.0,0.0,0.0,1.0,30.0,0.0,11.0,2.0,0.0,1.0,0.0,16.0,59.0,64.0,19.0
687,1.0,687.0,London_291,dim5,151,453,1092.0,70.0,2.0,107361.0,0.5485530118457973,690.0,58.0,0.0,58.0,101.0,0.0,101.0,363.0,134.0,136.0,16.0,113.0,15.0,31.0,0.0,8.0,8.0,65.0,146.0,234.0,36.0,0.0,0.0,0.0,0.0,0.0,0.0,0.0,0.0,0.0,0.0,0.0,0.0,0.0,0.0,0.0,0.0,0.0,0.0,0.0,0.0,0.0,0.0,0.0,0.0,0.0,0.0,0.0,0.0,0.0,0.0,0.0,0.0,0.0,0.0,0.0,0.0,0.0,0.0,2.0,0.0,0.0,2.0,0.0,7.0,3.0,1.0,4.0,14.0,17.0,12.0,0.0,0.0,0.0,0.0,0.0,0.0,0.0,0.0,0.0,0.0,0.0,0.0,0.0,0.0,0.0,0.0,0.0,0.0,2.0,0.0,0.0,3.0,0.0,11.0,4.0,1.0,4.0,21.0,26.0,17.0
688,1.0,688.0,London_291,dim5,151,453,1092.0,70.0,2.0,110985.0,0.683059856062755,698.0,5.0,0.0,5.0,10.0,0.0,10.0,101.0,138.0,126.0,17.0,115.0,16.0,32.0,0.0,9.0,11.0,67.0,155.0,220.0,46.0,0.0,0.0,0.0,0.0,0.0,0.0,0.0,0.0,0.0,0.0,0.0,0.0,0.0,0.0,0.0,0.0,0.0,0.0,0.0,0.0,0.0,0.0,0.0,0.0,0.0,0.0,0.0,0.0,0.0,0.0,0.0,0.0,0.0,0.0,0.0,0.0,0.0,0.0,0.0,0.0,0.0,0.0,0.0,1.0,0.0,0.0,0.0,1.0,1.0,1.0,0.0,0.0,0.0,0.0,0.0,0.0,0.0,0.0,0.0,0.0,0.0,0.0,0.0,0.0,0.0,0.0,0.0,0.0,0.0,0.0,0.0,0.0,0.0,2.0,0.0,0.0,0.0,2.0,1.0,1.0
689,1.0,689.0,London_291,dim5,151,453,1092.0,70.0,2.0,144054.0,0.7266819539945573,771.0,61.0,2.0,59.0,128.0,20.0,108.0,10.0,137.0,127.0,17.0,116.0,16.0,31.0,0.0,9.0,12.0,66.0,157.0,218.0,47.0,0.0,0.0,0.0,0.0,0.0,0.0,0.0,0.0,0.0,0.0,0.0,0.0,0.0,0.0,0.0,0.0,0.0,0.0,0.0,0.0,0.0,0.0,0.0,0.0,0.0,0.0,0.0,0.0,0.0,0.0,0.0,2.0,0.0,0.0,1.0,0.0,0.0,0.0,1.0,0.0,0.0,1.0,0.0,4.0,5.0,1.0,5.0,11.0,14.0,10.0,0.0,0.0,0.0,0.0,0.0,0.0,0.0,0.0,0.0,0.0,0.0,9.0,0.0,0.0,4.0,0.0,0.0,0.0,1.0,0.0,0.0,2.0,0.0,4.0,6.0,2.0,6.0,15.0,22.0,13.0
690,1.0,690.0,London_291,dim5,151,453,1092.0,70.0,2.0,159003.0,1.1215633139945567,804.0,149.0,1.0,148.0,270.0,10.0,260.0,128.0,141.0,142.0,17.0,95.0,10.0,32.0,2.0,14.0,9.0,75.0,156.0,213.0,45.0,0.0,0.0,0.0,0.0,0.0,0.0,0.0,0.0,0.0,0.0,0.0,0.0,0.0,0.0,0.0,0.0,0.0,0.0,0.0,0.0,0.0,0.0,0.0,0.0,0.0,0.0,0.0,0.0,0.0,0.0,0.0,0.0,0.0,0.0,1.0,0.0,0.0,0.0,0.0,0.0,0.0,0.0,2.0,12.0,22.0,8.0,15.0,21.0,36.0,28.0,0.0,0.0,0.0,0.0,0.0,0.0,0.0,0.0,0.0,0.0,0.0,0.0,0.0,0.0,1.0,0.0,0.0,0.0,0.0,0.0,0.0,0.0,2.0,18.0,27.0,11.0,20.0,33.0,57.0,36.0
691,1.0,691.0,London_291,dim5,151,453,1092.0,70.0,2.0,128199.0,0.7027439810335636,736.0,68.0,1.0,67.0,121.0,8.0,113.0,270.0,159.0,142.0,16.0,72.0,6.0,43.0,3.0,12.0,5.0,76.0,138.0,234.0,46.0,0.0,0.0,0.0,0.0,0.0,0.0,0.0,0.0,0.0,0.0,0.0,0.0,0.0,0.0,0.0,0.0,0.0,0.0,0.0,0.0,0.0,0.0,0.0,0.0,0.0,0.0,0.0,0.0,0.0,0.0,0.0,0.0,0.0,0.0,1.0,0.0,0.0,0.0,3.0,0.0,0.0,0.0,0.0,9.0,6.0,2.0,11.0,13.0,11.0,14.0,0.0,0.0,0.0,0.0,0.0,0.0,0.0,0.0,0.0,0.0,0.0,0.0,0.0,0.0,2.0,0.0,0.0,0.0,3.0,0.0,0.0,0.0,0.0,13.0,10.0,2.0,17.0,16.0,16.0,21.0
692,1.0,692.0,London_291,dim5,151,453,1092.0,70.0,2.0,131370.0,0.766050887061283,743.0,27.0,2.0,25.0,63.0,18.0,45.0,121.0,154.0,140.0,14.0,74.0,10.0,47.0,3.0,11.0,7.0,86.0,134.0,226.0,53.0,0.0,0.0,0.0,0.0,0.0,0.0,0.0,0.0,0.0,0.0,0.0,0.0,0.0,0.0,0.0,0.0,0.0,0.0,0.0,0.0,0.0,0.0,0.0,0.0,0.0,0.0,0.0,0.0,0.0,0.0,0.0,0.0,1.0,1.0,2.0,0.0,0.0,0.0,0.0,0.0,0.0,0.0,0.0,2.0,3.0,1.0,6.0,6.0,4.0,6.0,0.0,0.0,0.0,0.0,0.0,0.0,0.0,0.0,0.0,0.0,0.0,0.0,7.0,6.0,7.0,0.0,0.0,0.0,0.0,0.0,0.0,0.0,0.0,2.0,8.0,1.0,9.0,11.0,4.0,11.0
693,1.0,693.0,London_291,dim5,151,453,1092.0,70.0,2.0,151302.0,0.9594538889359683,787.0,69.0,2.0,67.0,140.0,18.0,122.0,63.0,152.0,126.0,16.0,88.0,10.0,54.0,0.0,7.0,8.0,91.0,120.0,234.0,58.0,0.0,0.0,0.0,0.0,0.0,0.0,0.0,0.0,0.0,0.0,0.0,0.0,0.0,0.0,0.0,0.0,0.0,0.0,0.0,0.0,0.0,0.0,0.0,0.0,0.0,0.0,0.0,0.0,0.0,0.0,0.0,0.0,0.0,1.0,0.0,0.0,0.0,0.0,4.0,0.0,0.0,0.0,0.0,9.0,4.0,3.0,11.0,10.0,16.0,14.0,0.0,0.0,0.0,0.0,0.0,0.0,0.0,0.0,0.0,0.0,0.0,0.0,0.0,7.0,0.0,0.0,0.0,0.0,6.0,0.0,0.0,0.0,0.0,15.0,4.0,5.0,13.0,12.0,27.0,17.0
694,1.0,694.0,London_291,dim5,151,453,1092.0,70.0,2.0,161268.0,1.266097994055599,809.0,70.0,0.0,70.0,121.0,0.0,121.0,140.0,158.0,121.0,15.0,81.0,12.0,57.0,0.0,9.0,6.0,94.0,121.0,232.0,64.0,0.0,0.0,0.0,0.0,0.0,0.0,0.0,0.0,0.0,0.0,0.0,0.0,0.0,0.0,0.0,0.0,0.0,0.0,0.0,0.0,0.0,0.0,0.0,0.0,0.0,0.0,0.0,0.0,0.0,0.0,0.0,0.0,0.0,0.0,0.0,0.0,0.0,0.0,3.0,5.0,0.0,3.0,1.0,15.0,0.0,5.0,9.0,14.0,14.0,13.0,0.0,0.0,0.0,0.0,0.0,0.0,0.0,0.0,0.0,0.0,0.0,0.0,0.0,0.0,0.0,0.0,0.0,0.0,3.0,7.0,0.0,4.0,1.0,17.0,0.0,8.0,10.0,21.0,19.0,20.0
695,1.0,695.0,London_291,dim5,151,453,1092.0,70.0,2.0,175311.0,1.133809139020741,840.0,79.0,0.0,79.0,129.0,0.0,129.0,121.0,168.0,127.0,9.0,68.0,14.0,56.0,1.0,10.0,8.0,87.0,139.0,219.0,66.0,0.0,0.0,0.0,0.0,0.0,0.0,0.0,0.0,0.0,0.0,0.0,0.0,0.0,0.0,0.0,0.0,0.0,0.0,0.0,0.0,0.0,0.0,0.0,0.0,0.0,0.0,0.0,0.0,0.0,0.0,0.0,0.0,0.0,0.0,0.0,0.0,0.0,0.0,1.0,1.0,0.0,1.0,0.0,11.0,8.0,6.0,9.0,11.0,18.0,15.0,0.0,0.0,0.0,0.0,0.0,0.0,0.0,0.0,0.0,0.0,0.0,0.0,0.0,0.0,0.0,0.0,0.0,0.0,2.0,1.0,0.0,2.0,0.0,13.0,11.0,7.0,11.0,14.0,28.0,16.0
696,1.0,696.0,London_291,dim5,151,453,1092.0,70.0,2.0,175311.0,1.3772469549439847,840.0,107.0,2.0,105.0,197.0,16.0,181.0,129.0,171.0,127.0,7.0,58.0,14.0,61.0,4.0,11.0,9.0,80.0,141.0,223.0,63.0,0.0,0.0,0.0,0.0,0.0,0.0,0.0,0.0,0.0,0.0,0.0,0.0,0.0,0.0,0.0,0.0,0.0,0.0,0.0,0.0,0.0,0.0,0.0,0.0,0.0,0.0,0.0,0.0,0.0,0.0,0.0,0.0,0.0,0.0,1.0,0.0,0.0,0.0,6.0,13.0,0.0,2.0,0.0,12.0,4.0,7.0,8.0,18.0,22.0,26.0,0.0,0.0,0.0,0.0,0.0,0.0,0.0,0.0,0.0,0.0,0.0,0.0,0.0,0.0,1.0,0.0,0.0,0.0,7.0,18.0,0.0,3.0,0.0,12.0,7.0,9.0,9.0,28.0,35.0,28.0
697,1.0,697.0,London_291,dim5,151,453,1092.0,70.0,2.0,169422.0,1.1677910999860615,827.0,113.0,2.0,111.0,203.0,19.0,184.0,197.0,193.0,119.0,14.0,55.0,12.0,49.0,1.0,10.0,7.0,83.0,143.0,220.0,58.0,0.0,0.0,0.0,0.0,0.0,0.0,0.0,0.0,0.0,0.0,0.0,0.0,0.0,0.0,0.0,0.0,0.0,0.0,0.0,0.0,0.0,0.0,0.0,0.0,0.0,0.0,0.0,0.0,1.0,0.0,0.0,1.0,0.0,0.0,1.0,0.0,0.0,0.0,3.0,9.0,8.0,2.0,0.0,16.0,8.0,8.0,12.0,13.0,27.0,18.0,0.0,0.0,0.0,0.0,0.0,0.0,0.0,0.0,1.0,0.0,0.0,1.0,0.0,0.0,7.0,0.0,0.0,0.0,4.0,12.0,9.0,2.0,0.0,22.0,10.0,12.0,18.0,17.0,36.0,21.0
698,1.0,698.0,London_291,dim5,151,453,1092.0,70.0,2.0,157644.0,1.3530900608748198,801.0,61.0,1.0,60.0,113.0,9.0,104.0,203.0,192.0,124.0,16.0,58.0,8.0,45.0,0.0,10.0,5.0,90.0,140.0,218.0,50.0,0.0,0.0,0.0,0.0,0.0,0.0,0.0,0.0,0.0,0.0,0.0,0.0,0.0,0.0,0.0,0.0,0.0,0.0,0.0,0.0,0.0,0.0,0.0,0.0,0.0,0.0,0.0,0.0,0.0,0.0,0.0,1.0,0.0,0.0,1.0,0.0,0.0,0.0,2.0,5.0,0.0,4.0,0.0,8.0,7.0,2.0,5.0,16.0,15.0,16.0,0.0,0.0,0.0,0.0,0.0,0.0,0.0,0.0,0.0,0.0,0.0,7.0,0.0,0.0,5.0,0.0,0.0,0.0,2.0,6.0,0.0,8.0,0.0,10.0,14.0,2.0,6.0,24.0,23.0,23.0
699,1.0,699.0,London_291,dim5,151,453,1092.0,70.0,2.0,167610.0,1.0570318629033864,823.0,95.0,0.0,95.0,159.0,0.0,159.0,113.0,193.0,109.0,22.0,62.0,6.0,51.0,1.0,9.0,6.0,88.0,142.0,217.0,59.0,0.0,0.0,0.0,0.0,0.0,0.0,0.0,0.0,0.0,0.0,0.0,0.0,0.0,0.0,0.0,0.0,0.0,0.0,0.0,0.0,0.0,0.0,0.0,0.0,0.0,0.0,0.0,0.0,0.0,0.0,0.0,0.0,0.0,0.0,0.0,0.0,0.0,0.0,3.0,4.0,0.0,2.0,0.0,7.0,8.0,6.0,10.0,21.0,25.0,8.0,0.0,0.0,0.0,0.0,0.0,0.0,0.0,0.0,0.0,0.0,0.0,0.0,0.0,0.0,0.0,0.0,0.0,0.0,5.0,7.0,0.0,4.0,0.0,7.0,12.0,9.0,10.0,35.0,34.0,11.0
700,1.0,700.0,London_291,dim5,151,453,1092.0,70.0,2.0,165798.0,1.1862463320139796,819.0,164.0,0.0,164.0,268.0,0.0,268.0,159.0,193.0,107.0,31.0,50.0,8.0,55.0,1.0,8.0,8.0,86.0,141.0,218.0,56.0,0.0,0.0,0.0,0.0,0.0,0.0,0.0,0.0,0.0,0.0,0.0,0.0,0.0,0.0,0.0,0.0,0.0,0.0,0.0,0.0,0.0,0.0,0.0,0.0,0.0,0.0,0.0,0.0,0.0,0.0,0.0,0.0,0.0,0.0,0.0,0.0,0.0,0.0,0.0,12.0,0.0,3.0,1.0,17.0,4.0,1.0,4.0,38.0,42.0,28.0,0.0,0.0,0.0,0.0,0.0,0.0,0.0,0.0,0.0,0.0,0.0,0.0,0.0,0.0,0.0,0.0,0.0,0.0,0.0,19.0,0.0,3.0,1.0,21.0,4.0,1.0,5.0,58.0,59.0,31.0
701,1.0,701.0,London_291,dim5,151,453,1092.0,70.0,2.0,124575.0,0.6482580881565809,728.0,56.0,0.0,56.0,86.0,0.0,86.0,268.0,169.0,92.0,26.0,71.0,13.0,61.0,5.0,16.0,4.0,82.0,147.0,220.0,33.0,0.0,0.0,0.0,0.0,0.0,0.0,0.0,0.0,0.0,0.0,0.0,0.0,0.0,0.0,0.0,0.0,0.0,0.0,0.0,0.0,0.0,0.0,0.0,0.0,0.0,0.0,0.0,0.0,0.0,0.0,0.0,0.0,0.0,0.0,0.0,0.0,0.0,0.0,3.0,1.0,0.0,3.0,0.0,6.0,5.0,3.0,5.0,6.0,19.0,10.0,0.0,0.0,0.0,0.0,0.0,0.0,0.0,0.0,0.0,0.0,0.0,0.0,0.0,0.0,0.0,0.0,0.0,0.0,4.0,1.0,0.0,3.0,0.0,7.0,5.0,4.0,8.0,9.0,22.0,11.0
702,1.0,702.0,London_291,dim5,151,453,1092.0,70.0,2.0,129558.0,0.7465670250821859,739.0,11.0,2.0,9.0,32.0,17.0,15.0,86.0,173.0,99.0,28.0,58.0,15.0,61.0,5.0,14.0,4.0,83.0,154.0,212.0,38.0,0.0,0.0,0.0,0.0,0.0,0.0,0.0,0.0,0.0,0.0,0.0,0.0,0.0,0.0,0.0,0.0,0.0,0.0,0.0,0.0,0.0,0.0,0.0,0.0,0.0,0.0,0.0,0.0,0.0,0.0,0.0,1.0,0.0,0.0,1.0,0.0,0.0,0.0,1.0,0.0,0.0,0.0,0.0,1.0,3.0,0.0,1.0,1.0,2.0,2.0,0.0,0.0,0.0,0.0,0.0,0.0,0.0,0.0,0.0,0.0,0.0,5.0,0.0,0.0,4.0,0.0,0.0,0.0,1.0,0.0,0.0,0.0,0.0,2.0,7.0,0.0,2.0,1.0,2.0,2.0
703,1.0,703.0,London_291,dim5,151,453,1092.0,70.0,2.0,156738.0,0.8993400258477777,799.0,57.0,1.0,56.0,111.0,11.0,100.0,32.0,172.0,104.0,32.0,60.0,12.0,55.0,4.0,14.0,4.0,87.0,139.0,223.0,31.0,0.0,0.0,0.0,0.0,0.0,0.0,0.0,0.0,0.0,0.0,0.0,0.0,0.0,0.0,0.0,0.0,0.0,0.0,0.0,0.0,0.0,0.0,0.0,0.0,0.0,0.0,0.0,0.0,0.0,1.0,0.0,1.0,0.0,0.0,1.0,0.0,0.0,0.0,1.0,2.0,0.0,3.0,0.0,5.0,7.0,10.0,6.0,8.0,13.0,16.0,0.0,0.0,0.0,0.0,0.0,0.0,0.0,0.0,0.0,3.0,0.0,4.0,0.0,0.0,5.0,0.0,0.0,0.0,3.0,3.0,0.0,5.0,0.0,9.0,11.0,12.0,10.0,11.0,20.0,23.0
704,1.0,704.0,London_291,dim5,151,453,1092.0,70.0,2.0,168063.0,1.1192567038815469,824.0,119.0,1.0,118.0,216.0,9.0,207.0,111.0,183.0,108.0,36.0,58.0,6.0,49.0,1.0,12.0,6.0,80.0,146.0,221.0,32.0,0.0,0.0,0.0,0.0,0.0,0.0,0.0,0.0,0.0,0.0,0.0,0.0,0.0,0.0,0.0,0.0,0.0,0.0,0.0,0.0,0.0,0.0,0.0,0.0,0.0,0.0,0.0,0.0,0.0,0.0,0.0,0.0,1.0,0.0,0.0,0.0,0.0,0.0,4.0,13.0,0.0,1.0,6.0,8.0,7.0,5.0,14.0,17.0,24.0,24.0,0.0,0.0,0.0,0.0,0.0,0.0,0.0,0.0,0.0,0.0,0.0,0.0,3.0,0.0,0.0,0.0,0.0,0.0,5.0,20.0,0.0,3.0,6.0,13.0,10.0,5.0,17.0,27.0,36.0,31.0
705,1.0,705.0,London_291,dim5,151,453,1092.0,70.0,2.0,164439.0,1.2382480120286345,816.0,108.0,0.0,108.0,200.0,0.0,200.0,216.0,198.0,116.0,10.0,61.0,10.0,51.0,1.0,6.0,6.0,83.0,144.0,220.0,39.0,0.0,0.0,0.0,0.0,0.0,0.0,0.0,0.0,0.0,0.0,0.0,0.0,0.0,0.0,0.0,0.0,0.0,0.0,0.0,0.0,0.0,0.0,0.0,0.0,0.0,0.0,0.0,0.0,0.0,0.0,0.0,0.0,0.0,0.0,0.0,0.0,0.0,0.0,3.0,5.0,1.0,0.0,7.0,15.0,7.0,5.0,10.0,31.0,19.0,25.0,0.0,0.0,0.0,0.0,0.0,0.0,0.0,0.0,0.0,0.0,0.0,0.0,0.0,0.0,0.0,0.0,0.0,0.0,4.0,7.0,1.0,0.0,7.0,20.0,9.0,8.0,14.0,55.0,27.0,37.0
706,1.0,706.0,London_291,dim5,151,453,1092.0,70.0,2.0,165345.0,0.9127664780244231,818.0,75.0,3.0,72.0,149.0,25.0,124.0,200.0,204.0,98.0,11.0,72.0,12.0,51.0,2.0,3.0,9.0,83.0,144.0,217.0,46.0,0.0,0.0,0.0,0.0,0.0,0.0,0.0,0.0,0.0,0.0,0.0,0.0,0.0,0.0,0.0,0.0,0.0,0.0,0.0,0.0,0.0,0.0,0.0,0.0,0.0,0.0,0.0,0.0,0.0,0.0,0.0,1.0,1.0,1.0,0.0,0.0,0.0,0.0,4.0,1.0,0.0,4.0,0.0,9.0,8.0,5.0,6.0,16.0,15.0,14.0,0.0,0.0,0.0,0.0,0.0,0.0,0.0,0.0,0.0,0.0,0.0,4.0,6.0,8.0,0.0,0.0,0.0,0.0,4.0,2.0,0.0,7.0,0.0,12.0,10.0,6.0,7.0,22.0,27.0,18.0
707,1.0,707.0,London_291,dim5,151,453,1092.0,70.0,2.0,176217.0,1.4267187640070915,842.0,129.0,1.0,128.0,229.0,9.0,220.0,149.0,212.0,101.0,13.0,60.0,13.0,46.0,2.0,6.0,6.0,89.0,134.0,224.0,35.0,0.0,0.0,0.0,0.0,0.0,0.0,0.0,0.0,0.0,0.0,0.0,0.0,0.0,0.0,0.0,0.0,0.0,0.0,0.0,0.0,0.0,0.0,0.0,0.0,0.0,0.0,0.0,0.0,0.0,0.0,0.0,0.0,0.0,0.0,0.0,0.0,0.0,0.0,4.0,10.0,1.0,1.0,1.0,16.0,7.0,14.0,7.0,24.0,30.0,23.0,0.0,0.0,0.0,0.0,0.0,0.0,0.0,0.0,0.0,0.0,0.0,0.0,0.0,0.0,0.0,0.0,0.0,0.0,6.0,14.0,1.0,1.0,1.0,22.0,9.0,22.0,7.0,32.0,43.0,31.0
708,1.0,708.0,London_291,dim5,151,453,1092.0,70.0,2.0,152208.0,1.3734213351272047,789.0,50.0,2.0,48.0,108.0,17.0,91.0,229.0,202.0,97.0,22.0,58.0,17.0,51.0,4.0,2.0,3.0,88.0,143.0,219.0,39.0,0.0,0.0,0.0,0.0,0.0,0.0,0.0,0.0,0.0,0.0,0.0,0.0,0.0,0.0,0.0,0.0,0.0,0.0,0.0,0.0,0.0,0.0,0.0,0.0,0.0,0.0,0.0,0.0,0.0,0.0,0.0,0.0,0.0,0.0,0.0,0.0,0.0,0.0,2.0,7.0,0.0,2.0,0.0,9.0,1.0,2.0,5.0,9.0,9.0,19.0,0.0,0.0,0.0,0.0,0.0,0.0,0.0,0.0,0.0,0.0,0.0,0.0,0.0,0.0,0.0,0.0,0.0,0.0,2.0,9.0,0.0,4.0,0.0,15.0,1.0,2.0,7.0,13.0,15.0,24.0
709,1.0,709.0,London_291,dim5,151,453,1092.0,70.0,2.0,162627.0,1.2364049721509218,812.0,95.0,2.0,93.0,178.0,18.0,160.0,108.0,207.0,86.0,25.0,71.0,15.0,38.0,6.0,5.0,4.0,97.0,135.0,217.0,40.0,0.0,0.0,0.0,0.0,0.0,0.0,0.0,0.0,0.0,0.0,0.0,0.0,0.0,0.0,0.0,0.0,0.0,0.0,0.0,0.0,0.0,0.0,0.0,0.0,0.0,0.0,0.0,0.0,1.0,0.0,0.0,2.0,0.0,0.0,1.0,0.0,0.0,0.0,4.0,5.0,4.0,0.0,1.0,4.0,4.0,5.0,15.0,14.0,22.0,23.0,0.0,0.0,0.0,0.0,0.0,0.0,0.0,0.0,1.0,0.0,0.0,3.0,0.0,0.0,7.0,0.0,0.0,0.0,4.0,5.0,4.0,0.0,1.0,7.0,7.0,7.0,19.0,22.0,29.0,29.0
710,1.0,710.0,London_291,dim5,151,453,1092.0,70.0,2.0,148584.0,1.9359695198945701,781.0,124.0,0.0,124.0,223.0,0.0,223.0,178.0,202.0,107.0,39.0,47.0,12.0,36.0,2.0,8.0,2.0,88.0,129.0,234.0,45.0,0.0,0.0,0.0,0.0,0.0,0.0,0.0,0.0,0.0,0.0,0.0,0.0,0.0,0.0,0.0,0.0,0.0,0.0,0.0,0.0,0.0,0.0,0.0,0.0,0.0,0.0,0.0,0.0,0.0,0.0,0.0,0.0,0.0,0.0,0.0,0.0,0.0,0.0,1.0,10.0,0.0,0.0,5.0,22.0,3.0,10.0,9.0,28.0,28.0,18.0,0.0,0.0,0.0,0.0,0.0,0.0,0.0,0.0,0.0,0.0,0.0,0.0,0.0,0.0,0.0,0.0,0.0,0.0,1.0,12.0,0.0,0.0,5.0,30.0,5.0,11.0,11.0,47.0,40.0,21.0
711,1.0,711.0,London_291,dim5,151,453,1092.0,70.0,2.0,126840.0,1.2561431780923158,733.0,150.0,0.0,150.0,249.0,0.0,249.0,223.0,215.0,115.0,20.0,61.0,11.0,22.0,2.0,7.0,7.0,76.0,137.0,233.0,50.0,0.0,0.0,0.0,0.0,0.0,0.0,0.0,0.0,0.0,0.0,0.0,0.0,0.0,0.0,0.0,0.0,0.0,0.0,0.0,0.0,0.0,0.0,0.0,0.0,0.0,0.0,0.0,0.0,0.0,0.0,0.0,0.0,0.0,0.0,0.0,0.0,0.0,0.0,2.0,23.0,0.0,5.0,0.0,6.0,8.0,3.0,11.0,29.0,37.0,16.0,0.0,0.0,0.0,0.0,0.0,0.0,0.0,0.0,0.0,0.0,0.0,0.0,0.0,0.0,0.0,0.0,0.0,0.0,2.0,33.0,0.0,6.0,0.0,7.0,10.0,4.0,15.0,43.0,56.0,21.0
712,1.0,712.0,London_291,dim5,151,453,1092.0,70.0,2.0,91959.0,0.609463106142357,656.0,29.0,2.0,27.0,70.0,19.0,51.0,249.0,215.0,107.0,8.0,72.0,12.0,26.0,5.0,8.0,5.0,75.0,137.0,236.0,38.0,0.0,0.0,0.0,0.0,0.0,0.0,0.0,0.0,0.0,0.0,0.0,0.0,0.0,0.0,0.0,0.0,0.0,0.0,0.0,0.0,0.0,0.0,0.0,0.0,0.0,0.0,0.0,0.0,0.0,0.0,0.0,0.0,0.0,0.0,2.0,0.0,0.0,0.0,1.0,0.0,0.0,1.0,0.0,1.0,5.0,2.0,1.0,5.0,6.0,3.0,0.0,0.0,0.0,0.0,0.0,0.0,0.0,0.0,0.0,0.0,0.0,0.0,0.0,0.0,2.0,0.0,0.0,0.0,1.0,0.0,0.0,2.0,0.0,1.0,10.0,2.0,1.0,5.0,9.0,3.0
713,1.0,713.0,London_291,dim5,151,453,1092.0,70.0,2.0,109626.0,0.6644477779045701,695.0,3.0,0.0,3.0,5.0,0.0,5.0,70.0,208.0,116.0,9.0,76.0,11.0,18.0,5.0,10.0,7.0,82.0,134.0,230.0,37.0,0.0,0.0,0.0,0.0,0.0,0.0,0.0,0.0,0.0,0.0,0.0,0.0,0.0,0.0,0.0,0.0,0.0,0.0,0.0,0.0,0.0,0.0,0.0,0.0,0.0,0.0,0.0,0.0,0.0,0.0,0.0,0.0,0.0,0.0,0.0,0.0,0.0,0.0,0.0,1.0,0.0,0.0,0.0,0.0,0.0,0.0,0.0,1.0,0.0,1.0,0.0,0.0,0.0,0.0,0.0,0.0,0.0,0.0,0.0,0.0,0.0,0.0,0.0,0.0,0.0,0.0,0.0,0.0,0.0,1.0,0.0,0.0,0.0,0.0,0.0,0.0,0.0,2.0,0.0,1.0
714,1.0,714.0,London_291,dim5,151,453,1092.0,70.0,2.0,148131.0,1.3910805080085993,780.0,82.0,2.0,80.0,158.0,19.0,139.0,5.0,209.0,115.0,9.0,76.0,11.0,18.0,5.0,10.0,7.0,82.0,133.0,231.0,37.0,0.0,0.0,0.0,0.0,0.0,0.0,0.0,0.0,0.0,1.0,0.0,1.0,0.0,0.0,0.0,0.0,0.0,0.0,1.0,0.0,0.0,0.0,0.0,0.0,0.0,0.0,0.0,0.0,1.0,0.0,0.0,1.0,0.0,1.0,1.0,0.0,0.0,0.0,4.0,5.0,0.0,0.0,0.0,12.0,8.0,5.0,8.0,14.0,18.0,10.0,0.0,0.0,0.0,0.0,0.0,0.0,0.0,0.0,2.0,0.0,0.0,3.0,0.0,8.0,3.0,0.0,0.0,0.0,4.0,6.0,0.0,0.0,0.0,15.0,8.0,8.0,11.0,26.0,27.0,17.0
715,1.0,715.0,London_291,dim5,151,453,1092.0,70.0,2.0,151302.0,0.9804976680316031,787.0,0.0,0.0,0.0,0.0,0.0,0.0,151.0,213.0,110.0,14.0,64.0,11.0,26.0,3.0,12.0,10.0,84.0,136.0,223.0,46.0,0.0,0.0,0.0,0.0,0.0,0.0,0.0,0.0,0.0,0.0,0.0,0.0,0.0,0.0,0.0,0.0,0.0,0.0,0.0,0.0,0.0,0.0,0.0,0.0,0.0,0.0,0.0,0.0,0.0,0.0,0.0,0.0,0.0,0.0,0.0,0.0,0.0,0.0,0.0,0.0,0.0,0.0,0.0,0.0,0.0,0.0,0.0,0.0,0.0,0.0,0.0,0.0,0.0,0.0,0.0,0.0,0.0,0.0,0.0,0.0,0.0,0.0,0.0,0.0,0.0,0.0,0.0,0.0,0.0,0.0,0.0,0.0,0.0,0.0,0.0,0.0,0.0,0.0,0.0,0.0
716,1.0,716.0,London_291,dim5,151,453,1092.0,70.0,2.0,201585.0,2.0590133510995656,898.0,154.0,0.0,154.0,271.0,0.0,271.0,0.0,213.0,110.0,14.0,64.0,11.0,26.0,3.0,12.0,10.0,84.0,136.0,223.0,46.0,0.0,0.0,0.0,0.0,0.0,0.0,0.0,0.0,0.0,0.0,0.0,0.0,0.0,0.0,0.0,0.0,0.0,0.0,0.0,0.0,0.0,0.0,0.0,0.0,0.0,0.0,0.0,0.0,0.0,0.0,0.0,0.0,0.0,0.0,0.0,0.0,0.0,0.0,5.0,23.0,0.0,2.0,5.0,12.0,15.0,12.0,14.0,17.0,43.0,19.0,0.0,0.0,0.0,0.0,0.0,0.0,0.0,0.0,0.0,0.0,0.0,0.0,0.0,0.0,0.0,0.0,0.0,0.0,7.0,36.0,0.0,3.0,5.0,20.0,21.0,16.0,16.0,26.0,65.0,20.0
717,1.0,717.0,London_291,dim5,151,453,1092.0,70.0,2.0,170781.0,1.1012467390391976,830.0,90.0,0.0,90.0,157.0,0.0,157.0,271.0,194.0,109.0,13.0,82.0,20.0,25.0,2.0,8.0,7.0,84.0,125.0,237.0,38.0,0.0,0.0,0.0,0.0,0.0,0.0,0.0,0.0,0.0,0.0,0.0,0.0,0.0,0.0,0.0,0.0,0.0,0.0,0.0,0.0,0.0,0.0,0.0,0.0,0.0,0.0,0.0,0.0,0.0,0.0,0.0,0.0,0.0,0.0,0.0,0.0,0.0,0.0,1.0,6.0,1.0,3.0,0.0,14.0,7.0,10.0,10.0,12.0,24.0,11.0,0.0,0.0,0.0,0.0,0.0,0.0,0.0,0.0,0.0,0.0,0.0,0.0,0.0,0.0,0.0,0.0,0.0,0.0,2.0,8.0,1.0,3.0,0.0,19.0,9.0,12.0,12.0,18.0,38.0,12.0
718,1.0,718.0,London_291,dim5,151,453,1092.0,70.0,2.0,164439.0,1.5080590890720487,816.0,139.0,2.0,137.0,248.0,18.0,230.0,157.0,206.0,114.0,22.0,58.0,22.0,26.0,1.0,4.0,9.0,81.0,135.0,228.0,41.0,0.0,0.0,0.0,0.0,0.0,0.0,0.0,0.0,0.0,0.0,0.0,0.0,0.0,0.0,0.0,0.0,0.0,0.0,0.0,0.0,0.0,0.0,0.0,0.0,0.0,0.0,0.0,0.0,0.0,0.0,0.0,0.0,1.0,0.0,1.0,0.0,0.0,0.0,4.0,16.0,0.0,2.0,9.0,13.0,9.0,6.0,12.0,30.0,32.0,29.0,0.0,0.0,0.0,0.0,0.0,0.0,0.0,0.0,0.0,0.0,0.0,0.0,8.0,0.0,2.0,0.0,0.0,0.0,5.0,25.0,0.0,3.0,10.0,17.0,12.0,6.0,15.0,52.0,43.0,36.0
719,1.0,719.0,London_291,dim5,151,453,1092.0,70.0,2.0,130011.0,0.8128585161175579,740.0,24.0,0.0,24.0,37.0,0.0,37.0,248.0,197.0,106.0,15.0,64.0,20.0,41.0,2.0,8.0,9.0,80.0,115.0,249.0,35.0,0.0,0.0,0.0,0.0,0.0,0.0,0.0,0.0,0.0,0.0,0.0,0.0,0.0,0.0,0.0,0.0,0.0,0.0,0.0,0.0,0.0,0.0,0.0,0.0,0.0,0.0,0.0,0.0,0.0,0.0,0.0,0.0,0.0,0.0,0.0,0.0,0.0,0.0,1.0,0.0,0.0,0.0,0.0,4.0,2.0,3.0,3.0,3.0,5.0,5.0,0.0,0.0,0.0,0.0,0.0,0.0,0.0,0.0,0.0,0.0,0.0,0.0,0.0,0.0,0.0,0.0,0.0,0.0,1.0,0.0,0.0,0.0,0.0,4.0,2.0,5.0,3.0,6.0,5.0,6.0
720,1.0,720.0,London_291,dim5,151,453,1092.0,70.0,2.0,156285.0,1.0007226900197566,798.0,98.0,2.0,96.0,185.0,20.0,165.0,37.0,197.0,113.0,17.0,55.0,19.0,42.0,2.0,8.0,8.0,85.0,117.0,243.0,37.0,0.0,0.0,0.0,0.0,0.0,0.0,0.0,0.0,0.0,0.0,0.0,0.0,0.0,0.0,0.0,0.0,0.0,0.0,0.0,0.0,0.0,0.0,0.0,0.0,0.0,0.0,0.0,0.0,0.0,1.0,0.0,2.0,0.0,1.0,2.0,0.0,0.0,0.0,5.0,0.0,2.0,0.0,0.0,20.0,5.0,7.0,12.0,17.0,29.0,16.0,0.0,0.0,0.0,0.0,0.0,0.0,0.0,0.0,0.0,2.0,0.0,7.0,0.0,8.0,3.0,0.0,0.0,0.0,5.0,0.0,2.0,0.0,0.0,30.0,9.0,10.0,15.0,25.0,40.0,25.0
721,1.0,721.0,London_291,dim5,151,453,1092.0,70.0,2.0,142695.0,1.120565724093467,768.0,82.0,2.0,80.0,152.0,18.0,134.0,185.0,205.0,132.0,14.0,46.0,3.0,46.0,0.0,7.0,12.0,67.0,139.0,235.0,43.0,0.0,0.0,0.0,0.0,0.0,0.0,0.0,0.0,0.0,0.0,0.0,0.0,0.0,0.0,0.0,0.0,0.0,0.0,0.0,0.0,0.0,0.0,0.0,0.0,0.0,0.0,0.0,0.0,0.0,0.0,0.0,0.0,0.0,0.0,0.0,0.0,0.0,0.0,2.0,1.0,0.0,1.0,0.0,7.0,9.0,4.0,10.0,12.0,19.0,19.0,0.0,0.0,0.0,0.0,0.0,0.0,0.0,0.0,0.0,0.0,0.0,0.0,0.0,0.0,0.0,0.0,0.0,0.0,2.0,1.0,0.0,2.0,0.0,11.0,13.0,5.0,16.0,17.0,27.0,23.0
722,1.0,722.0,London_291,dim5,151,453,1092.0,70.0,2.0,144507.0,1.1892334991134703,772.0,155.0,2.0,153.0,282.0,19.0,263.0,152.0,199.0,129.0,7.0,51.0,8.0,44.0,2.0,13.0,9.0,82.0,133.0,229.0,40.0,0.0,0.0,0.0,0.0,0.0,0.0,0.0,0.0,0.0,0.0,0.0,0.0,0.0,0.0,0.0,0.0,0.0,0.0,0.0,0.0,0.0,0.0,0.0,0.0,0.0,0.0,0.0,0.0,1.0,0.0,0.0,1.0,0.0,1.0,1.0,0.0,0.0,0.0,5.0,7.0,0.0,1.0,3.0,20.0,11.0,14.0,13.0,18.0,35.0,28.0,0.0,0.0,0.0,0.0,0.0,0.0,0.0,0.0,3.0,0.0,0.0,3.0,0.0,7.0,3.0,0.0,0.0,0.0,5.0,7.0,0.0,1.0,3.0,25.0,17.0,17.0,20.0,29.0,49.0,33.0
723,1.0,723.0,London_291,dim5,151,453,1092.0,70.0,2.0,115515.0,0.6768211140297353,708.0,22.0,1.0,21.0,42.0,8.0,34.0,282.0,196.0,105.0,23.0,82.0,6.0,29.0,2.0,10.0,5.0,81.0,136.0,231.0,34.0,0.0,0.0,0.0,0.0,0.0,0.0,0.0,0.0,0.0,0.0,0.0,0.0,0.0,0.0,0.0,0.0,0.0,0.0,0.0,0.0,0.0,0.0,0.0,0.0,0.0,0.0,0.0,0.0,0.0,1.0,0.0,1.0,1.0,0.0,1.0,0.0,0.0,0.0,0.0,2.0,0.0,1.0,0.0,1.0,2.0,2.0,6.0,6.0,6.0,4.0,0.0,0.0,0.0,0.0,0.0,0.0,0.0,0.0,0.0,1.0,0.0,4.0,6.0,0.0,1.0,0.0,0.0,0.0,0.0,2.0,0.0,2.0,0.0,1.0,2.0,3.0,9.0,10.0,6.0,4.0
724,1.0,724.0,London_291,dim5,151,453,1092.0,70.0,2.0,139524.0,0.7959303851239383,761.0,0.0,0.0,0.0,0.0,0.0,0.0,42.0,200.0,105.0,24.0,73.0,8.0,32.0,2.0,9.0,5.0,73.0,142.0,233.0,32.0,0.0,0.0,0.0,0.0,0.0,0.0,0.0,0.0,0.0,0.0,0.0,0.0,0.0,0.0,0.0,0.0,0.0,0.0,0.0,0.0,0.0,0.0,0.0,0.0,0.0,0.0,0.0,0.0,0.0,0.0,0.0,0.0,0.0,0.0,0.0,0.0,0.0,0.0,0.0,0.0,0.0,0.0,0.0,0.0,0.0,0.0,0.0,0.0,0.0,0.0,0.0,0.0,0.0,0.0,0.0,0.0,0.0,0.0,0.0,0.0,0.0,0.0,0.0,0.0,0.0,0.0,0.0,0.0,0.0,0.0,0.0,0.0,0.0,0.0,0.0,0.0,0.0,0.0,0.0,0.0
725,1.0,725.0,London_291,dim5,151,453,1092.0,70.0,2.0,178935.0,0.9427042519673705,848.0,75.0,2.0,73.0,151.0,17.0,134.0,0.0,200.0,105.0,24.0,73.0,8.0,32.0,2.0,9.0,5.0,73.0,142.0,233.0,32.0,0.0,0.0,0.0,0.0,0.0,0.0,0.0,0.0,0.0,0.0,0.0,0.0,0.0,0.0,0.0,0.0,0.0,0.0,0.0,0.0,0.0,0.0,0.0,0.0,0.0,0.0,0.0,0.0,0.0,1.0,0.0,0.0,0.0,1.0,1.0,0.0,0.0,0.0,1.0,1.0,1.0,0.0,1.0,9.0,10.0,0.0,15.0,16.0,16.0,11.0,0.0,0.0,0.0,0.0,0.0,0.0,0.0,0.0,0.0,7.0,0.0,0.0,0.0,6.0,2.0,0.0,0.0,0.0,1.0,1.0,1.0,0.0,1.0,10.0,14.0,0.0,20.0,26.0,28.0,14.0
726,1.0,726.0,London_291,dim5,151,453,1092.0,70.0,2.0,182559.0,1.2235773741267622,856.0,66.0,0.0,66.0,107.0,0.0,107.0,151.0,207.0,104.0,18.0,80.0,8.0,24.0,0.0,12.0,7.0,81.0,136.0,229.0,41.0,0.0,0.0,0.0,0.0,0.0,0.0,0.0,0.0,0.0,0.0,0.0,0.0,0.0,0.0,0.0,0.0,0.0,0.0,0.0,0.0,0.0,0.0,0.0,0.0,0.0,0.0,0.0,0.0,0.0,0.0,0.0,0.0,0.0,0.0,0.0,0.0,0.0,0.0,8.0,1.0,0.0,1.0,0.0,8.0,7.0,4.0,9.0,6.0,20.0,17.0,0.0,0.0,0.0,0.0,0.0,0.0,0.0,0.0,0.0,0.0,0.0,0.0,0.0,0.0,0.0,0.0,0.0,0.0,8.0,2.0,0.0,1.0,0.0,8.0,9.0,7.0,11.0,12.0,29.0,18.0
727,1.0,727.0,London_291,dim5,151,453,1092.0,70.0,2.0,196149.0,1.5270820539444685,886.0,191.0,0.0,191.0,327.0,0.0,327.0,107.0,201.0,105.0,20.0,81.0,9.0,29.0,0.0,8.0,10.0,95.0,123.0,225.0,50.0,0.0,0.0,0.0,0.0,0.0,0.0,0.0,0.0,0.0,0.0,0.0,0.0,0.0,0.0,0.0,0.0,0.0,0.0,0.0,0.0,0.0,0.0,0.0,0.0,0.0,0.0,0.0,0.0,0.0,0.0,0.0,0.0,0.0,0.0,0.0,0.0,0.0,0.0,0.0,6.0,2.0,4.0,9.0,19.0,2.0,9.0,13.0,39.0,48.0,25.0,0.0,0.0,0.0,0.0,0.0,0.0,0.0,0.0,0.0,0.0,0.0,0.0,0.0,0.0,0.0,0.0,0.0,0.0,0.0,9.0,3.0,4.0,11.0,21.0,2.0,11.0,16.0,59.0,65.0,33.0
728,1.0,728.0,London_291,dim5,151,453,1092.0,70.0,2.0,148584.0,1.2298847639467567,781.0,155.0,0.0,155.0,270.0,0.0,270.0,327.0,164.0,124.0,28.0,100.0,8.0,22.0,0.0,7.0,10.0,76.0,144.0,223.0,48.0,0.0,0.0,0.0,0.0,0.0,0.0,0.0,0.0,0.0,0.0,0.0,0.0,0.0,0.0,0.0,0.0,0.0,0.0,0.0,0.0,0.0,0.0,0.0,0.0,0.0,0.0,0.0,0.0,0.0,0.0,0.0,0.0,0.0,0.0,0.0,0.0,0.0,0.0,0.0,2.0,3.0,3.0,0.0,9.0,15.0,5.0,19.0,31.0,38.0,29.0,0.0,0.0,0.0,0.0,0.0,0.0,0.0,0.0,0.0,0.0,0.0,0.0,0.0,0.0,0.0,0.0,0.0,0.0,0.0,3.0,4.0,6.0,0.0,11.0,22.0,10.0,26.0,49.0,58.0,36.0
729,1.0,729.0,London_291,dim5,151,453,1092.0,70.0,2.0,114609.0,0.8369771870784461,706.0,39.0,0.0,39.0,65.0,0.0,65.0,270.0,169.0,137.0,36.0,84.0,6.0,17.0,0.0,4.0,11.0,73.0,159.0,210.0,47.0,0.0,0.0,0.0,0.0,0.0,0.0,0.0,0.0,0.0,0.0,0.0,0.0,0.0,0.0,0.0,0.0,0.0,0.0,0.0,0.0,0.0,0.0,0.0,0.0,0.0,0.0,0.0,0.0,0.0,0.0,0.0,0.0,0.0,0.0,0.0,0.0,0.0,0.0,4.0,0.0,0.0,0.0,0.0,3.0,3.0,0.0,5.0,3.0,13.0,9.0,0.0,0.0,0.0,0.0,0.0,0.0,0.0,0.0,0.0,0.0,0.0,0.0,0.0,0.0,0.0,0.0,0.0,0.0,5.0,0.0,0.0,0.0,0.0,4.0,3.0,0.0,8.0,7.0,18.0,10.0
730,1.0,730.0,London_291,dim5,151,453,1092.0,70.0,2.0,133182.0,0.8671941549982876,747.0,37.0,0.0,37.0,63.0,0.0,63.0,65.0,172.0,138.0,43.0,74.0,8.0,15.0,1.0,2.0,10.0,72.0,158.0,213.0,52.0,0.0,0.0,0.0,0.0,0.0,0.0,0.0,0.0,0.0,0.0,0.0,0.0,0.0,0.0,0.0,0.0,0.0,0.0,0.0,0.0,0.0,0.0,0.0,0.0,0.0,0.0,0.0,0.0,0.0,0.0,0.0,0.0,0.0,0.0,0.0,0.0,0.0,0.0,1.0,0.0,0.0,1.0,0.0,3.0,7.0,4.0,3.0,7.0,8.0,9.0,0.0,0.0,0.0,0.0,0.0,0.0,0.0,0.0,0.0,0.0,0.0,0.0,0.0,0.0,0.0,0.0,0.0,0.0,1.0,0.0,0.0,2.0,0.0,5.0,12.0,6.0,4.0,9.0,13.0,10.0
731,1.0,731.0,London_291,dim5,151,453,1092.0,70.0,2.0,155379.0,0.8804096879903227,796.0,12.0,2.0,10.0,38.0,20.0,18.0,63.0,175.0,148.0,44.0,61.0,6.0,18.0,1.0,0.0,11.0,70.0,164.0,208.0,59.0,0.0,0.0,0.0,0.0,0.0,0.0,0.0,0.0,0.0,0.0,0.0,0.0,0.0,0.0,0.0,0.0,0.0,0.0,0.0,0.0,0.0,0.0,0.0,0.0,0.0,0.0,0.0,0.0,0.0,0.0,0.0,2.0,0.0,0.0,1.0,0.0,0.0,0.0,0.0,0.0,0.0,0.0,0.0,0.0,3.0,0.0,2.0,1.0,3.0,2.0,0.0,0.0,0.0,0.0,0.0,0.0,0.0,0.0,0.0,0.0,0.0,6.0,0.0,0.0,3.0,0.0,0.0,0.0,0.0,0.0,0.0,0.0,0.0,0.0,6.0,0.0,4.0,2.0,3.0,3.0
732,1.0,732.0,London_291,dim5,151,453,1092.0,70.0,2.0,207021.0,1.1908530709333718,910.0,68.0,1.0,67.0,130.0,10.0,120.0,38.0,175.0,151.0,44.0,64.0,2.0,16.0,1.0,0.0,7.0,76.0,155.0,215.0,45.0,0.0,0.0,0.0,0.0,0.0,0.0,0.0,0.0,0.0,0.0,0.0,0.0,0.0,0.0,0.0,0.0,0.0,0.0,0.0,0.0,0.0,0.0,0.0,0.0,0.0,0.0,0.0,0.0,0.0,0.0,0.0,0.0,0.0,0.0,0.0,0.0,0.0,0.0,2.0,2.0,0.0,0.0,0.0,7.0,8.0,4.0,9.0,13.0,14.0,20.0,0.0,0.0,0.0,0.0,0.0,0.0,0.0,0.0,0.0,0.0,0.0,0.0,0.0,0.0,0.0,0.0,0.0,0.0,2.0,3.0,0.0,0.0,0.0,7.0,12.0,6.0,11.0,21.0,22.0,26.0
733,1.0,733.0,London_291,dim5,151,453,1092.0,70.0,2.0,223782.0,2.389060457004234,947.0,114.0,1.0,113.0,198.0,8.0,190.0,130.0,185.0,146.0,41.0,60.0,3.0,14.0,1.0,3.0,7.0,74.0,169.0,203.0,46.0,0.0,0.0,0.0,0.0,0.0,0.0,0.0,0.0,0.0,0.0,0.0,0.0,0.0,0.0,0.0,0.0,0.0,0.0,0.0,0.0,0.0,0.0,0.0,0.0,0.0,0.0,0.0,0.0,0.0,0.0,0.0,0.0,0.0,0.0,1.0,0.0,0.0,0.0,4.0,10.0,0.0,3.0,3.0,18.0,6.0,12.0,13.0,24.0,30.0,15.0,0.0,0.0,0.0,0.0,0.0,0.0,0.0,0.0,0.0,0.0,0.0,0.0,0.0,0.0,6.0,0.0,0.0,0.0,5.0,12.0,0.0,4.0,3.0,25.0,9.0,17.0,16.0,34.0,44.0,16.0
734,1.0,734.0,London_291,dim5,151,453,1092.0,70.0,2.0,215628.0,1.7832309470977634,929.0,162.0,2.0,160.0,292.0,18.0,274.0,198.0,211.0,151.0,23.0,50.0,5.0,9.0,1.0,3.0,4.0,71.0,152.0,226.0,35.0,0.0,0.0,0.0,0.0,0.0,0.0,0.0,0.0,0.0,0.0,0.0,0.0,0.0,0.0,0.0,0.0,0.0,0.0,0.0,0.0,0.0,0.0,0.0,0.0,0.0,0.0,0.0,0.0,0.0,0.0,0.0,0.0,1.0,1.0,1.0,0.0,0.0,0.0,0.0,6.0,1.0,5.0,2.0,10.0,7.0,0.0,15.0,27.0,31.0,15.0,0.0,0.0,0.0,0.0,0.0,0.0,0.0,0.0,0.0,0.0,0.0,0.0,7.0,7.0,1.0,0.0,0.0,0.0,0.0,11.0,1.0,9.0,2.0,11.0,8.0,0.0,18.0,38.0,46.0,21.0
735,1.0,735.0,London_291,dim5,151,453,1092.0,70.0,2.0,180294.0,1.0874496700707823,851.0,101.0,2.0,99.0,191.0,18.0,173.0,292.0,200.0,114.0,17.0,87.0,5.0,24.0,2.0,4.0,5.0,74.0,179.0,195.0,35.0,0.0,0.0,0.0,0.0,0.0,0.0,0.0,0.0,0.0,0.0,0.0,0.0,0.0,0.0,0.0,0.0,0.0,0.0,0.0,0.0,0.0,0.0,0.0,0.0,0.0,0.0,0.0,0.0,0.0,0.0,0.0,1.0,0.0,1.0,0.0,0.0,0.0,0.0,9.0,2.0,0.0,2.0,0.0,3.0,9.0,11.0,13.0,17.0,23.0,21.0,0.0,0.0,0.0,0.0,0.0,0.0,0.0,0.0,0.0,0.0,0.0,4.0,0.0,6.0,0.0,0.0,0.0,0.0,10.0,4.0,0.0,4.0,0.0,5.0,13.0,17.0,20.0,28.0,39.0,26.0
736,1.0,736.0,London_291,dim5,151,453,1092.0,70.0,2.0,171687.0,1.0108935518655926,832.0,82.0,0.0,82.0,147.0,0.0,147.0,191.0,205.0,113.0,17.0,85.0,8.0,17.0,2.0,6.0,6.0,86.0,164.0,197.0,40.0,0.0,0.0,0.0,0.0,0.0,0.0,0.0,0.0,0.0,0.0,0.0,0.0,0.0,0.0,0.0,0.0,0.0,0.0,0.0,0.0,0.0,0.0,0.0,0.0,0.0,0.0,0.0,0.0,0.0,0.0,0.0,0.0,0.0,0.0,0.0,0.0,0.0,0.0,3.0,3.0,0.0,1.0,0.0,6.0,7.0,5.0,8.0,12.0,24.0,12.0,0.0,0.0,0.0,0.0,0.0,0.0,0.0,0.0,0.0,0.0,0.0,0.0,0.0,0.0,0.0,0.0,0.0,0.0,4.0,4.0,0.0,3.0,0.0,11.0,10.0,9.0,13.0,16.0,44.0,16.0
737,1.0,737.0,London_291,dim5,151,453,1092.0,70.0,2.0,179388.0,1.2957842210307717,849.0,121.0,0.0,121.0,204.0,0.0,204.0,147.0,206.0,118.0,19.0,82.0,11.0,15.0,0.0,2.0,5.0,79.0,176.0,193.0,43.0,0.0,0.0,0.0,0.0,0.0,0.0,0.0,0.0,0.0,0.0,0.0,0.0,0.0,0.0,0.0,0.0,0.0,0.0,0.0,0.0,0.0,0.0,0.0,0.0,0.0,0.0,0.0,0.0,0.0,0.0,0.0,0.0,0.0,0.0,0.0,0.0,0.0,0.0,3.0,4.0,0.0,4.0,4.0,8.0,10.0,6.0,14.0,25.0,22.0,21.0,0.0,0.0,0.0,0.0,0.0,0.0,0.0,0.0,0.0,0.0,0.0,0.0,0.0,0.0,0.0,0.0,0.0,0.0,4.0,5.0,0.0,6.0,4.0,9.0,14.0,8.0,17.0,38.0,32.0,30.0
738,1.0,738.0,London_291,dim5,151,453,1092.0,70.0,2.0,160362.0,1.3235187919344753,807.0,141.0,2.0,139.0,259.0,16.0,243.0,204.0,207.0,107.0,14.0,95.0,9.0,15.0,1.0,5.0,6.0,78.0,191.0,178.0,35.0,0.0,0.0,0.0,0.0,0.0,0.0,0.0,0.0,0.0,0.0,0.0,0.0,0.0,0.0,0.0,0.0,0.0,0.0,0.0,0.0,0.0,0.0,0.0,0.0,0.0,0.0,0.0,0.0,0.0,0.0,0.0,0.0,0.0,0.0,0.0,0.0,0.0,0.0,4.0,1.0,2.0,2.0,0.0,13.0,7.0,4.0,16.0,34.0,41.0,22.0,0.0,0.0,0.0,0.0,0.0,0.0,0.0,0.0,0.0,0.0,0.0,0.0,0.0,0.0,0.0,0.0,0.0,0.0,6.0,1.0,2.0,3.0,0.0,18.0,9.0,4.0,21.0,52.0,56.0,27.0
739,1.0,739.0,London_291,dim5,151,453,1092.0,70.0,2.0,131823.0,0.7773348919581622,744.0,51.0,2.0,49.0,108.0,19.0,89.0,259.0,212.0,112.0,28.0,73.0,7.0,19.0,0.0,2.0,2.0,82.0,174.0,195.0,41.0,0.0,0.0,0.0,0.0,0.0,0.0,0.0,0.0,0.0,0.0,0.0,0.0,0.0,0.0,0.0,0.0,0.0,0.0,0.0,0.0,0.0,0.0,0.0,0.0,0.0,0.0,0.0,0.0,0.0,0.0,0.0,0.0,0.0,0.0,1.0,0.0,0.0,0.0,3.0,1.0,0.0,1.0,0.0,1.0,6.0,8.0,3.0,4.0,13.0,13.0,0.0,0.0,0.0,0.0,0.0,0.0,0.0,0.0,0.0,0.0,0.0,0.0,0.0,0.0,3.0,0.0,0.0,0.0,3.0,1.0,0.0,2.0,0.0,2.0,7.0,11.0,5.0,7.0,20.0,14.0
740,1.0,740.0,London_291,dim5,151,453,1092.0,70.0,2.0,150396.0,0.9250213450286537,785.0,53.0,1.0,52.0,104.0,9.0,95.0,108.0,203.0,114.0,26.0,71.0,11.0,27.0,0.0,1.0,4.0,82.0,161.0,206.0,47.0,0.0,0.0,0.0,0.0,0.0,0.0,0.0,0.0,0.0,0.0,0.0,0.0,0.0,0.0,0.0,0.0,0.0,0.0,0.0,0.0,0.0,0.0,0.0,0.0,0.0,0.0,0.0,0.0,0.0,0.0,0.0,1.0,0.0,0.0,1.0,0.0,0.0,0.0,2.0,3.0,0.0,0.0,0.0,2.0,4.0,2.0,10.0,19.0,12.0,14.0,0.0,0.0,0.0,0.0,0.0,0.0,0.0,0.0,0.0,0.0,0.0,4.0,0.0,0.0,5.0,0.0,0.0,0.0,2.0,3.0,0.0,0.0,0.0,3.0,10.0,2.0,13.0,29.0,22.0,18.0
741,1.0,741.0,London_291,dim5,151,453,1092.0,70.0,2.0,165345.0,0.8780689970590174,818.0,30.0,0.0,30.0,48.0,0.0,48.0,104.0,192.0,127.0,21.0,81.0,11.0,17.0,1.0,3.0,7.0,89.0,146.0,211.0,58.0,0.0,0.0,0.0,0.0,0.0,0.0,0.0,0.0,0.0,0.0,0.0,0.0,0.0,0.0,0.0,0.0,0.0,0.0,0.0,0.0,0.0,0.0,0.0,0.0,0.0,0.0,0.0,0.0,0.0,0.0,0.0,0.0,0.0,0.0,0.0,0.0,0.0,0.0,0.0,1.0,0.0,0.0,0.0,2.0,1.0,1.0,4.0,7.0,8.0,9.0,0.0,0.0,0.0,0.0,0.0,0.0,0.0,0.0,0.0,0.0,0.0,0.0,0.0,0.0,0.0,0.0,0.0,0.0,0.0,1.0,0.0,0.0,0.0,2.0,1.0,1.0,5.0,8.0,11.0,10.0
742,1.0,742.0,London_291,dim5,151,453,1092.0,70.0,2.0,190713.0,1.544769702013582,874.0,201.0,0.0,201.0,328.0,0.0,328.0,48.0,192.0,128.0,16.0,80.0,13.0,19.0,2.0,3.0,7.0,88.0,146.0,212.0,60.0,0.0,0.0,0.0,0.0,0.0,0.0,0.0,0.0,0.0,0.0,0.0,0.0,0.0,0.0,0.0,0.0,0.0,0.0,0.0,0.0,0.0,0.0,0.0,0.0,0.0,0.0,0.0,0.0,0.0,0.0,0.0,0.0,0.0,0.0,0.0,0.0,0.0,0.0,4.0,23.0,1.0,0.0,2.0,7.0,10.0,9.0,8.0,46.0,47.0,16.0,0.0,0.0,0.0,0.0,0.0,0.0,0.0,0.0,0.0,0.0,0.0,0.0,0.0,0.0,0.0,0.0,0.0,0.0,5.0,37.0,2.0,0.0,2.0,9.0,11.0,12.0,8.0,69.0,60.0,18.0
743,1.0,743.0,London_291,dim5,151,453,1092.0,70.0,2.0,125028.0,0.5701950378715992,729.0,24.0,0.0,24.0,41.0,0.0,41.0,328.0,167.0,130.0,16.0,100.0,7.0,28.0,1.0,4.0,10.0,72.0,161.0,210.0,53.0,0.0,0.0,0.0,0.0,0.0,0.0,0.0,0.0,0.0,0.0,0.0,0.0,0.0,0.0,0.0,0.0,0.0,0.0,0.0,0.0,0.0,0.0,0.0,0.0,0.0,0.0,0.0,0.0,0.0,0.0,0.0,0.0,0.0,0.0,0.0,0.0,0.0,0.0,1.0,1.0,0.0,0.0,0.0,3.0,1.0,1.0,1.0,1.0,10.0,3.0,0.0,0.0,0.0,0.0,0.0,0.0,0.0,0.0,0.0,0.0,0.0,0.0,0.0,0.0,0.0,0.0,0.0,0.0,1.0,1.0,0.0,0.0,0.0,6.0,1.0,2.0,1.0,1.0,17.0,4.0
744,1.0,744.0,London_291,dim5,151,453,1092.0,70.0,2.0,139524.0,0.8873128111008555,761.0,103.0,2.0,101.0,183.0,17.0,166.0,41.0,167.0,125.0,18.0,100.0,9.0,29.0,2.0,3.0,11.0,73.0,157.0,212.0,58.0,0.0,0.0,0.0,0.0,0.0,0.0,0.0,0.0,0.0,0.0,0.0,0.0,0.0,0.0,0.0,0.0,0.0,0.0,0.0,0.0,0.0,0.0,0.0,0.0,0.0,0.0,0.0,0.0,0.0,0.0,0.0,1.0,0.0,0.0,1.0,0.0,0.0,0.0,6.0,4.0,0.0,1.0,3.0,14.0,8.0,7.0,5.0,18.0,17.0,23.0,0.0,0.0,0.0,0.0,0.0,0.0,0.0,0.0,0.0,0.0,0.0,4.0,0.0,0.0,5.0,0.0,0.0,0.0,8.0,4.0,0.0,1.0,3.0,18.0,10.0,10.0,8.0,25.0,21.0,29.0
745,1.0,745.0,London_291,dim5,151,453,1092.0,70.0,2.0,112797.0,1.0222796420566738,702.0,138.0,1.0,137.0,259.0,11.0,248.0,183.0,183.0,110.0,21.0,92.0,4.0,37.0,1.0,5.0,9.0,87.0,141.0,216.0,64.0,0.0,0.0,0.0,0.0,0.0,0.0,0.0,0.0,0.0,0.0,0.0,0.0,0.0,0.0,0.0,0.0,0.0,0.0,0.0,0.0,0.0,0.0,0.0,0.0,0.0,0.0,0.0,0.0,0.0,1.0,0.0,1.0,0.0,0.0,1.0,0.0,0.0,0.0,2.0,9.0,1.0,1.0,2.0,10.0,15.0,4.0,8.0,36.0,22.0,33.0,0.0,0.0,0.0,0.0,0.0,0.0,0.0,0.0,0.0,1.0,0.0,2.0,0.0,0.0,2.0,0.0,0.0,0.0,3.0,13.0,1.0,1.0,2.0,14.0,21.0,7.0,9.0,59.0,34.0,46.0
746,1.0,746.0,London_291,dim5,151,453,1092.0,70.0,2.0,79728.0,0.5723831709474325,629.0,20.0,1.0,19.0,37.0,9.0,28.0,259.0,200.0,113.0,17.0,84.0,5.0,27.0,2.0,5.0,12.0,80.0,151.0,210.0,51.0,0.0,0.0,0.0,0.0,0.0,0.0,0.0,0.0,0.0,0.0,0.0,0.0,0.0,0.0,0.0,0.0,0.0,0.0,0.0,0.0,0.0,0.0,0.0,0.0,0.0,0.0,0.0,0.0,0.0,0.0,0.0,0.0,1.0,0.0,1.0,0.0,0.0,0.0,2.0,0.0,0.0,0.0,0.0,1.0,4.0,0.0,0.0,4.0,8.0,1.0,0.0,0.0,0.0,0.0,0.0,0.0,0.0,0.0,0.0,0.0,0.0,0.0,5.0,0.0,1.0,0.0,0.0,0.0,2.0,0.0,0.0,0.0,0.0,1.0,5.0,0.0,0.0,6.0,10.0,2.0
747,1.0,747.0,London_291,dim5,151,453,1092.0,70.0,2.0,116421.0,0.8566308680456132,710.0,76.0,0.0,76.0,134.0,0.0,134.0,37.0,201.0,121.0,16.0,80.0,4.0,25.0,2.0,4.0,13.0,77.0,147.0,216.0,51.0,0.0,0.0,0.0,0.0,0.0,0.0,0.0,0.0,0.0,0.0,0.0,0.0,0.0,0.0,0.0,0.0,0.0,0.0,0.0,0.0,0.0,0.0,0.0,0.0,0.0,0.0,0.0,0.0,0.0,0.0,0.0,0.0,0.0,0.0,0.0,0.0,0.0,0.0,4.0,4.0,0.0,0.0,0.0,10.0,10.0,5.0,3.0,22.0,19.0,22.0,0.0,0.0,0.0,0.0,0.0,0.0,0.0,0.0,0.0,0.0,0.0,0.0,0.0,0.0,0.0,0.0,0.0,0.0,5.0,5.0,0.0,0.0,0.0,18.0,13.0,7.0,3.0,34.0,30.0,31.0
748,1.0,748.0,London_291,dim5,151,453,1092.0,70.0,2.0,114156.0,0.7281844259705395,705.0,33.0,3.0,30.0,79.0,25.0,54.0,134.0,214.0,143.0,6.0,50.0,6.0,25.0,2.0,7.0,15.0,81.0,156.0,201.0,61.0,0.0,0.0,0.0,0.0,0.0,0.0,0.0,0.0,0.0,0.0,0.0,0.0,0.0,0.0,0.0,0.0,0.0,0.0,0.0,0.0,0.0,0.0,0.0,0.0,0.0,0.0,0.0,0.0,0.0,0.0,0.0,1.0,1.0,1.0,1.0,0.0,0.0,0.0,1.0,2.0,1.0,1.0,2.0,9.0,7.0,4.0,3.0,7.0,7.0,5.0,0.0,0.0,0.0,0.0,0.0,0.0,0.0,0.0,0.0,0.0,0.0,6.0,7.0,7.0,4.0,0.0,0.0,0.0,1.0,2.0,1.0,2.0,2.0,12.0,10.0,5.0,4.0,9.0,10.0,8.0
749,1.0,749.0,London_291,dim5,151,453,1092.0,70.0,2.0,137712.0,0.8369417311623693,757.0,8.0,1.0,7.0,24.0,9.0,15.0,79.0,217.0,131.0,7.0,59.0,5.0,24.0,2.0,8.0,7.0,85.0,152.0,209.0,48.0,0.0,0.0,0.0,0.0,0.0,0.0,0.0,0.0,0.0,0.0,0.0,0.0,0.0,0.0,0.0,0.0,0.0,0.0,0.0,0.0,0.0,0.0,0.0,0.0,0.0,0.0,0.0,0.0,0.0,0.0,0.0,0.0,0.0,0.0,0.0,0.0,0.0,0.0,1.0,0.0,0.0,0.0,0.0,1.0,1.0,1.0,1.0,2.0,2.0,3.0,0.0,0.0,0.0,0.0,0.0,0.0,0.0,0.0,0.0,0.0,0.0,0.0,0.0,0.0,0.0,0.0,0.0,0.0,2.0,0.0,0.0,0.0,0.0,4.0,1.0,1.0,2.0,6.0,3.0,3.0
750,1.0,750.0,London_291,dim5,151,453,1092.0,70.0,2.0,180747.0,1.2737889299169183,852.0,20.0,2.0,18.0,45.0,17.0,28.0,24.0,216.0,129.0,11.0,57.0,5.0,25.0,2.0,8.0,8.0,87.0,146.0,212.0,48.0,0.0,0.0,0.0,0.0,0.0,0.0,0.0,0.0,0.0,0.0,0.0,0.0,0.0,0.0,0.0,0.0,0.0,0.0,0.0,0.0,0.0,0.0,0.0,0.0,0.0,0.0,0.0,0.0,0.0,0.0,0.0,0.0,0.0,0.0,0.0,0.0,0.0,0.0,1.0,2.0,0.0,0.0,0.0,3.0,1.0,0.0,2.0,4.0,5.0,6.0,0.0,0.0,0.0,0.0,0.0,0.0,0.0,0.0,0.0,0.0,0.0,0.0,0.0,0.0,0.0,0.0,0.0,0.0,1.0,4.0,0.0,0.0,0.0,4.0,1.0,0.0,2.0,5.0,7.0,6.0
751,1.0,751.0,London_291,dim5,151,453,1092.0,70.0,2.0,220611.0,2.115042428020388,940.0,120.0,2.0,118.0,222.0,18.0,204.0,45.0,211.0,131.0,10.0,64.0,6.0,20.0,3.0,8.0,8.0,81.0,146.0,218.0,50.0,0.0,0.0,0.0,0.0,0.0,0.0,0.0,0.0,0.0,0.0,0.0,0.0,0.0,0.0,0.0,0.0,0.0,0.0,0.0,0.0,0.0,0.0,0.0,0.0,0.0,0.0,0.0,0.0,0.0,0.0,0.0,1.0,0.0,0.0,1.0,0.0,0.0,0.0,3.0,10.0,2.0,0.0,4.0,13.0,8.0,12.0,11.0,27.0,32.0,27.0,0.0,0.0,0.0,0.0,0.0,0.0,0.0,0.0,0.0,0.0,0.0,1.0,0.0,0.0,9.0,0.0,0.0,0.0,4.0,14.0,3.0,0.0,4.0,18.0,12.0,15.0,19.0,39.0,43.0,39.0
752,1.0,752.0,London_291,dim5,151,453,1092.0,70.0,2.0,218799.0,1.6097052420955151,936.0,185.0,0.0,185.0,316.0,0.0,316.0,222.0,196.0,140.0,12.0,66.0,7.0,26.0,2.0,4.0,7.0,98.0,126.0,222.0,51.0,0.0,0.0,0.0,0.0,0.0,0.0,0.0,0.0,0.0,0.0,0.0,0.0,0.0,0.0,0.0,0.0,0.0,0.0,0.0,0.0,0.0,0.0,0.0,0.0,0.0,0.0,0.0,0.0,0.0,0.0,0.0,0.0,0.0,0.0,0.0,0.0,0.0,0.0,1.0,6.0,0.0,4.0,2.0,20.0,5.0,2.0,8.0,45.0,35.0,28.0,0.0,0.0,0.0,0.0,0.0,0.0,0.0,0.0,0.0,0.0,0.0,0.0,0.0,0.0,0.0,0.0,0.0,0.0,2.0,7.0,0.0,7.0,2.0,26.0,6.0,2.0,8.0,73.0,48.0,37.0
753,1.0,753.0,London_291,dim5,151,453,1092.0,70.0,2.0,183918.0,1.645640917820856,859.0,131.0,0.0,131.0,217.0,0.0,217.0,316.0,181.0,104.0,23.0,98.0,16.0,21.0,2.0,8.0,5.0,83.0,150.0,215.0,38.0,0.0,0.0,0.0,0.0,0.0,0.0,0.0,0.0,0.0,0.0,0.0,0.0,0.0,0.0,0.0,0.0,0.0,0.0,0.0,0.0,0.0,0.0,0.0,0.0,0.0,0.0,0.0,0.0,0.0,0.0,0.0,0.0,0.0,0.0,0.0,0.0,0.0,0.0,3.0,1.0,2.0,2.0,1.0,8.0,10.0,6.0,20.0,17.0,30.0,20.0,0.0,0.0,0.0,0.0,0.0,0.0,0.0,0.0,0.0,0.0,0.0,0.0,0.0,0.0,0.0,0.0,0.0,0.0,3.0,1.0,2.0,3.0,1.0,11.0,20.0,9.0,23.0,23.0,42.0,24.0
754,1.0,754.0,London_291,dim5,151,453,1092.0,70.0,2.0,167157.0,0.9240142358466983,822.0,18.0,2.0,16.0,47.0,19.0,28.0,217.0,193.0,109.0,21.0,86.0,16.0,22.0,2.0,4.0,4.0,85.0,167.0,197.0,37.0,0.0,0.0,0.0,0.0,0.0,0.0,0.0,0.0,0.0,0.0,0.0,0.0,0.0,0.0,0.0,0.0,0.0,0.0,0.0,0.0,0.0,0.0,0.0,0.0,0.0,0.0,0.0,0.0,0.0,0.0,0.0,0.0,0.0,0.0,1.0,0.0,0.0,0.0,0.0,0.0,0.0,0.0,0.0,2.0,2.0,2.0,1.0,4.0,2.0,3.0,0.0,0.0,0.0,0.0,0.0,0.0,0.0,0.0,0.0,0.0,0.0,0.0,0.0,0.0,6.0,0.0,0.0,0.0,0.0,0.0,0.0,0.0,0.0,4.0,3.0,2.0,2.0,6.0,3.0,4.0
755,1.0,755.0,London_291,dim5,151,453,1092.0,70.0,2.0,198414.0,1.7795480291824788,891.0,112.0,0.0,112.0,192.0,0.0,192.0,47.0,201.0,114.0,21.0,87.0,11.0,12.0,2.0,5.0,4.0,81.0,161.0,207.0,42.0,0.0,0.0,0.0,0.0,0.0,0.0,0.0,0.0,0.0,0.0,0.0,0.0,0.0,0.0,0.0,0.0,0.0,0.0,0.0,0.0,0.0,0.0,0.0,0.0,0.0,0.0,0.0,0.0,0.0,0.0,0.0,0.0,0.0,0.0,0.0,0.0,0.0,0.0,0.0,5.0,0.0,0.0,1.0,10.0,6.0,13.0,9.0,19.0,32.0,20.0,0.0,0.0,0.0,0.0,0.0,0.0,0.0,0.0,0.0,0.0,0.0,0.0,0.0,0.0,0.0,0.0,0.0,0.0,0.0,7.0,0.0,0.0,1.0,14.0,9.0,17.0,14.0,28.0,46.0,26.0
756,1.0,756.0,London_291,dim5,151,453,1092.0,70.0,2.0,191166.0,1.5807680478319526,875.0,104.0,2.0,102.0,196.0,19.0,177.0,192.0,218.0,105.0,16.0,78.0,10.0,17.0,3.0,6.0,5.0,80.0,163.0,205.0,40.0,0.0,0.0,0.0,0.0,0.0,0.0,0.0,0.0,0.0,1.0,0.0,1.0,0.0,0.0,0.0,0.0,0.0,0.0,1.0,0.0,0.0,0.0,0.0,0.0,0.0,0.0,0.0,0.0,0.0,0.0,0.0,1.0,0.0,1.0,1.0,0.0,0.0,0.0,1.0,1.0,0.0,1.0,0.0,5.0,8.0,8.0,5.0,19.0,26.0,24.0,0.0,0.0,0.0,0.0,0.0,0.0,0.0,0.0,0.0,0.0,0.0,1.0,0.0,7.0,2.0,0.0,0.0,0.0,1.0,3.0,0.0,1.0,0.0,6.0,13.0,11.0,6.0,30.0,36.0,30.0
757,1.0,757.0,London_291,dim5,151,453,1092.0,70.0,2.0,182559.0,1.798796309158206,856.0,145.0,0.0,145.0,249.0,0.0,249.0,188.0,230.0,110.0,18.0,52.0,13.0,25.0,4.0,1.0,3.0,88.0,153.0,209.0,37.0,0.0,0.0,0.0,0.0,0.0,0.0,0.0,0.0,0.0,0.0,0.0,0.0,0.0,0.0,0.0,0.0,0.0,0.0,0.0,0.0,0.0,0.0,0.0,0.0,0.0,0.0,0.0,0.0,0.0,0.0,0.0,0.0,0.0,0.0,0.0,0.0,0.0,0.0,2.0,1.0,1.0,0.0,10.0,16.0,7.0,4.0,4.0,25.0,27.0,25.0,0.0,0.0,0.0,0.0,0.0,0.0,0.0,0.0,0.0,0.0,0.0,0.0,0.0,0.0,0.0,0.0,0.0,0.0,2.0,1.0,1.0,0.0,12.0,19.0,10.0,6.0,7.0,40.0,42.0,31.0
758,1.0,758.0,London_291,dim5,151,453,1092.0,70.0,2.0,142695.0,1.1551199138630182,768.0,98.0,0.0,98.0,163.0,0.0,163.0,249.0,227.0,98.0,17.0,85.0,3.0,15.0,0.0,8.0,5.0,80.0,151.0,217.0,31.0,0.0,0.0,0.0,0.0,0.0,0.0,0.0,0.0,0.0,0.0,0.0,0.0,0.0,0.0,0.0,0.0,0.0,0.0,0.0,0.0,0.0,0.0,0.0,0.0,0.0,0.0,0.0,0.0,0.0,0.0,0.0,0.0,0.0,0.0,0.0,0.0,0.0,0.0,4.0,1.0,1.0,0.0,0.0,9.0,6.0,7.0,5.0,18.0,24.0,20.0,0.0,0.0,0.0,0.0,0.0,0.0,0.0,0.0,0.0,0.0,0.0,0.0,0.0,0.0,0.0,0.0,0.0,0.0,5.0,1.0,1.0,0.0,0.0,12.0,7.0,10.0,5.0,27.0,36.0,27.0
759,1.0,759.0,London_291,dim5,151,453,1092.0,70.0,2.0,125028.0,1.2161829208489507,729.0,129.0,0.0,129.0,230.0,0.0,230.0,163.0,226.0,92.0,22.0,83.0,3.0,22.0,2.0,3.0,10.0,94.0,143.0,206.0,46.0,0.0,0.0,0.0,0.0,0.0,0.0,0.0,0.0,0.0,0.0,0.0,0.0,0.0,0.0,0.0,0.0,0.0,0.0,0.0,0.0,0.0,0.0,0.0,0.0,0.0,0.0,0.0,0.0,0.0,0.0,0.0,0.0,0.0,0.0,0.0,0.0,0.0,0.0,1.0,0.0,0.0,2.0,3.0,21.0,5.0,6.0,17.0,23.0,35.0,12.0,0.0,0.0,0.0,0.0,0.0,0.0,0.0,0.0,0.0,0.0,0.0,0.0,0.0,0.0,0.0,0.0,0.0,0.0,1.0,0.0,0.0,3.0,3.0,26.0,6.0,8.0,24.0,34.0,57.0,17.0
760,1.0,760.0,London_291,dim5,151,453,1092.0,70.0,2.0,96942.0,0.8441503581125289,667.0,50.0,2.0,48.0,100.0,18.0,82.0,230.0,233.0,86.0,27.0,75.0,6.0,21.0,0.0,5.0,6.0,68.0,148.0,231.0,41.0,0.0,0.0,0.0,0.0,0.0,0.0,0.0,0.0,0.0,0.0,0.0,0.0,0.0,0.0,0.0,0.0,0.0,0.0,0.0,0.0,0.0,0.0,0.0,0.0,0.0,0.0,0.0,0.0,0.0,0.0,0.0,1.0,1.0,0.0,0.0,0.0,0.0,0.0,2.0,4.0,0.0,0.0,0.0,10.0,5.0,3.0,1.0,6.0,15.0,7.0,0.0,0.0,0.0,0.0,0.0,0.0,0.0,0.0,0.0,0.0,0.0,4.0,7.0,0.0,0.0,0.0,0.0,0.0,2.0,5.0,0.0,0.0,0.0,17.0,9.0,4.0,1.0,7.0,21.0,7.0
761,1.0,761.0,London_291,dim5,151,453,1092.0,70.0,2.0,117327.0,0.950051232939586,712.0,45.0,0.0,45.0,77.0,0.0,77.0,100.0,230.0,89.0,27.0,70.0,5.0,24.0,1.0,7.0,7.0,78.0,135.0,233.0,50.0,0.0,0.0,0.0,0.0,0.0,0.0,0.0,0.0,0.0,0.0,0.0,0.0,0.0,0.0,0.0,0.0,0.0,0.0,0.0,0.0,0.0,0.0,0.0,0.0,0.0,0.0,0.0,0.0,0.0,0.0,0.0,0.0,0.0,0.0,0.0,0.0,0.0,0.0,4.0,1.0,0.0,0.0,0.0,6.0,4.0,3.0,2.0,11.0,10.0,21.0,0.0,0.0,0.0,0.0,0.0,0.0,0.0,0.0,0.0,0.0,0.0,0.0,0.0,0.0,0.0,0.0,0.0,0.0,5.0,2.0,0.0,0.0,0.0,10.0,6.0,3.0,2.0,16.0,10.0,26.0
762,1.0,762.0,London_291,dim5,151,453,1092.0,70.0,2.0,127746.0,0.7214022260159254,735.0,15.0,2.0,13.0,42.0,20.0,22.0,77.0,238.0,86.0,28.0,59.0,6.0,29.0,0.0,7.0,7.0,80.0,141.0,225.0,55.0,0.0,0.0,0.0,0.0,0.0,0.0,0.0,0.0,0.0,0.0,0.0,0.0,0.0,0.0,0.0,0.0,0.0,0.0,0.0,0.0,0.0,0.0,0.0,0.0,0.0,0.0,0.0,0.0,0.0,1.0,0.0,2.0,0.0,1.0,2.0,0.0,0.0,0.0,0.0,0.0,0.0,0.0,0.0,2.0,2.0,1.0,2.0,1.0,2.0,4.0,0.0,0.0,0.0,0.0,0.0,0.0,0.0,0.0,0.0,1.0,0.0,10.0,0.0,8.0,2.0,0.0,0.0,0.0,0.0,0.0,0.0,0.0,0.0,3.0,2.0,1.0,5.0,1.0,2.0,5.0
763,1.0,763.0,London_291,dim5,151,453,1092.0,70.0,2.0,152661.0,1.1216984500642866,790.0,53.0,2.0,51.0,115.0,18.0,97.0,42.0,237.0,95.0,29.0,60.0,4.0,24.0,0.0,4.0,8.0,74.0,138.0,233.0,46.0,0.0,0.0,0.0,0.0,0.0,0.0,0.0,0.0,0.0,0.0,0.0,0.0,0.0,0.0,0.0,0.0,0.0,0.0,0.0,0.0,0.0,0.0,0.0,0.0,0.0,0.0,0.0,0.0,0.0,0.0,0.0,0.0,0.0,0.0,0.0,0.0,0.0,0.0,3.0,0.0,1.0,2.0,0.0,3.0,7.0,2.0,12.0,8.0,16.0,10.0,0.0,0.0,0.0,0.0,0.0,0.0,0.0,0.0,0.0,0.0,0.0,0.0,0.0,0.0,0.0,0.0,0.0,0.0,5.0,0.0,2.0,5.0,0.0,3.0,10.0,5.0,18.0,14.0,26.0,15.0
764,1.0,764.0,London_291,dim5,151,453,1092.0,70.0,2.0,166251.0,1.8215174621436745,820.0,120.0,2.0,118.0,224.0,19.0,205.0,115.0,230.0,99.0,33.0,53.0,3.0,27.0,0.0,8.0,7.0,77.0,131.0,238.0,43.0,0.0,0.0,0.0,0.0,0.0,0.0,0.0,0.0,0.0,0.0,0.0,0.0,0.0,0.0,0.0,0.0,0.0,0.0,0.0,0.0,0.0,0.0,0.0,0.0,0.0,0.0,0.0,0.0,0.0,0.0,0.0,1.0,0.0,1.0,1.0,0.0,0.0,0.0,1.0,9.0,0.0,0.0,7.0,11.0,8.0,3.0,14.0,25.0,24.0,25.0,0.0,0.0,0.0,0.0,0.0,0.0,0.0,0.0,0.0,0.0,0.0,1.0,0.0,7.0,1.0,0.0,0.0,0.0,1.0,13.0,0.0,0.0,7.0,14.0,11.0,3.0,16.0,37.0,35.0,29.0
765,1.0,765.0,London_291,dim5,151,453,1092.0,70.0,2.0,151755.0,1.0510734650306404,788.0,84.0,1.0,83.0,158.0,8.0,150.0,224.0,222.0,112.0,17.0,54.0,5.0,32.0,2.0,9.0,9.0,68.0,133.0,243.0,45.0,0.0,0.0,0.0,0.0,0.0,0.0,0.0,0.0,0.0,0.0,0.0,0.0,0.0,0.0,0.0,0.0,0.0,0.0,0.0,0.0,0.0,0.0,0.0,0.0,0.0,0.0,0.0,0.0,0.0,1.0,0.0,1.0,1.0,0.0,1.0,0.0,0.0,0.0,3.0,5.0,0.0,0.0,0.0,12.0,7.0,7.0,13.0,13.0,20.0,13.0,0.0,0.0,0.0,0.0,0.0,0.0,0.0,0.0,0.0,1.0,0.0,4.0,5.0,0.0,1.0,0.0,0.0,0.0,4.0,7.0,0.0,0.0,0.0,15.0,8.0,8.0,25.0,20.0,27.0,17.0
766,1.0,766.0,London_291,dim5,151,453,1092.0,70.0,2.0,151302.0,1.224775088019669,787.0,72.0,0.0,72.0,120.0,0.0,120.0,158.0,218.0,133.0,17.0,48.0,3.0,28.0,2.0,4.0,9.0,79.0,144.0,221.0,40.0,0.0,0.0,0.0,0.0,0.0,0.0,0.0,0.0,0.0,0.0,0.0,0.0,0.0,0.0,0.0,0.0,0.0,0.0,0.0,0.0,0.0,0.0,0.0,0.0,0.0,0.0,0.0,0.0,0.0,0.0,0.0,0.0,0.0,0.0,0.0,0.0,0.0,0.0,3.0,4.0,0.0,1.0,0.0,8.0,7.0,1.0,7.0,16.0,17.0,16.0,0.0,0.0,0.0,0.0,0.0,0.0,0.0,0.0,0.0,0.0,0.0,0.0,0.0,0.0,0.0,0.0,0.0,0.0,5.0,5.0,0.0,1.0,0.0,9.0,10.0,1.0,7.0,22.0,22.0,19.0
767,1.0,767.0,London_291,dim5,151,453,1092.0,70.0,2.0,159909.0,1.1232021618634462,806.0,76.0,2.0,74.0,155.0,17.0,138.0,120.0,213.0,140.0,13.0,42.0,10.0,28.0,1.0,6.0,7.0,78.0,138.0,230.0,47.0,0.0,0.0,0.0,0.0,0.0,0.0,0.0,0.0,0.0,0.0,0.0,0.0,0.0,0.0,0.0,0.0,0.0,0.0,0.0,0.0,0.0,0.0,0.0,0.0,0.0,0.0,0.0,0.0,0.0,1.0,0.0,0.0,0.0,1.0,1.0,0.0,0.0,0.0,5.0,7.0,4.0,0.0,4.0,18.0,7.0,3.0,10.0,8.0,23.0,17.0,0.0,0.0,0.0,0.0,0.0,0.0,0.0,0.0,0.0,7.0,0.0,0.0,0.0,5.0,2.0,0.0,0.0,0.0,5.0,9.0,5.0,0.0,4.0,26.0,9.0,4.0,17.0,9.0,36.0,23.0
768,1.0,768.0,London_291,dim5,151,453,1092.0,70.0,2.0,161721.0,1.3564554790500551,810.0,117.0,0.0,117.0,200.0,0.0,200.0,155.0,221.0,157.0,15.0,38.0,8.0,9.0,2.0,3.0,10.0,75.0,149.0,219.0,54.0,0.0,0.0,0.0,0.0,0.0,0.0,0.0,0.0,0.0,0.0,0.0,0.0,0.0,0.0,0.0,0.0,0.0,0.0,0.0,0.0,0.0,0.0,0.0,0.0,0.0,0.0,0.0,0.0,0.0,0.0,0.0,0.0,0.0,0.0,0.0,0.0,0.0,0.0,3.0,7.0,0.0,3.0,3.0,13.0,8.0,8.0,9.0,19.0,35.0,19.0,0.0,0.0,0.0,0.0,0.0,0.0,0.0,0.0,0.0,0.0,0.0,0.0,0.0,0.0,0.0,0.0,0.0,0.0,3.0,9.0,0.0,6.0,3.0,16.0,10.0,11.0,10.0,27.0,49.0,22.0
769,1.0,769.0,London_291,dim5,151,453,1092.0,70.0,2.0,142695.0,1.3676465419121087,768.0,52.0,0.0,52.0,89.0,0.0,89.0,200.0,217.0,149.0,12.0,57.0,3.0,11.0,0.0,4.0,14.0,77.0,158.0,204.0,58.0,0.0,0.0,0.0,0.0,0.0,0.0,0.0,0.0,0.0,0.0,0.0,0.0,0.0,0.0,0.0,0.0,0.0,0.0,0.0,0.0,0.0,0.0,0.0,0.0,0.0,0.0,0.0,0.0,0.0,0.0,0.0,0.0,0.0,0.0,0.0,0.0,0.0,0.0,2.0,5.0,1.0,0.0,0.0,2.0,3.0,1.0,6.0,7.0,15.0,12.0,0.0,0.0,0.0,0.0,0.0,0.0,0.0,0.0,0.0,0.0,0.0,0.0,0.0,0.0,0.0,0.0,0.0,0.0,3.0,5.0,1.0,0.0,0.0,2.0,4.0,2.0,8.0,9.0,27.0,17.0
770,1.0,770.0,London_291,dim5,151,453,1092.0,70.0,2.0,160362.0,1.4481570040807128,807.0,108.0,0.0,108.0,185.0,0.0,185.0,89.0,218.0,151.0,5.0,52.0,5.0,17.0,2.0,3.0,16.0,77.0,161.0,199.0,63.0,0.0,0.0,0.0,0.0,0.0,0.0,0.0,0.0,0.0,0.0,0.0,0.0,0.0,0.0,0.0,0.0,0.0,0.0,0.0,0.0,0.0,0.0,0.0,0.0,0.0,0.0,0.0,0.0,0.0,0.0,0.0,0.0,0.0,0.0,0.0,0.0,0.0,0.0,0.0,8.0,0.0,1.0,0.0,8.0,8.0,1.0,8.0,21.0,23.0,24.0,0.0,0.0,0.0,0.0,0.0,0.0,0.0,0.0,0.0,0.0,0.0,0.0,0.0,0.0,0.0,0.0,0.0,0.0,0.0,10.0,0.0,1.0,0.0,14.0,12.0,1.0,12.0,32.0,31.0,33.0
771,1.0,771.0,London_291,dim5,151,453,1092.0,70.0,2.0,149490.0,1.1914428460877389,783.0,71.0,0.0,71.0,121.0,0.0,121.0,185.0,220.0,129.0,16.0,55.0,5.0,21.0,2.0,5.0,14.0,73.0,148.0,218.0,57.0,0.0,0.0,0.0,0.0,0.0,0.0,0.0,0.0,0.0,0.0,0.0,0.0,0.0,0.0,0.0,0.0,0.0,0.0,0.0,0.0,0.0,0.0,0.0,0.0,0.0,0.0,0.0,0.0,0.0,0.0,0.0,0.0,0.0,0.0,0.0,0.0,0.0,0.0,2.0,1.0,1.0,3.0,1.0,9.0,3.0,5.0,10.0,17.0,19.0,10.0,0.0,0.0,0.0,0.0,0.0,0.0,0.0,0.0,0.0,0.0,0.0,0.0,0.0,0.0,0.0,0.0,0.0,0.0,2.0,2.0,1.0,6.0,1.0,10.0,4.0,6.0,14.0,29.0,25.0,11.0
772,1.0,772.0,London_291,dim5,151,453,1092.0,70.0,2.0,153567.0,1.3753596870228648,792.0,108.0,0.0,108.0,184.0,0.0,184.0,121.0,222.0,143.0,17.0,32.0,5.0,26.0,1.0,7.0,16.0,69.0,160.0,208.0,58.0,0.0,0.0,0.0,0.0,0.0,0.0,0.0,0.0,0.0,0.0,0.0,0.0,0.0,0.0,0.0,0.0,0.0,0.0,0.0,0.0,0.0,0.0,0.0,0.0,0.0,0.0,0.0,0.0,0.0,0.0,0.0,0.0,0.0,0.0,0.0,0.0,0.0,0.0,3.0,15.0,0.0,1.0,0.0,7.0,13.0,3.0,3.0,22.0,27.0,11.0,0.0,0.0,0.0,0.0,0.0,0.0,0.0,0.0,0.0,0.0,0.0,0.0,0.0,0.0,0.0,0.0,0.0,0.0,3.0,20.0,0.0,1.0,0.0,11.0,18.0,3.0,6.0,33.0,44.0,11.0
773,1.0,773.0,London_291,dim5,151,453,1092.0,70.0,2.0,134541.0,1.030606257962063,750.0,22.0,2.0,20.0,54.0,20.0,34.0,184.0,223.0,137.0,15.0,47.0,6.0,17.0,1.0,7.0,19.0,76.0,169.0,189.0,52.0,0.0,0.0,0.0,0.0,0.0,0.0,0.0,0.0,0.0,0.0,0.0,0.0,0.0,0.0,0.0,0.0,0.0,0.0,0.0,0.0,0.0,0.0,0.0,0.0,0.0,0.0,0.0,0.0,0.0,0.0,0.0,2.0,0.0,0.0,1.0,0.0,0.0,0.0,1.0,4.0,1.0,1.0,0.0,2.0,3.0,1.0,6.0,2.0,7.0,5.0,0.0,0.0,0.0,0.0,0.0,0.0,0.0,0.0,0.0,0.0,0.0,3.0,0.0,0.0,2.0,0.0,0.0,0.0,1.0,4.0,1.0,1.0,0.0,2.0,3.0,1.0,8.0,3.0,11.0,6.0
774,1.0,774.0,London_291,dim5,151,453,1092.0,70.0,2.0,173952.0,1.9070933470502496,837.0,106.0,1.0,105.0,185.0,10.0,175.0,54.0,216.0,143.0,19.0,51.0,5.0,16.0,0.0,3.0,14.0,86.0,158.0,195.0,46.0,0.0,0.0,0.0,0.0,0.0,0.0,0.0,0.0,0.0,0.0,0.0,0.0,0.0,0.0,0.0,0.0,0.0,0.0,0.0,0.0,0.0,0.0,0.0,0.0,0.0,0.0,0.0,0.0,0.0,0.0,0.0,0.0,0.0,0.0,0.0,0.0,0.0,0.0,2.0,12.0,4.0,1.0,5.0,13.0,4.0,9.0,7.0,27.0,26.0,16.0,0.0,0.0,0.0,0.0,0.0,0.0,0.0,0.0,0.0,0.0,0.0,0.0,0.0,0.0,0.0,0.0,0.0,0.0,3.0,18.0,5.0,1.0,7.0,14.0,6.0,10.0,7.0,43.0,38.0,22.0
775,1.0,775.0,London_291,dim5,151,453,1092.0,70.0,2.0,167157.0,1.5231047719717026,822.0,104.0,1.0,103.0,191.0,8.0,183.0,185.0,219.0,146.0,17.0,52.0,7.0,8.0,0.0,4.0,9.0,78.0,173.0,193.0,42.0,0.0,0.0,0.0,0.0,0.0,0.0,0.0,0.0,0.0,0.0,0.0,0.0,0.0,0.0,0.0,0.0,0.0,0.0,0.0,0.0,0.0,0.0,0.0,0.0,0.0,0.0,0.0,0.0,0.0,0.0,0.0,0.0,0.0,0.0,1.0,0.0,0.0,0.0,3.0,8.0,0.0,0.0,1.0,7.0,7.0,5.0,6.0,20.0,24.0,9.0,0.0,0.0,0.0,0.0,0.0,0.0,0.0,0.0,0.0,0.0,0.0,0.0,0.0,0.0,1.0,0.0,0.0,0.0,3.0,9.0,0.0,0.0,1.0,10.0,11.0,5.0,6.0,30.0,38.0,13.0
776,1.0,776.0,London_291,dim5,151,453,1092.0,70.0,2.0,158097.0,1.2082383309025317,802.0,69.0,2.0,67.0,136.0,18.0,118.0,191.0,217.0,140.0,8.0,63.0,3.0,16.0,1.0,5.0,14.0,73.0,159.0,207.0,41.0,0.0,0.0,0.0,0.0,0.0,0.0,0.0,0.0,0.0,0.0,0.0,0.0,0.0,0.0,0.0,0.0,0.0,0.0,0.0,0.0,0.0,0.0,0.0,0.0,0.0,0.0,0.0,0.0,0.0,0.0,0.0,0.0,1.0,1.0,2.0,0.0,0.0,0.0,6.0,2.0,0.0,0.0,1.0,8.0,8.0,7.0,8.0,7.0,13.0,9.0,0.0,0.0,0.0,0.0,0.0,0.0,0.0,0.0,0.0,0.0,0.0,0.0,6.0,6.0,5.0,0.0,0.0,0.0,7.0,3.0,0.0,0.0,1.0,10.0,12.0,9.0,12.0,9.0,20.0,12.0
777,1.0,777.0,London_291,dim5,151,453,1092.0,70.0,2.0,167610.0,1.5719248820096254,823.0,127.0,2.0,125.0,236.0,18.0,218.0,136.0,222.0,142.0,12.0,58.0,2.0,13.0,0.0,4.0,13.0,82.0,144.0,214.0,41.0,0.0,0.0,0.0,0.0,0.0,0.0,0.0,0.0,0.0,0.0,0.0,0.0,0.0,0.0,0.0,0.0,0.0,0.0,0.0,0.0,0.0,0.0,0.0,0.0,0.0,0.0,0.0,0.0,0.0,0.0,0.0,0.0,0.0,1.0,0.0,0.0,0.0,0.0,5.0,1.0,1.0,2.0,9.0,21.0,5.0,5.0,13.0,22.0,26.0,18.0,0.0,0.0,0.0,0.0,0.0,0.0,0.0,0.0,0.0,0.0,0.0,0.0,0.0,7.0,0.0,0.0,0.0,0.0,6.0,2.0,1.0,2.0,9.0,27.0,8.0,6.0,17.0,35.0,41.0,21.0
778,1.0,778.0,London_291,dim5,151,453,1092.0,70.0,2.0,141789.0,2.1238596090115607,766.0,50.0,0.0,50.0,78.0,0.0,78.0,236.0,209.0,126.0,23.0,64.0,1.0,23.0,1.0,6.0,8.0,79.0,156.0,210.0,39.0,0.0,0.0,0.0,0.0,0.0,0.0,0.0,0.0,0.0,0.0,0.0,0.0,0.0,0.0,0.0,0.0,0.0,0.0,0.0,0.0,0.0,0.0,0.0,0.0,0.0,0.0,0.0,0.0,0.0,0.0,0.0,0.0,0.0,0.0,0.0,0.0,0.0,0.0,4.0,0.0,1.0,1.0,0.0,4.0,6.0,3.0,7.0,13.0,8.0,14.0,0.0,0.0,0.0,0.0,0.0,0.0,0.0,0.0,0.0,0.0,0.0,0.0,0.0,0.0,0.0,0.0,0.0,0.0,4.0,0.0,1.0,1.0,0.0,7.0,9.0,3.0,9.0,17.0,10.0,19.0
779,1.0,779.0,London_291,dim5,151,453,1092.0,70.0,2.0,163080.0,1.2602685089223087,813.0,62.0,0.0,62.0,112.0,0.0,112.0,78.0,206.0,136.0,23.0,55.0,5.0,22.0,1.0,5.0,11.0,78.0,156.0,208.0,52.0,0.0,0.0,0.0,0.0,0.0,0.0,0.0,0.0,0.0,0.0,0.0,0.0,0.0,0.0,0.0,0.0,0.0,0.0,0.0,0.0,0.0,0.0,0.0,0.0,0.0,0.0,0.0,0.0,0.0,0.0,0.0,0.0,0.0,0.0,0.0,0.0,0.0,0.0,5.0,4.0,0.0,0.0,0.0,6.0,2.0,9.0,10.0,13.0,12.0,12.0,0.0,0.0,0.0,0.0,0.0,0.0,0.0,0.0,0.0,0.0,0.0,0.0,0.0,0.0,0.0,0.0,0.0,0.0,5.0,5.0,0.0,0.0,0.0,7.0,3.0,13.0,16.0,17.0,16.0,14.0
780,1.0,780.0,London_291,dim5,151,453,1092.0,70.0,2.0,177576.0,1.7119569829665124,845.0,145.0,2.0,143.0,268.0,16.0,252.0,112.0,209.0,126.0,28.0,54.0,8.0,22.0,0.0,6.0,17.0,82.0,153.0,201.0,58.0,0.0,0.0,0.0,0.0,0.0,0.0,0.0,0.0,0.0,0.0,0.0,0.0,0.0,0.0,0.0,0.0,0.0,0.0,0.0,0.0,0.0,0.0,0.0,0.0,0.0,0.0,0.0,0.0,0.0,0.0,0.0,0.0,0.0,0.0,0.0,0.0,0.0,0.0,0.0,6.0,0.0,1.0,14.0,4.0,3.0,23.0,7.0,28.0,34.0,22.0,0.0,0.0,0.0,0.0,0.0,0.0,0.0,0.0,0.0,0.0,0.0,0.0,0.0,0.0,0.0,0.0,0.0,0.0,0.0,9.0,0.0,2.0,16.0,5.0,4.0,34.0,9.0,41.0,49.0,29.0
781,1.0,781.0,London_291,dim5,151,453,1092.0,70.0,2.0,151755.0,0.96735983598046,788.0,132.0,2.0,130.0,239.0,19.0,220.0,268.0,201.0,112.0,24.0,76.0,7.0,22.0,2.0,9.0,8.0,60.0,154.0,231.0,33.0,0.0,0.0,0.0,0.0,0.0,0.0,0.0,0.0,0.0,0.0,0.0,0.0,0.0,0.0,0.0,0.0,0.0,0.0,0.0,0.0,0.0,0.0,0.0,0.0,0.0,0.0,0.0,0.0,0.0,0.0,0.0,0.0,0.0,0.0,1.0,0.0,0.0,0.0,3.0,3.0,2.0,3.0,2.0,3.0,22.0,14.0,16.0,25.0,36.0,18.0,0.0,0.0,0.0,0.0,0.0,0.0,0.0,0.0,0.0,0.0,0.0,0.0,0.0,0.0,1.0,0.0,0.0,0.0,3.0,6.0,2.0,4.0,3.0,4.0,36.0,19.0,21.0,35.0,54.0,26.0
782,1.0,782.0,London_291,dim5,151,453,1092.0,70.0,2.0,123669.0,0.7464383719488978,726.0,6.0,1.0,5.0,16.0,9.0,7.0,239.0,203.0,110.0,32.0,70.0,6.0,20.0,1.0,11.0,13.0,70.0,156.0,214.0,35.0,0.0,0.0,0.0,0.0,0.0,0.0,0.0,0.0,0.0,0.0,0.0,0.0,0.0,0.0,0.0,0.0,0.0,0.0,0.0,0.0,0.0,0.0,0.0,0.0,0.0,0.0,0.0,0.0,0.0,0.0,0.0,1.0,0.0,0.0,1.0,0.0,0.0,0.0,0.0,0.0,0.0,0.0,0.0,1.0,0.0,0.0,1.0,1.0,1.0,3.0,0.0,0.0,0.0,0.0,0.0,0.0,0.0,0.0,0.0,0.0,0.0,4.0,0.0,0.0,5.0,0.0,0.0,0.0,0.0,0.0,0.0,0.0,0.0,1.0,0.0,0.0,1.0,2.0,1.0,3.0
783,1.0,783.0,London_291,dim5,151,453,1092.0,70.0,2.0,155832.0,1.1984168768394738,797.0,69.0,0.0,69.0,112.0,0.0,112.0,16.0,200.0,113.0,32.0,72.0,6.0,20.0,1.0,9.0,12.0,72.0,151.0,218.0,32.0,0.0,0.0,0.0,0.0,0.0,0.0,0.0,0.0,0.0,0.0,0.0,0.0,0.0,0.0,0.0,0.0,0.0,0.0,0.0,0.0,0.0,0.0,0.0,0.0,0.0,0.0,0.0,0.0,0.0,0.0,0.0,0.0,0.0,0.0,0.0,0.0,0.0,0.0,4.0,0.0,0.0,1.0,0.0,5.0,6.0,3.0,11.0,13.0,17.0,8.0,0.0,0.0,0.0,0.0,0.0,0.0,0.0,0.0,0.0,0.0,0.0,0.0,0.0,0.0,0.0,0.0,0.0,0.0,6.0,0.0,0.0,2.0,0.0,5.0,8.0,4.0,15.0,19.0,27.0,10.0
784,1.0,784.0,London_291,dim5,151,453,1092.0,70.0,2.0,160815.0,1.046966708963737,808.0,88.0,0.0,88.0,162.0,0.0,162.0,112.0,211.0,98.0,23.0,80.0,10.0,19.0,1.0,11.0,11.0,67.0,148.0,227.0,45.0,0.0,0.0,0.0,0.0,0.0,0.0,0.0,0.0,0.0,0.0,0.0,0.0,0.0,0.0,0.0,0.0,0.0,0.0,0.0,0.0,0.0,0.0,0.0,0.0,0.0,0.0,0.0,0.0,0.0,0.0,0.0,0.0,0.0,0.0,0.0,0.0,0.0,0.0,2.0,1.0,0.0,0.0,0.0,15.0,16.0,9.0,6.0,14.0,16.0,18.0,0.0,0.0,0.0,0.0,0.0,0.0,0.0,0.0,0.0,0.0,0.0,0.0,0.0,0.0,0.0,0.0,0.0,0.0,3.0,1.0,0.0,0.0,0.0,21.0,21.0,14.0,6.0,25.0,25.0,22.0
785,1.0,785.0,London_291,dim5,151,453,1092.0,70.0,2.0,158097.0,1.0622914971318096,802.0,116.0,0.0,116.0,188.0,0.0,188.0,162.0,215.0,92.0,26.0,82.0,9.0,16.0,2.0,11.0,10.0,78.0,151.0,214.0,43.0,0.0,0.0,0.0,0.0,0.0,0.0,0.0,0.0,0.0,0.0,0.0,0.0,0.0,0.0,0.0,0.0,0.0,0.0,0.0,0.0,0.0,0.0,0.0,0.0,0.0,0.0,0.0,0.0,0.0,0.0,0.0,0.0,0.0,0.0,0.0,0.0,0.0,0.0,4.0,6.0,1.0,3.0,0.0,13.0,11.0,6.0,11.0,21.0,28.0,29.0,0.0,0.0,0.0,0.0,0.0,0.0,0.0,0.0,0.0,0.0,0.0,0.0,0.0,0.0,0.0,0.0,0.0,0.0,4.0,10.0,1.0,4.0,0.0,15.0,15.0,6.0,12.0,32.0,36.0,39.0
786,1.0,786.0,London_291,dim5,151,453,1092.0,70.0,2.0,145866.0,1.1051851590164006,775.0,137.0,2.0,135.0,243.0,17.0,226.0,188.0,228.0,85.0,21.0,77.0,7.0,27.0,1.0,7.0,15.0,83.0,141.0,214.0,60.0,0.0,0.0,0.0,0.0,0.0,0.0,0.0,0.0,0.0,0.0,0.0,0.0,0.0,0.0,0.0,0.0,0.0,0.0,0.0,0.0,0.0,0.0,0.0,0.0,0.0,0.0,0.0,0.0,0.0,0.0,0.0,1.0,0.0,0.0,1.0,0.0,0.0,0.0,6.0,7.0,1.0,2.0,2.0,5.0,10.0,12.0,12.0,30.0,25.0,15.0,0.0,0.0,0.0,0.0,0.0,0.0,0.0,0.0,0.0,0.0,0.0,4.0,0.0,0.0,2.0,0.0,0.0,0.0,7.0,10.0,1.0,2.0,2.0,9.0,11.0,14.0,13.0,44.0,39.0,20.0
787,1.0,787.0,London_291,dim5,151,453,1092.0,70.0,2.0,115515.0,0.7471945539582521,708.0,4.0,1.0,3.0,15.0,11.0,4.0,243.0,220.0,93.0,18.0,68.0,10.0,32.0,1.0,11.0,11.0,75.0,144.0,223.0,28.0,0.0,0.0,0.0,0.0,0.0,0.0,0.0,0.0,0.0,0.0,0.0,0.0,0.0,0.0,0.0,0.0,0.0,0.0,0.0,0.0,0.0,0.0,0.0,0.0,0.0,0.0,0.0,0.0,0.0,1.0,0.0,1.0,0.0,0.0,1.0,0.0,0.0,0.0,0.0,1.0,0.0,0.0,0.0,0.0,0.0,0.0,0.0,1.0,0.0,0.0,0.0,0.0,0.0,0.0,0.0,0.0,0.0,0.0,0.0,5.0,0.0,3.0,0.0,0.0,4.0,0.0,0.0,0.0,0.0,1.0,0.0,0.0,0.0,0.0,0.0,0.0,0.0,1.0,0.0,0.0
788,1.0,788.0,London_291,dim5,151,453,1092.0,70.0,2.0,159456.0,1.0821703020483255,805.0,65.0,1.0,64.0,123.0,9.0,114.0,15.0,222.0,93.0,18.0,72.0,6.0,29.0,1.0,12.0,11.0,69.0,147.0,226.0,26.0,0.0,0.0,0.0,0.0,0.0,0.0,0.0,0.0,0.0,0.0,0.0,0.0,0.0,0.0,0.0,0.0,0.0,0.0,0.0,0.0,0.0,0.0,0.0,0.0,0.0,0.0,0.0,0.0,0.0,0.0,0.0,0.0,1.0,0.0,1.0,0.0,0.0,0.0,3.0,2.0,0.0,2.0,0.0,4.0,6.0,2.0,12.0,16.0,17.0,13.0,0.0,0.0,0.0,0.0,0.0,0.0,0.0,0.0,0.0,0.0,0.0,0.0,3.0,0.0,1.0,0.0,0.0,0.0,3.0,2.0,0.0,3.0,0.0,5.0,7.0,4.0,17.0,25.0,27.0,15.0
789,1.0,789.0,London_291,dim5,151,453,1092.0,70.0,2.0,172140.0,1.1691040580626577,833.0,122.0,0.0,122.0,214.0,0.0,214.0,123.0,218.0,98.0,15.0,71.0,11.0,35.0,0.0,5.0,9.0,71.0,136.0,237.0,31.0,0.0,0.0,0.0,0.0,0.0,0.0,0.0,0.0,0.0,0.0,0.0,0.0,0.0,0.0,0.0,0.0,0.0,0.0,0.0,0.0,0.0,0.0,0.0,0.0,0.0,0.0,0.0,0.0,0.0,0.0,0.0,0.0,0.0,0.0,0.0,0.0,0.0,0.0,5.0,2.0,0.0,2.0,0.0,17.0,12.0,12.0,15.0,26.0,21.0,14.0,0.0,0.0,0.0,0.0,0.0,0.0,0.0,0.0,0.0,0.0,0.0,0.0,0.0,0.0,0.0,0.0,0.0,0.0,7.0,2.0,0.0,4.0,0.0,22.0,17.0,17.0,18.0,36.0,26.0,19.0
790,1.0,790.0,London_291,dim5,151,453,1092.0,70.0,2.0,147225.0,0.8614165380131453,778.0,56.0,3.0,53.0,117.0,25.0,92.0,214.0,222.0,101.0,10.0,62.0,14.0,39.0,1.0,4.0,7.0,73.0,135.0,238.0,38.0,0.0,0.0,0.0,0.0,0.0,0.0,0.0,0.0,0.0,0.0,0.0,0.0,0.0,0.0,0.0,0.0,0.0,0.0,0.0,0.0,0.0,0.0,0.0,0.0,0.0,0.0,0.0,0.0,0.0,0.0,0.0,1.0,1.0,1.0,1.0,0.0,0.0,0.0,2.0,0.0,1.0,1.0,0.0,7.0,5.0,4.0,6.0,11.0,12.0,9.0,0.0,0.0,0.0,0.0,0.0,0.0,0.0,0.0,0.0,0.0,0.0,5.0,7.0,7.0,2.0,0.0,0.0,0.0,2.0,0.0,1.0,1.0,0.0,13.0,6.0,7.0,9.0,21.0,17.0,10.0
791,1.0,791.0,London_291,dim5,151,453,1092.0,70.0,2.0,162627.0,1.3267158400267363,812.0,114.0,1.0,113.0,198.0,9.0,189.0,117.0,224.0,91.0,17.0,62.0,11.0,41.0,2.0,5.0,5.0,81.0,122.0,245.0,32.0,0.0,0.0,0.0,0.0,0.0,0.0,0.0,0.0,0.0,0.0,0.0,0.0,0.0,0.0,0.0,0.0,0.0,0.0,0.0,0.0,0.0,0.0,0.0,0.0,0.0,0.0,0.0,0.0,0.0,0.0,0.0,0.0,0.0,0.0,0.0,0.0,0.0,0.0,2.0,7.0,0.0,2.0,7.0,20.0,8.0,9.0,11.0,17.0,36.0,19.0,0.0,0.0,0.0,0.0,0.0,0.0,0.0,0.0,0.0,0.0,0.0,0.0,0.0,0.0,0.0,0.0,0.0,0.0,2.0,8.0,0.0,2.0,7.0,28.0,13.0,12.0,17.0,26.0,49.0,25.0
792,1.0,792.0,London_291,dim5,151,453,1092.0,70.0,2.0,151755.0,1.0799754878971726,788.0,70.0,2.0,68.0,141.0,17.0,124.0,198.0,232.0,97.0,12.0,50.0,11.0,40.0,1.0,10.0,5.0,89.0,142.0,217.0,38.0,0.0,0.0,0.0,0.0,0.0,0.0,0.0,0.0,0.0,0.0,0.0,0.0,0.0,0.0,0.0,0.0,0.0,0.0,0.0,0.0,0.0,0.0,0.0,0.0,0.0,0.0,0.0,0.0,0.0,0.0,0.0,0.0,0.0,0.0,0.0,0.0,0.0,0.0,1.0,5.0,0.0,0.0,0.0,3.0,4.0,5.0,6.0,13.0,12.0,10.0,0.0,0.0,0.0,0.0,0.0,0.0,0.0,0.0,0.0,0.0,0.0,0.0,0.0,0.0,0.0,0.0,0.0,0.0,1.0,7.0,0.0,0.0,0.0,4.0,6.0,8.0,11.0,24.0,19.0,13.0
793,1.0,793.0,London_291,dim5,151,453,1092.0,70.0,2.0,162174.0,1.5572800980880857,811.0,134.0,2.0,132.0,252.0,18.0,234.0,141.0,249.0,98.0,10.0,50.0,13.0,30.0,1.0,2.0,10.0,97.0,126.0,220.0,35.0,0.0,0.0,0.0,0.0,0.0,0.0,0.0,0.0,0.0,0.0,0.0,0.0,0.0,0.0,0.0,0.0,0.0,0.0,0.0,0.0,0.0,0.0,0.0,0.0,0.0,0.0,0.0,0.0,0.0,0.0,0.0,2.0,0.0,0.0,1.0,0.0,0.0,0.0,2.0,4.0,0.0,7.0,11.0,24.0,1.0,4.0,14.0,24.0,37.0,21.0,0.0,0.0,0.0,0.0,0.0,0.0,0.0,0.0,0.0,0.0,0.0,5.0,0.0,0.0,4.0,0.0,0.0,0.0,3.0,4.0,0.0,11.0,11.0,36.0,3.0,5.0,16.0,36.0,51.0,25.0
794,1.0,794.0,London_291,dim5,151,453,1092.0,70.0,2.0,143601.0,0.905476284911856,770.0,30.0,0.0,30.0,55.0,0.0,55.0,252.0,207.0,109.0,26.0,66.0,12.0,29.0,1.0,3.0,10.0,92.0,145.0,206.0,33.0,0.0,0.0,0.0,0.0,0.0,0.0,0.0,0.0,0.0,0.0,0.0,0.0,0.0,0.0,0.0,0.0,0.0,0.0,0.0,0.0,0.0,0.0,0.0,0.0,0.0,0.0,0.0,0.0,0.0,0.0,0.0,0.0,0.0,0.0,0.0,0.0,0.0,0.0,1.0,1.0,0.0,0.0,0.0,2.0,2.0,1.0,3.0,5.0,9.0,3.0,0.0,0.0,0.0,0.0,0.0,0.0,0.0,0.0,0.0,0.0,0.0,0.0,0.0,0.0,0.0,0.0,0.0,0.0,1.0,1.0,0.0,0.0,0.0,4.0,5.0,1.0,5.0,8.0,13.0,3.0
795,1.0,795.0,London_291,dim5,151,453,1092.0,70.0,2.0,170781.0,1.4388413198757917,830.0,117.0,0.0,117.0,202.0,0.0,202.0,55.0,215.0,109.0,25.0,65.0,12.0,22.0,2.0,3.0,12.0,93.0,142.0,206.0,39.0,0.0,0.0,0.0,0.0,0.0,0.0,0.0,0.0,0.0,0.0,0.0,0.0,0.0,0.0,0.0,0.0,0.0,0.0,0.0,0.0,0.0,0.0,0.0,0.0,0.0,0.0,0.0,0.0,0.0,0.0,0.0,0.0,0.0,0.0,0.0,0.0,0.0,0.0,2.0,2.0,0.0,1.0,8.0,10.0,8.0,3.0,12.0,20.0,28.0,20.0,0.0,0.0,0.0,0.0,0.0,0.0,0.0,0.0,0.0,0.0,0.0,0.0,0.0,0.0,0.0,0.0,0.0,0.0,3.0,3.0,0.0,1.0,8.0,11.0,12.0,3.0,16.0,26.0,51.0,24.0
796,1.0,796.0,London_291,dim5,151,453,1092.0,70.0,2.0,157644.0,1.222084678011015,801.0,23.0,2.0,21.0,56.0,19.0,37.0,202.0,241.0,99.0,15.0,58.0,9.0,25.0,3.0,3.0,9.0,88.0,130.0,226.0,42.0,0.0,0.0,0.0,0.0,0.0,0.0,0.0,0.0,0.0,0.0,0.0,0.0,0.0,0.0,0.0,0.0,0.0,0.0,0.0,0.0,0.0,0.0,0.0,0.0,0.0,0.0,0.0,0.0,0.0,0.0,0.0,0.0,0.0,0.0,2.0,0.0,0.0,0.0,0.0,1.0,0.0,0.0,0.0,4.0,0.0,2.0,4.0,4.0,5.0,6.0,0.0,0.0,0.0,0.0,0.0,0.0,0.0,0.0,0.0,0.0,0.0,0.0,0.0,0.0,9.0,0.0,0.0,0.0,0.0,2.0,0.0,0.0,0.0,5.0,0.0,3.0,7.0,7.0,8.0,8.0
797,1.0,797.0,London_291,dim5,151,453,1092.0,70.0,2.0,194337.0,1.7056787151377648,882.0,83.0,0.0,83.0,158.0,0.0,158.0,56.0,245.0,96.0,15.0,63.0,9.0,18.0,4.0,3.0,7.0,93.0,139.0,214.0,42.0,0.0,0.0,0.0,0.0,0.0,0.0,0.0,0.0,0.0,0.0,0.0,0.0,0.0,0.0,0.0,0.0,0.0,0.0,0.0,0.0,0.0,0.0,0.0,0.0,0.0,0.0,0.0,0.0,0.0,0.0,0.0,0.0,0.0,0.0,0.0,0.0,0.0,0.0,2.0,9.0,0.0,1.0,4.0,8.0,9.0,4.0,10.0,23.0,20.0,30.0,0.0,0.0,0.0,0.0,0.0,0.0,0.0,0.0,0.0,0.0,0.0,0.0,0.0,0.0,0.0,0.0,0.0,0.0,2.0,14.0,0.0,2.0,6.0,9.0,13.0,4.0,13.0,33.0,32.0,41.0
798,1.0,798.0,London_291,dim5,151,453,1092.0,70.0,2.0,190713.0,1.5615115340333432,874.0,207.0,2.0,205.0,364.0,19.0,345.0,158.0,248.0,115.0,10.0,47.0,10.0,17.0,2.0,4.0,9.0,94.0,142.0,208.0,47.0,0.0,0.0,0.0,0.0,0.0,0.0,0.0,0.0,0.0,1.0,0.0,1.0,0.0,0.0,0.0,0.0,0.0,0.0,1.0,0.0,0.0,0.0,0.0,0.0,0.0,0.0,0.0,0.0,1.0,0.0,0.0,1.0,0.0,1.0,0.0,0.0,0.0,0.0,0.0,31.0,5.0,0.0,0.0,14.0,4.0,13.0,3.0,37.0,43.0,26.0,0.0,0.0,0.0,0.0,0.0,0.0,0.0,0.0,2.0,0.0,0.0,2.0,0.0,8.0,0.0,0.0,0.0,0.0,0.0,44.0,5.0,0.0,0.0,17.0,5.0,17.0,3.0,47.0,62.0,28.0
799,1.0,799.0,London_291,dim5,151,453,1092.0,70.0,2.0,130917.0,0.5457019149325788,742.0,6.0,0.0,6.0,9.0,0.0,9.0,356.0,143.0,133.0,26.0,109.0,9.0,25.0,3.0,5.0,4.0,66.0,153.0,230.0,42.0,0.0,0.0,0.0,0.0,0.0,0.0,0.0,0.0,0.0,0.0,0.0,0.0,0.0,0.0,0.0,0.0,0.0,0.0,0.0,0.0,0.0,0.0,0.0,0.0,0.0,0.0,0.0,0.0,0.0,0.0,0.0,0.0,0.0,0.0,0.0,0.0,0.0,0.0,0.0,0.0,0.0,0.0,0.0,0.0,0.0,1.0,0.0,2.0,0.0,2.0,0.0,0.0,0.0,0.0,0.0,0.0,0.0,0.0,0.0,0.0,0.0,0.0,0.0,0.0,0.0,0.0,0.0,0.0,0.0,0.0,0.0,0.0,0.0,0.0,0.0,1.0,0.0,4.0,0.0,3.0
800,1.0,800.0,London_291,dim5,151,453,1092.0,70.0,2.0,157644.0,0.9334164669271559,801.0,162.0,0.0,162.0,280.0,0.0,280.0,9.0,145.0,134.0,26.0,108.0,9.0,23.0,3.0,5.0,4.0,71.0,155.0,223.0,43.0,0.0,0.0,0.0,0.0,0.0,0.0,0.0,0.0,0.0,0.0,0.0,0.0,0.0,0.0,0.0,0.0,0.0,0.0,0.0,0.0,0.0,0.0,0.0,0.0,0.0,0.0,0.0,0.0,0.0,0.0,0.0,0.0,0.0,0.0,0.0,0.0,0.0,0.0,6.0,22.0,1.0,2.0,3.0,7.0,12.0,14.0,21.0,30.0,35.0,26.0,0.0,0.0,0.0,0.0,0.0,0.0,0.0,0.0,0.0,0.0,0.0,0.0,0.0,0.0,0.0,0.0,0.0,0.0,8.0,27.0,1.0,2.0,4.0,10.0,18.0,18.0,26.0,52.0,50.0,36.0
801,1.0,801.0,London_291,dim5,151,453,1092.0,70.0,2.0,104190.0,0.6892460121307522,683.0,112.0,0.0,112.0,186.0,0.0,186.0,280.0,168.0,129.0,18.0,98.0,1.0,30.0,2.0,7.0,6.0,66.0,157.0,224.0,50.0,0.0,0.0,0.0,0.0,0.0,0.0,0.0,0.0,0.0,0.0,0.0,0.0,0.0,0.0,0.0,0.0,0.0,0.0,0.0,0.0,0.0,0.0,0.0,0.0,0.0,0.0,0.0,0.0,0.0,0.0,0.0,0.0,0.0,0.0,0.0,0.0,0.0,0.0,6.0,9.0,1.0,3.0,0.0,6.0,7.0,15.0,13.0,28.0,20.0,26.0,0.0,0.0,0.0,0.0,0.0,0.0,0.0,0.0,0.0,0.0,0.0,0.0,0.0,0.0,0.0,0.0,0.0,0.0,8.0,13.0,1.0,7.0,0.0,10.0,10.0,22.0,18.0,40.0,28.0,36.0
802,1.0,802.0,London_291,dim5,151,453,1092.0,70.0,2.0,76557.0,0.5306775509379804,622.0,26.0,2.0,24.0,64.0,18.0,46.0,186.0,175.0,134.0,23.0,71.0,9.0,33.0,2.0,6.0,9.0,72.0,162.0,210.0,63.0,0.0,0.0,0.0,0.0,0.0,0.0,0.0,0.0,0.0,0.0,0.0,0.0,0.0,0.0,0.0,0.0,0.0,0.0,0.0,0.0,0.0,0.0,0.0,0.0,0.0,0.0,0.0,0.0,0.0,0.0,0.0,0.0,1.0,0.0,0.0,0.0,0.0,0.0,2.0,0.0,0.0,0.0,0.0,4.0,2.0,2.0,3.0,4.0,5.0,5.0,0.0,0.0,0.0,0.0,0.0,0.0,0.0,0.0,0.0,0.0,0.0,0.0,8.0,0.0,0.0,0.0,0.0,0.0,2.0,0.0,0.0,0.0,0.0,4.0,3.0,3.0,4.0,6.0,8.0,8.0
803,1.0,803.0,London_291,dim5,151,453,1092.0,70.0,2.0,86523.0,0.779971115058288,644.0,35.0,0.0,35.0,59.0,0.0,59.0,64.0,176.0,133.0,21.0,70.0,6.0,37.0,2.0,8.0,6.0,81.0,150.0,216.0,60.0,0.0,0.0,0.0,0.0,0.0,0.0,0.0,0.0,0.0,0.0,0.0,0.0,0.0,0.0,0.0,0.0,0.0,0.0,0.0,0.0,0.0,0.0,0.0,0.0,0.0,0.0,0.0,0.0,0.0,0.0,0.0,0.0,0.0,0.0,0.0,0.0,0.0,0.0,2.0,2.0,0.0,0.0,0.0,4.0,4.0,3.0,2.0,8.0,13.0,4.0,0.0,0.0,0.0,0.0,0.0,0.0,0.0,0.0,0.0,0.0,0.0,0.0,0.0,0.0,0.0,0.0,0.0,0.0,2.0,3.0,0.0,0.0,0.0,7.0,5.0,5.0,3.0,15.0,16.0,5.0
804,1.0,804.0,London_291,dim5,151,453,1092.0,70.0,2.0,98301.0,0.9135102168656886,670.0,42.0,2.0,40.0,94.0,20.0,74.0,59.0,179.0,126.0,25.0,66.0,7.0,40.0,2.0,8.0,5.0,76.0,153.0,219.0,58.0,0.0,0.0,0.0,0.0,0.0,0.0,0.0,0.0,0.0,0.0,0.0,0.0,0.0,0.0,0.0,0.0,0.0,0.0,0.0,0.0,0.0,0.0,0.0,0.0,0.0,0.0,0.0,0.0,0.0,1.0,0.0,1.0,0.0,1.0,2.0,0.0,0.0,0.0,1.0,3.0,0.0,0.0,0.0,8.0,5.0,3.0,3.0,5.0,11.0,8.0,0.0,0.0,0.0,0.0,0.0,0.0,0.0,0.0,0.0,2.0,0.0,7.0,0.0,7.0,6.0,0.0,0.0,0.0,1.0,3.0,0.0,0.0,0.0,9.0,6.0,5.0,3.0,10.0,14.0,12.0
805,1.0,805.0,London_291,dim5,151,453,1092.0,70.0,2.0,115515.0,1.012379197170958,708.0,86.0,2.0,84.0,176.0,18.0,158.0,94.0,184.0,131.0,27.0,67.0,7.0,29.0,0.0,8.0,3.0,82.0,149.0,219.0,44.0,0.0,0.0,0.0,0.0,0.0,0.0,0.0,0.0,0.0,0.0,0.0,0.0,0.0,0.0,0.0,0.0,0.0,0.0,0.0,0.0,0.0,0.0,0.0,0.0,0.0,0.0,0.0,0.0,0.0,0.0,0.0,0.0,0.0,0.0,0.0,0.0,0.0,0.0,1.0,2.0,0.0,0.0,2.0,6.0,5.0,3.0,19.0,23.0,11.0,20.0,0.0,0.0,0.0,0.0,0.0,0.0,0.0,0.0,0.0,0.0,0.0,0.0,0.0,0.0,0.0,0.0,0.0,0.0,1.0,3.0,0.0,0.0,3.0,11.0,6.0,5.0,23.0,36.0,18.0,28.0
806,1.0,806.0,London_291,dim5,151,453,1092.0,70.0,2.0,118686.0,0.7745019649155438,715.0,35.0,2.0,33.0,77.0,19.0,58.0,176.0,189.0,131.0,24.0,67.0,1.0,35.0,1.0,5.0,5.0,86.0,130.0,232.0,37.0,0.0,0.0,0.0,0.0,0.0,0.0,0.0,0.0,0.0,0.0,0.0,0.0,0.0,0.0,0.0,0.0,0.0,0.0,0.0,0.0,0.0,0.0,0.0,0.0,0.0,0.0,0.0,0.0,1.0,0.0,0.0,1.0,0.0,1.0,1.0,0.0,0.0,0.0,4.0,0.0,0.0,1.0,0.0,2.0,5.0,1.0,6.0,3.0,9.0,3.0,0.0,0.0,0.0,0.0,0.0,0.0,0.0,0.0,4.0,0.0,0.0,2.0,0.0,8.0,6.0,0.0,0.0,0.0,5.0,0.0,0.0,1.0,0.0,2.0,7.0,1.0,7.0,5.0,10.0,4.0
807,1.0,807.0,London_291,dim5,151,453,1092.0,70.0,2.0,144960.0,0.8306497388985008,773.0,5.0,1.0,4.0,13.0,8.0,5.0,77.0,188.0,135.0,23.0,55.0,3.0,39.0,1.0,9.0,6.0,89.0,122.0,236.0,44.0,0.0,0.0,0.0,0.0,0.0,0.0,0.0,0.0,0.0,0.0,0.0,0.0,0.0,0.0,0.0,0.0,0.0,0.0,0.0,0.0,0.0,0.0,0.0,0.0,0.0,0.0,0.0,0.0,0.0,0.0,0.0,1.0,1.0,0.0,1.0,0.0,0.0,0.0,1.0,1.0,0.0,0.0,0.0,0.0,2.0,0.0,0.0,1.0,1.0,1.0,0.0,0.0,0.0,0.0,0.0,0.0,0.0,0.0,0.0,0.0,0.0,3.0,5.0,0.0,2.0,0.0,0.0,0.0,1.0,1.0,0.0,0.0,0.0,0.0,3.0,0.0,0.0,1.0,1.0,2.0
808,1.0,808.0,London_291,dim5,151,453,1092.0,70.0,2.0,183012.0,1.713641463080421,857.0,93.0,0.0,93.0,155.0,0.0,155.0,13.0,189.0,138.0,23.0,52.0,3.0,37.0,1.0,10.0,3.0,85.0,126.0,239.0,40.0,0.0,0.0,0.0,0.0,0.0,0.0,0.0,0.0,0.0,0.0,0.0,0.0,0.0,0.0,0.0,0.0,0.0,0.0,0.0,0.0,0.0,0.0,0.0,0.0,0.0,0.0,0.0,0.0,0.0,0.0,0.0,0.0,0.0,0.0,0.0,0.0,0.0,0.0,3.0,3.0,0.0,2.0,0.0,13.0,5.0,5.0,8.0,20.0,21.0,15.0,0.0,0.0,0.0,0.0,0.0,0.0,0.0,0.0,0.0,0.0,0.0,0.0,0.0,0.0,0.0,0.0,0.0,0.0,4.0,4.0,0.0,2.0,0.0,16.0,7.0,6.0,12.0,30.0,33.0,20.0
809,1.0,809.0,London_291,dim5,151,453,1092.0,70.0,2.0,180294.0,1.1555601831059903,851.0,72.0,2.0,70.0,134.0,17.0,117.0,155.0,185.0,154.0,12.0,55.0,6.0,33.0,2.0,6.0,4.0,92.0,128.0,229.0,38.0,0.0,0.0,0.0,0.0,0.0,0.0,0.0,0.0,0.0,0.0,0.0,0.0,0.0,0.0,0.0,0.0,0.0,0.0,0.0,0.0,0.0,0.0,0.0,0.0,0.0,0.0,0.0,0.0,0.0,1.0,0.0,0.0,0.0,1.0,1.0,0.0,0.0,0.0,2.0,5.0,0.0,0.0,0.0,12.0,1.0,5.0,11.0,15.0,17.0,16.0,0.0,0.0,0.0,0.0,0.0,0.0,0.0,0.0,0.0,5.0,0.0,0.0,0.0,6.0,1.0,0.0,0.0,0.0,2.0,6.0,0.0,0.0,0.0,17.0,1.0,6.0,14.0,23.0,22.0,23.0
810,1.0,810.0,London_291,dim5,151,453,1092.0,70.0,2.0,192978.0,1.4595834359060973,879.0,116.0,0.0,116.0,206.0,0.0,206.0,134.0,187.0,155.0,17.0,50.0,11.0,25.0,1.0,7.0,8.0,91.0,129.0,225.0,51.0,0.0,0.0,0.0,0.0,0.0,0.0,0.0,0.0,0.0,0.0,0.0,0.0,0.0,0.0,0.0,0.0,0.0,0.0,0.0,0.0,0.0,0.0,0.0,0.0,0.0,0.0,0.0,0.0,0.0,0.0,0.0,0.0,0.0,0.0,0.0,0.0,0.0,0.0,2.0,13.0,0.0,2.0,0.0,13.0,16.0,10.0,5.0,25.0,29.0,20.0,0.0,0.0,0.0,0.0,0.0,0.0,0.0,0.0,0.0,0.0,0.0,0.0,0.0,0.0,0.0,0.0,0.0,0.0,2.0,18.0,0.0,2.0,0.0,16.0,22.0,16.0,6.0,43.0,41.0,26.0
811,1.0,811.0,London_291,dim5,151,453,1092.0,70.0,2.0,184371.0,1.3882722700946033,860.0,171.0,0.0,171.0,300.0,0.0,300.0,206.0,187.0,140.0,17.0,57.0,14.0,32.0,1.0,5.0,7.0,76.0,147.0,223.0,44.0,0.0,0.0,0.0,0.0,0.0,0.0,0.0,0.0,0.0,0.0,0.0,0.0,0.0,0.0,0.0,0.0,0.0,0.0,0.0,0.0,0.0,0.0,0.0,0.0,0.0,0.0,0.0,0.0,0.0,0.0,0.0,0.0,0.0,0.0,0.0,0.0,0.0,0.0,0.0,18.0,2.0,0.0,5.0,11.0,8.0,16.0,11.0,31.0,45.0,32.0,0.0,0.0,0.0,0.0,0.0,0.0,0.0,0.0,0.0,0.0,0.0,0.0,0.0,0.0,0.0,0.0,0.0,0.0,0.0,30.0,2.0,0.0,7.0,13.0,13.0,18.0,16.0,44.0,69.0,36.0
812,1.0,812.0,London_291,dim5,151,453,1092.0,70.0,2.0,148131.0,0.7775077500846237,780.0,70.0,0.0,70.0,128.0,0.0,128.0,300.0,187.0,112.0,17.0,86.0,8.0,28.0,2.0,13.0,11.0,71.0,159.0,212.0,40.0,0.0,0.0,0.0,0.0,0.0,0.0,0.0,0.0,0.0,0.0,0.0,0.0,0.0,0.0,0.0,0.0,0.0,0.0,0.0,0.0,0.0,0.0,0.0,0.0,0.0,0.0,0.0,0.0,0.0,0.0,0.0,0.0,0.0,0.0,0.0,0.0,0.0,0.0,2.0,2.0,2.0,0.0,0.0,7.0,6.0,3.0,6.0,12.0,20.0,12.0,0.0,0.0,0.0,0.0,0.0,0.0,0.0,0.0,0.0,0.0,0.0,0.0,0.0,0.0,0.0,0.0,0.0,0.0,2.0,2.0,3.0,0.0,0.0,11.0,8.0,6.0,10.0,18.0,28.0,15.0
813,1.0,813.0,London_291,dim5,151,453,1092.0,70.0,2.0,149037.0,0.9885878749191761,782.0,111.0,0.0,111.0,184.0,0.0,184.0,128.0,180.0,103.0,14.0,96.0,10.0,35.0,4.0,11.0,20.0,67.0,169.0,197.0,58.0,0.0,0.0,0.0,0.0,0.0,0.0,0.0,0.0,0.0,0.0,0.0,0.0,0.0,0.0,0.0,0.0,0.0,0.0,0.0,0.0,0.0,0.0,0.0,0.0,0.0,0.0,0.0,0.0,0.0,0.0,0.0,0.0,0.0,0.0,0.0,0.0,0.0,0.0,6.0,7.0,0.0,1.0,0.0,8.0,7.0,9.0,14.0,19.0,30.0,10.0,0.0,0.0,0.0,0.0,0.0,0.0,0.0,0.0,0.0,0.0,0.0,0.0,0.0,0.0,0.0,0.0,0.0,0.0,10.0,9.0,0.0,1.0,0.0,10.0,11.0,11.0,19.0,29.0,45.0,14.0
814,1.0,814.0,London_291,dim5,151,453,1092.0,70.0,2.0,133182.0,1.0519083489198238,747.0,71.0,0.0,71.0,123.0,0.0,123.0,184.0,171.0,111.0,17.0,95.0,11.0,36.0,3.0,9.0,23.0,76.0,160.0,194.0,63.0,0.0,0.0,0.0,0.0,0.0,0.0,0.0,0.0,0.0,0.0,0.0,0.0,0.0,0.0,0.0,0.0,0.0,0.0,0.0,0.0,0.0,0.0,0.0,0.0,0.0,0.0,0.0,0.0,0.0,0.0,0.0,0.0,0.0,0.0,0.0,0.0,0.0,0.0,0.0,0.0,0.0,0.0,0.0,2.0,5.0,3.0,8.0,10.0,17.0,16.0,0.0,0.0,0.0,0.0,0.0,0.0,0.0,0.0,0.0,0.0,0.0,0.0,0.0,0.0,0.0,0.0,0.0,0.0,0.0,0.0,0.0,0.0,0.0,2.0,7.0,4.0,10.0,15.0,21.0,25.0
815,1.0,815.0,London_291,dim5,151,453,1092.0,70.0,2.0,141336.0,1.380785845918581,765.0,82.0,2.0,80.0,151.0,20.0,131.0,123.0,176.0,131.0,26.0,79.0,11.0,22.0,3.0,5.0,23.0,79.0,159.0,192.0,71.0,0.0,0.0,0.0,0.0,0.0,0.0,0.0,0.0,0.0,0.0,0.0,0.0,0.0,0.0,0.0,0.0,0.0,0.0,0.0,0.0,0.0,0.0,0.0,0.0,0.0,0.0,0.0,0.0,0.0,0.0,0.0,2.0,0.0,0.0,1.0,0.0,0.0,0.0,3.0,2.0,1.0,0.0,0.0,3.0,6.0,5.0,16.0,17.0,13.0,17.0,0.0,0.0,0.0,0.0,0.0,0.0,0.0,0.0,0.0,0.0,0.0,7.0,0.0,0.0,4.0,0.0,0.0,0.0,3.0,5.0,1.0,0.0,0.0,4.0,7.0,7.0,21.0,25.0,16.0,24.0
816,1.0,816.0,London_291,dim5,151,453,1092.0,70.0,2.0,142242.0,1.019305001012981,767.0,78.0,1.0,77.0,145.0,10.0,135.0,151.0,185.0,133.0,31.0,60.0,14.0,23.0,3.0,4.0,13.0,71.0,149.0,220.0,59.0,0.0,0.0,0.0,0.0,0.0,0.0,0.0,0.0,0.0,0.0,0.0,0.0,0.0,0.0,0.0,0.0,0.0,0.0,0.0,0.0,0.0,0.0,0.0,0.0,0.0,0.0,0.0,0.0,0.0,0.0,0.0,0.0,0.0,0.0,0.0,0.0,0.0,0.0,0.0,3.0,2.0,0.0,1.0,6.0,10.0,3.0,13.0,12.0,27.0,18.0,0.0,0.0,0.0,0.0,0.0,0.0,0.0,0.0,0.0,0.0,0.0,0.0,0.0,0.0,0.0,0.0,0.0,0.0,0.0,4.0,2.0,0.0,1.0,6.0,12.0,5.0,19.0,18.0,38.0,25.0
817,1.0,817.0,London_291,dim5,151,453,1092.0,70.0,2.0,144054.0,0.9560227878391743,771.0,63.0,1.0,62.0,114.0,8.0,106.0,145.0,193.0,130.0,27.0,51.0,19.0,26.0,1.0,6.0,6.0,76.0,141.0,230.0,55.0,0.0,0.0,0.0,0.0,0.0,0.0,0.0,0.0,0.0,0.0,0.0,0.0,0.0,0.0,0.0,0.0,0.0,0.0,0.0,0.0,0.0,0.0,0.0,0.0,0.0,0.0,0.0,0.0,0.0,0.0,0.0,0.0,0.0,0.0,1.0,0.0,0.0,0.0,1.0,1.0,0.0,0.0,0.0,5.0,4.0,4.0,12.0,12.0,14.0,19.0,0.0,0.0,0.0,0.0,0.0,0.0,0.0,0.0,0.0,0.0,0.0,0.0,0.0,0.0,6.0,0.0,0.0,0.0,1.0,1.0,0.0,0.0,0.0,5.0,5.0,7.0,14.0,17.0,20.0,24.0
818,1.0,818.0,London_291,dim5,151,453,1092.0,70.0,2.0,152661.0,1.327377381036058,790.0,107.0,2.0,105.0,211.0,18.0,193.0,114.0,196.0,129.0,19.0,50.0,18.0,36.0,0.0,5.0,5.0,84.0,144.0,220.0,57.0,0.0,0.0,0.0,0.0,0.0,0.0,0.0,0.0,0.0,0.0,0.0,0.0,0.0,0.0,0.0,0.0,0.0,0.0,0.0,0.0,0.0,0.0,0.0,0.0,0.0,0.0,0.0,0.0,0.0,0.0,0.0,0.0,1.0,1.0,2.0,0.0,0.0,0.0,3.0,7.0,0.0,0.0,1.0,11.0,6.0,4.0,7.0,21.0,23.0,15.0,0.0,0.0,0.0,0.0,0.0,0.0,0.0,0.0,0.0,0.0,0.0,0.0,5.0,7.0,4.0,0.0,0.0,0.0,3.0,12.0,0.0,0.0,1.0,13.0,8.0,6.0,11.0,32.0,37.0,21.0
819,1.0,819.0,London_291,dim5,151,453,1092.0,70.0,2.0,142695.0,0.8013567358721048,768.0,12.0,2.0,10.0,37.0,18.0,19.0,211.0,200.0,124.0,16.0,65.0,11.0,28.0,0.0,9.0,5.0,85.0,138.0,225.0,53.0,0.0,0.0,0.0,0.0,0.0,0.0,0.0,0.0,0.0,0.0,0.0,0.0,0.0,0.0,0.0,0.0,0.0,0.0,0.0,0.0,0.0,0.0,0.0,0.0,0.0,0.0,0.0,0.0,0.0,0.0,0.0,0.0,0.0,1.0,0.0,0.0,0.0,0.0,1.0,2.0,0.0,0.0,0.0,1.0,1.0,0.0,0.0,4.0,1.0,2.0,0.0,0.0,0.0,0.0,0.0,0.0,0.0,0.0,0.0,0.0,0.0,0.0,0.0,7.0,0.0,0.0,0.0,0.0,1.0,4.0,0.0,0.0,0.0,1.0,1.0,0.0,0.0,6.0,2.0,3.0
820,1.0,820.0,London_291,dim5,151,453,1092.0,70.0,2.0,180747.0,1.3692556559108198,852.0,104.0,0.0,104.0,170.0,0.0,170.0,37.0,194.0,130.0,15.0,64.0,12.0,29.0,0.0,9.0,4.0,90.0,129.0,230.0,49.0,0.0,0.0,0.0,0.0,0.0,0.0,0.0,0.0,0.0,0.0,0.0,0.0,0.0,0.0,0.0,0.0,0.0,0.0,0.0,0.0,0.0,0.0,0.0,0.0,0.0,0.0,0.0,0.0,0.0,0.0,0.0,0.0,0.0,0.0,0.0,0.0,0.0,0.0,1.0,5.0,1.0,1.0,0.0,19.0,5.0,2.0,5.0,21.0,31.0,22.0,0.0,0.0,0.0,0.0,0.0,0.0,0.0,0.0,0.0,0.0,0.0,0.0,0.0,0.0,0.0,0.0,0.0,0.0,1.0,5.0,1.0,2.0,0.0,27.0,6.0,2.0,9.0,28.0,44.0,33.0
821,1.0,821.0,London_291,dim5,151,453,1092.0,70.0,2.0,171687.0,1.3436420380603522,832.0,123.0,0.0,123.0,213.0,0.0,213.0,170.0,197.0,126.0,19.0,56.0,11.0,32.0,1.0,11.0,8.0,84.0,128.0,233.0,48.0,0.0,0.0,0.0,0.0,0.0,0.0,0.0,0.0,0.0,0.0,0.0,0.0,0.0,0.0,0.0,0.0,0.0,0.0,0.0,0.0,0.0,0.0,0.0,0.0,0.0,0.0,0.0,0.0,0.0,0.0,0.0,0.0,0.0,0.0,0.0,0.0,0.0,0.0,0.0,6.0,1.0,0.0,0.0,7.0,11.0,11.0,9.0,24.0,29.0,25.0,0.0,0.0,0.0,0.0,0.0,0.0,0.0,0.0,0.0,0.0,0.0,0.0,0.0,0.0,0.0,0.0,0.0,0.0,0.0,11.0,1.0,0.0,0.0,12.0,15.0,14.0,12.0,43.0,48.0,30.0
822,1.0,822.0,London_291,dim5,151,453,1092.0,70.0,2.0,155832.0,1.2575771799311042,797.0,113.0,2.0,111.0,216.0,16.0,200.0,213.0,202.0,114.0,10.0,69.0,10.0,36.0,4.0,8.0,8.0,79.0,153.0,213.0,37.0,0.0,0.0,0.0,0.0,0.0,0.0,0.0,0.0,0.0,0.0,0.0,0.0,0.0,0.0,0.0,0.0,0.0,0.0,0.0,0.0,0.0,0.0,0.0,0.0,0.0,0.0,0.0,0.0,0.0,0.0,0.0,1.0,0.0,0.0,1.0,0.0,0.0,0.0,6.0,1.0,0.0,3.0,0.0,10.0,7.0,4.0,13.0,33.0,32.0,29.0,0.0,0.0,0.0,0.0,0.0,0.0,0.0,0.0,0.0,0.0,0.0,5.0,0.0,0.0,3.0,0.0,0.0,0.0,6.0,2.0,0.0,5.0,0.0,12.0,9.0,7.0,16.0,54.0,42.0,35.0
823,1.0,823.0,London_291,dim5,151,453,1092.0,70.0,2.0,144054.0,1.0679828780703247,771.0,76.0,2.0,74.0,155.0,19.0,136.0,216.0,211.0,120.0,16.0,59.0,5.0,35.0,1.0,6.0,6.0,97.0,142.0,208.0,48.0,0.0,0.0,0.0,0.0,0.0,0.0,0.0,0.0,0.0,0.0,0.0,0.0,0.0,0.0,0.0,0.0,0.0,0.0,0.0,0.0,0.0,0.0,0.0,0.0,0.0,0.0,0.0,0.0,0.0,0.0,0.0,0.0,0.0,0.0,1.0,0.0,0.0,0.0,4.0,0.0,0.0,1.0,2.0,12.0,5.0,5.0,6.0,10.0,20.0,21.0,0.0,0.0,0.0,0.0,0.0,0.0,0.0,0.0,0.0,0.0,0.0,0.0,0.0,0.0,3.0,0.0,0.0,0.0,6.0,0.0,0.0,1.0,2.0,16.0,6.0,9.0,10.0,14.0,26.0,26.0
824,1.0,824.0,London_291,dim5,151,453,1092.0,70.0,2.0,154926.0,1.5064491759985685,795.0,27.0,1.0,26.0,46.0,9.0,37.0,155.0,204.0,119.0,18.0,59.0,4.0,40.0,1.0,8.0,7.0,92.0,134.0,220.0,60.0,0.0,0.0,0.0,0.0,0.0,0.0,0.0,0.0,0.0,0.0,0.0,0.0,0.0,0.0,0.0,0.0,0.0,0.0,0.0,0.0,0.0,0.0,0.0,0.0,0.0,0.0,0.0,0.0,1.0,0.0,0.0,1.0,0.0,0.0,1.0,0.0,0.0,0.0,2.0,0.0,0.0,0.0,0.0,3.0,4.0,4.0,0.0,5.0,7.0,6.0,0.0,0.0,0.0,0.0,0.0,0.0,0.0,0.0,2.0,0.0,0.0,5.0,0.0,0.0,5.0,0.0,0.0,0.0,2.0,0.0,0.0,0.0,0.0,3.0,6.0,4.0,0.0,6.0,9.0,8.0
825,1.0,825.0,London_291,dim5,151,453,1092.0,70.0,2.0,187089.0,1.6193976809736341,866.0,123.0,0.0,123.0,226.0,0.0,226.0,46.0,197.0,119.0,19.0,64.0,5.0,42.0,0.0,7.0,4.0,90.0,137.0,222.0,59.0,0.0,0.0,0.0,0.0,0.0,0.0,0.0,0.0,0.0,0.0,0.0,0.0,0.0,0.0,0.0,0.0,0.0,0.0,0.0,0.0,0.0,0.0,0.0,0.0,0.0,0.0,0.0,0.0,0.0,0.0,0.0,0.0,0.0,0.0,0.0,0.0,0.0,0.0,1.0,0.0,2.0,2.0,0.0,22.0,8.0,14.0,10.0,23.0,38.0,26.0,0.0,0.0,0.0,0.0,0.0,0.0,0.0,0.0,0.0,0.0,0.0,0.0,0.0,0.0,0.0,0.0,0.0,0.0,1.0,0.0,3.0,4.0,0.0,30.0,8.0,19.0,12.0,40.0,58.0,38.0
826,1.0,826.0,London_291,dim5,151,453,1092.0,70.0,2.0,168516.0,1.1895401431247592,825.0,111.0,0.0,111.0,200.0,0.0,200.0,226.0,194.0,122.0,24.0,58.0,7.0,37.0,2.0,9.0,4.0,98.0,124.0,227.0,60.0,0.0,0.0,0.0,0.0,0.0,0.0,0.0,0.0,0.0,0.0,0.0,0.0,0.0,0.0,0.0,0.0,0.0,0.0,0.0,0.0,0.0,0.0,0.0,0.0,0.0,0.0,0.0,0.0,0.0,0.0,0.0,0.0,0.0,0.0,0.0,0.0,0.0,0.0,1.0,1.0,0.0,0.0,0.0,18.0,8.0,6.0,12.0,29.0,22.0,17.0,0.0,0.0,0.0,0.0,0.0,0.0,0.0,0.0,0.0,0.0,0.0,0.0,0.0,0.0,0.0,0.0,0.0,0.0,1.0,1.0,0.0,0.0,0.0,32.0,12.0,8.0,14.0,46.0,30.0,23.0
827,1.0,827.0,London_291,dim5,151,453,1092.0,70.0,2.0,157191.0,0.8328458070755005,800.0,16.0,0.0,16.0,28.0,0.0,28.0,200.0,206.0,110.0,11.0,76.0,4.0,34.0,3.0,9.0,10.0,93.0,159.0,191.0,50.0,0.0,0.0,0.0,0.0,0.0,0.0,0.0,0.0,0.0,0.0,0.0,0.0,0.0,0.0,0.0,0.0,0.0,0.0,0.0,0.0,0.0,0.0,0.0,0.0,0.0,0.0,0.0,0.0,0.0,0.0,0.0,0.0,0.0,0.0,0.0,0.0,0.0,0.0,0.0,1.0,0.0,0.0,0.0,3.0,2.0,1.0,1.0,5.0,2.0,4.0,0.0,0.0,0.0,0.0,0.0,0.0,0.0,0.0,0.0,0.0,0.0,0.0,0.0,0.0,0.0,0.0,0.0,0.0,0.0,2.0,0.0,0.0,0.0,4.0,2.0,2.0,1.0,9.0,3.0,7.0
828,1.0,828.0,London_291,dim5,151,453,1092.0,70.0,2.0,187995.0,1.2368759408127517,868.0,123.0,2.0,121.0,233.0,17.0,216.0,28.0,214.0,102.0,13.0,75.0,4.0,36.0,3.0,6.0,11.0,92.0,160.0,190.0,51.0,0.0,0.0,0.0,0.0,0.0,0.0,0.0,0.0,0.0,0.0,0.0,0.0,0.0,0.0,0.0,0.0,0.0,0.0,0.0,0.0,0.0,0.0,0.0,0.0,0.0,0.0,0.0,0.0,0.0,0.0,0.0,1.0,0.0,0.0,1.0,0.0,0.0,0.0,3.0,16.0,1.0,1.0,1.0,8.0,9.0,8.0,16.0,22.0,35.0,26.0,0.0,0.0,0.0,0.0,0.0,0.0,0.0,0.0,0.0,0.0,0.0,2.0,0.0,0.0,2.0,0.0,0.0,0.0,4.0,27.0,1.0,1.0,1.0,10.0,15.0,13.0,19.0,32.0,49.0,35.0
829,1.0,829.0,London_291,dim5,151,453,1092.0,70.0,2.0,176217.0,1.216193333035335,842.0,127.0,1.0,126.0,232.0,11.0,221.0,233.0,216.0,118.0,11.0,60.0,5.0,35.0,3.0,5.0,7.0,76.0,155.0,215.0,45.0,0.0,0.0,0.0,0.0,0.0,0.0,0.0,0.0,0.0,0.0,0.0,0.0,0.0,0.0,0.0,0.0,0.0,0.0,0.0,0.0,0.0,0.0,0.0,0.0,0.0,0.0,0.0,0.0,0.0,1.0,0.0,1.0,0.0,0.0,1.0,0.0,0.0,0.0,4.0,11.0,0.0,1.0,7.0,5.0,3.0,3.0,6.0,30.0,29.0,24.0,0.0,0.0,0.0,0.0,0.0,0.0,0.0,0.0,0.0,3.0,0.0,2.0,0.0,0.0,4.0,0.0,0.0,0.0,6.0,14.0,0.0,1.0,7.0,6.0,3.0,3.0,7.0,45.0,40.0,31.0
830,1.0,830.0,London_291,dim5,151,453,1092.0,70.0,2.0,153567.0,0.8418788290582597,792.0,91.0,1.0,90.0,156.0,9.0,147.0,232.0,206.0,109.0,19.0,70.0,3.0,39.0,1.0,6.0,4.0,72.0,156.0,221.0,33.0,0.0,0.0,0.0,0.0,0.0,0.0,0.0,0.0,0.0,0.0,0.0,0.0,0.0,0.0,0.0,0.0,0.0,0.0,0.0,0.0,0.0,0.0,0.0,0.0,0.0,0.0,0.0,0.0,0.0,0.0,0.0,0.0,1.0,0.0,1.0,0.0,0.0,0.0,5.0,0.0,0.0,2.0,0.0,8.0,9.0,1.0,7.0,15.0,15.0,23.0,0.0,0.0,0.0,0.0,0.0,0.0,0.0,0.0,0.0,0.0,0.0,0.0,7.0,0.0,1.0,0.0,0.0,0.0,5.0,0.0,0.0,3.0,0.0,9.0,13.0,2.0,9.0,23.0,24.0,30.0
831,1.0,831.0,London_291,dim5,151,453,1092.0,70.0,2.0,146319.0,0.9566723019815981,776.0,82.0,0.0,82.0,136.0,0.0,136.0,156.0,214.0,105.0,13.0,80.0,5.0,33.0,0.0,3.0,3.0,90.0,162.0,198.0,38.0,0.0,0.0,0.0,0.0,0.0,0.0,0.0,0.0,0.0,0.0,0.0,0.0,0.0,0.0,0.0,0.0,0.0,0.0,0.0,0.0,0.0,0.0,0.0,0.0,0.0,0.0,0.0,0.0,0.0,0.0,0.0,0.0,0.0,0.0,0.0,0.0,0.0,0.0,1.0,2.0,0.0,0.0,0.0,9.0,10.0,5.0,4.0,22.0,18.0,14.0,0.0,0.0,0.0,0.0,0.0,0.0,0.0,0.0,0.0,0.0,0.0,0.0,0.0,0.0,0.0,0.0,0.0,0.0,2.0,3.0,0.0,0.0,0.0,14.0,17.0,5.0,5.0,31.0,26.0,19.0
832,1.0,832.0,London_291,dim5,151,453,1092.0,70.0,2.0,146319.0,1.2941040568985045,776.0,32.0,3.0,29.0,77.0,25.0,52.0,136.0,217.0,94.0,16.0,77.0,6.0,34.0,4.0,5.0,5.0,86.0,162.0,200.0,56.0,0.0,0.0,0.0,0.0,0.0,0.0,0.0,0.0,0.0,0.0,0.0,0.0,0.0,0.0,0.0,0.0,0.0,0.0,0.0,0.0,0.0,0.0,0.0,0.0,0.0,0.0,0.0,0.0,0.0,0.0,0.0,0.0,1.0,1.0,0.0,0.0,0.0,0.0,2.0,1.0,0.0,1.0,0.0,4.0,2.0,1.0,5.0,8.0,11.0,8.0,0.0,0.0,0.0,0.0,0.0,0.0,0.0,0.0,0.0,0.0,0.0,0.0,6.0,6.0,0.0,0.0,0.0,0.0,2.0,1.0,0.0,1.0,0.0,6.0,3.0,1.0,6.0,11.0,18.0,11.0
833,1.0,833.0,London_291,dim5,151,453,1092.0,70.0,2.0,173952.0,1.3981520179659128,837.0,142.0,1.0,141.0,260.0,9.0,251.0,77.0,211.0,87.0,16.0,96.0,6.0,27.0,5.0,5.0,4.0,92.0,152.0,205.0,43.0,0.0,0.0,0.0,0.0,0.0,0.0,0.0,0.0,0.0,0.0,0.0,0.0,0.0,0.0,0.0,0.0,0.0,0.0,0.0,0.0,0.0,0.0,0.0,0.0,0.0,0.0,0.0,0.0,0.0,0.0,0.0,0.0,0.0,0.0,0.0,0.0,0.0,0.0,5.0,13.0,1.0,3.0,1.0,14.0,14.0,10.0,15.0,29.0,31.0,29.0,0.0,0.0,0.0,0.0,0.0,0.0,0.0,0.0,0.0,0.0,0.0,0.0,0.0,0.0,0.0,0.0,0.0,0.0,5.0,22.0,1.0,4.0,2.0,19.0,19.0,13.0,25.0,42.0,52.0,40.0
834,1.0,834.0,London_291,dim5,151,453,1092.0,70.0,2.0,141789.0,1.5940687030088156,766.0,90.0,2.0,88.0,167.0,17.0,150.0,260.0,201.0,103.0,16.0,86.0,6.0,31.0,5.0,5.0,9.0,70.0,168.0,206.0,34.0,0.0,0.0,0.0,0.0,0.0,0.0,0.0,0.0,0.0,0.0,0.0,0.0,0.0,0.0,0.0,0.0,0.0,0.0,0.0,0.0,0.0,0.0,0.0,0.0,0.0,0.0,0.0,0.0,0.0,0.0,0.0,0.0,0.0,0.0,0.0,0.0,0.0,0.0,0.0,1.0,0.0,1.0,3.0,7.0,5.0,1.0,13.0,20.0,17.0,14.0,0.0,0.0,0.0,0.0,0.0,0.0,0.0,0.0,0.0,0.0,0.0,0.0,0.0,0.0,0.0,0.0,0.0,0.0,0.0,1.0,0.0,1.0,3.0,8.0,7.0,1.0,17.0,29.0,28.0,19.0
835,1.0,835.0,London_291,dim5,151,453,1092.0,70.0,2.0,134541.0,1.346257430035621,750.0,112.0,2.0,110.0,197.0,18.0,179.0,167.0,209.0,115.0,9.0,73.0,9.0,32.0,2.0,4.0,8.0,78.0,161.0,206.0,43.0,0.0,0.0,0.0,0.0,0.0,0.0,0.0,0.0,0.0,0.0,0.0,0.0,0.0,0.0,0.0,0.0,0.0,0.0,0.0,0.0,0.0,0.0,0.0,0.0,0.0,0.0,0.0,0.0,0.0,0.0,0.0,2.0,0.0,0.0,1.0,0.0,0.0,0.0,6.0,3.0,0.0,2.0,0.0,8.0,6.0,1.0,13.0,22.0,25.0,20.0,0.0,0.0,0.0,0.0,0.0,0.0,0.0,0.0,0.0,0.0,0.0,8.0,0.0,0.0,3.0,0.0,0.0,0.0,8.0,4.0,0.0,2.0,0.0,15.0,8.0,2.0,21.0,32.0,34.0,23.0
836,1.0,836.0,London_291,dim5,151,453,1092.0,70.0,2.0,125028.0,1.1375056689139456,729.0,6.0,0.0,6.0,11.0,0.0,11.0,197.0,203.0,127.0,12.0,68.0,6.0,27.0,2.0,8.0,5.0,86.0,145.0,217.0,40.0,0.0,0.0,0.0,0.0,0.0,0.0,0.0,0.0,0.0,0.0,0.0,0.0,0.0,0.0,0.0,0.0,0.0,0.0,0.0,0.0,0.0,0.0,0.0,0.0,0.0,0.0,0.0,0.0,0.0,0.0,0.0,0.0,0.0,0.0,0.0,0.0,0.0,0.0,0.0,0.0,0.0,0.0,0.0,2.0,0.0,1.0,1.0,1.0,2.0,1.0,0.0,0.0,0.0,0.0,0.0,0.0,0.0,0.0,0.0,0.0,0.0,0.0,0.0,0.0,0.0,0.0,0.0,0.0,0.0,0.0,0.0,0.0,0.0,3.0,0.0,1.0,2.0,1.0,3.0,1.0
837,1.0,837.0,London_291,dim5,151,453,1092.0,70.0,2.0,157644.0,1.3121881070546806,801.0,37.0,0.0,37.0,68.0,0.0,68.0,11.0,201.0,122.0,12.0,71.0,6.0,29.0,2.0,10.0,6.0,86.0,147.0,214.0,41.0,0.0,0.0,0.0,0.0,0.0,0.0,0.0,0.0,0.0,0.0,0.0,0.0,0.0,0.0,0.0,0.0,0.0,0.0,0.0,0.0,0.0,0.0,0.0,0.0,0.0,0.0,0.0,0.0,0.0,0.0,0.0,0.0,0.0,0.0,0.0,0.0,0.0,0.0,6.0,1.0,0.0,1.0,0.0,3.0,4.0,3.0,4.0,11.0,5.0,6.0,0.0,0.0,0.0,0.0,0.0,0.0,0.0,0.0,0.0,0.0,0.0,0.0,0.0,0.0,0.0,0.0,0.0,0.0,7.0,1.0,0.0,2.0,0.0,3.0,9.0,4.0,7.0,13.0,7.0,6.0
838,1.0,838.0,London_291,dim5,151,453,1092.0,70.0,2.0,179388.0,1.925565681885928,849.0,150.0,2.0,148.0,263.0,19.0,244.0,68.0,213.0,127.0,9.0,57.0,4.0,33.0,2.0,8.0,6.0,85.0,152.0,210.0,45.0,0.0,0.0,0.0,0.0,0.0,0.0,0.0,0.0,0.0,0.0,0.0,0.0,0.0,0.0,0.0,0.0,0.0,0.0,0.0,0.0,0.0,0.0,0.0,0.0,0.0,0.0,0.0,0.0,0.0,0.0,0.0,0.0,0.0,0.0,2.0,0.0,0.0,0.0,6.0,2.0,3.0,0.0,11.0,16.0,12.0,10.0,17.0,41.0,33.0,27.0,0.0,0.0,0.0,0.0,0.0,0.0,0.0,0.0,0.0,0.0,0.0,0.0,0.0,0.0,7.0,0.0,0.0,0.0,7.0,2.0,3.0,0.0,13.0,24.0,15.0,11.0,23.0,54.0,40.0,35.0
839,1.0,839.0,London_291,dim5,151,453,1092.0,70.0,2.0,144507.0,0.7726207540836185,772.0,59.0,0.0,59.0,96.0,0.0,96.0,263.0,212.0,92.0,11.0,85.0,7.0,29.0,3.0,14.0,7.0,81.0,160.0,205.0,40.0,0.0,0.0,0.0,0.0,0.0,0.0,0.0,0.0,0.0,0.0,0.0,0.0,0.0,0.0,0.0,0.0,0.0,0.0,0.0,0.0,0.0,0.0,0.0,0.0,0.0,0.0,0.0,0.0,0.0,0.0,0.0,0.0,0.0,0.0,0.0,0.0,0.0,0.0,2.0,0.0,0.0,0.0,0.0,3.0,5.0,1.0,8.0,8.0,17.0,11.0,0.0,0.0,0.0,0.0,0.0,0.0,0.0,0.0,0.0,0.0,0.0,0.0,0.0,0.0,0.0,0.0,0.0,0.0,2.0,0.0,0.0,0.0,0.0,3.0,7.0,1.0,12.0,12.0,21.0,15.0
840,1.0,840.0,London_291,dim5,151,453,1092.0,70.0,2.0,156285.0,1.866753471782431,798.0,99.0,2.0,97.0,194.0,19.0,175.0,96.0,210.0,94.0,10.0,76.0,10.0,34.0,4.0,15.0,9.0,83.0,165.0,196.0,49.0,0.0,0.0,0.0,0.0,0.0,0.0,0.0,0.0,0.0,1.0,0.0,1.0,0.0,0.0,0.0,0.0,0.0,0.0,1.0,0.0,0.0,0.0,0.0,0.0,0.0,0.0,0.0,0.0,1.0,0.0,0.0,1.0,0.0,1.0,1.0,0.0,0.0,0.0,2.0,2.0,0.0,1.0,0.0,4.0,6.0,8.0,13.0,24.0,21.0,27.0,0.0,0.0,0.0,0.0,0.0,0.0,0.0,0.0,1.0,0.0,0.0,3.0,0.0,5.0,2.0,0.0,0.0,0.0,2.0,2.0,0.0,1.0,0.0,5.0,10.0,12.0,16.0,40.0,26.0,35.0
841,1.0,841.0,London_291,dim5,151,453,1092.0,70.0,2.0,141336.0,1.0782067070249468,765.0,86.0,0.0,86.0,150.0,0.0,150.0,187.0,216.0,102.0,12.0,65.0,10.0,32.0,3.0,13.0,5.0,79.0,145.0,224.0,51.0,0.0,0.0,0.0,0.0,0.0,0.0,0.0,0.0,0.0,0.0,0.0,0.0,0.0,0.0,0.0,0.0,0.0,0.0,0.0,0.0,0.0,0.0,0.0,0.0,0.0,0.0,0.0,0.0,0.0,0.0,0.0,0.0,0.0,0.0,0.0,0.0,0.0,0.0,3.0,0.0,1.0,0.0,0.0,18.0,9.0,8.0,6.0,16.0,27.0,22.0,0.0,0.0,0.0,0.0,0.0,0.0,0.0,0.0,0.0,0.0,0.0,0.0,0.0,0.0,0.0,0.0,0.0,0.0,3.0,0.0,1.0,0.0,0.0,29.0,14.0,12.0,6.0,21.0,37.0,27.0
842,1.0,842.0,London_291,dim5,151,453,1092.0,70.0,2.0,140430.0,0.9460779000073671,763.0,87.0,0.0,87.0,153.0,0.0,153.0,150.0,220.0,112.0,10.0,53.0,11.0,39.0,1.0,7.0,6.0,68.0,147.0,232.0,42.0,0.0,0.0,0.0,0.0,0.0,0.0,0.0,0.0,0.0,0.0,0.0,0.0,0.0,0.0,0.0,0.0,0.0,0.0,0.0,0.0,0.0,0.0,0.0,0.0,0.0,0.0,0.0,0.0,0.0,0.0,0.0,0.0,0.0,0.0,0.0,0.0,0.0,0.0,2.0,4.0,0.0,1.0,3.0,4.0,11.0,11.0,9.0,16.0,15.0,21.0,0.0,0.0,0.0,0.0,0.0,0.0,0.0,0.0,0.0,0.0,0.0,0.0,0.0,0.0,0.0,0.0,0.0,0.0,2.0,4.0,0.0,2.0,3.0,4.0,14.0,16.0,12.0,25.0,21.0,28.0
843,1.0,843.0,London_291,dim5,151,453,1092.0,70.0,2.0,148131.0,1.1811502161435783,780.0,92.0,0.0,92.0,149.0,0.0,149.0,153.0,219.0,127.0,10.0,33.0,13.0,42.0,2.0,7.0,5.0,81.0,148.0,219.0,43.0,0.0,0.0,0.0,0.0,0.0,0.0,0.0,0.0,0.0,0.0,0.0,0.0,0.0,0.0,0.0,0.0,0.0,0.0,0.0,0.0,0.0,0.0,0.0,0.0,0.0,0.0,0.0,0.0,0.0,0.0,0.0,0.0,0.0,0.0,0.0,0.0,0.0,0.0,4.0,1.0,0.0,2.0,2.0,6.0,9.0,8.0,5.0,10.0,20.0,17.0,0.0,0.0,0.0,0.0,0.0,0.0,0.0,0.0,0.0,0.0,0.0,0.0,0.0,0.0,0.0,0.0,0.0,0.0,4.0,2.0,0.0,4.0,3.0,10.0,13.0,10.0,6.0,11.0,29.0,22.0
844,1.0,844.0,London_291,dim5,151,453,1092.0,70.0,2.0,149037.0,0.8984641910064965,782.0,7.0,2.0,5.0,28.0,18.0,10.0,149.0,224.0,111.0,6.0,61.0,14.0,33.0,1.0,3.0,8.0,72.0,155.0,218.0,39.0,0.0,0.0,0.0,0.0,0.0,0.0,0.0,0.0,0.0,0.0,0.0,0.0,0.0,0.0,0.0,0.0,0.0,0.0,0.0,0.0,0.0,0.0,0.0,0.0,0.0,0.0,0.0,0.0,0.0,0.0,0.0,1.0,1.0,0.0,1.0,0.0,0.0,0.0,1.0,0.0,0.0,0.0,0.0,1.0,0.0,0.0,0.0,0.0,0.0,0.0,0.0,0.0,0.0,0.0,0.0,0.0,0.0,0.0,0.0,0.0,0.0,1.0,6.0,0.0,1.0,0.0,0.0,0.0,1.0,0.0,0.0,0.0,0.0,1.0,0.0,0.0,0.0,0.0,0.0,0.0
845,1.0,845.0,London_291,dim5,151,453,1092.0,70.0,2.0,189354.0,1.211495071882382,871.0,83.0,0.0,83.0,143.0,0.0,143.0,28.0,215.0,120.0,8.0,53.0,16.0,36.0,1.0,4.0,9.0,76.0,144.0,224.0,39.0,0.0,0.0,0.0,0.0,0.0,0.0,0.0,0.0,0.0,0.0,0.0,0.0,0.0,0.0,0.0,0.0,0.0,0.0,0.0,0.0,0.0,0.0,0.0,0.0,0.0,0.0,0.0,0.0,0.0,0.0,0.0,0.0,0.0,0.0,0.0,0.0,0.0,0.0,5.0,1.0,6.0,1.0,0.0,4.0,9.0,4.0,9.0,13.0,23.0,18.0,0.0,0.0,0.0,0.0,0.0,0.0,0.0,0.0,0.0,0.0,0.0,0.0,0.0,0.0,0.0,0.0,0.0,0.0,5.0,1.0,6.0,1.0,0.0,6.0,13.0,5.0,16.0,18.0,37.0,21.0
846,1.0,846.0,London_291,dim5,151,453,1092.0,70.0,2.0,188448.0,1.3922974769957364,869.0,131.0,2.0,129.0,241.0,20.0,221.0,143.0,207.0,134.0,8.0,40.0,16.0,40.0,0.0,8.0,10.0,71.0,156.0,216.0,40.0,0.0,0.0,0.0,0.0,0.0,0.0,0.0,0.0,0.0,0.0,0.0,0.0,0.0,0.0,0.0,0.0,0.0,0.0,0.0,0.0,0.0,0.0,0.0,0.0,0.0,0.0,0.0,0.0,0.0,0.0,0.0,2.0,0.0,1.0,2.0,0.0,0.0,0.0,9.0,22.0,1.0,2.0,5.0,5.0,4.0,6.0,16.0,25.0,30.0,19.0,0.0,0.0,0.0,0.0,0.0,0.0,0.0,0.0,0.0,0.0,0.0,10.0,0.0,6.0,8.0,0.0,0.0,0.0,10.0,30.0,2.0,2.0,5.0,6.0,8.0,8.0,23.0,33.0,37.0,23.0
847,1.0,847.0,London_291,dim5,151,453,1092.0,70.0,2.0,170781.0,0.9482831228524446,830.0,71.0,2.0,69.0,128.0,18.0,110.0,241.0,202.0,107.0,21.0,79.0,7.0,33.0,0.0,4.0,8.0,79.0,143.0,223.0,41.0,0.0,0.0,0.0,0.0,0.0,0.0,0.0,0.0,0.0,0.0,0.0,0.0,0.0,0.0,0.0,0.0,0.0,0.0,0.0,0.0,0.0,0.0,0.0,0.0,0.0,0.0,0.0,0.0,0.0,0.0,0.0,0.0,0.0,0.0,0.0,0.0,0.0,0.0,1.0,2.0,0.0,0.0,0.0,9.0,5.0,4.0,7.0,12.0,19.0,10.0,0.0,0.0,0.0,0.0,0.0,0.0,0.0,0.0,0.0,0.0,0.0,0.0,0.0,0.0,0.0,0.0,0.0,0.0,1.0,4.0,0.0,0.0,0.0,13.0,6.0,6.0,9.0,16.0,22.0,15.0
848,1.0,848.0,London_291,dim5,151,453,1092.0,70.0,2.0,182106.0,1.195838970830664,855.0,120.0,2.0,118.0,232.0,19.0,213.0,128.0,181.0,120.0,24.0,79.0,8.0,32.0,0.0,9.0,10.0,75.0,137.0,231.0,56.0,0.0,0.0,0.0,0.0,0.0,0.0,0.0,0.0,0.0,0.0,0.0,0.0,0.0,0.0,0.0,0.0,0.0,0.0,0.0,0.0,0.0,0.0,0.0,0.0,0.0,0.0,0.0,0.0,1.0,0.0,0.0,1.0,0.0,1.0,1.0,0.0,0.0,0.0,3.0,10.0,0.0,2.0,7.0,7.0,9.0,3.0,8.0,24.0,23.0,20.0,0.0,0.0,0.0,0.0,0.0,0.0,0.0,0.0,3.0,0.0,0.0,3.0,0.0,6.0,2.0,0.0,0.0,0.0,4.0,16.0,0.0,4.0,7.0,8.0,15.0,3.0,12.0,42.0,41.0,28.0
849,1.0,849.0,London_291,dim5,151,453,1092.0,70.0,2.0,166704.0,1.519971056142822,821.0,148.0,1.0,147.0,265.0,8.0,257.0,232.0,189.0,106.0,32.0,68.0,8.0,36.0,2.0,12.0,4.0,82.0,142.0,225.0,42.0,0.0,0.0,0.0,0.0,0.0,0.0,0.0,0.0,0.0,0.0,0.0,0.0,0.0,0.0,0.0,0.0,0.0,0.0,0.0,0.0,0.0,0.0,0.0,0.0,0.0,0.0,0.0,0.0,0.0,1.0,0.0,1.0,1.0,0.0,1.0,0.0,0.0,0.0,3.0,7.0,0.0,4.0,6.0,12.0,12.0,13.0,14.0,26.0,32.0,28.0,0.0,0.0,0.0,0.0,0.0,0.0,0.0,0.0,0.0,4.0,0.0,3.0,8.0,0.0,4.0,0.0,0.0,0.0,4.0,7.0,0.0,6.0,6.0,16.0,14.0,19.0,18.0,42.0,50.0,36.0
850,1.0,850.0,London_291,dim5,151,453,1092.0,70.0,2.0,128199.0,1.0351492969784886,736.0,93.0,0.0,93.0,154.0,0.0,154.0,265.0,186.0,129.0,16.0,67.0,15.0,33.0,1.0,6.0,5.0,70.0,147.0,231.0,40.0,0.0,0.0,0.0,0.0,0.0,0.0,0.0,0.0,0.0,0.0,0.0,0.0,0.0,0.0,0.0,0.0,0.0,0.0,0.0,0.0,0.0,0.0,0.0,0.0,0.0,0.0,0.0,0.0,0.0,0.0,0.0,0.0,0.0,0.0,0.0,0.0,0.0,0.0,0.0,4.0,0.0,5.0,0.0,5.0,8.0,5.0,10.0,16.0,19.0,17.0,0.0,0.0,0.0,0.0,0.0,0.0,0.0,0.0,0.0,0.0,0.0,0.0,0.0,0.0,0.0,0.0,0.0,0.0,0.0,6.0,0.0,6.0,0.0,6.0,9.0,7.0,17.0,22.0,28.0,24.0
851,1.0,851.0,London_291,dim5,151,453,1092.0,70.0,2.0,115968.0,1.1041977959685028,709.0,44.0,2.0,42.0,94.0,17.0,77.0,154.0,197.0,120.0,21.0,56.0,15.0,36.0,1.0,7.0,6.0,85.0,156.0,206.0,43.0,0.0,0.0,0.0,0.0,0.0,0.0,0.0,0.0,0.0,0.0,0.0,0.0,0.0,0.0,0.0,0.0,0.0,0.0,0.0,0.0,0.0,0.0,0.0,0.0,0.0,0.0,0.0,0.0,0.0,1.0,0.0,0.0,0.0,1.0,1.0,0.0,0.0,0.0,3.0,2.0,0.0,0.0,0.0,7.0,6.0,1.0,6.0,5.0,11.0,13.0,0.0,0.0,0.0,0.0,0.0,0.0,0.0,0.0,0.0,3.0,0.0,0.0,0.0,7.0,1.0,0.0,0.0,0.0,4.0,3.0,0.0,0.0,0.0,8.0,11.0,2.0,9.0,7.0,15.0,20.0
852,1.0,852.0,London_291,dim5,151,453,1092.0,70.0,2.0,139071.0,1.955090113915503,760.0,0.0,0.0,0.0,0.0,0.0,0.0,94.0,209.0,129.0,24.0,60.0,6.0,20.0,1.0,4.0,8.0,90.0,163.0,192.0,49.0,0.0,0.0,0.0,0.0,0.0,0.0,0.0,0.0,0.0,0.0,0.0,0.0,0.0,0.0,0.0,0.0,0.0,0.0,0.0,0.0,0.0,0.0,0.0,0.0,0.0,0.0,0.0,0.0,0.0,0.0,0.0,0.0,0.0,0.0,0.0,0.0,0.0,0.0,0.0,0.0,0.0,0.0,0.0,0.0,0.0,0.0,0.0,0.0,0.0,0.0,0.0,0.0,0.0,0.0,0.0,0.0,0.0,0.0,0.0,0.0,0.0,0.0,0.0,0.0,0.0,0.0,0.0,0.0,0.0,0.0,0.0,0.0,0.0,0.0,0.0,0.0,0.0,0.0,0.0,0.0
853,1.0,853.0,London_291,dim5,151,453,1092.0,70.0,2.0,192525.0,1.7381690018810332,878.0,107.0,0.0,107.0,188.0,0.0,188.0,0.0,209.0,129.0,24.0,60.0,6.0,20.0,1.0,4.0,8.0,90.0,163.0,192.0,49.0,0.0,0.0,0.0,0.0,0.0,0.0,0.0,0.0,0.0,0.0,0.0,0.0,0.0,0.0,0.0,0.0,0.0,0.0,0.0,0.0,0.0,0.0,0.0,0.0,0.0,0.0,0.0,0.0,0.0,0.0,0.0,0.0,0.0,0.0,0.0,0.0,0.0,0.0,2.0,5.0,0.0,0.0,3.0,8.0,1.0,5.0,12.0,21.0,12.0,17.0,0.0,0.0,0.0,0.0,0.0,0.0,0.0,0.0,0.0,0.0,0.0,0.0,0.0,0.0,0.0,0.0,0.0,0.0,2.0,5.0,0.0,0.0,3.0,13.0,1.0,8.0,16.0,30.0,19.0,23.0
854,1.0,854.0,London_291,dim5,151,453,1092.0,70.0,2.0,177123.0,1.460609374102205,844.0,123.0,0.0,123.0,214.0,0.0,214.0,188.0,224.0,123.0,22.0,53.0,7.0,22.0,1.0,1.0,5.0,82.0,158.0,208.0,44.0,0.0,0.0,0.0,0.0,0.0,0.0,0.0,0.0,0.0,0.0,0.0,0.0,0.0,0.0,0.0,0.0,0.0,0.0,0.0,0.0,0.0,0.0,0.0,0.0,0.0,0.0,0.0,0.0,0.0,0.0,0.0,0.0,0.0,0.0,0.0,0.0,0.0,0.0,0.0,4.0,0.0,1.0,12.0,10.0,8.0,5.0,8.0,19.0,35.0,16.0,0.0,0.0,0.0,0.0,0.0,0.0,0.0,0.0,0.0,0.0,0.0,0.0,0.0,0.0,0.0,0.0,0.0,0.0,0.0,6.0,0.0,1.0,13.0,12.0,11.0,8.0,13.0,27.0,45.0,17.0
855,1.0,855.0,London_291,dim5,151,453,1092.0,70.0,2.0,153567.0,1.1023570648394525,792.0,99.0,0.0,99.0,168.0,0.0,168.0,214.0,235.0,121.0,8.0,61.0,7.0,16.0,1.0,4.0,8.0,61.0,172.0,212.0,46.0,0.0,0.0,0.0,0.0,0.0,0.0,0.0,0.0,0.0,0.0,0.0,0.0,0.0,0.0,0.0,0.0,0.0,0.0,0.0,0.0,0.0,0.0,0.0,0.0,0.0,0.0,0.0,0.0,0.0,0.0,0.0,0.0,0.0,0.0,0.0,0.0,0.0,0.0,4.0,3.0,1.0,0.0,5.0,5.0,16.0,4.0,9.0,20.0,14.0,30.0,0.0,0.0,0.0,0.0,0.0,0.0,0.0,0.0,0.0,0.0,0.0,0.0,0.0,0.0,0.0,0.0,0.0,0.0,5.0,4.0,1.0,0.0,5.0,7.0,24.0,9.0,12.0,27.0,20.0,40.0
856,1.0,856.0,London_291,dim5,151,453,1092.0,70.0,2.0,136806.0,1.3684436418116093,755.0,58.0,0.0,58.0,103.0,0.0,103.0,168.0,239.0,125.0,13.0,47.0,8.0,16.0,2.0,3.0,9.0,73.0,165.0,206.0,44.0,0.0,0.0,0.0,0.0,0.0,0.0,0.0,0.0,0.0,0.0,0.0,0.0,0.0,0.0,0.0,0.0,0.0,0.0,0.0,0.0,0.0,0.0,0.0,0.0,0.0,0.0,0.0,0.0,0.0,0.0,0.0,0.0,0.0,0.0,0.0,0.0,0.0,0.0,1.0,4.0,0.0,0.0,0.0,4.0,8.0,3.0,9.0,10.0,15.0,16.0,0.0,0.0,0.0,0.0,0.0,0.0,0.0,0.0,0.0,0.0,0.0,0.0,0.0,0.0,0.0,0.0,0.0,0.0,1.0,5.0,0.0,0.0,0.0,5.0,11.0,3.0,14.0,14.0,21.0,22.0
857,1.0,857.0,London_291,dim5,151,453,1092.0,70.0,2.0,147678.0,1.3104894710704684,779.0,116.0,2.0,114.0,206.0,20.0,186.0,103.0,249.0,113.0,14.0,45.0,8.0,22.0,0.0,2.0,10.0,74.0,161.0,208.0,46.0,0.0,0.0,0.0,0.0,0.0,0.0,0.0,0.0,0.0,0.0,0.0,0.0,0.0,0.0,0.0,0.0,0.0,0.0,0.0,0.0,0.0,0.0,0.0,0.0,0.0,0.0,0.0,0.0,0.0,0.0,0.0,1.0,0.0,0.0,1.0,0.0,0.0,0.0,6.0,17.0,0.0,2.0,1.0,7.0,6.0,4.0,15.0,24.0,18.0,22.0,0.0,0.0,0.0,0.0,0.0,0.0,0.0,0.0,0.0,0.0,0.0,4.0,0.0,0.0,2.0,0.0,0.0,0.0,8.0,21.0,0.0,4.0,1.0,9.0,7.0,4.0,24.0,31.0,25.0,28.0
858,1.0,858.0,London_291,dim5,151,453,1092.0,70.0,2.0,130917.0,1.1485688458196819,742.0,120.0,1.0,119.0,219.0,10.0,209.0,206.0,246.0,103.0,14.0,53.0,10.0,22.0,1.0,4.0,9.0,78.0,148.0,218.0,33.0,0.0,0.0,0.0,0.0,0.0,0.0,0.0,0.0,0.0,0.0,0.0,0.0,0.0,0.0,0.0,0.0,0.0,0.0,0.0,0.0,0.0,0.0,0.0,0.0,0.0,0.0,0.0,0.0,0.0,0.0,0.0,0.0,0.0,0.0,0.0,0.0,0.0,0.0,3.0,13.0,3.0,2.0,10.0,8.0,11.0,3.0,7.0,26.0,23.0,29.0,0.0,0.0,0.0,0.0,0.0,0.0,0.0,0.0,0.0,0.0,0.0,0.0,0.0,0.0,0.0,0.0,0.0,0.0,3.0,16.0,3.0,4.0,11.0,11.0,15.0,3.0,11.0,40.0,32.0,39.0
859,1.0,859.0,London_291,dim5,151,453,1092.0,70.0,2.0,110079.0,1.7160790369380265,696.0,65.0,1.0,64.0,117.0,8.0,109.0,219.0,249.0,110.0,11.0,54.0,6.0,18.0,1.0,4.0,6.0,71.0,158.0,218.0,32.0,0.0,0.0,0.0,0.0,0.0,0.0,0.0,0.0,0.0,0.0,0.0,0.0,0.0,0.0,0.0,0.0,0.0,0.0,0.0,0.0,0.0,0.0,0.0,0.0,0.0,0.0,0.0,0.0,0.0,0.0,0.0,0.0,0.0,0.0,1.0,0.0,0.0,0.0,2.0,7.0,0.0,1.0,0.0,4.0,10.0,6.0,13.0,15.0,17.0,16.0,0.0,0.0,0.0,0.0,0.0,0.0,0.0,0.0,0.0,0.0,0.0,0.0,0.0,0.0,3.0,0.0,0.0,0.0,3.0,9.0,0.0,1.0,0.0,6.0,13.0,7.0,15.0,26.0,23.0,23.0
860,1.0,860.0,London_291,dim5,151,453,1092.0,70.0,2.0,112797.0,0.7485103118233383,702.0,8.0,2.0,6.0,28.0,18.0,10.0,117.0,258.0,108.0,17.0,41.0,10.0,12.0,2.0,5.0,9.0,76.0,143.0,225.0,26.0,0.0,0.0,0.0,0.0,0.0,0.0,0.0,0.0,0.0,0.0,0.0,0.0,0.0,0.0,0.0,0.0,0.0,0.0,0.0,0.0,0.0,0.0,0.0,0.0,0.0,0.0,0.0,0.0,0.0,0.0,0.0,0.0,1.0,1.0,2.0,0.0,0.0,0.0,1.0,0.0,0.0,0.0,0.0,3.0,0.0,0.0,2.0,2.0,1.0,1.0,0.0,0.0,0.0,0.0,0.0,0.0,0.0,0.0,0.0,0.0,0.0,0.0,7.0,8.0,6.0,0.0,0.0,0.0,2.0,0.0,0.0,0.0,0.0,3.0,0.0,0.0,2.0,3.0,1.0,1.0
861,1.0,861.0,London_291,dim5,151,453,1092.0,70.0,2.0,149490.0,0.9357132778968662,783.0,25.0,2.0,23.0,56.0,18.0,38.0,28.0,257.0,105.0,17.0,40.0,12.0,14.0,2.0,6.0,9.0,81.0,134.0,229.0,22.0,0.0,0.0,0.0,0.0,0.0,0.0,0.0,0.0,0.0,0.0,0.0,0.0,0.0,0.0,0.0,0.0,0.0,0.0,0.0,0.0,0.0,0.0,0.0,0.0,0.0,0.0,0.0,0.0,0.0,0.0,0.0,0.0,0.0,1.0,0.0,0.0,0.0,0.0,0.0,1.0,0.0,0.0,0.0,4.0,1.0,0.0,2.0,3.0,8.0,6.0,0.0,0.0,0.0,0.0,0.0,0.0,0.0,0.0,0.0,0.0,0.0,0.0,0.0,8.0,0.0,0.0,0.0,0.0,0.0,2.0,0.0,0.0,0.0,5.0,1.0,0.0,2.0,5.0,12.0,6.0
862,1.0,862.0,London_291,dim5,151,453,1092.0,70.0,2.0,183918.0,1.8287149590905756,859.0,47.0,0.0,47.0,84.0,0.0,84.0,56.0,244.0,112.0,20.0,40.0,13.0,18.0,2.0,4.0,8.0,84.0,128.0,233.0,21.0,0.0,0.0,0.0,0.0,0.0,0.0,0.0,0.0,0.0,0.0,0.0,0.0,0.0,0.0,0.0,0.0,0.0,0.0,0.0,0.0,0.0,0.0,0.0,0.0,0.0,0.0,0.0,0.0,0.0,0.0,0.0,0.0,0.0,0.0,0.0,0.0,0.0,0.0,1.0,3.0,0.0,0.0,0.0,11.0,1.0,9.0,7.0,7.0,6.0,16.0,0.0,0.0,0.0,0.0,0.0,0.0,0.0,0.0,0.0,0.0,0.0,0.0,0.0,0.0,0.0,0.0,0.0,0.0,1.0,4.0,0.0,0.0,0.0,14.0,2.0,15.0,10.0,10.0,8.0,21.0
863,1.0,863.0,London_291,dim5,151,453,1092.0,70.0,2.0,204303.0,1.931421235902235,904.0,172.0,0.0,172.0,303.0,0.0,303.0,84.0,240.0,124.0,12.0,45.0,13.0,15.0,1.0,3.0,11.0,80.0,126.0,236.0,24.0,0.0,0.0,0.0,0.0,0.0,0.0,0.0,0.0,0.0,0.0,0.0,0.0,0.0,0.0,0.0,0.0,0.0,0.0,0.0,0.0,0.0,0.0,0.0,0.0,0.0,0.0,0.0,0.0,0.0,0.0,0.0,0.0,0.0,0.0,0.0,0.0,0.0,0.0,9.0,27.0,0.0,5.0,8.0,11.0,10.0,8.0,13.0,19.0,38.0,24.0,0.0,0.0,0.0,0.0,0.0,0.0,0.0,0.0,0.0,0.0,0.0,0.0,0.0,0.0,0.0,0.0,0.0,0.0,11.0,38.0,0.0,7.0,9.0,12.0,12.0,10.0,16.0,35.0,52.0,31.0
864,1.0,864.0,London_291,dim5,151,453,1092.0,70.0,2.0,164892.0,0.921377212041989,817.0,149.0,2.0,147.0,272.0,16.0,256.0,303.0,185.0,125.0,25.0,87.0,7.0,20.0,0.0,4.0,8.0,83.0,143.0,219.0,38.0,0.0,0.0,0.0,0.0,0.0,0.0,0.0,0.0,0.0,0.0,0.0,0.0,0.0,0.0,0.0,0.0,0.0,0.0,0.0,0.0,0.0,0.0,0.0,0.0,0.0,0.0,0.0,0.0,0.0,0.0,0.0,0.0,0.0,0.0,0.0,0.0,0.0,0.0,3.0,4.0,1.0,4.0,2.0,19.0,13.0,8.0,19.0,27.0,29.0,26.0,0.0,0.0,0.0,0.0,0.0,0.0,0.0,0.0,0.0,0.0,0.0,0.0,0.0,0.0,0.0,0.0,0.0,0.0,3.0,5.0,2.0,5.0,3.0,30.0,20.0,10.0,28.0,38.0,45.0,37.0
865,1.0,865.0,London_291,dim5,151,453,1092.0,70.0,2.0,132276.0,0.7385984282009304,745.0,81.0,2.0,79.0,158.0,19.0,139.0,272.0,186.0,111.0,21.0,93.0,10.0,27.0,1.0,4.0,6.0,83.0,149.0,215.0,37.0,0.0,0.0,0.0,0.0,0.0,0.0,0.0,0.0,0.0,0.0,0.0,0.0,0.0,0.0,0.0,0.0,0.0,0.0,0.0,0.0,0.0,0.0,0.0,0.0,0.0,0.0,0.0,0.0,1.0,0.0,0.0,0.0,0.0,0.0,1.0,0.0,0.0,0.0,2.0,1.0,1.0,1.0,0.0,7.0,13.0,3.0,10.0,18.0,13.0,18.0,0.0,0.0,0.0,0.0,0.0,0.0,0.0,0.0,1.0,0.0,0.0,0.0,0.0,0.0,5.0,0.0,0.0,0.0,2.0,1.0,1.0,2.0,0.0,8.0,20.0,4.0,17.0,31.0,17.0,28.0
866,1.0,866.0,London_291,dim5,151,453,1092.0,70.0,2.0,131370.0,1.2254154570400715,743.0,48.0,1.0,47.0,94.0,9.0,85.0,158.0,181.0,111.0,16.0,107.0,10.0,25.0,0.0,3.0,9.0,83.0,149.0,212.0,52.0,0.0,0.0,0.0,0.0,0.0,0.0,0.0,0.0,0.0,0.0,0.0,0.0,0.0,0.0,0.0,0.0,0.0,0.0,0.0,0.0,0.0,0.0,0.0,0.0,0.0,0.0,0.0,0.0,1.0,0.0,0.0,1.0,0.0,0.0,1.0,0.0,0.0,0.0,1.0,2.0,1.0,1.0,0.0,3.0,1.0,6.0,2.0,15.0,11.0,11.0,0.0,0.0,0.0,0.0,0.0,0.0,0.0,0.0,1.0,0.0,0.0,7.0,0.0,0.0,5.0,0.0,0.0,0.0,1.0,3.0,1.0,1.0,0.0,7.0,1.0,11.0,3.0,20.0,17.0,14.0
867,1.0,867.0,London_291,dim5,151,453,1092.0,70.0,2.0,141789.0,0.9278021398931742,766.0,52.0,0.0,52.0,94.0,0.0,94.0,94.0,187.0,102.0,15.0,112.0,15.0,18.0,0.0,4.0,9.0,86.0,157.0,201.0,51.0,0.0,0.0,0.0,0.0,0.0,0.0,0.0,0.0,0.0,0.0,0.0,0.0,0.0,0.0,0.0,0.0,0.0,0.0,0.0,0.0,0.0,0.0,0.0,0.0,0.0,0.0,0.0,0.0,0.0,0.0,0.0,0.0,0.0,0.0,0.0,0.0,0.0,0.0,3.0,0.0,0.0,1.0,0.0,7.0,2.0,3.0,4.0,7.0,12.0,11.0,0.0,0.0,0.0,0.0,0.0,0.0,0.0,0.0,0.0,0.0,0.0,0.0,0.0,0.0,0.0,0.0,0.0,0.0,4.0,0.0,0.0,1.0,0.0,11.0,2.0,4.0,5.0,10.0,18.0,13.0
868,1.0,868.0,London_291,dim5,151,453,1092.0,70.0,2.0,151755.0,1.018992826109752,788.0,116.0,0.0,116.0,187.0,0.0,187.0,94.0,191.0,116.0,9.0,99.0,14.0,17.0,0.0,7.0,9.0,86.0,159.0,199.0,56.0,0.0,0.0,0.0,0.0,0.0,0.0,0.0,0.0,0.0,0.0,0.0,0.0,0.0,0.0,0.0,0.0,0.0,0.0,0.0,0.0,0.0,0.0,0.0,0.0,0.0,0.0,0.0,0.0,0.0,0.0,0.0,0.0,0.0,0.0,0.0,0.0,0.0,0.0,2.0,0.0,0.0,0.0,0.0,11.0,13.0,9.0,10.0,20.0,20.0,17.0,0.0,0.0,0.0,0.0,0.0,0.0,0.0,0.0,0.0,0.0,0.0,0.0,0.0,0.0,0.0,0.0,0.0,0.0,4.0,0.0,0.0,0.0,0.0,14.0,17.0,10.0,11.0,34.0,27.0,20.0
869,1.0,869.0,London_291,dim5,151,453,1092.0,70.0,2.0,145866.0,0.8395698689855635,775.0,52.0,0.0,52.0,92.0,0.0,92.0,187.0,202.0,111.0,11.0,99.0,8.0,14.0,2.0,6.0,10.0,93.0,170.0,180.0,53.0,0.0,0.0,0.0,0.0,0.0,0.0,0.0,0.0,0.0,0.0,0.0,0.0,0.0,0.0,0.0,0.0,0.0,0.0,0.0,0.0,0.0,0.0,0.0,0.0,0.0,0.0,0.0,0.0,0.0,0.0,0.0,0.0,0.0,0.0,0.0,0.0,0.0,0.0,1.0,0.0,0.0,2.0,0.0,2.0,6.0,2.0,3.0,8.0,12.0,7.0,0.0,0.0,0.0,0.0,0.0,0.0,0.0,0.0,0.0,0.0,0.0,0.0,0.0,0.0,0.0,0.0,0.0,0.0,1.0,0.0,0.0,3.0,0.0,2.0,10.0,3.0,4.0,11.0,17.0,9.0
870,1.0,870.0,London_291,dim5,151,453,1092.0,70.0,2.0,154926.0,1.1312079869676381,795.0,130.0,2.0,128.0,239.0,17.0,222.0,92.0,208.0,104.0,11.0,98.0,9.0,13.0,2.0,8.0,10.0,89.0,158.0,196.0,56.0,0.0,0.0,0.0,0.0,0.0,0.0,0.0,0.0,0.0,0.0,0.0,0.0,0.0,0.0,0.0,0.0,0.0,0.0,0.0,0.0,0.0,0.0,0.0,0.0,0.0,0.0,0.0,0.0,0.0,0.0,0.0,1.0,0.0,0.0,1.0,0.0,0.0,0.0,2.0,11.0,3.0,1.0,1.0,13.0,11.0,2.0,6.0,26.0,33.0,21.0,0.0,0.0,0.0,0.0,0.0,0.0,0.0,0.0,0.0,0.0,0.0,2.0,0.0,0.0,3.0,0.0,0.0,0.0,2.0,17.0,5.0,1.0,1.0,17.0,13.0,2.0,6.0,40.0,49.0,31.0
871,1.0,871.0,London_291,dim5,151,453,1092.0,70.0,2.0,129105.0,0.8219101170543581,738.0,55.0,1.0,54.0,107.0,11.0,96.0,239.0,205.0,119.0,12.0,75.0,8.0,20.0,4.0,10.0,9.0,83.0,143.0,218.0,49.0,0.0,0.0,0.0,0.0,0.0,0.0,0.0,0.0,0.0,0.0,0.0,0.0,0.0,0.0,0.0,0.0,0.0,0.0,0.0,0.0,0.0,0.0,0.0,0.0,0.0,0.0,0.0,0.0,0.0,1.0,0.0,0.0,0.0,0.0,1.0,0.0,0.0,0.0,1.0,2.0,0.0,0.0,0.0,6.0,8.0,4.0,6.0,14.0,9.0,7.0,0.0,0.0,0.0,0.0,0.0,0.0,0.0,0.0,0.0,2.0,0.0,0.0,0.0,0.0,1.0,0.0,0.0,0.0,1.0,2.0,0.0,0.0,0.0,8.0,9.0,5.0,9.0,22.0,15.0,8.0
872,1.0,872.0,London_291,dim5,151,453,1092.0,70.0,2.0,143148.0,0.9293712289072573,769.0,51.0,1.0,50.0,105.0,9.0,96.0,107.0,204.0,124.0,12.0,78.0,7.0,12.0,7.0,9.0,10.0,82.0,141.0,220.0,51.0,0.0,0.0,0.0,0.0,0.0,0.0,0.0,0.0,0.0,0.0,0.0,0.0,0.0,0.0,0.0,0.0,0.0,0.0,0.0,0.0,0.0,0.0,0.0,0.0,0.0,0.0,0.0,0.0,0.0,0.0,0.0,0.0,1.0,0.0,0.0,0.0,0.0,0.0,0.0,1.0,0.0,2.0,0.0,9.0,5.0,3.0,10.0,11.0,15.0,21.0,0.0,0.0,0.0,0.0,0.0,0.0,0.0,0.0,0.0,0.0,0.0,0.0,5.0,0.0,0.0,0.0,0.0,0.0,0.0,1.0,0.0,2.0,0.0,11.0,9.0,4.0,17.0,18.0,24.0,31.0
873,1.0,873.0,London_291,dim5,151,453,1092.0,70.0,2.0,158550.0,2.139869859907776,803.0,86.0,0.0,86.0,152.0,0.0,152.0,105.0,208.0,138.0,12.0,60.0,8.0,14.0,4.0,9.0,11.0,86.0,137.0,219.0,46.0,0.0,0.0,0.0,0.0,0.0,0.0,0.0,0.0,0.0,0.0,0.0,0.0,0.0,0.0,0.0,0.0,0.0,0.0,0.0,0.0,0.0,0.0,0.0,0.0,0.0,0.0,0.0,0.0,0.0,0.0,0.0,0.0,0.0,0.0,0.0,0.0,0.0,0.0,2.0,0.0,0.0,1.0,1.0,17.0,10.0,3.0,9.0,27.0,22.0,19.0,0.0,0.0,0.0,0.0,0.0,0.0,0.0,0.0,0.0,0.0,0.0,0.0,0.0,0.0,0.0,0.0,0.0,0.0,3.0,0.0,0.0,2.0,1.0,21.0,13.0,3.0,13.0,39.0,32.0,21.0
874,1.0,874.0,London_291,dim5,151,453,1092.0,70.0,2.0,156285.0,1.1160710689146072,798.0,95.0,3.0,92.0,180.0,25.0,155.0,152.0,217.0,126.0,10.0,57.0,6.0,20.0,8.0,9.0,13.0,84.0,143.0,213.0,47.0,0.0,0.0,0.0,0.0,0.0,0.0,0.0,0.0,0.0,0.0,0.0,0.0,0.0,0.0,0.0,0.0,0.0,0.0,0.0,0.0,0.0,0.0,0.0,0.0,0.0,0.0,0.0,0.0,0.0,0.0,0.0,1.0,1.0,1.0,1.0,0.0,0.0,0.0,4.0,1.0,0.0,3.0,3.0,13.0,6.0,13.0,9.0,14.0,19.0,17.0,0.0,0.0,0.0,0.0,0.0,0.0,0.0,0.0,0.0,0.0,0.0,2.0,7.0,8.0,2.0,0.0,0.0,0.0,4.0,1.0,0.0,4.0,3.0,17.0,9.0,15.0,12.0,21.0,27.0,21.0
875,1.0,875.0,London_291,dim5,151,453,1092.0,70.0,2.0,149037.0,1.3577760679181665,782.0,177.0,1.0,176.0,311.0,9.0,302.0,180.0,221.0,132.0,15.0,45.0,11.0,20.0,5.0,4.0,11.0,80.0,133.0,229.0,43.0,0.0,0.0,0.0,0.0,0.0,0.0,0.0,0.0,0.0,0.0,0.0,0.0,0.0,0.0,0.0,0.0,0.0,0.0,0.0,0.0,0.0,0.0,0.0,0.0,0.0,0.0,0.0,0.0,0.0,0.0,0.0,0.0,0.0,0.0,0.0,0.0,0.0,0.0,3.0,13.0,0.0,3.0,5.0,20.0,13.0,0.0,21.0,27.0,34.0,16.0,0.0,0.0,0.0,0.0,0.0,0.0,0.0,0.0,0.0,0.0,0.0,0.0,0.0,0.0,0.0,0.0,0.0,0.0,3.0,21.0,0.0,8.0,5.0,27.0,18.0,0.0,28.0,43.0,46.0,20.0
876,1.0,876.0,London_291,dim5,151,453,1092.0,70.0,2.0,104190.0,0.7055126540362835,683.0,5.0,2.0,3.0,22.0,17.0,5.0,311.0,185.0,113.0,17.0,98.0,7.0,30.0,0.0,3.0,8.0,87.0,148.0,210.0,51.0,0.0,0.0,0.0,0.0,0.0,0.0,0.0,0.0,0.0,0.0,0.0,0.0,0.0,0.0,0.0,0.0,0.0,0.0,0.0,0.0,0.0,0.0,0.0,0.0,0.0,0.0,0.0,0.0,0.0,0.0,0.0,0.0,0.0,0.0,0.0,0.0,0.0,0.0,0.0,0.0,0.0,0.0,0.0,0.0,0.0,0.0,0.0,0.0,0.0,0.0,0.0,0.0,0.0,0.0,0.0,0.0,0.0,0.0,0.0,0.0,0.0,0.0,0.0,0.0,0.0,0.0,0.0,0.0,0.0,0.0,0.0,0.0,0.0,0.0,0.0,0.0,0.0,0.0,0.0,0.0
877,1.0,877.0,London_291,dim5,151,453,1092.0,70.0,2.0,139071.0,0.840292725013569,760.0,2.0,2.0,0.0,18.0,18.0,0.0,22.0,184.0,113.0,18.0,104.0,6.0,25.0,0.0,3.0,8.0,91.0,137.0,217.0,52.0,0.0,0.0,0.0,0.0,0.0,0.0,0.0,0.0,0.0,0.0,0.0,0.0,0.0,0.0,0.0,0.0,0.0,0.0,0.0,0.0,0.0,0.0,0.0,0.0,0.0,0.0,0.0,0.0,0.0,0.0,0.0,1.0,0.0,0.0,1.0,0.0,0.0,0.0,0.0,0.0,0.0,0.0,0.0,0.0,0.0,0.0,0.0,0.0,0.0,0.0,0.0,0.0,0.0,0.0,0.0,0.0,0.0,0.0,0.0,0.0,0.0,2.0,0.0,0.0,1.0,0.0,0.0,0.0,0.0,0.0,0.0,0.0,0.0,0.0,0.0,0.0,0.0,0.0,0.0,0.0
878,1.0,878.0,London_291,dim5,151,453,1092.0,70.0,2.0,191166.0,1.4817439389880747,875.0,148.0,0.0,148.0,251.0,0.0,251.0,18.0,178.0,113.0,19.0,107.0,6.0,26.0,0.0,4.0,8.0,93.0,129.0,223.0,55.0,0.0,0.0,0.0,0.0,0.0,0.0,0.0,0.0,0.0,0.0,0.0,0.0,0.0,0.0,0.0,0.0,0.0,0.0,0.0,0.0,0.0,0.0,0.0,0.0,0.0,0.0,0.0,0.0,0.0,0.0,0.0,0.0,0.0,0.0,0.0,0.0,0.0,0.0,6.0,3.0,2.0,3.0,0.0,7.0,7.0,5.0,11.0,32.0,30.0,31.0,0.0,0.0,0.0,0.0,0.0,0.0,0.0,0.0,0.0,0.0,0.0,0.0,0.0,0.0,0.0,0.0,0.0,0.0,6.0,3.0,2.0,5.0,0.0,8.0,8.0,6.0,15.0,49.0,38.0,41.0
879,1.0,879.0,London_291,dim5,151,453,1092.0,70.0,2.0,160815.0,1.4982315690722317,808.0,119.0,0.0,119.0,207.0,0.0,207.0,251.0,194.0,91.0,23.0,97.0,8.0,30.0,2.0,8.0,9.0,95.0,144.0,205.0,49.0,0.0,0.0,0.0,0.0,0.0,0.0,0.0,0.0,0.0,0.0,0.0,0.0,0.0,0.0,0.0,0.0,0.0,0.0,0.0,0.0,0.0,0.0,0.0,0.0,0.0,0.0,0.0,0.0,0.0,0.0,0.0,0.0,0.0,0.0,0.0,0.0,0.0,0.0,0.0,5.0,0.0,3.0,4.0,11.0,6.0,6.0,15.0,25.0,24.0,20.0,0.0,0.0,0.0,0.0,0.0,0.0,0.0,0.0,0.0,0.0,0.0,0.0,0.0,0.0,0.0,0.0,0.0,0.0,0.0,6.0,0.0,3.0,4.0,12.0,8.0,7.0,18.0,38.0,32.0,24.0
880,1.0,880.0,London_291,dim5,151,453,1092.0,70.0,2.0,144960.0,1.8005172740668058,773.0,10.0,2.0,8.0,33.0,19.0,14.0,207.0,205.0,107.0,20.0,65.0,16.0,34.0,3.0,3.0,12.0,87.0,142.0,212.0,45.0,0.0,0.0,0.0,0.0,0.0,0.0,0.0,0.0,0.0,0.0,0.0,0.0,0.0,0.0,0.0,0.0,0.0,0.0,0.0,0.0,0.0,0.0,0.0,0.0,0.0,0.0,0.0,0.0,0.0,0.0,0.0,0.0,0.0,0.0,2.0,0.0,0.0,0.0,1.0,0.0,0.0,0.0,0.0,0.0,2.0,2.0,1.0,0.0,2.0,1.0,0.0,0.0,0.0,0.0,0.0,0.0,0.0,0.0,0.0,0.0,0.0,0.0,0.0,0.0,9.0,0.0,0.0,0.0,1.0,0.0,0.0,0.0,0.0,0.0,2.0,3.0,1.0,0.0,6.0,1.0
881,1.0,881.0,London_291,dim5,151,453,1092.0,70.0,2.0,181653.0,1.84662358998321,854.0,127.0,0.0,127.0,220.0,0.0,220.0,33.0,205.0,112.0,21.0,72.0,14.0,25.0,1.0,3.0,12.0,85.0,133.0,223.0,44.0,0.0,0.0,0.0,0.0,0.0,0.0,0.0,0.0,0.0,0.0,0.0,0.0,0.0,0.0,0.0,0.0,0.0,0.0,0.0,0.0,0.0,0.0,0.0,0.0,0.0,0.0,0.0,0.0,0.0,0.0,0.0,0.0,0.0,0.0,0.0,0.0,0.0,0.0,1.0,4.0,0.0,2.0,3.0,23.0,6.0,8.0,5.0,26.0,28.0,24.0,0.0,0.0,0.0,0.0,0.0,0.0,0.0,0.0,0.0,0.0,0.0,0.0,0.0,0.0,0.0,0.0,0.0,0.0,1.0,5.0,0.0,4.0,3.0,35.0,8.0,10.0,5.0,35.0,40.0,26.0
882,1.0,882.0,London_291,dim5,151,453,1092.0,70.0,2.0,163080.0,0.9448339361697435,813.0,10.0,2.0,8.0,32.0,19.0,13.0,220.0,216.0,122.0,10.0,60.0,12.0,30.0,2.0,1.0,7.0,80.0,138.0,228.0,49.0,0.0,0.0,0.0,0.0,0.0,0.0,0.0,0.0,0.0,1.0,0.0,1.0,0.0,0.0,0.0,0.0,0.0,0.0,1.0,0.0,0.0,0.0,0.0,0.0,0.0,0.0,0.0,0.0,1.0,0.0,0.0,1.0,0.0,1.0,1.0,0.0,0.0,0.0,0.0,0.0,0.0,0.0,0.0,1.0,0.0,1.0,1.0,1.0,2.0,0.0,0.0,0.0,0.0,0.0,0.0,0.0,0.0,0.0,2.0,0.0,0.0,2.0,0.0,6.0,3.0,0.0,0.0,0.0,0.0,0.0,0.0,0.0,0.0,2.0,0.0,2.0,2.0,2.0,3.0,0.0
883,1.0,883.0,London_291,dim5,151,453,1092.0,70.0,2.0,208380.0,2.060024084057659,913.0,154.0,0.0,154.0,264.0,0.0,264.0,25.0,217.0,115.0,13.0,65.0,13.0,27.0,2.0,1.0,7.0,81.0,132.0,233.0,50.0,0.0,0.0,0.0,0.0,0.0,0.0,0.0,0.0,0.0,0.0,0.0,0.0,0.0,0.0,0.0,0.0,0.0,0.0,0.0,0.0,0.0,0.0,0.0,0.0,0.0,0.0,0.0,0.0,0.0,0.0,0.0,0.0,0.0,0.0,0.0,0.0,0.0,0.0,0.0,16.0,0.0,6.0,0.0,15.0,0.0,4.0,6.0,30.0,26.0,27.0,0.0,0.0,0.0,0.0,0.0,0.0,0.0,0.0,0.0,0.0,0.0,0.0,0.0,0.0,0.0,0.0,0.0,0.0,0.0,21.0,0.0,9.0,0.0,21.0,0.0,5.0,6.0,43.0,35.0,35.0
884,1.0,884.0,London_291,dim5,151,453,1092.0,70.0,2.0,179388.0,1.8274833550676703,849.0,167.0,0.0,167.0,300.0,0.0,300.0,264.0,207.0,111.0,16.0,75.0,8.0,26.0,6.0,4.0,4.0,70.0,143.0,236.0,41.0,0.0,0.0,0.0,0.0,0.0,0.0,0.0,0.0,0.0,0.0,0.0,0.0,0.0,0.0,0.0,0.0,0.0,0.0,0.0,0.0,0.0,0.0,0.0,0.0,0.0,0.0,0.0,0.0,0.0,0.0,0.0,0.0,0.0,0.0,0.0,0.0,0.0,0.0,6.0,13.0,0.0,0.0,16.0,20.0,2.0,7.0,12.0,34.0,42.0,23.0,0.0,0.0,0.0,0.0,0.0,0.0,0.0,0.0,0.0,0.0,0.0,0.0,0.0,0.0,0.0,0.0,0.0,0.0,6.0,21.0,0.0,0.0,16.0,29.0,4.0,12.0,15.0,49.0,60.0,30.0
885,1.0,885.0,London_291,dim5,151,453,1092.0,70.0,2.0,136353.0,0.8866893518716097,754.0,65.0,0.0,65.0,112.0,0.0,112.0,300.0,172.0,123.0,21.0,92.0,8.0,24.0,1.0,12.0,4.0,73.0,145.0,231.0,36.0,0.0,0.0,0.0,0.0,0.0,0.0,0.0,0.0,0.0,0.0,0.0,0.0,0.0,0.0,0.0,0.0,0.0,0.0,0.0,0.0,0.0,0.0,0.0,0.0,0.0,0.0,0.0,0.0,0.0,0.0,0.0,0.0,0.0,0.0,0.0,0.0,0.0,0.0,7.0,1.0,0.0,0.0,0.0,4.0,3.0,4.0,4.0,14.0,13.0,4.0,0.0,0.0,0.0,0.0,0.0,0.0,0.0,0.0,0.0,0.0,0.0,0.0,0.0,0.0,0.0,0.0,0.0,0.0,9.0,1.0,0.0,0.0,0.0,6.0,4.0,5.0,6.0,24.0,16.0,5.0
886,1.0,886.0,London_291,dim5,151,453,1092.0,70.0,2.0,137259.0,1.1131701280828565,756.0,89.0,2.0,87.0,169.0,18.0,151.0,112.0,185.0,109.0,17.0,91.0,7.0,32.0,2.0,10.0,6.0,72.0,144.0,231.0,44.0,0.0,0.0,0.0,0.0,0.0,0.0,0.0,0.0,0.0,0.0,0.0,0.0,0.0,0.0,0.0,0.0,0.0,0.0,0.0,0.0,0.0,0.0,0.0,0.0,0.0,0.0,0.0,0.0,1.0,0.0,0.0,1.0,1.0,0.0,1.0,0.0,0.0,0.0,3.0,1.0,0.0,0.0,0.0,21.0,4.0,2.0,12.0,20.0,16.0,15.0,0.0,0.0,0.0,0.0,0.0,0.0,0.0,0.0,1.0,0.0,0.0,2.0,6.0,0.0,1.0,0.0,0.0,0.0,3.0,1.0,0.0,0.0,0.0,26.0,5.0,2.0,16.0,35.0,21.0,17.0
887,1.0,887.0,London_291,dim5,151,453,1092.0,70.0,2.0,122763.0,0.8050665380433202,724.0,39.0,0.0,39.0,61.0,0.0,61.0,169.0,185.0,114.0,6.0,94.0,13.0,34.0,2.0,5.0,5.0,70.0,141.0,237.0,53.0,0.0,0.0,0.0,0.0,0.0,0.0,0.0,0.0,0.0,0.0,0.0,0.0,0.0,0.0,0.0,0.0,0.0,0.0,0.0,0.0,0.0,0.0,0.0,0.0,0.0,0.0,0.0,0.0,0.0,0.0,0.0,0.0,0.0,0.0,0.0,0.0,0.0,0.0,1.0,0.0,0.0,0.0,0.0,5.0,2.0,2.0,8.0,5.0,9.0,7.0,0.0,0.0,0.0,0.0,0.0,0.0,0.0,0.0,0.0,0.0,0.0,0.0,0.0,0.0,0.0,0.0,0.0,0.0,1.0,0.0,0.0,0.0,0.0,7.0,3.0,2.0,10.0,7.0,14.0,9.0
888,1.0,888.0,London_291,dim5,151,453,1092.0,70.0,2.0,132276.0,1.4212537340354174,745.0,56.0,2.0,54.0,118.0,20.0,98.0,61.0,182.0,111.0,5.0,94.0,14.0,37.0,3.0,7.0,5.0,66.0,145.0,237.0,55.0,0.0,0.0,0.0,0.0,0.0,0.0,0.0,0.0,0.0,0.0,0.0,0.0,0.0,0.0,0.0,0.0,0.0,0.0,0.0,0.0,0.0,0.0,0.0,0.0,0.0,0.0,0.0,0.0,0.0,1.0,0.0,2.0,0.0,1.0,2.0,0.0,0.0,0.0,1.0,1.0,0.0,1.0,0.0,6.0,5.0,0.0,8.0,7.0,17.0,15.0,0.0,0.0,0.0,0.0,0.0,0.0,0.0,0.0,0.0,3.0,0.0,11.0,0.0,9.0,7.0,0.0,0.0,0.0,1.0,2.0,0.0,1.0,0.0,9.0,9.0,0.0,14.0,12.0,22.0,21.0
889,1.0,889.0,London_291,dim5,151,453,1092.0,70.0,2.0,143601.0,1.0223072071094066,770.0,79.0,2.0,77.0,148.0,18.0,130.0,118.0,200.0,117.0,12.0,75.0,12.0,30.0,0.0,7.0,5.0,66.0,150.0,232.0,49.0,0.0,0.0,0.0,0.0,0.0,0.0,0.0,0.0,0.0,0.0,0.0,0.0,0.0,0.0,0.0,0.0,0.0,0.0,0.0,0.0,0.0,0.0,0.0,0.0,0.0,0.0,0.0,0.0,0.0,0.0,0.0,0.0,0.0,0.0,0.0,0.0,0.0,0.0,3.0,0.0,0.0,0.0,0.0,4.0,1.0,1.0,6.0,13.0,12.0,21.0,0.0,0.0,0.0,0.0,0.0,0.0,0.0,0.0,0.0,0.0,0.0,0.0,0.0,0.0,0.0,0.0,0.0,0.0,3.0,0.0,0.0,0.0,0.0,6.0,1.0,2.0,7.0,19.0,18.0,27.0
890,1.0,890.0,London_291,dim5,151,453,1092.0,70.0,2.0,140883.0,1.0146356290206313,764.0,84.0,2.0,82.0,164.0,19.0,145.0,148.0,199.0,118.0,20.0,55.0,15.0,38.0,0.0,8.0,4.0,61.0,152.0,236.0,48.0,0.0,0.0,0.0,0.0,0.0,0.0,0.0,0.0,0.0,0.0,0.0,0.0,0.0,0.0,0.0,0.0,0.0,0.0,0.0,0.0,0.0,0.0,0.0,0.0,0.0,0.0,0.0,0.0,1.0,0.0,0.0,0.0,0.0,1.0,0.0,0.0,0.0,0.0,3.0,2.0,0.0,0.0,1.0,4.0,4.0,2.0,9.0,10.0,21.0,16.0,0.0,0.0,0.0,0.0,0.0,0.0,0.0,0.0,3.0,0.0,0.0,0.0,0.0,7.0,0.0,0.0,0.0,0.0,3.0,2.0,0.0,0.0,1.0,5.0,5.0,3.0,9.0,17.0,34.0,22.0
891,1.0,891.0,London_291,dim5,151,453,1092.0,70.0,2.0,143601.0,1.0742577239871025,770.0,107.0,1.0,106.0,199.0,8.0,191.0,164.0,201.0,118.0,8.0,58.0,15.0,44.0,1.0,8.0,5.0,68.0,140.0,240.0,55.0,0.0,0.0,0.0,0.0,0.0,0.0,0.0,0.0,0.0,0.0,0.0,0.0,0.0,0.0,0.0,0.0,0.0,0.0,0.0,0.0,0.0,0.0,0.0,0.0,0.0,0.0,0.0,0.0,0.0,1.0,0.0,1.0,1.0,0.0,1.0,0.0,0.0,0.0,1.0,11.0,1.0,1.0,2.0,14.0,6.0,6.0,13.0,21.0,24.0,31.0,0.0,0.0,0.0,0.0,0.0,0.0,0.0,0.0,0.0,3.0,0.0,3.0,6.0,0.0,4.0,0.0,0.0,0.0,1.0,17.0,1.0,1.0,2.0,17.0,7.0,7.0,17.0,33.0,37.0,41.0
892,1.0,892.0,London_291,dim5,151,453,1092.0,70.0,2.0,139524.0,1.1991872091311961,761.0,45.0,0.0,45.0,72.0,0.0,72.0,199.0,206.0,121.0,10.0,56.0,12.0,36.0,3.0,9.0,7.0,72.0,143.0,231.0,51.0,0.0,0.0,0.0,0.0,0.0,0.0,0.0,0.0,0.0,0.0,0.0,0.0,0.0,0.0,0.0,0.0,0.0,0.0,0.0,0.0,0.0,0.0,0.0,0.0,0.0,0.0,0.0,0.0,0.0,0.0,0.0,0.0,0.0,0.0,0.0,0.0,0.0,0.0,1.0,0.0,0.0,0.0,0.0,4.0,3.0,1.0,3.0,4.0,6.0,14.0,0.0,0.0,0.0,0.0,0.0,0.0,0.0,0.0,0.0,0.0,0.0,0.0,0.0,0.0,0.0,0.0,0.0,0.0,1.0,0.0,0.0,0.0,0.0,5.0,3.0,1.0,4.0,4.0,8.0,17.0
893,1.0,893.0,London_291,dim5,151,453,1092.0,70.0,2.0,162174.0,1.3558428520336747,811.0,3.0,2.0,1.0,19.0,17.0,2.0,72.0,210.0,121.0,10.0,56.0,9.0,35.0,1.0,11.0,8.0,73.0,144.0,228.0,54.0,0.0,0.0,0.0,0.0,0.0,0.0,0.0,0.0,0.0,0.0,0.0,0.0,0.0,0.0,0.0,0.0,0.0,0.0,0.0,0.0,0.0,0.0,0.0,0.0,0.0,0.0,0.0,0.0,0.0,1.0,0.0,0.0,0.0,1.0,0.0,0.0,0.0,0.0,0.0,0.0,0.0,0.0,0.0,0.0,0.0,0.0,0.0,0.0,0.0,0.0,0.0,0.0,0.0,0.0,0.0,0.0,0.0,0.0,0.0,7.0,0.0,0.0,0.0,6.0,0.0,0.0,0.0,0.0,0.0,0.0,0.0,0.0,0.0,0.0,0.0,0.0,0.0,0.0,0.0,0.0
894,1.0,894.0,London_291,dim5,151,453,1092.0,70.0,2.0,197055.0,2.1360763469710946,888.0,104.0,0.0,104.0,182.0,0.0,182.0,19.0,212.0,127.0,11.0,61.0,9.0,20.0,1.0,12.0,8.0,77.0,138.0,230.0,47.0,0.0,0.0,0.0,0.0,0.0,0.0,0.0,0.0,0.0,0.0,0.0,0.0,0.0,0.0,0.0,0.0,0.0,0.0,0.0,0.0,0.0,0.0,0.0,0.0,0.0,0.0,0.0,0.0,0.0,0.0,0.0,0.0,0.0,0.0,0.0,0.0,0.0,0.0,7.0,3.0,0.0,1.0,2.0,3.0,3.0,2.0,6.0,19.0,20.0,17.0,0.0,0.0,0.0,0.0,0.0,0.0,0.0,0.0,0.0,0.0,0.0,0.0,0.0,0.0,0.0,0.0,0.0,0.0,7.0,4.0,0.0,1.0,2.0,4.0,3.0,2.0,9.0,28.0,32.0,21.0
895,1.0,895.0,London_291,dim5,151,453,1092.0,70.0,2.0,197961.0,2.453810671111569,890.0,163.0,0.0,163.0,278.0,0.0,278.0,182.0,222.0,124.0,7.0,51.0,12.0,30.0,1.0,6.0,9.0,80.0,141.0,223.0,42.0,0.0,0.0,0.0,0.0,0.0,0.0,0.0,0.0,0.0,0.0,0.0,0.0,0.0,0.0,0.0,0.0,0.0,0.0,0.0,0.0,0.0,0.0,0.0,0.0,0.0,0.0,0.0,0.0,0.0,0.0,0.0,0.0,0.0,0.0,0.0,0.0,0.0,0.0,4.0,15.0,0.0,0.0,7.0,6.0,9.0,16.0,8.0,34.0,35.0,12.0,0.0,0.0,0.0,0.0,0.0,0.0,0.0,0.0,0.0,0.0,0.0,0.0,0.0,0.0,0.0,0.0,0.0,0.0,5.0,21.0,0.0,0.0,8.0,11.0,15.0,24.0,11.0,53.0,49.0,15.0
896,1.0,896.0,London_291,dim5,151,453,1092.0,70.0,2.0,160815.0,1.131940427934751,808.0,112.0,0.0,112.0,186.0,0.0,186.0,278.0,185.0,127.0,28.0,70.0,11.0,22.0,1.0,9.0,5.0,92.0,132.0,224.0,44.0,0.0,0.0,0.0,0.0,0.0,0.0,0.0,0.0,0.0,0.0,0.0,0.0,0.0,0.0,0.0,0.0,0.0,0.0,0.0,0.0,0.0,0.0,0.0,0.0,0.0,0.0,0.0,0.0,0.0,0.0,0.0,0.0,0.0,0.0,0.0,0.0,0.0,0.0,3.0,5.0,0.0,1.0,1.0,9.0,10.0,3.0,12.0,15.0,32.0,20.0,0.0,0.0,0.0,0.0,0.0,0.0,0.0,0.0,0.0,0.0,0.0,0.0,0.0,0.0,0.0,0.0,0.0,0.0,3.0,5.0,0.0,1.0,1.0,11.0,13.0,4.0,16.0,21.0,40.0,25.0
897,1.0,897.0,London_291,dim5,151,453,1092.0,70.0,2.0,149490.0,1.343494304921478,783.0,115.0,0.0,115.0,209.0,0.0,209.0,186.0,196.0,115.0,24.0,72.0,17.0,24.0,0.0,5.0,4.0,82.0,147.0,220.0,59.0,0.0,0.0,0.0,0.0,0.0,0.0,0.0,0.0,0.0,0.0,0.0,0.0,0.0,0.0,0.0,0.0,0.0,0.0,0.0,0.0,0.0,0.0,0.0,0.0,0.0,0.0,0.0,0.0,0.0,0.0,0.0,0.0,0.0,0.0,0.0,0.0,0.0,0.0,1.0,16.0,0.0,3.0,5.0,5.0,12.0,6.0,8.0,23.0,24.0,25.0,0.0,0.0,0.0,0.0,0.0,0.0,0.0,0.0,0.0,0.0,0.0,0.0,0.0,0.0,0.0,0.0,0.0,0.0,2.0,25.0,0.0,5.0,5.0,6.0,13.0,7.0,10.0,32.0,32.0,31.0
898,1.0,898.0,London_291,dim5,151,453,1092.0,70.0,2.0,133635.0,0.9939126849640161,748.0,47.0,0.0,47.0,78.0,0.0,78.0,209.0,208.0,114.0,18.0,65.0,17.0,25.0,1.0,5.0,8.0,78.0,155.0,212.0,40.0,0.0,0.0,0.0,0.0,0.0,0.0,0.0,0.0,0.0,0.0,0.0,0.0,0.0,0.0,0.0,0.0,0.0,0.0,0.0,0.0,0.0,0.0,0.0,0.0,0.0,0.0,0.0,0.0,0.0,0.0,0.0,0.0,0.0,0.0,0.0,0.0,0.0,0.0,1.0,0.0,0.0,2.0,0.0,2.0,5.0,1.0,7.0,9.0,6.0,13.0,0.0,0.0,0.0,0.0,0.0,0.0,0.0,0.0,0.0,0.0,0.0,0.0,0.0,0.0,0.0,0.0,0.0,0.0,1.0,0.0,0.0,2.0,0.0,2.0,7.0,1.0,8.0,15.0,9.0,16.0
899,1.0,899.0,London_291,dim5,151,453,1092.0,70.0,2.0,157191.0,1.1375024660956115,800.0,66.0,2.0,64.0,132.0,20.0,112.0,78.0,216.0,115.0,20.0,47.0,18.0,28.0,1.0,8.0,10.0,69.0,156.0,218.0,49.0,0.0,0.0,0.0,0.0,0.0,0.0,0.0,0.0,0.0,0.0,0.0,0.0,0.0,0.0,0.0,0.0,0.0,0.0,0.0,0.0,0.0,0.0,0.0,0.0,0.0,0.0,0.0,0.0,0.0,0.0,0.0,2.0,0.0,0.0,1.0,0.0,0.0,0.0,3.0,5.0,0.0,0.0,2.0,10.0,5.0,4.0,7.0,9.0,20.0,11.0,0.0,0.0,0.0,0.0,0.0,0.0,0.0,0.0,0.0,0.0,0.0,9.0,0.0,0.0,5.0,0.0,0.0,0.0,5.0,7.0,0.0,0.0,2.0,14.0,6.0,6.0,8.0,13.0,34.0,17.0
900,1.0,900.0,London_291,dim5,151,453,1092.0,70.0,2.0,172593.0,1.5784203759394586,834.0,23.0,1.0,22.0,48.0,10.0,38.0,132.0,233.0,110.0,9.0,52.0,11.0,28.0,2.0,8.0,6.0,78.0,149.0,220.0,41.0,0.0,0.0,0.0,0.0,0.0,0.0,0.0,0.0,0.0,0.0,0.0,0.0,0.0,0.0,0.0,0.0,0.0,0.0,0.0,0.0,0.0,0.0,0.0,0.0,0.0,0.0,0.0,0.0,0.0,0.0,0.0,0.0,0.0,0.0,0.0,0.0,0.0,0.0,0.0,1.0,0.0,0.0,0.0,2.0,0.0,1.0,4.0,4.0,6.0,6.0,0.0,0.0,0.0,0.0,0.0,0.0,0.0,0.0,0.0,0.0,0.0,0.0,0.0,0.0,0.0,0.0,0.0,0.0,0.0,1.0,0.0,0.0,0.0,3.0,0.0,2.0,4.0,6.0,9.0,9.0
901,1.0,901.0,London_291,dim5,151,453,1092.0,70.0,2.0,192072.0,1.6435672701336443,877.0,131.0,1.0,130.0,228.0,8.0,220.0,48.0,233.0,116.0,8.0,45.0,13.0,29.0,3.0,6.0,5.0,81.0,144.0,223.0,34.0,0.0,0.0,0.0,0.0,0.0,0.0,0.0,0.0,0.0,0.0,0.0,0.0,0.0,0.0,0.0,0.0,0.0,0.0,0.0,0.0,0.0,0.0,0.0,0.0,0.0,0.0,0.0,0.0,0.0,0.0,0.0,0.0,0.0,0.0,1.0,0.0,0.0,0.0,5.0,4.0,3.0,0.0,8.0,8.0,7.0,1.0,27.0,14.0,30.0,13.0,0.0,0.0,0.0,0.0,0.0,0.0,0.0,0.0,0.0,0.0,0.0,0.0,0.0,0.0,3.0,0.0,0.0,0.0,7.0,4.0,3.0,0.0,11.0,9.0,9.0,1.0,34.0,19.0,48.0,14.0
902,1.0,902.0,London_291,dim5,151,453,1092.0,70.0,2.0,169875.0,1.367975490167737,828.0,93.0,2.0,91.0,174.0,18.0,156.0,228.0,224.0,119.0,14.0,62.0,6.0,25.0,0.0,3.0,5.0,86.0,145.0,217.0,32.0,0.0,0.0,0.0,0.0,0.0,0.0,0.0,0.0,0.0,0.0,0.0,0.0,0.0,0.0,0.0,0.0,0.0,0.0,0.0,0.0,0.0,0.0,0.0,0.0,0.0,0.0,0.0,0.0,0.0,0.0,0.0,0.0,1.0,1.0,2.0,0.0,0.0,0.0,3.0,9.0,1.0,2.0,1.0,11.0,8.0,1.0,13.0,18.0,22.0,15.0,0.0,0.0,0.0,0.0,0.0,0.0,0.0,0.0,0.0,0.0,0.0,0.0,6.0,7.0,4.0,0.0,0.0,0.0,3.0,14.0,1.0,3.0,1.0,14.0,9.0,2.0,20.0,25.0,35.0,17.0
903,1.0,903.0,London_291,dim5,151,453,1092.0,70.0,2.0,161268.0,1.3863882459700108,809.0,163.0,2.0,161.0,304.0,18.0,286.0,174.0,229.0,107.0,17.0,61.0,3.0,33.0,0.0,3.0,4.0,91.0,126.0,232.0,41.0,0.0,0.0,0.0,0.0,0.0,0.0,0.0,0.0,0.0,0.0,0.0,0.0,0.0,0.0,0.0,0.0,0.0,0.0,0.0,0.0,0.0,0.0,0.0,0.0,0.0,0.0,0.0,0.0,0.0,0.0,0.0,0.0,0.0,1.0,0.0,0.0,0.0,0.0,6.0,10.0,0.0,2.0,23.0,30.0,2.0,6.0,15.0,34.0,37.0,13.0,0.0,0.0,0.0,0.0,0.0,0.0,0.0,0.0,0.0,0.0,0.0,0.0,0.0,8.0,0.0,0.0,0.0,0.0,6.0,13.0,0.0,3.0,24.0,47.0,3.0,8.0,17.0,59.0,53.0,16.0
904,1.0,904.0,London_291,dim5,151,453,1092.0,70.0,2.0,124575.0,0.8239059469196945,728.0,101.0,0.0,101.0,168.0,0.0,168.0,304.0,183.0,116.0,27.0,85.0,2.0,30.0,1.0,9.0,5.0,76.0,149.0,223.0,34.0,0.0,0.0,0.0,0.0,0.0,0.0,0.0,0.0,0.0,0.0,0.0,0.0,0.0,0.0,0.0,0.0,0.0,0.0,0.0,0.0,0.0,0.0,0.0,0.0,0.0,0.0,0.0,0.0,0.0,0.0,0.0,0.0,0.0,0.0,0.0,0.0,0.0,0.0,2.0,0.0,1.0,1.0,0.0,8.0,8.0,9.0,10.0,18.0,19.0,21.0,0.0,0.0,0.0,0.0,0.0,0.0,0.0,0.0,0.0,0.0,0.0,0.0,0.0,0.0,0.0,0.0,0.0,0.0,2.0,0.0,1.0,1.0,0.0,10.0,13.0,13.0,12.0,21.0,27.0,25.0
905,1.0,905.0,London_291,dim5,151,453,1092.0,70.0,2.0,115515.0,0.8970998078584671,708.0,39.0,0.0,39.0,80.0,0.0,80.0,168.0,195.0,131.0,16.0,65.0,6.0,37.0,1.0,2.0,10.0,82.0,142.0,219.0,48.0,0.0,0.0,0.0,0.0,0.0,0.0,0.0,0.0,0.0,0.0,0.0,0.0,0.0,0.0,0.0,0.0,0.0,0.0,0.0,0.0,0.0,0.0,0.0,0.0,0.0,0.0,0.0,0.0,0.0,0.0,0.0,0.0,0.0,0.0,0.0,0.0,0.0,0.0,2.0,0.0,1.0,0.0,0.0,4.0,4.0,2.0,1.0,6.0,8.0,8.0,0.0,0.0,0.0,0.0,0.0,0.0,0.0,0.0,0.0,0.0,0.0,0.0,0.0,0.0,0.0,0.0,0.0,0.0,3.0,0.0,1.0,0.0,0.0,8.0,7.0,3.0,2.0,9.0,12.0,11.0
906,1.0,906.0,London_291,dim5,151,453,1092.0,70.0,2.0,135447.0,1.0410813922062516,752.0,77.0,2.0,75.0,147.0,16.0,131.0,80.0,204.0,136.0,18.0,50.0,6.0,37.0,0.0,2.0,10.0,82.0,141.0,220.0,43.0,0.0,0.0,0.0,0.0,0.0,0.0,0.0,0.0,0.0,0.0,0.0,0.0,0.0,0.0,0.0,0.0,0.0,0.0,0.0,0.0,0.0,0.0,0.0,0.0,0.0,0.0,0.0,0.0,0.0,0.0,0.0,0.0,0.0,0.0,1.0,0.0,0.0,0.0,1.0,0.0,1.0,0.0,1.0,7.0,5.0,3.0,12.0,17.0,17.0,14.0,0.0,0.0,0.0,0.0,0.0,0.0,0.0,0.0,0.0,0.0,0.0,0.0,0.0,0.0,2.0,0.0,0.0,0.0,1.0,0.0,1.0,0.0,1.0,9.0,6.0,6.0,17.0,29.0,23.0,20.0
907,1.0,907.0,London_291,dim5,151,453,1092.0,70.0,2.0,139524.0,1.4848969599697739,761.0,10.0,2.0,8.0,32.0,19.0,13.0,147.0,203.0,155.0,16.0,42.0,6.0,26.0,2.0,3.0,8.0,85.0,144.0,216.0,47.0,0.0,0.0,0.0,0.0,0.0,0.0,0.0,0.0,0.0,0.0,0.0,0.0,0.0,0.0,0.0,0.0,0.0,0.0,0.0,0.0,0.0,0.0,0.0,0.0,0.0,0.0,0.0,0.0,0.0,0.0,0.0,0.0,0.0,0.0,0.0,0.0,0.0,0.0,1.0,0.0,0.0,0.0,0.0,1.0,1.0,2.0,2.0,2.0,1.0,1.0,0.0,0.0,0.0,0.0,0.0,0.0,0.0,0.0,0.0,0.0,0.0,0.0,0.0,0.0,0.0,0.0,0.0,0.0,1.0,0.0,0.0,0.0,0.0,1.0,2.0,2.0,2.0,4.0,2.0,2.0
908,1.0,908.0,London_291,dim5,151,453,1092.0,70.0,2.0,175311.0,1.151809249073267,840.0,78.0,1.0,77.0,138.0,9.0,129.0,32.0,196.0,154.0,20.0,44.0,4.0,31.0,1.0,3.0,7.0,78.0,139.0,229.0,39.0,0.0,0.0,0.0,0.0,0.0,0.0,0.0,0.0,0.0,0.0,0.0,0.0,0.0,0.0,0.0,0.0,0.0,0.0,0.0,0.0,0.0,0.0,0.0,0.0,0.0,0.0,0.0,0.0,1.0,0.0,0.0,1.0,0.0,0.0,1.0,0.0,0.0,0.0,4.0,2.0,0.0,2.0,11.0,6.0,3.0,7.0,15.0,15.0,20.0,15.0,0.0,0.0,0.0,0.0,0.0,0.0,0.0,0.0,1.0,0.0,0.0,4.0,0.0,0.0,4.0,0.0,0.0,0.0,5.0,3.0,0.0,3.0,13.0,7.0,7.0,12.0,22.0,23.0,27.0,17.0
909,1.0,909.0,London_291,dim5,151,453,1092.0,70.0,2.0,179388.0,1.221387651981786,849.0,112.0,0.0,112.0,192.0,0.0,192.0,138.0,195.0,171.0,17.0,38.0,4.0,27.0,1.0,0.0,4.0,85.0,124.0,240.0,37.0,0.0,0.0,0.0,0.0,0.0,0.0,0.0,0.0,0.0,0.0,0.0,0.0,0.0,0.0,0.0,0.0,0.0,0.0,0.0,0.0,0.0,0.0,0.0,0.0,0.0,0.0,0.0,0.0,0.0,0.0,0.0,0.0,0.0,0.0,0.0,0.0,0.0,0.0,1.0,3.0,1.0,0.0,0.0,14.0,6.0,7.0,12.0,26.0,25.0,13.0,0.0,0.0,0.0,0.0,0.0,0.0,0.0,0.0,0.0,0.0,0.0,0.0,0.0,0.0,0.0,0.0,0.0,0.0,1.0,3.0,1.0,0.0,0.0,21.0,8.0,10.0,17.0,41.0,36.0,16.0
910,1.0,910.0,London_291,dim5,151,453,1092.0,70.0,2.0,171234.0,2.073348728939891,831.0,178.0,0.0,178.0,302.0,0.0,302.0,192.0,201.0,151.0,15.0,50.0,5.0,25.0,0.0,6.0,3.0,86.0,126.0,238.0,31.0,0.0,0.0,0.0,0.0,0.0,0.0,0.0,0.0,0.0,0.0,0.0,0.0,0.0,0.0,0.0,0.0,0.0,0.0,0.0,0.0,0.0,0.0,0.0,0.0,0.0,0.0,0.0,0.0,0.0,0.0,0.0,0.0,0.0,0.0,0.0,0.0,0.0,0.0,3.0,2.0,1.0,0.0,2.0,42.0,9.0,8.0,14.0,34.0,47.0,31.0,0.0,0.0,0.0,0.0,0.0,0.0,0.0,0.0,0.0,0.0,0.0,0.0,0.0,0.0,0.0,0.0,0.0,0.0,4.0,2.0,1.0,0.0,3.0,51.0,13.0,11.0,18.0,49.0,66.0,39.0
911,1.0,911.0,London_291,dim5,151,453,1092.0,70.0,2.0,123216.0,0.6892816370818764,725.0,30.0,0.0,30.0,56.0,0.0,56.0,302.0,197.0,110.0,28.0,83.0,6.0,21.0,3.0,5.0,12.0,84.0,136.0,221.0,35.0,0.0,0.0,0.0,0.0,0.0,0.0,0.0,0.0,0.0,0.0,0.0,0.0,0.0,0.0,0.0,0.0,0.0,0.0,0.0,0.0,0.0,0.0,0.0,0.0,0.0,0.0,0.0,0.0,0.0,0.0,0.0,0.0,0.0,0.0,0.0,0.0,0.0,0.0,2.0,2.0,0.0,0.0,0.0,4.0,1.0,0.0,4.0,7.0,7.0,9.0,0.0,0.0,0.0,0.0,0.0,0.0,0.0,0.0,0.0,0.0,0.0,0.0,0.0,0.0,0.0,0.0,0.0,0.0,3.0,2.0,0.0,0.0,0.0,5.0,1.0,0.0,7.0,12.0,9.0,12.0
912,1.0,912.0,London_291,dim5,151,453,1092.0,70.0,2.0,149943.0,0.9330316139385104,784.0,103.0,2.0,101.0,186.0,17.0,169.0,56.0,207.0,109.0,28.0,75.0,7.0,19.0,3.0,5.0,14.0,81.0,144.0,214.0,46.0,0.0,0.0,0.0,0.0,0.0,0.0,0.0,0.0,0.0,0.0,0.0,0.0,0.0,0.0,0.0,0.0,0.0,0.0,0.0,0.0,0.0,0.0,0.0,0.0,0.0,0.0,0.0,0.0,0.0,0.0,0.0,1.0,0.0,0.0,2.0,0.0,0.0,0.0,3.0,14.0,2.0,0.0,0.0,12.0,10.0,10.0,9.0,10.0,24.0,20.0,0.0,0.0,0.0,0.0,0.0,0.0,0.0,0.0,0.0,0.0,0.0,4.0,0.0,0.0,5.0,0.0,0.0,0.0,4.0,22.0,3.0,0.0,0.0,17.0,12.0,12.0,14.0,17.0,33.0,30.0
913,1.0,913.0,London_291,dim5,151,453,1092.0,70.0,2.0,136353.0,1.559070107061416,754.0,56.0,1.0,55.0,111.0,11.0,100.0,186.0,211.0,105.0,31.0,76.0,3.0,19.0,1.0,7.0,11.0,75.0,150.0,217.0,40.0,0.0,0.0,0.0,0.0,0.0,0.0,0.0,0.0,0.0,0.0,0.0,0.0,0.0,0.0,0.0,0.0,0.0,0.0,0.0,0.0,0.0,0.0,0.0,0.0,0.0,0.0,0.0,0.0,0.0,1.0,0.0,0.0,0.0,0.0,1.0,0.0,0.0,0.0,2.0,5.0,0.0,2.0,0.0,5.0,4.0,4.0,7.0,11.0,16.0,16.0,0.0,0.0,0.0,0.0,0.0,0.0,0.0,0.0,0.0,2.0,0.0,0.0,0.0,0.0,4.0,0.0,0.0,0.0,3.0,7.0,0.0,3.0,0.0,5.0,7.0,5.0,11.0,15.0,23.0,23.0
914,1.0,914.0,London_291,dim5,151,453,1092.0,70.0,2.0,144507.0,1.0438316010404378,772.0,108.0,1.0,107.0,203.0,9.0,194.0,111.0,205.0,100.0,35.0,80.0,6.0,21.0,2.0,4.0,12.0,68.0,161.0,212.0,40.0,0.0,0.0,0.0,0.0,0.0,0.0,0.0,0.0,0.0,0.0,0.0,0.0,0.0,0.0,0.0,0.0,0.0,0.0,0.0,0.0,0.0,0.0,0.0,0.0,0.0,0.0,0.0,0.0,0.0,0.0,0.0,0.0,1.0,0.0,0.0,0.0,0.0,0.0,3.0,18.0,2.0,0.0,0.0,4.0,7.0,2.0,10.0,18.0,35.0,20.0,0.0,0.0,0.0,0.0,0.0,0.0,0.0,0.0,0.0,0.0,0.0,0.0,8.0,0.0,0.0,0.0,0.0,0.0,3.0,26.0,4.0,0.0,0.0,5.0,10.0,2.0,14.0,29.0,52.0,30.0
915,1.0,915.0,London_291,dim5,151,453,1092.0,70.0,2.0,129558.0,0.8362501310184598,739.0,54.0,0.0,54.0,89.0,0.0,89.0,203.0,205.0,119.0,29.0,58.0,12.0,25.0,1.0,4.0,5.0,72.0,154.0,222.0,37.0,0.0,0.0,0.0,0.0,0.0,0.0,0.0,0.0,0.0,0.0,0.0,0.0,0.0,0.0,0.0,0.0,0.0,0.0,0.0,0.0,0.0,0.0,0.0,0.0,0.0,0.0,0.0,0.0,0.0,0.0,0.0,0.0,0.0,0.0,0.0,0.0,0.0,0.0,2.0,0.0,0.0,1.0,0.0,1.0,10.0,2.0,13.0,10.0,10.0,14.0,0.0,0.0,0.0,0.0,0.0,0.0,0.0,0.0,0.0,0.0,0.0,0.0,0.0,0.0,0.0,0.0,0.0,0.0,3.0,0.0,0.0,1.0,0.0,2.0,16.0,3.0,18.0,14.0,13.0,16.0
916,1.0,916.0,London_291,dim5,151,453,1092.0,70.0,2.0,138165.0,1.0058035471010953,758.0,58.0,3.0,55.0,114.0,25.0,89.0,89.0,208.0,115.0,22.0,63.0,13.0,26.0,1.0,5.0,7.0,73.0,157.0,216.0,46.0,0.0,0.0,0.0,0.0,0.0,0.0,0.0,0.0,0.0,0.0,0.0,0.0,0.0,0.0,0.0,0.0,0.0,0.0,0.0,0.0,0.0,0.0,0.0,0.0,0.0,0.0,0.0,0.0,0.0,0.0,0.0,1.0,1.0,1.0,1.0,0.0,0.0,0.0,0.0,0.0,0.0,0.0,0.0,3.0,5.0,2.0,6.0,13.0,15.0,15.0,0.0,0.0,0.0,0.0,0.0,0.0,0.0,0.0,0.0,0.0,0.0,2.0,7.0,5.0,1.0,0.0,0.0,0.0,0.0,0.0,0.0,0.0,0.0,4.0,6.0,2.0,7.0,19.0,19.0,17.0
917,1.0,917.0,London_291,dim5,151,453,1092.0,70.0,2.0,145866.0,1.241547429934144,775.0,48.0,1.0,47.0,91.0,9.0,82.0,114.0,215.0,101.0,25.0,66.0,10.0,27.0,2.0,7.0,3.0,80.0,139.0,231.0,38.0,0.0,0.0,0.0,0.0,0.0,0.0,0.0,0.0,0.0,0.0,0.0,0.0,0.0,0.0,0.0,0.0,0.0,0.0,0.0,0.0,0.0,0.0,0.0,0.0,0.0,0.0,0.0,0.0,0.0,0.0,0.0,0.0,0.0,0.0,0.0,0.0,0.0,0.0,1.0,4.0,0.0,2.0,0.0,4.0,5.0,2.0,4.0,10.0,14.0,12.0,0.0,0.0,0.0,0.0,0.0,0.0,0.0,0.0,0.0,0.0,0.0,0.0,0.0,0.0,0.0,0.0,0.0,0.0,2.0,4.0,0.0,2.0,0.0,4.0,8.0,2.0,7.0,15.0,19.0,16.0
918,1.0,918.0,London_291,dim5,151,453,1092.0,70.0,2.0,166704.0,1.5296598409768194,821.0,182.0,2.0,180.0,335.0,17.0,318.0,91.0,216.0,102.0,26.0,60.0,11.0,27.0,4.0,7.0,4.0,85.0,143.0,221.0,40.0,0.0,0.0,0.0,0.0,0.0,0.0,0.0,0.0,0.0,0.0,0.0,0.0,0.0,0.0,0.0,0.0,0.0,0.0,0.0,0.0,0.0,0.0,0.0,0.0,0.0,0.0,0.0,0.0,0.0,0.0,0.0,0.0,0.0,0.0,0.0,0.0,0.0,0.0,2.0,9.0,0.0,7.0,0.0,15.0,12.0,3.0,5.0,38.0,48.0,25.0,0.0,0.0,0.0,0.0,0.0,0.0,0.0,0.0,0.0,0.0,0.0,0.0,0.0,0.0,0.0,0.0,0.0,0.0,4.0,11.0,0.0,12.0,0.0,23.0,16.0,6.0,5.0,57.0,69.0,31.0
919,1.0,919.0,London_291,dim5,151,453,1092.0,70.0,2.0,112344.0,0.632476732134819,701.0,48.0,2.0,46.0,100.0,18.0,82.0,335.0,157.0,121.0,17.0,108.0,11.0,30.0,1.0,8.0,10.0,68.0,158.0,217.0,43.0,0.0,0.0,0.0,0.0,0.0,0.0,0.0,0.0,0.0,0.0,0.0,0.0,0.0,0.0,0.0,0.0,0.0,0.0,0.0,0.0,0.0,0.0,0.0,0.0,0.0,0.0,0.0,0.0,0.0,0.0,0.0,2.0,0.0,0.0,1.0,0.0,0.0,0.0,1.0,0.0,0.0,0.0,0.0,5.0,2.0,3.0,7.0,8.0,9.0,11.0,0.0,0.0,0.0,0.0,0.0,0.0,0.0,0.0,0.0,0.0,0.0,5.0,0.0,0.0,7.0,0.0,0.0,0.0,1.0,0.0,0.0,0.0,0.0,7.0,2.0,3.0,10.0,14.0,13.0,15.0
920,1.0,920.0,London_291,dim5,151,453,1092.0,70.0,2.0,120045.0,0.7034756480716169,718.0,20.0,0.0,20.0,37.0,0.0,37.0,100.0,169.0,119.0,21.0,101.0,8.0,23.0,2.0,10.0,11.0,72.0,159.0,211.0,47.0,0.0,0.0,0.0,0.0,0.0,0.0,0.0,0.0,0.0,0.0,0.0,0.0,0.0,0.0,0.0,0.0,0.0,0.0,0.0,0.0,0.0,0.0,0.0,0.0,0.0,0.0,0.0,0.0,0.0,0.0,0.0,0.0,0.0,0.0,0.0,0.0,0.0,0.0,0.0,0.0,0.0,0.0,0.0,1.0,3.0,2.0,7.0,5.0,8.0,4.0,0.0,0.0,0.0,0.0,0.0,0.0,0.0,0.0,0.0,0.0,0.0,0.0,0.0,0.0,0.0,0.0,0.0,0.0,0.0,0.0,0.0,0.0,0.0,1.0,4.0,3.0,9.0,11.0,10.0,7.0
921,1.0,921.0,London_291,dim5,151,453,1092.0,70.0,2.0,145866.0,1.5803457740694284,775.0,87.0,0.0,87.0,153.0,0.0,153.0,37.0,171.0,120.0,21.0,101.0,8.0,23.0,0.0,9.0,11.0,77.0,151.0,214.0,50.0,0.0,0.0,0.0,0.0,0.0,0.0,0.0,0.0,0.0,0.0,0.0,0.0,0.0,0.0,0.0,0.0,0.0,0.0,0.0,0.0,0.0,0.0,0.0,0.0,0.0,0.0,0.0,0.0,0.0,0.0,0.0,0.0,0.0,0.0,0.0,0.0,0.0,0.0,3.0,9.0,0.0,1.0,0.0,8.0,4.0,5.0,13.0,13.0,29.0,8.0,0.0,0.0,0.0,0.0,0.0,0.0,0.0,0.0,0.0,0.0,0.0,0.0,0.0,0.0,0.0,0.0,0.0,0.0,5.0,13.0,0.0,1.0,0.0,8.0,5.0,11.0,18.0,19.0,42.0,8.0
922,1.0,922.0,London_291,dim5,151,453,1092.0,70.0,2.0,141789.0,1.2843981799669564,766.0,63.0,2.0,61.0,129.0,19.0,110.0,153.0,182.0,142.0,26.0,56.0,11.0,25.0,1.0,10.0,11.0,70.0,163.0,209.0,53.0,0.0,0.0,0.0,0.0,0.0,0.0,0.0,0.0,0.0,0.0,0.0,0.0,0.0,0.0,0.0,0.0,0.0,0.0,0.0,0.0,0.0,0.0,0.0,0.0,0.0,0.0,0.0,0.0,0.0,0.0,0.0,0.0,0.0,0.0,2.0,0.0,0.0,0.0,2.0,8.0,0.0,0.0,0.0,4.0,9.0,8.0,7.0,11.0,15.0,9.0,0.0,0.0,0.0,0.0,0.0,0.0,0.0,0.0,0.0,0.0,0.0,0.0,0.0,0.0,7.0,0.0,0.0,0.0,3.0,12.0,0.0,0.0,0.0,7.0,16.0,10.0,8.0,19.0,22.0,12.0
923,1.0,923.0,London_291,dim5,151,453,1092.0,70.0,2.0,164892.0,1.747897497145459,817.0,121.0,0.0,121.0,217.0,0.0,217.0,129.0,198.0,149.0,29.0,45.0,10.0,9.0,2.0,11.0,8.0,74.0,156.0,215.0,52.0,0.0,0.0,0.0,0.0,0.0,0.0,0.0,0.0,0.0,0.0,0.0,0.0,0.0,0.0,0.0,0.0,0.0,0.0,0.0,0.0,0.0,0.0,0.0,0.0,0.0,0.0,0.0,0.0,0.0,0.0,0.0,0.0,0.0,0.0,0.0,0.0,0.0,0.0,2.0,7.0,0.0,0.0,9.0,6.0,4.0,8.0,3.0,25.0,27.0,18.0,0.0,0.0,0.0,0.0,0.0,0.0,0.0,0.0,0.0,0.0,0.0,0.0,0.0,0.0,0.0,0.0,0.0,0.0,2.0,8.0,0.0,0.0,10.0,7.0,5.0,9.0,4.0,39.0,37.0,20.0
924,1.0,924.0,London_291,dim5,151,453,1092.0,70.0,2.0,144960.0,1.347443776903674,773.0,95.0,2.0,93.0,172.0,19.0,153.0,217.0,208.0,126.0,15.0,61.0,9.0,19.0,3.0,12.0,8.0,72.0,154.0,219.0,50.0,0.0,0.0,0.0,0.0,0.0,0.0,0.0,0.0,0.0,1.0,0.0,1.0,0.0,0.0,0.0,0.0,0.0,0.0,1.0,0.0,0.0,0.0,0.0,0.0,0.0,0.0,0.0,0.0,1.0,0.0,0.0,1.0,0.0,1.0,1.0,0.0,0.0,0.0,4.0,8.0,1.0,2.0,3.0,2.0,9.0,11.0,7.0,14.0,25.0,11.0,0.0,0.0,0.0,0.0,0.0,0.0,0.0,0.0,1.0,0.0,0.0,3.0,0.0,8.0,2.0,0.0,0.0,0.0,5.0,10.0,1.0,4.0,3.0,2.0,15.0,15.0,13.0,18.0,35.0,15.0
925,1.0,925.0,London_291,dim5,151,453,1092.0,70.0,2.0,128652.0,1.827940251911059,737.0,63.0,0.0,63.0,110.0,0.0,110.0,166.0,221.0,116.0,16.0,64.0,7.0,12.0,5.0,12.0,10.0,85.0,149.0,209.0,55.0,0.0,0.0,0.0,0.0,0.0,0.0,0.0,0.0,0.0,0.0,0.0,0.0,0.0,0.0,0.0,0.0,0.0,0.0,0.0,0.0,0.0,0.0,0.0,0.0,0.0,0.0,0.0,0.0,0.0,0.0,0.0,0.0,0.0,0.0,0.0,0.0,0.0,0.0,1.0,6.0,0.0,0.0,0.0,4.0,7.0,5.0,5.0,11.0,11.0,12.0,0.0,0.0,0.0,0.0,0.0,0.0,0.0,0.0,0.0,0.0,0.0,0.0,0.0,0.0,0.0,0.0,0.0,0.0,1.0,6.0,0.0,0.0,0.0,4.0,10.0,6.0,5.0,18.0,16.0,20.0
926,1.0,926.0,London_291,dim5,151,453,1092.0,70.0,2.0,134088.0,1.211948846001178,749.0,9.0,0.0,9.0,13.0,0.0,13.0,110.0,228.0,116.0,14.0,59.0,5.0,16.0,3.0,12.0,14.0,79.0,156.0,204.0,56.0,0.0,0.0,0.0,0.0,0.0,0.0,0.0,0.0,0.0,0.0,0.0,0.0,0.0,0.0,0.0,0.0,0.0,0.0,0.0,0.0,0.0,0.0,0.0,0.0,0.0,0.0,0.0,0.0,0.0,0.0,0.0,0.0,0.0,0.0,0.0,0.0,0.0,0.0,0.0,0.0,0.0,0.0,0.0,1.0,0.0,2.0,2.0,2.0,4.0,3.0,0.0,0.0,0.0,0.0,0.0,0.0,0.0,0.0,0.0,0.0,0.0,0.0,0.0,0.0,0.0,0.0,0.0,0.0,0.0,0.0,0.0,0.0,0.0,1.0,0.0,3.0,2.0,2.0,6.0,3.0
927,1.0,927.0,London_291,dim5,151,453,1092.0,70.0,2.0,168969.0,1.4900628060568124,826.0,59.0,0.0,59.0,110.0,0.0,110.0,13.0,232.0,117.0,13.0,53.0,6.0,17.0,3.0,12.0,14.0,81.0,153.0,205.0,55.0,0.0,0.0,0.0,0.0,0.0,0.0,0.0,0.0,0.0,0.0,0.0,0.0,0.0,0.0,0.0,0.0,0.0,0.0,0.0,0.0,0.0,0.0,0.0,0.0,0.0,0.0,0.0,0.0,0.0,0.0,0.0,0.0,0.0,0.0,0.0,0.0,0.0,0.0,0.0,2.0,1.0,0.0,0.0,8.0,3.0,4.0,9.0,11.0,8.0,12.0,0.0,0.0,0.0,0.0,0.0,0.0,0.0,0.0,0.0,0.0,0.0,0.0,0.0,0.0,0.0,0.0,0.0,0.0,0.0,3.0,1.0,0.0,0.0,10.0,6.0,4.0,14.0,15.0,9.0,15.0
928,1.0,928.0,London_291,dim5,151,453,1092.0,70.0,2.0,191166.0,1.7625214927829802,875.0,149.0,2.0,147.0,281.0,18.0,263.0,110.0,240.0,130.0,17.0,35.0,4.0,15.0,3.0,9.0,16.0,80.0,147.0,210.0,47.0,0.0,0.0,0.0,0.0,0.0,0.0,0.0,0.0,0.0,0.0,0.0,0.0,0.0,0.0,0.0,0.0,0.0,0.0,0.0,0.0,0.0,0.0,0.0,0.0,0.0,0.0,0.0,0.0,0.0,0.0,0.0,1.0,0.0,0.0,0.0,0.0,0.0,0.0,0.0,27.0,0.0,0.0,14.0,6.0,0.0,1.0,6.0,29.0,34.0,17.0,0.0,0.0,0.0,0.0,0.0,0.0,0.0,0.0,0.0,0.0,0.0,3.0,0.0,0.0,0.0,0.0,0.0,0.0,0.0,40.0,0.0,0.0,14.0,9.0,0.0,2.0,7.0,43.0,50.0,19.0
929,1.0,929.0,London_291,dim5,151,453,1092.0,70.0,2.0,161721.0,1.2784630360547453,810.0,189.0,0.0,189.0,311.0,0.0,311.0,281.0,196.0,129.0,24.0,74.0,6.0,15.0,1.0,8.0,7.0,78.0,145.0,223.0,42.0,0.0,0.0,0.0,0.0,0.0,0.0,0.0,0.0,0.0,0.0,0.0,0.0,0.0,0.0,0.0,0.0,0.0,0.0,0.0,0.0,0.0,0.0,0.0,0.0,0.0,0.0,0.0,0.0,0.0,0.0,0.0,0.0,0.0,0.0,0.0,0.0,0.0,0.0,3.0,6.0,0.0,0.0,10.0,12.0,4.0,3.0,9.0,40.0,49.0,17.0,0.0,0.0,0.0,0.0,0.0,0.0,0.0,0.0,0.0,0.0,0.0,0.0,0.0,0.0,0.0,0.0,0.0,0.0,3.0,8.0,0.0,0.0,11.0,15.0,5.0,4.0,14.0,58.0,66.0,24.0
930,1.0,930.0,London_291,dim5,151,453,1092.0,70.0,2.0,104190.0,0.6040177738759667,683.0,26.0,2.0,24.0,59.0,20.0,39.0,311.0,192.0,104.0,24.0,94.0,8.0,18.0,2.0,11.0,9.0,81.0,146.0,217.0,45.0,0.0,0.0,0.0,0.0,0.0,0.0,0.0,0.0,0.0,0.0,0.0,0.0,0.0,0.0,0.0,0.0,0.0,0.0,0.0,0.0,0.0,0.0,0.0,0.0,0.0,0.0,0.0,0.0,0.0,1.0,0.0,2.0,0.0,1.0,2.0,0.0,0.0,0.0,1.0,0.0,0.0,0.0,0.0,2.0,1.0,0.0,1.0,5.0,7.0,2.0,0.0,0.0,0.0,0.0,0.0,0.0,0.0,0.0,0.0,6.0,0.0,5.0,0.0,5.0,11.0,0.0,0.0,0.0,1.0,0.0,0.0,0.0,0.0,3.0,2.0,0.0,1.0,6.0,8.0,2.0
931,1.0,931.0,London_291,dim5,151,453,1092.0,70.0,2.0,139524.0,0.6562241830397397,761.0,18.0,2.0,16.0,45.0,18.0,27.0,59.0,190.0,112.0,25.0,98.0,2.0,14.0,2.0,10.0,8.0,83.0,155.0,207.0,46.0,0.0,0.0,0.0,0.0,0.0,0.0,0.0,0.0,0.0,0.0,0.0,0.0,0.0,0.0,0.0,0.0,0.0,0.0,0.0,0.0,0.0,0.0,0.0,0.0,0.0,0.0,0.0,0.0,0.0,0.0,0.0,0.0,0.0,0.0,0.0,0.0,0.0,0.0,0.0,0.0,0.0,0.0,0.0,2.0,0.0,1.0,1.0,1.0,4.0,5.0,0.0,0.0,0.0,0.0,0.0,0.0,0.0,0.0,0.0,0.0,0.0,0.0,0.0,0.0,0.0,0.0,0.0,0.0,0.0,0.0,0.0,0.0,0.0,2.0,0.0,1.0,1.0,1.0,5.0,7.0
932,1.0,932.0,London_291,dim5,151,453,1092.0,70.0,2.0,173499.0,0.9062650809064507,836.0,55.0,2.0,53.0,110.0,19.0,91.0,45.0,182.0,117.0,24.0,98.0,4.0,16.0,1.0,11.0,8.0,85.0,145.0,215.0,47.0,0.0,0.0,0.0,0.0,0.0,0.0,0.0,0.0,0.0,0.0,0.0,0.0,0.0,0.0,0.0,0.0,0.0,0.0,0.0,0.0,0.0,0.0,0.0,0.0,0.0,0.0,0.0,0.0,1.0,0.0,0.0,1.0,0.0,1.0,0.0,0.0,0.0,0.0,0.0,0.0,0.0,0.0,1.0,7.0,4.0,4.0,6.0,10.0,10.0,9.0,0.0,0.0,0.0,0.0,0.0,0.0,0.0,0.0,1.0,0.0,0.0,8.0,0.0,7.0,0.0,0.0,0.0,0.0,0.0,0.0,0.0,0.0,1.0,12.0,5.0,6.0,9.0,18.0,13.0,13.0
933,1.0,933.0,London_291,dim5,151,453,1092.0,70.0,2.0,191166.0,1.5456749161239713,875.0,125.0,1.0,124.0,213.0,8.0,205.0,110.0,184.0,121.0,23.0,90.0,1.0,21.0,3.0,10.0,10.0,75.0,137.0,231.0,55.0,0.0,0.0,0.0,0.0,0.0,0.0,0.0,0.0,0.0,0.0,0.0,0.0,0.0,0.0,0.0,0.0,0.0,0.0,0.0,0.0,0.0,0.0,0.0,0.0,0.0,0.0,0.0,0.0,0.0,1.0,0.0,0.0,1.0,0.0,1.0,0.0,0.0,0.0,5.0,3.0,0.0,2.0,0.0,10.0,10.0,10.0,8.0,29.0,22.0,25.0,0.0,0.0,0.0,0.0,0.0,0.0,0.0,0.0,0.0,2.0,0.0,0.0,6.0,0.0,1.0,0.0,0.0,0.0,6.0,4.0,0.0,3.0,0.0,12.0,13.0,13.0,12.0,41.0,29.0,32.0
934,1.0,934.0,London_291,dim5,151,453,1092.0,70.0,2.0,174858.0,1.3236457591410726,839.0,128.0,0.0,128.0,223.0,0.0,223.0,213.0,195.0,122.0,31.0,57.0,6.0,32.0,4.0,6.0,5.0,84.0,133.0,231.0,44.0,0.0,0.0,0.0,0.0,0.0,0.0,0.0,0.0,0.0,0.0,0.0,0.0,0.0,0.0,0.0,0.0,0.0,0.0,0.0,0.0,0.0,0.0,0.0,0.0,0.0,0.0,0.0,0.0,0.0,0.0,0.0,0.0,0.0,0.0,0.0,0.0,0.0,0.0,2.0,3.0,0.0,0.0,1.0,24.0,8.0,13.0,3.0,17.0,32.0,19.0,0.0,0.0,0.0,0.0,0.0,0.0,0.0,0.0,0.0,0.0,0.0,0.0,0.0,0.0,0.0,0.0,0.0,0.0,2.0,4.0,0.0,0.0,1.0,34.0,12.0,17.0,5.0,22.0,46.0,27.0
935,1.0,935.0,London_291,dim5,151,453,1092.0,70.0,2.0,154020.0,0.9587526589166373,793.0,57.0,2.0,55.0,104.0,17.0,87.0,223.0,214.0,117.0,23.0,51.0,6.0,34.0,0.0,8.0,7.0,86.0,132.0,228.0,44.0,0.0,0.0,0.0,0.0,0.0,0.0,0.0,0.0,0.0,0.0,0.0,0.0,0.0,0.0,0.0,0.0,0.0,0.0,0.0,0.0,0.0,0.0,0.0,0.0,0.0,0.0,0.0,0.0,0.0,1.0,0.0,0.0,0.0,1.0,1.0,0.0,0.0,0.0,1.0,1.0,0.0,0.0,0.0,9.0,4.0,2.0,11.0,15.0,12.0,7.0,0.0,0.0,0.0,0.0,0.0,0.0,0.0,0.0,0.0,3.0,0.0,0.0,0.0,6.0,4.0,0.0,0.0,0.0,1.0,2.0,0.0,0.0,0.0,10.0,5.0,2.0,18.0,20.0,18.0,7.0
936,1.0,936.0,London_291,dim5,151,453,1092.0,70.0,2.0,168516.0,1.7925303340889513,825.0,54.0,0.0,54.0,88.0,0.0,88.0,104.0,221.0,129.0,19.0,62.0,1.0,14.0,0.0,7.0,7.0,85.0,132.0,229.0,48.0,0.0,0.0,0.0,0.0,0.0,0.0,0.0,0.0,0.0,0.0,0.0,0.0,0.0,0.0,0.0,0.0,0.0,0.0,0.0,0.0,0.0,0.0,0.0,0.0,0.0,0.0,0.0,0.0,0.0,0.0,0.0,0.0,0.0,0.0,0.0,0.0,0.0,0.0,5.0,2.0,0.0,0.0,0.0,6.0,5.0,1.0,10.0,11.0,14.0,10.0,0.0,0.0,0.0,0.0,0.0,0.0,0.0,0.0,0.0,0.0,0.0,0.0,0.0,0.0,0.0,0.0,0.0,0.0,5.0,2.0,0.0,0.0,0.0,8.0,8.0,1.0,13.0,14.0,18.0,10.0
937,1.0,937.0,London_291,dim5,151,453,1092.0,70.0,2.0,191166.0,1.5639699900057167,875.0,155.0,0.0,155.0,278.0,0.0,278.0,88.0,226.0,132.0,8.0,59.0,1.0,17.0,0.0,10.0,7.0,84.0,143.0,219.0,49.0,0.0,0.0,0.0,0.0,0.0,0.0,0.0,0.0,0.0,0.0,0.0,0.0,0.0,0.0,0.0,0.0,0.0,0.0,0.0,0.0,0.0,0.0,0.0,0.0,0.0,0.0,0.0,0.0,0.0,0.0,0.0,0.0,0.0,0.0,0.0,0.0,0.0,0.0,4.0,27.0,0.0,0.0,7.0,13.0,3.0,5.0,7.0,32.0,29.0,16.0,0.0,0.0,0.0,0.0,0.0,0.0,0.0,0.0,0.0,0.0,0.0,0.0,0.0,0.0,0.0,0.0,0.0,0.0,5.0,43.0,0.0,0.0,8.0,14.0,3.0,7.0,9.0,48.0,52.0,19.0
938,1.0,938.0,London_291,dim5,151,453,1092.0,70.0,2.0,162627.0,1.1240482688881457,812.0,98.0,0.0,98.0,155.0,0.0,155.0,278.0,195.0,117.0,17.0,87.0,10.0,17.0,0.0,10.0,5.0,68.0,151.0,229.0,38.0,0.0,0.0,0.0,0.0,0.0,0.0,0.0,0.0,0.0,0.0,0.0,0.0,0.0,0.0,0.0,0.0,0.0,0.0,0.0,0.0,0.0,0.0,0.0,0.0,0.0,0.0,0.0,0.0,0.0,0.0,0.0,0.0,0.0,0.0,0.0,0.0,0.0,0.0,4.0,10.0,1.0,0.0,0.0,10.0,9.0,6.0,8.0,12.0,23.0,23.0,0.0,0.0,0.0,0.0,0.0,0.0,0.0,0.0,0.0,0.0,0.0,0.0,0.0,0.0,0.0,0.0,0.0,0.0,5.0,14.0,1.0,0.0,0.0,11.0,10.0,9.0,11.0,18.0,33.0,29.0
939,1.0,939.0,London_291,dim5,151,453,1092.0,70.0,2.0,150849.0,1.0758951499592513,786.0,90.0,0.0,90.0,150.0,0.0,150.0,155.0,201.0,129.0,23.0,60.0,10.0,21.0,0.0,9.0,7.0,79.0,163.0,204.0,37.0,0.0,0.0,0.0,0.0,0.0,0.0,0.0,0.0,0.0,0.0,0.0,0.0,0.0,0.0,0.0,0.0,0.0,0.0,0.0,0.0,0.0,0.0,0.0,0.0,0.0,0.0,0.0,0.0,0.0,0.0,0.0,0.0,0.0,0.0,0.0,0.0,0.0,0.0,3.0,6.0,5.0,0.0,0.0,5.0,7.0,1.0,8.0,19.0,24.0,12.0,0.0,0.0,0.0,0.0,0.0,0.0,0.0,0.0,0.0,0.0,0.0,0.0,0.0,0.0,0.0,0.0,0.0,0.0,5.0,9.0,8.0,0.0,0.0,6.0,9.0,1.0,9.0,26.0,34.0,13.0
940,1.0,940.0,London_291,dim5,151,453,1092.0,70.0,2.0,144960.0,1.1114310650154948,773.0,83.0,0.0,83.0,143.0,0.0,143.0,150.0,215.0,136.0,16.0,57.0,7.0,16.0,0.0,6.0,9.0,74.0,156.0,214.0,43.0,0.0,0.0,0.0,0.0,0.0,0.0,0.0,0.0,0.0,0.0,0.0,0.0,0.0,0.0,0.0,0.0,0.0,0.0,0.0,0.0,0.0,0.0,0.0,0.0,0.0,0.0,0.0,0.0,0.0,0.0,0.0,0.0,0.0,0.0,0.0,0.0,0.0,0.0,2.0,4.0,0.0,0.0,2.0,5.0,9.0,2.0,11.0,21.0,18.0,17.0,0.0,0.0,0.0,0.0,0.0,0.0,0.0,0.0,0.0,0.0,0.0,0.0,0.0,0.0,0.0,0.0,0.0,0.0,2.0,6.0,0.0,0.0,3.0,7.0,13.0,3.0,15.0,31.0,24.0,23.0
941,1.0,941.0,London_291,dim5,151,453,1092.0,70.0,2.0,146772.0,1.4460017050150782,777.0,88.0,2.0,86.0,171.0,20.0,151.0,143.0,227.0,136.0,11.0,58.0,1.0,15.0,0.0,5.0,9.0,83.0,145.0,216.0,46.0,0.0,0.0,0.0,0.0,0.0,0.0,0.0,0.0,0.0,0.0,0.0,0.0,0.0,0.0,0.0,0.0,0.0,0.0,0.0,0.0,0.0,0.0,0.0,0.0,0.0,0.0,0.0,0.0,0.0,0.0,0.0,1.0,0.0,0.0,1.0,0.0,0.0,0.0,3.0,3.0,0.0,0.0,3.0,12.0,6.0,6.0,12.0,13.0,18.0,16.0,0.0,0.0,0.0,0.0,0.0,0.0,0.0,0.0,0.0,0.0,0.0,3.0,0.0,0.0,1.0,0.0,0.0,0.0,4.0,3.0,0.0,0.0,3.0,16.0,8.0,9.0,16.0,18.0,28.0,19.0
942,1.0,942.0,London_291,dim5,151,453,1092.0,70.0,2.0,134088.0,1.0931109657976776,749.0,110.0,1.0,109.0,211.0,10.0,201.0,171.0,222.0,140.0,16.0,58.0,3.0,12.0,0.0,2.0,7.0,84.0,137.0,225.0,49.0,0.0,0.0,0.0,0.0,0.0,0.0,0.0,0.0,0.0,0.0,0.0,0.0,0.0,0.0,0.0,0.0,0.0,0.0,0.0,0.0,0.0,0.0,0.0,0.0,0.0,0.0,0.0,0.0,0.0,0.0,0.0,0.0,0.0,0.0,0.0,0.0,0.0,0.0,7.0,9.0,1.0,0.0,3.0,9.0,6.0,5.0,12.0,24.0,27.0,22.0,0.0,0.0,0.0,0.0,0.0,0.0,0.0,0.0,0.0,0.0,0.0,0.0,0.0,0.0,0.0,0.0,0.0,0.0,10.0,13.0,1.0,0.0,3.0,11.0,6.0,7.0,14.0,40.0,43.0,28.0
943,1.0,943.0,London_291,dim5,151,453,1092.0,70.0,2.0,119592.0,0.9692685340996832,717.0,54.0,1.0,53.0,98.0,8.0,90.0,211.0,233.0,116.0,7.0,69.0,7.0,13.0,0.0,8.0,7.0,75.0,135.0,236.0,45.0,0.0,0.0,0.0,0.0,0.0,0.0,0.0,0.0,0.0,0.0,0.0,0.0,0.0,0.0,0.0,0.0,0.0,0.0,0.0,0.0,0.0,0.0,0.0,0.0,0.0,0.0,0.0,0.0,0.0,0.0,0.0,0.0,0.0,0.0,1.0,0.0,0.0,0.0,5.0,5.0,0.0,3.0,0.0,7.0,2.0,6.0,7.0,6.0,17.0,11.0,0.0,0.0,0.0,0.0,0.0,0.0,0.0,0.0,0.0,0.0,0.0,0.0,0.0,0.0,3.0,0.0,0.0,0.0,8.0,8.0,0.0,4.0,0.0,8.0,4.0,8.0,10.0,9.0,28.0,12.0
944,1.0,944.0,London_291,dim5,151,453,1092.0,70.0,2.0,129105.0,1.5107593019492924,738.0,69.0,2.0,67.0,128.0,18.0,110.0,98.0,238.0,111.0,10.0,67.0,7.0,16.0,1.0,3.0,8.0,74.0,132.0,239.0,47.0,0.0,0.0,0.0,0.0,0.0,0.0,0.0,0.0,0.0,0.0,0.0,0.0,0.0,0.0,0.0,0.0,0.0,0.0,0.0,0.0,0.0,0.0,0.0,0.0,0.0,0.0,0.0,0.0,0.0,0.0,0.0,0.0,1.0,1.0,2.0,0.0,0.0,0.0,4.0,4.0,1.0,0.0,0.0,4.0,12.0,6.0,8.0,10.0,19.0,19.0,0.0,0.0,0.0,0.0,0.0,0.0,0.0,0.0,0.0,0.0,0.0,0.0,6.0,6.0,8.0,0.0,0.0,0.0,4.0,6.0,1.0,0.0,0.0,5.0,16.0,7.0,10.0,13.0,25.0,24.0
945,1.0,945.0,London_291,dim5,151,453,1092.0,70.0,2.0,137259.0,1.2011062209494412,756.0,27.0,2.0,25.0,56.0,18.0,38.0,128.0,242.0,102.0,17.0,57.0,12.0,18.0,0.0,5.0,4.0,79.0,139.0,231.0,42.0,0.0,0.0,0.0,0.0,0.0,0.0,0.0,0.0,0.0,0.0,0.0,0.0,0.0,0.0,0.0,0.0,0.0,0.0,0.0,0.0,0.0,0.0,0.0,0.0,0.0,0.0,0.0,0.0,0.0,0.0,0.0,1.0,0.0,1.0,0.0,0.0,0.0,0.0,1.0,1.0,0.0,0.0,0.0,6.0,4.0,5.0,2.0,3.0,6.0,4.0,0.0,0.0,0.0,0.0,0.0,0.0,0.0,0.0,0.0,0.0,0.0,2.0,0.0,5.0,0.0,0.0,0.0,0.0,1.0,1.0,0.0,0.0,0.0,8.0,4.0,6.0,2.0,5.0,7.0,5.0
946,1.0,946.0,London_291,dim5,151,453,1092.0,70.0,2.0,175311.0,1.1530031729489565,840.0,83.0,0.0,83.0,133.0,0.0,133.0,56.0,240.0,125.0,15.0,38.0,11.0,19.0,0.0,5.0,4.0,78.0,135.0,236.0,42.0,0.0,0.0,0.0,0.0,0.0,0.0,0.0,0.0,0.0,0.0,0.0,0.0,0.0,0.0,0.0,0.0,0.0,0.0,0.0,0.0,0.0,0.0,0.0,0.0,0.0,0.0,0.0,0.0,0.0,0.0,0.0,0.0,0.0,0.0,0.0,0.0,0.0,0.0,0.0,3.0,0.0,1.0,0.0,3.0,8.0,12.0,10.0,12.0,24.0,15.0,0.0,0.0,0.0,0.0,0.0,0.0,0.0,0.0,0.0,0.0,0.0,0.0,0.0,0.0,0.0,0.0,0.0,0.0,0.0,7.0,0.0,2.0,0.0,5.0,12.0,14.0,14.0,15.0,38.0,17.0
947,1.0,947.0,London_291,dim5,151,453,1092.0,70.0,2.0,170328.0,1.1825676879379898,829.0,83.0,0.0,83.0,138.0,0.0,138.0,133.0,234.0,127.0,13.0,43.0,11.0,21.0,1.0,3.0,8.0,80.0,138.0,227.0,42.0,0.0,0.0,0.0,0.0,0.0,0.0,0.0,0.0,0.0,0.0,0.0,0.0,0.0,0.0,0.0,0.0,0.0,0.0,0.0,0.0,0.0,0.0,0.0,0.0,0.0,0.0,0.0,0.0,0.0,0.0,0.0,0.0,0.0,0.0,0.0,0.0,0.0,0.0,3.0,12.0,0.0,2.0,0.0,10.0,4.0,2.0,6.0,11.0,27.0,13.0,0.0,0.0,0.0,0.0,0.0,0.0,0.0,0.0,0.0,0.0,0.0,0.0,0.0,0.0,0.0,0.0,0.0,0.0,3.0,14.0,0.0,2.0,0.0,14.0,6.0,2.0,9.0,20.0,41.0,17.0
948,1.0,948.0,London_291,dim5,151,453,1092.0,70.0,2.0,175764.0,1.5132047769147903,841.0,81.0,2.0,79.0,152.0,16.0,136.0,138.0,232.0,139.0,11.0,42.0,9.0,18.0,1.0,1.0,9.0,77.0,144.0,223.0,37.0,0.0,0.0,0.0,0.0,0.0,0.0,0.0,0.0,0.0,0.0,0.0,0.0,0.0,0.0,0.0,0.0,0.0,0.0,0.0,0.0,0.0,0.0,0.0,0.0,0.0,0.0,0.0,0.0,0.0,0.0,0.0,1.0,0.0,0.0,1.0,0.0,0.0,0.0,1.0,2.0,1.0,0.0,6.0,12.0,3.0,3.0,12.0,15.0,16.0,14.0,0.0,0.0,0.0,0.0,0.0,0.0,0.0,0.0,0.0,0.0,0.0,1.0,0.0,0.0,3.0,0.0,0.0,0.0,1.0,2.0,1.0,0.0,6.0,16.0,3.0,4.0,13.0,23.0,24.0,18.0
949,1.0,949.0,London_291,dim5,151,453,1092.0,70.0,2.0,185730.0,1.9986096350476146,863.0,146.0,2.0,144.0,270.0,19.0,251.0,152.0,234.0,139.0,11.0,46.0,7.0,10.0,5.0,1.0,12.0,75.0,137.0,229.0,41.0,0.0,0.0,0.0,0.0,0.0,0.0,0.0,0.0,0.0,0.0,0.0,0.0,0.0,0.0,0.0,0.0,0.0,0.0,0.0,0.0,0.0,0.0,0.0,0.0,0.0,0.0,0.0,0.0,0.0,0.0,0.0,0.0,0.0,0.0,1.0,0.0,0.0,0.0,4.0,19.0,0.0,4.0,1.0,17.0,6.0,6.0,9.0,20.0,33.0,16.0,0.0,0.0,0.0,0.0,0.0,0.0,0.0,0.0,0.0,0.0,0.0,0.0,0.0,0.0,4.0,0.0,0.0,0.0,4.0,21.0,0.0,7.0,1.0,22.0,8.0,7.0,13.0,30.0,50.0,17.0
950,1.0,950.0,London_291,dim5,151,453,1092.0,70.0,2.0,163986.0,1.017646546009928,815.0,41.0,1.0,40.0,75.0,9.0,66.0,270.0,211.0,112.0,18.0,72.0,7.0,26.0,1.0,6.0,5.0,69.0,137.0,242.0,34.0,0.0,0.0,0.0,0.0,0.0,0.0,0.0,0.0,0.0,0.0,0.0,0.0,0.0,0.0,0.0,0.0,0.0,0.0,0.0,0.0,0.0,0.0,0.0,0.0,0.0,0.0,0.0,0.0,1.0,0.0,0.0,1.0,0.0,0.0,1.0,0.0,0.0,0.0,3.0,0.0,0.0,1.0,0.0,5.0,3.0,2.0,1.0,5.0,9.0,8.0,0.0,0.0,0.0,0.0,0.0,0.0,0.0,0.0,1.0,0.0,0.0,7.0,0.0,0.0,5.0,0.0,0.0,0.0,3.0,0.0,0.0,1.0,0.0,5.0,4.0,2.0,1.0,7.0,16.0,10.0
951,1.0,951.0,London_291,dim5,151,453,1092.0,70.0,2.0,184824.0,1.4226092190947384,861.0,143.0,0.0,143.0,238.0,0.0,238.0,75.0,211.0,108.0,21.0,71.0,5.0,32.0,2.0,3.0,8.0,74.0,134.0,237.0,43.0,0.0,0.0,0.0,0.0,0.0,0.0,0.0,0.0,0.0,0.0,0.0,0.0,0.0,0.0,0.0,0.0,0.0,0.0,0.0,0.0,0.0,0.0,0.0,0.0,0.0,0.0,0.0,0.0,0.0,0.0,0.0,0.0,0.0,0.0,0.0,0.0,0.0,0.0,4.0,1.0,0.0,0.0,5.0,9.0,8.0,7.0,9.0,23.0,34.0,20.0,0.0,0.0,0.0,0.0,0.0,0.0,0.0,0.0,0.0,0.0,0.0,0.0,0.0,0.0,0.0,0.0,0.0,0.0,5.0,1.0,0.0,0.0,5.0,13.0,10.0,10.0,13.0,33.0,51.0,26.0
952,1.0,952.0,London_291,dim5,151,453,1092.0,70.0,2.0,160815.0,1.0606277491897345,808.0,122.0,0.0,122.0,214.0,0.0,214.0,238.0,222.0,101.0,16.0,59.0,10.0,38.0,0.0,7.0,6.0,68.0,144.0,235.0,35.0,0.0,0.0,0.0,0.0,0.0,0.0,0.0,0.0,0.0,0.0,0.0,0.0,0.0,0.0,0.0,0.0,0.0,0.0,0.0,0.0,0.0,0.0,0.0,0.0,0.0,0.0,0.0,0.0,0.0,0.0,0.0,0.0,0.0,0.0,0.0,0.0,0.0,0.0,3.0,5.0,1.0,0.0,7.0,13.0,6.0,2.0,15.0,21.0,32.0,20.0,0.0,0.0,0.0,0.0,0.0,0.0,0.0,0.0,0.0,0.0,0.0,0.0,0.0,0.0,0.0,0.0,0.0,0.0,4.0,7.0,1.0,0.0,8.0,20.0,8.0,2.0,22.0,33.0,48.0,27.0
953,1.0,953.0,London_291,dim5,151,453,1092.0,70.0,2.0,135900.0,0.9925731520634145,753.0,115.0,0.0,115.0,194.0,0.0,194.0,214.0,240.0,101.0,17.0,47.0,7.0,32.0,3.0,6.0,6.0,77.0,135.0,235.0,39.0,0.0,0.0,0.0,0.0,0.0,0.0,0.0,0.0,0.0,0.0,0.0,0.0,0.0,0.0,0.0,0.0,0.0,0.0,0.0,0.0,0.0,0.0,0.0,0.0,0.0,0.0,0.0,0.0,0.0,0.0,0.0,0.0,0.0,0.0,0.0,0.0,0.0,0.0,6.0,1.0,2.0,2.0,2.0,10.0,6.0,2.0,0.0,16.0,29.0,18.0,0.0,0.0,0.0,0.0,0.0,0.0,0.0,0.0,0.0,0.0,0.0,0.0,0.0,0.0,0.0,0.0,0.0,0.0,7.0,1.0,2.0,5.0,2.0,12.0,8.0,4.0,0.0,20.0,42.0,23.0
954,1.0,954.0,London_291,dim5,151,453,1092.0,70.0,2.0,112344.0,0.9508961630053818,701.0,45.0,2.0,43.0,96.0,17.0,79.0,194.0,237.0,78.0,13.0,63.0,11.0,43.0,1.0,7.0,10.0,67.0,157.0,219.0,30.0,0.0,0.0,0.0,0.0,0.0,0.0,0.0,0.0,0.0,0.0,0.0,0.0,0.0,0.0,0.0,0.0,0.0,0.0,0.0,0.0,0.0,0.0,0.0,0.0,0.0,0.0,0.0,0.0,0.0,0.0,0.0,1.0,0.0,0.0,1.0,0.0,0.0,0.0,3.0,0.0,0.0,0.0,0.0,4.0,5.0,2.0,2.0,6.0,11.0,5.0,0.0,0.0,0.0,0.0,0.0,0.0,0.0,0.0,0.0,0.0,0.0,5.0,0.0,0.0,1.0,0.0,0.0,0.0,4.0,0.0,0.0,0.0,0.0,5.0,8.0,3.0,2.0,8.0,17.0,6.0
955,1.0,955.0,London_291,dim5,151,453,1092.0,70.0,2.0,130917.0,0.9719191791955382,742.0,84.0,1.0,83.0,143.0,11.0,132.0,96.0,238.0,79.0,12.0,72.0,7.0,40.0,0.0,5.0,7.0,74.0,139.0,233.0,32.0,0.0,0.0,0.0,0.0,0.0,0.0,0.0,0.0,0.0,0.0,0.0,0.0,0.0,0.0,0.0,0.0,0.0,0.0,0.0,0.0,0.0,0.0,0.0,0.0,0.0,0.0,0.0,0.0,0.0,1.0,0.0,1.0,0.0,0.0,1.0,0.0,0.0,0.0,4.0,5.0,2.0,2.0,2.0,12.0,6.0,11.0,10.0,16.0,16.0,10.0,0.0,0.0,0.0,0.0,0.0,0.0,0.0,0.0,0.0,3.0,0.0,3.0,0.0,0.0,3.0,0.0,0.0,0.0,4.0,8.0,2.0,3.0,4.0,13.0,7.0,14.0,12.0,21.0,25.0,11.0
956,1.0,956.0,London_291,dim5,151,453,1092.0,70.0,2.0,132729.0,1.155709370970726,746.0,59.0,1.0,58.0,116.0,9.0,107.0,143.0,239.0,100.0,3.0,52.0,12.0,42.0,0.0,5.0,10.0,71.0,140.0,232.0,37.0,0.0,0.0,0.0,0.0,0.0,0.0,0.0,0.0,0.0,0.0,0.0,0.0,0.0,0.0,0.0,0.0,0.0,0.0,0.0,0.0,0.0,0.0,0.0,0.0,0.0,0.0,0.0,0.0,0.0,0.0,0.0,0.0,1.0,0.0,1.0,0.0,0.0,0.0,3.0,2.0,2.0,3.0,1.0,7.0,8.0,4.0,10.0,7.0,16.0,11.0,0.0,0.0,0.0,0.0,0.0,0.0,0.0,0.0,0.0,0.0,0.0,0.0,6.0,0.0,2.0,0.0,0.0,0.0,3.0,2.0,2.0,5.0,1.0,10.0,9.0,6.0,13.0,12.0,24.0,16.0
957,1.0,957.0,London_291,dim5,151,453,1092.0,70.0,2.0,136806.0,0.7910311259329319,755.0,9.0,0.0,9.0,15.0,0.0,15.0,116.0,238.0,98.0,8.0,42.0,14.0,45.0,0.0,8.0,6.0,66.0,149.0,232.0,30.0,0.0,0.0,0.0,0.0,0.0,0.0,0.0,0.0,0.0,0.0,0.0,0.0,0.0,0.0,0.0,0.0,0.0,0.0,0.0,0.0,0.0,0.0,0.0,0.0,0.0,0.0,0.0,0.0,0.0,0.0,0.0,0.0,0.0,0.0,0.0,0.0,0.0,0.0,0.0,0.0,0.0,0.0,0.0,1.0,0.0,0.0,0.0,1.0,3.0,1.0,0.0,0.0,0.0,0.0,0.0,0.0,0.0,0.0,0.0,0.0,0.0,0.0,0.0,0.0,0.0,0.0,0.0,0.0,0.0,0.0,0.0,0.0,0.0,3.0,0.0,0.0,0.0,1.0,5.0,1.0
958,1.0,958.0,London_291,dim5,151,453,1092.0,70.0,2.0,181200.0,1.507248992100358,853.0,157.0,3.0,154.0,283.0,25.0,258.0,15.0,239.0,98.0,10.0,42.0,14.0,45.0,0.0,5.0,6.0,67.0,148.0,232.0,29.0,0.0,0.0,0.0,0.0,0.0,0.0,0.0,0.0,0.0,0.0,0.0,0.0,0.0,0.0,0.0,0.0,0.0,0.0,0.0,0.0,0.0,0.0,0.0,0.0,0.0,0.0,0.0,0.0,0.0,0.0,0.0,1.0,0.0,1.0,1.0,0.0,0.0,0.0,2.0,12.0,0.0,2.0,3.0,17.0,1.0,3.0,18.0,34.0,23.0,24.0,0.0,0.0,0.0,0.0,0.0,0.0,0.0,0.0,0.0,0.0,0.0,6.0,0.0,9.0,1.0,0.0,0.0,0.0,3.0,21.0,0.0,3.0,4.0,28.0,1.0,4.0,24.0,49.0,32.0,33.0
959,1.0,959.0,London_291,dim5,151,453,1092.0,70.0,2.0,146319.0,0.7700554700568318,776.0,15.0,1.0,14.0,32.0,9.0,23.0,283.0,181.0,109.0,18.0,77.0,11.0,50.0,0.0,7.0,12.0,66.0,151.0,224.0,32.0,0.0,0.0,0.0,0.0,0.0,0.0,0.0,0.0,0.0,0.0,0.0,0.0,0.0,0.0,0.0,0.0,0.0,0.0,0.0,0.0,0.0,0.0,0.0,0.0,0.0,0.0,0.0,0.0,0.0,0.0,0.0,0.0,0.0,0.0,0.0,0.0,0.0,0.0,0.0,0.0,0.0,0.0,0.0,4.0,1.0,0.0,2.0,5.0,2.0,6.0,0.0,0.0,0.0,0.0,0.0,0.0,0.0,0.0,0.0,0.0,0.0,0.0,0.0,0.0,0.0,0.0,0.0,0.0,0.0,0.0,0.0,0.0,0.0,6.0,1.0,0.0,2.0,8.0,3.0,8.0
960,1.0,960.0,London_291,dim5,151,453,1092.0,70.0,2.0,173952.0,1.5604980511125177,837.0,87.0,2.0,85.0,160.0,17.0,143.0,32.0,183.0,107.0,16.0,78.0,12.0,51.0,0.0,6.0,8.0,70.0,145.0,230.0,35.0,0.0,0.0,0.0,0.0,0.0,0.0,0.0,0.0,0.0,0.0,0.0,0.0,0.0,0.0,0.0,0.0,0.0,0.0,0.0,0.0,0.0,0.0,0.0,0.0,0.0,0.0,0.0,0.0,0.0,0.0,0.0,0.0,0.0,0.0,0.0,0.0,0.0,0.0,9.0,1.0,0.0,1.0,0.0,10.0,10.0,6.0,10.0,19.0,23.0,29.0,0.0,0.0,0.0,0.0,0.0,0.0,0.0,0.0,0.0,0.0,0.0,0.0,0.0,0.0,0.0,0.0,0.0,0.0,10.0,2.0,0.0,1.0,0.0,13.0,13.0,8.0,11.0,29.0,29.0,38.0
961,1.0,961.0,London_291,dim5,151,453,1092.0,70.0,2.0,178935.0,1.5217344460543245,848.0,123.0,2.0,121.0,223.0,18.0,205.0,160.0,195.0,113.0,21.0,62.0,12.0,45.0,1.0,4.0,8.0,80.0,138.0,227.0,37.0,0.0,0.0,0.0,0.0,0.0,0.0,0.0,0.0,0.0,0.0,0.0,0.0,0.0,0.0,0.0,0.0,0.0,0.0,0.0,0.0,0.0,0.0,0.0,0.0,0.0,0.0,0.0,0.0,0.0,0.0,0.0,2.0,0.0,0.0,1.0,0.0,0.0,0.0,0.0,7.0,0.0,2.0,0.0,19.0,9.0,2.0,12.0,24.0,28.0,21.0,0.0,0.0,0.0,0.0,0.0,0.0,0.0,0.0,0.0,0.0,0.0,7.0,0.0,0.0,3.0,0.0,0.0,0.0,0.0,9.0,0.0,3.0,0.0,25.0,14.0,3.0,16.0,38.0,44.0,27.0
962,1.0,962.0,London_291,dim5,151,453,1092.0,70.0,2.0,157644.0,1.462688255123794,801.0,100.0,0.0,100.0,171.0,0.0,171.0,223.0,197.0,114.0,26.0,64.0,14.0,34.0,1.0,3.0,4.0,83.0,140.0,226.0,41.0,0.0,0.0,0.0,0.0,0.0,0.0,0.0,0.0,0.0,0.0,0.0,0.0,0.0,0.0,0.0,0.0,0.0,0.0,0.0,0.0,0.0,0.0,0.0,0.0,0.0,0.0,0.0,0.0,0.0,0.0,0.0,0.0,0.0,0.0,0.0,0.0,0.0,0.0,4.0,4.0,1.0,2.0,0.0,8.0,5.0,9.0,15.0,15.0,28.0,17.0,0.0,0.0,0.0,0.0,0.0,0.0,0.0,0.0,0.0,0.0,0.0,0.0,0.0,0.0,0.0,0.0,0.0,0.0,5.0,5.0,1.0,2.0,0.0,10.0,8.0,9.0,22.0,26.0,41.0,20.0
963,1.0,963.0,London_291,dim5,151,453,1092.0,70.0,2.0,149037.0,1.569769554771483,782.0,61.0,0.0,61.0,114.0,0.0,114.0,171.0,196.0,111.0,29.0,62.0,18.0,34.0,1.0,2.0,2.0,82.0,140.0,229.0,47.0,0.0,0.0,0.0,0.0,0.0,0.0,0.0,0.0,0.0,0.0,0.0,0.0,0.0,0.0,0.0,0.0,0.0,0.0,0.0,0.0,0.0,0.0,0.0,0.0,0.0,0.0,0.0,0.0,0.0,0.0,0.0,0.0,0.0,0.0,0.0,0.0,0.0,0.0,3.0,1.0,0.0,0.0,0.0,8.0,9.0,5.0,2.0,13.0,18.0,15.0,0.0,0.0,0.0,0.0,0.0,0.0,0.0,0.0,0.0,0.0,0.0,0.0,0.0,0.0,0.0,0.0,0.0,0.0,3.0,3.0,0.0,0.0,0.0,11.0,15.0,7.0,2.0,22.0,31.0,22.0
964,1.0,964.0,London_291,dim5,151,453,1092.0,70.0,2.0,156285.0,1.885558970971033,798.0,100.0,2.0,98.0,180.0,19.0,161.0,114.0,213.0,111.0,22.0,56.0,21.0,29.0,0.0,1.0,4.0,82.0,141.0,226.0,54.0,0.0,0.0,0.0,0.0,0.0,0.0,0.0,0.0,0.0,0.0,0.0,0.0,0.0,0.0,0.0,0.0,0.0,0.0,0.0,0.0,0.0,0.0,0.0,0.0,0.0,0.0,0.0,0.0,0.0,0.0,0.0,0.0,0.0,0.0,2.0,0.0,0.0,0.0,1.0,3.0,0.0,2.0,0.0,11.0,6.0,0.0,5.0,12.0,25.0,18.0,0.0,0.0,0.0,0.0,0.0,0.0,0.0,0.0,0.0,0.0,0.0,0.0,0.0,0.0,9.0,0.0,0.0,0.0,1.0,4.0,0.0,5.0,0.0,15.0,8.0,0.0,8.0,20.0,33.0,26.0
965,1.0,965.0,London_291,dim5,151,453,1092.0,70.0,2.0,160815.0,1.6244270000606775,808.0,105.0,0.0,105.0,182.0,0.0,182.0,180.0,214.0,118.0,22.0,58.0,12.0,23.0,1.0,5.0,5.0,72.0,149.0,227.0,49.0,0.0,0.0,0.0,0.0,0.0,0.0,0.0,0.0,0.0,0.0,0.0,0.0,0.0,0.0,0.0,0.0,0.0,0.0,0.0,0.0,0.0,0.0,0.0,0.0,0.0,0.0,0.0,0.0,0.0,0.0,0.0,0.0,0.0,0.0,0.0,0.0,0.0,0.0,1.0,5.0,1.0,1.0,1.0,9.0,6.0,3.0,5.0,22.0,22.0,16.0,0.0,0.0,0.0,0.0,0.0,0.0,0.0,0.0,0.0,0.0,0.0,0.0,0.0,0.0,0.0,0.0,0.0,0.0,2.0,7.0,1.0,1.0,1.0,12.0,9.0,4.0,7.0,38.0,29.0,21.0
966,1.0,966.0,London_291,dim5,151,453,1092.0,70.0,2.0,153567.0,1.1269904719665647,792.0,14.0,2.0,12.0,42.0,19.0,23.0,182.0,216.0,105.0,25.0,56.0,12.0,35.0,1.0,3.0,7.0,66.0,168.0,212.0,44.0,0.0,0.0,0.0,0.0,0.0,0.0,0.0,0.0,0.0,1.0,0.0,1.0,0.0,0.0,0.0,0.0,0.0,0.0,1.0,0.0,0.0,0.0,0.0,0.0,0.0,0.0,0.0,0.0,1.0,0.0,0.0,0.0,0.0,1.0,1.0,0.0,0.0,0.0,0.0,0.0,0.0,0.0,0.0,0.0,2.0,1.0,2.0,2.0,1.0,3.0,0.0,0.0,0.0,0.0,0.0,0.0,0.0,0.0,2.0,0.0,0.0,0.0,0.0,7.0,1.0,0.0,0.0,0.0,0.0,0.0,0.0,0.0,0.0,0.0,4.0,1.0,2.0,4.0,1.0,4.0
967,1.0,967.0,London_291,dim5,151,453,1092.0,70.0,2.0,189807.0,2.1321799519937485,872.0,138.0,0.0,138.0,238.0,0.0,238.0,34.0,216.0,97.0,25.0,64.0,11.0,36.0,0.0,4.0,8.0,70.0,168.0,207.0,49.0,0.0,0.0,0.0,0.0,0.0,0.0,0.0,0.0,0.0,0.0,0.0,0.0,0.0,0.0,0.0,0.0,0.0,0.0,0.0,0.0,0.0,0.0,0.0,0.0,0.0,0.0,0.0,0.0,0.0,0.0,0.0,0.0,0.0,0.0,0.0,0.0,0.0,0.0,0.0,10.0,2.0,1.0,8.0,2.0,11.0,3.0,10.0,29.0,26.0,27.0,0.0,0.0,0.0,0.0,0.0,0.0,0.0,0.0,0.0,0.0,0.0,0.0,0.0,0.0,0.0,0.0,0.0,0.0,0.0,18.0,2.0,1.0,8.0,2.0,12.0,4.0,12.0,45.0,40.0,35.0
968,1.0,968.0,London_291,dim5,151,453,1092.0,70.0,2.0,167157.0,1.0417917589657009,822.0,46.0,0.0,46.0,82.0,0.0,82.0,238.0,210.0,109.0,14.0,68.0,11.0,34.0,2.0,5.0,6.0,64.0,166.0,217.0,32.0,0.0,0.0,0.0,0.0,0.0,0.0,0.0,0.0,0.0,0.0,0.0,0.0,0.0,0.0,0.0,0.0,0.0,0.0,0.0,0.0,0.0,0.0,0.0,0.0,0.0,0.0,0.0,0.0,0.0,0.0,0.0,0.0,0.0,0.0,0.0,0.0,0.0,0.0,4.0,3.0,0.0,2.0,0.0,5.0,1.0,4.0,5.0,8.0,11.0,12.0,0.0,0.0,0.0,0.0,0.0,0.0,0.0,0.0,0.0,0.0,0.0,0.0,0.0,0.0,0.0,0.0,0.0,0.0,5.0,5.0,0.0,4.0,0.0,8.0,1.0,8.0,6.0,15.0,18.0,15.0
969,1.0,969.0,London_291,dim5,151,453,1092.0,70.0,2.0,187542.0,1.3337800558656454,867.0,149.0,0.0,149.0,268.0,0.0,268.0,82.0,216.0,111.0,15.0,61.0,13.0,33.0,1.0,3.0,5.0,66.0,159.0,223.0,37.0,0.0,0.0,0.0,0.0,0.0,0.0,0.0,0.0,0.0,0.0,0.0,0.0,0.0,0.0,0.0,0.0,0.0,0.0,0.0,0.0,0.0,0.0,0.0,0.0,0.0,0.0,0.0,0.0,0.0,0.0,0.0,0.0,0.0,0.0,0.0,0.0,0.0,0.0,1.0,8.0,0.0,2.0,9.0,22.0,10.0,3.0,5.0,35.0,38.0,21.0,0.0,0.0,0.0,0.0,0.0,0.0,0.0,0.0,0.0,0.0,0.0,0.0,0.0,0.0,0.0,0.0,0.0,0.0,1.0,11.0,0.0,4.0,10.0,28.0,15.0,4.0,6.0,46.0,61.0,30.0
970,1.0,970.0,London_291,dim5,151,453,1092.0,70.0,2.0,153567.0,0.8448459929786623,792.0,58.0,2.0,56.0,113.0,18.0,95.0,268.0,185.0,115.0,11.0,88.0,14.0,35.0,1.0,4.0,5.0,70.0,147.0,231.0,32.0,0.0,0.0,0.0,0.0,0.0,0.0,0.0,0.0,0.0,0.0,0.0,0.0,0.0,0.0,0.0,0.0,0.0,0.0,0.0,0.0,0.0,0.0,0.0,0.0,0.0,0.0,0.0,0.0,2.0,0.0,0.0,1.0,0.0,0.0,1.0,0.0,0.0,0.0,2.0,0.0,0.0,1.0,1.0,5.0,5.0,3.0,6.0,6.0,13.0,11.0,0.0,0.0,0.0,0.0,0.0,0.0,0.0,0.0,4.0,0.0,0.0,1.0,0.0,0.0,4.0,0.0,0.0,0.0,2.0,0.0,0.0,2.0,1.0,9.0,7.0,3.0,11.0,7.0,21.0,15.0
971,1.0,971.0,London_291,dim5,151,453,1092.0,70.0,2.0,165798.0,1.1356620178557932,819.0,146.0,0.0,146.0,255.0,0.0,255.0,113.0,180.0,127.0,11.0,79.0,14.0,37.0,1.0,4.0,6.0,72.0,140.0,235.0,37.0,0.0,0.0,0.0,0.0,0.0,0.0,0.0,0.0,0.0,0.0,0.0,0.0,0.0,0.0,0.0,0.0,0.0,0.0,0.0,0.0,0.0,0.0,0.0,0.0,0.0,0.0,0.0,0.0,0.0,0.0,0.0,0.0,0.0,0.0,0.0,0.0,0.0,0.0,5.0,12.0,1.0,1.0,0.0,14.0,16.0,7.0,8.0,35.0,32.0,27.0,0.0,0.0,0.0,0.0,0.0,0.0,0.0,0.0,0.0,0.0,0.0,0.0,0.0,0.0,0.0,0.0,0.0,0.0,5.0,16.0,1.0,1.0,0.0,17.0,18.0,8.0,14.0,57.0,40.0,34.0
972,1.0,972.0,London_291,dim5,151,453,1092.0,70.0,2.0,137712.0,1.206522081978619,757.0,24.0,2.0,22.0,58.0,20.0,38.0,255.0,173.0,121.0,19.0,65.0,13.0,54.0,2.0,6.0,6.0,69.0,147.0,231.0,38.0,0.0,0.0,0.0,0.0,0.0,0.0,0.0,0.0,0.0,0.0,0.0,0.0,0.0,0.0,0.0,0.0,0.0,0.0,0.0,0.0,0.0,0.0,0.0,0.0,0.0,0.0,0.0,0.0,0.0,1.0,0.0,1.0,0.0,1.0,2.0,0.0,0.0,0.0,0.0,0.0,0.0,0.0,0.0,3.0,2.0,2.0,3.0,5.0,7.0,3.0,0.0,0.0,0.0,0.0,0.0,0.0,0.0,0.0,0.0,5.0,0.0,5.0,0.0,6.0,9.0,0.0,0.0,0.0,0.0,0.0,0.0,0.0,0.0,5.0,3.0,2.0,4.0,6.0,11.0,4.0
973,1.0,973.0,London_291,dim5,151,453,1092.0,70.0,2.0,165798.0,1.216739402152598,819.0,137.0,2.0,135.0,267.0,18.0,249.0,58.0,170.0,127.0,21.0,69.0,9.0,50.0,1.0,6.0,3.0,76.0,141.0,233.0,36.0,0.0,0.0,0.0,0.0,0.0,0.0,0.0,0.0,0.0,0.0,0.0,0.0,0.0,0.0,0.0,0.0,0.0,0.0,0.0,0.0,0.0,0.0,0.0,0.0,0.0,0.0,0.0,0.0,0.0,0.0,0.0,0.0,0.0,0.0,0.0,0.0,0.0,0.0,2.0,2.0,0.0,0.0,9.0,13.0,10.0,5.0,14.0,20.0,42.0,12.0,0.0,0.0,0.0,0.0,0.0,0.0,0.0,0.0,0.0,0.0,0.0,0.0,0.0,0.0,0.0,0.0,0.0,0.0,2.0,6.0,0.0,0.0,9.0,22.0,15.0,7.0,22.0,35.0,65.0,18.0
974,1.0,974.0,London_291,dim5,151,453,1092.0,70.0,2.0,139071.0,0.7919203680939972,760.0,36.0,2.0,34.0,75.0,19.0,56.0,267.0,180.0,123.0,21.0,61.0,8.0,51.0,2.0,7.0,4.0,73.0,149.0,227.0,39.0,0.0,0.0,0.0,0.0,0.0,0.0,0.0,0.0,0.0,0.0,0.0,0.0,0.0,0.0,0.0,0.0,0.0,0.0,0.0,0.0,0.0,0.0,0.0,0.0,0.0,0.0,0.0,0.0,0.0,0.0,0.0,1.0,0.0,1.0,0.0,0.0,0.0,0.0,1.0,1.0,0.0,0.0,0.0,5.0,8.0,2.0,3.0,4.0,8.0,6.0,0.0,0.0,0.0,0.0,0.0,0.0,0.0,0.0,0.0,0.0,0.0,4.0,0.0,6.0,0.0,0.0,0.0,0.0,2.0,1.0,0.0,0.0,0.0,7.0,9.0,2.0,3.0,6.0,11.0,9.0
975,1.0,975.0,London_291,dim5,151,453,1092.0,70.0,2.0,157644.0,1.0250796468462795,801.0,70.0,1.0,69.0,134.0,8.0,126.0,75.0,178.0,122.0,20.0,56.0,12.0,53.0,3.0,9.0,5.0,70.0,144.0,234.0,42.0,0.0,0.0,0.0,0.0,0.0,0.0,0.0,0.0,0.0,0.0,0.0,0.0,0.0,0.0,0.0,0.0,0.0,0.0,0.0,0.0,0.0,0.0,0.0,0.0,0.0,0.0,0.0,0.0,0.0,1.0,0.0,0.0,1.0,0.0,1.0,0.0,0.0,0.0,3.0,3.0,1.0,0.0,0.0,6.0,6.0,4.0,7.0,11.0,16.0,13.0,0.0,0.0,0.0,0.0,0.0,0.0,0.0,0.0,0.0,4.0,0.0,0.0,7.0,0.0,6.0,0.0,0.0,0.0,3.0,5.0,1.0,0.0,0.0,10.0,9.0,5.0,10.0,18.0,22.0,19.0
976,1.0,976.0,London_291,dim5,151,453,1092.0,70.0,2.0,161268.0,1.2510939841158688,809.0,152.0,0.0,152.0,267.0,0.0,267.0,134.0,184.0,129.0,24.0,50.0,7.0,53.0,0.0,6.0,6.0,73.0,138.0,236.0,36.0,0.0,0.0,0.0,0.0,0.0,0.0,0.0,0.0,0.0,0.0,0.0,0.0,0.0,0.0,0.0,0.0,0.0,0.0,0.0,0.0,0.0,0.0,0.0,0.0,0.0,0.0,0.0,0.0,0.0,0.0,0.0,0.0,0.0,0.0,0.0,0.0,0.0,0.0,2.0,20.0,0.0,1.0,1.0,5.0,7.0,19.0,8.0,24.0,37.0,13.0,0.0,0.0,0.0,0.0,0.0,0.0,0.0,0.0,0.0,0.0,0.0,0.0,0.0,0.0,0.0,0.0,0.0,0.0,3.0,31.0,0.0,2.0,1.0,7.0,13.0,28.0,12.0,38.0,57.0,20.0
977,1.0,977.0,London_291,dim5,151,453,1092.0,70.0,2.0,135447.0,0.9718686239793897,752.0,94.0,2.0,92.0,172.0,17.0,155.0,267.0,192.0,119.0,15.0,58.0,10.0,48.0,2.0,9.0,9.0,66.0,153.0,225.0,40.0,0.0,0.0,0.0,0.0,0.0,0.0,0.0,0.0,0.0,0.0,0.0,0.0,0.0,0.0,0.0,0.0,0.0,0.0,0.0,0.0,0.0,0.0,0.0,0.0,0.0,0.0,0.0,0.0,0.0,1.0,0.0,0.0,0.0,1.0,1.0,0.0,0.0,0.0,8.0,3.0,0.0,1.0,2.0,8.0,6.0,6.0,14.0,22.0,21.0,23.0,0.0,0.0,0.0,0.0,0.0,0.0,0.0,0.0,0.0,6.0,0.0,0.0,0.0,6.0,3.0,0.0,0.0,0.0,12.0,5.0,0.0,2.0,2.0,11.0,9.0,11.0,23.0,33.0,33.0,28.0
978,1.0,978.0,London_291,dim5,151,453,1092.0,70.0,2.0,129558.0,0.988884115125984,739.0,49.0,0.0,49.0,77.0,0.0,77.0,172.0,192.0,145.0,11.0,51.0,8.0,40.0,1.0,5.0,9.0,66.0,152.0,226.0,42.0,0.0,0.0,0.0,0.0,0.0,0.0,0.0,0.0,0.0,0.0,0.0,0.0,0.0,0.0,0.0,0.0,0.0,0.0,0.0,0.0,0.0,0.0,0.0,0.0,0.0,0.0,0.0,0.0,0.0,0.0,0.0,0.0,0.0,0.0,0.0,0.0,0.0,0.0,6.0,1.0,0.0,0.0,0.0,3.0,8.0,6.0,5.0,10.0,12.0,11.0,0.0,0.0,0.0,0.0,0.0,0.0,0.0,0.0,0.0,0.0,0.0,0.0,0.0,0.0,0.0,0.0,0.0,0.0,6.0,1.0,0.0,0.0,0.0,4.0,9.0,8.0,7.0,15.0,16.0,15.0
979,1.0,979.0,London_291,dim5,151,453,1092.0,70.0,2.0,133635.0,1.147836314048618,748.0,42.0,0.0,42.0,69.0,0.0,69.0,77.0,199.0,145.0,3.0,50.0,9.0,40.0,2.0,5.0,11.0,67.0,148.0,227.0,50.0,0.0,0.0,0.0,0.0,0.0,0.0,0.0,0.0,0.0,0.0,0.0,0.0,0.0,0.0,0.0,0.0,0.0,0.0,0.0,0.0,0.0,0.0,0.0,0.0,0.0,0.0,0.0,0.0,0.0,0.0,0.0,0.0,0.0,0.0,0.0,0.0,0.0,0.0,5.0,0.0,0.0,0.0,1.0,6.0,5.0,6.0,2.0,10.0,7.0,13.0,0.0,0.0,0.0,0.0,0.0,0.0,0.0,0.0,0.0,0.0,0.0,0.0,0.0,0.0,0.0,0.0,0.0,0.0,5.0,0.0,0.0,0.0,1.0,7.0,7.0,8.0,3.0,14.0,9.0,15.0
980,1.0,980.0,London_291,dim5,151,453,1092.0,70.0,2.0,162174.0,1.2003360709641129,811.0,71.0,0.0,71.0,111.0,0.0,111.0,69.0,209.0,144.0,10.0,43.0,8.0,31.0,2.0,6.0,12.0,70.0,150.0,221.0,50.0,0.0,0.0,0.0,0.0,0.0,0.0,0.0,0.0,0.0,0.0,0.0,0.0,0.0,0.0,0.0,0.0,0.0,0.0,0.0,0.0,0.0,0.0,0.0,0.0,0.0,0.0,0.0,0.0,0.0,0.0,0.0,0.0,0.0,0.0,0.0,0.0,0.0,0.0,1.0,1.0,3.0,3.0,0.0,7.0,3.0,4.0,10.0,13.0,14.0,12.0,0.0,0.0,0.0,0.0,0.0,0.0,0.0,0.0,0.0,0.0,0.0,0.0,0.0,0.0,0.0,0.0,0.0,0.0,1.0,2.0,3.0,4.0,0.0,9.0,4.0,6.0,13.0,19.0,19.0,14.0
981,1.0,981.0,London_291,dim5,151,453,1092.0,70.0,2.0,160362.0,1.3323926599696279,807.0,66.0,0.0,66.0,110.0,0.0,110.0,111.0,209.0,155.0,8.0,43.0,7.0,24.0,1.0,6.0,11.0,72.0,158.0,212.0,51.0,0.0,0.0,0.0,0.0,0.0,0.0,0.0,0.0,0.0,0.0,0.0,0.0,0.0,0.0,0.0,0.0,0.0,0.0,0.0,0.0,0.0,0.0,0.0,0.0,0.0,0.0,0.0,0.0,0.0,0.0,0.0,0.0,0.0,0.0,0.0,0.0,0.0,0.0,2.0,5.0,0.0,2.0,1.0,11.0,5.0,7.0,9.0,11.0,18.0,15.0,0.0,0.0,0.0,0.0,0.0,0.0,0.0,0.0,0.0,0.0,0.0,0.0,0.0,0.0,0.0,0.0,0.0,0.0,3.0,7.0,0.0,3.0,1.0,11.0,9.0,11.0,10.0,17.0,26.0,17.0
982,1.0,982.0,London_291,dim5,151,453,1092.0,70.0,2.0,167610.0,1.5633127819746733,823.0,62.0,0.0,62.0,100.0,0.0,100.0,110.0,219.0,138.0,6.0,59.0,7.0,21.0,0.0,3.0,7.0,78.0,162.0,206.0,44.0,0.0,0.0,0.0,0.0,0.0,0.0,0.0,0.0,0.0,0.0,0.0,0.0,0.0,0.0,0.0,0.0,0.0,0.0,0.0,0.0,0.0,0.0,0.0,0.0,0.0,0.0,0.0,0.0,0.0,0.0,0.0,0.0,0.0,0.0,0.0,0.0,0.0,0.0,1.0,6.0,2.0,0.0,2.0,10.0,4.0,8.0,4.0,13.0,16.0,19.0,0.0,0.0,0.0,0.0,0.0,0.0,0.0,0.0,0.0,0.0,0.0,0.0,0.0,0.0,0.0,0.0,0.0,0.0,1.0,8.0,2.0,0.0,2.0,12.0,5.0,10.0,4.0,24.0,20.0,26.0
983,1.0,983.0,London_291,dim5,151,453,1092.0,70.0,2.0,180747.0,1.7374062549788505,852.0,229.0,2.0,227.0,419.0,20.0,399.0,100.0,229.0,138.0,10.0,42.0,9.0,20.0,1.0,4.0,8.0,80.0,159.0,206.0,46.0,0.0,0.0,0.0,0.0,0.0,0.0,0.0,0.0,0.0,0.0,0.0,0.0,0.0,0.0,0.0,0.0,0.0,0.0,0.0,0.0,0.0,0.0,0.0,0.0,0.0,0.0,0.0,0.0,0.0,0.0,0.0,1.0,0.0,0.0,0.0,0.0,0.0,0.0,3.0,29.0,0.0,6.0,17.0,6.0,4.0,26.0,18.0,43.0,50.0,25.0,0.0,0.0,0.0,0.0,0.0,0.0,0.0,0.0,0.0,0.0,0.0,6.0,0.0,0.0,0.0,0.0,0.0,0.0,3.0,46.0,0.0,7.0,20.0,7.0,4.0,37.0,23.0,72.0,65.0,30.0
984,1.0,984.0,London_291,dim5,151,453,1092.0,70.0,2.0,106908.0,0.40099121490493417,689.0,25.0,1.0,24.0,57.0,10.0,47.0,419.0,89.0,181.0,27.0,101.0,13.0,33.0,2.0,7.0,4.0,68.0,147.0,234.0,49.0,0.0,0.0,0.0,0.0,0.0,0.0,0.0,0.0,0.0,0.0,0.0,0.0,0.0,0.0,0.0,0.0,0.0,0.0,0.0,0.0,0.0,0.0,0.0,0.0,0.0,0.0,0.0,0.0,0.0,0.0,0.0,0.0,0.0,0.0,1.0,0.0,0.0,0.0,1.0,0.0,0.0,1.0,0.0,4.0,4.0,0.0,4.0,2.0,7.0,4.0,0.0,0.0,0.0,0.0,0.0,0.0,0.0,0.0,0.0,0.0,0.0,0.0,0.0,0.0,5.0,0.0,0.0,0.0,1.0,0.0,0.0,3.0,0.0,8.0,5.0,0.0,6.0,2.0,12.0,9.0
985,1.0,985.0,London_291,dim5,151,453,1092.0,70.0,2.0,132276.0,0.5642409261781722,745.0,66.0,1.0,65.0,116.0,8.0,108.0,57.0,85.0,189.0,29.0,100.0,11.0,34.0,0.0,5.0,5.0,68.0,152.0,228.0,46.0,0.0,0.0,0.0,0.0,0.0,0.0,0.0,0.0,0.0,0.0,0.0,0.0,0.0,0.0,0.0,0.0,0.0,0.0,0.0,0.0,0.0,0.0,0.0,0.0,0.0,0.0,0.0,0.0,1.0,0.0,0.0,0.0,0.0,0.0,1.0,0.0,0.0,0.0,2.0,0.0,0.0,1.0,0.0,6.0,1.0,3.0,2.0,11.0,12.0,6.0,0.0,0.0,0.0,0.0,0.0,0.0,0.0,0.0,1.0,0.0,0.0,0.0,0.0,0.0,3.0,0.0,0.0,0.0,3.0,0.0,0.0,2.0,0.0,6.0,1.0,4.0,3.0,16.0,16.0,6.0
986,1.0,986.0,London_291,dim5,151,453,1092.0,70.0,2.0,136806.0,0.7473335429094732,755.0,77.0,2.0,75.0,142.0,18.0,124.0,116.0,93.0,192.0,23.0,101.0,6.0,31.0,0.0,7.0,7.0,79.0,150.0,217.0,59.0,0.0,0.0,0.0,0.0,0.0,0.0,0.0,0.0,0.0,0.0,0.0,0.0,0.0,0.0,0.0,0.0,0.0,0.0,0.0,0.0,0.0,0.0,0.0,0.0,0.0,0.0,0.0,0.0,0.0,0.0,0.0,0.0,1.0,1.0,2.0,0.0,0.0,0.0,3.0,0.0,0.0,2.0,0.0,8.0,5.0,2.0,10.0,12.0,13.0,12.0,0.0,0.0,0.0,0.0,0.0,0.0,0.0,0.0,0.0,0.0,0.0,0.0,9.0,7.0,9.0,0.0,0.0,0.0,3.0,0.0,0.0,3.0,0.0,10.0,10.0,2.0,12.0,15.0,19.0,15.0
987,1.0,987.0,London_291,dim5,151,453,1092.0,70.0,2.0,141336.0,0.7103455520700663,765.0,28.0,2.0,26.0,64.0,18.0,46.0,142.0,106.0,181.0,27.0,99.0,2.0,31.0,2.0,5.0,7.0,84.0,129.0,233.0,62.0,0.0,0.0,0.0,0.0,0.0,0.0,0.0,0.0,0.0,0.0,0.0,0.0,0.0,0.0,0.0,0.0,0.0,0.0,0.0,0.0,0.0,0.0,0.0,0.0,0.0,0.0,0.0,0.0,0.0,0.0,0.0,1.0,0.0,1.0,0.0,0.0,0.0,0.0,2.0,0.0,0.0,0.0,0.0,5.0,3.0,1.0,1.0,1.0,7.0,4.0,0.0,0.0,0.0,0.0,0.0,0.0,0.0,0.0,0.0,0.0,0.0,5.0,0.0,5.0,0.0,0.0,0.0,0.0,3.0,0.0,0.0,0.0,0.0,7.0,4.0,1.0,1.0,2.0,12.0,5.0
988,1.0,988.0,London_291,dim5,151,453,1092.0,70.0,2.0,164892.0,1.2604199289344251,817.0,102.0,0.0,102.0,181.0,0.0,181.0,64.0,107.0,172.0,19.0,110.0,5.0,35.0,2.0,3.0,3.0,88.0,121.0,241.0,65.0,0.0,0.0,0.0,0.0,0.0,0.0,0.0,0.0,0.0,0.0,0.0,0.0,0.0,0.0,0.0,0.0,0.0,0.0,0.0,0.0,0.0,0.0,0.0,0.0,0.0,0.0,0.0,0.0,0.0,0.0,0.0,0.0,0.0,0.0,0.0,0.0,0.0,0.0,7.0,5.0,0.0,3.0,0.0,21.0,6.0,10.0,5.0,19.0,23.0,36.0,0.0,0.0,0.0,0.0,0.0,0.0,0.0,0.0,0.0,0.0,0.0,0.0,0.0,0.0,0.0,0.0,0.0,0.0,8.0,8.0,0.0,5.0,0.0,32.0,9.0,12.0,6.0,28.0,37.0,51.0
989,1.0,989.0,London_291,dim5,151,453,1092.0,70.0,2.0,161268.0,1.0143587908241898,809.0,122.0,0.0,122.0,225.0,0.0,225.0,181.0,121.0,169.0,17.0,106.0,2.0,33.0,0.0,5.0,4.0,90.0,135.0,224.0,73.0,0.0,0.0,0.0,0.0,0.0,0.0,0.0,0.0,0.0,0.0,0.0,0.0,0.0,0.0,0.0,0.0,0.0,0.0,0.0,0.0,0.0,0.0,0.0,0.0,0.0,0.0,0.0,0.0,0.0,0.0,0.0,0.0,0.0,0.0,0.0,0.0,0.0,0.0,10.0,1.0,0.0,0.0,1.0,22.0,15.0,4.0,18.0,20.0,29.0,23.0,0.0,0.0,0.0,0.0,0.0,0.0,0.0,0.0,0.0,0.0,0.0,0.0,0.0,0.0,0.0,0.0,0.0,0.0,13.0,1.0,0.0,0.0,1.0,28.0,21.0,7.0,26.0,30.0,45.0,31.0
990,1.0,990.0,London_291,dim5,151,453,1092.0,70.0,2.0,139977.0,1.176385444123298,762.0,93.0,2.0,91.0,172.0,16.0,156.0,225.0,120.0,164.0,22.0,108.0,8.0,28.0,1.0,2.0,5.0,89.0,146.0,213.0,63.0,0.0,0.0,0.0,0.0,0.0,0.0,0.0,0.0,0.0,0.0,0.0,0.0,0.0,0.0,0.0,0.0,0.0,0.0,0.0,0.0,0.0,0.0,0.0,0.0,0.0,0.0,0.0,0.0,0.0,0.0,0.0,0.0,0.0,0.0,1.0,0.0,0.0,0.0,1.0,3.0,0.0,0.0,0.0,13.0,4.0,4.0,9.0,19.0,21.0,17.0,0.0,0.0,0.0,0.0,0.0,0.0,0.0,0.0,0.0,0.0,0.0,0.0,0.0,0.0,2.0,0.0,0.0,0.0,1.0,3.0,0.0,0.0,0.0,18.0,8.0,6.0,14.0,27.0,29.0,20.0
991,1.0,991.0,London_291,dim5,151,453,1092.0,70.0,2.0,136353.0,0.8935487810522318,754.0,63.0,2.0,61.0,122.0,19.0,103.0,172.0,135.0,184.0,14.0,96.0,2.0,19.0,1.0,2.0,7.0,81.0,141.0,224.0,66.0,0.0,0.0,0.0,0.0,0.0,0.0,0.0,0.0,0.0,0.0,0.0,0.0,0.0,0.0,0.0,0.0,0.0,0.0,0.0,0.0,0.0,0.0,0.0,0.0,0.0,0.0,0.0,0.0,0.0,0.0,0.0,0.0,0.0,0.0,1.0,0.0,0.0,0.0,0.0,4.0,2.0,0.0,2.0,5.0,6.0,5.0,8.0,8.0,9.0,13.0,0.0,0.0,0.0,0.0,0.0,0.0,0.0,0.0,0.0,0.0,0.0,0.0,0.0,0.0,6.0,0.0,0.0,0.0,0.0,5.0,2.0,0.0,2.0,6.0,9.0,6.0,12.0,13.0,16.0,19.0
992,1.0,992.0,London_291,dim5,151,453,1092.0,70.0,2.0,143148.0,1.2927492971066386,769.0,20.0,1.0,19.0,47.0,9.0,38.0,122.0,129.0,181.0,23.0,101.0,5.0,11.0,1.0,2.0,7.0,82.0,139.0,225.0,62.0,0.0,0.0,0.0,0.0,0.0,0.0,0.0,0.0,0.0,0.0,0.0,0.0,0.0,0.0,0.0,0.0,0.0,0.0,0.0,0.0,0.0,0.0,0.0,0.0,0.0,0.0,0.0,0.0,1.0,0.0,0.0,1.0,0.0,0.0,1.0,0.0,0.0,0.0,1.0,1.0,0.0,1.0,0.0,4.0,3.0,0.0,5.0,2.0,6.0,6.0,0.0,0.0,0.0,0.0,0.0,0.0,0.0,0.0,2.0,0.0,0.0,8.0,0.0,0.0,5.0,0.0,0.0,0.0,3.0,1.0,0.0,1.0,0.0,7.0,4.0,0.0,9.0,2.0,9.0,10.0
993,1.0,993.0,London_291,dim5,151,453,1092.0,70.0,2.0,166251.0,1.303052067058161,820.0,146.0,0.0,146.0,250.0,0.0,250.0,47.0,126.0,183.0,23.0,102.0,3.0,12.0,1.0,3.0,10.0,79.0,134.0,230.0,69.0,0.0,0.0,0.0,0.0,0.0,0.0,0.0,0.0,0.0,0.0,0.0,0.0,0.0,0.0,0.0,0.0,0.0,0.0,0.0,0.0,0.0,0.0,0.0,0.0,0.0,0.0,0.0,0.0,0.0,0.0,0.0,0.0,0.0,0.0,0.0,0.0,0.0,0.0,5.0,16.0,4.0,2.0,4.0,17.0,8.0,6.0,8.0,27.0,43.0,31.0,0.0,0.0,0.0,0.0,0.0,0.0,0.0,0.0,0.0,0.0,0.0,0.0,0.0,0.0,0.0,0.0,0.0,0.0,6.0,18.0,4.0,3.0,4.0,19.0,15.0,6.0,9.0,43.0,66.0,41.0
994,1.0,994.0,London_291,dim5,151,453,1092.0,70.0,2.0,144507.0,1.091216588858515,772.0,68.0,0.0,68.0,118.0,0.0,118.0,250.0,144.0,170.0,29.0,80.0,5.0,22.0,0.0,3.0,7.0,78.0,145.0,223.0,68.0,0.0,0.0,0.0,0.0,0.0,0.0,0.0,0.0,0.0,0.0,0.0,0.0,0.0,0.0,0.0,0.0,0.0,0.0,0.0,0.0,0.0,0.0,0.0,0.0,0.0,0.0,0.0,0.0,0.0,0.0,0.0,0.0,0.0,0.0,0.0,0.0,0.0,0.0,2.0,3.0,3.0,1.0,0.0,9.0,5.0,5.0,4.0,8.0,18.0,10.0,0.0,0.0,0.0,0.0,0.0,0.0,0.0,0.0,0.0,0.0,0.0,0.0,0.0,0.0,0.0,0.0,0.0,0.0,2.0,4.0,3.0,2.0,0.0,11.0,6.0,7.0,5.0,14.0,27.0,13.0
995,1.0,995.0,London_291,dim5,151,453,1092.0,70.0,2.0,148584.0,1.2864127920474857,781.0,105.0,0.0,105.0,184.0,0.0,184.0,118.0,148.0,170.0,31.0,90.0,3.0,7.0,3.0,1.0,8.0,78.0,156.0,211.0,74.0,0.0,0.0,0.0,0.0,0.0,0.0,0.0,0.0,0.0,0.0,0.0,0.0,0.0,0.0,0.0,0.0,0.0,0.0,0.0,0.0,0.0,0.0,0.0,0.0,0.0,0.0,0.0,0.0,0.0,0.0,0.0,0.0,0.0,0.0,0.0,0.0,0.0,0.0,2.0,11.0,1.0,3.0,0.0,10.0,10.0,8.0,3.0,14.0,27.0,11.0,0.0,0.0,0.0,0.0,0.0,0.0,0.0,0.0,0.0,0.0,0.0,0.0,0.0,0.0,0.0,0.0,0.0,0.0,2.0,15.0,1.0,4.0,0.0,12.0,17.0,9.0,5.0,20.0,38.0,12.0
996,1.0,996.0,London_291,dim5,151,453,1092.0,70.0,2.0,131823.0,0.9761562140192837,744.0,61.0,2.0,59.0,117.0,17.0,100.0,184.0,162.0,168.0,24.0,73.0,7.0,16.0,1.0,2.0,10.0,74.0,149.0,220.0,61.0,0.0,0.0,0.0,0.0,0.0,0.0,0.0,0.0,0.0,0.0,0.0,0.0,0.0,0.0,0.0,0.0,0.0,0.0,0.0,0.0,0.0,0.0,0.0,0.0,0.0,0.0,0.0,0.0,0.0,0.0,0.0,1.0,0.0,0.0,2.0,0.0,0.0,0.0,0.0,5.0,0.0,0.0,0.0,5.0,7.0,2.0,7.0,11.0,13.0,14.0,0.0,0.0,0.0,0.0,0.0,0.0,0.0,0.0,0.0,0.0,0.0,1.0,0.0,0.0,7.0,0.0,0.0,0.0,0.0,6.0,0.0,0.0,0.0,8.0,11.0,3.0,10.0,15.0,20.0,15.0
997,1.0,997.0,London_291,dim5,151,453,1092.0,70.0,2.0,143148.0,1.132277081022039,769.0,21.0,1.0,20.0,46.0,11.0,35.0,117.0,160.0,171.0,25.0,69.0,6.0,21.0,0.0,1.0,8.0,78.0,155.0,212.0,54.0,0.0,0.0,0.0,0.0,0.0,0.0,0.0,0.0,0.0,0.0,0.0,0.0,0.0,0.0,0.0,0.0,0.0,0.0,0.0,0.0,0.0,0.0,0.0,0.0,0.0,0.0,0.0,0.0,0.0,1.0,0.0,0.0,0.0,0.0,1.0,0.0,0.0,0.0,1.0,1.0,0.0,0.0,0.0,0.0,2.0,2.0,2.0,2.0,5.0,4.0,0.0,0.0,0.0,0.0,0.0,0.0,0.0,0.0,0.0,3.0,0.0,0.0,0.0,0.0,4.0,0.0,0.0,0.0,1.0,1.0,0.0,0.0,0.0,0.0,2.0,2.0,3.0,3.0,9.0,5.0
998,1.0,998.0,London_291,dim5,151,453,1092.0,70.0,2.0,173952.0,1.3783435500226915,837.0,111.0,1.0,110.0,213.0,9.0,204.0,46.0,159.0,177.0,23.0,69.0,5.0,18.0,1.0,1.0,7.0,73.0,160.0,213.0,58.0,0.0,0.0,0.0,0.0,0.0,0.0,0.0,0.0,0.0,0.0,0.0,0.0,0.0,0.0,0.0,0.0,0.0,0.0,0.0,0.0,0.0,0.0,0.0,0.0,0.0,0.0,0.0,0.0,0.0,0.0,0.0,0.0,1.0,0.0,1.0,0.0,0.0,0.0,0.0,12.0,2.0,3.0,8.0,16.0,16.0,4.0,13.0,28.0,24.0,15.0,0.0,0.0,0.0,0.0,0.0,0.0,0.0,0.0,0.0,0.0,0.0,0.0,6.0,0.0,2.0,0.0,0.0,0.0,0.0,21.0,2.0,4.0,10.0,24.0,27.0,7.0,19.0,45.0,32.0,17.0
999,1.0,999.0,London_291,dim5,151,453,1092.0,70.0,2.0,162627.0,1.1113947078119963,812.0,107.0,0.0,107.0,191.0,0.0,191.0,213.0,167.0,186.0,13.0,59.0,3.0,13.0,3.0,9.0,7.0,68.0,153.0,225.0,58.0,0.0,0.0,0.0,0.0,0.0,0.0,0.0,0.0,0.0,0.0,0.0,0.0,0.0,0.0,0.0,0.0,0.0,0.0,0.0,0.0,0.0,0.0,0.0,0.0,0.0,0.0,0.0,0.0,0.0,0.0,0.0,0.0,0.0,0.0,0.0,0.0,0.0,0.0,4.0,1.0,0.0,0.0,1.0,9.0,12.0,2.0,19.0,19.0,25.0,24.0,0.0,0.0,0.0,0.0,0.0,0.0,0.0,0.0,0.0,0.0,0.0,0.0,0.0,0.0,0.0,0.0,0.0,0.0,4.0,2.0,0.0,0.0,1.0,12.0,17.0,2.0,25.0,30.0,41.0,36.0
1000,1.0,1000.0,London_291,dim5,151,453,1092.0,70.0,2.0,150396.0,1.3053402830846608,785.0,102.0,3.0,99.0,193.0,25.0,168.0,191.0,174.0,191.0,10.0,59.0,4.0,10.0,0.0,5.0,12.0,65.0,163.0,213.0,56.0,0.0,0.0,0.0,0.0,0.0,0.0,0.0,0.0,0.0,0.0,0.0,0.0,0.0,0.0,0.0,0.0,0.0,0.0,0.0,0.0,0.0,0.0,0.0,0.0,0.0,0.0,0.0,0.0,0.0,0.0,0.0,0.0,0.0,1.0,1.0,0.0,0.0,0.0,1.0,1.0,7.0,1.0,0.0,18.0,9.0,8.0,6.0,21.0,22.0,16.0,0.0,0.0,0.0,0.0,0.0,0.0,0.0,0.0,0.0,0.0,0.0,0.0,0.0,7.0,3.0,0.0,0.0,0.0,1.0,1.0,7.0,1.0,0.0,24.0,11.0,14.0,8.0,31.0,32.0,19.0
1001,1.0,1001.0,London_291,dim5,151,453,1092.0,70.0,2.0,137712.0,0.8289228368084878,757.0,36.0,1.0,35.0,65.0,9.0,56.0,193.0,173.0,197.0,11.0,47.0,5.0,17.0,1.0,2.0,6.0,66.0,154.0,227.0,50.0,0.0,0.0,0.0,0.0,0.0,0.0,0.0,0.0,0.0,0.0,0.0,0.0,0.0,0.0,0.0,0.0,0.0,0.0,0.0,0.0,0.0,0.0,0.0,0.0,0.0,0.0,0.0,0.0,0.0,0.0,0.0,0.0,0.0,0.0,0.0,0.0,0.0,0.0,0.0,1.0,0.0,0.0,0.0,2.0,5.0,0.0,1.0,7.0,11.0,11.0,0.0,0.0,0.0,0.0,0.0,0.0,0.0,0.0,0.0,0.0,0.0,0.0,0.0,0.0,0.0,0.0,0.0,0.0,0.0,1.0,0.0,0.0,0.0,4.0,7.0,0.0,1.0,10.0,16.0,14.0
1002,1.0,1002.0,London_291,dim5,151,453,1092.0,70.0,2.0,168969.0,1.2409721419680864,826.0,63.0,2.0,61.0,127.0,17.0,110.0,65.0,175.0,192.0,13.0,39.0,6.0,24.0,2.0,2.0,7.0,74.0,149.0,223.0,57.0,0.0,0.0,0.0,0.0,0.0,0.0,0.0,0.0,0.0,0.0,0.0,0.0,0.0,0.0,0.0,0.0,0.0,0.0,0.0,0.0,0.0,0.0,0.0,0.0,0.0,0.0,0.0,0.0,0.0,0.0,0.0,0.0,0.0,0.0,0.0,0.0,0.0,0.0,3.0,7.0,1.0,0.0,0.0,9.0,4.0,8.0,5.0,8.0,18.0,20.0,0.0,0.0,0.0,0.0,0.0,0.0,0.0,0.0,0.0,0.0,0.0,0.0,0.0,0.0,0.0,0.0,0.0,0.0,3.0,8.0,2.0,0.0,0.0,9.0,4.0,14.0,7.0,12.0,26.0,23.0
1003,1.0,1003.0,London_291,dim5,151,453,1092.0,70.0,2.0,189354.0,1.1901955921202898,871.0,209.0,2.0,207.0,357.0,18.0,339.0,127.0,184.0,183.0,9.0,39.0,9.0,23.0,2.0,4.0,8.0,73.0,133.0,239.0,54.0,0.0,0.0,0.0,0.0,0.0,0.0,0.0,0.0,0.0,0.0,0.0,0.0,0.0,0.0,0.0,0.0,0.0,0.0,0.0,0.0,0.0,0.0,0.0,0.0,0.0,0.0,0.0,0.0,0.0,0.0,0.0,1.0,0.0,0.0,1.0,0.0,0.0,0.0,4.0,27.0,0.0,6.0,10.0,15.0,16.0,11.0,16.0,45.0,46.0,37.0,0.0,0.0,0.0,0.0,0.0,0.0,0.0,0.0,0.0,0.0,0.0,1.0,0.0,0.0,8.0,0.0,0.0,0.0,5.0,42.0,0.0,9.0,11.0,18.0,20.0,13.0,19.0,63.0,57.0,45.0
1004,1.0,1004.0,London_291,dim5,151,453,1092.0,70.0,2.0,125481.0,1.016705125104636,730.0,42.0,0.0,42.0,66.0,0.0,66.0,357.0,136.0,135.0,25.0,117.0,7.0,25.0,3.0,5.0,5.0,69.0,158.0,221.0,48.0,0.0,0.0,0.0,0.0,0.0,0.0,0.0,0.0,0.0,0.0,0.0,0.0,0.0,0.0,0.0,0.0,0.0,0.0,0.0,0.0,0.0,0.0,0.0,0.0,0.0,0.0,0.0,0.0,0.0,0.0,0.0,0.0,0.0,0.0,0.0,0.0,0.0,0.0,0.0,1.0,0.0,1.0,0.0,5.0,4.0,1.0,3.0,7.0,14.0,9.0,0.0,0.0,0.0,0.0,0.0,0.0,0.0,0.0,0.0,0.0,0.0,0.0,0.0,0.0,0.0,0.0,0.0,0.0,0.0,1.0,0.0,1.0,0.0,7.0,8.0,1.0,4.0,11.0,19.0,13.0
1005,1.0,1005.0,London_291,dim5,151,453,1092.0,70.0,2.0,145413.0,1.5432561200577766,774.0,83.0,0.0,83.0,144.0,0.0,144.0,66.0,142.0,133.0,23.0,116.0,11.0,22.0,3.0,3.0,6.0,72.0,174.0,201.0,50.0,0.0,0.0,0.0,0.0,0.0,0.0,0.0,0.0,0.0,0.0,0.0,0.0,0.0,0.0,0.0,0.0,0.0,0.0,0.0,0.0,0.0,0.0,0.0,0.0,0.0,0.0,0.0,0.0,0.0,0.0,0.0,0.0,0.0,0.0,0.0,0.0,0.0,0.0,7.0,1.0,0.0,3.0,1.0,6.0,9.0,4.0,6.0,12.0,21.0,15.0,0.0,0.0,0.0,0.0,0.0,0.0,0.0,0.0,0.0,0.0,0.0,0.0,0.0,0.0,0.0,0.0,0.0,0.0,8.0,1.0,0.0,6.0,1.0,7.0,13.0,4.0,9.0,19.0,28.0,20.0
1006,1.0,1006.0,London_291,dim5,151,453,1092.0,70.0,2.0,135447.0,1.0532567750196904,752.0,48.0,2.0,46.0,105.0,19.0,86.0,144.0,151.0,131.0,21.0,119.0,16.0,13.0,1.0,1.0,6.0,76.0,157.0,214.0,59.0,0.0,0.0,0.0,0.0,0.0,0.0,0.0,0.0,0.0,0.0,0.0,0.0,0.0,0.0,0.0,0.0,0.0,0.0,0.0,0.0,0.0,0.0,0.0,0.0,0.0,0.0,0.0,0.0,0.0,0.0,0.0,0.0,0.0,0.0,0.0,0.0,0.0,0.0,4.0,2.0,0.0,2.0,0.0,6.0,5.0,2.0,6.0,8.0,6.0,11.0,0.0,0.0,0.0,0.0,0.0,0.0,0.0,0.0,0.0,0.0,0.0,0.0,0.0,0.0,0.0,0.0,0.0,0.0,4.0,3.0,0.0,3.0,0.0,9.0,7.0,4.0,6.0,12.0,12.0,11.0
1007,1.0,1007.0,London_291,dim5,151,453,1092.0,70.0,2.0,149037.0,1.1959243640303612,782.0,113.0,0.0,113.0,198.0,0.0,198.0,105.0,160.0,118.0,16.0,144.0,3.0,10.0,1.0,1.0,3.0,80.0,167.0,203.0,58.0,0.0,0.0,0.0,0.0,0.0,0.0,0.0,0.0,0.0,0.0,0.0,0.0,0.0,0.0,0.0,0.0,0.0,0.0,0.0,0.0,0.0,0.0,0.0,0.0,0.0,0.0,0.0,0.0,0.0,0.0,0.0,0.0,0.0,0.0,0.0,0.0,0.0,0.0,4.0,4.0,0.0,3.0,3.0,6.0,11.0,9.0,8.0,18.0,42.0,17.0,0.0,0.0,0.0,0.0,0.0,0.0,0.0,0.0,0.0,0.0,0.0,0.0,0.0,0.0,0.0,0.0,0.0,0.0,4.0,5.0,0.0,3.0,3.0,6.0,18.0,14.0,11.0,23.0,64.0,21.0
1008,1.0,1008.0,London_291,dim5,151,453,1092.0,70.0,2.0,135900.0,1.5158587079495192,753.0,52.0,2.0,50.0,101.0,19.0,82.0,198.0,173.0,131.0,12.0,114.0,6.0,16.0,0.0,1.0,8.0,78.0,162.0,205.0,67.0,0.0,0.0,0.0,0.0,0.0,0.0,0.0,0.0,0.0,1.0,0.0,1.0,0.0,0.0,0.0,0.0,0.0,0.0,1.0,0.0,0.0,0.0,0.0,0.0,0.0,0.0,0.0,0.0,1.0,0.0,0.0,1.0,0.0,1.0,1.0,0.0,0.0,0.0,6.0,5.0,0.0,1.0,0.0,7.0,3.0,2.0,14.0,9.0,15.0,17.0,0.0,0.0,0.0,0.0,0.0,0.0,0.0,0.0,2.0,0.0,0.0,1.0,0.0,7.0,1.0,0.0,0.0,0.0,7.0,5.0,0.0,2.0,0.0,9.0,7.0,3.0,17.0,15.0,20.0,20.0
1009,1.0,1009.0,London_291,dim5,151,453,1092.0,70.0,2.0,152208.0,1.3573596470523626,789.0,132.0,0.0,132.0,234.0,0.0,234.0,94.0,180.0,122.0,13.0,111.0,8.0,13.0,0.0,6.0,8.0,81.0,151.0,213.0,68.0,0.0,0.0,0.0,0.0,0.0,0.0,0.0,0.0,0.0,0.0,0.0,0.0,0.0,0.0,0.0,0.0,0.0,0.0,0.0,0.0,0.0,0.0,0.0,0.0,0.0,0.0,0.0,0.0,0.0,0.0,0.0,0.0,0.0,0.0,0.0,0.0,0.0,0.0,7.0,14.0,0.0,5.0,3.0,10.0,6.0,6.0,7.0,32.0,31.0,23.0,0.0,0.0,0.0,0.0,0.0,0.0,0.0,0.0,0.0,0.0,0.0,0.0,0.0,0.0,0.0,0.0,0.0,0.0,8.0,20.0,0.0,8.0,3.0,13.0,7.0,7.0,12.0,54.0,45.0,34.0
1010,1.0,1010.0,London_291,dim5,151,453,1092.0,70.0,2.0,134088.0,0.9035631010774523,749.0,63.0,0.0,63.0,108.0,0.0,108.0,234.0,182.0,118.0,11.0,114.0,7.0,14.0,0.0,7.0,9.0,84.0,158.0,202.0,57.0,0.0,0.0,0.0,0.0,0.0,0.0,0.0,0.0,0.0,0.0,0.0,0.0,0.0,0.0,0.0,0.0,0.0,0.0,0.0,0.0,0.0,0.0,0.0,0.0,0.0,0.0,0.0,0.0,0.0,0.0,0.0,0.0,0.0,0.0,0.0,0.0,0.0,0.0,2.0,2.0,0.0,1.0,0.0,5.0,11.0,4.0,11.0,12.0,12.0,13.0,0.0,0.0,0.0,0.0,0.0,0.0,0.0,0.0,0.0,0.0,0.0,0.0,0.0,0.0,0.0,0.0,0.0,0.0,3.0,2.0,0.0,1.0,0.0,5.0,17.0,4.0,16.0,13.0,13.0,16.0
1011,1.0,1011.0,London_291,dim5,151,453,1092.0,70.0,2.0,142695.0,0.9401587478350848,768.0,15.0,0.0,15.0,24.0,0.0,24.0,108.0,184.0,110.0,17.0,113.0,7.0,16.0,0.0,6.0,12.0,77.0,159.0,205.0,61.0,0.0,0.0,0.0,0.0,0.0,0.0,0.0,0.0,0.0,0.0,0.0,0.0,0.0,0.0,0.0,0.0,0.0,0.0,0.0,0.0,0.0,0.0,0.0,0.0,0.0,0.0,0.0,0.0,0.0,0.0,0.0,0.0,0.0,0.0,0.0,0.0,0.0,0.0,1.0,0.0,0.0,0.0,0.0,3.0,1.0,1.0,1.0,4.0,4.0,5.0,0.0,0.0,0.0,0.0,0.0,0.0,0.0,0.0,0.0,0.0,0.0,0.0,0.0,0.0,0.0,0.0,0.0,0.0,1.0,0.0,0.0,0.0,0.0,4.0,1.0,1.0,1.0,5.0,5.0,6.0
1012,1.0,1012.0,London_291,dim5,151,453,1092.0,70.0,2.0,179388.0,1.1555661270394921,849.0,70.0,2.0,68.0,146.0,18.0,128.0,24.0,186.0,103.0,21.0,113.0,7.0,16.0,0.0,7.0,11.0,77.0,159.0,206.0,59.0,0.0,0.0,0.0,0.0,0.0,0.0,0.0,0.0,0.0,0.0,0.0,0.0,0.0,0.0,0.0,0.0,0.0,0.0,0.0,0.0,0.0,0.0,0.0,0.0,0.0,0.0,0.0,0.0,1.0,0.0,0.0,1.0,0.0,0.0,1.0,0.0,0.0,0.0,7.0,5.0,0.0,1.0,0.0,6.0,5.0,5.0,5.0,14.0,17.0,11.0,0.0,0.0,0.0,0.0,0.0,0.0,0.0,0.0,3.0,0.0,0.0,4.0,0.0,0.0,1.0,0.0,0.0,0.0,10.0,10.0,0.0,1.0,0.0,9.0,6.0,7.0,6.0,24.0,29.0,15.0
1013,1.0,1013.0,London_291,dim5,151,453,1092.0,70.0,2.0,192525.0,1.4313786458224058,878.0,143.0,0.0,143.0,243.0,0.0,243.0,146.0,180.0,119.0,26.0,92.0,11.0,16.0,0.0,9.0,14.0,81.0,156.0,202.0,56.0,0.0,0.0,0.0,0.0,0.0,0.0,0.0,0.0,0.0,0.0,0.0,0.0,0.0,0.0,0.0,0.0,0.0,0.0,0.0,0.0,0.0,0.0,0.0,0.0,0.0,0.0,0.0,0.0,0.0,0.0,0.0,0.0,0.0,0.0,0.0,0.0,0.0,0.0,7.0,10.0,0.0,2.0,16.0,16.0,4.0,8.0,6.0,21.0,37.0,18.0,0.0,0.0,0.0,0.0,0.0,0.0,0.0,0.0,0.0,0.0,0.0,0.0,0.0,0.0,0.0,0.0,0.0,0.0,8.0,17.0,0.0,2.0,18.0,20.0,6.0,10.0,8.0,31.0,52.0,20.0
1014,1.0,1014.0,London_291,dim5,151,453,1092.0,70.0,2.0,171687.0,1.1114918761886656,832.0,102.0,2.0,100.0,201.0,20.0,181.0,243.0,186.0,121.0,21.0,86.0,7.0,18.0,0.0,14.0,15.0,75.0,144.0,219.0,48.0,0.0,0.0,0.0,0.0,0.0,0.0,0.0,0.0,0.0,0.0,0.0,0.0,0.0,0.0,0.0,0.0,0.0,0.0,0.0,0.0,0.0,0.0,0.0,0.0,0.0,0.0,0.0,0.0,0.0,1.0,0.0,2.0,0.0,1.0,2.0,0.0,0.0,0.0,0.0,1.0,1.0,0.0,2.0,14.0,8.0,7.0,8.0,15.0,26.0,26.0,0.0,0.0,0.0,0.0,0.0,0.0,0.0,0.0,0.0,4.0,0.0,4.0,0.0,8.0,3.0,0.0,0.0,0.0,0.0,1.0,1.0,0.0,2.0,22.0,12.0,11.0,13.0,27.0,35.0,35.0
1015,1.0,1015.0,London_291,dim5,151,453,1092.0,70.0,2.0,157644.0,1.8229278810322285,801.0,109.0,2.0,107.0,187.0,18.0,169.0,201.0,190.0,128.0,20.0,74.0,5.0,19.0,1.0,16.0,6.0,85.0,149.0,213.0,39.0,0.0,0.0,0.0,0.0,0.0,0.0,0.0,0.0,0.0,0.0,0.0,0.0,0.0,0.0,0.0,0.0,0.0,0.0,0.0,0.0,0.0,0.0,0.0,0.0,0.0,0.0,0.0,0.0,0.0,0.0,0.0,0.0,0.0,0.0,0.0,0.0,0.0,0.0,3.0,6.0,0.0,1.0,0.0,17.0,12.0,6.0,7.0,18.0,31.0,20.0,0.0,0.0,0.0,0.0,0.0,0.0,0.0,0.0,0.0,0.0,0.0,0.0,0.0,0.0,0.0,0.0,0.0,0.0,3.0,8.0,0.0,1.0,0.0,19.0,19.0,6.0,9.0,24.0,42.0,24.0
1016,1.0,1016.0,London_291,dim5,151,453,1092.0,70.0,2.0,149943.0,1.4412436580751091,784.0,108.0,2.0,106.0,198.0,19.0,179.0,187.0,180.0,135.0,21.0,79.0,5.0,21.0,1.0,11.0,5.0,91.0,138.0,219.0,43.0,0.0,0.0,0.0,0.0,0.0,0.0,0.0,0.0,0.0,0.0,0.0,0.0,0.0,0.0,0.0,0.0,0.0,0.0,0.0,0.0,0.0,0.0,0.0,0.0,0.0,0.0,0.0,0.0,1.0,0.0,0.0,1.0,0.0,1.0,0.0,0.0,0.0,0.0,2.0,0.0,2.0,1.0,1.0,11.0,5.0,8.0,7.0,22.0,24.0,17.0,0.0,0.0,0.0,0.0,0.0,0.0,0.0,0.0,1.0,0.0,0.0,6.0,0.0,6.0,0.0,0.0,0.0,0.0,3.0,0.0,2.0,1.0,1.0,12.0,9.0,12.0,12.0,29.0,30.0,22.0
1017,1.0,1017.0,London_291,dim5,151,453,1092.0,70.0,2.0,137712.0,0.94099111109972,757.0,70.0,1.0,69.0,126.0,8.0,118.0,198.0,181.0,140.0,35.0,65.0,4.0,22.0,2.0,4.0,3.0,92.0,131.0,227.0,38.0,0.0,0.0,0.0,0.0,0.0,0.0,0.0,0.0,0.0,0.0,0.0,0.0,0.0,0.0,0.0,0.0,0.0,0.0,0.0,0.0,0.0,0.0,0.0,0.0,0.0,0.0,0.0,0.0,0.0,1.0,0.0,0.0,1.0,0.0,1.0,0.0,0.0,0.0,2.0,1.0,0.0,0.0,0.0,9.0,6.0,7.0,9.0,15.0,17.0,10.0,0.0,0.0,0.0,0.0,0.0,0.0,0.0,0.0,0.0,2.0,0.0,0.0,7.0,0.0,4.0,0.0,0.0,0.0,3.0,2.0,0.0,0.0,0.0,11.0,7.0,9.0,13.0,19.0,34.0,14.0
1018,1.0,1018.0,London_291,dim5,151,453,1092.0,70.0,2.0,138165.0,1.1056453599594533,758.0,30.0,0.0,30.0,56.0,0.0,56.0,126.0,188.0,160.0,32.0,54.0,5.0,11.0,1.0,2.0,5.0,88.0,140.0,220.0,48.0,0.0,0.0,0.0,0.0,0.0,0.0,0.0,0.0,0.0,0.0,0.0,0.0,0.0,0.0,0.0,0.0,0.0,0.0,0.0,0.0,0.0,0.0,0.0,0.0,0.0,0.0,0.0,0.0,0.0,0.0,0.0,0.0,0.0,0.0,0.0,0.0,0.0,0.0,1.0,2.0,2.0,1.0,0.0,3.0,3.0,4.0,6.0,6.0,7.0,8.0,0.0,0.0,0.0,0.0,0.0,0.0,0.0,0.0,0.0,0.0,0.0,0.0,0.0,0.0,0.0,0.0,0.0,0.0,1.0,2.0,2.0,3.0,0.0,4.0,4.0,8.0,10.0,10.0,9.0,12.0
1019,1.0,1019.0,London_291,dim5,151,453,1092.0,70.0,2.0,151755.0,1.556140857981518,788.0,117.0,2.0,115.0,204.0,17.0,187.0,56.0,191.0,173.0,31.0,47.0,6.0,3.0,0.0,2.0,9.0,88.0,141.0,215.0,51.0,0.0,0.0,0.0,0.0,0.0,0.0,0.0,0.0,0.0,0.0,0.0,0.0,0.0,0.0,0.0,0.0,0.0,0.0,0.0,0.0,0.0,0.0,0.0,0.0,0.0,0.0,0.0,0.0,0.0,0.0,0.0,0.0,0.0,1.0,0.0,0.0,0.0,0.0,1.0,11.0,1.0,5.0,0.0,10.0,8.0,9.0,11.0,32.0,23.0,29.0,0.0,0.0,0.0,0.0,0.0,0.0,0.0,0.0,0.0,0.0,0.0,0.0,0.0,6.0,0.0,0.0,0.0,0.0,1.0,15.0,1.0,6.0,0.0,14.0,12.0,13.0,18.0,44.0,35.0,38.0
1020,1.0,1020.0,London_291,dim5,151,453,1092.0,70.0,2.0,133182.0,1.3469328179489821,747.0,72.0,0.0,72.0,132.0,0.0,132.0,204.0,197.0,155.0,23.0,52.0,2.0,20.0,0.0,4.0,10.0,87.0,130.0,226.0,49.0,0.0,0.0,0.0,0.0,0.0,0.0,0.0,0.0,0.0,0.0,0.0,0.0,0.0,0.0,0.0,0.0,0.0,0.0,0.0,0.0,0.0,0.0,0.0,0.0,0.0,0.0,0.0,0.0,0.0,0.0,0.0,0.0,0.0,0.0,0.0,0.0,0.0,0.0,1.0,5.0,0.0,1.0,0.0,6.0,2.0,3.0,6.0,16.0,15.0,11.0,0.0,0.0,0.0,0.0,0.0,0.0,0.0,0.0,0.0,0.0,0.0,0.0,0.0,0.0,0.0,0.0,0.0,0.0,1.0,8.0,0.0,1.0,0.0,10.0,3.0,4.0,9.0,23.0,25.0,11.0
1021,1.0,1021.0,London_291,dim5,151,453,1092.0,70.0,2.0,136806.0,1.2817193469963968,755.0,94.0,0.0,94.0,158.0,0.0,158.0,132.0,198.0,168.0,8.0,46.0,6.0,20.0,0.0,7.0,9.0,84.0,136.0,224.0,54.0,0.0,0.0,0.0,0.0,0.0,0.0,0.0,0.0,0.0,0.0,0.0,0.0,0.0,0.0,0.0,0.0,0.0,0.0,0.0,0.0,0.0,0.0,0.0,0.0,0.0,0.0,0.0,0.0,0.0,0.0,0.0,0.0,0.0,0.0,0.0,0.0,0.0,0.0,1.0,2.0,0.0,2.0,0.0,11.0,6.0,9.0,6.0,15.0,17.0,17.0,0.0,0.0,0.0,0.0,0.0,0.0,0.0,0.0,0.0,0.0,0.0,0.0,0.0,0.0,0.0,0.0,0.0,0.0,1.0,2.0,0.0,4.0,0.0,13.0,8.0,13.0,8.0,23.0,24.0,19.0
1022,1.0,1022.0,London_291,dim5,151,453,1092.0,70.0,2.0,132276.0,1.5095063208136708,745.0,122.0,0.0,122.0,215.0,0.0,215.0,158.0,203.0,175.0,11.0,36.0,6.0,16.0,1.0,5.0,11.0,76.0,149.0,217.0,53.0,0.0,0.0,0.0,0.0,0.0,0.0,0.0,0.0,0.0,0.0,0.0,0.0,0.0,0.0,0.0,0.0,0.0,0.0,0.0,0.0,0.0,0.0,0.0,0.0,0.0,0.0,0.0,0.0,0.0,0.0,0.0,0.0,0.0,0.0,0.0,0.0,0.0,0.0,2.0,4.0,1.0,2.0,2.0,8.0,5.0,6.0,9.0,23.0,40.0,22.0,0.0,0.0,0.0,0.0,0.0,0.0,0.0,0.0,0.0,0.0,0.0,0.0,0.0,0.0,0.0,0.0,0.0,0.0,3.0,6.0,1.0,6.0,2.0,9.0,5.0,8.0,13.0,37.0,61.0,27.0
1023,1.0,1023.0,London_291,dim5,151,453,1092.0,70.0,2.0,114156.0,1.1160472640767694,705.0,55.0,0.0,55.0,95.0,0.0,95.0,215.0,208.0,128.0,13.0,66.0,10.0,20.0,2.0,6.0,15.0,71.0,141.0,226.0,47.0,0.0,0.0,0.0,0.0,0.0,0.0,0.0,0.0,0.0,0.0,0.0,0.0,0.0,0.0,0.0,0.0,0.0,0.0,0.0,0.0,0.0,0.0,0.0,0.0,0.0,0.0,0.0,0.0,0.0,0.0,0.0,0.0,0.0,0.0,0.0,0.0,0.0,0.0,1.0,1.0,0.0,0.0,0.0,7.0,8.0,2.0,8.0,6.0,12.0,12.0,0.0,0.0,0.0,0.0,0.0,0.0,0.0,0.0,0.0,0.0,0.0,0.0,0.0,0.0,0.0,0.0,0.0,0.0,2.0,1.0,0.0,0.0,0.0,10.0,9.0,3.0,10.0,8.0,17.0,17.0
1024,1.0,1024.0,London_291,dim5,151,453,1092.0,70.0,2.0,119592.0,0.9740788559429348,717.0,13.0,0.0,13.0,17.0,0.0,17.0,95.0,212.0,123.0,18.0,68.0,7.0,20.0,2.0,3.0,15.0,79.0,146.0,213.0,57.0,0.0,0.0,0.0,0.0,0.0,0.0,0.0,0.0,0.0,0.0,0.0,0.0,0.0,0.0,0.0,0.0,0.0,0.0,0.0,0.0,0.0,0.0,0.0,0.0,0.0,0.0,0.0,0.0,0.0,0.0,0.0,0.0,0.0,0.0,0.0,0.0,0.0,0.0,1.0,1.0,0.0,0.0,0.0,1.0,4.0,0.0,1.0,2.0,3.0,4.0,0.0,0.0,0.0,0.0,0.0,0.0,0.0,0.0,0.0,0.0,0.0,0.0,0.0,0.0,0.0,0.0,0.0,0.0,1.0,1.0,0.0,0.0,0.0,2.0,5.0,0.0,1.0,3.0,4.0,5.0
1025,1.0,1025.0,London_291,dim5,151,453,1092.0,70.0,2.0,163080.0,1.1615823928732425,813.0,4.0,2.0,2.0,23.0,20.0,3.0,17.0,214.0,124.0,20.0,63.0,7.0,20.0,2.0,3.0,15.0,76.0,147.0,215.0,57.0,0.0,0.0,0.0,0.0,0.0,0.0,0.0,0.0,0.0,0.0,0.0,0.0,0.0,0.0,0.0,0.0,0.0,0.0,0.0,0.0,0.0,0.0,0.0,0.0,0.0,0.0,0.0,0.0,0.0,0.0,0.0,2.0,0.0,0.0,0.0,0.0,0.0,0.0,0.0,0.0,0.0,0.0,0.0,1.0,0.0,0.0,0.0,0.0,0.0,0.0,0.0,0.0,0.0,0.0,0.0,0.0,0.0,0.0,0.0,0.0,0.0,3.0,0.0,0.0,0.0,0.0,0.0,0.0,0.0,0.0,0.0,0.0,0.0,1.0,0.0,0.0,0.0,0.0,0.0,0.0
1026,1.0,1026.0,London_291,dim5,151,453,1092.0,70.0,2.0,207927.0,1.737298004096374,912.0,127.0,1.0,126.0,221.0,10.0,211.0,23.0,213.0,118.0,19.0,66.0,5.0,25.0,2.0,5.0,6.0,78.0,144.0,225.0,48.0,0.0,0.0,0.0,0.0,0.0,0.0,0.0,0.0,0.0,0.0,0.0,0.0,0.0,0.0,0.0,0.0,0.0,0.0,0.0,0.0,0.0,0.0,0.0,0.0,0.0,0.0,0.0,0.0,0.0,0.0,0.0,0.0,0.0,0.0,0.0,0.0,0.0,0.0,0.0,13.0,7.0,1.0,0.0,12.0,13.0,1.0,14.0,26.0,29.0,20.0,0.0,0.0,0.0,0.0,0.0,0.0,0.0,0.0,0.0,0.0,0.0,0.0,0.0,0.0,0.0,0.0,0.0,0.0,0.0,20.0,7.0,1.0,0.0,19.0,14.0,1.0,16.0,36.0,46.0,28.0
1027,1.0,1027.0,London_291,dim5,151,453,1092.0,70.0,2.0,202944.0,1.643637313041836,901.0,108.0,1.0,107.0,189.0,8.0,181.0,221.0,208.0,114.0,16.0,65.0,15.0,23.0,3.0,9.0,6.0,69.0,142.0,236.0,53.0,0.0,0.0,0.0,0.0,0.0,0.0,0.0,0.0,0.0,0.0,0.0,0.0,0.0,0.0,0.0,0.0,0.0,0.0,0.0,0.0,0.0,0.0,0.0,0.0,0.0,0.0,0.0,0.0,0.0,0.0,0.0,0.0,0.0,0.0,1.0,0.0,0.0,0.0,2.0,7.0,1.0,3.0,0.0,17.0,9.0,7.0,11.0,23.0,25.0,14.0,0.0,0.0,0.0,0.0,0.0,0.0,0.0,0.0,0.0,0.0,0.0,0.0,0.0,0.0,4.0,0.0,0.0,0.0,3.0,10.0,1.0,5.0,0.0,23.0,12.0,9.0,14.0,32.0,32.0,16.0
1028,1.0,1028.0,London_291,dim5,151,453,1092.0,70.0,2.0,207474.0,1.7882709968835115,911.0,157.0,2.0,155.0,295.0,18.0,277.0,189.0,213.0,122.0,19.0,54.0,11.0,25.0,1.0,8.0,10.0,80.0,145.0,218.0,56.0,0.0,0.0,0.0,0.0,0.0,0.0,0.0,0.0,0.0,0.0,0.0,0.0,0.0,0.0,0.0,0.0,0.0,0.0,0.0,0.0,0.0,0.0,0.0,0.0,0.0,0.0,0.0,0.0,1.0,0.0,0.0,0.0,0.0,1.0,1.0,0.0,0.0,0.0,0.0,8.0,2.0,1.0,0.0,7.0,2.0,6.0,7.0,31.0,32.0,34.0,0.0,0.0,0.0,0.0,0.0,0.0,0.0,0.0,3.0,0.0,0.0,0.0,0.0,7.0,4.0,0.0,0.0,0.0,0.0,11.0,2.0,2.0,0.0,10.0,2.0,8.0,9.0,46.0,50.0,45.0
1029,1.0,1029.0,London_291,dim5,151,453,1092.0,70.0,2.0,171234.0,1.1125069460831583,831.0,141.0,2.0,139.0,246.0,18.0,228.0,295.0,189.0,100.0,21.0,84.0,18.0,29.0,1.0,11.0,7.0,74.0,158.0,214.0,37.0,0.0,0.0,0.0,0.0,0.0,0.0,0.0,0.0,0.0,0.0,0.0,0.0,0.0,0.0,0.0,0.0,0.0,0.0,0.0,0.0,0.0,0.0,0.0,0.0,0.0,0.0,0.0,0.0,0.0,0.0,0.0,0.0,0.0,1.0,0.0,0.0,0.0,0.0,6.0,9.0,4.0,0.0,1.0,10.0,5.0,14.0,9.0,20.0,29.0,15.0,0.0,0.0,0.0,0.0,0.0,0.0,0.0,0.0,0.0,0.0,0.0,0.0,0.0,7.0,0.0,0.0,0.0,0.0,7.0,12.0,5.0,0.0,1.0,12.0,6.0,18.0,13.0,26.0,38.0,21.0
1030,1.0,1030.0,London_291,dim5,151,453,1092.0,70.0,2.0,149490.0,1.042594488011673,783.0,40.0,0.0,40.0,64.0,0.0,64.0,246.0,208.0,108.0,14.0,65.0,22.0,30.0,2.0,4.0,5.0,74.0,166.0,208.0,36.0,0.0,0.0,0.0,0.0,0.0,0.0,0.0,0.0,0.0,0.0,0.0,0.0,0.0,0.0,0.0,0.0,0.0,0.0,0.0,0.0,0.0,0.0,0.0,0.0,0.0,0.0,0.0,0.0,0.0,0.0,0.0,0.0,0.0,0.0,0.0,0.0,0.0,0.0,1.0,3.0,0.0,0.0,0.0,1.0,3.0,4.0,5.0,6.0,15.0,8.0,0.0,0.0,0.0,0.0,0.0,0.0,0.0,0.0,0.0,0.0,0.0,0.0,0.0,0.0,0.0,0.0,0.0,0.0,1.0,3.0,0.0,0.0,0.0,2.0,3.0,5.0,6.0,10.0,22.0,9.0
1031,1.0,1031.0,London_291,dim5,151,453,1092.0,70.0,2.0,175311.0,1.3793289030436426,840.0,134.0,0.0,134.0,224.0,0.0,224.0,64.0,211.0,118.0,14.0,55.0,21.0,30.0,1.0,3.0,5.0,76.0,168.0,204.0,42.0,0.0,0.0,0.0,0.0,0.0,0.0,0.0,0.0,0.0,0.0,0.0,0.0,0.0,0.0,0.0,0.0,0.0,0.0,0.0,0.0,0.0,0.0,0.0,0.0,0.0,0.0,0.0,0.0,0.0,0.0,0.0,0.0,0.0,0.0,0.0,0.0,0.0,0.0,0.0,14.0,0.0,0.0,0.0,8.0,2.0,16.0,11.0,23.0,29.0,20.0,0.0,0.0,0.0,0.0,0.0,0.0,0.0,0.0,0.0,0.0,0.0,0.0,0.0,0.0,0.0,0.0,0.0,0.0,0.0,20.0,0.0,0.0,0.0,12.0,3.0,16.0,14.0,33.0,43.0,24.0
1032,1.0,1032.0,London_291,dim5,151,453,1092.0,70.0,2.0,146772.0,1.110098733799532,777.0,104.0,2.0,102.0,205.0,16.0,189.0,224.0,223.0,105.0,10.0,59.0,21.0,29.0,2.0,4.0,7.0,70.0,159.0,217.0,46.0,0.0,0.0,0.0,0.0,0.0,0.0,0.0,0.0,0.0,0.0,0.0,0.0,0.0,0.0,0.0,0.0,0.0,0.0,0.0,0.0,0.0,0.0,0.0,0.0,0.0,0.0,0.0,0.0,0.0,0.0,0.0,0.0,0.0,0.0,0.0,0.0,0.0,0.0,4.0,2.0,0.0,1.0,1.0,12.0,10.0,12.0,8.0,14.0,27.0,17.0,0.0,0.0,0.0,0.0,0.0,0.0,0.0,0.0,0.0,0.0,0.0,0.0,0.0,0.0,0.0,0.0,0.0,0.0,5.0,2.0,0.0,4.0,1.0,17.0,15.0,16.0,11.0,24.0,47.0,27.0
1033,1.0,1033.0,London_291,dim5,151,453,1092.0,70.0,2.0,128652.0,0.8816703809425235,737.0,75.0,2.0,73.0,143.0,19.0,124.0,205.0,225.0,87.0,12.0,63.0,24.0,32.0,1.0,9.0,6.0,62.0,148.0,237.0,31.0,0.0,0.0,0.0,0.0,0.0,0.0,0.0,0.0,0.0,0.0,0.0,0.0,0.0,0.0,0.0,0.0,0.0,0.0,0.0,0.0,0.0,0.0,0.0,0.0,0.0,0.0,0.0,0.0,0.0,0.0,0.0,0.0,0.0,0.0,1.0,0.0,0.0,0.0,4.0,0.0,1.0,3.0,0.0,10.0,8.0,9.0,10.0,15.0,19.0,10.0,0.0,0.0,0.0,0.0,0.0,0.0,0.0,0.0,0.0,0.0,0.0,0.0,0.0,0.0,1.0,0.0,0.0,0.0,5.0,0.0,1.0,4.0,0.0,12.0,10.0,12.0,11.0,26.0,24.0,13.0
1034,1.0,1034.0,London_291,dim5,151,453,1092.0,70.0,2.0,129558.0,0.7131610738579184,739.0,6.0,1.0,5.0,18.0,9.0,9.0,143.0,220.0,92.0,18.0,69.0,22.0,23.0,3.0,6.0,6.0,70.0,140.0,237.0,28.0,0.0,0.0,0.0,0.0,0.0,0.0,0.0,0.0,0.0,0.0,0.0,0.0,0.0,0.0,0.0,0.0,0.0,0.0,0.0,0.0,0.0,0.0,0.0,0.0,0.0,0.0,0.0,0.0,0.0,0.0,0.0,1.0,0.0,0.0,1.0,0.0,0.0,0.0,0.0,0.0,0.0,0.0,0.0,1.0,0.0,0.0,1.0,2.0,0.0,2.0,0.0,0.0,0.0,0.0,0.0,0.0,0.0,0.0,0.0,0.0,0.0,6.0,0.0,0.0,7.0,0.0,0.0,0.0,0.0,0.0,0.0,0.0,0.0,4.0,0.0,0.0,3.0,2.0,0.0,2.0
1035,1.0,1035.0,London_291,dim5,151,453,1092.0,70.0,2.0,163533.0,1.396305336151272,814.0,95.0,0.0,95.0,161.0,0.0,161.0,18.0,216.0,98.0,18.0,72.0,17.0,23.0,3.0,6.0,6.0,68.0,136.0,243.0,30.0,0.0,0.0,0.0,0.0,0.0,0.0,0.0,0.0,0.0,0.0,0.0,0.0,0.0,0.0,0.0,0.0,0.0,0.0,0.0,0.0,0.0,0.0,0.0,0.0,0.0,0.0,0.0,0.0,0.0,0.0,0.0,0.0,0.0,0.0,0.0,0.0,0.0,0.0,4.0,2.0,0.0,3.0,0.0,10.0,10.0,5.0,11.0,14.0,18.0,16.0,0.0,0.0,0.0,0.0,0.0,0.0,0.0,0.0,0.0,0.0,0.0,0.0,0.0,0.0,0.0,0.0,0.0,0.0,6.0,2.0,0.0,5.0,0.0,16.0,12.0,6.0,14.0,16.0,29.0,21.0
1036,1.0,1036.0,London_291,dim5,151,453,1092.0,70.0,2.0,154020.0,2.0026802651118487,793.0,155.0,0.0,155.0,252.0,0.0,252.0,161.0,217.0,101.0,24.0,57.0,15.0,30.0,4.0,5.0,8.0,67.0,132.0,246.0,37.0,0.0,0.0,0.0,0.0,0.0,0.0,0.0,0.0,0.0,0.0,0.0,0.0,0.0,0.0,0.0,0.0,0.0,0.0,0.0,0.0,0.0,0.0,0.0,0.0,0.0,0.0,0.0,0.0,0.0,0.0,0.0,0.0,0.0,0.0,0.0,0.0,0.0,0.0,5.0,10.0,0.0,1.0,8.0,15.0,7.0,6.0,12.0,32.0,36.0,22.0,0.0,0.0,0.0,0.0,0.0,0.0,0.0,0.0,0.0,0.0,0.0,0.0,0.0,0.0,0.0,0.0,0.0,0.0,5.0,12.0,0.0,1.0,8.0,19.0,12.0,9.0,16.0,46.0,47.0,25.0
1037,1.0,1037.0,London_291,dim5,151,453,1092.0,70.0,2.0,118233.0,0.8394999511074275,714.0,73.0,0.0,73.0,131.0,0.0,131.0,252.0,215.0,110.0,16.0,72.0,7.0,24.0,1.0,8.0,7.0,78.0,130.0,238.0,27.0,0.0,0.0,0.0,0.0,0.0,0.0,0.0,0.0,0.0,0.0,0.0,0.0,0.0,0.0,0.0,0.0,0.0,0.0,0.0,0.0,0.0,0.0,0.0,0.0,0.0,0.0,0.0,0.0,0.0,0.0,0.0,0.0,0.0,0.0,0.0,0.0,0.0,0.0,6.0,1.0,0.0,1.0,0.0,7.0,5.0,3.0,9.0,19.0,20.0,19.0,0.0,0.0,0.0,0.0,0.0,0.0,0.0,0.0,0.0,0.0,0.0,0.0,0.0,0.0,0.0,0.0,0.0,0.0,9.0,2.0,0.0,2.0,0.0,8.0,8.0,4.0,11.0,29.0,29.0,24.0
1038,1.0,1038.0,London_291,dim5,151,453,1092.0,70.0,2.0,114156.0,0.8277248020749539,705.0,29.0,2.0,27.0,63.0,17.0,46.0,131.0,232.0,98.0,20.0,53.0,7.0,32.0,1.0,10.0,3.0,86.0,126.0,238.0,32.0,0.0,0.0,0.0,0.0,0.0,0.0,0.0,0.0,0.0,0.0,0.0,0.0,0.0,0.0,0.0,0.0,0.0,0.0,0.0,0.0,0.0,0.0,0.0,0.0,0.0,0.0,0.0,0.0,0.0,0.0,0.0,0.0,0.0,0.0,1.0,0.0,0.0,0.0,1.0,2.0,1.0,0.0,0.0,8.0,3.0,0.0,1.0,4.0,5.0,7.0,0.0,0.0,0.0,0.0,0.0,0.0,0.0,0.0,0.0,0.0,0.0,0.0,0.0,0.0,1.0,0.0,0.0,0.0,1.0,2.0,1.0,0.0,0.0,10.0,3.0,0.0,2.0,5.0,5.0,12.0
1039,1.0,1039.0,London_291,dim5,151,453,1092.0,70.0,2.0,127293.0,0.9579559301491827,734.0,56.0,1.0,55.0,101.0,11.0,90.0,63.0,232.0,88.0,24.0,64.0,6.0,32.0,0.0,7.0,2.0,88.0,120.0,243.0,31.0,0.0,0.0,0.0,0.0,0.0,0.0,0.0,0.0,0.0,0.0,0.0,0.0,0.0,0.0,0.0,0.0,0.0,0.0,0.0,0.0,0.0,0.0,0.0,0.0,0.0,0.0,0.0,0.0,0.0,1.0,0.0,1.0,0.0,0.0,1.0,0.0,0.0,0.0,2.0,2.0,1.0,1.0,0.0,11.0,4.0,3.0,9.0,5.0,15.0,8.0,0.0,0.0,0.0,0.0,0.0,0.0,0.0,0.0,0.0,2.0,0.0,3.0,0.0,0.0,9.0,0.0,0.0,0.0,3.0,3.0,2.0,2.0,0.0,15.0,6.0,4.0,11.0,7.0,21.0,9.0
1040,1.0,1040.0,London_291,dim5,151,453,1092.0,70.0,2.0,140883.0,1.2488688700832427,764.0,130.0,1.0,129.0,236.0,9.0,227.0,101.0,226.0,111.0,32.0,47.0,1.0,27.0,1.0,8.0,3.0,76.0,143.0,231.0,26.0,0.0,0.0,0.0,0.0,0.0,0.0,0.0,0.0,0.0,0.0,0.0,0.0,0.0,0.0,0.0,0.0,0.0,0.0,0.0,0.0,0.0,0.0,0.0,0.0,0.0,0.0,0.0,0.0,0.0,0.0,0.0,0.0,1.0,0.0,0.0,0.0,0.0,0.0,3.0,4.0,1.0,2.0,2.0,20.0,7.0,3.0,16.0,30.0,27.0,26.0,0.0,0.0,0.0,0.0,0.0,0.0,0.0,0.0,0.0,0.0,0.0,0.0,8.0,0.0,0.0,0.0,0.0,0.0,4.0,5.0,1.0,4.0,2.0,26.0,7.0,3.0,19.0,40.0,38.0,34.0
1041,1.0,1041.0,London_291,dim5,151,453,1092.0,70.0,2.0,120498.0,0.7244499188382179,719.0,0.0,0.0,0.0,0.0,0.0,0.0,236.0,218.0,110.0,10.0,73.0,2.0,34.0,2.0,4.0,5.0,81.0,130.0,237.0,38.0,0.0,0.0,0.0,0.0,0.0,0.0,0.0,0.0,0.0,0.0,0.0,0.0,0.0,0.0,0.0,0.0,0.0,0.0,0.0,0.0,0.0,0.0,0.0,0.0,0.0,0.0,0.0,0.0,0.0,0.0,0.0,0.0,0.0,0.0,0.0,0.0,0.0,0.0,0.0,0.0,0.0,0.0,0.0,0.0,0.0,0.0,0.0,0.0,0.0,0.0,0.0,0.0,0.0,0.0,0.0,0.0,0.0,0.0,0.0,0.0,0.0,0.0,0.0,0.0,0.0,0.0,0.0,0.0,0.0,0.0,0.0,0.0,0.0,0.0,0.0,0.0,0.0,0.0,0.0,0.0
1042,1.0,1042.0,London_291,dim5,151,453,1092.0,70.0,2.0,159909.0,1.4356878409162164,806.0,147.0,3.0,144.0,279.0,25.0,254.0,0.0,218.0,110.0,10.0,73.0,2.0,34.0,2.0,4.0,5.0,81.0,130.0,237.0,38.0,0.0,0.0,0.0,0.0,0.0,0.0,0.0,0.0,0.0,0.0,0.0,0.0,0.0,0.0,0.0,0.0,0.0,0.0,0.0,0.0,0.0,0.0,0.0,0.0,0.0,0.0,0.0,0.0,0.0,0.0,0.0,0.0,0.0,1.0,1.0,0.0,0.0,0.0,3.0,18.0,3.0,4.0,3.0,23.0,4.0,5.0,19.0,26.0,33.0,12.0,0.0,0.0,0.0,0.0,0.0,0.0,0.0,0.0,0.0,0.0,0.0,0.0,0.0,9.0,2.0,0.0,0.0,0.0,4.0,24.0,4.0,5.0,4.0,29.0,6.0,5.0,29.0,40.0,46.0,15.0
1043,1.0,1043.0,London_291,dim5,151,453,1092.0,70.0,2.0,124575.0,0.9281327771022916,728.0,36.0,1.0,35.0,71.0,9.0,62.0,279.0,199.0,125.0,15.0,81.0,8.0,17.0,1.0,7.0,4.0,94.0,124.0,231.0,44.0,0.0,0.0,0.0,0.0,0.0,0.0,0.0,0.0,0.0,0.0,0.0,0.0,0.0,0.0,0.0,0.0,0.0,0.0,0.0,0.0,0.0,0.0,0.0,0.0,0.0,0.0,0.0,0.0,0.0,0.0,0.0,0.0,0.0,0.0,0.0,0.0,0.0,0.0,0.0,3.0,0.0,1.0,0.0,8.0,4.0,8.0,6.0,7.0,6.0,8.0,0.0,0.0,0.0,0.0,0.0,0.0,0.0,0.0,0.0,0.0,0.0,0.0,0.0,0.0,0.0,0.0,0.0,0.0,0.0,3.0,0.0,2.0,0.0,9.0,9.0,13.0,11.0,8.0,9.0,10.0
1044,1.0,1044.0,London_291,dim5,151,453,1092.0,70.0,2.0,159909.0,0.9758346357848495,806.0,3.0,2.0,1.0,18.0,17.0,1.0,71.0,201.0,119.0,17.0,79.0,8.0,19.0,2.0,8.0,3.0,88.0,119.0,243.0,49.0,0.0,0.0,0.0,0.0,0.0,0.0,0.0,0.0,0.0,0.0,0.0,0.0,0.0,0.0,0.0,0.0,0.0,0.0,0.0,0.0,0.0,0.0,0.0,0.0,0.0,0.0,0.0,0.0,0.0,0.0,0.0,0.0,0.0,0.0,1.0,0.0,0.0,0.0,0.0,0.0,0.0,0.0,0.0,0.0,0.0,0.0,1.0,0.0,0.0,0.0,0.0,0.0,0.0,0.0,0.0,0.0,0.0,0.0,0.0,0.0,0.0,0.0,0.0,0.0,3.0,0.0,0.0,0.0,0.0,0.0,0.0,0.0,0.0,0.0,0.0,0.0,1.0,0.0,0.0,0.0
1045,1.0,1045.0,London_291,dim5,151,453,1092.0,70.0,2.0,207021.0,1.938189750071615,910.0,105.0,2.0,103.0,188.0,18.0,170.0,18.0,196.0,122.0,18.0,86.0,6.0,15.0,2.0,8.0,3.0,91.0,108.0,251.0,50.0,0.0,0.0,0.0,0.0,0.0,0.0,0.0,0.0,0.0,0.0,0.0,0.0,0.0,0.0,0.0,0.0,0.0,0.0,0.0,0.0,0.0,0.0,0.0,0.0,0.0,0.0,0.0,0.0,0.0,0.0,0.0,2.0,0.0,0.0,1.0,0.0,0.0,0.0,0.0,7.0,0.0,2.0,3.0,22.0,3.0,6.0,14.0,14.0,21.0,25.0,0.0,0.0,0.0,0.0,0.0,0.0,0.0,0.0,0.0,0.0,0.0,12.0,0.0,0.0,9.0,0.0,0.0,0.0,0.0,11.0,0.0,2.0,5.0,35.0,3.0,6.0,21.0,23.0,31.0,29.0
1046,1.0,1046.0,London_291,dim5,151,453,1092.0,70.0,2.0,208380.0,1.8183292769826949,913.0,126.0,0.0,126.0,211.0,0.0,211.0,188.0,179.0,153.0,13.0,81.0,4.0,15.0,2.0,6.0,3.0,95.0,131.0,224.0,55.0,0.0,0.0,0.0,0.0,0.0,0.0,0.0,0.0,0.0,0.0,0.0,0.0,0.0,0.0,0.0,0.0,0.0,0.0,0.0,0.0,0.0,0.0,0.0,0.0,0.0,0.0,0.0,0.0,0.0,0.0,0.0,0.0,0.0,0.0,0.0,0.0,0.0,0.0,5.0,1.0,1.0,2.0,1.0,15.0,7.0,7.0,17.0,21.0,37.0,26.0,0.0,0.0,0.0,0.0,0.0,0.0,0.0,0.0,0.0,0.0,0.0,0.0,0.0,0.0,0.0,0.0,0.0,0.0,5.0,1.0,1.0,4.0,1.0,20.0,9.0,8.0,24.0,35.0,49.0,32.0
1047,1.0,1047.0,London_291,dim5,151,453,1092.0,70.0,2.0,194790.0,1.2909819090273231,883.0,108.0,0.0,108.0,184.0,0.0,184.0,211.0,187.0,126.0,18.0,90.0,6.0,16.0,2.0,8.0,6.0,81.0,134.0,232.0,66.0,0.0,0.0,0.0,0.0,0.0,0.0,0.0,0.0,0.0,0.0,0.0,0.0,0.0,0.0,0.0,0.0,0.0,0.0,0.0,0.0,0.0,0.0,0.0,0.0,0.0,0.0,0.0,0.0,0.0,0.0,0.0,0.0,0.0,0.0,0.0,0.0,0.0,0.0,3.0,2.0,0.0,2.0,0.0,6.0,8.0,7.0,16.0,22.0,21.0,22.0,0.0,0.0,0.0,0.0,0.0,0.0,0.0,0.0,0.0,0.0,0.0,0.0,0.0,0.0,0.0,0.0,0.0,0.0,3.0,2.0,0.0,4.0,0.0,8.0,9.0,9.0,22.0,34.0,30.0,25.0
1048,1.0,1048.0,London_291,dim5,151,453,1092.0,70.0,2.0,183918.0,1.6851394809782505,859.0,124.0,2.0,122.0,231.0,19.0,212.0,184.0,186.0,130.0,9.0,75.0,14.0,26.0,2.0,11.0,11.0,75.0,144.0,223.0,60.0,0.0,0.0,0.0,0.0,0.0,0.0,0.0,0.0,0.0,0.0,0.0,0.0,0.0,0.0,0.0,0.0,0.0,0.0,0.0,0.0,0.0,0.0,0.0,0.0,0.0,0.0,0.0,0.0,0.0,0.0,0.0,0.0,0.0,0.0,2.0,0.0,0.0,0.0,3.0,5.0,0.0,6.0,0.0,13.0,10.0,11.0,12.0,23.0,32.0,17.0,0.0,0.0,0.0,0.0,0.0,0.0,0.0,0.0,0.0,0.0,0.0,0.0,0.0,0.0,7.0,0.0,0.0,0.0,3.0,6.0,0.0,9.0,0.0,18.0,15.0,13.0,13.0,35.0,46.0,23.0
1049,1.0,1049.0,London_291,dim5,151,453,1092.0,70.0,2.0,163080.0,1.284179330104962,813.0,94.0,0.0,94.0,159.0,0.0,159.0,231.0,198.0,132.0,17.0,60.0,10.0,25.0,2.0,9.0,8.0,88.0,138.0,219.0,55.0,0.0,0.0,0.0,0.0,0.0,0.0,0.0,0.0,0.0,0.0,0.0,0.0,0.0,0.0,0.0,0.0,0.0,0.0,0.0,0.0,0.0,0.0,0.0,0.0,0.0,0.0,0.0,0.0,0.0,0.0,0.0,0.0,0.0,0.0,0.0,0.0,0.0,0.0,1.0,4.0,1.0,0.0,1.0,12.0,9.0,7.0,13.0,17.0,15.0,19.0,0.0,0.0,0.0,0.0,0.0,0.0,0.0,0.0,0.0,0.0,0.0,0.0,0.0,0.0,0.0,0.0,0.0,0.0,1.0,6.0,1.0,0.0,1.0,16.0,13.0,8.0,16.0,26.0,19.0,26.0
1050,1.0,1050.0,London_291,dim5,151,453,1092.0,70.0,2.0,150849.0,1.3967276769690216,786.0,121.0,2.0,119.0,221.0,19.0,202.0,159.0,206.0,133.0,6.0,55.0,11.0,29.0,3.0,10.0,10.0,78.0,138.0,227.0,49.0,0.0,0.0,0.0,0.0,0.0,0.0,0.0,0.0,0.0,1.0,0.0,1.0,0.0,0.0,0.0,0.0,0.0,0.0,1.0,0.0,0.0,0.0,0.0,0.0,0.0,0.0,0.0,0.0,1.0,0.0,0.0,1.0,0.0,1.0,1.0,0.0,0.0,0.0,3.0,6.0,0.0,3.0,0.0,18.0,12.0,3.0,15.0,17.0,30.0,18.0,0.0,0.0,0.0,0.0,0.0,0.0,0.0,0.0,2.0,0.0,0.0,2.0,0.0,6.0,5.0,0.0,0.0,0.0,3.0,7.0,0.0,4.0,0.0,26.0,16.0,5.0,18.0,27.0,44.0,22.0
1051,1.0,1051.0,London_291,dim5,151,453,1092.0,70.0,2.0,126387.0,0.8863818529061973,732.0,118.0,0.0,118.0,213.0,0.0,213.0,213.0,223.0,107.0,7.0,70.0,14.0,25.0,2.0,5.0,8.0,85.0,143.0,217.0,47.0,0.0,0.0,0.0,0.0,0.0,0.0,0.0,0.0,0.0,0.0,0.0,0.0,0.0,0.0,0.0,0.0,0.0,0.0,0.0,0.0,0.0,0.0,0.0,0.0,0.0,0.0,0.0,0.0,0.0,0.0,0.0,0.0,0.0,0.0,0.0,0.0,0.0,0.0,4.0,14.0,0.0,3.0,1.0,14.0,11.0,7.0,20.0,32.0,27.0,22.0,0.0,0.0,0.0,0.0,0.0,0.0,0.0,0.0,0.0,0.0,0.0,0.0,0.0,0.0,0.0,0.0,0.0,0.0,5.0,18.0,0.0,5.0,1.0,18.0,16.0,11.0,25.0,50.0,43.0,32.0
1052,1.0,1052.0,London_291,dim5,151,453,1092.0,70.0,2.0,109173.0,0.8616679899860173,694.0,56.0,0.0,56.0,99.0,0.0,99.0,213.0,233.0,93.0,11.0,66.0,15.0,28.0,1.0,6.0,8.0,93.0,159.0,193.0,42.0,0.0,0.0,0.0,0.0,0.0,0.0,0.0,0.0,0.0,0.0,0.0,0.0,0.0,0.0,0.0,0.0,0.0,0.0,0.0,0.0,0.0,0.0,0.0,0.0,0.0,0.0,0.0,0.0,0.0,0.0,0.0,0.0,0.0,0.0,0.0,0.0,0.0,0.0,5.0,0.0,1.0,1.0,0.0,8.0,7.0,5.0,8.0,8.0,16.0,13.0,0.0,0.0,0.0,0.0,0.0,0.0,0.0,0.0,0.0,0.0,0.0,0.0,0.0,0.0,0.0,0.0,0.0,0.0,5.0,0.0,1.0,2.0,0.0,8.0,10.0,7.0,11.0,12.0,23.0,16.0
1053,1.0,1053.0,London_291,dim5,151,453,1092.0,70.0,2.0,111891.0,1.190678742947057,700.0,8.0,0.0,8.0,10.0,0.0,10.0,99.0,231.0,92.0,6.0,67.0,17.0,27.0,1.0,12.0,9.0,92.0,158.0,194.0,50.0,0.0,0.0,0.0,0.0,0.0,0.0,0.0,0.0,0.0,0.0,0.0,0.0,0.0,0.0,0.0,0.0,0.0,0.0,0.0,0.0,0.0,0.0,0.0,0.0,0.0,0.0,0.0,0.0,0.0,0.0,0.0,0.0,0.0,0.0,0.0,0.0,0.0,0.0,0.0,0.0,0.0,1.0,0.0,2.0,0.0,1.0,0.0,1.0,2.0,0.0,0.0,0.0,0.0,0.0,0.0,0.0,0.0,0.0,0.0,0.0,0.0,0.0,0.0,0.0,0.0,0.0,0.0,0.0,0.0,0.0,0.0,1.0,0.0,2.0,0.0,1.0,0.0,1.0,4.0,0.0
1054,1.0,1054.0,London_291,dim5,151,453,1092.0,70.0,2.0,147678.0,1.2024719291366637,779.0,80.0,2.0,78.0,147.0,18.0,129.0,10.0,230.0,93.0,5.0,67.0,17.0,28.0,1.0,12.0,9.0,93.0,160.0,191.0,51.0,0.0,0.0,0.0,0.0,0.0,0.0,0.0,0.0,0.0,0.0,0.0,0.0,0.0,0.0,0.0,0.0,0.0,0.0,0.0,0.0,0.0,0.0,0.0,0.0,0.0,0.0,0.0,0.0,0.0,0.0,0.0,1.0,0.0,0.0,1.0,0.0,0.0,0.0,3.0,9.0,0.0,1.0,1.0,7.0,6.0,4.0,7.0,11.0,18.0,12.0,0.0,0.0,0.0,0.0,0.0,0.0,0.0,0.0,0.0,0.0,0.0,1.0,0.0,0.0,4.0,0.0,0.0,0.0,5.0,11.0,0.0,1.0,1.0,8.0,9.0,5.0,7.0,15.0,24.0,15.0
1055,1.0,1055.0,London_291,dim5,151,453,1092.0,70.0,2.0,152661.0,1.2964835718739778,790.0,51.0,0.0,51.0,90.0,0.0,90.0,147.0,221.0,96.0,10.0,66.0,19.0,26.0,2.0,13.0,8.0,94.0,156.0,195.0,39.0,0.0,0.0,0.0,0.0,0.0,0.0,0.0,0.0,0.0,0.0,0.0,0.0,0.0,0.0,0.0,0.0,0.0,0.0,0.0,0.0,0.0,0.0,0.0,0.0,0.0,0.0,0.0,0.0,0.0,0.0,0.0,0.0,0.0,0.0,0.0,0.0,0.0,0.0,2.0,4.0,0.0,1.0,0.0,3.0,3.0,1.0,6.0,7.0,16.0,10.0,0.0,0.0,0.0,0.0,0.0,0.0,0.0,0.0,0.0,0.0,0.0,0.0,0.0,0.0,0.0,0.0,0.0,0.0,4.0,7.0,0.0,1.0,0.0,3.0,3.0,1.0,8.0,12.0,24.0,15.0
1056,1.0,1056.0,London_291,dim5,151,453,1092.0,70.0,2.0,165345.0,1.429807037115097,818.0,149.0,2.0,147.0,276.0,20.0,256.0,90.0,225.0,105.0,12.0,49.0,20.0,28.0,1.0,13.0,8.0,90.0,158.0,197.0,47.0,0.0,0.0,0.0,0.0,0.0,0.0,0.0,0.0,0.0,0.0,0.0,0.0,0.0,0.0,0.0,0.0,0.0,0.0,0.0,0.0,0.0,0.0,0.0,0.0,0.0,0.0,0.0,0.0,0.0,1.0,0.0,2.0,0.0,1.0,2.0,0.0,0.0,0.0,3.0,18.0,2.0,5.0,0.0,3.0,2.0,0.0,3.0,29.0,32.0,24.0,0.0,0.0,0.0,0.0,0.0,0.0,0.0,0.0,0.0,6.0,0.0,10.0,0.0,5.0,11.0,0.0,0.0,0.0,4.0,30.0,2.0,7.0,0.0,3.0,4.0,0.0,4.0,48.0,39.0,31.0
1057,1.0,1057.0,London_291,dim5,151,453,1092.0,70.0,2.0,139071.0,0.857802719110623,760.0,72.0,2.0,70.0,143.0,18.0,125.0,276.0,185.0,93.0,19.0,96.0,17.0,35.0,3.0,5.0,6.0,78.0,155.0,214.0,50.0,0.0,0.0,0.0,0.0,0.0,0.0,0.0,0.0,0.0,0.0,0.0,0.0,0.0,0.0,0.0,0.0,0.0,0.0,0.0,0.0,0.0,0.0,0.0,0.0,0.0,0.0,0.0,0.0,0.0,0.0,0.0,0.0,0.0,0.0,0.0,0.0,0.0,0.0,4.0,4.0,0.0,1.0,0.0,5.0,6.0,4.0,8.0,14.0,14.0,16.0,0.0,0.0,0.0,0.0,0.0,0.0,0.0,0.0,0.0,0.0,0.0,0.0,0.0,0.0,0.0,0.0,0.0,0.0,6.0,7.0,0.0,1.0,0.0,6.0,10.0,5.0,12.0,21.0,22.0,21.0
1058,1.0,1058.0,London_291,dim5,151,453,1092.0,70.0,2.0,150396.0,0.9231932100374252,785.0,53.0,2.0,51.0,109.0,19.0,90.0,143.0,187.0,99.0,21.0,81.0,17.0,43.0,3.0,2.0,9.0,83.0,157.0,204.0,54.0,0.0,0.0,0.0,0.0,0.0,0.0,0.0,0.0,0.0,0.0,0.0,0.0,0.0,0.0,0.0,0.0,0.0,0.0,0.0,0.0,0.0,0.0,0.0,0.0,0.0,0.0,0.0,0.0,1.0,0.0,0.0,1.0,0.0,1.0,0.0,0.0,0.0,0.0,0.0,0.0,0.0,0.0,0.0,3.0,6.0,1.0,5.0,9.0,17.0,8.0,0.0,0.0,0.0,0.0,0.0,0.0,0.0,0.0,4.0,0.0,0.0,5.0,0.0,6.0,0.0,0.0,0.0,0.0,0.0,0.0,0.0,0.0,0.0,3.0,12.0,1.0,5.0,14.0,26.0,10.0
1059,1.0,1059.0,London_291,dim5,151,453,1092.0,70.0,2.0,173046.0,1.2729952849913388,835.0,119.0,1.0,118.0,218.0,8.0,210.0,109.0,191.0,105.0,25.0,59.0,20.0,46.0,3.0,4.0,8.0,91.0,153.0,201.0,53.0,0.0,0.0,0.0,0.0,0.0,0.0,0.0,0.0,0.0,0.0,0.0,0.0,0.0,0.0,0.0,0.0,0.0,0.0,0.0,0.0,0.0,0.0,0.0,0.0,0.0,0.0,0.0,0.0,0.0,1.0,0.0,1.0,1.0,0.0,1.0,0.0,0.0,0.0,5.0,6.0,0.0,0.0,2.0,10.0,8.0,3.0,17.0,29.0,17.0,14.0,0.0,0.0,0.0,0.0,0.0,0.0,0.0,0.0,0.0,3.0,0.0,1.0,7.0,0.0,7.0,0.0,0.0,0.0,6.0,9.0,0.0,0.0,2.0,13.0,11.0,4.0,21.0,38.0,25.0,19.0
1060,1.0,1060.0,London_291,dim5,151,453,1092.0,70.0,2.0,162174.0,1.2338102250359952,811.0,79.0,0.0,79.0,131.0,0.0,131.0,218.0,191.0,95.0,20.0,68.0,18.0,52.0,2.0,7.0,9.0,90.0,139.0,215.0,38.0,0.0,0.0,0.0,0.0,0.0,0.0,0.0,0.0,0.0,0.0,0.0,0.0,0.0,0.0,0.0,0.0,0.0,0.0,0.0,0.0,0.0,0.0,0.0,0.0,0.0,0.0,0.0,0.0,0.0,0.0,0.0,0.0,0.0,0.0,0.0,0.0,0.0,0.0,1.0,5.0,1.0,3.0,1.0,8.0,8.0,6.0,8.0,14.0,25.0,10.0,0.0,0.0,0.0,0.0,0.0,0.0,0.0,0.0,0.0,0.0,0.0,0.0,0.0,0.0,0.0,0.0,0.0,0.0,1.0,11.0,1.0,3.0,1.0,11.0,9.0,6.0,11.0,19.0,36.0,17.0
1061,1.0,1061.0,London_291,dim5,151,453,1092.0,70.0,2.0,164892.0,1.3061640460509807,817.0,79.0,2.0,77.0,151.0,17.0,134.0,131.0,196.0,104.0,11.0,71.0,18.0,45.0,1.0,7.0,12.0,79.0,153.0,209.0,46.0,0.0,0.0,0.0,0.0,0.0,0.0,0.0,0.0,0.0,0.0,0.0,0.0,0.0,0.0,0.0,0.0,0.0,0.0,0.0,0.0,0.0,0.0,0.0,0.0,0.0,0.0,0.0,0.0,0.0,1.0,0.0,0.0,0.0,1.0,1.0,0.0,0.0,0.0,5.0,2.0,0.0,0.0,0.0,3.0,7.0,7.0,7.0,19.0,16.0,13.0,0.0,0.0,0.0,0.0,0.0,0.0,0.0,0.0,0.0,6.0,0.0,0.0,0.0,7.0,1.0,0.0,0.0,0.0,5.0,2.0,0.0,0.0,0.0,3.0,9.0,9.0,9.0,26.0,26.0,19.0
1062,1.0,1062.0,London_291,dim5,151,453,1092.0,70.0,2.0,170781.0,1.2783825809601694,830.0,70.0,0.0,70.0,107.0,0.0,107.0,151.0,208.0,114.0,12.0,54.0,15.0,42.0,3.0,5.0,9.0,73.0,161.0,210.0,51.0,0.0,0.0,0.0,0.0,0.0,0.0,0.0,0.0,0.0,0.0,0.0,0.0,0.0,0.0,0.0,0.0,0.0,0.0,0.0,0.0,0.0,0.0,0.0,0.0,0.0,0.0,0.0,0.0,0.0,0.0,0.0,0.0,0.0,0.0,0.0,0.0,0.0,0.0,1.0,3.0,0.0,0.0,1.0,2.0,6.0,6.0,6.0,11.0,15.0,13.0,0.0,0.0,0.0,0.0,0.0,0.0,0.0,0.0,0.0,0.0,0.0,0.0,0.0,0.0,0.0,0.0,0.0,0.0,1.0,5.0,0.0,0.0,1.0,3.0,9.0,7.0,9.0,17.0,18.0,17.0
1063,1.0,1063.0,London_291,dim5,151,453,1092.0,70.0,2.0,184824.0,1.5043370688799769,861.0,115.0,0.0,115.0,205.0,0.0,205.0,107.0,217.0,119.0,17.0,29.0,20.0,44.0,3.0,4.0,10.0,74.0,175.0,194.0,45.0,0.0,0.0,0.0,0.0,0.0,0.0,0.0,0.0,0.0,0.0,0.0,0.0,0.0,0.0,0.0,0.0,0.0,0.0,0.0,0.0,0.0,0.0,0.0,0.0,0.0,0.0,0.0,0.0,0.0,0.0,0.0,0.0,0.0,0.0,0.0,0.0,0.0,0.0,2.0,12.0,0.0,2.0,3.0,7.0,7.0,8.0,4.0,21.0,31.0,17.0,0.0,0.0,0.0,0.0,0.0,0.0,0.0,0.0,0.0,0.0,0.0,0.0,0.0,0.0,0.0,0.0,0.0,0.0,2.0,15.0,0.0,3.0,3.0,11.0,12.0,9.0,4.0,31.0,47.0,26.0
1064,1.0,1064.0,London_291,dim5,151,453,1092.0,70.0,2.0,171687.0,1.6355813050176948,832.0,83.0,0.0,83.0,142.0,0.0,142.0,205.0,215.0,82.0,19.0,59.0,25.0,47.0,2.0,4.0,10.0,77.0,149.0,217.0,38.0,0.0,0.0,0.0,0.0,0.0,0.0,0.0,0.0,0.0,0.0,0.0,0.0,0.0,0.0,0.0,0.0,0.0,0.0,0.0,0.0,0.0,0.0,0.0,0.0,0.0,0.0,0.0,0.0,0.0,0.0,0.0,0.0,0.0,0.0,0.0,0.0,0.0,0.0,5.0,2.0,2.0,2.0,0.0,7.0,6.0,5.0,12.0,13.0,23.0,17.0,0.0,0.0,0.0,0.0,0.0,0.0,0.0,0.0,0.0,0.0,0.0,0.0,0.0,0.0,0.0,0.0,0.0,0.0,5.0,2.0,2.0,3.0,0.0,12.0,9.0,5.0,14.0,17.0,31.0,23.0
1065,1.0,1065.0,London_291,dim5,151,453,1092.0,70.0,2.0,180294.0,1.1893507591448724,851.0,112.0,0.0,112.0,187.0,0.0,187.0,142.0,228.0,80.0,21.0,46.0,29.0,43.0,1.0,5.0,10.0,74.0,160.0,209.0,32.0,0.0,0.0,0.0,0.0,0.0,0.0,0.0,0.0,0.0,0.0,0.0,0.0,0.0,0.0,0.0,0.0,0.0,0.0,0.0,0.0,0.0,0.0,0.0,0.0,0.0,0.0,0.0,0.0,0.0,0.0,0.0,0.0,0.0,0.0,0.0,0.0,0.0,0.0,3.0,5.0,0.0,3.0,0.0,2.0,16.0,6.0,6.0,20.0,20.0,27.0,0.0,0.0,0.0,0.0,0.0,0.0,0.0,0.0,0.0,0.0,0.0,0.0,0.0,0.0,0.0,0.0,0.0,0.0,3.0,6.0,0.0,3.0,0.0,3.0,23.0,9.0,9.0,33.0,32.0,33.0
1066,1.0,1066.0,London_291,dim5,151,453,1092.0,70.0,2.0,168063.0,1.048489856068045,824.0,109.0,0.0,109.0,178.0,0.0,178.0,187.0,231.0,63.0,18.0,52.0,27.0,55.0,1.0,6.0,8.0,76.0,160.0,209.0,27.0,0.0,0.0,0.0,0.0,0.0,0.0,0.0,0.0,0.0,0.0,0.0,0.0,0.0,0.0,0.0,0.0,0.0,0.0,0.0,0.0,0.0,0.0,0.0,0.0,0.0,0.0,0.0,0.0,0.0,0.0,0.0,0.0,0.0,0.0,0.0,0.0,0.0,0.0,0.0,1.0,0.0,2.0,0.0,14.0,7.0,3.0,7.0,23.0,22.0,18.0,0.0,0.0,0.0,0.0,0.0,0.0,0.0,0.0,0.0,0.0,0.0,0.0,0.0,0.0,0.0,0.0,0.0,0.0,0.0,1.0,0.0,2.0,0.0,15.0,9.0,3.0,8.0,30.0,34.0,25.0
1067,1.0,1067.0,London_291,dim5,151,453,1092.0,70.0,2.0,158097.0,0.9775534828659147,802.0,72.0,2.0,70.0,134.0,20.0,114.0,178.0,214.0,63.0,16.0,53.0,31.0,63.0,1.0,12.0,10.0,80.0,151.0,212.0,32.0,0.0,0.0,0.0,0.0,0.0,0.0,0.0,0.0,0.0,0.0,0.0,0.0,0.0,0.0,0.0,0.0,0.0,0.0,0.0,0.0,0.0,0.0,0.0,0.0,0.0,0.0,0.0,0.0,0.0,0.0,0.0,2.0,0.0,0.0,1.0,0.0,0.0,0.0,4.0,3.0,0.0,1.0,1.0,7.0,9.0,6.0,12.0,8.0,19.0,19.0,0.0,0.0,0.0,0.0,0.0,0.0,0.0,0.0,0.0,0.0,0.0,10.0,0.0,0.0,4.0,0.0,0.0,0.0,6.0,4.0,0.0,2.0,1.0,7.0,14.0,7.0,13.0,12.0,28.0,22.0
1068,1.0,1068.0,London_291,dim5,151,453,1092.0,70.0,2.0,167610.0,1.2475074420217425,823.0,84.0,1.0,83.0,152.0,10.0,142.0,134.0,220.0,64.0,16.0,52.0,30.0,63.0,1.0,7.0,7.0,77.0,146.0,223.0,36.0,0.0,0.0,0.0,0.0,0.0,0.0,0.0,0.0,0.0,0.0,0.0,0.0,0.0,0.0,0.0,0.0,0.0,0.0,0.0,0.0,0.0,0.0,0.0,0.0,0.0,0.0,0.0,0.0,0.0,0.0,0.0,0.0,0.0,0.0,0.0,0.0,0.0,0.0,5.0,6.0,2.0,2.0,0.0,11.0,11.0,7.0,12.0,15.0,21.0,18.0,0.0,0.0,0.0,0.0,0.0,0.0,0.0,0.0,0.0,0.0,0.0,0.0,0.0,0.0,0.0,0.0,0.0,0.0,6.0,8.0,2.0,4.0,0.0,13.0,17.0,9.0,18.0,26.0,28.0,22.0
1069,1.0,1069.0,London_291,dim5,151,453,1092.0,70.0,2.0,180294.0,1.2204860800411552,851.0,88.0,1.0,87.0,164.0,8.0,156.0,152.0,212.0,68.0,20.0,51.0,28.0,65.0,1.0,8.0,12.0,77.0,145.0,219.0,40.0,0.0,0.0,0.0,0.0,0.0,0.0,0.0,0.0,0.0,0.0,0.0,0.0,0.0,0.0,0.0,0.0,0.0,0.0,0.0,0.0,0.0,0.0,0.0,0.0,0.0,0.0,0.0,0.0,0.0,0.0,0.0,0.0,0.0,0.0,1.0,0.0,0.0,0.0,5.0,10.0,3.0,4.0,0.0,15.0,3.0,6.0,3.0,19.0,22.0,13.0,0.0,0.0,0.0,0.0,0.0,0.0,0.0,0.0,0.0,0.0,0.0,0.0,0.0,0.0,3.0,0.0,0.0,0.0,10.0,14.0,3.0,9.0,0.0,21.0,5.0,6.0,5.0,39.0,28.0,18.0
1070,1.0,1070.0,London_291,dim5,151,453,1092.0,70.0,2.0,176217.0,2.200958445901051,842.0,52.0,2.0,50.0,98.0,18.0,80.0,164.0,205.0,62.0,26.0,51.0,27.0,66.0,1.0,15.0,8.0,67.0,149.0,229.0,35.0,0.0,0.0,0.0,0.0,0.0,0.0,0.0,0.0,0.0,0.0,0.0,0.0,0.0,0.0,0.0,0.0,0.0,0.0,0.0,0.0,0.0,0.0,0.0,0.0,0.0,0.0,0.0,0.0,1.0,0.0,0.0,0.0,0.0,1.0,1.0,0.0,0.0,0.0,2.0,1.0,0.0,0.0,0.0,8.0,5.0,2.0,7.0,12.0,12.0,11.0,0.0,0.0,0.0,0.0,0.0,0.0,0.0,0.0,6.0,0.0,0.0,0.0,0.0,7.0,1.0,0.0,0.0,0.0,2.0,1.0,0.0,0.0,0.0,10.0,6.0,3.0,9.0,16.0,16.0,12.0
1071,1.0,1071.0,London_291,dim5,151,453,1092.0,70.0,2.0,187542.0,1.34381017787382,867.0,150.0,2.0,148.0,270.0,18.0,252.0,98.0,192.0,65.0,27.0,57.0,26.0,70.0,0.0,16.0,5.0,77.0,138.0,233.0,40.0,0.0,0.0,0.0,0.0,0.0,0.0,0.0,0.0,0.0,0.0,0.0,0.0,0.0,0.0,0.0,0.0,0.0,0.0,0.0,0.0,0.0,0.0,0.0,0.0,0.0,0.0,0.0,0.0,0.0,0.0,0.0,0.0,0.0,1.0,0.0,0.0,0.0,0.0,7.0,13.0,0.0,2.0,3.0,14.0,8.0,3.0,8.0,32.0,34.0,32.0,0.0,0.0,0.0,0.0,0.0,0.0,0.0,0.0,0.0,0.0,0.0,0.0,0.0,7.0,0.0,0.0,0.0,0.0,8.0,19.0,0.0,3.0,3.0,21.0,12.0,3.0,9.0,48.0,46.0,41.0
1072,1.0,1072.0,London_291,dim5,151,453,1092.0,70.0,2.0,143601.0,0.8145935679785907,770.0,48.0,0.0,48.0,77.0,0.0,77.0,270.0,146.0,86.0,18.0,91.0,22.0,71.0,0.0,19.0,8.0,76.0,156.0,213.0,48.0,0.0,0.0,0.0,0.0,0.0,0.0,0.0,0.0,0.0,0.0,0.0,0.0,0.0,0.0,0.0,0.0,0.0,0.0,0.0,0.0,0.0,0.0,0.0,0.0,0.0,0.0,0.0,0.0,0.0,0.0,0.0,0.0,0.0,0.0,0.0,0.0,0.0,0.0,0.0,1.0,0.0,3.0,1.0,7.0,8.0,3.0,3.0,10.0,7.0,12.0,0.0,0.0,0.0,0.0,0.0,0.0,0.0,0.0,0.0,0.0,0.0,0.0,0.0,0.0,0.0,0.0,0.0,0.0,0.0,3.0,0.0,3.0,2.0,10.0,13.0,5.0,5.0,13.0,10.0,16.0
1073,1.0,1073.0,London_291,dim5,151,453,1092.0,70.0,2.0,154926.0,1.244543386157602,795.0,137.0,0.0,137.0,241.0,0.0,241.0,77.0,152.0,80.0,23.0,82.0,19.0,79.0,1.0,17.0,9.0,83.0,149.0,212.0,58.0,0.0,0.0,0.0,0.0,0.0,0.0,0.0,0.0,0.0,0.0,0.0,0.0,0.0,0.0,0.0,0.0,0.0,0.0,0.0,0.0,0.0,0.0,0.0,0.0,0.0,0.0,0.0,0.0,0.0,0.0,0.0,0.0,0.0,0.0,0.0,0.0,0.0,0.0,2.0,11.0,2.0,1.0,1.0,15.0,3.0,19.0,10.0,30.0,27.0,23.0,0.0,0.0,0.0,0.0,0.0,0.0,0.0,0.0,0.0,0.0,0.0,0.0,0.0,0.0,0.0,0.0,0.0,0.0,3.0,13.0,2.0,2.0,1.0,19.0,4.0,27.0,13.0,44.0,35.0,29.0
1074,1.0,1074.0,London_291,dim5,151,453,1092.0,70.0,2.0,128199.0,0.6703003770671785,736.0,30.0,2.0,28.0,60.0,16.0,44.0,241.0,151.0,94.0,16.0,63.0,23.0,92.0,2.0,12.0,9.0,73.0,153.0,218.0,43.0,0.0,0.0,0.0,0.0,0.0,0.0,0.0,0.0,0.0,0.0,0.0,0.0,0.0,0.0,0.0,0.0,0.0,0.0,0.0,0.0,0.0,0.0,0.0,0.0,0.0,0.0,0.0,0.0,0.0,0.0,0.0,1.0,0.0,0.0,0.0,0.0,0.0,0.0,3.0,0.0,0.0,1.0,0.0,4.0,4.0,0.0,1.0,6.0,3.0,5.0,0.0,0.0,0.0,0.0,0.0,0.0,0.0,0.0,0.0,0.0,0.0,1.0,0.0,0.0,0.0,0.0,0.0,0.0,3.0,0.0,0.0,1.0,0.0,4.0,6.0,0.0,1.0,7.0,3.0,6.0
1075,1.0,1075.0,London_291,dim5,151,453,1092.0,70.0,2.0,144960.0,1.0224473511334509,773.0,149.0,2.0,147.0,281.0,19.0,262.0,60.0,162.0,92.0,10.0,76.0,24.0,79.0,2.0,8.0,11.0,74.0,141.0,227.0,51.0,0.0,0.0,0.0,0.0,0.0,0.0,0.0,0.0,0.0,0.0,0.0,0.0,0.0,0.0,0.0,0.0,0.0,0.0,0.0,0.0,0.0,0.0,0.0,0.0,0.0,0.0,0.0,0.0,0.0,0.0,0.0,1.0,0.0,0.0,1.0,0.0,0.0,0.0,4.0,11.0,0.0,2.0,6.0,5.0,9.0,10.0,5.0,36.0,31.0,27.0,0.0,0.0,0.0,0.0,0.0,0.0,0.0,0.0,0.0,0.0,0.0,5.0,0.0,0.0,4.0,0.0,0.0,0.0,4.0,19.0,0.0,2.0,8.0,5.0,11.0,11.0,6.0,58.0,45.0,33.0
1076,1.0,1076.0,London_291,dim5,151,453,1092.0,70.0,2.0,102831.0,0.5449424551334232,680.0,72.0,1.0,71.0,132.0,9.0,123.0,281.0,127.0,107.0,17.0,93.0,19.0,76.0,1.0,13.0,8.0,91.0,129.0,225.0,48.0,0.0,0.0,0.0,0.0,0.0,0.0,0.0,0.0,0.0,0.0,0.0,0.0,0.0,0.0,0.0,0.0,0.0,0.0,0.0,0.0,0.0,0.0,0.0,0.0,0.0,0.0,0.0,0.0,1.0,0.0,0.0,1.0,0.0,0.0,1.0,0.0,0.0,0.0,1.0,7.0,0.0,1.0,0.0,12.0,9.0,5.0,10.0,15.0,15.0,17.0,0.0,0.0,0.0,0.0,0.0,0.0,0.0,0.0,6.0,0.0,0.0,4.0,0.0,0.0,7.0,0.0,0.0,0.0,1.0,11.0,0.0,1.0,0.0,15.0,13.0,8.0,12.0,21.0,21.0,22.0
1077,1.0,1077.0,London_291,dim5,151,453,1092.0,70.0,2.0,108720.0,0.8018596849869937,693.0,0.0,0.0,0.0,0.0,0.0,0.0,132.0,137.0,130.0,18.0,71.0,13.0,73.0,0.0,11.0,11.0,88.0,124.0,230.0,54.0,0.0,0.0,0.0,0.0,0.0,0.0,0.0,0.0,0.0,0.0,0.0,0.0,0.0,0.0,0.0,0.0,0.0,0.0,0.0,0.0,0.0,0.0,0.0,0.0,0.0,0.0,0.0,0.0,0.0,0.0,0.0,0.0,0.0,0.0,0.0,0.0,0.0,0.0,0.0,0.0,0.0,0.0,0.0,0.0,0.0,0.0,0.0,0.0,0.0,0.0,0.0,0.0,0.0,0.0,0.0,0.0,0.0,0.0,0.0,0.0,0.0,0.0,0.0,0.0,0.0,0.0,0.0,0.0,0.0,0.0,0.0,0.0,0.0,0.0,0.0,0.0,0.0,0.0,0.0,0.0
1078,1.0,1078.0,London_291,dim5,151,453,1092.0,70.0,2.0,150396.0,0.8037308701314032,785.0,19.0,0.0,19.0,33.0,0.0,33.0,0.0,137.0,130.0,18.0,71.0,13.0,73.0,0.0,11.0,11.0,88.0,124.0,230.0,54.0,0.0,0.0,0.0,0.0,0.0,0.0,0.0,0.0,0.0,0.0,0.0,0.0,0.0,0.0,0.0,0.0,0.0,0.0,0.0,0.0,0.0,0.0,0.0,0.0,0.0,0.0,0.0,0.0,0.0,0.0,0.0,0.0,0.0,0.0,0.0,0.0,0.0,0.0,0.0,1.0,0.0,1.0,1.0,1.0,1.0,0.0,4.0,2.0,7.0,5.0,0.0,0.0,0.0,0.0,0.0,0.0,0.0,0.0,0.0,0.0,0.0,0.0,0.0,0.0,0.0,0.0,0.0,0.0,0.0,1.0,0.0,2.0,1.0,2.0,1.0,0.0,5.0,2.0,9.0,7.0
1079,1.0,1079.0,London_291,dim5,151,453,1092.0,70.0,2.0,185277.0,1.3965034640859812,862.0,162.0,0.0,162.0,292.0,0.0,292.0,33.0,139.0,134.0,20.0,69.0,13.0,69.0,0.0,9.0,11.0,86.0,133.0,223.0,59.0,0.0,0.0,0.0,0.0,0.0,0.0,0.0,0.0,0.0,0.0,0.0,0.0,0.0,0.0,0.0,0.0,0.0,0.0,0.0,0.0,0.0,0.0,0.0,0.0,0.0,0.0,0.0,0.0,0.0,0.0,0.0,0.0,0.0,0.0,0.0,0.0,0.0,0.0,1.0,4.0,0.0,3.0,2.0,4.0,8.0,28.0,10.0,21.0,41.0,16.0,0.0,0.0,0.0,0.0,0.0,0.0,0.0,0.0,0.0,0.0,0.0,0.0,0.0,0.0,0.0,0.0,0.0,0.0,1.0,8.0,0.0,3.0,2.0,5.0,11.0,39.0,14.0,39.0,59.0,19.0
1080,1.0,1080.0,London_291,dim5,151,453,1092.0,70.0,2.0,149943.0,0.7831318669486791,784.0,79.0,2.0,77.0,152.0,17.0,135.0,292.0,149.0,103.0,22.0,91.0,16.0,61.0,1.0,10.0,4.0,80.0,134.0,235.0,31.0,0.0,0.0,0.0,0.0,0.0,0.0,0.0,0.0,0.0,0.0,0.0,0.0,0.0,0.0,0.0,0.0,0.0,0.0,0.0,0.0,0.0,0.0,0.0,0.0,0.0,0.0,0.0,0.0,0.0,0.0,0.0,1.0,0.0,0.0,1.0,0.0,0.0,0.0,6.0,1.0,0.0,0.0,1.0,4.0,11.0,7.0,13.0,17.0,13.0,18.0,0.0,0.0,0.0,0.0,0.0,0.0,0.0,0.0,0.0,0.0,0.0,1.0,0.0,0.0,1.0,0.0,0.0,0.0,8.0,1.0,0.0,0.0,2.0,5.0,15.0,13.0,21.0,25.0,24.0,26.0
1081,1.0,1081.0,London_291,dim5,151,453,1092.0,70.0,2.0,161268.0,0.9651884150225669,809.0,47.0,1.0,46.0,83.0,11.0,72.0,152.0,143.0,122.0,24.0,89.0,14.0,56.0,0.0,5.0,3.0,77.0,131.0,242.0,47.0,0.0,0.0,0.0,0.0,0.0,0.0,0.0,0.0,0.0,0.0,0.0,0.0,0.0,0.0,0.0,0.0,0.0,0.0,0.0,0.0,0.0,0.0,0.0,0.0,0.0,0.0,0.0,0.0,0.0,1.0,0.0,1.0,0.0,0.0,1.0,0.0,0.0,0.0,3.0,2.0,0.0,0.0,0.0,5.0,4.0,2.0,5.0,12.0,8.0,7.0,0.0,0.0,0.0,0.0,0.0,0.0,0.0,0.0,0.0,4.0,0.0,5.0,0.0,0.0,6.0,0.0,0.0,0.0,3.0,2.0,0.0,0.0,0.0,5.0,6.0,2.0,7.0,19.0,9.0,10.0
1082,1.0,1082.0,London_291,dim5,151,453,1092.0,70.0,2.0,178482.0,1.374610115075484,847.0,112.0,1.0,111.0,206.0,9.0,197.0,83.0,146.0,130.0,23.0,87.0,10.0,53.0,0.0,4.0,5.0,72.0,138.0,238.0,52.0,0.0,0.0,0.0,0.0,0.0,0.0,0.0,0.0,0.0,0.0,0.0,0.0,0.0,0.0,0.0,0.0,0.0,0.0,0.0,0.0,0.0,0.0,0.0,0.0,0.0,0.0,0.0,0.0,0.0,0.0,0.0,0.0,1.0,0.0,0.0,0.0,0.0,0.0,4.0,6.0,0.0,2.0,0.0,12.0,8.0,3.0,11.0,25.0,29.0,18.0,0.0,0.0,0.0,0.0,0.0,0.0,0.0,0.0,0.0,0.0,0.0,0.0,6.0,0.0,0.0,0.0,0.0,0.0,6.0,11.0,0.0,3.0,0.0,20.0,13.0,4.0,15.0,41.0,36.0,27.0
1083,1.0,1083.0,London_291,dim5,151,453,1092.0,70.0,2.0,170781.0,1.0117797579150647,830.0,83.0,0.0,83.0,127.0,0.0,127.0,206.0,155.0,106.0,23.0,83.0,10.0,66.0,3.0,7.0,10.0,80.0,143.0,220.0,55.0,0.0,0.0,0.0,0.0,0.0,0.0,0.0,0.0,0.0,0.0,0.0,0.0,0.0,0.0,0.0,0.0,0.0,0.0,0.0,0.0,0.0,0.0,0.0,0.0,0.0,0.0,0.0,0.0,0.0,0.0,0.0,0.0,0.0,0.0,0.0,0.0,0.0,0.0,2.0,4.0,0.0,0.0,0.0,4.0,7.0,2.0,5.0,15.0,15.0,19.0,0.0,0.0,0.0,0.0,0.0,0.0,0.0,0.0,0.0,0.0,0.0,0.0,0.0,0.0,0.0,0.0,0.0,0.0,3.0,6.0,0.0,0.0,0.0,5.0,11.0,2.0,6.0,17.0,20.0,26.0
1084,1.0,1084.0,London_291,dim5,151,453,1092.0,70.0,2.0,164892.0,1.0007268581539392,817.0,95.0,3.0,92.0,168.0,25.0,143.0,127.0,158.0,99.0,26.0,80.0,10.0,72.0,3.0,5.0,13.0,82.0,152.0,206.0,67.0,0.0,0.0,0.0,0.0,0.0,0.0,0.0,0.0,0.0,0.0,0.0,0.0,0.0,0.0,0.0,0.0,0.0,0.0,0.0,0.0,0.0,0.0,0.0,0.0,0.0,0.0,0.0,0.0,0.0,0.0,0.0,1.0,0.0,1.0,0.0,0.0,0.0,0.0,1.0,10.0,0.0,1.0,0.0,9.0,7.0,5.0,12.0,22.0,11.0,21.0,0.0,0.0,0.0,0.0,0.0,0.0,0.0,0.0,0.0,0.0,0.0,4.0,0.0,7.0,0.0,0.0,0.0,0.0,1.0,15.0,0.0,2.0,0.0,13.0,12.0,5.0,16.0,35.0,16.0,27.0
1085,1.0,1085.0,London_291,dim5,151,453,1092.0,70.0,2.0,159003.0,1.0173708451911807,804.0,75.0,1.0,74.0,130.0,9.0,121.0,168.0,163.0,102.0,32.0,77.0,8.0,66.0,2.0,3.0,9.0,88.0,152.0,204.0,60.0,0.0,0.0,0.0,0.0,0.0,0.0,0.0,0.0,0.0,0.0,0.0,0.0,0.0,0.0,0.0,0.0,0.0,0.0,0.0,0.0,0.0,0.0,0.0,0.0,0.0,0.0,0.0,0.0,0.0,0.0,0.0,0.0,0.0,0.0,0.0,0.0,0.0,0.0,6.0,2.0,0.0,1.0,0.0,2.0,9.0,11.0,5.0,16.0,13.0,17.0,0.0,0.0,0.0,0.0,0.0,0.0,0.0,0.0,0.0,0.0,0.0,0.0,0.0,0.0,0.0,0.0,0.0,0.0,7.0,4.0,0.0,1.0,0.0,4.0,12.0,12.0,5.0,24.0,19.0,21.0
1086,1.0,1086.0,London_291,dim5,151,453,1092.0,70.0,2.0,169422.0,1.4456215668469667,827.0,117.0,2.0,115.0,220.0,17.0,203.0,130.0,167.0,96.0,37.0,66.0,10.0,74.0,1.0,2.0,8.0,87.0,143.0,215.0,66.0,0.0,0.0,0.0,0.0,0.0,0.0,0.0,0.0,0.0,0.0,0.0,0.0,0.0,0.0,0.0,0.0,0.0,0.0,0.0,0.0,0.0,0.0,0.0,0.0,0.0,0.0,0.0,0.0,0.0,0.0,0.0,0.0,0.0,0.0,0.0,0.0,0.0,0.0,0.0,10.0,2.0,2.0,0.0,33.0,5.0,6.0,8.0,20.0,34.0,10.0,0.0,0.0,0.0,0.0,0.0,0.0,0.0,0.0,0.0,0.0,0.0,0.0,0.0,0.0,0.0,0.0,0.0,0.0,0.0,17.0,3.0,5.0,0.0,42.0,7.0,8.0,14.0,31.0,54.0,15.0
1087,1.0,1087.0,London_291,dim5,151,453,1092.0,70.0,2.0,152208.0,1.145370040088892,789.0,159.0,2.0,157.0,289.0,18.0,271.0,220.0,191.0,107.0,29.0,57.0,13.0,51.0,0.0,5.0,4.0,86.0,135.0,228.0,32.0,0.0,0.0,0.0,0.0,0.0,0.0,0.0,0.0,0.0,0.0,0.0,0.0,0.0,0.0,0.0,0.0,0.0,0.0,0.0,0.0,0.0,0.0,0.0,0.0,0.0,0.0,0.0,0.0,2.0,0.0,0.0,2.0,0.0,0.0,1.0,0.0,0.0,0.0,7.0,15.0,2.0,3.0,11.0,14.0,11.0,11.0,12.0,25.0,30.0,33.0,0.0,0.0,0.0,0.0,0.0,0.0,0.0,0.0,2.0,0.0,0.0,5.0,0.0,0.0,3.0,0.0,0.0,0.0,8.0,19.0,3.0,3.0,11.0,18.0,13.0,11.0,18.0,42.0,42.0,40.0
1088,1.0,1088.0,London_291,dim5,151,453,1092.0,70.0,2.0,115515.0,0.6223752310033888,708.0,2.0,0.0,2.0,3.0,0.0,3.0,289.0,163.0,110.0,21.0,94.0,11.0,46.0,2.0,6.0,5.0,81.0,140.0,227.0,43.0,0.0,0.0,0.0,0.0,0.0,0.0,0.0,0.0,0.0,0.0,0.0,0.0,0.0,0.0,0.0,0.0,0.0,0.0,0.0,0.0,0.0,0.0,0.0,0.0,0.0,0.0,0.0,0.0,0.0,0.0,0.0,0.0,0.0,0.0,0.0,0.0,0.0,0.0,0.0,0.0,0.0,0.0,0.0,0.0,0.0,0.0,0.0,1.0,0.0,0.0,0.0,0.0,0.0,0.0,0.0,0.0,0.0,0.0,0.0,0.0,0.0,0.0,0.0,0.0,0.0,0.0,0.0,0.0,0.0,0.0,0.0,0.0,0.0,0.0,0.0,0.0,0.0,1.0,0.0,0.0
1089,1.0,1089.0,London_291,dim5,151,453,1092.0,70.0,2.0,158097.0,1.0096724070608616,802.0,54.0,0.0,54.0,88.0,0.0,88.0,3.0,163.0,110.0,21.0,96.0,11.0,44.0,2.0,6.0,5.0,81.0,141.0,226.0,43.0,0.0,0.0,0.0,0.0,0.0,0.0,0.0,0.0,0.0,0.0,0.0,0.0,0.0,0.0,0.0,0.0,0.0,0.0,0.0,0.0,0.0,0.0,0.0,0.0,0.0,0.0,0.0,0.0,0.0,0.0,0.0,0.0,0.0,0.0,0.0,0.0,0.0,0.0,3.0,2.0,0.0,4.0,0.0,6.0,5.0,2.0,3.0,9.0,13.0,11.0,0.0,0.0,0.0,0.0,0.0,0.0,0.0,0.0,0.0,0.0,0.0,0.0,0.0,0.0,0.0,0.0,0.0,0.0,3.0,3.0,0.0,6.0,0.0,8.0,7.0,2.0,3.0,15.0,21.0,13.0
1090,1.0,1090.0,London_291,dim5,151,453,1092.0,70.0,2.0,171234.0,1.25143165118061,831.0,34.0,2.0,32.0,84.0,19.0,65.0,88.0,171.0,108.0,23.0,91.0,7.0,45.0,2.0,6.0,7.0,88.0,140.0,218.0,50.0,0.0,0.0,0.0,0.0,0.0,0.0,0.0,0.0,0.0,0.0,0.0,0.0,0.0,0.0,0.0,0.0,0.0,0.0,0.0,0.0,0.0,0.0,0.0,0.0,0.0,0.0,0.0,0.0,0.0,0.0,0.0,0.0,0.0,0.0,2.0,0.0,0.0,0.0,1.0,0.0,0.0,1.0,0.0,7.0,3.0,1.0,3.0,12.0,9.0,9.0,0.0,0.0,0.0,0.0,0.0,0.0,0.0,0.0,0.0,0.0,0.0,0.0,0.0,0.0,13.0,0.0,0.0,0.0,2.0,0.0,0.0,2.0,0.0,13.0,5.0,2.0,5.0,23.0,13.0,11.0
1091,1.0,1091.0,London_291,dim5,151,453,1092.0,70.0,2.0,206568.0,1.7748448671773076,909.0,146.0,0.0,146.0,248.0,0.0,248.0,84.0,179.0,100.0,26.0,105.0,6.0,26.0,4.0,7.0,6.0,90.0,137.0,220.0,46.0,0.0,0.0,0.0,0.0,0.0,0.0,0.0,0.0,0.0,0.0,0.0,0.0,0.0,0.0,0.0,0.0,0.0,0.0,0.0,0.0,0.0,0.0,0.0,0.0,0.0,0.0,0.0,0.0,0.0,0.0,0.0,0.0,0.0,0.0,0.0,0.0,0.0,0.0,4.0,1.0,4.0,2.0,2.0,18.0,6.0,10.0,16.0,28.0,29.0,25.0,0.0,0.0,0.0,0.0,0.0,0.0,0.0,0.0,0.0,0.0,0.0,0.0,0.0,0.0,0.0,0.0,0.0,0.0,4.0,1.0,4.0,3.0,2.0,23.0,8.0,11.0,21.0,42.0,41.0,35.0
1092,1.0,1092.0,London_291,dim5,151,453,1092.0,70.0,2.0,174858.0,1.5619180630892515,839.0,161.0,2.0,159.0,288.0,19.0,269.0,248.0,187.0,123.0,19.0,95.0,5.0,16.0,4.0,4.0,6.0,73.0,151.0,223.0,45.0,0.0,0.0,0.0,0.0,0.0,0.0,0.0,0.0,0.0,1.0,0.0,1.0,0.0,0.0,0.0,0.0,0.0,0.0,1.0,0.0,0.0,0.0,0.0,0.0,0.0,0.0,0.0,0.0,1.0,0.0,0.0,1.0,0.0,1.0,1.0,0.0,0.0,0.0,1.0,6.0,1.0,2.0,11.0,10.0,11.0,15.0,15.0,32.0,30.0,20.0,0.0,0.0,0.0,0.0,0.0,0.0,0.0,0.0,3.0,0.0,0.0,2.0,0.0,6.0,4.0,0.0,0.0,0.0,1.0,8.0,1.0,2.0,11.0,12.0,14.0,24.0,21.0,45.0,42.0,25.0
1093,1.0,1093.0,London_291,dim5,151,453,1092.0,70.0,2.0,137712.0,0.967466281959787,757.0,98.0,0.0,98.0,166.0,0.0,166.0,283.0,210.0,108.0,22.0,76.0,6.0,21.0,4.0,6.0,10.0,82.0,138.0,223.0,44.0,0.0,0.0,0.0,0.0,0.0,0.0,0.0,0.0,0.0,0.0,0.0,0.0,0.0,0.0,0.0,0.0,0.0,0.0,0.0,0.0,0.0,0.0,0.0,0.0,0.0,0.0,0.0,0.0,0.0,0.0,0.0,0.0,0.0,0.0,0.0,0.0,0.0,0.0,3.0,1.0,0.0,0.0,0.0,10.0,14.0,5.0,5.0,23.0,24.0,19.0,0.0,0.0,0.0,0.0,0.0,0.0,0.0,0.0,0.0,0.0,0.0,0.0,0.0,0.0,0.0,0.0,0.0,0.0,4.0,1.0,0.0,0.0,0.0,11.0,16.0,9.0,5.0,37.0,31.0,26.0
1094,1.0,1094.0,London_291,dim5,151,453,1092.0,70.0,2.0,120045.0,0.8019782130140811,718.0,34.0,0.0,34.0,61.0,0.0,61.0,166.0,225.0,109.0,29.0,51.0,5.0,24.0,4.0,6.0,9.0,80.0,147.0,217.0,34.0,0.0,0.0,0.0,0.0,0.0,0.0,0.0,0.0,0.0,0.0,0.0,0.0,0.0,0.0,0.0,0.0,0.0,0.0,0.0,0.0,0.0,0.0,0.0,0.0,0.0,0.0,0.0,0.0,0.0,0.0,0.0,0.0,0.0,0.0,0.0,0.0,0.0,0.0,2.0,1.0,0.0,2.0,0.0,4.0,5.0,1.0,3.0,6.0,9.0,8.0,0.0,0.0,0.0,0.0,0.0,0.0,0.0,0.0,0.0,0.0,0.0,0.0,0.0,0.0,0.0,0.0,0.0,0.0,3.0,1.0,0.0,4.0,0.0,5.0,7.0,1.0,5.0,11.0,12.0,11.0
1095,1.0,1095.0,London_291,dim5,151,453,1092.0,70.0,2.0,135900.0,1.2771113640628755,753.0,152.0,0.0,152.0,260.0,0.0,260.0,61.0,229.0,112.0,29.0,43.0,6.0,23.0,5.0,6.0,9.0,77.0,151.0,216.0,37.0,0.0,0.0,0.0,0.0,0.0,0.0,0.0,0.0,0.0,0.0,0.0,0.0,0.0,0.0,0.0,0.0,0.0,0.0,0.0,0.0,0.0,0.0,0.0,0.0,0.0,0.0,0.0,0.0,0.0,0.0,0.0,0.0,0.0,0.0,0.0,0.0,0.0,0.0,3.0,4.0,0.0,0.0,4.0,14.0,10.0,7.0,10.0,22.0,38.0,17.0,0.0,0.0,0.0,0.0,0.0,0.0,0.0,0.0,0.0,0.0,0.0,0.0,0.0,0.0,0.0,0.0,0.0,0.0,4.0,6.0,0.0,0.0,4.0,16.0,13.0,8.0,14.0,37.0,52.0,18.0
1096,1.0,1096.0,London_291,dim5,151,453,1092.0,70.0,2.0,86070.0,0.5927080630790442,643.0,22.0,2.0,20.0,51.0,18.0,33.0,260.0,200.0,97.0,24.0,85.0,4.0,25.0,2.0,16.0,5.0,72.0,156.0,220.0,34.0,0.0,0.0,0.0,0.0,0.0,0.0,0.0,0.0,0.0,0.0,0.0,0.0,0.0,0.0,0.0,0.0,0.0,0.0,0.0,0.0,0.0,0.0,0.0,0.0,0.0,0.0,0.0,0.0,0.0,0.0,0.0,1.0,0.0,0.0,1.0,0.0,0.0,0.0,1.0,0.0,0.0,0.0,0.0,2.0,2.0,0.0,2.0,6.0,5.0,3.0,0.0,0.0,0.0,0.0,0.0,0.0,0.0,0.0,0.0,0.0,0.0,4.0,0.0,0.0,5.0,0.0,0.0,0.0,1.0,0.0,0.0,0.0,0.0,4.0,2.0,0.0,3.0,8.0,7.0,5.0
1097,1.0,1097.0,London_291,dim5,151,453,1092.0,70.0,2.0,112797.0,0.7476410269737244,702.0,84.0,0.0,84.0,147.0,0.0,147.0,51.0,195.0,98.0,18.0,96.0,5.0,27.0,2.0,12.0,6.0,73.0,154.0,220.0,41.0,0.0,0.0,0.0,0.0,0.0,0.0,0.0,0.0,0.0,0.0,0.0,0.0,0.0,0.0,0.0,0.0,0.0,0.0,0.0,0.0,0.0,0.0,0.0,0.0,0.0,0.0,0.0,0.0,0.0,0.0,0.0,0.0,0.0,0.0,0.0,0.0,0.0,0.0,2.0,2.0,0.0,0.0,0.0,7.0,7.0,7.0,11.0,13.0,17.0,18.0,0.0,0.0,0.0,0.0,0.0,0.0,0.0,0.0,0.0,0.0,0.0,0.0,0.0,0.0,0.0,0.0,0.0,0.0,2.0,4.0,0.0,0.0,0.0,9.0,10.0,9.0,14.0,22.0,30.0,27.0
1098,1.0,1098.0,London_291,dim5,151,453,1092.0,70.0,2.0,113250.0,0.8014875359367579,703.0,42.0,2.0,40.0,83.0,20.0,63.0,147.0,203.0,107.0,17.0,69.0,6.0,39.0,2.0,10.0,6.0,80.0,146.0,221.0,50.0,0.0,0.0,0.0,0.0,0.0,0.0,0.0,0.0,0.0,0.0,0.0,0.0,0.0,0.0,0.0,0.0,0.0,0.0,0.0,0.0,0.0,0.0,0.0,0.0,0.0,0.0,0.0,0.0,0.0,1.0,0.0,1.0,0.0,1.0,2.0,0.0,0.0,0.0,1.0,1.0,0.0,0.0,0.0,7.0,1.0,2.0,8.0,3.0,17.0,6.0,0.0,0.0,0.0,0.0,0.0,0.0,0.0,0.0,0.0,5.0,0.0,3.0,0.0,7.0,8.0,0.0,0.0,0.0,1.0,2.0,0.0,0.0,0.0,9.0,1.0,3.0,12.0,3.0,22.0,9.0
1099,1.0,1099.0,London_291,dim5,151,453,1092.0,70.0,2.0,129558.0,1.0210912500042468,739.0,57.0,2.0,55.0,118.0,18.0,100.0,83.0,206.0,112.0,12.0,78.0,4.0,30.0,2.0,9.0,2.0,77.0,151.0,223.0,48.0,0.0,0.0,0.0,0.0,0.0,0.0,0.0,0.0,0.0,0.0,0.0,0.0,0.0,0.0,0.0,0.0,0.0,0.0,0.0,0.0,0.0,0.0,0.0,0.0,0.0,0.0,0.0,0.0,0.0,0.0,0.0,0.0,0.0,0.0,0.0,0.0,0.0,0.0,4.0,2.0,1.0,1.0,0.0,8.0,7.0,8.0,6.0,12.0,15.0,17.0,0.0,0.0,0.0,0.0,0.0,0.0,0.0,0.0,0.0,0.0,0.0,0.0,0.0,0.0,0.0,0.0,0.0,0.0,4.0,5.0,1.0,2.0,0.0,13.0,8.0,10.0,10.0,19.0,21.0,26.0
1100,1.0,1100.0,London_291,dim5,151,453,1092.0,70.0,2.0,138165.0,1.0858750708866864,758.0,61.0,2.0,59.0,118.0,19.0,99.0,118.0,189.0,107.0,12.0,91.0,8.0,37.0,0.0,9.0,0.0,87.0,147.0,219.0,51.0,0.0,0.0,0.0,0.0,0.0,0.0,0.0,0.0,0.0,0.0,0.0,0.0,0.0,0.0,0.0,0.0,0.0,0.0,0.0,0.0,0.0,0.0,0.0,0.0,0.0,0.0,0.0,0.0,1.0,0.0,0.0,1.0,0.0,1.0,0.0,0.0,0.0,0.0,1.0,4.0,0.0,2.0,0.0,8.0,4.0,6.0,10.0,15.0,14.0,11.0,0.0,0.0,0.0,0.0,0.0,0.0,0.0,0.0,1.0,0.0,0.0,3.0,0.0,5.0,0.0,0.0,0.0,0.0,1.0,6.0,0.0,3.0,0.0,12.0,7.0,7.0,14.0,24.0,20.0,14.0
1101,1.0,1101.0,London_291,dim5,151,453,1092.0,70.0,2.0,144054.0,1.2282893089577556,771.0,40.0,1.0,39.0,78.0,8.0,70.0,118.0,190.0,106.0,12.0,97.0,7.0,30.0,0.0,11.0,3.0,88.0,141.0,221.0,61.0,0.0,0.0,0.0,0.0,0.0,0.0,0.0,0.0,0.0,0.0,0.0,0.0,0.0,0.0,0.0,0.0,0.0,0.0,0.0,0.0,0.0,0.0,0.0,0.0,0.0,0.0,0.0,0.0,0.0,1.0,0.0,1.0,0.0,0.0,1.0,0.0,0.0,0.0,6.0,2.0,0.0,2.0,2.0,11.0,2.0,3.0,5.0,3.0,14.0,5.0,0.0,0.0,0.0,0.0,0.0,0.0,0.0,0.0,0.0,1.0,0.0,4.0,0.0,0.0,3.0,0.0,0.0,0.0,8.0,2.0,0.0,3.0,2.0,13.0,4.0,4.0,7.0,6.0,19.0,6.0
1102,1.0,1102.0,London_291,dim5,151,453,1092.0,70.0,2.0,168063.0,1.7031058589927852,824.0,73.0,0.0,73.0,125.0,0.0,125.0,78.0,190.0,115.0,6.0,102.0,0.0,30.0,1.0,9.0,6.0,87.0,148.0,212.0,62.0,0.0,0.0,0.0,0.0,0.0,0.0,0.0,0.0,0.0,0.0,0.0,0.0,0.0,0.0,0.0,0.0,0.0,0.0,0.0,0.0,0.0,0.0,0.0,0.0,0.0,0.0,0.0,0.0,0.0,0.0,0.0,0.0,0.0,0.0,0.0,0.0,0.0,0.0,4.0,2.0,0.0,1.0,2.0,5.0,5.0,4.0,12.0,15.0,19.0,13.0,0.0,0.0,0.0,0.0,0.0,0.0,0.0,0.0,0.0,0.0,0.0,0.0,0.0,0.0,0.0,0.0,0.0,0.0,6.0,2.0,0.0,1.0,2.0,7.0,6.0,6.0,15.0,24.0,24.0,15.0
1103,1.0,1103.0,London_291,dim5,151,453,1092.0,70.0,2.0,174858.0,1.690481728874147,839.0,161.0,2.0,159.0,280.0,17.0,263.0,125.0,182.0,120.0,14.0,88.0,4.0,36.0,1.0,8.0,10.0,86.0,149.0,208.0,64.0,0.0,0.0,0.0,0.0,0.0,0.0,0.0,0.0,0.0,0.0,0.0,0.0,0.0,0.0,0.0,0.0,0.0,0.0,0.0,0.0,0.0,0.0,0.0,0.0,0.0,0.0,0.0,0.0,0.0,1.0,0.0,0.0,0.0,1.0,1.0,0.0,0.0,0.0,4.0,3.0,1.0,3.0,8.0,19.0,5.0,7.0,11.0,35.0,34.0,23.0,0.0,0.0,0.0,0.0,0.0,0.0,0.0,0.0,0.0,2.0,0.0,0.0,0.0,8.0,1.0,0.0,0.0,0.0,5.0,4.0,1.0,5.0,8.0,27.0,8.0,8.0,16.0,52.0,49.0,25.0
1104,1.0,1104.0,London_291,dim5,151,453,1092.0,70.0,2.0,138618.0,1.4117349449079484,759.0,67.0,0.0,67.0,113.0,0.0,113.0,280.0,187.0,134.0,20.0,76.0,4.0,24.0,3.0,5.0,6.0,70.0,147.0,230.0,23.0,0.0,0.0,0.0,0.0,0.0,0.0,0.0,0.0,0.0,0.0,0.0,0.0,0.0,0.0,0.0,0.0,0.0,0.0,0.0,0.0,0.0,0.0,0.0,0.0,0.0,0.0,0.0,0.0,0.0,0.0,0.0,0.0,0.0,0.0,0.0,0.0,0.0,0.0,3.0,3.0,0.0,1.0,1.0,13.0,3.0,1.0,3.0,20.0,11.0,17.0,0.0,0.0,0.0,0.0,0.0,0.0,0.0,0.0,0.0,0.0,0.0,0.0,0.0,0.0,0.0,0.0,0.0,0.0,4.0,4.0,0.0,2.0,1.0,20.0,5.0,2.0,3.0,32.0,14.0,19.0
1105,1.0,1105.0,London_291,dim5,151,453,1092.0,70.0,2.0,154020.0,1.2512969709932804,793.0,134.0,0.0,134.0,229.0,0.0,229.0,113.0,201.0,137.0,8.0,76.0,1.0,19.0,3.0,8.0,4.0,68.0,161.0,220.0,34.0,0.0,0.0,0.0,0.0,0.0,0.0,0.0,0.0,0.0,0.0,0.0,0.0,0.0,0.0,0.0,0.0,0.0,0.0,0.0,0.0,0.0,0.0,0.0,0.0,0.0,0.0,0.0,0.0,0.0,0.0,0.0,0.0,0.0,0.0,0.0,0.0,0.0,0.0,6.0,18.0,12.0,0.0,2.0,17.0,11.0,4.0,14.0,34.0,37.0,36.0,0.0,0.0,0.0,0.0,0.0,0.0,0.0,0.0,0.0,0.0,0.0,0.0,0.0,0.0,0.0,0.0,0.0,0.0,7.0,23.0,13.0,0.0,2.0,19.0,15.0,5.0,20.0,53.0,52.0,51.0
1106,1.0,1106.0,London_291,dim5,151,453,1092.0,70.0,2.0,131370.0,0.7345880339853466,743.0,19.0,0.0,19.0,33.0,0.0,33.0,229.0,205.0,127.0,13.0,72.0,9.0,20.0,2.0,5.0,8.0,75.0,161.0,209.0,40.0,0.0,0.0,0.0,0.0,0.0,0.0,0.0,0.0,0.0,0.0,0.0,0.0,0.0,0.0,0.0,0.0,0.0,0.0,0.0,0.0,0.0,0.0,0.0,0.0,0.0,0.0,0.0,0.0,0.0,0.0,0.0,0.0,0.0,0.0,0.0,0.0,0.0,0.0,0.0,1.0,1.0,0.0,0.0,4.0,4.0,1.0,2.0,3.0,2.0,6.0,0.0,0.0,0.0,0.0,0.0,0.0,0.0,0.0,0.0,0.0,0.0,0.0,0.0,0.0,0.0,0.0,0.0,0.0,0.0,1.0,1.0,0.0,0.0,7.0,8.0,1.0,3.0,4.0,3.0,6.0
1107,1.0,1107.0,London_291,dim5,151,453,1092.0,70.0,2.0,177123.0,1.1496000620536506,844.0,61.0,0.0,61.0,105.0,0.0,105.0,33.0,212.0,121.0,7.0,75.0,9.0,21.0,2.0,6.0,10.0,79.0,163.0,201.0,41.0,0.0,0.0,0.0,0.0,0.0,0.0,0.0,0.0,0.0,0.0,0.0,0.0,0.0,0.0,0.0,0.0,0.0,0.0,0.0,0.0,0.0,0.0,0.0,0.0,0.0,0.0,0.0,0.0,0.0,0.0,0.0,0.0,0.0,0.0,0.0,0.0,0.0,0.0,5.0,2.0,2.0,0.0,0.0,8.0,6.0,2.0,9.0,9.0,11.0,13.0,0.0,0.0,0.0,0.0,0.0,0.0,0.0,0.0,0.0,0.0,0.0,0.0,0.0,0.0,0.0,0.0,0.0,0.0,6.0,3.0,2.0,0.0,0.0,11.0,7.0,3.0,13.0,13.0,15.0,17.0
1108,1.0,1108.0,London_291,dim5,151,453,1092.0,70.0,2.0,187542.0,1.4019703960511833,867.0,107.0,0.0,107.0,200.0,0.0,200.0,105.0,223.0,116.0,11.0,61.0,10.0,28.0,1.0,3.0,12.0,81.0,159.0,201.0,52.0,0.0,0.0,0.0,0.0,0.0,0.0,0.0,0.0,0.0,0.0,0.0,0.0,0.0,0.0,0.0,0.0,0.0,0.0,0.0,0.0,0.0,0.0,0.0,0.0,0.0,0.0,0.0,0.0,0.0,0.0,0.0,0.0,0.0,0.0,0.0,0.0,0.0,0.0,0.0,3.0,0.0,1.0,0.0,5.0,7.0,6.0,7.0,16.0,25.0,17.0,0.0,0.0,0.0,0.0,0.0,0.0,0.0,0.0,0.0,0.0,0.0,0.0,0.0,0.0,0.0,0.0,0.0,0.0,0.0,6.0,0.0,1.0,0.0,6.0,9.0,7.0,9.0,25.0,39.0,25.0
1109,1.0,1109.0,London_291,dim5,151,453,1092.0,70.0,2.0,176670.0,1.2559278800617903,843.0,86.0,2.0,84.0,161.0,20.0,141.0,200.0,232.0,100.0,14.0,63.0,12.0,25.0,0.0,7.0,13.0,85.0,155.0,200.0,51.0,0.0,0.0,0.0,0.0,0.0,0.0,0.0,0.0,0.0,0.0,0.0,0.0,0.0,0.0,0.0,0.0,0.0,0.0,0.0,0.0,0.0,0.0,0.0,0.0,0.0,0.0,0.0,0.0,0.0,0.0,0.0,2.0,0.0,0.0,1.0,0.0,0.0,0.0,2.0,4.0,0.0,0.0,0.0,9.0,10.0,8.0,6.0,17.0,18.0,6.0,0.0,0.0,0.0,0.0,0.0,0.0,0.0,0.0,0.0,0.0,0.0,5.0,0.0,0.0,2.0,0.0,0.0,0.0,3.0,5.0,0.0,0.0,0.0,11.0,15.0,11.0,9.0,24.0,21.0,7.0
1110,1.0,1110.0,London_291,dim5,151,453,1092.0,70.0,2.0,176670.0,1.2700437840539962,843.0,108.0,1.0,107.0,195.0,10.0,185.0,161.0,219.0,99.0,12.0,69.0,15.0,26.0,3.0,10.0,10.0,93.0,148.0,202.0,52.0,0.0,0.0,0.0,0.0,0.0,0.0,0.0,0.0,0.0,0.0,0.0,0.0,0.0,0.0,0.0,0.0,0.0,0.0,0.0,0.0,0.0,0.0,0.0,0.0,0.0,0.0,0.0,0.0,0.0,0.0,0.0,0.0,0.0,0.0,0.0,0.0,0.0,0.0,3.0,1.0,2.0,2.0,2.0,10.0,2.0,6.0,11.0,22.0,24.0,19.0,0.0,0.0,0.0,0.0,0.0,0.0,0.0,0.0,0.0,0.0,0.0,0.0,0.0,0.0,0.0,0.0,0.0,0.0,3.0,1.0,2.0,3.0,2.0,12.0,2.0,7.0,13.0,34.0,37.0,21.0
1111,1.0,1111.0,London_291,dim5,151,453,1092.0,70.0,2.0,165345.0,1.3039154990110546,818.0,113.0,1.0,112.0,197.0,8.0,189.0,195.0,226.0,93.0,12.0,62.0,13.0,35.0,3.0,9.0,6.0,96.0,133.0,218.0,41.0,0.0,0.0,0.0,0.0,0.0,0.0,0.0,0.0,0.0,0.0,0.0,0.0,0.0,0.0,0.0,0.0,0.0,0.0,0.0,0.0,0.0,0.0,0.0,0.0,0.0,0.0,0.0,0.0,0.0,0.0,0.0,0.0,0.0,0.0,1.0,0.0,0.0,0.0,5.0,2.0,0.0,3.0,1.0,18.0,9.0,2.0,12.0,22.0,24.0,23.0,0.0,0.0,0.0,0.0,0.0,0.0,0.0,0.0,0.0,0.0,0.0,0.0,0.0,0.0,3.0,0.0,0.0,0.0,8.0,3.0,0.0,5.0,1.0,24.0,15.0,4.0,18.0,34.0,34.0,27.0
1112,1.0,1112.0,London_291,dim5,151,453,1092.0,70.0,2.0,153114.0,1.2894735040608793,791.0,90.0,2.0,88.0,164.0,18.0,146.0,197.0,234.0,80.0,13.0,56.0,17.0,42.0,3.0,8.0,9.0,95.0,128.0,221.0,33.0,0.0,0.0,0.0,0.0,0.0,0.0,0.0,0.0,0.0,0.0,0.0,0.0,0.0,0.0,0.0,0.0,0.0,0.0,0.0,0.0,0.0,0.0,0.0,0.0,0.0,0.0,0.0,0.0,1.0,0.0,1.0,0.0,0.0,1.0,1.0,0.0,0.0,0.0,2.0,3.0,1.0,0.0,0.0,9.0,5.0,6.0,17.0,16.0,16.0,13.0,0.0,0.0,0.0,0.0,0.0,0.0,0.0,0.0,6.0,0.0,3.0,0.0,0.0,7.0,1.0,0.0,0.0,0.0,2.0,7.0,1.0,0.0,0.0,13.0,8.0,7.0,24.0,23.0,24.0,15.0
1113,1.0,1113.0,London_291,dim5,151,453,1092.0,70.0,2.0,149943.0,1.5880770371295512,784.0,161.0,2.0,159.0,286.0,18.0,268.0,164.0,216.0,87.0,10.0,57.0,22.0,50.0,2.0,9.0,4.0,92.0,146.0,211.0,33.0,0.0,0.0,0.0,0.0,0.0,0.0,0.0,0.0,0.0,0.0,0.0,0.0,0.0,0.0,0.0,0.0,0.0,0.0,0.0,0.0,0.0,0.0,0.0,0.0,0.0,0.0,0.0,0.0,0.0,0.0,0.0,0.0,0.0,1.0,0.0,0.0,0.0,0.0,4.0,8.0,0.0,5.0,0.0,5.0,7.0,3.0,24.0,35.0,43.0,25.0,0.0,0.0,0.0,0.0,0.0,0.0,0.0,0.0,0.0,0.0,0.0,0.0,0.0,4.0,0.0,0.0,0.0,0.0,6.0,11.0,0.0,10.0,0.0,7.0,10.0,4.0,32.0,48.0,67.0,32.0
1114,1.0,1114.0,London_291,dim5,151,453,1092.0,70.0,2.0,106002.0,0.502683867001906,687.0,0.0,0.0,0.0,0.0,0.0,0.0,286.0,166.0,102.0,18.0,81.0,23.0,56.0,3.0,4.0,6.0,96.0,138.0,213.0,24.0,0.0,0.0,0.0,0.0,0.0,0.0,0.0,0.0,0.0,0.0,0.0,0.0,0.0,0.0,0.0,0.0,0.0,0.0,0.0,0.0,0.0,0.0,0.0,0.0,0.0,0.0,0.0,0.0,0.0,0.0,0.0,0.0,0.0,0.0,0.0,0.0,0.0,0.0,0.0,0.0,0.0,0.0,0.0,0.0,0.0,0.0,0.0,0.0,0.0,0.0,0.0,0.0,0.0,0.0,0.0,0.0,0.0,0.0,0.0,0.0,0.0,0.0,0.0,0.0,0.0,0.0,0.0,0.0,0.0,0.0,0.0,0.0,0.0,0.0,0.0,0.0,0.0,0.0,0.0,0.0
1115,1.0,1115.0,London_291,dim5,151,453,1092.0,70.0,2.0,151302.0,0.9270745231769979,787.0,111.0,0.0,111.0,208.0,0.0,208.0,0.0,166.0,102.0,18.0,81.0,23.0,56.0,3.0,4.0,6.0,96.0,138.0,213.0,24.0,0.0,0.0,0.0,0.0,0.0,0.0,0.0,0.0,0.0,0.0,0.0,0.0,0.0,0.0,0.0,0.0,0.0,0.0,0.0,0.0,0.0,0.0,0.0,0.0,0.0,0.0,0.0,0.0,0.0,0.0,0.0,0.0,0.0,0.0,0.0,0.0,0.0,0.0,2.0,8.0,8.0,2.0,0.0,8.0,8.0,10.0,13.0,24.0,24.0,30.0,0.0,0.0,0.0,0.0,0.0,0.0,0.0,0.0,0.0,0.0,0.0,0.0,0.0,0.0,0.0,0.0,0.0,0.0,2.0,11.0,8.0,2.0,0.0,12.0,13.0,13.0,18.0,46.0,37.0,42.0
1116,1.0,1116.0,London_291,dim5,151,453,1092.0,70.0,2.0,141336.0,0.7724999969359487,765.0,18.0,2.0,16.0,45.0,16.0,29.0,208.0,175.0,97.0,21.0,73.0,20.0,61.0,2.0,4.0,9.0,86.0,145.0,213.0,40.0,0.0,0.0,0.0,0.0,0.0,0.0,0.0,0.0,0.0,0.0,0.0,0.0,0.0,0.0,0.0,0.0,0.0,0.0,0.0,0.0,0.0,0.0,0.0,0.0,0.0,0.0,0.0,0.0,0.0,0.0,0.0,0.0,0.0,0.0,1.0,0.0,0.0,0.0,1.0,1.0,0.0,0.0,0.0,1.0,0.0,2.0,1.0,1.0,4.0,7.0,0.0,0.0,0.0,0.0,0.0,0.0,0.0,0.0,0.0,0.0,0.0,0.0,0.0,0.0,2.0,0.0,0.0,0.0,1.0,1.0,0.0,0.0,0.0,2.0,0.0,2.0,1.0,2.0,8.0,9.0
1117,1.0,1117.0,London_291,dim5,151,453,1092.0,70.0,2.0,176217.0,1.370329940924421,842.0,133.0,2.0,131.0,240.0,19.0,221.0,45.0,176.0,107.0,25.0,69.0,16.0,55.0,2.0,3.0,8.0,89.0,135.0,221.0,43.0,0.0,0.0,0.0,0.0,0.0,0.0,0.0,0.0,0.0,0.0,0.0,0.0,0.0,0.0,0.0,0.0,0.0,0.0,0.0,0.0,0.0,0.0,0.0,0.0,0.0,0.0,0.0,0.0,1.0,0.0,0.0,0.0,0.0,0.0,1.0,0.0,0.0,0.0,3.0,7.0,3.0,0.0,1.0,11.0,10.0,8.0,20.0,25.0,33.0,20.0,0.0,0.0,0.0,0.0,0.0,0.0,0.0,0.0,3.0,0.0,0.0,0.0,0.0,0.0,6.0,0.0,0.0,0.0,3.0,9.0,3.0,0.0,1.0,14.0,15.0,10.0,24.0,38.0,47.0,26.0
1118,1.0,1118.0,London_291,dim5,151,453,1092.0,70.0,2.0,157644.0,0.9299408989027143,801.0,38.0,1.0,37.0,71.0,9.0,62.0,240.0,183.0,114.0,20.0,66.0,9.0,55.0,2.0,4.0,7.0,82.0,142.0,222.0,49.0,0.0,0.0,0.0,0.0,0.0,0.0,0.0,0.0,0.0,0.0,0.0,0.0,0.0,0.0,0.0,0.0,0.0,0.0,0.0,0.0,0.0,0.0,0.0,0.0,0.0,0.0,0.0,0.0,1.0,0.0,0.0,1.0,0.0,0.0,1.0,0.0,0.0,0.0,1.0,0.0,0.0,1.0,0.0,2.0,3.0,3.0,4.0,9.0,5.0,11.0,0.0,0.0,0.0,0.0,0.0,0.0,0.0,0.0,1.0,0.0,0.0,7.0,0.0,0.0,7.0,0.0,0.0,0.0,1.0,0.0,0.0,1.0,0.0,2.0,4.0,5.0,4.0,14.0,7.0,15.0
1119,1.0,1119.0,London_291,dim5,151,453,1092.0,70.0,2.0,187089.0,1.4547766188625246,866.0,127.0,0.0,127.0,212.0,0.0,212.0,71.0,188.0,107.0,27.0,71.0,9.0,44.0,2.0,5.0,6.0,74.0,150.0,223.0,51.0,0.0,0.0,0.0,0.0,0.0,0.0,0.0,0.0,0.0,0.0,0.0,0.0,0.0,0.0,0.0,0.0,0.0,0.0,0.0,0.0,0.0,0.0,0.0,0.0,0.0,0.0,0.0,0.0,0.0,0.0,0.0,0.0,0.0,0.0,0.0,0.0,0.0,0.0,2.0,5.0,0.0,1.0,2.0,10.0,11.0,12.0,18.0,24.0,24.0,36.0,0.0,0.0,0.0,0.0,0.0,0.0,0.0,0.0,0.0,0.0,0.0,0.0,0.0,0.0,0.0,0.0,0.0,0.0,2.0,7.0,0.0,1.0,2.0,12.0,16.0,17.0,25.0,34.0,32.0,50.0
1120,1.0,1120.0,London_291,dim5,151,453,1092.0,70.0,2.0,173952.0,0.8939072899520397,837.0,8.0,0.0,8.0,13.0,0.0,13.0,212.0,200.0,103.0,15.0,78.0,8.0,42.0,0.0,7.0,4.0,75.0,137.0,237.0,46.0,0.0,0.0,0.0,0.0,0.0,0.0,0.0,0.0,0.0,0.0,0.0,0.0,0.0,0.0,0.0,0.0,0.0,0.0,0.0,0.0,0.0,0.0,0.0,0.0,0.0,0.0,0.0,0.0,0.0,0.0,0.0,0.0,0.0,0.0,0.0,0.0,0.0,0.0,0.0,0.0,0.0,0.0,0.0,0.0,0.0,1.0,2.0,2.0,1.0,1.0,0.0,0.0,0.0,0.0,0.0,0.0,0.0,0.0,0.0,0.0,0.0,0.0,0.0,0.0,0.0,0.0,0.0,0.0,0.0,0.0,0.0,0.0,0.0,0.0,0.0,2.0,2.0,3.0,1.0,1.0
1121,1.0,1121.0,London_291,dim5,151,453,1092.0,70.0,2.0,213816.0,1.5786516258958727,925.0,190.0,0.0,190.0,313.0,0.0,313.0,13.0,203.0,98.0,15.0,80.0,8.0,43.0,0.0,6.0,5.0,78.0,133.0,237.0,43.0,0.0,0.0,0.0,0.0,0.0,0.0,0.0,0.0,0.0,0.0,0.0,0.0,0.0,0.0,0.0,0.0,0.0,0.0,0.0,0.0,0.0,0.0,0.0,0.0,0.0,0.0,0.0,0.0,0.0,0.0,0.0,0.0,0.0,0.0,0.0,0.0,0.0,0.0,2.0,12.0,0.0,1.0,2.0,13.0,10.0,15.0,7.0,31.0,50.0,20.0,0.0,0.0,0.0,0.0,0.0,0.0,0.0,0.0,0.0,0.0,0.0,0.0,0.0,0.0,0.0,0.0,0.0,0.0,2.0,18.0,0.0,2.0,2.0,17.0,13.0,24.0,7.0,46.0,73.0,26.0
1122,1.0,1122.0,London_291,dim5,151,453,1092.0,70.0,2.0,163080.0,1.418455912033096,813.0,143.0,2.0,141.0,262.0,17.0,245.0,313.0,153.0,117.0,22.0,97.0,11.0,46.0,1.0,6.0,6.0,74.0,148.0,225.0,39.0,0.0,0.0,0.0,0.0,0.0,0.0,0.0,0.0,0.0,0.0,0.0,0.0,0.0,0.0,0.0,0.0,0.0,0.0,0.0,0.0,0.0,0.0,0.0,0.0,0.0,0.0,0.0,0.0,0.0,0.0,0.0,1.0,0.0,0.0,1.0,0.0,0.0,0.0,2.0,5.0,0.0,3.0,2.0,11.0,11.0,25.0,7.0,26.0,29.0,15.0,0.0,0.0,0.0,0.0,0.0,0.0,0.0,0.0,0.0,0.0,0.0,5.0,0.0,0.0,3.0,0.0,0.0,0.0,2.0,5.0,0.0,4.0,3.0,16.0,18.0,40.0,10.0,35.0,49.0,20.0
1123,1.0,1123.0,London_291,dim5,151,453,1092.0,70.0,2.0,144960.0,0.9912947791162878,773.0,21.0,1.0,20.0,45.0,11.0,34.0,262.0,165.0,150.0,14.0,75.0,8.0,31.0,3.0,7.0,3.0,76.0,160.0,214.0,42.0,0.0,0.0,0.0,0.0,0.0,0.0,0.0,0.0,0.0,0.0,0.0,0.0,0.0,0.0,0.0,0.0,0.0,0.0,0.0,0.0,0.0,0.0,0.0,0.0,0.0,0.0,0.0,0.0,0.0,1.0,0.0,1.0,0.0,0.0,1.0,0.0,0.0,0.0,1.0,1.0,0.0,0.0,0.0,1.0,2.0,1.0,4.0,4.0,6.0,9.0,0.0,0.0,0.0,0.0,0.0,0.0,0.0,0.0,0.0,4.0,0.0,5.0,0.0,0.0,4.0,0.0,0.0,0.0,1.0,1.0,0.0,0.0,0.0,2.0,2.0,1.0,5.0,7.0,8.0,14.0
1124,1.0,1124.0,London_291,dim5,151,453,1092.0,70.0,2.0,167157.0,1.1954144891351461,822.0,142.0,1.0,141.0,246.0,9.0,237.0,45.0,165.0,155.0,15.0,72.0,7.0,31.0,3.0,5.0,3.0,75.0,165.0,210.0,40.0,0.0,0.0,0.0,0.0,0.0,0.0,0.0,0.0,0.0,0.0,0.0,0.0,0.0,0.0,0.0,0.0,0.0,0.0,0.0,0.0,0.0,0.0,0.0,0.0,0.0,0.0,0.0,0.0,0.0,0.0,0.0,0.0,1.0,0.0,0.0,0.0,0.0,0.0,6.0,0.0,1.0,2.0,2.0,16.0,12.0,9.0,23.0,30.0,37.0,29.0,0.0,0.0,0.0,0.0,0.0,0.0,0.0,0.0,0.0,0.0,0.0,0.0,7.0,0.0,0.0,0.0,0.0,0.0,7.0,0.0,1.0,3.0,2.0,20.0,19.0,9.0,26.0,39.0,53.0,35.0
1125,1.0,1125.0,London_291,dim5,151,453,1092.0,70.0,2.0,140430.0,0.8298537710215896,763.0,20.0,0.0,20.0,29.0,0.0,29.0,246.0,164.0,154.0,15.0,69.0,6.0,36.0,2.0,7.0,5.0,76.0,143.0,229.0,58.0,0.0,0.0,0.0,0.0,0.0,0.0,0.0,0.0,0.0,0.0,0.0,0.0,0.0,0.0,0.0,0.0,0.0,0.0,0.0,0.0,0.0,0.0,0.0,0.0,0.0,0.0,0.0,0.0,0.0,0.0,0.0,0.0,0.0,0.0,0.0,0.0,0.0,0.0,0.0,0.0,0.0,0.0,0.0,0.0,2.0,1.0,3.0,4.0,2.0,2.0,0.0,0.0,0.0,0.0,0.0,0.0,0.0,0.0,0.0,0.0,0.0,0.0,0.0,0.0,0.0,0.0,0.0,0.0,0.0,0.0,0.0,0.0,0.0,0.0,3.0,1.0,5.0,4.0,3.0,2.0
1126,1.0,1126.0,London_291,dim5,151,453,1092.0,70.0,2.0,166251.0,0.9939020501915365,820.0,86.0,3.0,83.0,154.0,25.0,129.0,29.0,168.0,151.0,16.0,67.0,7.0,35.0,2.0,7.0,6.0,77.0,147.0,223.0,58.0,0.0,0.0,0.0,0.0,0.0,0.0,0.0,0.0,0.0,0.0,0.0,0.0,0.0,0.0,0.0,0.0,0.0,0.0,0.0,0.0,0.0,0.0,0.0,0.0,0.0,0.0,0.0,0.0,0.0,0.0,0.0,1.0,0.0,1.0,1.0,0.0,0.0,0.0,1.0,0.0,6.0,0.0,1.0,7.0,7.0,5.0,10.0,12.0,16.0,11.0,0.0,0.0,0.0,0.0,0.0,0.0,0.0,0.0,0.0,0.0,0.0,1.0,0.0,6.0,1.0,0.0,0.0,0.0,1.0,0.0,7.0,0.0,1.0,9.0,13.0,7.0,11.0,21.0,20.0,14.0
1127,1.0,1127.0,London_291,dim5,151,453,1092.0,70.0,2.0,161268.0,1.2587835921440274,809.0,115.0,1.0,114.0,209.0,9.0,200.0,154.0,160.0,179.0,13.0,42.0,9.0,35.0,3.0,12.0,10.0,81.0,140.0,222.0,56.0,0.0,0.0,0.0,0.0,0.0,0.0,0.0,0.0,0.0,0.0,0.0,0.0,0.0,0.0,0.0,0.0,0.0,0.0,0.0,0.0,0.0,0.0,0.0,0.0,0.0,0.0,0.0,0.0,0.0,0.0,0.0,0.0,0.0,0.0,0.0,0.0,0.0,0.0,3.0,8.0,0.0,2.0,0.0,12.0,6.0,5.0,21.0,20.0,18.0,27.0,0.0,0.0,0.0,0.0,0.0,0.0,0.0,0.0,0.0,0.0,0.0,0.0,0.0,0.0,0.0,0.0,0.0,0.0,4.0,8.0,0.0,2.0,0.0,14.0,11.0,8.0,33.0,28.0,28.0,33.0
1128,1.0,1128.0,London_291,dim5,151,453,1092.0,70.0,2.0,142695.0,1.1866534759756178,768.0,89.0,2.0,87.0,184.0,17.0,167.0,209.0,172.0,151.0,18.0,68.0,7.0,29.0,1.0,7.0,5.0,83.0,145.0,220.0,50.0,0.0,0.0,0.0,0.0,0.0,0.0,0.0,0.0,0.0,0.0,0.0,0.0,0.0,0.0,0.0,0.0,0.0,0.0,0.0,0.0,0.0,0.0,0.0,0.0,0.0,0.0,0.0,0.0,0.0,0.0,0.0,0.0,0.0,0.0,0.0,0.0,0.0,0.0,1.0,4.0,0.0,1.0,2.0,9.0,4.0,6.0,16.0,18.0,28.0,23.0,0.0,0.0,0.0,0.0,0.0,0.0,0.0,0.0,0.0,0.0,0.0,0.0,0.0,0.0,0.0,0.0,0.0,0.0,1.0,8.0,0.0,2.0,2.0,15.0,6.0,11.0,21.0,32.0,41.0,30.0
1129,1.0,1129.0,London_291,dim5,151,453,1092.0,70.0,2.0,144054.0,1.4143139021471143,771.0,116.0,2.0,114.0,235.0,18.0,217.0,184.0,193.0,143.0,17.0,62.0,7.0,19.0,2.0,10.0,5.0,74.0,147.0,227.0,40.0,0.0,0.0,0.0,0.0,0.0,0.0,0.0,0.0,0.0,0.0,0.0,0.0,0.0,0.0,0.0,0.0,0.0,0.0,0.0,0.0,0.0,0.0,0.0,0.0,0.0,0.0,0.0,0.0,0.0,0.0,0.0,2.0,0.0,0.0,1.0,0.0,0.0,0.0,1.0,0.0,1.0,0.0,7.0,10.0,11.0,7.0,19.0,17.0,34.0,20.0,0.0,0.0,0.0,0.0,0.0,0.0,0.0,0.0,0.0,0.0,0.0,3.0,0.0,0.0,5.0,0.0,0.0,0.0,1.0,0.0,1.0,0.0,9.0,14.0,18.0,7.0,33.0,27.0,53.0,29.0
1130,1.0,1130.0,London_291,dim5,151,453,1092.0,70.0,2.0,126840.0,1.088712981902063,733.0,53.0,0.0,53.0,90.0,0.0,90.0,235.0,193.0,147.0,13.0,60.0,5.0,26.0,1.0,8.0,5.0,72.0,150.0,226.0,44.0,0.0,0.0,0.0,0.0,0.0,0.0,0.0,0.0,0.0,0.0,0.0,0.0,0.0,0.0,0.0,0.0,0.0,0.0,0.0,0.0,0.0,0.0,0.0,0.0,0.0,0.0,0.0,0.0,0.0,0.0,0.0,0.0,0.0,0.0,0.0,0.0,0.0,0.0,0.0,3.0,0.0,0.0,0.0,5.0,10.0,2.0,4.0,7.0,14.0,10.0,0.0,0.0,0.0,0.0,0.0,0.0,0.0,0.0,0.0,0.0,0.0,0.0,0.0,0.0,0.0,0.0,0.0,0.0,0.0,3.0,0.0,0.0,0.0,5.0,11.0,2.0,4.0,9.0,19.0,14.0
1131,1.0,1131.0,London_291,dim5,151,453,1092.0,70.0,2.0,145413.0,1.3276908590923995,774.0,39.0,0.0,39.0,66.0,0.0,66.0,90.0,197.0,152.0,8.0,52.0,6.0,31.0,1.0,6.0,5.0,63.0,158.0,227.0,47.0,0.0,0.0,0.0,0.0,0.0,0.0,0.0,0.0,0.0,0.0,0.0,0.0,0.0,0.0,0.0,0.0,0.0,0.0,0.0,0.0,0.0,0.0,0.0,0.0,0.0,0.0,0.0,0.0,0.0,0.0,0.0,0.0,0.0,0.0,0.0,0.0,0.0,0.0,1.0,2.0,0.0,0.0,0.0,2.0,6.0,5.0,7.0,8.0,8.0,9.0,0.0,0.0,0.0,0.0,0.0,0.0,0.0,0.0,0.0,0.0,0.0,0.0,0.0,0.0,0.0,0.0,0.0,0.0,1.0,2.0,0.0,0.0,0.0,3.0,8.0,8.0,9.0,13.0,15.0,12.0
1132,1.0,1132.0,London_291,dim5,151,453,1092.0,70.0,2.0,165345.0,1.8696216950193048,818.0,99.0,2.0,97.0,195.0,19.0,176.0,66.0,207.0,141.0,12.0,53.0,5.0,29.0,1.0,5.0,5.0,71.0,157.0,220.0,49.0,0.0,0.0,0.0,0.0,0.0,0.0,0.0,0.0,0.0,0.0,0.0,0.0,0.0,0.0,0.0,0.0,0.0,0.0,0.0,0.0,0.0,0.0,0.0,0.0,0.0,0.0,0.0,0.0,0.0,0.0,0.0,0.0,0.0,0.0,2.0,0.0,0.0,0.0,4.0,2.0,0.0,0.0,6.0,9.0,9.0,5.0,16.0,19.0,23.0,17.0,0.0,0.0,0.0,0.0,0.0,0.0,0.0,0.0,0.0,0.0,0.0,0.0,0.0,0.0,5.0,0.0,0.0,0.0,7.0,2.0,0.0,0.0,8.0,12.0,19.0,7.0,23.0,33.0,28.0,25.0
1133,1.0,1133.0,London_291,dim5,151,453,1092.0,70.0,2.0,156285.0,1.2916798109654337,798.0,49.0,0.0,49.0,84.0,0.0,84.0,195.0,226.0,131.0,11.0,61.0,3.0,11.0,2.0,8.0,4.0,74.0,150.0,225.0,50.0,0.0,0.0,0.0,0.0,0.0,0.0,0.0,0.0,0.0,0.0,0.0,0.0,0.0,0.0,0.0,0.0,0.0,0.0,0.0,0.0,0.0,0.0,0.0,0.0,0.0,0.0,0.0,0.0,0.0,0.0,0.0,0.0,0.0,0.0,0.0,0.0,0.0,0.0,1.0,1.0,0.0,1.0,0.0,7.0,5.0,3.0,3.0,7.0,16.0,12.0,0.0,0.0,0.0,0.0,0.0,0.0,0.0,0.0,0.0,0.0,0.0,0.0,0.0,0.0,0.0,0.0,0.0,0.0,1.0,1.0,0.0,1.0,0.0,10.0,6.0,6.0,4.0,11.0,23.0,16.0
1134,1.0,1134.0,London_291,dim5,151,453,1092.0,70.0,2.0,174858.0,1.8459276349749416,839.0,135.0,2.0,133.0,257.0,19.0,238.0,84.0,229.0,131.0,11.0,65.0,2.0,6.0,3.0,6.0,5.0,80.0,149.0,219.0,57.0,0.0,0.0,0.0,0.0,0.0,0.0,0.0,0.0,0.0,1.0,0.0,1.0,0.0,0.0,0.0,0.0,0.0,0.0,1.0,0.0,0.0,0.0,0.0,0.0,0.0,0.0,0.0,0.0,1.0,0.0,0.0,1.0,0.0,1.0,1.0,0.0,0.0,0.0,1.0,16.0,3.0,4.0,3.0,16.0,7.0,7.0,5.0,23.0,36.0,27.0,0.0,0.0,0.0,0.0,0.0,0.0,0.0,0.0,1.0,0.0,0.0,1.0,0.0,8.0,2.0,0.0,0.0,0.0,1.0,25.0,3.0,6.0,3.0,22.0,10.0,11.0,6.0,37.0,56.0,32.0
1135,1.0,1135.0,London_291,dim5,151,453,1092.0,70.0,2.0,141789.0,1.0718828230164945,766.0,37.0,0.0,37.0,75.0,0.0,75.0,249.0,229.0,94.0,16.0,72.0,4.0,30.0,2.0,6.0,5.0,82.0,148.0,218.0,42.0,0.0,0.0,0.0,0.0,0.0,0.0,0.0,0.0,0.0,0.0,0.0,0.0,0.0,0.0,0.0,0.0,0.0,0.0,0.0,0.0,0.0,0.0,0.0,0.0,0.0,0.0,0.0,0.0,0.0,0.0,0.0,0.0,0.0,0.0,0.0,0.0,0.0,0.0,6.0,1.0,0.0,1.0,0.0,4.0,3.0,2.0,8.0,4.0,9.0,14.0,0.0,0.0,0.0,0.0,0.0,0.0,0.0,0.0,0.0,0.0,0.0,0.0,0.0,0.0,0.0,0.0,0.0,0.0,7.0,2.0,0.0,1.0,0.0,6.0,5.0,2.0,12.0,9.0,16.0,18.0
1136,1.0,1136.0,London_291,dim5,151,453,1092.0,70.0,2.0,164439.0,1.7109667980112135,816.0,151.0,0.0,151.0,250.0,0.0,250.0,75.0,235.0,92.0,22.0,63.0,4.0,29.0,0.0,8.0,5.0,74.0,152.0,222.0,39.0,0.0,0.0,0.0,0.0,0.0,0.0,0.0,0.0,0.0,0.0,0.0,0.0,0.0,0.0,0.0,0.0,0.0,0.0,0.0,0.0,0.0,0.0,0.0,0.0,0.0,0.0,0.0,0.0,0.0,0.0,0.0,0.0,0.0,0.0,0.0,0.0,0.0,0.0,4.0,14.0,0.0,2.0,0.0,8.0,16.0,10.0,12.0,29.0,22.0,29.0,0.0,0.0,0.0,0.0,0.0,0.0,0.0,0.0,0.0,0.0,0.0,0.0,0.0,0.0,0.0,0.0,0.0,0.0,4.0,20.0,0.0,3.0,0.0,9.0,20.0,14.0,17.0,44.0,28.0,38.0
1137,1.0,1137.0,London_291,dim5,151,453,1092.0,70.0,2.0,125481.0,0.9843895589001477,730.0,136.0,0.0,136.0,239.0,0.0,239.0,250.0,229.0,91.0,17.0,82.0,7.0,17.0,1.0,9.0,4.0,62.0,143.0,244.0,37.0,0.0,0.0,0.0,0.0,0.0,0.0,0.0,0.0,0.0,0.0,0.0,0.0,0.0,0.0,0.0,0.0,0.0,0.0,0.0,0.0,0.0,0.0,0.0,0.0,0.0,0.0,0.0,0.0,0.0,0.0,0.0,0.0,0.0,0.0,0.0,0.0,0.0,0.0,3.0,5.0,4.0,3.0,5.0,14.0,16.0,5.0,16.0,29.0,29.0,19.0,0.0,0.0,0.0,0.0,0.0,0.0,0.0,0.0,0.0,0.0,0.0,0.0,0.0,0.0,0.0,0.0,0.0,0.0,3.0,7.0,6.0,5.0,5.0,17.0,21.0,7.0,22.0,42.0,46.0,26.0
1138,1.0,1138.0,London_291,dim5,151,453,1092.0,70.0,2.0,99660.0,0.5954230248462409,673.0,2.0,2.0,0.0,18.0,18.0,0.0,239.0,243.0,98.0,20.0,59.0,4.0,19.0,2.0,8.0,7.0,68.0,144.0,234.0,29.0,0.0,0.0,0.0,0.0,0.0,0.0,0.0,0.0,0.0,0.0,0.0,0.0,0.0,0.0,0.0,0.0,0.0,0.0,0.0,0.0,0.0,0.0,0.0,0.0,0.0,0.0,0.0,0.0,0.0,0.0,0.0,1.0,0.0,0.0,1.0,0.0,0.0,0.0,0.0,0.0,0.0,0.0,0.0,0.0,0.0,0.0,0.0,0.0,0.0,0.0,0.0,0.0,0.0,0.0,0.0,0.0,0.0,0.0,0.0,0.0,0.0,5.0,0.0,0.0,4.0,0.0,0.0,0.0,0.0,0.0,0.0,0.0,0.0,0.0,0.0,0.0,0.0,0.0,0.0,0.0
1139,1.0,1139.0,London_291,dim5,151,453,1092.0,70.0,2.0,124575.0,1.0060957460664213,728.0,81.0,0.0,81.0,144.0,0.0,144.0,18.0,236.0,102.0,17.0,64.0,4.0,19.0,3.0,8.0,7.0,71.0,133.0,242.0,33.0,0.0,0.0,0.0,0.0,0.0,0.0,0.0,0.0,0.0,0.0,0.0,0.0,0.0,0.0,0.0,0.0,0.0,0.0,0.0,0.0,0.0,0.0,0.0,0.0,0.0,0.0,0.0,0.0,0.0,0.0,0.0,0.0,0.0,0.0,0.0,0.0,0.0,0.0,2.0,2.0,1.0,0.0,3.0,17.0,8.0,1.0,8.0,17.0,19.0,23.0,0.0,0.0,0.0,0.0,0.0,0.0,0.0,0.0,0.0,0.0,0.0,0.0,0.0,0.0,0.0,0.0,0.0,0.0,2.0,3.0,1.0,0.0,3.0,26.0,11.0,1.0,11.0,28.0,28.0,27.0
1140,1.0,1140.0,London_291,dim5,151,453,1092.0,70.0,2.0,126387.0,1.2074889971408993,732.0,32.0,2.0,30.0,74.0,20.0,54.0,144.0,237.0,117.0,14.0,68.0,2.0,9.0,1.0,5.0,5.0,71.0,145.0,232.0,47.0,0.0,0.0,0.0,0.0,0.0,0.0,0.0,0.0,0.0,0.0,0.0,0.0,0.0,0.0,0.0,0.0,0.0,0.0,0.0,0.0,0.0,0.0,0.0,0.0,0.0,0.0,0.0,0.0,0.0,1.0,0.0,1.0,0.0,1.0,2.0,0.0,0.0,0.0,3.0,0.0,0.0,1.0,0.0,5.0,2.0,2.0,10.0,6.0,6.0,10.0,0.0,0.0,0.0,0.0,0.0,0.0,0.0,0.0,0.0,3.0,0.0,3.0,0.0,8.0,7.0,0.0,0.0,0.0,3.0,0.0,0.0,2.0,0.0,5.0,2.0,2.0,16.0,11.0,8.0,13.0
1141,1.0,1141.0,London_291,dim5,151,453,1092.0,70.0,2.0,149490.0,1.202818184858188,783.0,59.0,2.0,57.0,127.0,18.0,109.0,74.0,239.0,117.0,10.0,66.0,0.0,13.0,2.0,6.0,5.0,70.0,138.0,240.0,41.0,0.0,0.0,0.0,0.0,0.0,0.0,0.0,0.0,0.0,0.0,0.0,0.0,0.0,0.0,0.0,0.0,0.0,0.0,0.0,0.0,0.0,0.0,0.0,0.0,0.0,0.0,0.0,0.0,0.0,0.0,0.0,0.0,0.0,0.0,0.0,0.0,0.0,0.0,4.0,2.0,0.0,2.0,1.0,11.0,6.0,1.0,2.0,11.0,15.0,16.0,0.0,0.0,0.0,0.0,0.0,0.0,0.0,0.0,0.0,0.0,0.0,0.0,0.0,0.0,0.0,0.0,0.0,0.0,5.0,3.0,0.0,3.0,1.0,14.0,7.0,1.0,2.0,19.0,27.0,21.0
1142,1.0,1142.0,London_291,dim5,151,453,1092.0,70.0,2.0,171234.0,1.3661427039187402,831.0,100.0,2.0,98.0,180.0,19.0,161.0,127.0,225.0,132.0,11.0,63.0,5.0,13.0,2.0,2.0,10.0,68.0,133.0,242.0,51.0,0.0,0.0,0.0,0.0,0.0,0.0,0.0,0.0,0.0,0.0,0.0,0.0,0.0,0.0,0.0,0.0,0.0,0.0,0.0,0.0,0.0,0.0,0.0,0.0,0.0,0.0,0.0,0.0,1.0,0.0,0.0,1.0,0.0,1.0,0.0,0.0,0.0,0.0,5.0,2.0,0.0,1.0,0.0,16.0,7.0,2.0,10.0,17.0,23.0,25.0,0.0,0.0,0.0,0.0,0.0,0.0,0.0,0.0,2.0,0.0,0.0,1.0,0.0,6.0,0.0,0.0,0.0,0.0,6.0,3.0,0.0,1.0,0.0,22.0,11.0,2.0,14.0,27.0,35.0,33.0
1143,1.0,1143.0,London_291,dim5,151,453,1092.0,70.0,2.0,168969.0,1.480807034065947,826.0,63.0,1.0,62.0,112.0,8.0,104.0,180.0,225.0,123.0,15.0,70.0,5.0,9.0,2.0,4.0,11.0,79.0,125.0,238.0,46.0,0.0,0.0,0.0,0.0,0.0,0.0,0.0,0.0,0.0,0.0,0.0,0.0,0.0,0.0,0.0,0.0,0.0,0.0,0.0,0.0,0.0,0.0,0.0,0.0,0.0,0.0,0.0,0.0,0.0,1.0,0.0,1.0,0.0,0.0,1.0,0.0,0.0,0.0,10.0,1.0,0.0,1.0,0.0,5.0,6.0,4.0,10.0,8.0,15.0,8.0,0.0,0.0,0.0,0.0,0.0,0.0,0.0,0.0,0.0,4.0,0.0,3.0,0.0,0.0,3.0,0.0,0.0,0.0,13.0,1.0,0.0,2.0,0.0,6.0,9.0,6.0,15.0,13.0,21.0,10.0
1144,1.0,1144.0,London_291,dim5,151,453,1092.0,70.0,2.0,191619.0,1.5034768769983202,876.0,135.0,0.0,135.0,223.0,0.0,223.0,112.0,229.0,130.0,13.0,49.0,12.0,12.0,1.0,7.0,11.0,78.0,129.0,235.0,46.0,0.0,0.0,0.0,0.0,0.0,0.0,0.0,0.0,0.0,0.0,0.0,0.0,0.0,0.0,0.0,0.0,0.0,0.0,0.0,0.0,0.0,0.0,0.0,0.0,0.0,0.0,0.0,0.0,0.0,0.0,0.0,0.0,0.0,0.0,0.0,0.0,0.0,0.0,3.0,9.0,1.0,0.0,1.0,19.0,14.0,6.0,14.0,30.0,25.0,20.0,0.0,0.0,0.0,0.0,0.0,0.0,0.0,0.0,0.0,0.0,0.0,0.0,0.0,0.0,0.0,0.0,0.0,0.0,3.0,9.0,1.0,0.0,1.0,22.0,21.0,6.0,16.0,39.0,34.0,25.0
1145,1.0,1145.0,London_291,dim5,151,453,1092.0,70.0,2.0,171234.0,1.1330996709875762,831.0,58.0,2.0,56.0,114.0,17.0,97.0,223.0,231.0,117.0,15.0,63.0,8.0,16.0,0.0,3.0,9.0,72.0,134.0,238.0,37.0,0.0,0.0,0.0,0.0,0.0,0.0,0.0,0.0,0.0,0.0,0.0,0.0,0.0,0.0,0.0,0.0,0.0,0.0,0.0,0.0,0.0,0.0,0.0,0.0,0.0,0.0,0.0,0.0,0.0,1.0,0.0,0.0,0.0,1.0,1.0,0.0,0.0,0.0,5.0,4.0,0.0,0.0,0.0,6.0,7.0,1.0,4.0,10.0,16.0,14.0,0.0,0.0,0.0,0.0,0.0,0.0,0.0,0.0,0.0,1.0,0.0,0.0,0.0,8.0,1.0,0.0,0.0,0.0,6.0,5.0,0.0,0.0,0.0,10.0,11.0,1.0,5.0,15.0,25.0,20.0
1146,1.0,1146.0,London_291,dim5,151,453,1092.0,70.0,2.0,178935.0,1.774937778012827,848.0,161.0,0.0,161.0,277.0,0.0,277.0,114.0,237.0,112.0,11.0,68.0,1.0,17.0,1.0,6.0,8.0,68.0,138.0,239.0,40.0,0.0,0.0,0.0,0.0,0.0,0.0,0.0,0.0,0.0,0.0,0.0,0.0,0.0,0.0,0.0,0.0,0.0,0.0,0.0,0.0,0.0,0.0,0.0,0.0,0.0,0.0,0.0,0.0,0.0,0.0,0.0,0.0,0.0,0.0,0.0,0.0,0.0,0.0,5.0,13.0,0.0,2.0,10.0,11.0,15.0,1.0,13.0,25.0,39.0,29.0,0.0,0.0,0.0,0.0,0.0,0.0,0.0,0.0,0.0,0.0,0.0,0.0,0.0,0.0,0.0,0.0,0.0,0.0,7.0,21.0,0.0,4.0,12.0,14.0,19.0,1.0,17.0,38.0,59.0,34.0
1147,1.0,1147.0,London_291,dim5,151,453,1092.0,70.0,2.0,134088.0,0.9642372680827975,749.0,15.0,0.0,15.0,28.0,0.0,28.0,277.0,207.0,122.0,14.0,73.0,5.0,23.0,3.0,6.0,5.0,68.0,154.0,226.0,28.0,0.0,0.0,0.0,0.0,0.0,0.0,0.0,0.0,0.0,0.0,0.0,0.0,0.0,0.0,0.0,0.0,0.0,0.0,0.0,0.0,0.0,0.0,0.0,0.0,0.0,0.0,0.0,0.0,0.0,0.0,0.0,0.0,0.0,0.0,0.0,0.0,0.0,0.0,1.0,0.0,0.0,0.0,0.0,1.0,1.0,0.0,1.0,3.0,4.0,4.0,0.0,0.0,0.0,0.0,0.0,0.0,0.0,0.0,0.0,0.0,0.0,0.0,0.0,0.0,0.0,0.0,0.0,0.0,1.0,0.0,0.0,0.0,0.0,1.0,1.0,0.0,1.0,4.0,8.0,5.0
1148,1.0,1148.0,London_291,dim5,151,453,1092.0,70.0,2.0,169875.0,1.426326507003978,828.0,136.0,0.0,136.0,226.0,0.0,226.0,28.0,208.0,121.0,16.0,74.0,6.0,22.0,2.0,4.0,6.0,71.0,154.0,222.0,29.0,0.0,0.0,0.0,0.0,0.0,0.0,0.0,0.0,0.0,0.0,0.0,0.0,0.0,0.0,0.0,0.0,0.0,0.0,0.0,0.0,0.0,0.0,0.0,0.0,0.0,0.0,0.0,0.0,0.0,0.0,0.0,0.0,0.0,0.0,0.0,0.0,0.0,0.0,4.0,8.0,2.0,1.0,1.0,20.0,9.0,10.0,3.0,25.0,23.0,15.0,0.0,0.0,0.0,0.0,0.0,0.0,0.0,0.0,0.0,0.0,0.0,0.0,0.0,0.0,0.0,0.0,0.0,0.0,4.0,10.0,2.0,1.0,1.0,31.0,12.0,12.0,7.0,39.0,34.0,20.0
1149,1.0,1149.0,London_291,dim5,151,453,1092.0,70.0,2.0,149037.0,1.6050458748359233,782.0,127.0,0.0,127.0,211.0,0.0,211.0,226.0,218.0,123.0,16.0,58.0,6.0,24.0,4.0,4.0,6.0,75.0,180.0,192.0,35.0,0.0,0.0,0.0,0.0,0.0,0.0,0.0,0.0,0.0,0.0,0.0,0.0,0.0,0.0,0.0,0.0,0.0,0.0,0.0,0.0,0.0,0.0,0.0,0.0,0.0,0.0,0.0,0.0,0.0,0.0,0.0,0.0,0.0,0.0,0.0,0.0,0.0,0.0,2.0,3.0,0.0,5.0,1.0,4.0,5.0,6.0,9.0,34.0,30.0,26.0,0.0,0.0,0.0,0.0,0.0,0.0,0.0,0.0,0.0,0.0,0.0,0.0,0.0,0.0,0.0,0.0,0.0,0.0,2.0,4.0,0.0,6.0,1.0,4.0,7.0,7.0,12.0,53.0,42.0,33.0
1150,1.0,1150.0,London_291,dim5,151,453,1092.0,70.0,2.0,117780.0,0.8877531930338591,713.0,97.0,0.0,97.0,153.0,0.0,153.0,211.0,224.0,119.0,5.0,62.0,4.0,32.0,2.0,5.0,8.0,82.0,159.0,204.0,41.0,0.0,0.0,0.0,0.0,0.0,0.0,0.0,0.0,0.0,0.0,0.0,0.0,0.0,0.0,0.0,0.0,0.0,0.0,0.0,0.0,0.0,0.0,0.0,0.0,0.0,0.0,0.0,0.0,0.0,0.0,0.0,0.0,0.0,0.0,0.0,0.0,0.0,0.0,7.0,3.0,1.0,3.0,0.0,5.0,5.0,4.0,7.0,19.0,31.0,21.0,0.0,0.0,0.0,0.0,0.0,0.0,0.0,0.0,0.0,0.0,0.0,0.0,0.0,0.0,0.0,0.0,0.0,0.0,8.0,4.0,1.0,3.0,0.0,5.0,9.0,4.0,9.0,22.0,46.0,25.0
1151,1.0,1151.0,London_291,dim5,151,453,1092.0,70.0,2.0,104190.0,1.0832267438527197,683.0,9.0,2.0,7.0,31.0,20.0,11.0,153.0,220.0,112.0,16.0,64.0,2.0,31.0,1.0,7.0,11.0,77.0,152.0,213.0,58.0,0.0,0.0,0.0,0.0,0.0,0.0,0.0,0.0,0.0,0.0,0.0,0.0,0.0,0.0,0.0,0.0,0.0,0.0,0.0,0.0,0.0,0.0,0.0,0.0,0.0,0.0,0.0,0.0,0.0,0.0,0.0,2.0,0.0,0.0,1.0,0.0,0.0,0.0,0.0,0.0,0.0,0.0,1.0,0.0,1.0,0.0,0.0,1.0,3.0,1.0,0.0,0.0,0.0,0.0,0.0,0.0,0.0,0.0,0.0,0.0,0.0,5.0,0.0,0.0,2.0,0.0,0.0,0.0,0.0,0.0,0.0,0.0,1.0,0.0,1.0,0.0,0.0,2.0,6.0,2.0
1152,1.0,1152.0,London_291,dim5,151,453,1092.0,70.0,2.0,145413.0,1.0892209140583873,774.0,18.0,1.0,17.0,43.0,10.0,33.0,31.0,216.0,111.0,17.0,71.0,1.0,28.0,1.0,8.0,4.0,84.0,141.0,224.0,45.0,0.0,0.0,0.0,0.0,0.0,0.0,0.0,0.0,0.0,0.0,0.0,0.0,0.0,0.0,0.0,0.0,0.0,0.0,0.0,0.0,0.0,0.0,0.0,0.0,0.0,0.0,0.0,0.0,0.0,0.0,0.0,0.0,0.0,0.0,0.0,0.0,0.0,0.0,1.0,0.0,0.0,1.0,0.0,1.0,0.0,2.0,2.0,1.0,1.0,2.0,0.0,0.0,0.0,0.0,0.0,0.0,0.0,0.0,0.0,0.0,0.0,0.0,0.0,0.0,0.0,0.0,0.0,0.0,1.0,0.0,0.0,1.0,0.0,2.0,0.0,3.0,4.0,2.0,3.0,3.0
1153,1.0,1153.0,London_291,dim5,151,453,1092.0,70.0,2.0,176670.0,1.4002216409426183,843.0,89.0,1.0,88.0,159.0,8.0,151.0,43.0,215.0,115.0,23.0,64.0,3.0,24.0,1.0,8.0,4.0,81.0,136.0,232.0,40.0,0.0,0.0,0.0,0.0,0.0,0.0,0.0,0.0,0.0,0.0,0.0,0.0,0.0,0.0,0.0,0.0,0.0,0.0,0.0,0.0,0.0,0.0,0.0,0.0,0.0,0.0,0.0,0.0,0.0,0.0,0.0,0.0,0.0,0.0,1.0,0.0,0.0,0.0,1.0,8.0,3.0,2.0,0.0,10.0,10.0,8.0,5.0,15.0,19.0,17.0,0.0,0.0,0.0,0.0,0.0,0.0,0.0,0.0,0.0,0.0,0.0,0.0,0.0,0.0,5.0,0.0,0.0,0.0,1.0,13.0,4.0,3.0,0.0,13.0,13.0,13.0,6.0,20.0,29.0,18.0
1154,1.0,1154.0,London_291,dim5,151,453,1092.0,70.0,2.0,183012.0,1.4497623739298433,857.0,130.0,2.0,128.0,233.0,18.0,215.0,159.0,212.0,110.0,24.0,58.0,6.0,32.0,2.0,9.0,8.0,79.0,141.0,225.0,46.0,0.0,0.0,0.0,0.0,0.0,0.0,0.0,0.0,0.0,0.0,0.0,0.0,0.0,0.0,0.0,0.0,0.0,0.0,0.0,0.0,0.0,0.0,0.0,0.0,0.0,0.0,0.0,0.0,1.0,0.0,1.0,0.0,0.0,1.0,0.0,0.0,0.0,0.0,1.0,14.0,7.0,1.0,0.0,24.0,8.0,6.0,16.0,18.0,21.0,15.0,0.0,0.0,0.0,0.0,0.0,0.0,0.0,0.0,3.0,0.0,3.0,0.0,0.0,6.0,0.0,0.0,0.0,0.0,1.0,20.0,9.0,1.0,0.0,29.0,9.0,10.0,20.0,28.0,35.0,20.0
1155,1.0,1155.0,London_291,dim5,151,453,1092.0,70.0,2.0,168516.0,1.176146297948435,825.0,150.0,2.0,148.0,274.0,18.0,256.0,233.0,211.0,103.0,15.0,60.0,9.0,41.0,3.0,11.0,5.0,80.0,150.0,218.0,39.0,0.0,0.0,0.0,0.0,0.0,0.0,0.0,0.0,0.0,0.0,0.0,0.0,0.0,0.0,0.0,0.0,0.0,0.0,0.0,0.0,0.0,0.0,0.0,0.0,0.0,0.0,0.0,0.0,0.0,0.0,0.0,0.0,0.0,1.0,0.0,0.0,0.0,0.0,1.0,13.0,0.0,3.0,4.0,8.0,5.0,3.0,16.0,38.0,32.0,49.0,0.0,0.0,0.0,0.0,0.0,0.0,0.0,0.0,0.0,0.0,0.0,0.0,0.0,7.0,0.0,0.0,0.0,0.0,1.0,17.0,0.0,3.0,5.0,11.0,8.0,5.0,20.0,58.0,45.0,58.0
1156,1.0,1156.0,London_291,dim5,151,453,1092.0,70.0,2.0,135447.0,0.635833454085514,752.0,15.0,0.0,15.0,30.0,0.0,30.0,274.0,178.0,104.0,17.0,77.0,15.0,50.0,3.0,9.0,10.0,78.0,150.0,215.0,45.0,0.0,0.0,0.0,0.0,0.0,0.0,0.0,0.0,0.0,0.0,0.0,0.0,0.0,0.0,0.0,0.0,0.0,0.0,0.0,0.0,0.0,0.0,0.0,0.0,0.0,0.0,0.0,0.0,0.0,0.0,0.0,0.0,0.0,0.0,0.0,0.0,0.0,0.0,0.0,1.0,1.0,0.0,0.0,0.0,0.0,0.0,1.0,5.0,2.0,4.0,0.0,0.0,0.0,0.0,0.0,0.0,0.0,0.0,0.0,0.0,0.0,0.0,0.0,0.0,0.0,0.0,0.0,0.0,0.0,2.0,1.0,0.0,0.0,0.0,0.0,0.0,1.0,6.0,4.0,4.0
1157,1.0,1157.0,London_291,dim5,151,453,1092.0,70.0,2.0,153114.0,0.8295638649724424,791.0,36.0,0.0,36.0,66.0,0.0,66.0,30.0,180.0,113.0,12.0,67.0,15.0,53.0,3.0,10.0,12.0,75.0,156.0,210.0,50.0,0.0,0.0,0.0,0.0,0.0,0.0,0.0,0.0,0.0,0.0,0.0,0.0,0.0,0.0,0.0,0.0,0.0,0.0,0.0,0.0,0.0,0.0,0.0,0.0,0.0,0.0,0.0,0.0,0.0,0.0,0.0,0.0,0.0,0.0,0.0,0.0,0.0,0.0,2.0,0.0,0.0,1.0,0.0,3.0,2.0,4.0,5.0,5.0,10.0,5.0,0.0,0.0,0.0,0.0,0.0,0.0,0.0,0.0,0.0,0.0,0.0,0.0,0.0,0.0,0.0,0.0,0.0,0.0,2.0,0.0,0.0,1.0,0.0,4.0,3.0,7.0,6.0,11.0,13.0,6.0
1158,1.0,1158.0,London_291,dim5,151,453,1092.0,70.0,2.0,161268.0,1.2569789818953723,809.0,162.0,2.0,160.0,277.0,16.0,261.0,66.0,189.0,113.0,12.0,59.0,14.0,52.0,3.0,11.0,14.0,82.0,147.0,210.0,52.0,0.0,0.0,0.0,0.0,0.0,0.0,0.0,0.0,0.0,0.0,0.0,0.0,0.0,0.0,0.0,0.0,0.0,0.0,0.0,0.0,0.0,0.0,0.0,0.0,0.0,0.0,0.0,0.0,0.0,0.0,0.0,1.0,0.0,0.0,1.0,0.0,0.0,0.0,1.0,6.0,0.0,1.0,2.0,15.0,6.0,5.0,17.0,33.0,33.0,22.0,0.0,0.0,0.0,0.0,0.0,0.0,0.0,0.0,0.0,0.0,0.0,1.0,0.0,0.0,1.0,0.0,0.0,0.0,1.0,8.0,0.0,1.0,2.0,17.0,7.0,5.0,23.0,42.0,42.0,30.0
1159,1.0,1159.0,London_291,dim5,151,453,1092.0,70.0,2.0,99660.0,0.8824534751474857,673.0,100.0,2.0,98.0,181.0,19.0,162.0,277.0,173.0,109.0,20.0,80.0,12.0,46.0,4.0,9.0,8.0,86.0,129.0,230.0,43.0,0.0,0.0,0.0,0.0,0.0,0.0,0.0,0.0,0.0,0.0,0.0,0.0,0.0,0.0,0.0,0.0,0.0,0.0,0.0,0.0,0.0,0.0,0.0,0.0,0.0,0.0,0.0,0.0,0.0,0.0,0.0,1.0,0.0,0.0,1.0,0.0,0.0,0.0,3.0,3.0,0.0,0.0,0.0,15.0,7.0,5.0,15.0,16.0,26.0,29.0,0.0,0.0,0.0,0.0,0.0,0.0,0.0,0.0,0.0,0.0,0.0,5.0,0.0,0.0,3.0,0.0,0.0,0.0,3.0,5.0,0.0,0.0,0.0,22.0,7.0,8.0,18.0,29.0,33.0,42.0
1160,1.0,1160.0,London_291,dim5,151,453,1092.0,70.0,2.0,62061.0,0.3681511541362852,590.0,130.0,1.0,129.0,229.0,9.0,220.0,181.0,174.0,104.0,20.0,93.0,4.0,46.0,3.0,9.0,6.0,88.0,143.0,216.0,46.0,0.0,0.0,0.0,0.0,0.0,0.0,0.0,0.0,0.0,0.0,0.0,0.0,0.0,0.0,0.0,0.0,0.0,0.0,0.0,0.0,0.0,0.0,0.0,0.0,0.0,0.0,0.0,0.0,1.0,0.0,0.0,1.0,0.0,0.0,0.0,0.0,0.0,0.0,2.0,11.0,1.0,0.0,0.0,16.0,5.0,2.0,8.0,23.0,29.0,26.0,0.0,0.0,0.0,0.0,0.0,0.0,0.0,0.0,7.0,0.0,0.0,6.0,0.0,0.0,0.0,0.0,0.0,0.0,2.0,22.0,1.0,0.0,0.0,25.0,7.0,3.0,11.0,32.0,47.0,34.0
1161,1.0,1161.0,London_291,dim5,151,453,1092.0,70.0,2.0,4530.0,0.008480940014123917,463.0,3.0,0.0,3.0,4.0,0.0,4.0,229.0,191.0,71.0,27.0,85.0,11.0,47.0,5.0,16.0,8.0,79.0,142.0,224.0,40.0,0.0,0.0,0.0,0.0,0.0,0.0,0.0,0.0,0.0,0.0,0.0,0.0,0.0,0.0,0.0,0.0,0.0,0.0,0.0,0.0,0.0,0.0,0.0,0.0,0.0,0.0,0.0,0.0,0.0,0.0,0.0,0.0,0.0,0.0,0.0,0.0,0.0,0.0,1.0,0.0,0.0,0.0,0.0,3.0,0.0,0.0,0.0,0.0,1.0,0.0,0.0,0.0,0.0,0.0,0.0,0.0,0.0,0.0,0.0,0.0,0.0,0.0,0.0,0.0,0.0,0.0,0.0,0.0,1.0,0.0,0.0,0.0,0.0,3.0,0.0,0.0,0.0,0.0,2.0,0.0
